#AlleleID,Type,Name,GeneID,GeneSymbol,HGNC_ID,ClinicalSignificance,ClinSigSimple,LastEvaluated,RS# (dbSNP),nsv/esv (dbVar),RCVaccession,PhenotypeIDS,PhenotypeList,Origin,OriginSimple,Assembly,ChromosomeAccession,Chromosome,Start,Stop,ReferenceAllele,AlternateAllele,Cytogenetic,ReviewStatus,NumberSubmitters,Guidelines,TestedInGTR,OtherIDs,SubmitterCategories,VariationID,PositionVCF,ReferenceAlleleVCF,AlternateAlleleVCF,SomaticClinicalImpact,SomaticClinicalImpactLastEvaluated,ReviewStatusClinicalImpact,Oncogenicity,OncogenicityLastEvaluated,ReviewStatusOncogenicity,SCVsForAggregateGermlineClassification,SCVsForAggregateSomaticClinicalImpact,SCVsForAggregateOncogenicityClassification
23704,single nucleotide variant,NM_000525.4(KCNJ11):c.440T>C (p.Leu147Pro),3767,KCNJ11,HGNC:6257,Conflicting classifications of pathogenicity,1,"Nov 06, 2024",28936678,-,RCV000009197|RCV002227020|RCV005089216|RCV005614368,"MONDO:MONDO:0011153,MedGen:C2931833,OMIM:601820,Orphanet:276580,Orphanet:276603|Human Phenotype Ontology:HP:0004904,MONDO:MONDO:0018911,MedGen:C0342276,OMIM:PS125850,Orphanet:552|MedGen:C3661900|MONDO:MONDO:0100164,MedGen:C1833104,OMIM:PS606176,Orphanet:99885","Hyperinsulinemic hypoglycemia, familial, 2|Maturity-onset diabetes of the young|not provided|Permanent neonatal diabetes mellitus",germline;paternal;somatic,germline/somatic,GRCh37,NC_000011.9,11,17409199,17409199,na,na,11p15.1,"criteria provided, conflicting classifications",5,-,N,"ClinGen:CA254515,OMIM:600937.0001",3,8665,17409199,A,G,-,-,-,-,-,-,SCV000292230|SCV002505948|SCV005835801,-,-
23704,single nucleotide variant,NM_000525.4(KCNJ11):c.440T>C (p.Leu147Pro),3767,KCNJ11,HGNC:6257,Conflicting classifications of pathogenicity,1,"Nov 06, 2024",28936678,-,RCV000009197|RCV002227020|RCV005089216|RCV005614368,"MONDO:MONDO:0011153,MedGen:C2931833,OMIM:601820,Orphanet:276580,Orphanet:276603|Human Phenotype Ontology:HP:0004904,MONDO:MONDO:0018911,MedGen:C0342276,OMIM:PS125850,Orphanet:552|MedGen:C3661900|MONDO:MONDO:0100164,MedGen:C1833104,OMIM:PS606176,Orphanet:99885","Hyperinsulinemic hypoglycemia, familial, 2|Maturity-onset diabetes of the young|not provided|Permanent neonatal diabetes mellitus",germline;paternal;somatic,germline/somatic,GRCh38,NC_000011.10,11,17387652,17387652,na,na,11p15.1,"criteria provided, conflicting classifications",5,-,N,"ClinGen:CA254515,OMIM:600937.0001",3,8665,17387652,A,G,-,-,-,-,-,-,SCV000292230|SCV002505948|SCV005835801,-,-
23705,single nucleotide variant,NM_000525.4(KCNJ11):c.602G>A (p.Arg201His),3767,KCNJ11,HGNC:6257,Pathogenic,1,"May 02, 2024",80356624,-,RCV000009198|RCV000009200|RCV000146114|RCV000712160|RCV001089463|RCV002227021|RCV002051777,"MONDO:MONDO:0100164,MedGen:C1833104,OMIM:PS606176,Orphanet:99885|MONDO:MONDO:0012522,MedGen:C1864623,OMIM:610582,Orphanet:99886|Human Phenotype Ontology:HP:0000857,MedGen:C3278636|MedGen:C3661900|MONDO:MONDO:0030087,MedGen:C5394296,OMIM:618856|Human Phenotype Ontology:HP:0000842,MONDO:MONDO:0002177,MedGen:C0020459|MONDO:MONDO:0016391,MedGen:C0158981,Orphanet:224","Permanent neonatal diabetes mellitus|Diabetes mellitus, transient neonatal, 3|Neonatal insulin-dependent diabetes mellitus|not provided|Diabetes mellitus, permanent neonatal 2|Hyperinsulinemia|Neonatal diabetes mellitus",germline;somatic;unknown,germline/somatic,GRCh37,NC_000011.9,11,17409037,17409037,na,na,11p15.1,"criteria provided, multiple submitters, no conflicts",11,-,N,"ClinGen:CA119821,OMIM:600937.0002",3,8666,17409037,C,T,-,-,-,-,-,-,SCV000193331|SCV000842585|SCV001468001|SCV002023214|SCV002228659|SCV002318398|SCV002504203|SCV004047817,-,-
23705,single nucleotide variant,NM_000525.4(KCNJ11):c.602G>A (p.Arg201His),3767,KCNJ11,HGNC:6257,Pathogenic,1,"May 02, 2024",80356624,-,RCV000009198|RCV000009200|RCV000146114|RCV000712160|RCV001089463|RCV002227021|RCV002051777,"MONDO:MONDO:0100164,MedGen:C1833104,OMIM:PS606176,Orphanet:99885|MONDO:MONDO:0012522,MedGen:C1864623,OMIM:610582,Orphanet:99886|Human Phenotype Ontology:HP:0000857,MedGen:C3278636|MedGen:C3661900|MONDO:MONDO:0030087,MedGen:C5394296,OMIM:618856|Human Phenotype Ontology:HP:0000842,MONDO:MONDO:0002177,MedGen:C0020459|MONDO:MONDO:0016391,MedGen:C0158981,Orphanet:224","Permanent neonatal diabetes mellitus|Diabetes mellitus, transient neonatal, 3|Neonatal insulin-dependent diabetes mellitus|not provided|Diabetes mellitus, permanent neonatal 2|Hyperinsulinemia|Neonatal diabetes mellitus",germline;somatic;unknown,germline/somatic,GRCh38,NC_000011.10,11,17387490,17387490,na,na,11p15.1,"criteria provided, multiple submitters, no conflicts",11,-,N,"ClinGen:CA119821,OMIM:600937.0002",3,8666,17387490,C,T,-,-,-,-,-,-,SCV000193331|SCV000842585|SCV001468001|SCV002023214|SCV002228659|SCV002318398|SCV002504203|SCV004047817,-,-
23706,single nucleotide variant,NM_000525.4(KCNJ11):c.175G>A (p.Val59Met),3767,KCNJ11,HGNC:6257,Pathogenic,1,"Feb 28, 2025",80356616,-,RCV000009201|RCV000030665|RCV000146104|RCV000724752|RCV002227022|RCV002051778|RCV005867735,"MONDO:MONDO:0030087,MedGen:C5394296,OMIM:618856|MONDO:MONDO:0100164,MedGen:C1833104,OMIM:PS606176,Orphanet:99885|Human Phenotype Ontology:HP:0000857,MedGen:C3278636|MedGen:C3661900|Human Phenotype Ontology:HP:0008255,MONDO:MONDO:0020525,MedGen:C0342273|MONDO:MONDO:0016391,MedGen:C0158981,Orphanet:224|","Diabetes mellitus, permanent neonatal 2|Permanent neonatal diabetes mellitus|Neonatal insulin-dependent diabetes mellitus|not provided|Transitory neonatal diabetes mellitus|Neonatal diabetes mellitus|KCNJ11-related disorder",germline;somatic;unknown,germline/somatic,GRCh37,NC_000011.9,11,17409464,17409464,na,na,11p15.1,"criteria provided, multiple submitters, no conflicts",9,-,N,"ClinGen:CA119823,OMIM:600937.0003",3,8667,17409464,C,T,-,-,-,-,-,-,SCV000193321|SCV000224241|SCV002243636|SCV002318393|SCV004036933|SCV006582160,-,-
23706,single nucleotide variant,NM_000525.4(KCNJ11):c.175G>A (p.Val59Met),3767,KCNJ11,HGNC:6257,Pathogenic,1,"Feb 28, 2025",80356616,-,RCV000009201|RCV000030665|RCV000146104|RCV000724752|RCV002227022|RCV002051778|RCV005867735,"MONDO:MONDO:0030087,MedGen:C5394296,OMIM:618856|MONDO:MONDO:0100164,MedGen:C1833104,OMIM:PS606176,Orphanet:99885|Human Phenotype Ontology:HP:0000857,MedGen:C3278636|MedGen:C3661900|Human Phenotype Ontology:HP:0008255,MONDO:MONDO:0020525,MedGen:C0342273|MONDO:MONDO:0016391,MedGen:C0158981,Orphanet:224|","Diabetes mellitus, permanent neonatal 2|Permanent neonatal diabetes mellitus|Neonatal insulin-dependent diabetes mellitus|not provided|Transitory neonatal diabetes mellitus|Neonatal diabetes mellitus|KCNJ11-related disorder",germline;somatic;unknown,germline/somatic,GRCh38,NC_000011.10,11,17387917,17387917,na,na,11p15.1,"criteria provided, multiple submitters, no conflicts",9,-,N,"ClinGen:CA119823,OMIM:600937.0003",3,8667,17387917,C,T,-,-,-,-,-,-,SCV000193321|SCV000224241|SCV002243636|SCV002318393|SCV004036933|SCV006582160,-,-
23707,single nucleotide variant,NM_000525.4(KCNJ11):c.601C>T (p.Arg201Cys),3767,KCNJ11,HGNC:6257,Pathogenic,1,"Dec 10, 2024",80356625,-,RCV000009202|RCV000146113|RCV001089465|RCV001530196|RCV001851755|RCV002227024|RCV002227023|RCV002051779|RCV005051732,"MONDO:MONDO:0100164,MedGen:C1833104,OMIM:PS606176,Orphanet:99885|Human Phenotype Ontology:HP:0000819,Human Phenotype Ontology:HP:0004908,Human Phenotype Ontology:HP:0008217,Human Phenotype Ontology:HP:0008234,Human Phenotype Ontology:HP:0008260,MONDO:MONDO:0005015,MedGen:C0011849|MONDO:MONDO:0030087,MedGen:C5394296,OMIM:618856|MONDO:MONDO:0012522,MedGen:C1864623,OMIM:610582,Orphanet:99886|MedGen:C3661900|Human Phenotype Ontology:HP:0008255,MONDO:MONDO:0020525,MedGen:C0342273|Human Phenotype Ontology:HP:0004904,MONDO:MONDO:0018911,MedGen:C0342276,OMIM:PS125850,Orphanet:552|MONDO:MONDO:0016391,MedGen:C0158981,Orphanet:224|MONDO:MONDO:0012522,MedGen:C1864623,OMIM:610582,Orphanet:99886;MONDO:MONDO:0030087,MedGen:C5394296,OMIM:618856","Permanent neonatal diabetes mellitus|Diabetes mellitus|Diabetes mellitus, permanent neonatal 2|Diabetes mellitus, transient neonatal, 3|not provided|Transitory neonatal diabetes mellitus|Maturity-onset diabetes of the young|Neonatal diabetes mellitus|Diabetes mellitus, transient neonatal, 3;Diabetes mellitus, permanent neonatal 2",de novo;germline;somatic;unknown,germline/somatic,GRCh37,NC_000011.9,11,17409038,17409038,na,na,11p15.1,"criteria provided, multiple submitters, no conflicts",10,-,N,"ClinGen:CA119825,OMIM:600937.0004",3,8668,17409038,G,A,-,-,-,-,-,-,SCV000193330|SCV001739488|SCV002247434|SCV002318396|SCV005685325|SCV006059852|SCV006088087,-,-
23707,single nucleotide variant,NM_000525.4(KCNJ11):c.601C>T (p.Arg201Cys),3767,KCNJ11,HGNC:6257,Pathogenic,1,"Dec 10, 2024",80356625,-,RCV000009202|RCV000146113|RCV001089465|RCV001530196|RCV001851755|RCV002227024|RCV002227023|RCV002051779|RCV005051732,"MONDO:MONDO:0100164,MedGen:C1833104,OMIM:PS606176,Orphanet:99885|Human Phenotype Ontology:HP:0000819,Human Phenotype Ontology:HP:0004908,Human Phenotype Ontology:HP:0008217,Human Phenotype Ontology:HP:0008234,Human Phenotype Ontology:HP:0008260,MONDO:MONDO:0005015,MedGen:C0011849|MONDO:MONDO:0030087,MedGen:C5394296,OMIM:618856|MONDO:MONDO:0012522,MedGen:C1864623,OMIM:610582,Orphanet:99886|MedGen:C3661900|Human Phenotype Ontology:HP:0008255,MONDO:MONDO:0020525,MedGen:C0342273|Human Phenotype Ontology:HP:0004904,MONDO:MONDO:0018911,MedGen:C0342276,OMIM:PS125850,Orphanet:552|MONDO:MONDO:0016391,MedGen:C0158981,Orphanet:224|MONDO:MONDO:0012522,MedGen:C1864623,OMIM:610582,Orphanet:99886;MONDO:MONDO:0030087,MedGen:C5394296,OMIM:618856","Permanent neonatal diabetes mellitus|Diabetes mellitus|Diabetes mellitus, permanent neonatal 2|Diabetes mellitus, transient neonatal, 3|not provided|Transitory neonatal diabetes mellitus|Maturity-onset diabetes of the young|Neonatal diabetes mellitus|Diabetes mellitus, transient neonatal, 3;Diabetes mellitus, permanent neonatal 2",de novo;germline;somatic;unknown,germline/somatic,GRCh38,NC_000011.10,11,17387491,17387491,na,na,11p15.1,"criteria provided, multiple submitters, no conflicts",10,-,N,"ClinGen:CA119825,OMIM:600937.0004",3,8668,17387491,G,A,-,-,-,-,-,-,SCV000193330|SCV001739488|SCV002247434|SCV002318396|SCV005685325|SCV006059852|SCV006088087,-,-
23708,single nucleotide variant,NM_000525.4(KCNJ11):c.176T>G (p.Val59Gly),3767,KCNJ11,HGNC:6257,Likely benign,1,-,80356617,-,RCV000009204|RCV000020350|RCV002227025,"MONDO:MONDO:0030087,MedGen:C5394296,OMIM:618856|MONDO:MONDO:0100164,MedGen:C1833104,OMIM:PS606176,Orphanet:99885|Human Phenotype Ontology:HP:0008255,MONDO:MONDO:0020525,MedGen:C0342273","Diabetes mellitus, permanent neonatal 2|Permanent neonatal diabetes mellitus|Transitory neonatal diabetes mellitus",germline;somatic;unknown,germline/somatic,GRCh37,NC_000011.9,11,17409463,17409463,na,na,11p15.1,"criteria provided, single submitter",3,-,N,"ClinGen:CA119827,OMIM:600937.0005",3,8669,17409463,A,C,-,-,-,-,-,-,SCV002505958,-,-
23708,single nucleotide variant,NM_000525.4(KCNJ11):c.176T>G (p.Val59Gly),3767,KCNJ11,HGNC:6257,Likely benign,1,-,80356617,-,RCV000009204|RCV000020350|RCV002227025,"MONDO:MONDO:0030087,MedGen:C5394296,OMIM:618856|MONDO:MONDO:0100164,MedGen:C1833104,OMIM:PS606176,Orphanet:99885|Human Phenotype Ontology:HP:0008255,MONDO:MONDO:0020525,MedGen:C0342273","Diabetes mellitus, permanent neonatal 2|Permanent neonatal diabetes mellitus|Transitory neonatal diabetes mellitus",germline;somatic;unknown,germline/somatic,GRCh38,NC_000011.10,11,17387916,17387916,na,na,11p15.1,"criteria provided, single submitter",3,-,N,"ClinGen:CA119827,OMIM:600937.0005",3,8669,17387916,A,C,-,-,-,-,-,-,SCV002505958,-,-
23709,single nucleotide variant,NM_000525.4(KCNJ11):c.149G>C (p.Arg50Pro),3767,KCNJ11,HGNC:6257,Pathogenic,1,-,80356611,-,RCV000009205|RCV001089464|RCV003335022,"MONDO:MONDO:0100164,MedGen:C1833104,OMIM:PS606176,Orphanet:99885|MONDO:MONDO:0030087,MedGen:C5394296,OMIM:618856|","Permanent neonatal diabetes mellitus|Diabetes mellitus, permanent neonatal 2|KCNJ11-related disorder",germline;unknown,germline,GRCh37,NC_000011.9,11,17409490,17409490,na,na,11p15.1,"criteria provided, single submitter",3,-,N,"ClinGen:CA340803,OMIM:600937.0006",3,8670,17409490,C,G,-,-,-,-,-,-,SCV004046089,-,-
23709,single nucleotide variant,NM_000525.4(KCNJ11):c.149G>C (p.Arg50Pro),3767,KCNJ11,HGNC:6257,Pathogenic,1,-,80356611,-,RCV000009205|RCV001089464|RCV003335022,"MONDO:MONDO:0100164,MedGen:C1833104,OMIM:PS606176,Orphanet:99885|MONDO:MONDO:0030087,MedGen:C5394296,OMIM:618856|","Permanent neonatal diabetes mellitus|Diabetes mellitus, permanent neonatal 2|KCNJ11-related disorder",germline;unknown,germline,GRCh38,NC_000011.10,11,17387943,17387943,na,na,11p15.1,"criteria provided, single submitter",3,-,N,"ClinGen:CA340803,OMIM:600937.0006",3,8670,17387943,C,G,-,-,-,-,-,-,SCV004046089,-,-
23710,single nucleotide variant,NM_000525.4(KCNJ11):c.509A>G (p.Lys170Arg),3767,KCNJ11,HGNC:6257,Likely risk allele,1,-,80356621,-,RCV000009206|RCV001089466|RCV002227026,"MONDO:MONDO:0100164,MedGen:C1833104,OMIM:PS606176,Orphanet:99885|MONDO:MONDO:0030087,MedGen:C5394296,OMIM:618856|Human Phenotype Ontology:HP:0004904,MONDO:MONDO:0018911,MedGen:C0342276,OMIM:PS125850,Orphanet:552","Permanent neonatal diabetes mellitus|Diabetes mellitus, permanent neonatal 2|Maturity-onset diabetes of the young",germline;somatic;unknown,germline/somatic,GRCh37,NC_000011.9,11,17409130,17409130,na,na,11p15.1,"criteria provided, single submitter",3,-,N,"ClinGen:CA340805,OMIM:600937.0007",3,8671,17409130,T,C,-,-,-,-,-,-,SCV002505946,-,-
23710,single nucleotide variant,NM_000525.4(KCNJ11):c.509A>G (p.Lys170Arg),3767,KCNJ11,HGNC:6257,Likely risk allele,1,-,80356621,-,RCV000009206|RCV001089466|RCV002227026,"MONDO:MONDO:0100164,MedGen:C1833104,OMIM:PS606176,Orphanet:99885|MONDO:MONDO:0030087,MedGen:C5394296,OMIM:618856|Human Phenotype Ontology:HP:0004904,MONDO:MONDO:0018911,MedGen:C0342276,OMIM:PS125850,Orphanet:552","Permanent neonatal diabetes mellitus|Diabetes mellitus, permanent neonatal 2|Maturity-onset diabetes of the young",germline;somatic;unknown,germline/somatic,GRCh38,NC_000011.10,11,17387583,17387583,na,na,11p15.1,"criteria provided, single submitter",3,-,N,"ClinGen:CA340805,OMIM:600937.0007",3,8671,17387583,T,C,-,-,-,-,-,-,SCV002505946,-,-
23711,single nucleotide variant,NM_000525.4(KCNJ11):c.510G>C (p.Lys170Asn),3767,KCNJ11,HGNC:6257,Conflicting classifications of pathogenicity,1,-,80356622,-,RCV000009207|RCV001089467|RCV002051780|RCV002227027,"MONDO:MONDO:0100164,MedGen:C1833104,OMIM:PS606176,Orphanet:99885|MONDO:MONDO:0030087,MedGen:C5394296,OMIM:618856|MONDO:MONDO:0016391,MedGen:C0158981,Orphanet:224|Human Phenotype Ontology:HP:0004904,MONDO:MONDO:0018911,MedGen:C0342276,OMIM:PS125850,Orphanet:552","Permanent neonatal diabetes mellitus|Diabetes mellitus, permanent neonatal 2|Neonatal diabetes mellitus|Maturity-onset diabetes of the young",germline;somatic;unknown,germline/somatic,GRCh37,NC_000011.9,11,17409129,17409129,na,na,11p15.1,"criteria provided, conflicting classifications",4,-,N,"ClinGen:CA340807,OMIM:600937.0008",3,8672,17409129,C,G,-,-,-,-,-,-,SCV002318395|SCV002506467,-,-
23711,single nucleotide variant,NM_000525.4(KCNJ11):c.510G>C (p.Lys170Asn),3767,KCNJ11,HGNC:6257,Conflicting classifications of pathogenicity,1,-,80356622,-,RCV000009207|RCV001089467|RCV002051780|RCV002227027,"MONDO:MONDO:0100164,MedGen:C1833104,OMIM:PS606176,Orphanet:99885|MONDO:MONDO:0030087,MedGen:C5394296,OMIM:618856|MONDO:MONDO:0016391,MedGen:C0158981,Orphanet:224|Human Phenotype Ontology:HP:0004904,MONDO:MONDO:0018911,MedGen:C0342276,OMIM:PS125850,Orphanet:552","Permanent neonatal diabetes mellitus|Diabetes mellitus, permanent neonatal 2|Neonatal diabetes mellitus|Maturity-onset diabetes of the young",germline;somatic;unknown,germline/somatic,GRCh38,NC_000011.10,11,17387582,17387582,na,na,11p15.1,"criteria provided, conflicting classifications",4,-,N,"ClinGen:CA340807,OMIM:600937.0008",3,8672,17387582,C,G,-,-,-,-,-,-,SCV002318395|SCV002506467,-,-
23712,single nucleotide variant,NM_000525.4(KCNJ11):c.36C>A (p.Tyr12Ter),3767,KCNJ11,HGNC:6257,Conflicting classifications of pathogenicity,1,"Mar 23, 2021",104894236,-,RCV000009208|RCV001851756|RCV002227028,"MONDO:MONDO:0011153,MedGen:C2931833,OMIM:601820,Orphanet:276580,Orphanet:276603|MedGen:C3661900|Human Phenotype Ontology:HP:0004904,MONDO:MONDO:0018911,MedGen:C0342276,OMIM:PS125850,Orphanet:552","Hyperinsulinemic hypoglycemia, familial, 2|not provided|Maturity-onset diabetes of the young",germline;somatic,germline/somatic,GRCh37,NC_000011.9,11,17409603,17409603,na,na,11p15.1,"criteria provided, conflicting classifications",3,-,N,"ClinGen:CA254517,OMIM:600937.0009",3,8673,17409603,G,T,-,-,-,-,-,-,SCV002179736|SCV002505941,-,-
23712,single nucleotide variant,NM_000525.4(KCNJ11):c.36C>A (p.Tyr12Ter),3767,KCNJ11,HGNC:6257,Conflicting classifications of pathogenicity,1,"Mar 23, 2021",104894236,-,RCV000009208|RCV001851756|RCV002227028,"MONDO:MONDO:0011153,MedGen:C2931833,OMIM:601820,Orphanet:276580,Orphanet:276603|MedGen:C3661900|Human Phenotype Ontology:HP:0004904,MONDO:MONDO:0018911,MedGen:C0342276,OMIM:PS125850,Orphanet:552","Hyperinsulinemic hypoglycemia, familial, 2|not provided|Maturity-onset diabetes of the young",germline;somatic,germline/somatic,GRCh38,NC_000011.10,11,17388056,17388056,na,na,11p15.1,"criteria provided, conflicting classifications",3,-,N,"ClinGen:CA254517,OMIM:600937.0009",3,8673,17388056,G,T,-,-,-,-,-,-,SCV002179736|SCV002505941,-,-
23713,single nucleotide variant,NM_000525.4(KCNJ11):c.-134G>T,3767,KCNJ11,HGNC:6257,Uncertain significance,1,"Oct 28, 2024",387906398,-,RCV000009209|RCV002226639|RCV002512936|RCV004799736,"MONDO:MONDO:0011153,MedGen:C2931833,OMIM:601820,Orphanet:276580,Orphanet:276603|Human Phenotype Ontology:HP:0004904,MONDO:MONDO:0018911,MedGen:C0342276,OMIM:PS125850,Orphanet:552|MedGen:C3661900|MedGen:CN169374","Hyperinsulinemic hypoglycemia, familial, 2|Maturity-onset diabetes of the young|not provided|not specified",germline;somatic,germline/somatic,GRCh37,NC_000011.9,11,17409772,17409772,na,na,11p15.1,"criteria provided, multiple submitters, no conflicts",4,-,N,"ClinGen:CA254519,OMIM:600937.0010",3,8674,17409772,C,A,-,-,-,-,-,-,SCV002505432|SCV003513807|SCV005421973,-,-
23713,single nucleotide variant,NM_000525.4(KCNJ11):c.-134G>T,3767,KCNJ11,HGNC:6257,Uncertain significance,1,"Oct 28, 2024",387906398,-,RCV000009209|RCV002226639|RCV002512936|RCV004799736,"MONDO:MONDO:0011153,MedGen:C2931833,OMIM:601820,Orphanet:276580,Orphanet:276603|Human Phenotype Ontology:HP:0004904,MONDO:MONDO:0018911,MedGen:C0342276,OMIM:PS125850,Orphanet:552|MedGen:C3661900|MedGen:CN169374","Hyperinsulinemic hypoglycemia, familial, 2|Maturity-onset diabetes of the young|not provided|not specified",germline;somatic,germline/somatic,GRCh38,NC_000011.10,11,17388225,17388225,na,na,11p15.1,"criteria provided, multiple submitters, no conflicts",4,-,N,"ClinGen:CA254519,OMIM:600937.0010",3,8674,17388225,C,A,-,-,-,-,-,-,SCV002505432|SCV003513807|SCV005421973,-,-
23714,single nucleotide variant,NM_000525.4(KCNJ11):c.761C>T (p.Pro254Leu),3767,KCNJ11,HGNC:6257,Likely pathogenic,1,"Jun 18, 2025",104894237,-,RCV000009210|RCV002226640|RCV002512937|RCV003466840,"MONDO:MONDO:0011153,MedGen:C2931833,OMIM:601820,Orphanet:276580,Orphanet:276603|Human Phenotype Ontology:HP:0004904,MONDO:MONDO:0018911,MedGen:C0342276,OMIM:PS125850,Orphanet:552|MedGen:C3661900|Human Phenotype Ontology:HP:0005965,Human Phenotype Ontology:HP:0005978,Human Phenotype Ontology:HP:0100652,MONDO:MONDO:0005148,MeSH:D003924,MedGen:C0011860,OMIM:125853","Hyperinsulinemic hypoglycemia, familial, 2|Maturity-onset diabetes of the young|not provided|Type 2 diabetes mellitus",germline;somatic;unknown,germline/somatic,GRCh37,NC_000011.9,11,17408878,17408878,na,na,11p15.1,"criteria provided, multiple submitters, no conflicts",5,-,N,"ClinGen:CA254520,OMIM:600937.0011",3,8675,17408878,G,A,-,-,-,-,-,-,SCV003439573|SCV004198051|SCV006323096,-,-
23714,single nucleotide variant,NM_000525.4(KCNJ11):c.761C>T (p.Pro254Leu),3767,KCNJ11,HGNC:6257,Likely pathogenic,1,"Jun 18, 2025",104894237,-,RCV000009210|RCV002226640|RCV002512937|RCV003466840,"MONDO:MONDO:0011153,MedGen:C2931833,OMIM:601820,Orphanet:276580,Orphanet:276603|Human Phenotype Ontology:HP:0004904,MONDO:MONDO:0018911,MedGen:C0342276,OMIM:PS125850,Orphanet:552|MedGen:C3661900|Human Phenotype Ontology:HP:0005965,Human Phenotype Ontology:HP:0005978,Human Phenotype Ontology:HP:0100652,MONDO:MONDO:0005148,MeSH:D003924,MedGen:C0011860,OMIM:125853","Hyperinsulinemic hypoglycemia, familial, 2|Maturity-onset diabetes of the young|not provided|Type 2 diabetes mellitus",germline;somatic;unknown,germline/somatic,GRCh38,NC_000011.10,11,17387331,17387331,na,na,11p15.1,"criteria provided, multiple submitters, no conflicts",5,-,N,"ClinGen:CA254520,OMIM:600937.0011",3,8675,17387331,G,A,-,-,-,-,-,-,SCV003439573|SCV004198051|SCV006323096,-,-
23715,single nucleotide variant,NM_000525.4(KCNJ11):c.124T>C (p.Cys42Arg),3767,KCNJ11,HGNC:6257,Conflicting classifications of pathogenicity,1,"Mar 12, 2021",80356610,-,RCV000009211|RCV000020347|RCV000170298|RCV001851757|RCV002226641,"MONDO:MONDO:0012522,MedGen:C1864623,OMIM:610582,Orphanet:99886|MONDO:MONDO:0100164,MedGen:C1833104,OMIM:PS606176,Orphanet:99885|MONDO:MONDO:0014589,MedGen:C4225365,OMIM:616329,Orphanet:552|MedGen:C3661900|Human Phenotype Ontology:HP:0004904,MONDO:MONDO:0018911,MedGen:C0342276,OMIM:PS125850,Orphanet:552","Diabetes mellitus, transient neonatal, 3|Permanent neonatal diabetes mellitus|Maturity-onset diabetes of the young type 13|not provided|Maturity-onset diabetes of the young",germline;somatic;unknown,germline/somatic,GRCh37,NC_000011.9,11,17409515,17409515,na,na,11p15.1,"criteria provided, conflicting classifications",4,-,N,"ClinGen:CA119829,OMIM:600937.0012",3,8676,17409515,A,G,-,-,-,-,-,-,SCV002235557|SCV002505434,-,-
23715,single nucleotide variant,NM_000525.4(KCNJ11):c.124T>C (p.Cys42Arg),3767,KCNJ11,HGNC:6257,Conflicting classifications of pathogenicity,1,"Mar 12, 2021",80356610,-,RCV000009211|RCV000020347|RCV000170298|RCV001851757|RCV002226641,"MONDO:MONDO:0012522,MedGen:C1864623,OMIM:610582,Orphanet:99886|MONDO:MONDO:0100164,MedGen:C1833104,OMIM:PS606176,Orphanet:99885|MONDO:MONDO:0014589,MedGen:C4225365,OMIM:616329,Orphanet:552|MedGen:C3661900|Human Phenotype Ontology:HP:0004904,MONDO:MONDO:0018911,MedGen:C0342276,OMIM:PS125850,Orphanet:552","Diabetes mellitus, transient neonatal, 3|Permanent neonatal diabetes mellitus|Maturity-onset diabetes of the young type 13|not provided|Maturity-onset diabetes of the young",germline;somatic;unknown,germline/somatic,GRCh38,NC_000011.10,11,17387968,17387968,na,na,11p15.1,"criteria provided, conflicting classifications",4,-,N,"ClinGen:CA119829,OMIM:600937.0012",3,8676,17387968,A,G,-,-,-,-,-,-,SCV002235557|SCV002505434,-,-
23716,single nucleotide variant,NM_000525.4(KCNJ11):c.776A>G (p.His259Arg),3767,KCNJ11,HGNC:6257,Conflicting classifications of pathogenicity,1,"Oct 16, 2024",104894248,-,RCV000009213|RCV000992253|RCV002247279|RCV002226642|RCV004734505|RCV005049325,"MONDO:MONDO:0011153,MedGen:C2931833,OMIM:601820,Orphanet:276580,Orphanet:276603|MedGen:C3661900|Human Phenotype Ontology:HP:0005965,Human Phenotype Ontology:HP:0005978,Human Phenotype Ontology:HP:0100652,MONDO:MONDO:0005148,MeSH:D003924,MedGen:C0011860,OMIM:125853|Human Phenotype Ontology:HP:0004904,MONDO:MONDO:0018911,MedGen:C0342276,OMIM:PS125850,Orphanet:552||MONDO:MONDO:0030087,MedGen:C5394296,OMIM:618856;MONDO:MONDO:0014589,MedGen:C4225365,OMIM:616329,Orphanet:552;MONDO:MONDO:0012522,MedGen:C1864623,OMIM:610582,Orphanet:99886;Human Phenotype Ontology:HP:0005965,Human Phenotype Ontology:HP:0005978,Human Phenotype Ontology:HP:0100652,MONDO:MONDO:0005148,MeSH:D003924,MedGen:C0011860,OMIM:125853;MONDO:MONDO:0011153,MedGen:C2931833,OMIM:601820,Orphanet:276580,Orphanet:276603","Hyperinsulinemic hypoglycemia, familial, 2|not provided|Type 2 diabetes mellitus|Maturity-onset diabetes of the young|KCNJ11-related disorder|Diabetes mellitus, permanent neonatal 2;Maturity-onset diabetes of the young type 13;Diabetes mellitus, transient neonatal, 3;Type 2 diabetes mellitus;Hyperinsulinemic hypoglycemia, familial, 2",germline;somatic;unknown,germline/somatic,GRCh37,NC_000011.9,11,17408863,17408863,na,na,11p15.1,"criteria provided, conflicting classifications",9,-,N,"ClinGen:CA254522,OMIM:600937.0013",3,8677,17408863,T,C,-,-,-,-,-,-,SCV001144383|SCV001810482|SCV002505435|SCV002516597|SCV004198055|SCV005676611|SCV005835248,-,-
23716,single nucleotide variant,NM_000525.4(KCNJ11):c.776A>G (p.His259Arg),3767,KCNJ11,HGNC:6257,Conflicting classifications of pathogenicity,1,"Oct 16, 2024",104894248,-,RCV000009213|RCV000992253|RCV002247279|RCV002226642|RCV004734505|RCV005049325,"MONDO:MONDO:0011153,MedGen:C2931833,OMIM:601820,Orphanet:276580,Orphanet:276603|MedGen:C3661900|Human Phenotype Ontology:HP:0005965,Human Phenotype Ontology:HP:0005978,Human Phenotype Ontology:HP:0100652,MONDO:MONDO:0005148,MeSH:D003924,MedGen:C0011860,OMIM:125853|Human Phenotype Ontology:HP:0004904,MONDO:MONDO:0018911,MedGen:C0342276,OMIM:PS125850,Orphanet:552||MONDO:MONDO:0030087,MedGen:C5394296,OMIM:618856;MONDO:MONDO:0014589,MedGen:C4225365,OMIM:616329,Orphanet:552;MONDO:MONDO:0012522,MedGen:C1864623,OMIM:610582,Orphanet:99886;Human Phenotype Ontology:HP:0005965,Human Phenotype Ontology:HP:0005978,Human Phenotype Ontology:HP:0100652,MONDO:MONDO:0005148,MeSH:D003924,MedGen:C0011860,OMIM:125853;MONDO:MONDO:0011153,MedGen:C2931833,OMIM:601820,Orphanet:276580,Orphanet:276603","Hyperinsulinemic hypoglycemia, familial, 2|not provided|Type 2 diabetes mellitus|Maturity-onset diabetes of the young|KCNJ11-related disorder|Diabetes mellitus, permanent neonatal 2;Maturity-onset diabetes of the young type 13;Diabetes mellitus, transient neonatal, 3;Type 2 diabetes mellitus;Hyperinsulinemic hypoglycemia, familial, 2",germline;somatic;unknown,germline/somatic,GRCh38,NC_000011.10,11,17387316,17387316,na,na,11p15.1,"criteria provided, conflicting classifications",9,-,N,"ClinGen:CA254522,OMIM:600937.0013",3,8677,17387316,T,C,-,-,-,-,-,-,SCV001144383|SCV001810482|SCV002505435|SCV002516597|SCV004198055|SCV005676611|SCV005835248,-,-
23717,single nucleotide variant,NM_000525.4(KCNJ11):c.67A>G (p.Lys23Glu),3767,KCNJ11,HGNC:6257,Benign/Likely benign,0,"Feb 04, 2026",5219,-,RCV000009214|RCV000020356|RCV000146116|RCV000576501|RCV001093985|RCV001105584|RCV001512207|RCV002226643|RCV004734506,"MedGen:C3837967|MONDO:MONDO:0100164,MedGen:C1833104,OMIM:PS606176,Orphanet:99885|MedGen:CN169374|MONDO:MONDO:0011153,MedGen:C2931833,OMIM:601820,Orphanet:276580,Orphanet:276603|MONDO:MONDO:0012522,MedGen:C1864623,OMIM:610582,Orphanet:99886|MONDO:MONDO:0014589,MedGen:C4225365,OMIM:616329,Orphanet:552|MedGen:C3661900|Human Phenotype Ontology:HP:0005965,Human Phenotype Ontology:HP:0005978,Human Phenotype Ontology:HP:0100652,MONDO:MONDO:0005148,MeSH:D003924,MedGen:C0011860,OMIM:125853|","Diabetes mellitus type 2, susceptibility to|Permanent neonatal diabetes mellitus|not specified|Hyperinsulinemic hypoglycemia, familial, 2|Diabetes mellitus, transient neonatal, 3|Maturity-onset diabetes of the young type 13|not provided|Type 2 diabetes mellitus|KCNJ11-related disorder",germline;somatic;unknown,germline/somatic,GRCh37,NC_000011.9,11,17409572,17409572,na,na,11p15.1,"criteria provided, multiple submitters, no conflicts",13,-,N,"ClinGen:CA119831,OMIM:600937.0014",3,8678,17409572,T,C,-,-,-,-,-,-,SCV000193333|SCV000224239|SCV000483234|SCV000483235|SCV000677330|SCV001262568|SCV001719579|SCV001852181|SCV002505643|SCV005221359|SCV007308859,-,-
23717,single nucleotide variant,NM_000525.4(KCNJ11):c.67A>G (p.Lys23Glu),3767,KCNJ11,HGNC:6257,Benign/Likely benign,0,"Feb 04, 2026",5219,-,RCV000009214|RCV000020356|RCV000146116|RCV000576501|RCV001093985|RCV001105584|RCV001512207|RCV002226643|RCV004734506,"MedGen:C3837967|MONDO:MONDO:0100164,MedGen:C1833104,OMIM:PS606176,Orphanet:99885|MedGen:CN169374|MONDO:MONDO:0011153,MedGen:C2931833,OMIM:601820,Orphanet:276580,Orphanet:276603|MONDO:MONDO:0012522,MedGen:C1864623,OMIM:610582,Orphanet:99886|MONDO:MONDO:0014589,MedGen:C4225365,OMIM:616329,Orphanet:552|MedGen:C3661900|Human Phenotype Ontology:HP:0005965,Human Phenotype Ontology:HP:0005978,Human Phenotype Ontology:HP:0100652,MONDO:MONDO:0005148,MeSH:D003924,MedGen:C0011860,OMIM:125853|","Diabetes mellitus type 2, susceptibility to|Permanent neonatal diabetes mellitus|not specified|Hyperinsulinemic hypoglycemia, familial, 2|Diabetes mellitus, transient neonatal, 3|Maturity-onset diabetes of the young type 13|not provided|Type 2 diabetes mellitus|KCNJ11-related disorder",germline;somatic;unknown,germline/somatic,GRCh38,NC_000011.10,11,17388025,17388025,na,na,11p15.1,"criteria provided, multiple submitters, no conflicts",13,-,N,"ClinGen:CA119831,OMIM:600937.0014",3,8678,17388025,T,C,-,-,-,-,-,-,SCV000193333|SCV000224239|SCV000483234|SCV000483235|SCV000677330|SCV001262568|SCV001719579|SCV001852181|SCV002505643|SCV005221359|SCV007308859,-,-
23718,single nucleotide variant,NM_000525.4(KCNJ11):c.497G>T (p.Cys166Phe),3767,KCNJ11,HGNC:6257,drug response,1,-,80356618,-,RCV000009216|RCV000020352|RCV002247280,"MONDO:MONDO:0030087,MedGen:C5394296,OMIM:618856|MONDO:MONDO:0100164,MedGen:C1833104,OMIM:PS606176,Orphanet:99885|MedGen:CN437679","Diabetes mellitus, permanent neonatal 2|Permanent neonatal diabetes mellitus|Glibenclamide response",germline;somatic;unknown,germline/somatic,GRCh37,NC_000011.9,11,17409142,17409142,na,na,11p15.1,"criteria provided, single submitter",3,-,N,"OMIM:600937.0015,ClinGen:CA119833",3,8679,17409142,C,A,-,-,-,-,-,-,SCV002512141,-,-
23718,single nucleotide variant,NM_000525.4(KCNJ11):c.497G>T (p.Cys166Phe),3767,KCNJ11,HGNC:6257,drug response,1,-,80356618,-,RCV000009216|RCV000020352|RCV002247280,"MONDO:MONDO:0030087,MedGen:C5394296,OMIM:618856|MONDO:MONDO:0100164,MedGen:C1833104,OMIM:PS606176,Orphanet:99885|MedGen:CN437679","Diabetes mellitus, permanent neonatal 2|Permanent neonatal diabetes mellitus|Glibenclamide response",germline;somatic;unknown,germline/somatic,GRCh38,NC_000011.10,11,17387595,17387595,na,na,11p15.1,"criteria provided, single submitter",3,-,N,"OMIM:600937.0015,ClinGen:CA119833",3,8679,17387595,C,A,-,-,-,-,-,-,SCV002512141,-,-
23719,single nucleotide variant,NM_000525.4(KCNJ11):c.499A>C (p.Ile167Leu),3767,KCNJ11,HGNC:6257,Benign,1,-,80356620,-,RCV000009217|RCV000020353|RCV002227029,"MONDO:MONDO:0030087,MedGen:C5394296,OMIM:618856|MONDO:MONDO:0100164,MedGen:C1833104,OMIM:PS606176,Orphanet:99885|Human Phenotype Ontology:HP:0004904,MONDO:MONDO:0018911,MedGen:C0342276,OMIM:PS125850,Orphanet:552","Diabetes mellitus, permanent neonatal 2|Permanent neonatal diabetes mellitus|Maturity-onset diabetes of the young",germline;somatic;unknown,germline/somatic,GRCh37,NC_000011.9,11,17409140,17409140,na,na,11p15.1,"criteria provided, single submitter",3,-,N,"ClinGen:CA119835,OMIM:600937.0016",3,8680,17409140,T,G,-,-,-,-,-,-,SCV002505945,-,-
23719,single nucleotide variant,NM_000525.4(KCNJ11):c.499A>C (p.Ile167Leu),3767,KCNJ11,HGNC:6257,Benign,1,-,80356620,-,RCV000009217|RCV000020353|RCV002227029,"MONDO:MONDO:0030087,MedGen:C5394296,OMIM:618856|MONDO:MONDO:0100164,MedGen:C1833104,OMIM:PS606176,Orphanet:99885|Human Phenotype Ontology:HP:0004904,MONDO:MONDO:0018911,MedGen:C0342276,OMIM:PS125850,Orphanet:552","Diabetes mellitus, permanent neonatal 2|Permanent neonatal diabetes mellitus|Maturity-onset diabetes of the young",germline;somatic;unknown,germline/somatic,GRCh38,NC_000011.10,11,17387593,17387593,na,na,11p15.1,"criteria provided, single submitter",3,-,N,"ClinGen:CA119835,OMIM:600937.0016",3,8680,17387593,T,G,-,-,-,-,-,-,SCV002505945,-,-
23720,single nucleotide variant,NM_000525.4(KCNJ11):c.157G>A (p.Gly53Ser),3767,KCNJ11,HGNC:6257,Conflicting classifications of pathogenicity,1,-,80356613,-,RCV000009218|RCV002250455|RCV002250456|RCV002226644,"MONDO:MONDO:0012522,MedGen:C1864623,OMIM:610582,Orphanet:99886|Human Phenotype Ontology:HP:0005965,Human Phenotype Ontology:HP:0005978,Human Phenotype Ontology:HP:0100652,MONDO:MONDO:0005148,MeSH:D003924,MedGen:C0011860,OMIM:125853|Human Phenotype Ontology:HP:0008255,MONDO:MONDO:0020525,MedGen:C0342273|Human Phenotype Ontology:HP:0004904,MONDO:MONDO:0018911,MedGen:C0342276,OMIM:PS125850,Orphanet:552","Diabetes mellitus, transient neonatal, 3|Type 2 diabetes mellitus|Transitory neonatal diabetes mellitus|Maturity-onset diabetes of the young",germline;somatic;unknown,germline/somatic,GRCh37,NC_000011.9,11,17409482,17409482,na,na,11p15.1,"criteria provided, conflicting classifications",3,-,N,"ClinGen:CA340809,OMIM:600937.0017",3,8681,17409482,C,T,-,-,-,-,-,-,SCV002505427|SCV002520720|SCV002520726,-,-
23720,single nucleotide variant,NM_000525.4(KCNJ11):c.157G>A (p.Gly53Ser),3767,KCNJ11,HGNC:6257,Conflicting classifications of pathogenicity,1,-,80356613,-,RCV000009218|RCV002250455|RCV002250456|RCV002226644,"MONDO:MONDO:0012522,MedGen:C1864623,OMIM:610582,Orphanet:99886|Human Phenotype Ontology:HP:0005965,Human Phenotype Ontology:HP:0005978,Human Phenotype Ontology:HP:0100652,MONDO:MONDO:0005148,MeSH:D003924,MedGen:C0011860,OMIM:125853|Human Phenotype Ontology:HP:0008255,MONDO:MONDO:0020525,MedGen:C0342273|Human Phenotype Ontology:HP:0004904,MONDO:MONDO:0018911,MedGen:C0342276,OMIM:PS125850,Orphanet:552","Diabetes mellitus, transient neonatal, 3|Type 2 diabetes mellitus|Transitory neonatal diabetes mellitus|Maturity-onset diabetes of the young",germline;somatic;unknown,germline/somatic,GRCh38,NC_000011.10,11,17387935,17387935,na,na,11p15.1,"criteria provided, conflicting classifications",3,-,N,"ClinGen:CA340809,OMIM:600937.0017",3,8681,17387935,C,T,-,-,-,-,-,-,SCV002505427|SCV002520720|SCV002520726,-,-
23721,single nucleotide variant,NM_000525.4(KCNJ11):c.157G>C (p.Gly53Arg),3767,KCNJ11,HGNC:6257,Pathogenic,1,"Apr 01, 2005",80356613,-,RCV000009219,"MONDO:MONDO:0012522,MedGen:C1864623,OMIM:610582,Orphanet:99886","Diabetes mellitus, transient neonatal, 3",germline;unknown,germline,GRCh37,NC_000011.9,11,17409482,17409482,na,na,11p15.1,no assertion criteria provided,2,-,N,"ClinGen:CA340811,OMIM:600937.0018",1,8682,17409482,C,G,-,-,-,-,-,-,SCV000029437,-,-
23721,single nucleotide variant,NM_000525.4(KCNJ11):c.157G>C (p.Gly53Arg),3767,KCNJ11,HGNC:6257,Pathogenic,1,"Apr 01, 2005",80356613,-,RCV000009219,"MONDO:MONDO:0012522,MedGen:C1864623,OMIM:610582,Orphanet:99886","Diabetes mellitus, transient neonatal, 3",germline;unknown,germline,GRCh38,NC_000011.10,11,17387935,17387935,na,na,11p15.1,no assertion criteria provided,2,-,N,"ClinGen:CA340811,OMIM:600937.0018",1,8682,17387935,C,G,-,-,-,-,-,-,SCV000029437,-,-
23722,single nucleotide variant,NM_000525.4(KCNJ11):c.902G>A (p.Arg301His),3767,KCNJ11,HGNC:6257,Pathogenic,1,"Mar 19, 2024",74339576,-,RCV000009220|RCV001224980|RCV002227030|RCV003460444|RCV005042016|RCV005430458,"MONDO:MONDO:0011153,MedGen:C2931833,OMIM:601820,Orphanet:276580,Orphanet:276603|MedGen:C3661900|Human Phenotype Ontology:HP:0004904,MONDO:MONDO:0018911,MedGen:C0342276,OMIM:PS125850,Orphanet:552|Human Phenotype Ontology:HP:0005965,Human Phenotype Ontology:HP:0005978,Human Phenotype Ontology:HP:0100652,MONDO:MONDO:0005148,MeSH:D003924,MedGen:C0011860,OMIM:125853|MONDO:MONDO:0030087,MedGen:C5394296,OMIM:618856;MONDO:MONDO:0014589,MedGen:C4225365,OMIM:616329,Orphanet:552;MONDO:MONDO:0012522,MedGen:C1864623,OMIM:610582,Orphanet:99886;Human Phenotype Ontology:HP:0005965,Human Phenotype Ontology:HP:0005978,Human Phenotype Ontology:HP:0100652,MONDO:MONDO:0005148,MeSH:D003924,MedGen:C0011860,OMIM:125853;MONDO:MONDO:0011153,MedGen:C2931833,OMIM:601820,Orphanet:276580,Orphanet:276603|MONDO:MONDO:0012522,MedGen:C1864623,OMIM:610582,Orphanet:99886;MONDO:MONDO:0011153,MedGen:C2931833,OMIM:601820,Orphanet:276580,Orphanet:276603;MONDO:MONDO:0100165,MedGen:C5393570,OMIM:606176","Hyperinsulinemic hypoglycemia, familial, 2|not provided|Maturity-onset diabetes of the young|Type 2 diabetes mellitus|Diabetes mellitus, permanent neonatal 2;Maturity-onset diabetes of the young type 13;Diabetes mellitus, transient neonatal, 3;Type 2 diabetes mellitus;Hyperinsulinemic hypoglycemia, familial, 2|Diabetes mellitus, transient neonatal, 3;Hyperinsulinemic hypoglycemia, familial, 2;Permanent neonatal diabetes mellitus 1",germline;somatic;unknown,germline/somatic,GRCh37,NC_000011.9,11,17408737,17408737,na,na,11p15.1,"criteria provided, multiple submitters, no conflicts",7,-,N,"ClinGen:CA254524,OMIM:600937.0019",3,8683,17408737,C,T,-,-,-,-,-,-,SCV001397212|SCV004198065|SCV005676604,-,-
23722,single nucleotide variant,NM_000525.4(KCNJ11):c.902G>A (p.Arg301His),3767,KCNJ11,HGNC:6257,Pathogenic,1,"Mar 19, 2024",74339576,-,RCV000009220|RCV001224980|RCV002227030|RCV003460444|RCV005042016|RCV005430458,"MONDO:MONDO:0011153,MedGen:C2931833,OMIM:601820,Orphanet:276580,Orphanet:276603|MedGen:C3661900|Human Phenotype Ontology:HP:0004904,MONDO:MONDO:0018911,MedGen:C0342276,OMIM:PS125850,Orphanet:552|Human Phenotype Ontology:HP:0005965,Human Phenotype Ontology:HP:0005978,Human Phenotype Ontology:HP:0100652,MONDO:MONDO:0005148,MeSH:D003924,MedGen:C0011860,OMIM:125853|MONDO:MONDO:0030087,MedGen:C5394296,OMIM:618856;MONDO:MONDO:0014589,MedGen:C4225365,OMIM:616329,Orphanet:552;MONDO:MONDO:0012522,MedGen:C1864623,OMIM:610582,Orphanet:99886;Human Phenotype Ontology:HP:0005965,Human Phenotype Ontology:HP:0005978,Human Phenotype Ontology:HP:0100652,MONDO:MONDO:0005148,MeSH:D003924,MedGen:C0011860,OMIM:125853;MONDO:MONDO:0011153,MedGen:C2931833,OMIM:601820,Orphanet:276580,Orphanet:276603|MONDO:MONDO:0012522,MedGen:C1864623,OMIM:610582,Orphanet:99886;MONDO:MONDO:0011153,MedGen:C2931833,OMIM:601820,Orphanet:276580,Orphanet:276603;MONDO:MONDO:0100165,MedGen:C5393570,OMIM:606176","Hyperinsulinemic hypoglycemia, familial, 2|not provided|Maturity-onset diabetes of the young|Type 2 diabetes mellitus|Diabetes mellitus, permanent neonatal 2;Maturity-onset diabetes of the young type 13;Diabetes mellitus, transient neonatal, 3;Type 2 diabetes mellitus;Hyperinsulinemic hypoglycemia, familial, 2|Diabetes mellitus, transient neonatal, 3;Hyperinsulinemic hypoglycemia, familial, 2;Permanent neonatal diabetes mellitus 1",germline;somatic;unknown,germline/somatic,GRCh38,NC_000011.10,11,17387190,17387190,na,na,11p15.1,"criteria provided, multiple submitters, no conflicts",7,-,N,"ClinGen:CA254524,OMIM:600937.0019",3,8683,17387190,C,T,-,-,-,-,-,-,SCV001397212|SCV004198065|SCV005676604,-,-
23723,single nucleotide variant,NM_000525.4(KCNJ11):c.466G>A (p.Gly156Arg),3767,KCNJ11,HGNC:6257,Conflicting classifications of pathogenicity,1,-,1404429785,-,RCV000009221|RCV002243628|RCV002243629,"MONDO:MONDO:0011153,MedGen:C2931833,OMIM:601820,Orphanet:276580,Orphanet:276603|Human Phenotype Ontology:HP:0001943,Human Phenotype Ontology:HP:0003356,MONDO:MONDO:0004946,MedGen:C0020615|Human Phenotype Ontology:HP:0000842,MONDO:MONDO:0002177,MedGen:C0020459","Hyperinsulinemic hypoglycemia, familial, 2|Hypoglycemia|Hyperinsulinemia",germline;somatic,germline/somatic,GRCh37,NC_000011.9,11,17409173,17409173,na,na,11p15.1,"criteria provided, conflicting classifications",2,-,N,"OMIM:600937.0020,ClinGen:CA379773518",3,8684,17409173,C,T,-,-,-,-,-,-,SCV002512142|SCV002512143,-,-
23723,single nucleotide variant,NM_000525.4(KCNJ11):c.466G>A (p.Gly156Arg),3767,KCNJ11,HGNC:6257,Conflicting classifications of pathogenicity,1,-,1404429785,-,RCV000009221|RCV002243628|RCV002243629,"MONDO:MONDO:0011153,MedGen:C2931833,OMIM:601820,Orphanet:276580,Orphanet:276603|Human Phenotype Ontology:HP:0001943,Human Phenotype Ontology:HP:0003356,MONDO:MONDO:0004946,MedGen:C0020615|Human Phenotype Ontology:HP:0000842,MONDO:MONDO:0002177,MedGen:C0020459","Hyperinsulinemic hypoglycemia, familial, 2|Hypoglycemia|Hyperinsulinemia",germline;somatic,germline/somatic,GRCh38,NC_000011.10,11,17387626,17387626,na,na,11p15.1,"criteria provided, conflicting classifications",2,-,N,"OMIM:600937.0020,ClinGen:CA379773518",3,8684,17387626,C,T,-,-,-,-,-,-,SCV002512142|SCV002512143,-,-
23724,single nucleotide variant,NM_000525.4(KCNJ11):c.158G>A (p.Gly53Asp),3767,KCNJ11,HGNC:6257,Benign,1,-,80356615,-,RCV000009222|RCV000020349|RCV002226645,"MONDO:MONDO:0030087,MedGen:C5394296,OMIM:618856|MONDO:MONDO:0100164,MedGen:C1833104,OMIM:PS606176,Orphanet:99885|Human Phenotype Ontology:HP:0001998,MedGen:C0158986","Diabetes mellitus, permanent neonatal 2|Permanent neonatal diabetes mellitus|Neonatal hypoglycemia",germline;somatic;unknown,germline/somatic,GRCh37,NC_000011.9,11,17409481,17409481,na,na,11p15.1,"criteria provided, single submitter",3,-,N,"ClinGen:CA119837,OMIM:600937.0021",3,8685,17409481,C,T,-,-,-,-,-,-,SCV002505462,-,-
23724,single nucleotide variant,NM_000525.4(KCNJ11):c.158G>A (p.Gly53Asp),3767,KCNJ11,HGNC:6257,Benign,1,-,80356615,-,RCV000009222|RCV000020349|RCV002226645,"MONDO:MONDO:0030087,MedGen:C5394296,OMIM:618856|MONDO:MONDO:0100164,MedGen:C1833104,OMIM:PS606176,Orphanet:99885|Human Phenotype Ontology:HP:0001998,MedGen:C0158986","Diabetes mellitus, permanent neonatal 2|Permanent neonatal diabetes mellitus|Neonatal hypoglycemia",germline;somatic;unknown,germline/somatic,GRCh38,NC_000011.10,11,17387934,17387934,na,na,11p15.1,"criteria provided, single submitter",3,-,N,"ClinGen:CA119837,OMIM:600937.0021",3,8685,17387934,C,T,-,-,-,-,-,-,SCV002505462,-,-
23725,single nucleotide variant,NM_000525.4(KCNJ11):c.844G>A (p.Glu282Lys),3767,KCNJ11,HGNC:6257,Pathogenic/Likely pathogenic,1,"May 30, 2025",267607196,-,RCV000009223|RCV000763231|RCV002226646|RCV003466841|RCV003555984|RCV005042017|RCV005417424,"MONDO:MONDO:0011153,MedGen:C2931833,OMIM:601820,Orphanet:276580,Orphanet:276603|MONDO:MONDO:0014589,MedGen:C4225365,OMIM:616329,Orphanet:552;MONDO:MONDO:0012522,MedGen:C1864623,OMIM:610582,Orphanet:99886;MONDO:MONDO:0100164,MedGen:C1833104,OMIM:PS606176,Orphanet:99885;Human Phenotype Ontology:HP:0005965,Human Phenotype Ontology:HP:0005978,Human Phenotype Ontology:HP:0100652,MONDO:MONDO:0005148,MeSH:D003924,MedGen:C0011860,OMIM:125853;MONDO:MONDO:0011153,MedGen:C2931833,OMIM:601820,Orphanet:276580,Orphanet:276603|Human Phenotype Ontology:HP:0004904,MONDO:MONDO:0018911,MedGen:C0342276,OMIM:PS125850,Orphanet:552|Human Phenotype Ontology:HP:0005965,Human Phenotype Ontology:HP:0005978,Human Phenotype Ontology:HP:0100652,MONDO:MONDO:0005148,MeSH:D003924,MedGen:C0011860,OMIM:125853|MedGen:C3661900|MONDO:MONDO:0030087,MedGen:C5394296,OMIM:618856;MONDO:MONDO:0014589,MedGen:C4225365,OMIM:616329,Orphanet:552;MONDO:MONDO:0012522,MedGen:C1864623,OMIM:610582,Orphanet:99886;Human Phenotype Ontology:HP:0005965,Human Phenotype Ontology:HP:0005978,Human Phenotype Ontology:HP:0100652,MONDO:MONDO:0005148,MeSH:D003924,MedGen:C0011860,OMIM:125853;MONDO:MONDO:0011153,MedGen:C2931833,OMIM:601820,Orphanet:276580,Orphanet:276603|MONDO:MONDO:0017182,MedGen:C3888018,Orphanet:276525","Hyperinsulinemic hypoglycemia, familial, 2|Maturity-onset diabetes of the young type 13;Diabetes mellitus, transient neonatal, 3;Permanent neonatal diabetes mellitus;Type 2 diabetes mellitus;Hyperinsulinemic hypoglycemia, familial, 2|Maturity-onset diabetes of the young|Type 2 diabetes mellitus|not provided|Diabetes mellitus, permanent neonatal 2;Maturity-onset diabetes of the young type 13;Diabetes mellitus, transient neonatal, 3;Type 2 diabetes mellitus;Hyperinsulinemic hypoglycemia, familial, 2|Familial hyperinsulinism",germline;somatic;unknown,germline/somatic,GRCh37,NC_000011.9,11,17408795,17408795,na,na,11p15.1,"criteria provided, multiple submitters, no conflicts",8,-,N,"ClinGen:CA254526,OMIM:600937.0022",3,8686,17408795,C,T,-,-,-,-,-,-,SCV000247655|SCV000893864|SCV004198053|SCV004295358|SCV005676607|SCV006087337|SCV006322430,-,-
23725,single nucleotide variant,NM_000525.4(KCNJ11):c.844G>A (p.Glu282Lys),3767,KCNJ11,HGNC:6257,Pathogenic/Likely pathogenic,1,"May 30, 2025",267607196,-,RCV000009223|RCV000763231|RCV002226646|RCV003466841|RCV003555984|RCV005042017|RCV005417424,"MONDO:MONDO:0011153,MedGen:C2931833,OMIM:601820,Orphanet:276580,Orphanet:276603|MONDO:MONDO:0014589,MedGen:C4225365,OMIM:616329,Orphanet:552;MONDO:MONDO:0012522,MedGen:C1864623,OMIM:610582,Orphanet:99886;MONDO:MONDO:0100164,MedGen:C1833104,OMIM:PS606176,Orphanet:99885;Human Phenotype Ontology:HP:0005965,Human Phenotype Ontology:HP:0005978,Human Phenotype Ontology:HP:0100652,MONDO:MONDO:0005148,MeSH:D003924,MedGen:C0011860,OMIM:125853;MONDO:MONDO:0011153,MedGen:C2931833,OMIM:601820,Orphanet:276580,Orphanet:276603|Human Phenotype Ontology:HP:0004904,MONDO:MONDO:0018911,MedGen:C0342276,OMIM:PS125850,Orphanet:552|Human Phenotype Ontology:HP:0005965,Human Phenotype Ontology:HP:0005978,Human Phenotype Ontology:HP:0100652,MONDO:MONDO:0005148,MeSH:D003924,MedGen:C0011860,OMIM:125853|MedGen:C3661900|MONDO:MONDO:0030087,MedGen:C5394296,OMIM:618856;MONDO:MONDO:0014589,MedGen:C4225365,OMIM:616329,Orphanet:552;MONDO:MONDO:0012522,MedGen:C1864623,OMIM:610582,Orphanet:99886;Human Phenotype Ontology:HP:0005965,Human Phenotype Ontology:HP:0005978,Human Phenotype Ontology:HP:0100652,MONDO:MONDO:0005148,MeSH:D003924,MedGen:C0011860,OMIM:125853;MONDO:MONDO:0011153,MedGen:C2931833,OMIM:601820,Orphanet:276580,Orphanet:276603|MONDO:MONDO:0017182,MedGen:C3888018,Orphanet:276525","Hyperinsulinemic hypoglycemia, familial, 2|Maturity-onset diabetes of the young type 13;Diabetes mellitus, transient neonatal, 3;Permanent neonatal diabetes mellitus;Type 2 diabetes mellitus;Hyperinsulinemic hypoglycemia, familial, 2|Maturity-onset diabetes of the young|Type 2 diabetes mellitus|not provided|Diabetes mellitus, permanent neonatal 2;Maturity-onset diabetes of the young type 13;Diabetes mellitus, transient neonatal, 3;Type 2 diabetes mellitus;Hyperinsulinemic hypoglycemia, familial, 2|Familial hyperinsulinism",germline;somatic;unknown,germline/somatic,GRCh38,NC_000011.10,11,17387248,17387248,na,na,11p15.1,"criteria provided, multiple submitters, no conflicts",8,-,N,"ClinGen:CA254526,OMIM:600937.0022",3,8686,17387248,C,T,-,-,-,-,-,-,SCV000247655|SCV000893864|SCV004198053|SCV004295358|SCV005676607|SCV006087337|SCV006322430,-,-
24125,single nucleotide variant,NM_000352.6(ABCC8):c.4307G>A (p.Arg1436Gln),6833,ABCC8,HGNC:59,Pathogenic,1,"Dec 31, 2025",387906407,-,RCV000009654|RCV001040039|RCV001260357|RCV001826455|RCV003466843,"MONDO:MONDO:0009734,MedGen:C2931832,OMIM:256450,Orphanet:276575,Orphanet:276598|MedGen:C3661900|MONDO:MONDO:0017182,MedGen:C3888018,Orphanet:276525||Human Phenotype Ontology:HP:0005965,Human Phenotype Ontology:HP:0005978,Human Phenotype Ontology:HP:0100652,MONDO:MONDO:0005148,MeSH:D003924,MedGen:C0011860,OMIM:125853","Hyperinsulinemic hypoglycemia, familial, 1|not provided|Familial hyperinsulinism|Hereditary hyperinsulinism|Type 2 diabetes mellitus",germline;unknown,germline,GRCh37,NC_000011.9,11,17417157,17417157,na,na,11p15.1,"criteria provided, multiple submitters, no conflicts",10,-,N,"ClinGen:CA254627,OMIM:600509.0001,OMIM:600509.0007",3,9086,17417157,C,T,-,-,-,-,-,-,SCV001203594|SCV001437302|SCV002069174|SCV002817264|SCV004026506|SCV004194429|SCV004806507|SCV005051063,-,-
24125,single nucleotide variant,NM_000352.6(ABCC8):c.4307G>A (p.Arg1436Gln),6833,ABCC8,HGNC:59,Pathogenic,1,"Dec 31, 2025",387906407,-,RCV000009654|RCV001040039|RCV001260357|RCV001826455|RCV003466843,"MONDO:MONDO:0009734,MedGen:C2931832,OMIM:256450,Orphanet:276575,Orphanet:276598|MedGen:C3661900|MONDO:MONDO:0017182,MedGen:C3888018,Orphanet:276525||Human Phenotype Ontology:HP:0005965,Human Phenotype Ontology:HP:0005978,Human Phenotype Ontology:HP:0100652,MONDO:MONDO:0005148,MeSH:D003924,MedGen:C0011860,OMIM:125853","Hyperinsulinemic hypoglycemia, familial, 1|not provided|Familial hyperinsulinism|Hereditary hyperinsulinism|Type 2 diabetes mellitus",germline;unknown,germline,GRCh38,NC_000011.10,11,17395610,17395610,na,na,11p15.1,"criteria provided, multiple submitters, no conflicts",10,-,N,"ClinGen:CA254627,OMIM:600509.0001,OMIM:600509.0007",3,9086,17395610,C,T,-,-,-,-,-,-,SCV001203594|SCV001437302|SCV002069174|SCV002817264|SCV004026506|SCV004194429|SCV004806507|SCV005051063,-,-
24127,single nucleotide variant,NM_000352.6(ABCC8):c.3989-9G>A,6833,ABCC8,HGNC:59,Pathogenic,1,"Jan 28, 2026",151344623,-,RCV000009656|RCV000144995|RCV000590487|RCV001277185|RCV001267446|RCV002467491|RCV003473069|RCV004532316|RCV005357102|RCV005049326,"MONDO:MONDO:0009734,MedGen:C2931832,OMIM:256450,Orphanet:276575,Orphanet:276598|MedGen:C3661900|MONDO:MONDO:0017182,MedGen:C3888018,Orphanet:276525||MeSH:D030342,MedGen:C0950123|MONDO:MONDO:0030088,MedGen:C5394303,OMIM:618857;MONDO:MONDO:0009734,MedGen:C2931832,OMIM:256450,Orphanet:276575,Orphanet:276598|Human Phenotype Ontology:HP:0005965,Human Phenotype Ontology:HP:0005978,Human Phenotype Ontology:HP:0100652,MONDO:MONDO:0005148,MeSH:D003924,MedGen:C0011860,OMIM:125853||MONDO:MONDO:0009734,MedGen:C2931832,OMIM:256450,Orphanet:276575,Orphanet:276598;MONDO:MONDO:0009415,MedGen:C0271714,OMIM:240800|MONDO:MONDO:0030088,MedGen:C5394303,OMIM:618857;MONDO:MONDO:0012480,MedGen:C1835887,OMIM:610374,Orphanet:99886;Human Phenotype Ontology:HP:0005965,Human Phenotype Ontology:HP:0005978,Human Phenotype Ontology:HP:0100652,MONDO:MONDO:0005148,MeSH:D003924,MedGen:C0011860,OMIM:125853;MONDO:MONDO:0009734,MedGen:C2931832,OMIM:256450,Orphanet:276575,Orphanet:276598;MONDO:MONDO:0009415,MedGen:C0271714,OMIM:240800","Hyperinsulinemic hypoglycemia, familial, 1|not provided|Familial hyperinsulinism|Hereditary hyperinsulinism|Inborn genetic diseases|Diabetes mellitus, permanent neonatal 3;Hyperinsulinemic hypoglycemia, familial, 1|Type 2 diabetes mellitus|ABCC8-related disorder|Hyperinsulinemic hypoglycemia, familial, 1;Leucine-induced hypoglycemia|Diabetes mellitus, permanent neonatal 3;Diabetes mellitus, transient neonatal, 2;Type 2 diabetes mellitus;Hyperinsulinemic hypoglycemia, familial, 1;Leucine-induced hypoglycemia",germline;unknown,germline,GRCh37,NC_000011.9,11,17418602,17418602,na,na,11p15.1,"criteria provided, multiple submitters, no conflicts",20,-,Y,"ClinGen:CA233276,OMIM:600509.0002",3,9088,17418602,C,T,-,-,-,-,-,-,SCV000192031|SCV000229594|SCV000612213|SCV000696590|SCV000954424|SCV001194093|SCV001445627|SCV001874140|SCV002018628|SCV002521684|SCV002764503|SCV004026518|SCV004194783|SCV005683389|SCV005920857,-,-
24127,single nucleotide variant,NM_000352.6(ABCC8):c.3989-9G>A,6833,ABCC8,HGNC:59,Pathogenic,1,"Jan 28, 2026",151344623,-,RCV000009656|RCV000144995|RCV000590487|RCV001277185|RCV001267446|RCV002467491|RCV003473069|RCV004532316|RCV005357102|RCV005049326,"MONDO:MONDO:0009734,MedGen:C2931832,OMIM:256450,Orphanet:276575,Orphanet:276598|MedGen:C3661900|MONDO:MONDO:0017182,MedGen:C3888018,Orphanet:276525||MeSH:D030342,MedGen:C0950123|MONDO:MONDO:0030088,MedGen:C5394303,OMIM:618857;MONDO:MONDO:0009734,MedGen:C2931832,OMIM:256450,Orphanet:276575,Orphanet:276598|Human Phenotype Ontology:HP:0005965,Human Phenotype Ontology:HP:0005978,Human Phenotype Ontology:HP:0100652,MONDO:MONDO:0005148,MeSH:D003924,MedGen:C0011860,OMIM:125853||MONDO:MONDO:0009734,MedGen:C2931832,OMIM:256450,Orphanet:276575,Orphanet:276598;MONDO:MONDO:0009415,MedGen:C0271714,OMIM:240800|MONDO:MONDO:0030088,MedGen:C5394303,OMIM:618857;MONDO:MONDO:0012480,MedGen:C1835887,OMIM:610374,Orphanet:99886;Human Phenotype Ontology:HP:0005965,Human Phenotype Ontology:HP:0005978,Human Phenotype Ontology:HP:0100652,MONDO:MONDO:0005148,MeSH:D003924,MedGen:C0011860,OMIM:125853;MONDO:MONDO:0009734,MedGen:C2931832,OMIM:256450,Orphanet:276575,Orphanet:276598;MONDO:MONDO:0009415,MedGen:C0271714,OMIM:240800","Hyperinsulinemic hypoglycemia, familial, 1|not provided|Familial hyperinsulinism|Hereditary hyperinsulinism|Inborn genetic diseases|Diabetes mellitus, permanent neonatal 3;Hyperinsulinemic hypoglycemia, familial, 1|Type 2 diabetes mellitus|ABCC8-related disorder|Hyperinsulinemic hypoglycemia, familial, 1;Leucine-induced hypoglycemia|Diabetes mellitus, permanent neonatal 3;Diabetes mellitus, transient neonatal, 2;Type 2 diabetes mellitus;Hyperinsulinemic hypoglycemia, familial, 1;Leucine-induced hypoglycemia",germline;unknown,germline,GRCh38,NC_000011.10,11,17397055,17397055,na,na,11p15.1,"criteria provided, multiple submitters, no conflicts",20,-,Y,"ClinGen:CA233276,OMIM:600509.0002",3,9088,17397055,C,T,-,-,-,-,-,-,SCV000192031|SCV000229594|SCV000612213|SCV000696590|SCV000954424|SCV001194093|SCV001445627|SCV001874140|SCV002018628|SCV002521684|SCV002764503|SCV004026518|SCV004194783|SCV005683389|SCV005920857,-,-
24129,single nucleotide variant,NM_000352.6(ABCC8):c.2292-1G>A,6833,ABCC8,HGNC:59,Conflicting classifications of pathogenicity,1,"Mar 14, 2021",1564905676,-,RCV000009658|RCV001328359|RCV002251422|RCV002251423,"MONDO:MONDO:0009734,MedGen:C2931832,OMIM:256450,Orphanet:276575,Orphanet:276598|MONDO:MONDO:0017182,MedGen:C3888018,Orphanet:276525|Human Phenotype Ontology:HP:0004904,MONDO:MONDO:0018911,MedGen:C0342276,OMIM:PS125850,Orphanet:552|Human Phenotype Ontology:HP:0008255,MONDO:MONDO:0020525,MedGen:C0342273","Hyperinsulinemic hypoglycemia, familial, 1|Familial hyperinsulinism|Maturity-onset diabetes of the young|Transitory neonatal diabetes mellitus",germline;unknown,germline,GRCh37,NC_000011.9,11,17436158,17436158,na,na,11p15.1,"criteria provided, conflicting classifications",3,-,N,"ClinGen:CA379809823,OMIM:600509.0004",3,9090,17436158,C,T,-,-,-,-,-,-,SCV001519466|SCV002522210|SCV002522212,-,-
24129,single nucleotide variant,NM_000352.6(ABCC8):c.2292-1G>A,6833,ABCC8,HGNC:59,Conflicting classifications of pathogenicity,1,"Mar 14, 2021",1564905676,-,RCV000009658|RCV001328359|RCV002251422|RCV002251423,"MONDO:MONDO:0009734,MedGen:C2931832,OMIM:256450,Orphanet:276575,Orphanet:276598|MONDO:MONDO:0017182,MedGen:C3888018,Orphanet:276525|Human Phenotype Ontology:HP:0004904,MONDO:MONDO:0018911,MedGen:C0342276,OMIM:PS125850,Orphanet:552|Human Phenotype Ontology:HP:0008255,MONDO:MONDO:0020525,MedGen:C0342273","Hyperinsulinemic hypoglycemia, familial, 1|Familial hyperinsulinism|Maturity-onset diabetes of the young|Transitory neonatal diabetes mellitus",germline;unknown,germline,GRCh38,NC_000011.10,11,17414611,17414611,na,na,11p15.1,"criteria provided, conflicting classifications",3,-,N,"ClinGen:CA379809823,OMIM:600509.0004",3,9090,17414611,C,T,-,-,-,-,-,-,SCV001519466|SCV002522210|SCV002522212,-,-
24130,single nucleotide variant,NM_000352.6(ABCC8):c.1672-20A>G,6833,ABCC8,HGNC:59,Conflicting classifications of pathogenicity,1,"Mar 10, 2025",931436550,-,RCV000009659|RCV001851768|RCV002266898|RCV002266899|RCV003460445|RCV004525849,"MONDO:MONDO:0009734,MedGen:C2931832,OMIM:256450,Orphanet:276575,Orphanet:276598|MedGen:C3661900|Human Phenotype Ontology:HP:0004904,MONDO:MONDO:0018911,MedGen:C0342276,OMIM:PS125850,Orphanet:552|Human Phenotype Ontology:HP:0008255,MONDO:MONDO:0020525,MedGen:C0342273|Human Phenotype Ontology:HP:0005965,Human Phenotype Ontology:HP:0005978,Human Phenotype Ontology:HP:0100652,MONDO:MONDO:0005148,MeSH:D003924,MedGen:C0011860,OMIM:125853|MONDO:MONDO:0017182,MedGen:C3888018,Orphanet:276525","Hyperinsulinemic hypoglycemia, familial, 1|not provided|Maturity-onset diabetes of the young|Transitory neonatal diabetes mellitus|Type 2 diabetes mellitus|Familial hyperinsulinism",germline;unknown,germline,GRCh37,NC_000011.9,11,17452526,17452526,na,na,11p15.1,"criteria provided, conflicting classifications",8,-,N,"ClinGen:CA597666381,OMIM:600509.0005",3,9091,17452526,T,C,-,-,-,-,-,-,SCV002264464|SCV002522359|SCV002522360|SCV004026555|SCV004036651|SCV004208514|SCV005040205,-,-
24130,single nucleotide variant,NM_000352.6(ABCC8):c.1672-20A>G,6833,ABCC8,HGNC:59,Conflicting classifications of pathogenicity,1,"Mar 10, 2025",931436550,-,RCV000009659|RCV001851768|RCV002266898|RCV002266899|RCV003460445|RCV004525849,"MONDO:MONDO:0009734,MedGen:C2931832,OMIM:256450,Orphanet:276575,Orphanet:276598|MedGen:C3661900|Human Phenotype Ontology:HP:0004904,MONDO:MONDO:0018911,MedGen:C0342276,OMIM:PS125850,Orphanet:552|Human Phenotype Ontology:HP:0008255,MONDO:MONDO:0020525,MedGen:C0342273|Human Phenotype Ontology:HP:0005965,Human Phenotype Ontology:HP:0005978,Human Phenotype Ontology:HP:0100652,MONDO:MONDO:0005148,MeSH:D003924,MedGen:C0011860,OMIM:125853|MONDO:MONDO:0017182,MedGen:C3888018,Orphanet:276525","Hyperinsulinemic hypoglycemia, familial, 1|not provided|Maturity-onset diabetes of the young|Transitory neonatal diabetes mellitus|Type 2 diabetes mellitus|Familial hyperinsulinism",germline;unknown,germline,GRCh38,NC_000011.10,11,17430979,17430979,na,na,11p15.1,"criteria provided, conflicting classifications",8,-,N,"ClinGen:CA597666381,OMIM:600509.0005",3,9091,17430979,T,C,-,-,-,-,-,-,SCV002264464|SCV002522359|SCV002522360|SCV004026555|SCV004036651|SCV004208514|SCV005040205,-,-
24133,single nucleotide variant,NM_000352.6(ABCC8):c.4055G>C (p.Arg1352Pro),6833,ABCC8,HGNC:59,Pathogenic/Likely pathogenic,1,"Aug 16, 2023",28936370,-,RCV000009662|RCV001851769|RCV002504772,"MONDO:MONDO:0009734,MedGen:C2931832,OMIM:256450,Orphanet:276575,Orphanet:276598|MedGen:C3661900|MONDO:MONDO:0030088,MedGen:C5394303,OMIM:618857;MONDO:MONDO:0012480,MedGen:C1835887,OMIM:610374,Orphanet:99886;Human Phenotype Ontology:HP:0005965,Human Phenotype Ontology:HP:0005978,Human Phenotype Ontology:HP:0100652,MONDO:MONDO:0005148,MeSH:D003924,MedGen:C0011860,OMIM:125853;MONDO:MONDO:0009734,MedGen:C2931832,OMIM:256450,Orphanet:276575,Orphanet:276598;MONDO:MONDO:0009415,MedGen:C0271714,OMIM:240800","Hyperinsulinemic hypoglycemia, familial, 1|not provided|Diabetes mellitus, permanent neonatal 3;Diabetes mellitus, transient neonatal, 2;Type 2 diabetes mellitus;Hyperinsulinemic hypoglycemia, familial, 1;Leucine-induced hypoglycemia",germline;unknown,germline,GRCh37,NC_000011.9,11,17418527,17418527,na,na,11p15.1,"criteria provided, multiple submitters, no conflicts",4,-,N,"ClinGen:CA254629,OMIM:600509.0008",3,9094,17418527,C,G,-,-,-,-,-,-,SCV002235500|SCV002816807|SCV004026516,-,-
24133,single nucleotide variant,NM_000352.6(ABCC8):c.4055G>C (p.Arg1352Pro),6833,ABCC8,HGNC:59,Pathogenic/Likely pathogenic,1,"Aug 16, 2023",28936370,-,RCV000009662|RCV001851769|RCV002504772,"MONDO:MONDO:0009734,MedGen:C2931832,OMIM:256450,Orphanet:276575,Orphanet:276598|MedGen:C3661900|MONDO:MONDO:0030088,MedGen:C5394303,OMIM:618857;MONDO:MONDO:0012480,MedGen:C1835887,OMIM:610374,Orphanet:99886;Human Phenotype Ontology:HP:0005965,Human Phenotype Ontology:HP:0005978,Human Phenotype Ontology:HP:0100652,MONDO:MONDO:0005148,MeSH:D003924,MedGen:C0011860,OMIM:125853;MONDO:MONDO:0009734,MedGen:C2931832,OMIM:256450,Orphanet:276575,Orphanet:276598;MONDO:MONDO:0009415,MedGen:C0271714,OMIM:240800","Hyperinsulinemic hypoglycemia, familial, 1|not provided|Diabetes mellitus, permanent neonatal 3;Diabetes mellitus, transient neonatal, 2;Type 2 diabetes mellitus;Hyperinsulinemic hypoglycemia, familial, 1;Leucine-induced hypoglycemia",germline;unknown,germline,GRCh38,NC_000011.10,11,17396980,17396980,na,na,11p15.1,"criteria provided, multiple submitters, no conflicts",4,-,N,"ClinGen:CA254629,OMIM:600509.0008",3,9094,17396980,C,G,-,-,-,-,-,-,SCV002235500|SCV002816807|SCV004026516,-,-
24134,single nucleotide variant,NM_000352.6(ABCC8):c.4258C>T (p.Arg1420Cys),6833,ABCC8,HGNC:59,Pathogenic/Likely pathogenic,1,"Jan 20, 2026",28938469,-,RCV000009663|RCV001235181|RCV001831557|RCV003473070|RCV005042018,"MONDO:MONDO:0009734,MedGen:C2931832,OMIM:256450,Orphanet:276575,Orphanet:276598|MedGen:C3661900||Human Phenotype Ontology:HP:0005965,Human Phenotype Ontology:HP:0005978,Human Phenotype Ontology:HP:0100652,MONDO:MONDO:0005148,MeSH:D003924,MedGen:C0011860,OMIM:125853|MONDO:MONDO:0030088,MedGen:C5394303,OMIM:618857;MONDO:MONDO:0012480,MedGen:C1835887,OMIM:610374,Orphanet:99886;Human Phenotype Ontology:HP:0005965,Human Phenotype Ontology:HP:0005978,Human Phenotype Ontology:HP:0100652,MONDO:MONDO:0005148,MeSH:D003924,MedGen:C0011860,OMIM:125853;MONDO:MONDO:0009734,MedGen:C2931832,OMIM:256450,Orphanet:276575,Orphanet:276598;MONDO:MONDO:0009415,MedGen:C0271714,OMIM:240800","Hyperinsulinemic hypoglycemia, familial, 1|not provided|Hereditary hyperinsulinism|Type 2 diabetes mellitus|Diabetes mellitus, permanent neonatal 3;Diabetes mellitus, transient neonatal, 2;Type 2 diabetes mellitus;Hyperinsulinemic hypoglycemia, familial, 1;Leucine-induced hypoglycemia",germline;inherited;unknown,germline,GRCh37,NC_000011.9,11,17417206,17417206,na,na,11p15.1,"criteria provided, multiple submitters, no conflicts",10,-,N,"ClinGen:CA254631,OMIM:600509.0009",3,9095,17417206,G,A,-,-,-,-,-,-,SCV000746732|SCV000915514|SCV001407856|SCV004204074|SCV005325034|SCV005676666|SCV006322970,-,-
24134,single nucleotide variant,NM_000352.6(ABCC8):c.4258C>T (p.Arg1420Cys),6833,ABCC8,HGNC:59,Pathogenic/Likely pathogenic,1,"Jan 20, 2026",28938469,-,RCV000009663|RCV001235181|RCV001831557|RCV003473070|RCV005042018,"MONDO:MONDO:0009734,MedGen:C2931832,OMIM:256450,Orphanet:276575,Orphanet:276598|MedGen:C3661900||Human Phenotype Ontology:HP:0005965,Human Phenotype Ontology:HP:0005978,Human Phenotype Ontology:HP:0100652,MONDO:MONDO:0005148,MeSH:D003924,MedGen:C0011860,OMIM:125853|MONDO:MONDO:0030088,MedGen:C5394303,OMIM:618857;MONDO:MONDO:0012480,MedGen:C1835887,OMIM:610374,Orphanet:99886;Human Phenotype Ontology:HP:0005965,Human Phenotype Ontology:HP:0005978,Human Phenotype Ontology:HP:0100652,MONDO:MONDO:0005148,MeSH:D003924,MedGen:C0011860,OMIM:125853;MONDO:MONDO:0009734,MedGen:C2931832,OMIM:256450,Orphanet:276575,Orphanet:276598;MONDO:MONDO:0009415,MedGen:C0271714,OMIM:240800","Hyperinsulinemic hypoglycemia, familial, 1|not provided|Hereditary hyperinsulinism|Type 2 diabetes mellitus|Diabetes mellitus, permanent neonatal 3;Diabetes mellitus, transient neonatal, 2;Type 2 diabetes mellitus;Hyperinsulinemic hypoglycemia, familial, 1;Leucine-induced hypoglycemia",germline;inherited;unknown,germline,GRCh38,NC_000011.10,11,17395659,17395659,na,na,11p15.1,"criteria provided, multiple submitters, no conflicts",10,-,N,"ClinGen:CA254631,OMIM:600509.0009",3,9095,17395659,G,A,-,-,-,-,-,-,SCV000746732|SCV000915514|SCV001407856|SCV004204074|SCV005325034|SCV005676666|SCV006322970,-,-
24135,single nucleotide variant,NM_000352.6(ABCC8):c.4477C>T (p.Arg1493Trp),6833,ABCC8,HGNC:59,Pathogenic,1,"Jan 20, 2026",28936371,-,RCV000009664|RCV000710390|RCV001831558|RCV003466844|RCV004549354|RCV005042019,"MONDO:MONDO:0009734,MedGen:C2931832,OMIM:256450,Orphanet:276575,Orphanet:276598|MedGen:C3661900||Human Phenotype Ontology:HP:0005965,Human Phenotype Ontology:HP:0005978,Human Phenotype Ontology:HP:0100652,MONDO:MONDO:0005148,MeSH:D003924,MedGen:C0011860,OMIM:125853|MONDO:MONDO:0012480,MedGen:C1835887,OMIM:610374,Orphanet:99886|MONDO:MONDO:0030088,MedGen:C5394303,OMIM:618857;MONDO:MONDO:0012480,MedGen:C1835887,OMIM:610374,Orphanet:99886;Human Phenotype Ontology:HP:0005965,Human Phenotype Ontology:HP:0005978,Human Phenotype Ontology:HP:0100652,MONDO:MONDO:0005148,MeSH:D003924,MedGen:C0011860,OMIM:125853;MONDO:MONDO:0009734,MedGen:C2931832,OMIM:256450,Orphanet:276575,Orphanet:276598;MONDO:MONDO:0009415,MedGen:C0271714,OMIM:240800","Hyperinsulinemic hypoglycemia, familial, 1|not provided|Hereditary hyperinsulinism|Type 2 diabetes mellitus|Diabetes mellitus, transient neonatal, 2|Diabetes mellitus, permanent neonatal 3;Diabetes mellitus, transient neonatal, 2;Type 2 diabetes mellitus;Hyperinsulinemic hypoglycemia, familial, 1;Leucine-induced hypoglycemia",germline;somatic;unknown,germline/somatic,GRCh37,NC_000011.9,11,17415881,17415881,na,na,11p15.1,"criteria provided, multiple submitters, no conflicts",10,-,N,"ClinGen:CA254633,UniProtKB:Q09428#VAR_008540,OMIM:600509.0010",3,9096,17415881,G,A,-,-,-,-,-,-,SCV000840600|SCV001221921|SCV004026546|SCV004194318|SCV005051721|SCV005676654,-,-
24135,single nucleotide variant,NM_000352.6(ABCC8):c.4477C>T (p.Arg1493Trp),6833,ABCC8,HGNC:59,Pathogenic,1,"Jan 20, 2026",28936371,-,RCV000009664|RCV000710390|RCV001831558|RCV003466844|RCV004549354|RCV005042019,"MONDO:MONDO:0009734,MedGen:C2931832,OMIM:256450,Orphanet:276575,Orphanet:276598|MedGen:C3661900||Human Phenotype Ontology:HP:0005965,Human Phenotype Ontology:HP:0005978,Human Phenotype Ontology:HP:0100652,MONDO:MONDO:0005148,MeSH:D003924,MedGen:C0011860,OMIM:125853|MONDO:MONDO:0012480,MedGen:C1835887,OMIM:610374,Orphanet:99886|MONDO:MONDO:0030088,MedGen:C5394303,OMIM:618857;MONDO:MONDO:0012480,MedGen:C1835887,OMIM:610374,Orphanet:99886;Human Phenotype Ontology:HP:0005965,Human Phenotype Ontology:HP:0005978,Human Phenotype Ontology:HP:0100652,MONDO:MONDO:0005148,MeSH:D003924,MedGen:C0011860,OMIM:125853;MONDO:MONDO:0009734,MedGen:C2931832,OMIM:256450,Orphanet:276575,Orphanet:276598;MONDO:MONDO:0009415,MedGen:C0271714,OMIM:240800","Hyperinsulinemic hypoglycemia, familial, 1|not provided|Hereditary hyperinsulinism|Type 2 diabetes mellitus|Diabetes mellitus, transient neonatal, 2|Diabetes mellitus, permanent neonatal 3;Diabetes mellitus, transient neonatal, 2;Type 2 diabetes mellitus;Hyperinsulinemic hypoglycemia, familial, 1;Leucine-induced hypoglycemia",germline;somatic;unknown,germline/somatic,GRCh38,NC_000011.10,11,17394334,17394334,na,na,11p15.1,"criteria provided, multiple submitters, no conflicts",10,-,N,"ClinGen:CA254633,UniProtKB:Q09428#VAR_008540,OMIM:600509.0010",3,9096,17394334,G,A,-,-,-,-,-,-,SCV000840600|SCV001221921|SCV004026546|SCV004194318|SCV005051721|SCV005676654,-,-
24136,single nucleotide variant,NM_000352.6(ABCC8):c.4516G>A (p.Glu1506Lys),6833,ABCC8,HGNC:59,Conflicting classifications of pathogenicity,1,"Dec 04, 2025",137852671,-,RCV000009665|RCV000201911,"MONDO:MONDO:0009734,MedGen:C2931832,OMIM:256450,Orphanet:276575,Orphanet:276598|MedGen:C3661900","Hyperinsulinemic hypoglycemia, familial, 1|not provided",germline,germline,GRCh37,NC_000011.9,11,17415842,17415842,na,na,11p15.1,"criteria provided, conflicting classifications",8,-,N,"ClinGen:CA248483,OMIM:600509.0011",3,9097,17415842,C,T,-,-,-,-,-,-,SCV000840601|SCV001428462|SCV003929855|SCV005835250|SCV006552806,-,-
24136,single nucleotide variant,NM_000352.6(ABCC8):c.4516G>A (p.Glu1506Lys),6833,ABCC8,HGNC:59,Conflicting classifications of pathogenicity,1,"Dec 04, 2025",137852671,-,RCV000009665|RCV000201911,"MONDO:MONDO:0009734,MedGen:C2931832,OMIM:256450,Orphanet:276575,Orphanet:276598|MedGen:C3661900","Hyperinsulinemic hypoglycemia, familial, 1|not provided",germline,germline,GRCh38,NC_000011.10,11,17394295,17394295,na,na,11p15.1,"criteria provided, conflicting classifications",8,-,N,"ClinGen:CA248483,OMIM:600509.0011",3,9097,17394295,C,T,-,-,-,-,-,-,SCV000840601|SCV001428462|SCV003929855|SCV005835250|SCV006552806,-,-
24137,single nucleotide variant,NM_000352.6(ABCC8):c.4055G>A (p.Arg1352His),6833,ABCC8,HGNC:59,Conflicting classifications of pathogenicity,1,"Aug 14, 2024",28936370,-,RCV000009666|RCV001851770|RCV003466845|RCV005042020,"MONDO:MONDO:0009415,MedGen:C0271714,OMIM:240800|MedGen:C3661900|Human Phenotype Ontology:HP:0005965,Human Phenotype Ontology:HP:0005978,Human Phenotype Ontology:HP:0100652,MONDO:MONDO:0005148,MeSH:D003924,MedGen:C0011860,OMIM:125853|MONDO:MONDO:0030088,MedGen:C5394303,OMIM:618857;MONDO:MONDO:0012480,MedGen:C1835887,OMIM:610374,Orphanet:99886;Human Phenotype Ontology:HP:0005965,Human Phenotype Ontology:HP:0005978,Human Phenotype Ontology:HP:0100652,MONDO:MONDO:0005148,MeSH:D003924,MedGen:C0011860,OMIM:125853;MONDO:MONDO:0009734,MedGen:C2931832,OMIM:256450,Orphanet:276575,Orphanet:276598;MONDO:MONDO:0009415,MedGen:C0271714,OMIM:240800","Leucine-induced hypoglycemia|not provided|Type 2 diabetes mellitus|Diabetes mellitus, permanent neonatal 3;Diabetes mellitus, transient neonatal, 2;Type 2 diabetes mellitus;Hyperinsulinemic hypoglycemia, familial, 1;Leucine-induced hypoglycemia",germline;unknown,germline,GRCh37,NC_000011.9,11,17418527,17418527,na,na,11p15.1,"criteria provided, conflicting classifications",5,-,N,"ClinGen:CA120108,OMIM:600509.0012",3,9098,17418527,C,T,-,-,-,-,-,-,SCV002261733|SCV004209686|SCV005683387|SCV005848241,-,-
24137,single nucleotide variant,NM_000352.6(ABCC8):c.4055G>A (p.Arg1352His),6833,ABCC8,HGNC:59,Conflicting classifications of pathogenicity,1,"Aug 14, 2024",28936370,-,RCV000009666|RCV001851770|RCV003466845|RCV005042020,"MONDO:MONDO:0009415,MedGen:C0271714,OMIM:240800|MedGen:C3661900|Human Phenotype Ontology:HP:0005965,Human Phenotype Ontology:HP:0005978,Human Phenotype Ontology:HP:0100652,MONDO:MONDO:0005148,MeSH:D003924,MedGen:C0011860,OMIM:125853|MONDO:MONDO:0030088,MedGen:C5394303,OMIM:618857;MONDO:MONDO:0012480,MedGen:C1835887,OMIM:610374,Orphanet:99886;Human Phenotype Ontology:HP:0005965,Human Phenotype Ontology:HP:0005978,Human Phenotype Ontology:HP:0100652,MONDO:MONDO:0005148,MeSH:D003924,MedGen:C0011860,OMIM:125853;MONDO:MONDO:0009734,MedGen:C2931832,OMIM:256450,Orphanet:276575,Orphanet:276598;MONDO:MONDO:0009415,MedGen:C0271714,OMIM:240800","Leucine-induced hypoglycemia|not provided|Type 2 diabetes mellitus|Diabetes mellitus, permanent neonatal 3;Diabetes mellitus, transient neonatal, 2;Type 2 diabetes mellitus;Hyperinsulinemic hypoglycemia, familial, 1;Leucine-induced hypoglycemia",germline;unknown,germline,GRCh38,NC_000011.10,11,17396980,17396980,na,na,11p15.1,"criteria provided, conflicting classifications",5,-,N,"ClinGen:CA120108,OMIM:600509.0012",3,9098,17396980,C,T,-,-,-,-,-,-,SCV002261733|SCV004209686|SCV005683387|SCV005848241,-,-
24138,single nucleotide variant,NM_000352.6(ABCC8):c.560T>A (p.Val187Asp),6833,ABCC8,HGNC:59,Pathogenic/Likely pathogenic,1,"Apr 05, 2024",137852672,-,RCV000009667|RCV000723825|RCV003473071|RCV005042021,"MONDO:MONDO:0009734,MedGen:C2931832,OMIM:256450,Orphanet:276575,Orphanet:276598|MedGen:C3661900|Human Phenotype Ontology:HP:0005965,Human Phenotype Ontology:HP:0005978,Human Phenotype Ontology:HP:0100652,MONDO:MONDO:0005148,MeSH:D003924,MedGen:C0011860,OMIM:125853|MONDO:MONDO:0030088,MedGen:C5394303,OMIM:618857;MONDO:MONDO:0012480,MedGen:C1835887,OMIM:610374,Orphanet:99886;Human Phenotype Ontology:HP:0005965,Human Phenotype Ontology:HP:0005978,Human Phenotype Ontology:HP:0100652,MONDO:MONDO:0005148,MeSH:D003924,MedGen:C0011860,OMIM:125853;MONDO:MONDO:0009734,MedGen:C2931832,OMIM:256450,Orphanet:276575,Orphanet:276598;MONDO:MONDO:0009415,MedGen:C0271714,OMIM:240800","Hyperinsulinemic hypoglycemia, familial, 1|not provided|Type 2 diabetes mellitus|Diabetes mellitus, permanent neonatal 3;Diabetes mellitus, transient neonatal, 2;Type 2 diabetes mellitus;Hyperinsulinemic hypoglycemia, familial, 1;Leucine-induced hypoglycemia",germline;unknown,germline,GRCh37,NC_000011.9,11,17485004,17485004,na,na,11p15.1,"criteria provided, multiple submitters, no conflicts",7,-,N,"ClinGen:CA254635,UniProtKB:Q09428#VAR_008641,OMIM:600509.0013",3,9099,17485004,A,T,-,-,-,-,-,-,SCV000230073|SCV001339055|SCV004026577|SCV004202148|SCV005676103,-,-
24138,single nucleotide variant,NM_000352.6(ABCC8):c.560T>A (p.Val187Asp),6833,ABCC8,HGNC:59,Pathogenic/Likely pathogenic,1,"Apr 05, 2024",137852672,-,RCV000009667|RCV000723825|RCV003473071|RCV005042021,"MONDO:MONDO:0009734,MedGen:C2931832,OMIM:256450,Orphanet:276575,Orphanet:276598|MedGen:C3661900|Human Phenotype Ontology:HP:0005965,Human Phenotype Ontology:HP:0005978,Human Phenotype Ontology:HP:0100652,MONDO:MONDO:0005148,MeSH:D003924,MedGen:C0011860,OMIM:125853|MONDO:MONDO:0030088,MedGen:C5394303,OMIM:618857;MONDO:MONDO:0012480,MedGen:C1835887,OMIM:610374,Orphanet:99886;Human Phenotype Ontology:HP:0005965,Human Phenotype Ontology:HP:0005978,Human Phenotype Ontology:HP:0100652,MONDO:MONDO:0005148,MeSH:D003924,MedGen:C0011860,OMIM:125853;MONDO:MONDO:0009734,MedGen:C2931832,OMIM:256450,Orphanet:276575,Orphanet:276598;MONDO:MONDO:0009415,MedGen:C0271714,OMIM:240800","Hyperinsulinemic hypoglycemia, familial, 1|not provided|Type 2 diabetes mellitus|Diabetes mellitus, permanent neonatal 3;Diabetes mellitus, transient neonatal, 2;Type 2 diabetes mellitus;Hyperinsulinemic hypoglycemia, familial, 1;Leucine-induced hypoglycemia",germline;unknown,germline,GRCh38,NC_000011.10,11,17463457,17463457,na,na,11p15.1,"criteria provided, multiple submitters, no conflicts",7,-,N,"ClinGen:CA254635,UniProtKB:Q09428#VAR_008641,OMIM:600509.0013",3,9099,17463457,A,T,-,-,-,-,-,-,SCV000230073|SCV001339055|SCV004026577|SCV004202148|SCV005676103,-,-
24139,Microsatellite,NM_000352.6(ABCC8):c.4154CCT[1] (p.Ser1386del),6833,ABCC8,HGNC:59,Conflicting classifications of pathogenicity,1,"Sep 30, 2016",387906408,-,RCV000009668|RCV000516204|RCV002243633|RCV002243632,"MONDO:MONDO:0009734,MedGen:C2931832,OMIM:256450,Orphanet:276575,Orphanet:276598|MedGen:C3661900|Human Phenotype Ontology:HP:0008255,MONDO:MONDO:0020525,MedGen:C0342273|Human Phenotype Ontology:HP:0004904,MONDO:MONDO:0018911,MedGen:C0342276,OMIM:PS125850,Orphanet:552","Hyperinsulinemic hypoglycemia, familial, 1|not provided|Transitory neonatal diabetes mellitus|Maturity-onset diabetes of the young",germline;somatic,germline/somatic,GRCh37,NC_000011.9,11,17417438,17417440,na,na,11p15.1,"criteria provided, conflicting classifications",3,-,N,"ClinGen:CA254637,OMIM:600509.0014",3,9100,17417437,AAGG,A,-,-,-,-,-,-,SCV000612216|SCV002513456|SCV002513457,-,-
24139,Microsatellite,NM_000352.6(ABCC8):c.4154CCT[1] (p.Ser1386del),6833,ABCC8,HGNC:59,Conflicting classifications of pathogenicity,1,"Sep 30, 2016",387906408,-,RCV000009668|RCV000516204|RCV002243633|RCV002243632,"MONDO:MONDO:0009734,MedGen:C2931832,OMIM:256450,Orphanet:276575,Orphanet:276598|MedGen:C3661900|Human Phenotype Ontology:HP:0008255,MONDO:MONDO:0020525,MedGen:C0342273|Human Phenotype Ontology:HP:0004904,MONDO:MONDO:0018911,MedGen:C0342276,OMIM:PS125850,Orphanet:552","Hyperinsulinemic hypoglycemia, familial, 1|not provided|Transitory neonatal diabetes mellitus|Maturity-onset diabetes of the young",germline;somatic,germline/somatic,GRCh38,NC_000011.10,11,17395891,17395893,na,na,11p15.1,"criteria provided, conflicting classifications",3,-,N,"ClinGen:CA254637,OMIM:600509.0014",3,9100,17395890,AAGG,A,-,-,-,-,-,-,SCV000612216|SCV002513456|SCV002513457,-,-
24140,single nucleotide variant,NC_000011.10:g.17476966G>C,6833,ABCC8,HGNC:59,Uncertain significance,1,"Feb 28, 2024",1395224084,-,RCV000009669|RCV001851771|RCV002254261|RCV002254260|RCV004734507|RCV005042022,"MONDO:MONDO:0009734,MedGen:C2931832,OMIM:256450,Orphanet:276575,Orphanet:276598|MedGen:C3661900|Human Phenotype Ontology:HP:0008255,MONDO:MONDO:0020525,MedGen:C0342273|Human Phenotype Ontology:HP:0004904,MONDO:MONDO:0018911,MedGen:C0342276,OMIM:PS125850,Orphanet:552||MONDO:MONDO:0030088,MedGen:C5394303,OMIM:618857;MONDO:MONDO:0012480,MedGen:C1835887,OMIM:610374,Orphanet:99886;Human Phenotype Ontology:HP:0005965,Human Phenotype Ontology:HP:0005978,Human Phenotype Ontology:HP:0100652,MONDO:MONDO:0005148,MeSH:D003924,MedGen:C0011860,OMIM:125853;MONDO:MONDO:0009734,MedGen:C2931832,OMIM:256450,Orphanet:276575,Orphanet:276598;MONDO:MONDO:0009415,MedGen:C0271714,OMIM:240800","Hyperinsulinemic hypoglycemia, familial, 1|not provided|Transitory neonatal diabetes mellitus|Maturity-onset diabetes of the young|ABCC8-related disorder|Diabetes mellitus, permanent neonatal 3;Diabetes mellitus, transient neonatal, 2;Type 2 diabetes mellitus;Hyperinsulinemic hypoglycemia, familial, 1;Leucine-induced hypoglycemia",germline;unknown,germline,GRCh37,NC_000011.9,11,17498513,17498513,na,na,11p15.1,"criteria provided, multiple submitters, no conflicts",5,-,N,"ClinGen:CA674206958,OMIM:600509.0015",3,9101,17498513,G,C,-,-,-,-,-,-,SCV002200503|SCV002524161|SCV002524162|SCV005676134,-,-
24140,single nucleotide variant,NC_000011.10:g.17476966G>C,6833,ABCC8,HGNC:59,Uncertain significance,1,"Feb 28, 2024",1395224084,-,RCV000009669|RCV001851771|RCV002254261|RCV002254260|RCV004734507|RCV005042022,"MONDO:MONDO:0009734,MedGen:C2931832,OMIM:256450,Orphanet:276575,Orphanet:276598|MedGen:C3661900|Human Phenotype Ontology:HP:0008255,MONDO:MONDO:0020525,MedGen:C0342273|Human Phenotype Ontology:HP:0004904,MONDO:MONDO:0018911,MedGen:C0342276,OMIM:PS125850,Orphanet:552||MONDO:MONDO:0030088,MedGen:C5394303,OMIM:618857;MONDO:MONDO:0012480,MedGen:C1835887,OMIM:610374,Orphanet:99886;Human Phenotype Ontology:HP:0005965,Human Phenotype Ontology:HP:0005978,Human Phenotype Ontology:HP:0100652,MONDO:MONDO:0005148,MeSH:D003924,MedGen:C0011860,OMIM:125853;MONDO:MONDO:0009734,MedGen:C2931832,OMIM:256450,Orphanet:276575,Orphanet:276598;MONDO:MONDO:0009415,MedGen:C0271714,OMIM:240800","Hyperinsulinemic hypoglycemia, familial, 1|not provided|Transitory neonatal diabetes mellitus|Maturity-onset diabetes of the young|ABCC8-related disorder|Diabetes mellitus, permanent neonatal 3;Diabetes mellitus, transient neonatal, 2;Type 2 diabetes mellitus;Hyperinsulinemic hypoglycemia, familial, 1;Leucine-induced hypoglycemia",germline;unknown,germline,GRCh38,NC_000011.10,11,17476966,17476966,na,na,11p15.1,"criteria provided, multiple submitters, no conflicts",5,-,N,"ClinGen:CA674206958,OMIM:600509.0015",3,9101,17476966,G,C,-,-,-,-,-,-,SCV002200503|SCV002524161|SCV002524162|SCV005676134,-,-
24141,single nucleotide variant,NM_000352.6(ABCC8):c.394T>C (p.Phe132Leu),6833,ABCC8,HGNC:59,Pathogenic/Likely pathogenic,1,"Jan 19, 2021",80356637,-,RCV000009670|RCV000020286|RCV002051781|RCV001851772,"MONDO:MONDO:0030088,MedGen:C5394303,OMIM:618857|MONDO:MONDO:0100164,MedGen:C1833104,OMIM:PS606176,Orphanet:99885|MONDO:MONDO:0016391,MedGen:C0158981,Orphanet:224|MedGen:C3661900","Diabetes mellitus, permanent neonatal 3|Permanent neonatal diabetes mellitus|Neonatal diabetes mellitus|not provided",germline;unknown,germline,GRCh37,NC_000011.9,11,17491666,17491666,na,na,11p15.1,"criteria provided, multiple submitters, no conflicts",4,-,N,"ClinGen:CA120110,UniProtKB:Q09428#VAR_029778,OMIM:600509.0016",3,9102,17491666,A,G,-,-,-,-,-,-,SCV002247442|SCV002318403,-,-
24141,single nucleotide variant,NM_000352.6(ABCC8):c.394T>C (p.Phe132Leu),6833,ABCC8,HGNC:59,Pathogenic/Likely pathogenic,1,"Jan 19, 2021",80356637,-,RCV000009670|RCV000020286|RCV002051781|RCV001851772,"MONDO:MONDO:0030088,MedGen:C5394303,OMIM:618857|MONDO:MONDO:0100164,MedGen:C1833104,OMIM:PS606176,Orphanet:99885|MONDO:MONDO:0016391,MedGen:C0158981,Orphanet:224|MedGen:C3661900","Diabetes mellitus, permanent neonatal 3|Permanent neonatal diabetes mellitus|Neonatal diabetes mellitus|not provided",germline;unknown,germline,GRCh38,NC_000011.10,11,17470119,17470119,na,na,11p15.1,"criteria provided, multiple submitters, no conflicts",4,-,N,"ClinGen:CA120110,UniProtKB:Q09428#VAR_029778,OMIM:600509.0016",3,9102,17470119,A,G,-,-,-,-,-,-,SCV002247442|SCV002318403,-,-
24142,single nucleotide variant,NM_000352.6(ABCC8):c.638T>G (p.Leu213Arg),6833,ABCC8,HGNC:59,Pathogenic,1,"Aug 03, 2006",80356642,-,RCV000009671|RCV001089457,"MONDO:MONDO:0100164,MedGen:C1833104,OMIM:PS606176,Orphanet:99885|MONDO:MONDO:0030088,MedGen:C5394303,OMIM:618857","Permanent neonatal diabetes mellitus|Diabetes mellitus, permanent neonatal 3",germline;unknown,germline,GRCh37,NC_000011.9,11,17483314,17483314,na,na,11p15.1,no assertion criteria provided,2,-,N,"ClinGen:CA340866,UniProtKB:Q09428#VAR_029779,OMIM:600509.0017",1,9103,17483314,A,C,-,-,-,-,-,-,SCV000029889,-,-
24142,single nucleotide variant,NM_000352.6(ABCC8):c.638T>G (p.Leu213Arg),6833,ABCC8,HGNC:59,Pathogenic,1,"Aug 03, 2006",80356642,-,RCV000009671|RCV001089457,"MONDO:MONDO:0100164,MedGen:C1833104,OMIM:PS606176,Orphanet:99885|MONDO:MONDO:0030088,MedGen:C5394303,OMIM:618857","Permanent neonatal diabetes mellitus|Diabetes mellitus, permanent neonatal 3",germline;unknown,germline,GRCh38,NC_000011.10,11,17461767,17461767,na,na,11p15.1,no assertion criteria provided,2,-,N,"ClinGen:CA340866,UniProtKB:Q09428#VAR_029779,OMIM:600509.0017",1,9103,17461767,A,C,-,-,-,-,-,-,SCV000029889,-,-
24143,single nucleotide variant,NM_000352.6(ABCC8):c.4270A>G (p.Ile1424Val),6833,ABCC8,HGNC:59,Pathogenic,1,"Aug 03, 2006",80356653,-,RCV000009672|RCV001089458,"MONDO:MONDO:0100164,MedGen:C1833104,OMIM:PS606176,Orphanet:99885|MONDO:MONDO:0030088,MedGen:C5394303,OMIM:618857","Permanent neonatal diabetes mellitus|Diabetes mellitus, permanent neonatal 3",germline;unknown,germline,GRCh37,NC_000011.9,11,17417194,17417194,na,na,11p15.1,no assertion criteria provided,2,-,N,"ClinGen:CA340868,UniProtKB:Q09428#VAR_029787,OMIM:600509.0018",1,9104,17417194,T,C,-,-,-,-,-,-,SCV000029890,-,-
24143,single nucleotide variant,NM_000352.6(ABCC8):c.4270A>G (p.Ile1424Val),6833,ABCC8,HGNC:59,Pathogenic,1,"Aug 03, 2006",80356653,-,RCV000009672|RCV001089458,"MONDO:MONDO:0100164,MedGen:C1833104,OMIM:PS606176,Orphanet:99885|MONDO:MONDO:0030088,MedGen:C5394303,OMIM:618857","Permanent neonatal diabetes mellitus|Diabetes mellitus, permanent neonatal 3",germline;unknown,germline,GRCh38,NC_000011.10,11,17395647,17395647,na,na,11p15.1,no assertion criteria provided,2,-,N,"ClinGen:CA340868,UniProtKB:Q09428#VAR_029787,OMIM:600509.0018",1,9104,17395647,T,C,-,-,-,-,-,-,SCV000029890,-,-
24144,single nucleotide variant,NM_000352.6(ABCC8):c.4135C>T (p.Arg1379Cys),6833,ABCC8,HGNC:59,Pathogenic/Likely pathogenic,1,"Feb 13, 2024",137852673,-,RCV000009674|RCV000009673|RCV000502425|RCV001249022|RCV001851773|RCV004734508,"Human Phenotype Ontology:HP:0005965,Human Phenotype Ontology:HP:0005978,Human Phenotype Ontology:HP:0100652,MONDO:MONDO:0005148,MeSH:D003924,MedGen:C0011860,OMIM:125853|MONDO:MONDO:0012480,MedGen:C1835887,OMIM:610374,Orphanet:99886|MONDO:MONDO:0100164,MedGen:C1833104,OMIM:PS606176,Orphanet:99885|MONDO:MONDO:0015967,MedGen:C3888631,Orphanet:183625|MedGen:C3661900|","Type 2 diabetes mellitus|Diabetes mellitus, transient neonatal, 2|Permanent neonatal diabetes mellitus|Monogenic diabetes|not provided|ABCC8-related disorder",germline,germline,GRCh37,NC_000011.9,11,17417462,17417462,na,na,11p15.1,"criteria provided, multiple submitters, no conflicts",5,-,N,"ClinGen:CA120112,OMIM:600509.0019",3,9105,17417462,G,A,-,-,-,-,-,-,SCV000592981|SCV001422929|SCV002181676,-,-
24144,single nucleotide variant,NM_000352.6(ABCC8):c.4135C>T (p.Arg1379Cys),6833,ABCC8,HGNC:59,Pathogenic/Likely pathogenic,1,"Feb 13, 2024",137852673,-,RCV000009674|RCV000009673|RCV000502425|RCV001249022|RCV001851773|RCV004734508,"Human Phenotype Ontology:HP:0005965,Human Phenotype Ontology:HP:0005978,Human Phenotype Ontology:HP:0100652,MONDO:MONDO:0005148,MeSH:D003924,MedGen:C0011860,OMIM:125853|MONDO:MONDO:0012480,MedGen:C1835887,OMIM:610374,Orphanet:99886|MONDO:MONDO:0100164,MedGen:C1833104,OMIM:PS606176,Orphanet:99885|MONDO:MONDO:0015967,MedGen:C3888631,Orphanet:183625|MedGen:C3661900|","Type 2 diabetes mellitus|Diabetes mellitus, transient neonatal, 2|Permanent neonatal diabetes mellitus|Monogenic diabetes|not provided|ABCC8-related disorder",germline,germline,GRCh38,NC_000011.10,11,17395915,17395915,na,na,11p15.1,"criteria provided, multiple submitters, no conflicts",5,-,N,"ClinGen:CA120112,OMIM:600509.0019",3,9105,17395915,G,A,-,-,-,-,-,-,SCV000592981|SCV001422929|SCV002181676,-,-
24145,single nucleotide variant,NM_000352.6(ABCC8):c.1744C>G (p.Leu582Val),6833,ABCC8,HGNC:59,Pathogenic,1,"Aug 03, 2006",137852674,-,RCV000009676|RCV000009675,"Human Phenotype Ontology:HP:0005965,Human Phenotype Ontology:HP:0005978,Human Phenotype Ontology:HP:0100652,MONDO:MONDO:0005148,MeSH:D003924,MedGen:C0011860,OMIM:125853|MONDO:MONDO:0012480,MedGen:C1835887,OMIM:610374,Orphanet:99886","Type 2 diabetes mellitus|Diabetes mellitus, transient neonatal, 2",germline,germline,GRCh37,NC_000011.9,11,17452434,17452434,na,na,11p15.1,no assertion criteria provided,1,-,N,"ClinGen:CA120114,UniProtKB:Q09428#VAR_029781,OMIM:600509.0020",1,9106,17452434,G,C,-,-,-,-,-,-,SCV000029893|SCV005871619,-,-
24145,single nucleotide variant,NM_000352.6(ABCC8):c.1744C>G (p.Leu582Val),6833,ABCC8,HGNC:59,Pathogenic,1,"Aug 03, 2006",137852674,-,RCV000009676|RCV000009675,"Human Phenotype Ontology:HP:0005965,Human Phenotype Ontology:HP:0005978,Human Phenotype Ontology:HP:0100652,MONDO:MONDO:0005148,MeSH:D003924,MedGen:C0011860,OMIM:125853|MONDO:MONDO:0012480,MedGen:C1835887,OMIM:610374,Orphanet:99886","Type 2 diabetes mellitus|Diabetes mellitus, transient neonatal, 2",germline,germline,GRCh38,NC_000011.10,11,17430887,17430887,na,na,11p15.1,no assertion criteria provided,1,-,N,"ClinGen:CA120114,UniProtKB:Q09428#VAR_029781,OMIM:600509.0020",1,9106,17430887,G,C,-,-,-,-,-,-,SCV000029893|SCV005871619,-,-
24146,single nucleotide variant,NM_000352.6(ABCC8):c.215A>G (p.Asn72Ser),6833,ABCC8,HGNC:59,Conflicting classifications of pathogenicity,1,"Jun 10, 2025",80356634,-,RCV000009677|RCV001089459|RCV003473072|RCV005430928,"MONDO:MONDO:0100164,MedGen:C1833104,OMIM:PS606176,Orphanet:99885|MONDO:MONDO:0030088,MedGen:C5394303,OMIM:618857|Human Phenotype Ontology:HP:0005965,Human Phenotype Ontology:HP:0005978,Human Phenotype Ontology:HP:0100652,MONDO:MONDO:0005148,MeSH:D003924,MedGen:C0011860,OMIM:125853|MedGen:CN169374","Permanent neonatal diabetes mellitus|Diabetes mellitus, permanent neonatal 3|Type 2 diabetes mellitus|not specified",germline;unknown,germline,GRCh37,NC_000011.9,11,17496508,17496508,na,na,11p15.1,"criteria provided, conflicting classifications",4,-,N,"ClinGen:CA340870,UniProtKB:Q09428#VAR_072929,OMIM:600509.0021",3,9107,17496508,T,C,-,-,-,-,-,-,SCV004201557|SCV006103054,-,-
24146,single nucleotide variant,NM_000352.6(ABCC8):c.215A>G (p.Asn72Ser),6833,ABCC8,HGNC:59,Conflicting classifications of pathogenicity,1,"Jun 10, 2025",80356634,-,RCV000009677|RCV001089459|RCV003473072|RCV005430928,"MONDO:MONDO:0100164,MedGen:C1833104,OMIM:PS606176,Orphanet:99885|MONDO:MONDO:0030088,MedGen:C5394303,OMIM:618857|Human Phenotype Ontology:HP:0005965,Human Phenotype Ontology:HP:0005978,Human Phenotype Ontology:HP:0100652,MONDO:MONDO:0005148,MeSH:D003924,MedGen:C0011860,OMIM:125853|MedGen:CN169374","Permanent neonatal diabetes mellitus|Diabetes mellitus, permanent neonatal 3|Type 2 diabetes mellitus|not specified",germline;unknown,germline,GRCh38,NC_000011.10,11,17474961,17474961,na,na,11p15.1,"criteria provided, conflicting classifications",4,-,N,"ClinGen:CA340870,UniProtKB:Q09428#VAR_072929,OMIM:600509.0021",3,9107,17474961,T,C,-,-,-,-,-,-,SCV004201557|SCV006103054,-,-
24147,single nucleotide variant,NM_000352.6(ABCC8):c.1144G>A (p.Glu382Lys),6833,ABCC8,HGNC:59,Pathogenic,1,"Aug 01, 2007",80356651,-,RCV000009678|RCV001089460,"MONDO:MONDO:0100164,MedGen:C1833104,OMIM:PS606176,Orphanet:99885|MONDO:MONDO:0030088,MedGen:C5394303,OMIM:618857","Permanent neonatal diabetes mellitus|Diabetes mellitus, permanent neonatal 3",germline;unknown,germline,GRCh37,NC_000011.9,11,17474698,17474698,na,na,11p15.1,no assertion criteria provided,2,-,N,"ClinGen:CA340872,UniProtKB:Q09428#VAR_072939,OMIM:600509.0022",1,9108,17474698,C,T,-,-,-,-,-,-,SCV000029896,-,-
24147,single nucleotide variant,NM_000352.6(ABCC8):c.1144G>A (p.Glu382Lys),6833,ABCC8,HGNC:59,Pathogenic,1,"Aug 01, 2007",80356651,-,RCV000009678|RCV001089460,"MONDO:MONDO:0100164,MedGen:C1833104,OMIM:PS606176,Orphanet:99885|MONDO:MONDO:0030088,MedGen:C5394303,OMIM:618857","Permanent neonatal diabetes mellitus|Diabetes mellitus, permanent neonatal 3",germline;unknown,germline,GRCh38,NC_000011.10,11,17453151,17453151,na,na,11p15.1,no assertion criteria provided,2,-,N,"ClinGen:CA340872,UniProtKB:Q09428#VAR_072939,OMIM:600509.0022",1,9108,17453151,C,T,-,-,-,-,-,-,SCV000029896,-,-
24148,single nucleotide variant,NM_000352.6(ABCC8):c.3554C>A (p.Ser1185Tyr),6833,ABCC8,HGNC:59,Uncertain significance,1,-,193929369,-,RCV000009679|RCV001089461|RCV002243635|RCV002243634,"MONDO:MONDO:0100164,MedGen:C1833104,OMIM:PS606176,Orphanet:99885|MONDO:MONDO:0030088,MedGen:C5394303,OMIM:618857|Human Phenotype Ontology:HP:0008255,MONDO:MONDO:0020525,MedGen:C0342273|Human Phenotype Ontology:HP:0004904,MONDO:MONDO:0018911,MedGen:C0342276,OMIM:PS125850,Orphanet:552","Permanent neonatal diabetes mellitus|Diabetes mellitus, permanent neonatal 3|Transitory neonatal diabetes mellitus|Maturity-onset diabetes of the young",germline;somatic;unknown,germline/somatic,GRCh37,NC_000011.9,11,17426062,17426062,na,na,11p15.1,"criteria provided, single submitter",3,-,N,"ClinGen:CA340874,OMIM:600509.0023",3,9109,17426062,G,T,-,-,-,-,-,-,SCV002515422|SCV002515423,-,-
24148,single nucleotide variant,NM_000352.6(ABCC8):c.3554C>A (p.Ser1185Tyr),6833,ABCC8,HGNC:59,Uncertain significance,1,-,193929369,-,RCV000009679|RCV001089461|RCV002243635|RCV002243634,"MONDO:MONDO:0100164,MedGen:C1833104,OMIM:PS606176,Orphanet:99885|MONDO:MONDO:0030088,MedGen:C5394303,OMIM:618857|Human Phenotype Ontology:HP:0008255,MONDO:MONDO:0020525,MedGen:C0342273|Human Phenotype Ontology:HP:0004904,MONDO:MONDO:0018911,MedGen:C0342276,OMIM:PS125850,Orphanet:552","Permanent neonatal diabetes mellitus|Diabetes mellitus, permanent neonatal 3|Transitory neonatal diabetes mellitus|Maturity-onset diabetes of the young",germline;somatic;unknown,germline/somatic,GRCh38,NC_000011.10,11,17404515,17404515,na,na,11p15.1,"criteria provided, single submitter",3,-,N,"ClinGen:CA340874,OMIM:600509.0023",3,9109,17404515,G,T,-,-,-,-,-,-,SCV002515422|SCV002515423,-,-
24149,single nucleotide variant,NM_000352.6(ABCC8):c.134C>T (p.Pro45Leu),6833,ABCC8,HGNC:59,Uncertain significance,1,"Oct 13, 2022",267606623,-,RCV000009680|RCV002512948,"MONDO:MONDO:0030088,MedGen:C5394303,OMIM:618857|MedGen:C3661900","Diabetes mellitus, permanent neonatal 3|not provided",germline,germline,GRCh37,NC_000011.9,11,17498190,17498190,na,na,11p15.1,"criteria provided, single submitter",2,-,N,"ClinGen:CA254640,UniProtKB:Q09428#VAR_072928,OMIM:600509.0024",3,9110,17498190,G,A,-,-,-,-,-,-,SCV003440276,-,-
24149,single nucleotide variant,NM_000352.6(ABCC8):c.134C>T (p.Pro45Leu),6833,ABCC8,HGNC:59,Uncertain significance,1,"Oct 13, 2022",267606623,-,RCV000009680|RCV002512948,"MONDO:MONDO:0030088,MedGen:C5394303,OMIM:618857|MedGen:C3661900","Diabetes mellitus, permanent neonatal 3|not provided",germline,germline,GRCh38,NC_000011.10,11,17476643,17476643,na,na,11p15.1,"criteria provided, single submitter",2,-,N,"ClinGen:CA254640,UniProtKB:Q09428#VAR_072928,OMIM:600509.0024",3,9110,17476643,G,A,-,-,-,-,-,-,SCV003440276,-,-
24150,single nucleotide variant,NM_000352.6(ABCC8):c.257T>G (p.Val86Gly),6833,ABCC8,HGNC:59,Pathogenic,1,"Aug 01, 2007",193929360,-,RCV000009681|RCV001089462,"MONDO:MONDO:0100164,MedGen:C1833104,OMIM:PS606176,Orphanet:99885|MONDO:MONDO:0030088,MedGen:C5394303,OMIM:618857","Permanent neonatal diabetes mellitus|Diabetes mellitus, permanent neonatal 3",germline;unknown,germline,GRCh37,NC_000011.9,11,17496466,17496466,na,na,11p15.1,no assertion criteria provided,2,-,N,"ClinGen:CA340877,UniProtKB:Q09428#VAR_072930,OMIM:600509.0026",1,9111,17496466,A,C,-,-,-,-,-,-,SCV000029899,-,-
24150,single nucleotide variant,NM_000352.6(ABCC8):c.257T>G (p.Val86Gly),6833,ABCC8,HGNC:59,Pathogenic,1,"Aug 01, 2007",193929360,-,RCV000009681|RCV001089462,"MONDO:MONDO:0100164,MedGen:C1833104,OMIM:PS606176,Orphanet:99885|MONDO:MONDO:0030088,MedGen:C5394303,OMIM:618857","Permanent neonatal diabetes mellitus|Diabetes mellitus, permanent neonatal 3",germline;unknown,germline,GRCh38,NC_000011.10,11,17474919,17474919,na,na,11p15.1,no assertion criteria provided,2,-,N,"ClinGen:CA340877,UniProtKB:Q09428#VAR_072930,OMIM:600509.0026",1,9111,17474919,A,C,-,-,-,-,-,-,SCV000029899,-,-
31171,single nucleotide variant,NM_000162.5(GCK):c.835G>T (p.Glu279Ter),2645,GCK,HGNC:4195,Pathogenic,1,"May 30, 1992",104894005,-,RCV000017512,"MONDO:MONDO:0007453,MedGen:C0342277,OMIM:125851,Orphanet:552",Maturity-onset diabetes of the young type 2,germline,germline,GRCh37,NC_000007.13,7,44187277,44187277,na,na,7p13,no assertion criteria provided,1,-,N,"ClinGen:CA126207,OMIM:138079.0001",1,16132,44187277,C,A,-,-,-,-,-,-,SCV000037784,-,-
31171,single nucleotide variant,NM_000162.5(GCK):c.835G>T (p.Glu279Ter),2645,GCK,HGNC:4195,Pathogenic,1,"May 30, 1992",104894005,-,RCV000017512,"MONDO:MONDO:0007453,MedGen:C0342277,OMIM:125851,Orphanet:552",Maturity-onset diabetes of the young type 2,germline,germline,GRCh38,NC_000007.14,7,44147678,44147678,na,na,7p13,no assertion criteria provided,1,-,N,"ClinGen:CA126207,OMIM:138079.0001",1,16132,44147678,C,A,-,-,-,-,-,-,SCV000037784,-,-
31172,single nucleotide variant,NM_000162.5(GCK):c.556C>T (p.Arg186Ter),2645,GCK,HGNC:4195,Pathogenic,1,"May 11, 2025",104894006,-,RCV000017513|RCV000516235|RCV002225072|RCV002345246,"Human Phenotype Ontology:HP:0005965,Human Phenotype Ontology:HP:0005978,Human Phenotype Ontology:HP:0100652,MONDO:MONDO:0005148,MeSH:D003924,MedGen:C0011860,OMIM:125853|MedGen:C3661900|MONDO:MONDO:0007453,MedGen:C0342277,OMIM:125851,Orphanet:552|Human Phenotype Ontology:HP:0004904,MONDO:MONDO:0018911,MedGen:C0342276,OMIM:PS125850,Orphanet:552",Type 2 diabetes mellitus|not provided|Maturity-onset diabetes of the young type 2|Maturity-onset diabetes of the young,germline;unknown,germline,GRCh37,NC_000007.13,7,44189591,44189591,na,na,7p13,"criteria provided, multiple submitters, no conflicts",10,-,N,"ClinGen:CA126209,OMIM:138079.0002",3,16133,44189591,G,A,-,-,-,-,-,-,SCV000613441|SCV000890276|SCV002242623|SCV002503627|SCV002562178|SCV002653036|SCV004848485|SCV005050209|SCV005382230,-,-
31172,single nucleotide variant,NM_000162.5(GCK):c.556C>T (p.Arg186Ter),2645,GCK,HGNC:4195,Pathogenic,1,"May 11, 2025",104894006,-,RCV000017513|RCV000516235|RCV002225072|RCV002345246,"Human Phenotype Ontology:HP:0005965,Human Phenotype Ontology:HP:0005978,Human Phenotype Ontology:HP:0100652,MONDO:MONDO:0005148,MeSH:D003924,MedGen:C0011860,OMIM:125853|MedGen:C3661900|MONDO:MONDO:0007453,MedGen:C0342277,OMIM:125851,Orphanet:552|Human Phenotype Ontology:HP:0004904,MONDO:MONDO:0018911,MedGen:C0342276,OMIM:PS125850,Orphanet:552",Type 2 diabetes mellitus|not provided|Maturity-onset diabetes of the young type 2|Maturity-onset diabetes of the young,germline;unknown,germline,GRCh38,NC_000007.14,7,44149992,44149992,na,na,7p13,"criteria provided, multiple submitters, no conflicts",10,-,N,"ClinGen:CA126209,OMIM:138079.0002",3,16133,44149992,G,A,-,-,-,-,-,-,SCV000613441|SCV000890276|SCV002242623|SCV002503627|SCV002562178|SCV002653036|SCV004848485|SCV005050209|SCV005382230,-,-
31173,single nucleotide variant,NM_000162.5(GCK):c.683C>T (p.Thr228Met),2645,GCK,HGNC:4195,Pathogenic,1,"Feb 28, 2024",80356655,-,RCV000020167|RCV000498792|RCV001269032|RCV002362586|RCV003147295|RCV003147296|RCV003883118|RCV004751212,"MONDO:MONDO:0007453,MedGen:C0342277,OMIM:125851,Orphanet:552|MedGen:C3661900|MONDO:MONDO:0100165,MedGen:C5393570,OMIM:606176|Human Phenotype Ontology:HP:0004904,MONDO:MONDO:0018911,MedGen:C0342276,OMIM:PS125850,Orphanet:552|Human Phenotype Ontology:HP:0005965,Human Phenotype Ontology:HP:0005978,Human Phenotype Ontology:HP:0100652,MONDO:MONDO:0005148,MeSH:D003924,MedGen:C0011860,OMIM:125853|MONDO:MONDO:0011236,MedGen:C1865290,OMIM:602485,Orphanet:79299|MONDO:MONDO:0015967,MedGen:C3888631,Orphanet:183625|",Maturity-onset diabetes of the young type 2|not provided|Permanent neonatal diabetes mellitus 1|Maturity-onset diabetes of the young|Type 2 diabetes mellitus|Hyperinsulinism due to glucokinase deficiency|Monogenic diabetes|GCK-related disorder,germline;unknown,germline,GRCh37,NC_000007.13,7,44187429,44187429,na,na,7p13,reviewed by expert panel,14,-,N,"ClinGen:CA260620,UniProtKB:P35557#VAR_003705,OMIM:138079.0003",3,16134,44187429,G,A,-,-,-,-,-,-,SCV004697914,-,-
31173,single nucleotide variant,NM_000162.5(GCK):c.683C>T (p.Thr228Met),2645,GCK,HGNC:4195,Pathogenic,1,"Feb 28, 2024",80356655,-,RCV000020167|RCV000498792|RCV001269032|RCV002362586|RCV003147295|RCV003147296|RCV003883118|RCV004751212,"MONDO:MONDO:0007453,MedGen:C0342277,OMIM:125851,Orphanet:552|MedGen:C3661900|MONDO:MONDO:0100165,MedGen:C5393570,OMIM:606176|Human Phenotype Ontology:HP:0004904,MONDO:MONDO:0018911,MedGen:C0342276,OMIM:PS125850,Orphanet:552|Human Phenotype Ontology:HP:0005965,Human Phenotype Ontology:HP:0005978,Human Phenotype Ontology:HP:0100652,MONDO:MONDO:0005148,MeSH:D003924,MedGen:C0011860,OMIM:125853|MONDO:MONDO:0011236,MedGen:C1865290,OMIM:602485,Orphanet:79299|MONDO:MONDO:0015967,MedGen:C3888631,Orphanet:183625|",Maturity-onset diabetes of the young type 2|not provided|Permanent neonatal diabetes mellitus 1|Maturity-onset diabetes of the young|Type 2 diabetes mellitus|Hyperinsulinism due to glucokinase deficiency|Monogenic diabetes|GCK-related disorder,germline;unknown,germline,GRCh38,NC_000007.14,7,44147830,44147830,na,na,7p13,reviewed by expert panel,14,-,N,"ClinGen:CA260620,UniProtKB:P35557#VAR_003705,OMIM:138079.0003",3,16134,44147830,G,A,-,-,-,-,-,-,SCV004697914,-,-
31174,single nucleotide variant,NM_000162.5(GCK):c.781G>A (p.Gly261Arg),2645,GCK,HGNC:4195,Pathogenic,1,"Aug 12, 2023",104894008,-,RCV000017515|RCV000426797|RCV001507008|RCV003325940|RCV003445078,"MONDO:MONDO:0007453,MedGen:C0342277,OMIM:125851,Orphanet:552|MedGen:C3661900|Human Phenotype Ontology:HP:0004904,MONDO:MONDO:0018911,MedGen:C0342276,OMIM:PS125850,Orphanet:552|MONDO:MONDO:0015967,MedGen:C3888631,Orphanet:183625|MONDO:MONDO:0010894,MedGen:C1838100,OMIM:600496,Orphanet:552",Maturity-onset diabetes of the young type 2|not provided|Maturity-onset diabetes of the young|Monogenic diabetes|Maturity-onset diabetes of the young type 3,germline;unknown,germline,GRCh37,NC_000007.13,7,44187331,44187331,na,na,7p13,reviewed by expert panel,11,-,N,"ClinGen:CA126211,UniProtKB:P35557#VAR_003708,OMIM:138079.0004",3,16135,44187331,C,T,-,-,-,-,-,-,SCV004032083,-,-
31174,single nucleotide variant,NM_000162.5(GCK):c.781G>A (p.Gly261Arg),2645,GCK,HGNC:4195,Pathogenic,1,"Aug 12, 2023",104894008,-,RCV000017515|RCV000426797|RCV001507008|RCV003325940|RCV003445078,"MONDO:MONDO:0007453,MedGen:C0342277,OMIM:125851,Orphanet:552|MedGen:C3661900|Human Phenotype Ontology:HP:0004904,MONDO:MONDO:0018911,MedGen:C0342276,OMIM:PS125850,Orphanet:552|MONDO:MONDO:0015967,MedGen:C3888631,Orphanet:183625|MONDO:MONDO:0010894,MedGen:C1838100,OMIM:600496,Orphanet:552",Maturity-onset diabetes of the young type 2|not provided|Maturity-onset diabetes of the young|Monogenic diabetes|Maturity-onset diabetes of the young type 3,germline;unknown,germline,GRCh38,NC_000007.14,7,44147732,44147732,na,na,7p13,reviewed by expert panel,11,-,N,"ClinGen:CA126211,UniProtKB:P35557#VAR_003708,OMIM:138079.0004",3,16135,44147732,C,T,-,-,-,-,-,-,SCV004032083,-,-
31175,single nucleotide variant,NM_000162.5(GCK):c.895G>C (p.Gly299Arg),2645,GCK,HGNC:4195,Pathogenic/Likely pathogenic,1,"Dec 24, 2025",104894009,-,RCV000017516|RCV001288185,"MONDO:MONDO:0007453,MedGen:C0342277,OMIM:125851,Orphanet:552|MedGen:C3661900",Maturity-onset diabetes of the young type 2|not provided,germline;unknown,germline,GRCh37,NC_000007.13,7,44186186,44186186,na,na,7p13,"criteria provided, multiple submitters, no conflicts",5,-,N,"ClinGen:CA126212,UniProtKB:P35557#VAR_003710,OMIM:138079.0005",3,16136,44186186,C,G,-,-,-,-,-,-,SCV001475132|SCV005835277|SCV006325214|SCV007346262,-,-
31175,single nucleotide variant,NM_000162.5(GCK):c.895G>C (p.Gly299Arg),2645,GCK,HGNC:4195,Pathogenic/Likely pathogenic,1,"Dec 24, 2025",104894009,-,RCV000017516|RCV001288185,"MONDO:MONDO:0007453,MedGen:C0342277,OMIM:125851,Orphanet:552|MedGen:C3661900",Maturity-onset diabetes of the young type 2|not provided,germline;unknown,germline,GRCh38,NC_000007.14,7,44146587,44146587,na,na,7p13,"criteria provided, multiple submitters, no conflicts",5,-,N,"ClinGen:CA126212,UniProtKB:P35557#VAR_003710,OMIM:138079.0005",3,16136,44146587,C,G,-,-,-,-,-,-,SCV001475132|SCV005835277|SCV006325214|SCV007346262,-,-
31177,single nucleotide variant,NM_000162.5(GCK):c.391T>C (p.Ser131Pro),2645,GCK,HGNC:4195,Likely pathogenic,1,"Jun 13, 2023",104894010,-,RCV000017518|RCV002513078|RCV003147297|RCV003147298|RCV003147299|RCV004730847,"MONDO:MONDO:0007453,MedGen:C0342277,OMIM:125851,Orphanet:552|MedGen:C3661900|Human Phenotype Ontology:HP:0005965,Human Phenotype Ontology:HP:0005978,Human Phenotype Ontology:HP:0100652,MONDO:MONDO:0005148,MeSH:D003924,MedGen:C0011860,OMIM:125853|MONDO:MONDO:0011236,MedGen:C1865290,OMIM:602485,Orphanet:79299|MONDO:MONDO:0100165,MedGen:C5393570,OMIM:606176|",Maturity-onset diabetes of the young type 2|not provided|Type 2 diabetes mellitus|Hyperinsulinism due to glucokinase deficiency|Permanent neonatal diabetes mellitus 1|GCK-related disorder,germline;unknown,germline,GRCh37,NC_000007.13,7,44190647,44190647,na,na,7p13,"criteria provided, multiple submitters, no conflicts",5,-,N,"ClinGen:CA126213,UniProtKB:P35557#VAR_003697,OMIM:138079.0007",3,16138,44190647,A,G,-,-,-,-,-,-,SCV002562171|SCV003439967|SCV003835244|SCV003835349|SCV003835697|SCV003836386,-,-
31177,single nucleotide variant,NM_000162.5(GCK):c.391T>C (p.Ser131Pro),2645,GCK,HGNC:4195,Likely pathogenic,1,"Jun 13, 2023",104894010,-,RCV000017518|RCV002513078|RCV003147297|RCV003147298|RCV003147299|RCV004730847,"MONDO:MONDO:0007453,MedGen:C0342277,OMIM:125851,Orphanet:552|MedGen:C3661900|Human Phenotype Ontology:HP:0005965,Human Phenotype Ontology:HP:0005978,Human Phenotype Ontology:HP:0100652,MONDO:MONDO:0005148,MeSH:D003924,MedGen:C0011860,OMIM:125853|MONDO:MONDO:0011236,MedGen:C1865290,OMIM:602485,Orphanet:79299|MONDO:MONDO:0100165,MedGen:C5393570,OMIM:606176|",Maturity-onset diabetes of the young type 2|not provided|Type 2 diabetes mellitus|Hyperinsulinism due to glucokinase deficiency|Permanent neonatal diabetes mellitus 1|GCK-related disorder,germline;unknown,germline,GRCh38,NC_000007.14,7,44151048,44151048,na,na,7p13,"criteria provided, multiple submitters, no conflicts",5,-,N,"ClinGen:CA126213,UniProtKB:P35557#VAR_003697,OMIM:138079.0007",3,16138,44151048,A,G,-,-,-,-,-,-,SCV002562171|SCV003439967|SCV003835244|SCV003835349|SCV003835697|SCV003836386,-,-
31178,single nucleotide variant,NM_000162.5(GCK):c.793G>T (p.Glu265Ter),2645,GCK,HGNC:4195,Pathogenic,1,"Sep 29, 2022",104894011,-,RCV000017519|RCV000517435,"MONDO:MONDO:0007453,MedGen:C0342277,OMIM:125851,Orphanet:552|MedGen:C3661900",Maturity-onset diabetes of the young type 2|not provided,germline,germline,GRCh37,NC_000007.13,7,44187319,44187319,na,na,7p13,"criteria provided, multiple submitters, no conflicts",3,-,N,"ClinGen:CA126214,OMIM:138079.0008",3,16139,44187319,C,A,-,-,-,-,-,-,SCV000613462|SCV003439895,-,-
31178,single nucleotide variant,NM_000162.5(GCK):c.793G>T (p.Glu265Ter),2645,GCK,HGNC:4195,Pathogenic,1,"Sep 29, 2022",104894011,-,RCV000017519|RCV000517435,"MONDO:MONDO:0007453,MedGen:C0342277,OMIM:125851,Orphanet:552|MedGen:C3661900",Maturity-onset diabetes of the young type 2|not provided,germline,germline,GRCh38,NC_000007.14,7,44147720,44147720,na,na,7p13,"criteria provided, multiple submitters, no conflicts",3,-,N,"ClinGen:CA126214,OMIM:138079.0008",3,16139,44147720,C,A,-,-,-,-,-,-,SCV000613462|SCV003439895,-,-
31179,single nucleotide variant,NM_000162.5(GCK):c.1363G>A (p.Val455Met),2645,GCK,HGNC:4195,Pathogenic,1,"Aug 06, 2022",104894012,-,RCV000017520|RCV002513079,"MONDO:MONDO:0011236,MedGen:C1865290,OMIM:602485,Orphanet:79299|MedGen:C3661900",Hyperinsulinism due to glucokinase deficiency|not provided,germline,germline,GRCh37,NC_000007.13,7,44184770,44184770,na,na,7p13,"criteria provided, single submitter",2,-,N,"ClinGen:CA257432,UniProtKB:P35557#VAR_003715,OMIM:138079.0009",3,16140,44184770,C,T,-,-,-,-,-,-,SCV003440132,-,-
31179,single nucleotide variant,NM_000162.5(GCK):c.1363G>A (p.Val455Met),2645,GCK,HGNC:4195,Pathogenic,1,"Aug 06, 2022",104894012,-,RCV000017520|RCV002513079,"MONDO:MONDO:0011236,MedGen:C1865290,OMIM:602485,Orphanet:79299|MedGen:C3661900",Hyperinsulinism due to glucokinase deficiency|not provided,germline,germline,GRCh38,NC_000007.14,7,44145171,44145171,na,na,7p13,"criteria provided, single submitter",2,-,N,"ClinGen:CA257432,UniProtKB:P35557#VAR_003715,OMIM:138079.0009",3,16140,44145171,C,T,-,-,-,-,-,-,SCV003440132,-,-
31180,single nucleotide variant,NM_000162.5(GCK):c.629T>A (p.Met210Lys),2645,GCK,HGNC:4195,Pathogenic,1,"Jul 30, 2023",80356654,-,RCV000190348|RCV000017521|RCV001281107|RCV003318493,"MONDO:MONDO:0007453,MedGen:C0342277,OMIM:125851,Orphanet:552|MONDO:MONDO:0100164,MedGen:C1833104,OMIM:PS606176,Orphanet:99885|MONDO:MONDO:0100165,MedGen:C5393570,OMIM:606176|MONDO:MONDO:0015967,MedGen:C3888631,Orphanet:183625",Maturity-onset diabetes of the young type 2|Permanent neonatal diabetes mellitus|Permanent neonatal diabetes mellitus 1|Monogenic diabetes,germline;unknown,germline,GRCh37,NC_000007.13,7,44189409,44189409,na,na,7p13,reviewed by expert panel,4,-,N,"ClinGen:CA204367,UniProtKB:P35557#VAR_012351,OMIM:138079.0010",3,16141,44189409,A,T,-,-,-,-,-,-,SCV004022339,-,-
31180,single nucleotide variant,NM_000162.5(GCK):c.629T>A (p.Met210Lys),2645,GCK,HGNC:4195,Pathogenic,1,"Jul 30, 2023",80356654,-,RCV000190348|RCV000017521|RCV001281107|RCV003318493,"MONDO:MONDO:0007453,MedGen:C0342277,OMIM:125851,Orphanet:552|MONDO:MONDO:0100164,MedGen:C1833104,OMIM:PS606176,Orphanet:99885|MONDO:MONDO:0100165,MedGen:C5393570,OMIM:606176|MONDO:MONDO:0015967,MedGen:C3888631,Orphanet:183625",Maturity-onset diabetes of the young type 2|Permanent neonatal diabetes mellitus|Permanent neonatal diabetes mellitus 1|Monogenic diabetes,germline;unknown,germline,GRCh38,NC_000007.14,7,44149810,44149810,na,na,7p13,reviewed by expert panel,4,-,N,"ClinGen:CA204367,UniProtKB:P35557#VAR_012351,OMIM:138079.0010",3,16141,44149810,A,T,-,-,-,-,-,-,SCV004022339,-,-
31182,single nucleotide variant,NM_000162.5(GCK):c.1367C>T (p.Ala456Val),2645,GCK,HGNC:4195,Pathogenic,1,"Jan 28, 2023",104894014,-,RCV000017525|RCV001818166,"MONDO:MONDO:0011236,MedGen:C1865290,OMIM:602485,Orphanet:79299|MedGen:C3661900",Hyperinsulinism due to glucokinase deficiency|not provided,germline,germline,GRCh37,NC_000007.13,7,44184766,44184766,na,na,7p13,"criteria provided, multiple submitters, no conflicts",3,-,N,"ClinGen:CA257433,OMIM:138079.0012",3,16143,44184766,G,A,-,-,-,-,-,-,SCV002069051|SCV004295117,-,-
31182,single nucleotide variant,NM_000162.5(GCK):c.1367C>T (p.Ala456Val),2645,GCK,HGNC:4195,Pathogenic,1,"Jan 28, 2023",104894014,-,RCV000017525|RCV001818166,"MONDO:MONDO:0011236,MedGen:C1865290,OMIM:602485,Orphanet:79299|MedGen:C3661900",Hyperinsulinism due to glucokinase deficiency|not provided,germline,germline,GRCh38,NC_000007.14,7,44145167,44145167,na,na,7p13,"criteria provided, multiple submitters, no conflicts",3,-,N,"ClinGen:CA257433,OMIM:138079.0012",3,16143,44145167,G,A,-,-,-,-,-,-,SCV002069051|SCV004295117,-,-
31183,single nucleotide variant,NM_000162.5(GCK):c.641A>G (p.Tyr214Cys),2645,GCK,HGNC:4195,Pathogenic,1,"Dec 24, 2025",104894015,-,RCV000017526|RCV005089266,"MONDO:MONDO:0011236,MedGen:C1865290,OMIM:602485,Orphanet:79299|MedGen:C3661900",Hyperinsulinism due to glucokinase deficiency|not provided,germline,germline,GRCh37,NC_000007.13,7,44189397,44189397,na,na,7p13,"criteria provided, single submitter",2,-,N,"ClinGen:CA257435,OMIM:138079.0013",3,16144,44189397,T,C,-,-,-,-,-,-,SCV005835119,-,-
31183,single nucleotide variant,NM_000162.5(GCK):c.641A>G (p.Tyr214Cys),2645,GCK,HGNC:4195,Pathogenic,1,"Dec 24, 2025",104894015,-,RCV000017526|RCV005089266,"MONDO:MONDO:0011236,MedGen:C1865290,OMIM:602485,Orphanet:79299|MedGen:C3661900",Hyperinsulinism due to glucokinase deficiency|not provided,germline,germline,GRCh38,NC_000007.14,7,44149798,44149798,na,na,7p13,"criteria provided, single submitter",2,-,N,"ClinGen:CA257435,OMIM:138079.0013",3,16144,44149798,T,C,-,-,-,-,-,-,SCV005835119,-,-
31184,single nucleotide variant,NM_000162.5(GCK):c.1132G>A (p.Ala378Thr),2645,GCK,HGNC:4195,Pathogenic,1,"Aug 07, 2023",104894016,-,RCV000017527|RCV003325941|RCV002513080,"MONDO:MONDO:0007453,MedGen:C0342277,OMIM:125851,Orphanet:552|MONDO:MONDO:0015967,MedGen:C3888631,Orphanet:183625|MedGen:C3661900",Maturity-onset diabetes of the young type 2|Monogenic diabetes|not provided,germline,germline,GRCh37,NC_000007.13,7,44185217,44185217,na,na,7p13,reviewed by expert panel,3,-,N,"ClinGen:CA126216,OMIM:138079.0014",3,16145,44185217,C,T,-,-,-,-,-,-,SCV004032070,-,-
31184,single nucleotide variant,NM_000162.5(GCK):c.1132G>A (p.Ala378Thr),2645,GCK,HGNC:4195,Pathogenic,1,"Aug 07, 2023",104894016,-,RCV000017527|RCV003325941|RCV002513080,"MONDO:MONDO:0007453,MedGen:C0342277,OMIM:125851,Orphanet:552|MONDO:MONDO:0015967,MedGen:C3888631,Orphanet:183625|MedGen:C3661900",Maturity-onset diabetes of the young type 2|Monogenic diabetes|not provided,germline,germline,GRCh38,NC_000007.14,7,44145618,44145618,na,na,7p13,reviewed by expert panel,3,-,N,"ClinGen:CA126216,OMIM:138079.0014",3,16145,44145618,C,T,-,-,-,-,-,-,SCV004032070,-,-
31185,single nucleotide variant,NM_000162.5(GCK):c.271G>Y (p.Val91Leu),2645,GCK,HGNC:4195,Pathogenic,1,"Apr 08, 2010",2484535683,-,RCV000017528,"MONDO:MONDO:0011236,MedGen:C1865290,OMIM:602485,Orphanet:79299",Hyperinsulinism due to glucokinase deficiency,germline,germline,GRCh37,NC_000007.13,7,44191962,44191962,na,na,7p13,no assertion criteria provided,1,-,N,OMIM:138079.0015,1,16146,44191962,C,R,-,-,-,-,-,-,SCV000037800,-,-
31185,single nucleotide variant,NM_000162.5(GCK):c.271G>Y (p.Val91Leu),2645,GCK,HGNC:4195,Pathogenic,1,"Apr 08, 2010",2484535683,-,RCV000017528,"MONDO:MONDO:0011236,MedGen:C1865290,OMIM:602485,Orphanet:79299",Hyperinsulinism due to glucokinase deficiency,germline,germline,GRCh38,NC_000007.14,7,44152363,44152363,na,na,7p13,no assertion criteria provided,1,-,N,OMIM:138079.0015,1,16146,44152363,C,R,-,-,-,-,-,-,SCV000037800,-,-
33488,single nucleotide variant,NM_000352.6(ABCC8):c.2147G>T (p.Gly716Val),6833,ABCC8,HGNC:59,Pathogenic,1,"Sep 01, 1996",72559723,-,RCV000009655|RCV000077845,"MONDO:MONDO:0009734,MedGen:C2931832,OMIM:256450,Orphanet:276575,Orphanet:276598|MedGen:C3661900","Hyperinsulinemic hypoglycemia, familial, 1|not provided",germline;unknown,germline,GRCh37,NC_000011.9,11,17448671,17448671,na,na,11p15.1,no assertion criteria provided,2,-,N,"ClinGen:CA220124,UniProtKB:Q09428#VAR_000100,OMIM:600509.0003",3,18449,17448671,C,A,-,-,-,-,-,-,SCV000029873,-,-
33488,single nucleotide variant,NM_000352.6(ABCC8):c.2147G>T (p.Gly716Val),6833,ABCC8,HGNC:59,Pathogenic,1,"Sep 01, 1996",72559723,-,RCV000009655|RCV000077845,"MONDO:MONDO:0009734,MedGen:C2931832,OMIM:256450,Orphanet:276575,Orphanet:276598|MedGen:C3661900","Hyperinsulinemic hypoglycemia, familial, 1|not provided",germline;unknown,germline,GRCh38,NC_000011.10,11,17427124,17427124,na,na,11p15.1,no assertion criteria provided,2,-,N,"ClinGen:CA220124,UniProtKB:Q09428#VAR_000100,OMIM:600509.0003",3,18449,17427124,C,A,-,-,-,-,-,-,SCV000029873,-,-
33927,single nucleotide variant,NM_000162.5(GCK):c.1019+2T>G,2645,GCK,HGNC:4195,Pathogenic,1,"Feb 23, 2024",193929376,-,RCV000020164|RCV000599197|RCV003883121,"MONDO:MONDO:0100164,MedGen:C1833104,OMIM:PS606176,Orphanet:99885|MedGen:C3661900|MONDO:MONDO:0015967,MedGen:C3888631,Orphanet:183625",Permanent neonatal diabetes mellitus|not provided|Monogenic diabetes,germline;unknown,germline,GRCh37,NC_000007.13,7,44186060,44186060,na,na,7p13,reviewed by expert panel,4,-,N,ClinGen:CA341584,3,21075,44186060,A,C,-,-,-,-,-,-,SCV004697925,-,-
33927,single nucleotide variant,NM_000162.5(GCK):c.1019+2T>G,2645,GCK,HGNC:4195,Pathogenic,1,"Feb 23, 2024",193929376,-,RCV000020164|RCV000599197|RCV003883121,"MONDO:MONDO:0100164,MedGen:C1833104,OMIM:PS606176,Orphanet:99885|MedGen:C3661900|MONDO:MONDO:0015967,MedGen:C3888631,Orphanet:183625",Permanent neonatal diabetes mellitus|not provided|Monogenic diabetes,germline;unknown,germline,GRCh38,NC_000007.14,7,44146461,44146461,na,na,7p13,reviewed by expert panel,4,-,N,ClinGen:CA341584,3,21075,44146461,A,C,-,-,-,-,-,-,SCV004697925,-,-
33928,single nucleotide variant,NM_000162.5(GCK):c.1133C>T (p.Ala378Val),2645,GCK,HGNC:4195,Pathogenic,1,"Aug 08, 2023",193929374,-,RCV000020165|RCV003325943|RCV003556055,"MONDO:MONDO:0100164,MedGen:C1833104,OMIM:PS606176,Orphanet:99885|MONDO:MONDO:0015967,MedGen:C3888631,Orphanet:183625|MedGen:C3661900",Permanent neonatal diabetes mellitus|Monogenic diabetes|not provided,germline;unknown,germline,GRCh37,NC_000007.13,7,44185216,44185216,na,na,7p13,reviewed by expert panel,3,-,N,ClinGen:CA341585,3,21076,44185216,G,A,-,-,-,-,-,-,SCV004032113,-,-
33928,single nucleotide variant,NM_000162.5(GCK):c.1133C>T (p.Ala378Val),2645,GCK,HGNC:4195,Pathogenic,1,"Aug 08, 2023",193929374,-,RCV000020165|RCV003325943|RCV003556055,"MONDO:MONDO:0100164,MedGen:C1833104,OMIM:PS606176,Orphanet:99885|MONDO:MONDO:0015967,MedGen:C3888631,Orphanet:183625|MedGen:C3661900",Permanent neonatal diabetes mellitus|Monogenic diabetes|not provided,germline;unknown,germline,GRCh38,NC_000007.14,7,44145617,44145617,na,na,7p13,reviewed by expert panel,3,-,N,ClinGen:CA341585,3,21076,44145617,G,A,-,-,-,-,-,-,SCV004032113,-,-
33929,single nucleotide variant,NM_000162.5(GCK):c.1190G>T (p.Arg397Leu),2645,GCK,HGNC:4195,Pathogenic,1,"Jul 16, 2023",193929375,-,RCV000020166|RCV000518294|RCV003318494,"MONDO:MONDO:0100164,MedGen:C1833104,OMIM:PS606176,Orphanet:99885|MedGen:C3661900|MONDO:MONDO:0015967,MedGen:C3888631,Orphanet:183625",Permanent neonatal diabetes mellitus|not provided|Monogenic diabetes,germline;unknown,germline,GRCh37,NC_000007.13,7,44185159,44185159,na,na,7p13,reviewed by expert panel,3,-,N,ClinGen:CA341587,3,21077,44185159,C,A,-,-,-,-,-,-,SCV004022327,-,-
33929,single nucleotide variant,NM_000162.5(GCK):c.1190G>T (p.Arg397Leu),2645,GCK,HGNC:4195,Pathogenic,1,"Jul 16, 2023",193929375,-,RCV000020166|RCV000518294|RCV003318494,"MONDO:MONDO:0100164,MedGen:C1833104,OMIM:PS606176,Orphanet:99885|MedGen:C3661900|MONDO:MONDO:0015967,MedGen:C3888631,Orphanet:183625",Permanent neonatal diabetes mellitus|not provided|Monogenic diabetes,germline;unknown,germline,GRCh38,NC_000007.14,7,44145560,44145560,na,na,7p13,reviewed by expert panel,3,-,N,ClinGen:CA341587,3,21077,44145560,C,A,-,-,-,-,-,-,SCV004022327,-,-
33930,single nucleotide variant,NM_000162.5(GCK):c.790G>A (p.Gly264Ser),2645,GCK,HGNC:4195,Pathogenic,1,"Nov 02, 2023",193929373,-,RCV000020168|RCV003398550|RCV005646843|RCV006461188,"MONDO:MONDO:0100164,MedGen:C1833104,OMIM:PS606176,Orphanet:99885|MONDO:MONDO:0015967,MedGen:C3888631,Orphanet:183625|MONDO:MONDO:0100165,MedGen:C5393570,OMIM:606176|MedGen:C3661900",Permanent neonatal diabetes mellitus|Monogenic diabetes|Permanent neonatal diabetes mellitus 1|not provided,germline;unknown,germline,GRCh37,NC_000007.13,7,44187322,44187322,na,na,7p13,reviewed by expert panel,4,-,N,ClinGen:CA341589,3,21078,44187322,C,T,-,-,-,-,-,-,SCV004102864,-,-
33930,single nucleotide variant,NM_000162.5(GCK):c.790G>A (p.Gly264Ser),2645,GCK,HGNC:4195,Pathogenic,1,"Nov 02, 2023",193929373,-,RCV000020168|RCV003398550|RCV005646843|RCV006461188,"MONDO:MONDO:0100164,MedGen:C1833104,OMIM:PS606176,Orphanet:99885|MONDO:MONDO:0015967,MedGen:C3888631,Orphanet:183625|MONDO:MONDO:0100165,MedGen:C5393570,OMIM:606176|MedGen:C3661900",Permanent neonatal diabetes mellitus|Monogenic diabetes|Permanent neonatal diabetes mellitus 1|not provided,germline;unknown,germline,GRCh38,NC_000007.14,7,44147723,44147723,na,na,7p13,reviewed by expert panel,4,-,N,ClinGen:CA341589,3,21078,44147723,C,T,-,-,-,-,-,-,SCV004102864,-,-
34017,single nucleotide variant,NM_000352.6(ABCC8):c.257T>C (p.Val86Ala),6833,ABCC8,HGNC:59,Conflicting classifications of pathogenicity,1,"Jul 18, 2024",193929360,-,RCV000020285|RCV003137539,"MONDO:MONDO:0100164,MedGen:C1833104,OMIM:PS606176,Orphanet:99885|MedGen:C3661900",Permanent neonatal diabetes mellitus|not provided,germline;unknown,germline,GRCh37,NC_000011.9,11,17496466,17496466,na,na,11p15.1,"criteria provided, conflicting classifications",3,-,N,"ClinGen:CA341686,UniProtKB:Q09428#VAR_031354",3,21165,17496466,A,G,-,-,-,-,-,-,SCV003824366|SCV005685667,-,-
34017,single nucleotide variant,NM_000352.6(ABCC8):c.257T>C (p.Val86Ala),6833,ABCC8,HGNC:59,Conflicting classifications of pathogenicity,1,"Jul 18, 2024",193929360,-,RCV000020285|RCV003137539,"MONDO:MONDO:0100164,MedGen:C1833104,OMIM:PS606176,Orphanet:99885|MedGen:C3661900",Permanent neonatal diabetes mellitus|not provided,germline;unknown,germline,GRCh38,NC_000011.10,11,17474919,17474919,na,na,11p15.1,"criteria provided, conflicting classifications",3,-,N,"ClinGen:CA341686,UniProtKB:Q09428#VAR_031354",3,21165,17474919,A,G,-,-,-,-,-,-,SCV003824366|SCV005685667,-,-
34018,single nucleotide variant,NM_000352.6(ABCC8):c.394T>G (p.Phe132Val),6833,ABCC8,HGNC:59,not provided,0,"Oct 02, 2015",80356637,-,RCV000020287|RCV000029258,"MONDO:MONDO:0100164,MedGen:C1833104,OMIM:PS606176,Orphanet:99885|MONDO:MONDO:0016391,MedGen:C0158981,Orphanet:224",Permanent neonatal diabetes mellitus|Neonatal diabetes mellitus,germline;unknown,germline,GRCh37,NC_000011.9,11,17491666,17491666,na,na,11p15.1,no classification provided,2,-,N,"ClinGen:CA213451,UniProtKB:Q09428#VAR_072931",3,21166,17491666,A,C,-,-,-,-,-,-,SCV000040646|SCV000051904,-,-
34018,single nucleotide variant,NM_000352.6(ABCC8):c.394T>G (p.Phe132Val),6833,ABCC8,HGNC:59,not provided,0,"Oct 02, 2015",80356637,-,RCV000020287|RCV000029258,"MONDO:MONDO:0100164,MedGen:C1833104,OMIM:PS606176,Orphanet:99885|MONDO:MONDO:0016391,MedGen:C0158981,Orphanet:224",Permanent neonatal diabetes mellitus|Neonatal diabetes mellitus,germline;unknown,germline,GRCh38,NC_000011.10,11,17470119,17470119,na,na,11p15.1,no classification provided,2,-,N,"ClinGen:CA213451,UniProtKB:Q09428#VAR_072931",3,21166,17470119,A,C,-,-,-,-,-,-,SCV000040646|SCV000051904,-,-
34019,single nucleotide variant,NM_000352.6(ABCC8):c.404T>C (p.Leu135Pro),6833,ABCC8,HGNC:59,not provided,0,-,193929364,-,RCV000020288,"MONDO:MONDO:0100164,MedGen:C1833104,OMIM:PS606176,Orphanet:99885",Permanent neonatal diabetes mellitus,unknown,unknown,GRCh37,NC_000011.9,11,17491656,17491656,na,na,11p15.1,no classification provided,1,-,N,ClinGen:CA341688,1,21167,17491656,A,G,-,-,-,-,-,-,SCV000040647,-,-
34019,single nucleotide variant,NM_000352.6(ABCC8):c.404T>C (p.Leu135Pro),6833,ABCC8,HGNC:59,not provided,0,-,193929364,-,RCV000020288,"MONDO:MONDO:0100164,MedGen:C1833104,OMIM:PS606176,Orphanet:99885",Permanent neonatal diabetes mellitus,unknown,unknown,GRCh38,NC_000011.10,11,17470109,17470109,na,na,11p15.1,no classification provided,1,-,N,ClinGen:CA341688,1,21167,17470109,A,G,-,-,-,-,-,-,SCV000040647,-,-
34020,single nucleotide variant,NM_000352.6(ABCC8):c.627C>A (p.Asp209Glu),6833,ABCC8,HGNC:59,not provided,0,-,80356640,-,RCV000020289,"MONDO:MONDO:0100164,MedGen:C1833104,OMIM:PS606176,Orphanet:99885",Permanent neonatal diabetes mellitus,unknown,unknown,GRCh37,NC_000011.9,11,17483325,17483325,na,na,11p15.1,no classification provided,1,-,N,"ClinGen:CA341691,UniProtKB:Q09428#VAR_072934",1,21168,17483325,G,T,-,-,-,-,-,-,SCV000040649,-,-
34020,single nucleotide variant,NM_000352.6(ABCC8):c.627C>A (p.Asp209Glu),6833,ABCC8,HGNC:59,not provided,0,-,80356640,-,RCV000020289,"MONDO:MONDO:0100164,MedGen:C1833104,OMIM:PS606176,Orphanet:99885",Permanent neonatal diabetes mellitus,unknown,unknown,GRCh38,NC_000011.10,11,17461778,17461778,na,na,11p15.1,no classification provided,1,-,N,"ClinGen:CA341691,UniProtKB:Q09428#VAR_072934",1,21168,17461778,G,T,-,-,-,-,-,-,SCV000040649,-,-
34021,single nucleotide variant,NM_000352.6(ABCC8):c.631C>A (p.Gln211Lys),6833,ABCC8,HGNC:59,Pathogenic,1,"Dec 04, 2023",193929366,-,RCV000020290|RCV003556056,"MONDO:MONDO:0100164,MedGen:C1833104,OMIM:PS606176,Orphanet:99885|MedGen:C3661900",Permanent neonatal diabetes mellitus|not provided,germline;unknown,germline,GRCh37,NC_000011.9,11,17483321,17483321,na,na,11p15.1,"criteria provided, multiple submitters, no conflicts",3,-,N,"ClinGen:CA341693,UniProtKB:Q09428#VAR_072935",3,21169,17483321,G,T,-,-,-,-,-,-,SCV004295393|SCV005325038,-,-
34021,single nucleotide variant,NM_000352.6(ABCC8):c.631C>A (p.Gln211Lys),6833,ABCC8,HGNC:59,Pathogenic,1,"Dec 04, 2023",193929366,-,RCV000020290|RCV003556056,"MONDO:MONDO:0100164,MedGen:C1833104,OMIM:PS606176,Orphanet:99885|MedGen:C3661900",Permanent neonatal diabetes mellitus|not provided,germline;unknown,germline,GRCh38,NC_000011.10,11,17461774,17461774,na,na,11p15.1,"criteria provided, multiple submitters, no conflicts",3,-,N,"ClinGen:CA341693,UniProtKB:Q09428#VAR_072935",3,21169,17461774,G,T,-,-,-,-,-,-,SCV004295393|SCV005325038,-,-
34022,single nucleotide variant,NM_000352.6(ABCC8):c.674T>C (p.Leu225Pro),6833,ABCC8,HGNC:59,Pathogenic/Likely pathogenic,1,"Sep 13, 2024",1048095,-,RCV000020291|RCV002051791,"MONDO:MONDO:0100164,MedGen:C1833104,OMIM:PS606176,Orphanet:99885|MONDO:MONDO:0016391,MedGen:C0158981,Orphanet:224",Permanent neonatal diabetes mellitus|Neonatal diabetes mellitus,germline;unknown,germline,GRCh37,NC_000011.9,11,17483278,17483278,na,na,11p15.1,"criteria provided, multiple submitters, no conflicts",3,-,N,"ClinGen:CA341695,UniProtKB:Q09428#VAR_072936",3,21170,17483278,A,G,-,-,-,-,-,-,SCV002318406|SCV005394448,-,-
34022,single nucleotide variant,NM_000352.6(ABCC8):c.674T>C (p.Leu225Pro),6833,ABCC8,HGNC:59,Pathogenic/Likely pathogenic,1,"Sep 13, 2024",1048095,-,RCV000020291|RCV002051791,"MONDO:MONDO:0100164,MedGen:C1833104,OMIM:PS606176,Orphanet:99885|MONDO:MONDO:0016391,MedGen:C0158981,Orphanet:224",Permanent neonatal diabetes mellitus|Neonatal diabetes mellitus,germline;unknown,germline,GRCh38,NC_000011.10,11,17461731,17461731,na,na,11p15.1,"criteria provided, multiple submitters, no conflicts",3,-,N,"ClinGen:CA341695,UniProtKB:Q09428#VAR_072936",3,21170,17461731,A,G,-,-,-,-,-,-,SCV002318406|SCV005394448,-,-
34045,single nucleotide variant,NM_000525.4(KCNJ11):c.1001G>A (p.Gly334Asp),3767,KCNJ11,HGNC:6257,Benign,0,-,193929358,-,RCV000020344|RCV002227043,"MONDO:MONDO:0100164,MedGen:C1833104,OMIM:PS606176,Orphanet:99885|Human Phenotype Ontology:HP:0008255,MONDO:MONDO:0020525,MedGen:C0342273",Permanent neonatal diabetes mellitus|Transitory neonatal diabetes mellitus,somatic;unknown,somatic,GRCh37,NC_000011.9,11,17408638,17408638,na,na,11p15.1,"criteria provided, single submitter",2,-,N,ClinGen:CA341712,3,21193,17408638,C,T,-,-,-,-,-,-,SCV002505931,-,-
34045,single nucleotide variant,NM_000525.4(KCNJ11):c.1001G>A (p.Gly334Asp),3767,KCNJ11,HGNC:6257,Benign,0,-,193929358,-,RCV000020344|RCV002227043,"MONDO:MONDO:0100164,MedGen:C1833104,OMIM:PS606176,Orphanet:99885|Human Phenotype Ontology:HP:0008255,MONDO:MONDO:0020525,MedGen:C0342273",Permanent neonatal diabetes mellitus|Transitory neonatal diabetes mellitus,somatic;unknown,somatic,GRCh38,NC_000011.10,11,17387091,17387091,na,na,11p15.1,"criteria provided, single submitter",2,-,N,ClinGen:CA341712,3,21193,17387091,C,T,-,-,-,-,-,-,SCV002505931,-,-
34046,single nucleotide variant,NM_000525.4(KCNJ11):c.103T>C (p.Phe35Leu),3767,KCNJ11,HGNC:6257,Benign,0,-,193929333,-,RCV000020345|RCV002226651,"MONDO:MONDO:0100164,MedGen:C1833104,OMIM:PS606176,Orphanet:99885|Human Phenotype Ontology:HP:0001998,MedGen:C0158986",Permanent neonatal diabetes mellitus|Neonatal hypoglycemia,somatic;unknown,somatic,GRCh37,NC_000011.9,11,17409536,17409536,na,na,11p15.1,"criteria provided, single submitter",2,-,N,ClinGen:CA341714,3,21194,17409536,A,G,-,-,-,-,-,-,SCV002505476,-,-
34046,single nucleotide variant,NM_000525.4(KCNJ11):c.103T>C (p.Phe35Leu),3767,KCNJ11,HGNC:6257,Benign,0,-,193929333,-,RCV000020345|RCV002226651,"MONDO:MONDO:0100164,MedGen:C1833104,OMIM:PS606176,Orphanet:99885|Human Phenotype Ontology:HP:0001998,MedGen:C0158986",Permanent neonatal diabetes mellitus|Neonatal hypoglycemia,somatic;unknown,somatic,GRCh38,NC_000011.10,11,17387989,17387989,na,na,11p15.1,"criteria provided, single submitter",2,-,N,ClinGen:CA341714,3,21194,17387989,A,G,-,-,-,-,-,-,SCV002505476,-,-
34047,single nucleotide variant,NM_000525.4(KCNJ11):c.103T>G (p.Phe35Val),3767,KCNJ11,HGNC:6257,not provided,0,-,193929333,-,RCV000020346,"MONDO:MONDO:0100164,MedGen:C1833104,OMIM:PS606176,Orphanet:99885",Permanent neonatal diabetes mellitus,unknown,unknown,GRCh37,NC_000011.9,11,17409536,17409536,na,na,11p15.1,no classification provided,1,-,N,ClinGen:CA341716,1,21195,17409536,A,C,-,-,-,-,-,-,SCV000040722,-,-
34047,single nucleotide variant,NM_000525.4(KCNJ11):c.103T>G (p.Phe35Val),3767,KCNJ11,HGNC:6257,not provided,0,-,193929333,-,RCV000020346,"MONDO:MONDO:0100164,MedGen:C1833104,OMIM:PS606176,Orphanet:99885",Permanent neonatal diabetes mellitus,unknown,unknown,GRCh38,NC_000011.10,11,17387989,17387989,na,na,11p15.1,no classification provided,1,-,N,ClinGen:CA341716,1,21195,17387989,A,C,-,-,-,-,-,-,SCV000040722,-,-
34048,single nucleotide variant,NM_000525.4(KCNJ11):c.155A>G (p.Gln52Arg),3767,KCNJ11,HGNC:6257,Benign,0,-,193929337,-,RCV000020348|RCV002227044,"MONDO:MONDO:0100164,MedGen:C1833104,OMIM:PS606176,Orphanet:99885|Human Phenotype Ontology:HP:0008255,MONDO:MONDO:0020525,MedGen:C0342273",Permanent neonatal diabetes mellitus|Transitory neonatal diabetes mellitus,somatic;unknown,somatic,GRCh37,NC_000011.9,11,17409484,17409484,na,na,11p15.1,"criteria provided, single submitter",2,-,N,ClinGen:CA341718,3,21196,17409484,T,C,-,-,-,-,-,-,SCV002505929,-,-
34048,single nucleotide variant,NM_000525.4(KCNJ11):c.155A>G (p.Gln52Arg),3767,KCNJ11,HGNC:6257,Benign,0,-,193929337,-,RCV000020348|RCV002227044,"MONDO:MONDO:0100164,MedGen:C1833104,OMIM:PS606176,Orphanet:99885|Human Phenotype Ontology:HP:0008255,MONDO:MONDO:0020525,MedGen:C0342273",Permanent neonatal diabetes mellitus|Transitory neonatal diabetes mellitus,somatic;unknown,somatic,GRCh38,NC_000011.10,11,17387937,17387937,na,na,11p15.1,"criteria provided, single submitter",2,-,N,ClinGen:CA341718,3,21196,17387937,T,C,-,-,-,-,-,-,SCV002505929,-,-
34049,single nucleotide variant,NM_000525.4(KCNJ11):c.497G>A (p.Cys166Tyr),3767,KCNJ11,HGNC:6257,not provided,0,-,80356618,-,RCV000020351,"MONDO:MONDO:0100164,MedGen:C1833104,OMIM:PS606176,Orphanet:99885",Permanent neonatal diabetes mellitus,unknown,unknown,GRCh37,NC_000011.9,11,17409142,17409142,na,na,11p15.1,no classification provided,1,-,N,ClinGen:CA341720,1,21197,17409142,C,T,-,-,-,-,-,-,SCV000040731,-,-
34049,single nucleotide variant,NM_000525.4(KCNJ11):c.497G>A (p.Cys166Tyr),3767,KCNJ11,HGNC:6257,not provided,0,-,80356618,-,RCV000020351,"MONDO:MONDO:0100164,MedGen:C1833104,OMIM:PS606176,Orphanet:99885",Permanent neonatal diabetes mellitus,unknown,unknown,GRCh38,NC_000011.10,11,17387595,17387595,na,na,11p15.1,no classification provided,1,-,N,ClinGen:CA341720,1,21197,17387595,C,T,-,-,-,-,-,-,SCV000040731,-,-
34050,single nucleotide variant,NM_000525.4(KCNJ11):c.544A>G (p.Ile182Val),3767,KCNJ11,HGNC:6257,Benign,0,-,193929348,-,RCV000020354|RCV002227045,"MONDO:MONDO:0100164,MedGen:C1833104,OMIM:PS606176,Orphanet:99885|Human Phenotype Ontology:HP:0008255,MONDO:MONDO:0020525,MedGen:C0342273",Permanent neonatal diabetes mellitus|Transitory neonatal diabetes mellitus,somatic;unknown,somatic,GRCh37,NC_000011.9,11,17409095,17409095,na,na,11p15.1,"criteria provided, single submitter",2,-,N,ClinGen:CA341722,3,21198,17409095,T,C,-,-,-,-,-,-,SCV002505930,-,-
34050,single nucleotide variant,NM_000525.4(KCNJ11):c.544A>G (p.Ile182Val),3767,KCNJ11,HGNC:6257,Benign,0,-,193929348,-,RCV000020354|RCV002227045,"MONDO:MONDO:0100164,MedGen:C1833104,OMIM:PS606176,Orphanet:99885|Human Phenotype Ontology:HP:0008255,MONDO:MONDO:0020525,MedGen:C0342273",Permanent neonatal diabetes mellitus|Transitory neonatal diabetes mellitus,somatic;unknown,somatic,GRCh38,NC_000011.10,11,17387548,17387548,na,na,11p15.1,"criteria provided, single submitter",2,-,N,ClinGen:CA341722,3,21198,17387548,T,C,-,-,-,-,-,-,SCV002505930,-,-
34051,single nucleotide variant,NM_000525.4(KCNJ11):c.602G>T (p.Arg201Leu),3767,KCNJ11,HGNC:6257,not provided,0,-,80356624,-,RCV000020355,"MONDO:MONDO:0100164,MedGen:C1833104,OMIM:PS606176,Orphanet:99885",Permanent neonatal diabetes mellitus,unknown,unknown,GRCh37,NC_000011.9,11,17409037,17409037,na,na,11p15.1,no classification provided,1,-,N,ClinGen:CA341724,1,21199,17409037,C,A,-,-,-,-,-,-,SCV000040739,-,-
34051,single nucleotide variant,NM_000525.4(KCNJ11):c.602G>T (p.Arg201Leu),3767,KCNJ11,HGNC:6257,not provided,0,-,80356624,-,RCV000020355,"MONDO:MONDO:0100164,MedGen:C1833104,OMIM:PS606176,Orphanet:99885",Permanent neonatal diabetes mellitus,unknown,unknown,GRCh38,NC_000011.10,11,17387490,17387490,na,na,11p15.1,no classification provided,1,-,N,ClinGen:CA341724,1,21199,17387490,C,A,-,-,-,-,-,-,SCV000040739,-,-
34052,single nucleotide variant,NM_000525.4(KCNJ11):c.755T>C (p.Val252Ala),3767,KCNJ11,HGNC:6257,Conflicting classifications of pathogenicity,1,"Aug 08, 2023",193929352,-,RCV000020357|RCV002227046|RCV003556057,"MONDO:MONDO:0100164,MedGen:C1833104,OMIM:PS606176,Orphanet:99885|Human Phenotype Ontology:HP:0008255,MONDO:MONDO:0020525,MedGen:C0342273|MedGen:C3661900",Permanent neonatal diabetes mellitus|Transitory neonatal diabetes mellitus|not provided,germline;somatic;unknown,germline/somatic,GRCh37,NC_000011.9,11,17408884,17408884,na,na,11p15.1,"criteria provided, conflicting classifications",3,-,N,ClinGen:CA341726,3,21200,17408884,A,G,-,-,-,-,-,-,SCV002506503|SCV004295359,-,-
34052,single nucleotide variant,NM_000525.4(KCNJ11):c.755T>C (p.Val252Ala),3767,KCNJ11,HGNC:6257,Conflicting classifications of pathogenicity,1,"Aug 08, 2023",193929352,-,RCV000020357|RCV002227046|RCV003556057,"MONDO:MONDO:0100164,MedGen:C1833104,OMIM:PS606176,Orphanet:99885|Human Phenotype Ontology:HP:0008255,MONDO:MONDO:0020525,MedGen:C0342273|MedGen:C3661900",Permanent neonatal diabetes mellitus|Transitory neonatal diabetes mellitus|not provided,germline;somatic;unknown,germline/somatic,GRCh38,NC_000011.10,11,17387337,17387337,na,na,11p15.1,"criteria provided, conflicting classifications",3,-,N,ClinGen:CA341726,3,21200,17387337,A,G,-,-,-,-,-,-,SCV002506503|SCV004295359,-,-
34053,single nucleotide variant,NM_000525.4(KCNJ11):c.886A>C (p.Ile296Leu),3767,KCNJ11,HGNC:6257,drug response,0,-,193929353,-,RCV000020358|RCV002247374,"MONDO:MONDO:0100164,MedGen:C1833104,OMIM:PS606176,Orphanet:99885|",Permanent neonatal diabetes mellitus|sulfonylureas response,somatic;unknown,somatic,GRCh37,NC_000011.9,11,17408753,17408753,na,na,11p15.1,"criteria provided, single submitter",2,-,N,ClinGen:CA341728,3,21201,17408753,T,G,-,-,-,-,-,-,SCV002512140,-,-
34053,single nucleotide variant,NM_000525.4(KCNJ11):c.886A>C (p.Ile296Leu),3767,KCNJ11,HGNC:6257,drug response,0,-,193929353,-,RCV000020358|RCV002247374,"MONDO:MONDO:0100164,MedGen:C1833104,OMIM:PS606176,Orphanet:99885|",Permanent neonatal diabetes mellitus|sulfonylureas response,somatic;unknown,somatic,GRCh38,NC_000011.10,11,17387206,17387206,na,na,11p15.1,"criteria provided, single submitter",2,-,N,ClinGen:CA341728,3,21201,17387206,T,G,-,-,-,-,-,-,SCV002512140,-,-
34054,single nucleotide variant,NM_000525.4(KCNJ11):c.886A>G (p.Ile296Val),3767,KCNJ11,HGNC:6257,not provided,0,-,193929353,-,RCV000020359,"MONDO:MONDO:0100164,MedGen:C1833104,OMIM:PS606176,Orphanet:99885",Permanent neonatal diabetes mellitus,unknown,unknown,GRCh37,NC_000011.9,11,17408753,17408753,na,na,11p15.1,no classification provided,1,-,N,ClinGen:CA341730,1,21202,17408753,T,C,-,-,-,-,-,-,SCV000040743,-,-
34054,single nucleotide variant,NM_000525.4(KCNJ11):c.886A>G (p.Ile296Val),3767,KCNJ11,HGNC:6257,not provided,0,-,193929353,-,RCV000020359,"MONDO:MONDO:0100164,MedGen:C1833104,OMIM:PS606176,Orphanet:99885",Permanent neonatal diabetes mellitus,unknown,unknown,GRCh38,NC_000011.10,11,17387206,17387206,na,na,11p15.1,no classification provided,1,-,N,ClinGen:CA341730,1,21202,17387206,T,C,-,-,-,-,-,-,SCV000040743,-,-
34055,single nucleotide variant,NM_000525.4(KCNJ11):c.964G>A (p.Glu322Lys),3767,KCNJ11,HGNC:6257,Pathogenic,1,"Jul 18, 2025",193929355,-,RCV000020360|RCV000146122|RCV002227047|RCV003556058,"MONDO:MONDO:0100164,MedGen:C1833104,OMIM:PS606176,Orphanet:99885|Human Phenotype Ontology:HP:0000819,Human Phenotype Ontology:HP:0004908,Human Phenotype Ontology:HP:0008217,Human Phenotype Ontology:HP:0008234,Human Phenotype Ontology:HP:0008260,MONDO:MONDO:0005015,MedGen:C0011849|Human Phenotype Ontology:HP:0008255,MONDO:MONDO:0020525,MedGen:C0342273|MedGen:C3661900",Permanent neonatal diabetes mellitus|Diabetes mellitus|Transitory neonatal diabetes mellitus|not provided,germline;somatic;unknown,germline/somatic,GRCh37,NC_000011.9,11,17408675,17408675,na,na,11p15.1,"criteria provided, multiple submitters, no conflicts",5,-,N,ClinGen:CA172352,3,21203,17408675,C,T,-,-,-,-,-,-,SCV000193339|SCV004295356|SCV007094382,-,-
34055,single nucleotide variant,NM_000525.4(KCNJ11):c.964G>A (p.Glu322Lys),3767,KCNJ11,HGNC:6257,Pathogenic,1,"Jul 18, 2025",193929355,-,RCV000020360|RCV000146122|RCV002227047|RCV003556058,"MONDO:MONDO:0100164,MedGen:C1833104,OMIM:PS606176,Orphanet:99885|Human Phenotype Ontology:HP:0000819,Human Phenotype Ontology:HP:0004908,Human Phenotype Ontology:HP:0008217,Human Phenotype Ontology:HP:0008234,Human Phenotype Ontology:HP:0008260,MONDO:MONDO:0005015,MedGen:C0011849|Human Phenotype Ontology:HP:0008255,MONDO:MONDO:0020525,MedGen:C0342273|MedGen:C3661900",Permanent neonatal diabetes mellitus|Diabetes mellitus|Transitory neonatal diabetes mellitus|not provided,germline;somatic;unknown,germline/somatic,GRCh38,NC_000011.10,11,17387128,17387128,na,na,11p15.1,"criteria provided, multiple submitters, no conflicts",5,-,N,ClinGen:CA172352,3,21203,17387128,C,T,-,-,-,-,-,-,SCV000193339|SCV004295356|SCV007094382,-,-
34056,single nucleotide variant,NM_000525.4(KCNJ11):c.989A>G (p.Tyr330Cys),3767,KCNJ11,HGNC:6257,Pathogenic/Likely pathogenic,1,"Jun 16, 2023",193929356,-,RCV000020361|RCV000146124|RCV002226652|RCV003556059,"MONDO:MONDO:0100164,MedGen:C1833104,OMIM:PS606176,Orphanet:99885|Human Phenotype Ontology:HP:0000857,MedGen:C3278636|Human Phenotype Ontology:HP:0005965,Human Phenotype Ontology:HP:0005978,Human Phenotype Ontology:HP:0100652,MONDO:MONDO:0005148,MeSH:D003924,MedGen:C0011860,OMIM:125853|MedGen:C3661900",Permanent neonatal diabetes mellitus|Neonatal insulin-dependent diabetes mellitus|Type 2 diabetes mellitus|not provided,germline;somatic;unknown,germline/somatic,GRCh37,NC_000011.9,11,17408650,17408650,na,na,11p15.1,"criteria provided, multiple submitters, no conflicts",4,-,N,ClinGen:CA172356,3,21204,17408650,T,C,-,-,-,-,-,-,SCV000193341|SCV002505652|SCV004295355,-,-
34056,single nucleotide variant,NM_000525.4(KCNJ11):c.989A>G (p.Tyr330Cys),3767,KCNJ11,HGNC:6257,Pathogenic/Likely pathogenic,1,"Jun 16, 2023",193929356,-,RCV000020361|RCV000146124|RCV002226652|RCV003556059,"MONDO:MONDO:0100164,MedGen:C1833104,OMIM:PS606176,Orphanet:99885|Human Phenotype Ontology:HP:0000857,MedGen:C3278636|Human Phenotype Ontology:HP:0005965,Human Phenotype Ontology:HP:0005978,Human Phenotype Ontology:HP:0100652,MONDO:MONDO:0005148,MeSH:D003924,MedGen:C0011860,OMIM:125853|MedGen:C3661900",Permanent neonatal diabetes mellitus|Neonatal insulin-dependent diabetes mellitus|Type 2 diabetes mellitus|not provided,germline;somatic;unknown,germline/somatic,GRCh38,NC_000011.10,11,17387103,17387103,na,na,11p15.1,"criteria provided, multiple submitters, no conflicts",4,-,N,ClinGen:CA172356,3,21204,17387103,T,C,-,-,-,-,-,-,SCV000193341|SCV002505652|SCV004295355,-,-
34057,single nucleotide variant,NM_000525.4(KCNJ11):c.997T>A (p.Phe333Ile),3767,KCNJ11,HGNC:6257,Benign,0,-,193929357,-,RCV000020362|RCV002226653,"MONDO:MONDO:0100164,MedGen:C1833104,OMIM:PS606176,Orphanet:99885|Human Phenotype Ontology:HP:0001998,MedGen:C0158986",Permanent neonatal diabetes mellitus|Neonatal hypoglycemia,somatic;unknown,somatic,GRCh37,NC_000011.9,11,17408642,17408642,na,na,11p15.1,"criteria provided, single submitter",2,-,N,ClinGen:CA341732,3,21205,17408642,A,T,-,-,-,-,-,-,SCV002505651,-,-
34057,single nucleotide variant,NM_000525.4(KCNJ11):c.997T>A (p.Phe333Ile),3767,KCNJ11,HGNC:6257,Benign,0,-,193929357,-,RCV000020362|RCV002226653,"MONDO:MONDO:0100164,MedGen:C1833104,OMIM:PS606176,Orphanet:99885|Human Phenotype Ontology:HP:0001998,MedGen:C0158986",Permanent neonatal diabetes mellitus|Neonatal hypoglycemia,somatic;unknown,somatic,GRCh38,NC_000011.10,11,17387095,17387095,na,na,11p15.1,"criteria provided, single submitter",2,-,N,ClinGen:CA341732,3,21205,17387095,A,T,-,-,-,-,-,-,SCV002505651,-,-
39091,single nucleotide variant,NM_000525.4(KCNJ11):c.179T>A (p.Phe60Tyr),3767,KCNJ11,HGNC:6257,Uncertain significance,1,-,387906783,-,RCV000023046|RCV002226654,"MONDO:MONDO:0030087,MedGen:C5394296,OMIM:618856|Human Phenotype Ontology:HP:0000842,MONDO:MONDO:0002177,MedGen:C0020459","Diabetes mellitus, permanent neonatal 2|Hyperinsulinemia",germline;somatic,germline/somatic,GRCh37,NC_000011.9,11,17409460,17409460,na,na,11p15.1,"criteria provided, single submitter",2,-,N,"ClinGen:CA128966,OMIM:600937.0023",3,30135,17409460,A,T,-,-,-,-,-,-,SCV002505648,-,-
39091,single nucleotide variant,NM_000525.4(KCNJ11):c.179T>A (p.Phe60Tyr),3767,KCNJ11,HGNC:6257,Uncertain significance,1,-,387906783,-,RCV000023046|RCV002226654,"MONDO:MONDO:0030087,MedGen:C5394296,OMIM:618856|Human Phenotype Ontology:HP:0000842,MONDO:MONDO:0002177,MedGen:C0020459","Diabetes mellitus, permanent neonatal 2|Hyperinsulinemia",germline;somatic,germline/somatic,GRCh38,NC_000011.10,11,17387913,17387913,na,na,11p15.1,"criteria provided, single submitter",2,-,N,"ClinGen:CA128966,OMIM:600937.0023",3,30135,17387913,A,T,-,-,-,-,-,-,SCV002505648,-,-
44267,single nucleotide variant,NM_000352.6(ABCC8):c.-19A>G,6833,ABCC8,HGNC:59,Conflicting classifications of pathogenicity,0,"Apr 13, 2025",193922394,-,RCV000242519|RCV000267816|RCV000325185|RCV000382247|RCV001668134|RCV002254149|RCV002254148,"MedGen:CN169374|MONDO:MONDO:0100164,MedGen:C1833104,OMIM:PS606176,Orphanet:99885|MONDO:MONDO:0012480,MedGen:C1835887,OMIM:610374,Orphanet:99886|MONDO:MONDO:0009734,MedGen:C2931832,OMIM:256450,Orphanet:276575,Orphanet:276598|MedGen:C3661900|Human Phenotype Ontology:HP:0008255,MONDO:MONDO:0020525,MedGen:C0342273|Human Phenotype Ontology:HP:0004904,MONDO:MONDO:0018911,MedGen:C0342276,OMIM:PS125850,Orphanet:552","not specified|Permanent neonatal diabetes mellitus|Diabetes mellitus, transient neonatal, 2|Hyperinsulinemic hypoglycemia, familial, 1|not provided|Transitory neonatal diabetes mellitus|Maturity-onset diabetes of the young",germline;unknown,germline,GRCh37,NC_000011.9,11,17498342,17498342,na,na,11p15.1,"criteria provided, conflicting classifications",6,-,N,ClinGen:CA213433,2,35602,17498342,T,C,-,-,-,-,-,-,SCV000051894|SCV000303787|SCV000369431|SCV000369432|SCV000369433|SCV001888286|SCV002524155|SCV002524156|SCV007308869,-,-
44267,single nucleotide variant,NM_000352.6(ABCC8):c.-19A>G,6833,ABCC8,HGNC:59,Conflicting classifications of pathogenicity,0,"Apr 13, 2025",193922394,-,RCV000242519|RCV000267816|RCV000325185|RCV000382247|RCV001668134|RCV002254149|RCV002254148,"MedGen:CN169374|MONDO:MONDO:0100164,MedGen:C1833104,OMIM:PS606176,Orphanet:99885|MONDO:MONDO:0012480,MedGen:C1835887,OMIM:610374,Orphanet:99886|MONDO:MONDO:0009734,MedGen:C2931832,OMIM:256450,Orphanet:276575,Orphanet:276598|MedGen:C3661900|Human Phenotype Ontology:HP:0008255,MONDO:MONDO:0020525,MedGen:C0342273|Human Phenotype Ontology:HP:0004904,MONDO:MONDO:0018911,MedGen:C0342276,OMIM:PS125850,Orphanet:552","not specified|Permanent neonatal diabetes mellitus|Diabetes mellitus, transient neonatal, 2|Hyperinsulinemic hypoglycemia, familial, 1|not provided|Transitory neonatal diabetes mellitus|Maturity-onset diabetes of the young",germline;unknown,germline,GRCh38,NC_000011.10,11,17476795,17476795,na,na,11p15.1,"criteria provided, conflicting classifications",6,-,N,ClinGen:CA213433,2,35602,17476795,T,C,-,-,-,-,-,-,SCV000051894|SCV000303787|SCV000369431|SCV000369432|SCV000369433|SCV001888286|SCV002524155|SCV002524156|SCV007308869,-,-
44268,single nucleotide variant,NM_000352.6(ABCC8):c.1332+17G>C,6833,ABCC8,HGNC:59,Conflicting classifications of pathogenicity,0,"Dec 16, 2024",193922395,-,RCV002251928|RCV002251927|RCV003727607|RCV005237411,"Human Phenotype Ontology:HP:0008255,MONDO:MONDO:0020525,MedGen:C0342273|Human Phenotype Ontology:HP:0004904,MONDO:MONDO:0018911,MedGen:C0342276,OMIM:PS125850,Orphanet:552|MedGen:C3661900|MedGen:CN169374",Transitory neonatal diabetes mellitus|Maturity-onset diabetes of the young|not provided|not specified,germline;unknown,germline,GRCh37,NC_000011.9,11,17470046,17470046,na,na,11p15.1,"criteria provided, conflicting classifications",3,-,N,ClinGen:CA260101,2,35603,17470046,C,G,-,-,-,-,-,-,SCV000051895|SCV002522432|SCV002522437|SCV004523996,-,-
44268,single nucleotide variant,NM_000352.6(ABCC8):c.1332+17G>C,6833,ABCC8,HGNC:59,Conflicting classifications of pathogenicity,0,"Dec 16, 2024",193922395,-,RCV002251928|RCV002251927|RCV003727607|RCV005237411,"Human Phenotype Ontology:HP:0008255,MONDO:MONDO:0020525,MedGen:C0342273|Human Phenotype Ontology:HP:0004904,MONDO:MONDO:0018911,MedGen:C0342276,OMIM:PS125850,Orphanet:552|MedGen:C3661900|MedGen:CN169374",Transitory neonatal diabetes mellitus|Maturity-onset diabetes of the young|not provided|not specified,germline;unknown,germline,GRCh38,NC_000011.10,11,17448499,17448499,na,na,11p15.1,"criteria provided, conflicting classifications",3,-,N,ClinGen:CA260101,2,35603,17448499,C,G,-,-,-,-,-,-,SCV000051895|SCV002522432|SCV002522437|SCV004523996,-,-
44269,single nucleotide variant,NM_000352.6(ABCC8):c.1572G>A (p.Thr524=),6833,ABCC8,HGNC:59,Conflicting classifications of pathogenicity,0,"Feb 02, 2026",61748766,-,RCV000242823|RCV000295869|RCV000334556|RCV000402755|RCV000710373|RCV001826508|RCV002266903|RCV002266904,"MedGen:CN169374|MONDO:MONDO:0100164,MedGen:C1833104,OMIM:PS606176,Orphanet:99885|MONDO:MONDO:0012480,MedGen:C1835887,OMIM:610374,Orphanet:99886|MONDO:MONDO:0009734,MedGen:C2931832,OMIM:256450,Orphanet:276575,Orphanet:276598|MedGen:C3661900||Human Phenotype Ontology:HP:0004904,MONDO:MONDO:0018911,MedGen:C0342276,OMIM:PS125850,Orphanet:552|Human Phenotype Ontology:HP:0008255,MONDO:MONDO:0020525,MedGen:C0342273","not specified|Permanent neonatal diabetes mellitus|Diabetes mellitus, transient neonatal, 2|Hyperinsulinemic hypoglycemia, familial, 1|not provided|Hereditary hyperinsulinism|Maturity-onset diabetes of the young|Transitory neonatal diabetes mellitus",germline;unknown,germline,GRCh37,NC_000011.9,11,17464325,17464325,na,na,11p15.1,"criteria provided, conflicting classifications",10,-,N,ClinGen:CA213434,2,35604,17464325,C,T,-,-,-,-,-,-,SCV000051896|SCV000303790|SCV000369377|SCV000369378|SCV000369379|SCV000840583|SCV001014576|SCV001801125|SCV002522389|SCV002522390|SCV004564918|SCV005221379,-,-
44269,single nucleotide variant,NM_000352.6(ABCC8):c.1572G>A (p.Thr524=),6833,ABCC8,HGNC:59,Conflicting classifications of pathogenicity,0,"Feb 02, 2026",61748766,-,RCV000242823|RCV000295869|RCV000334556|RCV000402755|RCV000710373|RCV001826508|RCV002266903|RCV002266904,"MedGen:CN169374|MONDO:MONDO:0100164,MedGen:C1833104,OMIM:PS606176,Orphanet:99885|MONDO:MONDO:0012480,MedGen:C1835887,OMIM:610374,Orphanet:99886|MONDO:MONDO:0009734,MedGen:C2931832,OMIM:256450,Orphanet:276575,Orphanet:276598|MedGen:C3661900||Human Phenotype Ontology:HP:0004904,MONDO:MONDO:0018911,MedGen:C0342276,OMIM:PS125850,Orphanet:552|Human Phenotype Ontology:HP:0008255,MONDO:MONDO:0020525,MedGen:C0342273","not specified|Permanent neonatal diabetes mellitus|Diabetes mellitus, transient neonatal, 2|Hyperinsulinemic hypoglycemia, familial, 1|not provided|Hereditary hyperinsulinism|Maturity-onset diabetes of the young|Transitory neonatal diabetes mellitus",germline;unknown,germline,GRCh38,NC_000011.10,11,17442778,17442778,na,na,11p15.1,"criteria provided, conflicting classifications",10,-,N,ClinGen:CA213434,2,35604,17442778,C,T,-,-,-,-,-,-,SCV000051896|SCV000303790|SCV000369377|SCV000369378|SCV000369379|SCV000840583|SCV001014576|SCV001801125|SCV002522389|SCV002522390|SCV004564918|SCV005221379,-,-
44270,single nucleotide variant,NM_000352.6(ABCC8):c.1606T>C (p.Phe536Leu),6833,ABCC8,HGNC:59,Likely pathogenic,1,"Aug 18, 2011",193922396,-,RCV000029251,"MONDO:MONDO:0016391,MedGen:C0158981,Orphanet:224",Neonatal diabetes mellitus,germline,germline,GRCh37,NC_000011.9,11,17464291,17464291,na,na,11p15.1,"criteria provided, single submitter",1,-,N,ClinGen:CA213438,2,35605,17464291,A,G,-,-,-,-,-,-,SCV000051897,-,-
44270,single nucleotide variant,NM_000352.6(ABCC8):c.1606T>C (p.Phe536Leu),6833,ABCC8,HGNC:59,Likely pathogenic,1,"Aug 18, 2011",193922396,-,RCV000029251,"MONDO:MONDO:0016391,MedGen:C0158981,Orphanet:224",Neonatal diabetes mellitus,germline,germline,GRCh38,NC_000011.10,11,17442744,17442744,na,na,11p15.1,"criteria provided, single submitter",1,-,N,ClinGen:CA213438,2,35605,17442744,A,G,-,-,-,-,-,-,SCV000051897,-,-
44271,single nucleotide variant,NM_000352.6(ABCC8):c.1616A>G (p.Tyr539Cys),6833,ABCC8,HGNC:59,Conflicting classifications of pathogenicity,1,"Feb 17, 2025",193922397,-,RCV001823102|RCV002266905|RCV002266906|RCV003137542|RCV005042085,"MONDO:MONDO:0012480,MedGen:C1835887,OMIM:610374,Orphanet:99886|Human Phenotype Ontology:HP:0004904,MONDO:MONDO:0018911,MedGen:C0342276,OMIM:PS125850,Orphanet:552|Human Phenotype Ontology:HP:0008255,MONDO:MONDO:0020525,MedGen:C0342273|MedGen:C3661900|MONDO:MONDO:0012480,MedGen:C1835887,OMIM:610374,Orphanet:99886;MONDO:MONDO:0009734,MedGen:C2931832,OMIM:256450,Orphanet:276575,Orphanet:276598;MONDO:MONDO:0009415,MedGen:C0271714,OMIM:240800;Human Phenotype Ontology:HP:0005965,Human Phenotype Ontology:HP:0005978,Human Phenotype Ontology:HP:0100652,MONDO:MONDO:0005148,MeSH:D003924,MedGen:C0011860,OMIM:125853;MONDO:MONDO:0030088,MedGen:C5394303,OMIM:618857","Diabetes mellitus, transient neonatal, 2|Maturity-onset diabetes of the young|Transitory neonatal diabetes mellitus|not provided|Diabetes mellitus, transient neonatal, 2;Hyperinsulinemic hypoglycemia, familial, 1;Leucine-induced hypoglycemia;Type 2 diabetes mellitus;Diabetes mellitus, permanent neonatal 3",germline;unknown,germline,GRCh37,NC_000011.9,11,17464281,17464281,na,na,11p15.1,"criteria provided, conflicting classifications",6,-,N,ClinGen:CA213441,2,35606,17464281,T,C,-,-,-,-,-,-,SCV000051898|SCV002073100|SCV002522379|SCV002522380|SCV003824367|SCV005676394|SCV007423589,-,-
44271,single nucleotide variant,NM_000352.6(ABCC8):c.1616A>G (p.Tyr539Cys),6833,ABCC8,HGNC:59,Conflicting classifications of pathogenicity,1,"Feb 17, 2025",193922397,-,RCV001823102|RCV002266905|RCV002266906|RCV003137542|RCV005042085,"MONDO:MONDO:0012480,MedGen:C1835887,OMIM:610374,Orphanet:99886|Human Phenotype Ontology:HP:0004904,MONDO:MONDO:0018911,MedGen:C0342276,OMIM:PS125850,Orphanet:552|Human Phenotype Ontology:HP:0008255,MONDO:MONDO:0020525,MedGen:C0342273|MedGen:C3661900|MONDO:MONDO:0012480,MedGen:C1835887,OMIM:610374,Orphanet:99886;MONDO:MONDO:0009734,MedGen:C2931832,OMIM:256450,Orphanet:276575,Orphanet:276598;MONDO:MONDO:0009415,MedGen:C0271714,OMIM:240800;Human Phenotype Ontology:HP:0005965,Human Phenotype Ontology:HP:0005978,Human Phenotype Ontology:HP:0100652,MONDO:MONDO:0005148,MeSH:D003924,MedGen:C0011860,OMIM:125853;MONDO:MONDO:0030088,MedGen:C5394303,OMIM:618857","Diabetes mellitus, transient neonatal, 2|Maturity-onset diabetes of the young|Transitory neonatal diabetes mellitus|not provided|Diabetes mellitus, transient neonatal, 2;Hyperinsulinemic hypoglycemia, familial, 1;Leucine-induced hypoglycemia;Type 2 diabetes mellitus;Diabetes mellitus, permanent neonatal 3",germline;unknown,germline,GRCh38,NC_000011.10,11,17442734,17442734,na,na,11p15.1,"criteria provided, conflicting classifications",6,-,N,ClinGen:CA213441,2,35606,17442734,T,C,-,-,-,-,-,-,SCV000051898|SCV002073100|SCV002522379|SCV002522380|SCV003824367|SCV005676394|SCV007423589,-,-
44272,single nucleotide variant,NM_000352.6(ABCC8):c.2117-12C>A,6833,ABCC8,HGNC:59,Conflicting classifications of pathogenicity,0,"Dec 26, 2025",193922398,-,RCV000251505|RCV002251430|RCV002251429|RCV003736543,"MedGen:CN169374|Human Phenotype Ontology:HP:0008255,MONDO:MONDO:0020525,MedGen:C0342273|Human Phenotype Ontology:HP:0004904,MONDO:MONDO:0018911,MedGen:C0342276,OMIM:PS125850,Orphanet:552|MedGen:C3661900",not specified|Transitory neonatal diabetes mellitus|Maturity-onset diabetes of the young|not provided,germline;unknown,germline,GRCh37,NC_000011.9,11,17448713,17448713,na,na,11p15.1,"criteria provided, conflicting classifications",4,-,N,ClinGen:CA213444,2,35607,17448713,G,T,-,-,-,-,-,-,SCV000051899|SCV000303795|SCV002522265|SCV002522266|SCV004557437,-,-
44272,single nucleotide variant,NM_000352.6(ABCC8):c.2117-12C>A,6833,ABCC8,HGNC:59,Conflicting classifications of pathogenicity,0,"Dec 26, 2025",193922398,-,RCV000251505|RCV002251430|RCV002251429|RCV003736543,"MedGen:CN169374|Human Phenotype Ontology:HP:0008255,MONDO:MONDO:0020525,MedGen:C0342273|Human Phenotype Ontology:HP:0004904,MONDO:MONDO:0018911,MedGen:C0342276,OMIM:PS125850,Orphanet:552|MedGen:C3661900",not specified|Transitory neonatal diabetes mellitus|Maturity-onset diabetes of the young|not provided,germline;unknown,germline,GRCh38,NC_000011.10,11,17427166,17427166,na,na,11p15.1,"criteria provided, conflicting classifications",4,-,N,ClinGen:CA213444,2,35607,17427166,G,T,-,-,-,-,-,-,SCV000051899|SCV000303795|SCV002522265|SCV002522266|SCV004557437,-,-
44273,single nucleotide variant,NM_000352.6(ABCC8):c.3329+6C>T,6833,ABCC8,HGNC:59,Benign/Likely benign,0,"Feb 04, 2026",113873225,-,RCV000144991|RCV000286774|RCV000323116|RCV000376345|RCV001277192|RCV001512800|RCV002226655,"MedGen:CN169374|MONDO:MONDO:0100164,MedGen:C1833104,OMIM:PS606176,Orphanet:99885|MONDO:MONDO:0009734,MedGen:C2931832,OMIM:256450,Orphanet:276575,Orphanet:276598|MONDO:MONDO:0012480,MedGen:C1835887,OMIM:610374,Orphanet:99886||MedGen:C3661900|Human Phenotype Ontology:HP:0008255,MONDO:MONDO:0020525,MedGen:C0342273","not specified|Permanent neonatal diabetes mellitus|Hyperinsulinemic hypoglycemia, familial, 1|Diabetes mellitus, transient neonatal, 2|Hereditary hyperinsulinism|not provided|Transitory neonatal diabetes mellitus",germline;somatic,germline/somatic,GRCh37,NC_000011.9,11,17428163,17428163,na,na,11p15.1,"criteria provided, multiple submitters, no conflicts",12,-,N,ClinGen:CA171070,2,35608,17428163,G,A,-,-,-,-,-,-,SCV000051900|SCV000228302|SCV000303803|SCV000369290|SCV000369291|SCV000369292|SCV001720265|SCV001873458|SCV002505497|SCV003799971|SCV004136029|SCV005221365,-,-
44273,single nucleotide variant,NM_000352.6(ABCC8):c.3329+6C>T,6833,ABCC8,HGNC:59,Benign/Likely benign,0,"Feb 04, 2026",113873225,-,RCV000144991|RCV000286774|RCV000323116|RCV000376345|RCV001277192|RCV001512800|RCV002226655,"MedGen:CN169374|MONDO:MONDO:0100164,MedGen:C1833104,OMIM:PS606176,Orphanet:99885|MONDO:MONDO:0009734,MedGen:C2931832,OMIM:256450,Orphanet:276575,Orphanet:276598|MONDO:MONDO:0012480,MedGen:C1835887,OMIM:610374,Orphanet:99886||MedGen:C3661900|Human Phenotype Ontology:HP:0008255,MONDO:MONDO:0020525,MedGen:C0342273","not specified|Permanent neonatal diabetes mellitus|Hyperinsulinemic hypoglycemia, familial, 1|Diabetes mellitus, transient neonatal, 2|Hereditary hyperinsulinism|not provided|Transitory neonatal diabetes mellitus",germline;somatic,germline/somatic,GRCh38,NC_000011.10,11,17406616,17406616,na,na,11p15.1,"criteria provided, multiple submitters, no conflicts",12,-,N,ClinGen:CA171070,2,35608,17406616,G,A,-,-,-,-,-,-,SCV000051900|SCV000228302|SCV000303803|SCV000369290|SCV000369291|SCV000369292|SCV001720265|SCV001873458|SCV002505497|SCV003799971|SCV004136029|SCV005221365,-,-
44274,single nucleotide variant,NM_000352.6(ABCC8):c.3517G>A (p.Val1173Met),6833,ABCC8,HGNC:59,Uncertain significance,1,"May 15, 2024",141322087,-,RCV000626670|RCV001196917|RCV001249021|RCV001725116|RCV002243662|RCV002243661|RCV003234919|RCV004018675|RCV005042086,"12 conditions|MONDO:MONDO:0100164,MedGen:C1833104,OMIM:PS606176,Orphanet:99885|MONDO:MONDO:0015967,MedGen:C3888631,Orphanet:183625|MedGen:C3661900|Human Phenotype Ontology:HP:0008255,MONDO:MONDO:0020525,MedGen:C0342273|Human Phenotype Ontology:HP:0004904,MONDO:MONDO:0018911,MedGen:C0342276,OMIM:PS125850,Orphanet:552|MedGen:CN169374|MeSH:D030342,MedGen:C0950123|MONDO:MONDO:0012480,MedGen:C1835887,OMIM:610374,Orphanet:99886;MONDO:MONDO:0009734,MedGen:C2931832,OMIM:256450,Orphanet:276575,Orphanet:276598;MONDO:MONDO:0009415,MedGen:C0271714,OMIM:240800;Human Phenotype Ontology:HP:0005965,Human Phenotype Ontology:HP:0005978,Human Phenotype Ontology:HP:0100652,MONDO:MONDO:0005148,MeSH:D003924,MedGen:C0011860,OMIM:125853;MONDO:MONDO:0030088,MedGen:C5394303,OMIM:618857","12 conditions|Permanent neonatal diabetes mellitus|Monogenic diabetes|not provided|Transitory neonatal diabetes mellitus|Maturity-onset diabetes of the young|not specified|Inborn genetic diseases|Diabetes mellitus, transient neonatal, 2;Hyperinsulinemic hypoglycemia, familial, 1;Leucine-induced hypoglycemia;Type 2 diabetes mellitus;Diabetes mellitus, permanent neonatal 3",germline;somatic;unknown,germline/somatic,GRCh37,NC_000011.9,11,17426099,17426099,na,na,11p15.1,"criteria provided, multiple submitters, no conflicts",8,-,N,ClinGen:CA213445,2,35609,17426099,C,T,-,-,-,-,-,-,SCV000051901|SCV001367551|SCV001422928|SCV002515431|SCV002515432|SCV004910203|SCV005681094,-,-
44274,single nucleotide variant,NM_000352.6(ABCC8):c.3517G>A (p.Val1173Met),6833,ABCC8,HGNC:59,Uncertain significance,1,"May 15, 2024",141322087,-,RCV000626670|RCV001196917|RCV001249021|RCV001725116|RCV002243662|RCV002243661|RCV003234919|RCV004018675|RCV005042086,"12 conditions|MONDO:MONDO:0100164,MedGen:C1833104,OMIM:PS606176,Orphanet:99885|MONDO:MONDO:0015967,MedGen:C3888631,Orphanet:183625|MedGen:C3661900|Human Phenotype Ontology:HP:0008255,MONDO:MONDO:0020525,MedGen:C0342273|Human Phenotype Ontology:HP:0004904,MONDO:MONDO:0018911,MedGen:C0342276,OMIM:PS125850,Orphanet:552|MedGen:CN169374|MeSH:D030342,MedGen:C0950123|MONDO:MONDO:0012480,MedGen:C1835887,OMIM:610374,Orphanet:99886;MONDO:MONDO:0009734,MedGen:C2931832,OMIM:256450,Orphanet:276575,Orphanet:276598;MONDO:MONDO:0009415,MedGen:C0271714,OMIM:240800;Human Phenotype Ontology:HP:0005965,Human Phenotype Ontology:HP:0005978,Human Phenotype Ontology:HP:0100652,MONDO:MONDO:0005148,MeSH:D003924,MedGen:C0011860,OMIM:125853;MONDO:MONDO:0030088,MedGen:C5394303,OMIM:618857","12 conditions|Permanent neonatal diabetes mellitus|Monogenic diabetes|not provided|Transitory neonatal diabetes mellitus|Maturity-onset diabetes of the young|not specified|Inborn genetic diseases|Diabetes mellitus, transient neonatal, 2;Hyperinsulinemic hypoglycemia, familial, 1;Leucine-induced hypoglycemia;Type 2 diabetes mellitus;Diabetes mellitus, permanent neonatal 3",germline;somatic;unknown,germline/somatic,GRCh38,NC_000011.10,11,17404552,17404552,na,na,11p15.1,"criteria provided, multiple submitters, no conflicts",8,-,N,ClinGen:CA213445,2,35609,17404552,C,T,-,-,-,-,-,-,SCV000051901|SCV001367551|SCV001422928|SCV002515431|SCV002515432|SCV004910203|SCV005681094,-,-
44275,single nucleotide variant,NM_000352.6(ABCC8):c.3542T>G (p.Phe1181Cys),6833,ABCC8,HGNC:59,Conflicting classifications of pathogenicity,1,"Aug 18, 2011",193922399,-,RCV000029256|RCV002243664|RCV002243663,"MONDO:MONDO:0016391,MedGen:C0158981,Orphanet:224|Human Phenotype Ontology:HP:0008255,MONDO:MONDO:0020525,MedGen:C0342273|Human Phenotype Ontology:HP:0004904,MONDO:MONDO:0018911,MedGen:C0342276,OMIM:PS125850,Orphanet:552",Neonatal diabetes mellitus|Transitory neonatal diabetes mellitus|Maturity-onset diabetes of the young,germline;somatic,germline/somatic,GRCh37,NC_000011.9,11,17426074,17426074,na,na,11p15.1,"criteria provided, conflicting classifications",2,-,N,ClinGen:CA213448,2,35610,17426074,A,C,-,-,-,-,-,-,SCV000051902|SCV002515426|SCV002515427,-,-
44275,single nucleotide variant,NM_000352.6(ABCC8):c.3542T>G (p.Phe1181Cys),6833,ABCC8,HGNC:59,Conflicting classifications of pathogenicity,1,"Aug 18, 2011",193922399,-,RCV000029256|RCV002243664|RCV002243663,"MONDO:MONDO:0016391,MedGen:C0158981,Orphanet:224|Human Phenotype Ontology:HP:0008255,MONDO:MONDO:0020525,MedGen:C0342273|Human Phenotype Ontology:HP:0004904,MONDO:MONDO:0018911,MedGen:C0342276,OMIM:PS125850,Orphanet:552",Neonatal diabetes mellitus|Transitory neonatal diabetes mellitus|Maturity-onset diabetes of the young,germline;somatic,germline/somatic,GRCh38,NC_000011.10,11,17404527,17404527,na,na,11p15.1,"criteria provided, conflicting classifications",2,-,N,ClinGen:CA213448,2,35610,17404527,A,C,-,-,-,-,-,-,SCV000051902|SCV002515426|SCV002515427,-,-
44276,single nucleotide variant,NM_000352.6(ABCC8):c.3545G>A (p.Arg1182Gln),6833,ABCC8,HGNC:59,Pathogenic/Likely pathogenic,1,"Jul 15, 2025",193922400,-,RCV000193953|RCV001388602|RCV003989301|RCV005888691,"MONDO:MONDO:0012480,MedGen:C1835887,OMIM:610374,Orphanet:99886|MedGen:C3661900|MONDO:MONDO:0009734,MedGen:C2931832,OMIM:256450,Orphanet:276575,Orphanet:276598|MONDO:MONDO:0100164,MedGen:C1833104,OMIM:PS606176,Orphanet:99885","Diabetes mellitus, transient neonatal, 2|not provided|Hyperinsulinemic hypoglycemia, familial, 1|Permanent neonatal diabetes mellitus",germline,germline,GRCh37,NC_000011.9,11,17426071,17426071,na,na,11p15.1,"criteria provided, multiple submitters, no conflicts",5,-,N,"ClinGen:CA207783,UniProtKB:Q09428#VAR_029783",2,35611,17426071,C,T,-,-,-,-,-,-,SCV000051903|SCV001589658|SCV002023927|SCV004806247,-,-
44276,single nucleotide variant,NM_000352.6(ABCC8):c.3545G>A (p.Arg1182Gln),6833,ABCC8,HGNC:59,Pathogenic/Likely pathogenic,1,"Jul 15, 2025",193922400,-,RCV000193953|RCV001388602|RCV003989301|RCV005888691,"MONDO:MONDO:0012480,MedGen:C1835887,OMIM:610374,Orphanet:99886|MedGen:C3661900|MONDO:MONDO:0009734,MedGen:C2931832,OMIM:256450,Orphanet:276575,Orphanet:276598|MONDO:MONDO:0100164,MedGen:C1833104,OMIM:PS606176,Orphanet:99885","Diabetes mellitus, transient neonatal, 2|not provided|Hyperinsulinemic hypoglycemia, familial, 1|Permanent neonatal diabetes mellitus",germline,germline,GRCh38,NC_000011.10,11,17404524,17404524,na,na,11p15.1,"criteria provided, multiple submitters, no conflicts",5,-,N,"ClinGen:CA207783,UniProtKB:Q09428#VAR_029783",2,35611,17404524,C,T,-,-,-,-,-,-,SCV000051903|SCV001589658|SCV002023927|SCV004806247,-,-
44277,single nucleotide variant,NM_000352.6(ABCC8):c.4120-19C>T,6833,ABCC8,HGNC:59,Conflicting classifications of pathogenicity,0,"Feb 04, 2026",1800853,-,RCV000144997|RCV001533259|RCV001523332|RCV001533257|RCV001277183|RCV001533256|RCV001533258|RCV002226656,"MedGen:CN169374|MONDO:MONDO:0030088,MedGen:C5394303,OMIM:618857|MedGen:C3661900|MONDO:MONDO:0009734,MedGen:C2931832,OMIM:256450,Orphanet:276575,Orphanet:276598||MONDO:MONDO:0009415,MedGen:C0271714,OMIM:240800|MONDO:MONDO:0012480,MedGen:C1835887,OMIM:610374,Orphanet:99886|Human Phenotype Ontology:HP:0000842,MONDO:MONDO:0002177,MedGen:C0020459","not specified|Diabetes mellitus, permanent neonatal 3|not provided|Hyperinsulinemic hypoglycemia, familial, 1|Hereditary hyperinsulinism|Leucine-induced hypoglycemia|Diabetes mellitus, transient neonatal, 2|Hyperinsulinemia",germline;somatic,germline/somatic,GRCh37,NC_000011.9,11,17417496,17417496,na,na,11p15.1,"criteria provided, conflicting classifications",10,-,N,ClinGen:CA171080,2,35612,17417496,G,A,-,-,-,-,-,-,SCV000051905|SCV000303809|SCV001733024|SCV001749067|SCV001749068|SCV001749069|SCV001749070|SCV001856607|SCV002505512|SCV004136027|SCV004564120,-,-
44277,single nucleotide variant,NM_000352.6(ABCC8):c.4120-19C>T,6833,ABCC8,HGNC:59,Conflicting classifications of pathogenicity,0,"Feb 04, 2026",1800853,-,RCV000144997|RCV001533259|RCV001523332|RCV001533257|RCV001277183|RCV001533256|RCV001533258|RCV002226656,"MedGen:CN169374|MONDO:MONDO:0030088,MedGen:C5394303,OMIM:618857|MedGen:C3661900|MONDO:MONDO:0009734,MedGen:C2931832,OMIM:256450,Orphanet:276575,Orphanet:276598||MONDO:MONDO:0009415,MedGen:C0271714,OMIM:240800|MONDO:MONDO:0012480,MedGen:C1835887,OMIM:610374,Orphanet:99886|Human Phenotype Ontology:HP:0000842,MONDO:MONDO:0002177,MedGen:C0020459","not specified|Diabetes mellitus, permanent neonatal 3|not provided|Hyperinsulinemic hypoglycemia, familial, 1|Hereditary hyperinsulinism|Leucine-induced hypoglycemia|Diabetes mellitus, transient neonatal, 2|Hyperinsulinemia",germline;somatic,germline/somatic,GRCh38,NC_000011.10,11,17395949,17395949,na,na,11p15.1,"criteria provided, conflicting classifications",10,-,N,ClinGen:CA171080,2,35612,17395949,G,A,-,-,-,-,-,-,SCV000051905|SCV000303809|SCV001733024|SCV001749067|SCV001749068|SCV001749069|SCV001749070|SCV001856607|SCV002505512|SCV004136027|SCV004564120,-,-
44278,single nucleotide variant,NM_000352.6(ABCC8):c.413-5G>A,6833,ABCC8,HGNC:59,Conflicting classifications of pathogenicity,0,"Jan 09, 2026",186946111,-,RCV000763721|RCV000876485|RCV001818179|RCV002254151|RCV002254150|RCV002513234,"MONDO:MONDO:0100164,MedGen:C1833104,OMIM:PS606176,Orphanet:99885;MONDO:MONDO:0012480,MedGen:C1835887,OMIM:610374,Orphanet:99886;MONDO:MONDO:0009734,MedGen:C2931832,OMIM:256450,Orphanet:276575,Orphanet:276598;MONDO:MONDO:0009415,MedGen:C0271714,OMIM:240800;Human Phenotype Ontology:HP:0005965,Human Phenotype Ontology:HP:0005978,Human Phenotype Ontology:HP:0100652,MONDO:MONDO:0005148,MeSH:D003924,MedGen:C0011860,OMIM:125853|MedGen:C3661900|MedGen:CN169374|Human Phenotype Ontology:HP:0008255,MONDO:MONDO:0020525,MedGen:C0342273|Human Phenotype Ontology:HP:0004904,MONDO:MONDO:0018911,MedGen:C0342276,OMIM:PS125850,Orphanet:552|MeSH:D030342,MedGen:C0950123","Permanent neonatal diabetes mellitus;Diabetes mellitus, transient neonatal, 2;Hyperinsulinemic hypoglycemia, familial, 1;Leucine-induced hypoglycemia;Type 2 diabetes mellitus|not provided|not specified|Transitory neonatal diabetes mellitus|Maturity-onset diabetes of the young|Inborn genetic diseases",germline;unknown,germline,GRCh37,NC_000011.9,11,17485156,17485156,na,na,11p15.1,"criteria provided, conflicting classifications",7,-,N,ClinGen:CA213453,2,35613,17485156,C,T,-,-,-,-,-,-,SCV000051906|SCV000894605|SCV001019063|SCV002064564|SCV002524100|SCV002524101|SCV003682916|SCV007125561,-,-
44278,single nucleotide variant,NM_000352.6(ABCC8):c.413-5G>A,6833,ABCC8,HGNC:59,Conflicting classifications of pathogenicity,0,"Jan 09, 2026",186946111,-,RCV000763721|RCV000876485|RCV001818179|RCV002254151|RCV002254150|RCV002513234,"MONDO:MONDO:0100164,MedGen:C1833104,OMIM:PS606176,Orphanet:99885;MONDO:MONDO:0012480,MedGen:C1835887,OMIM:610374,Orphanet:99886;MONDO:MONDO:0009734,MedGen:C2931832,OMIM:256450,Orphanet:276575,Orphanet:276598;MONDO:MONDO:0009415,MedGen:C0271714,OMIM:240800;Human Phenotype Ontology:HP:0005965,Human Phenotype Ontology:HP:0005978,Human Phenotype Ontology:HP:0100652,MONDO:MONDO:0005148,MeSH:D003924,MedGen:C0011860,OMIM:125853|MedGen:C3661900|MedGen:CN169374|Human Phenotype Ontology:HP:0008255,MONDO:MONDO:0020525,MedGen:C0342273|Human Phenotype Ontology:HP:0004904,MONDO:MONDO:0018911,MedGen:C0342276,OMIM:PS125850,Orphanet:552|MeSH:D030342,MedGen:C0950123","Permanent neonatal diabetes mellitus;Diabetes mellitus, transient neonatal, 2;Hyperinsulinemic hypoglycemia, familial, 1;Leucine-induced hypoglycemia;Type 2 diabetes mellitus|not provided|not specified|Transitory neonatal diabetes mellitus|Maturity-onset diabetes of the young|Inborn genetic diseases",germline;unknown,germline,GRCh38,NC_000011.10,11,17463609,17463609,na,na,11p15.1,"criteria provided, conflicting classifications",7,-,N,ClinGen:CA213453,2,35613,17463609,C,T,-,-,-,-,-,-,SCV000051906|SCV000894605|SCV001019063|SCV002064564|SCV002524100|SCV002524101|SCV003682916|SCV007125561,-,-
44279,single nucleotide variant,NM_000352.6(ABCC8):c.4135C>A (p.Arg1379Ser),6833,ABCC8,HGNC:59,Uncertain significance,0,"Jun 10, 2024",137852673,-,RCV000029261|RCV000675131|RCV001248973|RCV001835635|RCV001852582|RCV005042087,"MedGen:CN169374|MONDO:MONDO:0009734,MedGen:C2931832,OMIM:256450,Orphanet:276575,Orphanet:276598|MONDO:MONDO:0015967,MedGen:C3888631,Orphanet:183625||MedGen:C3661900|MONDO:MONDO:0012480,MedGen:C1835887,OMIM:610374,Orphanet:99886;MONDO:MONDO:0009734,MedGen:C2931832,OMIM:256450,Orphanet:276575,Orphanet:276598;MONDO:MONDO:0009415,MedGen:C0271714,OMIM:240800;Human Phenotype Ontology:HP:0005965,Human Phenotype Ontology:HP:0005978,Human Phenotype Ontology:HP:0100652,MONDO:MONDO:0005148,MeSH:D003924,MedGen:C0011860,OMIM:125853;MONDO:MONDO:0030088,MedGen:C5394303,OMIM:618857","not specified|Hyperinsulinemic hypoglycemia, familial, 1|Monogenic diabetes|Hereditary hyperinsulinism|not provided|Diabetes mellitus, transient neonatal, 2;Hyperinsulinemic hypoglycemia, familial, 1;Leucine-induced hypoglycemia;Type 2 diabetes mellitus;Diabetes mellitus, permanent neonatal 3",germline;unknown,germline,GRCh37,NC_000011.9,11,17417462,17417462,na,na,11p15.1,"criteria provided, multiple submitters, no conflicts",6,-,N,ClinGen:CA213454,2,35614,17417462,G,T,-,-,-,-,-,-,SCV000051907|SCV001422805|SCV002244497|SCV005683379,-,-
44279,single nucleotide variant,NM_000352.6(ABCC8):c.4135C>A (p.Arg1379Ser),6833,ABCC8,HGNC:59,Uncertain significance,0,"Jun 10, 2024",137852673,-,RCV000029261|RCV000675131|RCV001248973|RCV001835635|RCV001852582|RCV005042087,"MedGen:CN169374|MONDO:MONDO:0009734,MedGen:C2931832,OMIM:256450,Orphanet:276575,Orphanet:276598|MONDO:MONDO:0015967,MedGen:C3888631,Orphanet:183625||MedGen:C3661900|MONDO:MONDO:0012480,MedGen:C1835887,OMIM:610374,Orphanet:99886;MONDO:MONDO:0009734,MedGen:C2931832,OMIM:256450,Orphanet:276575,Orphanet:276598;MONDO:MONDO:0009415,MedGen:C0271714,OMIM:240800;Human Phenotype Ontology:HP:0005965,Human Phenotype Ontology:HP:0005978,Human Phenotype Ontology:HP:0100652,MONDO:MONDO:0005148,MeSH:D003924,MedGen:C0011860,OMIM:125853;MONDO:MONDO:0030088,MedGen:C5394303,OMIM:618857","not specified|Hyperinsulinemic hypoglycemia, familial, 1|Monogenic diabetes|Hereditary hyperinsulinism|not provided|Diabetes mellitus, transient neonatal, 2;Hyperinsulinemic hypoglycemia, familial, 1;Leucine-induced hypoglycemia;Type 2 diabetes mellitus;Diabetes mellitus, permanent neonatal 3",germline;unknown,germline,GRCh38,NC_000011.10,11,17395915,17395915,na,na,11p15.1,"criteria provided, multiple submitters, no conflicts",6,-,N,ClinGen:CA213454,2,35614,17395915,G,T,-,-,-,-,-,-,SCV000051907|SCV001422805|SCV002244497|SCV005683379,-,-
44280,single nucleotide variant,NM_000352.6(ABCC8):c.4136G>T (p.Arg1379Leu),6833,ABCC8,HGNC:59,Pathogenic/Likely pathogenic,1,"Jul 16, 2019",193922401,-,RCV000029262|RCV001818180,"MONDO:MONDO:0016391,MedGen:C0158981,Orphanet:224|MedGen:C3661900",Neonatal diabetes mellitus|not provided,germline,germline,GRCh37,NC_000011.9,11,17417461,17417461,na,na,11p15.1,"criteria provided, multiple submitters, no conflicts",2,-,N,ClinGen:CA213457,2,35615,17417461,C,A,-,-,-,-,-,-,SCV000051908|SCV002067352,-,-
44280,single nucleotide variant,NM_000352.6(ABCC8):c.4136G>T (p.Arg1379Leu),6833,ABCC8,HGNC:59,Pathogenic/Likely pathogenic,1,"Jul 16, 2019",193922401,-,RCV000029262|RCV001818180,"MONDO:MONDO:0016391,MedGen:C0158981,Orphanet:224|MedGen:C3661900",Neonatal diabetes mellitus|not provided,germline,germline,GRCh38,NC_000011.10,11,17395914,17395914,na,na,11p15.1,"criteria provided, multiple submitters, no conflicts",2,-,N,ClinGen:CA213457,2,35615,17395914,C,A,-,-,-,-,-,-,SCV000051908|SCV002067352,-,-
44281,single nucleotide variant,NM_000352.6(ABCC8):c.4198G>A (p.Gly1400Arg),6833,ABCC8,HGNC:59,Pathogenic/Likely pathogenic,1,"Jul 14, 2025",137852676,-,RCV000009657|RCV000029263|RCV001277179|RCV001390783|RCV003321485|RCV003466873|RCV005042088,"MONDO:MONDO:0030088,MedGen:C5394303,OMIM:618857|MONDO:MONDO:0017182,MedGen:C3888018,Orphanet:276525||MedGen:C3661900|MONDO:MONDO:0009734,MedGen:C2931832,OMIM:256450,Orphanet:276575,Orphanet:276598|Human Phenotype Ontology:HP:0005965,Human Phenotype Ontology:HP:0005978,Human Phenotype Ontology:HP:0100652,MONDO:MONDO:0005148,MeSH:D003924,MedGen:C0011860,OMIM:125853|MONDO:MONDO:0012480,MedGen:C1835887,OMIM:610374,Orphanet:99886;MONDO:MONDO:0009734,MedGen:C2931832,OMIM:256450,Orphanet:276575,Orphanet:276598;MONDO:MONDO:0009415,MedGen:C0271714,OMIM:240800;Human Phenotype Ontology:HP:0005965,Human Phenotype Ontology:HP:0005978,Human Phenotype Ontology:HP:0100652,MONDO:MONDO:0005148,MeSH:D003924,MedGen:C0011860,OMIM:125853;MONDO:MONDO:0030088,MedGen:C5394303,OMIM:618857","Diabetes mellitus, permanent neonatal 3|Familial hyperinsulinism|Hereditary hyperinsulinism|not provided|Hyperinsulinemic hypoglycemia, familial, 1|Type 2 diabetes mellitus|Diabetes mellitus, transient neonatal, 2;Hyperinsulinemic hypoglycemia, familial, 1;Leucine-induced hypoglycemia;Type 2 diabetes mellitus;Diabetes mellitus, permanent neonatal 3",germline;unknown,germline,GRCh37,NC_000011.9,11,17417399,17417399,na,na,11p15.1,"criteria provided, multiple submitters, no conflicts",10,-,N,"ClinGen:CA260102,OMIM:600509.0025",3,35616,17417399,C,T,-,-,-,-,-,-,SCV000051909|SCV001592625|SCV002060366|SCV002069224|SCV003815543|SCV004026508|SCV004193550|SCV005683373,-,-
44281,single nucleotide variant,NM_000352.6(ABCC8):c.4198G>A (p.Gly1400Arg),6833,ABCC8,HGNC:59,Pathogenic/Likely pathogenic,1,"Jul 14, 2025",137852676,-,RCV000009657|RCV000029263|RCV001277179|RCV001390783|RCV003321485|RCV003466873|RCV005042088,"MONDO:MONDO:0030088,MedGen:C5394303,OMIM:618857|MONDO:MONDO:0017182,MedGen:C3888018,Orphanet:276525||MedGen:C3661900|MONDO:MONDO:0009734,MedGen:C2931832,OMIM:256450,Orphanet:276575,Orphanet:276598|Human Phenotype Ontology:HP:0005965,Human Phenotype Ontology:HP:0005978,Human Phenotype Ontology:HP:0100652,MONDO:MONDO:0005148,MeSH:D003924,MedGen:C0011860,OMIM:125853|MONDO:MONDO:0012480,MedGen:C1835887,OMIM:610374,Orphanet:99886;MONDO:MONDO:0009734,MedGen:C2931832,OMIM:256450,Orphanet:276575,Orphanet:276598;MONDO:MONDO:0009415,MedGen:C0271714,OMIM:240800;Human Phenotype Ontology:HP:0005965,Human Phenotype Ontology:HP:0005978,Human Phenotype Ontology:HP:0100652,MONDO:MONDO:0005148,MeSH:D003924,MedGen:C0011860,OMIM:125853;MONDO:MONDO:0030088,MedGen:C5394303,OMIM:618857","Diabetes mellitus, permanent neonatal 3|Familial hyperinsulinism|Hereditary hyperinsulinism|not provided|Hyperinsulinemic hypoglycemia, familial, 1|Type 2 diabetes mellitus|Diabetes mellitus, transient neonatal, 2;Hyperinsulinemic hypoglycemia, familial, 1;Leucine-induced hypoglycemia;Type 2 diabetes mellitus;Diabetes mellitus, permanent neonatal 3",germline;unknown,germline,GRCh38,NC_000011.10,11,17395852,17395852,na,na,11p15.1,"criteria provided, multiple submitters, no conflicts",10,-,N,"ClinGen:CA260102,OMIM:600509.0025",3,35616,17395852,C,T,-,-,-,-,-,-,SCV000051909|SCV001592625|SCV002060366|SCV002069224|SCV003815543|SCV004026508|SCV004193550|SCV005683373,-,-
44282,single nucleotide variant,NM_000352.6(ABCC8):c.4306C>T (p.Arg1436Ter),6833,ABCC8,HGNC:59,Pathogenic/Likely pathogenic,1,"Dec 13, 2025",193922402,-,RCV000169593|RCV001818181|RCV001826509|RCV002477010|RCV003466874,"MONDO:MONDO:0009734,MedGen:C2931832,OMIM:256450,Orphanet:276575,Orphanet:276598|MedGen:C3661900||MONDO:MONDO:0012480,MedGen:C1835887,OMIM:610374,Orphanet:99886;MONDO:MONDO:0009734,MedGen:C2931832,OMIM:256450,Orphanet:276575,Orphanet:276598;MONDO:MONDO:0009415,MedGen:C0271714,OMIM:240800;Human Phenotype Ontology:HP:0005965,Human Phenotype Ontology:HP:0005978,Human Phenotype Ontology:HP:0100652,MONDO:MONDO:0005148,MeSH:D003924,MedGen:C0011860,OMIM:125853;MONDO:MONDO:0030088,MedGen:C5394303,OMIM:618857|Human Phenotype Ontology:HP:0005965,Human Phenotype Ontology:HP:0005978,Human Phenotype Ontology:HP:0100652,MONDO:MONDO:0005148,MeSH:D003924,MedGen:C0011860,OMIM:125853","Hyperinsulinemic hypoglycemia, familial, 1|not provided|Hereditary hyperinsulinism|Diabetes mellitus, transient neonatal, 2;Hyperinsulinemic hypoglycemia, familial, 1;Leucine-induced hypoglycemia;Type 2 diabetes mellitus;Diabetes mellitus, permanent neonatal 3|Type 2 diabetes mellitus",germline;unknown,germline,GRCh37,NC_000011.9,11,17417158,17417158,na,na,11p15.1,"criteria provided, multiple submitters, no conflicts",8,-,N,ClinGen:CA260104,2,35617,17417158,G,A,-,-,-,-,-,-,SCV000893866|SCV001361437|SCV002067383|SCV002242564|SCV004040345|SCV004191649,-,-
44282,single nucleotide variant,NM_000352.6(ABCC8):c.4306C>T (p.Arg1436Ter),6833,ABCC8,HGNC:59,Pathogenic/Likely pathogenic,1,"Dec 13, 2025",193922402,-,RCV000169593|RCV001818181|RCV001826509|RCV002477010|RCV003466874,"MONDO:MONDO:0009734,MedGen:C2931832,OMIM:256450,Orphanet:276575,Orphanet:276598|MedGen:C3661900||MONDO:MONDO:0012480,MedGen:C1835887,OMIM:610374,Orphanet:99886;MONDO:MONDO:0009734,MedGen:C2931832,OMIM:256450,Orphanet:276575,Orphanet:276598;MONDO:MONDO:0009415,MedGen:C0271714,OMIM:240800;Human Phenotype Ontology:HP:0005965,Human Phenotype Ontology:HP:0005978,Human Phenotype Ontology:HP:0100652,MONDO:MONDO:0005148,MeSH:D003924,MedGen:C0011860,OMIM:125853;MONDO:MONDO:0030088,MedGen:C5394303,OMIM:618857|Human Phenotype Ontology:HP:0005965,Human Phenotype Ontology:HP:0005978,Human Phenotype Ontology:HP:0100652,MONDO:MONDO:0005148,MeSH:D003924,MedGen:C0011860,OMIM:125853","Hyperinsulinemic hypoglycemia, familial, 1|not provided|Hereditary hyperinsulinism|Diabetes mellitus, transient neonatal, 2;Hyperinsulinemic hypoglycemia, familial, 1;Leucine-induced hypoglycemia;Type 2 diabetes mellitus;Diabetes mellitus, permanent neonatal 3|Type 2 diabetes mellitus",germline;unknown,germline,GRCh38,NC_000011.10,11,17395611,17395611,na,na,11p15.1,"criteria provided, multiple submitters, no conflicts",8,-,N,ClinGen:CA260104,2,35617,17395611,G,A,-,-,-,-,-,-,SCV000893866|SCV001361437|SCV002067383|SCV002242564|SCV004040345|SCV004191649,-,-
44283,single nucleotide variant,NM_000352.6(ABCC8):c.4368C>G (p.Ile1456Met),6833,ABCC8,HGNC:59,Uncertain significance,1,"May 04, 2023",193922403,-,RCV001818182|RCV002243665|RCV002243666|RCV003234920,"MedGen:C3661900|Human Phenotype Ontology:HP:0004904,MONDO:MONDO:0018911,MedGen:C0342276,OMIM:PS125850,Orphanet:552|Human Phenotype Ontology:HP:0008255,MONDO:MONDO:0020525,MedGen:C0342273|MedGen:CN169374",not provided|Maturity-onset diabetes of the young|Transitory neonatal diabetes mellitus|not specified,germline;somatic,germline/somatic,GRCh37,NC_000011.9,11,17416762,17416762,na,na,11p15.1,"criteria provided, multiple submitters, no conflicts",4,-,N,ClinGen:CA213460,2,35618,17416762,G,C,-,-,-,-,-,-,SCV000051911|SCV002244919|SCV002513314|SCV002513315,-,-
44283,single nucleotide variant,NM_000352.6(ABCC8):c.4368C>G (p.Ile1456Met),6833,ABCC8,HGNC:59,Uncertain significance,1,"May 04, 2023",193922403,-,RCV001818182|RCV002243665|RCV002243666|RCV003234920,"MedGen:C3661900|Human Phenotype Ontology:HP:0004904,MONDO:MONDO:0018911,MedGen:C0342276,OMIM:PS125850,Orphanet:552|Human Phenotype Ontology:HP:0008255,MONDO:MONDO:0020525,MedGen:C0342273|MedGen:CN169374",not provided|Maturity-onset diabetes of the young|Transitory neonatal diabetes mellitus|not specified,germline;somatic,germline/somatic,GRCh38,NC_000011.10,11,17395215,17395215,na,na,11p15.1,"criteria provided, multiple submitters, no conflicts",4,-,N,ClinGen:CA213460,2,35618,17395215,G,C,-,-,-,-,-,-,SCV000051911|SCV002244919|SCV002513314|SCV002513315,-,-
44284,single nucleotide variant,NM_000352.6(ABCC8):c.4412-14C>T,6833,ABCC8,HGNC:59,Conflicting classifications of pathogenicity,0,"Dec 16, 2024",193922404,-,RCV000517239|RCV001274287|RCV002243668|RCV002243667|RCV002482906|RCV003556088|RCV004541018,"MedGen:CN169374||Human Phenotype Ontology:HP:0008255,MONDO:MONDO:0020525,MedGen:C0342273|Human Phenotype Ontology:HP:0004904,MONDO:MONDO:0018911,MedGen:C0342276,OMIM:PS125850,Orphanet:552|MONDO:MONDO:0012480,MedGen:C1835887,OMIM:610374,Orphanet:99886;MONDO:MONDO:0009734,MedGen:C2931832,OMIM:256450,Orphanet:276575,Orphanet:276598;MONDO:MONDO:0009415,MedGen:C0271714,OMIM:240800;Human Phenotype Ontology:HP:0005965,Human Phenotype Ontology:HP:0005978,Human Phenotype Ontology:HP:0100652,MONDO:MONDO:0005148,MeSH:D003924,MedGen:C0011860,OMIM:125853;MONDO:MONDO:0030088,MedGen:C5394303,OMIM:618857|MedGen:C3661900|","not specified|Hereditary hyperinsulinism|Transitory neonatal diabetes mellitus|Maturity-onset diabetes of the young|Diabetes mellitus, transient neonatal, 2;Hyperinsulinemic hypoglycemia, familial, 1;Leucine-induced hypoglycemia;Type 2 diabetes mellitus;Diabetes mellitus, permanent neonatal 3|not provided|ABCC8-related disorder",germline;somatic;unknown,germline/somatic,GRCh37,NC_000011.9,11,17415960,17415960,na,na,11p15.1,"criteria provided, conflicting classifications",7,-,N,ClinGen:CA213463,2,35619,17415960,G,A,-,-,-,-,-,-,SCV000051912|SCV000612220|SCV002513310|SCV002513311|SCV002783255|SCV004296228,-,-
44284,single nucleotide variant,NM_000352.6(ABCC8):c.4412-14C>T,6833,ABCC8,HGNC:59,Conflicting classifications of pathogenicity,0,"Dec 16, 2024",193922404,-,RCV000517239|RCV001274287|RCV002243668|RCV002243667|RCV002482906|RCV003556088|RCV004541018,"MedGen:CN169374||Human Phenotype Ontology:HP:0008255,MONDO:MONDO:0020525,MedGen:C0342273|Human Phenotype Ontology:HP:0004904,MONDO:MONDO:0018911,MedGen:C0342276,OMIM:PS125850,Orphanet:552|MONDO:MONDO:0012480,MedGen:C1835887,OMIM:610374,Orphanet:99886;MONDO:MONDO:0009734,MedGen:C2931832,OMIM:256450,Orphanet:276575,Orphanet:276598;MONDO:MONDO:0009415,MedGen:C0271714,OMIM:240800;Human Phenotype Ontology:HP:0005965,Human Phenotype Ontology:HP:0005978,Human Phenotype Ontology:HP:0100652,MONDO:MONDO:0005148,MeSH:D003924,MedGen:C0011860,OMIM:125853;MONDO:MONDO:0030088,MedGen:C5394303,OMIM:618857|MedGen:C3661900|","not specified|Hereditary hyperinsulinism|Transitory neonatal diabetes mellitus|Maturity-onset diabetes of the young|Diabetes mellitus, transient neonatal, 2;Hyperinsulinemic hypoglycemia, familial, 1;Leucine-induced hypoglycemia;Type 2 diabetes mellitus;Diabetes mellitus, permanent neonatal 3|not provided|ABCC8-related disorder",germline;somatic;unknown,germline/somatic,GRCh38,NC_000011.10,11,17394413,17394413,na,na,11p15.1,"criteria provided, conflicting classifications",7,-,N,ClinGen:CA213463,2,35619,17394413,G,A,-,-,-,-,-,-,SCV000051912|SCV000612220|SCV002513310|SCV002513311|SCV002783255|SCV004296228,-,-
44285,single nucleotide variant,NM_000352.6(ABCC8):c.4451G>A (p.Gly1484Glu),6833,ABCC8,HGNC:59,Conflicting classifications of pathogenicity,1,"Oct 12, 2023",193922405,-,RCV000029267|RCV002243670|RCV002243669|RCV004998106,"MONDO:MONDO:0009734,MedGen:C2931832,OMIM:256450,Orphanet:276575,Orphanet:276598|Human Phenotype Ontology:HP:0008255,MONDO:MONDO:0020525,MedGen:C0342273|Human Phenotype Ontology:HP:0004904,MONDO:MONDO:0018911,MedGen:C0342276,OMIM:PS125850,Orphanet:552|MedGen:C3661900","Hyperinsulinemic hypoglycemia, familial, 1|Transitory neonatal diabetes mellitus|Maturity-onset diabetes of the young|not provided",germline;somatic;unknown,germline/somatic,GRCh37,NC_000011.9,11,17415907,17415907,na,na,11p15.1,"criteria provided, conflicting classifications",3,-,N,ClinGen:CA260107,2,35620,17415907,C,T,-,-,-,-,-,-,SCV000051913|SCV002513298|SCV002513299|SCV005620539,-,-
44285,single nucleotide variant,NM_000352.6(ABCC8):c.4451G>A (p.Gly1484Glu),6833,ABCC8,HGNC:59,Conflicting classifications of pathogenicity,1,"Oct 12, 2023",193922405,-,RCV000029267|RCV002243670|RCV002243669|RCV004998106,"MONDO:MONDO:0009734,MedGen:C2931832,OMIM:256450,Orphanet:276575,Orphanet:276598|Human Phenotype Ontology:HP:0008255,MONDO:MONDO:0020525,MedGen:C0342273|Human Phenotype Ontology:HP:0004904,MONDO:MONDO:0018911,MedGen:C0342276,OMIM:PS125850,Orphanet:552|MedGen:C3661900","Hyperinsulinemic hypoglycemia, familial, 1|Transitory neonatal diabetes mellitus|Maturity-onset diabetes of the young|not provided",germline;somatic;unknown,germline/somatic,GRCh38,NC_000011.10,11,17394360,17394360,na,na,11p15.1,"criteria provided, conflicting classifications",3,-,N,ClinGen:CA260107,2,35620,17394360,C,T,-,-,-,-,-,-,SCV000051913|SCV002513298|SCV002513299|SCV005620539,-,-
44286,single nucleotide variant,NM_000352.6(ABCC8):c.4553T>G (p.Ile1518Ser),6833,ABCC8,HGNC:59,Conflicting classifications of pathogenicity,1,"Aug 18, 2011",193922406,-,RCV000029268|RCV002243672|RCV002243671,"MONDO:MONDO:0016391,MedGen:C0158981,Orphanet:224|Human Phenotype Ontology:HP:0008255,MONDO:MONDO:0020525,MedGen:C0342273|Human Phenotype Ontology:HP:0004904,MONDO:MONDO:0018911,MedGen:C0342276,OMIM:PS125850,Orphanet:552",Neonatal diabetes mellitus|Transitory neonatal diabetes mellitus|Maturity-onset diabetes of the young,germline;somatic,germline/somatic,GRCh37,NC_000011.9,11,17415299,17415299,na,na,11p15.1,"criteria provided, conflicting classifications",2,-,N,ClinGen:CA213464,2,35621,17415299,A,C,-,-,-,-,-,-,SCV000051914|SCV002512182|SCV002512183,-,-
44286,single nucleotide variant,NM_000352.6(ABCC8):c.4553T>G (p.Ile1518Ser),6833,ABCC8,HGNC:59,Conflicting classifications of pathogenicity,1,"Aug 18, 2011",193922406,-,RCV000029268|RCV002243672|RCV002243671,"MONDO:MONDO:0016391,MedGen:C0158981,Orphanet:224|Human Phenotype Ontology:HP:0008255,MONDO:MONDO:0020525,MedGen:C0342273|Human Phenotype Ontology:HP:0004904,MONDO:MONDO:0018911,MedGen:C0342276,OMIM:PS125850,Orphanet:552",Neonatal diabetes mellitus|Transitory neonatal diabetes mellitus|Maturity-onset diabetes of the young,germline;somatic,germline/somatic,GRCh38,NC_000011.10,11,17393752,17393752,na,na,11p15.1,"criteria provided, conflicting classifications",2,-,N,ClinGen:CA213464,2,35621,17393752,A,C,-,-,-,-,-,-,SCV000051914|SCV002512182|SCV002512183,-,-
44287,single nucleotide variant,NM_000352.6(ABCC8):c.4564G>A (p.Val1522Met),6833,ABCC8,HGNC:59,Pathogenic,1,"Jul 21, 2025",193922407,-,RCV006461225|RCV005888692,"MedGen:C3661900|MONDO:MONDO:0030088,MedGen:C5394303,OMIM:618857","not provided|Diabetes mellitus, permanent neonatal 3",germline,germline,GRCh37,NC_000011.9,11,17415288,17415288,na,na,11p15.1,"criteria provided, multiple submitters, no conflicts",2,-,N,ClinGen:CA213467,2,35622,17415288,C,T,-,-,-,-,-,-,SCV000051915|SCV007405979,-,-
44287,single nucleotide variant,NM_000352.6(ABCC8):c.4564G>A (p.Val1522Met),6833,ABCC8,HGNC:59,Pathogenic,1,"Jul 21, 2025",193922407,-,RCV006461225|RCV005888692,"MedGen:C3661900|MONDO:MONDO:0030088,MedGen:C5394303,OMIM:618857","not provided|Diabetes mellitus, permanent neonatal 3",germline,germline,GRCh38,NC_000011.10,11,17393741,17393741,na,na,11p15.1,"criteria provided, multiple submitters, no conflicts",2,-,N,ClinGen:CA213467,2,35622,17393741,C,T,-,-,-,-,-,-,SCV000051915|SCV007405979,-,-
44288,single nucleotide variant,NM_000352.6(ABCC8):c.4615G>A (p.Val1539Met),6833,ABCC8,HGNC:59,Uncertain significance,1,"Jan 20, 2026",193922408,-,RCV000501531|RCV000984138|RCV002243673|RCV001762057|RCV002243674|RCV003234921,"MONDO:MONDO:0100164,MedGen:C1833104,OMIM:PS606176,Orphanet:99885|MONDO:MONDO:0009734,MedGen:C2931832,OMIM:256450,Orphanet:276575,Orphanet:276598|Human Phenotype Ontology:HP:0004904,MONDO:MONDO:0018911,MedGen:C0342276,OMIM:PS125850,Orphanet:552|MedGen:C3661900|Human Phenotype Ontology:HP:0008255,MONDO:MONDO:0020525,MedGen:C0342273|MedGen:CN169374","Permanent neonatal diabetes mellitus|Hyperinsulinemic hypoglycemia, familial, 1|Maturity-onset diabetes of the young|not provided|Transitory neonatal diabetes mellitus|not specified",germline;somatic;unknown,germline/somatic,GRCh37,NC_000011.9,11,17414669,17414669,na,na,11p15.1,"criteria provided, multiple submitters, no conflicts",6,-,N,ClinGen:CA213470,2,35623,17414669,C,T,-,-,-,-,-,-,SCV000051916|SCV001990207|SCV002128694|SCV002512149|SCV002512150,-,-
44288,single nucleotide variant,NM_000352.6(ABCC8):c.4615G>A (p.Val1539Met),6833,ABCC8,HGNC:59,Uncertain significance,1,"Jan 20, 2026",193922408,-,RCV000501531|RCV000984138|RCV002243673|RCV001762057|RCV002243674|RCV003234921,"MONDO:MONDO:0100164,MedGen:C1833104,OMIM:PS606176,Orphanet:99885|MONDO:MONDO:0009734,MedGen:C2931832,OMIM:256450,Orphanet:276575,Orphanet:276598|Human Phenotype Ontology:HP:0004904,MONDO:MONDO:0018911,MedGen:C0342276,OMIM:PS125850,Orphanet:552|MedGen:C3661900|Human Phenotype Ontology:HP:0008255,MONDO:MONDO:0020525,MedGen:C0342273|MedGen:CN169374","Permanent neonatal diabetes mellitus|Hyperinsulinemic hypoglycemia, familial, 1|Maturity-onset diabetes of the young|not provided|Transitory neonatal diabetes mellitus|not specified",germline;somatic;unknown,germline/somatic,GRCh38,NC_000011.10,11,17393122,17393122,na,na,11p15.1,"criteria provided, multiple submitters, no conflicts",6,-,N,ClinGen:CA213470,2,35623,17393122,C,T,-,-,-,-,-,-,SCV000051916|SCV001990207|SCV002128694|SCV002512149|SCV002512150,-,-
44289,single nucleotide variant,NM_000352.6(ABCC8):c.886G>A (p.Gly296Arg),6833,ABCC8,HGNC:59,Uncertain significance,0,"Jun 25, 2024",148529020,-,RCV000029271|RCV001249020|RCV001272245|RCV002504825|RCV004577320,"MedGen:CN169374|MONDO:MONDO:0015967,MedGen:C3888631,Orphanet:183625||MONDO:MONDO:0012480,MedGen:C1835887,OMIM:610374,Orphanet:99886;MONDO:MONDO:0009734,MedGen:C2931832,OMIM:256450,Orphanet:276575,Orphanet:276598;MONDO:MONDO:0009415,MedGen:C0271714,OMIM:240800;Human Phenotype Ontology:HP:0005965,Human Phenotype Ontology:HP:0005978,Human Phenotype Ontology:HP:0100652,MONDO:MONDO:0005148,MeSH:D003924,MedGen:C0011860,OMIM:125853;MONDO:MONDO:0030088,MedGen:C5394303,OMIM:618857|MONDO:MONDO:0009734,MedGen:C2931832,OMIM:256450,Orphanet:276575,Orphanet:276598","not specified|Monogenic diabetes|Hereditary hyperinsulinism|Diabetes mellitus, transient neonatal, 2;Hyperinsulinemic hypoglycemia, familial, 1;Leucine-induced hypoglycemia;Type 2 diabetes mellitus;Diabetes mellitus, permanent neonatal 3|Hyperinsulinemic hypoglycemia, familial, 1",germline;unknown,germline,GRCh37,NC_000011.9,11,17482160,17482160,na,na,11p15.1,"criteria provided, multiple submitters, no conflicts",5,-,N,ClinGen:CA213473,2,35624,17482160,C,T,-,-,-,-,-,-,SCV000051917|SCV001422927|SCV002060229|SCV002815795,-,-
44289,single nucleotide variant,NM_000352.6(ABCC8):c.886G>A (p.Gly296Arg),6833,ABCC8,HGNC:59,Uncertain significance,0,"Jun 25, 2024",148529020,-,RCV000029271|RCV001249020|RCV001272245|RCV002504825|RCV004577320,"MedGen:CN169374|MONDO:MONDO:0015967,MedGen:C3888631,Orphanet:183625||MONDO:MONDO:0012480,MedGen:C1835887,OMIM:610374,Orphanet:99886;MONDO:MONDO:0009734,MedGen:C2931832,OMIM:256450,Orphanet:276575,Orphanet:276598;MONDO:MONDO:0009415,MedGen:C0271714,OMIM:240800;Human Phenotype Ontology:HP:0005965,Human Phenotype Ontology:HP:0005978,Human Phenotype Ontology:HP:0100652,MONDO:MONDO:0005148,MeSH:D003924,MedGen:C0011860,OMIM:125853;MONDO:MONDO:0030088,MedGen:C5394303,OMIM:618857|MONDO:MONDO:0009734,MedGen:C2931832,OMIM:256450,Orphanet:276575,Orphanet:276598","not specified|Monogenic diabetes|Hereditary hyperinsulinism|Diabetes mellitus, transient neonatal, 2;Hyperinsulinemic hypoglycemia, familial, 1;Leucine-induced hypoglycemia;Type 2 diabetes mellitus;Diabetes mellitus, permanent neonatal 3|Hyperinsulinemic hypoglycemia, familial, 1",germline;unknown,germline,GRCh38,NC_000011.10,11,17460613,17460613,na,na,11p15.1,"criteria provided, multiple submitters, no conflicts",5,-,N,ClinGen:CA213473,2,35624,17460613,C,T,-,-,-,-,-,-,SCV000051917|SCV001422927|SCV002060229|SCV002815795,-,-
44827,single nucleotide variant,NM_000162.5(GCK):c.-5T>C,2645,GCK,HGNC:4195,Conflicting classifications of pathogenicity,0,"Aug 18, 2011",193922251,-,RCV000029826|RCV002463590,"MONDO:MONDO:0007453,MedGen:C0342277,OMIM:125851,Orphanet:552|Human Phenotype Ontology:HP:0004904,MONDO:MONDO:0018911,MedGen:C0342276,OMIM:PS125850,Orphanet:552",Maturity-onset diabetes of the young type 2|Maturity-onset diabetes of the young,germline;unknown,germline,GRCh37,NC_000007.13,7,44228557,44228557,na,na,7p13,"criteria provided, conflicting classifications",2,-,N,ClinGen:CA213695,2,36163,44228557,A,G,-,-,-,-,-,-,SCV000052481|SCV002605187,-,-
44827,single nucleotide variant,NM_000162.5(GCK):c.-5T>C,2645,GCK,HGNC:4195,Conflicting classifications of pathogenicity,0,"Aug 18, 2011",193922251,-,RCV000029826|RCV002463590,"MONDO:MONDO:0007453,MedGen:C0342277,OMIM:125851,Orphanet:552|Human Phenotype Ontology:HP:0004904,MONDO:MONDO:0018911,MedGen:C0342276,OMIM:PS125850,Orphanet:552",Maturity-onset diabetes of the young type 2|Maturity-onset diabetes of the young,germline;unknown,germline,GRCh38,NC_000007.14,7,44188958,44188958,na,na,7p13,"criteria provided, conflicting classifications",2,-,N,ClinGen:CA213695,2,36163,44188958,A,G,-,-,-,-,-,-,SCV000052481|SCV002605187,-,-
44828,Indel,NM_000162.5(GCK):c.1002_1003delinsAA (p.Phe334_Val335delinsLeuMet),2645,GCK,HGNC:4195,Conflicting classifications of pathogenicity,1,"Aug 18, 2011",193922252,-,RCV000029827|RCV002463591,"MONDO:MONDO:0007453,MedGen:C0342277,OMIM:125851,Orphanet:552|Human Phenotype Ontology:HP:0004904,MONDO:MONDO:0018911,MedGen:C0342276,OMIM:PS125850,Orphanet:552",Maturity-onset diabetes of the young type 2|Maturity-onset diabetes of the young,germline;unknown,germline,GRCh37,NC_000007.13,7,44186078,44186079,na,na,7p13,"criteria provided, conflicting classifications",2,-,N,ClinGen:CA213696,2,36164,44186078,CG,TT,-,-,-,-,-,-,SCV000052482|SCV002605118,-,-
44828,Indel,NM_000162.5(GCK):c.1002_1003delinsAA (p.Phe334_Val335delinsLeuMet),2645,GCK,HGNC:4195,Conflicting classifications of pathogenicity,1,"Aug 18, 2011",193922252,-,RCV000029827|RCV002463591,"MONDO:MONDO:0007453,MedGen:C0342277,OMIM:125851,Orphanet:552|Human Phenotype Ontology:HP:0004904,MONDO:MONDO:0018911,MedGen:C0342276,OMIM:PS125850,Orphanet:552",Maturity-onset diabetes of the young type 2|Maturity-onset diabetes of the young,germline;unknown,germline,GRCh38,NC_000007.14,7,44146479,44146480,na,na,7p13,"criteria provided, conflicting classifications",2,-,N,ClinGen:CA213696,2,36164,44146479,CG,TT,-,-,-,-,-,-,SCV000052482|SCV002605118,-,-
44829,Insertion,NM_000162.5(GCK):c.1003_1004insAA (p.Val335fs),2645,GCK,HGNC:4195,Conflicting classifications of pathogenicity,1,"Aug 18, 2011",193922253,-,RCV000029828|RCV002464073,"MONDO:MONDO:0007453,MedGen:C0342277,OMIM:125851,Orphanet:552|Human Phenotype Ontology:HP:0004904,MONDO:MONDO:0018911,MedGen:C0342276,OMIM:PS125850,Orphanet:552",Maturity-onset diabetes of the young type 2|Maturity-onset diabetes of the young,germline;unknown,germline,GRCh37,NC_000007.13,7,44186077,44186078,na,na,7p13,"criteria provided, conflicting classifications",2,-,N,ClinGen:CA213698,2,36165,44186077,A,ATT,-,-,-,-,-,-,SCV000052483|SCV002758754,-,-
44829,Insertion,NM_000162.5(GCK):c.1003_1004insAA (p.Val335fs),2645,GCK,HGNC:4195,Conflicting classifications of pathogenicity,1,"Aug 18, 2011",193922253,-,RCV000029828|RCV002464073,"MONDO:MONDO:0007453,MedGen:C0342277,OMIM:125851,Orphanet:552|Human Phenotype Ontology:HP:0004904,MONDO:MONDO:0018911,MedGen:C0342276,OMIM:PS125850,Orphanet:552",Maturity-onset diabetes of the young type 2|Maturity-onset diabetes of the young,germline;unknown,germline,GRCh38,NC_000007.14,7,44146478,44146479,na,na,7p13,"criteria provided, conflicting classifications",2,-,N,ClinGen:CA213698,2,36165,44146478,A,ATT,-,-,-,-,-,-,SCV000052483|SCV002758754,-,-
44830,Deletion,NM_000162.5(GCK):c.1003del (p.Val335fs),2645,GCK,HGNC:4195,Pathogenic,1,"Jan 17, 2026",193922254,-,RCV000255354|RCV002390120|RCV003317047,"MedGen:C3661900|Human Phenotype Ontology:HP:0004904,MONDO:MONDO:0018911,MedGen:C0342276,OMIM:PS125850,Orphanet:552|MONDO:MONDO:0015967,MedGen:C3888631,Orphanet:183625",not provided|Maturity-onset diabetes of the young|Monogenic diabetes,germline;unknown,germline,GRCh37,NC_000007.13,7,44186078,44186078,na,na,7p13,"criteria provided, multiple submitters, no conflicts",7,-,N,ClinGen:CA213699,2,36166,44186077,AC,A,-,-,-,-,-,-,SCV000052484|SCV000322347|SCV001448743|SCV002072045|SCV002703346|SCV002771547|SCV004295147,-,-
44830,Deletion,NM_000162.5(GCK):c.1003del (p.Val335fs),2645,GCK,HGNC:4195,Pathogenic,1,"Jan 17, 2026",193922254,-,RCV000255354|RCV002390120|RCV003317047,"MedGen:C3661900|Human Phenotype Ontology:HP:0004904,MONDO:MONDO:0018911,MedGen:C0342276,OMIM:PS125850,Orphanet:552|MONDO:MONDO:0015967,MedGen:C3888631,Orphanet:183625",not provided|Maturity-onset diabetes of the young|Monogenic diabetes,germline;unknown,germline,GRCh38,NC_000007.14,7,44146479,44146479,na,na,7p13,"criteria provided, multiple submitters, no conflicts",7,-,N,ClinGen:CA213699,2,36166,44146478,AC,A,-,-,-,-,-,-,SCV000052484|SCV000322347|SCV001448743|SCV002072045|SCV002703346|SCV002771547|SCV004295147,-,-
44831,single nucleotide variant,NM_000162.5(GCK):c.1018A>G (p.Ser340Gly),2645,GCK,HGNC:4195,Conflicting classifications of pathogenicity,1,"Aug 15, 2024",193922255,-,RCV000029830|RCV002463592|RCV003718109,"MONDO:MONDO:0007453,MedGen:C0342277,OMIM:125851,Orphanet:552|Human Phenotype Ontology:HP:0004904,MONDO:MONDO:0018911,MedGen:C0342276,OMIM:PS125850,Orphanet:552|MedGen:C3661900",Maturity-onset diabetes of the young type 2|Maturity-onset diabetes of the young|not provided,germline;unknown,germline,GRCh37,NC_000007.13,7,44186063,44186063,na,na,7p13,"criteria provided, conflicting classifications",4,-,N,ClinGen:CA213700,2,36167,44186063,T,C,-,-,-,-,-,-,SCV000052485|SCV002605116|SCV004486803|SCV005848466,-,-
44831,single nucleotide variant,NM_000162.5(GCK):c.1018A>G (p.Ser340Gly),2645,GCK,HGNC:4195,Conflicting classifications of pathogenicity,1,"Aug 15, 2024",193922255,-,RCV000029830|RCV002463592|RCV003718109,"MONDO:MONDO:0007453,MedGen:C0342277,OMIM:125851,Orphanet:552|Human Phenotype Ontology:HP:0004904,MONDO:MONDO:0018911,MedGen:C0342276,OMIM:PS125850,Orphanet:552|MedGen:C3661900",Maturity-onset diabetes of the young type 2|Maturity-onset diabetes of the young|not provided,germline;unknown,germline,GRCh38,NC_000007.14,7,44146464,44146464,na,na,7p13,"criteria provided, conflicting classifications",4,-,N,ClinGen:CA213700,2,36167,44146464,T,C,-,-,-,-,-,-,SCV000052485|SCV002605116|SCV004486803|SCV005848466,-,-
44832,single nucleotide variant,NM_000162.5(GCK):c.1019+16G>A,2645,GCK,HGNC:4195,Uncertain significance,0,"Jun 02, 2025",193922256,-,RCV000029831|RCV005417379,"MONDO:MONDO:0007453,MedGen:C0342277,OMIM:125851,Orphanet:552|MONDO:MONDO:0015967,MedGen:C3888631,Orphanet:183625",Maturity-onset diabetes of the young type 2|Monogenic diabetes,germline,germline,GRCh37,NC_000007.13,7,44186046,44186046,na,na,7p13,reviewed by expert panel,2,-,N,ClinGen:CA213702,2,36168,44186046,C,T,-,-,-,-,-,-,SCV006084776,-,-
44832,single nucleotide variant,NM_000162.5(GCK):c.1019+16G>A,2645,GCK,HGNC:4195,Uncertain significance,0,"Jun 02, 2025",193922256,-,RCV000029831|RCV005417379,"MONDO:MONDO:0007453,MedGen:C0342277,OMIM:125851,Orphanet:552|MONDO:MONDO:0015967,MedGen:C3888631,Orphanet:183625",Maturity-onset diabetes of the young type 2|Monogenic diabetes,germline,germline,GRCh38,NC_000007.14,7,44146447,44146447,na,na,7p13,reviewed by expert panel,2,-,N,ClinGen:CA213702,2,36168,44146447,C,T,-,-,-,-,-,-,SCV006084776,-,-
44833,single nucleotide variant,NM_000162.5(GCK):c.1020-10C>A,2645,GCK,HGNC:4195,Likely pathogenic,1,"Feb 02, 2024",193922257,-,RCV000029832|RCV000518539|RCV003152667|RCV003493413|RCV005888728,"MedGen:CN169374|MedGen:C3661900|MONDO:MONDO:0007453,MedGen:C0342277,OMIM:125851,Orphanet:552|MONDO:MONDO:0015967,MedGen:C3888631,Orphanet:183625|MedGen:C4721429","not specified|not provided|Maturity-onset diabetes of the young type 2|Monogenic diabetes|Thyroid cancer, nonmedullary, 1",germline;not applicable;unknown,germline,GRCh37,NC_000007.13,7,44185339,44185339,na,na,7p13,reviewed by expert panel,7,-,N,ClinGen:CA213703,2,36169,44185339,G,T,-,-,-,-,-,-,SCV004242357,-,-
44833,single nucleotide variant,NM_000162.5(GCK):c.1020-10C>A,2645,GCK,HGNC:4195,Likely pathogenic,1,"Feb 02, 2024",193922257,-,RCV000029832|RCV000518539|RCV003152667|RCV003493413|RCV005888728,"MedGen:CN169374|MedGen:C3661900|MONDO:MONDO:0007453,MedGen:C0342277,OMIM:125851,Orphanet:552|MONDO:MONDO:0015967,MedGen:C3888631,Orphanet:183625|MedGen:C4721429","not specified|not provided|Maturity-onset diabetes of the young type 2|Monogenic diabetes|Thyroid cancer, nonmedullary, 1",germline;not applicable;unknown,germline,GRCh38,NC_000007.14,7,44145740,44145740,na,na,7p13,reviewed by expert panel,7,-,N,ClinGen:CA213703,2,36169,44145740,G,T,-,-,-,-,-,-,SCV004242357,-,-
44834,single nucleotide variant,NM_000162.5(GCK):c.1020-1G>C,2645,GCK,HGNC:4195,Pathogenic,1,"Mar 31, 2024",193922258,-,RCV000029833|RCV003993657,"MONDO:MONDO:0007453,MedGen:C0342277,OMIM:125851,Orphanet:552|MONDO:MONDO:0015967,MedGen:C3888631,Orphanet:183625",Maturity-onset diabetes of the young type 2|Monogenic diabetes,germline,germline,GRCh37,NC_000007.13,7,44185330,44185330,na,na,7p13,reviewed by expert panel,2,-,N,ClinGen:CA213704,2,36170,44185330,C,G,-,-,-,-,-,-,SCV004812207,-,-
44834,single nucleotide variant,NM_000162.5(GCK):c.1020-1G>C,2645,GCK,HGNC:4195,Pathogenic,1,"Mar 31, 2024",193922258,-,RCV000029833|RCV003993657,"MONDO:MONDO:0007453,MedGen:C0342277,OMIM:125851,Orphanet:552|MONDO:MONDO:0015967,MedGen:C3888631,Orphanet:183625",Maturity-onset diabetes of the young type 2|Monogenic diabetes,germline,germline,GRCh38,NC_000007.14,7,44145731,44145731,na,na,7p13,reviewed by expert panel,2,-,N,ClinGen:CA213704,2,36170,44145731,C,G,-,-,-,-,-,-,SCV004812207,-,-
44835,single nucleotide variant,NM_000162.5(GCK):c.103A>T (p.Arg35Ter),2645,GCK,HGNC:4195,Likely pathogenic,1,"Aug 18, 2011",193922259,-,RCV000029834|RCV002463995,"MONDO:MONDO:0007453,MedGen:C0342277,OMIM:125851,Orphanet:552|Human Phenotype Ontology:HP:0004904,MONDO:MONDO:0018911,MedGen:C0342276,OMIM:PS125850,Orphanet:552",Maturity-onset diabetes of the young type 2|Maturity-onset diabetes of the young,germline;unknown,germline,GRCh37,NC_000007.13,7,44193005,44193005,na,na,7p13,"criteria provided, multiple submitters, no conflicts",2,-,N,ClinGen:CA213705,2,36171,44193005,T,A,-,-,-,-,-,-,SCV000052489|SCV002605425,-,-
44835,single nucleotide variant,NM_000162.5(GCK):c.103A>T (p.Arg35Ter),2645,GCK,HGNC:4195,Likely pathogenic,1,"Aug 18, 2011",193922259,-,RCV000029834|RCV002463995,"MONDO:MONDO:0007453,MedGen:C0342277,OMIM:125851,Orphanet:552|Human Phenotype Ontology:HP:0004904,MONDO:MONDO:0018911,MedGen:C0342276,OMIM:PS125850,Orphanet:552",Maturity-onset diabetes of the young type 2|Maturity-onset diabetes of the young,germline;unknown,germline,GRCh38,NC_000007.14,7,44153406,44153406,na,na,7p13,"criteria provided, multiple submitters, no conflicts",2,-,N,ClinGen:CA213705,2,36171,44153406,T,A,-,-,-,-,-,-,SCV000052489|SCV002605425,-,-
44836,single nucleotide variant,NM_000162.5(GCK):c.1042A>T (p.Ile348Phe),2645,GCK,HGNC:4195,Likely pathogenic,1,"Jan 28, 2024",193922260,-,RCV000029835|RCV003493414|RCV003556089,"MONDO:MONDO:0007453,MedGen:C0342277,OMIM:125851,Orphanet:552|MONDO:MONDO:0015967,MedGen:C3888631,Orphanet:183625|MedGen:C3661900",Maturity-onset diabetes of the young type 2|Monogenic diabetes|not provided,germline,germline,GRCh37,NC_000007.13,7,44185307,44185307,na,na,7p13,reviewed by expert panel,3,-,N,ClinGen:CA213707,2,36172,44185307,T,A,-,-,-,-,-,-,SCV004242354,-,-
44836,single nucleotide variant,NM_000162.5(GCK):c.1042A>T (p.Ile348Phe),2645,GCK,HGNC:4195,Likely pathogenic,1,"Jan 28, 2024",193922260,-,RCV000029835|RCV003493414|RCV003556089,"MONDO:MONDO:0007453,MedGen:C0342277,OMIM:125851,Orphanet:552|MONDO:MONDO:0015967,MedGen:C3888631,Orphanet:183625|MedGen:C3661900",Maturity-onset diabetes of the young type 2|Monogenic diabetes|not provided,germline,germline,GRCh38,NC_000007.14,7,44145708,44145708,na,na,7p13,reviewed by expert panel,3,-,N,ClinGen:CA213707,2,36172,44145708,T,A,-,-,-,-,-,-,SCV004242354,-,-
44837,single nucleotide variant,NM_000162.5(GCK):c.107G>C (p.Arg36Pro),2645,GCK,HGNC:4195,Conflicting classifications of pathogenicity,1,"Dec 09, 2025",193922261,-,RCV000029836|RCV006461227,"MONDO:MONDO:0007453,MedGen:C0342277,OMIM:125851,Orphanet:552|MedGen:C3661900",Maturity-onset diabetes of the young type 2|not provided,germline,germline,GRCh37,NC_000007.13,7,44193001,44193001,na,na,7p13,"criteria provided, conflicting classifications",3,-,N,ClinGen:CA213709,2,36173,44193001,C,G,-,-,-,-,-,-,SCV000052491|SCV002572597|SCV007420177,-,-
44837,single nucleotide variant,NM_000162.5(GCK):c.107G>C (p.Arg36Pro),2645,GCK,HGNC:4195,Conflicting classifications of pathogenicity,1,"Dec 09, 2025",193922261,-,RCV000029836|RCV006461227,"MONDO:MONDO:0007453,MedGen:C0342277,OMIM:125851,Orphanet:552|MedGen:C3661900",Maturity-onset diabetes of the young type 2|not provided,germline,germline,GRCh38,NC_000007.14,7,44153402,44153402,na,na,7p13,"criteria provided, conflicting classifications",3,-,N,ClinGen:CA213709,2,36173,44153402,C,G,-,-,-,-,-,-,SCV000052491|SCV002572597|SCV007420177,-,-
44838,single nucleotide variant,NM_000162.5(GCK):c.1114G>T (p.Glu372Ter),2645,GCK,HGNC:4195,Likely pathogenic,1,"Jan 22, 2024",193922262,-,RCV000029837|RCV003493415,"MONDO:MONDO:0007453,MedGen:C0342277,OMIM:125851,Orphanet:552|MONDO:MONDO:0015967,MedGen:C3888631,Orphanet:183625",Maturity-onset diabetes of the young type 2|Monogenic diabetes,germline,germline,GRCh37,NC_000007.13,7,44185235,44185235,na,na,7p13,reviewed by expert panel,2,-,N,ClinGen:CA213711,2,36174,44185235,C,A,-,-,-,-,-,-,SCV004242345,-,-
44838,single nucleotide variant,NM_000162.5(GCK):c.1114G>T (p.Glu372Ter),2645,GCK,HGNC:4195,Likely pathogenic,1,"Jan 22, 2024",193922262,-,RCV000029837|RCV003493415,"MONDO:MONDO:0007453,MedGen:C0342277,OMIM:125851,Orphanet:552|MONDO:MONDO:0015967,MedGen:C3888631,Orphanet:183625",Maturity-onset diabetes of the young type 2|Monogenic diabetes,germline,germline,GRCh38,NC_000007.14,7,44145636,44145636,na,na,7p13,reviewed by expert panel,2,-,N,ClinGen:CA213711,2,36174,44145636,C,A,-,-,-,-,-,-,SCV004242345,-,-
44839,single nucleotide variant,NM_000162.5(GCK):c.1124C>T (p.Ser375Phe),2645,GCK,HGNC:4195,Likely pathogenic,1,"Dec 02, 2024",193922263,-,RCV000029838|RCV002463593|RCV004797766,"MONDO:MONDO:0007453,MedGen:C0342277,OMIM:125851,Orphanet:552|Human Phenotype Ontology:HP:0004904,MONDO:MONDO:0018911,MedGen:C0342276,OMIM:PS125850,Orphanet:552|MONDO:MONDO:0015967,MedGen:C3888631,Orphanet:183625",Maturity-onset diabetes of the young type 2|Maturity-onset diabetes of the young|Monogenic diabetes,germline;unknown,germline,GRCh37,NC_000007.13,7,44185225,44185225,na,na,7p13,reviewed by expert panel,3,-,N,ClinGen:CA213713,2,36175,44185225,G,A,-,-,-,-,-,-,SCV005420233,-,-
44839,single nucleotide variant,NM_000162.5(GCK):c.1124C>T (p.Ser375Phe),2645,GCK,HGNC:4195,Likely pathogenic,1,"Dec 02, 2024",193922263,-,RCV000029838|RCV002463593|RCV004797766,"MONDO:MONDO:0007453,MedGen:C0342277,OMIM:125851,Orphanet:552|Human Phenotype Ontology:HP:0004904,MONDO:MONDO:0018911,MedGen:C0342276,OMIM:PS125850,Orphanet:552|MONDO:MONDO:0015967,MedGen:C3888631,Orphanet:183625",Maturity-onset diabetes of the young type 2|Maturity-onset diabetes of the young|Monogenic diabetes,germline;unknown,germline,GRCh38,NC_000007.14,7,44145626,44145626,na,na,7p13,reviewed by expert panel,3,-,N,ClinGen:CA213713,2,36175,44145626,G,A,-,-,-,-,-,-,SCV005420233,-,-
44840,single nucleotide variant,NM_000162.5(GCK):c.1130G>A (p.Arg377His),2645,GCK,HGNC:4195,Likely pathogenic,1,"Aug 08, 2023",193922264,-,RCV000029839|RCV000518143|RCV001818186|RCV002321490|RCV003325945,"MONDO:MONDO:0007453,MedGen:C0342277,OMIM:125851,Orphanet:552|MedGen:CN169374|MedGen:C3661900|Human Phenotype Ontology:HP:0004904,MONDO:MONDO:0018911,MedGen:C0342276,OMIM:PS125850,Orphanet:552|MONDO:MONDO:0015967,MedGen:C3888631,Orphanet:183625",Maturity-onset diabetes of the young type 2|not specified|not provided|Maturity-onset diabetes of the young|Monogenic diabetes,germline,germline,GRCh37,NC_000007.13,7,44185219,44185219,na,na,7p13,reviewed by expert panel,6,-,N,ClinGen:CA213715,2,36176,44185219,C,T,-,-,-,-,-,-,SCV004032103,-,-
44840,single nucleotide variant,NM_000162.5(GCK):c.1130G>A (p.Arg377His),2645,GCK,HGNC:4195,Likely pathogenic,1,"Aug 08, 2023",193922264,-,RCV000029839|RCV000518143|RCV001818186|RCV002321490|RCV003325945,"MONDO:MONDO:0007453,MedGen:C0342277,OMIM:125851,Orphanet:552|MedGen:CN169374|MedGen:C3661900|Human Phenotype Ontology:HP:0004904,MONDO:MONDO:0018911,MedGen:C0342276,OMIM:PS125850,Orphanet:552|MONDO:MONDO:0015967,MedGen:C3888631,Orphanet:183625",Maturity-onset diabetes of the young type 2|not specified|not provided|Maturity-onset diabetes of the young|Monogenic diabetes,germline,germline,GRCh38,NC_000007.14,7,44145620,44145620,na,na,7p13,reviewed by expert panel,6,-,N,ClinGen:CA213715,2,36176,44145620,C,T,-,-,-,-,-,-,SCV004032103,-,-
44841,single nucleotide variant,NM_000162.5(GCK):c.1136C>A (p.Ala379Glu),2645,GCK,HGNC:4195,Likely pathogenic,1,"Jul 17, 2023",193922265,-,RCV000029840|RCV001642240|RCV002444444|RCV003318495,"MONDO:MONDO:0007453,MedGen:C0342277,OMIM:125851,Orphanet:552|MedGen:C3661900|Human Phenotype Ontology:HP:0004904,MONDO:MONDO:0018911,MedGen:C0342276,OMIM:PS125850,Orphanet:552|MONDO:MONDO:0015967,MedGen:C3888631,Orphanet:183625",Maturity-onset diabetes of the young type 2|not provided|Maturity-onset diabetes of the young|Monogenic diabetes,germline;unknown,germline,GRCh37,NC_000007.13,7,44185213,44185213,na,na,7p13,reviewed by expert panel,4,-,N,ClinGen:CA213717,2,36177,44185213,G,T,-,-,-,-,-,-,SCV004022328,-,-
44841,single nucleotide variant,NM_000162.5(GCK):c.1136C>A (p.Ala379Glu),2645,GCK,HGNC:4195,Likely pathogenic,1,"Jul 17, 2023",193922265,-,RCV000029840|RCV001642240|RCV002444444|RCV003318495,"MONDO:MONDO:0007453,MedGen:C0342277,OMIM:125851,Orphanet:552|MedGen:C3661900|Human Phenotype Ontology:HP:0004904,MONDO:MONDO:0018911,MedGen:C0342276,OMIM:PS125850,Orphanet:552|MONDO:MONDO:0015967,MedGen:C3888631,Orphanet:183625",Maturity-onset diabetes of the young type 2|not provided|Maturity-onset diabetes of the young|Monogenic diabetes,germline;unknown,germline,GRCh38,NC_000007.14,7,44145614,44145614,na,na,7p13,reviewed by expert panel,4,-,N,ClinGen:CA213717,2,36177,44145614,G,T,-,-,-,-,-,-,SCV004022328,-,-
44842,single nucleotide variant,NM_000162.5(GCK):c.1142T>G (p.Met381Arg),2645,GCK,HGNC:4195,Likely pathogenic,1,"Jul 17, 2023",193922266,-,RCV002281721,"MONDO:MONDO:0015967,MedGen:C3888631,Orphanet:183625",Monogenic diabetes,germline,germline,GRCh37,NC_000007.13,7,44185207,44185207,na,na,7p13,reviewed by expert panel,2,-,N,ClinGen:CA213719,2,36178,44185207,A,C,-,-,-,-,-,-,SCV004022350,-,-
44842,single nucleotide variant,NM_000162.5(GCK):c.1142T>G (p.Met381Arg),2645,GCK,HGNC:4195,Likely pathogenic,1,"Jul 17, 2023",193922266,-,RCV002281721,"MONDO:MONDO:0015967,MedGen:C3888631,Orphanet:183625",Monogenic diabetes,germline,germline,GRCh38,NC_000007.14,7,44145608,44145608,na,na,7p13,reviewed by expert panel,2,-,N,ClinGen:CA213719,2,36178,44145608,A,C,-,-,-,-,-,-,SCV004022350,-,-
44843,single nucleotide variant,NM_000162.5(GCK):c.1153G>A (p.Gly385Arg),2645,GCK,HGNC:4195,Likely pathogenic,1,"Jun 02, 2025",193922267,-,RCV000029842|RCV002463594|RCV005417380,"MONDO:MONDO:0007453,MedGen:C0342277,OMIM:125851,Orphanet:552|Human Phenotype Ontology:HP:0004904,MONDO:MONDO:0018911,MedGen:C0342276,OMIM:PS125850,Orphanet:552|MONDO:MONDO:0015967,MedGen:C3888631,Orphanet:183625",Maturity-onset diabetes of the young type 2|Maturity-onset diabetes of the young|Monogenic diabetes,germline;unknown,germline,GRCh37,NC_000007.13,7,44185196,44185196,na,na,7p13,reviewed by expert panel,3,-,N,ClinGen:CA213721,2,36179,44185196,C,T,-,-,-,-,-,-,SCV006084777,-,-
44843,single nucleotide variant,NM_000162.5(GCK):c.1153G>A (p.Gly385Arg),2645,GCK,HGNC:4195,Likely pathogenic,1,"Jun 02, 2025",193922267,-,RCV000029842|RCV002463594|RCV005417380,"MONDO:MONDO:0007453,MedGen:C0342277,OMIM:125851,Orphanet:552|Human Phenotype Ontology:HP:0004904,MONDO:MONDO:0018911,MedGen:C0342276,OMIM:PS125850,Orphanet:552|MONDO:MONDO:0015967,MedGen:C3888631,Orphanet:183625",Maturity-onset diabetes of the young type 2|Maturity-onset diabetes of the young|Monogenic diabetes,germline;unknown,germline,GRCh38,NC_000007.14,7,44145597,44145597,na,na,7p13,reviewed by expert panel,3,-,N,ClinGen:CA213721,2,36179,44145597,C,T,-,-,-,-,-,-,SCV006084777,-,-
44844,single nucleotide variant,NM_000162.5(GCK):c.1157T>C (p.Leu386Pro),2645,GCK,HGNC:4195,Pathogenic,1,"Apr 28, 2024",193922268,-,RCV000029843|RCV000517698|RCV002285137|RCV004527298,"MONDO:MONDO:0007453,MedGen:C0342277,OMIM:125851,Orphanet:552|MedGen:C3661900|Human Phenotype Ontology:HP:0004904,MONDO:MONDO:0018911,MedGen:C0342276,OMIM:PS125850,Orphanet:552|MONDO:MONDO:0015967,MedGen:C3888631,Orphanet:183625",Maturity-onset diabetes of the young type 2|not provided|Maturity-onset diabetes of the young|Monogenic diabetes,germline;unknown,germline,GRCh37,NC_000007.13,7,44185192,44185192,na,na,7p13,reviewed by expert panel,5,-,N,ClinGen:CA213723,2,36180,44185192,A,G,-,-,-,-,-,-,SCV005040688,-,-
44844,single nucleotide variant,NM_000162.5(GCK):c.1157T>C (p.Leu386Pro),2645,GCK,HGNC:4195,Pathogenic,1,"Apr 28, 2024",193922268,-,RCV000029843|RCV000517698|RCV002285137|RCV004527298,"MONDO:MONDO:0007453,MedGen:C0342277,OMIM:125851,Orphanet:552|MedGen:C3661900|Human Phenotype Ontology:HP:0004904,MONDO:MONDO:0018911,MedGen:C0342276,OMIM:PS125850,Orphanet:552|MONDO:MONDO:0015967,MedGen:C3888631,Orphanet:183625",Maturity-onset diabetes of the young type 2|not provided|Maturity-onset diabetes of the young|Monogenic diabetes,germline;unknown,germline,GRCh38,NC_000007.14,7,44145593,44145593,na,na,7p13,reviewed by expert panel,5,-,N,ClinGen:CA213723,2,36180,44145593,A,G,-,-,-,-,-,-,SCV005040688,-,-
44845,single nucleotide variant,NM_000162.5(GCK):c.1160C>A (p.Ala387Glu),2645,GCK,HGNC:4195,Likely pathogenic,1,"Feb 28, 2024",193921338,-,RCV000029844|RCV003883122,"MONDO:MONDO:0007453,MedGen:C0342277,OMIM:125851,Orphanet:552|MONDO:MONDO:0015967,MedGen:C3888631,Orphanet:183625",Maturity-onset diabetes of the young type 2|Monogenic diabetes,germline,germline,GRCh37,NC_000007.13,7,44185189,44185189,na,na,7p13,reviewed by expert panel,2,-,N,ClinGen:CA213725,2,36181,44185189,G,T,-,-,-,-,-,-,SCV004697906,-,-
44845,single nucleotide variant,NM_000162.5(GCK):c.1160C>A (p.Ala387Glu),2645,GCK,HGNC:4195,Likely pathogenic,1,"Feb 28, 2024",193921338,-,RCV000029844|RCV003883122,"MONDO:MONDO:0007453,MedGen:C0342277,OMIM:125851,Orphanet:552|MONDO:MONDO:0015967,MedGen:C3888631,Orphanet:183625",Maturity-onset diabetes of the young type 2|Monogenic diabetes,germline,germline,GRCh38,NC_000007.14,7,44145590,44145590,na,na,7p13,reviewed by expert panel,2,-,N,ClinGen:CA213725,2,36181,44145590,G,T,-,-,-,-,-,-,SCV004697906,-,-
44846,single nucleotide variant,NM_000162.5(GCK):c.1160C>T (p.Ala387Val),2645,GCK,HGNC:4195,Pathogenic,1,"Feb 28, 2024",193921338,-,RCV000029845|RCV000493278|RCV001248970,"MONDO:MONDO:0007453,MedGen:C0342277,OMIM:125851,Orphanet:552|MedGen:C3661900|MONDO:MONDO:0015967,MedGen:C3888631,Orphanet:183625",Maturity-onset diabetes of the young type 2|not provided|Monogenic diabetes,germline,germline,GRCh37,NC_000007.13,7,44185189,44185189,na,na,7p13,reviewed by expert panel,5,-,N,ClinGen:CA213727,2,36182,44185189,G,A,-,-,-,-,-,-,SCV004697905,-,-
44846,single nucleotide variant,NM_000162.5(GCK):c.1160C>T (p.Ala387Val),2645,GCK,HGNC:4195,Pathogenic,1,"Feb 28, 2024",193921338,-,RCV000029845|RCV000493278|RCV001248970,"MONDO:MONDO:0007453,MedGen:C0342277,OMIM:125851,Orphanet:552|MedGen:C3661900|MONDO:MONDO:0015967,MedGen:C3888631,Orphanet:183625",Maturity-onset diabetes of the young type 2|not provided|Monogenic diabetes,germline,germline,GRCh38,NC_000007.14,7,44145590,44145590,na,na,7p13,reviewed by expert panel,5,-,N,ClinGen:CA213727,2,36182,44145590,G,A,-,-,-,-,-,-,SCV004697905,-,-
44847,single nucleotide variant,NM_000162.5(GCK):c.1169T>A (p.Ile390Asn),2645,GCK,HGNC:4195,Uncertain significance,1,"Apr 28, 2024",193921340,-,RCV000029846|RCV003698744|RCV004527299,"MONDO:MONDO:0007453,MedGen:C0342277,OMIM:125851,Orphanet:552|MedGen:C3661900|MONDO:MONDO:0015967,MedGen:C3888631,Orphanet:183625",Maturity-onset diabetes of the young type 2|not provided|Monogenic diabetes,germline,germline,GRCh37,NC_000007.13,7,44185180,44185180,na,na,7p13,reviewed by expert panel,3,-,N,ClinGen:CA213729,2,36183,44185180,A,T,-,-,-,-,-,-,SCV005040683,-,-
44847,single nucleotide variant,NM_000162.5(GCK):c.1169T>A (p.Ile390Asn),2645,GCK,HGNC:4195,Uncertain significance,1,"Apr 28, 2024",193921340,-,RCV000029846|RCV003698744|RCV004527299,"MONDO:MONDO:0007453,MedGen:C0342277,OMIM:125851,Orphanet:552|MedGen:C3661900|MONDO:MONDO:0015967,MedGen:C3888631,Orphanet:183625",Maturity-onset diabetes of the young type 2|not provided|Monogenic diabetes,germline,germline,GRCh38,NC_000007.14,7,44145581,44145581,na,na,7p13,reviewed by expert panel,3,-,N,ClinGen:CA213729,2,36183,44145581,A,T,-,-,-,-,-,-,SCV005040683,-,-
44848,single nucleotide variant,NM_000162.5(GCK):c.1169T>C (p.Ile390Thr),2645,GCK,HGNC:4195,Uncertain significance,1,"Apr 28, 2024",193921340,-,RCV000029847|RCV004527300|RCV005089318,"MONDO:MONDO:0007453,MedGen:C0342277,OMIM:125851,Orphanet:552|MONDO:MONDO:0015967,MedGen:C3888631,Orphanet:183625|MedGen:C3661900",Maturity-onset diabetes of the young type 2|Monogenic diabetes|not provided,germline,germline,GRCh37,NC_000007.13,7,44185180,44185180,na,na,7p13,reviewed by expert panel,3,-,N,ClinGen:CA213731,2,36184,44185180,A,G,-,-,-,-,-,-,SCV005040684,-,-
44848,single nucleotide variant,NM_000162.5(GCK):c.1169T>C (p.Ile390Thr),2645,GCK,HGNC:4195,Uncertain significance,1,"Apr 28, 2024",193921340,-,RCV000029847|RCV004527300|RCV005089318,"MONDO:MONDO:0007453,MedGen:C0342277,OMIM:125851,Orphanet:552|MONDO:MONDO:0015967,MedGen:C3888631,Orphanet:183625|MedGen:C3661900",Maturity-onset diabetes of the young type 2|Monogenic diabetes|not provided,germline,germline,GRCh38,NC_000007.14,7,44145581,44145581,na,na,7p13,reviewed by expert panel,3,-,N,ClinGen:CA213731,2,36184,44145581,A,G,-,-,-,-,-,-,SCV005040684,-,-
44849,single nucleotide variant,NM_000162.5(GCK):c.1175G>T (p.Arg392Leu),2645,GCK,HGNC:4195,Pathogenic,1,"Oct 17, 2024",193922269,-,RCV000029848|RCV002463595|RCV003330312,"MONDO:MONDO:0007453,MedGen:C0342277,OMIM:125851,Orphanet:552|Human Phenotype Ontology:HP:0004904,MONDO:MONDO:0018911,MedGen:C0342276,OMIM:PS125850,Orphanet:552|MONDO:MONDO:0015967,MedGen:C3888631,Orphanet:183625",Maturity-onset diabetes of the young type 2|Maturity-onset diabetes of the young|Monogenic diabetes,germline;unknown,germline,GRCh37,NC_000007.13,7,44185174,44185174,na,na,7p13,reviewed by expert panel,3,-,N,ClinGen:CA213733,2,36185,44185174,C,A,-,-,-,-,-,-,SCV004037471,-,-
44849,single nucleotide variant,NM_000162.5(GCK):c.1175G>T (p.Arg392Leu),2645,GCK,HGNC:4195,Pathogenic,1,"Oct 17, 2024",193922269,-,RCV000029848|RCV002463595|RCV003330312,"MONDO:MONDO:0007453,MedGen:C0342277,OMIM:125851,Orphanet:552|Human Phenotype Ontology:HP:0004904,MONDO:MONDO:0018911,MedGen:C0342276,OMIM:PS125850,Orphanet:552|MONDO:MONDO:0015967,MedGen:C3888631,Orphanet:183625",Maturity-onset diabetes of the young type 2|Maturity-onset diabetes of the young|Monogenic diabetes,germline;unknown,germline,GRCh38,NC_000007.14,7,44145575,44145575,na,na,7p13,reviewed by expert panel,3,-,N,ClinGen:CA213733,2,36185,44145575,C,A,-,-,-,-,-,-,SCV004037471,-,-
44850,single nucleotide variant,NM_000162.5(GCK):c.117G>A (p.Lys39=),2645,GCK,HGNC:4195,Likely benign,0,"Aug 18, 2011",193922270,-,RCV000029849|RCV002463996,"MONDO:MONDO:0007453,MedGen:C0342277,OMIM:125851,Orphanet:552|Human Phenotype Ontology:HP:0004904,MONDO:MONDO:0018911,MedGen:C0342276,OMIM:PS125850,Orphanet:552",Maturity-onset diabetes of the young type 2|Maturity-onset diabetes of the young,germline;unknown,germline,GRCh37,NC_000007.13,7,44192991,44192991,na,na,7p13,"criteria provided, multiple submitters, no conflicts",2,-,N,ClinGen:CA213735,2,36186,44192991,C,T,-,-,-,-,-,-,SCV000052504|SCV002605421,-,-
44850,single nucleotide variant,NM_000162.5(GCK):c.117G>A (p.Lys39=),2645,GCK,HGNC:4195,Likely benign,0,"Aug 18, 2011",193922270,-,RCV000029849|RCV002463996,"MONDO:MONDO:0007453,MedGen:C0342277,OMIM:125851,Orphanet:552|Human Phenotype Ontology:HP:0004904,MONDO:MONDO:0018911,MedGen:C0342276,OMIM:PS125850,Orphanet:552",Maturity-onset diabetes of the young type 2|Maturity-onset diabetes of the young,germline;unknown,germline,GRCh38,NC_000007.14,7,44153392,44153392,na,na,7p13,"criteria provided, multiple submitters, no conflicts",2,-,N,ClinGen:CA213735,2,36186,44153392,C,T,-,-,-,-,-,-,SCV000052504|SCV002605421,-,-
44851,single nucleotide variant,NM_000162.5(GCK):c.1207C>G (p.Arg403Gly),2645,GCK,HGNC:4195,Conflicting classifications of pathogenicity,1,"Jun 17, 2025",193922271,-,RCV000029850|RCV001288976|RCV002345255|RCV003234925,"MONDO:MONDO:0007453,MedGen:C0342277,OMIM:125851,Orphanet:552|MedGen:C3661900|Human Phenotype Ontology:HP:0004904,MONDO:MONDO:0018911,MedGen:C0342276,OMIM:PS125850,Orphanet:552|MedGen:CN169374",Maturity-onset diabetes of the young type 2|not provided|Maturity-onset diabetes of the young|not specified,germline;unknown,germline,GRCh37,NC_000007.13,7,44185142,44185142,na,na,7p13,"criteria provided, conflicting classifications",6,-,N,ClinGen:CA213737,2,36187,44185142,G,C,-,-,-,-,-,-,SCV000052505|SCV001423043|SCV001476451|SCV002605078|SCV002647849|SCV007126972,-,-
44851,single nucleotide variant,NM_000162.5(GCK):c.1207C>G (p.Arg403Gly),2645,GCK,HGNC:4195,Conflicting classifications of pathogenicity,1,"Jun 17, 2025",193922271,-,RCV000029850|RCV001288976|RCV002345255|RCV003234925,"MONDO:MONDO:0007453,MedGen:C0342277,OMIM:125851,Orphanet:552|MedGen:C3661900|Human Phenotype Ontology:HP:0004904,MONDO:MONDO:0018911,MedGen:C0342276,OMIM:PS125850,Orphanet:552|MedGen:CN169374",Maturity-onset diabetes of the young type 2|not provided|Maturity-onset diabetes of the young|not specified,germline;unknown,germline,GRCh38,NC_000007.14,7,44145543,44145543,na,na,7p13,"criteria provided, conflicting classifications",6,-,N,ClinGen:CA213737,2,36187,44145543,G,C,-,-,-,-,-,-,SCV000052505|SCV001423043|SCV001476451|SCV002605078|SCV002647849|SCV007126972,-,-
44852,single nucleotide variant,NM_000162.5(GCK):c.1240A>G (p.Lys414Glu),2645,GCK,HGNC:4195,Pathogenic,1,"Jun 26, 2023",193922272,-,RCV000029851|RCV000711759|RCV001248969|RCV003398573|RCV004017269,"MONDO:MONDO:0007453,MedGen:C0342277,OMIM:125851,Orphanet:552|MedGen:C3661900|MONDO:MONDO:0015967,MedGen:C3888631,Orphanet:183625||Human Phenotype Ontology:HP:0004904,MONDO:MONDO:0018911,MedGen:C0342276,OMIM:PS125850,Orphanet:552",Maturity-onset diabetes of the young type 2|not provided|Monogenic diabetes|GCK-related disorder|Maturity-onset diabetes of the young,germline;unknown,germline,GRCh37,NC_000007.13,7,44185109,44185109,na,na,7p13,reviewed by expert panel,9,-,N,"ClinGen:CA213739,UniProtKB:P35557#VAR_003714",2,36188,44185109,T,C,-,-,-,-,-,-,SCV004012147,-,-
44852,single nucleotide variant,NM_000162.5(GCK):c.1240A>G (p.Lys414Glu),2645,GCK,HGNC:4195,Pathogenic,1,"Jun 26, 2023",193922272,-,RCV000029851|RCV000711759|RCV001248969|RCV003398573|RCV004017269,"MONDO:MONDO:0007453,MedGen:C0342277,OMIM:125851,Orphanet:552|MedGen:C3661900|MONDO:MONDO:0015967,MedGen:C3888631,Orphanet:183625||Human Phenotype Ontology:HP:0004904,MONDO:MONDO:0018911,MedGen:C0342276,OMIM:PS125850,Orphanet:552",Maturity-onset diabetes of the young type 2|not provided|Monogenic diabetes|GCK-related disorder|Maturity-onset diabetes of the young,germline;unknown,germline,GRCh38,NC_000007.14,7,44145510,44145510,na,na,7p13,reviewed by expert panel,9,-,N,"ClinGen:CA213739,UniProtKB:P35557#VAR_003714",2,36188,44145510,T,C,-,-,-,-,-,-,SCV004012147,-,-
44853,single nucleotide variant,NM_000162.5(GCK):c.1268T>A (p.Phe423Tyr),2645,GCK,HGNC:4195,Pathogenic,1,"Apr 27, 2024",193922273,-,RCV000029852|RCV004527301|RCV005089319|RCV005562302,"MONDO:MONDO:0007453,MedGen:C0342277,OMIM:125851,Orphanet:552|MONDO:MONDO:0015967,MedGen:C3888631,Orphanet:183625|MedGen:C3661900|Human Phenotype Ontology:HP:0004904,MONDO:MONDO:0018911,MedGen:C0342276,OMIM:PS125850,Orphanet:552",Maturity-onset diabetes of the young type 2|Monogenic diabetes|not provided|Maturity-onset diabetes of the young,germline,germline,GRCh37,NC_000007.13,7,44184865,44184865,na,na,7p13,reviewed by expert panel,4,-,N,ClinGen:CA213740,2,36189,44184865,A,T,-,-,-,-,-,-,SCV005040671,-,-
44853,single nucleotide variant,NM_000162.5(GCK):c.1268T>A (p.Phe423Tyr),2645,GCK,HGNC:4195,Pathogenic,1,"Apr 27, 2024",193922273,-,RCV000029852|RCV004527301|RCV005089319|RCV005562302,"MONDO:MONDO:0007453,MedGen:C0342277,OMIM:125851,Orphanet:552|MONDO:MONDO:0015967,MedGen:C3888631,Orphanet:183625|MedGen:C3661900|Human Phenotype Ontology:HP:0004904,MONDO:MONDO:0018911,MedGen:C0342276,OMIM:PS125850,Orphanet:552",Maturity-onset diabetes of the young type 2|Monogenic diabetes|not provided|Maturity-onset diabetes of the young,germline,germline,GRCh38,NC_000007.14,7,44145266,44145266,na,na,7p13,reviewed by expert panel,4,-,N,ClinGen:CA213740,2,36189,44145266,A,T,-,-,-,-,-,-,SCV005040671,-,-
44854,Indel,NM_000162.5(GCK):c.1279_1358delinsTTACA (p.Val427_Ser453delinsLeuGln),2645,GCK,HGNC:4195,Uncertain significance,1,"Dec 02, 2023",193922274,-,RCV000029853|RCV002287343|RCV003445083|RCV003764643,"MONDO:MONDO:0007453,MedGen:C0342277,OMIM:125851,Orphanet:552|Human Phenotype Ontology:HP:0004904,MONDO:MONDO:0018911,MedGen:C0342276,OMIM:PS125850,Orphanet:552|MONDO:MONDO:0015967,MedGen:C3888631,Orphanet:183625|MedGen:C3661900",Maturity-onset diabetes of the young type 2|Maturity-onset diabetes of the young|Monogenic diabetes|not provided,germline;unknown,germline,GRCh37,NC_000007.13,7,44184775,44184854,na,na,7p13,reviewed by expert panel,4,-,N,ClinGen:CA213742,2,36190,44184775,GAGACCAGGGCCGCGCCCCGGCCACTGCCCTCCTCCGACTCGATGAAGGTGATCTCGCAGCTGGGCGTCAGCCTGCGCAC,TGTAA,-,-,-,-,-,-,SCV004174241,-,-
44854,Indel,NM_000162.5(GCK):c.1279_1358delinsTTACA (p.Val427_Ser453delinsLeuGln),2645,GCK,HGNC:4195,Uncertain significance,1,"Dec 02, 2023",193922274,-,RCV000029853|RCV002287343|RCV003445083|RCV003764643,"MONDO:MONDO:0007453,MedGen:C0342277,OMIM:125851,Orphanet:552|Human Phenotype Ontology:HP:0004904,MONDO:MONDO:0018911,MedGen:C0342276,OMIM:PS125850,Orphanet:552|MONDO:MONDO:0015967,MedGen:C3888631,Orphanet:183625|MedGen:C3661900",Maturity-onset diabetes of the young type 2|Maturity-onset diabetes of the young|Monogenic diabetes|not provided,germline;unknown,germline,GRCh38,NC_000007.14,7,44145176,44145255,na,na,7p13,reviewed by expert panel,4,-,N,ClinGen:CA213742,2,36190,44145176,GAGACCAGGGCCGCGCCCCGGCCACTGCCCTCCTCCGACTCGATGAAGGTGATCTCGCAGCTGGGCGTCAGCCTGCGCAC,TGTAA,-,-,-,-,-,-,SCV004174241,-,-
44855,Microsatellite,NM_000162.5(GCK):c.1283_1284del (p.Arg428fs),2645,GCK,HGNC:4195,Likely pathogenic,1,"Jun 20, 2023",193922275,-,RCV000029854|RCV002287344|RCV003313031,"MONDO:MONDO:0007453,MedGen:C0342277,OMIM:125851,Orphanet:552|Human Phenotype Ontology:HP:0004904,MONDO:MONDO:0018911,MedGen:C0342276,OMIM:PS125850,Orphanet:552|MONDO:MONDO:0015967,MedGen:C3888631,Orphanet:183625",Maturity-onset diabetes of the young type 2|Maturity-onset diabetes of the young|Monogenic diabetes,germline;unknown,germline,GRCh37,NC_000007.13,7,44184849,44184850,na,na,7p13,reviewed by expert panel,3,-,N,ClinGen:CA213744,2,36191,44184848,TGC,T,-,-,-,-,-,-,SCV004012122,-,-
44855,Microsatellite,NM_000162.5(GCK):c.1283_1284del (p.Arg428fs),2645,GCK,HGNC:4195,Likely pathogenic,1,"Jun 20, 2023",193922275,-,RCV000029854|RCV002287344|RCV003313031,"MONDO:MONDO:0007453,MedGen:C0342277,OMIM:125851,Orphanet:552|Human Phenotype Ontology:HP:0004904,MONDO:MONDO:0018911,MedGen:C0342276,OMIM:PS125850,Orphanet:552|MONDO:MONDO:0015967,MedGen:C3888631,Orphanet:183625",Maturity-onset diabetes of the young type 2|Maturity-onset diabetes of the young|Monogenic diabetes,germline;unknown,germline,GRCh38,NC_000007.14,7,44145250,44145251,na,na,7p13,reviewed by expert panel,3,-,N,ClinGen:CA213744,2,36191,44145249,TGC,T,-,-,-,-,-,-,SCV004012122,-,-
44856,single nucleotide variant,NM_000162.5(GCK):c.1285A>C (p.Arg429=),2645,GCK,HGNC:4195,Likely benign,0,"Jun 20, 2023",140672134,-,RCV000029855|RCV002463430|RCV003313032,"MONDO:MONDO:0007453,MedGen:C0342277,OMIM:125851,Orphanet:552|Human Phenotype Ontology:HP:0004904,MONDO:MONDO:0018911,MedGen:C0342276,OMIM:PS125850,Orphanet:552|MONDO:MONDO:0015967,MedGen:C3888631,Orphanet:183625",Maturity-onset diabetes of the young type 2|Maturity-onset diabetes of the young|Monogenic diabetes,germline;unknown,germline,GRCh37,NC_000007.13,7,44184848,44184848,na,na,7p13,reviewed by expert panel,4,-,N,ClinGen:CA213745,2,36192,44184848,T,G,-,-,-,-,-,-,SCV004012121,-,-
44856,single nucleotide variant,NM_000162.5(GCK):c.1285A>C (p.Arg429=),2645,GCK,HGNC:4195,Likely benign,0,"Jun 20, 2023",140672134,-,RCV000029855|RCV002463430|RCV003313032,"MONDO:MONDO:0007453,MedGen:C0342277,OMIM:125851,Orphanet:552|Human Phenotype Ontology:HP:0004904,MONDO:MONDO:0018911,MedGen:C0342276,OMIM:PS125850,Orphanet:552|MONDO:MONDO:0015967,MedGen:C3888631,Orphanet:183625",Maturity-onset diabetes of the young type 2|Maturity-onset diabetes of the young|Monogenic diabetes,germline;unknown,germline,GRCh38,NC_000007.14,7,44145249,44145249,na,na,7p13,reviewed by expert panel,4,-,N,ClinGen:CA213745,2,36192,44145249,T,G,-,-,-,-,-,-,SCV004012121,-,-
44857,single nucleotide variant,NM_000162.5(GCK):c.1288C>T (p.Leu430=),2645,GCK,HGNC:4195,Conflicting classifications of pathogenicity,0,"Feb 01, 2026",193922276,-,RCV000501325|RCV000710138,MedGen:CN169374|MedGen:C3661900,not specified|not provided,germline,germline,GRCh37,NC_000007.13,7,44184845,44184845,na,na,7p13,"criteria provided, conflicting classifications",4,-,N,ClinGen:CA213747,2,36193,44184845,G,A,-,-,-,-,-,-,SCV000052511|SCV000594947|SCV000613411|SCV003272384,-,-
44857,single nucleotide variant,NM_000162.5(GCK):c.1288C>T (p.Leu430=),2645,GCK,HGNC:4195,Conflicting classifications of pathogenicity,0,"Feb 01, 2026",193922276,-,RCV000501325|RCV000710138,MedGen:CN169374|MedGen:C3661900,not specified|not provided,germline,germline,GRCh38,NC_000007.14,7,44145246,44145246,na,na,7p13,"criteria provided, conflicting classifications",4,-,N,ClinGen:CA213747,2,36193,44145246,G,A,-,-,-,-,-,-,SCV000052511|SCV000594947|SCV000613411|SCV003272384,-,-
44858,single nucleotide variant,NM_000162.5(GCK):c.1289T>C (p.Leu430Pro),2645,GCK,HGNC:4195,Uncertain significance,1,"Apr 27, 2024",193922277,-,RCV000029857|RCV002463431|RCV004527302,"MONDO:MONDO:0007453,MedGen:C0342277,OMIM:125851,Orphanet:552|Human Phenotype Ontology:HP:0004904,MONDO:MONDO:0018911,MedGen:C0342276,OMIM:PS125850,Orphanet:552|MONDO:MONDO:0015967,MedGen:C3888631,Orphanet:183625",Maturity-onset diabetes of the young type 2|Maturity-onset diabetes of the young|Monogenic diabetes,germline;unknown,germline,GRCh37,NC_000007.13,7,44184844,44184844,na,na,7p13,reviewed by expert panel,3,-,N,ClinGen:CA213749,2,36194,44184844,A,G,-,-,-,-,-,-,SCV005040669,-,-
44858,single nucleotide variant,NM_000162.5(GCK):c.1289T>C (p.Leu430Pro),2645,GCK,HGNC:4195,Uncertain significance,1,"Apr 27, 2024",193922277,-,RCV000029857|RCV002463431|RCV004527302,"MONDO:MONDO:0007453,MedGen:C0342277,OMIM:125851,Orphanet:552|Human Phenotype Ontology:HP:0004904,MONDO:MONDO:0018911,MedGen:C0342276,OMIM:PS125850,Orphanet:552|MONDO:MONDO:0015967,MedGen:C3888631,Orphanet:183625",Maturity-onset diabetes of the young type 2|Maturity-onset diabetes of the young|Monogenic diabetes,germline;unknown,germline,GRCh38,NC_000007.14,7,44145245,44145245,na,na,7p13,reviewed by expert panel,3,-,N,ClinGen:CA213749,2,36194,44145245,A,G,-,-,-,-,-,-,SCV005040669,-,-
44859,single nucleotide variant,NM_000162.5(GCK):c.1307T>A (p.Ile436Asn),2645,GCK,HGNC:4195,Pathogenic,1,"Apr 27, 2024",193922278,-,RCV000029858|RCV004527303|RCV005229830,"MONDO:MONDO:0007453,MedGen:C0342277,OMIM:125851,Orphanet:552|MONDO:MONDO:0015967,MedGen:C3888631,Orphanet:183625|MedGen:C3661900",Maturity-onset diabetes of the young type 2|Monogenic diabetes|not provided,germline,germline,GRCh37,NC_000007.13,7,44184826,44184826,na,na,7p13,reviewed by expert panel,4,-,N,ClinGen:CA213751,2,36195,44184826,A,T,-,-,-,-,-,-,SCV005040668,-,-
44859,single nucleotide variant,NM_000162.5(GCK):c.1307T>A (p.Ile436Asn),2645,GCK,HGNC:4195,Pathogenic,1,"Apr 27, 2024",193922278,-,RCV000029858|RCV004527303|RCV005229830,"MONDO:MONDO:0007453,MedGen:C0342277,OMIM:125851,Orphanet:552|MONDO:MONDO:0015967,MedGen:C3888631,Orphanet:183625|MedGen:C3661900",Maturity-onset diabetes of the young type 2|Monogenic diabetes|not provided,germline,germline,GRCh38,NC_000007.14,7,44145227,44145227,na,na,7p13,reviewed by expert panel,4,-,N,ClinGen:CA213751,2,36195,44145227,A,T,-,-,-,-,-,-,SCV005040668,-,-
44860,single nucleotide variant,NM_000162.5(GCK):c.131G>A (p.Gly44Asp),2645,GCK,HGNC:4195,Likely pathogenic,1,"Dec 22, 2020",193922279,-,RCV000029859|RCV001659731,"MONDO:MONDO:0007453,MedGen:C0342277,OMIM:125851,Orphanet:552|MedGen:C3661900",Maturity-onset diabetes of the young type 2|not provided,germline;unknown,germline,GRCh37,NC_000007.13,7,44192977,44192977,na,na,7p13,"criteria provided, multiple submitters, no conflicts",2,-,N,ClinGen:CA213753,2,36196,44192977,C,T,-,-,-,-,-,-,SCV000052514|SCV001880693,-,-
44860,single nucleotide variant,NM_000162.5(GCK):c.131G>A (p.Gly44Asp),2645,GCK,HGNC:4195,Likely pathogenic,1,"Dec 22, 2020",193922279,-,RCV000029859|RCV001659731,"MONDO:MONDO:0007453,MedGen:C0342277,OMIM:125851,Orphanet:552|MedGen:C3661900",Maturity-onset diabetes of the young type 2|not provided,germline;unknown,germline,GRCh38,NC_000007.14,7,44153378,44153378,na,na,7p13,"criteria provided, multiple submitters, no conflicts",2,-,N,ClinGen:CA213753,2,36196,44153378,C,T,-,-,-,-,-,-,SCV000052514|SCV001880693,-,-
44861,Deletion,NM_000162.5(GCK):c.1332del (p.Ser445fs),2645,GCK,HGNC:4195,Likely pathogenic,1,"Jun 20, 2023",193922280,-,RCV000029860|RCV002287345|RCV003313033,"MONDO:MONDO:0007453,MedGen:C0342277,OMIM:125851,Orphanet:552|Human Phenotype Ontology:HP:0004904,MONDO:MONDO:0018911,MedGen:C0342276,OMIM:PS125850,Orphanet:552|MONDO:MONDO:0015967,MedGen:C3888631,Orphanet:183625",Maturity-onset diabetes of the young type 2|Maturity-onset diabetes of the young|Monogenic diabetes,germline;unknown,germline,GRCh37,NC_000007.13,7,44184801,44184801,na,na,7p13,reviewed by expert panel,3,-,N,ClinGen:CA213755,2,36197,44184800,TG,T,-,-,-,-,-,-,SCV004012152,-,-
44861,Deletion,NM_000162.5(GCK):c.1332del (p.Ser445fs),2645,GCK,HGNC:4195,Likely pathogenic,1,"Jun 20, 2023",193922280,-,RCV000029860|RCV002287345|RCV003313033,"MONDO:MONDO:0007453,MedGen:C0342277,OMIM:125851,Orphanet:552|Human Phenotype Ontology:HP:0004904,MONDO:MONDO:0018911,MedGen:C0342276,OMIM:PS125850,Orphanet:552|MONDO:MONDO:0015967,MedGen:C3888631,Orphanet:183625",Maturity-onset diabetes of the young type 2|Maturity-onset diabetes of the young|Monogenic diabetes,germline;unknown,germline,GRCh38,NC_000007.14,7,44145202,44145202,na,na,7p13,reviewed by expert panel,3,-,N,ClinGen:CA213755,2,36197,44145201,TG,T,-,-,-,-,-,-,SCV004012152,-,-
44862,single nucleotide variant,NM_000162.5(GCK):c.1339C>G (p.Arg447Gly),2645,GCK,HGNC:4195,Pathogenic/Likely pathogenic,1,"Jan 26, 2024",193922281,-,RCV000029861|RCV001288979|RCV002381268,"MONDO:MONDO:0007453,MedGen:C0342277,OMIM:125851,Orphanet:552|MedGen:C3661900|Human Phenotype Ontology:HP:0004904,MONDO:MONDO:0018911,MedGen:C0342276,OMIM:PS125850,Orphanet:552",Maturity-onset diabetes of the young type 2|not provided|Maturity-onset diabetes of the young,germline;unknown,germline,GRCh37,NC_000007.13,7,44184794,44184794,na,na,7p13,"criteria provided, multiple submitters, no conflicts",5,-,N,ClinGen:CA213756,2,36198,44184794,G,C,-,-,-,-,-,-,SCV000052516|SCV001476454|SCV002238454|SCV002691878|SCV005325956,-,-
44862,single nucleotide variant,NM_000162.5(GCK):c.1339C>G (p.Arg447Gly),2645,GCK,HGNC:4195,Pathogenic/Likely pathogenic,1,"Jan 26, 2024",193922281,-,RCV000029861|RCV001288979|RCV002381268,"MONDO:MONDO:0007453,MedGen:C0342277,OMIM:125851,Orphanet:552|MedGen:C3661900|Human Phenotype Ontology:HP:0004904,MONDO:MONDO:0018911,MedGen:C0342276,OMIM:PS125850,Orphanet:552",Maturity-onset diabetes of the young type 2|not provided|Maturity-onset diabetes of the young,germline;unknown,germline,GRCh38,NC_000007.14,7,44145195,44145195,na,na,7p13,"criteria provided, multiple submitters, no conflicts",5,-,N,ClinGen:CA213756,2,36198,44145195,G,C,-,-,-,-,-,-,SCV000052516|SCV001476454|SCV002238454|SCV002691878|SCV005325956,-,-
44863,single nucleotide variant,NM_000162.5(GCK):c.1345G>A (p.Ala449Thr),2645,GCK,HGNC:4195,Pathogenic,1,"Apr 27, 2024",193922282,-,RCV000029862|RCV004527304,"MONDO:MONDO:0007453,MedGen:C0342277,OMIM:125851,Orphanet:552|MONDO:MONDO:0015967,MedGen:C3888631,Orphanet:183625",Maturity-onset diabetes of the young type 2|Monogenic diabetes,germline,germline,GRCh37,NC_000007.13,7,44184788,44184788,na,na,7p13,reviewed by expert panel,3,-,N,ClinGen:CA213758,2,36199,44184788,C,T,-,-,-,-,-,-,SCV005040666,-,-
44863,single nucleotide variant,NM_000162.5(GCK):c.1345G>A (p.Ala449Thr),2645,GCK,HGNC:4195,Pathogenic,1,"Apr 27, 2024",193922282,-,RCV000029862|RCV004527304,"MONDO:MONDO:0007453,MedGen:C0342277,OMIM:125851,Orphanet:552|MONDO:MONDO:0015967,MedGen:C3888631,Orphanet:183625",Maturity-onset diabetes of the young type 2|Monogenic diabetes,germline,germline,GRCh38,NC_000007.14,7,44145189,44145189,na,na,7p13,reviewed by expert panel,3,-,N,ClinGen:CA213758,2,36199,44145189,C,T,-,-,-,-,-,-,SCV005040666,-,-
44864,single nucleotide variant,NM_000162.5(GCK):c.1358C>T (p.Ser453Leu),2645,GCK,HGNC:4195,Pathogenic/Likely pathogenic,1,"Sep 25, 2024",193922283,-,RCV000517061|RCV000763582|RCV002271378|RCV002285258,"MedGen:C3661900|MONDO:MONDO:0100164,MedGen:C1833104,OMIM:PS606176,Orphanet:99885;Human Phenotype Ontology:HP:0005965,Human Phenotype Ontology:HP:0005978,Human Phenotype Ontology:HP:0100652,MONDO:MONDO:0005148,MeSH:D003924,MedGen:C0011860,OMIM:125853;MONDO:MONDO:0011236,MedGen:C1865290,OMIM:602485,Orphanet:79299;MONDO:MONDO:0007453,MedGen:C0342277,OMIM:125851,Orphanet:552|MONDO:MONDO:0015967,MedGen:C3888631,Orphanet:183625|MONDO:MONDO:0007453,MedGen:C0342277,OMIM:125851,Orphanet:552",not provided|Permanent neonatal diabetes mellitus;Type 2 diabetes mellitus;Hyperinsulinism due to glucokinase deficiency;Maturity-onset diabetes of the young type 2|Monogenic diabetes|Maturity-onset diabetes of the young type 2,germline;unknown,germline,GRCh37,NC_000007.13,7,44184775,44184775,na,na,7p13,"criteria provided, multiple submitters, no conflicts",7,-,N,ClinGen:CA213760,2,36200,44184775,G,A,-,-,-,-,-,-,SCV000052518|SCV000613413|SCV000894421|SCV002161526|SCV002562160|SCV005399387|SCV005902864,-,-
44864,single nucleotide variant,NM_000162.5(GCK):c.1358C>T (p.Ser453Leu),2645,GCK,HGNC:4195,Pathogenic/Likely pathogenic,1,"Sep 25, 2024",193922283,-,RCV000517061|RCV000763582|RCV002271378|RCV002285258,"MedGen:C3661900|MONDO:MONDO:0100164,MedGen:C1833104,OMIM:PS606176,Orphanet:99885;Human Phenotype Ontology:HP:0005965,Human Phenotype Ontology:HP:0005978,Human Phenotype Ontology:HP:0100652,MONDO:MONDO:0005148,MeSH:D003924,MedGen:C0011860,OMIM:125853;MONDO:MONDO:0011236,MedGen:C1865290,OMIM:602485,Orphanet:79299;MONDO:MONDO:0007453,MedGen:C0342277,OMIM:125851,Orphanet:552|MONDO:MONDO:0015967,MedGen:C3888631,Orphanet:183625|MONDO:MONDO:0007453,MedGen:C0342277,OMIM:125851,Orphanet:552",not provided|Permanent neonatal diabetes mellitus;Type 2 diabetes mellitus;Hyperinsulinism due to glucokinase deficiency;Maturity-onset diabetes of the young type 2|Monogenic diabetes|Maturity-onset diabetes of the young type 2,germline;unknown,germline,GRCh38,NC_000007.14,7,44145176,44145176,na,na,7p13,"criteria provided, multiple submitters, no conflicts",7,-,N,ClinGen:CA213760,2,36200,44145176,G,A,-,-,-,-,-,-,SCV000052518|SCV000613413|SCV000894421|SCV002161526|SCV002562160|SCV005399387|SCV005902864,-,-
44865,Deletion,NM_000162.5(GCK):c.1372_1373del (p.Lys458fs),2645,GCK,HGNC:4195,Likely pathogenic,1,"Sep 01, 2023",193922284,-,RCV000029864|RCV002287346|RCV003325946|RCV006461228,"MONDO:MONDO:0007453,MedGen:C0342277,OMIM:125851,Orphanet:552|Human Phenotype Ontology:HP:0004904,MONDO:MONDO:0018911,MedGen:C0342276,OMIM:PS125850,Orphanet:552|MONDO:MONDO:0015967,MedGen:C3888631,Orphanet:183625|MedGen:C3661900",Maturity-onset diabetes of the young type 2|Maturity-onset diabetes of the young|Monogenic diabetes|not provided,germline;unknown,germline,GRCh37,NC_000007.13,7,44184760,44184761,na,na,7p13,reviewed by expert panel,4,-,N,ClinGen:CA213762,2,36201,44184759,CTT,C,-,-,-,-,-,-,SCV004032107,-,-
44865,Deletion,NM_000162.5(GCK):c.1372_1373del (p.Lys458fs),2645,GCK,HGNC:4195,Likely pathogenic,1,"Sep 01, 2023",193922284,-,RCV000029864|RCV002287346|RCV003325946|RCV006461228,"MONDO:MONDO:0007453,MedGen:C0342277,OMIM:125851,Orphanet:552|Human Phenotype Ontology:HP:0004904,MONDO:MONDO:0018911,MedGen:C0342276,OMIM:PS125850,Orphanet:552|MONDO:MONDO:0015967,MedGen:C3888631,Orphanet:183625|MedGen:C3661900",Maturity-onset diabetes of the young type 2|Maturity-onset diabetes of the young|Monogenic diabetes|not provided,germline;unknown,germline,GRCh38,NC_000007.14,7,44145161,44145162,na,na,7p13,reviewed by expert panel,4,-,N,ClinGen:CA213762,2,36201,44145160,CTT,C,-,-,-,-,-,-,SCV004032107,-,-
44866,single nucleotide variant,NM_000162.5(GCK):c.1386G>T (p.Met462Ile),2645,GCK,HGNC:4195,Likely benign,0,"Sep 01, 2023",193922285,-,RCV000029865|RCV000711768|RCV001162071|RCV001162070|RCV001162069|RCV001162072|RCV002463596|RCV002496452|RCV003325947,"MedGen:CN169374|MedGen:C3661900||MONDO:MONDO:0007453,MedGen:C0342277,OMIM:125851,Orphanet:552|MONDO:MONDO:0011236,MedGen:C1865290,OMIM:602485,Orphanet:79299|MONDO:MONDO:0100164,MedGen:C1833104,OMIM:PS606176,Orphanet:99885|Human Phenotype Ontology:HP:0004904,MONDO:MONDO:0018911,MedGen:C0342276,OMIM:PS125850,Orphanet:552|Human Phenotype Ontology:HP:0005965,Human Phenotype Ontology:HP:0005978,Human Phenotype Ontology:HP:0100652,MONDO:MONDO:0005148,MeSH:D003924,MedGen:C0011860,OMIM:125853;MONDO:MONDO:0011236,MedGen:C1865290,OMIM:602485,Orphanet:79299;MONDO:MONDO:0100165,MedGen:C5393570,OMIM:606176;MONDO:MONDO:0007453,MedGen:C0342277,OMIM:125851,Orphanet:552|MONDO:MONDO:0015967,MedGen:C3888631,Orphanet:183625","not specified|not provided|Transient Neonatal Diabetes, Recessive|Maturity-onset diabetes of the young type 2|Hyperinsulinism due to glucokinase deficiency|Permanent neonatal diabetes mellitus|Maturity-onset diabetes of the young|Type 2 diabetes mellitus;Hyperinsulinism due to glucokinase deficiency;Permanent neonatal diabetes mellitus 1;Maturity-onset diabetes of the young type 2|Monogenic diabetes",germline;unknown,germline,GRCh37,NC_000007.13,7,44184747,44184747,na,na,7p13,reviewed by expert panel,8,-,N,ClinGen:CA213763,2,36202,44184747,C,A,-,-,-,-,-,-,SCV004032106,-,-
44866,single nucleotide variant,NM_000162.5(GCK):c.1386G>T (p.Met462Ile),2645,GCK,HGNC:4195,Likely benign,0,"Sep 01, 2023",193922285,-,RCV000029865|RCV000711768|RCV001162071|RCV001162070|RCV001162069|RCV001162072|RCV002463596|RCV002496452|RCV003325947,"MedGen:CN169374|MedGen:C3661900||MONDO:MONDO:0007453,MedGen:C0342277,OMIM:125851,Orphanet:552|MONDO:MONDO:0011236,MedGen:C1865290,OMIM:602485,Orphanet:79299|MONDO:MONDO:0100164,MedGen:C1833104,OMIM:PS606176,Orphanet:99885|Human Phenotype Ontology:HP:0004904,MONDO:MONDO:0018911,MedGen:C0342276,OMIM:PS125850,Orphanet:552|Human Phenotype Ontology:HP:0005965,Human Phenotype Ontology:HP:0005978,Human Phenotype Ontology:HP:0100652,MONDO:MONDO:0005148,MeSH:D003924,MedGen:C0011860,OMIM:125853;MONDO:MONDO:0011236,MedGen:C1865290,OMIM:602485,Orphanet:79299;MONDO:MONDO:0100165,MedGen:C5393570,OMIM:606176;MONDO:MONDO:0007453,MedGen:C0342277,OMIM:125851,Orphanet:552|MONDO:MONDO:0015967,MedGen:C3888631,Orphanet:183625","not specified|not provided|Transient Neonatal Diabetes, Recessive|Maturity-onset diabetes of the young type 2|Hyperinsulinism due to glucokinase deficiency|Permanent neonatal diabetes mellitus|Maturity-onset diabetes of the young|Type 2 diabetes mellitus;Hyperinsulinism due to glucokinase deficiency;Permanent neonatal diabetes mellitus 1;Maturity-onset diabetes of the young type 2|Monogenic diabetes",germline;unknown,germline,GRCh38,NC_000007.14,7,44145148,44145148,na,na,7p13,reviewed by expert panel,8,-,N,ClinGen:CA213763,2,36202,44145148,C,A,-,-,-,-,-,-,SCV004032106,-,-
44867,single nucleotide variant,p.X466Trp,2645,GCK,HGNC:4195,Likely pathogenic,1,"Aug 18, 2011",-1,-,RCV000029866,"MONDO:MONDO:0007453,MedGen:C0342277,OMIM:125851,Orphanet:552",Maturity-onset diabetes of the young type 2,germline,germline,na,na,na,-1,-1,na,na,7p13,"criteria provided, single submitter",1,-,N,-,2,36203,-1,na,na,-,-,-,-,-,-,SCV000052521,-,-
44868,single nucleotide variant,NM_000162.5(GCK):c.146C>A (p.Thr49Asn),2645,GCK,HGNC:4195,Likely pathogenic,1,"Aug 13, 2023",193922286,-,RCV000029867|RCV003325948,"MONDO:MONDO:0007453,MedGen:C0342277,OMIM:125851,Orphanet:552|MONDO:MONDO:0015967,MedGen:C3888631,Orphanet:183625",Maturity-onset diabetes of the young type 2|Monogenic diabetes,germline,germline,GRCh37,NC_000007.13,7,44192962,44192962,na,na,7p13,reviewed by expert panel,2,-,N,ClinGen:CA213765,2,36204,44192962,G,T,-,-,-,-,-,-,SCV004032095,-,-
44868,single nucleotide variant,NM_000162.5(GCK):c.146C>A (p.Thr49Asn),2645,GCK,HGNC:4195,Likely pathogenic,1,"Aug 13, 2023",193922286,-,RCV000029867|RCV003325948,"MONDO:MONDO:0007453,MedGen:C0342277,OMIM:125851,Orphanet:552|MONDO:MONDO:0015967,MedGen:C3888631,Orphanet:183625",Maturity-onset diabetes of the young type 2|Monogenic diabetes,germline,germline,GRCh38,NC_000007.14,7,44153363,44153363,na,na,7p13,reviewed by expert panel,2,-,N,ClinGen:CA213765,2,36204,44153363,G,T,-,-,-,-,-,-,SCV004032095,-,-
44869,single nucleotide variant,NM_000162.5(GCK):c.175C>T (p.Pro59Ser),2645,GCK,HGNC:4195,Pathogenic/Likely pathogenic,1,"Aug 01, 2025",193922287,-,RCV000029868|RCV000518012,"MONDO:MONDO:0007453,MedGen:C0342277,OMIM:125851,Orphanet:552|MedGen:C3661900",Maturity-onset diabetes of the young type 2|not provided,germline,germline,GRCh37,NC_000007.13,7,44192933,44192933,na,na,7p13,"criteria provided, multiple submitters, no conflicts",4,-,N,ClinGen:CA213767,2,36205,44192933,G,A,-,-,-,-,-,-,SCV000052523|SCV000613414|SCV003439957|SCV004169483,-,-
44869,single nucleotide variant,NM_000162.5(GCK):c.175C>T (p.Pro59Ser),2645,GCK,HGNC:4195,Pathogenic/Likely pathogenic,1,"Aug 01, 2025",193922287,-,RCV000029868|RCV000518012,"MONDO:MONDO:0007453,MedGen:C0342277,OMIM:125851,Orphanet:552|MedGen:C3661900",Maturity-onset diabetes of the young type 2|not provided,germline,germline,GRCh38,NC_000007.14,7,44153334,44153334,na,na,7p13,"criteria provided, multiple submitters, no conflicts",4,-,N,ClinGen:CA213767,2,36205,44153334,G,A,-,-,-,-,-,-,SCV000052523|SCV000613414|SCV003439957|SCV004169483,-,-
44870,single nucleotide variant,NM_000162.5(GCK):c.208+11G>A,2645,GCK,HGNC:4195,Conflicting classifications of pathogenicity,0,"Nov 27, 2025",77440690,-,RCV000029869|RCV000195056|RCV001162366|RCV001162367|RCV001162365|RCV001336705|RCV002054493,"MONDO:MONDO:0007453,MedGen:C0342277,OMIM:125851,Orphanet:552|MedGen:CN169374|MONDO:MONDO:0100164,MedGen:C1833104,OMIM:PS606176,Orphanet:99885|MONDO:MONDO:0011236,MedGen:C1865290,OMIM:602485,Orphanet:79299||Human Phenotype Ontology:HP:0005965,Human Phenotype Ontology:HP:0005978,Human Phenotype Ontology:HP:0100652,MONDO:MONDO:0005148,MeSH:D003924,MedGen:C0011860,OMIM:125853|MedGen:C3661900","Maturity-onset diabetes of the young type 2|not specified|Permanent neonatal diabetes mellitus|Hyperinsulinism due to glucokinase deficiency|Transient Neonatal Diabetes, Recessive|Type 2 diabetes mellitus|not provided",germline;maternal,germline,GRCh37,NC_000007.13,7,44192889,44192889,na,na,7p13,"criteria provided, conflicting classifications",7,-,N,ClinGen:CA209625,2,36206,44192889,C,T,-,-,-,-,-,-,SCV000052524|SCV000247463|SCV000469448|SCV000719960|SCV001324316|SCV001324317|SCV001324318|SCV001530164|SCV002491808|SCV005876428,-,-
44870,single nucleotide variant,NM_000162.5(GCK):c.208+11G>A,2645,GCK,HGNC:4195,Conflicting classifications of pathogenicity,0,"Nov 27, 2025",77440690,-,RCV000029869|RCV000195056|RCV001162366|RCV001162367|RCV001162365|RCV001336705|RCV002054493,"MONDO:MONDO:0007453,MedGen:C0342277,OMIM:125851,Orphanet:552|MedGen:CN169374|MONDO:MONDO:0100164,MedGen:C1833104,OMIM:PS606176,Orphanet:99885|MONDO:MONDO:0011236,MedGen:C1865290,OMIM:602485,Orphanet:79299||Human Phenotype Ontology:HP:0005965,Human Phenotype Ontology:HP:0005978,Human Phenotype Ontology:HP:0100652,MONDO:MONDO:0005148,MeSH:D003924,MedGen:C0011860,OMIM:125853|MedGen:C3661900","Maturity-onset diabetes of the young type 2|not specified|Permanent neonatal diabetes mellitus|Hyperinsulinism due to glucokinase deficiency|Transient Neonatal Diabetes, Recessive|Type 2 diabetes mellitus|not provided",germline;maternal,germline,GRCh38,NC_000007.14,7,44153290,44153290,na,na,7p13,"criteria provided, conflicting classifications",7,-,N,ClinGen:CA209625,2,36206,44153290,C,T,-,-,-,-,-,-,SCV000052524|SCV000247463|SCV000469448|SCV000719960|SCV001324316|SCV001324317|SCV001324318|SCV001530164|SCV002491808|SCV005876428,-,-
44871,single nucleotide variant,NM_000162.5(GCK):c.208+9T>A,2645,GCK,HGNC:4195,Conflicting classifications of pathogenicity,0,"May 17, 2024",193922288,-,RCV000029870|RCV002465490|RCV003542273,"MONDO:MONDO:0007453,MedGen:C0342277,OMIM:125851,Orphanet:552|Human Phenotype Ontology:HP:0004904,MONDO:MONDO:0018911,MedGen:C0342276,OMIM:PS125850,Orphanet:552|MedGen:C3661900",Maturity-onset diabetes of the young type 2|Maturity-onset diabetes of the young|not provided,germline;unknown,germline,GRCh37,NC_000007.13,7,44192891,44192891,na,na,7p13,"criteria provided, conflicting classifications",3,-,N,ClinGen:CA213769,2,36207,44192891,A,T,-,-,-,-,-,-,SCV000052525|SCV002605376|SCV004247319,-,-
44871,single nucleotide variant,NM_000162.5(GCK):c.208+9T>A,2645,GCK,HGNC:4195,Conflicting classifications of pathogenicity,0,"May 17, 2024",193922288,-,RCV000029870|RCV002465490|RCV003542273,"MONDO:MONDO:0007453,MedGen:C0342277,OMIM:125851,Orphanet:552|Human Phenotype Ontology:HP:0004904,MONDO:MONDO:0018911,MedGen:C0342276,OMIM:PS125850,Orphanet:552|MedGen:C3661900",Maturity-onset diabetes of the young type 2|Maturity-onset diabetes of the young|not provided,germline;unknown,germline,GRCh38,NC_000007.14,7,44153292,44153292,na,na,7p13,"criteria provided, conflicting classifications",3,-,N,ClinGen:CA213769,2,36207,44153292,A,T,-,-,-,-,-,-,SCV000052525|SCV002605376|SCV004247319,-,-
44872,single nucleotide variant,NM_000162.5(GCK):c.209-8G>A,2645,GCK,HGNC:4195,Benign/Likely benign,0,"Jan 09, 2026",144798843,-,RCV000302206|RCV000249810|RCV000305726|RCV000266999|RCV000359365|RCV000886070,"MONDO:MONDO:0011236,MedGen:C1865290,OMIM:602485,Orphanet:79299|MedGen:CN169374|MONDO:MONDO:0007453,MedGen:C0342277,OMIM:125851,Orphanet:552||MONDO:MONDO:0100164,MedGen:C1833104,OMIM:PS606176,Orphanet:99885|MedGen:C3661900","Hyperinsulinism due to glucokinase deficiency|not specified|Maturity-onset diabetes of the young type 2|Transient Neonatal Diabetes, Recessive|Permanent neonatal diabetes mellitus|not provided",germline;unknown,germline,GRCh37,NC_000007.13,7,44192032,44192032,na,na,7p13,"criteria provided, multiple submitters, no conflicts",13,-,N,ClinGen:CA213770,2,36208,44192032,C,T,-,-,-,-,-,-,SCV000052526|SCV000302764|SCV000469444|SCV000469445|SCV000469446|SCV000469447|SCV000594939|SCV001029554|SCV001144013|SCV001250340|SCV001839473|SCV005227299|SCV007302520|SCV007331842,-,-
44872,single nucleotide variant,NM_000162.5(GCK):c.209-8G>A,2645,GCK,HGNC:4195,Benign/Likely benign,0,"Jan 09, 2026",144798843,-,RCV000302206|RCV000249810|RCV000305726|RCV000266999|RCV000359365|RCV000886070,"MONDO:MONDO:0011236,MedGen:C1865290,OMIM:602485,Orphanet:79299|MedGen:CN169374|MONDO:MONDO:0007453,MedGen:C0342277,OMIM:125851,Orphanet:552||MONDO:MONDO:0100164,MedGen:C1833104,OMIM:PS606176,Orphanet:99885|MedGen:C3661900","Hyperinsulinism due to glucokinase deficiency|not specified|Maturity-onset diabetes of the young type 2|Transient Neonatal Diabetes, Recessive|Permanent neonatal diabetes mellitus|not provided",germline;unknown,germline,GRCh38,NC_000007.14,7,44152433,44152433,na,na,7p13,"criteria provided, multiple submitters, no conflicts",13,-,N,ClinGen:CA213770,2,36208,44152433,C,T,-,-,-,-,-,-,SCV000052526|SCV000302764|SCV000469444|SCV000469445|SCV000469446|SCV000469447|SCV000594939|SCV001029554|SCV001144013|SCV001250340|SCV001839473|SCV005227299|SCV007302520|SCV007331842,-,-
44873,single nucleotide variant,NM_000162.5(GCK):c.214G>A (p.Gly72Arg),2645,GCK,HGNC:4195,Pathogenic,1,"Aug 13, 2023",193922289,-,RCV000029872|RCV000255585|RCV001248967|RCV002426523,"MONDO:MONDO:0007453,MedGen:C0342277,OMIM:125851,Orphanet:552|MedGen:C3661900|MONDO:MONDO:0015967,MedGen:C3888631,Orphanet:183625|Human Phenotype Ontology:HP:0004904,MONDO:MONDO:0018911,MedGen:C0342276,OMIM:PS125850,Orphanet:552",Maturity-onset diabetes of the young type 2|not provided|Monogenic diabetes|Maturity-onset diabetes of the young,germline,germline,GRCh37,NC_000007.13,7,44192019,44192019,na,na,7p13,reviewed by expert panel,12,-,N,ClinGen:CA213771,2,36209,44192019,C,T,-,-,-,-,-,-,SCV004032094,-,-
44873,single nucleotide variant,NM_000162.5(GCK):c.214G>A (p.Gly72Arg),2645,GCK,HGNC:4195,Pathogenic,1,"Aug 13, 2023",193922289,-,RCV000029872|RCV000255585|RCV001248967|RCV002426523,"MONDO:MONDO:0007453,MedGen:C0342277,OMIM:125851,Orphanet:552|MedGen:C3661900|MONDO:MONDO:0015967,MedGen:C3888631,Orphanet:183625|Human Phenotype Ontology:HP:0004904,MONDO:MONDO:0018911,MedGen:C0342276,OMIM:PS125850,Orphanet:552",Maturity-onset diabetes of the young type 2|not provided|Monogenic diabetes|Maturity-onset diabetes of the young,germline,germline,GRCh38,NC_000007.14,7,44152420,44152420,na,na,7p13,reviewed by expert panel,12,-,N,ClinGen:CA213771,2,36209,44152420,C,T,-,-,-,-,-,-,SCV004032094,-,-
44874,single nucleotide variant,NM_000162.5(GCK):c.253A>T (p.Arg85Trp),2645,GCK,HGNC:4195,Likely pathogenic/Likely risk allele,1,"Aug 18, 2011",193922290,-,RCV000029873|RCV002465491,"MONDO:MONDO:0007453,MedGen:C0342277,OMIM:125851,Orphanet:552|Human Phenotype Ontology:HP:0004904,MONDO:MONDO:0018911,MedGen:C0342276,OMIM:PS125850,Orphanet:552",Maturity-onset diabetes of the young type 2|Maturity-onset diabetes of the young,germline;unknown,germline,GRCh37,NC_000007.13,7,44191980,44191980,na,na,7p13,"criteria provided, multiple submitters, no conflicts",2,-,N,ClinGen:CA213773,2,36210,44191980,T,A,-,-,-,-,-,-,SCV000052528|SCV002605373,-,-
44874,single nucleotide variant,NM_000162.5(GCK):c.253A>T (p.Arg85Trp),2645,GCK,HGNC:4195,Likely pathogenic/Likely risk allele,1,"Aug 18, 2011",193922290,-,RCV000029873|RCV002465491,"MONDO:MONDO:0007453,MedGen:C0342277,OMIM:125851,Orphanet:552|Human Phenotype Ontology:HP:0004904,MONDO:MONDO:0018911,MedGen:C0342276,OMIM:PS125850,Orphanet:552",Maturity-onset diabetes of the young type 2|Maturity-onset diabetes of the young,germline;unknown,germline,GRCh38,NC_000007.14,7,44152381,44152381,na,na,7p13,"criteria provided, multiple submitters, no conflicts",2,-,N,ClinGen:CA213773,2,36210,44152381,T,A,-,-,-,-,-,-,SCV000052528|SCV002605373,-,-
44875,single nucleotide variant,NM_000162.5(GCK):c.304A>T (p.Lys102Ter),2645,GCK,HGNC:4195,Likely pathogenic,1,"Jan 03, 2025",193922291,-,RCV000029874|RCV002463997|RCV004991978,"MONDO:MONDO:0007453,MedGen:C0342277,OMIM:125851,Orphanet:552|Human Phenotype Ontology:HP:0004904,MONDO:MONDO:0018911,MedGen:C0342276,OMIM:PS125850,Orphanet:552|MONDO:MONDO:0015967,MedGen:C3888631,Orphanet:183625",Maturity-onset diabetes of the young type 2|Maturity-onset diabetes of the young|Monogenic diabetes,germline;unknown,germline,GRCh37,NC_000007.13,7,44191929,44191929,na,na,7p13,reviewed by expert panel,3,-,N,ClinGen:CA213775,2,36211,44191929,T,A,-,-,-,-,-,-,SCV005442832,-,-
44875,single nucleotide variant,NM_000162.5(GCK):c.304A>T (p.Lys102Ter),2645,GCK,HGNC:4195,Likely pathogenic,1,"Jan 03, 2025",193922291,-,RCV000029874|RCV002463997|RCV004991978,"MONDO:MONDO:0007453,MedGen:C0342277,OMIM:125851,Orphanet:552|Human Phenotype Ontology:HP:0004904,MONDO:MONDO:0018911,MedGen:C0342276,OMIM:PS125850,Orphanet:552|MONDO:MONDO:0015967,MedGen:C3888631,Orphanet:183625",Maturity-onset diabetes of the young type 2|Maturity-onset diabetes of the young|Monogenic diabetes,germline;unknown,germline,GRCh38,NC_000007.14,7,44152330,44152330,na,na,7p13,reviewed by expert panel,3,-,N,ClinGen:CA213775,2,36211,44152330,T,A,-,-,-,-,-,-,SCV005442832,-,-
44876,single nucleotide variant,NM_000162.5(GCK):c.322T>G (p.Tyr108Asp),2645,GCK,HGNC:4195,Uncertain significance,1,"Jan 18, 2024",193922292,-,RCV000029875|RCV002463998|RCV003493416,"MONDO:MONDO:0007453,MedGen:C0342277,OMIM:125851,Orphanet:552|Human Phenotype Ontology:HP:0004904,MONDO:MONDO:0018911,MedGen:C0342276,OMIM:PS125850,Orphanet:552|MONDO:MONDO:0015967,MedGen:C3888631,Orphanet:183625",Maturity-onset diabetes of the young type 2|Maturity-onset diabetes of the young|Monogenic diabetes,germline;unknown,germline,GRCh37,NC_000007.13,7,44191911,44191911,na,na,7p13,reviewed by expert panel,3,-,N,ClinGen:CA213777,2,36212,44191911,A,C,-,-,-,-,-,-,SCV004242364,-,-
44876,single nucleotide variant,NM_000162.5(GCK):c.322T>G (p.Tyr108Asp),2645,GCK,HGNC:4195,Uncertain significance,1,"Jan 18, 2024",193922292,-,RCV000029875|RCV002463998|RCV003493416,"MONDO:MONDO:0007453,MedGen:C0342277,OMIM:125851,Orphanet:552|Human Phenotype Ontology:HP:0004904,MONDO:MONDO:0018911,MedGen:C0342276,OMIM:PS125850,Orphanet:552|MONDO:MONDO:0015967,MedGen:C3888631,Orphanet:183625",Maturity-onset diabetes of the young type 2|Maturity-onset diabetes of the young|Monogenic diabetes,germline;unknown,germline,GRCh38,NC_000007.14,7,44152312,44152312,na,na,7p13,reviewed by expert panel,3,-,N,ClinGen:CA213777,2,36212,44152312,A,C,-,-,-,-,-,-,SCV004242364,-,-
44877,single nucleotide variant,NM_000162.5(GCK):c.339C>T (p.Asp113=),2645,GCK,HGNC:4195,Benign/Likely benign,0,"Dec 16, 2025",149412035,-,RCV000029876|RCV000194993|RCV000294733|RCV000351983|RCV000394689|RCV000967046|RCV002319428|RCV002504829,"MONDO:MONDO:0007453,MedGen:C0342277,OMIM:125851,Orphanet:552|MedGen:CN169374|MONDO:MONDO:0100164,MedGen:C1833104,OMIM:PS606176,Orphanet:99885|MONDO:MONDO:0011236,MedGen:C1865290,OMIM:602485,Orphanet:79299||MedGen:C3661900|Human Phenotype Ontology:HP:0004904,MONDO:MONDO:0018911,MedGen:C0342276,OMIM:PS125850,Orphanet:552|Human Phenotype Ontology:HP:0005965,Human Phenotype Ontology:HP:0005978,Human Phenotype Ontology:HP:0100652,MONDO:MONDO:0005148,MeSH:D003924,MedGen:C0011860,OMIM:125853;MONDO:MONDO:0011236,MedGen:C1865290,OMIM:602485,Orphanet:79299;MONDO:MONDO:0100165,MedGen:C5393570,OMIM:606176;MONDO:MONDO:0007453,MedGen:C0342277,OMIM:125851,Orphanet:552","Maturity-onset diabetes of the young type 2|not specified|Permanent neonatal diabetes mellitus|Hyperinsulinism due to glucokinase deficiency|Transient Neonatal Diabetes, Recessive|not provided|Maturity-onset diabetes of the young|Type 2 diabetes mellitus;Hyperinsulinism due to glucokinase deficiency;Permanent neonatal diabetes mellitus 1;Maturity-onset diabetes of the young type 2",germline;unknown,germline,GRCh37,NC_000007.13,7,44191894,44191894,na,na,7p13,"criteria provided, multiple submitters, no conflicts",10,-,N,ClinGen:CA209535,2,36213,44191894,G,A,-,-,-,-,-,-,SCV000052531|SCV000247466|SCV000302767|SCV000469436|SCV000469437|SCV000469438|SCV000469439|SCV001114416|SCV001815630|SCV002604910|SCV002618348|SCV002807353|SCV005622232,-,-
44877,single nucleotide variant,NM_000162.5(GCK):c.339C>T (p.Asp113=),2645,GCK,HGNC:4195,Benign/Likely benign,0,"Dec 16, 2025",149412035,-,RCV000029876|RCV000194993|RCV000294733|RCV000351983|RCV000394689|RCV000967046|RCV002319428|RCV002504829,"MONDO:MONDO:0007453,MedGen:C0342277,OMIM:125851,Orphanet:552|MedGen:CN169374|MONDO:MONDO:0100164,MedGen:C1833104,OMIM:PS606176,Orphanet:99885|MONDO:MONDO:0011236,MedGen:C1865290,OMIM:602485,Orphanet:79299||MedGen:C3661900|Human Phenotype Ontology:HP:0004904,MONDO:MONDO:0018911,MedGen:C0342276,OMIM:PS125850,Orphanet:552|Human Phenotype Ontology:HP:0005965,Human Phenotype Ontology:HP:0005978,Human Phenotype Ontology:HP:0100652,MONDO:MONDO:0005148,MeSH:D003924,MedGen:C0011860,OMIM:125853;MONDO:MONDO:0011236,MedGen:C1865290,OMIM:602485,Orphanet:79299;MONDO:MONDO:0100165,MedGen:C5393570,OMIM:606176;MONDO:MONDO:0007453,MedGen:C0342277,OMIM:125851,Orphanet:552","Maturity-onset diabetes of the young type 2|not specified|Permanent neonatal diabetes mellitus|Hyperinsulinism due to glucokinase deficiency|Transient Neonatal Diabetes, Recessive|not provided|Maturity-onset diabetes of the young|Type 2 diabetes mellitus;Hyperinsulinism due to glucokinase deficiency;Permanent neonatal diabetes mellitus 1;Maturity-onset diabetes of the young type 2",germline;unknown,germline,GRCh38,NC_000007.14,7,44152295,44152295,na,na,7p13,"criteria provided, multiple submitters, no conflicts",10,-,N,ClinGen:CA209535,2,36213,44152295,G,A,-,-,-,-,-,-,SCV000052531|SCV000247466|SCV000302767|SCV000469436|SCV000469437|SCV000469438|SCV000469439|SCV001114416|SCV001815630|SCV002604910|SCV002618348|SCV002807353|SCV005622232,-,-
44878,Duplication,NM_000162.5(GCK):c.364-41dup,2645,GCK,HGNC:4195,Uncertain significance,0,"Aug 18, 2011",193922293,-,RCV000029877|RCV002463999,"MONDO:MONDO:0007453,MedGen:C0342277,OMIM:125851,Orphanet:552|Human Phenotype Ontology:HP:0004904,MONDO:MONDO:0018911,MedGen:C0342276,OMIM:PS125850,Orphanet:552",Maturity-onset diabetes of the young type 2|Maturity-onset diabetes of the young,germline;unknown,germline,GRCh37,NC_000007.13,7,44190708,44190709,na,na,7p13,"criteria provided, multiple submitters, no conflicts",2,-,N,ClinGen:CA213779,2,36214,44190708,T,TG,-,-,-,-,-,-,SCV000052532|SCV002605278,-,-
44878,Duplication,NM_000162.5(GCK):c.364-41dup,2645,GCK,HGNC:4195,Uncertain significance,0,"Aug 18, 2011",193922293,-,RCV000029877|RCV002463999,"MONDO:MONDO:0007453,MedGen:C0342277,OMIM:125851,Orphanet:552|Human Phenotype Ontology:HP:0004904,MONDO:MONDO:0018911,MedGen:C0342276,OMIM:PS125850,Orphanet:552",Maturity-onset diabetes of the young type 2|Maturity-onset diabetes of the young,germline;unknown,germline,GRCh38,NC_000007.14,7,44151109,44151110,na,na,7p13,"criteria provided, multiple submitters, no conflicts",2,-,N,ClinGen:CA213779,2,36214,44151109,T,TG,-,-,-,-,-,-,SCV000052532|SCV002605278,-,-
44879,Duplication,NM_000162.5(GCK):c.364-49dup,2645,GCK,HGNC:4195,Uncertain significance,0,"Aug 18, 2011",193922294,-,RCV000029878|RCV002464000,"MONDO:MONDO:0007453,MedGen:C0342277,OMIM:125851,Orphanet:552|Human Phenotype Ontology:HP:0004904,MONDO:MONDO:0018911,MedGen:C0342276,OMIM:PS125850,Orphanet:552",Maturity-onset diabetes of the young type 2|Maturity-onset diabetes of the young,germline;unknown,germline,GRCh37,NC_000007.13,7,44190721,44190722,na,na,7p13,"criteria provided, multiple submitters, no conflicts",2,-,N,ClinGen:CA213780,2,36215,44190721,T,TG,-,-,-,-,-,-,SCV000052533|SCV002605279,-,-
44879,Duplication,NM_000162.5(GCK):c.364-49dup,2645,GCK,HGNC:4195,Uncertain significance,0,"Aug 18, 2011",193922294,-,RCV000029878|RCV002464000,"MONDO:MONDO:0007453,MedGen:C0342277,OMIM:125851,Orphanet:552|Human Phenotype Ontology:HP:0004904,MONDO:MONDO:0018911,MedGen:C0342276,OMIM:PS125850,Orphanet:552",Maturity-onset diabetes of the young type 2|Maturity-onset diabetes of the young,germline;unknown,germline,GRCh38,NC_000007.14,7,44151122,44151123,na,na,7p13,"criteria provided, multiple submitters, no conflicts",2,-,N,ClinGen:CA213780,2,36215,44151122,T,TG,-,-,-,-,-,-,SCV000052533|SCV002605279,-,-
44880,Deletion,NM_000162.5(GCK):c.393del (p.Asp132fs),2645,GCK,HGNC:4195,Pathogenic/Likely pathogenic,1,"Apr 14, 2016",193922295,-,RCV000029879|RCV002371785,"MONDO:MONDO:0007453,MedGen:C0342277,OMIM:125851,Orphanet:552|Human Phenotype Ontology:HP:0004904,MONDO:MONDO:0018911,MedGen:C0342276,OMIM:PS125850,Orphanet:552",Maturity-onset diabetes of the young type 2|Maturity-onset diabetes of the young,germline;unknown,germline,GRCh37,NC_000007.13,7,44190645,44190645,na,na,7p13,"criteria provided, multiple submitters, no conflicts",3,-,N,ClinGen:CA213781,2,36216,44190644,CG,C,-,-,-,-,-,-,SCV000052534|SCV002605289|SCV002626051,-,-
44880,Deletion,NM_000162.5(GCK):c.393del (p.Asp132fs),2645,GCK,HGNC:4195,Pathogenic/Likely pathogenic,1,"Apr 14, 2016",193922295,-,RCV000029879|RCV002371785,"MONDO:MONDO:0007453,MedGen:C0342277,OMIM:125851,Orphanet:552|Human Phenotype Ontology:HP:0004904,MONDO:MONDO:0018911,MedGen:C0342276,OMIM:PS125850,Orphanet:552",Maturity-onset diabetes of the young type 2|Maturity-onset diabetes of the young,germline;unknown,germline,GRCh38,NC_000007.14,7,44151046,44151046,na,na,7p13,"criteria provided, multiple submitters, no conflicts",3,-,N,ClinGen:CA213781,2,36216,44151045,CG,C,-,-,-,-,-,-,SCV000052534|SCV002605289|SCV002626051,-,-
44881,single nucleotide variant,NM_000162.5(GCK):c.440G>A (p.Gly147Asp),2645,GCK,HGNC:4195,Uncertain significance,0,"Oct 05, 2023",193922296,-,RCV001248972|RCV002271379|RCV003565386,"MONDO:MONDO:0015967,MedGen:C3888631,Orphanet:183625|MedGen:CN169374|MedGen:C3661900",Monogenic diabetes|not specified|not provided,germline,germline,GRCh37,NC_000007.13,7,44190598,44190598,na,na,7p13,"criteria provided, multiple submitters, no conflicts",3,-,N,ClinGen:CA213782,2,36217,44190598,C,T,-,-,-,-,-,-,SCV000052535|SCV001422804|SCV004319711,-,-
44881,single nucleotide variant,NM_000162.5(GCK):c.440G>A (p.Gly147Asp),2645,GCK,HGNC:4195,Uncertain significance,0,"Oct 05, 2023",193922296,-,RCV001248972|RCV002271379|RCV003565386,"MONDO:MONDO:0015967,MedGen:C3888631,Orphanet:183625|MedGen:CN169374|MedGen:C3661900",Monogenic diabetes|not specified|not provided,germline,germline,GRCh38,NC_000007.14,7,44150999,44150999,na,na,7p13,"criteria provided, multiple submitters, no conflicts",3,-,N,ClinGen:CA213782,2,36217,44150999,C,T,-,-,-,-,-,-,SCV000052535|SCV001422804|SCV004319711,-,-
44882,single nucleotide variant,NM_000162.5(GCK):c.449T>C (p.Phe150Ser),2645,GCK,HGNC:4195,Pathogenic,1,"Mar 22, 2024",193922297,-,RCV000029881|RCV000432293|RCV003993658,"MONDO:MONDO:0007453,MedGen:C0342277,OMIM:125851,Orphanet:552|MedGen:C3661900|MONDO:MONDO:0015967,MedGen:C3888631,Orphanet:183625",Maturity-onset diabetes of the young type 2|not provided|Monogenic diabetes,germline,germline,GRCh37,NC_000007.13,7,44190589,44190589,na,na,7p13,reviewed by expert panel,4,-,N,"ClinGen:CA213784,UniProtKB:P35557#VAR_010588",2,36218,44190589,A,G,-,-,-,-,-,-,SCV004812201,-,-
44882,single nucleotide variant,NM_000162.5(GCK):c.449T>C (p.Phe150Ser),2645,GCK,HGNC:4195,Pathogenic,1,"Mar 22, 2024",193922297,-,RCV000029881|RCV000432293|RCV003993658,"MONDO:MONDO:0007453,MedGen:C0342277,OMIM:125851,Orphanet:552|MedGen:C3661900|MONDO:MONDO:0015967,MedGen:C3888631,Orphanet:183625",Maturity-onset diabetes of the young type 2|not provided|Monogenic diabetes,germline,germline,GRCh38,NC_000007.14,7,44150990,44150990,na,na,7p13,reviewed by expert panel,4,-,N,"ClinGen:CA213784,UniProtKB:P35557#VAR_010588",2,36218,44150990,A,G,-,-,-,-,-,-,SCV004812201,-,-
44883,single nucleotide variant,NM_000162.5(GCK):c.45+11C>G,2645,GCK,HGNC:4195,Conflicting classifications of pathogenicity,0,"Aug 18, 2011",193922298,-,RCV000029882|RCV002463597,"MONDO:MONDO:0016391,MedGen:C0158981,Orphanet:224|Human Phenotype Ontology:HP:0004904,MONDO:MONDO:0018911,MedGen:C0342276,OMIM:PS125850,Orphanet:552",Neonatal diabetes mellitus|Maturity-onset diabetes of the young,germline;unknown,germline,GRCh37,NC_000007.13,7,44228497,44228497,na,na,7p13,"criteria provided, conflicting classifications",2,-,N,ClinGen:CA213785,2,36219,44228497,G,C,-,-,-,-,-,-,SCV000052537|SCV002605182,-,-
44883,single nucleotide variant,NM_000162.5(GCK):c.45+11C>G,2645,GCK,HGNC:4195,Conflicting classifications of pathogenicity,0,"Aug 18, 2011",193922298,-,RCV000029882|RCV002463597,"MONDO:MONDO:0016391,MedGen:C0158981,Orphanet:224|Human Phenotype Ontology:HP:0004904,MONDO:MONDO:0018911,MedGen:C0342276,OMIM:PS125850,Orphanet:552",Neonatal diabetes mellitus|Maturity-onset diabetes of the young,germline;unknown,germline,GRCh38,NC_000007.14,7,44188898,44188898,na,na,7p13,"criteria provided, conflicting classifications",2,-,N,ClinGen:CA213785,2,36219,44188898,G,C,-,-,-,-,-,-,SCV000052537|SCV002605182,-,-
44884,single nucleotide variant,NM_000162.5(GCK):c.450C>T (p.Phe150=),2645,GCK,HGNC:4195,Likely benign,0,"Aug 18, 2011",193922299,-,RCV000029883|RCV002464074,"MONDO:MONDO:0007453,MedGen:C0342277,OMIM:125851,Orphanet:552|Human Phenotype Ontology:HP:0004904,MONDO:MONDO:0018911,MedGen:C0342276,OMIM:PS125850,Orphanet:552",Maturity-onset diabetes of the young type 2|Maturity-onset diabetes of the young,germline;unknown,germline,GRCh37,NC_000007.13,7,44190588,44190588,na,na,7p13,"criteria provided, multiple submitters, no conflicts",2,-,N,ClinGen:CA213786,2,36220,44190588,G,A,-,-,-,-,-,-,SCV000052538|SCV002605288,-,-
44884,single nucleotide variant,NM_000162.5(GCK):c.450C>T (p.Phe150=),2645,GCK,HGNC:4195,Likely benign,0,"Aug 18, 2011",193922299,-,RCV000029883|RCV002464074,"MONDO:MONDO:0007453,MedGen:C0342277,OMIM:125851,Orphanet:552|Human Phenotype Ontology:HP:0004904,MONDO:MONDO:0018911,MedGen:C0342276,OMIM:PS125850,Orphanet:552",Maturity-onset diabetes of the young type 2|Maturity-onset diabetes of the young,germline;unknown,germline,GRCh38,NC_000007.14,7,44150989,44150989,na,na,7p13,"criteria provided, multiple submitters, no conflicts",2,-,N,ClinGen:CA213786,2,36220,44150989,G,A,-,-,-,-,-,-,SCV000052538|SCV002605288,-,-
44885,single nucleotide variant,NM_000162.5(GCK):c.457C>T (p.Pro153Ser),2645,GCK,HGNC:4195,Likely pathogenic,1,"Apr 22, 2024",193922300,-,RCV000991335|RCV002336092|RCV004527305|RCV004558274,"MedGen:C3661900|Human Phenotype Ontology:HP:0004904,MONDO:MONDO:0018911,MedGen:C0342276,OMIM:PS125850,Orphanet:552|MONDO:MONDO:0015967,MedGen:C3888631,Orphanet:183625|MONDO:MONDO:0007453,MedGen:C0342277,OMIM:125851,Orphanet:552",not provided|Maturity-onset diabetes of the young|Monogenic diabetes|Maturity-onset diabetes of the young type 2,germline;unknown,germline,GRCh37,NC_000007.13,7,44190581,44190581,na,na,7p13,reviewed by expert panel,6,-,N,ClinGen:CA213788,2,36221,44190581,G,A,-,-,-,-,-,-,SCV005040695,-,-
44885,single nucleotide variant,NM_000162.5(GCK):c.457C>T (p.Pro153Ser),2645,GCK,HGNC:4195,Likely pathogenic,1,"Apr 22, 2024",193922300,-,RCV000991335|RCV002336092|RCV004527305|RCV004558274,"MedGen:C3661900|Human Phenotype Ontology:HP:0004904,MONDO:MONDO:0018911,MedGen:C0342276,OMIM:PS125850,Orphanet:552|MONDO:MONDO:0015967,MedGen:C3888631,Orphanet:183625|MONDO:MONDO:0007453,MedGen:C0342277,OMIM:125851,Orphanet:552",not provided|Maturity-onset diabetes of the young|Monogenic diabetes|Maturity-onset diabetes of the young type 2,germline;unknown,germline,GRCh38,NC_000007.14,7,44150982,44150982,na,na,7p13,reviewed by expert panel,6,-,N,ClinGen:CA213788,2,36221,44150982,G,A,-,-,-,-,-,-,SCV005040695,-,-
44886,single nucleotide variant,NM_000162.5(GCK):c.46-12C>T,2645,GCK,HGNC:4195,Benign/Likely benign,0,"Jan 12, 2026",142829768,-,RCV000029885|RCV000194380|RCV000296692|RCV000344829|RCV000388709|RCV000711774|RCV002336093,"MONDO:MONDO:0007453,MedGen:C0342277,OMIM:125851,Orphanet:552|MedGen:CN169374||MONDO:MONDO:0011236,MedGen:C1865290,OMIM:602485,Orphanet:79299|MONDO:MONDO:0100164,MedGen:C1833104,OMIM:PS606176,Orphanet:99885|MedGen:C3661900|Human Phenotype Ontology:HP:0004904,MONDO:MONDO:0018911,MedGen:C0342276,OMIM:PS125850,Orphanet:552","Maturity-onset diabetes of the young type 2|not specified|Transient Neonatal Diabetes, Recessive|Hyperinsulinism due to glucokinase deficiency|Permanent neonatal diabetes mellitus|not provided|Maturity-onset diabetes of the young",germline;unknown,germline,GRCh37,NC_000007.13,7,44193074,44193074,na,na,7p13,"criteria provided, multiple submitters, no conflicts",10,-,N,ClinGen:CA208518,2,36222,44193074,G,A,-,-,-,-,-,-,SCV000052540|SCV000247468|SCV000302768|SCV000469453|SCV000469454|SCV000469455|SCV000469456|SCV000842170|SCV001866126|SCV002417280|SCV002605432|SCV002637769|SCV004564832,-,-
44886,single nucleotide variant,NM_000162.5(GCK):c.46-12C>T,2645,GCK,HGNC:4195,Benign/Likely benign,0,"Jan 12, 2026",142829768,-,RCV000029885|RCV000194380|RCV000296692|RCV000344829|RCV000388709|RCV000711774|RCV002336093,"MONDO:MONDO:0007453,MedGen:C0342277,OMIM:125851,Orphanet:552|MedGen:CN169374||MONDO:MONDO:0011236,MedGen:C1865290,OMIM:602485,Orphanet:79299|MONDO:MONDO:0100164,MedGen:C1833104,OMIM:PS606176,Orphanet:99885|MedGen:C3661900|Human Phenotype Ontology:HP:0004904,MONDO:MONDO:0018911,MedGen:C0342276,OMIM:PS125850,Orphanet:552","Maturity-onset diabetes of the young type 2|not specified|Transient Neonatal Diabetes, Recessive|Hyperinsulinism due to glucokinase deficiency|Permanent neonatal diabetes mellitus|not provided|Maturity-onset diabetes of the young",germline;unknown,germline,GRCh38,NC_000007.14,7,44153475,44153475,na,na,7p13,"criteria provided, multiple submitters, no conflicts",10,-,N,ClinGen:CA208518,2,36222,44153475,G,A,-,-,-,-,-,-,SCV000052540|SCV000247468|SCV000302768|SCV000469453|SCV000469454|SCV000469455|SCV000469456|SCV000842170|SCV001866126|SCV002417280|SCV002605432|SCV002637769|SCV004564832,-,-
44887,single nucleotide variant,NM_000162.5(GCK):c.463A>G (p.Arg155Gly),2645,GCK,HGNC:4195,Uncertain significance,1,"Apr 18, 2024",193922301,-,RCV000029886|RCV001753431|RCV002336094|RCV004527306,"MONDO:MONDO:0007453,MedGen:C0342277,OMIM:125851,Orphanet:552|MedGen:C3661900|Human Phenotype Ontology:HP:0004904,MONDO:MONDO:0018911,MedGen:C0342276,OMIM:PS125850,Orphanet:552|MONDO:MONDO:0015967,MedGen:C3888631,Orphanet:183625",Maturity-onset diabetes of the young type 2|not provided|Maturity-onset diabetes of the young|Monogenic diabetes,germline;unknown,germline,GRCh37,NC_000007.13,7,44190575,44190575,na,na,7p13,reviewed by expert panel,6,-,N,ClinGen:CA213790,2,36223,44190575,T,C,-,-,-,-,-,-,SCV005040696,-,-
44887,single nucleotide variant,NM_000162.5(GCK):c.463A>G (p.Arg155Gly),2645,GCK,HGNC:4195,Uncertain significance,1,"Apr 18, 2024",193922301,-,RCV000029886|RCV001753431|RCV002336094|RCV004527306,"MONDO:MONDO:0007453,MedGen:C0342277,OMIM:125851,Orphanet:552|MedGen:C3661900|Human Phenotype Ontology:HP:0004904,MONDO:MONDO:0018911,MedGen:C0342276,OMIM:PS125850,Orphanet:552|MONDO:MONDO:0015967,MedGen:C3888631,Orphanet:183625",Maturity-onset diabetes of the young type 2|not provided|Maturity-onset diabetes of the young|Monogenic diabetes,germline;unknown,germline,GRCh38,NC_000007.14,7,44150976,44150976,na,na,7p13,reviewed by expert panel,6,-,N,ClinGen:CA213790,2,36223,44150976,T,C,-,-,-,-,-,-,SCV005040696,-,-
44888,single nucleotide variant,NM_000162.5(GCK):c.483G>A (p.Lys161=),2645,GCK,HGNC:4195,Pathogenic,1,"May 26, 2023",193922302,-,RCV000029887|RCV002464001|RCV003234538|RCV003482231,"MONDO:MONDO:0007453,MedGen:C0342277,OMIM:125851,Orphanet:552|Human Phenotype Ontology:HP:0004904,MONDO:MONDO:0018911,MedGen:C0342276,OMIM:PS125850,Orphanet:552|MONDO:MONDO:0015967,MedGen:C3888631,Orphanet:183625|MedGen:C3661900",Maturity-onset diabetes of the young type 2|Maturity-onset diabetes of the young|Monogenic diabetes|not provided,germline;unknown,germline,GRCh37,NC_000007.13,7,44190555,44190555,na,na,7p13,reviewed by expert panel,4,-,N,ClinGen:CA213792,2,36224,44190555,C,T,-,-,-,-,-,-,SCV003932645,-,-
44888,single nucleotide variant,NM_000162.5(GCK):c.483G>A (p.Lys161=),2645,GCK,HGNC:4195,Pathogenic,1,"May 26, 2023",193922302,-,RCV000029887|RCV002464001|RCV003234538|RCV003482231,"MONDO:MONDO:0007453,MedGen:C0342277,OMIM:125851,Orphanet:552|Human Phenotype Ontology:HP:0004904,MONDO:MONDO:0018911,MedGen:C0342276,OMIM:PS125850,Orphanet:552|MONDO:MONDO:0015967,MedGen:C3888631,Orphanet:183625|MedGen:C3661900",Maturity-onset diabetes of the young type 2|Maturity-onset diabetes of the young|Monogenic diabetes|not provided,germline;unknown,germline,GRCh38,NC_000007.14,7,44150956,44150956,na,na,7p13,reviewed by expert panel,4,-,N,ClinGen:CA213792,2,36224,44150956,C,T,-,-,-,-,-,-,SCV003932645,-,-
44889,single nucleotide variant,NM_000162.5(GCK):c.509G>T (p.Gly170Val),2645,GCK,HGNC:4195,Likely pathogenic,1,"Aug 18, 2011",193922303,-,RCV000029888,"MONDO:MONDO:0007453,MedGen:C0342277,OMIM:125851,Orphanet:552",Maturity-onset diabetes of the young type 2,germline,germline,GRCh37,NC_000007.13,7,44189638,44189638,na,na,7p13,"criteria provided, single submitter",1,-,N,ClinGen:CA213794,2,36225,44189638,C,A,-,-,-,-,-,-,SCV000052543,-,-
44889,single nucleotide variant,NM_000162.5(GCK):c.509G>T (p.Gly170Val),2645,GCK,HGNC:4195,Likely pathogenic,1,"Aug 18, 2011",193922303,-,RCV000029888,"MONDO:MONDO:0007453,MedGen:C0342277,OMIM:125851,Orphanet:552",Maturity-onset diabetes of the young type 2,germline,germline,GRCh38,NC_000007.14,7,44150039,44150039,na,na,7p13,"criteria provided, single submitter",1,-,N,ClinGen:CA213794,2,36225,44150039,C,A,-,-,-,-,-,-,SCV000052543,-,-
44890,single nucleotide variant,NM_000162.5(GCK):c.527C>G (p.Ala176Gly),2645,GCK,HGNC:4195,Likely pathogenic/Likely risk allele,1,"Aug 18, 2011",193922304,-,RCV000029889|RCV002463598,"MONDO:MONDO:0007453,MedGen:C0342277,OMIM:125851,Orphanet:552|Human Phenotype Ontology:HP:0004904,MONDO:MONDO:0018911,MedGen:C0342276,OMIM:PS125850,Orphanet:552",Maturity-onset diabetes of the young type 2|Maturity-onset diabetes of the young,germline;unknown,germline,GRCh37,NC_000007.13,7,44189620,44189620,na,na,7p13,"criteria provided, multiple submitters, no conflicts",2,-,N,ClinGen:CA213796,2,36226,44189620,G,C,-,-,-,-,-,-,SCV000052544|SCV002605223,-,-
44890,single nucleotide variant,NM_000162.5(GCK):c.527C>G (p.Ala176Gly),2645,GCK,HGNC:4195,Likely pathogenic/Likely risk allele,1,"Aug 18, 2011",193922304,-,RCV000029889|RCV002463598,"MONDO:MONDO:0007453,MedGen:C0342277,OMIM:125851,Orphanet:552|Human Phenotype Ontology:HP:0004904,MONDO:MONDO:0018911,MedGen:C0342276,OMIM:PS125850,Orphanet:552",Maturity-onset diabetes of the young type 2|Maturity-onset diabetes of the young,germline;unknown,germline,GRCh38,NC_000007.14,7,44150021,44150021,na,na,7p13,"criteria provided, multiple submitters, no conflicts",2,-,N,ClinGen:CA213796,2,36226,44150021,G,C,-,-,-,-,-,-,SCV000052544|SCV002605223,-,-
44891,single nucleotide variant,NM_000162.5(GCK):c.532G>A (p.Gly178Arg),2645,GCK,HGNC:4195,Likely pathogenic,1,"Mar 22, 2026",193922305,-,RCV000029890|RCV002463599|RCV005089320|RCV006635922,"MONDO:MONDO:0007453,MedGen:C0342277,OMIM:125851,Orphanet:552|Human Phenotype Ontology:HP:0004904,MONDO:MONDO:0018911,MedGen:C0342276,OMIM:PS125850,Orphanet:552|MedGen:C3661900|MONDO:MONDO:0015967,MedGen:C3888631,Orphanet:183625",Maturity-onset diabetes of the young type 2|Maturity-onset diabetes of the young|not provided|Monogenic diabetes,germline;unknown,germline,GRCh37,NC_000007.13,7,44189615,44189615,na,na,7p13,reviewed by expert panel,5,-,N,ClinGen:CA213798,2,36227,44189615,C,T,-,-,-,-,-,-,SCV007520542,-,-
44891,single nucleotide variant,NM_000162.5(GCK):c.532G>A (p.Gly178Arg),2645,GCK,HGNC:4195,Likely pathogenic,1,"Mar 22, 2026",193922305,-,RCV000029890|RCV002463599|RCV005089320|RCV006635922,"MONDO:MONDO:0007453,MedGen:C0342277,OMIM:125851,Orphanet:552|Human Phenotype Ontology:HP:0004904,MONDO:MONDO:0018911,MedGen:C0342276,OMIM:PS125850,Orphanet:552|MedGen:C3661900|MONDO:MONDO:0015967,MedGen:C3888631,Orphanet:183625",Maturity-onset diabetes of the young type 2|Maturity-onset diabetes of the young|not provided|Monogenic diabetes,germline;unknown,germline,GRCh38,NC_000007.14,7,44150016,44150016,na,na,7p13,reviewed by expert panel,5,-,N,ClinGen:CA213798,2,36227,44150016,C,T,-,-,-,-,-,-,SCV007520542,-,-
44892,single nucleotide variant,NM_000162.5(GCK):c.542T>C (p.Val181Ala),2645,GCK,HGNC:4195,Conflicting classifications of pathogenicity,1,"Jun 13, 2025",193922306,-,RCV000029891|RCV000992053|RCV002345256,"MONDO:MONDO:0007453,MedGen:C0342277,OMIM:125851,Orphanet:552|MedGen:C3661900|Human Phenotype Ontology:HP:0004904,MONDO:MONDO:0018911,MedGen:C0342276,OMIM:PS125850,Orphanet:552",Maturity-onset diabetes of the young type 2|not provided|Maturity-onset diabetes of the young,germline;unknown,germline,GRCh37,NC_000007.13,7,44189605,44189605,na,na,7p13,"criteria provided, conflicting classifications",6,-,N,ClinGen:CA213800,2,36228,44189605,A,G,-,-,-,-,-,-,SCV000052546|SCV001144021|SCV002569785|SCV002605219|SCV002648011|SCV003439953,-,-
44892,single nucleotide variant,NM_000162.5(GCK):c.542T>C (p.Val181Ala),2645,GCK,HGNC:4195,Conflicting classifications of pathogenicity,1,"Jun 13, 2025",193922306,-,RCV000029891|RCV000992053|RCV002345256,"MONDO:MONDO:0007453,MedGen:C0342277,OMIM:125851,Orphanet:552|MedGen:C3661900|Human Phenotype Ontology:HP:0004904,MONDO:MONDO:0018911,MedGen:C0342276,OMIM:PS125850,Orphanet:552",Maturity-onset diabetes of the young type 2|not provided|Maturity-onset diabetes of the young,germline;unknown,germline,GRCh38,NC_000007.14,7,44150006,44150006,na,na,7p13,"criteria provided, conflicting classifications",6,-,N,ClinGen:CA213800,2,36228,44150006,A,G,-,-,-,-,-,-,SCV000052546|SCV001144021|SCV002569785|SCV002605219|SCV002648011|SCV003439953,-,-
44893,single nucleotide variant,NM_000162.5(GCK):c.563C>T (p.Ala188Val),2645,GCK,HGNC:4195,Likely pathogenic/Likely risk allele,1,"Aug 25, 2025",193922307,-,RCV002463600|RCV004700287|RCV006461229,"Human Phenotype Ontology:HP:0004904,MONDO:MONDO:0018911,MedGen:C0342276,OMIM:PS125850,Orphanet:552|MONDO:MONDO:0015967,MedGen:C3888631,Orphanet:183625|MedGen:C3661900",Maturity-onset diabetes of the young|Monogenic diabetes|not provided,germline;unknown,germline,GRCh37,NC_000007.13,7,44189584,44189584,na,na,7p13,"criteria provided, multiple submitters, no conflicts",3,-,N,ClinGen:CA213802,2,36229,44189584,G,A,-,-,-,-,-,-,SCV000052547|SCV002605204|SCV007419111,-,-
44893,single nucleotide variant,NM_000162.5(GCK):c.563C>T (p.Ala188Val),2645,GCK,HGNC:4195,Likely pathogenic/Likely risk allele,1,"Aug 25, 2025",193922307,-,RCV002463600|RCV004700287|RCV006461229,"Human Phenotype Ontology:HP:0004904,MONDO:MONDO:0018911,MedGen:C0342276,OMIM:PS125850,Orphanet:552|MONDO:MONDO:0015967,MedGen:C3888631,Orphanet:183625|MedGen:C3661900",Maturity-onset diabetes of the young|Monogenic diabetes|not provided,germline;unknown,germline,GRCh38,NC_000007.14,7,44149985,44149985,na,na,7p13,"criteria provided, multiple submitters, no conflicts",3,-,N,ClinGen:CA213802,2,36229,44149985,G,A,-,-,-,-,-,-,SCV000052547|SCV002605204|SCV007419111,-,-
44894,single nucleotide variant,NM_000162.5(GCK):c.57C>G (p.Ile19Met),2645,GCK,HGNC:4195,Likely pathogenic,1,"Aug 18, 2011",193922308,-,RCV000029893,"MONDO:MONDO:0007453,MedGen:C0342277,OMIM:125851,Orphanet:552",Maturity-onset diabetes of the young type 2,germline,germline,GRCh37,NC_000007.13,7,44193051,44193051,na,na,7p13,"criteria provided, single submitter",1,-,N,ClinGen:CA213804,2,36230,44193051,G,C,-,-,-,-,-,-,SCV000052548,-,-
44894,single nucleotide variant,NM_000162.5(GCK):c.57C>G (p.Ile19Met),2645,GCK,HGNC:4195,Likely pathogenic,1,"Aug 18, 2011",193922308,-,RCV000029893,"MONDO:MONDO:0007453,MedGen:C0342277,OMIM:125851,Orphanet:552",Maturity-onset diabetes of the young type 2,germline,germline,GRCh38,NC_000007.14,7,44153452,44153452,na,na,7p13,"criteria provided, single submitter",1,-,N,ClinGen:CA213804,2,36230,44153452,G,C,-,-,-,-,-,-,SCV000052548,-,-
44895,single nucleotide variant,NM_000162.5(GCK):c.587A>G (p.Glu196Gly),2645,GCK,HGNC:4195,Conflicting classifications of pathogenicity,1,"Aug 18, 2011",193922309,-,RCV000029894|RCV002463601,"MONDO:MONDO:0007453,MedGen:C0342277,OMIM:125851,Orphanet:552|Human Phenotype Ontology:HP:0004904,MONDO:MONDO:0018911,MedGen:C0342276,OMIM:PS125850,Orphanet:552",Maturity-onset diabetes of the young type 2|Maturity-onset diabetes of the young,germline;unknown,germline,GRCh37,NC_000007.13,7,44189451,44189451,na,na,7p13,"criteria provided, conflicting classifications",2,-,N,ClinGen:CA213806,2,36231,44189451,T,C,-,-,-,-,-,-,SCV000052549|SCV002605199,-,-
44895,single nucleotide variant,NM_000162.5(GCK):c.587A>G (p.Glu196Gly),2645,GCK,HGNC:4195,Conflicting classifications of pathogenicity,1,"Aug 18, 2011",193922309,-,RCV000029894|RCV002463601,"MONDO:MONDO:0007453,MedGen:C0342277,OMIM:125851,Orphanet:552|Human Phenotype Ontology:HP:0004904,MONDO:MONDO:0018911,MedGen:C0342276,OMIM:PS125850,Orphanet:552",Maturity-onset diabetes of the young type 2|Maturity-onset diabetes of the young,germline;unknown,germline,GRCh38,NC_000007.14,7,44149852,44149852,na,na,7p13,"criteria provided, conflicting classifications",2,-,N,ClinGen:CA213806,2,36231,44149852,T,C,-,-,-,-,-,-,SCV000052549|SCV002605199,-,-
44896,single nucleotide variant,NM_000162.5(GCK):c.604A>G (p.Met202Val),2645,GCK,HGNC:4195,Uncertain significance,1,"Feb 19, 2024",193922310,-,RCV000029895|RCV002463602|RCV003883123,"MONDO:MONDO:0007453,MedGen:C0342277,OMIM:125851,Orphanet:552|Human Phenotype Ontology:HP:0004904,MONDO:MONDO:0018911,MedGen:C0342276,OMIM:PS125850,Orphanet:552|MONDO:MONDO:0015967,MedGen:C3888631,Orphanet:183625",Maturity-onset diabetes of the young type 2|Maturity-onset diabetes of the young|Monogenic diabetes,germline;unknown,germline,GRCh37,NC_000007.13,7,44189434,44189434,na,na,7p13,reviewed by expert panel,3,-,N,ClinGen:CA213808,2,36232,44189434,T,C,-,-,-,-,-,-,SCV004697907,-,-
44896,single nucleotide variant,NM_000162.5(GCK):c.604A>G (p.Met202Val),2645,GCK,HGNC:4195,Uncertain significance,1,"Feb 19, 2024",193922310,-,RCV000029895|RCV002463602|RCV003883123,"MONDO:MONDO:0007453,MedGen:C0342277,OMIM:125851,Orphanet:552|Human Phenotype Ontology:HP:0004904,MONDO:MONDO:0018911,MedGen:C0342276,OMIM:PS125850,Orphanet:552|MONDO:MONDO:0015967,MedGen:C3888631,Orphanet:183625",Maturity-onset diabetes of the young type 2|Maturity-onset diabetes of the young|Monogenic diabetes,germline;unknown,germline,GRCh38,NC_000007.14,7,44149835,44149835,na,na,7p13,reviewed by expert panel,3,-,N,ClinGen:CA213808,2,36232,44149835,T,C,-,-,-,-,-,-,SCV004697907,-,-
44897,single nucleotide variant,NM_000162.5(GCK):c.605T>C (p.Met202Thr),2645,GCK,HGNC:4195,Pathogenic,1,"Dec 01, 2023",193922311,-,RCV000029896|RCV000711779|RCV003445084,"MedGen:CN169374|MedGen:C3661900|MONDO:MONDO:0015967,MedGen:C3888631,Orphanet:183625",not specified|not provided|Monogenic diabetes,germline,germline,GRCh37,NC_000007.13,7,44189433,44189433,na,na,7p13,reviewed by expert panel,4,-,N,ClinGen:CA213810,2,36233,44189433,A,G,-,-,-,-,-,-,SCV004174233,-,-
44897,single nucleotide variant,NM_000162.5(GCK):c.605T>C (p.Met202Thr),2645,GCK,HGNC:4195,Pathogenic,1,"Dec 01, 2023",193922311,-,RCV000029896|RCV000711779|RCV003445084,"MedGen:CN169374|MedGen:C3661900|MONDO:MONDO:0015967,MedGen:C3888631,Orphanet:183625",not specified|not provided|Monogenic diabetes,germline,germline,GRCh38,NC_000007.14,7,44149834,44149834,na,na,7p13,reviewed by expert panel,4,-,N,ClinGen:CA213810,2,36233,44149834,A,G,-,-,-,-,-,-,SCV004174233,-,-
44898,single nucleotide variant,NM_000162.5(GCK):c.615C>G (p.Asp205Glu),2645,GCK,HGNC:4195,Conflicting classifications of pathogenicity,1,"May 06, 2024",193922312,-,RCV000029897|RCV002513252|RCV002463603,"MONDO:MONDO:0007453,MedGen:C0342277,OMIM:125851,Orphanet:552|MedGen:C3661900|Human Phenotype Ontology:HP:0004904,MONDO:MONDO:0018911,MedGen:C0342276,OMIM:PS125850,Orphanet:552",Maturity-onset diabetes of the young type 2|not provided|Maturity-onset diabetes of the young,germline;unknown,germline,GRCh37,NC_000007.13,7,44189423,44189423,na,na,7p13,"criteria provided, conflicting classifications",3,-,N,ClinGen:CA213812,2,36234,44189423,G,C,-,-,-,-,-,-,SCV000052552|SCV002605194|SCV003327569,-,-
44898,single nucleotide variant,NM_000162.5(GCK):c.615C>G (p.Asp205Glu),2645,GCK,HGNC:4195,Conflicting classifications of pathogenicity,1,"May 06, 2024",193922312,-,RCV000029897|RCV002513252|RCV002463603,"MONDO:MONDO:0007453,MedGen:C0342277,OMIM:125851,Orphanet:552|MedGen:C3661900|Human Phenotype Ontology:HP:0004904,MONDO:MONDO:0018911,MedGen:C0342276,OMIM:PS125850,Orphanet:552",Maturity-onset diabetes of the young type 2|not provided|Maturity-onset diabetes of the young,germline;unknown,germline,GRCh38,NC_000007.14,7,44149824,44149824,na,na,7p13,"criteria provided, conflicting classifications",3,-,N,ClinGen:CA213812,2,36234,44149824,G,C,-,-,-,-,-,-,SCV000052552|SCV002605194|SCV003327569,-,-
44899,single nucleotide variant,NM_000162.5(GCK):c.618G>A (p.Thr206=),2645,GCK,HGNC:4195,Benign/Likely benign,0,"Nov 06, 2025",142817246,-,RCV000029898|RCV000117133|RCV000398402|RCV000311587|RCV000398687|RCV000906581|RCV002319429,"MONDO:MONDO:0007453,MedGen:C0342277,OMIM:125851,Orphanet:552|MedGen:CN169374|MONDO:MONDO:0011236,MedGen:C1865290,OMIM:602485,Orphanet:79299|MONDO:MONDO:0100164,MedGen:C1833104,OMIM:PS606176,Orphanet:99885||MedGen:C3661900|Human Phenotype Ontology:HP:0004904,MONDO:MONDO:0018911,MedGen:C0342276,OMIM:PS125850,Orphanet:552","Maturity-onset diabetes of the young type 2|not specified|Hyperinsulinism due to glucokinase deficiency|Permanent neonatal diabetes mellitus|Transient Neonatal Diabetes, Recessive|not provided|Maturity-onset diabetes of the young",germline;unknown,germline,GRCh37,NC_000007.13,7,44189420,44189420,na,na,7p13,"criteria provided, multiple submitters, no conflicts",8,-,N,ClinGen:CA152957,2,36235,44189420,C,T,-,-,-,-,-,-,SCV000052553|SCV000151294|SCV000469420|SCV000469421|SCV000469422|SCV000469423|SCV000521575|SCV001051228|SCV002604908|SCV002655030|SCV005622234,-,-
44899,single nucleotide variant,NM_000162.5(GCK):c.618G>A (p.Thr206=),2645,GCK,HGNC:4195,Benign/Likely benign,0,"Nov 06, 2025",142817246,-,RCV000029898|RCV000117133|RCV000398402|RCV000311587|RCV000398687|RCV000906581|RCV002319429,"MONDO:MONDO:0007453,MedGen:C0342277,OMIM:125851,Orphanet:552|MedGen:CN169374|MONDO:MONDO:0011236,MedGen:C1865290,OMIM:602485,Orphanet:79299|MONDO:MONDO:0100164,MedGen:C1833104,OMIM:PS606176,Orphanet:99885||MedGen:C3661900|Human Phenotype Ontology:HP:0004904,MONDO:MONDO:0018911,MedGen:C0342276,OMIM:PS125850,Orphanet:552","Maturity-onset diabetes of the young type 2|not specified|Hyperinsulinism due to glucokinase deficiency|Permanent neonatal diabetes mellitus|Transient Neonatal Diabetes, Recessive|not provided|Maturity-onset diabetes of the young",germline;unknown,germline,GRCh38,NC_000007.14,7,44149821,44149821,na,na,7p13,"criteria provided, multiple submitters, no conflicts",8,-,N,ClinGen:CA152957,2,36235,44149821,C,T,-,-,-,-,-,-,SCV000052553|SCV000151294|SCV000469420|SCV000469421|SCV000469422|SCV000469423|SCV000521575|SCV001051228|SCV002604908|SCV002655030|SCV005622234,-,-
44900,single nucleotide variant,NM_000162.5(GCK):c.630G>T (p.Met210Ile),2645,GCK,HGNC:4195,Pathogenic,1,"Jan 22, 2024",193922313,-,RCV000029899|RCV002362597|RCV003318496,"MONDO:MONDO:0007453,MedGen:C0342277,OMIM:125851,Orphanet:552|Human Phenotype Ontology:HP:0004904,MONDO:MONDO:0018911,MedGen:C0342276,OMIM:PS125850,Orphanet:552|MONDO:MONDO:0015967,MedGen:C3888631,Orphanet:183625",Maturity-onset diabetes of the young type 2|Maturity-onset diabetes of the young|Monogenic diabetes,germline;unknown,germline,GRCh37,NC_000007.13,7,44189408,44189408,na,na,7p13,reviewed by expert panel,4,-,N,ClinGen:CA213814,2,36236,44189408,C,A,-,-,-,-,-,-,SCV004022340,-,-
44900,single nucleotide variant,NM_000162.5(GCK):c.630G>T (p.Met210Ile),2645,GCK,HGNC:4195,Pathogenic,1,"Jan 22, 2024",193922313,-,RCV000029899|RCV002362597|RCV003318496,"MONDO:MONDO:0007453,MedGen:C0342277,OMIM:125851,Orphanet:552|Human Phenotype Ontology:HP:0004904,MONDO:MONDO:0018911,MedGen:C0342276,OMIM:PS125850,Orphanet:552|MONDO:MONDO:0015967,MedGen:C3888631,Orphanet:183625",Maturity-onset diabetes of the young type 2|Maturity-onset diabetes of the young|Monogenic diabetes,germline;unknown,germline,GRCh38,NC_000007.14,7,44149809,44149809,na,na,7p13,reviewed by expert panel,4,-,N,ClinGen:CA213814,2,36236,44149809,C,A,-,-,-,-,-,-,SCV004022340,-,-
44901,Deletion,NM_000162.5(GCK):c.635_637del (p.Ser212del),2645,GCK,HGNC:4195,Likely pathogenic,1,"Jul 24, 2025",193922314,-,RCV000029900|RCV000482920|RCV002287347,"MONDO:MONDO:0007453,MedGen:C0342277,OMIM:125851,Orphanet:552|MedGen:C3661900|Human Phenotype Ontology:HP:0004904,MONDO:MONDO:0018911,MedGen:C0342276,OMIM:PS125850,Orphanet:552",Maturity-onset diabetes of the young type 2|not provided|Maturity-onset diabetes of the young,germline;unknown,germline,GRCh37,NC_000007.13,7,44189401,44189403,na,na,7p13,"criteria provided, multiple submitters, no conflicts",6,-,N,ClinGen:CA213816,2,36237,44189400,CAGG,C,-,-,-,-,-,-,SCV000052555|SCV000568574|SCV005420818|SCV005835302,-,-
44901,Deletion,NM_000162.5(GCK):c.635_637del (p.Ser212del),2645,GCK,HGNC:4195,Likely pathogenic,1,"Jul 24, 2025",193922314,-,RCV000029900|RCV000482920|RCV002287347,"MONDO:MONDO:0007453,MedGen:C0342277,OMIM:125851,Orphanet:552|MedGen:C3661900|Human Phenotype Ontology:HP:0004904,MONDO:MONDO:0018911,MedGen:C0342276,OMIM:PS125850,Orphanet:552",Maturity-onset diabetes of the young type 2|not provided|Maturity-onset diabetes of the young,germline;unknown,germline,GRCh38,NC_000007.14,7,44149802,44149804,na,na,7p13,"criteria provided, multiple submitters, no conflicts",6,-,N,ClinGen:CA213816,2,36237,44149801,CAGG,C,-,-,-,-,-,-,SCV000052555|SCV000568574|SCV005420818|SCV005835302,-,-
44902,single nucleotide variant,NM_000162.5(GCK):c.645C>G (p.Tyr215Ter),2645,GCK,HGNC:4195,Pathogenic,1,"Jan 05, 2024",144723656,-,RCV000029901|RCV000421286,"MONDO:MONDO:0007453,MedGen:C0342277,OMIM:125851,Orphanet:552|MedGen:C3661900",Maturity-onset diabetes of the young type 2|not provided,germline;unknown,germline,GRCh37,NC_000007.13,7,44189393,44189393,na,na,7p13,"criteria provided, multiple submitters, no conflicts",3,-,N,ClinGen:CA213818,2,36238,44189393,G,C,-,-,-,-,-,-,SCV000052556|SCV000515865|SCV005620890,-,-
44902,single nucleotide variant,NM_000162.5(GCK):c.645C>G (p.Tyr215Ter),2645,GCK,HGNC:4195,Pathogenic,1,"Jan 05, 2024",144723656,-,RCV000029901|RCV000421286,"MONDO:MONDO:0007453,MedGen:C0342277,OMIM:125851,Orphanet:552|MedGen:C3661900",Maturity-onset diabetes of the young type 2|not provided,germline;unknown,germline,GRCh38,NC_000007.14,7,44149794,44149794,na,na,7p13,"criteria provided, multiple submitters, no conflicts",3,-,N,ClinGen:CA213818,2,36238,44149794,G,C,-,-,-,-,-,-,SCV000052556|SCV000515865|SCV005620890,-,-
44903,single nucleotide variant,NM_000162.5(GCK):c.658T>C (p.Cys220Arg),2645,GCK,HGNC:4195,Likely pathogenic,1,"Dec 01, 2023",193922315,-,RCV000029902|RCV003445085|RCV005089321,"MONDO:MONDO:0007453,MedGen:C0342277,OMIM:125851,Orphanet:552|MONDO:MONDO:0015967,MedGen:C3888631,Orphanet:183625|MedGen:C3661900",Maturity-onset diabetes of the young type 2|Monogenic diabetes|not provided,germline,germline,GRCh37,NC_000007.13,7,44189380,44189380,na,na,7p13,reviewed by expert panel,3,-,N,ClinGen:CA213820,2,36239,44189380,A,G,-,-,-,-,-,-,SCV004174232,-,-
44903,single nucleotide variant,NM_000162.5(GCK):c.658T>C (p.Cys220Arg),2645,GCK,HGNC:4195,Likely pathogenic,1,"Dec 01, 2023",193922315,-,RCV000029902|RCV003445085|RCV005089321,"MONDO:MONDO:0007453,MedGen:C0342277,OMIM:125851,Orphanet:552|MONDO:MONDO:0015967,MedGen:C3888631,Orphanet:183625|MedGen:C3661900",Maturity-onset diabetes of the young type 2|Monogenic diabetes|not provided,germline,germline,GRCh38,NC_000007.14,7,44149781,44149781,na,na,7p13,reviewed by expert panel,3,-,N,ClinGen:CA213820,2,36239,44149781,A,G,-,-,-,-,-,-,SCV004174232,-,-
44904,single nucleotide variant,NM_000162.5(GCK):c.659G>A (p.Cys220Tyr),2645,GCK,HGNC:4195,Likely pathogenic,1,"Mar 20, 2024",193922316,-,RCV000029903|RCV002371786|RCV004721247,"MONDO:MONDO:0007453,MedGen:C0342277,OMIM:125851,Orphanet:552|Human Phenotype Ontology:HP:0004904,MONDO:MONDO:0018911,MedGen:C0342276,OMIM:PS125850,Orphanet:552|MedGen:C3661900",Maturity-onset diabetes of the young type 2|Maturity-onset diabetes of the young|not provided,germline,germline,GRCh37,NC_000007.13,7,44189379,44189379,na,na,7p13,"criteria provided, multiple submitters, no conflicts",3,-,N,ClinGen:CA213822,2,36240,44189379,C,T,-,-,-,-,-,-,SCV000052558|SCV002667188|SCV005327230,-,-
44904,single nucleotide variant,NM_000162.5(GCK):c.659G>A (p.Cys220Tyr),2645,GCK,HGNC:4195,Likely pathogenic,1,"Mar 20, 2024",193922316,-,RCV000029903|RCV002371786|RCV004721247,"MONDO:MONDO:0007453,MedGen:C0342277,OMIM:125851,Orphanet:552|Human Phenotype Ontology:HP:0004904,MONDO:MONDO:0018911,MedGen:C0342276,OMIM:PS125850,Orphanet:552|MedGen:C3661900",Maturity-onset diabetes of the young type 2|Maturity-onset diabetes of the young|not provided,germline,germline,GRCh38,NC_000007.14,7,44149780,44149780,na,na,7p13,"criteria provided, multiple submitters, no conflicts",3,-,N,ClinGen:CA213822,2,36240,44149780,C,T,-,-,-,-,-,-,SCV000052558|SCV002667188|SCV005327230,-,-
44905,single nucleotide variant,NM_000162.5(GCK):c.661G>A (p.Glu221Lys),2645,GCK,HGNC:4195,Pathogenic,1,"Feb 28, 2024",193922317,-,RCV000029904|RCV000711781|RCV002371787|RCV003155041,"MONDO:MONDO:0007453,MedGen:C0342277,OMIM:125851,Orphanet:552|MedGen:C3661900|Human Phenotype Ontology:HP:0004904,MONDO:MONDO:0018911,MedGen:C0342276,OMIM:PS125850,Orphanet:552|MONDO:MONDO:0015967,MedGen:C3888631,Orphanet:183625",Maturity-onset diabetes of the young type 2|not provided|Maturity-onset diabetes of the young|Monogenic diabetes,germline,germline,GRCh37,NC_000007.13,7,44189377,44189377,na,na,7p13,reviewed by expert panel,7,-,N,"ClinGen:CA213824,UniProtKB:P35557#VAR_003702",2,36241,44189377,C,T,-,-,-,-,-,-,SCV004697921,-,-
44905,single nucleotide variant,NM_000162.5(GCK):c.661G>A (p.Glu221Lys),2645,GCK,HGNC:4195,Pathogenic,1,"Feb 28, 2024",193922317,-,RCV000029904|RCV000711781|RCV002371787|RCV003155041,"MONDO:MONDO:0007453,MedGen:C0342277,OMIM:125851,Orphanet:552|MedGen:C3661900|Human Phenotype Ontology:HP:0004904,MONDO:MONDO:0018911,MedGen:C0342276,OMIM:PS125850,Orphanet:552|MONDO:MONDO:0015967,MedGen:C3888631,Orphanet:183625",Maturity-onset diabetes of the young type 2|not provided|Maturity-onset diabetes of the young|Monogenic diabetes,germline,germline,GRCh38,NC_000007.14,7,44149778,44149778,na,na,7p13,reviewed by expert panel,7,-,N,"ClinGen:CA213824,UniProtKB:P35557#VAR_003702",2,36241,44149778,C,T,-,-,-,-,-,-,SCV004697921,-,-
44906,single nucleotide variant,NM_000162.5(GCK):c.666C>T (p.Val222=),2645,GCK,HGNC:4195,Conflicting classifications of pathogenicity,0,"Jul 07, 2025",193922318,-,RCV000029905|RCV000516740|RCV000927962|RCV001164186|RCV001162166|RCV001162165|RCV002362598|RCV003335057,"MONDO:MONDO:0007453,MedGen:C0342277,OMIM:125851,Orphanet:552|MedGen:CN169374|MedGen:C3661900|MONDO:MONDO:0100164,MedGen:C1833104,OMIM:PS606176,Orphanet:99885||MONDO:MONDO:0011236,MedGen:C1865290,OMIM:602485,Orphanet:79299|Human Phenotype Ontology:HP:0004904,MONDO:MONDO:0018911,MedGen:C0342276,OMIM:PS125850,Orphanet:552|Human Phenotype Ontology:HP:0005965,Human Phenotype Ontology:HP:0005978,Human Phenotype Ontology:HP:0100652,MONDO:MONDO:0005148,MeSH:D003924,MedGen:C0011860,OMIM:125853;MONDO:MONDO:0011236,MedGen:C1865290,OMIM:602485,Orphanet:79299;MONDO:MONDO:0007453,MedGen:C0342277,OMIM:125851,Orphanet:552","Maturity-onset diabetes of the young type 2|not specified|not provided|Permanent neonatal diabetes mellitus|Transient Neonatal Diabetes, Recessive|Hyperinsulinism due to glucokinase deficiency|Maturity-onset diabetes of the young|Type 2 diabetes mellitus;Hyperinsulinism due to glucokinase deficiency;Maturity-onset diabetes of the young type 2",germline,germline,GRCh37,NC_000007.13,7,44189372,44189372,na,na,7p13,"criteria provided, conflicting classifications",7,-,N,ClinGen:CA213825,2,36242,44189372,G,A,-,-,-,-,-,-,SCV000052560|SCV000613447|SCV001073563|SCV001324100|SCV001324101|SCV001324102|SCV001326293|SCV002661754|SCV004046452|SCV005688103,-,-
44906,single nucleotide variant,NM_000162.5(GCK):c.666C>T (p.Val222=),2645,GCK,HGNC:4195,Conflicting classifications of pathogenicity,0,"Jul 07, 2025",193922318,-,RCV000029905|RCV000516740|RCV000927962|RCV001164186|RCV001162166|RCV001162165|RCV002362598|RCV003335057,"MONDO:MONDO:0007453,MedGen:C0342277,OMIM:125851,Orphanet:552|MedGen:CN169374|MedGen:C3661900|MONDO:MONDO:0100164,MedGen:C1833104,OMIM:PS606176,Orphanet:99885||MONDO:MONDO:0011236,MedGen:C1865290,OMIM:602485,Orphanet:79299|Human Phenotype Ontology:HP:0004904,MONDO:MONDO:0018911,MedGen:C0342276,OMIM:PS125850,Orphanet:552|Human Phenotype Ontology:HP:0005965,Human Phenotype Ontology:HP:0005978,Human Phenotype Ontology:HP:0100652,MONDO:MONDO:0005148,MeSH:D003924,MedGen:C0011860,OMIM:125853;MONDO:MONDO:0011236,MedGen:C1865290,OMIM:602485,Orphanet:79299;MONDO:MONDO:0007453,MedGen:C0342277,OMIM:125851,Orphanet:552","Maturity-onset diabetes of the young type 2|not specified|not provided|Permanent neonatal diabetes mellitus|Transient Neonatal Diabetes, Recessive|Hyperinsulinism due to glucokinase deficiency|Maturity-onset diabetes of the young|Type 2 diabetes mellitus;Hyperinsulinism due to glucokinase deficiency;Maturity-onset diabetes of the young type 2",germline,germline,GRCh38,NC_000007.14,7,44149773,44149773,na,na,7p13,"criteria provided, conflicting classifications",7,-,N,ClinGen:CA213825,2,36242,44149773,G,A,-,-,-,-,-,-,SCV000052560|SCV000613447|SCV001073563|SCV001324100|SCV001324101|SCV001324102|SCV001326293|SCV002661754|SCV004046452|SCV005688103,-,-
44907,single nucleotide variant,NM_000162.5(GCK):c.676G>A (p.Val226Met),2645,GCK,HGNC:4195,Pathogenic,1,"Aug 13, 2023",148311934,-,RCV000029906|RCV000255932|RCV000825615|RCV002477021|RCV003155042|RCV004751227,"MONDO:MONDO:0007453,MedGen:C0342277,OMIM:125851,Orphanet:552|MedGen:C3661900|Human Phenotype Ontology:HP:0004904,MONDO:MONDO:0018911,MedGen:C0342276,OMIM:PS125850,Orphanet:552|Human Phenotype Ontology:HP:0005965,Human Phenotype Ontology:HP:0005978,Human Phenotype Ontology:HP:0100652,MONDO:MONDO:0005148,MeSH:D003924,MedGen:C0011860,OMIM:125853;MONDO:MONDO:0011236,MedGen:C1865290,OMIM:602485,Orphanet:79299;MONDO:MONDO:0100165,MedGen:C5393570,OMIM:606176;MONDO:MONDO:0007453,MedGen:C0342277,OMIM:125851,Orphanet:552|MONDO:MONDO:0015967,MedGen:C3888631,Orphanet:183625|",Maturity-onset diabetes of the young type 2|not provided|Maturity-onset diabetes of the young|Type 2 diabetes mellitus;Hyperinsulinism due to glucokinase deficiency;Permanent neonatal diabetes mellitus 1;Maturity-onset diabetes of the young type 2|Monogenic diabetes|GCK-related disorder,germline;unknown,germline,GRCh37,NC_000007.13,7,44189362,44189362,na,na,7p13,reviewed by expert panel,14,-,N,"ClinGen:CA213827,UniProtKB:P35557#VAR_003703",2,36243,44189362,C,T,-,-,-,-,-,-,SCV004032089,-,-
44907,single nucleotide variant,NM_000162.5(GCK):c.676G>A (p.Val226Met),2645,GCK,HGNC:4195,Pathogenic,1,"Aug 13, 2023",148311934,-,RCV000029906|RCV000255932|RCV000825615|RCV002477021|RCV003155042|RCV004751227,"MONDO:MONDO:0007453,MedGen:C0342277,OMIM:125851,Orphanet:552|MedGen:C3661900|Human Phenotype Ontology:HP:0004904,MONDO:MONDO:0018911,MedGen:C0342276,OMIM:PS125850,Orphanet:552|Human Phenotype Ontology:HP:0005965,Human Phenotype Ontology:HP:0005978,Human Phenotype Ontology:HP:0100652,MONDO:MONDO:0005148,MeSH:D003924,MedGen:C0011860,OMIM:125853;MONDO:MONDO:0011236,MedGen:C1865290,OMIM:602485,Orphanet:79299;MONDO:MONDO:0100165,MedGen:C5393570,OMIM:606176;MONDO:MONDO:0007453,MedGen:C0342277,OMIM:125851,Orphanet:552|MONDO:MONDO:0015967,MedGen:C3888631,Orphanet:183625|",Maturity-onset diabetes of the young type 2|not provided|Maturity-onset diabetes of the young|Type 2 diabetes mellitus;Hyperinsulinism due to glucokinase deficiency;Permanent neonatal diabetes mellitus 1;Maturity-onset diabetes of the young type 2|Monogenic diabetes|GCK-related disorder,germline;unknown,germline,GRCh38,NC_000007.14,7,44149763,44149763,na,na,7p13,reviewed by expert panel,14,-,N,"ClinGen:CA213827,UniProtKB:P35557#VAR_003703",2,36243,44149763,C,T,-,-,-,-,-,-,SCV004032089,-,-
44908,single nucleotide variant,NM_000162.5(GCK):c.677T>C (p.Val226Ala),2645,GCK,HGNC:4195,Likely pathogenic,1,"Oct 13, 2023",193922319,-,RCV000029907|RCV002463604|RCV003398574,"MONDO:MONDO:0007453,MedGen:C0342277,OMIM:125851,Orphanet:552|Human Phenotype Ontology:HP:0004904,MONDO:MONDO:0018911,MedGen:C0342276,OMIM:PS125850,Orphanet:552|MONDO:MONDO:0015967,MedGen:C3888631,Orphanet:183625",Maturity-onset diabetes of the young type 2|Maturity-onset diabetes of the young|Monogenic diabetes,germline;unknown,germline,GRCh37,NC_000007.13,7,44189361,44189361,na,na,7p13,reviewed by expert panel,4,-,N,ClinGen:CA213828,2,36244,44189361,A,G,-,-,-,-,-,-,SCV004102849,-,-
44908,single nucleotide variant,NM_000162.5(GCK):c.677T>C (p.Val226Ala),2645,GCK,HGNC:4195,Likely pathogenic,1,"Oct 13, 2023",193922319,-,RCV000029907|RCV002463604|RCV003398574,"MONDO:MONDO:0007453,MedGen:C0342277,OMIM:125851,Orphanet:552|Human Phenotype Ontology:HP:0004904,MONDO:MONDO:0018911,MedGen:C0342276,OMIM:PS125850,Orphanet:552|MONDO:MONDO:0015967,MedGen:C3888631,Orphanet:183625",Maturity-onset diabetes of the young type 2|Maturity-onset diabetes of the young|Monogenic diabetes,germline;unknown,germline,GRCh38,NC_000007.14,7,44149762,44149762,na,na,7p13,reviewed by expert panel,4,-,N,ClinGen:CA213828,2,36244,44149762,A,G,-,-,-,-,-,-,SCV004102849,-,-
44909,Deletion,NM_000162.5(GCK):c.679+1del,2645,GCK,HGNC:4195,Likely pathogenic,1,"Aug 18, 2011",193922320,-,RCV000029908|RCV002463605,"MONDO:MONDO:0007453,MedGen:C0342277,OMIM:125851,Orphanet:552|Human Phenotype Ontology:HP:0004904,MONDO:MONDO:0018911,MedGen:C0342276,OMIM:PS125850,Orphanet:552",Maturity-onset diabetes of the young type 2|Maturity-onset diabetes of the young,germline;unknown,germline,GRCh37,NC_000007.13,7,44189358,44189358,na,na,7p13,"criteria provided, multiple submitters, no conflicts",2,-,N,ClinGen:CA213830,2,36245,44189357,AC,A,-,-,-,-,-,-,SCV000052563|SCV002605140,-,-
44909,Deletion,NM_000162.5(GCK):c.679+1del,2645,GCK,HGNC:4195,Likely pathogenic,1,"Aug 18, 2011",193922320,-,RCV000029908|RCV002463605,"MONDO:MONDO:0007453,MedGen:C0342277,OMIM:125851,Orphanet:552|Human Phenotype Ontology:HP:0004904,MONDO:MONDO:0018911,MedGen:C0342276,OMIM:PS125850,Orphanet:552",Maturity-onset diabetes of the young type 2|Maturity-onset diabetes of the young,germline;unknown,germline,GRCh38,NC_000007.14,7,44149759,44149759,na,na,7p13,"criteria provided, multiple submitters, no conflicts",2,-,N,ClinGen:CA213830,2,36245,44149758,AC,A,-,-,-,-,-,-,SCV000052563|SCV002605140,-,-
44910,Duplication,NM_000162.5(GCK):c.680-94dup,2645,GCK,HGNC:4195,Uncertain significance/Uncertain risk allele,0,"Aug 18, 2011",193922321,-,RCV000029909|RCV002463606,"MONDO:MONDO:0007453,MedGen:C0342277,OMIM:125851,Orphanet:552|Human Phenotype Ontology:HP:0004904,MONDO:MONDO:0018911,MedGen:C0342276,OMIM:PS125850,Orphanet:552",Maturity-onset diabetes of the young type 2|Maturity-onset diabetes of the young,germline;unknown,germline,GRCh37,NC_000007.13,7,44187521,44187522,na,na,7p13,"criteria provided, multiple submitters, no conflicts",2,-,N,ClinGen:CA213831,2,36246,44187521,T,TC,-,-,-,-,-,-,SCV000052564|SCV002605139,-,-
44910,Duplication,NM_000162.5(GCK):c.680-94dup,2645,GCK,HGNC:4195,Uncertain significance/Uncertain risk allele,0,"Aug 18, 2011",193922321,-,RCV000029909|RCV002463606,"MONDO:MONDO:0007453,MedGen:C0342277,OMIM:125851,Orphanet:552|Human Phenotype Ontology:HP:0004904,MONDO:MONDO:0018911,MedGen:C0342276,OMIM:PS125850,Orphanet:552",Maturity-onset diabetes of the young type 2|Maturity-onset diabetes of the young,germline;unknown,germline,GRCh38,NC_000007.14,7,44147922,44147923,na,na,7p13,"criteria provided, multiple submitters, no conflicts",2,-,N,ClinGen:CA213831,2,36246,44147922,T,TC,-,-,-,-,-,-,SCV000052564|SCV002605139,-,-
44911,single nucleotide variant,NM_000162.5(GCK):c.694G>A (p.Ala232Thr),2645,GCK,HGNC:4195,Conflicting classifications of pathogenicity,1,"Aug 18, 2011",193922322,-,RCV000029910|RCV002463607,"MONDO:MONDO:0007453,MedGen:C0342277,OMIM:125851,Orphanet:552|Human Phenotype Ontology:HP:0004904,MONDO:MONDO:0018911,MedGen:C0342276,OMIM:PS125850,Orphanet:552",Maturity-onset diabetes of the young type 2|Maturity-onset diabetes of the young,germline;unknown,germline,GRCh37,NC_000007.13,7,44187418,44187418,na,na,7p13,"criteria provided, conflicting classifications",2,-,N,ClinGen:CA213832,2,36247,44187418,C,T,-,-,-,-,-,-,SCV000052565|SCV002605134,-,-
44911,single nucleotide variant,NM_000162.5(GCK):c.694G>A (p.Ala232Thr),2645,GCK,HGNC:4195,Conflicting classifications of pathogenicity,1,"Aug 18, 2011",193922322,-,RCV000029910|RCV002463607,"MONDO:MONDO:0007453,MedGen:C0342277,OMIM:125851,Orphanet:552|Human Phenotype Ontology:HP:0004904,MONDO:MONDO:0018911,MedGen:C0342276,OMIM:PS125850,Orphanet:552",Maturity-onset diabetes of the young type 2|Maturity-onset diabetes of the young,germline;unknown,germline,GRCh38,NC_000007.14,7,44147819,44147819,na,na,7p13,"criteria provided, conflicting classifications",2,-,N,ClinGen:CA213832,2,36247,44147819,C,T,-,-,-,-,-,-,SCV000052565|SCV002605134,-,-
44912,single nucleotide variant,NM_000162.5(GCK):c.704T>C (p.Met235Thr),2645,GCK,HGNC:4195,Pathogenic,1,"Sep 17, 2025",193922323,-,RCV000029911|RCV003556090|RCV005646845,"MONDO:MONDO:0007453,MedGen:C0342277,OMIM:125851,Orphanet:552|MedGen:C3661900|MONDO:MONDO:0015967,MedGen:C3888631,Orphanet:183625",Maturity-onset diabetes of the young type 2|not provided|Monogenic diabetes,germline,germline,GRCh37,NC_000007.13,7,44187408,44187408,na,na,7p13,reviewed by expert panel,4,-,N,ClinGen:CA213834,2,36248,44187408,A,G,-,-,-,-,-,-,SCV006336861,-,-
44912,single nucleotide variant,NM_000162.5(GCK):c.704T>C (p.Met235Thr),2645,GCK,HGNC:4195,Pathogenic,1,"Sep 17, 2025",193922323,-,RCV000029911|RCV003556090|RCV005646845,"MONDO:MONDO:0007453,MedGen:C0342277,OMIM:125851,Orphanet:552|MedGen:C3661900|MONDO:MONDO:0015967,MedGen:C3888631,Orphanet:183625",Maturity-onset diabetes of the young type 2|not provided|Monogenic diabetes,germline,germline,GRCh38,NC_000007.14,7,44147809,44147809,na,na,7p13,reviewed by expert panel,4,-,N,ClinGen:CA213834,2,36248,44147809,A,G,-,-,-,-,-,-,SCV006336861,-,-
44913,single nucleotide variant,NM_000162.5(GCK):c.723G>A (p.Val241=),2645,GCK,HGNC:4195,Likely benign,0,"Aug 18, 2011",193922324,-,RCV000029912|RCV002463608,"MONDO:MONDO:0007453,MedGen:C0342277,OMIM:125851,Orphanet:552|Human Phenotype Ontology:HP:0004904,MONDO:MONDO:0018911,MedGen:C0342276,OMIM:PS125850,Orphanet:552",Maturity-onset diabetes of the young type 2|Maturity-onset diabetes of the young,germline;unknown,germline,GRCh37,NC_000007.13,7,44187389,44187389,na,na,7p13,"criteria provided, multiple submitters, no conflicts",2,-,N,ClinGen:CA213836,2,36249,44187389,C,T,-,-,-,-,-,-,SCV000052567|SCV002605110,-,-
44913,single nucleotide variant,NM_000162.5(GCK):c.723G>A (p.Val241=),2645,GCK,HGNC:4195,Likely benign,0,"Aug 18, 2011",193922324,-,RCV000029912|RCV002463608,"MONDO:MONDO:0007453,MedGen:C0342277,OMIM:125851,Orphanet:552|Human Phenotype Ontology:HP:0004904,MONDO:MONDO:0018911,MedGen:C0342276,OMIM:PS125850,Orphanet:552",Maturity-onset diabetes of the young type 2|Maturity-onset diabetes of the young,germline;unknown,germline,GRCh38,NC_000007.14,7,44147790,44147790,na,na,7p13,"criteria provided, multiple submitters, no conflicts",2,-,N,ClinGen:CA213836,2,36249,44147790,C,T,-,-,-,-,-,-,SCV000052567|SCV002605110,-,-
44914,single nucleotide variant,NM_000162.5(GCK):c.74T>G (p.Leu25Arg),2645,GCK,HGNC:4195,Conflicting classifications of pathogenicity,1,"Sep 03, 2023",193922325,-,RCV000029913|RCV002464075|RCV003565387,"MONDO:MONDO:0007453,MedGen:C0342277,OMIM:125851,Orphanet:552|Human Phenotype Ontology:HP:0004904,MONDO:MONDO:0018911,MedGen:C0342276,OMIM:PS125850,Orphanet:552|MedGen:C3661900",Maturity-onset diabetes of the young type 2|Maturity-onset diabetes of the young|not provided,germline;unknown,germline,GRCh37,NC_000007.13,7,44193034,44193034,na,na,7p13,"criteria provided, conflicting classifications",3,-,N,ClinGen:CA213838,2,36250,44193034,A,C,-,-,-,-,-,-,SCV000052568|SCV002605428|SCV004319698,-,-
44914,single nucleotide variant,NM_000162.5(GCK):c.74T>G (p.Leu25Arg),2645,GCK,HGNC:4195,Conflicting classifications of pathogenicity,1,"Sep 03, 2023",193922325,-,RCV000029913|RCV002464075|RCV003565387,"MONDO:MONDO:0007453,MedGen:C0342277,OMIM:125851,Orphanet:552|Human Phenotype Ontology:HP:0004904,MONDO:MONDO:0018911,MedGen:C0342276,OMIM:PS125850,Orphanet:552|MedGen:C3661900",Maturity-onset diabetes of the young type 2|Maturity-onset diabetes of the young|not provided,germline;unknown,germline,GRCh38,NC_000007.14,7,44153435,44153435,na,na,7p13,"criteria provided, conflicting classifications",3,-,N,ClinGen:CA213838,2,36250,44153435,A,C,-,-,-,-,-,-,SCV000052568|SCV002605428|SCV004319698,-,-
44915,single nucleotide variant,NM_000162.5(GCK):c.752T>C (p.Met251Thr),2645,GCK,HGNC:4195,Likely pathogenic,1,"Aug 18, 2011",193922326,-,RCV000029914,"MONDO:MONDO:0007453,MedGen:C0342277,OMIM:125851,Orphanet:552",Maturity-onset diabetes of the young type 2,germline,germline,GRCh37,NC_000007.13,7,44187360,44187360,na,na,7p13,"criteria provided, single submitter",1,-,N,ClinGen:CA213840,2,36251,44187360,A,G,-,-,-,-,-,-,SCV000052569,-,-
44915,single nucleotide variant,NM_000162.5(GCK):c.752T>C (p.Met251Thr),2645,GCK,HGNC:4195,Likely pathogenic,1,"Aug 18, 2011",193922326,-,RCV000029914,"MONDO:MONDO:0007453,MedGen:C0342277,OMIM:125851,Orphanet:552",Maturity-onset diabetes of the young type 2,germline,germline,GRCh38,NC_000007.14,7,44147761,44147761,na,na,7p13,"criteria provided, single submitter",1,-,N,ClinGen:CA213840,2,36251,44147761,A,G,-,-,-,-,-,-,SCV000052569,-,-
44916,single nucleotide variant,NM_000162.5(GCK):c.758T>C (p.Val253Ala),2645,GCK,HGNC:4195,Conflicting classifications of pathogenicity,1,"Mar 24, 2025",193921400,-,RCV000029915|RCV002472937,"MONDO:MONDO:0007453,MedGen:C0342277,OMIM:125851,Orphanet:552|MedGen:C3661900",Maturity-onset diabetes of the young type 2|not provided,germline;unknown,germline,GRCh37,NC_000007.13,7,44187354,44187354,na,na,7p13,"criteria provided, conflicting classifications",3,-,N,ClinGen:CA213842,2,36252,44187354,A,G,-,-,-,-,-,-,SCV000052570|SCV002771537|SCV004295161,-,-
44916,single nucleotide variant,NM_000162.5(GCK):c.758T>C (p.Val253Ala),2645,GCK,HGNC:4195,Conflicting classifications of pathogenicity,1,"Mar 24, 2025",193921400,-,RCV000029915|RCV002472937,"MONDO:MONDO:0007453,MedGen:C0342277,OMIM:125851,Orphanet:552|MedGen:C3661900",Maturity-onset diabetes of the young type 2|not provided,germline;unknown,germline,GRCh38,NC_000007.14,7,44147755,44147755,na,na,7p13,"criteria provided, conflicting classifications",3,-,N,ClinGen:CA213842,2,36252,44147755,A,G,-,-,-,-,-,-,SCV000052570|SCV002771537|SCV004295161,-,-
44917,single nucleotide variant,NM_000162.5(GCK):c.758T>G (p.Val253Gly),2645,GCK,HGNC:4195,Conflicting classifications of pathogenicity,1,"Dec 02, 2021",193921400,-,RCV000029916|RCV002472938|RCV002463609,"MONDO:MONDO:0007453,MedGen:C0342277,OMIM:125851,Orphanet:552|MedGen:C3661900|Human Phenotype Ontology:HP:0004904,MONDO:MONDO:0018911,MedGen:C0342276,OMIM:PS125850,Orphanet:552",Maturity-onset diabetes of the young type 2|not provided|Maturity-onset diabetes of the young,germline;unknown,germline,GRCh37,NC_000007.13,7,44187354,44187354,na,na,7p13,"criteria provided, conflicting classifications",3,-,N,ClinGen:CA213844,2,36253,44187354,A,C,-,-,-,-,-,-,SCV000052571|SCV002605105|SCV002771538,-,-
44917,single nucleotide variant,NM_000162.5(GCK):c.758T>G (p.Val253Gly),2645,GCK,HGNC:4195,Conflicting classifications of pathogenicity,1,"Dec 02, 2021",193921400,-,RCV000029916|RCV002472938|RCV002463609,"MONDO:MONDO:0007453,MedGen:C0342277,OMIM:125851,Orphanet:552|MedGen:C3661900|Human Phenotype Ontology:HP:0004904,MONDO:MONDO:0018911,MedGen:C0342276,OMIM:PS125850,Orphanet:552",Maturity-onset diabetes of the young type 2|not provided|Maturity-onset diabetes of the young,germline;unknown,germline,GRCh38,NC_000007.14,7,44147755,44147755,na,na,7p13,"criteria provided, conflicting classifications",3,-,N,ClinGen:CA213844,2,36253,44147755,A,C,-,-,-,-,-,-,SCV000052571|SCV002605105|SCV002771538,-,-
44918,single nucleotide variant,NM_000162.5(GCK):c.760A>C (p.Asn254His),2645,GCK,HGNC:4195,Conflicting classifications of pathogenicity,1,"Feb 20, 2025",193922327,-,RCV000029917|RCV001562130|RCV004629143,"MONDO:MONDO:0007453,MedGen:C0342277,OMIM:125851,Orphanet:552|MedGen:C3661900|Human Phenotype Ontology:HP:0004904,MONDO:MONDO:0018911,MedGen:C0342276,OMIM:PS125850,Orphanet:552",Maturity-onset diabetes of the young type 2|not provided|Maturity-onset diabetes of the young,germline,germline,GRCh37,NC_000007.13,7,44187352,44187352,na,na,7p13,"criteria provided, conflicting classifications",4,-,N,ClinGen:CA213846,2,36254,44187352,T,G,-,-,-,-,-,-,SCV000052572|SCV001784849|SCV004295160|SCV005126412,-,-
44918,single nucleotide variant,NM_000162.5(GCK):c.760A>C (p.Asn254His),2645,GCK,HGNC:4195,Conflicting classifications of pathogenicity,1,"Feb 20, 2025",193922327,-,RCV000029917|RCV001562130|RCV004629143,"MONDO:MONDO:0007453,MedGen:C0342277,OMIM:125851,Orphanet:552|MedGen:C3661900|Human Phenotype Ontology:HP:0004904,MONDO:MONDO:0018911,MedGen:C0342276,OMIM:PS125850,Orphanet:552",Maturity-onset diabetes of the young type 2|not provided|Maturity-onset diabetes of the young,germline,germline,GRCh38,NC_000007.14,7,44147753,44147753,na,na,7p13,"criteria provided, conflicting classifications",4,-,N,ClinGen:CA213846,2,36254,44147753,T,G,-,-,-,-,-,-,SCV000052572|SCV001784849|SCV004295160|SCV005126412,-,-
44919,single nucleotide variant,NM_000162.5(GCK):c.768G>C (p.Glu256Asp),2645,GCK,HGNC:4195,Conflicting classifications of pathogenicity,1,"Jul 09, 2024",193922328,-,RCV000029918|RCV002463610,"MONDO:MONDO:0007453,MedGen:C0342277,OMIM:125851,Orphanet:552|Human Phenotype Ontology:HP:0004904,MONDO:MONDO:0018911,MedGen:C0342276,OMIM:PS125850,Orphanet:552",Maturity-onset diabetes of the young type 2|Maturity-onset diabetes of the young,germline;unknown,germline,GRCh37,NC_000007.13,7,44187344,44187344,na,na,7p13,"criteria provided, conflicting classifications",2,-,N,ClinGen:CA213848,2,36255,44187344,C,G,-,-,-,-,-,-,SCV000052573|SCV002605075,-,-
44919,single nucleotide variant,NM_000162.5(GCK):c.768G>C (p.Glu256Asp),2645,GCK,HGNC:4195,Conflicting classifications of pathogenicity,1,"Jul 09, 2024",193922328,-,RCV000029918|RCV002463610,"MONDO:MONDO:0007453,MedGen:C0342277,OMIM:125851,Orphanet:552|Human Phenotype Ontology:HP:0004904,MONDO:MONDO:0018911,MedGen:C0342276,OMIM:PS125850,Orphanet:552",Maturity-onset diabetes of the young type 2|Maturity-onset diabetes of the young,germline;unknown,germline,GRCh38,NC_000007.14,7,44147745,44147745,na,na,7p13,"criteria provided, conflicting classifications",2,-,N,ClinGen:CA213848,2,36255,44147745,C,G,-,-,-,-,-,-,SCV000052573|SCV002605075,-,-
44920,single nucleotide variant,NM_000162.5(GCK):c.76C>T (p.Gln26Ter),2645,GCK,HGNC:4195,Pathogenic,1,"Oct 23, 2025",193922329,-,RCV000029919|RCV000255007|RCV002326691|RCV004751228,"MONDO:MONDO:0007453,MedGen:C0342277,OMIM:125851,Orphanet:552|MedGen:C3661900|Human Phenotype Ontology:HP:0004904,MONDO:MONDO:0018911,MedGen:C0342276,OMIM:PS125850,Orphanet:552|",Maturity-onset diabetes of the young type 2|not provided|Maturity-onset diabetes of the young|GCK-related disorder,germline;unknown,germline,GRCh37,NC_000007.13,7,44193032,44193032,na,na,7p13,"criteria provided, multiple submitters, no conflicts",10,-,N,ClinGen:CA213850,2,36256,44193032,G,A,-,-,-,-,-,-,SCV000052574|SCV000322349|SCV000343033|SCV002067466|SCV002238461|SCV002506584|SCV002562192|SCV002601608|SCV007297576,-,-
44920,single nucleotide variant,NM_000162.5(GCK):c.76C>T (p.Gln26Ter),2645,GCK,HGNC:4195,Pathogenic,1,"Oct 23, 2025",193922329,-,RCV000029919|RCV000255007|RCV002326691|RCV004751228,"MONDO:MONDO:0007453,MedGen:C0342277,OMIM:125851,Orphanet:552|MedGen:C3661900|Human Phenotype Ontology:HP:0004904,MONDO:MONDO:0018911,MedGen:C0342276,OMIM:PS125850,Orphanet:552|",Maturity-onset diabetes of the young type 2|not provided|Maturity-onset diabetes of the young|GCK-related disorder,germline;unknown,germline,GRCh38,NC_000007.14,7,44153433,44153433,na,na,7p13,"criteria provided, multiple submitters, no conflicts",10,-,N,ClinGen:CA213850,2,36256,44153433,G,A,-,-,-,-,-,-,SCV000052574|SCV000322349|SCV000343033|SCV002067466|SCV002238461|SCV002506584|SCV002562192|SCV002601608|SCV007297576,-,-
44921,single nucleotide variant,NM_000162.5(GCK):c.779T>C (p.Phe260Ser),2645,GCK,HGNC:4195,Likely pathogenic,1,"Aug 18, 2011",193922330,-,RCV000029920|RCV002463611,"MONDO:MONDO:0007453,MedGen:C0342277,OMIM:125851,Orphanet:552|Human Phenotype Ontology:HP:0004904,MONDO:MONDO:0018911,MedGen:C0342276,OMIM:PS125850,Orphanet:552",Maturity-onset diabetes of the young type 2|Maturity-onset diabetes of the young,germline;unknown,germline,GRCh37,NC_000007.13,7,44187333,44187333,na,na,7p13,"criteria provided, multiple submitters, no conflicts",2,-,N,ClinGen:CA213852,2,36257,44187333,A,G,-,-,-,-,-,-,SCV000052575|SCV002605070,-,-
44921,single nucleotide variant,NM_000162.5(GCK):c.779T>C (p.Phe260Ser),2645,GCK,HGNC:4195,Likely pathogenic,1,"Aug 18, 2011",193922330,-,RCV000029920|RCV002463611,"MONDO:MONDO:0007453,MedGen:C0342277,OMIM:125851,Orphanet:552|Human Phenotype Ontology:HP:0004904,MONDO:MONDO:0018911,MedGen:C0342276,OMIM:PS125850,Orphanet:552",Maturity-onset diabetes of the young type 2|Maturity-onset diabetes of the young,germline;unknown,germline,GRCh38,NC_000007.14,7,44147734,44147734,na,na,7p13,"criteria provided, multiple submitters, no conflicts",2,-,N,ClinGen:CA213852,2,36257,44147734,A,G,-,-,-,-,-,-,SCV000052575|SCV002605070,-,-
44922,single nucleotide variant,NM_000162.5(GCK):c.787T>C (p.Ser263Pro),2645,GCK,HGNC:4195,Pathogenic,1,"Jun 27, 2025",193922331,-,RCV000029921|RCV000117135|RCV000517906|RCV000826166|RCV002467500|RCV004751229|RCV005430858,"MONDO:MONDO:0007453,MedGen:C0342277,OMIM:125851,Orphanet:552|Human Phenotype Ontology:HP:0009800,MONDO:MONDO:0005406,MedGen:C0085207|MedGen:C3661900|Human Phenotype Ontology:HP:0004904,MONDO:MONDO:0018911,MedGen:C0342276,OMIM:PS125850,Orphanet:552|Human Phenotype Ontology:HP:0005965,Human Phenotype Ontology:HP:0005978,Human Phenotype Ontology:HP:0100652,MONDO:MONDO:0005148,MeSH:D003924,MedGen:C0011860,OMIM:125853;MONDO:MONDO:0007453,MedGen:C0342277,OMIM:125851,Orphanet:552||MONDO:MONDO:0015967,MedGen:C3888631,Orphanet:183625",Maturity-onset diabetes of the young type 2|Gestational diabetes|not provided|Maturity-onset diabetes of the young|Type 2 diabetes mellitus;Maturity-onset diabetes of the young type 2|GCK-related disorder|Monogenic diabetes,germline;unknown,germline,GRCh37,NC_000007.13,7,44187325,44187325,na,na,7p13,reviewed by expert panel,11,-,N,ClinGen:CA152961,2,36258,44187325,A,G,-,-,-,-,-,-,SCV006101116,-,-
44922,single nucleotide variant,NM_000162.5(GCK):c.787T>C (p.Ser263Pro),2645,GCK,HGNC:4195,Pathogenic,1,"Jun 27, 2025",193922331,-,RCV000029921|RCV000117135|RCV000517906|RCV000826166|RCV002467500|RCV004751229|RCV005430858,"MONDO:MONDO:0007453,MedGen:C0342277,OMIM:125851,Orphanet:552|Human Phenotype Ontology:HP:0009800,MONDO:MONDO:0005406,MedGen:C0085207|MedGen:C3661900|Human Phenotype Ontology:HP:0004904,MONDO:MONDO:0018911,MedGen:C0342276,OMIM:PS125850,Orphanet:552|Human Phenotype Ontology:HP:0005965,Human Phenotype Ontology:HP:0005978,Human Phenotype Ontology:HP:0100652,MONDO:MONDO:0005148,MeSH:D003924,MedGen:C0011860,OMIM:125853;MONDO:MONDO:0007453,MedGen:C0342277,OMIM:125851,Orphanet:552||MONDO:MONDO:0015967,MedGen:C3888631,Orphanet:183625",Maturity-onset diabetes of the young type 2|Gestational diabetes|not provided|Maturity-onset diabetes of the young|Type 2 diabetes mellitus;Maturity-onset diabetes of the young type 2|GCK-related disorder|Monogenic diabetes,germline;unknown,germline,GRCh38,NC_000007.14,7,44147726,44147726,na,na,7p13,reviewed by expert panel,11,-,N,ClinGen:CA152961,2,36258,44147726,A,G,-,-,-,-,-,-,SCV006101116,-,-
44923,single nucleotide variant,NM_000162.5(GCK):c.812T>C (p.Leu271Pro),2645,GCK,HGNC:4195,Likely pathogenic,1,"Jan 07, 2026",193922332,-,RCV000029922|RCV002463612|RCV006454640,"MONDO:MONDO:0007453,MedGen:C0342277,OMIM:125851,Orphanet:552|Human Phenotype Ontology:HP:0004904,MONDO:MONDO:0018911,MedGen:C0342276,OMIM:PS125850,Orphanet:552|MONDO:MONDO:0015967,MedGen:C3888631,Orphanet:183625",Maturity-onset diabetes of the young type 2|Maturity-onset diabetes of the young|Monogenic diabetes,germline;unknown,germline,GRCh37,NC_000007.13,7,44187300,44187300,na,na,7p13,reviewed by expert panel,3,-,N,ClinGen:CA213854,2,36259,44187300,A,G,-,-,-,-,-,-,SCV007338192,-,-
44923,single nucleotide variant,NM_000162.5(GCK):c.812T>C (p.Leu271Pro),2645,GCK,HGNC:4195,Likely pathogenic,1,"Jan 07, 2026",193922332,-,RCV000029922|RCV002463612|RCV006454640,"MONDO:MONDO:0007453,MedGen:C0342277,OMIM:125851,Orphanet:552|Human Phenotype Ontology:HP:0004904,MONDO:MONDO:0018911,MedGen:C0342276,OMIM:PS125850,Orphanet:552|MONDO:MONDO:0015967,MedGen:C3888631,Orphanet:183625",Maturity-onset diabetes of the young type 2|Maturity-onset diabetes of the young|Monogenic diabetes,germline;unknown,germline,GRCh38,NC_000007.14,7,44147701,44147701,na,na,7p13,reviewed by expert panel,3,-,N,ClinGen:CA213854,2,36259,44147701,A,G,-,-,-,-,-,-,SCV007338192,-,-
44924,single nucleotide variant,NM_000162.5(GCK):c.833A>T (p.Asp278Val),2645,GCK,HGNC:4195,Conflicting classifications of pathogenicity,1,"May 30, 2019",193922333,-,RCV000029923|RCV000992065|RCV002463613,"MONDO:MONDO:0007453,MedGen:C0342277,OMIM:125851,Orphanet:552|MedGen:C3661900|Human Phenotype Ontology:HP:0004904,MONDO:MONDO:0018911,MedGen:C0342276,OMIM:PS125850,Orphanet:552",Maturity-onset diabetes of the young type 2|not provided|Maturity-onset diabetes of the young,germline;unknown,germline,GRCh37,NC_000007.13,7,44187279,44187279,na,na,7p13,"criteria provided, conflicting classifications",3,-,N,ClinGen:CA213856,2,36260,44187279,T,A,-,-,-,-,-,-,SCV000052578|SCV001144036|SCV002605046,-,-
44924,single nucleotide variant,NM_000162.5(GCK):c.833A>T (p.Asp278Val),2645,GCK,HGNC:4195,Conflicting classifications of pathogenicity,1,"May 30, 2019",193922333,-,RCV000029923|RCV000992065|RCV002463613,"MONDO:MONDO:0007453,MedGen:C0342277,OMIM:125851,Orphanet:552|MedGen:C3661900|Human Phenotype Ontology:HP:0004904,MONDO:MONDO:0018911,MedGen:C0342276,OMIM:PS125850,Orphanet:552",Maturity-onset diabetes of the young type 2|not provided|Maturity-onset diabetes of the young,germline;unknown,germline,GRCh38,NC_000007.14,7,44147680,44147680,na,na,7p13,"criteria provided, conflicting classifications",3,-,N,ClinGen:CA213856,2,36260,44147680,T,A,-,-,-,-,-,-,SCV000052578|SCV001144036|SCV002605046,-,-
44925,single nucleotide variant,NM_000162.5(GCK):c.863+3A>G,2645,GCK,HGNC:4195,Conflicting classifications of pathogenicity,1,"Nov 01, 2022",193922334,-,RCV000029924|RCV000518267|RCV002463614,"MONDO:MONDO:0007453,MedGen:C0342277,OMIM:125851,Orphanet:552|MedGen:C3661900|Human Phenotype Ontology:HP:0004904,MONDO:MONDO:0018911,MedGen:C0342276,OMIM:PS125850,Orphanet:552",Maturity-onset diabetes of the young type 2|not provided|Maturity-onset diabetes of the young,germline;unknown,germline,GRCh37,NC_000007.13,7,44187246,44187246,na,na,7p13,"criteria provided, conflicting classifications",4,-,N,ClinGen:CA213858,2,36261,44187246,T,C,-,-,-,-,-,-,SCV000052579|SCV000613466|SCV002605033|SCV004037056,-,-
44925,single nucleotide variant,NM_000162.5(GCK):c.863+3A>G,2645,GCK,HGNC:4195,Conflicting classifications of pathogenicity,1,"Nov 01, 2022",193922334,-,RCV000029924|RCV000518267|RCV002463614,"MONDO:MONDO:0007453,MedGen:C0342277,OMIM:125851,Orphanet:552|MedGen:C3661900|Human Phenotype Ontology:HP:0004904,MONDO:MONDO:0018911,MedGen:C0342276,OMIM:PS125850,Orphanet:552",Maturity-onset diabetes of the young type 2|not provided|Maturity-onset diabetes of the young,germline;unknown,germline,GRCh38,NC_000007.14,7,44147647,44147647,na,na,7p13,"criteria provided, conflicting classifications",4,-,N,ClinGen:CA213858,2,36261,44147647,T,C,-,-,-,-,-,-,SCV000052579|SCV000613466|SCV002605033|SCV004037056,-,-
44926,Deletion,GCK:c.864-159_864-149del,2645,GCK,HGNC:4195,Conflicting classifications of pathogenicity,0,"Aug 18, 2011",386134235,-,RCV000029925|RCV002463615,"MONDO:MONDO:0007453,MedGen:C0342277,OMIM:125851,Orphanet:552|Human Phenotype Ontology:HP:0004904,MONDO:MONDO:0018911,MedGen:C0342276,OMIM:PS125850,Orphanet:552",Maturity-onset diabetes of the young type 2|Maturity-onset diabetes of the young,germline;unknown,germline,GRCh37,NC_000007.13,7,44186366,44186376,na,na,7p13,"criteria provided, conflicting classifications",2,-,N,ClinGen:CA213859,2,36262,44186365,ACGTCTTTCCCT,A,-,-,-,-,-,-,SCV000052580|SCV002605132,-,-
44926,Deletion,GCK:c.864-159_864-149del,2645,GCK,HGNC:4195,Conflicting classifications of pathogenicity,0,"Aug 18, 2011",386134235,-,RCV000029925|RCV002463615,"MONDO:MONDO:0007453,MedGen:C0342277,OMIM:125851,Orphanet:552|Human Phenotype Ontology:HP:0004904,MONDO:MONDO:0018911,MedGen:C0342276,OMIM:PS125850,Orphanet:552",Maturity-onset diabetes of the young type 2|Maturity-onset diabetes of the young,germline;unknown,germline,GRCh38,NC_000007.14,7,44146767,44146777,na,na,7p13,"criteria provided, conflicting classifications",2,-,N,ClinGen:CA213859,2,36262,44146766,ACGTCTTTCCCT,A,-,-,-,-,-,-,SCV000052580|SCV002605132,-,-
44927,single nucleotide variant,NM_000162.5(GCK):c.871A>T (p.Lys291Ter),2645,GCK,HGNC:4195,Pathogenic/Likely pathogenic,1,"Sep 23, 2025",193922335,-,RCV000521942|RCV002490414|RCV002285138|RCV004689428,"MedGen:C3661900|Human Phenotype Ontology:HP:0005965,Human Phenotype Ontology:HP:0005978,Human Phenotype Ontology:HP:0100652,MONDO:MONDO:0005148,MeSH:D003924,MedGen:C0011860,OMIM:125853;MONDO:MONDO:0011236,MedGen:C1865290,OMIM:602485,Orphanet:79299;MONDO:MONDO:0100165,MedGen:C5393570,OMIM:606176;MONDO:MONDO:0007453,MedGen:C0342277,OMIM:125851,Orphanet:552|Human Phenotype Ontology:HP:0000819,Human Phenotype Ontology:HP:0004908,Human Phenotype Ontology:HP:0008217,Human Phenotype Ontology:HP:0008234,Human Phenotype Ontology:HP:0008260,MONDO:MONDO:0005015,MedGen:C0011849|MONDO:MONDO:0015967,MedGen:C3888631,Orphanet:183625",not provided|Type 2 diabetes mellitus;Hyperinsulinism due to glucokinase deficiency;Permanent neonatal diabetes mellitus 1;Maturity-onset diabetes of the young type 2|Diabetes mellitus|Monogenic diabetes,germline;unknown,germline,GRCh37,NC_000007.13,7,44186210,44186210,na,na,7p13,"criteria provided, multiple submitters, no conflicts",6,-,N,ClinGen:CA213860,2,36263,44186210,T,A,-,-,-,-,-,-,SCV000052581|SCV000622011|SCV002241987|SCV002574767|SCV002771539|SCV002781703,-,-
44927,single nucleotide variant,NM_000162.5(GCK):c.871A>T (p.Lys291Ter),2645,GCK,HGNC:4195,Pathogenic/Likely pathogenic,1,"Sep 23, 2025",193922335,-,RCV000521942|RCV002490414|RCV002285138|RCV004689428,"MedGen:C3661900|Human Phenotype Ontology:HP:0005965,Human Phenotype Ontology:HP:0005978,Human Phenotype Ontology:HP:0100652,MONDO:MONDO:0005148,MeSH:D003924,MedGen:C0011860,OMIM:125853;MONDO:MONDO:0011236,MedGen:C1865290,OMIM:602485,Orphanet:79299;MONDO:MONDO:0100165,MedGen:C5393570,OMIM:606176;MONDO:MONDO:0007453,MedGen:C0342277,OMIM:125851,Orphanet:552|Human Phenotype Ontology:HP:0000819,Human Phenotype Ontology:HP:0004908,Human Phenotype Ontology:HP:0008217,Human Phenotype Ontology:HP:0008234,Human Phenotype Ontology:HP:0008260,MONDO:MONDO:0005015,MedGen:C0011849|MONDO:MONDO:0015967,MedGen:C3888631,Orphanet:183625",not provided|Type 2 diabetes mellitus;Hyperinsulinism due to glucokinase deficiency;Permanent neonatal diabetes mellitus 1;Maturity-onset diabetes of the young type 2|Diabetes mellitus|Monogenic diabetes,germline;unknown,germline,GRCh38,NC_000007.14,7,44146611,44146611,na,na,7p13,"criteria provided, multiple submitters, no conflicts",6,-,N,ClinGen:CA213860,2,36263,44146611,T,A,-,-,-,-,-,-,SCV000052581|SCV000622011|SCV002241987|SCV002574767|SCV002771539|SCV002781703,-,-
44928,single nucleotide variant,NM_000162.5(GCK):c.907C>T (p.Arg303Trp),2645,GCK,HGNC:4195,Likely pathogenic,1,"Dec 27, 2025",193922336,-,RCV000029927|RCV000711788|RCV002371788,"MONDO:MONDO:0007453,MedGen:C0342277,OMIM:125851,Orphanet:552|MedGen:C3661900|Human Phenotype Ontology:HP:0004904,MONDO:MONDO:0018911,MedGen:C0342276,OMIM:PS125850,Orphanet:552",Maturity-onset diabetes of the young type 2|not provided|Maturity-onset diabetes of the young,germline,germline,GRCh37,NC_000007.13,7,44186174,44186174,na,na,7p13,"criteria provided, multiple submitters, no conflicts",4,-,N,ClinGen:CA213862,2,36264,44186174,G,A,-,-,-,-,-,-,SCV000052582|SCV000842185|SCV002688544|SCV004295150,-,-
44928,single nucleotide variant,NM_000162.5(GCK):c.907C>T (p.Arg303Trp),2645,GCK,HGNC:4195,Likely pathogenic,1,"Dec 27, 2025",193922336,-,RCV000029927|RCV000711788|RCV002371788,"MONDO:MONDO:0007453,MedGen:C0342277,OMIM:125851,Orphanet:552|MedGen:C3661900|Human Phenotype Ontology:HP:0004904,MONDO:MONDO:0018911,MedGen:C0342276,OMIM:PS125850,Orphanet:552",Maturity-onset diabetes of the young type 2|not provided|Maturity-onset diabetes of the young,germline,germline,GRCh38,NC_000007.14,7,44146575,44146575,na,na,7p13,"criteria provided, multiple submitters, no conflicts",4,-,N,ClinGen:CA213862,2,36264,44146575,G,A,-,-,-,-,-,-,SCV000052582|SCV000842185|SCV002688544|SCV004295150,-,-
44929,single nucleotide variant,NM_000162.5(GCK):c.917T>C (p.Leu306Pro),2645,GCK,HGNC:4195,Conflicting classifications of pathogenicity,1,"Dec 03, 2024",193922337,-,RCV000029928|RCV000992070|RCV002444445,"MONDO:MONDO:0007453,MedGen:C0342277,OMIM:125851,Orphanet:552|MedGen:C3661900|Human Phenotype Ontology:HP:0004904,MONDO:MONDO:0018911,MedGen:C0342276,OMIM:PS125850,Orphanet:552",Maturity-onset diabetes of the young type 2|not provided|Maturity-onset diabetes of the young,germline,germline,GRCh37,NC_000007.13,7,44186164,44186164,na,na,7p13,"criteria provided, conflicting classifications",6,-,N,ClinGen:CA213864,2,36265,44186164,A,G,-,-,-,-,-,-,SCV000052583|SCV001144042|SCV002562200|SCV002683272|SCV003439930|SCV005419228,-,-
44929,single nucleotide variant,NM_000162.5(GCK):c.917T>C (p.Leu306Pro),2645,GCK,HGNC:4195,Conflicting classifications of pathogenicity,1,"Dec 03, 2024",193922337,-,RCV000029928|RCV000992070|RCV002444445,"MONDO:MONDO:0007453,MedGen:C0342277,OMIM:125851,Orphanet:552|MedGen:C3661900|Human Phenotype Ontology:HP:0004904,MONDO:MONDO:0018911,MedGen:C0342276,OMIM:PS125850,Orphanet:552",Maturity-onset diabetes of the young type 2|not provided|Maturity-onset diabetes of the young,germline,germline,GRCh38,NC_000007.14,7,44146565,44146565,na,na,7p13,"criteria provided, conflicting classifications",6,-,N,ClinGen:CA213864,2,36265,44146565,A,G,-,-,-,-,-,-,SCV000052583|SCV001144042|SCV002562200|SCV002683272|SCV003439930|SCV005419228,-,-
44930,single nucleotide variant,NM_000162.5(GCK):c.944T>A (p.Leu315His),2645,GCK,HGNC:4195,Pathogenic,1,"May 05, 2025",193922338,-,RCV000029929|RCV001818187,"MONDO:MONDO:0007453,MedGen:C0342277,OMIM:125851,Orphanet:552|MedGen:C3661900",Maturity-onset diabetes of the young type 2|not provided,germline,germline,GRCh37,NC_000007.13,7,44186137,44186137,na,na,7p13,"criteria provided, multiple submitters, no conflicts",4,-,N,ClinGen:CA213866,2,36266,44186137,A,T,-,-,-,-,-,-,SCV000052584|SCV002067347|SCV003439944|SCV005419229,-,-
44930,single nucleotide variant,NM_000162.5(GCK):c.944T>A (p.Leu315His),2645,GCK,HGNC:4195,Pathogenic,1,"May 05, 2025",193922338,-,RCV000029929|RCV001818187,"MONDO:MONDO:0007453,MedGen:C0342277,OMIM:125851,Orphanet:552|MedGen:C3661900",Maturity-onset diabetes of the young type 2|not provided,germline,germline,GRCh38,NC_000007.14,7,44146538,44146538,na,na,7p13,"criteria provided, multiple submitters, no conflicts",4,-,N,ClinGen:CA213866,2,36266,44146538,A,T,-,-,-,-,-,-,SCV000052584|SCV002067347|SCV003439944|SCV005419229,-,-
44931,single nucleotide variant,NM_000162.5(GCK):c.947T>A (p.Phe316Tyr),2645,GCK,HGNC:4195,Likely pathogenic/Likely risk allele,1,"Aug 18, 2011",193922339,-,RCV000029930|RCV002463616,"MONDO:MONDO:0007453,MedGen:C0342277,OMIM:125851,Orphanet:552|Human Phenotype Ontology:HP:0004904,MONDO:MONDO:0018911,MedGen:C0342276,OMIM:PS125850,Orphanet:552",Maturity-onset diabetes of the young type 2|Maturity-onset diabetes of the young,germline;unknown,germline,GRCh37,NC_000007.13,7,44186134,44186134,na,na,7p13,"criteria provided, multiple submitters, no conflicts",2,-,N,ClinGen:CA213868,2,36267,44186134,A,T,-,-,-,-,-,-,SCV000052585|SCV002605121,-,-
44931,single nucleotide variant,NM_000162.5(GCK):c.947T>A (p.Phe316Tyr),2645,GCK,HGNC:4195,Likely pathogenic/Likely risk allele,1,"Aug 18, 2011",193922339,-,RCV000029930|RCV002463616,"MONDO:MONDO:0007453,MedGen:C0342277,OMIM:125851,Orphanet:552|Human Phenotype Ontology:HP:0004904,MONDO:MONDO:0018911,MedGen:C0342276,OMIM:PS125850,Orphanet:552",Maturity-onset diabetes of the young type 2|Maturity-onset diabetes of the young,germline;unknown,germline,GRCh38,NC_000007.14,7,44146535,44146535,na,na,7p13,"criteria provided, multiple submitters, no conflicts",2,-,N,ClinGen:CA213868,2,36267,44146535,A,T,-,-,-,-,-,-,SCV000052585|SCV002605121,-,-
44932,single nucleotide variant,NM_000162.5(GCK):c.952G>T (p.Gly318Trp),2645,GCK,HGNC:4195,Uncertain significance,1,"Jun 02, 2025",193922340,-,RCV000029931|RCV002371789|RCV002472939|RCV005417381,"MONDO:MONDO:0007453,MedGen:C0342277,OMIM:125851,Orphanet:552|Human Phenotype Ontology:HP:0004904,MONDO:MONDO:0018911,MedGen:C0342276,OMIM:PS125850,Orphanet:552|MedGen:C3661900|MONDO:MONDO:0015967,MedGen:C3888631,Orphanet:183625",Maturity-onset diabetes of the young type 2|Maturity-onset diabetes of the young|not provided|Monogenic diabetes,germline;unknown,germline,GRCh37,NC_000007.13,7,44186129,44186129,na,na,7p13,reviewed by expert panel,4,-,N,ClinGen:CA213870,2,36268,44186129,C,A,-,-,-,-,-,-,SCV006084771,-,-
44932,single nucleotide variant,NM_000162.5(GCK):c.952G>T (p.Gly318Trp),2645,GCK,HGNC:4195,Uncertain significance,1,"Jun 02, 2025",193922340,-,RCV000029931|RCV002371789|RCV002472939|RCV005417381,"MONDO:MONDO:0007453,MedGen:C0342277,OMIM:125851,Orphanet:552|Human Phenotype Ontology:HP:0004904,MONDO:MONDO:0018911,MedGen:C0342276,OMIM:PS125850,Orphanet:552|MedGen:C3661900|MONDO:MONDO:0015967,MedGen:C3888631,Orphanet:183625",Maturity-onset diabetes of the young type 2|Maturity-onset diabetes of the young|not provided|Monogenic diabetes,germline;unknown,germline,GRCh38,NC_000007.14,7,44146530,44146530,na,na,7p13,reviewed by expert panel,4,-,N,ClinGen:CA213870,2,36268,44146530,C,A,-,-,-,-,-,-,SCV006084771,-,-
44933,single nucleotide variant,NM_000162.5(GCK):c.954G>C (p.Gly318=),2645,GCK,HGNC:4195,Benign/Likely benign,0,"Jan 17, 2026",145764627,-,RCV000029932|RCV000250733|RCV000896007|RCV002326692|RCV002504830,"MONDO:MONDO:0007453,MedGen:C0342277,OMIM:125851,Orphanet:552|MedGen:CN169374|MedGen:C3661900|Human Phenotype Ontology:HP:0004904,MONDO:MONDO:0018911,MedGen:C0342276,OMIM:PS125850,Orphanet:552|Human Phenotype Ontology:HP:0005965,Human Phenotype Ontology:HP:0005978,Human Phenotype Ontology:HP:0100652,MONDO:MONDO:0005148,MeSH:D003924,MedGen:C0011860,OMIM:125853;MONDO:MONDO:0011236,MedGen:C1865290,OMIM:602485,Orphanet:79299;MONDO:MONDO:0100165,MedGen:C5393570,OMIM:606176;MONDO:MONDO:0007453,MedGen:C0342277,OMIM:125851,Orphanet:552",Maturity-onset diabetes of the young type 2|not specified|not provided|Maturity-onset diabetes of the young|Type 2 diabetes mellitus;Hyperinsulinism due to glucokinase deficiency;Permanent neonatal diabetes mellitus 1;Maturity-onset diabetes of the young type 2,germline;unknown,germline,GRCh37,NC_000007.13,7,44186127,44186127,na,na,7p13,"criteria provided, multiple submitters, no conflicts",10,-,N,ClinGen:CA213872,2,36269,44186127,C,G,-,-,-,-,-,-,SCV000052587|SCV000302770|SCV000513128|SCV001040078|SCV001475134|SCV002069895|SCV002601605|SCV002690751|SCV002808972|SCV005227294,-,-
44933,single nucleotide variant,NM_000162.5(GCK):c.954G>C (p.Gly318=),2645,GCK,HGNC:4195,Benign/Likely benign,0,"Jan 17, 2026",145764627,-,RCV000029932|RCV000250733|RCV000896007|RCV002326692|RCV002504830,"MONDO:MONDO:0007453,MedGen:C0342277,OMIM:125851,Orphanet:552|MedGen:CN169374|MedGen:C3661900|Human Phenotype Ontology:HP:0004904,MONDO:MONDO:0018911,MedGen:C0342276,OMIM:PS125850,Orphanet:552|Human Phenotype Ontology:HP:0005965,Human Phenotype Ontology:HP:0005978,Human Phenotype Ontology:HP:0100652,MONDO:MONDO:0005148,MeSH:D003924,MedGen:C0011860,OMIM:125853;MONDO:MONDO:0011236,MedGen:C1865290,OMIM:602485,Orphanet:79299;MONDO:MONDO:0100165,MedGen:C5393570,OMIM:606176;MONDO:MONDO:0007453,MedGen:C0342277,OMIM:125851,Orphanet:552",Maturity-onset diabetes of the young type 2|not specified|not provided|Maturity-onset diabetes of the young|Type 2 diabetes mellitus;Hyperinsulinism due to glucokinase deficiency;Permanent neonatal diabetes mellitus 1;Maturity-onset diabetes of the young type 2,germline;unknown,germline,GRCh38,NC_000007.14,7,44146528,44146528,na,na,7p13,"criteria provided, multiple submitters, no conflicts",10,-,N,ClinGen:CA213872,2,36269,44146528,C,G,-,-,-,-,-,-,SCV000052587|SCV000302770|SCV000513128|SCV001040078|SCV001475134|SCV002069895|SCV002601605|SCV002690751|SCV002808972|SCV005227294,-,-
44934,single nucleotide variant,NM_000162.5(GCK):c.971T>C (p.Leu324Pro),2645,GCK,HGNC:4195,Pathogenic/Likely pathogenic,1,"Jan 13, 2026",193922341,-,RCV000029933|RCV003482232,"MONDO:MONDO:0007453,MedGen:C0342277,OMIM:125851,Orphanet:552|MedGen:C3661900",Maturity-onset diabetes of the young type 2|not provided,germline;unknown,germline,GRCh37,NC_000007.13,7,44186110,44186110,na,na,7p13,"criteria provided, multiple submitters, no conflicts",4,-,N,ClinGen:CA213874,2,36270,44186110,A,G,-,-,-,-,-,-,SCV000052588|SCV004229672|SCV005401378|SCV005835276,-,-
44934,single nucleotide variant,NM_000162.5(GCK):c.971T>C (p.Leu324Pro),2645,GCK,HGNC:4195,Pathogenic/Likely pathogenic,1,"Jan 13, 2026",193922341,-,RCV000029933|RCV003482232,"MONDO:MONDO:0007453,MedGen:C0342277,OMIM:125851,Orphanet:552|MedGen:C3661900",Maturity-onset diabetes of the young type 2|not provided,germline;unknown,germline,GRCh38,NC_000007.14,7,44146511,44146511,na,na,7p13,"criteria provided, multiple submitters, no conflicts",4,-,N,ClinGen:CA213874,2,36270,44146511,A,G,-,-,-,-,-,-,SCV000052588|SCV004229672|SCV005401378|SCV005835276,-,-
44935,Duplication,Single allele,2645,GCK,HGNC:4195,Likely pathogenic,1,"Aug 18, 2011",-1,-,RCV000029934,"MONDO:MONDO:0007453,MedGen:C0342277,OMIM:125851,Orphanet:552",Maturity-onset diabetes of the young type 2,germline,germline,na,na,na,-1,-1,na,na,7p13,"criteria provided, single submitter",1,-,N,-,2,36271,-1,na,na,-,-,-,-,-,-,SCV000052589,-,-
45093,single nucleotide variant,NM_000525.4(KCNJ11):c.1154C>G (p.Ser385Cys),3767,KCNJ11,HGNC:6257,Conflicting classifications of pathogenicity,0,"Jan 28, 2026",41282930,-,RCV000030102|RCV000146102|RCV000284629|RCV000395172|RCV000342808|RCV000445546|RCV000712157|RCV002226658,"MONDO:MONDO:0016391,MedGen:C0158981,Orphanet:224|MedGen:CN169374|MONDO:MONDO:0012522,MedGen:C1864623,OMIM:610582,Orphanet:99886|MONDO:MONDO:0011153,MedGen:C2931833,OMIM:601820,Orphanet:276580,Orphanet:276603|MONDO:MONDO:0014589,MedGen:C4225365,OMIM:616329,Orphanet:552|MONDO:MONDO:0015967,MedGen:C3888631,Orphanet:183625|MedGen:C3661900|Human Phenotype Ontology:HP:0004904,MONDO:MONDO:0018911,MedGen:C0342276,OMIM:PS125850,Orphanet:552","Neonatal diabetes mellitus|not specified|Diabetes mellitus, transient neonatal, 3|Hyperinsulinemic hypoglycemia, familial, 2|Maturity-onset diabetes of the young type 13|Monogenic diabetes|not provided|Maturity-onset diabetes of the young",germline;somatic;unknown,germline/somatic,GRCh37,NC_000011.9,11,17408485,17408485,na,na,11p15.1,"criteria provided, conflicting classifications",11,-,N,ClinGen:CA172322,2,36430,17408485,G,C,-,-,-,-,-,-,SCV000052757|SCV000193319|SCV000304665|SCV000369149|SCV000369150|SCV000369151|SCV000537076|SCV000842582|SCV001102130|SCV001652876|SCV001843300|SCV002505477|SCV007330166,-,-
45093,single nucleotide variant,NM_000525.4(KCNJ11):c.1154C>G (p.Ser385Cys),3767,KCNJ11,HGNC:6257,Conflicting classifications of pathogenicity,0,"Jan 28, 2026",41282930,-,RCV000030102|RCV000146102|RCV000284629|RCV000395172|RCV000342808|RCV000445546|RCV000712157|RCV002226658,"MONDO:MONDO:0016391,MedGen:C0158981,Orphanet:224|MedGen:CN169374|MONDO:MONDO:0012522,MedGen:C1864623,OMIM:610582,Orphanet:99886|MONDO:MONDO:0011153,MedGen:C2931833,OMIM:601820,Orphanet:276580,Orphanet:276603|MONDO:MONDO:0014589,MedGen:C4225365,OMIM:616329,Orphanet:552|MONDO:MONDO:0015967,MedGen:C3888631,Orphanet:183625|MedGen:C3661900|Human Phenotype Ontology:HP:0004904,MONDO:MONDO:0018911,MedGen:C0342276,OMIM:PS125850,Orphanet:552","Neonatal diabetes mellitus|not specified|Diabetes mellitus, transient neonatal, 3|Hyperinsulinemic hypoglycemia, familial, 2|Maturity-onset diabetes of the young type 13|Monogenic diabetes|not provided|Maturity-onset diabetes of the young",germline;somatic;unknown,germline/somatic,GRCh38,NC_000011.10,11,17386938,17386938,na,na,11p15.1,"criteria provided, conflicting classifications",11,-,N,ClinGen:CA172322,2,36430,17386938,G,C,-,-,-,-,-,-,SCV000052757|SCV000193319|SCV000304665|SCV000369149|SCV000369150|SCV000369151|SCV000537076|SCV000842582|SCV001102130|SCV001652876|SCV001843300|SCV002505477|SCV007330166,-,-
45094,single nucleotide variant,NM_000525.4(KCNJ11):c.149G>A (p.Arg50Gln),3767,KCNJ11,HGNC:6257,Pathogenic/Likely pathogenic,1,"Dec 25, 2024",80356611,-,RCV000030103|RCV000518206|RCV002222331|RCV003387732|RCV004798749,"MONDO:MONDO:0016391,MedGen:C0158981,Orphanet:224|MedGen:C3661900|MONDO:MONDO:0100164,MedGen:C1833104,OMIM:PS606176,Orphanet:99885|MONDO:MONDO:0030087,MedGen:C5394296,OMIM:618856|MedGen:C1320657","Neonatal diabetes mellitus|not provided|Permanent neonatal diabetes mellitus|Diabetes mellitus, permanent neonatal 2|Diabetes",germline,germline,GRCh37,NC_000011.9,11,17409490,17409490,na,na,11p15.1,"criteria provided, multiple submitters, no conflicts",7,-,N,ClinGen:CA214108,2,36431,17409490,C,T,-,-,-,-,-,-,SCV000052758|SCV000613861|SCV002318392|SCV002576976|SCV003439794|SCV005420898,-,-
45094,single nucleotide variant,NM_000525.4(KCNJ11):c.149G>A (p.Arg50Gln),3767,KCNJ11,HGNC:6257,Pathogenic/Likely pathogenic,1,"Dec 25, 2024",80356611,-,RCV000030103|RCV000518206|RCV002222331|RCV003387732|RCV004798749,"MONDO:MONDO:0016391,MedGen:C0158981,Orphanet:224|MedGen:C3661900|MONDO:MONDO:0100164,MedGen:C1833104,OMIM:PS606176,Orphanet:99885|MONDO:MONDO:0030087,MedGen:C5394296,OMIM:618856|MedGen:C1320657","Neonatal diabetes mellitus|not provided|Permanent neonatal diabetes mellitus|Diabetes mellitus, permanent neonatal 2|Diabetes",germline,germline,GRCh38,NC_000011.10,11,17387943,17387943,na,na,11p15.1,"criteria provided, multiple submitters, no conflicts",7,-,N,ClinGen:CA214108,2,36431,17387943,C,T,-,-,-,-,-,-,SCV000052758|SCV000613861|SCV002318392|SCV002576976|SCV003439794|SCV005420898,-,-
45095,single nucleotide variant,NM_000525.4(KCNJ11):c.54A>G (p.Ala18=),3767,KCNJ11,HGNC:6257,Conflicting classifications of pathogenicity,0,"Jan 25, 2024",193922564,-,RCV000030104|RCV002226659|RCV002054497,"MONDO:MONDO:0016391,MedGen:C0158981,Orphanet:224|Human Phenotype Ontology:HP:0004904,MONDO:MONDO:0018911,MedGen:C0342276,OMIM:PS125850,Orphanet:552|MedGen:C3661900",Neonatal diabetes mellitus|Maturity-onset diabetes of the young|not provided,germline;somatic,germline/somatic,GRCh37,NC_000011.9,11,17409585,17409585,na,na,11p15.1,"criteria provided, conflicting classifications",3,-,N,ClinGen:CA214110,2,36432,17409585,T,C,-,-,-,-,-,-,SCV000052759|SCV002371584|SCV002505490,-,-
45095,single nucleotide variant,NM_000525.4(KCNJ11):c.54A>G (p.Ala18=),3767,KCNJ11,HGNC:6257,Conflicting classifications of pathogenicity,0,"Jan 25, 2024",193922564,-,RCV000030104|RCV002226659|RCV002054497,"MONDO:MONDO:0016391,MedGen:C0158981,Orphanet:224|Human Phenotype Ontology:HP:0004904,MONDO:MONDO:0018911,MedGen:C0342276,OMIM:PS125850,Orphanet:552|MedGen:C3661900",Neonatal diabetes mellitus|Maturity-onset diabetes of the young|not provided,germline;somatic,germline/somatic,GRCh38,NC_000011.10,11,17388038,17388038,na,na,11p15.1,"criteria provided, conflicting classifications",3,-,N,ClinGen:CA214110,2,36432,17388038,T,C,-,-,-,-,-,-,SCV000052759|SCV002371584|SCV002505490,-,-
45096,single nucleotide variant,NM_000525.4(KCNJ11):c.5T>C (p.Leu2Pro),3767,KCNJ11,HGNC:6257,Conflicting classifications of pathogenicity,1,"Aug 18, 2011",193922565,-,RCV000030105|RCV002226660,"MONDO:MONDO:0016391,MedGen:C0158981,Orphanet:224|Human Phenotype Ontology:HP:0004904,MONDO:MONDO:0018911,MedGen:C0342276,OMIM:PS125850,Orphanet:552",Neonatal diabetes mellitus|Maturity-onset diabetes of the young,germline;somatic,germline/somatic,GRCh37,NC_000011.9,11,17409634,17409634,na,na,11p15.1,"criteria provided, conflicting classifications",2,-,N,ClinGen:CA214112,2,36433,17409634,A,G,-,-,-,-,-,-,SCV000052760|SCV002505491,-,-
45096,single nucleotide variant,NM_000525.4(KCNJ11):c.5T>C (p.Leu2Pro),3767,KCNJ11,HGNC:6257,Conflicting classifications of pathogenicity,1,"Aug 18, 2011",193922565,-,RCV000030105|RCV002226660,"MONDO:MONDO:0016391,MedGen:C0158981,Orphanet:224|Human Phenotype Ontology:HP:0004904,MONDO:MONDO:0018911,MedGen:C0342276,OMIM:PS125850,Orphanet:552",Neonatal diabetes mellitus|Maturity-onset diabetes of the young,germline;somatic,germline/somatic,GRCh38,NC_000011.10,11,17388087,17388087,na,na,11p15.1,"criteria provided, conflicting classifications",2,-,N,ClinGen:CA214112,2,36433,17388087,A,G,-,-,-,-,-,-,SCV000052760|SCV002505491,-,-
48069,Deletion,NM_000352.4:c.(?_1818)_(1923_?)del,6833,ABCC8,HGNC:59,Pathogenic,1,"May 01, 2012",-1,-,RCV000032666,"MONDO:MONDO:0009734,MedGen:C2931832,OMIM:256450,Orphanet:276575,Orphanet:276598","Hyperinsulinemic hypoglycemia, familial, 1",germline,germline,na,na,na,-1,-1,na,na,11p15.1,no assertion criteria provided,1,-,N,OMIM:600509.0027,1,39470,-1,na,na,-,-,-,-,-,-,SCV000056429,-,-
48070,Duplication,NM_000352.6(ABCC8):c.512dup (p.Thr172fs),6833,ABCC8,HGNC:59,Uncertain significance,1,-,1564980510,-,RCV000032667|RCV002254154|RCV002254153,"MONDO:MONDO:0009734,MedGen:C2931832,OMIM:256450,Orphanet:276575,Orphanet:276598|Human Phenotype Ontology:HP:0008255,MONDO:MONDO:0020525,MedGen:C0342273|Human Phenotype Ontology:HP:0004904,MONDO:MONDO:0018911,MedGen:C0342276,OMIM:PS125850,Orphanet:552","Hyperinsulinemic hypoglycemia, familial, 1|Transitory neonatal diabetes mellitus|Maturity-onset diabetes of the young",germline;unknown,germline,GRCh37,NC_000011.9,11,17485051,17485052,na,na,11p15.1,"criteria provided, single submitter",2,-,N,"OMIM:600509.0028,ClinGen:CA891842526",3,39471,17485051,G,GA,-,-,-,-,-,-,SCV002524059|SCV002524060,-,-
48070,Duplication,NM_000352.6(ABCC8):c.512dup (p.Thr172fs),6833,ABCC8,HGNC:59,Uncertain significance,1,-,1564980510,-,RCV000032667|RCV002254154|RCV002254153,"MONDO:MONDO:0009734,MedGen:C2931832,OMIM:256450,Orphanet:276575,Orphanet:276598|Human Phenotype Ontology:HP:0008255,MONDO:MONDO:0020525,MedGen:C0342273|Human Phenotype Ontology:HP:0004904,MONDO:MONDO:0018911,MedGen:C0342276,OMIM:PS125850,Orphanet:552","Hyperinsulinemic hypoglycemia, familial, 1|Transitory neonatal diabetes mellitus|Maturity-onset diabetes of the young",germline;unknown,germline,GRCh38,NC_000011.10,11,17463504,17463505,na,na,11p15.1,"criteria provided, single submitter",2,-,N,"OMIM:600509.0028,ClinGen:CA891842526",3,39471,17463504,G,GA,-,-,-,-,-,-,SCV002524059|SCV002524060,-,-
48071,single nucleotide variant,NM_000352.6(ABCC8):c.1333-1013A>G,6833,ABCC8,HGNC:59,Pathogenic/Likely pathogenic,1,"Jun 19, 2024",980458021,-,RCV000032668|RCV001211946|RCV003466885|RCV005042102,"MONDO:MONDO:0009734,MedGen:C2931832,OMIM:256450,Orphanet:276575,Orphanet:276598|MedGen:C3661900|Human Phenotype Ontology:HP:0005965,Human Phenotype Ontology:HP:0005978,Human Phenotype Ontology:HP:0100652,MONDO:MONDO:0005148,MeSH:D003924,MedGen:C0011860,OMIM:125853|MONDO:MONDO:0012480,MedGen:C1835887,OMIM:610374,Orphanet:99886;MONDO:MONDO:0009734,MedGen:C2931832,OMIM:256450,Orphanet:276575,Orphanet:276598;MONDO:MONDO:0009415,MedGen:C0271714,OMIM:240800;Human Phenotype Ontology:HP:0005965,Human Phenotype Ontology:HP:0005978,Human Phenotype Ontology:HP:0100652,MONDO:MONDO:0005148,MeSH:D003924,MedGen:C0011860,OMIM:125853;MONDO:MONDO:0030088,MedGen:C5394303,OMIM:618857","Hyperinsulinemic hypoglycemia, familial, 1|not provided|Type 2 diabetes mellitus|Diabetes mellitus, transient neonatal, 2;Hyperinsulinemic hypoglycemia, familial, 1;Leucine-induced hypoglycemia;Type 2 diabetes mellitus;Diabetes mellitus, permanent neonatal 3",germline;unknown,germline,GRCh37,NC_000011.9,11,17465872,17465872,na,na,11p15.1,"criteria provided, multiple submitters, no conflicts",5,-,N,"ClinGen:CA218446294,OMIM:600509.0029",3,39472,17465872,T,C,-,-,-,-,-,-,SCV001383514|SCV002060016|SCV004197608|SCV005676409,-,-
48071,single nucleotide variant,NM_000352.6(ABCC8):c.1333-1013A>G,6833,ABCC8,HGNC:59,Pathogenic/Likely pathogenic,1,"Jun 19, 2024",980458021,-,RCV000032668|RCV001211946|RCV003466885|RCV005042102,"MONDO:MONDO:0009734,MedGen:C2931832,OMIM:256450,Orphanet:276575,Orphanet:276598|MedGen:C3661900|Human Phenotype Ontology:HP:0005965,Human Phenotype Ontology:HP:0005978,Human Phenotype Ontology:HP:0100652,MONDO:MONDO:0005148,MeSH:D003924,MedGen:C0011860,OMIM:125853|MONDO:MONDO:0012480,MedGen:C1835887,OMIM:610374,Orphanet:99886;MONDO:MONDO:0009734,MedGen:C2931832,OMIM:256450,Orphanet:276575,Orphanet:276598;MONDO:MONDO:0009415,MedGen:C0271714,OMIM:240800;Human Phenotype Ontology:HP:0005965,Human Phenotype Ontology:HP:0005978,Human Phenotype Ontology:HP:0100652,MONDO:MONDO:0005148,MeSH:D003924,MedGen:C0011860,OMIM:125853;MONDO:MONDO:0030088,MedGen:C5394303,OMIM:618857","Hyperinsulinemic hypoglycemia, familial, 1|not provided|Type 2 diabetes mellitus|Diabetes mellitus, transient neonatal, 2;Hyperinsulinemic hypoglycemia, familial, 1;Leucine-induced hypoglycemia;Type 2 diabetes mellitus;Diabetes mellitus, permanent neonatal 3",germline;unknown,germline,GRCh38,NC_000011.10,11,17444325,17444325,na,na,11p15.1,"criteria provided, multiple submitters, no conflicts",5,-,N,"ClinGen:CA218446294,OMIM:600509.0029",3,39472,17444325,T,C,-,-,-,-,-,-,SCV001383514|SCV002060016|SCV004197608|SCV005676409,-,-
48358,single nucleotide variant,NM_000162.5(GCK):c.1015G>A (p.Glu339Lys),2645,GCK,HGNC:4195,Likely pathogenic,1,"Feb 28, 2024",397514580,-,RCV000032978|RCV003883126|RCV005089333,"MONDO:MONDO:0007453,MedGen:C0342277,OMIM:125851,Orphanet:552|MONDO:MONDO:0015967,MedGen:C3888631,Orphanet:183625|MedGen:C3661900",Maturity-onset diabetes of the young type 2|Monogenic diabetes|not provided,germline,germline,GRCh37,NC_000007.13,7,44186066,44186066,na,na,7p13,reviewed by expert panel,3,-,N,"ClinGen:CA130526,OMIM:138079.0016",3,39759,44186066,C,T,-,-,-,-,-,-,SCV004697912,-,-
48358,single nucleotide variant,NM_000162.5(GCK):c.1015G>A (p.Glu339Lys),2645,GCK,HGNC:4195,Likely pathogenic,1,"Feb 28, 2024",397514580,-,RCV000032978|RCV003883126|RCV005089333,"MONDO:MONDO:0007453,MedGen:C0342277,OMIM:125851,Orphanet:552|MONDO:MONDO:0015967,MedGen:C3888631,Orphanet:183625|MedGen:C3661900",Maturity-onset diabetes of the young type 2|Monogenic diabetes|not provided,germline,germline,GRCh38,NC_000007.14,7,44146467,44146467,na,na,7p13,reviewed by expert panel,3,-,N,"ClinGen:CA130526,OMIM:138079.0016",3,39759,44146467,C,T,-,-,-,-,-,-,SCV004697912,-,-
87789,single nucleotide variant,NM_000162.5(GCK):c.130G>A (p.Gly44Ser),2645,GCK,HGNC:4195,Pathogenic/Likely pathogenic,1,"Jan 12, 2026",267601516,-,RCV000992045|RCV002285265|RCV005031551|RCV004751252,"MedGen:C3661900|MONDO:MONDO:0007453,MedGen:C0342277,OMIM:125851,Orphanet:552|MONDO:MONDO:0007453,MedGen:C0342277,OMIM:125851,Orphanet:552;MONDO:MONDO:0100165,MedGen:C5393570,OMIM:606176;Human Phenotype Ontology:HP:0005965,Human Phenotype Ontology:HP:0005978,Human Phenotype Ontology:HP:0100652,MONDO:MONDO:0005148,MeSH:D003924,MedGen:C0011860,OMIM:125853;MONDO:MONDO:0011236,MedGen:C1865290,OMIM:602485,Orphanet:79299|",not provided|Maturity-onset diabetes of the young type 2|Maturity-onset diabetes of the young type 2;Permanent neonatal diabetes mellitus 1;Type 2 diabetes mellitus;Hyperinsulinism due to glucokinase deficiency|GCK-related disorder,germline;unknown,germline,GRCh37,NC_000007.13,7,44192978,44192978,na,na,7p13,"criteria provided, multiple submitters, no conflicts",9,-,N,ClinGen:CA157920006,2,76898,44192978,C,T,-,-,-,-,-,-,SCV001144009|SCV001823810|SCV002072119|SCV002232437|SCV002562158|SCV005668362|SCV005904173|SCV007329924,-,-
87789,single nucleotide variant,NM_000162.5(GCK):c.130G>A (p.Gly44Ser),2645,GCK,HGNC:4195,Pathogenic/Likely pathogenic,1,"Jan 12, 2026",267601516,-,RCV000992045|RCV002285265|RCV005031551|RCV004751252,"MedGen:C3661900|MONDO:MONDO:0007453,MedGen:C0342277,OMIM:125851,Orphanet:552|MONDO:MONDO:0007453,MedGen:C0342277,OMIM:125851,Orphanet:552;MONDO:MONDO:0100165,MedGen:C5393570,OMIM:606176;Human Phenotype Ontology:HP:0005965,Human Phenotype Ontology:HP:0005978,Human Phenotype Ontology:HP:0100652,MONDO:MONDO:0005148,MeSH:D003924,MedGen:C0011860,OMIM:125853;MONDO:MONDO:0011236,MedGen:C1865290,OMIM:602485,Orphanet:79299|",not provided|Maturity-onset diabetes of the young type 2|Maturity-onset diabetes of the young type 2;Permanent neonatal diabetes mellitus 1;Type 2 diabetes mellitus;Hyperinsulinism due to glucokinase deficiency|GCK-related disorder,germline;unknown,germline,GRCh38,NC_000007.14,7,44153379,44153379,na,na,7p13,"criteria provided, multiple submitters, no conflicts",9,-,N,ClinGen:CA157920006,2,76898,44153379,C,T,-,-,-,-,-,-,SCV001144009|SCV001823810|SCV002072119|SCV002232437|SCV002562158|SCV005668362|SCV005904173|SCV007329924,-,-
89177,single nucleotide variant,NM_000352.6(ABCC8):c.4485C>T (p.Phe1495=),6833,ABCC8,HGNC:59,Conflicting classifications of pathogenicity,0,"Feb 16, 2024",267602801,-,RCV001440751|RCV002243693|RCV002243692,"MedGen:C3661900|Human Phenotype Ontology:HP:0008255,MONDO:MONDO:0020525,MedGen:C0342273|Human Phenotype Ontology:HP:0004904,MONDO:MONDO:0018911,MedGen:C0342276,OMIM:PS125850,Orphanet:552",not provided|Transitory neonatal diabetes mellitus|Maturity-onset diabetes of the young,germline;somatic,germline/somatic,GRCh37,NC_000011.9,11,17415873,17415873,na,na,11p15.1,"criteria provided, conflicting classifications",2,-,N,ClinGen:CA5902465,2,78286,17415873,G,A,-,-,-,-,-,-,SCV001643664|SCV002513284|SCV002513285,-,-
89177,single nucleotide variant,NM_000352.6(ABCC8):c.4485C>T (p.Phe1495=),6833,ABCC8,HGNC:59,Conflicting classifications of pathogenicity,0,"Feb 16, 2024",267602801,-,RCV001440751|RCV002243693|RCV002243692,"MedGen:C3661900|Human Phenotype Ontology:HP:0008255,MONDO:MONDO:0020525,MedGen:C0342273|Human Phenotype Ontology:HP:0004904,MONDO:MONDO:0018911,MedGen:C0342276,OMIM:PS125850,Orphanet:552",not provided|Transitory neonatal diabetes mellitus|Maturity-onset diabetes of the young,germline;somatic,germline/somatic,GRCh38,NC_000011.10,11,17394326,17394326,na,na,11p15.1,"criteria provided, conflicting classifications",2,-,N,ClinGen:CA5902465,2,78286,17394326,G,A,-,-,-,-,-,-,SCV001643664|SCV002513284|SCV002513285,-,-
89178,single nucleotide variant,NM_000352.6(ABCC8):c.609G>A (p.Glu203=),6833,ABCC8,HGNC:59,Likely benign,0,"Nov 09, 2023",267602802,-,RCV003570118,MedGen:C3661900,not provided,germline,germline,GRCh37,NC_000011.9,11,17483343,17483343,na,na,11p15.1,"criteria provided, single submitter",1,-,N,ClinGen:CA5903813,2,2762502,17483343,C,T,-,-,-,-,-,-,SCV004327602,-,-
89178,single nucleotide variant,NM_000352.6(ABCC8):c.609G>A (p.Glu203=),6833,ABCC8,HGNC:59,Likely benign,0,"Nov 09, 2023",267602802,-,RCV003570118,MedGen:C3661900,not provided,germline,germline,GRCh38,NC_000011.10,11,17461796,17461796,na,na,11p15.1,"criteria provided, single submitter",1,-,N,ClinGen:CA5903813,2,2762502,17461796,C,T,-,-,-,-,-,-,SCV004327602,-,-
134586,single nucleotide variant,NM_000162.5(GCK):c.1112G>T (p.Cys371Phe),2645,GCK,HGNC:4195,Pathogenic,1,"Aug 09, 2023",587780343,-,RCV000117127|RCV003556165|RCV003325949,"Human Phenotype Ontology:HP:0009800,MONDO:MONDO:0005406,MedGen:C0085207|MedGen:C3661900|MONDO:MONDO:0015967,MedGen:C3888631,Orphanet:183625",Gestational diabetes|not provided|Monogenic diabetes,germline,germline,GRCh37,NC_000007.13,7,44185237,44185237,na,na,7p13,reviewed by expert panel,4,-,N,ClinGen:CA152950,2,129140,44185237,C,A,-,-,-,-,-,-,SCV004032073,-,-
134586,single nucleotide variant,NM_000162.5(GCK):c.1112G>T (p.Cys371Phe),2645,GCK,HGNC:4195,Pathogenic,1,"Aug 09, 2023",587780343,-,RCV000117127|RCV003556165|RCV003325949,"Human Phenotype Ontology:HP:0009800,MONDO:MONDO:0005406,MedGen:C0085207|MedGen:C3661900|MONDO:MONDO:0015967,MedGen:C3888631,Orphanet:183625",Gestational diabetes|not provided|Monogenic diabetes,germline,germline,GRCh38,NC_000007.14,7,44145638,44145638,na,na,7p13,reviewed by expert panel,4,-,N,ClinGen:CA152950,2,129140,44145638,C,A,-,-,-,-,-,-,SCV004032073,-,-
134587,single nucleotide variant,NM_000162.5(GCK):c.31G>A (p.Ala11Thr),2645,GCK,HGNC:4195,Benign,0,"Oct 28, 2025",116093166,-,RCV000117128|RCV000428003|RCV000445425|RCV002321595,"MedGen:CN169374|MedGen:C3661900|MONDO:MONDO:0015967,MedGen:C3888631,Orphanet:183625|Human Phenotype Ontology:HP:0004904,MONDO:MONDO:0018911,MedGen:C0342276,OMIM:PS125850,Orphanet:552",not specified|not provided|Monogenic diabetes|Maturity-onset diabetes of the young,germline;unknown,germline,GRCh37,NC_000007.13,7,44228522,44228522,na,na,7p13,reviewed by expert panel,10,-,N,"ClinGen:CA152952,UniProtKB:P35557#VAR_010583",2,129141,44228522,C,T,-,-,-,-,-,-,SCV007095702,-,-
134587,single nucleotide variant,NM_000162.5(GCK):c.31G>A (p.Ala11Thr),2645,GCK,HGNC:4195,Benign,0,"Oct 28, 2025",116093166,-,RCV000117128|RCV000428003|RCV000445425|RCV002321595,"MedGen:CN169374|MedGen:C3661900|MONDO:MONDO:0015967,MedGen:C3888631,Orphanet:183625|Human Phenotype Ontology:HP:0004904,MONDO:MONDO:0018911,MedGen:C0342276,OMIM:PS125850,Orphanet:552",not specified|not provided|Monogenic diabetes|Maturity-onset diabetes of the young,germline;unknown,germline,GRCh38,NC_000007.14,7,44188923,44188923,na,na,7p13,reviewed by expert panel,10,-,N,"ClinGen:CA152952,UniProtKB:P35557#VAR_010583",2,129141,44188923,C,T,-,-,-,-,-,-,SCV007095702,-,-
134588,single nucleotide variant,NM_000162.5(GCK):c.449T>A (p.Phe150Tyr),2645,GCK,HGNC:4195,Pathogenic,1,"Jan 06, 2024",193922297,-,RCV000117129|RCV003226201,"MedGen:C3661900|MONDO:MONDO:0015967,MedGen:C3888631,Orphanet:183625",not provided|Monogenic diabetes,germline,germline,GRCh37,NC_000007.13,7,44190589,44190589,na,na,7p13,reviewed by expert panel,5,-,N,ClinGen:CA231135,2,129142,44190589,A,T,-,-,-,-,-,-,SCV004242363,-,-
134588,single nucleotide variant,NM_000162.5(GCK):c.449T>A (p.Phe150Tyr),2645,GCK,HGNC:4195,Pathogenic,1,"Jan 06, 2024",193922297,-,RCV000117129|RCV003226201,"MedGen:C3661900|MONDO:MONDO:0015967,MedGen:C3888631,Orphanet:183625",not provided|Monogenic diabetes,germline,germline,GRCh38,NC_000007.14,7,44150990,44150990,na,na,7p13,reviewed by expert panel,5,-,N,ClinGen:CA231135,2,129142,44150990,A,T,-,-,-,-,-,-,SCV004242363,-,-
134589,single nucleotide variant,NM_000162.5(GCK):c.523G>A (p.Gly175Arg),2645,GCK,HGNC:4195,Pathogenic,1,"Jul 30, 2023",587780344,-,RCV000117130|RCV002336252|RCV003318498,"MedGen:C3661900|Human Phenotype Ontology:HP:0004904,MONDO:MONDO:0018911,MedGen:C0342276,OMIM:PS125850,Orphanet:552|MONDO:MONDO:0015967,MedGen:C3888631,Orphanet:183625",not provided|Maturity-onset diabetes of the young|Monogenic diabetes,germline,germline,GRCh37,NC_000007.13,7,44189624,44189624,na,na,7p13,reviewed by expert panel,6,-,N,"ClinGen:CA231137,UniProtKB:P35557#VAR_003698",2,129143,44189624,C,T,-,-,-,-,-,-,SCV004022341,-,-
134589,single nucleotide variant,NM_000162.5(GCK):c.523G>A (p.Gly175Arg),2645,GCK,HGNC:4195,Pathogenic,1,"Jul 30, 2023",587780344,-,RCV000117130|RCV002336252|RCV003318498,"MedGen:C3661900|Human Phenotype Ontology:HP:0004904,MONDO:MONDO:0018911,MedGen:C0342276,OMIM:PS125850,Orphanet:552|MONDO:MONDO:0015967,MedGen:C3888631,Orphanet:183625",not provided|Maturity-onset diabetes of the young|Monogenic diabetes,germline,germline,GRCh38,NC_000007.14,7,44150025,44150025,na,na,7p13,reviewed by expert panel,6,-,N,"ClinGen:CA231137,UniProtKB:P35557#VAR_003698",2,129143,44150025,C,T,-,-,-,-,-,-,SCV004022341,-,-
134590,single nucleotide variant,NM_000162.5(GCK):c.544G>A (p.Val182Met),2645,GCK,HGNC:4195,Pathogenic,1,"Feb 07, 2025",587780345,-,RCV000117131|RCV000255191|RCV000763586|RCV001248908|RCV002345419|RCV005229917,"Human Phenotype Ontology:HP:0009800,MONDO:MONDO:0005406,MedGen:C0085207|MedGen:C3661900|MONDO:MONDO:0100164,MedGen:C1833104,OMIM:PS606176,Orphanet:99885;MONDO:MONDO:0007453,MedGen:C0342277,OMIM:125851,Orphanet:552;MONDO:MONDO:0011236,MedGen:C1865290,OMIM:602485,Orphanet:79299;Human Phenotype Ontology:HP:0005965,Human Phenotype Ontology:HP:0005978,Human Phenotype Ontology:HP:0100652,MONDO:MONDO:0005148,MeSH:D003924,MedGen:C0011860,OMIM:125853|MONDO:MONDO:0007453,MedGen:C0342277,OMIM:125851,Orphanet:552|Human Phenotype Ontology:HP:0004904,MONDO:MONDO:0018911,MedGen:C0342276,OMIM:PS125850,Orphanet:552|MONDO:MONDO:0015967,MedGen:C3888631,Orphanet:183625",Gestational diabetes|not provided|Permanent neonatal diabetes mellitus;Maturity-onset diabetes of the young type 2;Hyperinsulinism due to glucokinase deficiency;Type 2 diabetes mellitus|Maturity-onset diabetes of the young type 2|Maturity-onset diabetes of the young|Monogenic diabetes,germline;unknown,germline,GRCh37,NC_000007.13,7,44189603,44189603,na,na,7p13,reviewed by expert panel,14,-,N,"ClinGen:CA152954,UniProtKB:P35557#VAR_003699",2,129144,44189603,C,T,-,-,-,-,-,-,SCV005880147,-,-
134590,single nucleotide variant,NM_000162.5(GCK):c.544G>A (p.Val182Met),2645,GCK,HGNC:4195,Pathogenic,1,"Feb 07, 2025",587780345,-,RCV000117131|RCV000255191|RCV000763586|RCV001248908|RCV002345419|RCV005229917,"Human Phenotype Ontology:HP:0009800,MONDO:MONDO:0005406,MedGen:C0085207|MedGen:C3661900|MONDO:MONDO:0100164,MedGen:C1833104,OMIM:PS606176,Orphanet:99885;MONDO:MONDO:0007453,MedGen:C0342277,OMIM:125851,Orphanet:552;MONDO:MONDO:0011236,MedGen:C1865290,OMIM:602485,Orphanet:79299;Human Phenotype Ontology:HP:0005965,Human Phenotype Ontology:HP:0005978,Human Phenotype Ontology:HP:0100652,MONDO:MONDO:0005148,MeSH:D003924,MedGen:C0011860,OMIM:125853|MONDO:MONDO:0007453,MedGen:C0342277,OMIM:125851,Orphanet:552|Human Phenotype Ontology:HP:0004904,MONDO:MONDO:0018911,MedGen:C0342276,OMIM:PS125850,Orphanet:552|MONDO:MONDO:0015967,MedGen:C3888631,Orphanet:183625",Gestational diabetes|not provided|Permanent neonatal diabetes mellitus;Maturity-onset diabetes of the young type 2;Hyperinsulinism due to glucokinase deficiency;Type 2 diabetes mellitus|Maturity-onset diabetes of the young type 2|Maturity-onset diabetes of the young|Monogenic diabetes,germline;unknown,germline,GRCh38,NC_000007.14,7,44150004,44150004,na,na,7p13,reviewed by expert panel,14,-,N,"ClinGen:CA152954,UniProtKB:P35557#VAR_003699",2,129144,44150004,C,T,-,-,-,-,-,-,SCV005880147,-,-
134591,single nucleotide variant,NM_000162.5(GCK):c.616A>C (p.Thr206Pro),2645,GCK,HGNC:4195,Pathogenic/Likely pathogenic,1,"Jul 22, 2025",587780346,-,RCV000117132|RCV000497903|RCV001844042|RCV003343641,"Human Phenotype Ontology:HP:0009800,MONDO:MONDO:0005406,MedGen:C0085207|MedGen:C3661900|MONDO:MONDO:0015967,MedGen:C3888631,Orphanet:183625|Human Phenotype Ontology:HP:0004904,MONDO:MONDO:0018911,MedGen:C0342276,OMIM:PS125850,Orphanet:552",Gestational diabetes|not provided|Monogenic diabetes|Maturity-onset diabetes of the young,germline;unknown,germline,GRCh37,NC_000007.13,7,44189422,44189422,na,na,7p13,"criteria provided, multiple submitters, no conflicts",6,-,N,ClinGen:CA152955,2,129145,44189422,T,G,-,-,-,-,-,-,SCV000151293|SCV000589595|SCV001144025|SCV002103381|SCV004057902|SCV004295173,-,-
134591,single nucleotide variant,NM_000162.5(GCK):c.616A>C (p.Thr206Pro),2645,GCK,HGNC:4195,Pathogenic/Likely pathogenic,1,"Jul 22, 2025",587780346,-,RCV000117132|RCV000497903|RCV001844042|RCV003343641,"Human Phenotype Ontology:HP:0009800,MONDO:MONDO:0005406,MedGen:C0085207|MedGen:C3661900|MONDO:MONDO:0015967,MedGen:C3888631,Orphanet:183625|Human Phenotype Ontology:HP:0004904,MONDO:MONDO:0018911,MedGen:C0342276,OMIM:PS125850,Orphanet:552",Gestational diabetes|not provided|Monogenic diabetes|Maturity-onset diabetes of the young,germline;unknown,germline,GRCh38,NC_000007.14,7,44149823,44149823,na,na,7p13,"criteria provided, multiple submitters, no conflicts",6,-,N,ClinGen:CA152955,2,129145,44149823,T,G,-,-,-,-,-,-,SCV000151293|SCV000589595|SCV001144025|SCV002103381|SCV004057902|SCV004295173,-,-
134592,single nucleotide variant,NM_000162.5(GCK):c.706G>A (p.Glu236Lys),2645,GCK,HGNC:4195,Pathogenic,1,"Jul 23, 2013",587780347,-,RCV000117134,"Human Phenotype Ontology:HP:0009800,MONDO:MONDO:0005406,MedGen:C0085207",Gestational diabetes,germline,germline,GRCh37,NC_000007.13,7,44187406,44187406,na,na,7p13,"criteria provided, single submitter",1,-,N,ClinGen:CA152959,2,129146,44187406,C,T,-,-,-,-,-,-,SCV000151295,-,-
134592,single nucleotide variant,NM_000162.5(GCK):c.706G>A (p.Glu236Lys),2645,GCK,HGNC:4195,Pathogenic,1,"Jul 23, 2013",587780347,-,RCV000117134,"Human Phenotype Ontology:HP:0009800,MONDO:MONDO:0005406,MedGen:C0085207",Gestational diabetes,germline,germline,GRCh38,NC_000007.14,7,44147807,44147807,na,na,7p13,"criteria provided, single submitter",1,-,N,ClinGen:CA152959,2,129146,44147807,C,T,-,-,-,-,-,-,SCV000151295,-,-
134593,single nucleotide variant,NM_000162.5(GCK):c.1253+8C>T,2645,GCK,HGNC:4195,Benign,0,"Feb 04, 2026",2908274,-,RCV000117136|RCV000291162|RCV000285372|RCV000320390|RCV000377488|RCV001518341|RCV002227062,"MedGen:CN169374|MONDO:MONDO:0011236,MedGen:C1865290,OMIM:602485,Orphanet:79299|MONDO:MONDO:0007453,MedGen:C0342277,OMIM:125851,Orphanet:552||MONDO:MONDO:0100164,MedGen:C1833104,OMIM:PS606176,Orphanet:99885|MedGen:C3661900|Human Phenotype Ontology:HP:0004904,MONDO:MONDO:0018911,MedGen:C0342276,OMIM:PS125850,Orphanet:552","not specified|Hyperinsulinism due to glucokinase deficiency|Maturity-onset diabetes of the young type 2|Transient Neonatal Diabetes, Recessive|Permanent neonatal diabetes mellitus|not provided|Maturity-onset diabetes of the young",germline;somatic,germline/somatic,GRCh37,NC_000007.13,7,44185088,44185088,na,na,7p13,"criteria provided, multiple submitters, no conflicts",8,-,N,ClinGen:CA152963,2,129147,44185088,G,A,-,-,-,-,-,-,SCV000302762|SCV000469412|SCV000469413|SCV000469414|SCV000469415|SCV001727014|SCV001950587|SCV002506562|SCV002677004|SCV007302518,-,-
134593,single nucleotide variant,NM_000162.5(GCK):c.1253+8C>T,2645,GCK,HGNC:4195,Benign,0,"Feb 04, 2026",2908274,-,RCV000117136|RCV000291162|RCV000285372|RCV000320390|RCV000377488|RCV001518341|RCV002227062,"MedGen:CN169374|MONDO:MONDO:0011236,MedGen:C1865290,OMIM:602485,Orphanet:79299|MONDO:MONDO:0007453,MedGen:C0342277,OMIM:125851,Orphanet:552||MONDO:MONDO:0100164,MedGen:C1833104,OMIM:PS606176,Orphanet:99885|MedGen:C3661900|Human Phenotype Ontology:HP:0004904,MONDO:MONDO:0018911,MedGen:C0342276,OMIM:PS125850,Orphanet:552","not specified|Hyperinsulinism due to glucokinase deficiency|Maturity-onset diabetes of the young type 2|Transient Neonatal Diabetes, Recessive|Permanent neonatal diabetes mellitus|not provided|Maturity-onset diabetes of the young",germline;somatic,germline/somatic,GRCh38,NC_000007.14,7,44145489,44145489,na,na,7p13,"criteria provided, multiple submitters, no conflicts",8,-,N,ClinGen:CA152963,2,129147,44145489,G,A,-,-,-,-,-,-,SCV000302762|SCV000469412|SCV000469413|SCV000469414|SCV000469415|SCV001727014|SCV001950587|SCV002506562|SCV002677004|SCV007302518,-,-
167529,single nucleotide variant,NM_000352.6(ABCC8):c.1158C>T (p.Asn386=),6833,ABCC8,HGNC:59,Conflicting classifications of pathogenicity,0,"Jan 28, 2026",60824529,-,RCV000144976|RCV000276247|RCV000328896|RCV000367291|RCV000710370|RCV001826796|RCV002253239|RCV002259700,"MedGen:CN169374|MONDO:MONDO:0012480,MedGen:C1835887,OMIM:610374,Orphanet:99886|MONDO:MONDO:0100164,MedGen:C1833104,OMIM:PS606176,Orphanet:99885|MONDO:MONDO:0009734,MedGen:C2931832,OMIM:256450,Orphanet:276575,Orphanet:276598|MedGen:C3661900||Human Phenotype Ontology:HP:0004904,MONDO:MONDO:0018911,MedGen:C0342276,OMIM:PS125850,Orphanet:552|Human Phenotype Ontology:HP:0008255,MONDO:MONDO:0020525,MedGen:C0342273","not specified|Diabetes mellitus, transient neonatal, 2|Permanent neonatal diabetes mellitus|Hyperinsulinemic hypoglycemia, familial, 1|not provided|Hereditary hyperinsulinism|Maturity-onset diabetes of the young|Transitory neonatal diabetes mellitus",germline;unknown,germline,GRCh37,NC_000011.9,11,17474684,17474684,na,na,11p15.1,"criteria provided, conflicting classifications",9,-,N,ClinGen:CA171036,2,157681,17474684,G,A,-,-,-,-,-,-,SCV000303789|SCV000369389|SCV000369390|SCV000369391|SCV000840580|SCV001014221|SCV001838396|SCV002522592|SCV002522598|SCV007330753,-,-
167529,single nucleotide variant,NM_000352.6(ABCC8):c.1158C>T (p.Asn386=),6833,ABCC8,HGNC:59,Conflicting classifications of pathogenicity,0,"Jan 28, 2026",60824529,-,RCV000144976|RCV000276247|RCV000328896|RCV000367291|RCV000710370|RCV001826796|RCV002253239|RCV002259700,"MedGen:CN169374|MONDO:MONDO:0012480,MedGen:C1835887,OMIM:610374,Orphanet:99886|MONDO:MONDO:0100164,MedGen:C1833104,OMIM:PS606176,Orphanet:99885|MONDO:MONDO:0009734,MedGen:C2931832,OMIM:256450,Orphanet:276575,Orphanet:276598|MedGen:C3661900||Human Phenotype Ontology:HP:0004904,MONDO:MONDO:0018911,MedGen:C0342276,OMIM:PS125850,Orphanet:552|Human Phenotype Ontology:HP:0008255,MONDO:MONDO:0020525,MedGen:C0342273","not specified|Diabetes mellitus, transient neonatal, 2|Permanent neonatal diabetes mellitus|Hyperinsulinemic hypoglycemia, familial, 1|not provided|Hereditary hyperinsulinism|Maturity-onset diabetes of the young|Transitory neonatal diabetes mellitus",germline;unknown,germline,GRCh38,NC_000011.10,11,17453137,17453137,na,na,11p15.1,"criteria provided, conflicting classifications",9,-,N,ClinGen:CA171036,2,157681,17453137,G,A,-,-,-,-,-,-,SCV000303789|SCV000369389|SCV000369390|SCV000369391|SCV000840580|SCV001014221|SCV001838396|SCV002522592|SCV002522598|SCV007330753,-,-
167530,Deletion,NM_000352.6(ABCC8):c.1332+4del,6833,ABCC8,HGNC:59,Likely benign,0,"Jan 24, 2026",587783164,-,RCV001564174|RCV004700461|RCV004019761|RCV004577324,"MedGen:C3661900|MedGen:CN169374|MeSH:D030342,MedGen:C0950123|MONDO:MONDO:0009734,MedGen:C2931832,OMIM:256450,Orphanet:276575,Orphanet:276598","not provided|not specified|Inborn genetic diseases|Hyperinsulinemic hypoglycemia, familial, 1",germline,germline,GRCh37,NC_000011.9,11,17470059,17470059,na,na,11p15.1,"criteria provided, multiple submitters, no conflicts",8,-,N,ClinGen:CA270975,2,157682,17470058,AG,A,-,-,-,-,-,-,SCV001787295|SCV002490810|SCV004910935|SCV005205059|SCV006330118,-,-
167530,Deletion,NM_000352.6(ABCC8):c.1332+4del,6833,ABCC8,HGNC:59,Likely benign,0,"Jan 24, 2026",587783164,-,RCV001564174|RCV004700461|RCV004019761|RCV004577324,"MedGen:C3661900|MedGen:CN169374|MeSH:D030342,MedGen:C0950123|MONDO:MONDO:0009734,MedGen:C2931832,OMIM:256450,Orphanet:276575,Orphanet:276598","not provided|not specified|Inborn genetic diseases|Hyperinsulinemic hypoglycemia, familial, 1",germline,germline,GRCh38,NC_000011.10,11,17448512,17448512,na,na,11p15.1,"criteria provided, multiple submitters, no conflicts",8,-,N,ClinGen:CA270975,2,157682,17448511,AG,A,-,-,-,-,-,-,SCV001787295|SCV002490810|SCV004910935|SCV005205059|SCV006330118,-,-
167531,single nucleotide variant,NM_000352.6(ABCC8):c.1562G>A (p.Arg521Gln),6833,ABCC8,HGNC:59,Uncertain significance,1,"Jun 07, 2024",368114790,-,RCV000144978|RCV000722048|RCV001262624|RCV002298483|RCV002505120|RCV003447502|RCV005042284,"Human Phenotype Ontology:HP:0000819,Human Phenotype Ontology:HP:0004908,Human Phenotype Ontology:HP:0008217,Human Phenotype Ontology:HP:0008234,Human Phenotype Ontology:HP:0008260,MONDO:MONDO:0005015,MedGen:C0011849|MONDO:MONDO:0017182,MedGen:C3888018,Orphanet:276525|Human Phenotype Ontology:HP:0005965,Human Phenotype Ontology:HP:0005978,Human Phenotype Ontology:HP:0100652,MONDO:MONDO:0005148,MeSH:D003924,MedGen:C0011860,OMIM:125853|MedGen:CN169374|MedGen:C3661900|MONDO:MONDO:0009734,MedGen:C2931832,OMIM:256450,Orphanet:276575,Orphanet:276598|MONDO:MONDO:0012480,MedGen:C1835887,OMIM:610374,Orphanet:99886;MONDO:MONDO:0009734,MedGen:C2931832,OMIM:256450,Orphanet:276575,Orphanet:276598;MONDO:MONDO:0009415,MedGen:C0271714,OMIM:240800;MONDO:MONDO:0030088,MedGen:C5394303,OMIM:618857;Human Phenotype Ontology:HP:0005965,Human Phenotype Ontology:HP:0005978,Human Phenotype Ontology:HP:0100652,MONDO:MONDO:0005148,MeSH:D003924,MedGen:C0011860,OMIM:125853","Diabetes mellitus|Familial hyperinsulinism|Type 2 diabetes mellitus|not specified|not provided|Hyperinsulinemic hypoglycemia, familial, 1|Diabetes mellitus, transient neonatal, 2;Hyperinsulinemic hypoglycemia, familial, 1;Leucine-induced hypoglycemia;Diabetes mellitus, permanent neonatal 3;Type 2 diabetes mellitus",germline;unknown,germline,GRCh37,NC_000011.9,11,17464335,17464335,na,na,11p15.1,"criteria provided, multiple submitters, no conflicts",10,-,N,ClinGen:CA171039,2,157683,17464335,C,T,-,-,-,-,-,-,SCV000192014|SCV001440561|SCV002579575|SCV002598615|SCV002817243|SCV004026002|SCV004175695|SCV005080672|SCV005676397,-,-
167531,single nucleotide variant,NM_000352.6(ABCC8):c.1562G>A (p.Arg521Gln),6833,ABCC8,HGNC:59,Uncertain significance,1,"Jun 07, 2024",368114790,-,RCV000144978|RCV000722048|RCV001262624|RCV002298483|RCV002505120|RCV003447502|RCV005042284,"Human Phenotype Ontology:HP:0000819,Human Phenotype Ontology:HP:0004908,Human Phenotype Ontology:HP:0008217,Human Phenotype Ontology:HP:0008234,Human Phenotype Ontology:HP:0008260,MONDO:MONDO:0005015,MedGen:C0011849|MONDO:MONDO:0017182,MedGen:C3888018,Orphanet:276525|Human Phenotype Ontology:HP:0005965,Human Phenotype Ontology:HP:0005978,Human Phenotype Ontology:HP:0100652,MONDO:MONDO:0005148,MeSH:D003924,MedGen:C0011860,OMIM:125853|MedGen:CN169374|MedGen:C3661900|MONDO:MONDO:0009734,MedGen:C2931832,OMIM:256450,Orphanet:276575,Orphanet:276598|MONDO:MONDO:0012480,MedGen:C1835887,OMIM:610374,Orphanet:99886;MONDO:MONDO:0009734,MedGen:C2931832,OMIM:256450,Orphanet:276575,Orphanet:276598;MONDO:MONDO:0009415,MedGen:C0271714,OMIM:240800;MONDO:MONDO:0030088,MedGen:C5394303,OMIM:618857;Human Phenotype Ontology:HP:0005965,Human Phenotype Ontology:HP:0005978,Human Phenotype Ontology:HP:0100652,MONDO:MONDO:0005148,MeSH:D003924,MedGen:C0011860,OMIM:125853","Diabetes mellitus|Familial hyperinsulinism|Type 2 diabetes mellitus|not specified|not provided|Hyperinsulinemic hypoglycemia, familial, 1|Diabetes mellitus, transient neonatal, 2;Hyperinsulinemic hypoglycemia, familial, 1;Leucine-induced hypoglycemia;Diabetes mellitus, permanent neonatal 3;Type 2 diabetes mellitus",germline;unknown,germline,GRCh38,NC_000011.10,11,17442788,17442788,na,na,11p15.1,"criteria provided, multiple submitters, no conflicts",10,-,N,ClinGen:CA171039,2,157683,17442788,C,T,-,-,-,-,-,-,SCV000192014|SCV001440561|SCV002579575|SCV002598615|SCV002817243|SCV004026002|SCV004175695|SCV005080672|SCV005676397,-,-
167532,single nucleotide variant,NM_000352.6(ABCC8):c.1686C>T (p.His562=),6833,ABCC8,HGNC:59,Conflicting classifications of pathogenicity,0,"Feb 04, 2026",1799857,-,RCV000144979|RCV000302706|RCV000402117|RCV000576376|RCV001272238|RCV001533249|RCV001520136|RCV001533248|RCV002226677,"MedGen:CN169374|MONDO:MONDO:0012480,MedGen:C1835887,OMIM:610374,Orphanet:99886|MONDO:MONDO:0100164,MedGen:C1833104,OMIM:PS606176,Orphanet:99885|MONDO:MONDO:0009734,MedGen:C2931832,OMIM:256450,Orphanet:276575,Orphanet:276598||MONDO:MONDO:0030088,MedGen:C5394303,OMIM:618857|MedGen:C3661900|MONDO:MONDO:0009415,MedGen:C0271714,OMIM:240800|Human Phenotype Ontology:HP:0002181,MONDO:MONDO:0006684,MedGen:C0006114","not specified|Diabetes mellitus, transient neonatal, 2|Permanent neonatal diabetes mellitus|Hyperinsulinemic hypoglycemia, familial, 1|Hereditary hyperinsulinism|Diabetes mellitus, permanent neonatal 3|not provided|Leucine-induced hypoglycemia|Cerebral edema",germline;somatic;unknown,germline/somatic,GRCh37,NC_000011.9,11,17452492,17452492,na,na,11p15.1,"criteria provided, conflicting classifications",12,-,N,ClinGen:CA171042,2,157684,17452492,G,A,-,-,-,-,-,-,SCV000303791|SCV000369365|SCV000369366|SCV000369367|SCV000677115|SCV001729172|SCV001749055|SCV001749056|SCV001749057|SCV001749058|SCV001911548|SCV002505636|SCV007308866,-,-
167532,single nucleotide variant,NM_000352.6(ABCC8):c.1686C>T (p.His562=),6833,ABCC8,HGNC:59,Conflicting classifications of pathogenicity,0,"Feb 04, 2026",1799857,-,RCV000144979|RCV000302706|RCV000402117|RCV000576376|RCV001272238|RCV001533249|RCV001520136|RCV001533248|RCV002226677,"MedGen:CN169374|MONDO:MONDO:0012480,MedGen:C1835887,OMIM:610374,Orphanet:99886|MONDO:MONDO:0100164,MedGen:C1833104,OMIM:PS606176,Orphanet:99885|MONDO:MONDO:0009734,MedGen:C2931832,OMIM:256450,Orphanet:276575,Orphanet:276598||MONDO:MONDO:0030088,MedGen:C5394303,OMIM:618857|MedGen:C3661900|MONDO:MONDO:0009415,MedGen:C0271714,OMIM:240800|Human Phenotype Ontology:HP:0002181,MONDO:MONDO:0006684,MedGen:C0006114","not specified|Diabetes mellitus, transient neonatal, 2|Permanent neonatal diabetes mellitus|Hyperinsulinemic hypoglycemia, familial, 1|Hereditary hyperinsulinism|Diabetes mellitus, permanent neonatal 3|not provided|Leucine-induced hypoglycemia|Cerebral edema",germline;somatic;unknown,germline/somatic,GRCh38,NC_000011.10,11,17430945,17430945,na,na,11p15.1,"criteria provided, conflicting classifications",12,-,N,ClinGen:CA171042,2,157684,17430945,G,A,-,-,-,-,-,-,SCV000303791|SCV000369365|SCV000369366|SCV000369367|SCV000677115|SCV001729172|SCV001749055|SCV001749056|SCV001749057|SCV001749058|SCV001911548|SCV002505636|SCV007308866,-,-
167533,single nucleotide variant,NM_000352.6(ABCC8):c.1926C>G (p.Pro642=),6833,ABCC8,HGNC:59,Conflicting classifications of pathogenicity,0,"Jan 31, 2026",75376282,-,RCV000144980|RCV000289964|RCV000347248|RCV000381876|RCV000967194|RCV001272236|RCV002266926|RCV002266925|RCV002408645,"MedGen:CN169374|MONDO:MONDO:0012480,MedGen:C1835887,OMIM:610374,Orphanet:99886|MONDO:MONDO:0100164,MedGen:C1833104,OMIM:PS606176,Orphanet:99885|MONDO:MONDO:0009734,MedGen:C2931832,OMIM:256450,Orphanet:276575,Orphanet:276598|MedGen:C3661900||Human Phenotype Ontology:HP:0008255,MONDO:MONDO:0020525,MedGen:C0342273|Human Phenotype Ontology:HP:0004904,MONDO:MONDO:0018911,MedGen:C0342276,OMIM:PS125850,Orphanet:552|MeSH:D030342,MedGen:C0950123","not specified|Diabetes mellitus, transient neonatal, 2|Permanent neonatal diabetes mellitus|Hyperinsulinemic hypoglycemia, familial, 1|not provided|Hereditary hyperinsulinism|Transitory neonatal diabetes mellitus|Maturity-onset diabetes of the young|Inborn genetic diseases",germline;somatic;unknown,germline/somatic,GRCh37,NC_000011.9,11,17449950,17449950,na,na,11p15.1,"criteria provided, conflicting classifications",9,-,N,ClinGen:CA171045,2,157685,17449950,G,C,-,-,-,-,-,-,SCV000192016|SCV000303792|SCV000369356|SCV000369357|SCV000369358|SCV001114567|SCV001766993|SCV002522301|SCV002522302|SCV002720686|SCV005726661,-,-
167533,single nucleotide variant,NM_000352.6(ABCC8):c.1926C>G (p.Pro642=),6833,ABCC8,HGNC:59,Conflicting classifications of pathogenicity,0,"Jan 31, 2026",75376282,-,RCV000144980|RCV000289964|RCV000347248|RCV000381876|RCV000967194|RCV001272236|RCV002266926|RCV002266925|RCV002408645,"MedGen:CN169374|MONDO:MONDO:0012480,MedGen:C1835887,OMIM:610374,Orphanet:99886|MONDO:MONDO:0100164,MedGen:C1833104,OMIM:PS606176,Orphanet:99885|MONDO:MONDO:0009734,MedGen:C2931832,OMIM:256450,Orphanet:276575,Orphanet:276598|MedGen:C3661900||Human Phenotype Ontology:HP:0008255,MONDO:MONDO:0020525,MedGen:C0342273|Human Phenotype Ontology:HP:0004904,MONDO:MONDO:0018911,MedGen:C0342276,OMIM:PS125850,Orphanet:552|MeSH:D030342,MedGen:C0950123","not specified|Diabetes mellitus, transient neonatal, 2|Permanent neonatal diabetes mellitus|Hyperinsulinemic hypoglycemia, familial, 1|not provided|Hereditary hyperinsulinism|Transitory neonatal diabetes mellitus|Maturity-onset diabetes of the young|Inborn genetic diseases",germline;somatic;unknown,germline/somatic,GRCh38,NC_000011.10,11,17428403,17428403,na,na,11p15.1,"criteria provided, conflicting classifications",9,-,N,ClinGen:CA171045,2,157685,17428403,G,C,-,-,-,-,-,-,SCV000192016|SCV000303792|SCV000369356|SCV000369357|SCV000369358|SCV001114567|SCV001766993|SCV002522301|SCV002522302|SCV002720686|SCV005726661,-,-
167534,single nucleotide variant,NM_000352.6(ABCC8):c.1947G>A (p.Lys649=),6833,ABCC8,HGNC:59,Conflicting classifications of pathogenicity,0,"Feb 04, 2026",1799858,-,RCV000144981|RCV000286519|RCV000378609|RCV000576654|RCV001512802|RCV001533247|RCV001272235|RCV001533246|RCV002226678,"MedGen:CN169374|MONDO:MONDO:0100164,MedGen:C1833104,OMIM:PS606176,Orphanet:99885|MONDO:MONDO:0012480,MedGen:C1835887,OMIM:610374,Orphanet:99886|MONDO:MONDO:0009734,MedGen:C2931832,OMIM:256450,Orphanet:276575,Orphanet:276598|MedGen:C3661900|MONDO:MONDO:0030088,MedGen:C5394303,OMIM:618857||MONDO:MONDO:0009415,MedGen:C0271714,OMIM:240800|Human Phenotype Ontology:HP:0005965,Human Phenotype Ontology:HP:0005978,Human Phenotype Ontology:HP:0100652,MONDO:MONDO:0005148,MeSH:D003924,MedGen:C0011860,OMIM:125853","not specified|Permanent neonatal diabetes mellitus|Diabetes mellitus, transient neonatal, 2|Hyperinsulinemic hypoglycemia, familial, 1|not provided|Diabetes mellitus, permanent neonatal 3|Hereditary hyperinsulinism|Leucine-induced hypoglycemia|Type 2 diabetes mellitus",germline;somatic,germline/somatic,GRCh37,NC_000011.9,11,17449929,17449929,na,na,11p15.1,"criteria provided, conflicting classifications",10,-,N,ClinGen:CA171048,2,157686,17449929,C,T,-,-,-,-,-,-,SCV000226016|SCV000303793|SCV000369353|SCV000369354|SCV000369355|SCV000677116|SCV001720269|SCV001749051|SCV001749052|SCV001749053|SCV001749054|SCV001900670|SCV002505508,-,-
167534,single nucleotide variant,NM_000352.6(ABCC8):c.1947G>A (p.Lys649=),6833,ABCC8,HGNC:59,Conflicting classifications of pathogenicity,0,"Feb 04, 2026",1799858,-,RCV000144981|RCV000286519|RCV000378609|RCV000576654|RCV001512802|RCV001533247|RCV001272235|RCV001533246|RCV002226678,"MedGen:CN169374|MONDO:MONDO:0100164,MedGen:C1833104,OMIM:PS606176,Orphanet:99885|MONDO:MONDO:0012480,MedGen:C1835887,OMIM:610374,Orphanet:99886|MONDO:MONDO:0009734,MedGen:C2931832,OMIM:256450,Orphanet:276575,Orphanet:276598|MedGen:C3661900|MONDO:MONDO:0030088,MedGen:C5394303,OMIM:618857||MONDO:MONDO:0009415,MedGen:C0271714,OMIM:240800|Human Phenotype Ontology:HP:0005965,Human Phenotype Ontology:HP:0005978,Human Phenotype Ontology:HP:0100652,MONDO:MONDO:0005148,MeSH:D003924,MedGen:C0011860,OMIM:125853","not specified|Permanent neonatal diabetes mellitus|Diabetes mellitus, transient neonatal, 2|Hyperinsulinemic hypoglycemia, familial, 1|not provided|Diabetes mellitus, permanent neonatal 3|Hereditary hyperinsulinism|Leucine-induced hypoglycemia|Type 2 diabetes mellitus",germline;somatic,germline/somatic,GRCh38,NC_000011.10,11,17428382,17428382,na,na,11p15.1,"criteria provided, conflicting classifications",10,-,N,ClinGen:CA171048,2,157686,17428382,C,T,-,-,-,-,-,-,SCV000226016|SCV000303793|SCV000369353|SCV000369354|SCV000369355|SCV000677116|SCV001720269|SCV001749051|SCV001749052|SCV001749053|SCV001749054|SCV001900670|SCV002505508,-,-
167535,single nucleotide variant,NM_000352.6(ABCC8):c.207T>C (p.Pro69=),6833,ABCC8,HGNC:59,Conflicting classifications of pathogenicity,0,"Feb 04, 2026",1048099,-,RCV000144982|RCV000314568|RCV000334473|RCV000405380|RCV000576854|RCV001272249|RCV001533252|RCV001533269|RCV002226679,"MedGen:CN169374|MONDO:MONDO:0009734,MedGen:C2931832,OMIM:256450,Orphanet:276575,Orphanet:276598|MONDO:MONDO:0100164,MedGen:C1833104,OMIM:PS606176,Orphanet:99885|MONDO:MONDO:0012480,MedGen:C1835887,OMIM:610374,Orphanet:99886|MedGen:C3661900||MONDO:MONDO:0009415,MedGen:C0271714,OMIM:240800|MONDO:MONDO:0030088,MedGen:C5394303,OMIM:618857|Human Phenotype Ontology:HP:0000842,MONDO:MONDO:0002177,MedGen:C0020459","not specified|Hyperinsulinemic hypoglycemia, familial, 1|Permanent neonatal diabetes mellitus|Diabetes mellitus, transient neonatal, 2|not provided|Hereditary hyperinsulinism|Leucine-induced hypoglycemia|Diabetes mellitus, permanent neonatal 3|Hyperinsulinemia",germline;somatic,germline/somatic,GRCh37,NC_000011.9,11,17496516,17496516,na,na,11p15.1,"criteria provided, conflicting classifications",13,-,N,ClinGen:CA171051,2,157687,17496516,A,G,-,-,-,-,-,-,SCV000192018|SCV000227104|SCV000303794|SCV000369422|SCV000369423|SCV000369424|SCV000677117|SCV001720272|SCV001749063|SCV001749080|SCV001749081|SCV001749082|SCV001869180|SCV002505511|SCV007308868,-,-
167535,single nucleotide variant,NM_000352.6(ABCC8):c.207T>C (p.Pro69=),6833,ABCC8,HGNC:59,Conflicting classifications of pathogenicity,0,"Feb 04, 2026",1048099,-,RCV000144982|RCV000314568|RCV000334473|RCV000405380|RCV000576854|RCV001272249|RCV001533252|RCV001533269|RCV002226679,"MedGen:CN169374|MONDO:MONDO:0009734,MedGen:C2931832,OMIM:256450,Orphanet:276575,Orphanet:276598|MONDO:MONDO:0100164,MedGen:C1833104,OMIM:PS606176,Orphanet:99885|MONDO:MONDO:0012480,MedGen:C1835887,OMIM:610374,Orphanet:99886|MedGen:C3661900||MONDO:MONDO:0009415,MedGen:C0271714,OMIM:240800|MONDO:MONDO:0030088,MedGen:C5394303,OMIM:618857|Human Phenotype Ontology:HP:0000842,MONDO:MONDO:0002177,MedGen:C0020459","not specified|Hyperinsulinemic hypoglycemia, familial, 1|Permanent neonatal diabetes mellitus|Diabetes mellitus, transient neonatal, 2|not provided|Hereditary hyperinsulinism|Leucine-induced hypoglycemia|Diabetes mellitus, permanent neonatal 3|Hyperinsulinemia",germline;somatic,germline/somatic,GRCh38,NC_000011.10,11,17474969,17474969,na,na,11p15.1,"criteria provided, conflicting classifications",13,-,N,ClinGen:CA171051,2,157687,17474969,A,G,-,-,-,-,-,-,SCV000192018|SCV000227104|SCV000303794|SCV000369422|SCV000369423|SCV000369424|SCV000677117|SCV001720272|SCV001749063|SCV001749080|SCV001749081|SCV001749082|SCV001869180|SCV002505511|SCV007308868,-,-
167536,single nucleotide variant,NM_000352.6(ABCC8):c.2117-3C>T,6833,ABCC8,HGNC:59,Benign,0,"Feb 04, 2026",1799854,-,RCV000144983|RCV000306691|RCV000341582|RCV000396912|RCV000576400|RCV001277198|RCV001533235|RCV001533245|RCV002221499|RCV002498655|RCV005886984,"MedGen:CN169374|MONDO:MONDO:0100164,MedGen:C1833104,OMIM:PS606176,Orphanet:99885|MONDO:MONDO:0012480,MedGen:C1835887,OMIM:610374,Orphanet:99886|MONDO:MONDO:0009734,MedGen:C2931832,OMIM:256450,Orphanet:276575,Orphanet:276598|MedGen:C3661900||MONDO:MONDO:0009415,MedGen:C0271714,OMIM:240800|MONDO:MONDO:0030088,MedGen:C5394303,OMIM:618857|Human Phenotype Ontology:HP:0005965,Human Phenotype Ontology:HP:0005978,Human Phenotype Ontology:HP:0100652,MONDO:MONDO:0005148,MeSH:D003924,MedGen:C0011860,OMIM:125853|MONDO:MONDO:0012480,MedGen:C1835887,OMIM:610374,Orphanet:99886;MONDO:MONDO:0009734,MedGen:C2931832,OMIM:256450,Orphanet:276575,Orphanet:276598;MONDO:MONDO:0009415,MedGen:C0271714,OMIM:240800;MONDO:MONDO:0030088,MedGen:C5394303,OMIM:618857;Human Phenotype Ontology:HP:0005965,Human Phenotype Ontology:HP:0005978,Human Phenotype Ontology:HP:0100652,MONDO:MONDO:0005148,MeSH:D003924,MedGen:C0011860,OMIM:125853|MedGen:C0346153","not specified|Permanent neonatal diabetes mellitus|Diabetes mellitus, transient neonatal, 2|Hyperinsulinemic hypoglycemia, familial, 1|not provided|Hereditary hyperinsulinism|Leucine-induced hypoglycemia|Diabetes mellitus, permanent neonatal 3|Type 2 diabetes mellitus|Diabetes mellitus, transient neonatal, 2;Hyperinsulinemic hypoglycemia, familial, 1;Leucine-induced hypoglycemia;Diabetes mellitus, permanent neonatal 3;Type 2 diabetes mellitus|Familial cancer of breast",germline;not applicable;somatic;unknown,germline/somatic,GRCh37,NC_000011.9,11,17448704,17448704,na,na,11p15.1,"criteria provided, multiple submitters, no conflicts",14,-,N,ClinGen:CA171054,2,157688,17448704,G,A,-,-,-,-,-,-,SCV000226417|SCV000303796|SCV000369338|SCV000369339|SCV000369340|SCV000677118|SCV001720268|SCV001749031|SCV001749048|SCV001749049|SCV001749050|SCV001855636|SCV002807042|SCV005323572|SCV007308865,-,-
167536,single nucleotide variant,NM_000352.6(ABCC8):c.2117-3C>T,6833,ABCC8,HGNC:59,Benign,0,"Feb 04, 2026",1799854,-,RCV000144983|RCV000306691|RCV000341582|RCV000396912|RCV000576400|RCV001277198|RCV001533235|RCV001533245|RCV002221499|RCV002498655|RCV005886984,"MedGen:CN169374|MONDO:MONDO:0100164,MedGen:C1833104,OMIM:PS606176,Orphanet:99885|MONDO:MONDO:0012480,MedGen:C1835887,OMIM:610374,Orphanet:99886|MONDO:MONDO:0009734,MedGen:C2931832,OMIM:256450,Orphanet:276575,Orphanet:276598|MedGen:C3661900||MONDO:MONDO:0009415,MedGen:C0271714,OMIM:240800|MONDO:MONDO:0030088,MedGen:C5394303,OMIM:618857|Human Phenotype Ontology:HP:0005965,Human Phenotype Ontology:HP:0005978,Human Phenotype Ontology:HP:0100652,MONDO:MONDO:0005148,MeSH:D003924,MedGen:C0011860,OMIM:125853|MONDO:MONDO:0012480,MedGen:C1835887,OMIM:610374,Orphanet:99886;MONDO:MONDO:0009734,MedGen:C2931832,OMIM:256450,Orphanet:276575,Orphanet:276598;MONDO:MONDO:0009415,MedGen:C0271714,OMIM:240800;MONDO:MONDO:0030088,MedGen:C5394303,OMIM:618857;Human Phenotype Ontology:HP:0005965,Human Phenotype Ontology:HP:0005978,Human Phenotype Ontology:HP:0100652,MONDO:MONDO:0005148,MeSH:D003924,MedGen:C0011860,OMIM:125853|MedGen:C0346153","not specified|Permanent neonatal diabetes mellitus|Diabetes mellitus, transient neonatal, 2|Hyperinsulinemic hypoglycemia, familial, 1|not provided|Hereditary hyperinsulinism|Leucine-induced hypoglycemia|Diabetes mellitus, permanent neonatal 3|Type 2 diabetes mellitus|Diabetes mellitus, transient neonatal, 2;Hyperinsulinemic hypoglycemia, familial, 1;Leucine-induced hypoglycemia;Diabetes mellitus, permanent neonatal 3;Type 2 diabetes mellitus|Familial cancer of breast",germline;not applicable;somatic;unknown,germline/somatic,GRCh38,NC_000011.10,11,17427157,17427157,na,na,11p15.1,"criteria provided, multiple submitters, no conflicts",14,-,N,ClinGen:CA171054,2,157688,17427157,G,A,-,-,-,-,-,-,SCV000226417|SCV000303796|SCV000369338|SCV000369339|SCV000369340|SCV000677118|SCV001720268|SCV001749031|SCV001749048|SCV001749049|SCV001749050|SCV001855636|SCV002807042|SCV005323572|SCV007308865,-,-
167537,single nucleotide variant,NM_000352.6(ABCC8):c.2277C>T (p.Thr759=),6833,ABCC8,HGNC:59,Benign/Likely benign,0,"Feb 04, 2026",1801261,-,RCV000144984|RCV000260391|RCV000333350|RCV000387837|RCV000710377|RCV001277197|RCV002444599,"MedGen:CN169374|MONDO:MONDO:0012480,MedGen:C1835887,OMIM:610374,Orphanet:99886|MONDO:MONDO:0009734,MedGen:C2931832,OMIM:256450,Orphanet:276575,Orphanet:276598|MONDO:MONDO:0100164,MedGen:C1833104,OMIM:PS606176,Orphanet:99885|MedGen:C3661900||MeSH:D030342,MedGen:C0950123","not specified|Diabetes mellitus, transient neonatal, 2|Hyperinsulinemic hypoglycemia, familial, 1|Permanent neonatal diabetes mellitus|not provided|Hereditary hyperinsulinism|Inborn genetic diseases",germline,germline,GRCh37,NC_000011.9,11,17436865,17436865,na,na,11p15.1,"criteria provided, multiple submitters, no conflicts",9,-,N,ClinGen:CA171055,2,157689,17436865,G,A,-,-,-,-,-,-,SCV000192020|SCV000303797|SCV000369329|SCV000369330|SCV000369331|SCV000840587|SCV001720267|SCV001950499|SCV002734064|SCV005221373,-,-
167537,single nucleotide variant,NM_000352.6(ABCC8):c.2277C>T (p.Thr759=),6833,ABCC8,HGNC:59,Benign/Likely benign,0,"Feb 04, 2026",1801261,-,RCV000144984|RCV000260391|RCV000333350|RCV000387837|RCV000710377|RCV001277197|RCV002444599,"MedGen:CN169374|MONDO:MONDO:0012480,MedGen:C1835887,OMIM:610374,Orphanet:99886|MONDO:MONDO:0009734,MedGen:C2931832,OMIM:256450,Orphanet:276575,Orphanet:276598|MONDO:MONDO:0100164,MedGen:C1833104,OMIM:PS606176,Orphanet:99885|MedGen:C3661900||MeSH:D030342,MedGen:C0950123","not specified|Diabetes mellitus, transient neonatal, 2|Hyperinsulinemic hypoglycemia, familial, 1|Permanent neonatal diabetes mellitus|not provided|Hereditary hyperinsulinism|Inborn genetic diseases",germline,germline,GRCh38,NC_000011.10,11,17415318,17415318,na,na,11p15.1,"criteria provided, multiple submitters, no conflicts",9,-,N,ClinGen:CA171055,2,157689,17415318,G,A,-,-,-,-,-,-,SCV000192020|SCV000303797|SCV000369329|SCV000369330|SCV000369331|SCV000840587|SCV001720267|SCV001950499|SCV002734064|SCV005221373,-,-
167538,single nucleotide variant,NM_000352.6(ABCC8):c.2292-34T>C,6833,ABCC8,HGNC:59,Benign,0,"Aug 09, 2018",1800852,-,RCV000144985|RCV001689678,MedGen:CN169374|MedGen:C3661900,not specified|not provided,germline,germline,GRCh37,NC_000011.9,11,17436191,17436191,na,na,11p15.1,"criteria provided, multiple submitters, no conflicts",3,-,N,ClinGen:CA171058,2,157690,17436191,A,G,-,-,-,-,-,-,SCV001913947|SCV005323567,-,-
167538,single nucleotide variant,NM_000352.6(ABCC8):c.2292-34T>C,6833,ABCC8,HGNC:59,Benign,0,"Aug 09, 2018",1800852,-,RCV000144985|RCV001689678,MedGen:CN169374|MedGen:C3661900,not specified|not provided,germline,germline,GRCh38,NC_000011.10,11,17414644,17414644,na,na,11p15.1,"criteria provided, multiple submitters, no conflicts",3,-,N,ClinGen:CA171058,2,157690,17414644,A,G,-,-,-,-,-,-,SCV001913947|SCV005323567,-,-
167539,single nucleotide variant,NM_000352.6(ABCC8):c.2485C>T (p.Leu829=),6833,ABCC8,HGNC:59,Benign,0,"Feb 04, 2026",1805036,-,RCV000144986|RCV000304886|RCV000364184|RCV000576603|RCV001277196|RCV001533281|RCV001520135|RCV001533280|RCV002226680,"MedGen:CN169374|MONDO:MONDO:0012480,MedGen:C1835887,OMIM:610374,Orphanet:99886|MONDO:MONDO:0100164,MedGen:C1833104,OMIM:PS606176,Orphanet:99885|MONDO:MONDO:0009734,MedGen:C2931832,OMIM:256450,Orphanet:276575,Orphanet:276598||MONDO:MONDO:0030088,MedGen:C5394303,OMIM:618857|MedGen:C3661900|MONDO:MONDO:0009415,MedGen:C0271714,OMIM:240800|Human Phenotype Ontology:HP:0001998,MedGen:C0158986","not specified|Diabetes mellitus, transient neonatal, 2|Permanent neonatal diabetes mellitus|Hyperinsulinemic hypoglycemia, familial, 1|Hereditary hyperinsulinism|Diabetes mellitus, permanent neonatal 3|not provided|Leucine-induced hypoglycemia|Neonatal hypoglycemia",germline;somatic,germline/somatic,GRCh37,NC_000011.9,11,17434284,17434284,na,na,11p15.1,"criteria provided, multiple submitters, no conflicts",10,-,N,ClinGen:CA171059,2,157691,17434284,G,A,-,-,-,-,-,-,SCV000303799|SCV000369323|SCV000369324|SCV000369325|SCV000677119|SCV001729171|SCV001749094|SCV001749095|SCV001749096|SCV001749097|SCV001847323|SCV002505637|SCV005323565,-,-
167539,single nucleotide variant,NM_000352.6(ABCC8):c.2485C>T (p.Leu829=),6833,ABCC8,HGNC:59,Benign,0,"Feb 04, 2026",1805036,-,RCV000144986|RCV000304886|RCV000364184|RCV000576603|RCV001277196|RCV001533281|RCV001520135|RCV001533280|RCV002226680,"MedGen:CN169374|MONDO:MONDO:0012480,MedGen:C1835887,OMIM:610374,Orphanet:99886|MONDO:MONDO:0100164,MedGen:C1833104,OMIM:PS606176,Orphanet:99885|MONDO:MONDO:0009734,MedGen:C2931832,OMIM:256450,Orphanet:276575,Orphanet:276598||MONDO:MONDO:0030088,MedGen:C5394303,OMIM:618857|MedGen:C3661900|MONDO:MONDO:0009415,MedGen:C0271714,OMIM:240800|Human Phenotype Ontology:HP:0001998,MedGen:C0158986","not specified|Diabetes mellitus, transient neonatal, 2|Permanent neonatal diabetes mellitus|Hyperinsulinemic hypoglycemia, familial, 1|Hereditary hyperinsulinism|Diabetes mellitus, permanent neonatal 3|not provided|Leucine-induced hypoglycemia|Neonatal hypoglycemia",germline;somatic,germline/somatic,GRCh38,NC_000011.10,11,17412737,17412737,na,na,11p15.1,"criteria provided, multiple submitters, no conflicts",10,-,N,ClinGen:CA171059,2,157691,17412737,G,A,-,-,-,-,-,-,SCV000303799|SCV000369323|SCV000369324|SCV000369325|SCV000677119|SCV001729171|SCV001749094|SCV001749095|SCV001749096|SCV001749097|SCV001847323|SCV002505637|SCV005323565,-,-
167540,single nucleotide variant,NM_000352.6(ABCC8):c.2538C>T (p.His846=),6833,ABCC8,HGNC:59,Conflicting classifications of pathogenicity,0,"Feb 04, 2026",73423037,-,RCV000144987|RCV000279197|RCV000338883|RCV000396687|RCV000865324|RCV002243799|RCV002243798,"MedGen:CN169374|MONDO:MONDO:0100164,MedGen:C1833104,OMIM:PS606176,Orphanet:99885|MONDO:MONDO:0009734,MedGen:C2931832,OMIM:256450,Orphanet:276575,Orphanet:276598|MONDO:MONDO:0012480,MedGen:C1835887,OMIM:610374,Orphanet:99886|MedGen:C3661900|Human Phenotype Ontology:HP:0008255,MONDO:MONDO:0020525,MedGen:C0342273|Human Phenotype Ontology:HP:0004904,MONDO:MONDO:0018911,MedGen:C0342276,OMIM:PS125850,Orphanet:552","not specified|Permanent neonatal diabetes mellitus|Hyperinsulinemic hypoglycemia, familial, 1|Diabetes mellitus, transient neonatal, 2|not provided|Transitory neonatal diabetes mellitus|Maturity-onset diabetes of the young",germline;somatic,germline/somatic,GRCh37,NC_000011.9,11,17434231,17434231,na,na,11p15.1,"criteria provided, conflicting classifications",7,-,N,ClinGen:CA171062,2,157692,17434231,G,A,-,-,-,-,-,-,SCV000192023|SCV000303800|SCV000369317|SCV000369318|SCV000369319|SCV001006269|SCV001863345|SCV002515467|SCV002515468|SCV004564734,-,-
167540,single nucleotide variant,NM_000352.6(ABCC8):c.2538C>T (p.His846=),6833,ABCC8,HGNC:59,Conflicting classifications of pathogenicity,0,"Feb 04, 2026",73423037,-,RCV000144987|RCV000279197|RCV000338883|RCV000396687|RCV000865324|RCV002243799|RCV002243798,"MedGen:CN169374|MONDO:MONDO:0100164,MedGen:C1833104,OMIM:PS606176,Orphanet:99885|MONDO:MONDO:0009734,MedGen:C2931832,OMIM:256450,Orphanet:276575,Orphanet:276598|MONDO:MONDO:0012480,MedGen:C1835887,OMIM:610374,Orphanet:99886|MedGen:C3661900|Human Phenotype Ontology:HP:0008255,MONDO:MONDO:0020525,MedGen:C0342273|Human Phenotype Ontology:HP:0004904,MONDO:MONDO:0018911,MedGen:C0342276,OMIM:PS125850,Orphanet:552","not specified|Permanent neonatal diabetes mellitus|Hyperinsulinemic hypoglycemia, familial, 1|Diabetes mellitus, transient neonatal, 2|not provided|Transitory neonatal diabetes mellitus|Maturity-onset diabetes of the young",germline;somatic,germline/somatic,GRCh38,NC_000011.10,11,17412684,17412684,na,na,11p15.1,"criteria provided, conflicting classifications",7,-,N,ClinGen:CA171062,2,157692,17412684,G,A,-,-,-,-,-,-,SCV000192023|SCV000303800|SCV000369317|SCV000369318|SCV000369319|SCV001006269|SCV001863345|SCV002515467|SCV002515468|SCV004564734,-,-
167541,single nucleotide variant,NM_000352.6(ABCC8):c.2556+22G>A,6833,ABCC8,HGNC:59,Conflicting classifications of pathogenicity,0,"Dec 12, 2018",73423036,-,RCV000144988|RCV001565995|RCV002251735|RCV002251736,"MedGen:CN169374|MedGen:C3661900|Human Phenotype Ontology:HP:0004904,MONDO:MONDO:0018911,MedGen:C0342276,OMIM:PS125850,Orphanet:552|Human Phenotype Ontology:HP:0008255,MONDO:MONDO:0020525,MedGen:C0342273",not specified|not provided|Maturity-onset diabetes of the young|Transitory neonatal diabetes mellitus,germline;unknown,germline,GRCh37,NC_000011.9,11,17434191,17434191,na,na,11p15.1,"criteria provided, conflicting classifications",3,-,N,ClinGen:CA171065,2,157693,17434191,C,T,-,-,-,-,-,-,SCV001789454|SCV002522152|SCV002522153,-,-
167541,single nucleotide variant,NM_000352.6(ABCC8):c.2556+22G>A,6833,ABCC8,HGNC:59,Conflicting classifications of pathogenicity,0,"Dec 12, 2018",73423036,-,RCV000144988|RCV001565995|RCV002251735|RCV002251736,"MedGen:CN169374|MedGen:C3661900|Human Phenotype Ontology:HP:0004904,MONDO:MONDO:0018911,MedGen:C0342276,OMIM:PS125850,Orphanet:552|Human Phenotype Ontology:HP:0008255,MONDO:MONDO:0020525,MedGen:C0342273",not specified|not provided|Maturity-onset diabetes of the young|Transitory neonatal diabetes mellitus,germline;unknown,germline,GRCh38,NC_000011.10,11,17412644,17412644,na,na,11p15.1,"criteria provided, conflicting classifications",3,-,N,ClinGen:CA171065,2,157693,17412644,C,T,-,-,-,-,-,-,SCV001789454|SCV002522152|SCV002522153,-,-
167542,single nucleotide variant,NM_000352.6(ABCC8):c.2820+17A>G,6833,ABCC8,HGNC:59,Conflicting classifications of pathogenicity,0,"Feb 04, 2026",2106865,-,RCV000144989|RCV000576868|RCV001533276|RCV001533277|RCV001533278|RCV001533279|RCV002251435|RCV002273961,"MedGen:CN169374|MedGen:C3661900|MONDO:MONDO:0009415,MedGen:C0271714,OMIM:240800|MONDO:MONDO:0009734,MedGen:C2931832,OMIM:256450,Orphanet:276575,Orphanet:276598|MONDO:MONDO:0012480,MedGen:C1835887,OMIM:610374,Orphanet:99886|MONDO:MONDO:0030088,MedGen:C5394303,OMIM:618857|Human Phenotype Ontology:HP:0004904,MONDO:MONDO:0018911,MedGen:C0342276,OMIM:PS125850,Orphanet:552|Human Phenotype Ontology:HP:0008255,MONDO:MONDO:0020525,MedGen:C0342273","not specified|not provided|Leucine-induced hypoglycemia|Hyperinsulinemic hypoglycemia, familial, 1|Diabetes mellitus, transient neonatal, 2|Diabetes mellitus, permanent neonatal 3|Maturity-onset diabetes of the young|Transitory neonatal diabetes mellitus",germline;unknown,germline,GRCh37,NC_000011.9,11,17429922,17429922,na,na,11p15.1,"criteria provided, conflicting classifications",10,-,N,ClinGen:CA171066,2,157694,17429922,T,C,-,-,-,-,-,-,SCV000303801|SCV000677120|SCV001729170|SCV001749090|SCV001749091|SCV001749092|SCV001749093|SCV001857809|SCV002521952|SCV002521953|SCV007308864,-,-
167542,single nucleotide variant,NM_000352.6(ABCC8):c.2820+17A>G,6833,ABCC8,HGNC:59,Conflicting classifications of pathogenicity,0,"Feb 04, 2026",2106865,-,RCV000144989|RCV000576868|RCV001533276|RCV001533277|RCV001533278|RCV001533279|RCV002251435|RCV002273961,"MedGen:CN169374|MedGen:C3661900|MONDO:MONDO:0009415,MedGen:C0271714,OMIM:240800|MONDO:MONDO:0009734,MedGen:C2931832,OMIM:256450,Orphanet:276575,Orphanet:276598|MONDO:MONDO:0012480,MedGen:C1835887,OMIM:610374,Orphanet:99886|MONDO:MONDO:0030088,MedGen:C5394303,OMIM:618857|Human Phenotype Ontology:HP:0004904,MONDO:MONDO:0018911,MedGen:C0342276,OMIM:PS125850,Orphanet:552|Human Phenotype Ontology:HP:0008255,MONDO:MONDO:0020525,MedGen:C0342273","not specified|not provided|Leucine-induced hypoglycemia|Hyperinsulinemic hypoglycemia, familial, 1|Diabetes mellitus, transient neonatal, 2|Diabetes mellitus, permanent neonatal 3|Maturity-onset diabetes of the young|Transitory neonatal diabetes mellitus",germline;unknown,germline,GRCh38,NC_000011.10,11,17408375,17408375,na,na,11p15.1,"criteria provided, conflicting classifications",10,-,N,ClinGen:CA171066,2,157694,17408375,T,C,-,-,-,-,-,-,SCV000303801|SCV000677120|SCV001729170|SCV001749090|SCV001749091|SCV001749092|SCV001749093|SCV001857809|SCV002521952|SCV002521953|SCV007308864,-,-
167543,single nucleotide variant,NM_000352.6(ABCC8):c.330C>T (p.Ala110=),6833,ABCC8,HGNC:59,Benign/Likely benign,0,"Feb 04, 2026",8192695,-,RCV000144990|RCV000288454|RCV000345830|RCV000380609|RCV001522068|RCV001831928|RCV002492525|RCV002226681|RCV002321619,"MedGen:CN169374|MONDO:MONDO:0012480,MedGen:C1835887,OMIM:610374,Orphanet:99886|MONDO:MONDO:0100164,MedGen:C1833104,OMIM:PS606176,Orphanet:99885|MONDO:MONDO:0009734,MedGen:C2931832,OMIM:256450,Orphanet:276575,Orphanet:276598|MedGen:C3661900||MONDO:MONDO:0012480,MedGen:C1835887,OMIM:610374,Orphanet:99886;MONDO:MONDO:0009734,MedGen:C2931832,OMIM:256450,Orphanet:276575,Orphanet:276598;MONDO:MONDO:0009415,MedGen:C0271714,OMIM:240800;MONDO:MONDO:0030088,MedGen:C5394303,OMIM:618857;Human Phenotype Ontology:HP:0005965,Human Phenotype Ontology:HP:0005978,Human Phenotype Ontology:HP:0100652,MONDO:MONDO:0005148,MeSH:D003924,MedGen:C0011860,OMIM:125853|Human Phenotype Ontology:HP:0005965,Human Phenotype Ontology:HP:0005978,Human Phenotype Ontology:HP:0100652,MONDO:MONDO:0005148,MeSH:D003924,MedGen:C0011860,OMIM:125853|MeSH:D030342,MedGen:C0950123","not specified|Diabetes mellitus, transient neonatal, 2|Permanent neonatal diabetes mellitus|Hyperinsulinemic hypoglycemia, familial, 1|not provided|Hereditary hyperinsulinism|Diabetes mellitus, transient neonatal, 2;Hyperinsulinemic hypoglycemia, familial, 1;Leucine-induced hypoglycemia;Diabetes mellitus, permanent neonatal 3;Type 2 diabetes mellitus|Type 2 diabetes mellitus|Inborn genetic diseases",germline;somatic;unknown,germline/somatic,GRCh37,NC_000011.9,11,17491730,17491730,na,na,11p15.1,"criteria provided, multiple submitters, no conflicts",10,-,N,ClinGen:CA171067,2,157695,17491730,G,A,-,-,-,-,-,-,SCV000303802|SCV000369416|SCV000369417|SCV000369418|SCV001731535|SCV001831356|SCV002505506|SCV002605758|SCV002804248|SCV005323586,-,-
167543,single nucleotide variant,NM_000352.6(ABCC8):c.330C>T (p.Ala110=),6833,ABCC8,HGNC:59,Benign/Likely benign,0,"Feb 04, 2026",8192695,-,RCV000144990|RCV000288454|RCV000345830|RCV000380609|RCV001522068|RCV001831928|RCV002492525|RCV002226681|RCV002321619,"MedGen:CN169374|MONDO:MONDO:0012480,MedGen:C1835887,OMIM:610374,Orphanet:99886|MONDO:MONDO:0100164,MedGen:C1833104,OMIM:PS606176,Orphanet:99885|MONDO:MONDO:0009734,MedGen:C2931832,OMIM:256450,Orphanet:276575,Orphanet:276598|MedGen:C3661900||MONDO:MONDO:0012480,MedGen:C1835887,OMIM:610374,Orphanet:99886;MONDO:MONDO:0009734,MedGen:C2931832,OMIM:256450,Orphanet:276575,Orphanet:276598;MONDO:MONDO:0009415,MedGen:C0271714,OMIM:240800;MONDO:MONDO:0030088,MedGen:C5394303,OMIM:618857;Human Phenotype Ontology:HP:0005965,Human Phenotype Ontology:HP:0005978,Human Phenotype Ontology:HP:0100652,MONDO:MONDO:0005148,MeSH:D003924,MedGen:C0011860,OMIM:125853|Human Phenotype Ontology:HP:0005965,Human Phenotype Ontology:HP:0005978,Human Phenotype Ontology:HP:0100652,MONDO:MONDO:0005148,MeSH:D003924,MedGen:C0011860,OMIM:125853|MeSH:D030342,MedGen:C0950123","not specified|Diabetes mellitus, transient neonatal, 2|Permanent neonatal diabetes mellitus|Hyperinsulinemic hypoglycemia, familial, 1|not provided|Hereditary hyperinsulinism|Diabetes mellitus, transient neonatal, 2;Hyperinsulinemic hypoglycemia, familial, 1;Leucine-induced hypoglycemia;Diabetes mellitus, permanent neonatal 3;Type 2 diabetes mellitus|Type 2 diabetes mellitus|Inborn genetic diseases",germline;somatic;unknown,germline/somatic,GRCh38,NC_000011.10,11,17470183,17470183,na,na,11p15.1,"criteria provided, multiple submitters, no conflicts",10,-,N,ClinGen:CA171067,2,157695,17470183,G,A,-,-,-,-,-,-,SCV000303802|SCV000369416|SCV000369417|SCV000369418|SCV001731535|SCV001831356|SCV002505506|SCV002605758|SCV002804248|SCV005323586,-,-
167544,Deletion,NM_000352.6(ABCC8):c.3509del (p.Leu1170fs),6833,ABCC8,HGNC:59,Pathogenic,1,"Dec 30, 2025",587783169,-,RCV000144992|RCV001070454|RCV001251322|RCV001277189|RCV003467205|RCV005049430,"MONDO:MONDO:0009734,MedGen:C2931832,OMIM:256450,Orphanet:276575,Orphanet:276598|MedGen:C3661900|MONDO:MONDO:0017182,MedGen:C3888018,Orphanet:276525||Human Phenotype Ontology:HP:0005965,Human Phenotype Ontology:HP:0005978,Human Phenotype Ontology:HP:0100652,MONDO:MONDO:0005148,MeSH:D003924,MedGen:C0011860,OMIM:125853|MONDO:MONDO:0012480,MedGen:C1835887,OMIM:610374,Orphanet:99886;MONDO:MONDO:0009734,MedGen:C2931832,OMIM:256450,Orphanet:276575,Orphanet:276598;MONDO:MONDO:0009415,MedGen:C0271714,OMIM:240800;MONDO:MONDO:0030088,MedGen:C5394303,OMIM:618857;Human Phenotype Ontology:HP:0005965,Human Phenotype Ontology:HP:0005978,Human Phenotype Ontology:HP:0100652,MONDO:MONDO:0005148,MeSH:D003924,MedGen:C0011860,OMIM:125853","Hyperinsulinemic hypoglycemia, familial, 1|not provided|Familial hyperinsulinism|Hereditary hyperinsulinism|Type 2 diabetes mellitus|Diabetes mellitus, transient neonatal, 2;Hyperinsulinemic hypoglycemia, familial, 1;Leucine-induced hypoglycemia;Diabetes mellitus, permanent neonatal 3;Type 2 diabetes mellitus",germline;unknown,germline,GRCh37,NC_000011.9,11,17426107,17426107,na,na,11p15.1,"criteria provided, multiple submitters, no conflicts",8,-,N,ClinGen:CA270976,2,157696,17426106,CA,C,-,-,-,-,-,-,SCV000192028|SCV001235686|SCV001426874|SCV004192609|SCV005681097|SCV006079756,-,-
167544,Deletion,NM_000352.6(ABCC8):c.3509del (p.Leu1170fs),6833,ABCC8,HGNC:59,Pathogenic,1,"Dec 30, 2025",587783169,-,RCV000144992|RCV001070454|RCV001251322|RCV001277189|RCV003467205|RCV005049430,"MONDO:MONDO:0009734,MedGen:C2931832,OMIM:256450,Orphanet:276575,Orphanet:276598|MedGen:C3661900|MONDO:MONDO:0017182,MedGen:C3888018,Orphanet:276525||Human Phenotype Ontology:HP:0005965,Human Phenotype Ontology:HP:0005978,Human Phenotype Ontology:HP:0100652,MONDO:MONDO:0005148,MeSH:D003924,MedGen:C0011860,OMIM:125853|MONDO:MONDO:0012480,MedGen:C1835887,OMIM:610374,Orphanet:99886;MONDO:MONDO:0009734,MedGen:C2931832,OMIM:256450,Orphanet:276575,Orphanet:276598;MONDO:MONDO:0009415,MedGen:C0271714,OMIM:240800;MONDO:MONDO:0030088,MedGen:C5394303,OMIM:618857;Human Phenotype Ontology:HP:0005965,Human Phenotype Ontology:HP:0005978,Human Phenotype Ontology:HP:0100652,MONDO:MONDO:0005148,MeSH:D003924,MedGen:C0011860,OMIM:125853","Hyperinsulinemic hypoglycemia, familial, 1|not provided|Familial hyperinsulinism|Hereditary hyperinsulinism|Type 2 diabetes mellitus|Diabetes mellitus, transient neonatal, 2;Hyperinsulinemic hypoglycemia, familial, 1;Leucine-induced hypoglycemia;Diabetes mellitus, permanent neonatal 3;Type 2 diabetes mellitus",germline;unknown,germline,GRCh38,NC_000011.10,11,17404560,17404560,na,na,11p15.1,"criteria provided, multiple submitters, no conflicts",8,-,N,ClinGen:CA270976,2,157696,17404559,CA,C,-,-,-,-,-,-,SCV000192028|SCV001235686|SCV001426874|SCV004192609|SCV005681097|SCV006079756,-,-
167545,single nucleotide variant,NM_000352.6(ABCC8):c.3612C>T (p.Ala1204=),6833,ABCC8,HGNC:59,Conflicting classifications of pathogenicity,0,"Feb 04, 2026",149861153,-,RCV000144993|RCV000283418|RCV000337179|RCV000377901|RCV000710381|RCV001277188|RCV002243801|RCV002243800|RCV002453465,"MedGen:CN169374|MONDO:MONDO:0100164,MedGen:C1833104,OMIM:PS606176,Orphanet:99885|MONDO:MONDO:0012480,MedGen:C1835887,OMIM:610374,Orphanet:99886|MONDO:MONDO:0009734,MedGen:C2931832,OMIM:256450,Orphanet:276575,Orphanet:276598|MedGen:C3661900||Human Phenotype Ontology:HP:0008255,MONDO:MONDO:0020525,MedGen:C0342273|Human Phenotype Ontology:HP:0004904,MONDO:MONDO:0018911,MedGen:C0342276,OMIM:PS125850,Orphanet:552|MeSH:D030342,MedGen:C0950123","not specified|Permanent neonatal diabetes mellitus|Diabetes mellitus, transient neonatal, 2|Hyperinsulinemic hypoglycemia, familial, 1|not provided|Hereditary hyperinsulinism|Transitory neonatal diabetes mellitus|Maturity-onset diabetes of the young|Inborn genetic diseases",germline;somatic,germline/somatic,GRCh37,NC_000011.9,11,17424246,17424246,na,na,11p15.1,"criteria provided, conflicting classifications",10,-,N,ClinGen:CA171071,2,157697,17424246,G,A,-,-,-,-,-,-,SCV000192029|SCV000303806|SCV000338940|SCV000369272|SCV000369273|SCV000369274|SCV000840591|SCV001725942|SCV001949674|SCV002515403|SCV002515404|SCV002616669,-,-
167545,single nucleotide variant,NM_000352.6(ABCC8):c.3612C>T (p.Ala1204=),6833,ABCC8,HGNC:59,Conflicting classifications of pathogenicity,0,"Feb 04, 2026",149861153,-,RCV000144993|RCV000283418|RCV000337179|RCV000377901|RCV000710381|RCV001277188|RCV002243801|RCV002243800|RCV002453465,"MedGen:CN169374|MONDO:MONDO:0100164,MedGen:C1833104,OMIM:PS606176,Orphanet:99885|MONDO:MONDO:0012480,MedGen:C1835887,OMIM:610374,Orphanet:99886|MONDO:MONDO:0009734,MedGen:C2931832,OMIM:256450,Orphanet:276575,Orphanet:276598|MedGen:C3661900||Human Phenotype Ontology:HP:0008255,MONDO:MONDO:0020525,MedGen:C0342273|Human Phenotype Ontology:HP:0004904,MONDO:MONDO:0018911,MedGen:C0342276,OMIM:PS125850,Orphanet:552|MeSH:D030342,MedGen:C0950123","not specified|Permanent neonatal diabetes mellitus|Diabetes mellitus, transient neonatal, 2|Hyperinsulinemic hypoglycemia, familial, 1|not provided|Hereditary hyperinsulinism|Transitory neonatal diabetes mellitus|Maturity-onset diabetes of the young|Inborn genetic diseases",germline;somatic,germline/somatic,GRCh38,NC_000011.10,11,17402699,17402699,na,na,11p15.1,"criteria provided, conflicting classifications",10,-,N,ClinGen:CA171071,2,157697,17402699,G,A,-,-,-,-,-,-,SCV000192029|SCV000303806|SCV000338940|SCV000369272|SCV000369273|SCV000369274|SCV000840591|SCV001725942|SCV001949674|SCV002515403|SCV002515404|SCV002616669,-,-
167546,single nucleotide variant,NM_000352.6(ABCC8):c.3819G>A (p.Arg1273=),6833,ABCC8,HGNC:59,Benign,0,"Feb 04, 2026",1799859,-,RCV000144994|RCV000576475|RCV001277186|RCV001533274|RCV001533273|RCV001533275|RCV001512799|RCV002226682,"MedGen:CN169374|MONDO:MONDO:0009734,MedGen:C2931832,OMIM:256450,Orphanet:276575,Orphanet:276598||MONDO:MONDO:0012480,MedGen:C1835887,OMIM:610374,Orphanet:99886|MONDO:MONDO:0009415,MedGen:C0271714,OMIM:240800|MONDO:MONDO:0030088,MedGen:C5394303,OMIM:618857|MedGen:C3661900|Human Phenotype Ontology:HP:0005965,Human Phenotype Ontology:HP:0005978,Human Phenotype Ontology:HP:0100652,MONDO:MONDO:0005148,MeSH:D003924,MedGen:C0011860,OMIM:125853","not specified|Hyperinsulinemic hypoglycemia, familial, 1|Hereditary hyperinsulinism|Diabetes mellitus, transient neonatal, 2|Leucine-induced hypoglycemia|Diabetes mellitus, permanent neonatal 3|not provided|Type 2 diabetes mellitus",germline;somatic,germline/somatic,GRCh37,NC_000011.9,11,17419279,17419279,na,na,11p15.1,"criteria provided, multiple submitters, no conflicts",11,-,N,ClinGen:CA171074,2,157698,17419279,C,T,-,-,-,-,-,-,SCV000229392|SCV000303807|SCV000677121|SCV001720264|SCV001749086|SCV001749087|SCV001749088|SCV001749089|SCV001860503|SCV002505639|SCV005323555|SCV007308862,-,-
167546,single nucleotide variant,NM_000352.6(ABCC8):c.3819G>A (p.Arg1273=),6833,ABCC8,HGNC:59,Benign,0,"Feb 04, 2026",1799859,-,RCV000144994|RCV000576475|RCV001277186|RCV001533274|RCV001533273|RCV001533275|RCV001512799|RCV002226682,"MedGen:CN169374|MONDO:MONDO:0009734,MedGen:C2931832,OMIM:256450,Orphanet:276575,Orphanet:276598||MONDO:MONDO:0012480,MedGen:C1835887,OMIM:610374,Orphanet:99886|MONDO:MONDO:0009415,MedGen:C0271714,OMIM:240800|MONDO:MONDO:0030088,MedGen:C5394303,OMIM:618857|MedGen:C3661900|Human Phenotype Ontology:HP:0005965,Human Phenotype Ontology:HP:0005978,Human Phenotype Ontology:HP:0100652,MONDO:MONDO:0005148,MeSH:D003924,MedGen:C0011860,OMIM:125853","not specified|Hyperinsulinemic hypoglycemia, familial, 1|Hereditary hyperinsulinism|Diabetes mellitus, transient neonatal, 2|Leucine-induced hypoglycemia|Diabetes mellitus, permanent neonatal 3|not provided|Type 2 diabetes mellitus",germline;somatic,germline/somatic,GRCh38,NC_000011.10,11,17397732,17397732,na,na,11p15.1,"criteria provided, multiple submitters, no conflicts",11,-,N,ClinGen:CA171074,2,157698,17397732,C,T,-,-,-,-,-,-,SCV000229392|SCV000303807|SCV000677121|SCV001720264|SCV001749086|SCV001749087|SCV001749088|SCV001749089|SCV001860503|SCV002505639|SCV005323555|SCV007308862,-,-
167547,single nucleotide variant,NM_000352.6(ABCC8):c.4105G>T (p.Ala1369Ser),6833,ABCC8,HGNC:59,Benign,0,"Feb 04, 2026",757110,-,RCV000144996|RCV000576686|RCV001533272|RCV001277184|RCV001533268|RCV001533270|RCV001533271|RCV002226425,"MedGen:CN169374|MedGen:C3661900|MONDO:MONDO:0030088,MedGen:C5394303,OMIM:618857||MONDO:MONDO:0009415,MedGen:C0271714,OMIM:240800|MONDO:MONDO:0009734,MedGen:C2931832,OMIM:256450,Orphanet:276575,Orphanet:276598|MONDO:MONDO:0012480,MedGen:C1835887,OMIM:610374,Orphanet:99886|Human Phenotype Ontology:HP:0005965,Human Phenotype Ontology:HP:0005978,Human Phenotype Ontology:HP:0100652,MONDO:MONDO:0005148,MeSH:D003924,MedGen:C0011860,OMIM:125853","not specified|not provided|Diabetes mellitus, permanent neonatal 3|Hereditary hyperinsulinism|Leucine-induced hypoglycemia|Hyperinsulinemic hypoglycemia, familial, 1|Diabetes mellitus, transient neonatal, 2|Type 2 diabetes mellitus",germline;somatic,germline/somatic,GRCh37,NC_000011.9,11,17418477,17418477,na,na,11p15.1,"criteria provided, multiple submitters, no conflicts",11,-,N,"ClinGen:CA171077,UniProtKB:Q09428#VAR_008652",2,157699,17418477,C,A,-,-,-,-,-,-,SCV000303808|SCV000677122|SCV000703631|SCV001720263|SCV001749079|SCV001749083|SCV001749084|SCV001749085|SCV001850606|SCV002505384|SCV005323553|SCV007308861,-,-
167547,single nucleotide variant,NM_000352.6(ABCC8):c.4105G>T (p.Ala1369Ser),6833,ABCC8,HGNC:59,Benign,0,"Feb 04, 2026",757110,-,RCV000144996|RCV000576686|RCV001533272|RCV001277184|RCV001533268|RCV001533270|RCV001533271|RCV002226425,"MedGen:CN169374|MedGen:C3661900|MONDO:MONDO:0030088,MedGen:C5394303,OMIM:618857||MONDO:MONDO:0009415,MedGen:C0271714,OMIM:240800|MONDO:MONDO:0009734,MedGen:C2931832,OMIM:256450,Orphanet:276575,Orphanet:276598|MONDO:MONDO:0012480,MedGen:C1835887,OMIM:610374,Orphanet:99886|Human Phenotype Ontology:HP:0005965,Human Phenotype Ontology:HP:0005978,Human Phenotype Ontology:HP:0100652,MONDO:MONDO:0005148,MeSH:D003924,MedGen:C0011860,OMIM:125853","not specified|not provided|Diabetes mellitus, permanent neonatal 3|Hereditary hyperinsulinism|Leucine-induced hypoglycemia|Hyperinsulinemic hypoglycemia, familial, 1|Diabetes mellitus, transient neonatal, 2|Type 2 diabetes mellitus",germline;somatic,germline/somatic,GRCh38,NC_000011.10,11,17396930,17396930,na,na,11p15.1,"criteria provided, multiple submitters, no conflicts",11,-,N,"ClinGen:CA171077,UniProtKB:Q09428#VAR_008652",2,157699,17396930,C,A,-,-,-,-,-,-,SCV000303808|SCV000677122|SCV000703631|SCV001720263|SCV001749079|SCV001749083|SCV001749084|SCV001749085|SCV001850606|SCV002505384|SCV005323553|SCV007308861,-,-
167548,single nucleotide variant,NM_000352.6(ABCC8):c.4120-27T>C,6833,ABCC8,HGNC:59,Conflicting classifications of pathogenicity,0,"Jul 01, 2021",739689,-,RCV000144998|RCV001533260|RCV001533261|RCV001533262|RCV001533263|RCV001682843|RCV002243802|RCV002243803,"MedGen:CN169374|MONDO:MONDO:0009415,MedGen:C0271714,OMIM:240800|MONDO:MONDO:0009734,MedGen:C2931832,OMIM:256450,Orphanet:276575,Orphanet:276598|MONDO:MONDO:0012480,MedGen:C1835887,OMIM:610374,Orphanet:99886|MONDO:MONDO:0030088,MedGen:C5394303,OMIM:618857|MedGen:C3661900|Human Phenotype Ontology:HP:0004904,MONDO:MONDO:0018911,MedGen:C0342276,OMIM:PS125850,Orphanet:552|Human Phenotype Ontology:HP:0008255,MONDO:MONDO:0020525,MedGen:C0342273","not specified|Leucine-induced hypoglycemia|Hyperinsulinemic hypoglycemia, familial, 1|Diabetes mellitus, transient neonatal, 2|Diabetes mellitus, permanent neonatal 3|not provided|Maturity-onset diabetes of the young|Transitory neonatal diabetes mellitus",germline;somatic,germline/somatic,GRCh37,NC_000011.9,11,17417504,17417504,na,na,11p15.1,"criteria provided, conflicting classifications",5,-,N,ClinGen:CA171081,2,157700,17417504,A,G,-,-,-,-,-,-,SCV001749071|SCV001749072|SCV001749073|SCV001749074|SCV001905012|SCV002513469|SCV002513470|SCV007308860,-,-
167548,single nucleotide variant,NM_000352.6(ABCC8):c.4120-27T>C,6833,ABCC8,HGNC:59,Conflicting classifications of pathogenicity,0,"Jul 01, 2021",739689,-,RCV000144998|RCV001533260|RCV001533261|RCV001533262|RCV001533263|RCV001682843|RCV002243802|RCV002243803,"MedGen:CN169374|MONDO:MONDO:0009415,MedGen:C0271714,OMIM:240800|MONDO:MONDO:0009734,MedGen:C2931832,OMIM:256450,Orphanet:276575,Orphanet:276598|MONDO:MONDO:0012480,MedGen:C1835887,OMIM:610374,Orphanet:99886|MONDO:MONDO:0030088,MedGen:C5394303,OMIM:618857|MedGen:C3661900|Human Phenotype Ontology:HP:0004904,MONDO:MONDO:0018911,MedGen:C0342276,OMIM:PS125850,Orphanet:552|Human Phenotype Ontology:HP:0008255,MONDO:MONDO:0020525,MedGen:C0342273","not specified|Leucine-induced hypoglycemia|Hyperinsulinemic hypoglycemia, familial, 1|Diabetes mellitus, transient neonatal, 2|Diabetes mellitus, permanent neonatal 3|not provided|Maturity-onset diabetes of the young|Transitory neonatal diabetes mellitus",germline;somatic,germline/somatic,GRCh38,NC_000011.10,11,17395957,17395957,na,na,11p15.1,"criteria provided, conflicting classifications",5,-,N,ClinGen:CA171081,2,157700,17395957,A,G,-,-,-,-,-,-,SCV001749071|SCV001749072|SCV001749073|SCV001749074|SCV001905012|SCV002513469|SCV002513470|SCV007308860,-,-
167549,single nucleotide variant,NM_000352.6(ABCC8):c.4174T>G (p.Phe1392Val),6833,ABCC8,HGNC:59,Pathogenic,1,"Jul 23, 2013",587783171,-,RCV000144999,MedGen:C3661900,not provided,germline,germline,GRCh37,NC_000011.9,11,17417423,17417423,na,na,11p15.1,"criteria provided, single submitter",1,-,N,ClinGen:CA233277,2,157701,17417423,A,C,-,-,-,-,-,-,SCV000192035,-,-
167549,single nucleotide variant,NM_000352.6(ABCC8):c.4174T>G (p.Phe1392Val),6833,ABCC8,HGNC:59,Pathogenic,1,"Jul 23, 2013",587783171,-,RCV000144999,MedGen:C3661900,not provided,germline,germline,GRCh38,NC_000011.10,11,17395876,17395876,na,na,11p15.1,"criteria provided, single submitter",1,-,N,ClinGen:CA233277,2,157701,17395876,A,C,-,-,-,-,-,-,SCV000192035,-,-
167550,single nucleotide variant,NM_000352.6(ABCC8):c.423G>A (p.Val141=),6833,ABCC8,HGNC:59,Conflicting classifications of pathogenicity,0,"Feb 04, 2026",116132921,-,RCV000145000|RCV000277787|RCV000297828|RCV000370073|RCV000710387|RCV001272246|RCV002254155|RCV003105797,"MedGen:CN169374|MONDO:MONDO:0009734,MedGen:C2931832,OMIM:256450,Orphanet:276575,Orphanet:276598|MONDO:MONDO:0100164,MedGen:C1833104,OMIM:PS606176,Orphanet:99885|MONDO:MONDO:0012480,MedGen:C1835887,OMIM:610374,Orphanet:99886|MedGen:C3661900||Human Phenotype Ontology:HP:0004904,MONDO:MONDO:0018911,MedGen:C0342276,OMIM:PS125850,Orphanet:552|Human Phenotype Ontology:HP:0008255,MONDO:MONDO:0020525,MedGen:C0342273","not specified|Hyperinsulinemic hypoglycemia, familial, 1|Permanent neonatal diabetes mellitus|Diabetes mellitus, transient neonatal, 2|not provided|Hereditary hyperinsulinism|Maturity-onset diabetes of the young|Transitory neonatal diabetes mellitus",germline;unknown,germline,GRCh37,NC_000011.9,11,17485141,17485141,na,na,11p15.1,"criteria provided, conflicting classifications",9,-,N,ClinGen:CA171082,2,157702,17485141,C,T,-,-,-,-,-,-,SCV000192036|SCV000303810|SCV000369407|SCV000369408|SCV000369409|SCV000840597|SCV001012343|SCV001896910|SCV002524076|SCV003761539|SCV004562242,-,-
167550,single nucleotide variant,NM_000352.6(ABCC8):c.423G>A (p.Val141=),6833,ABCC8,HGNC:59,Conflicting classifications of pathogenicity,0,"Feb 04, 2026",116132921,-,RCV000145000|RCV000277787|RCV000297828|RCV000370073|RCV000710387|RCV001272246|RCV002254155|RCV003105797,"MedGen:CN169374|MONDO:MONDO:0009734,MedGen:C2931832,OMIM:256450,Orphanet:276575,Orphanet:276598|MONDO:MONDO:0100164,MedGen:C1833104,OMIM:PS606176,Orphanet:99885|MONDO:MONDO:0012480,MedGen:C1835887,OMIM:610374,Orphanet:99886|MedGen:C3661900||Human Phenotype Ontology:HP:0004904,MONDO:MONDO:0018911,MedGen:C0342276,OMIM:PS125850,Orphanet:552|Human Phenotype Ontology:HP:0008255,MONDO:MONDO:0020525,MedGen:C0342273","not specified|Hyperinsulinemic hypoglycemia, familial, 1|Permanent neonatal diabetes mellitus|Diabetes mellitus, transient neonatal, 2|not provided|Hereditary hyperinsulinism|Maturity-onset diabetes of the young|Transitory neonatal diabetes mellitus",germline;unknown,germline,GRCh38,NC_000011.10,11,17463594,17463594,na,na,11p15.1,"criteria provided, conflicting classifications",9,-,N,ClinGen:CA171082,2,157702,17463594,C,T,-,-,-,-,-,-,SCV000192036|SCV000303810|SCV000369407|SCV000369408|SCV000369409|SCV000840597|SCV001012343|SCV001896910|SCV002524076|SCV003761539|SCV004562242,-,-
167551,single nucleotide variant,NM_000352.6(ABCC8):c.4431C>T (p.Gly1477=),6833,ABCC8,HGNC:59,Benign/Likely benign,0,"Jan 22, 2026",145673861,-,RCV000394786|RCV000907727|RCV001657829|RCV002326850,"MONDO:MONDO:0012480,MedGen:C1835887,OMIM:610374,Orphanet:99886|MedGen:C3661900|MedGen:CN169374|MeSH:D030342,MedGen:C0950123","Diabetes mellitus, transient neonatal, 2|not provided|not specified|Inborn genetic diseases",germline;unknown,germline,GRCh37,NC_000011.9,11,17415927,17415927,na,na,11p15.1,"criteria provided, multiple submitters, no conflicts",6,-,N,ClinGen:CA270977,2,157703,17415927,G,A,-,-,-,-,-,-,SCV000192037|SCV000369233|SCV001052452|SCV001879521|SCV002628298|SCV004136024,-,-
167551,single nucleotide variant,NM_000352.6(ABCC8):c.4431C>T (p.Gly1477=),6833,ABCC8,HGNC:59,Benign/Likely benign,0,"Jan 22, 2026",145673861,-,RCV000394786|RCV000907727|RCV001657829|RCV002326850,"MONDO:MONDO:0012480,MedGen:C1835887,OMIM:610374,Orphanet:99886|MedGen:C3661900|MedGen:CN169374|MeSH:D030342,MedGen:C0950123","Diabetes mellitus, transient neonatal, 2|not provided|not specified|Inborn genetic diseases",germline;unknown,germline,GRCh38,NC_000011.10,11,17394380,17394380,na,na,11p15.1,"criteria provided, multiple submitters, no conflicts",6,-,N,ClinGen:CA270977,2,157703,17394380,G,A,-,-,-,-,-,-,SCV000192037|SCV000369233|SCV001052452|SCV001879521|SCV002628298|SCV004136024,-,-
167552,single nucleotide variant,NM_000352.6(ABCC8):c.4609-40A>G,6833,ABCC8,HGNC:59,Benign,0,"Jul 01, 2021",1109591,-,RCV000145002|RCV001533240|RCV001533242|RCV001610440|RCV001533243|RCV002243804|RCV001533241|RCV002243805,"MedGen:CN169374|MONDO:MONDO:0009415,MedGen:C0271714,OMIM:240800|MONDO:MONDO:0012480,MedGen:C1835887,OMIM:610374,Orphanet:99886|MedGen:C3661900|MONDO:MONDO:0030088,MedGen:C5394303,OMIM:618857|Human Phenotype Ontology:HP:0004904,MONDO:MONDO:0018911,MedGen:C0342276,OMIM:PS125850,Orphanet:552|MONDO:MONDO:0009734,MedGen:C2931832,OMIM:256450,Orphanet:276575,Orphanet:276598|Human Phenotype Ontology:HP:0008255,MONDO:MONDO:0020525,MedGen:C0342273","not specified|Leucine-induced hypoglycemia|Diabetes mellitus, transient neonatal, 2|not provided|Diabetes mellitus, permanent neonatal 3|Maturity-onset diabetes of the young|Hyperinsulinemic hypoglycemia, familial, 1|Transitory neonatal diabetes mellitus",germline;somatic,germline/somatic,GRCh37,NC_000011.9,11,17414715,17414715,na,na,11p15.1,"criteria provided, multiple submitters, no conflicts",4,-,N,ClinGen:CA171085,2,157704,17414715,T,C,-,-,-,-,-,-,SCV001749043|SCV001749044|SCV001749045|SCV001749046|SCV001835250,-,-
167552,single nucleotide variant,NM_000352.6(ABCC8):c.4609-40A>G,6833,ABCC8,HGNC:59,Benign,0,"Jul 01, 2021",1109591,-,RCV000145002|RCV001533240|RCV001533242|RCV001610440|RCV001533243|RCV002243804|RCV001533241|RCV002243805,"MedGen:CN169374|MONDO:MONDO:0009415,MedGen:C0271714,OMIM:240800|MONDO:MONDO:0012480,MedGen:C1835887,OMIM:610374,Orphanet:99886|MedGen:C3661900|MONDO:MONDO:0030088,MedGen:C5394303,OMIM:618857|Human Phenotype Ontology:HP:0004904,MONDO:MONDO:0018911,MedGen:C0342276,OMIM:PS125850,Orphanet:552|MONDO:MONDO:0009734,MedGen:C2931832,OMIM:256450,Orphanet:276575,Orphanet:276598|Human Phenotype Ontology:HP:0008255,MONDO:MONDO:0020525,MedGen:C0342273","not specified|Leucine-induced hypoglycemia|Diabetes mellitus, transient neonatal, 2|not provided|Diabetes mellitus, permanent neonatal 3|Maturity-onset diabetes of the young|Hyperinsulinemic hypoglycemia, familial, 1|Transitory neonatal diabetes mellitus",germline;somatic,germline/somatic,GRCh38,NC_000011.10,11,17393168,17393168,na,na,11p15.1,"criteria provided, multiple submitters, no conflicts",4,-,N,ClinGen:CA171085,2,157704,17393168,T,C,-,-,-,-,-,-,SCV001749043|SCV001749044|SCV001749045|SCV001749046|SCV001835250,-,-
167553,single nucleotide variant,NM_000352.6(ABCC8):c.4714G>A (p.Val1572Ile),6833,ABCC8,HGNC:59,Conflicting classifications of pathogenicity,0,"Feb 04, 2026",8192690,-,RCV000145003|RCV001094008|RCV001094009|RCV001521375|RCV001533238|RCV001533239|RCV001826797|RCV002226683,"MedGen:CN169374|MONDO:MONDO:0012480,MedGen:C1835887,OMIM:610374,Orphanet:99886|MONDO:MONDO:0009734,MedGen:C2931832,OMIM:256450,Orphanet:276575,Orphanet:276598|MedGen:C3661900|MONDO:MONDO:0009415,MedGen:C0271714,OMIM:240800|MONDO:MONDO:0030088,MedGen:C5394303,OMIM:618857||Human Phenotype Ontology:HP:0001998,MedGen:C0158986","not specified|Diabetes mellitus, transient neonatal, 2|Hyperinsulinemic hypoglycemia, familial, 1|not provided|Leucine-induced hypoglycemia|Diabetes mellitus, permanent neonatal 3|Hereditary hyperinsulinism|Neonatal hypoglycemia",germline;somatic,germline/somatic,GRCh37,NC_000011.9,11,17414570,17414570,na,na,11p15.1,"criteria provided, conflicting classifications",9,-,N,"ClinGen:CA171086,UniProtKB:Q09428#VAR_008658",2,157705,17414570,C,T,-,-,-,-,-,-,SCV000303813|SCV000483252|SCV000483254|SCV001730710|SCV001749039|SCV001749040|SCV001749041|SCV001749042|SCV001939727|SCV002048321|SCV002505641,-,-
167553,single nucleotide variant,NM_000352.6(ABCC8):c.4714G>A (p.Val1572Ile),6833,ABCC8,HGNC:59,Conflicting classifications of pathogenicity,0,"Feb 04, 2026",8192690,-,RCV000145003|RCV001094008|RCV001094009|RCV001521375|RCV001533238|RCV001533239|RCV001826797|RCV002226683,"MedGen:CN169374|MONDO:MONDO:0012480,MedGen:C1835887,OMIM:610374,Orphanet:99886|MONDO:MONDO:0009734,MedGen:C2931832,OMIM:256450,Orphanet:276575,Orphanet:276598|MedGen:C3661900|MONDO:MONDO:0009415,MedGen:C0271714,OMIM:240800|MONDO:MONDO:0030088,MedGen:C5394303,OMIM:618857||Human Phenotype Ontology:HP:0001998,MedGen:C0158986","not specified|Diabetes mellitus, transient neonatal, 2|Hyperinsulinemic hypoglycemia, familial, 1|not provided|Leucine-induced hypoglycemia|Diabetes mellitus, permanent neonatal 3|Hereditary hyperinsulinism|Neonatal hypoglycemia",germline;somatic,germline/somatic,GRCh38,NC_000011.10,11,17393023,17393023,na,na,11p15.1,"criteria provided, conflicting classifications",9,-,N,"ClinGen:CA171086,UniProtKB:Q09428#VAR_008658",2,157705,17393023,C,T,-,-,-,-,-,-,SCV000303813|SCV000483252|SCV000483254|SCV001730710|SCV001749039|SCV001749040|SCV001749041|SCV001749042|SCV001939727|SCV002048321|SCV002505641,-,-
167555,single nucleotide variant,NM_000352.6(ABCC8):c.579+14C>T,6833,ABCC8,HGNC:59,Conflicting classifications of pathogenicity,0,"Feb 04, 2026",2301703,-,RCV000145005|RCV000286439|RCV000340412|RCV000378527|RCV000576808|RCV001533250|RCV001533251|RCV002226684,"MedGen:CN169374|MONDO:MONDO:0009734,MedGen:C2931832,OMIM:256450,Orphanet:276575,Orphanet:276598|MONDO:MONDO:0100164,MedGen:C1833104,OMIM:PS606176,Orphanet:99885|MONDO:MONDO:0012480,MedGen:C1835887,OMIM:610374,Orphanet:99886|MedGen:C3661900|MONDO:MONDO:0009415,MedGen:C0271714,OMIM:240800|MONDO:MONDO:0030088,MedGen:C5394303,OMIM:618857|Human Phenotype Ontology:HP:0005965,Human Phenotype Ontology:HP:0005978,Human Phenotype Ontology:HP:0100652,MONDO:MONDO:0005148,MeSH:D003924,MedGen:C0011860,OMIM:125853","not specified|Hyperinsulinemic hypoglycemia, familial, 1|Permanent neonatal diabetes mellitus|Diabetes mellitus, transient neonatal, 2|not provided|Leucine-induced hypoglycemia|Diabetes mellitus, permanent neonatal 3|Type 2 diabetes mellitus",germline;somatic,germline/somatic,GRCh37,NC_000011.9,11,17484971,17484971,na,na,11p15.1,"criteria provided, conflicting classifications",11,-,N,ClinGen:CA171092,2,157707,17484971,G,A,-,-,-,-,-,-,SCV000303815|SCV000369398|SCV000369399|SCV000369400|SCV000677123|SCV001729173|SCV001749059|SCV001749060|SCV001749061|SCV001749062|SCV001937778|SCV002505507|SCV007308867,-,-
167555,single nucleotide variant,NM_000352.6(ABCC8):c.579+14C>T,6833,ABCC8,HGNC:59,Conflicting classifications of pathogenicity,0,"Feb 04, 2026",2301703,-,RCV000145005|RCV000286439|RCV000340412|RCV000378527|RCV000576808|RCV001533250|RCV001533251|RCV002226684,"MedGen:CN169374|MONDO:MONDO:0009734,MedGen:C2931832,OMIM:256450,Orphanet:276575,Orphanet:276598|MONDO:MONDO:0100164,MedGen:C1833104,OMIM:PS606176,Orphanet:99885|MONDO:MONDO:0012480,MedGen:C1835887,OMIM:610374,Orphanet:99886|MedGen:C3661900|MONDO:MONDO:0009415,MedGen:C0271714,OMIM:240800|MONDO:MONDO:0030088,MedGen:C5394303,OMIM:618857|Human Phenotype Ontology:HP:0005965,Human Phenotype Ontology:HP:0005978,Human Phenotype Ontology:HP:0100652,MONDO:MONDO:0005148,MeSH:D003924,MedGen:C0011860,OMIM:125853","not specified|Hyperinsulinemic hypoglycemia, familial, 1|Permanent neonatal diabetes mellitus|Diabetes mellitus, transient neonatal, 2|not provided|Leucine-induced hypoglycemia|Diabetes mellitus, permanent neonatal 3|Type 2 diabetes mellitus",germline;somatic,germline/somatic,GRCh38,NC_000011.10,11,17463424,17463424,na,na,11p15.1,"criteria provided, conflicting classifications",11,-,N,ClinGen:CA171092,2,157707,17463424,G,A,-,-,-,-,-,-,SCV000303815|SCV000369398|SCV000369399|SCV000369400|SCV000677123|SCV001729173|SCV001749059|SCV001749060|SCV001749061|SCV001749062|SCV001937778|SCV002505507|SCV007308867,-,-
167556,single nucleotide variant,NM_000352.6(ABCC8):c.823-8C>T,6833,ABCC8,HGNC:59,Conflicting classifications of pathogenicity,0,"Feb 16, 2024",201000679,-,RCV000145006|RCV002253240|RCV002273818|RCV002467586|RCV002514783|RCV004532639,"MedGen:CN169374|Human Phenotype Ontology:HP:0004904,MONDO:MONDO:0018911,MedGen:C0342276,OMIM:PS125850,Orphanet:552|Human Phenotype Ontology:HP:0008255,MONDO:MONDO:0020525,MedGen:C0342273|MONDO:MONDO:0009734,MedGen:C2931832,OMIM:256450,Orphanet:276575,Orphanet:276598;MONDO:MONDO:0030088,MedGen:C5394303,OMIM:618857|MedGen:C3661900|","not specified|Maturity-onset diabetes of the young|Transitory neonatal diabetes mellitus|Hyperinsulinemic hypoglycemia, familial, 1;Diabetes mellitus, permanent neonatal 3|not provided|ABCC8-related disorder",germline;unknown,germline,GRCh37,NC_000011.9,11,17482231,17482231,na,na,11p15.1,"criteria provided, conflicting classifications",5,-,N,ClinGen:CA171093,2,157708,17482231,G,A,-,-,-,-,-,-,SCV000192042|SCV002522625|SCV002522626|SCV002764519|SCV003452935,-,-
167556,single nucleotide variant,NM_000352.6(ABCC8):c.823-8C>T,6833,ABCC8,HGNC:59,Conflicting classifications of pathogenicity,0,"Feb 16, 2024",201000679,-,RCV000145006|RCV002253240|RCV002273818|RCV002467586|RCV002514783|RCV004532639,"MedGen:CN169374|Human Phenotype Ontology:HP:0004904,MONDO:MONDO:0018911,MedGen:C0342276,OMIM:PS125850,Orphanet:552|Human Phenotype Ontology:HP:0008255,MONDO:MONDO:0020525,MedGen:C0342273|MONDO:MONDO:0009734,MedGen:C2931832,OMIM:256450,Orphanet:276575,Orphanet:276598;MONDO:MONDO:0030088,MedGen:C5394303,OMIM:618857|MedGen:C3661900|","not specified|Maturity-onset diabetes of the young|Transitory neonatal diabetes mellitus|Hyperinsulinemic hypoglycemia, familial, 1;Diabetes mellitus, permanent neonatal 3|not provided|ABCC8-related disorder",germline;unknown,germline,GRCh38,NC_000011.10,11,17460684,17460684,na,na,11p15.1,"criteria provided, conflicting classifications",5,-,N,ClinGen:CA171093,2,157708,17460684,G,A,-,-,-,-,-,-,SCV000192042|SCV002522625|SCV002522626|SCV002764519|SCV003452935,-,-
167557,single nucleotide variant,NM_000352.6(ABCC8):c.878A>C (p.His293Pro),6833,ABCC8,HGNC:59,Uncertain significance,0,"Jan 17, 2014",587783175,-,RCV000145007,"MONDO:MONDO:0009734,MedGen:C2931832,OMIM:256450,Orphanet:276575,Orphanet:276598","Hyperinsulinemic hypoglycemia, familial, 1",germline,germline,GRCh37,NC_000011.9,11,17482168,17482168,na,na,11p15.1,"criteria provided, single submitter",1,-,N,ClinGen:CA270980,2,157709,17482168,T,G,-,-,-,-,-,-,SCV000192043,-,-
167557,single nucleotide variant,NM_000352.6(ABCC8):c.878A>C (p.His293Pro),6833,ABCC8,HGNC:59,Uncertain significance,0,"Jan 17, 2014",587783175,-,RCV000145007,"MONDO:MONDO:0009734,MedGen:C2931832,OMIM:256450,Orphanet:276575,Orphanet:276598","Hyperinsulinemic hypoglycemia, familial, 1",germline,germline,GRCh38,NC_000011.10,11,17460621,17460621,na,na,11p15.1,"criteria provided, single submitter",1,-,N,ClinGen:CA270980,2,157709,17460621,T,G,-,-,-,-,-,-,SCV000192043,-,-
168861,single nucleotide variant,NM_000525.4(KCNJ11):c.1143G>A (p.Lys381=),3767,KCNJ11,HGNC:6257,Conflicting classifications of pathogenicity,0,"Feb 04, 2026",8175351,-,RCV000146101|RCV000309176|RCV000339595|RCV000576636|RCV001275129|RCV001520318|RCV002226685,"MedGen:CN169374|MONDO:MONDO:0012522,MedGen:C1864623,OMIM:610582,Orphanet:99886|MONDO:MONDO:0014589,MedGen:C4225365,OMIM:616329,Orphanet:552|MONDO:MONDO:0011153,MedGen:C2931833,OMIM:601820,Orphanet:276580,Orphanet:276603|MONDO:MONDO:0100164,MedGen:C1833104,OMIM:PS606176,Orphanet:99885|MedGen:C3661900|Human Phenotype Ontology:HP:0000842,MONDO:MONDO:0002177,MedGen:C0020459","not specified|Diabetes mellitus, transient neonatal, 3|Maturity-onset diabetes of the young type 13|Hyperinsulinemic hypoglycemia, familial, 2|Permanent neonatal diabetes mellitus|not provided|Hyperinsulinemia",germline;somatic,germline/somatic,GRCh37,NC_000011.9,11,17408496,17408496,na,na,11p15.1,"criteria provided, conflicting classifications",12,-,N,ClinGen:CA172320,2,158672,17408496,C,T,-,-,-,-,-,-,SCV000193318|SCV000304664|SCV000369152|SCV000369153|SCV000369154|SCV000677328|SCV001652765|SCV001729385|SCV001864872|SCV002049156|SCV002505461,-,-
168861,single nucleotide variant,NM_000525.4(KCNJ11):c.1143G>A (p.Lys381=),3767,KCNJ11,HGNC:6257,Conflicting classifications of pathogenicity,0,"Feb 04, 2026",8175351,-,RCV000146101|RCV000309176|RCV000339595|RCV000576636|RCV001275129|RCV001520318|RCV002226685,"MedGen:CN169374|MONDO:MONDO:0012522,MedGen:C1864623,OMIM:610582,Orphanet:99886|MONDO:MONDO:0014589,MedGen:C4225365,OMIM:616329,Orphanet:552|MONDO:MONDO:0011153,MedGen:C2931833,OMIM:601820,Orphanet:276580,Orphanet:276603|MONDO:MONDO:0100164,MedGen:C1833104,OMIM:PS606176,Orphanet:99885|MedGen:C3661900|Human Phenotype Ontology:HP:0000842,MONDO:MONDO:0002177,MedGen:C0020459","not specified|Diabetes mellitus, transient neonatal, 3|Maturity-onset diabetes of the young type 13|Hyperinsulinemic hypoglycemia, familial, 2|Permanent neonatal diabetes mellitus|not provided|Hyperinsulinemia",germline;somatic,germline/somatic,GRCh38,NC_000011.10,11,17386949,17386949,na,na,11p15.1,"criteria provided, conflicting classifications",12,-,N,ClinGen:CA172320,2,158672,17386949,C,T,-,-,-,-,-,-,SCV000193318|SCV000304664|SCV000369152|SCV000369153|SCV000369154|SCV000677328|SCV001652765|SCV001729385|SCV001864872|SCV002049156|SCV002505461,-,-
168862,single nucleotide variant,NM_000525.4(KCNJ11):c.1089A>G (p.Ser363=),3767,KCNJ11,HGNC:6257,Conflicting classifications of pathogenicity,0,"Jan 28, 2026",5214,-,RCV000146100|RCV000315234|RCV000364041|RCV000390216|RCV000969056|RCV001831929|RCV002227071|RCV002426703,"MedGen:CN169374|MONDO:MONDO:0014589,MedGen:C4225365,OMIM:616329,Orphanet:552|MONDO:MONDO:0012522,MedGen:C1864623,OMIM:610582,Orphanet:99886|MONDO:MONDO:0011153,MedGen:C2931833,OMIM:601820,Orphanet:276580,Orphanet:276603|MedGen:C3661900|MONDO:MONDO:0100164,MedGen:C1833104,OMIM:PS606176,Orphanet:99885|Human Phenotype Ontology:HP:0004904,MONDO:MONDO:0018911,MedGen:C0342276,OMIM:PS125850,Orphanet:552|MeSH:D030342,MedGen:C0950123","not specified|Maturity-onset diabetes of the young type 13|Diabetes mellitus, transient neonatal, 3|Hyperinsulinemic hypoglycemia, familial, 2|not provided|Permanent neonatal diabetes mellitus|Maturity-onset diabetes of the young|Inborn genetic diseases",germline;somatic,germline/somatic,GRCh37,NC_000011.9,11,17408550,17408550,na,na,11p15.1,"criteria provided, conflicting classifications",8,-,N,ClinGen:CA172318,2,158671,17408550,T,C,-,-,-,-,-,-,SCV000193317|SCV000304661|SCV000369155|SCV000369156|SCV000369157|SCV001116547|SCV001872092|SCV002506478|SCV002731039,-,-
168862,single nucleotide variant,NM_000525.4(KCNJ11):c.1089A>G (p.Ser363=),3767,KCNJ11,HGNC:6257,Conflicting classifications of pathogenicity,0,"Jan 28, 2026",5214,-,RCV000146100|RCV000315234|RCV000364041|RCV000390216|RCV000969056|RCV001831929|RCV002227071|RCV002426703,"MedGen:CN169374|MONDO:MONDO:0014589,MedGen:C4225365,OMIM:616329,Orphanet:552|MONDO:MONDO:0012522,MedGen:C1864623,OMIM:610582,Orphanet:99886|MONDO:MONDO:0011153,MedGen:C2931833,OMIM:601820,Orphanet:276580,Orphanet:276603|MedGen:C3661900|MONDO:MONDO:0100164,MedGen:C1833104,OMIM:PS606176,Orphanet:99885|Human Phenotype Ontology:HP:0004904,MONDO:MONDO:0018911,MedGen:C0342276,OMIM:PS125850,Orphanet:552|MeSH:D030342,MedGen:C0950123","not specified|Maturity-onset diabetes of the young type 13|Diabetes mellitus, transient neonatal, 3|Hyperinsulinemic hypoglycemia, familial, 2|not provided|Permanent neonatal diabetes mellitus|Maturity-onset diabetes of the young|Inborn genetic diseases",germline;somatic,germline/somatic,GRCh38,NC_000011.10,11,17387003,17387003,na,na,11p15.1,"criteria provided, conflicting classifications",8,-,N,ClinGen:CA172318,2,158671,17387003,T,C,-,-,-,-,-,-,SCV000193317|SCV000304661|SCV000369155|SCV000369156|SCV000369157|SCV001116547|SCV001872092|SCV002506478|SCV002731039,-,-
168863,single nucleotide variant,NM_000525.4(KCNJ11):c.1009G>A (p.Val337Ile),3767,KCNJ11,HGNC:6257,Benign/Likely benign,0,"Feb 04, 2026",5215,-,RCV000146099|RCV000262909|RCV000357357|RCV000576497|RCV001275131|RCV001512206|RCV001533219|RCV002221500,"MedGen:CN169374|MONDO:MONDO:0012522,MedGen:C1864623,OMIM:610582,Orphanet:99886|MONDO:MONDO:0014589,MedGen:C4225365,OMIM:616329,Orphanet:552|MONDO:MONDO:0011153,MedGen:C2931833,OMIM:601820,Orphanet:276580,Orphanet:276603|MONDO:MONDO:0100164,MedGen:C1833104,OMIM:PS606176,Orphanet:99885|MedGen:C3661900|MONDO:MONDO:0030087,MedGen:C5394296,OMIM:618856|Human Phenotype Ontology:HP:0005965,Human Phenotype Ontology:HP:0005978,Human Phenotype Ontology:HP:0100652,MONDO:MONDO:0005148,MeSH:D003924,MedGen:C0011860,OMIM:125853","not specified|Diabetes mellitus, transient neonatal, 3|Maturity-onset diabetes of the young type 13|Hyperinsulinemic hypoglycemia, familial, 2|Permanent neonatal diabetes mellitus|not provided|Diabetes mellitus, permanent neonatal 2|Type 2 diabetes mellitus",germline;somatic;unknown,germline/somatic,GRCh37,NC_000011.9,11,17408630,17408630,na,na,11p15.1,"criteria provided, multiple submitters, no conflicts",13,-,N,ClinGen:CA172316,2,158670,17408630,C,T,-,-,-,-,-,-,SCV000193316|SCV000304660|SCV000369161|SCV000369162|SCV000369163|SCV000677327|SCV001719578|SCV001749014|SCV001749015|SCV001749032|SCV001871118|SCV005221357|SCV007308857,-,-
168863,single nucleotide variant,NM_000525.4(KCNJ11):c.1009G>A (p.Val337Ile),3767,KCNJ11,HGNC:6257,Benign/Likely benign,0,"Feb 04, 2026",5215,-,RCV000146099|RCV000262909|RCV000357357|RCV000576497|RCV001275131|RCV001512206|RCV001533219|RCV002221500,"MedGen:CN169374|MONDO:MONDO:0012522,MedGen:C1864623,OMIM:610582,Orphanet:99886|MONDO:MONDO:0014589,MedGen:C4225365,OMIM:616329,Orphanet:552|MONDO:MONDO:0011153,MedGen:C2931833,OMIM:601820,Orphanet:276580,Orphanet:276603|MONDO:MONDO:0100164,MedGen:C1833104,OMIM:PS606176,Orphanet:99885|MedGen:C3661900|MONDO:MONDO:0030087,MedGen:C5394296,OMIM:618856|Human Phenotype Ontology:HP:0005965,Human Phenotype Ontology:HP:0005978,Human Phenotype Ontology:HP:0100652,MONDO:MONDO:0005148,MeSH:D003924,MedGen:C0011860,OMIM:125853","not specified|Diabetes mellitus, transient neonatal, 3|Maturity-onset diabetes of the young type 13|Hyperinsulinemic hypoglycemia, familial, 2|Permanent neonatal diabetes mellitus|not provided|Diabetes mellitus, permanent neonatal 2|Type 2 diabetes mellitus",germline;somatic;unknown,germline/somatic,GRCh38,NC_000011.10,11,17387083,17387083,na,na,11p15.1,"criteria provided, multiple submitters, no conflicts",13,-,N,ClinGen:CA172316,2,158670,17387083,C,T,-,-,-,-,-,-,SCV000193316|SCV000304660|SCV000369161|SCV000369162|SCV000369163|SCV000677327|SCV001719578|SCV001749014|SCV001749015|SCV001749032|SCV001871118|SCV005221357|SCV007308857,-,-
168864,single nucleotide variant,NM_000525.4(KCNJ11):c.988T>C (p.Tyr330His),3767,KCNJ11,HGNC:6257,Conflicting classifications of pathogenicity,1,"Feb 08, 2013",587783675,-,RCV000146123|RCV002226690,"Human Phenotype Ontology:HP:0000819,Human Phenotype Ontology:HP:0004908,Human Phenotype Ontology:HP:0008217,Human Phenotype Ontology:HP:0008234,Human Phenotype Ontology:HP:0008260,MONDO:MONDO:0005015,MedGen:C0011849|Human Phenotype Ontology:HP:0004904,MONDO:MONDO:0018911,MedGen:C0342276,OMIM:PS125850,Orphanet:552",Diabetes mellitus|Maturity-onset diabetes of the young,germline;somatic,germline/somatic,GRCh37,NC_000011.9,11,17408651,17408651,na,na,11p15.1,"criteria provided, conflicting classifications",2,-,N,ClinGen:CA172354,2,158688,17408651,A,G,-,-,-,-,-,-,SCV000193340|SCV002505464,-,-
168864,single nucleotide variant,NM_000525.4(KCNJ11):c.988T>C (p.Tyr330His),3767,KCNJ11,HGNC:6257,Conflicting classifications of pathogenicity,1,"Feb 08, 2013",587783675,-,RCV000146123|RCV002226690,"Human Phenotype Ontology:HP:0000819,Human Phenotype Ontology:HP:0004908,Human Phenotype Ontology:HP:0008217,Human Phenotype Ontology:HP:0008234,Human Phenotype Ontology:HP:0008260,MONDO:MONDO:0005015,MedGen:C0011849|Human Phenotype Ontology:HP:0004904,MONDO:MONDO:0018911,MedGen:C0342276,OMIM:PS125850,Orphanet:552",Diabetes mellitus|Maturity-onset diabetes of the young,germline;somatic,germline/somatic,GRCh38,NC_000011.10,11,17387104,17387104,na,na,11p15.1,"criteria provided, conflicting classifications",2,-,N,ClinGen:CA172354,2,158688,17387104,A,G,-,-,-,-,-,-,SCV000193340|SCV002505464,-,-
168865,single nucleotide variant,NM_000525.4(KCNJ11):c.852C>A (p.Ile284=),3767,KCNJ11,HGNC:6257,Benign/Likely benign,0,"Dec 23, 2025",1800854,-,RCV000146120|RCV000941418|RCV002226689|RCV002498666|RCV005582264,"MedGen:CN169374|MedGen:C3661900|Human Phenotype Ontology:HP:0005965,Human Phenotype Ontology:HP:0005978,Human Phenotype Ontology:HP:0100652,MONDO:MONDO:0005148,MeSH:D003924,MedGen:C0011860,OMIM:125853|MONDO:MONDO:0012522,MedGen:C1864623,OMIM:610582,Orphanet:99886;MONDO:MONDO:0011153,MedGen:C2931833,OMIM:601820,Orphanet:276580,Orphanet:276603;MONDO:MONDO:0014589,MedGen:C4225365,OMIM:616329,Orphanet:552;MONDO:MONDO:0030087,MedGen:C5394296,OMIM:618856;Human Phenotype Ontology:HP:0005965,Human Phenotype Ontology:HP:0005978,Human Phenotype Ontology:HP:0100652,MONDO:MONDO:0005148,MeSH:D003924,MedGen:C0011860,OMIM:125853|MeSH:D030342,MedGen:C0950123","not specified|not provided|Type 2 diabetes mellitus|Diabetes mellitus, transient neonatal, 3;Hyperinsulinemic hypoglycemia, familial, 2;Maturity-onset diabetes of the young type 13;Diabetes mellitus, permanent neonatal 2;Type 2 diabetes mellitus|Inborn genetic diseases",germline;somatic;unknown,germline/somatic,GRCh37,NC_000011.9,11,17408787,17408787,na,na,11p15.1,"criteria provided, multiple submitters, no conflicts",5,-,N,ClinGen:CA172348,2,158686,17408787,G,T,-,-,-,-,-,-,SCV000193337|SCV001087304|SCV002505650|SCV002805525|SCV006256310,-,-
168865,single nucleotide variant,NM_000525.4(KCNJ11):c.852C>A (p.Ile284=),3767,KCNJ11,HGNC:6257,Benign/Likely benign,0,"Dec 23, 2025",1800854,-,RCV000146120|RCV000941418|RCV002226689|RCV002498666|RCV005582264,"MedGen:CN169374|MedGen:C3661900|Human Phenotype Ontology:HP:0005965,Human Phenotype Ontology:HP:0005978,Human Phenotype Ontology:HP:0100652,MONDO:MONDO:0005148,MeSH:D003924,MedGen:C0011860,OMIM:125853|MONDO:MONDO:0012522,MedGen:C1864623,OMIM:610582,Orphanet:99886;MONDO:MONDO:0011153,MedGen:C2931833,OMIM:601820,Orphanet:276580,Orphanet:276603;MONDO:MONDO:0014589,MedGen:C4225365,OMIM:616329,Orphanet:552;MONDO:MONDO:0030087,MedGen:C5394296,OMIM:618856;Human Phenotype Ontology:HP:0005965,Human Phenotype Ontology:HP:0005978,Human Phenotype Ontology:HP:0100652,MONDO:MONDO:0005148,MeSH:D003924,MedGen:C0011860,OMIM:125853|MeSH:D030342,MedGen:C0950123","not specified|not provided|Type 2 diabetes mellitus|Diabetes mellitus, transient neonatal, 3;Hyperinsulinemic hypoglycemia, familial, 2;Maturity-onset diabetes of the young type 13;Diabetes mellitus, permanent neonatal 2;Type 2 diabetes mellitus|Inborn genetic diseases",germline;somatic;unknown,germline/somatic,GRCh38,NC_000011.10,11,17387240,17387240,na,na,11p15.1,"criteria provided, multiple submitters, no conflicts",5,-,N,ClinGen:CA172348,2,158686,17387240,G,T,-,-,-,-,-,-,SCV000193337|SCV001087304|SCV002505650|SCV002805525|SCV006256310,-,-
168866,single nucleotide variant,NM_000525.4(KCNJ11):c.808C>G (p.Leu270Val),3767,KCNJ11,HGNC:6257,Conflicting classifications of pathogenicity,0,"Feb 03, 2026",1800467,-,RCV000146119|RCV000323784|RCV000372639|RCV000445429|RCV000576834|RCV001275132|RCV001516639|RCV001533236|RCV002226426,"MedGen:CN169374|MONDO:MONDO:0012522,MedGen:C1864623,OMIM:610582,Orphanet:99886|MONDO:MONDO:0014589,MedGen:C4225365,OMIM:616329,Orphanet:552|MONDO:MONDO:0015967,MedGen:C3888631,Orphanet:183625|MONDO:MONDO:0011153,MedGen:C2931833,OMIM:601820,Orphanet:276580,Orphanet:276603|MONDO:MONDO:0100164,MedGen:C1833104,OMIM:PS606176,Orphanet:99885|MedGen:C3661900|MONDO:MONDO:0030087,MedGen:C5394296,OMIM:618856|Human Phenotype Ontology:HP:0004904,MONDO:MONDO:0018911,MedGen:C0342276,OMIM:PS125850,Orphanet:552","not specified|Diabetes mellitus, transient neonatal, 3|Maturity-onset diabetes of the young type 13|Monogenic diabetes|Hyperinsulinemic hypoglycemia, familial, 2|Permanent neonatal diabetes mellitus|not provided|Diabetes mellitus, permanent neonatal 2|Maturity-onset diabetes of the young",germline;somatic;unknown,germline/somatic,GRCh37,NC_000011.9,11,17408831,17408831,na,na,11p15.1,"criteria provided, conflicting classifications",15,-,N,ClinGen:CA172346,2,158685,17408831,G,C,-,-,-,-,-,-,SCV000193336|SCV000304669|SCV000340114|SCV000369164|SCV000369165|SCV000369166|SCV000537077|SCV000677332|SCV001724944|SCV001749033|SCV001749034|SCV001749035|SCV001872360|SCV002505382,-,-
168866,single nucleotide variant,NM_000525.4(KCNJ11):c.808C>G (p.Leu270Val),3767,KCNJ11,HGNC:6257,Conflicting classifications of pathogenicity,0,"Feb 03, 2026",1800467,-,RCV000146119|RCV000323784|RCV000372639|RCV000445429|RCV000576834|RCV001275132|RCV001516639|RCV001533236|RCV002226426,"MedGen:CN169374|MONDO:MONDO:0012522,MedGen:C1864623,OMIM:610582,Orphanet:99886|MONDO:MONDO:0014589,MedGen:C4225365,OMIM:616329,Orphanet:552|MONDO:MONDO:0015967,MedGen:C3888631,Orphanet:183625|MONDO:MONDO:0011153,MedGen:C2931833,OMIM:601820,Orphanet:276580,Orphanet:276603|MONDO:MONDO:0100164,MedGen:C1833104,OMIM:PS606176,Orphanet:99885|MedGen:C3661900|MONDO:MONDO:0030087,MedGen:C5394296,OMIM:618856|Human Phenotype Ontology:HP:0004904,MONDO:MONDO:0018911,MedGen:C0342276,OMIM:PS125850,Orphanet:552","not specified|Diabetes mellitus, transient neonatal, 3|Maturity-onset diabetes of the young type 13|Monogenic diabetes|Hyperinsulinemic hypoglycemia, familial, 2|Permanent neonatal diabetes mellitus|not provided|Diabetes mellitus, permanent neonatal 2|Maturity-onset diabetes of the young",germline;somatic;unknown,germline/somatic,GRCh38,NC_000011.10,11,17387284,17387284,na,na,11p15.1,"criteria provided, conflicting classifications",15,-,N,ClinGen:CA172346,2,158685,17387284,G,C,-,-,-,-,-,-,SCV000193336|SCV000304669|SCV000340114|SCV000369164|SCV000369165|SCV000369166|SCV000537077|SCV000677332|SCV001724944|SCV001749033|SCV001749034|SCV001749035|SCV001872360|SCV002505382,-,-
168867,single nucleotide variant,NM_000525.4(KCNJ11):c.801C>G (p.Leu267=),3767,KCNJ11,HGNC:6257,Conflicting classifications of pathogenicity,0,"Feb 04, 2026",5216,-,RCV000146118|RCV000351492|RCV000381795|RCV000576711|RCV001520976|RCV001275133|RCV001533237|RCV002226688|RCV003993826,"MedGen:CN169374|MONDO:MONDO:0014589,MedGen:C4225365,OMIM:616329,Orphanet:552|MONDO:MONDO:0012522,MedGen:C1864623,OMIM:610582,Orphanet:99886|MONDO:MONDO:0011153,MedGen:C2931833,OMIM:601820,Orphanet:276580,Orphanet:276603|MedGen:C3661900|MONDO:MONDO:0100164,MedGen:C1833104,OMIM:PS606176,Orphanet:99885|MONDO:MONDO:0030087,MedGen:C5394296,OMIM:618856|Human Phenotype Ontology:HP:0005965,Human Phenotype Ontology:HP:0005978,Human Phenotype Ontology:HP:0100652,MONDO:MONDO:0005148,MeSH:D003924,MedGen:C0011860,OMIM:125853|Human Phenotype Ontology:HP:0000825,MONDO:MONDO:0005803,MedGen:C1864903,OMIM:PS256450,Orphanet:443095","not specified|Maturity-onset diabetes of the young type 13|Diabetes mellitus, transient neonatal, 3|Hyperinsulinemic hypoglycemia, familial, 2|not provided|Permanent neonatal diabetes mellitus|Diabetes mellitus, permanent neonatal 2|Type 2 diabetes mellitus|Hyperinsulinemic hypoglycemia",germline;somatic;unknown,germline/somatic,GRCh37,NC_000011.9,11,17408838,17408838,na,na,11p15.1,"criteria provided, conflicting classifications",16,-,N,ClinGen:CA172344,2,158684,17408838,G,C,-,-,-,-,-,-,SCV000193335|SCV000304668|SCV000341479|SCV000369170|SCV000369171|SCV000369172|SCV000677331|SCV001653344|SCV001730215|SCV001749036|SCV001749037|SCV001749038|SCV001861330|SCV002505463|SCV004562827|SCV004812474,-,-
168867,single nucleotide variant,NM_000525.4(KCNJ11):c.801C>G (p.Leu267=),3767,KCNJ11,HGNC:6257,Conflicting classifications of pathogenicity,0,"Feb 04, 2026",5216,-,RCV000146118|RCV000351492|RCV000381795|RCV000576711|RCV001520976|RCV001275133|RCV001533237|RCV002226688|RCV003993826,"MedGen:CN169374|MONDO:MONDO:0014589,MedGen:C4225365,OMIM:616329,Orphanet:552|MONDO:MONDO:0012522,MedGen:C1864623,OMIM:610582,Orphanet:99886|MONDO:MONDO:0011153,MedGen:C2931833,OMIM:601820,Orphanet:276580,Orphanet:276603|MedGen:C3661900|MONDO:MONDO:0100164,MedGen:C1833104,OMIM:PS606176,Orphanet:99885|MONDO:MONDO:0030087,MedGen:C5394296,OMIM:618856|Human Phenotype Ontology:HP:0005965,Human Phenotype Ontology:HP:0005978,Human Phenotype Ontology:HP:0100652,MONDO:MONDO:0005148,MeSH:D003924,MedGen:C0011860,OMIM:125853|Human Phenotype Ontology:HP:0000825,MONDO:MONDO:0005803,MedGen:C1864903,OMIM:PS256450,Orphanet:443095","not specified|Maturity-onset diabetes of the young type 13|Diabetes mellitus, transient neonatal, 3|Hyperinsulinemic hypoglycemia, familial, 2|not provided|Permanent neonatal diabetes mellitus|Diabetes mellitus, permanent neonatal 2|Type 2 diabetes mellitus|Hyperinsulinemic hypoglycemia",germline;somatic;unknown,germline/somatic,GRCh38,NC_000011.10,11,17387291,17387291,na,na,11p15.1,"criteria provided, conflicting classifications",16,-,N,ClinGen:CA172344,2,158684,17387291,G,C,-,-,-,-,-,-,SCV000193335|SCV000304668|SCV000341479|SCV000369170|SCV000369171|SCV000369172|SCV000677331|SCV001653344|SCV001730215|SCV001749036|SCV001749037|SCV001749038|SCV001861330|SCV002505463|SCV004562827|SCV004812474,-,-
168868,single nucleotide variant,NM_000525.4(KCNJ11):c.685G>A (p.Glu229Lys),3767,KCNJ11,HGNC:6257,Pathogenic/Likely risk allele,1,"Dec 01, 2025",587783673,-,RCV000146117|RCV002226687|RCV003338421|RCV003556188,"Human Phenotype Ontology:HP:0000819,Human Phenotype Ontology:HP:0004908,Human Phenotype Ontology:HP:0008217,Human Phenotype Ontology:HP:0008234,Human Phenotype Ontology:HP:0008260,MONDO:MONDO:0005015,MedGen:C0011849|Human Phenotype Ontology:HP:0005965,Human Phenotype Ontology:HP:0005978,Human Phenotype Ontology:HP:0100652,MONDO:MONDO:0005148,MeSH:D003924,MedGen:C0011860,OMIM:125853|MONDO:MONDO:0030087,MedGen:C5394296,OMIM:618856|MedGen:C3661900","Diabetes mellitus|Type 2 diabetes mellitus|Diabetes mellitus, permanent neonatal 2|not provided",germline;somatic,germline/somatic,GRCh37,NC_000011.9,11,17408954,17408954,na,na,11p15.1,"criteria provided, multiple submitters, no conflicts",5,-,N,ClinGen:CA172342,2,158683,17408954,C,T,-,-,-,-,-,-,SCV000193334|SCV002505459|SCV004048293|SCV004295360|SCV007493864,-,-
168868,single nucleotide variant,NM_000525.4(KCNJ11):c.685G>A (p.Glu229Lys),3767,KCNJ11,HGNC:6257,Pathogenic/Likely risk allele,1,"Dec 01, 2025",587783673,-,RCV000146117|RCV002226687|RCV003338421|RCV003556188,"Human Phenotype Ontology:HP:0000819,Human Phenotype Ontology:HP:0004908,Human Phenotype Ontology:HP:0008217,Human Phenotype Ontology:HP:0008234,Human Phenotype Ontology:HP:0008260,MONDO:MONDO:0005015,MedGen:C0011849|Human Phenotype Ontology:HP:0005965,Human Phenotype Ontology:HP:0005978,Human Phenotype Ontology:HP:0100652,MONDO:MONDO:0005148,MeSH:D003924,MedGen:C0011860,OMIM:125853|MONDO:MONDO:0030087,MedGen:C5394296,OMIM:618856|MedGen:C3661900","Diabetes mellitus|Type 2 diabetes mellitus|Diabetes mellitus, permanent neonatal 2|not provided",germline;somatic,germline/somatic,GRCh38,NC_000011.10,11,17387407,17387407,na,na,11p15.1,"criteria provided, multiple submitters, no conflicts",5,-,N,ClinGen:CA172342,2,158683,17387407,C,T,-,-,-,-,-,-,SCV000193334|SCV002505459|SCV004048293|SCV004295360|SCV007493864,-,-
168869,single nucleotide variant,NM_000525.4(KCNJ11):c.679G>A (p.Glu227Lys),3767,KCNJ11,HGNC:6257,Pathogenic/Likely pathogenic,1,"Jul 28, 2025",587783672,-,RCV000146115|RCV000170299|RCV001288659|RCV001329964|RCV002227076|RCV002051813,"Human Phenotype Ontology:HP:0000819,Human Phenotype Ontology:HP:0004908,Human Phenotype Ontology:HP:0008217,Human Phenotype Ontology:HP:0008234,Human Phenotype Ontology:HP:0008260,MONDO:MONDO:0005015,MedGen:C0011849|MONDO:MONDO:0014589,MedGen:C4225365,OMIM:616329,Orphanet:552|MedGen:C3661900|MONDO:MONDO:0012522,MedGen:C1864623,OMIM:610582,Orphanet:99886|Human Phenotype Ontology:HP:0004904,MONDO:MONDO:0018911,MedGen:C0342276,OMIM:PS125850,Orphanet:552|MONDO:MONDO:0016391,MedGen:C0158981,Orphanet:224","Diabetes mellitus|Maturity-onset diabetes of the young type 13|not provided|Diabetes mellitus, transient neonatal, 3|Maturity-onset diabetes of the young|Neonatal diabetes mellitus",germline;somatic;unknown,germline/somatic,GRCh37,NC_000011.9,11,17408960,17408960,na,na,11p15.1,"criteria provided, multiple submitters, no conflicts",10,-,N,"ClinGen:CA172340,OMIM:600937.0024",3,158682,17408960,C,T,-,-,-,-,-,-,SCV000193332|SCV001475935|SCV001521537|SCV001582809|SCV002318399|SCV007331108|SCV007346348,-,-
168869,single nucleotide variant,NM_000525.4(KCNJ11):c.679G>A (p.Glu227Lys),3767,KCNJ11,HGNC:6257,Pathogenic/Likely pathogenic,1,"Jul 28, 2025",587783672,-,RCV000146115|RCV000170299|RCV001288659|RCV001329964|RCV002227076|RCV002051813,"Human Phenotype Ontology:HP:0000819,Human Phenotype Ontology:HP:0004908,Human Phenotype Ontology:HP:0008217,Human Phenotype Ontology:HP:0008234,Human Phenotype Ontology:HP:0008260,MONDO:MONDO:0005015,MedGen:C0011849|MONDO:MONDO:0014589,MedGen:C4225365,OMIM:616329,Orphanet:552|MedGen:C3661900|MONDO:MONDO:0012522,MedGen:C1864623,OMIM:610582,Orphanet:99886|Human Phenotype Ontology:HP:0004904,MONDO:MONDO:0018911,MedGen:C0342276,OMIM:PS125850,Orphanet:552|MONDO:MONDO:0016391,MedGen:C0158981,Orphanet:224","Diabetes mellitus|Maturity-onset diabetes of the young type 13|not provided|Diabetes mellitus, transient neonatal, 3|Maturity-onset diabetes of the young|Neonatal diabetes mellitus",germline;somatic;unknown,germline/somatic,GRCh38,NC_000011.10,11,17387413,17387413,na,na,11p15.1,"criteria provided, multiple submitters, no conflicts",10,-,N,"ClinGen:CA172340,OMIM:600937.0024",3,158682,17387413,C,T,-,-,-,-,-,-,SCV000193332|SCV001475935|SCV001521537|SCV001582809|SCV002318399|SCV007331108|SCV007346348,-,-
168870,single nucleotide variant,NM_000525.4(KCNJ11):c.584G>A (p.Arg195His),3767,KCNJ11,HGNC:6257,Conflicting classifications of pathogenicity,0,"Jan 25, 2026",5217,-,RCV000146112|RCV000883944|RCV001275135|RCV002227075|RCV004532652|RCV005430501,"MedGen:CN169374|MedGen:C3661900|MONDO:MONDO:0100164,MedGen:C1833104,OMIM:PS606176,Orphanet:99885|Human Phenotype Ontology:HP:0004904,MONDO:MONDO:0018911,MedGen:C0342276,OMIM:PS125850,Orphanet:552||MONDO:MONDO:0012522,MedGen:C1864623,OMIM:610582,Orphanet:99886;MONDO:MONDO:0011153,MedGen:C2931833,OMIM:601820,Orphanet:276580,Orphanet:276603;MONDO:MONDO:0100165,MedGen:C5393570,OMIM:606176","not specified|not provided|Permanent neonatal diabetes mellitus|Maturity-onset diabetes of the young|KCNJ11-related disorder|Diabetes mellitus, transient neonatal, 3;Hyperinsulinemic hypoglycemia, familial, 2;Permanent neonatal diabetes mellitus 1",germline;somatic;unknown,germline/somatic,GRCh37,NC_000011.9,11,17409055,17409055,na,na,11p15.1,"criteria provided, conflicting classifications",10,-,N,ClinGen:CA172338,2,158681,17409055,C,T,-,-,-,-,-,-,SCV000193329|SCV001027287|SCV001144382|SCV001791770|SCV002506477|SCV005422906|SCV007332988,-,-
168870,single nucleotide variant,NM_000525.4(KCNJ11):c.584G>A (p.Arg195His),3767,KCNJ11,HGNC:6257,Conflicting classifications of pathogenicity,0,"Jan 25, 2026",5217,-,RCV000146112|RCV000883944|RCV001275135|RCV002227075|RCV004532652|RCV005430501,"MedGen:CN169374|MedGen:C3661900|MONDO:MONDO:0100164,MedGen:C1833104,OMIM:PS606176,Orphanet:99885|Human Phenotype Ontology:HP:0004904,MONDO:MONDO:0018911,MedGen:C0342276,OMIM:PS125850,Orphanet:552||MONDO:MONDO:0012522,MedGen:C1864623,OMIM:610582,Orphanet:99886;MONDO:MONDO:0011153,MedGen:C2931833,OMIM:601820,Orphanet:276580,Orphanet:276603;MONDO:MONDO:0100165,MedGen:C5393570,OMIM:606176","not specified|not provided|Permanent neonatal diabetes mellitus|Maturity-onset diabetes of the young|KCNJ11-related disorder|Diabetes mellitus, transient neonatal, 3;Hyperinsulinemic hypoglycemia, familial, 2;Permanent neonatal diabetes mellitus 1",germline;somatic;unknown,germline/somatic,GRCh38,NC_000011.10,11,17387508,17387508,na,na,11p15.1,"criteria provided, conflicting classifications",10,-,N,ClinGen:CA172338,2,158681,17387508,C,T,-,-,-,-,-,-,SCV000193329|SCV001027287|SCV001144382|SCV001791770|SCV002506477|SCV005422906|SCV007332988,-,-
168871,single nucleotide variant,NM_000525.4(KCNJ11):c.570C>T (p.Ala190=),3767,KCNJ11,HGNC:6257,Benign/Likely benign,0,"Feb 04, 2026",5218,-,RCV000146111|RCV000300958|RCV000353536|RCV000576830|RCV001275136|RCV001520555,"MedGen:CN169374|MONDO:MONDO:0012522,MedGen:C1864623,OMIM:610582,Orphanet:99886|MONDO:MONDO:0014589,MedGen:C4225365,OMIM:616329,Orphanet:552|MONDO:MONDO:0011153,MedGen:C2931833,OMIM:601820,Orphanet:276580,Orphanet:276603|MONDO:MONDO:0100164,MedGen:C1833104,OMIM:PS606176,Orphanet:99885|MedGen:C3661900","not specified|Diabetes mellitus, transient neonatal, 3|Maturity-onset diabetes of the young type 13|Hyperinsulinemic hypoglycemia, familial, 2|Permanent neonatal diabetes mellitus|not provided",germline,germline,GRCh37,NC_000011.9,11,17409069,17409069,na,na,11p15.1,"criteria provided, multiple submitters, no conflicts",9,-,N,ClinGen:CA172336,2,158680,17409069,G,A,-,-,-,-,-,-,SCV000193328|SCV000304666|SCV000369176|SCV000369177|SCV000369178|SCV000677329|SCV001729677|SCV001873066|SCV005221358|SCV007308858,-,-
168871,single nucleotide variant,NM_000525.4(KCNJ11):c.570C>T (p.Ala190=),3767,KCNJ11,HGNC:6257,Benign/Likely benign,0,"Feb 04, 2026",5218,-,RCV000146111|RCV000300958|RCV000353536|RCV000576830|RCV001275136|RCV001520555,"MedGen:CN169374|MONDO:MONDO:0012522,MedGen:C1864623,OMIM:610582,Orphanet:99886|MONDO:MONDO:0014589,MedGen:C4225365,OMIM:616329,Orphanet:552|MONDO:MONDO:0011153,MedGen:C2931833,OMIM:601820,Orphanet:276580,Orphanet:276603|MONDO:MONDO:0100164,MedGen:C1833104,OMIM:PS606176,Orphanet:99885|MedGen:C3661900","not specified|Diabetes mellitus, transient neonatal, 3|Maturity-onset diabetes of the young type 13|Hyperinsulinemic hypoglycemia, familial, 2|Permanent neonatal diabetes mellitus|not provided",germline,germline,GRCh38,NC_000011.10,11,17387522,17387522,na,na,11p15.1,"criteria provided, multiple submitters, no conflicts",9,-,N,ClinGen:CA172336,2,158680,17387522,G,A,-,-,-,-,-,-,SCV000193328|SCV000304666|SCV000369176|SCV000369177|SCV000369178|SCV000677329|SCV001729677|SCV001873066|SCV005221358|SCV007308858,-,-
168872,single nucleotide variant,NM_000525.4(KCNJ11):c.536A>C (p.Glu179Ala),3767,KCNJ11,HGNC:6257,Conflicting classifications of pathogenicity,1,"Feb 08, 2013",587783671,-,RCV000146109|RCV002226686,"Human Phenotype Ontology:HP:0000857,MedGen:C3278636|Human Phenotype Ontology:HP:0001998,MedGen:C0158986",Neonatal insulin-dependent diabetes mellitus|Neonatal hypoglycemia,germline;somatic,germline/somatic,GRCh37,NC_000011.9,11,17409103,17409103,na,na,11p15.1,"criteria provided, conflicting classifications",2,-,N,ClinGen:CA172332,2,158678,17409103,T,G,-,-,-,-,-,-,SCV000193326|SCV002505457,-,-
168872,single nucleotide variant,NM_000525.4(KCNJ11):c.536A>C (p.Glu179Ala),3767,KCNJ11,HGNC:6257,Conflicting classifications of pathogenicity,1,"Feb 08, 2013",587783671,-,RCV000146109|RCV002226686,"Human Phenotype Ontology:HP:0000857,MedGen:C3278636|Human Phenotype Ontology:HP:0001998,MedGen:C0158986",Neonatal insulin-dependent diabetes mellitus|Neonatal hypoglycemia,germline;somatic,germline/somatic,GRCh38,NC_000011.10,11,17387556,17387556,na,na,11p15.1,"criteria provided, conflicting classifications",2,-,N,ClinGen:CA172332,2,158678,17387556,T,G,-,-,-,-,-,-,SCV000193326|SCV002505457,-,-
168873,single nucleotide variant,NM_000525.4(KCNJ11):c.521C>G (p.Ala174Gly),3767,KCNJ11,HGNC:6257,Pathogenic,1,"Feb 08, 2013",587783670,-,RCV000146108,"Human Phenotype Ontology:HP:0000857,MedGen:C3278636",Neonatal insulin-dependent diabetes mellitus,germline,germline,GRCh37,NC_000011.9,11,17409118,17409118,na,na,11p15.1,"criteria provided, single submitter",1,-,N,ClinGen:CA172330,2,158677,17409118,G,C,-,-,-,-,-,-,SCV000193325,-,-
168873,single nucleotide variant,NM_000525.4(KCNJ11):c.521C>G (p.Ala174Gly),3767,KCNJ11,HGNC:6257,Pathogenic,1,"Feb 08, 2013",587783670,-,RCV000146108,"Human Phenotype Ontology:HP:0000857,MedGen:C3278636",Neonatal insulin-dependent diabetes mellitus,germline,germline,GRCh38,NC_000011.10,11,17387571,17387571,na,na,11p15.1,"criteria provided, single submitter",1,-,N,ClinGen:CA172330,2,158677,17387571,G,C,-,-,-,-,-,-,SCV000193325,-,-
168874,single nucleotide variant,NM_000525.4(KCNJ11):c.498C>G (p.Cys166Trp),3767,KCNJ11,HGNC:6257,Likely pathogenic,1,"Oct 31, 2013",587783669,-,RCV000146107,"Human Phenotype Ontology:HP:0000819,Human Phenotype Ontology:HP:0004908,Human Phenotype Ontology:HP:0008217,Human Phenotype Ontology:HP:0008234,Human Phenotype Ontology:HP:0008260,MONDO:MONDO:0005015,MedGen:C0011849",Diabetes mellitus,germline,germline,GRCh37,NC_000011.9,11,17409141,17409141,na,na,11p15.1,"criteria provided, single submitter",1,-,N,ClinGen:CA172328,2,158676,17409141,G,C,-,-,-,-,-,-,SCV000193324,-,-
168874,single nucleotide variant,NM_000525.4(KCNJ11):c.498C>G (p.Cys166Trp),3767,KCNJ11,HGNC:6257,Likely pathogenic,1,"Oct 31, 2013",587783669,-,RCV000146107,"Human Phenotype Ontology:HP:0000819,Human Phenotype Ontology:HP:0004908,Human Phenotype Ontology:HP:0008217,Human Phenotype Ontology:HP:0008234,Human Phenotype Ontology:HP:0008260,MONDO:MONDO:0005015,MedGen:C0011849",Diabetes mellitus,germline,germline,GRCh38,NC_000011.10,11,17387594,17387594,na,na,11p15.1,"criteria provided, single submitter",1,-,N,ClinGen:CA172328,2,158676,17387594,G,C,-,-,-,-,-,-,SCV000193324,-,-
168875,single nucleotide variant,NM_000525.4(KCNJ11):c.463G>A (p.Val155Met),3767,KCNJ11,HGNC:6257,Uncertain significance,0,"Sep 24, 2021",587783668,-,RCV000146106|RCV001277850|RCV002227074|RCV002483282|RCV002514817|RCV005430210,"Human Phenotype Ontology:HP:0000819,Human Phenotype Ontology:HP:0004908,Human Phenotype Ontology:HP:0008217,Human Phenotype Ontology:HP:0008234,Human Phenotype Ontology:HP:0008260,MONDO:MONDO:0005015,MedGen:C0011849|MONDO:MONDO:0100164,MedGen:C1833104,OMIM:PS606176,Orphanet:99885|Human Phenotype Ontology:HP:0004904,MONDO:MONDO:0018911,MedGen:C0342276,OMIM:PS125850,Orphanet:552|MONDO:MONDO:0012522,MedGen:C1864623,OMIM:610582,Orphanet:99886;MONDO:MONDO:0011153,MedGen:C2931833,OMIM:601820,Orphanet:276580,Orphanet:276603;MONDO:MONDO:0014589,MedGen:C4225365,OMIM:616329,Orphanet:552;MONDO:MONDO:0030087,MedGen:C5394296,OMIM:618856;Human Phenotype Ontology:HP:0005965,Human Phenotype Ontology:HP:0005978,Human Phenotype Ontology:HP:0100652,MONDO:MONDO:0005148,MeSH:D003924,MedGen:C0011860,OMIM:125853|MedGen:C3661900|MONDO:MONDO:0012522,MedGen:C1864623,OMIM:610582,Orphanet:99886;MONDO:MONDO:0011153,MedGen:C2931833,OMIM:601820,Orphanet:276580,Orphanet:276603;MONDO:MONDO:0100165,MedGen:C5393570,OMIM:606176","Diabetes mellitus|Permanent neonatal diabetes mellitus|Maturity-onset diabetes of the young|Diabetes mellitus, transient neonatal, 3;Hyperinsulinemic hypoglycemia, familial, 2;Maturity-onset diabetes of the young type 13;Diabetes mellitus, permanent neonatal 2;Type 2 diabetes mellitus|not provided|Diabetes mellitus, transient neonatal, 3;Hyperinsulinemic hypoglycemia, familial, 2;Permanent neonatal diabetes mellitus 1",germline;somatic;unknown,germline/somatic,GRCh37,NC_000011.9,11,17409176,17409176,na,na,11p15.1,"criteria provided, multiple submitters, no conflicts",6,-,N,ClinGen:CA172326,2,158675,17409176,C,T,-,-,-,-,-,-,SCV000193323|SCV002506461|SCV002786379|SCV003516446,-,-
168875,single nucleotide variant,NM_000525.4(KCNJ11):c.463G>A (p.Val155Met),3767,KCNJ11,HGNC:6257,Uncertain significance,0,"Sep 24, 2021",587783668,-,RCV000146106|RCV001277850|RCV002227074|RCV002483282|RCV002514817|RCV005430210,"Human Phenotype Ontology:HP:0000819,Human Phenotype Ontology:HP:0004908,Human Phenotype Ontology:HP:0008217,Human Phenotype Ontology:HP:0008234,Human Phenotype Ontology:HP:0008260,MONDO:MONDO:0005015,MedGen:C0011849|MONDO:MONDO:0100164,MedGen:C1833104,OMIM:PS606176,Orphanet:99885|Human Phenotype Ontology:HP:0004904,MONDO:MONDO:0018911,MedGen:C0342276,OMIM:PS125850,Orphanet:552|MONDO:MONDO:0012522,MedGen:C1864623,OMIM:610582,Orphanet:99886;MONDO:MONDO:0011153,MedGen:C2931833,OMIM:601820,Orphanet:276580,Orphanet:276603;MONDO:MONDO:0014589,MedGen:C4225365,OMIM:616329,Orphanet:552;MONDO:MONDO:0030087,MedGen:C5394296,OMIM:618856;Human Phenotype Ontology:HP:0005965,Human Phenotype Ontology:HP:0005978,Human Phenotype Ontology:HP:0100652,MONDO:MONDO:0005148,MeSH:D003924,MedGen:C0011860,OMIM:125853|MedGen:C3661900|MONDO:MONDO:0012522,MedGen:C1864623,OMIM:610582,Orphanet:99886;MONDO:MONDO:0011153,MedGen:C2931833,OMIM:601820,Orphanet:276580,Orphanet:276603;MONDO:MONDO:0100165,MedGen:C5393570,OMIM:606176","Diabetes mellitus|Permanent neonatal diabetes mellitus|Maturity-onset diabetes of the young|Diabetes mellitus, transient neonatal, 3;Hyperinsulinemic hypoglycemia, familial, 2;Maturity-onset diabetes of the young type 13;Diabetes mellitus, permanent neonatal 2;Type 2 diabetes mellitus|not provided|Diabetes mellitus, transient neonatal, 3;Hyperinsulinemic hypoglycemia, familial, 2;Permanent neonatal diabetes mellitus 1",germline;somatic;unknown,germline/somatic,GRCh38,NC_000011.10,11,17387629,17387629,na,na,11p15.1,"criteria provided, multiple submitters, no conflicts",6,-,N,ClinGen:CA172326,2,158675,17387629,C,T,-,-,-,-,-,-,SCV000193323|SCV002506461|SCV002786379|SCV003516446,-,-
168876,single nucleotide variant,NM_000525.4(KCNJ11):c.161G>A (p.Arg54His),3767,KCNJ11,HGNC:6257,Conflicting classifications of pathogenicity,1,"Oct 10, 2025",587783666,-,RCV000146103|RCV002227072|RCV003445560|RCV005089683,"MONDO:MONDO:0011153,MedGen:C2931833,OMIM:601820,Orphanet:276580,Orphanet:276603|Human Phenotype Ontology:HP:0000825,MONDO:MONDO:0005803,MedGen:C1864903,OMIM:PS256450,Orphanet:443095|MONDO:MONDO:0014589,MedGen:C4225365,OMIM:616329,Orphanet:552|MedGen:C3661900","Hyperinsulinemic hypoglycemia, familial, 2|Hyperinsulinemic hypoglycemia|Maturity-onset diabetes of the young type 13|not provided",germline;somatic,germline/somatic,GRCh37,NC_000011.9,11,17409478,17409478,na,na,11p15.1,"criteria provided, conflicting classifications",4,-,N,ClinGen:CA271562,2,158673,17409478,C,T,-,-,-,-,-,-,SCV000193320|SCV002505933|SCV005835828,-,-
168876,single nucleotide variant,NM_000525.4(KCNJ11):c.161G>A (p.Arg54His),3767,KCNJ11,HGNC:6257,Conflicting classifications of pathogenicity,1,"Oct 10, 2025",587783666,-,RCV000146103|RCV002227072|RCV003445560|RCV005089683,"MONDO:MONDO:0011153,MedGen:C2931833,OMIM:601820,Orphanet:276580,Orphanet:276603|Human Phenotype Ontology:HP:0000825,MONDO:MONDO:0005803,MedGen:C1864903,OMIM:PS256450,Orphanet:443095|MONDO:MONDO:0014589,MedGen:C4225365,OMIM:616329,Orphanet:552|MedGen:C3661900","Hyperinsulinemic hypoglycemia, familial, 2|Hyperinsulinemic hypoglycemia|Maturity-onset diabetes of the young type 13|not provided",germline;somatic,germline/somatic,GRCh38,NC_000011.10,11,17387931,17387931,na,na,11p15.1,"criteria provided, conflicting classifications",4,-,N,ClinGen:CA271562,2,158673,17387931,C,T,-,-,-,-,-,-,SCV000193320|SCV002505933|SCV005835828,-,-
168878,single nucleotide variant,NM_000525.4(KCNJ11):c.28G>A (p.Glu10Lys),3767,KCNJ11,HGNC:6257,Conflicting classifications of pathogenicity,0,"Feb 08, 2013",587783667,-,RCV000146105|RCV002227073,"MedGen:CN169374|Human Phenotype Ontology:HP:0004904,MONDO:MONDO:0018911,MedGen:C0342276,OMIM:PS125850,Orphanet:552",not specified|Maturity-onset diabetes of the young,germline;somatic,germline/somatic,GRCh37,NC_000011.9,11,17409611,17409611,na,na,11p15.1,"criteria provided, conflicting classifications",2,-,N,ClinGen:CA172324,2,158674,17409611,C,T,-,-,-,-,-,-,SCV000193322|SCV002506486,-,-
168878,single nucleotide variant,NM_000525.4(KCNJ11):c.28G>A (p.Glu10Lys),3767,KCNJ11,HGNC:6257,Conflicting classifications of pathogenicity,0,"Feb 08, 2013",587783667,-,RCV000146105|RCV002227073,"MedGen:CN169374|Human Phenotype Ontology:HP:0004904,MONDO:MONDO:0018911,MedGen:C0342276,OMIM:PS125850,Orphanet:552",not specified|Maturity-onset diabetes of the young,germline;somatic,germline/somatic,GRCh38,NC_000011.10,11,17388064,17388064,na,na,11p15.1,"criteria provided, conflicting classifications",2,-,N,ClinGen:CA172324,2,158674,17388064,C,T,-,-,-,-,-,-,SCV000193322|SCV002506486,-,-
168879,single nucleotide variant,NM_000525.4(KCNJ11):c.8C>G (p.Ser3Cys),3767,KCNJ11,HGNC:6257,Pathogenic,1,"Feb 08, 2013",587783674,-,RCV000146121,"Human Phenotype Ontology:HP:0000857,MedGen:C3278636",Neonatal insulin-dependent diabetes mellitus,germline,germline,GRCh37,NC_000011.9,11,17409631,17409631,na,na,11p15.1,"criteria provided, single submitter",1,-,N,ClinGen:CA172350,2,158687,17409631,G,C,-,-,-,-,-,-,SCV000193338,-,-
168879,single nucleotide variant,NM_000525.4(KCNJ11):c.8C>G (p.Ser3Cys),3767,KCNJ11,HGNC:6257,Pathogenic,1,"Feb 08, 2013",587783674,-,RCV000146121,"Human Phenotype Ontology:HP:0000857,MedGen:C3278636",Neonatal insulin-dependent diabetes mellitus,germline,germline,GRCh38,NC_000011.10,11,17388084,17388084,na,na,11p15.1,"criteria provided, single submitter",1,-,N,ClinGen:CA172350,2,158687,17388084,G,C,-,-,-,-,-,-,SCV000193338,-,-
186811,single nucleotide variant,NM_000352.6(ABCC8):c.4628T>C (p.Leu1543Pro),6833,ABCC8,HGNC:59,Pathogenic/Likely pathogenic,1,"Jan 19, 2026",72559713,-,RCV000169185|RCV000800626|RCV001826866|RCV002492687|RCV003468836|RCV004535147,"MONDO:MONDO:0009734,MedGen:C2931832,OMIM:256450,Orphanet:276575,Orphanet:276598|MedGen:C3661900||MONDO:MONDO:0012480,MedGen:C1835887,OMIM:610374,Orphanet:99886;MONDO:MONDO:0030088,MedGen:C5394303,OMIM:618857;MONDO:MONDO:0009734,MedGen:C2931832,OMIM:256450,Orphanet:276575,Orphanet:276598;MONDO:MONDO:0009415,MedGen:C0271714,OMIM:240800;Human Phenotype Ontology:HP:0005965,Human Phenotype Ontology:HP:0005978,Human Phenotype Ontology:HP:0100652,MONDO:MONDO:0005148,MeSH:D003924,MedGen:C0011860,OMIM:125853|Human Phenotype Ontology:HP:0005965,Human Phenotype Ontology:HP:0005978,Human Phenotype Ontology:HP:0100652,MONDO:MONDO:0005148,MeSH:D003924,MedGen:C0011860,OMIM:125853|","Hyperinsulinemic hypoglycemia, familial, 1|not provided|Hereditary hyperinsulinism|Diabetes mellitus, transient neonatal, 2;Diabetes mellitus, permanent neonatal 3;Hyperinsulinemic hypoglycemia, familial, 1;Leucine-induced hypoglycemia;Type 2 diabetes mellitus|Type 2 diabetes mellitus|ABCC8-related disorder",germline;unknown,germline,GRCh37,NC_000011.9,11,17414656,17414656,na,na,11p15.1,"criteria provided, multiple submitters, no conflicts",8,-,N,"ClinGen:CA274017,UniProtKB:Q09428#VAR_015010",2,188836,17414656,A,G,-,-,-,-,-,-,SCV000592989|SCV000940355|SCV002797611|SCV004026514|SCV004120041|SCV004190524,-,-
186811,single nucleotide variant,NM_000352.6(ABCC8):c.4628T>C (p.Leu1543Pro),6833,ABCC8,HGNC:59,Pathogenic/Likely pathogenic,1,"Jan 19, 2026",72559713,-,RCV000169185|RCV000800626|RCV001826866|RCV002492687|RCV003468836|RCV004535147,"MONDO:MONDO:0009734,MedGen:C2931832,OMIM:256450,Orphanet:276575,Orphanet:276598|MedGen:C3661900||MONDO:MONDO:0012480,MedGen:C1835887,OMIM:610374,Orphanet:99886;MONDO:MONDO:0030088,MedGen:C5394303,OMIM:618857;MONDO:MONDO:0009734,MedGen:C2931832,OMIM:256450,Orphanet:276575,Orphanet:276598;MONDO:MONDO:0009415,MedGen:C0271714,OMIM:240800;Human Phenotype Ontology:HP:0005965,Human Phenotype Ontology:HP:0005978,Human Phenotype Ontology:HP:0100652,MONDO:MONDO:0005148,MeSH:D003924,MedGen:C0011860,OMIM:125853|Human Phenotype Ontology:HP:0005965,Human Phenotype Ontology:HP:0005978,Human Phenotype Ontology:HP:0100652,MONDO:MONDO:0005148,MeSH:D003924,MedGen:C0011860,OMIM:125853|","Hyperinsulinemic hypoglycemia, familial, 1|not provided|Hereditary hyperinsulinism|Diabetes mellitus, transient neonatal, 2;Diabetes mellitus, permanent neonatal 3;Hyperinsulinemic hypoglycemia, familial, 1;Leucine-induced hypoglycemia;Type 2 diabetes mellitus|Type 2 diabetes mellitus|ABCC8-related disorder",germline;unknown,germline,GRCh38,NC_000011.10,11,17393109,17393109,na,na,11p15.1,"criteria provided, multiple submitters, no conflicts",8,-,N,"ClinGen:CA274017,UniProtKB:Q09428#VAR_015010",2,188836,17393109,A,G,-,-,-,-,-,-,SCV000592989|SCV000940355|SCV002797611|SCV004026514|SCV004120041|SCV004190524,-,-
186812,single nucleotide variant,NM_000352.6(ABCC8):c.4411G>A (p.Asp1471Asn),6833,ABCC8,HGNC:59,Pathogenic,1,"Sep 18, 2025",72559716,-,RCV000169299|RCV000586940|RCV001277177|RCV001385864|RCV003468839|RCV004545752|RCV005042353|RCV006636212,"MONDO:MONDO:0009734,MedGen:C2931832,OMIM:256450,Orphanet:276575,Orphanet:276598|MONDO:MONDO:0017182,MedGen:C3888018,Orphanet:276525||MedGen:C3661900|Human Phenotype Ontology:HP:0005965,Human Phenotype Ontology:HP:0005978,Human Phenotype Ontology:HP:0100652,MONDO:MONDO:0005148,MeSH:D003924,MedGen:C0011860,OMIM:125853||Human Phenotype Ontology:HP:0005965,Human Phenotype Ontology:HP:0005978,Human Phenotype Ontology:HP:0100652,MONDO:MONDO:0005148,MeSH:D003924,MedGen:C0011860,OMIM:125853;MONDO:MONDO:0030088,MedGen:C5394303,OMIM:618857;MONDO:MONDO:0012480,MedGen:C1835887,OMIM:610374,Orphanet:99886;MONDO:MONDO:0009734,MedGen:C2931832,OMIM:256450,Orphanet:276575,Orphanet:276598;MONDO:MONDO:0009415,MedGen:C0271714,OMIM:240800|","Hyperinsulinemic hypoglycemia, familial, 1|Familial hyperinsulinism|Hereditary hyperinsulinism|not provided|Type 2 diabetes mellitus|ABCC8-related disorder|Type 2 diabetes mellitus;Diabetes mellitus, permanent neonatal 3;Diabetes mellitus, transient neonatal, 2;Hyperinsulinemic hypoglycemia, familial, 1;Leucine-induced hypoglycemia|ABCC8-related channelopathies",germline;unknown,germline,GRCh37,NC_000011.9,11,17416719,17416719,na,na,11p15.1,"criteria provided, multiple submitters, no conflicts",9,-,N,ClinGen:CA274147,2,188931,17416719,C,T,-,-,-,-,-,-,SCV000696591|SCV000914500|SCV001585867|SCV001984815|SCV004026579|SCV004197210|SCV005676657|SCV007521221,-,-
186812,single nucleotide variant,NM_000352.6(ABCC8):c.4411G>A (p.Asp1471Asn),6833,ABCC8,HGNC:59,Pathogenic,1,"Sep 18, 2025",72559716,-,RCV000169299|RCV000586940|RCV001277177|RCV001385864|RCV003468839|RCV004545752|RCV005042353|RCV006636212,"MONDO:MONDO:0009734,MedGen:C2931832,OMIM:256450,Orphanet:276575,Orphanet:276598|MONDO:MONDO:0017182,MedGen:C3888018,Orphanet:276525||MedGen:C3661900|Human Phenotype Ontology:HP:0005965,Human Phenotype Ontology:HP:0005978,Human Phenotype Ontology:HP:0100652,MONDO:MONDO:0005148,MeSH:D003924,MedGen:C0011860,OMIM:125853||Human Phenotype Ontology:HP:0005965,Human Phenotype Ontology:HP:0005978,Human Phenotype Ontology:HP:0100652,MONDO:MONDO:0005148,MeSH:D003924,MedGen:C0011860,OMIM:125853;MONDO:MONDO:0030088,MedGen:C5394303,OMIM:618857;MONDO:MONDO:0012480,MedGen:C1835887,OMIM:610374,Orphanet:99886;MONDO:MONDO:0009734,MedGen:C2931832,OMIM:256450,Orphanet:276575,Orphanet:276598;MONDO:MONDO:0009415,MedGen:C0271714,OMIM:240800|","Hyperinsulinemic hypoglycemia, familial, 1|Familial hyperinsulinism|Hereditary hyperinsulinism|not provided|Type 2 diabetes mellitus|ABCC8-related disorder|Type 2 diabetes mellitus;Diabetes mellitus, permanent neonatal 3;Diabetes mellitus, transient neonatal, 2;Hyperinsulinemic hypoglycemia, familial, 1;Leucine-induced hypoglycemia|ABCC8-related channelopathies",germline;unknown,germline,GRCh38,NC_000011.10,11,17395172,17395172,na,na,11p15.1,"criteria provided, multiple submitters, no conflicts",9,-,N,ClinGen:CA274147,2,188931,17395172,C,T,-,-,-,-,-,-,SCV000696591|SCV000914500|SCV001585867|SCV001984815|SCV004026579|SCV004197210|SCV005676657|SCV007521221,-,-
186813,Indel,NM_000352.6(ABCC8):c.3124_3126delinsCAGCCAGGAACTG (p.Thr1042fs),6833,ABCC8,HGNC:59,Pathogenic/Likely pathogenic,1,"May 31, 2024",786204542,-,RCV000169253|RCV001244754|RCV005049450,"MONDO:MONDO:0009734,MedGen:C2931832,OMIM:256450,Orphanet:276575,Orphanet:276598|MedGen:C3661900|MONDO:MONDO:0012480,MedGen:C1835887,OMIM:610374,Orphanet:99886;MONDO:MONDO:0030088,MedGen:C5394303,OMIM:618857;MONDO:MONDO:0009734,MedGen:C2931832,OMIM:256450,Orphanet:276575,Orphanet:276598;MONDO:MONDO:0009415,MedGen:C0271714,OMIM:240800;Human Phenotype Ontology:HP:0005965,Human Phenotype Ontology:HP:0005978,Human Phenotype Ontology:HP:0100652,MONDO:MONDO:0005148,MeSH:D003924,MedGen:C0011860,OMIM:125853","Hyperinsulinemic hypoglycemia, familial, 1|not provided|Diabetes mellitus, transient neonatal, 2;Diabetes mellitus, permanent neonatal 3;Hyperinsulinemic hypoglycemia, familial, 1;Leucine-induced hypoglycemia;Type 2 diabetes mellitus",germline;unknown,germline,GRCh37,NC_000011.9,11,17428471,17428473,na,na,11p15.1,"criteria provided, multiple submitters, no conflicts",4,-,N,ClinGen:CA274090,2,188894,17428471,GGT,CAGTTCCTGGCTG,-,-,-,-,-,-,SCV001417997|SCV005418589|SCV005676300,-,-
186813,Indel,NM_000352.6(ABCC8):c.3124_3126delinsCAGCCAGGAACTG (p.Thr1042fs),6833,ABCC8,HGNC:59,Pathogenic/Likely pathogenic,1,"May 31, 2024",786204542,-,RCV000169253|RCV001244754|RCV005049450,"MONDO:MONDO:0009734,MedGen:C2931832,OMIM:256450,Orphanet:276575,Orphanet:276598|MedGen:C3661900|MONDO:MONDO:0012480,MedGen:C1835887,OMIM:610374,Orphanet:99886;MONDO:MONDO:0030088,MedGen:C5394303,OMIM:618857;MONDO:MONDO:0009734,MedGen:C2931832,OMIM:256450,Orphanet:276575,Orphanet:276598;MONDO:MONDO:0009415,MedGen:C0271714,OMIM:240800;Human Phenotype Ontology:HP:0005965,Human Phenotype Ontology:HP:0005978,Human Phenotype Ontology:HP:0100652,MONDO:MONDO:0005148,MeSH:D003924,MedGen:C0011860,OMIM:125853","Hyperinsulinemic hypoglycemia, familial, 1|not provided|Diabetes mellitus, transient neonatal, 2;Diabetes mellitus, permanent neonatal 3;Hyperinsulinemic hypoglycemia, familial, 1;Leucine-induced hypoglycemia;Type 2 diabetes mellitus",germline;unknown,germline,GRCh38,NC_000011.10,11,17406924,17406926,na,na,11p15.1,"criteria provided, multiple submitters, no conflicts",4,-,N,ClinGen:CA274090,2,188894,17406924,GGT,CAGTTCCTGGCTG,-,-,-,-,-,-,SCV001417997|SCV005418589|SCV005676300,-,-
186814,single nucleotide variant,NM_000352.6(ABCC8):c.2857C>T (p.Gln953Ter),6833,ABCC8,HGNC:59,Pathogenic/Likely pathogenic,1,"May 08, 2024",541269678,-,RCV000169265|RCV000780808|RCV001040693|RCV002505223|RCV004567366,"MONDO:MONDO:0009734,MedGen:C2931832,OMIM:256450,Orphanet:276575,Orphanet:276598|MONDO:MONDO:0017182,MedGen:C3888018,Orphanet:276525|MedGen:C3661900|MONDO:MONDO:0012480,MedGen:C1835887,OMIM:610374,Orphanet:99886;MONDO:MONDO:0030088,MedGen:C5394303,OMIM:618857;MONDO:MONDO:0009734,MedGen:C2931832,OMIM:256450,Orphanet:276575,Orphanet:276598;MONDO:MONDO:0009415,MedGen:C0271714,OMIM:240800;Human Phenotype Ontology:HP:0005965,Human Phenotype Ontology:HP:0005978,Human Phenotype Ontology:HP:0100652,MONDO:MONDO:0005148,MeSH:D003924,MedGen:C0011860,OMIM:125853|Human Phenotype Ontology:HP:0005965,Human Phenotype Ontology:HP:0005978,Human Phenotype Ontology:HP:0100652,MONDO:MONDO:0005148,MeSH:D003924,MedGen:C0011860,OMIM:125853","Hyperinsulinemic hypoglycemia, familial, 1|Familial hyperinsulinism|not provided|Diabetes mellitus, transient neonatal, 2;Diabetes mellitus, permanent neonatal 3;Hyperinsulinemic hypoglycemia, familial, 1;Leucine-induced hypoglycemia;Type 2 diabetes mellitus|Type 2 diabetes mellitus",germline;paternal;unknown,germline,GRCh37,NC_000011.9,11,17428964,17428964,na,na,11p15.1,"criteria provided, multiple submitters, no conflicts",12,-,N,ClinGen:CA274108,2,188905,17428964,G,A,-,-,-,-,-,-,SCV000592992|SCV000918370|SCV001204282|SCV002038582|SCV002762749|SCV002809635|SCV004175338|SCV005054944|SCV006278161,-,-
186814,single nucleotide variant,NM_000352.6(ABCC8):c.2857C>T (p.Gln953Ter),6833,ABCC8,HGNC:59,Pathogenic/Likely pathogenic,1,"May 08, 2024",541269678,-,RCV000169265|RCV000780808|RCV001040693|RCV002505223|RCV004567366,"MONDO:MONDO:0009734,MedGen:C2931832,OMIM:256450,Orphanet:276575,Orphanet:276598|MONDO:MONDO:0017182,MedGen:C3888018,Orphanet:276525|MedGen:C3661900|MONDO:MONDO:0012480,MedGen:C1835887,OMIM:610374,Orphanet:99886;MONDO:MONDO:0030088,MedGen:C5394303,OMIM:618857;MONDO:MONDO:0009734,MedGen:C2931832,OMIM:256450,Orphanet:276575,Orphanet:276598;MONDO:MONDO:0009415,MedGen:C0271714,OMIM:240800;Human Phenotype Ontology:HP:0005965,Human Phenotype Ontology:HP:0005978,Human Phenotype Ontology:HP:0100652,MONDO:MONDO:0005148,MeSH:D003924,MedGen:C0011860,OMIM:125853|Human Phenotype Ontology:HP:0005965,Human Phenotype Ontology:HP:0005978,Human Phenotype Ontology:HP:0100652,MONDO:MONDO:0005148,MeSH:D003924,MedGen:C0011860,OMIM:125853","Hyperinsulinemic hypoglycemia, familial, 1|Familial hyperinsulinism|not provided|Diabetes mellitus, transient neonatal, 2;Diabetes mellitus, permanent neonatal 3;Hyperinsulinemic hypoglycemia, familial, 1;Leucine-induced hypoglycemia;Type 2 diabetes mellitus|Type 2 diabetes mellitus",germline;paternal;unknown,germline,GRCh38,NC_000011.10,11,17407417,17407417,na,na,11p15.1,"criteria provided, multiple submitters, no conflicts",12,-,N,ClinGen:CA274108,2,188905,17407417,G,A,-,-,-,-,-,-,SCV000592992|SCV000918370|SCV001204282|SCV002038582|SCV002762749|SCV002809635|SCV004175338|SCV005054944|SCV006278161,-,-
186815,single nucleotide variant,NM_000352.6(ABCC8):c.2797C>T (p.Arg933Ter),6833,ABCC8,HGNC:59,Pathogenic/Likely pathogenic,1,"Mar 25, 2024",570388861,-,RCV000169216|RCV000201910|RCV002492688|RCV003468837,"MONDO:MONDO:0009734,MedGen:C2931832,OMIM:256450,Orphanet:276575,Orphanet:276598|MedGen:C3661900|MONDO:MONDO:0012480,MedGen:C1835887,OMIM:610374,Orphanet:99886;MONDO:MONDO:0030088,MedGen:C5394303,OMIM:618857;MONDO:MONDO:0009734,MedGen:C2931832,OMIM:256450,Orphanet:276575,Orphanet:276598;MONDO:MONDO:0009415,MedGen:C0271714,OMIM:240800;Human Phenotype Ontology:HP:0005965,Human Phenotype Ontology:HP:0005978,Human Phenotype Ontology:HP:0100652,MONDO:MONDO:0005148,MeSH:D003924,MedGen:C0011860,OMIM:125853|Human Phenotype Ontology:HP:0005965,Human Phenotype Ontology:HP:0005978,Human Phenotype Ontology:HP:0100652,MONDO:MONDO:0005148,MeSH:D003924,MedGen:C0011860,OMIM:125853","Hyperinsulinemic hypoglycemia, familial, 1|not provided|Diabetes mellitus, transient neonatal, 2;Diabetes mellitus, permanent neonatal 3;Hyperinsulinemic hypoglycemia, familial, 1;Leucine-induced hypoglycemia;Type 2 diabetes mellitus|Type 2 diabetes mellitus",germline;unknown,germline,GRCh37,NC_000011.9,11,17429962,17429962,na,na,11p15.1,"criteria provided, multiple submitters, no conflicts",8,-,N,ClinGen:CA248480,2,188864,17429962,G,A,-,-,-,-,-,-,SCV001198264|SCV001361438|SCV001762355|SCV002098176|SCV002797860|SCV004194671,-,-
186815,single nucleotide variant,NM_000352.6(ABCC8):c.2797C>T (p.Arg933Ter),6833,ABCC8,HGNC:59,Pathogenic/Likely pathogenic,1,"Mar 25, 2024",570388861,-,RCV000169216|RCV000201910|RCV002492688|RCV003468837,"MONDO:MONDO:0009734,MedGen:C2931832,OMIM:256450,Orphanet:276575,Orphanet:276598|MedGen:C3661900|MONDO:MONDO:0012480,MedGen:C1835887,OMIM:610374,Orphanet:99886;MONDO:MONDO:0030088,MedGen:C5394303,OMIM:618857;MONDO:MONDO:0009734,MedGen:C2931832,OMIM:256450,Orphanet:276575,Orphanet:276598;MONDO:MONDO:0009415,MedGen:C0271714,OMIM:240800;Human Phenotype Ontology:HP:0005965,Human Phenotype Ontology:HP:0005978,Human Phenotype Ontology:HP:0100652,MONDO:MONDO:0005148,MeSH:D003924,MedGen:C0011860,OMIM:125853|Human Phenotype Ontology:HP:0005965,Human Phenotype Ontology:HP:0005978,Human Phenotype Ontology:HP:0100652,MONDO:MONDO:0005148,MeSH:D003924,MedGen:C0011860,OMIM:125853","Hyperinsulinemic hypoglycemia, familial, 1|not provided|Diabetes mellitus, transient neonatal, 2;Diabetes mellitus, permanent neonatal 3;Hyperinsulinemic hypoglycemia, familial, 1;Leucine-induced hypoglycemia;Type 2 diabetes mellitus|Type 2 diabetes mellitus",germline;unknown,germline,GRCh38,NC_000011.10,11,17408415,17408415,na,na,11p15.1,"criteria provided, multiple submitters, no conflicts",8,-,N,ClinGen:CA248480,2,188864,17408415,G,A,-,-,-,-,-,-,SCV001198264|SCV001361438|SCV001762355|SCV002098176|SCV002797860|SCV004194671,-,-
186816,single nucleotide variant,NM_000352.6(ABCC8):c.2506C>T (p.Arg836Ter),6833,ABCC8,HGNC:59,Pathogenic/Likely pathogenic,1,"Jul 04, 2025",72559722,-,RCV000169276|RCV000201895|RCV000763234|RCV001277195|RCV003462267|RCV004555856|RCV005042352,"MONDO:MONDO:0009734,MedGen:C2931832,OMIM:256450,Orphanet:276575,Orphanet:276598|MedGen:C3661900|MONDO:MONDO:0100164,MedGen:C1833104,OMIM:PS606176,Orphanet:99885;MONDO:MONDO:0012480,MedGen:C1835887,OMIM:610374,Orphanet:99886;MONDO:MONDO:0009734,MedGen:C2931832,OMIM:256450,Orphanet:276575,Orphanet:276598;MONDO:MONDO:0009415,MedGen:C0271714,OMIM:240800;Human Phenotype Ontology:HP:0005965,Human Phenotype Ontology:HP:0005978,Human Phenotype Ontology:HP:0100652,MONDO:MONDO:0005148,MeSH:D003924,MedGen:C0011860,OMIM:125853||Human Phenotype Ontology:HP:0005965,Human Phenotype Ontology:HP:0005978,Human Phenotype Ontology:HP:0100652,MONDO:MONDO:0005148,MeSH:D003924,MedGen:C0011860,OMIM:125853|MONDO:MONDO:0016391,MedGen:C0158981,Orphanet:224|MONDO:MONDO:0012480,MedGen:C1835887,OMIM:610374,Orphanet:99886;MONDO:MONDO:0030088,MedGen:C5394303,OMIM:618857;MONDO:MONDO:0009734,MedGen:C2931832,OMIM:256450,Orphanet:276575,Orphanet:276598;MONDO:MONDO:0009415,MedGen:C0271714,OMIM:240800;Human Phenotype Ontology:HP:0005965,Human Phenotype Ontology:HP:0005978,Human Phenotype Ontology:HP:0100652,MONDO:MONDO:0005148,MeSH:D003924,MedGen:C0011860,OMIM:125853","Hyperinsulinemic hypoglycemia, familial, 1|not provided|Permanent neonatal diabetes mellitus;Diabetes mellitus, transient neonatal, 2;Hyperinsulinemic hypoglycemia, familial, 1;Leucine-induced hypoglycemia;Type 2 diabetes mellitus|Hereditary hyperinsulinism|Type 2 diabetes mellitus|Neonatal diabetes mellitus|Diabetes mellitus, transient neonatal, 2;Diabetes mellitus, permanent neonatal 3;Hyperinsulinemic hypoglycemia, familial, 1;Leucine-induced hypoglycemia;Type 2 diabetes mellitus",germline;somatic;unknown,germline/somatic,GRCh37,NC_000011.9,11,17434263,17434263,na,na,11p15.1,"criteria provided, multiple submitters, no conflicts",15,-,N,ClinGen:CA248477,2,188915,17434263,G,A,-,-,-,-,-,-,SCV000612205|SCV000893867|SCV000996272|SCV001231207|SCV001361436|SCV001422873|SCV001424286|SCV002015476|SCV002515474|SCV002515475|SCV004197797|SCV005676338|SCV006584154,-,-
186816,single nucleotide variant,NM_000352.6(ABCC8):c.2506C>T (p.Arg836Ter),6833,ABCC8,HGNC:59,Pathogenic/Likely pathogenic,1,"Jul 04, 2025",72559722,-,RCV000169276|RCV000201895|RCV000763234|RCV001277195|RCV003462267|RCV004555856|RCV005042352,"MONDO:MONDO:0009734,MedGen:C2931832,OMIM:256450,Orphanet:276575,Orphanet:276598|MedGen:C3661900|MONDO:MONDO:0100164,MedGen:C1833104,OMIM:PS606176,Orphanet:99885;MONDO:MONDO:0012480,MedGen:C1835887,OMIM:610374,Orphanet:99886;MONDO:MONDO:0009734,MedGen:C2931832,OMIM:256450,Orphanet:276575,Orphanet:276598;MONDO:MONDO:0009415,MedGen:C0271714,OMIM:240800;Human Phenotype Ontology:HP:0005965,Human Phenotype Ontology:HP:0005978,Human Phenotype Ontology:HP:0100652,MONDO:MONDO:0005148,MeSH:D003924,MedGen:C0011860,OMIM:125853||Human Phenotype Ontology:HP:0005965,Human Phenotype Ontology:HP:0005978,Human Phenotype Ontology:HP:0100652,MONDO:MONDO:0005148,MeSH:D003924,MedGen:C0011860,OMIM:125853|MONDO:MONDO:0016391,MedGen:C0158981,Orphanet:224|MONDO:MONDO:0012480,MedGen:C1835887,OMIM:610374,Orphanet:99886;MONDO:MONDO:0030088,MedGen:C5394303,OMIM:618857;MONDO:MONDO:0009734,MedGen:C2931832,OMIM:256450,Orphanet:276575,Orphanet:276598;MONDO:MONDO:0009415,MedGen:C0271714,OMIM:240800;Human Phenotype Ontology:HP:0005965,Human Phenotype Ontology:HP:0005978,Human Phenotype Ontology:HP:0100652,MONDO:MONDO:0005148,MeSH:D003924,MedGen:C0011860,OMIM:125853","Hyperinsulinemic hypoglycemia, familial, 1|not provided|Permanent neonatal diabetes mellitus;Diabetes mellitus, transient neonatal, 2;Hyperinsulinemic hypoglycemia, familial, 1;Leucine-induced hypoglycemia;Type 2 diabetes mellitus|Hereditary hyperinsulinism|Type 2 diabetes mellitus|Neonatal diabetes mellitus|Diabetes mellitus, transient neonatal, 2;Diabetes mellitus, permanent neonatal 3;Hyperinsulinemic hypoglycemia, familial, 1;Leucine-induced hypoglycemia;Type 2 diabetes mellitus",germline;somatic;unknown,germline/somatic,GRCh38,NC_000011.10,11,17412716,17412716,na,na,11p15.1,"criteria provided, multiple submitters, no conflicts",15,-,N,ClinGen:CA248477,2,188915,17412716,G,A,-,-,-,-,-,-,SCV000612205|SCV000893867|SCV000996272|SCV001231207|SCV001361436|SCV001422873|SCV001424286|SCV002015476|SCV002515474|SCV002515475|SCV004197797|SCV005676338|SCV006584154,-,-
186817,Deletion,NM_000352.6(ABCC8):c.2124_2127del (p.Leu708_Thr709insTer),6833,ABCC8,HGNC:59,Uncertain significance,1,-,786204717,-,RCV000169534|RCV002251439|RCV002251438,"MONDO:MONDO:0009734,MedGen:C2931832,OMIM:256450,Orphanet:276575,Orphanet:276598|Human Phenotype Ontology:HP:0008255,MONDO:MONDO:0020525,MedGen:C0342273|Human Phenotype Ontology:HP:0004904,MONDO:MONDO:0018911,MedGen:C0342276,OMIM:PS125850,Orphanet:552","Hyperinsulinemic hypoglycemia, familial, 1|Transitory neonatal diabetes mellitus|Maturity-onset diabetes of the young",unknown,unknown,GRCh37,NC_000011.9,11,17448691,17448694,na,na,11p15.1,"criteria provided, single submitter",2,-,N,ClinGen:CA274400,2,189120,17448690,TAGTC,T,-,-,-,-,-,-,SCV002522262|SCV002522263,-,-
186817,Deletion,NM_000352.6(ABCC8):c.2124_2127del (p.Leu708_Thr709insTer),6833,ABCC8,HGNC:59,Uncertain significance,1,-,786204717,-,RCV000169534|RCV002251439|RCV002251438,"MONDO:MONDO:0009734,MedGen:C2931832,OMIM:256450,Orphanet:276575,Orphanet:276598|Human Phenotype Ontology:HP:0008255,MONDO:MONDO:0020525,MedGen:C0342273|Human Phenotype Ontology:HP:0004904,MONDO:MONDO:0018911,MedGen:C0342276,OMIM:PS125850,Orphanet:552","Hyperinsulinemic hypoglycemia, familial, 1|Transitory neonatal diabetes mellitus|Maturity-onset diabetes of the young",unknown,unknown,GRCh38,NC_000011.10,11,17427144,17427147,na,na,11p15.1,"criteria provided, single submitter",2,-,N,ClinGen:CA274400,2,189120,17427143,TAGTC,T,-,-,-,-,-,-,SCV002522262|SCV002522263,-,-
186818,single nucleotide variant,NM_000352.6(ABCC8):c.2116+2T>C,6833,ABCC8,HGNC:59,Likely pathogenic,1,"Aug 16, 2023",786204676,-,RCV000169482|RCV001376866|RCV002251436|RCV004556759,"MONDO:MONDO:0009734,MedGen:C2931832,OMIM:256450,Orphanet:276575,Orphanet:276598|MedGen:C3661900|Human Phenotype Ontology:HP:0004904,MONDO:MONDO:0018911,MedGen:C0342276,OMIM:PS125850,Orphanet:552|MONDO:MONDO:0016391,MedGen:C0158981,Orphanet:224","Hyperinsulinemic hypoglycemia, familial, 1|not provided|Maturity-onset diabetes of the young|Neonatal diabetes mellitus",germline;unknown,germline,GRCh37,NC_000011.9,11,17449412,17449412,na,na,11p15.1,"criteria provided, multiple submitters, no conflicts",4,-,N,ClinGen:CA274353,2,189078,17449412,A,G,-,-,-,-,-,-,SCV001574052|SCV004026548,-,-
186818,single nucleotide variant,NM_000352.6(ABCC8):c.2116+2T>C,6833,ABCC8,HGNC:59,Likely pathogenic,1,"Aug 16, 2023",786204676,-,RCV000169482|RCV001376866|RCV002251436|RCV004556759,"MONDO:MONDO:0009734,MedGen:C2931832,OMIM:256450,Orphanet:276575,Orphanet:276598|MedGen:C3661900|Human Phenotype Ontology:HP:0004904,MONDO:MONDO:0018911,MedGen:C0342276,OMIM:PS125850,Orphanet:552|MONDO:MONDO:0016391,MedGen:C0158981,Orphanet:224","Hyperinsulinemic hypoglycemia, familial, 1|not provided|Maturity-onset diabetes of the young|Neonatal diabetes mellitus",germline;unknown,germline,GRCh38,NC_000011.10,11,17427865,17427865,na,na,11p15.1,"criteria provided, multiple submitters, no conflicts",4,-,N,ClinGen:CA274353,2,189078,17427865,A,G,-,-,-,-,-,-,SCV001574052|SCV004026548,-,-
186819,single nucleotide variant,NM_000352.6(ABCC8):c.1678G>A (p.Val560Met),6833,ABCC8,HGNC:59,Benign/Likely benign,0,"Jan 28, 2026",4148619,-,RCV000169284|RCV000363132|RCV000324855|RCV000913195|RCV001272239|RCV002222421,"MONDO:MONDO:0009734,MedGen:C2931832,OMIM:256450,Orphanet:276575,Orphanet:276598|MONDO:MONDO:0100164,MedGen:C1833104,OMIM:PS606176,Orphanet:99885|MONDO:MONDO:0012480,MedGen:C1835887,OMIM:610374,Orphanet:99886|MedGen:C3661900||MedGen:CN169374","Hyperinsulinemic hypoglycemia, familial, 1|Permanent neonatal diabetes mellitus|Diabetes mellitus, transient neonatal, 2|not provided|Hereditary hyperinsulinism|not specified",germline;unknown,germline,GRCh37,NC_000011.9,11,17452500,17452500,na,na,11p15.1,"criteria provided, multiple submitters, no conflicts",5,-,N,"ClinGen:CA274125,UniProtKB:Q09428#VAR_008645",2,188919,17452500,C,T,-,-,-,-,-,-,SCV000369368|SCV000369369|SCV000369370|SCV001058338|SCV002500323,-,-
186819,single nucleotide variant,NM_000352.6(ABCC8):c.1678G>A (p.Val560Met),6833,ABCC8,HGNC:59,Benign/Likely benign,0,"Jan 28, 2026",4148619,-,RCV000169284|RCV000363132|RCV000324855|RCV000913195|RCV001272239|RCV002222421,"MONDO:MONDO:0009734,MedGen:C2931832,OMIM:256450,Orphanet:276575,Orphanet:276598|MONDO:MONDO:0100164,MedGen:C1833104,OMIM:PS606176,Orphanet:99885|MONDO:MONDO:0012480,MedGen:C1835887,OMIM:610374,Orphanet:99886|MedGen:C3661900||MedGen:CN169374","Hyperinsulinemic hypoglycemia, familial, 1|Permanent neonatal diabetes mellitus|Diabetes mellitus, transient neonatal, 2|not provided|Hereditary hyperinsulinism|not specified",germline;unknown,germline,GRCh38,NC_000011.10,11,17430953,17430953,na,na,11p15.1,"criteria provided, multiple submitters, no conflicts",5,-,N,"ClinGen:CA274125,UniProtKB:Q09428#VAR_008645",2,188919,17430953,C,T,-,-,-,-,-,-,SCV000369368|SCV000369369|SCV000369370|SCV001058338|SCV002500323,-,-
186820,single nucleotide variant,NM_000352.6(ABCC8):c.291-2A>G,6833,ABCC8,HGNC:59,Conflicting classifications of pathogenicity,1,"Mar 11, 2024",786204695,-,RCV000169506|RCV000802759|RCV002254156|RCV002254282|RCV004567370,"MONDO:MONDO:0009734,MedGen:C2931832,OMIM:256450,Orphanet:276575,Orphanet:276598|MedGen:C3661900|Human Phenotype Ontology:HP:0004904,MONDO:MONDO:0018911,MedGen:C0342276,OMIM:PS125850,Orphanet:552|Human Phenotype Ontology:HP:0008255,MONDO:MONDO:0020525,MedGen:C0342273|Human Phenotype Ontology:HP:0005965,Human Phenotype Ontology:HP:0005978,Human Phenotype Ontology:HP:0100652,MONDO:MONDO:0005148,MeSH:D003924,MedGen:C0011860,OMIM:125853","Hyperinsulinemic hypoglycemia, familial, 1|not provided|Maturity-onset diabetes of the young|Transitory neonatal diabetes mellitus|Type 2 diabetes mellitus",germline;unknown,germline,GRCh37,NC_000011.9,11,17491771,17491771,na,na,11p15.1,"criteria provided, conflicting classifications",5,-,N,ClinGen:CA274374,2,189097,17491771,T,C,-,-,-,-,-,-,SCV000942602|SCV002524093|SCV002524096|SCV005057548,-,-
186820,single nucleotide variant,NM_000352.6(ABCC8):c.291-2A>G,6833,ABCC8,HGNC:59,Conflicting classifications of pathogenicity,1,"Mar 11, 2024",786204695,-,RCV000169506|RCV000802759|RCV002254156|RCV002254282|RCV004567370,"MONDO:MONDO:0009734,MedGen:C2931832,OMIM:256450,Orphanet:276575,Orphanet:276598|MedGen:C3661900|Human Phenotype Ontology:HP:0004904,MONDO:MONDO:0018911,MedGen:C0342276,OMIM:PS125850,Orphanet:552|Human Phenotype Ontology:HP:0008255,MONDO:MONDO:0020525,MedGen:C0342273|Human Phenotype Ontology:HP:0005965,Human Phenotype Ontology:HP:0005978,Human Phenotype Ontology:HP:0100652,MONDO:MONDO:0005148,MeSH:D003924,MedGen:C0011860,OMIM:125853","Hyperinsulinemic hypoglycemia, familial, 1|not provided|Maturity-onset diabetes of the young|Transitory neonatal diabetes mellitus|Type 2 diabetes mellitus",germline;unknown,germline,GRCh38,NC_000011.10,11,17470224,17470224,na,na,11p15.1,"criteria provided, conflicting classifications",5,-,N,ClinGen:CA274374,2,189097,17470224,T,C,-,-,-,-,-,-,SCV000942602|SCV002524093|SCV002524096|SCV005057548,-,-
190273,single nucleotide variant,NM_000525.4(KCNJ11):c.10C>A (p.Arg4Ser),3767,KCNJ11,HGNC:6257,Uncertain significance,0,"Dec 02, 2014",543286136,-,RCV000173148,MedGen:C3661900,not provided,germline,germline,GRCh37,NC_000011.9,11,17409629,17409629,na,na,11p15.1,"criteria provided, single submitter",1,-,N,ClinGen:CA238613,2,193108,17409629,G,T,-,-,-,-,-,-,SCV000224238,-,-
190273,single nucleotide variant,NM_000525.4(KCNJ11):c.10C>A (p.Arg4Ser),3767,KCNJ11,HGNC:6257,Uncertain significance,0,"Dec 02, 2014",543286136,-,RCV000173148,MedGen:C3661900,not provided,germline,germline,GRCh38,NC_000011.10,11,17388082,17388082,na,na,11p15.1,"criteria provided, single submitter",1,-,N,ClinGen:CA238613,2,193108,17388082,G,T,-,-,-,-,-,-,SCV000224238,-,-
190274,single nucleotide variant,NM_000525.4(KCNJ11):c.1123A>G (p.Met375Val),3767,KCNJ11,HGNC:6257,Uncertain significance,0,"Mar 02, 2015",777540229,-,RCV000173149|RCV002227081,"MedGen:C3661900|Human Phenotype Ontology:HP:0004904,MONDO:MONDO:0018911,MedGen:C0342276,OMIM:PS125850,Orphanet:552",not provided|Maturity-onset diabetes of the young,germline;somatic,germline/somatic,GRCh37,NC_000011.9,11,17408516,17408516,na,na,11p15.1,"criteria provided, multiple submitters, no conflicts",2,-,N,ClinGen:CA238615,2,193109,17408516,T,C,-,-,-,-,-,-,SCV000224240|SCV002506490,-,-
190274,single nucleotide variant,NM_000525.4(KCNJ11):c.1123A>G (p.Met375Val),3767,KCNJ11,HGNC:6257,Uncertain significance,0,"Mar 02, 2015",777540229,-,RCV000173149|RCV002227081,"MedGen:C3661900|Human Phenotype Ontology:HP:0004904,MONDO:MONDO:0018911,MedGen:C0342276,OMIM:PS125850,Orphanet:552",not provided|Maturity-onset diabetes of the young,germline;somatic,germline/somatic,GRCh38,NC_000011.10,11,17386969,17386969,na,na,11p15.1,"criteria provided, multiple submitters, no conflicts",2,-,N,ClinGen:CA238615,2,193109,17386969,T,C,-,-,-,-,-,-,SCV000224240|SCV002506490,-,-
190275,single nucleotide variant,NM_000525.4(KCNJ11):c.678C>T (p.Pro226=),3767,KCNJ11,HGNC:6257,Conflicting classifications of pathogenicity,0,"Jul 09, 2025",74162102,-,RCV000173150|RCV000724762|RCV001275134|RCV002362890|RCV003884372,"MedGen:CN169374|MedGen:C3661900|MONDO:MONDO:0100164,MedGen:C1833104,OMIM:PS606176,Orphanet:99885|MeSH:D030342,MedGen:C0950123|MONDO:MONDO:0014589,MedGen:C4225365,OMIM:616329,Orphanet:552",not specified|not provided|Permanent neonatal diabetes mellitus|Inborn genetic diseases|Maturity-onset diabetes of the young type 13,germline;unknown,germline,GRCh37,NC_000011.9,11,17408961,17408961,na,na,11p15.1,"criteria provided, conflicting classifications",9,-,N,ClinGen:CA238617,2,193110,17408961,G,A,-,-,-,-,-,-,SCV000224242|SCV000595315|SCV000613865|SCV001065378|SCV002661802|SCV004698177|SCV005076658|SCV007330243,-,-
190275,single nucleotide variant,NM_000525.4(KCNJ11):c.678C>T (p.Pro226=),3767,KCNJ11,HGNC:6257,Conflicting classifications of pathogenicity,0,"Jul 09, 2025",74162102,-,RCV000173150|RCV000724762|RCV001275134|RCV002362890|RCV003884372,"MedGen:CN169374|MedGen:C3661900|MONDO:MONDO:0100164,MedGen:C1833104,OMIM:PS606176,Orphanet:99885|MeSH:D030342,MedGen:C0950123|MONDO:MONDO:0014589,MedGen:C4225365,OMIM:616329,Orphanet:552",not specified|not provided|Permanent neonatal diabetes mellitus|Inborn genetic diseases|Maturity-onset diabetes of the young type 13,germline;unknown,germline,GRCh38,NC_000011.10,11,17387414,17387414,na,na,11p15.1,"criteria provided, conflicting classifications",9,-,N,ClinGen:CA238617,2,193110,17387414,G,A,-,-,-,-,-,-,SCV000224242|SCV000595315|SCV000613865|SCV001065378|SCV002661802|SCV004698177|SCV005076658|SCV007330243,-,-
190276,single nucleotide variant,NM_000525.4(KCNJ11):c.821A>G (p.Asp274Gly),3767,KCNJ11,HGNC:6257,Uncertain significance,0,"Jul 01, 2014",794726888,-,RCV000173151|RCV002227082,"MedGen:C3661900|Human Phenotype Ontology:HP:0004904,MONDO:MONDO:0018911,MedGen:C0342276,OMIM:PS125850,Orphanet:552",not provided|Maturity-onset diabetes of the young,germline;somatic,germline/somatic,GRCh37,NC_000011.9,11,17408818,17408818,na,na,11p15.1,"criteria provided, multiple submitters, no conflicts",2,-,N,ClinGen:CA238619,2,193111,17408818,T,C,-,-,-,-,-,-,SCV000224243|SCV002506489,-,-
190276,single nucleotide variant,NM_000525.4(KCNJ11):c.821A>G (p.Asp274Gly),3767,KCNJ11,HGNC:6257,Uncertain significance,0,"Jul 01, 2014",794726888,-,RCV000173151|RCV002227082,"MedGen:C3661900|Human Phenotype Ontology:HP:0004904,MONDO:MONDO:0018911,MedGen:C0342276,OMIM:PS125850,Orphanet:552",not provided|Maturity-onset diabetes of the young,germline;somatic,germline/somatic,GRCh38,NC_000011.10,11,17387271,17387271,na,na,11p15.1,"criteria provided, multiple submitters, no conflicts",2,-,N,ClinGen:CA238619,2,193111,17387271,T,C,-,-,-,-,-,-,SCV000224243|SCV002506489,-,-
192186,single nucleotide variant,NM_000162.5(GCK):c.118G>A (p.Glu40Lys),2645,GCK,HGNC:4195,Pathogenic,1,"Jan 29, 2025",794727236,-,RCV000175536|RCV005054175|RCV003388832,"MedGen:C3661900|MONDO:MONDO:0015967,MedGen:C3888631,Orphanet:183625|MONDO:MONDO:0007453,MedGen:C0342277,OMIM:125851,Orphanet:552",not provided|Monogenic diabetes|Maturity-onset diabetes of the young type 2,germline;unknown,germline,GRCh37,NC_000007.13,7,44192990,44192990,na,na,7p13,reviewed by expert panel,3,-,N,ClinGen:CA201503,2,195024,44192990,C,T,-,-,-,-,-,-,SCV005687807,-,-
192186,single nucleotide variant,NM_000162.5(GCK):c.118G>A (p.Glu40Lys),2645,GCK,HGNC:4195,Pathogenic,1,"Jan 29, 2025",794727236,-,RCV000175536|RCV005054175|RCV003388832,"MedGen:C3661900|MONDO:MONDO:0015967,MedGen:C3888631,Orphanet:183625|MONDO:MONDO:0007453,MedGen:C0342277,OMIM:125851,Orphanet:552",not provided|Monogenic diabetes|Maturity-onset diabetes of the young type 2,germline;unknown,germline,GRCh38,NC_000007.14,7,44153391,44153391,na,na,7p13,reviewed by expert panel,3,-,N,ClinGen:CA201503,2,195024,44153391,C,T,-,-,-,-,-,-,SCV005687807,-,-
192808,single nucleotide variant,NM_000352.6(ABCC8):c.2610C>T (p.Ala870=),6833,ABCC8,HGNC:59,Conflicting classifications of pathogenicity,0,"Jan 28, 2026",111967655,-,RCV000176259|RCV000296584|RCV000351650|RCV000406499|RCV001274297|RCV002251441|RCV002251440|RCV003165366,"MedGen:C3661900|MONDO:MONDO:0012480,MedGen:C1835887,OMIM:610374,Orphanet:99886|MONDO:MONDO:0100164,MedGen:C1833104,OMIM:PS606176,Orphanet:99885|MONDO:MONDO:0009734,MedGen:C2931832,OMIM:256450,Orphanet:276575,Orphanet:276598||Human Phenotype Ontology:HP:0008255,MONDO:MONDO:0020525,MedGen:C0342273|Human Phenotype Ontology:HP:0004904,MONDO:MONDO:0018911,MedGen:C0342276,OMIM:PS125850,Orphanet:552|MeSH:D030342,MedGen:C0950123","not provided|Diabetes mellitus, transient neonatal, 2|Permanent neonatal diabetes mellitus|Hyperinsulinemic hypoglycemia, familial, 1|Hereditary hyperinsulinism|Transitory neonatal diabetes mellitus|Maturity-onset diabetes of the young|Inborn genetic diseases",germline;unknown,germline,GRCh37,NC_000011.9,11,17432147,17432147,na,na,11p15.1,"criteria provided, conflicting classifications",8,-,N,ClinGen:CA242142,2,195647,17432147,G,A,-,-,-,-,-,-,SCV000227884|SCV000369314|SCV000369315|SCV000369316|SCV001045103|SCV001759574|SCV002522145|SCV002522146|SCV003799463|SCV003911337,-,-
192808,single nucleotide variant,NM_000352.6(ABCC8):c.2610C>T (p.Ala870=),6833,ABCC8,HGNC:59,Conflicting classifications of pathogenicity,0,"Jan 28, 2026",111967655,-,RCV000176259|RCV000296584|RCV000351650|RCV000406499|RCV001274297|RCV002251441|RCV002251440|RCV003165366,"MedGen:C3661900|MONDO:MONDO:0012480,MedGen:C1835887,OMIM:610374,Orphanet:99886|MONDO:MONDO:0100164,MedGen:C1833104,OMIM:PS606176,Orphanet:99885|MONDO:MONDO:0009734,MedGen:C2931832,OMIM:256450,Orphanet:276575,Orphanet:276598||Human Phenotype Ontology:HP:0008255,MONDO:MONDO:0020525,MedGen:C0342273|Human Phenotype Ontology:HP:0004904,MONDO:MONDO:0018911,MedGen:C0342276,OMIM:PS125850,Orphanet:552|MeSH:D030342,MedGen:C0950123","not provided|Diabetes mellitus, transient neonatal, 2|Permanent neonatal diabetes mellitus|Hyperinsulinemic hypoglycemia, familial, 1|Hereditary hyperinsulinism|Transitory neonatal diabetes mellitus|Maturity-onset diabetes of the young|Inborn genetic diseases",germline;unknown,germline,GRCh38,NC_000011.10,11,17410600,17410600,na,na,11p15.1,"criteria provided, conflicting classifications",8,-,N,ClinGen:CA242142,2,195647,17410600,G,A,-,-,-,-,-,-,SCV000227884|SCV000369314|SCV000369315|SCV000369316|SCV001045103|SCV001759574|SCV002522145|SCV002522146|SCV003799463|SCV003911337,-,-
194041,Deletion,NM_000352.6(ABCC8):c.4160_4162del (p.Phe1387del),6833,ABCC8,HGNC:59,Pathogenic,1,"Jan 29, 2026",151344624,-,RCV000177757|RCV000201913|RCV000587070|RCV001277181|RCV002243861|RCV003462282|RCV004537448|RCV005042381,"MONDO:MONDO:0009734,MedGen:C2931832,OMIM:256450,Orphanet:276575,Orphanet:276598|MedGen:C3661900|MONDO:MONDO:0017182,MedGen:C3888018,Orphanet:276525||Human Phenotype Ontology:HP:0004904,MONDO:MONDO:0018911,MedGen:C0342276,OMIM:PS125850,Orphanet:552|Human Phenotype Ontology:HP:0005965,Human Phenotype Ontology:HP:0005978,Human Phenotype Ontology:HP:0100652,MONDO:MONDO:0005148,MeSH:D003924,MedGen:C0011860,OMIM:125853||Human Phenotype Ontology:HP:0005965,Human Phenotype Ontology:HP:0005978,Human Phenotype Ontology:HP:0100652,MONDO:MONDO:0005148,MeSH:D003924,MedGen:C0011860,OMIM:125853;MONDO:MONDO:0030088,MedGen:C5394303,OMIM:618857;MONDO:MONDO:0012480,MedGen:C1835887,OMIM:610374,Orphanet:99886;MONDO:MONDO:0009734,MedGen:C2931832,OMIM:256450,Orphanet:276575,Orphanet:276598;MONDO:MONDO:0009415,MedGen:C0271714,OMIM:240800","Hyperinsulinemic hypoglycemia, familial, 1|not provided|Familial hyperinsulinism|Hereditary hyperinsulinism|Maturity-onset diabetes of the young|Type 2 diabetes mellitus|ABCC8-related disorder|Type 2 diabetes mellitus;Diabetes mellitus, permanent neonatal 3;Diabetes mellitus, transient neonatal, 2;Hyperinsulinemic hypoglycemia, familial, 1;Leucine-induced hypoglycemia",germline;unknown,germline,GRCh37,NC_000011.9,11,17417435,17417437,na,na,11p15.1,"criteria provided, multiple submitters, no conflicts",16,-,Y,"ClinGen:CA248485,OMIM:600509.0006",3,196880,17417434,GAGA,G,-,-,-,-,-,-,SCV000229685|SCV000592980|SCV000696588|SCV001194064|SCV001582812|SCV003925404|SCV004026510|SCV004196548|SCV005683376|SCV005848240|SCV006321745,-,-
194041,Deletion,NM_000352.6(ABCC8):c.4160_4162del (p.Phe1387del),6833,ABCC8,HGNC:59,Pathogenic,1,"Jan 29, 2026",151344624,-,RCV000177757|RCV000201913|RCV000587070|RCV001277181|RCV002243861|RCV003462282|RCV004537448|RCV005042381,"MONDO:MONDO:0009734,MedGen:C2931832,OMIM:256450,Orphanet:276575,Orphanet:276598|MedGen:C3661900|MONDO:MONDO:0017182,MedGen:C3888018,Orphanet:276525||Human Phenotype Ontology:HP:0004904,MONDO:MONDO:0018911,MedGen:C0342276,OMIM:PS125850,Orphanet:552|Human Phenotype Ontology:HP:0005965,Human Phenotype Ontology:HP:0005978,Human Phenotype Ontology:HP:0100652,MONDO:MONDO:0005148,MeSH:D003924,MedGen:C0011860,OMIM:125853||Human Phenotype Ontology:HP:0005965,Human Phenotype Ontology:HP:0005978,Human Phenotype Ontology:HP:0100652,MONDO:MONDO:0005148,MeSH:D003924,MedGen:C0011860,OMIM:125853;MONDO:MONDO:0030088,MedGen:C5394303,OMIM:618857;MONDO:MONDO:0012480,MedGen:C1835887,OMIM:610374,Orphanet:99886;MONDO:MONDO:0009734,MedGen:C2931832,OMIM:256450,Orphanet:276575,Orphanet:276598;MONDO:MONDO:0009415,MedGen:C0271714,OMIM:240800","Hyperinsulinemic hypoglycemia, familial, 1|not provided|Familial hyperinsulinism|Hereditary hyperinsulinism|Maturity-onset diabetes of the young|Type 2 diabetes mellitus|ABCC8-related disorder|Type 2 diabetes mellitus;Diabetes mellitus, permanent neonatal 3;Diabetes mellitus, transient neonatal, 2;Hyperinsulinemic hypoglycemia, familial, 1;Leucine-induced hypoglycemia",germline;unknown,germline,GRCh38,NC_000011.10,11,17395888,17395890,na,na,11p15.1,"criteria provided, multiple submitters, no conflicts",16,-,Y,"ClinGen:CA248485,OMIM:600509.0006",3,196880,17395887,GAGA,G,-,-,-,-,-,-,SCV000229685|SCV000592980|SCV000696588|SCV001194064|SCV001582812|SCV003925404|SCV004026510|SCV004196548|SCV005683376|SCV005848240|SCV006321745,-,-
195211,single nucleotide variant,NM_000162.5(GCK):c.601G>T (p.Ala201Ser),2645,GCK,HGNC:4195,Pathogenic,1,"Feb 23, 2024",794727775,-,RCV000711778|RCV002272161|RCV002354464|RCV003883139,"MedGen:C3661900|MONDO:MONDO:0007453,MedGen:C0342277,OMIM:125851,Orphanet:552|Human Phenotype Ontology:HP:0004904,MONDO:MONDO:0018911,MedGen:C0342276,OMIM:PS125850,Orphanet:552|MONDO:MONDO:0015967,MedGen:C3888631,Orphanet:183625",not provided|Maturity-onset diabetes of the young type 2|Maturity-onset diabetes of the young|Monogenic diabetes,germline,germline,GRCh37,NC_000007.13,7,44189437,44189437,na,na,7p13,reviewed by expert panel,8,-,N,ClinGen:CA246541,2,198050,44189437,C,A,-,-,-,-,-,-,SCV004697928,-,-
195211,single nucleotide variant,NM_000162.5(GCK):c.601G>T (p.Ala201Ser),2645,GCK,HGNC:4195,Pathogenic,1,"Feb 23, 2024",794727775,-,RCV000711778|RCV002272161|RCV002354464|RCV003883139,"MedGen:C3661900|MONDO:MONDO:0007453,MedGen:C0342277,OMIM:125851,Orphanet:552|Human Phenotype Ontology:HP:0004904,MONDO:MONDO:0018911,MedGen:C0342276,OMIM:PS125850,Orphanet:552|MONDO:MONDO:0015967,MedGen:C3888631,Orphanet:183625",not provided|Maturity-onset diabetes of the young type 2|Maturity-onset diabetes of the young|Monogenic diabetes,germline,germline,GRCh38,NC_000007.14,7,44149838,44149838,na,na,7p13,reviewed by expert panel,8,-,N,ClinGen:CA246541,2,198050,44149838,C,A,-,-,-,-,-,-,SCV004697928,-,-
195558,single nucleotide variant,NM_000162.5(GCK):c.688T>C (p.Cys230Arg),2645,GCK,HGNC:4195,Likely pathogenic,1,"Dec 02, 2023",794727839,-,RCV000711783|RCV002051823|RCV002509283|RCV002463657|RCV003445614,"MedGen:C3661900|MONDO:MONDO:0007453,MedGen:C0342277,OMIM:125851,Orphanet:552|MedGen:CN169374|Human Phenotype Ontology:HP:0004904,MONDO:MONDO:0018911,MedGen:C0342276,OMIM:PS125850,Orphanet:552|MONDO:MONDO:0015967,MedGen:C3888631,Orphanet:183625",not provided|Maturity-onset diabetes of the young type 2|not specified|Maturity-onset diabetes of the young|Monogenic diabetes,germline;unknown,germline,GRCh37,NC_000007.13,7,44187424,44187424,na,na,7p13,reviewed by expert panel,8,-,N,ClinGen:CA247034,2,198397,44187424,A,G,-,-,-,-,-,-,SCV004174239,-,-
195558,single nucleotide variant,NM_000162.5(GCK):c.688T>C (p.Cys230Arg),2645,GCK,HGNC:4195,Likely pathogenic,1,"Dec 02, 2023",794727839,-,RCV000711783|RCV002051823|RCV002509283|RCV002463657|RCV003445614,"MedGen:C3661900|MONDO:MONDO:0007453,MedGen:C0342277,OMIM:125851,Orphanet:552|MedGen:CN169374|Human Phenotype Ontology:HP:0004904,MONDO:MONDO:0018911,MedGen:C0342276,OMIM:PS125850,Orphanet:552|MONDO:MONDO:0015967,MedGen:C3888631,Orphanet:183625",not provided|Maturity-onset diabetes of the young type 2|not specified|Maturity-onset diabetes of the young|Monogenic diabetes,germline;unknown,germline,GRCh38,NC_000007.14,7,44147825,44147825,na,na,7p13,reviewed by expert panel,8,-,N,ClinGen:CA247034,2,198397,44147825,A,G,-,-,-,-,-,-,SCV004174239,-,-
207481,single nucleotide variant,NM_000162.5(GCK):c.835G>C (p.Glu279Gln),2645,GCK,HGNC:4195,Benign,0,"Oct 03, 2025",104894005,-,RCV000194319|RCV000880473|RCV003313054|RCV003335189|RCV003992227,"MedGen:CN169374|MedGen:C3661900|MONDO:MONDO:0015967,MedGen:C3888631,Orphanet:183625|MONDO:MONDO:0007453,MedGen:C0342277,OMIM:125851,Orphanet:552;MONDO:MONDO:0011236,MedGen:C1865290,OMIM:602485,Orphanet:79299;Human Phenotype Ontology:HP:0005965,Human Phenotype Ontology:HP:0005978,Human Phenotype Ontology:HP:0100652,MONDO:MONDO:0005148,MeSH:D003924,MedGen:C0011860,OMIM:125853|MONDO:MONDO:0007453,MedGen:C0342277,OMIM:125851,Orphanet:552",not specified|not provided|Monogenic diabetes|Maturity-onset diabetes of the young type 2;Hyperinsulinism due to glucokinase deficiency;Type 2 diabetes mellitus|Maturity-onset diabetes of the young type 2,germline;unknown,germline,GRCh37,NC_000007.13,7,44187277,44187277,na,na,7p13,reviewed by expert panel,8,-,N,"ClinGen:CA208420,UniProtKB:P35557#VAR_003709",2,211076,44187277,C,G,-,-,-,-,-,-,SCV004012126,-,-
207481,single nucleotide variant,NM_000162.5(GCK):c.835G>C (p.Glu279Gln),2645,GCK,HGNC:4195,Benign,0,"Oct 03, 2025",104894005,-,RCV000194319|RCV000880473|RCV003313054|RCV003335189|RCV003992227,"MedGen:CN169374|MedGen:C3661900|MONDO:MONDO:0015967,MedGen:C3888631,Orphanet:183625|MONDO:MONDO:0007453,MedGen:C0342277,OMIM:125851,Orphanet:552;MONDO:MONDO:0011236,MedGen:C1865290,OMIM:602485,Orphanet:79299;Human Phenotype Ontology:HP:0005965,Human Phenotype Ontology:HP:0005978,Human Phenotype Ontology:HP:0100652,MONDO:MONDO:0005148,MeSH:D003924,MedGen:C0011860,OMIM:125853|MONDO:MONDO:0007453,MedGen:C0342277,OMIM:125851,Orphanet:552",not specified|not provided|Monogenic diabetes|Maturity-onset diabetes of the young type 2;Hyperinsulinism due to glucokinase deficiency;Type 2 diabetes mellitus|Maturity-onset diabetes of the young type 2,germline;unknown,germline,GRCh38,NC_000007.14,7,44147678,44147678,na,na,7p13,reviewed by expert panel,8,-,N,"ClinGen:CA208420,UniProtKB:P35557#VAR_003709",2,211076,44147678,C,G,-,-,-,-,-,-,SCV004012126,-,-
207482,single nucleotide variant,NM_000162.5(GCK):c.784G>A (p.Asp262Asn),2645,GCK,HGNC:4195,Uncertain significance/Uncertain risk allele,0,"Apr 30, 2024",779460424,-,RCV000193049|RCV002463660|RCV002478669|RCV003765221,"MedGen:CN169374|Human Phenotype Ontology:HP:0004904,MONDO:MONDO:0018911,MedGen:C0342276,OMIM:PS125850,Orphanet:552|MONDO:MONDO:0007453,MedGen:C0342277,OMIM:125851,Orphanet:552;MONDO:MONDO:0011236,MedGen:C1865290,OMIM:602485,Orphanet:79299;Human Phenotype Ontology:HP:0005965,Human Phenotype Ontology:HP:0005978,Human Phenotype Ontology:HP:0100652,MONDO:MONDO:0005148,MeSH:D003924,MedGen:C0011860,OMIM:125853;MONDO:MONDO:0100165,MedGen:C5393570,OMIM:606176|MedGen:C3661900",not specified|Maturity-onset diabetes of the young|Maturity-onset diabetes of the young type 2;Hyperinsulinism due to glucokinase deficiency;Type 2 diabetes mellitus;Permanent neonatal diabetes mellitus 1|not provided,germline;unknown,germline,GRCh37,NC_000007.13,7,44187328,44187328,na,na,7p13,"criteria provided, multiple submitters, no conflicts",4,-,N,ClinGen:CA206279,2,211075,44187328,C,T,-,-,-,-,-,-,SCV000247470|SCV002605069|SCV002786307|SCV004655884,-,-
207482,single nucleotide variant,NM_000162.5(GCK):c.784G>A (p.Asp262Asn),2645,GCK,HGNC:4195,Uncertain significance/Uncertain risk allele,0,"Apr 30, 2024",779460424,-,RCV000193049|RCV002463660|RCV002478669|RCV003765221,"MedGen:CN169374|Human Phenotype Ontology:HP:0004904,MONDO:MONDO:0018911,MedGen:C0342276,OMIM:PS125850,Orphanet:552|MONDO:MONDO:0007453,MedGen:C0342277,OMIM:125851,Orphanet:552;MONDO:MONDO:0011236,MedGen:C1865290,OMIM:602485,Orphanet:79299;Human Phenotype Ontology:HP:0005965,Human Phenotype Ontology:HP:0005978,Human Phenotype Ontology:HP:0100652,MONDO:MONDO:0005148,MeSH:D003924,MedGen:C0011860,OMIM:125853;MONDO:MONDO:0100165,MedGen:C5393570,OMIM:606176|MedGen:C3661900",not specified|Maturity-onset diabetes of the young|Maturity-onset diabetes of the young type 2;Hyperinsulinism due to glucokinase deficiency;Type 2 diabetes mellitus;Permanent neonatal diabetes mellitus 1|not provided,germline;unknown,germline,GRCh38,NC_000007.14,7,44147729,44147729,na,na,7p13,"criteria provided, multiple submitters, no conflicts",4,-,N,ClinGen:CA206279,2,211075,44147729,C,T,-,-,-,-,-,-,SCV000247470|SCV002605069|SCV002786307|SCV004655884,-,-
207483,single nucleotide variant,NM_000162.5(GCK):c.735G>A (p.Glu245=),2645,GCK,HGNC:4195,Conflicting classifications of pathogenicity,0,"Sep 21, 2025",775481896,-,RCV000192589|RCV002463659|RCV003765220,"MedGen:CN169374|Human Phenotype Ontology:HP:0004904,MONDO:MONDO:0018911,MedGen:C0342276,OMIM:PS125850,Orphanet:552|MedGen:C3661900",not specified|Maturity-onset diabetes of the young|not provided,germline;unknown,germline,GRCh37,NC_000007.13,7,44187377,44187377,na,na,7p13,"criteria provided, conflicting classifications",3,-,N,ClinGen:CA205508,2,211074,44187377,C,T,-,-,-,-,-,-,SCV000247469|SCV002605107|SCV004680074,-,-
207483,single nucleotide variant,NM_000162.5(GCK):c.735G>A (p.Glu245=),2645,GCK,HGNC:4195,Conflicting classifications of pathogenicity,0,"Sep 21, 2025",775481896,-,RCV000192589|RCV002463659|RCV003765220,"MedGen:CN169374|Human Phenotype Ontology:HP:0004904,MONDO:MONDO:0018911,MedGen:C0342276,OMIM:PS125850,Orphanet:552|MedGen:C3661900",not specified|Maturity-onset diabetes of the young|not provided,germline;unknown,germline,GRCh38,NC_000007.14,7,44147778,44147778,na,na,7p13,"criteria provided, conflicting classifications",3,-,N,ClinGen:CA205508,2,211074,44147778,C,T,-,-,-,-,-,-,SCV000247469|SCV002605107|SCV004680074,-,-
207484,single nucleotide variant,NM_000162.5(GCK):c.370G>A (p.Asp124Asn),2645,GCK,HGNC:4195,Pathogenic,1,"Nov 02, 2023",759072800,-,RCV000193215|RCV000518229|RCV001248968|RCV002464011|RCV003955153,"MONDO:MONDO:0007453,MedGen:C0342277,OMIM:125851,Orphanet:552|MedGen:C3661900|MONDO:MONDO:0015967,MedGen:C3888631,Orphanet:183625|Human Phenotype Ontology:HP:0004904,MONDO:MONDO:0018911,MedGen:C0342276,OMIM:PS125850,Orphanet:552|",Maturity-onset diabetes of the young type 2|not provided|Monogenic diabetes|Maturity-onset diabetes of the young|GCK-related disorder,germline;unknown,germline,GRCh37,NC_000007.13,7,44190668,44190668,na,na,7p13,reviewed by expert panel,11,-,N,ClinGen:CA206547,2,211073,44190668,C,T,-,-,-,-,-,-,SCV004102852,-,-
207484,single nucleotide variant,NM_000162.5(GCK):c.370G>A (p.Asp124Asn),2645,GCK,HGNC:4195,Pathogenic,1,"Nov 02, 2023",759072800,-,RCV000193215|RCV000518229|RCV001248968|RCV002464011|RCV003955153,"MONDO:MONDO:0007453,MedGen:C0342277,OMIM:125851,Orphanet:552|MedGen:C3661900|MONDO:MONDO:0015967,MedGen:C3888631,Orphanet:183625|Human Phenotype Ontology:HP:0004904,MONDO:MONDO:0018911,MedGen:C0342276,OMIM:PS125850,Orphanet:552|",Maturity-onset diabetes of the young type 2|not provided|Monogenic diabetes|Maturity-onset diabetes of the young|GCK-related disorder,germline;unknown,germline,GRCh38,NC_000007.14,7,44151069,44151069,na,na,7p13,reviewed by expert panel,11,-,N,ClinGen:CA206547,2,211073,44151069,C,T,-,-,-,-,-,-,SCV004102852,-,-
207485,single nucleotide variant,NM_000162.5(GCK):c.333C>T (p.Pro111=),2645,GCK,HGNC:4195,Benign/Likely benign,0,"Dec 29, 2025",61736250,-,RCV000194163|RCV000308226|RCV000402147|RCV000394688|RCV000365187|RCV000908991|RCV002321774|RCV002503754,"MedGen:CN169374|MONDO:MONDO:0011236,MedGen:C1865290,OMIM:602485,Orphanet:79299||MONDO:MONDO:0007453,MedGen:C0342277,OMIM:125851,Orphanet:552|MONDO:MONDO:0100164,MedGen:C1833104,OMIM:PS606176,Orphanet:99885|MedGen:C3661900|Human Phenotype Ontology:HP:0004904,MONDO:MONDO:0018911,MedGen:C0342276,OMIM:PS125850,Orphanet:552|MONDO:MONDO:0007453,MedGen:C0342277,OMIM:125851,Orphanet:552;MONDO:MONDO:0011236,MedGen:C1865290,OMIM:602485,Orphanet:79299;Human Phenotype Ontology:HP:0005965,Human Phenotype Ontology:HP:0005978,Human Phenotype Ontology:HP:0100652,MONDO:MONDO:0005148,MeSH:D003924,MedGen:C0011860,OMIM:125853;MONDO:MONDO:0100165,MedGen:C5393570,OMIM:606176","not specified|Hyperinsulinism due to glucokinase deficiency|Transient Neonatal Diabetes, Recessive|Maturity-onset diabetes of the young type 2|Permanent neonatal diabetes mellitus|not provided|Maturity-onset diabetes of the young|Maturity-onset diabetes of the young type 2;Hyperinsulinism due to glucokinase deficiency;Type 2 diabetes mellitus;Permanent neonatal diabetes mellitus 1",germline;unknown,germline,GRCh37,NC_000007.13,7,44191900,44191900,na,na,7p13,"criteria provided, multiple submitters, no conflicts",11,-,N,ClinGen:CA208152,2,211072,44191900,G,A,-,-,-,-,-,-,SCV000247465|SCV000302766|SCV000469440|SCV000469441|SCV000469442|SCV000469443|SCV000519048|SCV000862529|SCV001053778|SCV001144015|SCV002605708|SCV002807519|SCV004813479|SCV005227298,-,-
207485,single nucleotide variant,NM_000162.5(GCK):c.333C>T (p.Pro111=),2645,GCK,HGNC:4195,Benign/Likely benign,0,"Dec 29, 2025",61736250,-,RCV000194163|RCV000308226|RCV000402147|RCV000394688|RCV000365187|RCV000908991|RCV002321774|RCV002503754,"MedGen:CN169374|MONDO:MONDO:0011236,MedGen:C1865290,OMIM:602485,Orphanet:79299||MONDO:MONDO:0007453,MedGen:C0342277,OMIM:125851,Orphanet:552|MONDO:MONDO:0100164,MedGen:C1833104,OMIM:PS606176,Orphanet:99885|MedGen:C3661900|Human Phenotype Ontology:HP:0004904,MONDO:MONDO:0018911,MedGen:C0342276,OMIM:PS125850,Orphanet:552|MONDO:MONDO:0007453,MedGen:C0342277,OMIM:125851,Orphanet:552;MONDO:MONDO:0011236,MedGen:C1865290,OMIM:602485,Orphanet:79299;Human Phenotype Ontology:HP:0005965,Human Phenotype Ontology:HP:0005978,Human Phenotype Ontology:HP:0100652,MONDO:MONDO:0005148,MeSH:D003924,MedGen:C0011860,OMIM:125853;MONDO:MONDO:0100165,MedGen:C5393570,OMIM:606176","not specified|Hyperinsulinism due to glucokinase deficiency|Transient Neonatal Diabetes, Recessive|Maturity-onset diabetes of the young type 2|Permanent neonatal diabetes mellitus|not provided|Maturity-onset diabetes of the young|Maturity-onset diabetes of the young type 2;Hyperinsulinism due to glucokinase deficiency;Type 2 diabetes mellitus;Permanent neonatal diabetes mellitus 1",germline;unknown,germline,GRCh38,NC_000007.14,7,44152301,44152301,na,na,7p13,"criteria provided, multiple submitters, no conflicts",11,-,N,ClinGen:CA208152,2,211072,44152301,G,A,-,-,-,-,-,-,SCV000247465|SCV000302766|SCV000469440|SCV000469441|SCV000469442|SCV000469443|SCV000519048|SCV000862529|SCV001053778|SCV001144015|SCV002605708|SCV002807519|SCV004813479|SCV005227298,-,-
207486,Deletion,NM_000162.5(GCK):c.317_333del (p.Gln106fs),2645,GCK,HGNC:4195,Pathogenic/Likely pathogenic,1,"Feb 02, 2024",797045595,-,RCV000193318|RCV002464140|RCV003993878,"MONDO:MONDO:0007453,MedGen:C0342277,OMIM:125851,Orphanet:552|Human Phenotype Ontology:HP:0004904,MONDO:MONDO:0018911,MedGen:C0342276,OMIM:PS125850,Orphanet:552|MONDO:MONDO:0015967,MedGen:C3888631,Orphanet:183625",Maturity-onset diabetes of the young type 2|Maturity-onset diabetes of the young|Monogenic diabetes,germline;unknown,germline,GRCh37,NC_000007.13,7,44191900,44191916,na,na,7p13,"criteria provided, multiple submitters, no conflicts",3,-,N,ClinGen:CA206713,2,211071,44191899,CGGGGATGGAGTACATCT,C,-,-,-,-,-,-,SCV000247464|SCV002605306|SCV004813477,-,-
207486,Deletion,NM_000162.5(GCK):c.317_333del (p.Gln106fs),2645,GCK,HGNC:4195,Pathogenic/Likely pathogenic,1,"Feb 02, 2024",797045595,-,RCV000193318|RCV002464140|RCV003993878,"MONDO:MONDO:0007453,MedGen:C0342277,OMIM:125851,Orphanet:552|Human Phenotype Ontology:HP:0004904,MONDO:MONDO:0018911,MedGen:C0342276,OMIM:PS125850,Orphanet:552|MONDO:MONDO:0015967,MedGen:C3888631,Orphanet:183625",Maturity-onset diabetes of the young type 2|Maturity-onset diabetes of the young|Monogenic diabetes,germline;unknown,germline,GRCh38,NC_000007.14,7,44152301,44152317,na,na,7p13,"criteria provided, multiple submitters, no conflicts",3,-,N,ClinGen:CA206713,2,211071,44152300,CGGGGATGGAGTACATCT,C,-,-,-,-,-,-,SCV000247464|SCV002605306|SCV004813477,-,-
207828,Duplication,NM_000525.3(KCNJ11):c.1138_1143dup (p.Lys381_Phe382insProLys),3767,KCNJ11,HGNC:6257,Uncertain significance,0,"Aug 01, 2025",1440128889,-,RCV000195253|RCV002226695|RCV002492879|RCV005089979|RCV005430508,"MedGen:CN169374|Human Phenotype Ontology:HP:0004904,MONDO:MONDO:0018911,MedGen:C0342276,OMIM:PS125850,Orphanet:552|MONDO:MONDO:0012522,MedGen:C1864623,OMIM:610582,Orphanet:99886;MONDO:MONDO:0014589,MedGen:C4225365,OMIM:616329,Orphanet:552;Human Phenotype Ontology:HP:0005965,Human Phenotype Ontology:HP:0005978,Human Phenotype Ontology:HP:0100652,MONDO:MONDO:0005148,MeSH:D003924,MedGen:C0011860,OMIM:125853;MONDO:MONDO:0011153,MedGen:C2931833,OMIM:601820,Orphanet:276580,Orphanet:276603;MONDO:MONDO:0030087,MedGen:C5394296,OMIM:618856|MedGen:C3661900|MONDO:MONDO:0012522,MedGen:C1864623,OMIM:610582,Orphanet:99886;MONDO:MONDO:0011153,MedGen:C2931833,OMIM:601820,Orphanet:276580,Orphanet:276603;MONDO:MONDO:0100165,MedGen:C5393570,OMIM:606176","not specified|Maturity-onset diabetes of the young|Diabetes mellitus, transient neonatal, 3;Maturity-onset diabetes of the young type 13;Type 2 diabetes mellitus;Hyperinsulinemic hypoglycemia, familial, 2;Diabetes mellitus, permanent neonatal 2|not provided|Diabetes mellitus, transient neonatal, 3;Hyperinsulinemic hypoglycemia, familial, 2;Permanent neonatal diabetes mellitus 1",germline;somatic;unknown,germline/somatic,GRCh37,NC_000011.9,11,17408495,17408496,na,na,11p15.1,"criteria provided, multiple submitters, no conflicts",6,-,N,ClinGen:CA209936,2,211222,17408495,A,ACTTGGG,-,-,-,-,-,-,SCV000247649|SCV002505404|SCV002775187|SCV005811020|SCV006331478,-,-
207828,Duplication,NM_000525.3(KCNJ11):c.1138_1143dup (p.Lys381_Phe382insProLys),3767,KCNJ11,HGNC:6257,Uncertain significance,0,"Aug 01, 2025",1440128889,-,RCV000195253|RCV002226695|RCV002492879|RCV005089979|RCV005430508,"MedGen:CN169374|Human Phenotype Ontology:HP:0004904,MONDO:MONDO:0018911,MedGen:C0342276,OMIM:PS125850,Orphanet:552|MONDO:MONDO:0012522,MedGen:C1864623,OMIM:610582,Orphanet:99886;MONDO:MONDO:0014589,MedGen:C4225365,OMIM:616329,Orphanet:552;Human Phenotype Ontology:HP:0005965,Human Phenotype Ontology:HP:0005978,Human Phenotype Ontology:HP:0100652,MONDO:MONDO:0005148,MeSH:D003924,MedGen:C0011860,OMIM:125853;MONDO:MONDO:0011153,MedGen:C2931833,OMIM:601820,Orphanet:276580,Orphanet:276603;MONDO:MONDO:0030087,MedGen:C5394296,OMIM:618856|MedGen:C3661900|MONDO:MONDO:0012522,MedGen:C1864623,OMIM:610582,Orphanet:99886;MONDO:MONDO:0011153,MedGen:C2931833,OMIM:601820,Orphanet:276580,Orphanet:276603;MONDO:MONDO:0100165,MedGen:C5393570,OMIM:606176","not specified|Maturity-onset diabetes of the young|Diabetes mellitus, transient neonatal, 3;Maturity-onset diabetes of the young type 13;Type 2 diabetes mellitus;Hyperinsulinemic hypoglycemia, familial, 2;Diabetes mellitus, permanent neonatal 2|not provided|Diabetes mellitus, transient neonatal, 3;Hyperinsulinemic hypoglycemia, familial, 2;Permanent neonatal diabetes mellitus 1",germline;somatic;unknown,germline/somatic,GRCh38,NC_000011.10,11,17386948,17386949,na,na,11p15.1,"criteria provided, multiple submitters, no conflicts",6,-,N,ClinGen:CA209936,2,211222,17386948,A,ACTTGGG,-,-,-,-,-,-,SCV000247649|SCV002505404|SCV002775187|SCV005811020|SCV006331478,-,-
207829,single nucleotide variant,NM_000525.4(KCNJ11):c.1064T>C (p.Leu355Pro),3767,KCNJ11,HGNC:6257,Uncertain significance,0,"Apr 27, 2017",797045635,-,RCV000192814|RCV001106526|RCV001108705|RCV001106527|RCV002226694,"MedGen:CN169374|MONDO:MONDO:0014589,MedGen:C4225365,OMIM:616329,Orphanet:552|MONDO:MONDO:0012522,MedGen:C1864623,OMIM:610582,Orphanet:99886|MONDO:MONDO:0011153,MedGen:C2931833,OMIM:601820,Orphanet:276580,Orphanet:276603|Human Phenotype Ontology:HP:0004904,MONDO:MONDO:0018911,MedGen:C0342276,OMIM:PS125850,Orphanet:552","not specified|Maturity-onset diabetes of the young type 13|Diabetes mellitus, transient neonatal, 3|Hyperinsulinemic hypoglycemia, familial, 2|Maturity-onset diabetes of the young",germline;somatic,germline/somatic,GRCh37,NC_000011.9,11,17408575,17408575,na,na,11p15.1,"criteria provided, multiple submitters, no conflicts",3,-,N,ClinGen:CA205900,2,211220,17408575,A,G,-,-,-,-,-,-,SCV000247647|SCV001263599|SCV001263600|SCV001265974|SCV002505444,-,-
207829,single nucleotide variant,NM_000525.4(KCNJ11):c.1064T>C (p.Leu355Pro),3767,KCNJ11,HGNC:6257,Uncertain significance,0,"Apr 27, 2017",797045635,-,RCV000192814|RCV001106526|RCV001108705|RCV001106527|RCV002226694,"MedGen:CN169374|MONDO:MONDO:0014589,MedGen:C4225365,OMIM:616329,Orphanet:552|MONDO:MONDO:0012522,MedGen:C1864623,OMIM:610582,Orphanet:99886|MONDO:MONDO:0011153,MedGen:C2931833,OMIM:601820,Orphanet:276580,Orphanet:276603|Human Phenotype Ontology:HP:0004904,MONDO:MONDO:0018911,MedGen:C0342276,OMIM:PS125850,Orphanet:552","not specified|Maturity-onset diabetes of the young type 13|Diabetes mellitus, transient neonatal, 3|Hyperinsulinemic hypoglycemia, familial, 2|Maturity-onset diabetes of the young",germline;somatic,germline/somatic,GRCh38,NC_000011.10,11,17387028,17387028,na,na,11p15.1,"criteria provided, multiple submitters, no conflicts",3,-,N,ClinGen:CA205900,2,211220,17387028,A,G,-,-,-,-,-,-,SCV000247647|SCV001263599|SCV001263600|SCV001265974|SCV002505444,-,-
207830,single nucleotide variant,NM_000525.4(KCNJ11):c.1017G>T (p.Val339=),3767,KCNJ11,HGNC:6257,Conflicting classifications of pathogenicity,0,"Jul 30, 2025",770408379,-,RCV000194610|RCV000901053,MedGen:CN169374|MedGen:C3661900,not specified|not provided,germline,germline,GRCh37,NC_000011.9,11,17408622,17408622,na,na,11p15.1,"criteria provided, conflicting classifications",4,-,N,ClinGen:CA208884,2,211219,17408622,C,A,-,-,-,-,-,-,SCV000247646|SCV001045403|SCV004100137|SCV004562580,-,-
207830,single nucleotide variant,NM_000525.4(KCNJ11):c.1017G>T (p.Val339=),3767,KCNJ11,HGNC:6257,Conflicting classifications of pathogenicity,0,"Jul 30, 2025",770408379,-,RCV000194610|RCV000901053,MedGen:CN169374|MedGen:C3661900,not specified|not provided,germline,germline,GRCh38,NC_000011.10,11,17387075,17387075,na,na,11p15.1,"criteria provided, conflicting classifications",4,-,N,ClinGen:CA208884,2,211219,17387075,C,A,-,-,-,-,-,-,SCV000247646|SCV001045403|SCV004100137|SCV004562580,-,-
207831,single nucleotide variant,NM_000525.4(KCNJ11):c.934G>A (p.Gly312Ser),3767,KCNJ11,HGNC:6257,Uncertain significance,0,"May 23, 2025",72554079,-,RCV000193534|RCV002227092|RCV002478671|RCV003884391|RCV006462043,"MedGen:CN169374|Human Phenotype Ontology:HP:0004904,MONDO:MONDO:0018911,MedGen:C0342276,OMIM:PS125850,Orphanet:552|MONDO:MONDO:0012522,MedGen:C1864623,OMIM:610582,Orphanet:99886;MONDO:MONDO:0014589,MedGen:C4225365,OMIM:616329,Orphanet:552;Human Phenotype Ontology:HP:0005965,Human Phenotype Ontology:HP:0005978,Human Phenotype Ontology:HP:0100652,MONDO:MONDO:0005148,MeSH:D003924,MedGen:C0011860,OMIM:125853;MONDO:MONDO:0011153,MedGen:C2931833,OMIM:601820,Orphanet:276580,Orphanet:276603;MONDO:MONDO:0030087,MedGen:C5394296,OMIM:618856|MONDO:MONDO:0014589,MedGen:C4225365,OMIM:616329,Orphanet:552|MedGen:C3661900","not specified|Maturity-onset diabetes of the young|Diabetes mellitus, transient neonatal, 3;Maturity-onset diabetes of the young type 13;Type 2 diabetes mellitus;Hyperinsulinemic hypoglycemia, familial, 2;Diabetes mellitus, permanent neonatal 2|Maturity-onset diabetes of the young type 13|not provided",germline;somatic;unknown,germline/somatic,GRCh37,NC_000011.9,11,17408705,17408705,na,na,11p15.1,"criteria provided, multiple submitters, no conflicts",4,-,N,ClinGen:CA207088,2,211231,17408705,C,T,-,-,-,-,-,-,SCV000247659|SCV002506508|SCV002782781|SCV004698178|SCV007426715,-,-
207831,single nucleotide variant,NM_000525.4(KCNJ11):c.934G>A (p.Gly312Ser),3767,KCNJ11,HGNC:6257,Uncertain significance,0,"May 23, 2025",72554079,-,RCV000193534|RCV002227092|RCV002478671|RCV003884391|RCV006462043,"MedGen:CN169374|Human Phenotype Ontology:HP:0004904,MONDO:MONDO:0018911,MedGen:C0342276,OMIM:PS125850,Orphanet:552|MONDO:MONDO:0012522,MedGen:C1864623,OMIM:610582,Orphanet:99886;MONDO:MONDO:0014589,MedGen:C4225365,OMIM:616329,Orphanet:552;Human Phenotype Ontology:HP:0005965,Human Phenotype Ontology:HP:0005978,Human Phenotype Ontology:HP:0100652,MONDO:MONDO:0005148,MeSH:D003924,MedGen:C0011860,OMIM:125853;MONDO:MONDO:0011153,MedGen:C2931833,OMIM:601820,Orphanet:276580,Orphanet:276603;MONDO:MONDO:0030087,MedGen:C5394296,OMIM:618856|MONDO:MONDO:0014589,MedGen:C4225365,OMIM:616329,Orphanet:552|MedGen:C3661900","not specified|Maturity-onset diabetes of the young|Diabetes mellitus, transient neonatal, 3;Maturity-onset diabetes of the young type 13;Type 2 diabetes mellitus;Hyperinsulinemic hypoglycemia, familial, 2;Diabetes mellitus, permanent neonatal 2|Maturity-onset diabetes of the young type 13|not provided",germline;somatic;unknown,germline/somatic,GRCh38,NC_000011.10,11,17387158,17387158,na,na,11p15.1,"criteria provided, multiple submitters, no conflicts",4,-,N,ClinGen:CA207088,2,211231,17387158,C,T,-,-,-,-,-,-,SCV000247659|SCV002506508|SCV002782781|SCV004698178|SCV007426715,-,-
207832,single nucleotide variant,NM_000525.4(KCNJ11):c.881C>T (p.Thr294Met),3767,KCNJ11,HGNC:6257,Conflicting classifications of pathogenicity,1,"Jan 11, 2024",780957825,-,RCV000192330|RCV000984004|RCV001385879|RCV001535984|RCV002227091|RCV002227090|RCV003462300,"MONDO:MONDO:0011153,MedGen:C2931833,OMIM:601820,Orphanet:276580,Orphanet:276603|MONDO:MONDO:0012522,MedGen:C1864623,OMIM:610582,Orphanet:99886|MedGen:C3661900|MONDO:MONDO:0012522,MedGen:C1864623,OMIM:610582,Orphanet:99886;MONDO:MONDO:0014589,MedGen:C4225365,OMIM:616329,Orphanet:552;Human Phenotype Ontology:HP:0005965,Human Phenotype Ontology:HP:0005978,Human Phenotype Ontology:HP:0100652,MONDO:MONDO:0005148,MeSH:D003924,MedGen:C0011860,OMIM:125853;MONDO:MONDO:0011153,MedGen:C2931833,OMIM:601820,Orphanet:276580,Orphanet:276603;MONDO:MONDO:0030087,MedGen:C5394296,OMIM:618856|Human Phenotype Ontology:HP:0000842,MONDO:MONDO:0002177,MedGen:C0020459|Human Phenotype Ontology:HP:0004904,MONDO:MONDO:0018911,MedGen:C0342276,OMIM:PS125850,Orphanet:552|Human Phenotype Ontology:HP:0005965,Human Phenotype Ontology:HP:0005978,Human Phenotype Ontology:HP:0100652,MONDO:MONDO:0005148,MeSH:D003924,MedGen:C0011860,OMIM:125853","Hyperinsulinemic hypoglycemia, familial, 2|Diabetes mellitus, transient neonatal, 3|not provided|Diabetes mellitus, transient neonatal, 3;Maturity-onset diabetes of the young type 13;Type 2 diabetes mellitus;Hyperinsulinemic hypoglycemia, familial, 2;Diabetes mellitus, permanent neonatal 2|Hyperinsulinemia|Maturity-onset diabetes of the young|Type 2 diabetes mellitus",germline;somatic;unknown,germline/somatic,GRCh37,NC_000011.9,11,17408758,17408758,na,na,11p15.1,"criteria provided, conflicting classifications",6,-,N,ClinGen:CA276941,2,211230,17408758,G,A,-,-,-,-,-,-,SCV000247658|SCV001585887|SCV001752654|SCV002506483|SCV004198064,-,-
207832,single nucleotide variant,NM_000525.4(KCNJ11):c.881C>T (p.Thr294Met),3767,KCNJ11,HGNC:6257,Conflicting classifications of pathogenicity,1,"Jan 11, 2024",780957825,-,RCV000192330|RCV000984004|RCV001385879|RCV001535984|RCV002227091|RCV002227090|RCV003462300,"MONDO:MONDO:0011153,MedGen:C2931833,OMIM:601820,Orphanet:276580,Orphanet:276603|MONDO:MONDO:0012522,MedGen:C1864623,OMIM:610582,Orphanet:99886|MedGen:C3661900|MONDO:MONDO:0012522,MedGen:C1864623,OMIM:610582,Orphanet:99886;MONDO:MONDO:0014589,MedGen:C4225365,OMIM:616329,Orphanet:552;Human Phenotype Ontology:HP:0005965,Human Phenotype Ontology:HP:0005978,Human Phenotype Ontology:HP:0100652,MONDO:MONDO:0005148,MeSH:D003924,MedGen:C0011860,OMIM:125853;MONDO:MONDO:0011153,MedGen:C2931833,OMIM:601820,Orphanet:276580,Orphanet:276603;MONDO:MONDO:0030087,MedGen:C5394296,OMIM:618856|Human Phenotype Ontology:HP:0000842,MONDO:MONDO:0002177,MedGen:C0020459|Human Phenotype Ontology:HP:0004904,MONDO:MONDO:0018911,MedGen:C0342276,OMIM:PS125850,Orphanet:552|Human Phenotype Ontology:HP:0005965,Human Phenotype Ontology:HP:0005978,Human Phenotype Ontology:HP:0100652,MONDO:MONDO:0005148,MeSH:D003924,MedGen:C0011860,OMIM:125853","Hyperinsulinemic hypoglycemia, familial, 2|Diabetes mellitus, transient neonatal, 3|not provided|Diabetes mellitus, transient neonatal, 3;Maturity-onset diabetes of the young type 13;Type 2 diabetes mellitus;Hyperinsulinemic hypoglycemia, familial, 2;Diabetes mellitus, permanent neonatal 2|Hyperinsulinemia|Maturity-onset diabetes of the young|Type 2 diabetes mellitus",germline;somatic;unknown,germline/somatic,GRCh38,NC_000011.10,11,17387211,17387211,na,na,11p15.1,"criteria provided, conflicting classifications",6,-,N,ClinGen:CA276941,2,211230,17387211,G,A,-,-,-,-,-,-,SCV000247658|SCV001585887|SCV001752654|SCV002506483|SCV004198064,-,-
207833,single nucleotide variant,NM_000525.4(KCNJ11):c.866G>T (p.Gly289Val),3767,KCNJ11,HGNC:6257,Likely pathogenic,1,"Feb 09, 2015",797045637,-,RCV000194466,"MONDO:MONDO:0011153,MedGen:C2931833,OMIM:601820,Orphanet:276580,Orphanet:276603","Hyperinsulinemic hypoglycemia, familial, 2",germline,germline,GRCh37,NC_000011.9,11,17408773,17408773,na,na,11p15.1,"criteria provided, single submitter",1,-,N,ClinGen:CA277326,2,211229,17408773,C,A,-,-,-,-,-,-,SCV000247657,-,-
207833,single nucleotide variant,NM_000525.4(KCNJ11):c.866G>T (p.Gly289Val),3767,KCNJ11,HGNC:6257,Likely pathogenic,1,"Feb 09, 2015",797045637,-,RCV000194466,"MONDO:MONDO:0011153,MedGen:C2931833,OMIM:601820,Orphanet:276580,Orphanet:276603","Hyperinsulinemic hypoglycemia, familial, 2",germline,germline,GRCh38,NC_000011.10,11,17387226,17387226,na,na,11p15.1,"criteria provided, single submitter",1,-,N,ClinGen:CA277326,2,211229,17387226,C,A,-,-,-,-,-,-,SCV000247657,-,-
207834,single nucleotide variant,NM_000525.4(KCNJ11):c.866G>C (p.Gly289Ala),3767,KCNJ11,HGNC:6257,Conflicting classifications of pathogenicity,1,"Jun 19, 2023",797045637,-,RCV000193250|RCV002226699|RCV003468883,"MONDO:MONDO:0011153,MedGen:C2931833,OMIM:601820,Orphanet:276580,Orphanet:276603|Human Phenotype Ontology:HP:0004904,MONDO:MONDO:0018911,MedGen:C0342276,OMIM:PS125850,Orphanet:552|Human Phenotype Ontology:HP:0005965,Human Phenotype Ontology:HP:0005978,Human Phenotype Ontology:HP:0100652,MONDO:MONDO:0005148,MeSH:D003924,MedGen:C0011860,OMIM:125853","Hyperinsulinemic hypoglycemia, familial, 2|Maturity-onset diabetes of the young|Type 2 diabetes mellitus",germline;somatic;unknown,germline/somatic,GRCh37,NC_000011.9,11,17408773,17408773,na,na,11p15.1,"criteria provided, conflicting classifications",3,-,N,ClinGen:CA277103,2,211228,17408773,C,G,-,-,-,-,-,-,SCV000247656|SCV002505437|SCV004198058,-,-
207834,single nucleotide variant,NM_000525.4(KCNJ11):c.866G>C (p.Gly289Ala),3767,KCNJ11,HGNC:6257,Conflicting classifications of pathogenicity,1,"Jun 19, 2023",797045637,-,RCV000193250|RCV002226699|RCV003468883,"MONDO:MONDO:0011153,MedGen:C2931833,OMIM:601820,Orphanet:276580,Orphanet:276603|Human Phenotype Ontology:HP:0004904,MONDO:MONDO:0018911,MedGen:C0342276,OMIM:PS125850,Orphanet:552|Human Phenotype Ontology:HP:0005965,Human Phenotype Ontology:HP:0005978,Human Phenotype Ontology:HP:0100652,MONDO:MONDO:0005148,MeSH:D003924,MedGen:C0011860,OMIM:125853","Hyperinsulinemic hypoglycemia, familial, 2|Maturity-onset diabetes of the young|Type 2 diabetes mellitus",germline;somatic;unknown,germline/somatic,GRCh38,NC_000011.10,11,17387226,17387226,na,na,11p15.1,"criteria provided, conflicting classifications",3,-,N,ClinGen:CA277103,2,211228,17387226,C,G,-,-,-,-,-,-,SCV000247656|SCV002505437|SCV004198058,-,-
207835,single nucleotide variant,NM_000525.4(KCNJ11):c.843C>T (p.Leu281=),3767,KCNJ11,HGNC:6257,Conflicting classifications of pathogenicity,0,"Jan 06, 2026",116392938,-,RCV000194182|RCV000960925|RCV001103552|RCV001105473|RCV001105472|RCV001833136|RCV002227089|RCV003165435,"MedGen:CN169374|MedGen:C3661900|MONDO:MONDO:0011153,MedGen:C2931833,OMIM:601820,Orphanet:276580,Orphanet:276603|MONDO:MONDO:0014589,MedGen:C4225365,OMIM:616329,Orphanet:552|MONDO:MONDO:0012522,MedGen:C1864623,OMIM:610582,Orphanet:99886|MONDO:MONDO:0100164,MedGen:C1833104,OMIM:PS606176,Orphanet:99885|Human Phenotype Ontology:HP:0000842,MONDO:MONDO:0002177,MedGen:C0020459|MeSH:D030342,MedGen:C0950123","not specified|not provided|Hyperinsulinemic hypoglycemia, familial, 2|Maturity-onset diabetes of the young type 13|Diabetes mellitus, transient neonatal, 3|Permanent neonatal diabetes mellitus|Hyperinsulinemia|Inborn genetic diseases",germline;somatic;unknown,germline/somatic,GRCh37,NC_000011.9,11,17408796,17408796,na,na,11p15.1,"criteria provided, conflicting classifications",14,-,N,ClinGen:CA208185,2,211227,17408796,G,A,-,-,-,-,-,-,SCV000247654|SCV000304670|SCV001107954|SCV001260325|SCV001262440|SCV001262441|SCV001790225|SCV001880049|SCV002505935|SCV003799950|SCV003904823|SCV004136021|SCV005884869,-,-
207835,single nucleotide variant,NM_000525.4(KCNJ11):c.843C>T (p.Leu281=),3767,KCNJ11,HGNC:6257,Conflicting classifications of pathogenicity,0,"Jan 06, 2026",116392938,-,RCV000194182|RCV000960925|RCV001103552|RCV001105473|RCV001105472|RCV001833136|RCV002227089|RCV003165435,"MedGen:CN169374|MedGen:C3661900|MONDO:MONDO:0011153,MedGen:C2931833,OMIM:601820,Orphanet:276580,Orphanet:276603|MONDO:MONDO:0014589,MedGen:C4225365,OMIM:616329,Orphanet:552|MONDO:MONDO:0012522,MedGen:C1864623,OMIM:610582,Orphanet:99886|MONDO:MONDO:0100164,MedGen:C1833104,OMIM:PS606176,Orphanet:99885|Human Phenotype Ontology:HP:0000842,MONDO:MONDO:0002177,MedGen:C0020459|MeSH:D030342,MedGen:C0950123","not specified|not provided|Hyperinsulinemic hypoglycemia, familial, 2|Maturity-onset diabetes of the young type 13|Diabetes mellitus, transient neonatal, 3|Permanent neonatal diabetes mellitus|Hyperinsulinemia|Inborn genetic diseases",germline;somatic;unknown,germline/somatic,GRCh38,NC_000011.10,11,17387249,17387249,na,na,11p15.1,"criteria provided, conflicting classifications",14,-,N,ClinGen:CA208185,2,211227,17387249,G,A,-,-,-,-,-,-,SCV000247654|SCV000304670|SCV001107954|SCV001260325|SCV001262440|SCV001262441|SCV001790225|SCV001880049|SCV002505935|SCV003799950|SCV003904823|SCV004136021|SCV005884869,-,-
207836,single nucleotide variant,NM_000525.4(KCNJ11):c.726C>T (p.Asn242=),3767,KCNJ11,HGNC:6257,Conflicting classifications of pathogenicity,0,"Dec 01, 2025",72554078,-,RCV000195184|RCV001412334|RCV002226697|RCV004530124,"MedGen:CN169374|MedGen:C3661900|Human Phenotype Ontology:HP:0004904,MONDO:MONDO:0018911,MedGen:C0342276,OMIM:PS125850,Orphanet:552|",not specified|not provided|Maturity-onset diabetes of the young|KCNJ11-related disorder,germline;somatic,germline/somatic,GRCh37,NC_000011.9,11,17408913,17408913,na,na,11p15.1,"criteria provided, conflicting classifications",4,-,N,ClinGen:CA209837,2,211225,17408913,G,A,-,-,-,-,-,-,SCV000247652|SCV001614415|SCV002505412,-,-
207836,single nucleotide variant,NM_000525.4(KCNJ11):c.726C>T (p.Asn242=),3767,KCNJ11,HGNC:6257,Conflicting classifications of pathogenicity,0,"Dec 01, 2025",72554078,-,RCV000195184|RCV001412334|RCV002226697|RCV004530124,"MedGen:CN169374|MedGen:C3661900|Human Phenotype Ontology:HP:0004904,MONDO:MONDO:0018911,MedGen:C0342276,OMIM:PS125850,Orphanet:552|",not specified|not provided|Maturity-onset diabetes of the young|KCNJ11-related disorder,germline;somatic,germline/somatic,GRCh38,NC_000011.10,11,17387366,17387366,na,na,11p15.1,"criteria provided, conflicting classifications",4,-,N,ClinGen:CA209837,2,211225,17387366,G,A,-,-,-,-,-,-,SCV000247652|SCV001614415|SCV002505412,-,-
207837,single nucleotide variant,NM_000525.4(KCNJ11):c.567C>T (p.Ile189=),3767,KCNJ11,HGNC:6257,Conflicting classifications of pathogenicity,0,"Feb 08, 2024",114899765,-,RCV000193965|RCV000917741|RCV002226696|RCV002345694,"MedGen:CN169374|MedGen:C3661900|Human Phenotype Ontology:HP:0004904,MONDO:MONDO:0018911,MedGen:C0342276,OMIM:PS125850,Orphanet:552|MeSH:D030342,MedGen:C0950123",not specified|not provided|Maturity-onset diabetes of the young|Inborn genetic diseases,germline;somatic,germline/somatic,GRCh37,NC_000011.9,11,17409072,17409072,na,na,11p15.1,"criteria provided, conflicting classifications",5,-,N,ClinGen:CA207806,2,211224,17409072,G,A,-,-,-,-,-,-,SCV000247651|SCV001063031|SCV002505411|SCV002652430|SCV005376781,-,-
207837,single nucleotide variant,NM_000525.4(KCNJ11):c.567C>T (p.Ile189=),3767,KCNJ11,HGNC:6257,Conflicting classifications of pathogenicity,0,"Feb 08, 2024",114899765,-,RCV000193965|RCV000917741|RCV002226696|RCV002345694,"MedGen:CN169374|MedGen:C3661900|Human Phenotype Ontology:HP:0004904,MONDO:MONDO:0018911,MedGen:C0342276,OMIM:PS125850,Orphanet:552|MeSH:D030342,MedGen:C0950123",not specified|not provided|Maturity-onset diabetes of the young|Inborn genetic diseases,germline;somatic,germline/somatic,GRCh38,NC_000011.10,11,17387525,17387525,na,na,11p15.1,"criteria provided, conflicting classifications",5,-,N,ClinGen:CA207806,2,211224,17387525,G,A,-,-,-,-,-,-,SCV000247651|SCV001063031|SCV002505411|SCV002652430|SCV005376781,-,-
207838,single nucleotide variant,NM_000525.4(KCNJ11):c.526C>T (p.Arg176Cys),3767,KCNJ11,HGNC:6257,Uncertain significance,0,"Jan 05, 2026",201264306,-,RCV000192751|RCV002294074|RCV002517087|RCV004530123,"MedGen:CN169374|MONDO:MONDO:0014589,MedGen:C4225365,OMIM:616329,Orphanet:552|MedGen:C3661900|",not specified|Maturity-onset diabetes of the young type 13|not provided|KCNJ11-related disorder,germline;unknown,germline,GRCh37,NC_000011.9,11,17409113,17409113,na,na,11p15.1,"criteria provided, multiple submitters, no conflicts",5,-,N,ClinGen:CA205789,2,211223,17409113,G,A,-,-,-,-,-,-,SCV000247650|SCV002587111|SCV003439574|SCV004119470|SCV005725816,-,-
207838,single nucleotide variant,NM_000525.4(KCNJ11):c.526C>T (p.Arg176Cys),3767,KCNJ11,HGNC:6257,Uncertain significance,0,"Jan 05, 2026",201264306,-,RCV000192751|RCV002294074|RCV002517087|RCV004530123,"MedGen:CN169374|MONDO:MONDO:0014589,MedGen:C4225365,OMIM:616329,Orphanet:552|MedGen:C3661900|",not specified|Maturity-onset diabetes of the young type 13|not provided|KCNJ11-related disorder,germline;unknown,germline,GRCh38,NC_000011.10,11,17387566,17387566,na,na,11p15.1,"criteria provided, multiple submitters, no conflicts",5,-,N,ClinGen:CA205789,2,211223,17387566,G,A,-,-,-,-,-,-,SCV000247650|SCV002587111|SCV003439574|SCV004119470|SCV005725816,-,-
207839,single nucleotide variant,NM_000525.4(KCNJ11):c.108G>A (p.Val36=),3767,KCNJ11,HGNC:6257,Benign/Likely benign,0,"Jan 31, 2026",112070496,-,RCV000194046|RCV000272386|RCV000380410|RCV000969057|RCV001093945|RCV001103644|RCV002444779,"MedGen:CN169374|Human Phenotype Ontology:HP:0004904,MONDO:MONDO:0018911,MedGen:C0342276,OMIM:PS125850,Orphanet:552|MONDO:MONDO:0100164,MedGen:C1833104,OMIM:PS606176,Orphanet:99885|MedGen:C3661900|MONDO:MONDO:0012522,MedGen:C1864623,OMIM:610582,Orphanet:99886|MONDO:MONDO:0014589,MedGen:C4225365,OMIM:616329,Orphanet:552|MeSH:D030342,MedGen:C0950123","not specified|Maturity-onset diabetes of the young|Permanent neonatal diabetes mellitus|not provided|Diabetes mellitus, transient neonatal, 3|Maturity-onset diabetes of the young type 13|Inborn genetic diseases",germline;somatic,germline/somatic,GRCh37,NC_000011.9,11,17409531,17409531,na,na,11p15.1,"criteria provided, multiple submitters, no conflicts",8,-,N,ClinGen:CA207945,2,211221,17409531,C,T,-,-,-,-,-,-,SCV000247648|SCV000304662|SCV000483232|SCV001116548|SCV001260435|SCV001937754|SCV002732261,-,-
207839,single nucleotide variant,NM_000525.4(KCNJ11):c.108G>A (p.Val36=),3767,KCNJ11,HGNC:6257,Benign/Likely benign,0,"Jan 31, 2026",112070496,-,RCV000194046|RCV000272386|RCV000380410|RCV000969057|RCV001093945|RCV001103644|RCV002444779,"MedGen:CN169374|Human Phenotype Ontology:HP:0004904,MONDO:MONDO:0018911,MedGen:C0342276,OMIM:PS125850,Orphanet:552|MONDO:MONDO:0100164,MedGen:C1833104,OMIM:PS606176,Orphanet:99885|MedGen:C3661900|MONDO:MONDO:0012522,MedGen:C1864623,OMIM:610582,Orphanet:99886|MONDO:MONDO:0014589,MedGen:C4225365,OMIM:616329,Orphanet:552|MeSH:D030342,MedGen:C0950123","not specified|Maturity-onset diabetes of the young|Permanent neonatal diabetes mellitus|not provided|Diabetes mellitus, transient neonatal, 3|Maturity-onset diabetes of the young type 13|Inborn genetic diseases",germline;somatic,germline/somatic,GRCh38,NC_000011.10,11,17387984,17387984,na,na,11p15.1,"criteria provided, multiple submitters, no conflicts",8,-,N,ClinGen:CA207945,2,211221,17387984,C,T,-,-,-,-,-,-,SCV000247648|SCV000304662|SCV000483232|SCV001116548|SCV001260435|SCV001937754|SCV002732261,-,-
207840,single nucleotide variant,NM_000525.4(KCNJ11):c.79C>T (p.Arg27Cys),3767,KCNJ11,HGNC:6257,Uncertain significance,1,"Jul 08, 2025",752507753,-,RCV000193401|RCV001277854|RCV001753595|RCV002226698|RCV005430509,"MONDO:MONDO:0011153,MedGen:C2931833,OMIM:601820,Orphanet:276580,Orphanet:276603|MONDO:MONDO:0100164,MedGen:C1833104,OMIM:PS606176,Orphanet:99885|MedGen:C3661900|Human Phenotype Ontology:HP:0004904,MONDO:MONDO:0018911,MedGen:C0342276,OMIM:PS125850,Orphanet:552|MONDO:MONDO:0100165,MedGen:C5393570,OMIM:606176;MONDO:MONDO:0012522,MedGen:C1864623,OMIM:610582,Orphanet:99886;MONDO:MONDO:0011153,MedGen:C2931833,OMIM:601820,Orphanet:276580,Orphanet:276603","Hyperinsulinemic hypoglycemia, familial, 2|Permanent neonatal diabetes mellitus|not provided|Maturity-onset diabetes of the young|Permanent neonatal diabetes mellitus 1;Diabetes mellitus, transient neonatal, 3;Hyperinsulinemic hypoglycemia, familial, 2",germline;somatic;unknown,germline/somatic,GRCh37,NC_000011.9,11,17409560,17409560,na,na,11p15.1,"criteria provided, multiple submitters, no conflicts",6,-,N,ClinGen:CA277131,2,211226,17409560,G,A,-,-,-,-,-,-,SCV001987311|SCV002505445|SCV003521277,-,-
207840,single nucleotide variant,NM_000525.4(KCNJ11):c.79C>T (p.Arg27Cys),3767,KCNJ11,HGNC:6257,Uncertain significance,1,"Jul 08, 2025",752507753,-,RCV000193401|RCV001277854|RCV001753595|RCV002226698|RCV005430509,"MONDO:MONDO:0011153,MedGen:C2931833,OMIM:601820,Orphanet:276580,Orphanet:276603|MONDO:MONDO:0100164,MedGen:C1833104,OMIM:PS606176,Orphanet:99885|MedGen:C3661900|Human Phenotype Ontology:HP:0004904,MONDO:MONDO:0018911,MedGen:C0342276,OMIM:PS125850,Orphanet:552|MONDO:MONDO:0100165,MedGen:C5393570,OMIM:606176;MONDO:MONDO:0012522,MedGen:C1864623,OMIM:610582,Orphanet:99886;MONDO:MONDO:0011153,MedGen:C2931833,OMIM:601820,Orphanet:276580,Orphanet:276603","Hyperinsulinemic hypoglycemia, familial, 2|Permanent neonatal diabetes mellitus|not provided|Maturity-onset diabetes of the young|Permanent neonatal diabetes mellitus 1;Diabetes mellitus, transient neonatal, 3;Hyperinsulinemic hypoglycemia, familial, 2",germline;somatic;unknown,germline/somatic,GRCh38,NC_000011.10,11,17388013,17388013,na,na,11p15.1,"criteria provided, multiple submitters, no conflicts",6,-,N,ClinGen:CA277131,2,211226,17388013,G,A,-,-,-,-,-,-,SCV001987311|SCV002505445|SCV003521277,-,-
207841,Duplication,NM_000352.6(ABCC8):c.4516_4536dup (p.Glu1506_Asp1512dup),6833,ABCC8,HGNC:59,Likely pathogenic,1,"Apr 15, 2015",797045212,-,RCV000193129,"MONDO:MONDO:0009734,MedGen:C2931832,OMIM:256450,Orphanet:276575,Orphanet:276598","Hyperinsulinemic hypoglycemia, familial, 1",germline,germline,GRCh37,NC_000011.9,11,17415821,17415822,na,na,11p15.1,"criteria provided, single submitter",1,-,N,ClinGen:CA277085,2,210081,17415821,T,TGTCAATGGAAGCCGTGGCCTC,-,-,-,-,-,-,SCV000246302,-,-
207841,Duplication,NM_000352.6(ABCC8):c.4516_4536dup (p.Glu1506_Asp1512dup),6833,ABCC8,HGNC:59,Likely pathogenic,1,"Apr 15, 2015",797045212,-,RCV000193129,"MONDO:MONDO:0009734,MedGen:C2931832,OMIM:256450,Orphanet:276575,Orphanet:276598","Hyperinsulinemic hypoglycemia, familial, 1",germline,germline,GRCh38,NC_000011.10,11,17394274,17394275,na,na,11p15.1,"criteria provided, single submitter",1,-,N,ClinGen:CA277085,2,210081,17394274,T,TGTCAATGGAAGCCGTGGCCTC,-,-,-,-,-,-,SCV000246302,-,-
207842,single nucleotide variant,NM_000352.6(ABCC8):c.4482C>T (p.Ala1494=),6833,ABCC8,HGNC:59,Conflicting classifications of pathogenicity,0,"Apr 05, 2024",374853931,-,RCV000195089|RCV000930273|RCV002327023,"MedGen:CN169374|MedGen:C3661900|MeSH:D030342,MedGen:C0950123",not specified|not provided|Inborn genetic diseases,germline,germline,GRCh37,NC_000011.9,11,17415876,17415876,na,na,11p15.1,"criteria provided, conflicting classifications",3,-,N,ClinGen:CA209674,2,210080,17415876,G,A,-,-,-,-,-,-,SCV000246301|SCV001075923|SCV002636723,-,-
207842,single nucleotide variant,NM_000352.6(ABCC8):c.4482C>T (p.Ala1494=),6833,ABCC8,HGNC:59,Conflicting classifications of pathogenicity,0,"Apr 05, 2024",374853931,-,RCV000195089|RCV000930273|RCV002327023,"MedGen:CN169374|MedGen:C3661900|MeSH:D030342,MedGen:C0950123",not specified|not provided|Inborn genetic diseases,germline,germline,GRCh38,NC_000011.10,11,17394329,17394329,na,na,11p15.1,"criteria provided, conflicting classifications",3,-,N,ClinGen:CA209674,2,210080,17394329,G,A,-,-,-,-,-,-,SCV000246301|SCV001075923|SCV002636723,-,-
207843,single nucleotide variant,NM_000352.6(ABCC8):c.4314C>T (p.Asn1438=),6833,ABCC8,HGNC:59,Conflicting classifications of pathogenicity,0,"Oct 27, 2025",752809991,-,RCV000194056|RCV001404323|RCV002243874|RCV002243873|RCV005520249,"MedGen:CN169374|MedGen:C3661900|Human Phenotype Ontology:HP:0008255,MONDO:MONDO:0020525,MedGen:C0342273|Human Phenotype Ontology:HP:0004904,MONDO:MONDO:0018911,MedGen:C0342276,OMIM:PS125850,Orphanet:552|MeSH:D030342,MedGen:C0950123",not specified|not provided|Transitory neonatal diabetes mellitus|Maturity-onset diabetes of the young|Inborn genetic diseases,germline;somatic,germline/somatic,GRCh37,NC_000011.9,11,17416816,17416816,na,na,11p15.1,"criteria provided, conflicting classifications",5,-,N,ClinGen:CA207956,2,210079,17416816,G,A,-,-,-,-,-,-,SCV000246300|SCV001606221|SCV002513332|SCV002513333|SCV006195525|SCV007338092,-,-
207843,single nucleotide variant,NM_000352.6(ABCC8):c.4314C>T (p.Asn1438=),6833,ABCC8,HGNC:59,Conflicting classifications of pathogenicity,0,"Oct 27, 2025",752809991,-,RCV000194056|RCV001404323|RCV002243874|RCV002243873|RCV005520249,"MedGen:CN169374|MedGen:C3661900|Human Phenotype Ontology:HP:0008255,MONDO:MONDO:0020525,MedGen:C0342273|Human Phenotype Ontology:HP:0004904,MONDO:MONDO:0018911,MedGen:C0342276,OMIM:PS125850,Orphanet:552|MeSH:D030342,MedGen:C0950123",not specified|not provided|Transitory neonatal diabetes mellitus|Maturity-onset diabetes of the young|Inborn genetic diseases,germline;somatic,germline/somatic,GRCh38,NC_000011.10,11,17395269,17395269,na,na,11p15.1,"criteria provided, conflicting classifications",5,-,N,ClinGen:CA207956,2,210079,17395269,G,A,-,-,-,-,-,-,SCV000246300|SCV001606221|SCV002513332|SCV002513333|SCV006195525|SCV007338092,-,-
207844,single nucleotide variant,NM_000352.6(ABCC8):c.4119+1G>A,6833,ABCC8,HGNC:59,Pathogenic,1,"Jul 29, 2015",797045211,-,RCV000193386,"MONDO:MONDO:0009734,MedGen:C2931832,OMIM:256450,Orphanet:276575,Orphanet:276598","Hyperinsulinemic hypoglycemia, familial, 1",germline;unknown,germline,GRCh37,NC_000011.9,11,17418462,17418462,na,na,11p15.1,"criteria provided, single submitter",2,-,N,ClinGen:CA277130,2,210078,17418462,C,T,-,-,-,-,-,-,SCV000246299,-,-
207844,single nucleotide variant,NM_000352.6(ABCC8):c.4119+1G>A,6833,ABCC8,HGNC:59,Pathogenic,1,"Jul 29, 2015",797045211,-,RCV000193386,"MONDO:MONDO:0009734,MedGen:C2931832,OMIM:256450,Orphanet:276575,Orphanet:276598","Hyperinsulinemic hypoglycemia, familial, 1",germline;unknown,germline,GRCh38,NC_000011.10,11,17396915,17396915,na,na,11p15.1,"criteria provided, single submitter",2,-,N,ClinGen:CA277130,2,210078,17396915,C,T,-,-,-,-,-,-,SCV000246299,-,-
207845,single nucleotide variant,NM_000352.6(ABCC8):c.3755A>G (p.Glu1252Gly),6833,ABCC8,HGNC:59,Uncertain significance,0,"May 04, 2015",797045210,-,RCV000194981|RCV002246114|RCV002246113,"MedGen:CN169374|Human Phenotype Ontology:HP:0008255,MONDO:MONDO:0020525,MedGen:C0342273|Human Phenotype Ontology:HP:0004904,MONDO:MONDO:0018911,MedGen:C0342276,OMIM:PS125850,Orphanet:552",not specified|Transitory neonatal diabetes mellitus|Maturity-onset diabetes of the young,germline;somatic,germline/somatic,GRCh37,NC_000011.9,11,17419343,17419343,na,na,11p15.1,"criteria provided, multiple submitters, no conflicts",2,-,N,ClinGen:CA209515,2,210077,17419343,T,C,-,-,-,-,-,-,SCV000246298|SCV002513768|SCV002513769,-,-
207845,single nucleotide variant,NM_000352.6(ABCC8):c.3755A>G (p.Glu1252Gly),6833,ABCC8,HGNC:59,Uncertain significance,0,"May 04, 2015",797045210,-,RCV000194981|RCV002246114|RCV002246113,"MedGen:CN169374|Human Phenotype Ontology:HP:0008255,MONDO:MONDO:0020525,MedGen:C0342273|Human Phenotype Ontology:HP:0004904,MONDO:MONDO:0018911,MedGen:C0342276,OMIM:PS125850,Orphanet:552",not specified|Transitory neonatal diabetes mellitus|Maturity-onset diabetes of the young,germline;somatic,germline/somatic,GRCh38,NC_000011.10,11,17397796,17397796,na,na,11p15.1,"criteria provided, multiple submitters, no conflicts",2,-,N,ClinGen:CA209515,2,210077,17397796,T,C,-,-,-,-,-,-,SCV000246298|SCV002513768|SCV002513769,-,-
207846,single nucleotide variant,NM_000352.6(ABCC8):c.3544C>T (p.Arg1182Trp),6833,ABCC8,HGNC:59,Pathogenic/Likely pathogenic,1,"May 16, 2025",797045209,-,RCV000192916|RCV001640282|RCV002051825|RCV002500586|RCV002517038|RCV003987437|RCV005230050|RCV005410893|RCV005410894,"MONDO:MONDO:0012480,MedGen:C1835887,OMIM:610374,Orphanet:99886|Human Phenotype Ontology:HP:0005965,Human Phenotype Ontology:HP:0005978,Human Phenotype Ontology:HP:0100652,MONDO:MONDO:0005148,MeSH:D003924,MedGen:C0011860,OMIM:125853|MONDO:MONDO:0016391,MedGen:C0158981,Orphanet:224|MONDO:MONDO:0012480,MedGen:C1835887,OMIM:610374,Orphanet:99886;MONDO:MONDO:0009734,MedGen:C2931832,OMIM:256450,Orphanet:276575,Orphanet:276598;MONDO:MONDO:0009415,MedGen:C0271714,OMIM:240800;Human Phenotype Ontology:HP:0005965,Human Phenotype Ontology:HP:0005978,Human Phenotype Ontology:HP:0100652,MONDO:MONDO:0005148,MeSH:D003924,MedGen:C0011860,OMIM:125853;MONDO:MONDO:0030088,MedGen:C5394303,OMIM:618857|MedGen:C3661900|MONDO:MONDO:0017182,MedGen:C3888018,Orphanet:276525||MONDO:MONDO:0030088,MedGen:C5394303,OMIM:618857|MONDO:MONDO:0978299,MedGen:C6012723,OMIM:621196","Diabetes mellitus, transient neonatal, 2|Type 2 diabetes mellitus|Neonatal diabetes mellitus|Diabetes mellitus, transient neonatal, 2;Hyperinsulinemic hypoglycemia, familial, 1;Leucine-induced hypoglycemia;Type 2 diabetes mellitus;Diabetes mellitus, permanent neonatal 3|not provided|Familial hyperinsulinism|ABCC8-related disorder|Diabetes mellitus, permanent neonatal 3|Maturity-onset diabetes of the young, type 12",germline;maternal,germline,GRCh37,NC_000011.9,11,17426072,17426072,na,na,11p15.1,"criteria provided, multiple submitters, no conflicts",9,-,N,"ClinGen:CA206064,OMIM:600509.0031",3,210076,17426072,G,A,-,-,-,-,-,-,SCV000246296|SCV002318410|SCV002806626|SCV003522326|SCV004804523|SCV005873815|SCV007103596,-,-
207846,single nucleotide variant,NM_000352.6(ABCC8):c.3544C>T (p.Arg1182Trp),6833,ABCC8,HGNC:59,Pathogenic/Likely pathogenic,1,"May 16, 2025",797045209,-,RCV000192916|RCV001640282|RCV002051825|RCV002500586|RCV002517038|RCV003987437|RCV005230050|RCV005410893|RCV005410894,"MONDO:MONDO:0012480,MedGen:C1835887,OMIM:610374,Orphanet:99886|Human Phenotype Ontology:HP:0005965,Human Phenotype Ontology:HP:0005978,Human Phenotype Ontology:HP:0100652,MONDO:MONDO:0005148,MeSH:D003924,MedGen:C0011860,OMIM:125853|MONDO:MONDO:0016391,MedGen:C0158981,Orphanet:224|MONDO:MONDO:0012480,MedGen:C1835887,OMIM:610374,Orphanet:99886;MONDO:MONDO:0009734,MedGen:C2931832,OMIM:256450,Orphanet:276575,Orphanet:276598;MONDO:MONDO:0009415,MedGen:C0271714,OMIM:240800;Human Phenotype Ontology:HP:0005965,Human Phenotype Ontology:HP:0005978,Human Phenotype Ontology:HP:0100652,MONDO:MONDO:0005148,MeSH:D003924,MedGen:C0011860,OMIM:125853;MONDO:MONDO:0030088,MedGen:C5394303,OMIM:618857|MedGen:C3661900|MONDO:MONDO:0017182,MedGen:C3888018,Orphanet:276525||MONDO:MONDO:0030088,MedGen:C5394303,OMIM:618857|MONDO:MONDO:0978299,MedGen:C6012723,OMIM:621196","Diabetes mellitus, transient neonatal, 2|Type 2 diabetes mellitus|Neonatal diabetes mellitus|Diabetes mellitus, transient neonatal, 2;Hyperinsulinemic hypoglycemia, familial, 1;Leucine-induced hypoglycemia;Type 2 diabetes mellitus;Diabetes mellitus, permanent neonatal 3|not provided|Familial hyperinsulinism|ABCC8-related disorder|Diabetes mellitus, permanent neonatal 3|Maturity-onset diabetes of the young, type 12",germline;maternal,germline,GRCh38,NC_000011.10,11,17404525,17404525,na,na,11p15.1,"criteria provided, multiple submitters, no conflicts",9,-,N,"ClinGen:CA206064,OMIM:600509.0031",3,210076,17404525,G,A,-,-,-,-,-,-,SCV000246296|SCV002318410|SCV002806626|SCV003522326|SCV004804523|SCV005873815|SCV007103596,-,-
207847,single nucleotide variant,NM_000352.6(ABCC8):c.3345G>A (p.Thr1115=),6833,ABCC8,HGNC:59,Conflicting classifications of pathogenicity,0,"Feb 01, 2026",186634115,-,RCV000194603|RCV000928929|RCV001274294|RCV002250591|RCV002250592|RCV004530091|RCV004955323,"MedGen:CN169374|MedGen:C3661900||Human Phenotype Ontology:HP:0004904,MONDO:MONDO:0018911,MedGen:C0342276,OMIM:PS125850,Orphanet:552|Human Phenotype Ontology:HP:0008255,MONDO:MONDO:0020525,MedGen:C0342273||MeSH:D030342,MedGen:C0950123",not specified|not provided|Hereditary hyperinsulinism|Maturity-onset diabetes of the young|Transitory neonatal diabetes mellitus|ABCC8-related disorder|Inborn genetic diseases,germline;somatic,germline/somatic,GRCh37,NC_000011.9,11,17427095,17427095,na,na,11p15.1,"criteria provided, conflicting classifications",7,-,N,ClinGen:CA208872,2,210075,17427095,C,T,-,-,-,-,-,-,SCV000246295|SCV001074551|SCV002520728|SCV002520729|SCV005452543|SCV007118480,-,-
207847,single nucleotide variant,NM_000352.6(ABCC8):c.3345G>A (p.Thr1115=),6833,ABCC8,HGNC:59,Conflicting classifications of pathogenicity,0,"Feb 01, 2026",186634115,-,RCV000194603|RCV000928929|RCV001274294|RCV002250591|RCV002250592|RCV004530091|RCV004955323,"MedGen:CN169374|MedGen:C3661900||Human Phenotype Ontology:HP:0004904,MONDO:MONDO:0018911,MedGen:C0342276,OMIM:PS125850,Orphanet:552|Human Phenotype Ontology:HP:0008255,MONDO:MONDO:0020525,MedGen:C0342273||MeSH:D030342,MedGen:C0950123",not specified|not provided|Hereditary hyperinsulinism|Maturity-onset diabetes of the young|Transitory neonatal diabetes mellitus|ABCC8-related disorder|Inborn genetic diseases,germline;somatic,germline/somatic,GRCh38,NC_000011.10,11,17405548,17405548,na,na,11p15.1,"criteria provided, conflicting classifications",7,-,N,ClinGen:CA208872,2,210075,17405548,C,T,-,-,-,-,-,-,SCV000246295|SCV001074551|SCV002520728|SCV002520729|SCV005452543|SCV007118480,-,-
207848,single nucleotide variant,NM_000352.6(ABCC8):c.2117-1G>A,6833,ABCC8,HGNC:59,Pathogenic,1,"Jun 02, 2024",797045207,-,RCV000194857|RCV003462298|RCV003556242,"MONDO:MONDO:0009734,MedGen:C2931832,OMIM:256450,Orphanet:276575,Orphanet:276598|Human Phenotype Ontology:HP:0005965,Human Phenotype Ontology:HP:0005978,Human Phenotype Ontology:HP:0100652,MONDO:MONDO:0005148,MeSH:D003924,MedGen:C0011860,OMIM:125853|MedGen:C3661900","Hyperinsulinemic hypoglycemia, familial, 1|Type 2 diabetes mellitus|not provided",germline;unknown,germline,GRCh37,NC_000011.9,11,17448702,17448702,na,na,11p15.1,"criteria provided, multiple submitters, no conflicts",3,-,N,ClinGen:CA277400,2,210072,17448702,C,T,-,-,-,-,-,-,SCV000246292|SCV004206672|SCV004295385,-,-
207848,single nucleotide variant,NM_000352.6(ABCC8):c.2117-1G>A,6833,ABCC8,HGNC:59,Pathogenic,1,"Jun 02, 2024",797045207,-,RCV000194857|RCV003462298|RCV003556242,"MONDO:MONDO:0009734,MedGen:C2931832,OMIM:256450,Orphanet:276575,Orphanet:276598|Human Phenotype Ontology:HP:0005965,Human Phenotype Ontology:HP:0005978,Human Phenotype Ontology:HP:0100652,MONDO:MONDO:0005148,MeSH:D003924,MedGen:C0011860,OMIM:125853|MedGen:C3661900","Hyperinsulinemic hypoglycemia, familial, 1|Type 2 diabetes mellitus|not provided",germline;unknown,germline,GRCh38,NC_000011.10,11,17427155,17427155,na,na,11p15.1,"criteria provided, multiple submitters, no conflicts",3,-,N,ClinGen:CA277400,2,210072,17427155,C,T,-,-,-,-,-,-,SCV000246292|SCV004206672|SCV004295385,-,-
207849,single nucleotide variant,NM_000352.6(ABCC8):c.1858C>T (p.Arg620Cys),6833,ABCC8,HGNC:59,Benign/Likely benign,0,"Jan 28, 2026",58241708,-,RCV000193433|RCV000671926|RCV000952127|RCV001174394|RCV001274301,"MedGen:CN169374|MONDO:MONDO:0009734,MedGen:C2931832,OMIM:256450,Orphanet:276575,Orphanet:276598|MedGen:C3661900|MONDO:MONDO:0015967,MedGen:C3888631,Orphanet:183625|","not specified|Hyperinsulinemic hypoglycemia, familial, 1|not provided|Monogenic diabetes|Hereditary hyperinsulinism",germline;unknown,germline,GRCh37,NC_000011.9,11,17450177,17450177,na,na,11p15.1,"criteria provided, multiple submitters, no conflicts",12,-,N,"ClinGen:CA206924,UniProtKB:Q09428#VAR_031365",2,210071,17450177,G,A,-,-,-,-,-,-,SCV000246291|SCV001098602|SCV001138234|SCV001337532|SCV001757904|SCV002598613|SCV004562089,-,-
207849,single nucleotide variant,NM_000352.6(ABCC8):c.1858C>T (p.Arg620Cys),6833,ABCC8,HGNC:59,Benign/Likely benign,0,"Jan 28, 2026",58241708,-,RCV000193433|RCV000671926|RCV000952127|RCV001174394|RCV001274301,"MedGen:CN169374|MONDO:MONDO:0009734,MedGen:C2931832,OMIM:256450,Orphanet:276575,Orphanet:276598|MedGen:C3661900|MONDO:MONDO:0015967,MedGen:C3888631,Orphanet:183625|","not specified|Hyperinsulinemic hypoglycemia, familial, 1|not provided|Monogenic diabetes|Hereditary hyperinsulinism",germline;unknown,germline,GRCh38,NC_000011.10,11,17428630,17428630,na,na,11p15.1,"criteria provided, multiple submitters, no conflicts",12,-,N,"ClinGen:CA206924,UniProtKB:Q09428#VAR_031365",2,210071,17428630,G,A,-,-,-,-,-,-,SCV000246291|SCV001098602|SCV001138234|SCV001337532|SCV001757904|SCV002598613|SCV004562089,-,-
207850,single nucleotide variant,NM_000352.6(ABCC8):c.1707C>T (p.Ala569=),6833,ABCC8,HGNC:59,Conflicting classifications of pathogenicity,0,"Jan 28, 2026",147623093,-,RCV000192409|RCV000356211|RCV000299115|RCV000394777|RCV000951012|RCV001507324|RCV001272237|RCV002266930|RCV002266929|RCV002399710,"MedGen:CN169374|MONDO:MONDO:0100164,MedGen:C1833104,OMIM:PS606176,Orphanet:99885|MONDO:MONDO:0012480,MedGen:C1835887,OMIM:610374,Orphanet:99886|MONDO:MONDO:0009734,MedGen:C2931832,OMIM:256450,Orphanet:276575,Orphanet:276598|MedGen:C3661900|MONDO:MONDO:0030088,MedGen:C5394303,OMIM:618857||Human Phenotype Ontology:HP:0008255,MONDO:MONDO:0020525,MedGen:C0342273|Human Phenotype Ontology:HP:0004904,MONDO:MONDO:0018911,MedGen:C0342276,OMIM:PS125850,Orphanet:552|MeSH:D030342,MedGen:C0950123","not specified|Permanent neonatal diabetes mellitus|Diabetes mellitus, transient neonatal, 2|Hyperinsulinemic hypoglycemia, familial, 1|not provided|Diabetes mellitus, permanent neonatal 3|Hereditary hyperinsulinism|Transitory neonatal diabetes mellitus|Maturity-onset diabetes of the young|Inborn genetic diseases",germline;unknown,germline,GRCh37,NC_000011.9,11,17452471,17452471,na,na,11p15.1,"criteria provided, conflicting classifications",12,-,N,ClinGen:CA205213,2,210070,17452471,G,A,-,-,-,-,-,-,SCV000246290|SCV000369362|SCV000369363|SCV000369364|SCV001097363|SCV001142884|SCV001712310|SCV002522353|SCV002522354|SCV002572446|SCV002713485|SCV004564174,-,-
207850,single nucleotide variant,NM_000352.6(ABCC8):c.1707C>T (p.Ala569=),6833,ABCC8,HGNC:59,Conflicting classifications of pathogenicity,0,"Jan 28, 2026",147623093,-,RCV000192409|RCV000356211|RCV000299115|RCV000394777|RCV000951012|RCV001507324|RCV001272237|RCV002266930|RCV002266929|RCV002399710,"MedGen:CN169374|MONDO:MONDO:0100164,MedGen:C1833104,OMIM:PS606176,Orphanet:99885|MONDO:MONDO:0012480,MedGen:C1835887,OMIM:610374,Orphanet:99886|MONDO:MONDO:0009734,MedGen:C2931832,OMIM:256450,Orphanet:276575,Orphanet:276598|MedGen:C3661900|MONDO:MONDO:0030088,MedGen:C5394303,OMIM:618857||Human Phenotype Ontology:HP:0008255,MONDO:MONDO:0020525,MedGen:C0342273|Human Phenotype Ontology:HP:0004904,MONDO:MONDO:0018911,MedGen:C0342276,OMIM:PS125850,Orphanet:552|MeSH:D030342,MedGen:C0950123","not specified|Permanent neonatal diabetes mellitus|Diabetes mellitus, transient neonatal, 2|Hyperinsulinemic hypoglycemia, familial, 1|not provided|Diabetes mellitus, permanent neonatal 3|Hereditary hyperinsulinism|Transitory neonatal diabetes mellitus|Maturity-onset diabetes of the young|Inborn genetic diseases",germline;unknown,germline,GRCh38,NC_000011.10,11,17430924,17430924,na,na,11p15.1,"criteria provided, conflicting classifications",12,-,N,ClinGen:CA205213,2,210070,17430924,G,A,-,-,-,-,-,-,SCV000246290|SCV000369362|SCV000369363|SCV000369364|SCV001097363|SCV001142884|SCV001712310|SCV002522353|SCV002522354|SCV002572446|SCV002713485|SCV004564174,-,-
207851,single nucleotide variant,NM_000352.6(ABCC8):c.1532T>C (p.Leu511Pro),6833,ABCC8,HGNC:59,Uncertain significance,1,"Sep 06, 2023",797045206,-,RCV000194750|RCV003387795|RCV002514097,"MONDO:MONDO:0009734,MedGen:C2931832,OMIM:256450,Orphanet:276575,Orphanet:276598|MedGen:CN169374|MedGen:C3661900","Hyperinsulinemic hypoglycemia, familial, 1|not specified|not provided",germline,germline,GRCh37,NC_000011.9,11,17464365,17464365,na,na,11p15.1,"criteria provided, multiple submitters, no conflicts",4,-,N,ClinGen:CA277373,2,210069,17464365,A,G,-,-,-,-,-,-,SCV003440275|SCV004026562|SCV004099545,-,-
207851,single nucleotide variant,NM_000352.6(ABCC8):c.1532T>C (p.Leu511Pro),6833,ABCC8,HGNC:59,Uncertain significance,1,"Sep 06, 2023",797045206,-,RCV000194750|RCV003387795|RCV002514097,"MONDO:MONDO:0009734,MedGen:C2931832,OMIM:256450,Orphanet:276575,Orphanet:276598|MedGen:CN169374|MedGen:C3661900","Hyperinsulinemic hypoglycemia, familial, 1|not specified|not provided",germline,germline,GRCh38,NC_000011.10,11,17442818,17442818,na,na,11p15.1,"criteria provided, multiple submitters, no conflicts",4,-,N,ClinGen:CA277373,2,210069,17442818,A,G,-,-,-,-,-,-,SCV003440275|SCV004026562|SCV004099545,-,-
207852,single nucleotide variant,NM_000352.6(ABCC8):c.1384A>G (p.Ile462Val),6833,ABCC8,HGNC:59,Conflicting classifications of pathogenicity,0,"Nov 11, 2025",117874766,-,RCV000193705|RCV000360233|RCV000303097|RCV000396751|RCV001279195|RCV001336811|RCV001546216|RCV002514096|RCV004558438|RCV004734847|RCV005365113,"MedGen:CN169374|MONDO:MONDO:0100164,MedGen:C1833104,OMIM:PS606176,Orphanet:99885|MONDO:MONDO:0012480,MedGen:C1835887,OMIM:610374,Orphanet:99886|MONDO:MONDO:0009734,MedGen:C2931832,OMIM:256450,Orphanet:276575,Orphanet:276598||Human Phenotype Ontology:HP:0005965,Human Phenotype Ontology:HP:0005978,Human Phenotype Ontology:HP:0100652,MONDO:MONDO:0005148,MeSH:D003924,MedGen:C0011860,OMIM:125853|MedGen:C3661900|MeSH:D030342,MedGen:C0950123|Human Phenotype Ontology:HP:0005965,Human Phenotype Ontology:HP:0005978,Human Phenotype Ontology:HP:0100652,MONDO:MONDO:0005148,MeSH:D003924,MedGen:C0011860,OMIM:125853;MONDO:MONDO:0009734,MedGen:C2931832,OMIM:256450,Orphanet:276575,Orphanet:276598||Human Phenotype Ontology:HP:0002092,Human Phenotype Ontology:HP:0006546,MONDO:MONDO:0015924,MeSH:D000081029,MedGen:C2973725,Orphanet:182090","not specified|Permanent neonatal diabetes mellitus|Diabetes mellitus, transient neonatal, 2|Hyperinsulinemic hypoglycemia, familial, 1|Hereditary hyperinsulinism|Type 2 diabetes mellitus|not provided|Inborn genetic diseases|Type 2 diabetes mellitus;Hyperinsulinemic hypoglycemia, familial, 1|ABCC8-related disorder|Pulmonary arterial hypertension",germline;maternal,germline,GRCh37,NC_000011.9,11,17464808,17464808,na,na,11p15.1,"criteria provided, conflicting classifications",11,-,N,ClinGen:CA207378,2,210068,17464808,T,C,-,-,-,-,-,-,SCV000246288|SCV000369383|SCV000369384|SCV000369385|SCV001530308|SCV001765695|SCV003501853|SCV003644686|SCV003800735|SCV005047084|SCV005918831,-,-
207852,single nucleotide variant,NM_000352.6(ABCC8):c.1384A>G (p.Ile462Val),6833,ABCC8,HGNC:59,Conflicting classifications of pathogenicity,0,"Nov 11, 2025",117874766,-,RCV000193705|RCV000360233|RCV000303097|RCV000396751|RCV001279195|RCV001336811|RCV001546216|RCV002514096|RCV004558438|RCV004734847|RCV005365113,"MedGen:CN169374|MONDO:MONDO:0100164,MedGen:C1833104,OMIM:PS606176,Orphanet:99885|MONDO:MONDO:0012480,MedGen:C1835887,OMIM:610374,Orphanet:99886|MONDO:MONDO:0009734,MedGen:C2931832,OMIM:256450,Orphanet:276575,Orphanet:276598||Human Phenotype Ontology:HP:0005965,Human Phenotype Ontology:HP:0005978,Human Phenotype Ontology:HP:0100652,MONDO:MONDO:0005148,MeSH:D003924,MedGen:C0011860,OMIM:125853|MedGen:C3661900|MeSH:D030342,MedGen:C0950123|Human Phenotype Ontology:HP:0005965,Human Phenotype Ontology:HP:0005978,Human Phenotype Ontology:HP:0100652,MONDO:MONDO:0005148,MeSH:D003924,MedGen:C0011860,OMIM:125853;MONDO:MONDO:0009734,MedGen:C2931832,OMIM:256450,Orphanet:276575,Orphanet:276598||Human Phenotype Ontology:HP:0002092,Human Phenotype Ontology:HP:0006546,MONDO:MONDO:0015924,MeSH:D000081029,MedGen:C2973725,Orphanet:182090","not specified|Permanent neonatal diabetes mellitus|Diabetes mellitus, transient neonatal, 2|Hyperinsulinemic hypoglycemia, familial, 1|Hereditary hyperinsulinism|Type 2 diabetes mellitus|not provided|Inborn genetic diseases|Type 2 diabetes mellitus;Hyperinsulinemic hypoglycemia, familial, 1|ABCC8-related disorder|Pulmonary arterial hypertension",germline;maternal,germline,GRCh38,NC_000011.10,11,17443261,17443261,na,na,11p15.1,"criteria provided, conflicting classifications",11,-,N,ClinGen:CA207378,2,210068,17443261,T,C,-,-,-,-,-,-,SCV000246288|SCV000369383|SCV000369384|SCV000369385|SCV001530308|SCV001765695|SCV003501853|SCV003644686|SCV003800735|SCV005047084|SCV005918831,-,-
207853,single nucleotide variant,NM_000352.6(ABCC8):c.1252T>C (p.Cys418Arg),6833,ABCC8,HGNC:59,Conflicting classifications of pathogenicity,0,"Sep 30, 2025",67254669,-,RCV000192390|RCV000666629|RCV000710372|RCV000763720|RCV001102903|RCV001102904|RCV001272242|RCV001449652|RCV001336810|RCV003491936|RCV004530090|RCV005042408|RCV005361103,"MedGen:CN169374|MONDO:MONDO:0009734,MedGen:C2931832,OMIM:256450,Orphanet:276575,Orphanet:276598|MedGen:C3661900|MONDO:MONDO:0100164,MedGen:C1833104,OMIM:PS606176,Orphanet:99885;MONDO:MONDO:0012480,MedGen:C1835887,OMIM:610374,Orphanet:99886;Human Phenotype Ontology:HP:0005965,Human Phenotype Ontology:HP:0005978,Human Phenotype Ontology:HP:0100652,MONDO:MONDO:0005148,MeSH:D003924,MedGen:C0011860,OMIM:125853;MONDO:MONDO:0009734,MedGen:C2931832,OMIM:256450,Orphanet:276575,Orphanet:276598;MONDO:MONDO:0009415,MedGen:C0271714,OMIM:240800|MONDO:MONDO:0012480,MedGen:C1835887,OMIM:610374,Orphanet:99886|MONDO:MONDO:0100164,MedGen:C1833104,OMIM:PS606176,Orphanet:99885||MONDO:MONDO:0030088,MedGen:C5394303,OMIM:618857|Human Phenotype Ontology:HP:0005965,Human Phenotype Ontology:HP:0005978,Human Phenotype Ontology:HP:0100652,MONDO:MONDO:0005148,MeSH:D003924,MedGen:C0011860,OMIM:125853|Human Phenotype Ontology:HP:0001943,Human Phenotype Ontology:HP:0003356,MONDO:MONDO:0004946,MedGen:C0020615||MONDO:MONDO:0012480,MedGen:C1835887,OMIM:610374,Orphanet:99886;Human Phenotype Ontology:HP:0005965,Human Phenotype Ontology:HP:0005978,Human Phenotype Ontology:HP:0100652,MONDO:MONDO:0005148,MeSH:D003924,MedGen:C0011860,OMIM:125853;MONDO:MONDO:0009734,MedGen:C2931832,OMIM:256450,Orphanet:276575,Orphanet:276598;MONDO:MONDO:0009415,MedGen:C0271714,OMIM:240800;MONDO:MONDO:0030088,MedGen:C5394303,OMIM:618857|Human Phenotype Ontology:HP:0002092,Human Phenotype Ontology:HP:0006546,MONDO:MONDO:0015924,MeSH:D000081029,MedGen:C2973725,Orphanet:182090","not specified|Hyperinsulinemic hypoglycemia, familial, 1|not provided|Permanent neonatal diabetes mellitus;Diabetes mellitus, transient neonatal, 2;Type 2 diabetes mellitus;Hyperinsulinemic hypoglycemia, familial, 1;Leucine-induced hypoglycemia|Diabetes mellitus, transient neonatal, 2|Permanent neonatal diabetes mellitus|Hereditary hyperinsulinism|Diabetes mellitus, permanent neonatal 3|Type 2 diabetes mellitus|Hypoglycemia|ABCC8-related disorder|Diabetes mellitus, transient neonatal, 2;Type 2 diabetes mellitus;Hyperinsulinemic hypoglycemia, familial, 1;Leucine-induced hypoglycemia;Diabetes mellitus, permanent neonatal 3|Pulmonary arterial hypertension",germline;paternal;unknown,germline,GRCh37,NC_000011.9,11,17470143,17470143,na,na,11p15.1,"criteria provided, conflicting classifications",17,-,N,"ClinGen:CA205176,UniProtKB:Q09428#VAR_031359",2,210067,17470143,A,G,-,-,-,-,-,-,SCV000246287|SCV000840582|SCV000894604|SCV001259602|SCV001259603|SCV001259604|SCV001338158|SCV001530307|SCV001652863|SCV001812790|SCV001950071|SCV003506815|SCV004118218|SCV004176527|SCV005676418|SCV005879303|SCV005918282,-,-
207853,single nucleotide variant,NM_000352.6(ABCC8):c.1252T>C (p.Cys418Arg),6833,ABCC8,HGNC:59,Conflicting classifications of pathogenicity,0,"Sep 30, 2025",67254669,-,RCV000192390|RCV000666629|RCV000710372|RCV000763720|RCV001102903|RCV001102904|RCV001272242|RCV001449652|RCV001336810|RCV003491936|RCV004530090|RCV005042408|RCV005361103,"MedGen:CN169374|MONDO:MONDO:0009734,MedGen:C2931832,OMIM:256450,Orphanet:276575,Orphanet:276598|MedGen:C3661900|MONDO:MONDO:0100164,MedGen:C1833104,OMIM:PS606176,Orphanet:99885;MONDO:MONDO:0012480,MedGen:C1835887,OMIM:610374,Orphanet:99886;Human Phenotype Ontology:HP:0005965,Human Phenotype Ontology:HP:0005978,Human Phenotype Ontology:HP:0100652,MONDO:MONDO:0005148,MeSH:D003924,MedGen:C0011860,OMIM:125853;MONDO:MONDO:0009734,MedGen:C2931832,OMIM:256450,Orphanet:276575,Orphanet:276598;MONDO:MONDO:0009415,MedGen:C0271714,OMIM:240800|MONDO:MONDO:0012480,MedGen:C1835887,OMIM:610374,Orphanet:99886|MONDO:MONDO:0100164,MedGen:C1833104,OMIM:PS606176,Orphanet:99885||MONDO:MONDO:0030088,MedGen:C5394303,OMIM:618857|Human Phenotype Ontology:HP:0005965,Human Phenotype Ontology:HP:0005978,Human Phenotype Ontology:HP:0100652,MONDO:MONDO:0005148,MeSH:D003924,MedGen:C0011860,OMIM:125853|Human Phenotype Ontology:HP:0001943,Human Phenotype Ontology:HP:0003356,MONDO:MONDO:0004946,MedGen:C0020615||MONDO:MONDO:0012480,MedGen:C1835887,OMIM:610374,Orphanet:99886;Human Phenotype Ontology:HP:0005965,Human Phenotype Ontology:HP:0005978,Human Phenotype Ontology:HP:0100652,MONDO:MONDO:0005148,MeSH:D003924,MedGen:C0011860,OMIM:125853;MONDO:MONDO:0009734,MedGen:C2931832,OMIM:256450,Orphanet:276575,Orphanet:276598;MONDO:MONDO:0009415,MedGen:C0271714,OMIM:240800;MONDO:MONDO:0030088,MedGen:C5394303,OMIM:618857|Human Phenotype Ontology:HP:0002092,Human Phenotype Ontology:HP:0006546,MONDO:MONDO:0015924,MeSH:D000081029,MedGen:C2973725,Orphanet:182090","not specified|Hyperinsulinemic hypoglycemia, familial, 1|not provided|Permanent neonatal diabetes mellitus;Diabetes mellitus, transient neonatal, 2;Type 2 diabetes mellitus;Hyperinsulinemic hypoglycemia, familial, 1;Leucine-induced hypoglycemia|Diabetes mellitus, transient neonatal, 2|Permanent neonatal diabetes mellitus|Hereditary hyperinsulinism|Diabetes mellitus, permanent neonatal 3|Type 2 diabetes mellitus|Hypoglycemia|ABCC8-related disorder|Diabetes mellitus, transient neonatal, 2;Type 2 diabetes mellitus;Hyperinsulinemic hypoglycemia, familial, 1;Leucine-induced hypoglycemia;Diabetes mellitus, permanent neonatal 3|Pulmonary arterial hypertension",germline;paternal;unknown,germline,GRCh38,NC_000011.10,11,17448596,17448596,na,na,11p15.1,"criteria provided, conflicting classifications",17,-,N,"ClinGen:CA205176,UniProtKB:Q09428#VAR_031359",2,210067,17448596,A,G,-,-,-,-,-,-,SCV000246287|SCV000840582|SCV000894604|SCV001259602|SCV001259603|SCV001259604|SCV001338158|SCV001530307|SCV001652863|SCV001812790|SCV001950071|SCV003506815|SCV004118218|SCV004176527|SCV005676418|SCV005879303|SCV005918282,-,-
207854,single nucleotide variant,NM_000352.6(ABCC8):c.1063G>A (p.Ala355Thr),6833,ABCC8,HGNC:59,Conflicting classifications of pathogenicity,0,"Jan 08, 2026",145136257,-,RCV000194352|RCV000279694|RCV000333629|RCV000662059|RCV000710368|RCV000662058|RCV001835716|RCV002517037|RCV005042407,"MedGen:CN169374|MONDO:MONDO:0100164,MedGen:C1833104,OMIM:PS606176,Orphanet:99885|MONDO:MONDO:0012480,MedGen:C1835887,OMIM:610374,Orphanet:99886|MONDO:MONDO:0009734,MedGen:C2931832,OMIM:256450,Orphanet:276575,Orphanet:276598|MedGen:C3661900|Human Phenotype Ontology:HP:0005965,Human Phenotype Ontology:HP:0005978,Human Phenotype Ontology:HP:0100652,MONDO:MONDO:0005148,MeSH:D003924,MedGen:C0011860,OMIM:125853||MeSH:D030342,MedGen:C0950123|MONDO:MONDO:0012480,MedGen:C1835887,OMIM:610374,Orphanet:99886;Human Phenotype Ontology:HP:0005965,Human Phenotype Ontology:HP:0005978,Human Phenotype Ontology:HP:0100652,MONDO:MONDO:0005148,MeSH:D003924,MedGen:C0011860,OMIM:125853;MONDO:MONDO:0009734,MedGen:C2931832,OMIM:256450,Orphanet:276575,Orphanet:276598;MONDO:MONDO:0009415,MedGen:C0271714,OMIM:240800;MONDO:MONDO:0030088,MedGen:C5394303,OMIM:618857","not specified|Permanent neonatal diabetes mellitus|Diabetes mellitus, transient neonatal, 2|Hyperinsulinemic hypoglycemia, familial, 1|not provided|Type 2 diabetes mellitus|Hereditary hyperinsulinism|Inborn genetic diseases|Diabetes mellitus, transient neonatal, 2;Type 2 diabetes mellitus;Hyperinsulinemic hypoglycemia, familial, 1;Leucine-induced hypoglycemia;Diabetes mellitus, permanent neonatal 3",germline;inherited,germline,GRCh37,NC_000011.9,11,17474779,17474779,na,na,11p15.1,"criteria provided, conflicting classifications",14,-,N,ClinGen:CA208474,2,210066,17474779,C,T,-,-,-,-,-,-,SCV000246286|SCV000369392|SCV000369393|SCV000369394|SCV000784394|SCV000784395|SCV000840578|SCV001830592|SCV002987814|SCV003526188|SCV004122554|SCV005680891,-,-
207854,single nucleotide variant,NM_000352.6(ABCC8):c.1063G>A (p.Ala355Thr),6833,ABCC8,HGNC:59,Conflicting classifications of pathogenicity,0,"Jan 08, 2026",145136257,-,RCV000194352|RCV000279694|RCV000333629|RCV000662059|RCV000710368|RCV000662058|RCV001835716|RCV002517037|RCV005042407,"MedGen:CN169374|MONDO:MONDO:0100164,MedGen:C1833104,OMIM:PS606176,Orphanet:99885|MONDO:MONDO:0012480,MedGen:C1835887,OMIM:610374,Orphanet:99886|MONDO:MONDO:0009734,MedGen:C2931832,OMIM:256450,Orphanet:276575,Orphanet:276598|MedGen:C3661900|Human Phenotype Ontology:HP:0005965,Human Phenotype Ontology:HP:0005978,Human Phenotype Ontology:HP:0100652,MONDO:MONDO:0005148,MeSH:D003924,MedGen:C0011860,OMIM:125853||MeSH:D030342,MedGen:C0950123|MONDO:MONDO:0012480,MedGen:C1835887,OMIM:610374,Orphanet:99886;Human Phenotype Ontology:HP:0005965,Human Phenotype Ontology:HP:0005978,Human Phenotype Ontology:HP:0100652,MONDO:MONDO:0005148,MeSH:D003924,MedGen:C0011860,OMIM:125853;MONDO:MONDO:0009734,MedGen:C2931832,OMIM:256450,Orphanet:276575,Orphanet:276598;MONDO:MONDO:0009415,MedGen:C0271714,OMIM:240800;MONDO:MONDO:0030088,MedGen:C5394303,OMIM:618857","not specified|Permanent neonatal diabetes mellitus|Diabetes mellitus, transient neonatal, 2|Hyperinsulinemic hypoglycemia, familial, 1|not provided|Type 2 diabetes mellitus|Hereditary hyperinsulinism|Inborn genetic diseases|Diabetes mellitus, transient neonatal, 2;Type 2 diabetes mellitus;Hyperinsulinemic hypoglycemia, familial, 1;Leucine-induced hypoglycemia;Diabetes mellitus, permanent neonatal 3",germline;inherited,germline,GRCh38,NC_000011.10,11,17453232,17453232,na,na,11p15.1,"criteria provided, conflicting classifications",14,-,N,ClinGen:CA208474,2,210066,17453232,C,T,-,-,-,-,-,-,SCV000246286|SCV000369392|SCV000369393|SCV000369394|SCV000784394|SCV000784395|SCV000840578|SCV001830592|SCV002987814|SCV003526188|SCV004122554|SCV005680891,-,-
207855,single nucleotide variant,NM_000352.6(ABCC8):c.947G>A (p.Gly316Glu),6833,ABCC8,HGNC:59,Uncertain significance,0,"Jun 20, 2014",797045214,-,RCV000194186|RCV002253277|RCV002253278,"MedGen:CN169374|Human Phenotype Ontology:HP:0004904,MONDO:MONDO:0018911,MedGen:C0342276,OMIM:PS125850,Orphanet:552|Human Phenotype Ontology:HP:0008255,MONDO:MONDO:0020525,MedGen:C0342273",not specified|Maturity-onset diabetes of the young|Transitory neonatal diabetes mellitus,germline;unknown,germline,GRCh37,NC_000011.9,11,17482099,17482099,na,na,11p15.1,"criteria provided, multiple submitters, no conflicts",2,-,N,ClinGen:CA208191,2,210084,17482099,C,T,-,-,-,-,-,-,SCV000246306|SCV002522563|SCV002522564,-,-
207855,single nucleotide variant,NM_000352.6(ABCC8):c.947G>A (p.Gly316Glu),6833,ABCC8,HGNC:59,Uncertain significance,0,"Jun 20, 2014",797045214,-,RCV000194186|RCV002253277|RCV002253278,"MedGen:CN169374|Human Phenotype Ontology:HP:0004904,MONDO:MONDO:0018911,MedGen:C0342276,OMIM:PS125850,Orphanet:552|Human Phenotype Ontology:HP:0008255,MONDO:MONDO:0020525,MedGen:C0342273",not specified|Maturity-onset diabetes of the young|Transitory neonatal diabetes mellitus,germline;unknown,germline,GRCh38,NC_000011.10,11,17460552,17460552,na,na,11p15.1,"criteria provided, multiple submitters, no conflicts",2,-,N,ClinGen:CA208191,2,210084,17460552,C,T,-,-,-,-,-,-,SCV000246306|SCV002522563|SCV002522564,-,-
207856,single nucleotide variant,NM_000352.6(ABCC8):c.806C>T (p.Ala269Val),6833,ABCC8,HGNC:59,Uncertain significance,0,"Sep 01, 2021",372930264,-,RCV000193143|RCV002223815|RCV002273819|RCV002253276,"MedGen:CN169374|MedGen:C3661900|Human Phenotype Ontology:HP:0008255,MONDO:MONDO:0020525,MedGen:C0342273|Human Phenotype Ontology:HP:0004904,MONDO:MONDO:0018911,MedGen:C0342276,OMIM:PS125850,Orphanet:552",not specified|not provided|Transitory neonatal diabetes mellitus|Maturity-onset diabetes of the young,germline;unknown,germline,GRCh37,NC_000011.9,11,17483146,17483146,na,na,11p15.1,"criteria provided, multiple submitters, no conflicts",3,-,N,ClinGen:CA206426,2,210083,17483146,G,A,-,-,-,-,-,-,SCV000246305|SCV002502295|SCV002522634|SCV002522636,-,-
207856,single nucleotide variant,NM_000352.6(ABCC8):c.806C>T (p.Ala269Val),6833,ABCC8,HGNC:59,Uncertain significance,0,"Sep 01, 2021",372930264,-,RCV000193143|RCV002223815|RCV002273819|RCV002253276,"MedGen:CN169374|MedGen:C3661900|Human Phenotype Ontology:HP:0008255,MONDO:MONDO:0020525,MedGen:C0342273|Human Phenotype Ontology:HP:0004904,MONDO:MONDO:0018911,MedGen:C0342276,OMIM:PS125850,Orphanet:552",not specified|not provided|Transitory neonatal diabetes mellitus|Maturity-onset diabetes of the young,germline;unknown,germline,GRCh38,NC_000011.10,11,17461599,17461599,na,na,11p15.1,"criteria provided, multiple submitters, no conflicts",3,-,N,ClinGen:CA206426,2,210083,17461599,G,A,-,-,-,-,-,-,SCV000246305|SCV002502295|SCV002522634|SCV002522636,-,-
207857,single nucleotide variant,NM_000352.6(ABCC8):c.563A>G (p.Asn188Ser),6833,ABCC8,HGNC:59,Pathogenic/Likely pathogenic,1,"Jul 08, 2025",797045213,-,RCV000192482|RCV000517846|RCV001833135|RCV003227708|RCV004567393|RCV005049469,"MONDO:MONDO:0009734,MedGen:C2931832,OMIM:256450,Orphanet:276575,Orphanet:276598|MedGen:C3661900||MONDO:MONDO:0030088,MedGen:C5394303,OMIM:618857|Human Phenotype Ontology:HP:0005965,Human Phenotype Ontology:HP:0005978,Human Phenotype Ontology:HP:0100652,MONDO:MONDO:0005148,MeSH:D003924,MedGen:C0011860,OMIM:125853|MONDO:MONDO:0012480,MedGen:C1835887,OMIM:610374,Orphanet:99886;Human Phenotype Ontology:HP:0005965,Human Phenotype Ontology:HP:0005978,Human Phenotype Ontology:HP:0100652,MONDO:MONDO:0005148,MeSH:D003924,MedGen:C0011860,OMIM:125853;MONDO:MONDO:0009734,MedGen:C2931832,OMIM:256450,Orphanet:276575,Orphanet:276598;MONDO:MONDO:0009415,MedGen:C0271714,OMIM:240800;MONDO:MONDO:0030088,MedGen:C5394303,OMIM:618857","Hyperinsulinemic hypoglycemia, familial, 1|not provided|Hereditary hyperinsulinism|Diabetes mellitus, permanent neonatal 3|Type 2 diabetes mellitus|Diabetes mellitus, transient neonatal, 2;Type 2 diabetes mellitus;Hyperinsulinemic hypoglycemia, familial, 1;Leucine-induced hypoglycemia;Diabetes mellitus, permanent neonatal 3",germline;unknown,germline,GRCh37,NC_000011.9,11,17485001,17485001,na,na,11p15.1,"criteria provided, multiple submitters, no conflicts",12,-,N,"ClinGen:CA276976,UniProtKB:Q09428#VAR_008642",2,210082,17485001,T,C,-,-,-,-,-,-,SCV000246304|SCV000612223|SCV001361175|SCV002228414|SCV003924351|SCV005058628|SCV005398939|SCV005676102|SCV005905380|SCV006322205,-,-
207857,single nucleotide variant,NM_000352.6(ABCC8):c.563A>G (p.Asn188Ser),6833,ABCC8,HGNC:59,Pathogenic/Likely pathogenic,1,"Jul 08, 2025",797045213,-,RCV000192482|RCV000517846|RCV001833135|RCV003227708|RCV004567393|RCV005049469,"MONDO:MONDO:0009734,MedGen:C2931832,OMIM:256450,Orphanet:276575,Orphanet:276598|MedGen:C3661900||MONDO:MONDO:0030088,MedGen:C5394303,OMIM:618857|Human Phenotype Ontology:HP:0005965,Human Phenotype Ontology:HP:0005978,Human Phenotype Ontology:HP:0100652,MONDO:MONDO:0005148,MeSH:D003924,MedGen:C0011860,OMIM:125853|MONDO:MONDO:0012480,MedGen:C1835887,OMIM:610374,Orphanet:99886;Human Phenotype Ontology:HP:0005965,Human Phenotype Ontology:HP:0005978,Human Phenotype Ontology:HP:0100652,MONDO:MONDO:0005148,MeSH:D003924,MedGen:C0011860,OMIM:125853;MONDO:MONDO:0009734,MedGen:C2931832,OMIM:256450,Orphanet:276575,Orphanet:276598;MONDO:MONDO:0009415,MedGen:C0271714,OMIM:240800;MONDO:MONDO:0030088,MedGen:C5394303,OMIM:618857","Hyperinsulinemic hypoglycemia, familial, 1|not provided|Hereditary hyperinsulinism|Diabetes mellitus, permanent neonatal 3|Type 2 diabetes mellitus|Diabetes mellitus, transient neonatal, 2;Type 2 diabetes mellitus;Hyperinsulinemic hypoglycemia, familial, 1;Leucine-induced hypoglycemia;Diabetes mellitus, permanent neonatal 3",germline;unknown,germline,GRCh38,NC_000011.10,11,17463454,17463454,na,na,11p15.1,"criteria provided, multiple submitters, no conflicts",12,-,N,"ClinGen:CA276976,UniProtKB:Q09428#VAR_008642",2,210082,17463454,T,C,-,-,-,-,-,-,SCV000246304|SCV000612223|SCV001361175|SCV002228414|SCV003924351|SCV005058628|SCV005398939|SCV005676102|SCV005905380|SCV006322205,-,-
207858,single nucleotide variant,NM_000352.6(ABCC8):c.331G>A (p.Gly111Arg),6833,ABCC8,HGNC:59,Pathogenic/Likely pathogenic,1,"Nov 25, 2024",761749884,-,RCV000193936|RCV001068772|RCV001804929|RCV003468881|RCV005042410,"MONDO:MONDO:0009734,MedGen:C2931832,OMIM:256450,Orphanet:276575,Orphanet:276598|MedGen:C3661900|MONDO:MONDO:0017182,MedGen:C3888018,Orphanet:276525|Human Phenotype Ontology:HP:0005965,Human Phenotype Ontology:HP:0005978,Human Phenotype Ontology:HP:0100652,MONDO:MONDO:0005148,MeSH:D003924,MedGen:C0011860,OMIM:125853|MONDO:MONDO:0012480,MedGen:C1835887,OMIM:610374,Orphanet:99886;Human Phenotype Ontology:HP:0005965,Human Phenotype Ontology:HP:0005978,Human Phenotype Ontology:HP:0100652,MONDO:MONDO:0005148,MeSH:D003924,MedGen:C0011860,OMIM:125853;MONDO:MONDO:0009734,MedGen:C2931832,OMIM:256450,Orphanet:276575,Orphanet:276598;MONDO:MONDO:0009415,MedGen:C0271714,OMIM:240800;MONDO:MONDO:0030088,MedGen:C5394303,OMIM:618857","Hyperinsulinemic hypoglycemia, familial, 1|not provided|Familial hyperinsulinism|Type 2 diabetes mellitus|Diabetes mellitus, transient neonatal, 2;Type 2 diabetes mellitus;Hyperinsulinemic hypoglycemia, familial, 1;Leucine-induced hypoglycemia;Diabetes mellitus, permanent neonatal 3",germline;unknown,germline,GRCh37,NC_000011.9,11,17491729,17491729,na,na,11p15.1,"criteria provided, multiple submitters, no conflicts",10,-,N,"ClinGen:CA277230,UniProtKB:Q09428#VAR_031355",2,210074,17491729,C,T,-,-,-,-,-,-,SCV000246294|SCV001233904|SCV002051106|SCV002318429|SCV004026583|SCV004100576|SCV004191760|SCV005676113|SCV006321986,-,-
207858,single nucleotide variant,NM_000352.6(ABCC8):c.331G>A (p.Gly111Arg),6833,ABCC8,HGNC:59,Pathogenic/Likely pathogenic,1,"Nov 25, 2024",761749884,-,RCV000193936|RCV001068772|RCV001804929|RCV003468881|RCV005042410,"MONDO:MONDO:0009734,MedGen:C2931832,OMIM:256450,Orphanet:276575,Orphanet:276598|MedGen:C3661900|MONDO:MONDO:0017182,MedGen:C3888018,Orphanet:276525|Human Phenotype Ontology:HP:0005965,Human Phenotype Ontology:HP:0005978,Human Phenotype Ontology:HP:0100652,MONDO:MONDO:0005148,MeSH:D003924,MedGen:C0011860,OMIM:125853|MONDO:MONDO:0012480,MedGen:C1835887,OMIM:610374,Orphanet:99886;Human Phenotype Ontology:HP:0005965,Human Phenotype Ontology:HP:0005978,Human Phenotype Ontology:HP:0100652,MONDO:MONDO:0005148,MeSH:D003924,MedGen:C0011860,OMIM:125853;MONDO:MONDO:0009734,MedGen:C2931832,OMIM:256450,Orphanet:276575,Orphanet:276598;MONDO:MONDO:0009415,MedGen:C0271714,OMIM:240800;MONDO:MONDO:0030088,MedGen:C5394303,OMIM:618857","Hyperinsulinemic hypoglycemia, familial, 1|not provided|Familial hyperinsulinism|Type 2 diabetes mellitus|Diabetes mellitus, transient neonatal, 2;Type 2 diabetes mellitus;Hyperinsulinemic hypoglycemia, familial, 1;Leucine-induced hypoglycemia;Diabetes mellitus, permanent neonatal 3",germline;unknown,germline,GRCh38,NC_000011.10,11,17470182,17470182,na,na,11p15.1,"criteria provided, multiple submitters, no conflicts",10,-,N,"ClinGen:CA277230,UniProtKB:Q09428#VAR_031355",2,210074,17470182,C,T,-,-,-,-,-,-,SCV000246294|SCV001233904|SCV002051106|SCV002318429|SCV004026583|SCV004100576|SCV004191760|SCV005676113|SCV006321986,-,-
207859,single nucleotide variant,NM_000352.6(ABCC8):c.239T>G (p.Met80Arg),6833,ABCC8,HGNC:59,Conflicting classifications of pathogenicity,1,"Apr 19, 2024",797045208,-,RCV000192892|RCV005042409,"MONDO:MONDO:0009734,MedGen:C2931832,OMIM:256450,Orphanet:276575,Orphanet:276598|MONDO:MONDO:0012480,MedGen:C1835887,OMIM:610374,Orphanet:99886;Human Phenotype Ontology:HP:0005965,Human Phenotype Ontology:HP:0005978,Human Phenotype Ontology:HP:0100652,MONDO:MONDO:0005148,MeSH:D003924,MedGen:C0011860,OMIM:125853;MONDO:MONDO:0009734,MedGen:C2931832,OMIM:256450,Orphanet:276575,Orphanet:276598;MONDO:MONDO:0009415,MedGen:C0271714,OMIM:240800;MONDO:MONDO:0030088,MedGen:C5394303,OMIM:618857","Hyperinsulinemic hypoglycemia, familial, 1|Diabetes mellitus, transient neonatal, 2;Type 2 diabetes mellitus;Hyperinsulinemic hypoglycemia, familial, 1;Leucine-induced hypoglycemia;Diabetes mellitus, permanent neonatal 3",germline,germline,GRCh37,NC_000011.9,11,17496484,17496484,na,na,11p15.1,"criteria provided, conflicting classifications",3,-,N,ClinGen:CA277044,2,210073,17496484,A,C,-,-,-,-,-,-,SCV000246293|SCV004026584|SCV005676121,-,-
207859,single nucleotide variant,NM_000352.6(ABCC8):c.239T>G (p.Met80Arg),6833,ABCC8,HGNC:59,Conflicting classifications of pathogenicity,1,"Apr 19, 2024",797045208,-,RCV000192892|RCV005042409,"MONDO:MONDO:0009734,MedGen:C2931832,OMIM:256450,Orphanet:276575,Orphanet:276598|MONDO:MONDO:0012480,MedGen:C1835887,OMIM:610374,Orphanet:99886;Human Phenotype Ontology:HP:0005965,Human Phenotype Ontology:HP:0005978,Human Phenotype Ontology:HP:0100652,MONDO:MONDO:0005148,MeSH:D003924,MedGen:C0011860,OMIM:125853;MONDO:MONDO:0009734,MedGen:C2931832,OMIM:256450,Orphanet:276575,Orphanet:276598;MONDO:MONDO:0009415,MedGen:C0271714,OMIM:240800;MONDO:MONDO:0030088,MedGen:C5394303,OMIM:618857","Hyperinsulinemic hypoglycemia, familial, 1|Diabetes mellitus, transient neonatal, 2;Type 2 diabetes mellitus;Hyperinsulinemic hypoglycemia, familial, 1;Leucine-induced hypoglycemia;Diabetes mellitus, permanent neonatal 3",germline,germline,GRCh38,NC_000011.10,11,17474937,17474937,na,na,11p15.1,"criteria provided, conflicting classifications",3,-,N,ClinGen:CA277044,2,210073,17474937,A,C,-,-,-,-,-,-,SCV000246293|SCV004026584|SCV005676121,-,-
214501,Microsatellite,NM_000352.6(ABCC8):c.4456_4457del (p.Arg1486fs),6833,ABCC8,HGNC:59,Uncertain significance,1,-,863225279,-,RCV000201891|RCV002243880|RCV002243879,"MedGen:C3661900|Human Phenotype Ontology:HP:0008255,MONDO:MONDO:0020525,MedGen:C0342273|Human Phenotype Ontology:HP:0004904,MONDO:MONDO:0018911,MedGen:C0342276,OMIM:PS125850,Orphanet:552",not provided|Transitory neonatal diabetes mellitus|Maturity-onset diabetes of the young,germline;somatic,germline/somatic,GRCh37,NC_000011.9,11,17415901,17415902,na,na,11p15.1,"criteria provided, single submitter",2,-,N,ClinGen:CA279602,2,217845,17415900,CCT,C,-,-,-,-,-,-,SCV002513296|SCV002513297,-,-
214501,Microsatellite,NM_000352.6(ABCC8):c.4456_4457del (p.Arg1486fs),6833,ABCC8,HGNC:59,Uncertain significance,1,-,863225279,-,RCV000201891|RCV002243880|RCV002243879,"MedGen:C3661900|Human Phenotype Ontology:HP:0008255,MONDO:MONDO:0020525,MedGen:C0342273|Human Phenotype Ontology:HP:0004904,MONDO:MONDO:0018911,MedGen:C0342276,OMIM:PS125850,Orphanet:552",not provided|Transitory neonatal diabetes mellitus|Maturity-onset diabetes of the young,germline;somatic,germline/somatic,GRCh38,NC_000011.10,11,17394354,17394355,na,na,11p15.1,"criteria provided, single submitter",2,-,N,ClinGen:CA279602,2,217845,17394353,CCT,C,-,-,-,-,-,-,SCV002513296|SCV002513297,-,-
214502,single nucleotide variant,NM_000352.6(ABCC8):c.2695-2A>T,6833,ABCC8,HGNC:59,Uncertain significance,1,-,863225278,-,RCV000201888|RCV002251445|RCV002251444,"MedGen:C3661900|Human Phenotype Ontology:HP:0008255,MONDO:MONDO:0020525,MedGen:C0342273|Human Phenotype Ontology:HP:0004904,MONDO:MONDO:0018911,MedGen:C0342276,OMIM:PS125850,Orphanet:552",not provided|Transitory neonatal diabetes mellitus|Maturity-onset diabetes of the young,germline;unknown,germline,GRCh37,NC_000011.9,11,17430066,17430066,na,na,11p15.1,"criteria provided, single submitter",2,-,N,ClinGen:CA279599,2,217844,17430066,T,A,-,-,-,-,-,-,SCV002522129|SCV002522130,-,-
214502,single nucleotide variant,NM_000352.6(ABCC8):c.2695-2A>T,6833,ABCC8,HGNC:59,Uncertain significance,1,-,863225278,-,RCV000201888|RCV002251445|RCV002251444,"MedGen:C3661900|Human Phenotype Ontology:HP:0008255,MONDO:MONDO:0020525,MedGen:C0342273|Human Phenotype Ontology:HP:0004904,MONDO:MONDO:0018911,MedGen:C0342276,OMIM:PS125850,Orphanet:552",not provided|Transitory neonatal diabetes mellitus|Maturity-onset diabetes of the young,germline;unknown,germline,GRCh38,NC_000011.10,11,17408519,17408519,na,na,11p15.1,"criteria provided, single submitter",2,-,N,ClinGen:CA279599,2,217844,17408519,T,A,-,-,-,-,-,-,SCV002522129|SCV002522130,-,-
214503,Duplication,NM_000352.6(ABCC8):c.1732_1746dup (p.Ala578_Leu582dup),6833,ABCC8,HGNC:59,Conflicting classifications of pathogenicity,1,"Nov 10, 2025",757650373,-,RCV000201873|RCV002266933|RCV002266932|RCV003468927|RCV003321542|RCV005042435,"MedGen:C3661900|Human Phenotype Ontology:HP:0008255,MONDO:MONDO:0020525,MedGen:C0342273|Human Phenotype Ontology:HP:0004904,MONDO:MONDO:0018911,MedGen:C0342276,OMIM:PS125850,Orphanet:552|Human Phenotype Ontology:HP:0005965,Human Phenotype Ontology:HP:0005978,Human Phenotype Ontology:HP:0100652,MONDO:MONDO:0005148,MeSH:D003924,MedGen:C0011860,OMIM:125853|MONDO:MONDO:0009734,MedGen:C2931832,OMIM:256450,Orphanet:276575,Orphanet:276598|MONDO:MONDO:0012480,MedGen:C1835887,OMIM:610374,Orphanet:99886;Human Phenotype Ontology:HP:0005965,Human Phenotype Ontology:HP:0005978,Human Phenotype Ontology:HP:0100652,MONDO:MONDO:0005148,MeSH:D003924,MedGen:C0011860,OMIM:125853;MONDO:MONDO:0009734,MedGen:C2931832,OMIM:256450,Orphanet:276575,Orphanet:276598;MONDO:MONDO:0009415,MedGen:C0271714,OMIM:240800;MONDO:MONDO:0030088,MedGen:C5394303,OMIM:618857","not provided|Transitory neonatal diabetes mellitus|Maturity-onset diabetes of the young|Type 2 diabetes mellitus|Hyperinsulinemic hypoglycemia, familial, 1|Diabetes mellitus, transient neonatal, 2;Type 2 diabetes mellitus;Hyperinsulinemic hypoglycemia, familial, 1;Leucine-induced hypoglycemia;Diabetes mellitus, permanent neonatal 3",germline;unknown,germline,GRCh37,NC_000011.9,11,17452431,17452432,na,na,11p15.1,"criteria provided, conflicting classifications",7,-,N,ClinGen:CA248473,2,217848,17452431,A,AGAGGGAGAGGGAGGC,-,-,-,-,-,-,SCV002067528|SCV002522349|SCV002522350|SCV004026554|SCV004207205|SCV005676387|SCV007374454,-,-
214503,Duplication,NM_000352.6(ABCC8):c.1732_1746dup (p.Ala578_Leu582dup),6833,ABCC8,HGNC:59,Conflicting classifications of pathogenicity,1,"Nov 10, 2025",757650373,-,RCV000201873|RCV002266933|RCV002266932|RCV003468927|RCV003321542|RCV005042435,"MedGen:C3661900|Human Phenotype Ontology:HP:0008255,MONDO:MONDO:0020525,MedGen:C0342273|Human Phenotype Ontology:HP:0004904,MONDO:MONDO:0018911,MedGen:C0342276,OMIM:PS125850,Orphanet:552|Human Phenotype Ontology:HP:0005965,Human Phenotype Ontology:HP:0005978,Human Phenotype Ontology:HP:0100652,MONDO:MONDO:0005148,MeSH:D003924,MedGen:C0011860,OMIM:125853|MONDO:MONDO:0009734,MedGen:C2931832,OMIM:256450,Orphanet:276575,Orphanet:276598|MONDO:MONDO:0012480,MedGen:C1835887,OMIM:610374,Orphanet:99886;Human Phenotype Ontology:HP:0005965,Human Phenotype Ontology:HP:0005978,Human Phenotype Ontology:HP:0100652,MONDO:MONDO:0005148,MeSH:D003924,MedGen:C0011860,OMIM:125853;MONDO:MONDO:0009734,MedGen:C2931832,OMIM:256450,Orphanet:276575,Orphanet:276598;MONDO:MONDO:0009415,MedGen:C0271714,OMIM:240800;MONDO:MONDO:0030088,MedGen:C5394303,OMIM:618857","not provided|Transitory neonatal diabetes mellitus|Maturity-onset diabetes of the young|Type 2 diabetes mellitus|Hyperinsulinemic hypoglycemia, familial, 1|Diabetes mellitus, transient neonatal, 2;Type 2 diabetes mellitus;Hyperinsulinemic hypoglycemia, familial, 1;Leucine-induced hypoglycemia;Diabetes mellitus, permanent neonatal 3",germline;unknown,germline,GRCh38,NC_000011.10,11,17430884,17430885,na,na,11p15.1,"criteria provided, conflicting classifications",7,-,N,ClinGen:CA248473,2,217848,17430884,A,AGAGGGAGAGGGAGGC,-,-,-,-,-,-,SCV002067528|SCV002522349|SCV002522350|SCV004026554|SCV004207205|SCV005676387|SCV007374454,-,-
214504,single nucleotide variant,NM_000352.6(ABCC8):c.683G>A (p.Gly228Asp),6833,ABCC8,HGNC:59,Pathogenic/Likely pathogenic,1,"May 12, 2024",863225280,-,RCV000201871|RCV000590369|RCV000984139|RCV002253285|RCV003462355|RCV005042434,"MedGen:C3661900|MONDO:MONDO:0017182,MedGen:C3888018,Orphanet:276525|MONDO:MONDO:0009734,MedGen:C2931832,OMIM:256450,Orphanet:276575,Orphanet:276598|Human Phenotype Ontology:HP:0004904,MONDO:MONDO:0018911,MedGen:C0342276,OMIM:PS125850,Orphanet:552|Human Phenotype Ontology:HP:0005965,Human Phenotype Ontology:HP:0005978,Human Phenotype Ontology:HP:0100652,MONDO:MONDO:0005148,MeSH:D003924,MedGen:C0011860,OMIM:125853|MONDO:MONDO:0012480,MedGen:C1835887,OMIM:610374,Orphanet:99886;Human Phenotype Ontology:HP:0005965,Human Phenotype Ontology:HP:0005978,Human Phenotype Ontology:HP:0100652,MONDO:MONDO:0005148,MeSH:D003924,MedGen:C0011860,OMIM:125853;MONDO:MONDO:0009734,MedGen:C2931832,OMIM:256450,Orphanet:276575,Orphanet:276598;MONDO:MONDO:0009415,MedGen:C0271714,OMIM:240800;MONDO:MONDO:0030088,MedGen:C5394303,OMIM:618857","not provided|Familial hyperinsulinism|Hyperinsulinemic hypoglycemia, familial, 1|Maturity-onset diabetes of the young|Type 2 diabetes mellitus|Diabetes mellitus, transient neonatal, 2;Type 2 diabetes mellitus;Hyperinsulinemic hypoglycemia, familial, 1;Leucine-induced hypoglycemia;Diabetes mellitus, permanent neonatal 3",germline;unknown,germline,GRCh37,NC_000011.9,11,17483269,17483269,na,na,11p15.1,"criteria provided, multiple submitters, no conflicts",8,-,N,ClinGen:CA279580,2,217846,17483269,C,T,-,-,-,-,-,-,SCV000696593|SCV001138237|SCV001583010|SCV004193675|SCV005676095,-,-
214504,single nucleotide variant,NM_000352.6(ABCC8):c.683G>A (p.Gly228Asp),6833,ABCC8,HGNC:59,Pathogenic/Likely pathogenic,1,"May 12, 2024",863225280,-,RCV000201871|RCV000590369|RCV000984139|RCV002253285|RCV003462355|RCV005042434,"MedGen:C3661900|MONDO:MONDO:0017182,MedGen:C3888018,Orphanet:276525|MONDO:MONDO:0009734,MedGen:C2931832,OMIM:256450,Orphanet:276575,Orphanet:276598|Human Phenotype Ontology:HP:0004904,MONDO:MONDO:0018911,MedGen:C0342276,OMIM:PS125850,Orphanet:552|Human Phenotype Ontology:HP:0005965,Human Phenotype Ontology:HP:0005978,Human Phenotype Ontology:HP:0100652,MONDO:MONDO:0005148,MeSH:D003924,MedGen:C0011860,OMIM:125853|MONDO:MONDO:0012480,MedGen:C1835887,OMIM:610374,Orphanet:99886;Human Phenotype Ontology:HP:0005965,Human Phenotype Ontology:HP:0005978,Human Phenotype Ontology:HP:0100652,MONDO:MONDO:0005148,MeSH:D003924,MedGen:C0011860,OMIM:125853;MONDO:MONDO:0009734,MedGen:C2931832,OMIM:256450,Orphanet:276575,Orphanet:276598;MONDO:MONDO:0009415,MedGen:C0271714,OMIM:240800;MONDO:MONDO:0030088,MedGen:C5394303,OMIM:618857","not provided|Familial hyperinsulinism|Hyperinsulinemic hypoglycemia, familial, 1|Maturity-onset diabetes of the young|Type 2 diabetes mellitus|Diabetes mellitus, transient neonatal, 2;Type 2 diabetes mellitus;Hyperinsulinemic hypoglycemia, familial, 1;Leucine-induced hypoglycemia;Diabetes mellitus, permanent neonatal 3",germline;unknown,germline,GRCh38,NC_000011.10,11,17461722,17461722,na,na,11p15.1,"criteria provided, multiple submitters, no conflicts",8,-,N,ClinGen:CA279580,2,217846,17461722,C,T,-,-,-,-,-,-,SCV000696593|SCV001138237|SCV001583010|SCV004193675|SCV005676095,-,-
214505,single nucleotide variant,NM_000352.6(ABCC8):c.72C>A (p.Asn24Lys),6833,ABCC8,HGNC:59,Uncertain significance,1,"Aug 16, 2023",771075821,-,RCV000201893|RCV003321541,"MedGen:C3661900|MONDO:MONDO:0019010,MedGen:CN372705,Orphanet:657",not provided|Congenital isolated hyperinsulinism,germline,germline,GRCh37,NC_000011.9,11,17498252,17498252,na,na,11p15.1,"criteria provided, single submitter",2,-,N,ClinGen:CA248475,2,217847,17498252,G,T,-,-,-,-,-,-,SCV004026591,-,-
214505,single nucleotide variant,NM_000352.6(ABCC8):c.72C>A (p.Asn24Lys),6833,ABCC8,HGNC:59,Uncertain significance,1,"Aug 16, 2023",771075821,-,RCV000201893|RCV003321541,"MedGen:C3661900|MONDO:MONDO:0019010,MedGen:CN372705,Orphanet:657",not provided|Congenital isolated hyperinsulinism,germline,germline,GRCh38,NC_000011.10,11,17476705,17476705,na,na,11p15.1,"criteria provided, single submitter",2,-,N,ClinGen:CA248475,2,217847,17476705,G,T,-,-,-,-,-,-,SCV004026591,-,-
217193,single nucleotide variant,NM_000162.5(GCK):c.1030G>T (p.Asp344Tyr),2645,GCK,HGNC:4195,Likely pathogenic,1,"Apr 28, 2024",864321656,-,RCV000203555|RCV002463661|RCV004527370,"MONDO:MONDO:0007453,MedGen:C0342277,OMIM:125851,Orphanet:552|Human Phenotype Ontology:HP:0004904,MONDO:MONDO:0018911,MedGen:C0342276,OMIM:PS125850,Orphanet:552|MONDO:MONDO:0015967,MedGen:C3888631,Orphanet:183625",Maturity-onset diabetes of the young type 2|Maturity-onset diabetes of the young|Monogenic diabetes,germline;unknown,germline,GRCh37,NC_000007.13,7,44185319,44185319,na,na,7p13,reviewed by expert panel,4,-,N,ClinGen:CA279947,2,219179,44185319,C,A,-,-,-,-,-,-,SCV005040692,-,-
217193,single nucleotide variant,NM_000162.5(GCK):c.1030G>T (p.Asp344Tyr),2645,GCK,HGNC:4195,Likely pathogenic,1,"Apr 28, 2024",864321656,-,RCV000203555|RCV002463661|RCV004527370,"MONDO:MONDO:0007453,MedGen:C0342277,OMIM:125851,Orphanet:552|Human Phenotype Ontology:HP:0004904,MONDO:MONDO:0018911,MedGen:C0342276,OMIM:PS125850,Orphanet:552|MONDO:MONDO:0015967,MedGen:C3888631,Orphanet:183625",Maturity-onset diabetes of the young type 2|Maturity-onset diabetes of the young|Monogenic diabetes,germline;unknown,germline,GRCh38,NC_000007.14,7,44145720,44145720,na,na,7p13,reviewed by expert panel,4,-,N,ClinGen:CA279947,2,219179,44145720,C,A,-,-,-,-,-,-,SCV005040692,-,-
227344,single nucleotide variant,NM_000352.6(ABCC8):c.824G>A (p.Arg275Gln),6833,ABCC8,HGNC:59,Conflicting classifications of pathogenicity,0,"Jan 06, 2026",185040406,-,RCV000369588|RCV000490279|RCV000671927|RCV001108196|RCV001108197|RCV001279202|RCV001818510|RCV004796105,"MedGen:C3661900|Human Phenotype Ontology:HP:0005965,Human Phenotype Ontology:HP:0005978,Human Phenotype Ontology:HP:0100652,MONDO:MONDO:0005148,MeSH:D003924,MedGen:C0011860,OMIM:125853|MONDO:MONDO:0009734,MedGen:C2931832,OMIM:256450,Orphanet:276575,Orphanet:276598|MONDO:MONDO:0100164,MedGen:C1833104,OMIM:PS606176,Orphanet:99885|MONDO:MONDO:0012480,MedGen:C1835887,OMIM:610374,Orphanet:99886||MedGen:CN169374|MONDO:MONDO:0012480,MedGen:C1835887,OMIM:610374,Orphanet:99886;Human Phenotype Ontology:HP:0005965,Human Phenotype Ontology:HP:0005978,Human Phenotype Ontology:HP:0100652,MONDO:MONDO:0005148,MeSH:D003924,MedGen:C0011860,OMIM:125853;MONDO:MONDO:0009734,MedGen:C2931832,OMIM:256450,Orphanet:276575,Orphanet:276598;MONDO:MONDO:0009415,MedGen:C0271714,OMIM:240800;MONDO:MONDO:0030088,MedGen:C5394303,OMIM:618857","not provided|Type 2 diabetes mellitus|Hyperinsulinemic hypoglycemia, familial, 1|Permanent neonatal diabetes mellitus|Diabetes mellitus, transient neonatal, 2|Hereditary hyperinsulinism|not specified|Diabetes mellitus, transient neonatal, 2;Type 2 diabetes mellitus;Hyperinsulinemic hypoglycemia, familial, 1;Leucine-induced hypoglycemia;Diabetes mellitus, permanent neonatal 3",germline;unknown,germline,GRCh37,NC_000011.9,11,17482222,17482222,na,na,11p15.1,"criteria provided, conflicting classifications",11,-,N,"ClinGen:CA5903742,UniProtKB:Q09428#VAR_008643",2,225291,17482222,C,T,-,-,-,-,-,-,SCV000267203|SCV000342293|SCV001082998|SCV001265407|SCV001265408|SCV001265409|SCV002068214|SCV004238851|SCV005416357|SCV005676084|SCV006562319,-,-
227344,single nucleotide variant,NM_000352.6(ABCC8):c.824G>A (p.Arg275Gln),6833,ABCC8,HGNC:59,Conflicting classifications of pathogenicity,0,"Jan 06, 2026",185040406,-,RCV000369588|RCV000490279|RCV000671927|RCV001108196|RCV001108197|RCV001279202|RCV001818510|RCV004796105,"MedGen:C3661900|Human Phenotype Ontology:HP:0005965,Human Phenotype Ontology:HP:0005978,Human Phenotype Ontology:HP:0100652,MONDO:MONDO:0005148,MeSH:D003924,MedGen:C0011860,OMIM:125853|MONDO:MONDO:0009734,MedGen:C2931832,OMIM:256450,Orphanet:276575,Orphanet:276598|MONDO:MONDO:0100164,MedGen:C1833104,OMIM:PS606176,Orphanet:99885|MONDO:MONDO:0012480,MedGen:C1835887,OMIM:610374,Orphanet:99886||MedGen:CN169374|MONDO:MONDO:0012480,MedGen:C1835887,OMIM:610374,Orphanet:99886;Human Phenotype Ontology:HP:0005965,Human Phenotype Ontology:HP:0005978,Human Phenotype Ontology:HP:0100652,MONDO:MONDO:0005148,MeSH:D003924,MedGen:C0011860,OMIM:125853;MONDO:MONDO:0009734,MedGen:C2931832,OMIM:256450,Orphanet:276575,Orphanet:276598;MONDO:MONDO:0009415,MedGen:C0271714,OMIM:240800;MONDO:MONDO:0030088,MedGen:C5394303,OMIM:618857","not provided|Type 2 diabetes mellitus|Hyperinsulinemic hypoglycemia, familial, 1|Permanent neonatal diabetes mellitus|Diabetes mellitus, transient neonatal, 2|Hereditary hyperinsulinism|not specified|Diabetes mellitus, transient neonatal, 2;Type 2 diabetes mellitus;Hyperinsulinemic hypoglycemia, familial, 1;Leucine-induced hypoglycemia;Diabetes mellitus, permanent neonatal 3",germline;unknown,germline,GRCh38,NC_000011.10,11,17460675,17460675,na,na,11p15.1,"criteria provided, conflicting classifications",11,-,N,"ClinGen:CA5903742,UniProtKB:Q09428#VAR_008643",2,225291,17460675,C,T,-,-,-,-,-,-,SCV000267203|SCV000342293|SCV001082998|SCV001265407|SCV001265408|SCV001265409|SCV002068214|SCV004238851|SCV005416357|SCV005676084|SCV006562319,-,-
236860,single nucleotide variant,NM_000162.5(GCK):c.89T>C (p.Leu30Pro),2645,GCK,HGNC:4195,Likely pathogenic,1,"Jul 16, 2025",876661320,-,RCV000223803|RCV003556284|RCV005621923,"MONDO:MONDO:0007453,MedGen:C0342277,OMIM:125851,Orphanet:552|MedGen:C3661900|MONDO:MONDO:0015967,MedGen:C3888631,Orphanet:183625",Maturity-onset diabetes of the young type 2|not provided|Monogenic diabetes,de novo;germline;unknown,germline,GRCh37,NC_000007.13,7,44193019,44193019,na,na,7p13,reviewed by expert panel,5,-,N,ClinGen:CA10581225,2,235097,44193019,A,G,-,-,-,-,-,-,SCV006301699,-,-
236860,single nucleotide variant,NM_000162.5(GCK):c.89T>C (p.Leu30Pro),2645,GCK,HGNC:4195,Likely pathogenic,1,"Jul 16, 2025",876661320,-,RCV000223803|RCV003556284|RCV005621923,"MONDO:MONDO:0007453,MedGen:C0342277,OMIM:125851,Orphanet:552|MedGen:C3661900|MONDO:MONDO:0015967,MedGen:C3888631,Orphanet:183625",Maturity-onset diabetes of the young type 2|not provided|Monogenic diabetes,de novo;germline;unknown,germline,GRCh38,NC_000007.14,7,44153420,44153420,na,na,7p13,reviewed by expert panel,5,-,N,ClinGen:CA10581225,2,235097,44153420,A,G,-,-,-,-,-,-,SCV006301699,-,-
237314,single nucleotide variant,NM_000352.6(ABCC8):c.3640C>T (p.Arg1214Trp),6833,ABCC8,HGNC:59,Pathogenic,1,"Feb 14, 2024",139964066,-,RCV000223959|RCV000588494|RCV000666191|RCV001828097|RCV003469115,"MedGen:C3661900|MONDO:MONDO:0017182,MedGen:C3888018,Orphanet:276525|MONDO:MONDO:0009734,MedGen:C2931832,OMIM:256450,Orphanet:276575,Orphanet:276598||Human Phenotype Ontology:HP:0005965,Human Phenotype Ontology:HP:0005978,Human Phenotype Ontology:HP:0100652,MONDO:MONDO:0005148,MeSH:D003924,MedGen:C0011860,OMIM:125853","not provided|Familial hyperinsulinism|Hyperinsulinemic hypoglycemia, familial, 1|Hereditary hyperinsulinism|Type 2 diabetes mellitus",germline;unknown,germline,GRCh37,NC_000011.9,11,17424218,17424218,na,na,11p15.1,"criteria provided, multiple submitters, no conflicts",6,-,N,"ClinGen:CA5902756,UniProtKB:Q09428#VAR_031373",2,235633,17424218,G,A,-,-,-,-,-,-,SCV000281360|SCV000696589|SCV001219153|SCV004197151,-,-
237314,single nucleotide variant,NM_000352.6(ABCC8):c.3640C>T (p.Arg1214Trp),6833,ABCC8,HGNC:59,Pathogenic,1,"Feb 14, 2024",139964066,-,RCV000223959|RCV000588494|RCV000666191|RCV001828097|RCV003469115,"MedGen:C3661900|MONDO:MONDO:0017182,MedGen:C3888018,Orphanet:276525|MONDO:MONDO:0009734,MedGen:C2931832,OMIM:256450,Orphanet:276575,Orphanet:276598||Human Phenotype Ontology:HP:0005965,Human Phenotype Ontology:HP:0005978,Human Phenotype Ontology:HP:0100652,MONDO:MONDO:0005148,MeSH:D003924,MedGen:C0011860,OMIM:125853","not provided|Familial hyperinsulinism|Hyperinsulinemic hypoglycemia, familial, 1|Hereditary hyperinsulinism|Type 2 diabetes mellitus",germline;unknown,germline,GRCh38,NC_000011.10,11,17402671,17402671,na,na,11p15.1,"criteria provided, multiple submitters, no conflicts",6,-,N,"ClinGen:CA5902756,UniProtKB:Q09428#VAR_031373",2,235633,17402671,G,A,-,-,-,-,-,-,SCV000281360|SCV000696589|SCV001219153|SCV004197151,-,-
237582,single nucleotide variant,NM_000162.5(GCK):c.1148C>T (p.Ser383Leu),2645,GCK,HGNC:4195,Pathogenic,1,"Feb 28, 2024",777870079,-,RCV000225001|RCV000420976|RCV003226260|RCV004796119,"MONDO:MONDO:0007453,MedGen:C0342277,OMIM:125851,Orphanet:552|MedGen:C3661900|MONDO:MONDO:0015967,MedGen:C3888631,Orphanet:183625|MONDO:MONDO:0007453,MedGen:C0342277,OMIM:125851,Orphanet:552;MONDO:MONDO:0011236,MedGen:C1865290,OMIM:602485,Orphanet:79299;Human Phenotype Ontology:HP:0005965,Human Phenotype Ontology:HP:0005978,Human Phenotype Ontology:HP:0100652,MONDO:MONDO:0005148,MeSH:D003924,MedGen:C0011860,OMIM:125853;MONDO:MONDO:0100165,MedGen:C5393570,OMIM:606176",Maturity-onset diabetes of the young type 2|not provided|Monogenic diabetes|Maturity-onset diabetes of the young type 2;Hyperinsulinism due to glucokinase deficiency;Type 2 diabetes mellitus;Permanent neonatal diabetes mellitus 1,germline;inherited,germline,GRCh37,NC_000007.13,7,44185201,44185201,na,na,7p13,reviewed by expert panel,9,-,N,ClinGen:CA10581499,2,236014,44185201,G,A,-,-,-,-,-,-,SCV004697909,-,-
237582,single nucleotide variant,NM_000162.5(GCK):c.1148C>T (p.Ser383Leu),2645,GCK,HGNC:4195,Pathogenic,1,"Feb 28, 2024",777870079,-,RCV000225001|RCV000420976|RCV003226260|RCV004796119,"MONDO:MONDO:0007453,MedGen:C0342277,OMIM:125851,Orphanet:552|MedGen:C3661900|MONDO:MONDO:0015967,MedGen:C3888631,Orphanet:183625|MONDO:MONDO:0007453,MedGen:C0342277,OMIM:125851,Orphanet:552;MONDO:MONDO:0011236,MedGen:C1865290,OMIM:602485,Orphanet:79299;Human Phenotype Ontology:HP:0005965,Human Phenotype Ontology:HP:0005978,Human Phenotype Ontology:HP:0100652,MONDO:MONDO:0005148,MeSH:D003924,MedGen:C0011860,OMIM:125853;MONDO:MONDO:0100165,MedGen:C5393570,OMIM:606176",Maturity-onset diabetes of the young type 2|not provided|Monogenic diabetes|Maturity-onset diabetes of the young type 2;Hyperinsulinism due to glucokinase deficiency;Type 2 diabetes mellitus;Permanent neonatal diabetes mellitus 1,germline;inherited,germline,GRCh38,NC_000007.14,7,44145602,44145602,na,na,7p13,reviewed by expert panel,9,-,N,ClinGen:CA10581499,2,236014,44145602,G,A,-,-,-,-,-,-,SCV004697909,-,-
237750,single nucleotide variant,NM_000162.5(GCK):c.112C>T (p.Gln38Ter),2645,GCK,HGNC:4195,Pathogenic,1,"Aug 20, 2022",878853246,-,RCV000225041|RCV002464012|RCV002516247,"MONDO:MONDO:0007453,MedGen:C0342277,OMIM:125851,Orphanet:552|Human Phenotype Ontology:HP:0004904,MONDO:MONDO:0018911,MedGen:C0342276,OMIM:PS125850,Orphanet:552|MedGen:C3661900",Maturity-onset diabetes of the young type 2|Maturity-onset diabetes of the young|not provided,germline;inherited;unknown,germline,GRCh37,NC_000007.13,7,44192996,44192996,na,na,7p13,"criteria provided, multiple submitters, no conflicts",3,-,N,ClinGen:CA10581556,2,236192,44192996,G,A,-,-,-,-,-,-,SCV002605424|SCV003225463,-,-
237750,single nucleotide variant,NM_000162.5(GCK):c.112C>T (p.Gln38Ter),2645,GCK,HGNC:4195,Pathogenic,1,"Aug 20, 2022",878853246,-,RCV000225041|RCV002464012|RCV002516247,"MONDO:MONDO:0007453,MedGen:C0342277,OMIM:125851,Orphanet:552|Human Phenotype Ontology:HP:0004904,MONDO:MONDO:0018911,MedGen:C0342276,OMIM:PS125850,Orphanet:552|MedGen:C3661900",Maturity-onset diabetes of the young type 2|Maturity-onset diabetes of the young|not provided,germline;inherited;unknown,germline,GRCh38,NC_000007.14,7,44153397,44153397,na,na,7p13,"criteria provided, multiple submitters, no conflicts",3,-,N,ClinGen:CA10581556,2,236192,44153397,G,A,-,-,-,-,-,-,SCV002605424|SCV003225463,-,-
244019,single nucleotide variant,NM_000525.4(KCNJ11):c.154C>T (p.Gln52Ter),3767,KCNJ11,HGNC:6257,Conflicting classifications of pathogenicity,1,"Feb 08, 2024",879253757,-,RCV000234886|RCV002226700|RCV004567770|RCV005044487,"MONDO:MONDO:0011153,MedGen:C2931833,OMIM:601820,Orphanet:276580,Orphanet:276603|Human Phenotype Ontology:HP:0004904,MONDO:MONDO:0018911,MedGen:C0342276,OMIM:PS125850,Orphanet:552|Human Phenotype Ontology:HP:0005965,Human Phenotype Ontology:HP:0005978,Human Phenotype Ontology:HP:0100652,MONDO:MONDO:0005148,MeSH:D003924,MedGen:C0011860,OMIM:125853|MONDO:MONDO:0030087,MedGen:C5394296,OMIM:618856;MONDO:MONDO:0011153,MedGen:C2931833,OMIM:601820,Orphanet:276580,Orphanet:276603;MONDO:MONDO:0014589,MedGen:C4225365,OMIM:616329,Orphanet:552;MONDO:MONDO:0012522,MedGen:C1864623,OMIM:610582,Orphanet:99886;Human Phenotype Ontology:HP:0005965,Human Phenotype Ontology:HP:0005978,Human Phenotype Ontology:HP:0100652,MONDO:MONDO:0005148,MeSH:D003924,MedGen:C0011860,OMIM:125853","Hyperinsulinemic hypoglycemia, familial, 2|Maturity-onset diabetes of the young|Type 2 diabetes mellitus|Diabetes mellitus, permanent neonatal 2;Hyperinsulinemic hypoglycemia, familial, 2;Maturity-onset diabetes of the young type 13;Diabetes mellitus, transient neonatal, 3;Type 2 diabetes mellitus",germline;maternal;somatic;unknown,germline/somatic,GRCh37,NC_000011.9,11,17409485,17409485,na,na,11p15.1,"criteria provided, conflicting classifications",4,-,N,ClinGen:CA10584023,2,242910,17409485,G,A,-,-,-,-,-,-,SCV000292231|SCV002505470|SCV005059788|SCV005676632,-,-
244019,single nucleotide variant,NM_000525.4(KCNJ11):c.154C>T (p.Gln52Ter),3767,KCNJ11,HGNC:6257,Conflicting classifications of pathogenicity,1,"Feb 08, 2024",879253757,-,RCV000234886|RCV002226700|RCV004567770|RCV005044487,"MONDO:MONDO:0011153,MedGen:C2931833,OMIM:601820,Orphanet:276580,Orphanet:276603|Human Phenotype Ontology:HP:0004904,MONDO:MONDO:0018911,MedGen:C0342276,OMIM:PS125850,Orphanet:552|Human Phenotype Ontology:HP:0005965,Human Phenotype Ontology:HP:0005978,Human Phenotype Ontology:HP:0100652,MONDO:MONDO:0005148,MeSH:D003924,MedGen:C0011860,OMIM:125853|MONDO:MONDO:0030087,MedGen:C5394296,OMIM:618856;MONDO:MONDO:0011153,MedGen:C2931833,OMIM:601820,Orphanet:276580,Orphanet:276603;MONDO:MONDO:0014589,MedGen:C4225365,OMIM:616329,Orphanet:552;MONDO:MONDO:0012522,MedGen:C1864623,OMIM:610582,Orphanet:99886;Human Phenotype Ontology:HP:0005965,Human Phenotype Ontology:HP:0005978,Human Phenotype Ontology:HP:0100652,MONDO:MONDO:0005148,MeSH:D003924,MedGen:C0011860,OMIM:125853","Hyperinsulinemic hypoglycemia, familial, 2|Maturity-onset diabetes of the young|Type 2 diabetes mellitus|Diabetes mellitus, permanent neonatal 2;Hyperinsulinemic hypoglycemia, familial, 2;Maturity-onset diabetes of the young type 13;Diabetes mellitus, transient neonatal, 3;Type 2 diabetes mellitus",germline;maternal;somatic;unknown,germline/somatic,GRCh38,NC_000011.10,11,17387938,17387938,na,na,11p15.1,"criteria provided, conflicting classifications",4,-,N,ClinGen:CA10584023,2,242910,17387938,G,A,-,-,-,-,-,-,SCV000292231|SCV002505470|SCV005059788|SCV005676632,-,-
252883,single nucleotide variant,NM_000162.5(GCK):c.*11C>T,2645,GCK,HGNC:4195,Conflicting classifications of pathogenicity,0,"Dec 17, 2024",200698755,-,RCV000249274|RCV000268765|RCV000326074|RCV000383024|RCV000370358|RCV002463666|RCV006436710,"MedGen:CN169374||MONDO:MONDO:0007453,MedGen:C0342277,OMIM:125851,Orphanet:552|MONDO:MONDO:0100164,MedGen:C1833104,OMIM:PS606176,Orphanet:99885|MONDO:MONDO:0011236,MedGen:C1865290,OMIM:602485,Orphanet:79299|Human Phenotype Ontology:HP:0004904,MONDO:MONDO:0018911,MedGen:C0342276,OMIM:PS125850,Orphanet:552|MedGen:C3661900","not specified|Transient Neonatal Diabetes, Recessive|Maturity-onset diabetes of the young type 2|Permanent neonatal diabetes mellitus|Hyperinsulinism due to glucokinase deficiency|Maturity-onset diabetes of the young|not provided",germline;unknown,germline,GRCh37,NC_000007.13,7,44184724,44184724,na,na,7p13,"criteria provided, conflicting classifications",5,-,N,ClinGen:CA4239368,2,255399,44184724,G,A,-,-,-,-,-,-,SCV000302761|SCV000469408|SCV000469409|SCV000469410|SCV000469411|SCV001476446|SCV002598566|SCV002605041,-,-
252883,single nucleotide variant,NM_000162.5(GCK):c.*11C>T,2645,GCK,HGNC:4195,Conflicting classifications of pathogenicity,0,"Dec 17, 2024",200698755,-,RCV000249274|RCV000268765|RCV000326074|RCV000383024|RCV000370358|RCV002463666|RCV006436710,"MedGen:CN169374||MONDO:MONDO:0007453,MedGen:C0342277,OMIM:125851,Orphanet:552|MONDO:MONDO:0100164,MedGen:C1833104,OMIM:PS606176,Orphanet:99885|MONDO:MONDO:0011236,MedGen:C1865290,OMIM:602485,Orphanet:79299|Human Phenotype Ontology:HP:0004904,MONDO:MONDO:0018911,MedGen:C0342276,OMIM:PS125850,Orphanet:552|MedGen:C3661900","not specified|Transient Neonatal Diabetes, Recessive|Maturity-onset diabetes of the young type 2|Permanent neonatal diabetes mellitus|Hyperinsulinism due to glucokinase deficiency|Maturity-onset diabetes of the young|not provided",germline;unknown,germline,GRCh38,NC_000007.14,7,44145125,44145125,na,na,7p13,"criteria provided, conflicting classifications",5,-,N,ClinGen:CA4239368,2,255399,44145125,G,A,-,-,-,-,-,-,SCV000302761|SCV000469408|SCV000469409|SCV000469410|SCV000469411|SCV001476446|SCV002598566|SCV002605041,-,-
252884,single nucleotide variant,NM_000162.5(GCK):c.645C>T (p.Tyr215=),2645,GCK,HGNC:4195,Benign/Likely benign,0,"Jan 26, 2026",144723656,-,RCV000246889|RCV000280005|RCV000337358|RCV000342725|RCV000394978|RCV000419746|RCV002365255,"MedGen:CN169374|MONDO:MONDO:0007453,MedGen:C0342277,OMIM:125851,Orphanet:552||MONDO:MONDO:0100164,MedGen:C1833104,OMIM:PS606176,Orphanet:99885|MONDO:MONDO:0011236,MedGen:C1865290,OMIM:602485,Orphanet:79299|MedGen:C3661900|Human Phenotype Ontology:HP:0004904,MONDO:MONDO:0018911,MedGen:C0342276,OMIM:PS125850,Orphanet:552","not specified|Maturity-onset diabetes of the young type 2|Transient Neonatal Diabetes, Recessive|Permanent neonatal diabetes mellitus|Hyperinsulinism due to glucokinase deficiency|not provided|Maturity-onset diabetes of the young",germline,germline,GRCh37,NC_000007.13,7,44189393,44189393,na,na,7p13,"criteria provided, multiple submitters, no conflicts",12,-,N,ClinGen:CA4239566,2,255401,44189393,G,A,-,-,-,-,-,-,SCV000302769|SCV000469416|SCV000469417|SCV000469418|SCV000469419|SCV000511173|SCV000513126|SCV000842177|SCV001120872|SCV002069897|SCV002656567|SCV004156833|SCV004562796|SCV005227297|SCV007302519,-,-
252884,single nucleotide variant,NM_000162.5(GCK):c.645C>T (p.Tyr215=),2645,GCK,HGNC:4195,Benign/Likely benign,0,"Jan 26, 2026",144723656,-,RCV000246889|RCV000280005|RCV000337358|RCV000342725|RCV000394978|RCV000419746|RCV002365255,"MedGen:CN169374|MONDO:MONDO:0007453,MedGen:C0342277,OMIM:125851,Orphanet:552||MONDO:MONDO:0100164,MedGen:C1833104,OMIM:PS606176,Orphanet:99885|MONDO:MONDO:0011236,MedGen:C1865290,OMIM:602485,Orphanet:79299|MedGen:C3661900|Human Phenotype Ontology:HP:0004904,MONDO:MONDO:0018911,MedGen:C0342276,OMIM:PS125850,Orphanet:552","not specified|Maturity-onset diabetes of the young type 2|Transient Neonatal Diabetes, Recessive|Permanent neonatal diabetes mellitus|Hyperinsulinism due to glucokinase deficiency|not provided|Maturity-onset diabetes of the young",germline,germline,GRCh38,NC_000007.14,7,44149794,44149794,na,na,7p13,"criteria provided, multiple submitters, no conflicts",12,-,N,ClinGen:CA4239566,2,255401,44149794,G,A,-,-,-,-,-,-,SCV000302769|SCV000469416|SCV000469417|SCV000469418|SCV000469419|SCV000511173|SCV000513126|SCV000842177|SCV001120872|SCV002069897|SCV002656567|SCV004156833|SCV004562796|SCV005227297|SCV007302519,-,-
252885,single nucleotide variant,NM_000162.5(GCK):c.129C>T (p.Arg43=),2645,GCK,HGNC:4195,Benign/Likely benign,0,"Jun 30, 2025",760912915,-,RCV000245045|RCV002465603|RCV005055794,"MedGen:CN169374|Human Phenotype Ontology:HP:0004904,MONDO:MONDO:0018911,MedGen:C0342276,OMIM:PS125850,Orphanet:552|MedGen:C3661900",not specified|Maturity-onset diabetes of the young|not provided,germline;unknown,germline,GRCh37,NC_000007.13,7,44192979,44192979,na,na,7p13,"criteria provided, multiple submitters, no conflicts",4,-,N,ClinGen:CA4239717,2,255400,44192979,G,A,-,-,-,-,-,-,SCV000302763|SCV002605385|SCV005691849|SCV007302521,-,-
252885,single nucleotide variant,NM_000162.5(GCK):c.129C>T (p.Arg43=),2645,GCK,HGNC:4195,Benign/Likely benign,0,"Jun 30, 2025",760912915,-,RCV000245045|RCV002465603|RCV005055794,"MedGen:CN169374|Human Phenotype Ontology:HP:0004904,MONDO:MONDO:0018911,MedGen:C0342276,OMIM:PS125850,Orphanet:552|MedGen:C3661900",not specified|Maturity-onset diabetes of the young|not provided,germline;unknown,germline,GRCh38,NC_000007.14,7,44153380,44153380,na,na,7p13,"criteria provided, multiple submitters, no conflicts",4,-,N,ClinGen:CA4239717,2,255400,44153380,G,A,-,-,-,-,-,-,SCV000302763|SCV002605385|SCV005691849|SCV007302521,-,-
254062,single nucleotide variant,NM_000525.4(KCNJ11):c.1095C>T (p.Arg365=),3767,KCNJ11,HGNC:6257,Conflicting classifications of pathogenicity,0,"Jan 28, 2026",143276279,-,RCV000242346|RCV000969055|RCV001106523|RCV001106524|RCV001106525|RCV001833270|RCV002227103|RCV003165688,"MedGen:CN169374|MedGen:C3661900|MONDO:MONDO:0014589,MedGen:C4225365,OMIM:616329,Orphanet:552|MONDO:MONDO:0012522,MedGen:C1864623,OMIM:610582,Orphanet:99886|MONDO:MONDO:0011153,MedGen:C2931833,OMIM:601820,Orphanet:276580,Orphanet:276603|MONDO:MONDO:0100164,MedGen:C1833104,OMIM:PS606176,Orphanet:99885|Human Phenotype Ontology:HP:0004904,MONDO:MONDO:0018911,MedGen:C0342276,OMIM:PS125850,Orphanet:552|MeSH:D030342,MedGen:C0950123","not specified|not provided|Maturity-onset diabetes of the young type 13|Diabetes mellitus, transient neonatal, 3|Hyperinsulinemic hypoglycemia, familial, 2|Permanent neonatal diabetes mellitus|Maturity-onset diabetes of the young|Inborn genetic diseases",germline;somatic,germline/somatic,GRCh37,NC_000011.9,11,17408544,17408544,na,na,11p15.1,"criteria provided, conflicting classifications",8,-,N,ClinGen:CA5902184,2,256362,17408544,G,A,-,-,-,-,-,-,SCV000304663|SCV000595309|SCV001116546|SCV001263596|SCV001263597|SCV001263598|SCV002506475|SCV003904834|SCV004038905,-,-
254062,single nucleotide variant,NM_000525.4(KCNJ11):c.1095C>T (p.Arg365=),3767,KCNJ11,HGNC:6257,Conflicting classifications of pathogenicity,0,"Jan 28, 2026",143276279,-,RCV000242346|RCV000969055|RCV001106523|RCV001106524|RCV001106525|RCV001833270|RCV002227103|RCV003165688,"MedGen:CN169374|MedGen:C3661900|MONDO:MONDO:0014589,MedGen:C4225365,OMIM:616329,Orphanet:552|MONDO:MONDO:0012522,MedGen:C1864623,OMIM:610582,Orphanet:99886|MONDO:MONDO:0011153,MedGen:C2931833,OMIM:601820,Orphanet:276580,Orphanet:276603|MONDO:MONDO:0100164,MedGen:C1833104,OMIM:PS606176,Orphanet:99885|Human Phenotype Ontology:HP:0004904,MONDO:MONDO:0018911,MedGen:C0342276,OMIM:PS125850,Orphanet:552|MeSH:D030342,MedGen:C0950123","not specified|not provided|Maturity-onset diabetes of the young type 13|Diabetes mellitus, transient neonatal, 3|Hyperinsulinemic hypoglycemia, familial, 2|Permanent neonatal diabetes mellitus|Maturity-onset diabetes of the young|Inborn genetic diseases",germline;somatic,germline/somatic,GRCh38,NC_000011.10,11,17386997,17386997,na,na,11p15.1,"criteria provided, conflicting classifications",8,-,N,ClinGen:CA5902184,2,256362,17386997,G,A,-,-,-,-,-,-,SCV000304663|SCV000595309|SCV001116546|SCV001263596|SCV001263597|SCV001263598|SCV002506475|SCV003904834|SCV004038905,-,-
254063,single nucleotide variant,NM_000352.6(ABCC8):c.4545+13C>T,6833,ABCC8,HGNC:59,Conflicting classifications of pathogenicity,0,"Jan 26, 2026",78338172,-,RCV000251638|RCV000710391|RCV002243934|RCV002243933,"MedGen:CN169374|MedGen:C3661900|Human Phenotype Ontology:HP:0008255,MONDO:MONDO:0020525,MedGen:C0342273|Human Phenotype Ontology:HP:0004904,MONDO:MONDO:0018911,MedGen:C0342276,OMIM:PS125850,Orphanet:552",not specified|not provided|Transitory neonatal diabetes mellitus|Maturity-onset diabetes of the young,germline;somatic,germline/somatic,GRCh37,NC_000011.9,11,17415800,17415800,na,na,11p15.1,"criteria provided, conflicting classifications",6,-,N,ClinGen:CA5902447,2,255933,17415800,G,A,-,-,-,-,-,-,SCV000303812|SCV000840602|SCV002438933|SCV002512782|SCV002513042|SCV004241324|SCV007333560,-,-
254063,single nucleotide variant,NM_000352.6(ABCC8):c.4545+13C>T,6833,ABCC8,HGNC:59,Conflicting classifications of pathogenicity,0,"Jan 26, 2026",78338172,-,RCV000251638|RCV000710391|RCV002243934|RCV002243933,"MedGen:CN169374|MedGen:C3661900|Human Phenotype Ontology:HP:0008255,MONDO:MONDO:0020525,MedGen:C0342273|Human Phenotype Ontology:HP:0004904,MONDO:MONDO:0018911,MedGen:C0342276,OMIM:PS125850,Orphanet:552",not specified|not provided|Transitory neonatal diabetes mellitus|Maturity-onset diabetes of the young,germline;somatic,germline/somatic,GRCh38,NC_000011.10,11,17394253,17394253,na,na,11p15.1,"criteria provided, conflicting classifications",6,-,N,ClinGen:CA5902447,2,255933,17394253,G,A,-,-,-,-,-,-,SCV000303812|SCV000840602|SCV002438933|SCV002512782|SCV002513042|SCV004241324|SCV007333560,-,-
254064,single nucleotide variant,NM_000352.6(ABCC8):c.4542C>A (p.Ala1514=),6833,ABCC8,HGNC:59,Benign/Likely benign,0,"Jan 31, 2026",113282901,-,RCV000246698|RCV000343814|RCV000378065|RCV001277176|RCV000873407|RCV002243932|RCV002243931|RCV002338796,"MedGen:CN169374|MONDO:MONDO:0012480,MedGen:C1835887,OMIM:610374,Orphanet:99886|MONDO:MONDO:0100164,MedGen:C1833104,OMIM:PS606176,Orphanet:99885||MedGen:C3661900|Human Phenotype Ontology:HP:0008255,MONDO:MONDO:0020525,MedGen:C0342273|Human Phenotype Ontology:HP:0004904,MONDO:MONDO:0018911,MedGen:C0342276,OMIM:PS125850,Orphanet:552|MeSH:D030342,MedGen:C0950123","not specified|Diabetes mellitus, transient neonatal, 2|Permanent neonatal diabetes mellitus|Hereditary hyperinsulinism|not provided|Transitory neonatal diabetes mellitus|Maturity-onset diabetes of the young|Inborn genetic diseases",germline;somatic,germline/somatic,GRCh37,NC_000011.9,11,17415816,17415816,na,na,11p15.1,"criteria provided, multiple submitters, no conflicts",10,-,N,ClinGen:CA5902454,2,255932,17415816,G,T,-,-,-,-,-,-,SCV000303811|SCV000369230|SCV000369232|SCV000612221|SCV001015393|SCV001859067|SCV002068746|SCV002639920|SCV004038887,-,-
254064,single nucleotide variant,NM_000352.6(ABCC8):c.4542C>A (p.Ala1514=),6833,ABCC8,HGNC:59,Benign/Likely benign,0,"Jan 31, 2026",113282901,-,RCV000246698|RCV000343814|RCV000378065|RCV001277176|RCV000873407|RCV002243932|RCV002243931|RCV002338796,"MedGen:CN169374|MONDO:MONDO:0012480,MedGen:C1835887,OMIM:610374,Orphanet:99886|MONDO:MONDO:0100164,MedGen:C1833104,OMIM:PS606176,Orphanet:99885||MedGen:C3661900|Human Phenotype Ontology:HP:0008255,MONDO:MONDO:0020525,MedGen:C0342273|Human Phenotype Ontology:HP:0004904,MONDO:MONDO:0018911,MedGen:C0342276,OMIM:PS125850,Orphanet:552|MeSH:D030342,MedGen:C0950123","not specified|Diabetes mellitus, transient neonatal, 2|Permanent neonatal diabetes mellitus|Hereditary hyperinsulinism|not provided|Transitory neonatal diabetes mellitus|Maturity-onset diabetes of the young|Inborn genetic diseases",germline;somatic,germline/somatic,GRCh38,NC_000011.10,11,17394269,17394269,na,na,11p15.1,"criteria provided, multiple submitters, no conflicts",10,-,N,ClinGen:CA5902454,2,255932,17394269,G,T,-,-,-,-,-,-,SCV000303811|SCV000369230|SCV000369232|SCV000612221|SCV001015393|SCV001859067|SCV002068746|SCV002639920|SCV004038887,-,-
254065,single nucleotide variant,NM_000352.6(ABCC8):c.3557+20G>C,6833,ABCC8,HGNC:59,Conflicting classifications of pathogenicity,0,"Dec 16, 2023",764779784,-,RCV000246101|RCV002243930|RCV002243929|RCV003718146,"MedGen:CN169374|Human Phenotype Ontology:HP:0008255,MONDO:MONDO:0020525,MedGen:C0342273|Human Phenotype Ontology:HP:0004904,MONDO:MONDO:0018911,MedGen:C0342276,OMIM:PS125850,Orphanet:552|MedGen:C3661900",not specified|Transitory neonatal diabetes mellitus|Maturity-onset diabetes of the young|not provided,germline;somatic,germline/somatic,GRCh37,NC_000011.9,11,17426039,17426039,na,na,11p15.1,"criteria provided, conflicting classifications",3,-,N,ClinGen:CA5902780,2,255931,17426039,C,G,-,-,-,-,-,-,SCV000303805|SCV002515413|SCV002515414|SCV004513711,-,-
254065,single nucleotide variant,NM_000352.6(ABCC8):c.3557+20G>C,6833,ABCC8,HGNC:59,Conflicting classifications of pathogenicity,0,"Dec 16, 2023",764779784,-,RCV000246101|RCV002243930|RCV002243929|RCV003718146,"MedGen:CN169374|Human Phenotype Ontology:HP:0008255,MONDO:MONDO:0020525,MedGen:C0342273|Human Phenotype Ontology:HP:0004904,MONDO:MONDO:0018911,MedGen:C0342276,OMIM:PS125850,Orphanet:552|MedGen:C3661900",not specified|Transitory neonatal diabetes mellitus|Maturity-onset diabetes of the young|not provided,germline;somatic,germline/somatic,GRCh38,NC_000011.10,11,17404492,17404492,na,na,11p15.1,"criteria provided, conflicting classifications",3,-,N,ClinGen:CA5902780,2,255931,17404492,C,G,-,-,-,-,-,-,SCV000303805|SCV002515413|SCV002515414|SCV004513711,-,-
254066,single nucleotide variant,NM_000352.6(ABCC8):c.2427A>G (p.Pro809=),6833,ABCC8,HGNC:59,Conflicting classifications of pathogenicity,0,-,886038286,-,RCV000251803|RCV002266940|RCV002266939,"MedGen:CN169374|Human Phenotype Ontology:HP:0008255,MONDO:MONDO:0020525,MedGen:C0342273|Human Phenotype Ontology:HP:0004904,MONDO:MONDO:0018911,MedGen:C0342276,OMIM:PS125850,Orphanet:552",not specified|Transitory neonatal diabetes mellitus|Maturity-onset diabetes of the young,germline;unknown,germline,GRCh37,NC_000011.9,11,17434989,17434989,na,na,11p15.1,"criteria provided, conflicting classifications",2,-,N,ClinGen:CA10587109,2,255929,17434989,T,C,-,-,-,-,-,-,SCV000303798|SCV002522163|SCV002522164,-,-
254066,single nucleotide variant,NM_000352.6(ABCC8):c.2427A>G (p.Pro809=),6833,ABCC8,HGNC:59,Conflicting classifications of pathogenicity,0,-,886038286,-,RCV000251803|RCV002266940|RCV002266939,"MedGen:CN169374|Human Phenotype Ontology:HP:0008255,MONDO:MONDO:0020525,MedGen:C0342273|Human Phenotype Ontology:HP:0004904,MONDO:MONDO:0018911,MedGen:C0342276,OMIM:PS125850,Orphanet:552",not specified|Transitory neonatal diabetes mellitus|Maturity-onset diabetes of the young,germline;unknown,germline,GRCh38,NC_000011.10,11,17413442,17413442,na,na,11p15.1,"criteria provided, conflicting classifications",2,-,N,ClinGen:CA10587109,2,255929,17413442,T,C,-,-,-,-,-,-,SCV000303798|SCV002522163|SCV002522164,-,-
254067,single nucleotide variant,NM_000352.6(ABCC8):c.822+20C>T,6833,ABCC8,HGNC:59,Conflicting classifications of pathogenicity,0,"Jan 28, 2026",181998151,-,RCV000243963|RCV002057345|RCV002253317|RCV002253316,"MedGen:CN169374|MedGen:C3661900|Human Phenotype Ontology:HP:0008255,MONDO:MONDO:0020525,MedGen:C0342273|Human Phenotype Ontology:HP:0004904,MONDO:MONDO:0018911,MedGen:C0342276,OMIM:PS125850,Orphanet:552",not specified|not provided|Transitory neonatal diabetes mellitus|Maturity-onset diabetes of the young,germline;unknown,germline,GRCh37,NC_000011.9,11,17483110,17483110,na,na,11p15.1,"criteria provided, conflicting classifications",5,-,N,ClinGen:CA5903768,2,255934,17483110,G,A,-,-,-,-,-,-,SCV000303816|SCV000612224|SCV002443056|SCV002522627|SCV002522628|SCV005883432,-,-
254067,single nucleotide variant,NM_000352.6(ABCC8):c.822+20C>T,6833,ABCC8,HGNC:59,Conflicting classifications of pathogenicity,0,"Jan 28, 2026",181998151,-,RCV000243963|RCV002057345|RCV002253317|RCV002253316,"MedGen:CN169374|MedGen:C3661900|Human Phenotype Ontology:HP:0008255,MONDO:MONDO:0020525,MedGen:C0342273|Human Phenotype Ontology:HP:0004904,MONDO:MONDO:0018911,MedGen:C0342276,OMIM:PS125850,Orphanet:552",not specified|not provided|Transitory neonatal diabetes mellitus|Maturity-onset diabetes of the young,germline;unknown,germline,GRCh38,NC_000011.10,11,17461563,17461563,na,na,11p15.1,"criteria provided, conflicting classifications",5,-,N,ClinGen:CA5903768,2,255934,17461563,G,A,-,-,-,-,-,-,SCV000303816|SCV000612224|SCV002443056|SCV002522627|SCV002522628|SCV005883432,-,-
254068,single nucleotide variant,NM_000352.6(ABCC8):c.354C>T (p.Val118=),6833,ABCC8,HGNC:59,Conflicting classifications of pathogenicity,0,"Jan 31, 2026",137873871,-,RCV000265731|RCV000254079|RCV000323715|RCV000377126|RCV000710380|RCV001272248|RCV002254159|RCV002254158|RCV002450766,"MONDO:MONDO:0012480,MedGen:C1835887,OMIM:610374,Orphanet:99886|MedGen:CN169374|MONDO:MONDO:0009734,MedGen:C2931832,OMIM:256450,Orphanet:276575,Orphanet:276598|MONDO:MONDO:0100164,MedGen:C1833104,OMIM:PS606176,Orphanet:99885|MedGen:C3661900||Human Phenotype Ontology:HP:0008255,MONDO:MONDO:0020525,MedGen:C0342273|Human Phenotype Ontology:HP:0004904,MONDO:MONDO:0018911,MedGen:C0342276,OMIM:PS125850,Orphanet:552|MeSH:D030342,MedGen:C0950123","Diabetes mellitus, transient neonatal, 2|not specified|Hyperinsulinemic hypoglycemia, familial, 1|Permanent neonatal diabetes mellitus|not provided|Hereditary hyperinsulinism|Transitory neonatal diabetes mellitus|Maturity-onset diabetes of the young|Inborn genetic diseases",germline;unknown,germline,GRCh37,NC_000011.9,11,17491706,17491706,na,na,11p15.1,"criteria provided, conflicting classifications",10,-,N,ClinGen:CA5903902,2,255930,17491706,G,A,-,-,-,-,-,-,SCV000303804|SCV000369413|SCV000369414|SCV000369415|SCV000840590|SCV001006399|SCV001828344|SCV002524087|SCV002524088|SCV002615446|SCV003800014|SCV004136034,-,-
254068,single nucleotide variant,NM_000352.6(ABCC8):c.354C>T (p.Val118=),6833,ABCC8,HGNC:59,Conflicting classifications of pathogenicity,0,"Jan 31, 2026",137873871,-,RCV000265731|RCV000254079|RCV000323715|RCV000377126|RCV000710380|RCV001272248|RCV002254159|RCV002254158|RCV002450766,"MONDO:MONDO:0012480,MedGen:C1835887,OMIM:610374,Orphanet:99886|MedGen:CN169374|MONDO:MONDO:0009734,MedGen:C2931832,OMIM:256450,Orphanet:276575,Orphanet:276598|MONDO:MONDO:0100164,MedGen:C1833104,OMIM:PS606176,Orphanet:99885|MedGen:C3661900||Human Phenotype Ontology:HP:0008255,MONDO:MONDO:0020525,MedGen:C0342273|Human Phenotype Ontology:HP:0004904,MONDO:MONDO:0018911,MedGen:C0342276,OMIM:PS125850,Orphanet:552|MeSH:D030342,MedGen:C0950123","Diabetes mellitus, transient neonatal, 2|not specified|Hyperinsulinemic hypoglycemia, familial, 1|Permanent neonatal diabetes mellitus|not provided|Hereditary hyperinsulinism|Transitory neonatal diabetes mellitus|Maturity-onset diabetes of the young|Inborn genetic diseases",germline;unknown,germline,GRCh38,NC_000011.10,11,17470159,17470159,na,na,11p15.1,"criteria provided, conflicting classifications",10,-,N,ClinGen:CA5903902,2,255930,17470159,G,A,-,-,-,-,-,-,SCV000303804|SCV000369413|SCV000369414|SCV000369415|SCV000840590|SCV001006399|SCV001828344|SCV002524087|SCV002524088|SCV002615446|SCV003800014|SCV004136034,-,-
254069,single nucleotide variant,NM_000352.6(ABCC8):c.-8G>T,6833,ABCC8,HGNC:59,Conflicting classifications of pathogenicity,0,"Sep 01, 2024",200091822,-,RCV000245897|RCV000264204|RCV000302860|RCV000359986|RCV001532154,"MedGen:CN169374|MONDO:MONDO:0100164,MedGen:C1833104,OMIM:PS606176,Orphanet:99885|MONDO:MONDO:0012480,MedGen:C1835887,OMIM:610374,Orphanet:99886|MONDO:MONDO:0009734,MedGen:C2931832,OMIM:256450,Orphanet:276575,Orphanet:276598|MedGen:C3661900","not specified|Permanent neonatal diabetes mellitus|Diabetes mellitus, transient neonatal, 2|Hyperinsulinemic hypoglycemia, familial, 1|not provided",germline,germline,GRCh37,NC_000011.9,11,17498331,17498331,na,na,11p15.1,"criteria provided, conflicting classifications",6,-,N,ClinGen:CA5904006,2,255928,17498331,C,A,-,-,-,-,-,-,SCV000303788|SCV000369428|SCV000369429|SCV000369430|SCV000592969|SCV001747576|SCV002014891|SCV003921715,-,-
254069,single nucleotide variant,NM_000352.6(ABCC8):c.-8G>T,6833,ABCC8,HGNC:59,Conflicting classifications of pathogenicity,0,"Sep 01, 2024",200091822,-,RCV000245897|RCV000264204|RCV000302860|RCV000359986|RCV001532154,"MedGen:CN169374|MONDO:MONDO:0100164,MedGen:C1833104,OMIM:PS606176,Orphanet:99885|MONDO:MONDO:0012480,MedGen:C1835887,OMIM:610374,Orphanet:99886|MONDO:MONDO:0009734,MedGen:C2931832,OMIM:256450,Orphanet:276575,Orphanet:276598|MedGen:C3661900","not specified|Permanent neonatal diabetes mellitus|Diabetes mellitus, transient neonatal, 2|Hyperinsulinemic hypoglycemia, familial, 1|not provided",germline,germline,GRCh38,NC_000011.10,11,17476784,17476784,na,na,11p15.1,"criteria provided, conflicting classifications",6,-,N,ClinGen:CA5904006,2,255928,17476784,C,A,-,-,-,-,-,-,SCV000303788|SCV000369428|SCV000369429|SCV000369430|SCV000592969|SCV001747576|SCV002014891|SCV003921715,-,-
259865,single nucleotide variant,NM_000162.5(GCK):c.766G>A (p.Glu256Lys),2645,GCK,HGNC:4195,Pathogenic,1,"Oct 23, 2025",769268803,-,RCV000255753|RCV000763583|RCV003493556|RCV003987481|RCV004547644,"MedGen:C3661900|MONDO:MONDO:0007453,MedGen:C0342277,OMIM:125851,Orphanet:552;MONDO:MONDO:0011236,MedGen:C1865290,OMIM:602485,Orphanet:79299;MONDO:MONDO:0100164,MedGen:C1833104,OMIM:PS606176,Orphanet:99885;Human Phenotype Ontology:HP:0005965,Human Phenotype Ontology:HP:0005978,Human Phenotype Ontology:HP:0100652,MONDO:MONDO:0005148,MeSH:D003924,MedGen:C0011860,OMIM:125853|MONDO:MONDO:0007453,MedGen:C0342277,OMIM:125851,Orphanet:552|MONDO:MONDO:0015967,MedGen:C3888631,Orphanet:183625|Human Phenotype Ontology:HP:0004904,MONDO:MONDO:0018911,MedGen:C0342276,OMIM:PS125850,Orphanet:552",not provided|Maturity-onset diabetes of the young type 2;Hyperinsulinism due to glucokinase deficiency;Permanent neonatal diabetes mellitus;Type 2 diabetes mellitus|Maturity-onset diabetes of the young type 2|Monogenic diabetes|Maturity-onset diabetes of the young,germline;unknown,germline,GRCh37,NC_000007.13,7,44187346,44187346,na,na,7p13,"criteria provided, multiple submitters, no conflicts",10,-,N,"ClinGen:CA4239527,UniProtKB:P35557#VAR_003706",2,265175,44187346,C,T,-,-,-,-,-,-,SCV000321715|SCV000613455|SCV000894422|SCV002245931|SCV002525645|SCV004244361|SCV004562624|SCV004804230|SCV005043520|SCV006107712,-,-
259865,single nucleotide variant,NM_000162.5(GCK):c.766G>A (p.Glu256Lys),2645,GCK,HGNC:4195,Pathogenic,1,"Oct 23, 2025",769268803,-,RCV000255753|RCV000763583|RCV003493556|RCV003987481|RCV004547644,"MedGen:C3661900|MONDO:MONDO:0007453,MedGen:C0342277,OMIM:125851,Orphanet:552;MONDO:MONDO:0011236,MedGen:C1865290,OMIM:602485,Orphanet:79299;MONDO:MONDO:0100164,MedGen:C1833104,OMIM:PS606176,Orphanet:99885;Human Phenotype Ontology:HP:0005965,Human Phenotype Ontology:HP:0005978,Human Phenotype Ontology:HP:0100652,MONDO:MONDO:0005148,MeSH:D003924,MedGen:C0011860,OMIM:125853|MONDO:MONDO:0007453,MedGen:C0342277,OMIM:125851,Orphanet:552|MONDO:MONDO:0015967,MedGen:C3888631,Orphanet:183625|Human Phenotype Ontology:HP:0004904,MONDO:MONDO:0018911,MedGen:C0342276,OMIM:PS125850,Orphanet:552",not provided|Maturity-onset diabetes of the young type 2;Hyperinsulinism due to glucokinase deficiency;Permanent neonatal diabetes mellitus;Type 2 diabetes mellitus|Maturity-onset diabetes of the young type 2|Monogenic diabetes|Maturity-onset diabetes of the young,germline;unknown,germline,GRCh38,NC_000007.14,7,44147747,44147747,na,na,7p13,"criteria provided, multiple submitters, no conflicts",10,-,N,"ClinGen:CA4239527,UniProtKB:P35557#VAR_003706",2,265175,44147747,C,T,-,-,-,-,-,-,SCV000321715|SCV000613455|SCV000894422|SCV002245931|SCV002525645|SCV004244361|SCV004562624|SCV004804230|SCV005043520|SCV006107712,-,-
259866,single nucleotide variant,NM_000162.5(GCK):c.533G>A (p.Gly178Glu),2645,GCK,HGNC:4195,Pathogenic,1,"Nov 24, 2025",886039380,-,RCV000256137|RCV001844105|RCV006255633,"MedGen:C3661900|MONDO:MONDO:0007453,MedGen:C0342277,OMIM:125851,Orphanet:552|MONDO:MONDO:0015967,MedGen:C3888631,Orphanet:183625",not provided|Maturity-onset diabetes of the young type 2|Monogenic diabetes,germline,germline,GRCh37,NC_000007.13,7,44189614,44189614,na,na,7p13,reviewed by expert panel,4,-,N,ClinGen:CA10588428,2,265174,44189614,C,T,-,-,-,-,-,-,SCV007107111,-,-
259866,single nucleotide variant,NM_000162.5(GCK):c.533G>A (p.Gly178Glu),2645,GCK,HGNC:4195,Pathogenic,1,"Nov 24, 2025",886039380,-,RCV000256137|RCV001844105|RCV006255633,"MedGen:C3661900|MONDO:MONDO:0007453,MedGen:C0342277,OMIM:125851,Orphanet:552|MONDO:MONDO:0015967,MedGen:C3888631,Orphanet:183625",not provided|Maturity-onset diabetes of the young type 2|Monogenic diabetes,germline,germline,GRCh38,NC_000007.14,7,44150015,44150015,na,na,7p13,reviewed by expert panel,4,-,N,ClinGen:CA10588428,2,265174,44150015,C,T,-,-,-,-,-,-,SCV007107111,-,-
259978,single nucleotide variant,NM_000352.6(ABCC8):c.4028A>T (p.Lys1343Met),6833,ABCC8,HGNC:59,Uncertain significance,0,"Feb 23, 2022",886039301,-,RCV000255823|RCV001833295|RCV002244727|RCV002244726|RCV002487167,"MedGen:C3661900||Human Phenotype Ontology:HP:0008255,MONDO:MONDO:0020525,MedGen:C0342273|Human Phenotype Ontology:HP:0004904,MONDO:MONDO:0018911,MedGen:C0342276,OMIM:PS125850,Orphanet:552|MONDO:MONDO:0030088,MedGen:C5394303,OMIM:618857;MONDO:MONDO:0009734,MedGen:C2931832,OMIM:256450,Orphanet:276575,Orphanet:276598;MONDO:MONDO:0009415,MedGen:C0271714,OMIM:240800;MONDO:MONDO:0012480,MedGen:C1835887,OMIM:610374,Orphanet:99886;Human Phenotype Ontology:HP:0005965,Human Phenotype Ontology:HP:0005978,Human Phenotype Ontology:HP:0100652,MONDO:MONDO:0005148,MeSH:D003924,MedGen:C0011860,OMIM:125853","not provided|Hereditary hyperinsulinism|Transitory neonatal diabetes mellitus|Maturity-onset diabetes of the young|Diabetes mellitus, permanent neonatal 3;Hyperinsulinemic hypoglycemia, familial, 1;Leucine-induced hypoglycemia;Diabetes mellitus, transient neonatal, 2;Type 2 diabetes mellitus",germline;somatic;unknown,germline/somatic,GRCh37,NC_000011.9,11,17418554,17418554,na,na,11p15.1,"criteria provided, multiple submitters, no conflicts",4,-,N,ClinGen:CA10588515,2,265022,17418554,T,A,-,-,-,-,-,-,SCV000321371|SCV002513505|SCV002513507|SCV002790821,-,-
259978,single nucleotide variant,NM_000352.6(ABCC8):c.4028A>T (p.Lys1343Met),6833,ABCC8,HGNC:59,Uncertain significance,0,"Feb 23, 2022",886039301,-,RCV000255823|RCV001833295|RCV002244727|RCV002244726|RCV002487167,"MedGen:C3661900||Human Phenotype Ontology:HP:0008255,MONDO:MONDO:0020525,MedGen:C0342273|Human Phenotype Ontology:HP:0004904,MONDO:MONDO:0018911,MedGen:C0342276,OMIM:PS125850,Orphanet:552|MONDO:MONDO:0030088,MedGen:C5394303,OMIM:618857;MONDO:MONDO:0009734,MedGen:C2931832,OMIM:256450,Orphanet:276575,Orphanet:276598;MONDO:MONDO:0009415,MedGen:C0271714,OMIM:240800;MONDO:MONDO:0012480,MedGen:C1835887,OMIM:610374,Orphanet:99886;Human Phenotype Ontology:HP:0005965,Human Phenotype Ontology:HP:0005978,Human Phenotype Ontology:HP:0100652,MONDO:MONDO:0005148,MeSH:D003924,MedGen:C0011860,OMIM:125853","not provided|Hereditary hyperinsulinism|Transitory neonatal diabetes mellitus|Maturity-onset diabetes of the young|Diabetes mellitus, permanent neonatal 3;Hyperinsulinemic hypoglycemia, familial, 1;Leucine-induced hypoglycemia;Diabetes mellitus, transient neonatal, 2;Type 2 diabetes mellitus",germline;somatic;unknown,germline/somatic,GRCh38,NC_000011.10,11,17397007,17397007,na,na,11p15.1,"criteria provided, multiple submitters, no conflicts",4,-,N,ClinGen:CA10588515,2,265022,17397007,T,A,-,-,-,-,-,-,SCV000321371|SCV002513505|SCV002513507|SCV002790821,-,-
260796,single nucleotide variant,NM_000352.6(ABCC8):c.4146T>G (p.Ser1382Arg),6833,ABCC8,HGNC:59,Likely pathogenic,1,-,886039877,-,RCV000256388,"MONDO:MONDO:0009734,MedGen:C2931832,OMIM:256450,Orphanet:276575,Orphanet:276598","Hyperinsulinemic hypoglycemia, familial, 1",germline,germline,GRCh37,NC_000011.9,11,17417451,17417451,na,na,11p15.1,no assertion criteria provided,1,-,N,ClinGen:CA10588932,2,265990,17417451,A,C,-,-,-,-,-,-,SCV000323148,-,-
260796,single nucleotide variant,NM_000352.6(ABCC8):c.4146T>G (p.Ser1382Arg),6833,ABCC8,HGNC:59,Likely pathogenic,1,-,886039877,-,RCV000256388,"MONDO:MONDO:0009734,MedGen:C2931832,OMIM:256450,Orphanet:276575,Orphanet:276598","Hyperinsulinemic hypoglycemia, familial, 1",germline,germline,GRCh38,NC_000011.10,11,17395904,17395904,na,na,11p15.1,no assertion criteria provided,1,-,N,ClinGen:CA10588932,2,265990,17395904,A,C,-,-,-,-,-,-,SCV000323148,-,-
264329,Duplication,NM_000162.5(GCK):c.1163dup (p.Val389fs),2645,GCK,HGNC:4195,Pathogenic/Likely pathogenic,1,"Oct 03, 2016",886042015,-,RCV000297077|RCV002463671,"MedGen:C3661900|Human Phenotype Ontology:HP:0004904,MONDO:MONDO:0018911,MedGen:C0342276,OMIM:PS125850,Orphanet:552",not provided|Maturity-onset diabetes of the young,germline;unknown,germline,GRCh37,NC_000007.13,7,44185185,44185186,na,na,7p13,"criteria provided, multiple submitters, no conflicts",2,-,N,ClinGen:CA10603030,2,280892,44185185,G,GC,-,-,-,-,-,-,SCV000330846|SCV002605081,-,-
264329,Duplication,NM_000162.5(GCK):c.1163dup (p.Val389fs),2645,GCK,HGNC:4195,Pathogenic/Likely pathogenic,1,"Oct 03, 2016",886042015,-,RCV000297077|RCV002463671,"MedGen:C3661900|Human Phenotype Ontology:HP:0004904,MONDO:MONDO:0018911,MedGen:C0342276,OMIM:PS125850,Orphanet:552",not provided|Maturity-onset diabetes of the young,germline;unknown,germline,GRCh38,NC_000007.14,7,44145586,44145587,na,na,7p13,"criteria provided, multiple submitters, no conflicts",2,-,N,ClinGen:CA10603030,2,280892,44145586,G,GC,-,-,-,-,-,-,SCV000330846|SCV002605081,-,-
264352,Duplication,NM_000162.5(GCK):c.148dup (p.His50fs),2645,GCK,HGNC:4195,Pathogenic/Likely pathogenic,1,"Mar 28, 2018",886041690,-,RCV000320367|RCV002465607,"MedGen:C3661900|Human Phenotype Ontology:HP:0004904,MONDO:MONDO:0018911,MedGen:C0342276,OMIM:PS125850,Orphanet:552",not provided|Maturity-onset diabetes of the young,germline;unknown,germline,GRCh37,NC_000007.13,7,44192959,44192960,na,na,7p13,"criteria provided, multiple submitters, no conflicts",2,-,N,ClinGen:CA10603051,2,280498,44192959,T,TG,-,-,-,-,-,-,SCV000330420|SCV002605383,-,-
264352,Duplication,NM_000162.5(GCK):c.148dup (p.His50fs),2645,GCK,HGNC:4195,Pathogenic/Likely pathogenic,1,"Mar 28, 2018",886041690,-,RCV000320367|RCV002465607,"MedGen:C3661900|Human Phenotype Ontology:HP:0004904,MONDO:MONDO:0018911,MedGen:C0342276,OMIM:PS125850,Orphanet:552",not provided|Maturity-onset diabetes of the young,germline;unknown,germline,GRCh38,NC_000007.14,7,44153360,44153361,na,na,7p13,"criteria provided, multiple submitters, no conflicts",2,-,N,ClinGen:CA10603051,2,280498,44153360,T,TG,-,-,-,-,-,-,SCV000330420|SCV002605383,-,-
264418,Deletion,NM_000352.6(ABCC8):c.3130_3149del (p.Thr1044fs),6833,ABCC8,HGNC:59,Pathogenic,1,"Mar 11, 2024",886041392,-,RCV000393635|RCV000673057|RCV004567821,"MedGen:C3661900|MONDO:MONDO:0009734,MedGen:C2931832,OMIM:256450,Orphanet:276575,Orphanet:276598|Human Phenotype Ontology:HP:0005965,Human Phenotype Ontology:HP:0005978,Human Phenotype Ontology:HP:0100652,MONDO:MONDO:0005148,MeSH:D003924,MedGen:C0011860,OMIM:125853","not provided|Hyperinsulinemic hypoglycemia, familial, 1|Type 2 diabetes mellitus",germline;unknown,germline,GRCh37,NC_000011.9,11,17428448,17428467,na,na,11p15.1,"criteria provided, multiple submitters, no conflicts",7,-,N,ClinGen:CA10603110,2,280115,17428447,GCAGTTCCTGGCTGCAGGGGT,G,-,-,-,-,-,-,SCV000329972|SCV000996138|SCV001589659|SCV004026530|SCV004175337|SCV005060528,-,-
264418,Deletion,NM_000352.6(ABCC8):c.3130_3149del (p.Thr1044fs),6833,ABCC8,HGNC:59,Pathogenic,1,"Mar 11, 2024",886041392,-,RCV000393635|RCV000673057|RCV004567821,"MedGen:C3661900|MONDO:MONDO:0009734,MedGen:C2931832,OMIM:256450,Orphanet:276575,Orphanet:276598|Human Phenotype Ontology:HP:0005965,Human Phenotype Ontology:HP:0005978,Human Phenotype Ontology:HP:0100652,MONDO:MONDO:0005148,MeSH:D003924,MedGen:C0011860,OMIM:125853","not provided|Hyperinsulinemic hypoglycemia, familial, 1|Type 2 diabetes mellitus",germline;unknown,germline,GRCh38,NC_000011.10,11,17406901,17406920,na,na,11p15.1,"criteria provided, multiple submitters, no conflicts",7,-,N,ClinGen:CA10603110,2,280115,17406900,GCAGTTCCTGGCTGCAGGGGT,G,-,-,-,-,-,-,SCV000329972|SCV000996138|SCV001589659|SCV004026530|SCV004175337|SCV005060528,-,-
264506,single nucleotide variant,NM_000352.6(ABCC8):c.4308-2A>G,6833,ABCC8,HGNC:59,Pathogenic/Likely pathogenic,1,"Nov 21, 2025",886041391,-,RCV000334836|RCV000984137|RCV002274007|RCV004556774,"MedGen:C3661900|MONDO:MONDO:0009734,MedGen:C2931832,OMIM:256450,Orphanet:276575,Orphanet:276598|Human Phenotype Ontology:HP:0004904,MONDO:MONDO:0018911,MedGen:C0342276,OMIM:PS125850,Orphanet:552|MONDO:MONDO:0016391,MedGen:C0158981,Orphanet:224","not provided|Hyperinsulinemic hypoglycemia, familial, 1|Maturity-onset diabetes of the young|Neonatal diabetes mellitus",germline;unknown,germline,GRCh37,NC_000011.9,11,17416824,17416824,na,na,11p15.1,"criteria provided, multiple submitters, no conflicts",5,-,N,ClinGen:CA10603180,2,280114,17416824,T,C,-,-,-,-,-,-,SCV000329971|SCV004026505|SCV004295372,-,-
264506,single nucleotide variant,NM_000352.6(ABCC8):c.4308-2A>G,6833,ABCC8,HGNC:59,Pathogenic/Likely pathogenic,1,"Nov 21, 2025",886041391,-,RCV000334836|RCV000984137|RCV002274007|RCV004556774,"MedGen:C3661900|MONDO:MONDO:0009734,MedGen:C2931832,OMIM:256450,Orphanet:276575,Orphanet:276598|Human Phenotype Ontology:HP:0004904,MONDO:MONDO:0018911,MedGen:C0342276,OMIM:PS125850,Orphanet:552|MONDO:MONDO:0016391,MedGen:C0158981,Orphanet:224","not provided|Hyperinsulinemic hypoglycemia, familial, 1|Maturity-onset diabetes of the young|Neonatal diabetes mellitus",germline;unknown,germline,GRCh38,NC_000011.10,11,17395277,17395277,na,na,11p15.1,"criteria provided, multiple submitters, no conflicts",5,-,N,ClinGen:CA10603180,2,280114,17395277,T,C,-,-,-,-,-,-,SCV000329971|SCV004026505|SCV004295372,-,-
267595,single nucleotide variant,NM_000162.5(GCK):c.572G>A (p.Arg191Gln),2645,GCK,HGNC:4195,Pathogenic,1,"Apr 19, 2024",886042610,-,RCV000711776|RCV002347992|RCV002285302|RCV002222471,"MedGen:C3661900|Human Phenotype Ontology:HP:0004904,MONDO:MONDO:0018911,MedGen:C0342276,OMIM:PS125850,Orphanet:552|MONDO:MONDO:0007453,MedGen:C0342277,OMIM:125851,Orphanet:552|MONDO:MONDO:0015967,MedGen:C3888631,Orphanet:183625",not provided|Maturity-onset diabetes of the young|Maturity-onset diabetes of the young type 2|Monogenic diabetes,germline;unknown,germline,GRCh37,NC_000007.13,7,44189575,44189575,na,na,7p13,reviewed by expert panel,9,-,N,ClinGen:CA10604473,2,283358,44189575,C,T,-,-,-,-,-,-,SCV005040698,-,-
267595,single nucleotide variant,NM_000162.5(GCK):c.572G>A (p.Arg191Gln),2645,GCK,HGNC:4195,Pathogenic,1,"Apr 19, 2024",886042610,-,RCV000711776|RCV002347992|RCV002285302|RCV002222471,"MedGen:C3661900|Human Phenotype Ontology:HP:0004904,MONDO:MONDO:0018911,MedGen:C0342276,OMIM:PS125850,Orphanet:552|MONDO:MONDO:0007453,MedGen:C0342277,OMIM:125851,Orphanet:552|MONDO:MONDO:0015967,MedGen:C3888631,Orphanet:183625",not provided|Maturity-onset diabetes of the young|Maturity-onset diabetes of the young type 2|Monogenic diabetes,germline;unknown,germline,GRCh38,NC_000007.14,7,44149976,44149976,na,na,7p13,reviewed by expert panel,9,-,N,ClinGen:CA10604473,2,283358,44149976,C,T,-,-,-,-,-,-,SCV005040698,-,-
268298,Microsatellite,NM_000525.4(KCNJ11):c.581GCC[1] (p.Arg195del),3767,KCNJ11,HGNC:6257,Uncertain significance,0,"Nov 13, 2015",886042779,-,RCV000310078|RCV002227115,"MedGen:C3661900|Human Phenotype Ontology:HP:0004904,MONDO:MONDO:0018911,MedGen:C0342276,OMIM:PS125850,Orphanet:552",not provided|Maturity-onset diabetes of the young,germline;somatic,germline/somatic,GRCh37,NC_000011.9,11,17409053,17409055,na,na,11p15.1,"criteria provided, multiple submitters, no conflicts",2,-,N,ClinGen:CA10604675,2,284061,17409052,AGGC,A,-,-,-,-,-,-,SCV000336527|SCV002506488,-,-
268298,Microsatellite,NM_000525.4(KCNJ11):c.581GCC[1] (p.Arg195del),3767,KCNJ11,HGNC:6257,Uncertain significance,0,"Nov 13, 2015",886042779,-,RCV000310078|RCV002227115,"MedGen:C3661900|Human Phenotype Ontology:HP:0004904,MONDO:MONDO:0018911,MedGen:C0342276,OMIM:PS125850,Orphanet:552",not provided|Maturity-onset diabetes of the young,germline;somatic,germline/somatic,GRCh38,NC_000011.10,11,17387506,17387508,na,na,11p15.1,"criteria provided, multiple submitters, no conflicts",2,-,N,ClinGen:CA10604675,2,284061,17387505,AGGC,A,-,-,-,-,-,-,SCV000336527|SCV002506488,-,-
268425,single nucleotide variant,NM_000525.4(KCNJ11):c.719T>G (p.Met240Arg),3767,KCNJ11,HGNC:6257,Uncertain significance,0,"Jan 07, 2026",886042818,-,RCV000338917|RCV002227116,"MedGen:C3661900|Human Phenotype Ontology:HP:0004904,MONDO:MONDO:0018911,MedGen:C0342276,OMIM:PS125850,Orphanet:552",not provided|Maturity-onset diabetes of the young,germline;somatic,germline/somatic,GRCh37,NC_000011.9,11,17408920,17408920,na,na,11p15.1,"criteria provided, multiple submitters, no conflicts",3,-,N,ClinGen:CA10604719,2,284188,17408920,A,C,-,-,-,-,-,-,SCV000336708|SCV002506487|SCV007382156,-,-
268425,single nucleotide variant,NM_000525.4(KCNJ11):c.719T>G (p.Met240Arg),3767,KCNJ11,HGNC:6257,Uncertain significance,0,"Jan 07, 2026",886042818,-,RCV000338917|RCV002227116,"MedGen:C3661900|Human Phenotype Ontology:HP:0004904,MONDO:MONDO:0018911,MedGen:C0342276,OMIM:PS125850,Orphanet:552",not provided|Maturity-onset diabetes of the young,germline;somatic,germline/somatic,GRCh38,NC_000011.10,11,17387373,17387373,na,na,11p15.1,"criteria provided, multiple submitters, no conflicts",3,-,N,ClinGen:CA10604719,2,284188,17387373,A,C,-,-,-,-,-,-,SCV000336708|SCV002506487|SCV007382156,-,-
269280,single nucleotide variant,NM_000525.4(KCNJ11):c.80G>A (p.Arg27His),3767,KCNJ11,HGNC:6257,Conflicting classifications of pathogenicity,0,"Oct 20, 2025",774714794,-,RCV000389894|RCV001833339|RCV002227117|RCV004529469|RCV005365225|RCV006452561|RCV005430521,"MedGen:C3661900|MONDO:MONDO:0100164,MedGen:C1833104,OMIM:PS606176,Orphanet:99885|Human Phenotype Ontology:HP:0004904,MONDO:MONDO:0018911,MedGen:C0342276,OMIM:PS125850,Orphanet:552||MONDO:MONDO:0014589,MedGen:C4225365,OMIM:616329,Orphanet:552;MONDO:MONDO:0011153,MedGen:C2931833,OMIM:601820,Orphanet:276580,Orphanet:276603;MONDO:MONDO:0012522,MedGen:C1864623,OMIM:610582,Orphanet:99886;MONDO:MONDO:0030087,MedGen:C5394296,OMIM:618856|MedGen:CN169374|MONDO:MONDO:0100165,MedGen:C5393570,OMIM:606176;MONDO:MONDO:0011153,MedGen:C2931833,OMIM:601820,Orphanet:276580,Orphanet:276603;MONDO:MONDO:0012522,MedGen:C1864623,OMIM:610582,Orphanet:99886","not provided|Permanent neonatal diabetes mellitus|Maturity-onset diabetes of the young|KCNJ11-related disorder|Maturity-onset diabetes of the young type 13;Hyperinsulinemic hypoglycemia, familial, 2;Diabetes mellitus, transient neonatal, 3;Diabetes mellitus, permanent neonatal 2|not specified|Permanent neonatal diabetes mellitus 1;Hyperinsulinemic hypoglycemia, familial, 2;Diabetes mellitus, transient neonatal, 3",germline;somatic;unknown,germline/somatic,GRCh37,NC_000011.9,11,17409559,17409559,na,na,11p15.1,"criteria provided, conflicting classifications",8,-,N,ClinGen:CA5902339,2,285043,17409559,C,T,-,-,-,-,-,-,SCV000337888|SCV001780686|SCV002506460|SCV004104698|SCV005918623|SCV007336509,-,-
269280,single nucleotide variant,NM_000525.4(KCNJ11):c.80G>A (p.Arg27His),3767,KCNJ11,HGNC:6257,Conflicting classifications of pathogenicity,0,"Oct 20, 2025",774714794,-,RCV000389894|RCV001833339|RCV002227117|RCV004529469|RCV005365225|RCV006452561|RCV005430521,"MedGen:C3661900|MONDO:MONDO:0100164,MedGen:C1833104,OMIM:PS606176,Orphanet:99885|Human Phenotype Ontology:HP:0004904,MONDO:MONDO:0018911,MedGen:C0342276,OMIM:PS125850,Orphanet:552||MONDO:MONDO:0014589,MedGen:C4225365,OMIM:616329,Orphanet:552;MONDO:MONDO:0011153,MedGen:C2931833,OMIM:601820,Orphanet:276580,Orphanet:276603;MONDO:MONDO:0012522,MedGen:C1864623,OMIM:610582,Orphanet:99886;MONDO:MONDO:0030087,MedGen:C5394296,OMIM:618856|MedGen:CN169374|MONDO:MONDO:0100165,MedGen:C5393570,OMIM:606176;MONDO:MONDO:0011153,MedGen:C2931833,OMIM:601820,Orphanet:276580,Orphanet:276603;MONDO:MONDO:0012522,MedGen:C1864623,OMIM:610582,Orphanet:99886","not provided|Permanent neonatal diabetes mellitus|Maturity-onset diabetes of the young|KCNJ11-related disorder|Maturity-onset diabetes of the young type 13;Hyperinsulinemic hypoglycemia, familial, 2;Diabetes mellitus, transient neonatal, 3;Diabetes mellitus, permanent neonatal 2|not specified|Permanent neonatal diabetes mellitus 1;Hyperinsulinemic hypoglycemia, familial, 2;Diabetes mellitus, transient neonatal, 3",germline;somatic;unknown,germline/somatic,GRCh38,NC_000011.10,11,17388012,17388012,na,na,11p15.1,"criteria provided, conflicting classifications",8,-,N,ClinGen:CA5902339,2,285043,17388012,C,T,-,-,-,-,-,-,SCV000337888|SCV001780686|SCV002506460|SCV004104698|SCV005918623|SCV007336509,-,-
269612,single nucleotide variant,NM_000352.6(ABCC8):c.279C>A (p.Ile93=),6833,ABCC8,HGNC:59,Conflicting classifications of pathogenicity,0,"Jan 28, 2026",550990673,-,RCV000376852|RCV001276288|RCV004782340|RCV004955378,"MedGen:C3661900||MedGen:CN169374|MeSH:D030342,MedGen:C0950123",not provided|Hereditary hyperinsulinism|not specified|Inborn genetic diseases,germline,germline,GRCh37,NC_000011.9,11,17496444,17496444,na,na,11p15.1,"criteria provided, conflicting classifications",5,-,N,ClinGen:CA5903935,2,285375,17496444,G,T,-,-,-,-,-,-,SCV000338369|SCV001013826|SCV005394870|SCV005456261,-,-
269612,single nucleotide variant,NM_000352.6(ABCC8):c.279C>A (p.Ile93=),6833,ABCC8,HGNC:59,Conflicting classifications of pathogenicity,0,"Jan 28, 2026",550990673,-,RCV000376852|RCV001276288|RCV004782340|RCV004955378,"MedGen:C3661900||MedGen:CN169374|MeSH:D030342,MedGen:C0950123",not provided|Hereditary hyperinsulinism|not specified|Inborn genetic diseases,germline,germline,GRCh38,NC_000011.10,11,17474897,17474897,na,na,11p15.1,"criteria provided, conflicting classifications",5,-,N,ClinGen:CA5903935,2,285375,17474897,G,T,-,-,-,-,-,-,SCV000338369|SCV001013826|SCV005394870|SCV005456261,-,-
270186,single nucleotide variant,NM_000525.4(KCNJ11):c.661C>G (p.Arg221Gly),3767,KCNJ11,HGNC:6257,Uncertain significance,0,"Nov 15, 2021",781450902,-,RCV000342066|RCV002519199,"MedGen:C3661900|MeSH:D030342,MedGen:C0950123",not provided|Inborn genetic diseases,germline,germline,GRCh37,NC_000011.9,11,17408978,17408978,na,na,11p15.1,"criteria provided, multiple submitters, no conflicts",2,-,N,ClinGen:CA10605309,2,285949,17408978,G,C,-,-,-,-,-,-,SCV000339181|SCV003587823,-,-
270186,single nucleotide variant,NM_000525.4(KCNJ11):c.661C>G (p.Arg221Gly),3767,KCNJ11,HGNC:6257,Uncertain significance,0,"Nov 15, 2021",781450902,-,RCV000342066|RCV002519199,"MedGen:C3661900|MeSH:D030342,MedGen:C0950123",not provided|Inborn genetic diseases,germline,germline,GRCh38,NC_000011.10,11,17387431,17387431,na,na,11p15.1,"criteria provided, multiple submitters, no conflicts",2,-,N,ClinGen:CA10605309,2,285949,17387431,G,C,-,-,-,-,-,-,SCV000339181|SCV003587823,-,-
272064,single nucleotide variant,NM_000525.4(KCNJ11):c.1093C>T (p.Arg365Cys),3767,KCNJ11,HGNC:6257,Uncertain significance,0,"Feb 18, 2025",758749160,-,RCV000396277|RCV002226703|RCV005044544|RCV005430288|RCV005238850,"MedGen:C3661900|Human Phenotype Ontology:HP:0004904,MONDO:MONDO:0018911,MedGen:C0342276,OMIM:PS125850,Orphanet:552|MONDO:MONDO:0030087,MedGen:C5394296,OMIM:618856;MONDO:MONDO:0011153,MedGen:C2931833,OMIM:601820,Orphanet:276580,Orphanet:276603;MONDO:MONDO:0014589,MedGen:C4225365,OMIM:616329,Orphanet:552;MONDO:MONDO:0012522,MedGen:C1864623,OMIM:610582,Orphanet:99886;Human Phenotype Ontology:HP:0005965,Human Phenotype Ontology:HP:0005978,Human Phenotype Ontology:HP:0100652,MONDO:MONDO:0005148,MeSH:D003924,MedGen:C0011860,OMIM:125853|MONDO:MONDO:0100165,MedGen:C5393570,OMIM:606176;MONDO:MONDO:0011153,MedGen:C2931833,OMIM:601820,Orphanet:276580,Orphanet:276603;MONDO:MONDO:0012522,MedGen:C1864623,OMIM:610582,Orphanet:99886|MedGen:CN169374","not provided|Maturity-onset diabetes of the young|Diabetes mellitus, permanent neonatal 2;Hyperinsulinemic hypoglycemia, familial, 2;Maturity-onset diabetes of the young type 13;Diabetes mellitus, transient neonatal, 3;Type 2 diabetes mellitus|Permanent neonatal diabetes mellitus 1;Hyperinsulinemic hypoglycemia, familial, 2;Diabetes mellitus, transient neonatal, 3|not specified",germline;somatic;unknown,germline/somatic,GRCh37,NC_000011.9,11,17408546,17408546,na,na,11p15.1,"criteria provided, multiple submitters, no conflicts",6,-,N,ClinGen:CA5902186,2,287827,17408546,G,A,-,-,-,-,-,-,SCV000341747|SCV002505405|SCV005676598|SCV005761828|SCV005885994,-,-
272064,single nucleotide variant,NM_000525.4(KCNJ11):c.1093C>T (p.Arg365Cys),3767,KCNJ11,HGNC:6257,Uncertain significance,0,"Feb 18, 2025",758749160,-,RCV000396277|RCV002226703|RCV005044544|RCV005430288|RCV005238850,"MedGen:C3661900|Human Phenotype Ontology:HP:0004904,MONDO:MONDO:0018911,MedGen:C0342276,OMIM:PS125850,Orphanet:552|MONDO:MONDO:0030087,MedGen:C5394296,OMIM:618856;MONDO:MONDO:0011153,MedGen:C2931833,OMIM:601820,Orphanet:276580,Orphanet:276603;MONDO:MONDO:0014589,MedGen:C4225365,OMIM:616329,Orphanet:552;MONDO:MONDO:0012522,MedGen:C1864623,OMIM:610582,Orphanet:99886;Human Phenotype Ontology:HP:0005965,Human Phenotype Ontology:HP:0005978,Human Phenotype Ontology:HP:0100652,MONDO:MONDO:0005148,MeSH:D003924,MedGen:C0011860,OMIM:125853|MONDO:MONDO:0100165,MedGen:C5393570,OMIM:606176;MONDO:MONDO:0011153,MedGen:C2931833,OMIM:601820,Orphanet:276580,Orphanet:276603;MONDO:MONDO:0012522,MedGen:C1864623,OMIM:610582,Orphanet:99886|MedGen:CN169374","not provided|Maturity-onset diabetes of the young|Diabetes mellitus, permanent neonatal 2;Hyperinsulinemic hypoglycemia, familial, 2;Maturity-onset diabetes of the young type 13;Diabetes mellitus, transient neonatal, 3;Type 2 diabetes mellitus|Permanent neonatal diabetes mellitus 1;Hyperinsulinemic hypoglycemia, familial, 2;Diabetes mellitus, transient neonatal, 3|not specified",germline;somatic;unknown,germline/somatic,GRCh38,NC_000011.10,11,17386999,17386999,na,na,11p15.1,"criteria provided, multiple submitters, no conflicts",6,-,N,ClinGen:CA5902186,2,287827,17386999,G,A,-,-,-,-,-,-,SCV000341747|SCV002505405|SCV005676598|SCV005761828|SCV005885994,-,-
272968,single nucleotide variant,NM_000352.6(ABCC8):c.3976G>A (p.Glu1326Lys),6833,ABCC8,HGNC:59,Conflicting classifications of pathogenicity,0,"Jan 18, 2026",200563930,-,RCV000339446|RCV000664136|RCV001810444|RCV002494880|RCV002282111,"MedGen:C3661900|MONDO:MONDO:0015967,MedGen:C3888631,Orphanet:183625|MONDO:MONDO:0009734,MedGen:C2931832,OMIM:256450,Orphanet:276575,Orphanet:276598|MONDO:MONDO:0030088,MedGen:C5394303,OMIM:618857;MONDO:MONDO:0009734,MedGen:C2931832,OMIM:256450,Orphanet:276575,Orphanet:276598;MONDO:MONDO:0009415,MedGen:C0271714,OMIM:240800;MONDO:MONDO:0012480,MedGen:C1835887,OMIM:610374,Orphanet:99886;Human Phenotype Ontology:HP:0005965,Human Phenotype Ontology:HP:0005978,Human Phenotype Ontology:HP:0100652,MONDO:MONDO:0005148,MeSH:D003924,MedGen:C0011860,OMIM:125853|MedGen:CN169374","not provided|Monogenic diabetes|Hyperinsulinemic hypoglycemia, familial, 1|Diabetes mellitus, permanent neonatal 3;Hyperinsulinemic hypoglycemia, familial, 1;Leucine-induced hypoglycemia;Diabetes mellitus, transient neonatal, 2;Type 2 diabetes mellitus|not specified",germline;unknown,germline,GRCh37,NC_000011.9,11,17418752,17418752,na,na,11p15.1,"criteria provided, conflicting classifications",7,-,N,"ClinGen:CA5902631,UniProtKB:Q09428#VAR_072945",2,288731,17418752,C,T,-,-,-,-,-,-,SCV000342928|SCV000787588|SCV002060068|SCV002572265|SCV002791273|SCV002955124|SCV007106330,-,-
272968,single nucleotide variant,NM_000352.6(ABCC8):c.3976G>A (p.Glu1326Lys),6833,ABCC8,HGNC:59,Conflicting classifications of pathogenicity,0,"Jan 18, 2026",200563930,-,RCV000339446|RCV000664136|RCV001810444|RCV002494880|RCV002282111,"MedGen:C3661900|MONDO:MONDO:0015967,MedGen:C3888631,Orphanet:183625|MONDO:MONDO:0009734,MedGen:C2931832,OMIM:256450,Orphanet:276575,Orphanet:276598|MONDO:MONDO:0030088,MedGen:C5394303,OMIM:618857;MONDO:MONDO:0009734,MedGen:C2931832,OMIM:256450,Orphanet:276575,Orphanet:276598;MONDO:MONDO:0009415,MedGen:C0271714,OMIM:240800;MONDO:MONDO:0012480,MedGen:C1835887,OMIM:610374,Orphanet:99886;Human Phenotype Ontology:HP:0005965,Human Phenotype Ontology:HP:0005978,Human Phenotype Ontology:HP:0100652,MONDO:MONDO:0005148,MeSH:D003924,MedGen:C0011860,OMIM:125853|MedGen:CN169374","not provided|Monogenic diabetes|Hyperinsulinemic hypoglycemia, familial, 1|Diabetes mellitus, permanent neonatal 3;Hyperinsulinemic hypoglycemia, familial, 1;Leucine-induced hypoglycemia;Diabetes mellitus, transient neonatal, 2;Type 2 diabetes mellitus|not specified",germline;unknown,germline,GRCh38,NC_000011.10,11,17397205,17397205,na,na,11p15.1,"criteria provided, conflicting classifications",7,-,N,"ClinGen:CA5902631,UniProtKB:Q09428#VAR_072945",2,288731,17397205,C,T,-,-,-,-,-,-,SCV000342928|SCV000787588|SCV002060068|SCV002572265|SCV002791273|SCV002955124|SCV007106330,-,-
274818,single nucleotide variant,NM_000352.6(ABCC8):c.3613G>A (p.Glu1205Lys),6833,ABCC8,HGNC:59,Uncertain significance,0,"Oct 03, 2025",768448830,-,RCV000345680|RCV002244742|RCV002487284|RCV002244741,"MedGen:C3661900|Human Phenotype Ontology:HP:0008255,MONDO:MONDO:0020525,MedGen:C0342273|MONDO:MONDO:0030088,MedGen:C5394303,OMIM:618857;MONDO:MONDO:0009734,MedGen:C2931832,OMIM:256450,Orphanet:276575,Orphanet:276598;MONDO:MONDO:0009415,MedGen:C0271714,OMIM:240800;MONDO:MONDO:0012480,MedGen:C1835887,OMIM:610374,Orphanet:99886;Human Phenotype Ontology:HP:0005965,Human Phenotype Ontology:HP:0005978,Human Phenotype Ontology:HP:0100652,MONDO:MONDO:0005148,MeSH:D003924,MedGen:C0011860,OMIM:125853|Human Phenotype Ontology:HP:0004904,MONDO:MONDO:0018911,MedGen:C0342276,OMIM:PS125850,Orphanet:552","not provided|Transitory neonatal diabetes mellitus|Diabetes mellitus, permanent neonatal 3;Hyperinsulinemic hypoglycemia, familial, 1;Leucine-induced hypoglycemia;Diabetes mellitus, transient neonatal, 2;Type 2 diabetes mellitus|Maturity-onset diabetes of the young",germline;somatic,germline/somatic,GRCh37,NC_000011.9,11,17424245,17424245,na,na,11p15.1,"criteria provided, multiple submitters, no conflicts",5,-,N,ClinGen:CA5902759,2,290581,17424245,C,T,-,-,-,-,-,-,SCV000345158|SCV002515401|SCV002515402|SCV002784370|SCV005329845|SCV005811454,-,-
274818,single nucleotide variant,NM_000352.6(ABCC8):c.3613G>A (p.Glu1205Lys),6833,ABCC8,HGNC:59,Uncertain significance,0,"Oct 03, 2025",768448830,-,RCV000345680|RCV002244742|RCV002487284|RCV002244741,"MedGen:C3661900|Human Phenotype Ontology:HP:0008255,MONDO:MONDO:0020525,MedGen:C0342273|MONDO:MONDO:0030088,MedGen:C5394303,OMIM:618857;MONDO:MONDO:0009734,MedGen:C2931832,OMIM:256450,Orphanet:276575,Orphanet:276598;MONDO:MONDO:0009415,MedGen:C0271714,OMIM:240800;MONDO:MONDO:0012480,MedGen:C1835887,OMIM:610374,Orphanet:99886;Human Phenotype Ontology:HP:0005965,Human Phenotype Ontology:HP:0005978,Human Phenotype Ontology:HP:0100652,MONDO:MONDO:0005148,MeSH:D003924,MedGen:C0011860,OMIM:125853|Human Phenotype Ontology:HP:0004904,MONDO:MONDO:0018911,MedGen:C0342276,OMIM:PS125850,Orphanet:552","not provided|Transitory neonatal diabetes mellitus|Diabetes mellitus, permanent neonatal 3;Hyperinsulinemic hypoglycemia, familial, 1;Leucine-induced hypoglycemia;Diabetes mellitus, transient neonatal, 2;Type 2 diabetes mellitus|Maturity-onset diabetes of the young",germline;somatic,germline/somatic,GRCh38,NC_000011.10,11,17402698,17402698,na,na,11p15.1,"criteria provided, multiple submitters, no conflicts",5,-,N,ClinGen:CA5902759,2,290581,17402698,C,T,-,-,-,-,-,-,SCV000345158|SCV002515401|SCV002515402|SCV002784370|SCV005329845|SCV005811454,-,-
303069,single nucleotide variant,NM_000162.5(GCK):c.*548G>A,2645,GCK,HGNC:4195,Conflicting classifications of pathogenicity,0,"Jan 12, 2018",886062347,-,RCV000306782|RCV000345260|RCV000351096|RCV000401535|RCV002319489,"MONDO:MONDO:0011236,MedGen:C1865290,OMIM:602485,Orphanet:79299||MONDO:MONDO:0007453,MedGen:C0342277,OMIM:125851,Orphanet:552|MONDO:MONDO:0100164,MedGen:C1833104,OMIM:PS606176,Orphanet:99885|Human Phenotype Ontology:HP:0004904,MONDO:MONDO:0018911,MedGen:C0342276,OMIM:PS125850,Orphanet:552","Hyperinsulinism due to glucokinase deficiency|Transient Neonatal Diabetes, Recessive|Maturity-onset diabetes of the young type 2|Permanent neonatal diabetes mellitus|Maturity-onset diabetes of the young",germline;unknown,germline,GRCh37,NC_000007.13,7,44184187,44184187,na,na,7p13,"criteria provided, conflicting classifications",2,-,N,ClinGen:CA10624028,2,360291,44184187,C,T,-,-,-,-,-,-,SCV000469376|SCV000469377|SCV000469378|SCV000469379|SCV002604976,-,-
303069,single nucleotide variant,NM_000162.5(GCK):c.*548G>A,2645,GCK,HGNC:4195,Conflicting classifications of pathogenicity,0,"Jan 12, 2018",886062347,-,RCV000306782|RCV000345260|RCV000351096|RCV000401535|RCV002319489,"MONDO:MONDO:0011236,MedGen:C1865290,OMIM:602485,Orphanet:79299||MONDO:MONDO:0007453,MedGen:C0342277,OMIM:125851,Orphanet:552|MONDO:MONDO:0100164,MedGen:C1833104,OMIM:PS606176,Orphanet:99885|Human Phenotype Ontology:HP:0004904,MONDO:MONDO:0018911,MedGen:C0342276,OMIM:PS125850,Orphanet:552","Hyperinsulinism due to glucokinase deficiency|Transient Neonatal Diabetes, Recessive|Maturity-onset diabetes of the young type 2|Permanent neonatal diabetes mellitus|Maturity-onset diabetes of the young",germline;unknown,germline,GRCh38,NC_000007.14,7,44144588,44144588,na,na,7p13,"criteria provided, conflicting classifications",2,-,N,ClinGen:CA10624028,2,360291,44144588,C,T,-,-,-,-,-,-,SCV000469376|SCV000469377|SCV000469378|SCV000469379|SCV002604976,-,-
303070,single nucleotide variant,NM_000162.5(GCK):c.*477C>T,2645,GCK,HGNC:4195,Benign,0,"May 12, 2021",2908275,-,RCV000259194|RCV000304023|RCV000316828|RCV000361041|RCV001643090|RCV002319490,"MONDO:MONDO:0011236,MedGen:C1865290,OMIM:602485,Orphanet:79299|MONDO:MONDO:0100164,MedGen:C1833104,OMIM:PS606176,Orphanet:99885||MONDO:MONDO:0007453,MedGen:C0342277,OMIM:125851,Orphanet:552|MedGen:C3661900|Human Phenotype Ontology:HP:0004904,MONDO:MONDO:0018911,MedGen:C0342276,OMIM:PS125850,Orphanet:552","Hyperinsulinism due to glucokinase deficiency|Permanent neonatal diabetes mellitus|Transient Neonatal Diabetes, Recessive|Maturity-onset diabetes of the young type 2|not provided|Maturity-onset diabetes of the young",germline;unknown,germline,GRCh37,NC_000007.13,7,44184258,44184258,na,na,7p13,"criteria provided, multiple submitters, no conflicts",3,-,N,ClinGen:CA10624029,2,360293,44184258,G,A,-,-,-,-,-,-,SCV000469384|SCV000469385|SCV000469386|SCV000469387|SCV001858845|SCV002604892,-,-
303070,single nucleotide variant,NM_000162.5(GCK):c.*477C>T,2645,GCK,HGNC:4195,Benign,0,"May 12, 2021",2908275,-,RCV000259194|RCV000304023|RCV000316828|RCV000361041|RCV001643090|RCV002319490,"MONDO:MONDO:0011236,MedGen:C1865290,OMIM:602485,Orphanet:79299|MONDO:MONDO:0100164,MedGen:C1833104,OMIM:PS606176,Orphanet:99885||MONDO:MONDO:0007453,MedGen:C0342277,OMIM:125851,Orphanet:552|MedGen:C3661900|Human Phenotype Ontology:HP:0004904,MONDO:MONDO:0018911,MedGen:C0342276,OMIM:PS125850,Orphanet:552","Hyperinsulinism due to glucokinase deficiency|Permanent neonatal diabetes mellitus|Transient Neonatal Diabetes, Recessive|Maturity-onset diabetes of the young type 2|not provided|Maturity-onset diabetes of the young",germline;unknown,germline,GRCh38,NC_000007.14,7,44144659,44144659,na,na,7p13,"criteria provided, multiple submitters, no conflicts",3,-,N,ClinGen:CA10624029,2,360293,44144659,G,A,-,-,-,-,-,-,SCV000469384|SCV000469385|SCV000469386|SCV000469387|SCV001858845|SCV002604892,-,-
303071,single nucleotide variant,NM_000162.5(GCK):c.*332G>A,2645,GCK,HGNC:4195,Benign,0,"Jan 12, 2018",13306388,-,RCV000290517|RCV000296546|RCV000344515|RCV000382811,"|MONDO:MONDO:0007453,MedGen:C0342277,OMIM:125851,Orphanet:552|MONDO:MONDO:0100164,MedGen:C1833104,OMIM:PS606176,Orphanet:99885|MONDO:MONDO:0011236,MedGen:C1865290,OMIM:602485,Orphanet:79299","Transient Neonatal Diabetes, Recessive|Maturity-onset diabetes of the young type 2|Permanent neonatal diabetes mellitus|Hyperinsulinism due to glucokinase deficiency",germline,germline,GRCh37,NC_000007.13,7,44184403,44184403,na,na,7p13,"criteria provided, single submitter",1,-,N,ClinGen:CA10624030,2,360295,44184403,C,T,-,-,-,-,-,-,SCV000469392|SCV000469393|SCV000469394|SCV000469395,-,-
303071,single nucleotide variant,NM_000162.5(GCK):c.*332G>A,2645,GCK,HGNC:4195,Benign,0,"Jan 12, 2018",13306388,-,RCV000290517|RCV000296546|RCV000344515|RCV000382811,"|MONDO:MONDO:0007453,MedGen:C0342277,OMIM:125851,Orphanet:552|MONDO:MONDO:0100164,MedGen:C1833104,OMIM:PS606176,Orphanet:99885|MONDO:MONDO:0011236,MedGen:C1865290,OMIM:602485,Orphanet:79299","Transient Neonatal Diabetes, Recessive|Maturity-onset diabetes of the young type 2|Permanent neonatal diabetes mellitus|Hyperinsulinism due to glucokinase deficiency",germline,germline,GRCh38,NC_000007.14,7,44144804,44144804,na,na,7p13,"criteria provided, single submitter",1,-,N,ClinGen:CA10624030,2,360295,44144804,C,T,-,-,-,-,-,-,SCV000469392|SCV000469393|SCV000469394|SCV000469395,-,-
303072,single nucleotide variant,NM_000162.5(GCK):c.*297T>G,2645,GCK,HGNC:4195,Benign/Likely benign,0,"Jan 12, 2018",527259972,-,RCV000303301|RCV000341889|RCV000347800|RCV000397044|RCV002463675,"|MONDO:MONDO:0011236,MedGen:C1865290,OMIM:602485,Orphanet:79299|MONDO:MONDO:0007453,MedGen:C0342277,OMIM:125851,Orphanet:552|MONDO:MONDO:0100164,MedGen:C1833104,OMIM:PS606176,Orphanet:99885|Human Phenotype Ontology:HP:0004904,MONDO:MONDO:0018911,MedGen:C0342276,OMIM:PS125850,Orphanet:552","Transient Neonatal Diabetes, Recessive|Hyperinsulinism due to glucokinase deficiency|Maturity-onset diabetes of the young type 2|Permanent neonatal diabetes mellitus|Maturity-onset diabetes of the young",germline;unknown,germline,GRCh37,NC_000007.13,7,44184438,44184438,na,na,7p13,"criteria provided, multiple submitters, no conflicts",2,-,N,ClinGen:CA10624031,2,360296,44184438,A,C,-,-,-,-,-,-,SCV000469396|SCV000469397|SCV000469398|SCV000469399|SCV002605035,-,-
303072,single nucleotide variant,NM_000162.5(GCK):c.*297T>G,2645,GCK,HGNC:4195,Benign/Likely benign,0,"Jan 12, 2018",527259972,-,RCV000303301|RCV000341889|RCV000347800|RCV000397044|RCV002463675,"|MONDO:MONDO:0011236,MedGen:C1865290,OMIM:602485,Orphanet:79299|MONDO:MONDO:0007453,MedGen:C0342277,OMIM:125851,Orphanet:552|MONDO:MONDO:0100164,MedGen:C1833104,OMIM:PS606176,Orphanet:99885|Human Phenotype Ontology:HP:0004904,MONDO:MONDO:0018911,MedGen:C0342276,OMIM:PS125850,Orphanet:552","Transient Neonatal Diabetes, Recessive|Hyperinsulinism due to glucokinase deficiency|Maturity-onset diabetes of the young type 2|Permanent neonatal diabetes mellitus|Maturity-onset diabetes of the young",germline;unknown,germline,GRCh38,NC_000007.14,7,44144839,44144839,na,na,7p13,"criteria provided, multiple submitters, no conflicts",2,-,N,ClinGen:CA10624031,2,360296,44144839,A,C,-,-,-,-,-,-,SCV000469396|SCV000469397|SCV000469398|SCV000469399|SCV002605035,-,-
303073,single nucleotide variant,NM_000162.5(GCK):c.*92C>A,2645,GCK,HGNC:4195,Benign/Likely benign,0,"Apr 08, 2020",557990162,-,RCV000275570|RCV000301261|RCV000332946|RCV000367676|RCV001662336|RCV002319491,"MONDO:MONDO:0007453,MedGen:C0342277,OMIM:125851,Orphanet:552|MONDO:MONDO:0100164,MedGen:C1833104,OMIM:PS606176,Orphanet:99885||MONDO:MONDO:0011236,MedGen:C1865290,OMIM:602485,Orphanet:79299|MedGen:C3661900|Human Phenotype Ontology:HP:0004904,MONDO:MONDO:0018911,MedGen:C0342276,OMIM:PS125850,Orphanet:552","Maturity-onset diabetes of the young type 2|Permanent neonatal diabetes mellitus|Transient Neonatal Diabetes, Recessive|Hyperinsulinism due to glucokinase deficiency|not provided|Maturity-onset diabetes of the young",germline;unknown,germline,GRCh37,NC_000007.13,7,44184643,44184643,na,na,7p13,"criteria provided, multiple submitters, no conflicts",3,-,N,ClinGen:CA10624032,2,360298,44184643,G,T,-,-,-,-,-,-,SCV000469404|SCV000469405|SCV000469406|SCV000469407|SCV001872784|SCV002604901,-,-
303073,single nucleotide variant,NM_000162.5(GCK):c.*92C>A,2645,GCK,HGNC:4195,Benign/Likely benign,0,"Apr 08, 2020",557990162,-,RCV000275570|RCV000301261|RCV000332946|RCV000367676|RCV001662336|RCV002319491,"MONDO:MONDO:0007453,MedGen:C0342277,OMIM:125851,Orphanet:552|MONDO:MONDO:0100164,MedGen:C1833104,OMIM:PS606176,Orphanet:99885||MONDO:MONDO:0011236,MedGen:C1865290,OMIM:602485,Orphanet:79299|MedGen:C3661900|Human Phenotype Ontology:HP:0004904,MONDO:MONDO:0018911,MedGen:C0342276,OMIM:PS125850,Orphanet:552","Maturity-onset diabetes of the young type 2|Permanent neonatal diabetes mellitus|Transient Neonatal Diabetes, Recessive|Hyperinsulinism due to glucokinase deficiency|not provided|Maturity-onset diabetes of the young",germline;unknown,germline,GRCh38,NC_000007.14,7,44145044,44145044,na,na,7p13,"criteria provided, multiple submitters, no conflicts",3,-,N,ClinGen:CA10624032,2,360298,44145044,G,T,-,-,-,-,-,-,SCV000469404|SCV000469405|SCV000469406|SCV000469407|SCV001872784|SCV002604901,-,-
303074,single nucleotide variant,NM_000162.5(GCK):c.393C>T (p.Ser131=),2645,GCK,HGNC:4195,Conflicting classifications of pathogenicity,0,"Dec 23, 2022",139139350,-,RCV000271510|RCV000306704|RCV000328974|RCV000363704|RCV002464190|RCV004696026,"|MONDO:MONDO:0007453,MedGen:C0342277,OMIM:125851,Orphanet:552|MONDO:MONDO:0100164,MedGen:C1833104,OMIM:PS606176,Orphanet:99885|MONDO:MONDO:0011236,MedGen:C1865290,OMIM:602485,Orphanet:79299|Human Phenotype Ontology:HP:0004904,MONDO:MONDO:0018911,MedGen:C0342276,OMIM:PS125850,Orphanet:552|MedGen:C3661900","Transient Neonatal Diabetes, Recessive|Maturity-onset diabetes of the young type 2|Permanent neonatal diabetes mellitus|Hyperinsulinism due to glucokinase deficiency|Maturity-onset diabetes of the young|not provided",germline;unknown,germline,GRCh37,NC_000007.13,7,44190645,44190645,na,na,7p13,"criteria provided, conflicting classifications",4,-,N,ClinGen:CA4239637,2,360299,44190645,G,A,-,-,-,-,-,-,SCV000469424|SCV000469425|SCV000469426|SCV000469427|SCV002605286|SCV003911073|SCV005188507,-,-
303074,single nucleotide variant,NM_000162.5(GCK):c.393C>T (p.Ser131=),2645,GCK,HGNC:4195,Conflicting classifications of pathogenicity,0,"Dec 23, 2022",139139350,-,RCV000271510|RCV000306704|RCV000328974|RCV000363704|RCV002464190|RCV004696026,"|MONDO:MONDO:0007453,MedGen:C0342277,OMIM:125851,Orphanet:552|MONDO:MONDO:0100164,MedGen:C1833104,OMIM:PS606176,Orphanet:99885|MONDO:MONDO:0011236,MedGen:C1865290,OMIM:602485,Orphanet:79299|Human Phenotype Ontology:HP:0004904,MONDO:MONDO:0018911,MedGen:C0342276,OMIM:PS125850,Orphanet:552|MedGen:C3661900","Transient Neonatal Diabetes, Recessive|Maturity-onset diabetes of the young type 2|Permanent neonatal diabetes mellitus|Hyperinsulinism due to glucokinase deficiency|Maturity-onset diabetes of the young|not provided",germline;unknown,germline,GRCh38,NC_000007.14,7,44151046,44151046,na,na,7p13,"criteria provided, conflicting classifications",4,-,N,ClinGen:CA4239637,2,360299,44151046,G,A,-,-,-,-,-,-,SCV000469424|SCV000469425|SCV000469426|SCV000469427|SCV002605286|SCV003911073|SCV005188507,-,-
306341,single nucleotide variant,NM_000162.5(GCK):c.*764C>T,2645,GCK,HGNC:4195,Conflicting classifications of pathogenicity,0,"Jan 13, 2018",185418856,-,RCV000280315|RCV000283845|RCV000343547|RCV000394943|RCV002319485,"MONDO:MONDO:0007453,MedGen:C0342277,OMIM:125851,Orphanet:552||MONDO:MONDO:0011236,MedGen:C1865290,OMIM:602485,Orphanet:79299|MONDO:MONDO:0100164,MedGen:C1833104,OMIM:PS606176,Orphanet:99885|Human Phenotype Ontology:HP:0004904,MONDO:MONDO:0018911,MedGen:C0342276,OMIM:PS125850,Orphanet:552","Maturity-onset diabetes of the young type 2|Transient Neonatal Diabetes, Recessive|Hyperinsulinism due to glucokinase deficiency|Permanent neonatal diabetes mellitus|Maturity-onset diabetes of the young",germline;unknown,germline,GRCh37,NC_000007.13,7,44183971,44183971,na,na,7p13,"criteria provided, conflicting classifications",2,-,N,ClinGen:CA10626138,2,360285,44183971,G,A,-,-,-,-,-,-,SCV000469352|SCV000469353|SCV000469354|SCV000469355|SCV002604965,-,-
306341,single nucleotide variant,NM_000162.5(GCK):c.*764C>T,2645,GCK,HGNC:4195,Conflicting classifications of pathogenicity,0,"Jan 13, 2018",185418856,-,RCV000280315|RCV000283845|RCV000343547|RCV000394943|RCV002319485,"MONDO:MONDO:0007453,MedGen:C0342277,OMIM:125851,Orphanet:552||MONDO:MONDO:0011236,MedGen:C1865290,OMIM:602485,Orphanet:79299|MONDO:MONDO:0100164,MedGen:C1833104,OMIM:PS606176,Orphanet:99885|Human Phenotype Ontology:HP:0004904,MONDO:MONDO:0018911,MedGen:C0342276,OMIM:PS125850,Orphanet:552","Maturity-onset diabetes of the young type 2|Transient Neonatal Diabetes, Recessive|Hyperinsulinism due to glucokinase deficiency|Permanent neonatal diabetes mellitus|Maturity-onset diabetes of the young",germline;unknown,germline,GRCh38,NC_000007.14,7,44144372,44144372,na,na,7p13,"criteria provided, conflicting classifications",2,-,N,ClinGen:CA10626138,2,360285,44144372,G,A,-,-,-,-,-,-,SCV000469352|SCV000469353|SCV000469354|SCV000469355|SCV002604965,-,-
306342,Deletion,NM_000162.5(GCK):c.*759del,2645,GCK,HGNC:4195,Benign,0,"May 12, 2021",55714218,-,RCV001613201,MedGen:C3661900,not provided,germline,germline,GRCh37,NC_000007.13,7,44183976,44183976,na,na,7p13,"criteria provided, single submitter",1,-,N,ClinGen:CA10626139,2,360286,44183975,TG,T,-,-,-,-,-,-,SCV001841447,-,-
306342,Deletion,NM_000162.5(GCK):c.*759del,2645,GCK,HGNC:4195,Benign,0,"May 12, 2021",55714218,-,RCV001613201,MedGen:C3661900,not provided,germline,germline,GRCh38,NC_000007.14,7,44144377,44144377,na,na,7p13,"criteria provided, single submitter",1,-,N,ClinGen:CA10626139,2,360286,44144376,TG,T,-,-,-,-,-,-,SCV001841447,-,-
306345,single nucleotide variant,NM_000162.5(GCK):c.*735C>A,2645,GCK,HGNC:4195,Benign/Likely benign,0,"Jan 12, 2018",556996030,-,RCV000268687|RCV000313319|RCV000363301|RCV000399621|RCV002463444,"|MONDO:MONDO:0100164,MedGen:C1833104,OMIM:PS606176,Orphanet:99885|MONDO:MONDO:0011236,MedGen:C1865290,OMIM:602485,Orphanet:79299|MONDO:MONDO:0007453,MedGen:C0342277,OMIM:125851,Orphanet:552|Human Phenotype Ontology:HP:0004904,MONDO:MONDO:0018911,MedGen:C0342276,OMIM:PS125850,Orphanet:552","Transient Neonatal Diabetes, Recessive|Permanent neonatal diabetes mellitus|Hyperinsulinism due to glucokinase deficiency|Maturity-onset diabetes of the young type 2|Maturity-onset diabetes of the young",germline;unknown,germline,GRCh37,NC_000007.13,7,44184000,44184000,na,na,7p13,"criteria provided, multiple submitters, no conflicts",2,-,N,ClinGen:CA10626142,2,360287,44184000,G,T,-,-,-,-,-,-,SCV000469360|SCV000469361|SCV000469362|SCV000469363|SCV002604980,-,-
306345,single nucleotide variant,NM_000162.5(GCK):c.*735C>A,2645,GCK,HGNC:4195,Benign/Likely benign,0,"Jan 12, 2018",556996030,-,RCV000268687|RCV000313319|RCV000363301|RCV000399621|RCV002463444,"|MONDO:MONDO:0100164,MedGen:C1833104,OMIM:PS606176,Orphanet:99885|MONDO:MONDO:0011236,MedGen:C1865290,OMIM:602485,Orphanet:79299|MONDO:MONDO:0007453,MedGen:C0342277,OMIM:125851,Orphanet:552|Human Phenotype Ontology:HP:0004904,MONDO:MONDO:0018911,MedGen:C0342276,OMIM:PS125850,Orphanet:552","Transient Neonatal Diabetes, Recessive|Permanent neonatal diabetes mellitus|Hyperinsulinism due to glucokinase deficiency|Maturity-onset diabetes of the young type 2|Maturity-onset diabetes of the young",germline;unknown,germline,GRCh38,NC_000007.14,7,44144401,44144401,na,na,7p13,"criteria provided, multiple submitters, no conflicts",2,-,N,ClinGen:CA10626142,2,360287,44144401,G,T,-,-,-,-,-,-,SCV000469360|SCV000469361|SCV000469362|SCV000469363|SCV002604980,-,-
306346,single nucleotide variant,NM_000162.5(GCK):c.*356G>A,2645,GCK,HGNC:4195,Benign/Likely benign,0,"Jan 13, 2018",146107173,-,RCV000262887|RCV000329863|RCV000373979|RCV000386654|RCV002463674,"MONDO:MONDO:0100164,MedGen:C1833104,OMIM:PS606176,Orphanet:99885||MONDO:MONDO:0011236,MedGen:C1865290,OMIM:602485,Orphanet:79299|MONDO:MONDO:0007453,MedGen:C0342277,OMIM:125851,Orphanet:552|Human Phenotype Ontology:HP:0004904,MONDO:MONDO:0018911,MedGen:C0342276,OMIM:PS125850,Orphanet:552","Permanent neonatal diabetes mellitus|Transient Neonatal Diabetes, Recessive|Hyperinsulinism due to glucokinase deficiency|Maturity-onset diabetes of the young type 2|Maturity-onset diabetes of the young",germline;unknown,germline,GRCh37,NC_000007.13,7,44184379,44184379,na,na,7p13,"criteria provided, multiple submitters, no conflicts",2,-,N,ClinGen:CA10626143,2,360294,44184379,C,T,-,-,-,-,-,-,SCV000469388|SCV000469389|SCV000469390|SCV000469391|SCV002605010,-,-
306346,single nucleotide variant,NM_000162.5(GCK):c.*356G>A,2645,GCK,HGNC:4195,Benign/Likely benign,0,"Jan 13, 2018",146107173,-,RCV000262887|RCV000329863|RCV000373979|RCV000386654|RCV002463674,"MONDO:MONDO:0100164,MedGen:C1833104,OMIM:PS606176,Orphanet:99885||MONDO:MONDO:0011236,MedGen:C1865290,OMIM:602485,Orphanet:79299|MONDO:MONDO:0007453,MedGen:C0342277,OMIM:125851,Orphanet:552|Human Phenotype Ontology:HP:0004904,MONDO:MONDO:0018911,MedGen:C0342276,OMIM:PS125850,Orphanet:552","Permanent neonatal diabetes mellitus|Transient Neonatal Diabetes, Recessive|Hyperinsulinism due to glucokinase deficiency|Maturity-onset diabetes of the young type 2|Maturity-onset diabetes of the young",germline;unknown,germline,GRCh38,NC_000007.14,7,44144780,44144780,na,na,7p13,"criteria provided, multiple submitters, no conflicts",2,-,N,ClinGen:CA10626143,2,360294,44144780,C,T,-,-,-,-,-,-,SCV000469388|SCV000469389|SCV000469390|SCV000469391|SCV002605010,-,-
306347,single nucleotide variant,NM_000162.5(GCK):c.363+10G>A,2645,GCK,HGNC:4195,Conflicting classifications of pathogenicity,0,"Dec 23, 2025",758495950,-,RCV000278110|RCV000281644|RCV000316891|RCV000373736|RCV000517228|RCV000903602|RCV002464014,"MONDO:MONDO:0011236,MedGen:C1865290,OMIM:602485,Orphanet:79299|MONDO:MONDO:0007453,MedGen:C0342277,OMIM:125851,Orphanet:552||MONDO:MONDO:0100164,MedGen:C1833104,OMIM:PS606176,Orphanet:99885|MedGen:CN169374|MedGen:C3661900|Human Phenotype Ontology:HP:0004904,MONDO:MONDO:0018911,MedGen:C0342276,OMIM:PS125850,Orphanet:552","Hyperinsulinism due to glucokinase deficiency|Maturity-onset diabetes of the young type 2|Transient Neonatal Diabetes, Recessive|Permanent neonatal diabetes mellitus|not specified|not provided|Maturity-onset diabetes of the young",germline;unknown,germline,GRCh37,NC_000007.13,7,44191860,44191860,na,na,7p13,"criteria provided, conflicting classifications",5,-,N,ClinGen:CA4239664,2,360301,44191860,C,T,-,-,-,-,-,-,SCV000469432|SCV000469433|SCV000469434|SCV000469435|SCV000613422|SCV001048077|SCV002605301|SCV005394655,-,-
306347,single nucleotide variant,NM_000162.5(GCK):c.363+10G>A,2645,GCK,HGNC:4195,Conflicting classifications of pathogenicity,0,"Dec 23, 2025",758495950,-,RCV000278110|RCV000281644|RCV000316891|RCV000373736|RCV000517228|RCV000903602|RCV002464014,"MONDO:MONDO:0011236,MedGen:C1865290,OMIM:602485,Orphanet:79299|MONDO:MONDO:0007453,MedGen:C0342277,OMIM:125851,Orphanet:552||MONDO:MONDO:0100164,MedGen:C1833104,OMIM:PS606176,Orphanet:99885|MedGen:CN169374|MedGen:C3661900|Human Phenotype Ontology:HP:0004904,MONDO:MONDO:0018911,MedGen:C0342276,OMIM:PS125850,Orphanet:552","Hyperinsulinism due to glucokinase deficiency|Maturity-onset diabetes of the young type 2|Transient Neonatal Diabetes, Recessive|Permanent neonatal diabetes mellitus|not specified|not provided|Maturity-onset diabetes of the young",germline;unknown,germline,GRCh38,NC_000007.14,7,44152261,44152261,na,na,7p13,"criteria provided, conflicting classifications",5,-,N,ClinGen:CA4239664,2,360301,44152261,C,T,-,-,-,-,-,-,SCV000469432|SCV000469433|SCV000469434|SCV000469435|SCV000613422|SCV001048077|SCV002605301|SCV005394655,-,-
306348,single nucleotide variant,NM_000162.5(GCK):c.198A>G (p.Pro66=),2645,GCK,HGNC:4195,Benign/Likely benign,0,"Jul 31, 2019",377410513,-,RCV000274473,"Human Phenotype Ontology:HP:0004904,MONDO:MONDO:0018911,MedGen:C0342276,OMIM:PS125850,Orphanet:552",Maturity-onset diabetes of the young,germline;unknown,germline,GRCh37,NC_000007.13,7,44192910,44192910,na,na,7p13,"criteria provided, multiple submitters, no conflicts",2,-,N,ClinGen:CA10626144,2,360302,44192910,T,C,-,-,-,-,-,-,SCV002605379|SCV002717564,-,-
306348,single nucleotide variant,NM_000162.5(GCK):c.198A>G (p.Pro66=),2645,GCK,HGNC:4195,Benign/Likely benign,0,"Jul 31, 2019",377410513,-,RCV000274473,"Human Phenotype Ontology:HP:0004904,MONDO:MONDO:0018911,MedGen:C0342276,OMIM:PS125850,Orphanet:552",Maturity-onset diabetes of the young,germline;unknown,germline,GRCh38,NC_000007.14,7,44153311,44153311,na,na,7p13,"criteria provided, multiple submitters, no conflicts",2,-,N,ClinGen:CA10626144,2,360302,44153311,T,C,-,-,-,-,-,-,SCV002605379|SCV002717564,-,-
311169,single nucleotide variant,NM_000162.5(GCK):c.*847G>A,2645,GCK,HGNC:4195,Benign/Likely benign,0,"Jan 13, 2018",76374134,-,RCV000274710|RCV000300632|RCV000355358|RCV000392969|RCV002319483,"|MONDO:MONDO:0011236,MedGen:C1865290,OMIM:602485,Orphanet:79299|MONDO:MONDO:0100164,MedGen:C1833104,OMIM:PS606176,Orphanet:99885|MONDO:MONDO:0007453,MedGen:C0342277,OMIM:125851,Orphanet:552|Human Phenotype Ontology:HP:0004904,MONDO:MONDO:0018911,MedGen:C0342276,OMIM:PS125850,Orphanet:552","Transient Neonatal Diabetes, Recessive|Hyperinsulinism due to glucokinase deficiency|Permanent neonatal diabetes mellitus|Maturity-onset diabetes of the young type 2|Maturity-onset diabetes of the young",germline;unknown,germline,GRCh37,NC_000007.13,7,44183888,44183888,na,na,7p13,"criteria provided, multiple submitters, no conflicts",2,-,N,ClinGen:CA10629131,2,360282,44183888,C,T,-,-,-,-,-,-,SCV000469340|SCV000469341|SCV000469342|SCV000469343|SCV002604929,-,-
311169,single nucleotide variant,NM_000162.5(GCK):c.*847G>A,2645,GCK,HGNC:4195,Benign/Likely benign,0,"Jan 13, 2018",76374134,-,RCV000274710|RCV000300632|RCV000355358|RCV000392969|RCV002319483,"|MONDO:MONDO:0011236,MedGen:C1865290,OMIM:602485,Orphanet:79299|MONDO:MONDO:0100164,MedGen:C1833104,OMIM:PS606176,Orphanet:99885|MONDO:MONDO:0007453,MedGen:C0342277,OMIM:125851,Orphanet:552|Human Phenotype Ontology:HP:0004904,MONDO:MONDO:0018911,MedGen:C0342276,OMIM:PS125850,Orphanet:552","Transient Neonatal Diabetes, Recessive|Hyperinsulinism due to glucokinase deficiency|Permanent neonatal diabetes mellitus|Maturity-onset diabetes of the young type 2|Maturity-onset diabetes of the young",germline;unknown,germline,GRCh38,NC_000007.14,7,44144289,44144289,na,na,7p13,"criteria provided, multiple submitters, no conflicts",2,-,N,ClinGen:CA10629131,2,360282,44144289,C,T,-,-,-,-,-,-,SCV000469340|SCV000469341|SCV000469342|SCV000469343|SCV002604929,-,-
311170,single nucleotide variant,NM_000162.5(GCK):c.*844A>C,2645,GCK,HGNC:4195,Conflicting classifications of pathogenicity,0,"Jan 12, 2018",886062344,-,RCV000276649|RCV000327045|RCV000330528|RCV000371132|RCV002319484,"MONDO:MONDO:0011236,MedGen:C1865290,OMIM:602485,Orphanet:79299|MONDO:MONDO:0100164,MedGen:C1833104,OMIM:PS606176,Orphanet:99885|MONDO:MONDO:0007453,MedGen:C0342277,OMIM:125851,Orphanet:552||Human Phenotype Ontology:HP:0004904,MONDO:MONDO:0018911,MedGen:C0342276,OMIM:PS125850,Orphanet:552","Hyperinsulinism due to glucokinase deficiency|Permanent neonatal diabetes mellitus|Maturity-onset diabetes of the young type 2|Transient Neonatal Diabetes, Recessive|Maturity-onset diabetes of the young",germline;unknown,germline,GRCh37,NC_000007.13,7,44183891,44183891,na,na,7p13,"criteria provided, conflicting classifications",2,-,N,ClinGen:CA10629132,2,360283,44183891,T,G,-,-,-,-,-,-,SCV000469344|SCV000469345|SCV000469346|SCV000469347|SCV002604938,-,-
311170,single nucleotide variant,NM_000162.5(GCK):c.*844A>C,2645,GCK,HGNC:4195,Conflicting classifications of pathogenicity,0,"Jan 12, 2018",886062344,-,RCV000276649|RCV000327045|RCV000330528|RCV000371132|RCV002319484,"MONDO:MONDO:0011236,MedGen:C1865290,OMIM:602485,Orphanet:79299|MONDO:MONDO:0100164,MedGen:C1833104,OMIM:PS606176,Orphanet:99885|MONDO:MONDO:0007453,MedGen:C0342277,OMIM:125851,Orphanet:552||Human Phenotype Ontology:HP:0004904,MONDO:MONDO:0018911,MedGen:C0342276,OMIM:PS125850,Orphanet:552","Hyperinsulinism due to glucokinase deficiency|Permanent neonatal diabetes mellitus|Maturity-onset diabetes of the young type 2|Transient Neonatal Diabetes, Recessive|Maturity-onset diabetes of the young",germline;unknown,germline,GRCh38,NC_000007.14,7,44144292,44144292,na,na,7p13,"criteria provided, conflicting classifications",2,-,N,ClinGen:CA10629132,2,360283,44144292,T,G,-,-,-,-,-,-,SCV000469344|SCV000469345|SCV000469346|SCV000469347|SCV002604938,-,-
311172,single nucleotide variant,NM_000162.5(GCK):c.*797C>T,2645,GCK,HGNC:4195,Benign,0,"May 21, 2021",2908276,-,RCV000291640|RCV000327896|RCV000377801|RCV000381697|RCV001643089|RCV002328876,"MONDO:MONDO:0011236,MedGen:C1865290,OMIM:602485,Orphanet:79299|MONDO:MONDO:0007453,MedGen:C0342277,OMIM:125851,Orphanet:552|MONDO:MONDO:0100164,MedGen:C1833104,OMIM:PS606176,Orphanet:99885||MedGen:C3661900|Human Phenotype Ontology:HP:0004904,MONDO:MONDO:0018911,MedGen:C0342276,OMIM:PS125850,Orphanet:552","Hyperinsulinism due to glucokinase deficiency|Maturity-onset diabetes of the young type 2|Permanent neonatal diabetes mellitus|Transient Neonatal Diabetes, Recessive|not provided|Maturity-onset diabetes of the young",germline;unknown,germline,GRCh37,NC_000007.13,7,44183938,44183938,na,na,7p13,"criteria provided, multiple submitters, no conflicts",3,-,N,ClinGen:CA10629134,2,360284,44183938,G,A,-,-,-,-,-,-,SCV000469348|SCV000469349|SCV000469350|SCV000469351|SCV001858704|SCV002601609,-,-
311172,single nucleotide variant,NM_000162.5(GCK):c.*797C>T,2645,GCK,HGNC:4195,Benign,0,"May 21, 2021",2908276,-,RCV000291640|RCV000327896|RCV000377801|RCV000381697|RCV001643089|RCV002328876,"MONDO:MONDO:0011236,MedGen:C1865290,OMIM:602485,Orphanet:79299|MONDO:MONDO:0007453,MedGen:C0342277,OMIM:125851,Orphanet:552|MONDO:MONDO:0100164,MedGen:C1833104,OMIM:PS606176,Orphanet:99885||MedGen:C3661900|Human Phenotype Ontology:HP:0004904,MONDO:MONDO:0018911,MedGen:C0342276,OMIM:PS125850,Orphanet:552","Hyperinsulinism due to glucokinase deficiency|Maturity-onset diabetes of the young type 2|Permanent neonatal diabetes mellitus|Transient Neonatal Diabetes, Recessive|not provided|Maturity-onset diabetes of the young",germline;unknown,germline,GRCh38,NC_000007.14,7,44144339,44144339,na,na,7p13,"criteria provided, multiple submitters, no conflicts",3,-,N,ClinGen:CA10629134,2,360284,44144339,G,A,-,-,-,-,-,-,SCV000469348|SCV000469349|SCV000469350|SCV000469351|SCV001858704|SCV002601609,-,-
311173,single nucleotide variant,NM_000162.5(GCK):c.*510C>T,2645,GCK,HGNC:4195,Benign/Likely benign,0,"Jan 13, 2018",141645300,-,RCV000265579|RCV000310072|RCV000357879|RCV000401879|RCV002463673,"MONDO:MONDO:0100164,MedGen:C1833104,OMIM:PS606176,Orphanet:99885|MONDO:MONDO:0007453,MedGen:C0342277,OMIM:125851,Orphanet:552||MONDO:MONDO:0011236,MedGen:C1865290,OMIM:602485,Orphanet:79299|Human Phenotype Ontology:HP:0004904,MONDO:MONDO:0018911,MedGen:C0342276,OMIM:PS125850,Orphanet:552","Permanent neonatal diabetes mellitus|Maturity-onset diabetes of the young type 2|Transient Neonatal Diabetes, Recessive|Hyperinsulinism due to glucokinase deficiency|Maturity-onset diabetes of the young",germline;unknown,germline,GRCh37,NC_000007.13,7,44184225,44184225,na,na,7p13,"criteria provided, multiple submitters, no conflicts",2,-,N,ClinGen:CA10629135,2,360292,44184225,G,A,-,-,-,-,-,-,SCV000469380|SCV000469381|SCV000469382|SCV000469383|SCV002605013,-,-
311173,single nucleotide variant,NM_000162.5(GCK):c.*510C>T,2645,GCK,HGNC:4195,Benign/Likely benign,0,"Jan 13, 2018",141645300,-,RCV000265579|RCV000310072|RCV000357879|RCV000401879|RCV002463673,"MONDO:MONDO:0100164,MedGen:C1833104,OMIM:PS606176,Orphanet:99885|MONDO:MONDO:0007453,MedGen:C0342277,OMIM:125851,Orphanet:552||MONDO:MONDO:0011236,MedGen:C1865290,OMIM:602485,Orphanet:79299|Human Phenotype Ontology:HP:0004904,MONDO:MONDO:0018911,MedGen:C0342276,OMIM:PS125850,Orphanet:552","Permanent neonatal diabetes mellitus|Maturity-onset diabetes of the young type 2|Transient Neonatal Diabetes, Recessive|Hyperinsulinism due to glucokinase deficiency|Maturity-onset diabetes of the young",germline;unknown,germline,GRCh38,NC_000007.14,7,44144626,44144626,na,na,7p13,"criteria provided, multiple submitters, no conflicts",2,-,N,ClinGen:CA10629135,2,360292,44144626,G,A,-,-,-,-,-,-,SCV000469380|SCV000469381|SCV000469382|SCV000469383|SCV002605013,-,-
311302,single nucleotide variant,NM_000162.5(GCK):c.*723A>G,2645,GCK,HGNC:4195,Conflicting classifications of pathogenicity,0,"Jan 13, 2018",886062345,-,RCV000265397|RCV000320470|RCV000328632|RCV000364682|RCV002319486,"MONDO:MONDO:0011236,MedGen:C1865290,OMIM:602485,Orphanet:79299|MONDO:MONDO:0100164,MedGen:C1833104,OMIM:PS606176,Orphanet:99885||MONDO:MONDO:0007453,MedGen:C0342277,OMIM:125851,Orphanet:552|Human Phenotype Ontology:HP:0004904,MONDO:MONDO:0018911,MedGen:C0342276,OMIM:PS125850,Orphanet:552","Hyperinsulinism due to glucokinase deficiency|Permanent neonatal diabetes mellitus|Transient Neonatal Diabetes, Recessive|Maturity-onset diabetes of the young type 2|Maturity-onset diabetes of the young",germline;unknown,germline,GRCh37,NC_000007.13,7,44184012,44184012,na,na,7p13,"criteria provided, conflicting classifications",2,-,N,ClinGen:CA10629221,2,360288,44184012,T,C,-,-,-,-,-,-,SCV000469364|SCV000469365|SCV000469366|SCV000469367|SCV002604979,-,-
311302,single nucleotide variant,NM_000162.5(GCK):c.*723A>G,2645,GCK,HGNC:4195,Conflicting classifications of pathogenicity,0,"Jan 13, 2018",886062345,-,RCV000265397|RCV000320470|RCV000328632|RCV000364682|RCV002319486,"MONDO:MONDO:0011236,MedGen:C1865290,OMIM:602485,Orphanet:79299|MONDO:MONDO:0100164,MedGen:C1833104,OMIM:PS606176,Orphanet:99885||MONDO:MONDO:0007453,MedGen:C0342277,OMIM:125851,Orphanet:552|Human Phenotype Ontology:HP:0004904,MONDO:MONDO:0018911,MedGen:C0342276,OMIM:PS125850,Orphanet:552","Hyperinsulinism due to glucokinase deficiency|Permanent neonatal diabetes mellitus|Transient Neonatal Diabetes, Recessive|Maturity-onset diabetes of the young type 2|Maturity-onset diabetes of the young",germline;unknown,germline,GRCh38,NC_000007.14,7,44144413,44144413,na,na,7p13,"criteria provided, conflicting classifications",2,-,N,ClinGen:CA10629221,2,360288,44144413,T,C,-,-,-,-,-,-,SCV000469364|SCV000469365|SCV000469366|SCV000469367|SCV002604979,-,-
311303,single nucleotide variant,NM_000162.5(GCK):c.*721C>T,2645,GCK,HGNC:4195,Conflicting classifications of pathogenicity,0,"Jan 13, 2018",886062346,-,RCV000266626|RCV000317160|RCV000371812|RCV000379822|RCV002319487,"|MONDO:MONDO:0007453,MedGen:C0342277,OMIM:125851,Orphanet:552|MONDO:MONDO:0100164,MedGen:C1833104,OMIM:PS606176,Orphanet:99885|MONDO:MONDO:0011236,MedGen:C1865290,OMIM:602485,Orphanet:79299|Human Phenotype Ontology:HP:0004904,MONDO:MONDO:0018911,MedGen:C0342276,OMIM:PS125850,Orphanet:552","Transient Neonatal Diabetes, Recessive|Maturity-onset diabetes of the young type 2|Permanent neonatal diabetes mellitus|Hyperinsulinism due to glucokinase deficiency|Maturity-onset diabetes of the young",germline;unknown,germline,GRCh37,NC_000007.13,7,44184014,44184014,na,na,7p13,"criteria provided, conflicting classifications",2,-,N,ClinGen:CA10629222,2,360289,44184014,G,A,-,-,-,-,-,-,SCV000469368|SCV000469369|SCV000469370|SCV000469371|SCV002604977,-,-
311303,single nucleotide variant,NM_000162.5(GCK):c.*721C>T,2645,GCK,HGNC:4195,Conflicting classifications of pathogenicity,0,"Jan 13, 2018",886062346,-,RCV000266626|RCV000317160|RCV000371812|RCV000379822|RCV002319487,"|MONDO:MONDO:0007453,MedGen:C0342277,OMIM:125851,Orphanet:552|MONDO:MONDO:0100164,MedGen:C1833104,OMIM:PS606176,Orphanet:99885|MONDO:MONDO:0011236,MedGen:C1865290,OMIM:602485,Orphanet:79299|Human Phenotype Ontology:HP:0004904,MONDO:MONDO:0018911,MedGen:C0342276,OMIM:PS125850,Orphanet:552","Transient Neonatal Diabetes, Recessive|Maturity-onset diabetes of the young type 2|Permanent neonatal diabetes mellitus|Hyperinsulinism due to glucokinase deficiency|Maturity-onset diabetes of the young",germline;unknown,germline,GRCh38,NC_000007.14,7,44144415,44144415,na,na,7p13,"criteria provided, conflicting classifications",2,-,N,ClinGen:CA10629222,2,360289,44144415,G,A,-,-,-,-,-,-,SCV000469368|SCV000469369|SCV000469370|SCV000469371|SCV002604977,-,-
311306,single nucleotide variant,NM_000162.5(GCK):c.*678G>T,2645,GCK,HGNC:4195,Conflicting classifications of pathogenicity,0,"Jan 13, 2018",555058443,-,RCV000281095|RCV000293959|RCV000338438|RCV000385917|RCV002319488,"MONDO:MONDO:0007453,MedGen:C0342277,OMIM:125851,Orphanet:552||MONDO:MONDO:0011236,MedGen:C1865290,OMIM:602485,Orphanet:79299|MONDO:MONDO:0100164,MedGen:C1833104,OMIM:PS606176,Orphanet:99885|Human Phenotype Ontology:HP:0004904,MONDO:MONDO:0018911,MedGen:C0342276,OMIM:PS125850,Orphanet:552","Maturity-onset diabetes of the young type 2|Transient Neonatal Diabetes, Recessive|Hyperinsulinism due to glucokinase deficiency|Permanent neonatal diabetes mellitus|Maturity-onset diabetes of the young",germline;unknown,germline,GRCh37,NC_000007.13,7,44184057,44184057,na,na,7p13,"criteria provided, conflicting classifications",2,-,N,ClinGen:CA10629225,2,360290,44184057,C,A,-,-,-,-,-,-,SCV000469372|SCV000469373|SCV000469374|SCV000469375|SCV002604978,-,-
311306,single nucleotide variant,NM_000162.5(GCK):c.*678G>T,2645,GCK,HGNC:4195,Conflicting classifications of pathogenicity,0,"Jan 13, 2018",555058443,-,RCV000281095|RCV000293959|RCV000338438|RCV000385917|RCV002319488,"MONDO:MONDO:0007453,MedGen:C0342277,OMIM:125851,Orphanet:552||MONDO:MONDO:0011236,MedGen:C1865290,OMIM:602485,Orphanet:79299|MONDO:MONDO:0100164,MedGen:C1833104,OMIM:PS606176,Orphanet:99885|Human Phenotype Ontology:HP:0004904,MONDO:MONDO:0018911,MedGen:C0342276,OMIM:PS125850,Orphanet:552","Maturity-onset diabetes of the young type 2|Transient Neonatal Diabetes, Recessive|Hyperinsulinism due to glucokinase deficiency|Permanent neonatal diabetes mellitus|Maturity-onset diabetes of the young",germline;unknown,germline,GRCh38,NC_000007.14,7,44144458,44144458,na,na,7p13,"criteria provided, conflicting classifications",2,-,N,ClinGen:CA10629225,2,360290,44144458,C,A,-,-,-,-,-,-,SCV000469372|SCV000469373|SCV000469374|SCV000469375|SCV002604978,-,-
311310,single nucleotide variant,NM_000162.5(GCK):c.*270C>T,2645,GCK,HGNC:4195,Conflicting classifications of pathogenicity,0,"Jan 13, 2018",886062348,-,RCV000262713|RCV000297867|RCV000355166|RCV000399430|RCV002463676,"MONDO:MONDO:0011236,MedGen:C1865290,OMIM:602485,Orphanet:79299|MONDO:MONDO:0007453,MedGen:C0342277,OMIM:125851,Orphanet:552||MONDO:MONDO:0100164,MedGen:C1833104,OMIM:PS606176,Orphanet:99885|Human Phenotype Ontology:HP:0004904,MONDO:MONDO:0018911,MedGen:C0342276,OMIM:PS125850,Orphanet:552","Hyperinsulinism due to glucokinase deficiency|Maturity-onset diabetes of the young type 2|Transient Neonatal Diabetes, Recessive|Permanent neonatal diabetes mellitus|Maturity-onset diabetes of the young",germline;unknown,germline,GRCh37,NC_000007.13,7,44184465,44184465,na,na,7p13,"criteria provided, conflicting classifications",2,-,N,ClinGen:CA10629229,2,360297,44184465,G,A,-,-,-,-,-,-,SCV000469400|SCV000469401|SCV000469402|SCV000469403|SCV002605037,-,-
311310,single nucleotide variant,NM_000162.5(GCK):c.*270C>T,2645,GCK,HGNC:4195,Conflicting classifications of pathogenicity,0,"Jan 13, 2018",886062348,-,RCV000262713|RCV000297867|RCV000355166|RCV000399430|RCV002463676,"MONDO:MONDO:0011236,MedGen:C1865290,OMIM:602485,Orphanet:79299|MONDO:MONDO:0007453,MedGen:C0342277,OMIM:125851,Orphanet:552||MONDO:MONDO:0100164,MedGen:C1833104,OMIM:PS606176,Orphanet:99885|Human Phenotype Ontology:HP:0004904,MONDO:MONDO:0018911,MedGen:C0342276,OMIM:PS125850,Orphanet:552","Hyperinsulinism due to glucokinase deficiency|Maturity-onset diabetes of the young type 2|Transient Neonatal Diabetes, Recessive|Permanent neonatal diabetes mellitus|Maturity-onset diabetes of the young",germline;unknown,germline,GRCh38,NC_000007.14,7,44144866,44144866,na,na,7p13,"criteria provided, conflicting classifications",2,-,N,ClinGen:CA10629229,2,360297,44144866,G,A,-,-,-,-,-,-,SCV000469400|SCV000469401|SCV000469402|SCV000469403|SCV002605037,-,-
311312,single nucleotide variant,NM_000162.5(GCK):c.363+10G>C,2645,GCK,HGNC:4195,Uncertain significance,0,"Jan 13, 2018",758495950,-,RCV000265645|RCV000323044|RCV000357810|RCV000379948,"MONDO:MONDO:0100164,MedGen:C1833104,OMIM:PS606176,Orphanet:99885|MONDO:MONDO:0011236,MedGen:C1865290,OMIM:602485,Orphanet:79299|MONDO:MONDO:0007453,MedGen:C0342277,OMIM:125851,Orphanet:552|","Permanent neonatal diabetes mellitus|Hyperinsulinism due to glucokinase deficiency|Maturity-onset diabetes of the young type 2|Transient Neonatal Diabetes, Recessive",germline,germline,GRCh37,NC_000007.13,7,44191860,44191860,na,na,7p13,"criteria provided, single submitter",1,-,N,ClinGen:CA10629231,2,360300,44191860,C,G,-,-,-,-,-,-,SCV000469428|SCV000469429|SCV000469430|SCV000469431,-,-
311312,single nucleotide variant,NM_000162.5(GCK):c.363+10G>C,2645,GCK,HGNC:4195,Uncertain significance,0,"Jan 13, 2018",758495950,-,RCV000265645|RCV000323044|RCV000357810|RCV000379948,"MONDO:MONDO:0100164,MedGen:C1833104,OMIM:PS606176,Orphanet:99885|MONDO:MONDO:0011236,MedGen:C1865290,OMIM:602485,Orphanet:79299|MONDO:MONDO:0007453,MedGen:C0342277,OMIM:125851,Orphanet:552|","Permanent neonatal diabetes mellitus|Hyperinsulinism due to glucokinase deficiency|Maturity-onset diabetes of the young type 2|Transient Neonatal Diabetes, Recessive",germline,germline,GRCh38,NC_000007.14,7,44152261,44152261,na,na,7p13,"criteria provided, single submitter",1,-,N,ClinGen:CA10629231,2,360300,44152261,C,G,-,-,-,-,-,-,SCV000469428|SCV000469429|SCV000469430|SCV000469431,-,-
313371,single nucleotide variant,NM_000525.4(KCNJ11):c.*862G>T,3767,KCNJ11,HGNC:6257,Conflicting classifications of pathogenicity,0,"Jan 13, 2018",547635594,-,RCV000279972|RCV000319941|RCV000374547|RCV002227126,"MONDO:MONDO:0014589,MedGen:C4225365,OMIM:616329,Orphanet:552|MONDO:MONDO:0011153,MedGen:C2931833,OMIM:601820,Orphanet:276580,Orphanet:276603|MONDO:MONDO:0012522,MedGen:C1864623,OMIM:610582,Orphanet:99886|Human Phenotype Ontology:HP:0004904,MONDO:MONDO:0018911,MedGen:C0342276,OMIM:PS125850,Orphanet:552","Maturity-onset diabetes of the young type 13|Hyperinsulinemic hypoglycemia, familial, 2|Diabetes mellitus, transient neonatal, 3|Maturity-onset diabetes of the young",germline;somatic,germline/somatic,GRCh37,NC_000011.9,11,17407604,17407604,na,na,11p15.1,"criteria provided, conflicting classifications",2,-,N,ClinGen:CA10630453,2,303712,17407604,C,A,-,-,-,-,-,-,SCV000369083|SCV000369084|SCV000369085|SCV002506455,-,-
313371,single nucleotide variant,NM_000525.4(KCNJ11):c.*862G>T,3767,KCNJ11,HGNC:6257,Conflicting classifications of pathogenicity,0,"Jan 13, 2018",547635594,-,RCV000279972|RCV000319941|RCV000374547|RCV002227126,"MONDO:MONDO:0014589,MedGen:C4225365,OMIM:616329,Orphanet:552|MONDO:MONDO:0011153,MedGen:C2931833,OMIM:601820,Orphanet:276580,Orphanet:276603|MONDO:MONDO:0012522,MedGen:C1864623,OMIM:610582,Orphanet:99886|Human Phenotype Ontology:HP:0004904,MONDO:MONDO:0018911,MedGen:C0342276,OMIM:PS125850,Orphanet:552","Maturity-onset diabetes of the young type 13|Hyperinsulinemic hypoglycemia, familial, 2|Diabetes mellitus, transient neonatal, 3|Maturity-onset diabetes of the young",germline;somatic,germline/somatic,GRCh38,NC_000011.10,11,17386057,17386057,na,na,11p15.1,"criteria provided, conflicting classifications",2,-,N,ClinGen:CA10630453,2,303712,17386057,C,A,-,-,-,-,-,-,SCV000369083|SCV000369084|SCV000369085|SCV002506455,-,-
313372,single nucleotide variant,NM_000525.4(KCNJ11):c.*678C>T,3767,KCNJ11,HGNC:6257,Uncertain significance,0,"Jan 13, 2018",886048036,-,RCV000259628|RCV000323280|RCV000372960|RCV002227131,"MONDO:MONDO:0011153,MedGen:C2931833,OMIM:601820,Orphanet:276580,Orphanet:276603|MONDO:MONDO:0014589,MedGen:C4225365,OMIM:616329,Orphanet:552|MONDO:MONDO:0012522,MedGen:C1864623,OMIM:610582,Orphanet:99886|Human Phenotype Ontology:HP:0004904,MONDO:MONDO:0018911,MedGen:C0342276,OMIM:PS125850,Orphanet:552","Hyperinsulinemic hypoglycemia, familial, 2|Maturity-onset diabetes of the young type 13|Diabetes mellitus, transient neonatal, 3|Maturity-onset diabetes of the young",germline;somatic,germline/somatic,GRCh37,NC_000011.9,11,17407788,17407788,na,na,11p15.1,"criteria provided, multiple submitters, no conflicts",2,-,N,ClinGen:CA10630454,2,303718,17407788,G,A,-,-,-,-,-,-,SCV000369101|SCV000369102|SCV000369103|SCV002506449,-,-
313372,single nucleotide variant,NM_000525.4(KCNJ11):c.*678C>T,3767,KCNJ11,HGNC:6257,Uncertain significance,0,"Jan 13, 2018",886048036,-,RCV000259628|RCV000323280|RCV000372960|RCV002227131,"MONDO:MONDO:0011153,MedGen:C2931833,OMIM:601820,Orphanet:276580,Orphanet:276603|MONDO:MONDO:0014589,MedGen:C4225365,OMIM:616329,Orphanet:552|MONDO:MONDO:0012522,MedGen:C1864623,OMIM:610582,Orphanet:99886|Human Phenotype Ontology:HP:0004904,MONDO:MONDO:0018911,MedGen:C0342276,OMIM:PS125850,Orphanet:552","Hyperinsulinemic hypoglycemia, familial, 2|Maturity-onset diabetes of the young type 13|Diabetes mellitus, transient neonatal, 3|Maturity-onset diabetes of the young",germline;somatic,germline/somatic,GRCh38,NC_000011.10,11,17386241,17386241,na,na,11p15.1,"criteria provided, multiple submitters, no conflicts",2,-,N,ClinGen:CA10630454,2,303718,17386241,G,A,-,-,-,-,-,-,SCV000369101|SCV000369102|SCV000369103|SCV002506449,-,-
313374,single nucleotide variant,NM_000525.4(KCNJ11):c.*546G>A,3767,KCNJ11,HGNC:6257,Uncertain significance,0,"Jan 13, 2018",886048037,-,RCV000283368|RCV000347682|RCV000377979|RCV002273821,"MONDO:MONDO:0014589,MedGen:C4225365,OMIM:616329,Orphanet:552|MONDO:MONDO:0012522,MedGen:C1864623,OMIM:610582,Orphanet:99886|MONDO:MONDO:0011153,MedGen:C2931833,OMIM:601820,Orphanet:276580,Orphanet:276603|Human Phenotype Ontology:HP:0004904,MONDO:MONDO:0018911,MedGen:C0342276,OMIM:PS125850,Orphanet:552","Maturity-onset diabetes of the young type 13|Diabetes mellitus, transient neonatal, 3|Hyperinsulinemic hypoglycemia, familial, 2|Maturity-onset diabetes of the young",germline;unknown,germline,GRCh37,NC_000011.9,11,17407920,17407920,na,na,11p15.1,"criteria provided, multiple submitters, no conflicts",2,-,N,ClinGen:CA10630455,2,303719,17407920,C,T,-,-,-,-,-,-,SCV000369104|SCV000369105|SCV000369106|SCV002506448,-,-
313374,single nucleotide variant,NM_000525.4(KCNJ11):c.*546G>A,3767,KCNJ11,HGNC:6257,Uncertain significance,0,"Jan 13, 2018",886048037,-,RCV000283368|RCV000347682|RCV000377979|RCV002273821,"MONDO:MONDO:0014589,MedGen:C4225365,OMIM:616329,Orphanet:552|MONDO:MONDO:0012522,MedGen:C1864623,OMIM:610582,Orphanet:99886|MONDO:MONDO:0011153,MedGen:C2931833,OMIM:601820,Orphanet:276580,Orphanet:276603|Human Phenotype Ontology:HP:0004904,MONDO:MONDO:0018911,MedGen:C0342276,OMIM:PS125850,Orphanet:552","Maturity-onset diabetes of the young type 13|Diabetes mellitus, transient neonatal, 3|Hyperinsulinemic hypoglycemia, familial, 2|Maturity-onset diabetes of the young",germline;unknown,germline,GRCh38,NC_000011.10,11,17386373,17386373,na,na,11p15.1,"criteria provided, multiple submitters, no conflicts",2,-,N,ClinGen:CA10630455,2,303719,17386373,C,T,-,-,-,-,-,-,SCV000369104|SCV000369105|SCV000369106|SCV002506448,-,-
313375,single nucleotide variant,NM_000525.4(KCNJ11):c.*76G>A,3767,KCNJ11,HGNC:6257,Conflicting classifications of pathogenicity,0,"Nov 16, 2018",193076739,-,RCV000269972|RCV000310119|RCV000364822|RCV001582937|RCV002227140,"MONDO:MONDO:0011153,MedGen:C2931833,OMIM:601820,Orphanet:276580,Orphanet:276603|MONDO:MONDO:0014589,MedGen:C4225365,OMIM:616329,Orphanet:552|MONDO:MONDO:0012522,MedGen:C1864623,OMIM:610582,Orphanet:99886|MedGen:C3661900|Human Phenotype Ontology:HP:0004904,MONDO:MONDO:0018911,MedGen:C0342276,OMIM:PS125850,Orphanet:552","Hyperinsulinemic hypoglycemia, familial, 2|Maturity-onset diabetes of the young type 13|Diabetes mellitus, transient neonatal, 3|not provided|Maturity-onset diabetes of the young",germline;somatic,germline/somatic,GRCh37,NC_000011.9,11,17408390,17408390,na,na,11p15.1,"criteria provided, conflicting classifications",3,-,N,ClinGen:CA10630456,2,303730,17408390,C,T,-,-,-,-,-,-,SCV000369137|SCV000369138|SCV000369139|SCV001820988|SCV002506464,-,-
313375,single nucleotide variant,NM_000525.4(KCNJ11):c.*76G>A,3767,KCNJ11,HGNC:6257,Conflicting classifications of pathogenicity,0,"Nov 16, 2018",193076739,-,RCV000269972|RCV000310119|RCV000364822|RCV001582937|RCV002227140,"MONDO:MONDO:0011153,MedGen:C2931833,OMIM:601820,Orphanet:276580,Orphanet:276603|MONDO:MONDO:0014589,MedGen:C4225365,OMIM:616329,Orphanet:552|MONDO:MONDO:0012522,MedGen:C1864623,OMIM:610582,Orphanet:99886|MedGen:C3661900|Human Phenotype Ontology:HP:0004904,MONDO:MONDO:0018911,MedGen:C0342276,OMIM:PS125850,Orphanet:552","Hyperinsulinemic hypoglycemia, familial, 2|Maturity-onset diabetes of the young type 13|Diabetes mellitus, transient neonatal, 3|not provided|Maturity-onset diabetes of the young",germline;somatic,germline/somatic,GRCh38,NC_000011.10,11,17386843,17386843,na,na,11p15.1,"criteria provided, conflicting classifications",3,-,N,ClinGen:CA10630456,2,303730,17386843,C,T,-,-,-,-,-,-,SCV000369137|SCV000369138|SCV000369139|SCV001820988|SCV002506464,-,-
313377,single nucleotide variant,NM_000525.4(KCNJ11):c.804C>T (p.Tyr268=),3767,KCNJ11,HGNC:6257,Conflicting classifications of pathogenicity,0,"Feb 26, 2024",778225010,-,RCV000290809|RCV000348215|RCV000378306|RCV001280336|RCV001469067|RCV002227145,"MONDO:MONDO:0014589,MedGen:C4225365,OMIM:616329,Orphanet:552|MONDO:MONDO:0011153,MedGen:C2931833,OMIM:601820,Orphanet:276580,Orphanet:276603|MONDO:MONDO:0012522,MedGen:C1864623,OMIM:610582,Orphanet:99886|MONDO:MONDO:0100164,MedGen:C1833104,OMIM:PS606176,Orphanet:99885|MedGen:C3661900|Human Phenotype Ontology:HP:0004904,MONDO:MONDO:0018911,MedGen:C0342276,OMIM:PS125850,Orphanet:552","Maturity-onset diabetes of the young type 13|Hyperinsulinemic hypoglycemia, familial, 2|Diabetes mellitus, transient neonatal, 3|Permanent neonatal diabetes mellitus|not provided|Maturity-onset diabetes of the young",germline;somatic,germline/somatic,GRCh37,NC_000011.9,11,17408835,17408835,na,na,11p15.1,"criteria provided, conflicting classifications",4,-,N,ClinGen:CA5902245,2,303735,17408835,G,A,-,-,-,-,-,-,SCV000369167|SCV000369168|SCV000369169|SCV001673139|SCV002506472,-,-
313377,single nucleotide variant,NM_000525.4(KCNJ11):c.804C>T (p.Tyr268=),3767,KCNJ11,HGNC:6257,Conflicting classifications of pathogenicity,0,"Feb 26, 2024",778225010,-,RCV000290809|RCV000348215|RCV000378306|RCV001280336|RCV001469067|RCV002227145,"MONDO:MONDO:0014589,MedGen:C4225365,OMIM:616329,Orphanet:552|MONDO:MONDO:0011153,MedGen:C2931833,OMIM:601820,Orphanet:276580,Orphanet:276603|MONDO:MONDO:0012522,MedGen:C1864623,OMIM:610582,Orphanet:99886|MONDO:MONDO:0100164,MedGen:C1833104,OMIM:PS606176,Orphanet:99885|MedGen:C3661900|Human Phenotype Ontology:HP:0004904,MONDO:MONDO:0018911,MedGen:C0342276,OMIM:PS125850,Orphanet:552","Maturity-onset diabetes of the young type 13|Hyperinsulinemic hypoglycemia, familial, 2|Diabetes mellitus, transient neonatal, 3|Permanent neonatal diabetes mellitus|not provided|Maturity-onset diabetes of the young",germline;somatic,germline/somatic,GRCh38,NC_000011.10,11,17387288,17387288,na,na,11p15.1,"criteria provided, conflicting classifications",4,-,N,ClinGen:CA5902245,2,303735,17387288,G,A,-,-,-,-,-,-,SCV000369167|SCV000369168|SCV000369169|SCV001673139|SCV002506472,-,-
313379,single nucleotide variant,NM_000525.4(KCNJ11):c.741C>T (p.Asn247=),3767,KCNJ11,HGNC:6257,Conflicting classifications of pathogenicity,0,"May 22, 2023",886048042,-,RCV000311912|RCV000350112|RCV000393244|RCV001478289|RCV002226706,"MONDO:MONDO:0012522,MedGen:C1864623,OMIM:610582,Orphanet:99886|MONDO:MONDO:0014589,MedGen:C4225365,OMIM:616329,Orphanet:552|MONDO:MONDO:0011153,MedGen:C2931833,OMIM:601820,Orphanet:276580,Orphanet:276603|MedGen:C3661900|Human Phenotype Ontology:HP:0004904,MONDO:MONDO:0018911,MedGen:C0342276,OMIM:PS125850,Orphanet:552","Diabetes mellitus, transient neonatal, 3|Maturity-onset diabetes of the young type 13|Hyperinsulinemic hypoglycemia, familial, 2|not provided|Maturity-onset diabetes of the young",germline;somatic,germline/somatic,GRCh37,NC_000011.9,11,17408898,17408898,na,na,11p15.1,"criteria provided, conflicting classifications",3,-,N,ClinGen:CA10630458,2,303736,17408898,G,A,-,-,-,-,-,-,SCV000369173|SCV000369174|SCV000369175|SCV001682557|SCV002505452,-,-
313379,single nucleotide variant,NM_000525.4(KCNJ11):c.741C>T (p.Asn247=),3767,KCNJ11,HGNC:6257,Conflicting classifications of pathogenicity,0,"May 22, 2023",886048042,-,RCV000311912|RCV000350112|RCV000393244|RCV001478289|RCV002226706,"MONDO:MONDO:0012522,MedGen:C1864623,OMIM:610582,Orphanet:99886|MONDO:MONDO:0014589,MedGen:C4225365,OMIM:616329,Orphanet:552|MONDO:MONDO:0011153,MedGen:C2931833,OMIM:601820,Orphanet:276580,Orphanet:276603|MedGen:C3661900|Human Phenotype Ontology:HP:0004904,MONDO:MONDO:0018911,MedGen:C0342276,OMIM:PS125850,Orphanet:552","Diabetes mellitus, transient neonatal, 3|Maturity-onset diabetes of the young type 13|Hyperinsulinemic hypoglycemia, familial, 2|not provided|Maturity-onset diabetes of the young",germline;somatic,germline/somatic,GRCh38,NC_000011.10,11,17387351,17387351,na,na,11p15.1,"criteria provided, conflicting classifications",3,-,N,ClinGen:CA10630458,2,303736,17387351,G,A,-,-,-,-,-,-,SCV000369173|SCV000369174|SCV000369175|SCV001682557|SCV002505452,-,-
313383,single nucleotide variant,NM_000525.4(KCNJ11):c.525C>A (p.His175Gln),3767,KCNJ11,HGNC:6257,Uncertain significance,0,"Jan 13, 2018",865963367,-,RCV000261156|RCV000304649|RCV000361793,"MONDO:MONDO:0011153,MedGen:C2931833,OMIM:601820,Orphanet:276580,Orphanet:276603|MONDO:MONDO:0012522,MedGen:C1864623,OMIM:610582,Orphanet:99886|MONDO:MONDO:0014589,MedGen:C4225365,OMIM:616329,Orphanet:552","Hyperinsulinemic hypoglycemia, familial, 2|Diabetes mellitus, transient neonatal, 3|Maturity-onset diabetes of the young type 13",germline,germline,GRCh37,NC_000011.9,11,17409114,17409114,na,na,11p15.1,"criteria provided, single submitter",1,-,N,ClinGen:CA10630460,2,303737,17409114,G,T,-,-,-,-,-,-,SCV000369179|SCV000369180|SCV000369181,-,-
313383,single nucleotide variant,NM_000525.4(KCNJ11):c.525C>A (p.His175Gln),3767,KCNJ11,HGNC:6257,Uncertain significance,0,"Jan 13, 2018",865963367,-,RCV000261156|RCV000304649|RCV000361793,"MONDO:MONDO:0011153,MedGen:C2931833,OMIM:601820,Orphanet:276580,Orphanet:276603|MONDO:MONDO:0012522,MedGen:C1864623,OMIM:610582,Orphanet:99886|MONDO:MONDO:0014589,MedGen:C4225365,OMIM:616329,Orphanet:552","Hyperinsulinemic hypoglycemia, familial, 2|Diabetes mellitus, transient neonatal, 3|Maturity-onset diabetes of the young type 13",germline,germline,GRCh38,NC_000011.10,11,17387567,17387567,na,na,11p15.1,"criteria provided, single submitter",1,-,N,ClinGen:CA10630460,2,303737,17387567,G,T,-,-,-,-,-,-,SCV000369179|SCV000369180|SCV000369181,-,-
313385,single nucleotide variant,NM_000525.4(KCNJ11):c.-150G>A,3767,KCNJ11,HGNC:6257,Uncertain significance,0,"Apr 07, 2022",886048043,-,RCV000293825|RCV000337073|RCV000397517|RCV002227146|RCV002480108,"MONDO:MONDO:0011153,MedGen:C2931833,OMIM:601820,Orphanet:276580,Orphanet:276603|MONDO:MONDO:0012522,MedGen:C1864623,OMIM:610582,Orphanet:99886|MONDO:MONDO:0014589,MedGen:C4225365,OMIM:616329,Orphanet:552|Human Phenotype Ontology:HP:0004904,MONDO:MONDO:0018911,MedGen:C0342276,OMIM:PS125850,Orphanet:552|MONDO:MONDO:0012522,MedGen:C1864623,OMIM:610582,Orphanet:99886;MONDO:MONDO:0014589,MedGen:C4225365,OMIM:616329,Orphanet:552;MONDO:MONDO:0030087,MedGen:C5394296,OMIM:618856;Human Phenotype Ontology:HP:0005965,Human Phenotype Ontology:HP:0005978,Human Phenotype Ontology:HP:0100652,MONDO:MONDO:0005148,MeSH:D003924,MedGen:C0011860,OMIM:125853;MONDO:MONDO:0011153,MedGen:C2931833,OMIM:601820,Orphanet:276580,Orphanet:276603","Hyperinsulinemic hypoglycemia, familial, 2|Diabetes mellitus, transient neonatal, 3|Maturity-onset diabetes of the young type 13|Maturity-onset diabetes of the young|Diabetes mellitus, transient neonatal, 3;Maturity-onset diabetes of the young type 13;Diabetes mellitus, permanent neonatal 2;Type 2 diabetes mellitus;Hyperinsulinemic hypoglycemia, familial, 2",germline;somatic;unknown,germline/somatic,GRCh37,NC_000011.9,11,17409788,17409788,na,na,11p15.1,"criteria provided, multiple submitters, no conflicts",3,-,N,ClinGen:CA10630461,2,303739,17409788,C,T,-,-,-,-,-,-,SCV000369191|SCV000369192|SCV000369193|SCV002505964|SCV002791657,-,-
313385,single nucleotide variant,NM_000525.4(KCNJ11):c.-150G>A,3767,KCNJ11,HGNC:6257,Uncertain significance,0,"Apr 07, 2022",886048043,-,RCV000293825|RCV000337073|RCV000397517|RCV002227146|RCV002480108,"MONDO:MONDO:0011153,MedGen:C2931833,OMIM:601820,Orphanet:276580,Orphanet:276603|MONDO:MONDO:0012522,MedGen:C1864623,OMIM:610582,Orphanet:99886|MONDO:MONDO:0014589,MedGen:C4225365,OMIM:616329,Orphanet:552|Human Phenotype Ontology:HP:0004904,MONDO:MONDO:0018911,MedGen:C0342276,OMIM:PS125850,Orphanet:552|MONDO:MONDO:0012522,MedGen:C1864623,OMIM:610582,Orphanet:99886;MONDO:MONDO:0014589,MedGen:C4225365,OMIM:616329,Orphanet:552;MONDO:MONDO:0030087,MedGen:C5394296,OMIM:618856;Human Phenotype Ontology:HP:0005965,Human Phenotype Ontology:HP:0005978,Human Phenotype Ontology:HP:0100652,MONDO:MONDO:0005148,MeSH:D003924,MedGen:C0011860,OMIM:125853;MONDO:MONDO:0011153,MedGen:C2931833,OMIM:601820,Orphanet:276580,Orphanet:276603","Hyperinsulinemic hypoglycemia, familial, 2|Diabetes mellitus, transient neonatal, 3|Maturity-onset diabetes of the young type 13|Maturity-onset diabetes of the young|Diabetes mellitus, transient neonatal, 3;Maturity-onset diabetes of the young type 13;Diabetes mellitus, permanent neonatal 2;Type 2 diabetes mellitus;Hyperinsulinemic hypoglycemia, familial, 2",germline;somatic;unknown,germline/somatic,GRCh38,NC_000011.10,11,17388241,17388241,na,na,11p15.1,"criteria provided, multiple submitters, no conflicts",3,-,N,ClinGen:CA10630461,2,303739,17388241,C,T,-,-,-,-,-,-,SCV000369191|SCV000369192|SCV000369193|SCV002505964|SCV002791657,-,-
313386,single nucleotide variant,NM_000525.4(KCNJ11):c.-498T>C,3767,KCNJ11,HGNC:6257,Conflicting classifications of pathogenicity,0,"Mar 02, 2020",529946415,-,RCV000310444|RCV001093946|RCV001103741|RCV001093947|RCV001820889|RCV004734965,"Human Phenotype Ontology:HP:0004904,MONDO:MONDO:0018911,MedGen:C0342276,OMIM:PS125850,Orphanet:552|MONDO:MONDO:0011153,MedGen:C2931833,OMIM:601820,Orphanet:276580,Orphanet:276603|MONDO:MONDO:0014589,MedGen:C4225365,OMIM:616329,Orphanet:552|MONDO:MONDO:0012522,MedGen:C1864623,OMIM:610582,Orphanet:99886|MedGen:CN169374|","Maturity-onset diabetes of the young|Hyperinsulinemic hypoglycemia, familial, 2|Maturity-onset diabetes of the young type 13|Diabetes mellitus, transient neonatal, 3|not specified|KCNJ11-related disorder",germline;somatic,germline/somatic,GRCh37,NC_000011.9,11,17410136,17410136,na,na,11p15.1,"criteria provided, conflicting classifications",4,-,N,ClinGen:CA10630462,2,303742,17410136,A,G,-,-,-,-,-,-,SCV000483241|SCV000483242|SCV001260546|SCV002069736|SCV002506480,-,-
313386,single nucleotide variant,NM_000525.4(KCNJ11):c.-498T>C,3767,KCNJ11,HGNC:6257,Conflicting classifications of pathogenicity,0,"Mar 02, 2020",529946415,-,RCV000310444|RCV001093946|RCV001103741|RCV001093947|RCV001820889|RCV004734965,"Human Phenotype Ontology:HP:0004904,MONDO:MONDO:0018911,MedGen:C0342276,OMIM:PS125850,Orphanet:552|MONDO:MONDO:0011153,MedGen:C2931833,OMIM:601820,Orphanet:276580,Orphanet:276603|MONDO:MONDO:0014589,MedGen:C4225365,OMIM:616329,Orphanet:552|MONDO:MONDO:0012522,MedGen:C1864623,OMIM:610582,Orphanet:99886|MedGen:CN169374|","Maturity-onset diabetes of the young|Hyperinsulinemic hypoglycemia, familial, 2|Maturity-onset diabetes of the young type 13|Diabetes mellitus, transient neonatal, 3|not specified|KCNJ11-related disorder",germline;somatic,germline/somatic,GRCh38,NC_000011.10,11,17388589,17388589,na,na,11p15.1,"criteria provided, conflicting classifications",4,-,N,ClinGen:CA10630462,2,303742,17388589,A,G,-,-,-,-,-,-,SCV000483241|SCV000483242|SCV001260546|SCV002069736|SCV002506480,-,-
313387,single nucleotide variant,NM_000525.4(KCNJ11):c.-515G>A,3767,KCNJ11,HGNC:6257,Uncertain significance,0,"Jan 13, 2018",886048044,-,RCV000274150|RCV000332685|RCV000389519|RCV002227148,"MONDO:MONDO:0014589,MedGen:C4225365,OMIM:616329,Orphanet:552|MONDO:MONDO:0011153,MedGen:C2931833,OMIM:601820,Orphanet:276580,Orphanet:276603|MONDO:MONDO:0012522,MedGen:C1864623,OMIM:610582,Orphanet:99886|Human Phenotype Ontology:HP:0004904,MONDO:MONDO:0018911,MedGen:C0342276,OMIM:PS125850,Orphanet:552","Maturity-onset diabetes of the young type 13|Hyperinsulinemic hypoglycemia, familial, 2|Diabetes mellitus, transient neonatal, 3|Maturity-onset diabetes of the young",germline;somatic,germline/somatic,GRCh37,NC_000011.9,11,17410153,17410153,na,na,11p15.1,"criteria provided, multiple submitters, no conflicts",2,-,N,ClinGen:CA10630463,2,303743,17410153,C,T,-,-,-,-,-,-,SCV000369203|SCV000369204|SCV000369205|SCV002505962,-,-
313387,single nucleotide variant,NM_000525.4(KCNJ11):c.-515G>A,3767,KCNJ11,HGNC:6257,Uncertain significance,0,"Jan 13, 2018",886048044,-,RCV000274150|RCV000332685|RCV000389519|RCV002227148,"MONDO:MONDO:0014589,MedGen:C4225365,OMIM:616329,Orphanet:552|MONDO:MONDO:0011153,MedGen:C2931833,OMIM:601820,Orphanet:276580,Orphanet:276603|MONDO:MONDO:0012522,MedGen:C1864623,OMIM:610582,Orphanet:99886|Human Phenotype Ontology:HP:0004904,MONDO:MONDO:0018911,MedGen:C0342276,OMIM:PS125850,Orphanet:552","Maturity-onset diabetes of the young type 13|Hyperinsulinemic hypoglycemia, familial, 2|Diabetes mellitus, transient neonatal, 3|Maturity-onset diabetes of the young",germline;somatic,germline/somatic,GRCh38,NC_000011.10,11,17388606,17388606,na,na,11p15.1,"criteria provided, multiple submitters, no conflicts",2,-,N,ClinGen:CA10630463,2,303743,17388606,C,T,-,-,-,-,-,-,SCV000369203|SCV000369204|SCV000369205|SCV002505962,-,-
313388,single nucleotide variant,NM_000352.6(ABCC8):c.4647C>T (p.Ile1549=),6833,ABCC8,HGNC:59,Conflicting classifications of pathogenicity,0,"Dec 29, 2025",367862706,-,RCV000259922|RCV000317437|RCV000357088|RCV000979519|RCV002338878|RCV002244754|RCV002244753,"MONDO:MONDO:0012480,MedGen:C1835887,OMIM:610374,Orphanet:99886|MONDO:MONDO:0100164,MedGen:C1833104,OMIM:PS606176,Orphanet:99885|MONDO:MONDO:0009734,MedGen:C2931832,OMIM:256450,Orphanet:276575,Orphanet:276598|MedGen:C3661900|MeSH:D030342,MedGen:C0950123|Human Phenotype Ontology:HP:0008255,MONDO:MONDO:0020525,MedGen:C0342273|Human Phenotype Ontology:HP:0004904,MONDO:MONDO:0018911,MedGen:C0342276,OMIM:PS125850,Orphanet:552","Diabetes mellitus, transient neonatal, 2|Permanent neonatal diabetes mellitus|Hyperinsulinemic hypoglycemia, familial, 1|not provided|Inborn genetic diseases|Transitory neonatal diabetes mellitus|Maturity-onset diabetes of the young",germline;somatic,germline/somatic,GRCh37,NC_000011.9,11,17414637,17414637,na,na,11p15.1,"criteria provided, conflicting classifications",4,-,N,ClinGen:CA5902392,2,303748,17414637,G,A,-,-,-,-,-,-,SCV000369224|SCV000369225|SCV000369226|SCV001127463|SCV002512154|SCV002512155|SCV002635309,-,-
313388,single nucleotide variant,NM_000352.6(ABCC8):c.4647C>T (p.Ile1549=),6833,ABCC8,HGNC:59,Conflicting classifications of pathogenicity,0,"Dec 29, 2025",367862706,-,RCV000259922|RCV000317437|RCV000357088|RCV000979519|RCV002338878|RCV002244754|RCV002244753,"MONDO:MONDO:0012480,MedGen:C1835887,OMIM:610374,Orphanet:99886|MONDO:MONDO:0100164,MedGen:C1833104,OMIM:PS606176,Orphanet:99885|MONDO:MONDO:0009734,MedGen:C2931832,OMIM:256450,Orphanet:276575,Orphanet:276598|MedGen:C3661900|MeSH:D030342,MedGen:C0950123|Human Phenotype Ontology:HP:0008255,MONDO:MONDO:0020525,MedGen:C0342273|Human Phenotype Ontology:HP:0004904,MONDO:MONDO:0018911,MedGen:C0342276,OMIM:PS125850,Orphanet:552","Diabetes mellitus, transient neonatal, 2|Permanent neonatal diabetes mellitus|Hyperinsulinemic hypoglycemia, familial, 1|not provided|Inborn genetic diseases|Transitory neonatal diabetes mellitus|Maturity-onset diabetes of the young",germline;somatic,germline/somatic,GRCh38,NC_000011.10,11,17393090,17393090,na,na,11p15.1,"criteria provided, conflicting classifications",4,-,N,ClinGen:CA5902392,2,303748,17393090,G,A,-,-,-,-,-,-,SCV000369224|SCV000369225|SCV000369226|SCV001127463|SCV002512154|SCV002512155|SCV002635309,-,-
313389,single nucleotide variant,NM_000352.6(ABCC8):c.3399+13G>A,6833,ABCC8,HGNC:59,Conflicting classifications of pathogenicity,0,"Jan 28, 2026",182340196,-,RCV000261950|RCV000321738|RCV000455279|RCV000672176|RCV001519906|RCV002244772|RCV002244773,"MONDO:MONDO:0012480,MedGen:C1835887,OMIM:610374,Orphanet:99886|MONDO:MONDO:0100164,MedGen:C1833104,OMIM:PS606176,Orphanet:99885|MedGen:CN169374|MONDO:MONDO:0009734,MedGen:C2931832,OMIM:256450,Orphanet:276575,Orphanet:276598|MedGen:C3661900|Human Phenotype Ontology:HP:0004904,MONDO:MONDO:0018911,MedGen:C0342276,OMIM:PS125850,Orphanet:552|Human Phenotype Ontology:HP:0008255,MONDO:MONDO:0020525,MedGen:C0342273","Diabetes mellitus, transient neonatal, 2|Permanent neonatal diabetes mellitus|not specified|Hyperinsulinemic hypoglycemia, familial, 1|not provided|Maturity-onset diabetes of the young|Transitory neonatal diabetes mellitus",germline;somatic;unknown,germline/somatic,GRCh37,NC_000011.9,11,17427028,17427028,na,na,11p15.1,"criteria provided, conflicting classifications",8,-,N,ClinGen:CA5902838,2,303764,17427028,C,T,-,-,-,-,-,-,SCV000369287|SCV000369288|SCV000369289|SCV000538214|SCV001728870|SCV001776894|SCV002515454|SCV002515455|SCV003800737|SCV007115659,-,-
313389,single nucleotide variant,NM_000352.6(ABCC8):c.3399+13G>A,6833,ABCC8,HGNC:59,Conflicting classifications of pathogenicity,0,"Jan 28, 2026",182340196,-,RCV000261950|RCV000321738|RCV000455279|RCV000672176|RCV001519906|RCV002244772|RCV002244773,"MONDO:MONDO:0012480,MedGen:C1835887,OMIM:610374,Orphanet:99886|MONDO:MONDO:0100164,MedGen:C1833104,OMIM:PS606176,Orphanet:99885|MedGen:CN169374|MONDO:MONDO:0009734,MedGen:C2931832,OMIM:256450,Orphanet:276575,Orphanet:276598|MedGen:C3661900|Human Phenotype Ontology:HP:0004904,MONDO:MONDO:0018911,MedGen:C0342276,OMIM:PS125850,Orphanet:552|Human Phenotype Ontology:HP:0008255,MONDO:MONDO:0020525,MedGen:C0342273","Diabetes mellitus, transient neonatal, 2|Permanent neonatal diabetes mellitus|not specified|Hyperinsulinemic hypoglycemia, familial, 1|not provided|Maturity-onset diabetes of the young|Transitory neonatal diabetes mellitus",germline;somatic;unknown,germline/somatic,GRCh38,NC_000011.10,11,17405481,17405481,na,na,11p15.1,"criteria provided, conflicting classifications",8,-,N,ClinGen:CA5902838,2,303764,17405481,C,T,-,-,-,-,-,-,SCV000369287|SCV000369288|SCV000369289|SCV000538214|SCV001728870|SCV001776894|SCV002515454|SCV002515455|SCV003800737|SCV007115659,-,-
313393,single nucleotide variant,NM_000352.6(ABCC8):c.3224T>C (p.Ile1075Thr),6833,ABCC8,HGNC:59,Conflicting classifications of pathogenicity,0,"Jan 12, 2018",745895362,-,RCV000287952|RCV000346537|RCV000382269|RCV002250620|RCV002250619,"MONDO:MONDO:0012480,MedGen:C1835887,OMIM:610374,Orphanet:99886|MONDO:MONDO:0100164,MedGen:C1833104,OMIM:PS606176,Orphanet:99885|MONDO:MONDO:0009734,MedGen:C2931832,OMIM:256450,Orphanet:276575,Orphanet:276598|Human Phenotype Ontology:HP:0008255,MONDO:MONDO:0020525,MedGen:C0342273|Human Phenotype Ontology:HP:0004904,MONDO:MONDO:0018911,MedGen:C0342276,OMIM:PS125850,Orphanet:552","Diabetes mellitus, transient neonatal, 2|Permanent neonatal diabetes mellitus|Hyperinsulinemic hypoglycemia, familial, 1|Transitory neonatal diabetes mellitus|Maturity-onset diabetes of the young",germline;somatic,germline/somatic,GRCh37,NC_000011.9,11,17428274,17428274,na,na,11p15.1,"criteria provided, conflicting classifications",2,-,N,ClinGen:CA5902881,2,303765,17428274,A,G,-,-,-,-,-,-,SCV000369293|SCV000369294|SCV000369295|SCV002520748|SCV002520749,-,-
313393,single nucleotide variant,NM_000352.6(ABCC8):c.3224T>C (p.Ile1075Thr),6833,ABCC8,HGNC:59,Conflicting classifications of pathogenicity,0,"Jan 12, 2018",745895362,-,RCV000287952|RCV000346537|RCV000382269|RCV002250620|RCV002250619,"MONDO:MONDO:0012480,MedGen:C1835887,OMIM:610374,Orphanet:99886|MONDO:MONDO:0100164,MedGen:C1833104,OMIM:PS606176,Orphanet:99885|MONDO:MONDO:0009734,MedGen:C2931832,OMIM:256450,Orphanet:276575,Orphanet:276598|Human Phenotype Ontology:HP:0008255,MONDO:MONDO:0020525,MedGen:C0342273|Human Phenotype Ontology:HP:0004904,MONDO:MONDO:0018911,MedGen:C0342276,OMIM:PS125850,Orphanet:552","Diabetes mellitus, transient neonatal, 2|Permanent neonatal diabetes mellitus|Hyperinsulinemic hypoglycemia, familial, 1|Transitory neonatal diabetes mellitus|Maturity-onset diabetes of the young",germline;somatic,germline/somatic,GRCh38,NC_000011.10,11,17406727,17406727,na,na,11p15.1,"criteria provided, conflicting classifications",2,-,N,ClinGen:CA5902881,2,303765,17406727,A,G,-,-,-,-,-,-,SCV000369293|SCV000369294|SCV000369295|SCV002520748|SCV002520749,-,-
313399,single nucleotide variant,NM_000352.6(ABCC8):c.3053C>T (p.Ser1018Leu),6833,ABCC8,HGNC:59,Uncertain significance,0,"Aug 27, 2024",775087568,-,RCV000298394|RCV000353216|RCV000394821|RCV001812789,"MONDO:MONDO:0009734,MedGen:C2931832,OMIM:256450,Orphanet:276575,Orphanet:276598|MONDO:MONDO:0012480,MedGen:C1835887,OMIM:610374,Orphanet:99886|MONDO:MONDO:0100164,MedGen:C1833104,OMIM:PS606176,Orphanet:99885|MedGen:C3661900","Hyperinsulinemic hypoglycemia, familial, 1|Diabetes mellitus, transient neonatal, 2|Permanent neonatal diabetes mellitus|not provided",germline,germline,GRCh37,NC_000011.9,11,17428544,17428544,na,na,11p15.1,"criteria provided, multiple submitters, no conflicts",3,-,N,ClinGen:CA5902929,2,303767,17428544,G,A,-,-,-,-,-,-,SCV000369299|SCV000369300|SCV000369301|SCV002048094|SCV003450582,-,-
313399,single nucleotide variant,NM_000352.6(ABCC8):c.3053C>T (p.Ser1018Leu),6833,ABCC8,HGNC:59,Uncertain significance,0,"Aug 27, 2024",775087568,-,RCV000298394|RCV000353216|RCV000394821|RCV001812789,"MONDO:MONDO:0009734,MedGen:C2931832,OMIM:256450,Orphanet:276575,Orphanet:276598|MONDO:MONDO:0012480,MedGen:C1835887,OMIM:610374,Orphanet:99886|MONDO:MONDO:0100164,MedGen:C1833104,OMIM:PS606176,Orphanet:99885|MedGen:C3661900","Hyperinsulinemic hypoglycemia, familial, 1|Diabetes mellitus, transient neonatal, 2|Permanent neonatal diabetes mellitus|not provided",germline,germline,GRCh38,NC_000011.10,11,17406997,17406997,na,na,11p15.1,"criteria provided, multiple submitters, no conflicts",3,-,N,ClinGen:CA5902929,2,303767,17406997,G,A,-,-,-,-,-,-,SCV000369299|SCV000369300|SCV000369301|SCV002048094|SCV003450582,-,-
313403,single nucleotide variant,NM_000352.6(ABCC8):c.2635G>A (p.Asp879Asn),6833,ABCC8,HGNC:59,Conflicting classifications of pathogenicity,0,"Oct 01, 2025",531684936,-,RCV000290773|RCV000331715|RCV000386179|RCV001820892|RCV002480109|RCV002520699|RCV002520700,"MONDO:MONDO:0012480,MedGen:C1835887,OMIM:610374,Orphanet:99886|MONDO:MONDO:0100164,MedGen:C1833104,OMIM:PS606176,Orphanet:99885|MONDO:MONDO:0009734,MedGen:C2931832,OMIM:256450,Orphanet:276575,Orphanet:276598|MedGen:CN169374|MONDO:MONDO:0012480,MedGen:C1835887,OMIM:610374,Orphanet:99886;MONDO:MONDO:0009415,MedGen:C0271714,OMIM:240800;MONDO:MONDO:0030088,MedGen:C5394303,OMIM:618857;Human Phenotype Ontology:HP:0005965,Human Phenotype Ontology:HP:0005978,Human Phenotype Ontology:HP:0100652,MONDO:MONDO:0005148,MeSH:D003924,MedGen:C0011860,OMIM:125853;MONDO:MONDO:0009734,MedGen:C2931832,OMIM:256450,Orphanet:276575,Orphanet:276598|MedGen:C3661900|MeSH:D030342,MedGen:C0950123","Diabetes mellitus, transient neonatal, 2|Permanent neonatal diabetes mellitus|Hyperinsulinemic hypoglycemia, familial, 1|not specified|Diabetes mellitus, transient neonatal, 2;Leucine-induced hypoglycemia;Diabetes mellitus, permanent neonatal 3;Type 2 diabetes mellitus;Hyperinsulinemic hypoglycemia, familial, 1|not provided|Inborn genetic diseases",germline,germline,GRCh37,NC_000011.9,11,17432122,17432122,na,na,11p15.1,"criteria provided, conflicting classifications",6,-,N,ClinGen:CA5903065,2,303771,17432122,C,T,-,-,-,-,-,-,SCV000369311|SCV000369312|SCV000369313|SCV002065330|SCV002789409|SCV003273202|SCV003638203|SCV005394443,-,-
313403,single nucleotide variant,NM_000352.6(ABCC8):c.2635G>A (p.Asp879Asn),6833,ABCC8,HGNC:59,Conflicting classifications of pathogenicity,0,"Oct 01, 2025",531684936,-,RCV000290773|RCV000331715|RCV000386179|RCV001820892|RCV002480109|RCV002520699|RCV002520700,"MONDO:MONDO:0012480,MedGen:C1835887,OMIM:610374,Orphanet:99886|MONDO:MONDO:0100164,MedGen:C1833104,OMIM:PS606176,Orphanet:99885|MONDO:MONDO:0009734,MedGen:C2931832,OMIM:256450,Orphanet:276575,Orphanet:276598|MedGen:CN169374|MONDO:MONDO:0012480,MedGen:C1835887,OMIM:610374,Orphanet:99886;MONDO:MONDO:0009415,MedGen:C0271714,OMIM:240800;MONDO:MONDO:0030088,MedGen:C5394303,OMIM:618857;Human Phenotype Ontology:HP:0005965,Human Phenotype Ontology:HP:0005978,Human Phenotype Ontology:HP:0100652,MONDO:MONDO:0005148,MeSH:D003924,MedGen:C0011860,OMIM:125853;MONDO:MONDO:0009734,MedGen:C2931832,OMIM:256450,Orphanet:276575,Orphanet:276598|MedGen:C3661900|MeSH:D030342,MedGen:C0950123","Diabetes mellitus, transient neonatal, 2|Permanent neonatal diabetes mellitus|Hyperinsulinemic hypoglycemia, familial, 1|not specified|Diabetes mellitus, transient neonatal, 2;Leucine-induced hypoglycemia;Diabetes mellitus, permanent neonatal 3;Type 2 diabetes mellitus;Hyperinsulinemic hypoglycemia, familial, 1|not provided|Inborn genetic diseases",germline,germline,GRCh38,NC_000011.10,11,17410575,17410575,na,na,11p15.1,"criteria provided, conflicting classifications",6,-,N,ClinGen:CA5903065,2,303771,17410575,C,T,-,-,-,-,-,-,SCV000369311|SCV000369312|SCV000369313|SCV002065330|SCV002789409|SCV003273202|SCV003638203|SCV005394443,-,-
313405,single nucleotide variant,NM_000352.6(ABCC8):c.2256-3C>T,6833,ABCC8,HGNC:59,Conflicting classifications of pathogenicity,0,"Jan 13, 2018",756328102,-,RCV000280533|RCV000315649|RCV000374966|RCV002251458|RCV002251457,"MONDO:MONDO:0009734,MedGen:C2931832,OMIM:256450,Orphanet:276575,Orphanet:276598|MONDO:MONDO:0100164,MedGen:C1833104,OMIM:PS606176,Orphanet:99885|MONDO:MONDO:0012480,MedGen:C1835887,OMIM:610374,Orphanet:99886|Human Phenotype Ontology:HP:0008255,MONDO:MONDO:0020525,MedGen:C0342273|Human Phenotype Ontology:HP:0004904,MONDO:MONDO:0018911,MedGen:C0342276,OMIM:PS125850,Orphanet:552","Hyperinsulinemic hypoglycemia, familial, 1|Permanent neonatal diabetes mellitus|Diabetes mellitus, transient neonatal, 2|Transitory neonatal diabetes mellitus|Maturity-onset diabetes of the young",germline;unknown,germline,GRCh37,NC_000011.9,11,17436889,17436889,na,na,11p15.1,"criteria provided, conflicting classifications",2,-,N,ClinGen:CA5903234,2,303774,17436889,G,A,-,-,-,-,-,-,SCV000369332|SCV000369333|SCV000369334|SCV002522224|SCV002522225,-,-
313405,single nucleotide variant,NM_000352.6(ABCC8):c.2256-3C>T,6833,ABCC8,HGNC:59,Conflicting classifications of pathogenicity,0,"Jan 13, 2018",756328102,-,RCV000280533|RCV000315649|RCV000374966|RCV002251458|RCV002251457,"MONDO:MONDO:0009734,MedGen:C2931832,OMIM:256450,Orphanet:276575,Orphanet:276598|MONDO:MONDO:0100164,MedGen:C1833104,OMIM:PS606176,Orphanet:99885|MONDO:MONDO:0012480,MedGen:C1835887,OMIM:610374,Orphanet:99886|Human Phenotype Ontology:HP:0008255,MONDO:MONDO:0020525,MedGen:C0342273|Human Phenotype Ontology:HP:0004904,MONDO:MONDO:0018911,MedGen:C0342276,OMIM:PS125850,Orphanet:552","Hyperinsulinemic hypoglycemia, familial, 1|Permanent neonatal diabetes mellitus|Diabetes mellitus, transient neonatal, 2|Transitory neonatal diabetes mellitus|Maturity-onset diabetes of the young",germline;unknown,germline,GRCh38,NC_000011.10,11,17415342,17415342,na,na,11p15.1,"criteria provided, conflicting classifications",2,-,N,ClinGen:CA5903234,2,303774,17415342,G,A,-,-,-,-,-,-,SCV000369332|SCV000369333|SCV000369334|SCV002522224|SCV002522225,-,-
313413,single nucleotide variant,NM_000352.6(ABCC8):c.2256-9C>T,6833,ABCC8,HGNC:59,Conflicting classifications of pathogenicity,0,"Feb 04, 2026",886048052,-,RCV000286566|RCV000340459|RCV000376418|RCV002251459|RCV002251460|RCV002520702,"MONDO:MONDO:0012480,MedGen:C1835887,OMIM:610374,Orphanet:99886|MONDO:MONDO:0100164,MedGen:C1833104,OMIM:PS606176,Orphanet:99885|MONDO:MONDO:0009734,MedGen:C2931832,OMIM:256450,Orphanet:276575,Orphanet:276598|Human Phenotype Ontology:HP:0004904,MONDO:MONDO:0018911,MedGen:C0342276,OMIM:PS125850,Orphanet:552|Human Phenotype Ontology:HP:0008255,MONDO:MONDO:0020525,MedGen:C0342273|MedGen:C3661900","Diabetes mellitus, transient neonatal, 2|Permanent neonatal diabetes mellitus|Hyperinsulinemic hypoglycemia, familial, 1|Maturity-onset diabetes of the young|Transitory neonatal diabetes mellitus|not provided",germline;unknown,germline,GRCh37,NC_000011.9,11,17436895,17436895,na,na,11p15.1,"criteria provided, conflicting classifications",3,-,N,ClinGen:CA10630470,2,303775,17436895,G,A,-,-,-,-,-,-,SCV000369335|SCV000369336|SCV000369337|SCV002522226|SCV002522227|SCV003205943,-,-
313413,single nucleotide variant,NM_000352.6(ABCC8):c.2256-9C>T,6833,ABCC8,HGNC:59,Conflicting classifications of pathogenicity,0,"Feb 04, 2026",886048052,-,RCV000286566|RCV000340459|RCV000376418|RCV002251459|RCV002251460|RCV002520702,"MONDO:MONDO:0012480,MedGen:C1835887,OMIM:610374,Orphanet:99886|MONDO:MONDO:0100164,MedGen:C1833104,OMIM:PS606176,Orphanet:99885|MONDO:MONDO:0009734,MedGen:C2931832,OMIM:256450,Orphanet:276575,Orphanet:276598|Human Phenotype Ontology:HP:0004904,MONDO:MONDO:0018911,MedGen:C0342276,OMIM:PS125850,Orphanet:552|Human Phenotype Ontology:HP:0008255,MONDO:MONDO:0020525,MedGen:C0342273|MedGen:C3661900","Diabetes mellitus, transient neonatal, 2|Permanent neonatal diabetes mellitus|Hyperinsulinemic hypoglycemia, familial, 1|Maturity-onset diabetes of the young|Transitory neonatal diabetes mellitus|not provided",germline;unknown,germline,GRCh38,NC_000011.10,11,17415348,17415348,na,na,11p15.1,"criteria provided, conflicting classifications",3,-,N,ClinGen:CA10630470,2,303775,17415348,G,A,-,-,-,-,-,-,SCV000369335|SCV000369336|SCV000369337|SCV002522226|SCV002522227|SCV003205943,-,-
313414,single nucleotide variant,NM_000352.6(ABCC8):c.2060C>T (p.Thr687Met),6833,ABCC8,HGNC:59,Conflicting classifications of pathogenicity,0,"Sep 27, 2025",150316347,-,RCV000276185|RCV000314838|RCV000367366|RCV000871729|RCV002251462|RCV002251461,"MONDO:MONDO:0012480,MedGen:C1835887,OMIM:610374,Orphanet:99886|MONDO:MONDO:0009734,MedGen:C2931832,OMIM:256450,Orphanet:276575,Orphanet:276598|MONDO:MONDO:0100164,MedGen:C1833104,OMIM:PS606176,Orphanet:99885|MedGen:C3661900|Human Phenotype Ontology:HP:0008255,MONDO:MONDO:0020525,MedGen:C0342273|Human Phenotype Ontology:HP:0004904,MONDO:MONDO:0018911,MedGen:C0342276,OMIM:PS125850,Orphanet:552","Diabetes mellitus, transient neonatal, 2|Hyperinsulinemic hypoglycemia, familial, 1|Permanent neonatal diabetes mellitus|not provided|Transitory neonatal diabetes mellitus|Maturity-onset diabetes of the young",germline;unknown,germline,GRCh37,NC_000011.9,11,17449470,17449470,na,na,11p15.1,"criteria provided, conflicting classifications",3,-,N,ClinGen:CA5903318,2,303777,17449470,G,A,-,-,-,-,-,-,SCV000369344|SCV000369345|SCV000369346|SCV001013436|SCV002522277|SCV002522279,-,-
313414,single nucleotide variant,NM_000352.6(ABCC8):c.2060C>T (p.Thr687Met),6833,ABCC8,HGNC:59,Conflicting classifications of pathogenicity,0,"Sep 27, 2025",150316347,-,RCV000276185|RCV000314838|RCV000367366|RCV000871729|RCV002251462|RCV002251461,"MONDO:MONDO:0012480,MedGen:C1835887,OMIM:610374,Orphanet:99886|MONDO:MONDO:0009734,MedGen:C2931832,OMIM:256450,Orphanet:276575,Orphanet:276598|MONDO:MONDO:0100164,MedGen:C1833104,OMIM:PS606176,Orphanet:99885|MedGen:C3661900|Human Phenotype Ontology:HP:0008255,MONDO:MONDO:0020525,MedGen:C0342273|Human Phenotype Ontology:HP:0004904,MONDO:MONDO:0018911,MedGen:C0342276,OMIM:PS125850,Orphanet:552","Diabetes mellitus, transient neonatal, 2|Hyperinsulinemic hypoglycemia, familial, 1|Permanent neonatal diabetes mellitus|not provided|Transitory neonatal diabetes mellitus|Maturity-onset diabetes of the young",germline;unknown,germline,GRCh38,NC_000011.10,11,17427923,17427923,na,na,11p15.1,"criteria provided, conflicting classifications",3,-,N,ClinGen:CA5903318,2,303777,17427923,G,A,-,-,-,-,-,-,SCV000369344|SCV000369345|SCV000369346|SCV001013436|SCV002522277|SCV002522279,-,-
313416,single nucleotide variant,NM_000352.6(ABCC8):c.1605C>T (p.Ala535=),6833,ABCC8,HGNC:59,Conflicting classifications of pathogenicity,0,"Nov 28, 2023",886048055,-,RCV000293105|RCV000330959|RCV000387749|RCV002266949|RCV002266948|RCV002056181,"MONDO:MONDO:0009734,MedGen:C2931832,OMIM:256450,Orphanet:276575,Orphanet:276598|MONDO:MONDO:0012480,MedGen:C1835887,OMIM:610374,Orphanet:99886|MONDO:MONDO:0100164,MedGen:C1833104,OMIM:PS606176,Orphanet:99885|Human Phenotype Ontology:HP:0008255,MONDO:MONDO:0020525,MedGen:C0342273|Human Phenotype Ontology:HP:0004904,MONDO:MONDO:0018911,MedGen:C0342276,OMIM:PS125850,Orphanet:552|MedGen:C3661900","Hyperinsulinemic hypoglycemia, familial, 1|Diabetes mellitus, transient neonatal, 2|Permanent neonatal diabetes mellitus|Transitory neonatal diabetes mellitus|Maturity-onset diabetes of the young|not provided",germline;unknown,germline,GRCh37,NC_000011.9,11,17464292,17464292,na,na,11p15.1,"criteria provided, conflicting classifications",3,-,N,ClinGen:CA10630471,2,303782,17464292,G,A,-,-,-,-,-,-,SCV000369374|SCV000369375|SCV000369376|SCV002422045|SCV002522383|SCV002522384,-,-
313416,single nucleotide variant,NM_000352.6(ABCC8):c.1605C>T (p.Ala535=),6833,ABCC8,HGNC:59,Conflicting classifications of pathogenicity,0,"Nov 28, 2023",886048055,-,RCV000293105|RCV000330959|RCV000387749|RCV002266949|RCV002266948|RCV002056181,"MONDO:MONDO:0009734,MedGen:C2931832,OMIM:256450,Orphanet:276575,Orphanet:276598|MONDO:MONDO:0012480,MedGen:C1835887,OMIM:610374,Orphanet:99886|MONDO:MONDO:0100164,MedGen:C1833104,OMIM:PS606176,Orphanet:99885|Human Phenotype Ontology:HP:0008255,MONDO:MONDO:0020525,MedGen:C0342273|Human Phenotype Ontology:HP:0004904,MONDO:MONDO:0018911,MedGen:C0342276,OMIM:PS125850,Orphanet:552|MedGen:C3661900","Hyperinsulinemic hypoglycemia, familial, 1|Diabetes mellitus, transient neonatal, 2|Permanent neonatal diabetes mellitus|Transitory neonatal diabetes mellitus|Maturity-onset diabetes of the young|not provided",germline;unknown,germline,GRCh38,NC_000011.10,11,17442745,17442745,na,na,11p15.1,"criteria provided, conflicting classifications",3,-,N,ClinGen:CA10630471,2,303782,17442745,G,A,-,-,-,-,-,-,SCV000369374|SCV000369375|SCV000369376|SCV002422045|SCV002522383|SCV002522384,-,-
313419,single nucleotide variant,NM_000352.6(ABCC8):c.541A>T (p.Met181Leu),6833,ABCC8,HGNC:59,Uncertain significance,0,"Jan 12, 2018",368894930,-,RCV000308838|RCV000343790|RCV000396837|RCV002254289|RCV002254288,"MONDO:MONDO:0009734,MedGen:C2931832,OMIM:256450,Orphanet:276575,Orphanet:276598|MONDO:MONDO:0100164,MedGen:C1833104,OMIM:PS606176,Orphanet:99885|MONDO:MONDO:0012480,MedGen:C1835887,OMIM:610374,Orphanet:99886|Human Phenotype Ontology:HP:0008255,MONDO:MONDO:0020525,MedGen:C0342273|Human Phenotype Ontology:HP:0004904,MONDO:MONDO:0018911,MedGen:C0342276,OMIM:PS125850,Orphanet:552","Hyperinsulinemic hypoglycemia, familial, 1|Permanent neonatal diabetes mellitus|Diabetes mellitus, transient neonatal, 2|Transitory neonatal diabetes mellitus|Maturity-onset diabetes of the young",germline;unknown,germline,GRCh37,NC_000011.9,11,17485023,17485023,na,na,11p15.1,"criteria provided, multiple submitters, no conflicts",2,-,N,ClinGen:CA10630474,2,303785,17485023,T,A,-,-,-,-,-,-,SCV000369401|SCV000369402|SCV000369403|SCV002524108|SCV002524110,-,-
313419,single nucleotide variant,NM_000352.6(ABCC8):c.541A>T (p.Met181Leu),6833,ABCC8,HGNC:59,Uncertain significance,0,"Jan 12, 2018",368894930,-,RCV000308838|RCV000343790|RCV000396837|RCV002254289|RCV002254288,"MONDO:MONDO:0009734,MedGen:C2931832,OMIM:256450,Orphanet:276575,Orphanet:276598|MONDO:MONDO:0100164,MedGen:C1833104,OMIM:PS606176,Orphanet:99885|MONDO:MONDO:0012480,MedGen:C1835887,OMIM:610374,Orphanet:99886|Human Phenotype Ontology:HP:0008255,MONDO:MONDO:0020525,MedGen:C0342273|Human Phenotype Ontology:HP:0004904,MONDO:MONDO:0018911,MedGen:C0342276,OMIM:PS125850,Orphanet:552","Hyperinsulinemic hypoglycemia, familial, 1|Permanent neonatal diabetes mellitus|Diabetes mellitus, transient neonatal, 2|Transitory neonatal diabetes mellitus|Maturity-onset diabetes of the young",germline;unknown,germline,GRCh38,NC_000011.10,11,17463476,17463476,na,na,11p15.1,"criteria provided, multiple submitters, no conflicts",2,-,N,ClinGen:CA10630474,2,303785,17463476,T,A,-,-,-,-,-,-,SCV000369401|SCV000369402|SCV000369403|SCV002524108|SCV002524110,-,-
313421,single nucleotide variant,NM_000352.6(ABCC8):c.486C>T (p.Ile162=),6833,ABCC8,HGNC:59,Conflicting classifications of pathogenicity,0,"Jan 26, 2026",149872185,-,RCV000312282|RCV000347325|RCV000396828|RCV000918189|RCV002254521|RCV002254160|RCV005418070|RCV004544511,"MONDO:MONDO:0100164,MedGen:C1833104,OMIM:PS606176,Orphanet:99885|MONDO:MONDO:0009734,MedGen:C2931832,OMIM:256450,Orphanet:276575,Orphanet:276598|MONDO:MONDO:0012480,MedGen:C1835887,OMIM:610374,Orphanet:99886|MedGen:C3661900|Human Phenotype Ontology:HP:0008255,MONDO:MONDO:0020525,MedGen:C0342273|Human Phenotype Ontology:HP:0004904,MONDO:MONDO:0018911,MedGen:C0342276,OMIM:PS125850,Orphanet:552|MedGen:CN169374|","Permanent neonatal diabetes mellitus|Hyperinsulinemic hypoglycemia, familial, 1|Diabetes mellitus, transient neonatal, 2|not provided|Transitory neonatal diabetes mellitus|Maturity-onset diabetes of the young|not specified|ABCC8-related disorder",germline;unknown,germline,GRCh37,NC_000011.9,11,17485078,17485078,na,na,11p15.1,"criteria provided, conflicting classifications",5,-,N,ClinGen:CA5903864,2,303786,17485078,G,A,-,-,-,-,-,-,SCV000369404|SCV000369405|SCV000369406|SCV001063491|SCV002524077|SCV002525871|SCV006085773,-,-
313421,single nucleotide variant,NM_000352.6(ABCC8):c.486C>T (p.Ile162=),6833,ABCC8,HGNC:59,Conflicting classifications of pathogenicity,0,"Jan 26, 2026",149872185,-,RCV000312282|RCV000347325|RCV000396828|RCV000918189|RCV002254521|RCV002254160|RCV005418070|RCV004544511,"MONDO:MONDO:0100164,MedGen:C1833104,OMIM:PS606176,Orphanet:99885|MONDO:MONDO:0009734,MedGen:C2931832,OMIM:256450,Orphanet:276575,Orphanet:276598|MONDO:MONDO:0012480,MedGen:C1835887,OMIM:610374,Orphanet:99886|MedGen:C3661900|Human Phenotype Ontology:HP:0008255,MONDO:MONDO:0020525,MedGen:C0342273|Human Phenotype Ontology:HP:0004904,MONDO:MONDO:0018911,MedGen:C0342276,OMIM:PS125850,Orphanet:552|MedGen:CN169374|","Permanent neonatal diabetes mellitus|Hyperinsulinemic hypoglycemia, familial, 1|Diabetes mellitus, transient neonatal, 2|not provided|Transitory neonatal diabetes mellitus|Maturity-onset diabetes of the young|not specified|ABCC8-related disorder",germline;unknown,germline,GRCh38,NC_000011.10,11,17463531,17463531,na,na,11p15.1,"criteria provided, conflicting classifications",5,-,N,ClinGen:CA5903864,2,303786,17463531,G,A,-,-,-,-,-,-,SCV000369404|SCV000369405|SCV000369406|SCV001063491|SCV002524077|SCV002525871|SCV006085773,-,-
315653,single nucleotide variant,NM_000352.4(ABCC8):c.-72G>A,6833,ABCC8,HGNC:59,Benign/Likely benign,0,"Jul 20, 2017",541244107,-,RCV000503105|RCV002227150|RCV004705213,"MedGen:CN169374|Human Phenotype Ontology:HP:0004904,MONDO:MONDO:0018911,MedGen:C0342276,OMIM:PS125850,Orphanet:552|MedGen:C3661900",not specified|Maturity-onset diabetes of the young|not provided,germline;somatic,germline/somatic,GRCh37,NC_000011.9,11,17498395,17498395,na,na,11p15.1,"criteria provided, multiple submitters, no conflicts",3,-,N,ClinGen:CA5904022,2,303791,17498395,C,T,-,-,-,-,-,-,SCV000592970|SCV002506565|SCV005221383,-,-
315653,single nucleotide variant,NM_000352.4(ABCC8):c.-72G>A,6833,ABCC8,HGNC:59,Benign/Likely benign,0,"Jul 20, 2017",541244107,-,RCV000503105|RCV002227150|RCV004705213,"MedGen:CN169374|Human Phenotype Ontology:HP:0004904,MONDO:MONDO:0018911,MedGen:C0342276,OMIM:PS125850,Orphanet:552|MedGen:C3661900",not specified|Maturity-onset diabetes of the young|not provided,germline;somatic,germline/somatic,GRCh38,NC_000011.10,11,17476848,17476848,na,na,11p15.1,"criteria provided, multiple submitters, no conflicts",3,-,N,ClinGen:CA5904022,2,303791,17476848,C,T,-,-,-,-,-,-,SCV000592970|SCV002506565|SCV005221383,-,-
319461,single nucleotide variant,NM_000525.4(KCNJ11):c.*1168G>A,3767,KCNJ11,HGNC:6257,Conflicting classifications of pathogenicity,0,"Nov 02, 2021",182349583,-,RCV000271900|RCV000302622|RCV000366548|RCV002244750|RCV002227123,"MONDO:MONDO:0011153,MedGen:C2931833,OMIM:601820,Orphanet:276580,Orphanet:276603|MONDO:MONDO:0014589,MedGen:C4225365,OMIM:616329,Orphanet:552|MONDO:MONDO:0012522,MedGen:C1864623,OMIM:610582,Orphanet:99886|MedGen:C3661900|Human Phenotype Ontology:HP:0004904,MONDO:MONDO:0018911,MedGen:C0342276,OMIM:PS125850,Orphanet:552","Hyperinsulinemic hypoglycemia, familial, 2|Maturity-onset diabetes of the young type 13|Diabetes mellitus, transient neonatal, 3|not provided|Maturity-onset diabetes of the young",germline;somatic,germline/somatic,GRCh37,NC_000011.9,11,17407298,17407298,na,na,11p15.1,"criteria provided, conflicting classifications",3,-,N,ClinGen:CA10634180,2,303709,17407298,C,T,-,-,-,-,-,-,SCV000369074|SCV000369075|SCV000369076|SCV002506457|SCV002513004,-,-
319461,single nucleotide variant,NM_000525.4(KCNJ11):c.*1168G>A,3767,KCNJ11,HGNC:6257,Conflicting classifications of pathogenicity,0,"Nov 02, 2021",182349583,-,RCV000271900|RCV000302622|RCV000366548|RCV002244750|RCV002227123,"MONDO:MONDO:0011153,MedGen:C2931833,OMIM:601820,Orphanet:276580,Orphanet:276603|MONDO:MONDO:0014589,MedGen:C4225365,OMIM:616329,Orphanet:552|MONDO:MONDO:0012522,MedGen:C1864623,OMIM:610582,Orphanet:99886|MedGen:C3661900|Human Phenotype Ontology:HP:0004904,MONDO:MONDO:0018911,MedGen:C0342276,OMIM:PS125850,Orphanet:552","Hyperinsulinemic hypoglycemia, familial, 2|Maturity-onset diabetes of the young type 13|Diabetes mellitus, transient neonatal, 3|not provided|Maturity-onset diabetes of the young",germline;somatic,germline/somatic,GRCh38,NC_000011.10,11,17385751,17385751,na,na,11p15.1,"criteria provided, conflicting classifications",3,-,N,ClinGen:CA10634180,2,303709,17385751,C,T,-,-,-,-,-,-,SCV000369074|SCV000369075|SCV000369076|SCV002506457|SCV002513004,-,-
319463,single nucleotide variant,NM_000525.4(KCNJ11):c.*1055T>A,3767,KCNJ11,HGNC:6257,Uncertain significance,0,"Jan 12, 2018",886048032,-,RCV000277629|RCV000327063|RCV000363039|RCV002227124,"MONDO:MONDO:0012522,MedGen:C1864623,OMIM:610582,Orphanet:99886|MONDO:MONDO:0011153,MedGen:C2931833,OMIM:601820,Orphanet:276580,Orphanet:276603|MONDO:MONDO:0014589,MedGen:C4225365,OMIM:616329,Orphanet:552|Human Phenotype Ontology:HP:0004904,MONDO:MONDO:0018911,MedGen:C0342276,OMIM:PS125850,Orphanet:552","Diabetes mellitus, transient neonatal, 3|Hyperinsulinemic hypoglycemia, familial, 2|Maturity-onset diabetes of the young type 13|Maturity-onset diabetes of the young",germline;somatic,germline/somatic,GRCh37,NC_000011.9,11,17407411,17407411,na,na,11p15.1,"criteria provided, multiple submitters, no conflicts",2,-,N,ClinGen:CA10634182,2,303710,17407411,A,T,-,-,-,-,-,-,SCV000369077|SCV000369078|SCV000369079|SCV002506456,-,-
319463,single nucleotide variant,NM_000525.4(KCNJ11):c.*1055T>A,3767,KCNJ11,HGNC:6257,Uncertain significance,0,"Jan 12, 2018",886048032,-,RCV000277629|RCV000327063|RCV000363039|RCV002227124,"MONDO:MONDO:0012522,MedGen:C1864623,OMIM:610582,Orphanet:99886|MONDO:MONDO:0011153,MedGen:C2931833,OMIM:601820,Orphanet:276580,Orphanet:276603|MONDO:MONDO:0014589,MedGen:C4225365,OMIM:616329,Orphanet:552|Human Phenotype Ontology:HP:0004904,MONDO:MONDO:0018911,MedGen:C0342276,OMIM:PS125850,Orphanet:552","Diabetes mellitus, transient neonatal, 3|Hyperinsulinemic hypoglycemia, familial, 2|Maturity-onset diabetes of the young type 13|Maturity-onset diabetes of the young",germline;somatic,germline/somatic,GRCh38,NC_000011.10,11,17385864,17385864,na,na,11p15.1,"criteria provided, multiple submitters, no conflicts",2,-,N,ClinGen:CA10634182,2,303710,17385864,A,T,-,-,-,-,-,-,SCV000369077|SCV000369078|SCV000369079|SCV002506456,-,-
319464,single nucleotide variant,NM_000525.4(KCNJ11):c.*697G>A,3767,KCNJ11,HGNC:6257,Conflicting classifications of pathogenicity,0,"Jan 13, 2018",117976105,-,RCV000276258|RCV000312533|RCV000370800|RCV002227129,"MONDO:MONDO:0011153,MedGen:C2931833,OMIM:601820,Orphanet:276580,Orphanet:276603|MONDO:MONDO:0014589,MedGen:C4225365,OMIM:616329,Orphanet:552|MONDO:MONDO:0012522,MedGen:C1864623,OMIM:610582,Orphanet:99886|Human Phenotype Ontology:HP:0004904,MONDO:MONDO:0018911,MedGen:C0342276,OMIM:PS125850,Orphanet:552","Hyperinsulinemic hypoglycemia, familial, 2|Maturity-onset diabetes of the young type 13|Diabetes mellitus, transient neonatal, 3|Maturity-onset diabetes of the young",germline;somatic,germline/somatic,GRCh37,NC_000011.9,11,17407769,17407769,na,na,11p15.1,"criteria provided, conflicting classifications",2,-,N,ClinGen:CA10634183,2,303716,17407769,C,T,-,-,-,-,-,-,SCV000369095|SCV000369096|SCV000369097|SCV002506450,-,-
319464,single nucleotide variant,NM_000525.4(KCNJ11):c.*697G>A,3767,KCNJ11,HGNC:6257,Conflicting classifications of pathogenicity,0,"Jan 13, 2018",117976105,-,RCV000276258|RCV000312533|RCV000370800|RCV002227129,"MONDO:MONDO:0011153,MedGen:C2931833,OMIM:601820,Orphanet:276580,Orphanet:276603|MONDO:MONDO:0014589,MedGen:C4225365,OMIM:616329,Orphanet:552|MONDO:MONDO:0012522,MedGen:C1864623,OMIM:610582,Orphanet:99886|Human Phenotype Ontology:HP:0004904,MONDO:MONDO:0018911,MedGen:C0342276,OMIM:PS125850,Orphanet:552","Hyperinsulinemic hypoglycemia, familial, 2|Maturity-onset diabetes of the young type 13|Diabetes mellitus, transient neonatal, 3|Maturity-onset diabetes of the young",germline;somatic,germline/somatic,GRCh38,NC_000011.10,11,17386222,17386222,na,na,11p15.1,"criteria provided, conflicting classifications",2,-,N,ClinGen:CA10634183,2,303716,17386222,C,T,-,-,-,-,-,-,SCV000369095|SCV000369096|SCV000369097|SCV002506450,-,-
319466,single nucleotide variant,NM_000525.4(KCNJ11):c.*487A>G,3767,KCNJ11,HGNC:6257,Conflicting classifications of pathogenicity,0,"Oct 24, 2021",79457490,-,RCV000314150|RCV000350318|RCV000400803|RCV002227133|RCV002469123,"MONDO:MONDO:0011153,MedGen:C2931833,OMIM:601820,Orphanet:276580,Orphanet:276603|MONDO:MONDO:0014589,MedGen:C4225365,OMIM:616329,Orphanet:552|MONDO:MONDO:0012522,MedGen:C1864623,OMIM:610582,Orphanet:99886|Human Phenotype Ontology:HP:0004904,MONDO:MONDO:0018911,MedGen:C0342276,OMIM:PS125850,Orphanet:552|MedGen:C3661900","Hyperinsulinemic hypoglycemia, familial, 2|Maturity-onset diabetes of the young type 13|Diabetes mellitus, transient neonatal, 3|Maturity-onset diabetes of the young|not provided",germline;somatic,germline/somatic,GRCh37,NC_000011.9,11,17407979,17407979,na,na,11p15.1,"criteria provided, conflicting classifications",3,-,N,ClinGen:CA10634185,2,303721,17407979,T,C,-,-,-,-,-,-,SCV000369110|SCV000369111|SCV000369112|SCV002506446|SCV002765828,-,-
319466,single nucleotide variant,NM_000525.4(KCNJ11):c.*487A>G,3767,KCNJ11,HGNC:6257,Conflicting classifications of pathogenicity,0,"Oct 24, 2021",79457490,-,RCV000314150|RCV000350318|RCV000400803|RCV002227133|RCV002469123,"MONDO:MONDO:0011153,MedGen:C2931833,OMIM:601820,Orphanet:276580,Orphanet:276603|MONDO:MONDO:0014589,MedGen:C4225365,OMIM:616329,Orphanet:552|MONDO:MONDO:0012522,MedGen:C1864623,OMIM:610582,Orphanet:99886|Human Phenotype Ontology:HP:0004904,MONDO:MONDO:0018911,MedGen:C0342276,OMIM:PS125850,Orphanet:552|MedGen:C3661900","Hyperinsulinemic hypoglycemia, familial, 2|Maturity-onset diabetes of the young type 13|Diabetes mellitus, transient neonatal, 3|Maturity-onset diabetes of the young|not provided",germline;somatic,germline/somatic,GRCh38,NC_000011.10,11,17386432,17386432,na,na,11p15.1,"criteria provided, conflicting classifications",3,-,N,ClinGen:CA10634185,2,303721,17386432,T,C,-,-,-,-,-,-,SCV000369110|SCV000369111|SCV000369112|SCV002506446|SCV002765828,-,-
319467,single nucleotide variant,NM_000525.4(KCNJ11):c.*376C>T,3767,KCNJ11,HGNC:6257,Conflicting classifications of pathogenicity,0,"May 13, 2021",5208,-,RCV000260466|RCV000296889|RCV000360968|RCV001778890|RCV002227135,"MONDO:MONDO:0011153,MedGen:C2931833,OMIM:601820,Orphanet:276580,Orphanet:276603|MONDO:MONDO:0014589,MedGen:C4225365,OMIM:616329,Orphanet:552|MONDO:MONDO:0012522,MedGen:C1864623,OMIM:610582,Orphanet:99886|MedGen:C3661900|Human Phenotype Ontology:HP:0004904,MONDO:MONDO:0018911,MedGen:C0342276,OMIM:PS125850,Orphanet:552","Hyperinsulinemic hypoglycemia, familial, 2|Maturity-onset diabetes of the young type 13|Diabetes mellitus, transient neonatal, 3|not provided|Maturity-onset diabetes of the young",germline;somatic,germline/somatic,GRCh37,NC_000011.9,11,17408090,17408090,na,na,11p15.1,"criteria provided, conflicting classifications",3,-,N,ClinGen:CA10634186,2,303723,17408090,G,A,-,-,-,-,-,-,SCV000369116|SCV000369117|SCV000369118|SCV002015703|SCV002506465,-,-
319467,single nucleotide variant,NM_000525.4(KCNJ11):c.*376C>T,3767,KCNJ11,HGNC:6257,Conflicting classifications of pathogenicity,0,"May 13, 2021",5208,-,RCV000260466|RCV000296889|RCV000360968|RCV001778890|RCV002227135,"MONDO:MONDO:0011153,MedGen:C2931833,OMIM:601820,Orphanet:276580,Orphanet:276603|MONDO:MONDO:0014589,MedGen:C4225365,OMIM:616329,Orphanet:552|MONDO:MONDO:0012522,MedGen:C1864623,OMIM:610582,Orphanet:99886|MedGen:C3661900|Human Phenotype Ontology:HP:0004904,MONDO:MONDO:0018911,MedGen:C0342276,OMIM:PS125850,Orphanet:552","Hyperinsulinemic hypoglycemia, familial, 2|Maturity-onset diabetes of the young type 13|Diabetes mellitus, transient neonatal, 3|not provided|Maturity-onset diabetes of the young",germline;somatic,germline/somatic,GRCh38,NC_000011.10,11,17386543,17386543,na,na,11p15.1,"criteria provided, conflicting classifications",3,-,N,ClinGen:CA10634186,2,303723,17386543,G,A,-,-,-,-,-,-,SCV000369116|SCV000369117|SCV000369118|SCV002015703|SCV002506465,-,-
319469,single nucleotide variant,NM_000525.4(KCNJ11):c.*288G>A,3767,KCNJ11,HGNC:6257,Conflicting classifications of pathogenicity,0,"Jun 30, 2019",5209,-,RCV000273280|RCV000328163|RCV000382740|RCV001570606|RCV002274012,"MONDO:MONDO:0012522,MedGen:C1864623,OMIM:610582,Orphanet:99886|MONDO:MONDO:0011153,MedGen:C2931833,OMIM:601820,Orphanet:276580,Orphanet:276603|MONDO:MONDO:0014589,MedGen:C4225365,OMIM:616329,Orphanet:552|MedGen:C3661900|Human Phenotype Ontology:HP:0004904,MONDO:MONDO:0018911,MedGen:C0342276,OMIM:PS125850,Orphanet:552","Diabetes mellitus, transient neonatal, 3|Hyperinsulinemic hypoglycemia, familial, 2|Maturity-onset diabetes of the young type 13|not provided|Maturity-onset diabetes of the young",germline;unknown,germline,GRCh37,NC_000011.9,11,17408178,17408178,na,na,11p15.1,"criteria provided, conflicting classifications",3,-,N,ClinGen:CA10634187,2,303725,17408178,C,T,-,-,-,-,-,-,SCV000369122|SCV000369123|SCV000369124|SCV001794929|SCV002558787,-,-
319469,single nucleotide variant,NM_000525.4(KCNJ11):c.*288G>A,3767,KCNJ11,HGNC:6257,Conflicting classifications of pathogenicity,0,"Jun 30, 2019",5209,-,RCV000273280|RCV000328163|RCV000382740|RCV001570606|RCV002274012,"MONDO:MONDO:0012522,MedGen:C1864623,OMIM:610582,Orphanet:99886|MONDO:MONDO:0011153,MedGen:C2931833,OMIM:601820,Orphanet:276580,Orphanet:276603|MONDO:MONDO:0014589,MedGen:C4225365,OMIM:616329,Orphanet:552|MedGen:C3661900|Human Phenotype Ontology:HP:0004904,MONDO:MONDO:0018911,MedGen:C0342276,OMIM:PS125850,Orphanet:552","Diabetes mellitus, transient neonatal, 3|Hyperinsulinemic hypoglycemia, familial, 2|Maturity-onset diabetes of the young type 13|not provided|Maturity-onset diabetes of the young",germline;unknown,germline,GRCh38,NC_000011.10,11,17386631,17386631,na,na,11p15.1,"criteria provided, conflicting classifications",3,-,N,ClinGen:CA10634187,2,303725,17386631,C,T,-,-,-,-,-,-,SCV000369122|SCV000369123|SCV000369124|SCV001794929|SCV002558787,-,-
319470,single nucleotide variant,NM_000525.4(KCNJ11):c.*215C>T,3767,KCNJ11,HGNC:6257,Benign/Likely benign,0,"Jun 03, 2025",5210,-,RCV000293997|RCV000348877|RCV000395953|RCV001523527|RCV002226705,"MONDO:MONDO:0012522,MedGen:C1864623,OMIM:610582,Orphanet:99886|MONDO:MONDO:0014589,MedGen:C4225365,OMIM:616329,Orphanet:552|MONDO:MONDO:0011153,MedGen:C2931833,OMIM:601820,Orphanet:276580,Orphanet:276603|MedGen:C3661900|Human Phenotype Ontology:HP:0005965,Human Phenotype Ontology:HP:0005978,Human Phenotype Ontology:HP:0100652,MONDO:MONDO:0005148,MeSH:D003924,MedGen:C0011860,OMIM:125853","Diabetes mellitus, transient neonatal, 3|Maturity-onset diabetes of the young type 13|Hyperinsulinemic hypoglycemia, familial, 2|not provided|Type 2 diabetes mellitus",germline;somatic,germline/somatic,GRCh37,NC_000011.9,11,17408251,17408251,na,na,11p15.1,"criteria provided, multiple submitters, no conflicts",4,-,N,ClinGen:CA10634188,2,303727,17408251,G,A,-,-,-,-,-,-,SCV000369128|SCV000369129|SCV000369130|SCV001733241|SCV002505446|SCV005221356,-,-
319470,single nucleotide variant,NM_000525.4(KCNJ11):c.*215C>T,3767,KCNJ11,HGNC:6257,Benign/Likely benign,0,"Jun 03, 2025",5210,-,RCV000293997|RCV000348877|RCV000395953|RCV001523527|RCV002226705,"MONDO:MONDO:0012522,MedGen:C1864623,OMIM:610582,Orphanet:99886|MONDO:MONDO:0014589,MedGen:C4225365,OMIM:616329,Orphanet:552|MONDO:MONDO:0011153,MedGen:C2931833,OMIM:601820,Orphanet:276580,Orphanet:276603|MedGen:C3661900|Human Phenotype Ontology:HP:0005965,Human Phenotype Ontology:HP:0005978,Human Phenotype Ontology:HP:0100652,MONDO:MONDO:0005148,MeSH:D003924,MedGen:C0011860,OMIM:125853","Diabetes mellitus, transient neonatal, 3|Maturity-onset diabetes of the young type 13|Hyperinsulinemic hypoglycemia, familial, 2|not provided|Type 2 diabetes mellitus",germline;somatic,germline/somatic,GRCh38,NC_000011.10,11,17386704,17386704,na,na,11p15.1,"criteria provided, multiple submitters, no conflicts",4,-,N,ClinGen:CA10634188,2,303727,17386704,G,A,-,-,-,-,-,-,SCV000369128|SCV000369129|SCV000369130|SCV001733241|SCV002505446|SCV005221356,-,-
319474,single nucleotide variant,NM_000525.4(KCNJ11):c.*99C>G,3767,KCNJ11,HGNC:6257,Uncertain significance,0,"Jan 13, 2018",886048040,-,RCV000281193|RCV000336289|RCV000401264|RCV002227138,"MONDO:MONDO:0014589,MedGen:C4225365,OMIM:616329,Orphanet:552|MONDO:MONDO:0011153,MedGen:C2931833,OMIM:601820,Orphanet:276580,Orphanet:276603|MONDO:MONDO:0012522,MedGen:C1864623,OMIM:610582,Orphanet:99886|Human Phenotype Ontology:HP:0004904,MONDO:MONDO:0018911,MedGen:C0342276,OMIM:PS125850,Orphanet:552","Maturity-onset diabetes of the young type 13|Hyperinsulinemic hypoglycemia, familial, 2|Diabetes mellitus, transient neonatal, 3|Maturity-onset diabetes of the young",germline;somatic,germline/somatic,GRCh37,NC_000011.9,11,17408367,17408367,na,na,11p15.1,"criteria provided, multiple submitters, no conflicts",2,-,N,ClinGen:CA10634190,2,303728,17408367,G,C,-,-,-,-,-,-,SCV000369131|SCV000369132|SCV000369133|SCV002505969,-,-
319474,single nucleotide variant,NM_000525.4(KCNJ11):c.*99C>G,3767,KCNJ11,HGNC:6257,Uncertain significance,0,"Jan 13, 2018",886048040,-,RCV000281193|RCV000336289|RCV000401264|RCV002227138,"MONDO:MONDO:0014589,MedGen:C4225365,OMIM:616329,Orphanet:552|MONDO:MONDO:0011153,MedGen:C2931833,OMIM:601820,Orphanet:276580,Orphanet:276603|MONDO:MONDO:0012522,MedGen:C1864623,OMIM:610582,Orphanet:99886|Human Phenotype Ontology:HP:0004904,MONDO:MONDO:0018911,MedGen:C0342276,OMIM:PS125850,Orphanet:552","Maturity-onset diabetes of the young type 13|Hyperinsulinemic hypoglycemia, familial, 2|Diabetes mellitus, transient neonatal, 3|Maturity-onset diabetes of the young",germline;somatic,germline/somatic,GRCh38,NC_000011.10,11,17386820,17386820,na,na,11p15.1,"criteria provided, multiple submitters, no conflicts",2,-,N,ClinGen:CA10634190,2,303728,17386820,G,C,-,-,-,-,-,-,SCV000369131|SCV000369132|SCV000369133|SCV002505969,-,-
319475,single nucleotide variant,NM_000525.4(KCNJ11):c.*92C>T,3767,KCNJ11,HGNC:6257,Conflicting classifications of pathogenicity,0,"Dec 12, 2018",5212,-,RCV000305876|RCV000359002|RCV000406730|RCV001565266|RCV002227139,"MONDO:MONDO:0014589,MedGen:C4225365,OMIM:616329,Orphanet:552|MONDO:MONDO:0012522,MedGen:C1864623,OMIM:610582,Orphanet:99886|MONDO:MONDO:0011153,MedGen:C2931833,OMIM:601820,Orphanet:276580,Orphanet:276603|MedGen:C3661900|Human Phenotype Ontology:HP:0004904,MONDO:MONDO:0018911,MedGen:C0342276,OMIM:PS125850,Orphanet:552","Maturity-onset diabetes of the young type 13|Diabetes mellitus, transient neonatal, 3|Hyperinsulinemic hypoglycemia, familial, 2|not provided|Maturity-onset diabetes of the young",germline;somatic,germline/somatic,GRCh37,NC_000011.9,11,17408374,17408374,na,na,11p15.1,"criteria provided, conflicting classifications",3,-,N,ClinGen:CA10634191,2,303729,17408374,G,A,-,-,-,-,-,-,SCV000369134|SCV000369135|SCV000369136|SCV001788580|SCV002506463,-,-
319475,single nucleotide variant,NM_000525.4(KCNJ11):c.*92C>T,3767,KCNJ11,HGNC:6257,Conflicting classifications of pathogenicity,0,"Dec 12, 2018",5212,-,RCV000305876|RCV000359002|RCV000406730|RCV001565266|RCV002227139,"MONDO:MONDO:0014589,MedGen:C4225365,OMIM:616329,Orphanet:552|MONDO:MONDO:0012522,MedGen:C1864623,OMIM:610582,Orphanet:99886|MONDO:MONDO:0011153,MedGen:C2931833,OMIM:601820,Orphanet:276580,Orphanet:276603|MedGen:C3661900|Human Phenotype Ontology:HP:0004904,MONDO:MONDO:0018911,MedGen:C0342276,OMIM:PS125850,Orphanet:552","Maturity-onset diabetes of the young type 13|Diabetes mellitus, transient neonatal, 3|Hyperinsulinemic hypoglycemia, familial, 2|not provided|Maturity-onset diabetes of the young",germline;somatic,germline/somatic,GRCh38,NC_000011.10,11,17386827,17386827,na,na,11p15.1,"criteria provided, conflicting classifications",3,-,N,ClinGen:CA10634191,2,303729,17386827,G,A,-,-,-,-,-,-,SCV000369134|SCV000369135|SCV000369136|SCV001788580|SCV002506463,-,-
319487,single nucleotide variant,NM_000525.4(KCNJ11):c.*62G>A,3767,KCNJ11,HGNC:6257,Conflicting classifications of pathogenicity,0,"Jan 13, 2018",5213,-,RCV000275742|RCV000324987|RCV000370291|RCV002227141,"MONDO:MONDO:0014589,MedGen:C4225365,OMIM:616329,Orphanet:552|MONDO:MONDO:0011153,MedGen:C2931833,OMIM:601820,Orphanet:276580,Orphanet:276603|MONDO:MONDO:0012522,MedGen:C1864623,OMIM:610582,Orphanet:99886|Human Phenotype Ontology:HP:0004904,MONDO:MONDO:0018911,MedGen:C0342276,OMIM:PS125850,Orphanet:552","Maturity-onset diabetes of the young type 13|Hyperinsulinemic hypoglycemia, familial, 2|Diabetes mellitus, transient neonatal, 3|Maturity-onset diabetes of the young",germline;somatic,germline/somatic,GRCh37,NC_000011.9,11,17408404,17408404,na,na,11p15.1,"criteria provided, conflicting classifications",2,-,N,ClinGen:CA10634199,2,303731,17408404,C,T,-,-,-,-,-,-,SCV000369140|SCV000369141|SCV000369142|SCV002506502,-,-
319487,single nucleotide variant,NM_000525.4(KCNJ11):c.*62G>A,3767,KCNJ11,HGNC:6257,Conflicting classifications of pathogenicity,0,"Jan 13, 2018",5213,-,RCV000275742|RCV000324987|RCV000370291|RCV002227141,"MONDO:MONDO:0014589,MedGen:C4225365,OMIM:616329,Orphanet:552|MONDO:MONDO:0011153,MedGen:C2931833,OMIM:601820,Orphanet:276580,Orphanet:276603|MONDO:MONDO:0012522,MedGen:C1864623,OMIM:610582,Orphanet:99886|Human Phenotype Ontology:HP:0004904,MONDO:MONDO:0018911,MedGen:C0342276,OMIM:PS125850,Orphanet:552","Maturity-onset diabetes of the young type 13|Hyperinsulinemic hypoglycemia, familial, 2|Diabetes mellitus, transient neonatal, 3|Maturity-onset diabetes of the young",germline;somatic,germline/somatic,GRCh38,NC_000011.10,11,17386857,17386857,na,na,11p15.1,"criteria provided, conflicting classifications",2,-,N,ClinGen:CA10634199,2,303731,17386857,C,T,-,-,-,-,-,-,SCV000369140|SCV000369141|SCV000369142|SCV002506502,-,-
319489,single nucleotide variant,NM_000525.4(KCNJ11):c.1034C>T (p.Thr345Met),3767,KCNJ11,HGNC:6257,Conflicting classifications of pathogenicity,0,"Feb 09, 2024",114215135,-,RCV000275394|RCV000330527|RCV000369920|RCV004772891|RCV002227144,"MONDO:MONDO:0011153,MedGen:C2931833,OMIM:601820,Orphanet:276580,Orphanet:276603|MONDO:MONDO:0014589,MedGen:C4225365,OMIM:616329,Orphanet:552|MONDO:MONDO:0012522,MedGen:C1864623,OMIM:610582,Orphanet:99886|MedGen:C3661900|Human Phenotype Ontology:HP:0004904,MONDO:MONDO:0018911,MedGen:C0342276,OMIM:PS125850,Orphanet:552","Hyperinsulinemic hypoglycemia, familial, 2|Maturity-onset diabetes of the young type 13|Diabetes mellitus, transient neonatal, 3|not provided|Maturity-onset diabetes of the young",germline;somatic,germline/somatic,GRCh37,NC_000011.9,11,17408605,17408605,na,na,11p15.1,"criteria provided, conflicting classifications",3,-,N,ClinGen:CA5902197,2,303734,17408605,G,A,-,-,-,-,-,-,SCV000369158|SCV000369159|SCV000369160|SCV002505966|SCV005383382,-,-
319489,single nucleotide variant,NM_000525.4(KCNJ11):c.1034C>T (p.Thr345Met),3767,KCNJ11,HGNC:6257,Conflicting classifications of pathogenicity,0,"Feb 09, 2024",114215135,-,RCV000275394|RCV000330527|RCV000369920|RCV004772891|RCV002227144,"MONDO:MONDO:0011153,MedGen:C2931833,OMIM:601820,Orphanet:276580,Orphanet:276603|MONDO:MONDO:0014589,MedGen:C4225365,OMIM:616329,Orphanet:552|MONDO:MONDO:0012522,MedGen:C1864623,OMIM:610582,Orphanet:99886|MedGen:C3661900|Human Phenotype Ontology:HP:0004904,MONDO:MONDO:0018911,MedGen:C0342276,OMIM:PS125850,Orphanet:552","Hyperinsulinemic hypoglycemia, familial, 2|Maturity-onset diabetes of the young type 13|Diabetes mellitus, transient neonatal, 3|not provided|Maturity-onset diabetes of the young",germline;somatic,germline/somatic,GRCh38,NC_000011.10,11,17387058,17387058,na,na,11p15.1,"criteria provided, conflicting classifications",3,-,N,ClinGen:CA5902197,2,303734,17387058,G,A,-,-,-,-,-,-,SCV000369158|SCV000369159|SCV000369160|SCV002505966|SCV005383382,-,-
319490,single nucleotide variant,NM_000525.4(KCNJ11):c.-179C>T,3767,KCNJ11,HGNC:6257,Uncertain significance,0,"Jan 12, 2018",776949660,-,RCV000271683|RCV000305542|RCV000357939|RCV002227147,"MONDO:MONDO:0011153,MedGen:C2931833,OMIM:601820,Orphanet:276580,Orphanet:276603|MONDO:MONDO:0014589,MedGen:C4225365,OMIM:616329,Orphanet:552|MONDO:MONDO:0012522,MedGen:C1864623,OMIM:610582,Orphanet:99886|Human Phenotype Ontology:HP:0004904,MONDO:MONDO:0018911,MedGen:C0342276,OMIM:PS125850,Orphanet:552","Hyperinsulinemic hypoglycemia, familial, 2|Maturity-onset diabetes of the young type 13|Diabetes mellitus, transient neonatal, 3|Maturity-onset diabetes of the young",germline;somatic,germline/somatic,GRCh37,NC_000011.9,11,17409817,17409817,na,na,11p15.1,"criteria provided, multiple submitters, no conflicts",2,-,N,ClinGen:CA10634201,2,303741,17409817,G,A,-,-,-,-,-,-,SCV000369197|SCV000369198|SCV000369199|SCV002505963,-,-
319490,single nucleotide variant,NM_000525.4(KCNJ11):c.-179C>T,3767,KCNJ11,HGNC:6257,Uncertain significance,0,"Jan 12, 2018",776949660,-,RCV000271683|RCV000305542|RCV000357939|RCV002227147,"MONDO:MONDO:0011153,MedGen:C2931833,OMIM:601820,Orphanet:276580,Orphanet:276603|MONDO:MONDO:0014589,MedGen:C4225365,OMIM:616329,Orphanet:552|MONDO:MONDO:0012522,MedGen:C1864623,OMIM:610582,Orphanet:99886|Human Phenotype Ontology:HP:0004904,MONDO:MONDO:0018911,MedGen:C0342276,OMIM:PS125850,Orphanet:552","Hyperinsulinemic hypoglycemia, familial, 2|Maturity-onset diabetes of the young type 13|Diabetes mellitus, transient neonatal, 3|Maturity-onset diabetes of the young",germline;somatic,germline/somatic,GRCh38,NC_000011.10,11,17388270,17388270,na,na,11p15.1,"criteria provided, multiple submitters, no conflicts",2,-,N,ClinGen:CA10634201,2,303741,17388270,G,A,-,-,-,-,-,-,SCV000369197|SCV000369198|SCV000369199|SCV002505963,-,-
319491,single nucleotide variant,NM_000525.4(KCNJ11):c.-546G>T,3767,KCNJ11,HGNC:6257,Uncertain significance,0,"Jan 13, 2018",886048045,-,RCV000281794|RCV000331620|RCV000374588|RCV002227149,"MONDO:MONDO:0011153,MedGen:C2931833,OMIM:601820,Orphanet:276580,Orphanet:276603|MONDO:MONDO:0012522,MedGen:C1864623,OMIM:610582,Orphanet:99886|MONDO:MONDO:0014589,MedGen:C4225365,OMIM:616329,Orphanet:552|Human Phenotype Ontology:HP:0004904,MONDO:MONDO:0018911,MedGen:C0342276,OMIM:PS125850,Orphanet:552","Hyperinsulinemic hypoglycemia, familial, 2|Diabetes mellitus, transient neonatal, 3|Maturity-onset diabetes of the young type 13|Maturity-onset diabetes of the young",germline;somatic,germline/somatic,GRCh37,NC_000011.9,11,17410184,17410184,na,na,11p15.1,"criteria provided, multiple submitters, no conflicts",2,-,N,ClinGen:CA10634202,2,303744,17410184,C,A,-,-,-,-,-,-,SCV000369206|SCV000369207|SCV000369208|SCV002505961,-,-
319491,single nucleotide variant,NM_000525.4(KCNJ11):c.-546G>T,3767,KCNJ11,HGNC:6257,Uncertain significance,0,"Jan 13, 2018",886048045,-,RCV000281794|RCV000331620|RCV000374588|RCV002227149,"MONDO:MONDO:0011153,MedGen:C2931833,OMIM:601820,Orphanet:276580,Orphanet:276603|MONDO:MONDO:0012522,MedGen:C1864623,OMIM:610582,Orphanet:99886|MONDO:MONDO:0014589,MedGen:C4225365,OMIM:616329,Orphanet:552|Human Phenotype Ontology:HP:0004904,MONDO:MONDO:0018911,MedGen:C0342276,OMIM:PS125850,Orphanet:552","Hyperinsulinemic hypoglycemia, familial, 2|Diabetes mellitus, transient neonatal, 3|Maturity-onset diabetes of the young type 13|Maturity-onset diabetes of the young",germline;somatic,germline/somatic,GRCh38,NC_000011.10,11,17388637,17388637,na,na,11p15.1,"criteria provided, multiple submitters, no conflicts",2,-,N,ClinGen:CA10634202,2,303744,17388637,C,A,-,-,-,-,-,-,SCV000369206|SCV000369207|SCV000369208|SCV002505961,-,-
319492,single nucleotide variant,NM_000352.6(ABCC8):c.4690A>G (p.Lys1564Glu),6833,ABCC8,HGNC:59,Conflicting classifications of pathogenicity,0,"Dec 19, 2025",770317560,-,RCV000275583|RCV000318584|RCV000367803|RCV002520698,"MONDO:MONDO:0009734,MedGen:C2931832,OMIM:256450,Orphanet:276575,Orphanet:276598|MONDO:MONDO:0012480,MedGen:C1835887,OMIM:610374,Orphanet:99886|MONDO:MONDO:0100164,MedGen:C1833104,OMIM:PS606176,Orphanet:99885|MedGen:C3661900","Hyperinsulinemic hypoglycemia, familial, 1|Diabetes mellitus, transient neonatal, 2|Permanent neonatal diabetes mellitus|not provided",germline,germline,GRCh37,NC_000011.9,11,17414594,17414594,na,na,11p15.1,"criteria provided, conflicting classifications",3,-,N,ClinGen:CA5902382,2,303747,17414594,T,C,-,-,-,-,-,-,SCV000369221|SCV000369222|SCV000369223|SCV003507280|SCV007118277,-,-
319492,single nucleotide variant,NM_000352.6(ABCC8):c.4690A>G (p.Lys1564Glu),6833,ABCC8,HGNC:59,Conflicting classifications of pathogenicity,0,"Dec 19, 2025",770317560,-,RCV000275583|RCV000318584|RCV000367803|RCV002520698,"MONDO:MONDO:0009734,MedGen:C2931832,OMIM:256450,Orphanet:276575,Orphanet:276598|MONDO:MONDO:0012480,MedGen:C1835887,OMIM:610374,Orphanet:99886|MONDO:MONDO:0100164,MedGen:C1833104,OMIM:PS606176,Orphanet:99885|MedGen:C3661900","Hyperinsulinemic hypoglycemia, familial, 1|Diabetes mellitus, transient neonatal, 2|Permanent neonatal diabetes mellitus|not provided",germline,germline,GRCh38,NC_000011.10,11,17393047,17393047,na,na,11p15.1,"criteria provided, conflicting classifications",3,-,N,ClinGen:CA5902382,2,303747,17393047,T,C,-,-,-,-,-,-,SCV000369221|SCV000369222|SCV000369223|SCV003507280|SCV007118277,-,-
319496,single nucleotide variant,NM_000352.6(ABCC8):c.4605C>T (p.Ile1535=),6833,ABCC8,HGNC:59,Conflicting classifications of pathogenicity,0,"Jan 19, 2026",780203284,-,RCV000287014|RCV000321052|RCV000379102|RCV001476298|RCV002244755|RCV002244756,"MONDO:MONDO:0009734,MedGen:C2931832,OMIM:256450,Orphanet:276575,Orphanet:276598|MONDO:MONDO:0012480,MedGen:C1835887,OMIM:610374,Orphanet:99886|MONDO:MONDO:0100164,MedGen:C1833104,OMIM:PS606176,Orphanet:99885|MedGen:C3661900|Human Phenotype Ontology:HP:0004904,MONDO:MONDO:0018911,MedGen:C0342276,OMIM:PS125850,Orphanet:552|Human Phenotype Ontology:HP:0008255,MONDO:MONDO:0020525,MedGen:C0342273","Hyperinsulinemic hypoglycemia, familial, 1|Diabetes mellitus, transient neonatal, 2|Permanent neonatal diabetes mellitus|not provided|Maturity-onset diabetes of the young|Transitory neonatal diabetes mellitus",germline;somatic,germline/somatic,GRCh37,NC_000011.9,11,17415247,17415247,na,na,11p15.1,"criteria provided, conflicting classifications",3,-,N,ClinGen:CA5902423,2,303749,17415247,G,A,-,-,-,-,-,-,SCV000369227|SCV000369228|SCV000369229|SCV001680504|SCV002512172|SCV002512173,-,-
319496,single nucleotide variant,NM_000352.6(ABCC8):c.4605C>T (p.Ile1535=),6833,ABCC8,HGNC:59,Conflicting classifications of pathogenicity,0,"Jan 19, 2026",780203284,-,RCV000287014|RCV000321052|RCV000379102|RCV001476298|RCV002244755|RCV002244756,"MONDO:MONDO:0009734,MedGen:C2931832,OMIM:256450,Orphanet:276575,Orphanet:276598|MONDO:MONDO:0012480,MedGen:C1835887,OMIM:610374,Orphanet:99886|MONDO:MONDO:0100164,MedGen:C1833104,OMIM:PS606176,Orphanet:99885|MedGen:C3661900|Human Phenotype Ontology:HP:0004904,MONDO:MONDO:0018911,MedGen:C0342276,OMIM:PS125850,Orphanet:552|Human Phenotype Ontology:HP:0008255,MONDO:MONDO:0020525,MedGen:C0342273","Hyperinsulinemic hypoglycemia, familial, 1|Diabetes mellitus, transient neonatal, 2|Permanent neonatal diabetes mellitus|not provided|Maturity-onset diabetes of the young|Transitory neonatal diabetes mellitus",germline;somatic,germline/somatic,GRCh38,NC_000011.10,11,17393700,17393700,na,na,11p15.1,"criteria provided, conflicting classifications",3,-,N,ClinGen:CA5902423,2,303749,17393700,G,A,-,-,-,-,-,-,SCV000369227|SCV000369228|SCV000369229|SCV001680504|SCV002512172|SCV002512173,-,-
319498,single nucleotide variant,NM_000352.6(ABCC8):c.4239G>T (p.Pro1413=),6833,ABCC8,HGNC:59,Conflicting classifications of pathogenicity,0,"Jan 25, 2026",373478721,-,RCV000297318|RCV000354588|RCV000399523|RCV000975624|RCV001277178,"MONDO:MONDO:0100164,MedGen:C1833104,OMIM:PS606176,Orphanet:99885|MONDO:MONDO:0012480,MedGen:C1835887,OMIM:610374,Orphanet:99886|MONDO:MONDO:0009734,MedGen:C2931832,OMIM:256450,Orphanet:276575,Orphanet:276598|MedGen:C3661900|","Permanent neonatal diabetes mellitus|Diabetes mellitus, transient neonatal, 2|Hyperinsulinemic hypoglycemia, familial, 1|not provided|Hereditary hyperinsulinism",germline,germline,GRCh37,NC_000011.9,11,17417225,17417225,na,na,11p15.1,"criteria provided, conflicting classifications",5,-,N,ClinGen:CA5902525,2,303751,17417225,C,A,-,-,-,-,-,-,SCV000369239|SCV000369240|SCV000369241|SCV001123512,-,-
319498,single nucleotide variant,NM_000352.6(ABCC8):c.4239G>T (p.Pro1413=),6833,ABCC8,HGNC:59,Conflicting classifications of pathogenicity,0,"Jan 25, 2026",373478721,-,RCV000297318|RCV000354588|RCV000399523|RCV000975624|RCV001277178,"MONDO:MONDO:0100164,MedGen:C1833104,OMIM:PS606176,Orphanet:99885|MONDO:MONDO:0012480,MedGen:C1835887,OMIM:610374,Orphanet:99886|MONDO:MONDO:0009734,MedGen:C2931832,OMIM:256450,Orphanet:276575,Orphanet:276598|MedGen:C3661900|","Permanent neonatal diabetes mellitus|Diabetes mellitus, transient neonatal, 2|Hyperinsulinemic hypoglycemia, familial, 1|not provided|Hereditary hyperinsulinism",germline,germline,GRCh38,NC_000011.10,11,17395678,17395678,na,na,11p15.1,"criteria provided, conflicting classifications",5,-,N,ClinGen:CA5902525,2,303751,17395678,C,A,-,-,-,-,-,-,SCV000369239|SCV000369240|SCV000369241|SCV001123512,-,-
319499,single nucleotide variant,NM_000352.6(ABCC8):c.4119+15C>T,6833,ABCC8,HGNC:59,Conflicting classifications of pathogenicity,0,"Jan 28, 2026",58368439,-,RCV000265605|RCV000327754|RCV000384793|RCV002056179|RCV002244759|RCV002244760|RCV004586673,"MONDO:MONDO:0100164,MedGen:C1833104,OMIM:PS606176,Orphanet:99885|MONDO:MONDO:0009734,MedGen:C2931832,OMIM:256450,Orphanet:276575,Orphanet:276598|MONDO:MONDO:0012480,MedGen:C1835887,OMIM:610374,Orphanet:99886|MedGen:C3661900|Human Phenotype Ontology:HP:0004904,MONDO:MONDO:0018911,MedGen:C0342276,OMIM:PS125850,Orphanet:552|Human Phenotype Ontology:HP:0008255,MONDO:MONDO:0020525,MedGen:C0342273|MedGen:CN169374","Permanent neonatal diabetes mellitus|Hyperinsulinemic hypoglycemia, familial, 1|Diabetes mellitus, transient neonatal, 2|not provided|Maturity-onset diabetes of the young|Transitory neonatal diabetes mellitus|not specified",germline;somatic,germline/somatic,GRCh37,NC_000011.9,11,17418448,17418448,na,na,11p15.1,"criteria provided, conflicting classifications",5,-,N,ClinGen:CA5902577,2,303753,17418448,G,A,-,-,-,-,-,-,SCV000369245|SCV000369246|SCV000369247|SCV002358328|SCV002513471|SCV002513473|SCV005077142|SCV005876809,-,-
319499,single nucleotide variant,NM_000352.6(ABCC8):c.4119+15C>T,6833,ABCC8,HGNC:59,Conflicting classifications of pathogenicity,0,"Jan 28, 2026",58368439,-,RCV000265605|RCV000327754|RCV000384793|RCV002056179|RCV002244759|RCV002244760|RCV004586673,"MONDO:MONDO:0100164,MedGen:C1833104,OMIM:PS606176,Orphanet:99885|MONDO:MONDO:0009734,MedGen:C2931832,OMIM:256450,Orphanet:276575,Orphanet:276598|MONDO:MONDO:0012480,MedGen:C1835887,OMIM:610374,Orphanet:99886|MedGen:C3661900|Human Phenotype Ontology:HP:0004904,MONDO:MONDO:0018911,MedGen:C0342276,OMIM:PS125850,Orphanet:552|Human Phenotype Ontology:HP:0008255,MONDO:MONDO:0020525,MedGen:C0342273|MedGen:CN169374","Permanent neonatal diabetes mellitus|Hyperinsulinemic hypoglycemia, familial, 1|Diabetes mellitus, transient neonatal, 2|not provided|Maturity-onset diabetes of the young|Transitory neonatal diabetes mellitus|not specified",germline;somatic,germline/somatic,GRCh38,NC_000011.10,11,17396901,17396901,na,na,11p15.1,"criteria provided, conflicting classifications",5,-,N,ClinGen:CA5902577,2,303753,17396901,G,A,-,-,-,-,-,-,SCV000369245|SCV000369246|SCV000369247|SCV002358328|SCV002513471|SCV002513473|SCV005077142|SCV005876809,-,-
319504,single nucleotide variant,NM_000352.6(ABCC8):c.3975C>T (p.Tyr1325=),6833,ABCC8,HGNC:59,Conflicting classifications of pathogenicity,0,"Jan 25, 2026",138141427,-,RCV000299357|RCV000340284|RCV000401324|RCV000501079|RCV000872611|RCV002374518|RCV002246117|RCV002246116,"MONDO:MONDO:0100164,MedGen:C1833104,OMIM:PS606176,Orphanet:99885|MONDO:MONDO:0012480,MedGen:C1835887,OMIM:610374,Orphanet:99886|MONDO:MONDO:0009734,MedGen:C2931832,OMIM:256450,Orphanet:276575,Orphanet:276598|MedGen:CN169374|MedGen:C3661900|MeSH:D030342,MedGen:C0950123|Human Phenotype Ontology:HP:0008255,MONDO:MONDO:0020525,MedGen:C0342273|Human Phenotype Ontology:HP:0004904,MONDO:MONDO:0018911,MedGen:C0342276,OMIM:PS125850,Orphanet:552","Permanent neonatal diabetes mellitus|Diabetes mellitus, transient neonatal, 2|Hyperinsulinemic hypoglycemia, familial, 1|not specified|not provided|Inborn genetic diseases|Transitory neonatal diabetes mellitus|Maturity-onset diabetes of the young",germline;somatic,germline/somatic,GRCh37,NC_000011.9,11,17418753,17418753,na,na,11p15.1,"criteria provided, conflicting classifications",9,-,N,ClinGen:CA5902632,2,303756,17418753,G,A,-,-,-,-,-,-,SCV000369257|SCV000369258|SCV000369259|SCV000592963|SCV000612212|SCV001014455|SCV001783524|SCV002513523|SCV002513524|SCV002585318|SCV002625096|SCV007333671,-,-
319504,single nucleotide variant,NM_000352.6(ABCC8):c.3975C>T (p.Tyr1325=),6833,ABCC8,HGNC:59,Conflicting classifications of pathogenicity,0,"Jan 25, 2026",138141427,-,RCV000299357|RCV000340284|RCV000401324|RCV000501079|RCV000872611|RCV002374518|RCV002246117|RCV002246116,"MONDO:MONDO:0100164,MedGen:C1833104,OMIM:PS606176,Orphanet:99885|MONDO:MONDO:0012480,MedGen:C1835887,OMIM:610374,Orphanet:99886|MONDO:MONDO:0009734,MedGen:C2931832,OMIM:256450,Orphanet:276575,Orphanet:276598|MedGen:CN169374|MedGen:C3661900|MeSH:D030342,MedGen:C0950123|Human Phenotype Ontology:HP:0008255,MONDO:MONDO:0020525,MedGen:C0342273|Human Phenotype Ontology:HP:0004904,MONDO:MONDO:0018911,MedGen:C0342276,OMIM:PS125850,Orphanet:552","Permanent neonatal diabetes mellitus|Diabetes mellitus, transient neonatal, 2|Hyperinsulinemic hypoglycemia, familial, 1|not specified|not provided|Inborn genetic diseases|Transitory neonatal diabetes mellitus|Maturity-onset diabetes of the young",germline;somatic,germline/somatic,GRCh38,NC_000011.10,11,17397206,17397206,na,na,11p15.1,"criteria provided, conflicting classifications",9,-,N,ClinGen:CA5902632,2,303756,17397206,G,A,-,-,-,-,-,-,SCV000369257|SCV000369258|SCV000369259|SCV000592963|SCV000612212|SCV001014455|SCV001783524|SCV002513523|SCV002513524|SCV002585318|SCV002625096|SCV007333671,-,-
319505,single nucleotide variant,NM_000352.6(ABCC8):c.3858C>T (p.Tyr1286=),6833,ABCC8,HGNC:59,Conflicting classifications of pathogenicity,0,"Oct 25, 2025",377045545,-,RCV000275432|RCV000310742|RCV000365441|RCV000915714|RCV002246121|RCV002246120|RCV002356417|RCV004537708,"MONDO:MONDO:0100164,MedGen:C1833104,OMIM:PS606176,Orphanet:99885|MONDO:MONDO:0012480,MedGen:C1835887,OMIM:610374,Orphanet:99886|MONDO:MONDO:0009734,MedGen:C2931832,OMIM:256450,Orphanet:276575,Orphanet:276598|MedGen:C3661900|Human Phenotype Ontology:HP:0008255,MONDO:MONDO:0020525,MedGen:C0342273|Human Phenotype Ontology:HP:0004904,MONDO:MONDO:0018911,MedGen:C0342276,OMIM:PS125850,Orphanet:552|MeSH:D030342,MedGen:C0950123|","Permanent neonatal diabetes mellitus|Diabetes mellitus, transient neonatal, 2|Hyperinsulinemic hypoglycemia, familial, 1|not provided|Transitory neonatal diabetes mellitus|Maturity-onset diabetes of the young|Inborn genetic diseases|ABCC8-related disorder",germline;somatic,germline/somatic,GRCh37,NC_000011.9,11,17419240,17419240,na,na,11p15.1,"criteria provided, conflicting classifications",6,-,N,ClinGen:CA5902682,2,303758,17419240,G,A,-,-,-,-,-,-,SCV000369263|SCV000369264|SCV000369265|SCV001060931|SCV002513762|SCV002513763|SCV002622831|SCV004184134,-,-
319505,single nucleotide variant,NM_000352.6(ABCC8):c.3858C>T (p.Tyr1286=),6833,ABCC8,HGNC:59,Conflicting classifications of pathogenicity,0,"Oct 25, 2025",377045545,-,RCV000275432|RCV000310742|RCV000365441|RCV000915714|RCV002246121|RCV002246120|RCV002356417|RCV004537708,"MONDO:MONDO:0100164,MedGen:C1833104,OMIM:PS606176,Orphanet:99885|MONDO:MONDO:0012480,MedGen:C1835887,OMIM:610374,Orphanet:99886|MONDO:MONDO:0009734,MedGen:C2931832,OMIM:256450,Orphanet:276575,Orphanet:276598|MedGen:C3661900|Human Phenotype Ontology:HP:0008255,MONDO:MONDO:0020525,MedGen:C0342273|Human Phenotype Ontology:HP:0004904,MONDO:MONDO:0018911,MedGen:C0342276,OMIM:PS125850,Orphanet:552|MeSH:D030342,MedGen:C0950123|","Permanent neonatal diabetes mellitus|Diabetes mellitus, transient neonatal, 2|Hyperinsulinemic hypoglycemia, familial, 1|not provided|Transitory neonatal diabetes mellitus|Maturity-onset diabetes of the young|Inborn genetic diseases|ABCC8-related disorder",germline;somatic,germline/somatic,GRCh38,NC_000011.10,11,17397693,17397693,na,na,11p15.1,"criteria provided, conflicting classifications",6,-,N,ClinGen:CA5902682,2,303758,17397693,G,A,-,-,-,-,-,-,SCV000369263|SCV000369264|SCV000369265|SCV001060931|SCV002513762|SCV002513763|SCV002622831|SCV004184134,-,-
319511,single nucleotide variant,NM_000352.6(ABCC8):c.3705T>C (p.Ile1235=),6833,ABCC8,HGNC:59,Uncertain significance,0,"Jan 13, 2018",886048049,-,RCV000282188|RCV000317797|RCV000372470|RCV002244763|RCV002244762,"MONDO:MONDO:0009734,MedGen:C2931832,OMIM:256450,Orphanet:276575,Orphanet:276598|MONDO:MONDO:0012480,MedGen:C1835887,OMIM:610374,Orphanet:99886|MONDO:MONDO:0100164,MedGen:C1833104,OMIM:PS606176,Orphanet:99885|Human Phenotype Ontology:HP:0008255,MONDO:MONDO:0020525,MedGen:C0342273|Human Phenotype Ontology:HP:0004904,MONDO:MONDO:0018911,MedGen:C0342276,OMIM:PS125850,Orphanet:552","Hyperinsulinemic hypoglycemia, familial, 1|Diabetes mellitus, transient neonatal, 2|Permanent neonatal diabetes mellitus|Transitory neonatal diabetes mellitus|Maturity-onset diabetes of the young",germline;somatic,germline/somatic,GRCh37,NC_000011.9,11,17419934,17419934,na,na,11p15.1,"criteria provided, multiple submitters, no conflicts",2,-,N,ClinGen:CA10634211,2,303759,17419934,A,G,-,-,-,-,-,-,SCV000369269|SCV000369270|SCV000369271|SCV002515385|SCV002515386,-,-
319511,single nucleotide variant,NM_000352.6(ABCC8):c.3705T>C (p.Ile1235=),6833,ABCC8,HGNC:59,Uncertain significance,0,"Jan 13, 2018",886048049,-,RCV000282188|RCV000317797|RCV000372470|RCV002244763|RCV002244762,"MONDO:MONDO:0009734,MedGen:C2931832,OMIM:256450,Orphanet:276575,Orphanet:276598|MONDO:MONDO:0012480,MedGen:C1835887,OMIM:610374,Orphanet:99886|MONDO:MONDO:0100164,MedGen:C1833104,OMIM:PS606176,Orphanet:99885|Human Phenotype Ontology:HP:0008255,MONDO:MONDO:0020525,MedGen:C0342273|Human Phenotype Ontology:HP:0004904,MONDO:MONDO:0018911,MedGen:C0342276,OMIM:PS125850,Orphanet:552","Hyperinsulinemic hypoglycemia, familial, 1|Diabetes mellitus, transient neonatal, 2|Permanent neonatal diabetes mellitus|Transitory neonatal diabetes mellitus|Maturity-onset diabetes of the young",germline;somatic,germline/somatic,GRCh38,NC_000011.10,11,17398387,17398387,na,na,11p15.1,"criteria provided, multiple submitters, no conflicts",2,-,N,ClinGen:CA10634211,2,303759,17398387,A,G,-,-,-,-,-,-,SCV000369269|SCV000369270|SCV000369271|SCV002515385|SCV002515386,-,-
319514,single nucleotide variant,NM_000352.6(ABCC8):c.3552G>A (p.Ala1184=),6833,ABCC8,HGNC:59,Conflicting classifications of pathogenicity,0,"Feb 02, 2026",144207158,-,RCV000273585|RCV000314454|RCV000368056|RCV000502198|RCV000932525|RCV002244769|RCV002244768,"MONDO:MONDO:0100164,MedGen:C1833104,OMIM:PS606176,Orphanet:99885|MONDO:MONDO:0009734,MedGen:C2931832,OMIM:256450,Orphanet:276575,Orphanet:276598|MONDO:MONDO:0012480,MedGen:C1835887,OMIM:610374,Orphanet:99886|MedGen:CN169374|MedGen:C3661900|Human Phenotype Ontology:HP:0008255,MONDO:MONDO:0020525,MedGen:C0342273|Human Phenotype Ontology:HP:0004904,MONDO:MONDO:0018911,MedGen:C0342276,OMIM:PS125850,Orphanet:552","Permanent neonatal diabetes mellitus|Hyperinsulinemic hypoglycemia, familial, 1|Diabetes mellitus, transient neonatal, 2|not specified|not provided|Transitory neonatal diabetes mellitus|Maturity-onset diabetes of the young",germline;somatic,germline/somatic,GRCh37,NC_000011.9,11,17426064,17426064,na,na,11p15.1,"criteria provided, conflicting classifications",5,-,N,ClinGen:CA5902784,2,303762,17426064,C,T,-,-,-,-,-,-,SCV000369281|SCV000369282|SCV000369283|SCV000592964|SCV001078209|SCV002515424|SCV002515425|SCV007336303,-,-
319514,single nucleotide variant,NM_000352.6(ABCC8):c.3552G>A (p.Ala1184=),6833,ABCC8,HGNC:59,Conflicting classifications of pathogenicity,0,"Feb 02, 2026",144207158,-,RCV000273585|RCV000314454|RCV000368056|RCV000502198|RCV000932525|RCV002244769|RCV002244768,"MONDO:MONDO:0100164,MedGen:C1833104,OMIM:PS606176,Orphanet:99885|MONDO:MONDO:0009734,MedGen:C2931832,OMIM:256450,Orphanet:276575,Orphanet:276598|MONDO:MONDO:0012480,MedGen:C1835887,OMIM:610374,Orphanet:99886|MedGen:CN169374|MedGen:C3661900|Human Phenotype Ontology:HP:0008255,MONDO:MONDO:0020525,MedGen:C0342273|Human Phenotype Ontology:HP:0004904,MONDO:MONDO:0018911,MedGen:C0342276,OMIM:PS125850,Orphanet:552","Permanent neonatal diabetes mellitus|Hyperinsulinemic hypoglycemia, familial, 1|Diabetes mellitus, transient neonatal, 2|not specified|not provided|Transitory neonatal diabetes mellitus|Maturity-onset diabetes of the young",germline;somatic,germline/somatic,GRCh38,NC_000011.10,11,17404517,17404517,na,na,11p15.1,"criteria provided, conflicting classifications",5,-,N,ClinGen:CA5902784,2,303762,17404517,C,T,-,-,-,-,-,-,SCV000369281|SCV000369282|SCV000369283|SCV000592964|SCV001078209|SCV002515424|SCV002515425|SCV007336303,-,-
319516,single nucleotide variant,NM_000352.6(ABCC8):c.2993G>C (p.Arg998Pro),6833,ABCC8,HGNC:59,Uncertain significance,0,"May 28, 2024",776248166,-,RCV000299409|RCV000358929|RCV000398699|RCV000710051|RCV005044565,"MONDO:MONDO:0100164,MedGen:C1833104,OMIM:PS606176,Orphanet:99885|MONDO:MONDO:0009734,MedGen:C2931832,OMIM:256450,Orphanet:276575,Orphanet:276598|MONDO:MONDO:0012480,MedGen:C1835887,OMIM:610374,Orphanet:99886|MedGen:C3661900|MONDO:MONDO:0012480,MedGen:C1835887,OMIM:610374,Orphanet:99886;MONDO:MONDO:0009415,MedGen:C0271714,OMIM:240800;MONDO:MONDO:0030088,MedGen:C5394303,OMIM:618857;Human Phenotype Ontology:HP:0005965,Human Phenotype Ontology:HP:0005978,Human Phenotype Ontology:HP:0100652,MONDO:MONDO:0005148,MeSH:D003924,MedGen:C0011860,OMIM:125853;MONDO:MONDO:0009734,MedGen:C2931832,OMIM:256450,Orphanet:276575,Orphanet:276598","Permanent neonatal diabetes mellitus|Hyperinsulinemic hypoglycemia, familial, 1|Diabetes mellitus, transient neonatal, 2|not provided|Diabetes mellitus, transient neonatal, 2;Leucine-induced hypoglycemia;Diabetes mellitus, permanent neonatal 3;Type 2 diabetes mellitus;Hyperinsulinemic hypoglycemia, familial, 1",germline;unknown,germline,GRCh37,NC_000011.9,11,17428604,17428604,na,na,11p15.1,"criteria provided, multiple submitters, no conflicts",3,-,N,ClinGen:CA5902950,2,303768,17428604,C,G,-,-,-,-,-,-,SCV000369302|SCV000369303|SCV000369304|SCV000840431|SCV005676308,-,-
319516,single nucleotide variant,NM_000352.6(ABCC8):c.2993G>C (p.Arg998Pro),6833,ABCC8,HGNC:59,Uncertain significance,0,"May 28, 2024",776248166,-,RCV000299409|RCV000358929|RCV000398699|RCV000710051|RCV005044565,"MONDO:MONDO:0100164,MedGen:C1833104,OMIM:PS606176,Orphanet:99885|MONDO:MONDO:0009734,MedGen:C2931832,OMIM:256450,Orphanet:276575,Orphanet:276598|MONDO:MONDO:0012480,MedGen:C1835887,OMIM:610374,Orphanet:99886|MedGen:C3661900|MONDO:MONDO:0012480,MedGen:C1835887,OMIM:610374,Orphanet:99886;MONDO:MONDO:0009415,MedGen:C0271714,OMIM:240800;MONDO:MONDO:0030088,MedGen:C5394303,OMIM:618857;Human Phenotype Ontology:HP:0005965,Human Phenotype Ontology:HP:0005978,Human Phenotype Ontology:HP:0100652,MONDO:MONDO:0005148,MeSH:D003924,MedGen:C0011860,OMIM:125853;MONDO:MONDO:0009734,MedGen:C2931832,OMIM:256450,Orphanet:276575,Orphanet:276598","Permanent neonatal diabetes mellitus|Hyperinsulinemic hypoglycemia, familial, 1|Diabetes mellitus, transient neonatal, 2|not provided|Diabetes mellitus, transient neonatal, 2;Leucine-induced hypoglycemia;Diabetes mellitus, permanent neonatal 3;Type 2 diabetes mellitus;Hyperinsulinemic hypoglycemia, familial, 1",germline;unknown,germline,GRCh38,NC_000011.10,11,17407057,17407057,na,na,11p15.1,"criteria provided, multiple submitters, no conflicts",3,-,N,ClinGen:CA5902950,2,303768,17407057,C,G,-,-,-,-,-,-,SCV000369302|SCV000369303|SCV000369304|SCV000840431|SCV005676308,-,-
319517,single nucleotide variant,NM_000352.6(ABCC8):c.2422C>A (p.Gln808Lys),6833,ABCC8,HGNC:59,Conflicting classifications of pathogenicity,0,"Oct 17, 2024",202189540,-,RCV000273521|RCV000310642|RCV000368130|RCV005044566|RCV004021505|RCV005051772,"MONDO:MONDO:0012480,MedGen:C1835887,OMIM:610374,Orphanet:99886|MONDO:MONDO:0009734,MedGen:C2931832,OMIM:256450,Orphanet:276575,Orphanet:276598|MONDO:MONDO:0100164,MedGen:C1833104,OMIM:PS606176,Orphanet:99885|MONDO:MONDO:0012480,MedGen:C1835887,OMIM:610374,Orphanet:99886;MONDO:MONDO:0009415,MedGen:C0271714,OMIM:240800;MONDO:MONDO:0030088,MedGen:C5394303,OMIM:618857;Human Phenotype Ontology:HP:0005965,Human Phenotype Ontology:HP:0005978,Human Phenotype Ontology:HP:0100652,MONDO:MONDO:0005148,MeSH:D003924,MedGen:C0011860,OMIM:125853;MONDO:MONDO:0009734,MedGen:C2931832,OMIM:256450,Orphanet:276575,Orphanet:276598|MeSH:D030342,MedGen:C0950123|MedGen:C3661900","Diabetes mellitus, transient neonatal, 2|Hyperinsulinemic hypoglycemia, familial, 1|Permanent neonatal diabetes mellitus|Diabetes mellitus, transient neonatal, 2;Leucine-induced hypoglycemia;Diabetes mellitus, permanent neonatal 3;Type 2 diabetes mellitus;Hyperinsulinemic hypoglycemia, familial, 1|Inborn genetic diseases|not provided",germline,germline,GRCh37,NC_000011.9,11,17434994,17434994,na,na,11p15.1,"criteria provided, conflicting classifications",5,-,N,ClinGen:CA5903144,2,303773,17434994,G,T,-,-,-,-,-,-,SCV000369326|SCV000369327|SCV000369328|SCV004910176|SCV005676346|SCV005685747|SCV005810867,-,-
319517,single nucleotide variant,NM_000352.6(ABCC8):c.2422C>A (p.Gln808Lys),6833,ABCC8,HGNC:59,Conflicting classifications of pathogenicity,0,"Oct 17, 2024",202189540,-,RCV000273521|RCV000310642|RCV000368130|RCV005044566|RCV004021505|RCV005051772,"MONDO:MONDO:0012480,MedGen:C1835887,OMIM:610374,Orphanet:99886|MONDO:MONDO:0009734,MedGen:C2931832,OMIM:256450,Orphanet:276575,Orphanet:276598|MONDO:MONDO:0100164,MedGen:C1833104,OMIM:PS606176,Orphanet:99885|MONDO:MONDO:0012480,MedGen:C1835887,OMIM:610374,Orphanet:99886;MONDO:MONDO:0009415,MedGen:C0271714,OMIM:240800;MONDO:MONDO:0030088,MedGen:C5394303,OMIM:618857;Human Phenotype Ontology:HP:0005965,Human Phenotype Ontology:HP:0005978,Human Phenotype Ontology:HP:0100652,MONDO:MONDO:0005148,MeSH:D003924,MedGen:C0011860,OMIM:125853;MONDO:MONDO:0009734,MedGen:C2931832,OMIM:256450,Orphanet:276575,Orphanet:276598|MeSH:D030342,MedGen:C0950123|MedGen:C3661900","Diabetes mellitus, transient neonatal, 2|Hyperinsulinemic hypoglycemia, familial, 1|Permanent neonatal diabetes mellitus|Diabetes mellitus, transient neonatal, 2;Leucine-induced hypoglycemia;Diabetes mellitus, permanent neonatal 3;Type 2 diabetes mellitus;Hyperinsulinemic hypoglycemia, familial, 1|Inborn genetic diseases|not provided",germline,germline,GRCh38,NC_000011.10,11,17413447,17413447,na,na,11p15.1,"criteria provided, conflicting classifications",5,-,N,ClinGen:CA5903144,2,303773,17413447,G,T,-,-,-,-,-,-,SCV000369326|SCV000369327|SCV000369328|SCV004910176|SCV005676346|SCV005685747|SCV005810867,-,-
319522,single nucleotide variant,NM_000352.6(ABCC8):c.2041-12C>T,6833,ABCC8,HGNC:59,Conflicting classifications of pathogenicity,0,"Feb 01, 2026",201419039,-,RCV000260794|RCV000318223|RCV000353291|RCV000517738|RCV001272234|RCV001414351|RCV004544510,"MONDO:MONDO:0009734,MedGen:C2931832,OMIM:256450,Orphanet:276575,Orphanet:276598|MONDO:MONDO:0100164,MedGen:C1833104,OMIM:PS606176,Orphanet:99885|MONDO:MONDO:0012480,MedGen:C1835887,OMIM:610374,Orphanet:99886|MedGen:CN169374||MedGen:C3661900|","Hyperinsulinemic hypoglycemia, familial, 1|Permanent neonatal diabetes mellitus|Diabetes mellitus, transient neonatal, 2|not specified|Hereditary hyperinsulinism|not provided|ABCC8-related disorder",germline,germline,GRCh37,NC_000011.9,11,17449501,17449501,na,na,11p15.1,"criteria provided, conflicting classifications",8,-,N,ClinGen:CA5903321,2,303778,17449501,G,A,-,-,-,-,-,-,SCV000369347|SCV000369348|SCV000369349|SCV000612203|SCV001616484|SCV001995955|SCV003800736|SCV004563391,-,-
319522,single nucleotide variant,NM_000352.6(ABCC8):c.2041-12C>T,6833,ABCC8,HGNC:59,Conflicting classifications of pathogenicity,0,"Feb 01, 2026",201419039,-,RCV000260794|RCV000318223|RCV000353291|RCV000517738|RCV001272234|RCV001414351|RCV004544510,"MONDO:MONDO:0009734,MedGen:C2931832,OMIM:256450,Orphanet:276575,Orphanet:276598|MONDO:MONDO:0100164,MedGen:C1833104,OMIM:PS606176,Orphanet:99885|MONDO:MONDO:0012480,MedGen:C1835887,OMIM:610374,Orphanet:99886|MedGen:CN169374||MedGen:C3661900|","Hyperinsulinemic hypoglycemia, familial, 1|Permanent neonatal diabetes mellitus|Diabetes mellitus, transient neonatal, 2|not specified|Hereditary hyperinsulinism|not provided|ABCC8-related disorder",germline,germline,GRCh38,NC_000011.10,11,17427954,17427954,na,na,11p15.1,"criteria provided, conflicting classifications",8,-,N,ClinGen:CA5903321,2,303778,17427954,G,A,-,-,-,-,-,-,SCV000369347|SCV000369348|SCV000369349|SCV000612203|SCV001616484|SCV001995955|SCV003800736|SCV004563391,-,-
319523,single nucleotide variant,NM_000352.6(ABCC8):c.1537G>A (p.Ala513Thr),6833,ABCC8,HGNC:59,Conflicting classifications of pathogenicity,0,"Feb 11, 2025",761748692,-,RCV000280602|RCV000337979|RCV000396760|RCV002266950|RCV002520703|RCV002266951|RCV004537710|RCV005044567,"MONDO:MONDO:0009734,MedGen:C2931832,OMIM:256450,Orphanet:276575,Orphanet:276598|MONDO:MONDO:0012480,MedGen:C1835887,OMIM:610374,Orphanet:99886|MONDO:MONDO:0100164,MedGen:C1833104,OMIM:PS606176,Orphanet:99885|Human Phenotype Ontology:HP:0004904,MONDO:MONDO:0018911,MedGen:C0342276,OMIM:PS125850,Orphanet:552|MedGen:C3661900|Human Phenotype Ontology:HP:0008255,MONDO:MONDO:0020525,MedGen:C0342273||MONDO:MONDO:0012480,MedGen:C1835887,OMIM:610374,Orphanet:99886;MONDO:MONDO:0009415,MedGen:C0271714,OMIM:240800;MONDO:MONDO:0030088,MedGen:C5394303,OMIM:618857;Human Phenotype Ontology:HP:0005965,Human Phenotype Ontology:HP:0005978,Human Phenotype Ontology:HP:0100652,MONDO:MONDO:0005148,MeSH:D003924,MedGen:C0011860,OMIM:125853;MONDO:MONDO:0009734,MedGen:C2931832,OMIM:256450,Orphanet:276575,Orphanet:276598","Hyperinsulinemic hypoglycemia, familial, 1|Diabetes mellitus, transient neonatal, 2|Permanent neonatal diabetes mellitus|Maturity-onset diabetes of the young|not provided|Transitory neonatal diabetes mellitus|ABCC8-related disorder|Diabetes mellitus, transient neonatal, 2;Leucine-induced hypoglycemia;Diabetes mellitus, permanent neonatal 3;Type 2 diabetes mellitus;Hyperinsulinemic hypoglycemia, familial, 1",germline;unknown,germline,GRCh37,NC_000011.9,11,17464360,17464360,na,na,11p15.1,"criteria provided, conflicting classifications",7,-,N,ClinGen:CA5903536,2,303783,17464360,C,T,-,-,-,-,-,-,SCV000369380|SCV000369381|SCV000369382|SCV002522393|SCV002522394|SCV003505761|SCV003824364|SCV003925367|SCV005676399,-,-
319523,single nucleotide variant,NM_000352.6(ABCC8):c.1537G>A (p.Ala513Thr),6833,ABCC8,HGNC:59,Conflicting classifications of pathogenicity,0,"Feb 11, 2025",761748692,-,RCV000280602|RCV000337979|RCV000396760|RCV002266950|RCV002520703|RCV002266951|RCV004537710|RCV005044567,"MONDO:MONDO:0009734,MedGen:C2931832,OMIM:256450,Orphanet:276575,Orphanet:276598|MONDO:MONDO:0012480,MedGen:C1835887,OMIM:610374,Orphanet:99886|MONDO:MONDO:0100164,MedGen:C1833104,OMIM:PS606176,Orphanet:99885|Human Phenotype Ontology:HP:0004904,MONDO:MONDO:0018911,MedGen:C0342276,OMIM:PS125850,Orphanet:552|MedGen:C3661900|Human Phenotype Ontology:HP:0008255,MONDO:MONDO:0020525,MedGen:C0342273||MONDO:MONDO:0012480,MedGen:C1835887,OMIM:610374,Orphanet:99886;MONDO:MONDO:0009415,MedGen:C0271714,OMIM:240800;MONDO:MONDO:0030088,MedGen:C5394303,OMIM:618857;Human Phenotype Ontology:HP:0005965,Human Phenotype Ontology:HP:0005978,Human Phenotype Ontology:HP:0100652,MONDO:MONDO:0005148,MeSH:D003924,MedGen:C0011860,OMIM:125853;MONDO:MONDO:0009734,MedGen:C2931832,OMIM:256450,Orphanet:276575,Orphanet:276598","Hyperinsulinemic hypoglycemia, familial, 1|Diabetes mellitus, transient neonatal, 2|Permanent neonatal diabetes mellitus|Maturity-onset diabetes of the young|not provided|Transitory neonatal diabetes mellitus|ABCC8-related disorder|Diabetes mellitus, transient neonatal, 2;Leucine-induced hypoglycemia;Diabetes mellitus, permanent neonatal 3;Type 2 diabetes mellitus;Hyperinsulinemic hypoglycemia, familial, 1",germline;unknown,germline,GRCh38,NC_000011.10,11,17442813,17442813,na,na,11p15.1,"criteria provided, conflicting classifications",7,-,N,ClinGen:CA5903536,2,303783,17442813,C,T,-,-,-,-,-,-,SCV000369380|SCV000369381|SCV000369382|SCV002522393|SCV002522394|SCV003505761|SCV003824364|SCV003925367|SCV005676399,-,-
319524,single nucleotide variant,NM_000352.6(ABCC8):c.853C>T (p.Arg285Trp),6833,ABCC8,HGNC:59,Uncertain significance,0,"Mar 06, 2025",773087569,-,RCV000283129|RCV000375274|RCV002261041|RCV002253382|RCV002520704,"MONDO:MONDO:0009734,MedGen:C2931832,OMIM:256450,Orphanet:276575,Orphanet:276598|MONDO:MONDO:0100164,MedGen:C1833104,OMIM:PS606176,Orphanet:99885|Human Phenotype Ontology:HP:0008255,MONDO:MONDO:0020525,MedGen:C0342273|Human Phenotype Ontology:HP:0004904,MONDO:MONDO:0018911,MedGen:C0342276,OMIM:PS125850,Orphanet:552|MedGen:C3661900","Hyperinsulinemic hypoglycemia, familial, 1|Permanent neonatal diabetes mellitus|Transitory neonatal diabetes mellitus|Maturity-onset diabetes of the young|not provided",germline;unknown,germline,GRCh37,NC_000011.9,11,17482193,17482193,na,na,11p15.1,"criteria provided, multiple submitters, no conflicts",4,-,N,ClinGen:CA5903741,2,303784,17482193,G,A,-,-,-,-,-,-,SCV000369396|SCV000369397|SCV002522551|SCV003449276|SCV007332165,-,-
319524,single nucleotide variant,NM_000352.6(ABCC8):c.853C>T (p.Arg285Trp),6833,ABCC8,HGNC:59,Uncertain significance,0,"Mar 06, 2025",773087569,-,RCV000283129|RCV000375274|RCV002261041|RCV002253382|RCV002520704,"MONDO:MONDO:0009734,MedGen:C2931832,OMIM:256450,Orphanet:276575,Orphanet:276598|MONDO:MONDO:0100164,MedGen:C1833104,OMIM:PS606176,Orphanet:99885|Human Phenotype Ontology:HP:0008255,MONDO:MONDO:0020525,MedGen:C0342273|Human Phenotype Ontology:HP:0004904,MONDO:MONDO:0018911,MedGen:C0342276,OMIM:PS125850,Orphanet:552|MedGen:C3661900","Hyperinsulinemic hypoglycemia, familial, 1|Permanent neonatal diabetes mellitus|Transitory neonatal diabetes mellitus|Maturity-onset diabetes of the young|not provided",germline;unknown,germline,GRCh38,NC_000011.10,11,17460646,17460646,na,na,11p15.1,"criteria provided, multiple submitters, no conflicts",4,-,N,ClinGen:CA5903741,2,303784,17460646,G,A,-,-,-,-,-,-,SCV000369396|SCV000369397|SCV002522551|SCV003449276|SCV007332165,-,-
319528,single nucleotide variant,NM_000352.6(ABCC8):c.413-15A>G,6833,ABCC8,HGNC:59,Conflicting classifications of pathogenicity,0,"Mar 16, 2024",758744263,-,RCV000262641|RCV000320143|RCV000354986|RCV002254290|RCV002254161|RCV003736699,"MONDO:MONDO:0012480,MedGen:C1835887,OMIM:610374,Orphanet:99886|MONDO:MONDO:0100164,MedGen:C1833104,OMIM:PS606176,Orphanet:99885|MONDO:MONDO:0009734,MedGen:C2931832,OMIM:256450,Orphanet:276575,Orphanet:276598|Human Phenotype Ontology:HP:0004904,MONDO:MONDO:0018911,MedGen:C0342276,OMIM:PS125850,Orphanet:552|Human Phenotype Ontology:HP:0008255,MONDO:MONDO:0020525,MedGen:C0342273|MedGen:C3661900","Diabetes mellitus, transient neonatal, 2|Permanent neonatal diabetes mellitus|Hyperinsulinemic hypoglycemia, familial, 1|Maturity-onset diabetes of the young|Transitory neonatal diabetes mellitus|not provided",germline;unknown,germline,GRCh37,NC_000011.9,11,17485166,17485166,na,na,11p15.1,"criteria provided, conflicting classifications",3,-,N,ClinGen:CA5903875,2,303787,17485166,T,C,-,-,-,-,-,-,SCV000369410|SCV000369411|SCV000369412|SCV002524081|SCV002524082|SCV004552931,-,-
319528,single nucleotide variant,NM_000352.6(ABCC8):c.413-15A>G,6833,ABCC8,HGNC:59,Conflicting classifications of pathogenicity,0,"Mar 16, 2024",758744263,-,RCV000262641|RCV000320143|RCV000354986|RCV002254290|RCV002254161|RCV003736699,"MONDO:MONDO:0012480,MedGen:C1835887,OMIM:610374,Orphanet:99886|MONDO:MONDO:0100164,MedGen:C1833104,OMIM:PS606176,Orphanet:99885|MONDO:MONDO:0009734,MedGen:C2931832,OMIM:256450,Orphanet:276575,Orphanet:276598|Human Phenotype Ontology:HP:0004904,MONDO:MONDO:0018911,MedGen:C0342276,OMIM:PS125850,Orphanet:552|Human Phenotype Ontology:HP:0008255,MONDO:MONDO:0020525,MedGen:C0342273|MedGen:C3661900","Diabetes mellitus, transient neonatal, 2|Permanent neonatal diabetes mellitus|Hyperinsulinemic hypoglycemia, familial, 1|Maturity-onset diabetes of the young|Transitory neonatal diabetes mellitus|not provided",germline;unknown,germline,GRCh38,NC_000011.10,11,17463619,17463619,na,na,11p15.1,"criteria provided, conflicting classifications",3,-,N,ClinGen:CA5903875,2,303787,17463619,T,C,-,-,-,-,-,-,SCV000369410|SCV000369411|SCV000369412|SCV002524081|SCV002524082|SCV004552931,-,-
325610,single nucleotide variant,NM_000525.4(KCNJ11):c.*937C>T,3767,KCNJ11,HGNC:6257,Uncertain significance,0,"Jan 13, 2018",886048033,-,RCV000292733|RCV000332681|RCV000387236|RCV002227125,"MONDO:MONDO:0014589,MedGen:C4225365,OMIM:616329,Orphanet:552|MONDO:MONDO:0012522,MedGen:C1864623,OMIM:610582,Orphanet:99886|MONDO:MONDO:0011153,MedGen:C2931833,OMIM:601820,Orphanet:276580,Orphanet:276603|Human Phenotype Ontology:HP:0004904,MONDO:MONDO:0018911,MedGen:C0342276,OMIM:PS125850,Orphanet:552","Maturity-onset diabetes of the young type 13|Diabetes mellitus, transient neonatal, 3|Hyperinsulinemic hypoglycemia, familial, 2|Maturity-onset diabetes of the young",germline;somatic,germline/somatic,GRCh37,NC_000011.9,11,17407529,17407529,na,na,11p15.1,"criteria provided, multiple submitters, no conflicts",2,-,N,ClinGen:CA10637934,2,303711,17407529,G,A,-,-,-,-,-,-,SCV000369080|SCV000369081|SCV000369082|SCV002506454,-,-
325610,single nucleotide variant,NM_000525.4(KCNJ11):c.*937C>T,3767,KCNJ11,HGNC:6257,Uncertain significance,0,"Jan 13, 2018",886048033,-,RCV000292733|RCV000332681|RCV000387236|RCV002227125,"MONDO:MONDO:0014589,MedGen:C4225365,OMIM:616329,Orphanet:552|MONDO:MONDO:0012522,MedGen:C1864623,OMIM:610582,Orphanet:99886|MONDO:MONDO:0011153,MedGen:C2931833,OMIM:601820,Orphanet:276580,Orphanet:276603|Human Phenotype Ontology:HP:0004904,MONDO:MONDO:0018911,MedGen:C0342276,OMIM:PS125850,Orphanet:552","Maturity-onset diabetes of the young type 13|Diabetes mellitus, transient neonatal, 3|Hyperinsulinemic hypoglycemia, familial, 2|Maturity-onset diabetes of the young",germline;somatic,germline/somatic,GRCh38,NC_000011.10,11,17385982,17385982,na,na,11p15.1,"criteria provided, multiple submitters, no conflicts",2,-,N,ClinGen:CA10637934,2,303711,17385982,G,A,-,-,-,-,-,-,SCV000369080|SCV000369081|SCV000369082|SCV002506454,-,-
325611,Duplication,NM_000525.4(KCNJ11):c.*826_*827dup,3767,KCNJ11,HGNC:6257,Uncertain significance,0,-,886048034,-,RCV000394901,"Human Phenotype Ontology:HP:0004904,MONDO:MONDO:0018911,MedGen:C0342276,OMIM:PS125850,Orphanet:552",Maturity-onset diabetes of the young,somatic,somatic,GRCh37,NC_000011.9,11,17407638,17407639,na,na,11p15.1,"criteria provided, single submitter",1,-,N,ClinGen:CA10637935,2,303713,17407638,G,GGA,-,-,-,-,-,-,SCV002505406,-,-
325611,Duplication,NM_000525.4(KCNJ11):c.*826_*827dup,3767,KCNJ11,HGNC:6257,Uncertain significance,0,-,886048034,-,RCV000394901,"Human Phenotype Ontology:HP:0004904,MONDO:MONDO:0018911,MedGen:C0342276,OMIM:PS125850,Orphanet:552",Maturity-onset diabetes of the young,somatic,somatic,GRCh38,NC_000011.10,11,17386091,17386092,na,na,11p15.1,"criteria provided, single submitter",1,-,N,ClinGen:CA10637935,2,303713,17386091,G,GGA,-,-,-,-,-,-,SCV002505406,-,-
325613,single nucleotide variant,NM_000525.4(KCNJ11):c.*732C>T,3767,KCNJ11,HGNC:6257,Uncertain significance,0,"Jan 13, 2018",886048035,-,RCV000310201|RCV000340477|RCV000398423|RCV002227127,"MONDO:MONDO:0014589,MedGen:C4225365,OMIM:616329,Orphanet:552|MONDO:MONDO:0011153,MedGen:C2931833,OMIM:601820,Orphanet:276580,Orphanet:276603|MONDO:MONDO:0012522,MedGen:C1864623,OMIM:610582,Orphanet:99886|Human Phenotype Ontology:HP:0004904,MONDO:MONDO:0018911,MedGen:C0342276,OMIM:PS125850,Orphanet:552","Maturity-onset diabetes of the young type 13|Hyperinsulinemic hypoglycemia, familial, 2|Diabetes mellitus, transient neonatal, 3|Maturity-onset diabetes of the young",germline;somatic,germline/somatic,GRCh37,NC_000011.9,11,17407734,17407734,na,na,11p15.1,"criteria provided, multiple submitters, no conflicts",2,-,N,ClinGen:CA10637937,2,303714,17407734,G,A,-,-,-,-,-,-,SCV000369089|SCV000369090|SCV000369091|SCV002506453,-,-
325613,single nucleotide variant,NM_000525.4(KCNJ11):c.*732C>T,3767,KCNJ11,HGNC:6257,Uncertain significance,0,"Jan 13, 2018",886048035,-,RCV000310201|RCV000340477|RCV000398423|RCV002227127,"MONDO:MONDO:0014589,MedGen:C4225365,OMIM:616329,Orphanet:552|MONDO:MONDO:0011153,MedGen:C2931833,OMIM:601820,Orphanet:276580,Orphanet:276603|MONDO:MONDO:0012522,MedGen:C1864623,OMIM:610582,Orphanet:99886|Human Phenotype Ontology:HP:0004904,MONDO:MONDO:0018911,MedGen:C0342276,OMIM:PS125850,Orphanet:552","Maturity-onset diabetes of the young type 13|Hyperinsulinemic hypoglycemia, familial, 2|Diabetes mellitus, transient neonatal, 3|Maturity-onset diabetes of the young",germline;somatic,germline/somatic,GRCh38,NC_000011.10,11,17386187,17386187,na,na,11p15.1,"criteria provided, multiple submitters, no conflicts",2,-,N,ClinGen:CA10637937,2,303714,17386187,G,A,-,-,-,-,-,-,SCV000369089|SCV000369090|SCV000369091|SCV002506453,-,-
325623,single nucleotide variant,NM_000525.4(KCNJ11):c.*701A>T,3767,KCNJ11,HGNC:6257,Uncertain significance,0,"Jan 12, 2018",5207,-,RCV000306252|RCV000346374|RCV000390323|RCV002227128,"MONDO:MONDO:0011153,MedGen:C2931833,OMIM:601820,Orphanet:276580,Orphanet:276603|MONDO:MONDO:0014589,MedGen:C4225365,OMIM:616329,Orphanet:552|MONDO:MONDO:0012522,MedGen:C1864623,OMIM:610582,Orphanet:99886|Human Phenotype Ontology:HP:0004904,MONDO:MONDO:0018911,MedGen:C0342276,OMIM:PS125850,Orphanet:552","Hyperinsulinemic hypoglycemia, familial, 2|Maturity-onset diabetes of the young type 13|Diabetes mellitus, transient neonatal, 3|Maturity-onset diabetes of the young",germline;somatic,germline/somatic,GRCh37,NC_000011.9,11,17407765,17407765,na,na,11p15.1,"criteria provided, multiple submitters, no conflicts",2,-,N,ClinGen:CA10637943,2,303715,17407765,T,A,-,-,-,-,-,-,SCV000369092|SCV000369093|SCV000369094|SCV002506452,-,-
325623,single nucleotide variant,NM_000525.4(KCNJ11):c.*701A>T,3767,KCNJ11,HGNC:6257,Uncertain significance,0,"Jan 12, 2018",5207,-,RCV000306252|RCV000346374|RCV000390323|RCV002227128,"MONDO:MONDO:0011153,MedGen:C2931833,OMIM:601820,Orphanet:276580,Orphanet:276603|MONDO:MONDO:0014589,MedGen:C4225365,OMIM:616329,Orphanet:552|MONDO:MONDO:0012522,MedGen:C1864623,OMIM:610582,Orphanet:99886|Human Phenotype Ontology:HP:0004904,MONDO:MONDO:0018911,MedGen:C0342276,OMIM:PS125850,Orphanet:552","Hyperinsulinemic hypoglycemia, familial, 2|Maturity-onset diabetes of the young type 13|Diabetes mellitus, transient neonatal, 3|Maturity-onset diabetes of the young",germline;somatic,germline/somatic,GRCh38,NC_000011.10,11,17386218,17386218,na,na,11p15.1,"criteria provided, multiple submitters, no conflicts",2,-,N,ClinGen:CA10637943,2,303715,17386218,T,A,-,-,-,-,-,-,SCV000369092|SCV000369093|SCV000369094|SCV002506452,-,-
325624,single nucleotide variant,NM_000525.4(KCNJ11):c.*529G>A,3767,KCNJ11,HGNC:6257,Conflicting classifications of pathogenicity,0,"Jan 12, 2018",115826080,-,RCV000289457|RCV000344337|RCV000383835|RCV002227132,"MONDO:MONDO:0012522,MedGen:C1864623,OMIM:610582,Orphanet:99886|MONDO:MONDO:0014589,MedGen:C4225365,OMIM:616329,Orphanet:552|MONDO:MONDO:0011153,MedGen:C2931833,OMIM:601820,Orphanet:276580,Orphanet:276603|Human Phenotype Ontology:HP:0004904,MONDO:MONDO:0018911,MedGen:C0342276,OMIM:PS125850,Orphanet:552","Diabetes mellitus, transient neonatal, 3|Maturity-onset diabetes of the young type 13|Hyperinsulinemic hypoglycemia, familial, 2|Maturity-onset diabetes of the young",germline;somatic,germline/somatic,GRCh37,NC_000011.9,11,17407937,17407937,na,na,11p15.1,"criteria provided, conflicting classifications",2,-,N,ClinGen:CA10637944,2,303720,17407937,C,T,-,-,-,-,-,-,SCV000369107|SCV000369108|SCV000369109|SCV002506447,-,-
325624,single nucleotide variant,NM_000525.4(KCNJ11):c.*529G>A,3767,KCNJ11,HGNC:6257,Conflicting classifications of pathogenicity,0,"Jan 12, 2018",115826080,-,RCV000289457|RCV000344337|RCV000383835|RCV002227132,"MONDO:MONDO:0012522,MedGen:C1864623,OMIM:610582,Orphanet:99886|MONDO:MONDO:0014589,MedGen:C4225365,OMIM:616329,Orphanet:552|MONDO:MONDO:0011153,MedGen:C2931833,OMIM:601820,Orphanet:276580,Orphanet:276603|Human Phenotype Ontology:HP:0004904,MONDO:MONDO:0018911,MedGen:C0342276,OMIM:PS125850,Orphanet:552","Diabetes mellitus, transient neonatal, 3|Maturity-onset diabetes of the young type 13|Hyperinsulinemic hypoglycemia, familial, 2|Maturity-onset diabetes of the young",germline;somatic,germline/somatic,GRCh38,NC_000011.10,11,17386390,17386390,na,na,11p15.1,"criteria provided, conflicting classifications",2,-,N,ClinGen:CA10637944,2,303720,17386390,C,T,-,-,-,-,-,-,SCV000369107|SCV000369108|SCV000369109|SCV002506447,-,-
325625,single nucleotide variant,NM_000525.4(KCNJ11):c.*311C>T,3767,KCNJ11,HGNC:6257,Uncertain significance,0,"Jan 13, 2018",886048038,-,RCV000267407|RCV000322553|RCV000377046|RCV002227136,"MONDO:MONDO:0011153,MedGen:C2931833,OMIM:601820,Orphanet:276580,Orphanet:276603|MONDO:MONDO:0012522,MedGen:C1864623,OMIM:610582,Orphanet:99886|MONDO:MONDO:0014589,MedGen:C4225365,OMIM:616329,Orphanet:552|Human Phenotype Ontology:HP:0004904,MONDO:MONDO:0018911,MedGen:C0342276,OMIM:PS125850,Orphanet:552","Hyperinsulinemic hypoglycemia, familial, 2|Diabetes mellitus, transient neonatal, 3|Maturity-onset diabetes of the young type 13|Maturity-onset diabetes of the young",germline;somatic,germline/somatic,GRCh37,NC_000011.9,11,17408155,17408155,na,na,11p15.1,"criteria provided, multiple submitters, no conflicts",2,-,N,ClinGen:CA10637945,2,303724,17408155,G,A,-,-,-,-,-,-,SCV000369119|SCV000369120|SCV000369121|SCV002505971,-,-
325625,single nucleotide variant,NM_000525.4(KCNJ11):c.*311C>T,3767,KCNJ11,HGNC:6257,Uncertain significance,0,"Jan 13, 2018",886048038,-,RCV000267407|RCV000322553|RCV000377046|RCV002227136,"MONDO:MONDO:0011153,MedGen:C2931833,OMIM:601820,Orphanet:276580,Orphanet:276603|MONDO:MONDO:0012522,MedGen:C1864623,OMIM:610582,Orphanet:99886|MONDO:MONDO:0014589,MedGen:C4225365,OMIM:616329,Orphanet:552|Human Phenotype Ontology:HP:0004904,MONDO:MONDO:0018911,MedGen:C0342276,OMIM:PS125850,Orphanet:552","Hyperinsulinemic hypoglycemia, familial, 2|Diabetes mellitus, transient neonatal, 3|Maturity-onset diabetes of the young type 13|Maturity-onset diabetes of the young",germline;somatic,germline/somatic,GRCh38,NC_000011.10,11,17386608,17386608,na,na,11p15.1,"criteria provided, multiple submitters, no conflicts",2,-,N,ClinGen:CA10637945,2,303724,17386608,G,A,-,-,-,-,-,-,SCV000369119|SCV000369120|SCV000369121|SCV002505971,-,-
325626,single nucleotide variant,NM_000525.4(KCNJ11):c.-154G>T,3767,KCNJ11,HGNC:6257,Conflicting classifications of pathogenicity,0,"Jan 12, 2018",539975714,-,RCV001094070|RCV001094071|RCV001108897,"MONDO:MONDO:0011153,MedGen:C2931833,OMIM:601820,Orphanet:276580,Orphanet:276603|MONDO:MONDO:0012522,MedGen:C1864623,OMIM:610582,Orphanet:99886|MONDO:MONDO:0014589,MedGen:C4225365,OMIM:616329,Orphanet:552","Hyperinsulinemic hypoglycemia, familial, 2|Diabetes mellitus, transient neonatal, 3|Maturity-onset diabetes of the young type 13",germline,germline,GRCh37,NC_000011.9,11,17409792,17409792,na,na,11p15.1,"criteria provided, conflicting classifications",1,-,N,ClinGen:CA10637946,2,303740,17409792,C,A,-,-,-,-,-,-,SCV000483237|SCV000483239|SCV001266190,-,-
325626,single nucleotide variant,NM_000525.4(KCNJ11):c.-154G>T,3767,KCNJ11,HGNC:6257,Conflicting classifications of pathogenicity,0,"Jan 12, 2018",539975714,-,RCV001094070|RCV001094071|RCV001108897,"MONDO:MONDO:0011153,MedGen:C2931833,OMIM:601820,Orphanet:276580,Orphanet:276603|MONDO:MONDO:0012522,MedGen:C1864623,OMIM:610582,Orphanet:99886|MONDO:MONDO:0014589,MedGen:C4225365,OMIM:616329,Orphanet:552","Hyperinsulinemic hypoglycemia, familial, 2|Diabetes mellitus, transient neonatal, 3|Maturity-onset diabetes of the young type 13",germline,germline,GRCh38,NC_000011.10,11,17388245,17388245,na,na,11p15.1,"criteria provided, conflicting classifications",1,-,N,ClinGen:CA10637946,2,303740,17388245,C,A,-,-,-,-,-,-,SCV000483237|SCV000483239|SCV001266190,-,-
325627,single nucleotide variant,NM_000352.6(ABCC8):c.*93T>A,6833,ABCC8,HGNC:59,Uncertain significance,0,"Jan 13, 2018",886048046,-,RCV000283985|RCV000342531|RCV000395092|RCV002244751|RCV002244752,"MONDO:MONDO:0012480,MedGen:C1835887,OMIM:610374,Orphanet:99886|MONDO:MONDO:0009734,MedGen:C2931832,OMIM:256450,Orphanet:276575,Orphanet:276598|MONDO:MONDO:0100164,MedGen:C1833104,OMIM:PS606176,Orphanet:99885|Human Phenotype Ontology:HP:0004904,MONDO:MONDO:0018911,MedGen:C0342276,OMIM:PS125850,Orphanet:552|Human Phenotype Ontology:HP:0008255,MONDO:MONDO:0020525,MedGen:C0342273","Diabetes mellitus, transient neonatal, 2|Hyperinsulinemic hypoglycemia, familial, 1|Permanent neonatal diabetes mellitus|Maturity-onset diabetes of the young|Transitory neonatal diabetes mellitus",germline;somatic,germline/somatic,GRCh37,NC_000011.9,11,17414445,17414445,na,na,11p15.1,"criteria provided, multiple submitters, no conflicts",2,-,N,ClinGen:CA10637947,2,303746,17414445,A,T,-,-,-,-,-,-,SCV000369212|SCV000369213|SCV000369214|SCV002512144|SCV002512145,-,-
325627,single nucleotide variant,NM_000352.6(ABCC8):c.*93T>A,6833,ABCC8,HGNC:59,Uncertain significance,0,"Jan 13, 2018",886048046,-,RCV000283985|RCV000342531|RCV000395092|RCV002244751|RCV002244752,"MONDO:MONDO:0012480,MedGen:C1835887,OMIM:610374,Orphanet:99886|MONDO:MONDO:0009734,MedGen:C2931832,OMIM:256450,Orphanet:276575,Orphanet:276598|MONDO:MONDO:0100164,MedGen:C1833104,OMIM:PS606176,Orphanet:99885|Human Phenotype Ontology:HP:0004904,MONDO:MONDO:0018911,MedGen:C0342276,OMIM:PS125850,Orphanet:552|Human Phenotype Ontology:HP:0008255,MONDO:MONDO:0020525,MedGen:C0342273","Diabetes mellitus, transient neonatal, 2|Hyperinsulinemic hypoglycemia, familial, 1|Permanent neonatal diabetes mellitus|Maturity-onset diabetes of the young|Transitory neonatal diabetes mellitus",germline;somatic,germline/somatic,GRCh38,NC_000011.10,11,17392898,17392898,na,na,11p15.1,"criteria provided, multiple submitters, no conflicts",2,-,N,ClinGen:CA10637947,2,303746,17392898,A,T,-,-,-,-,-,-,SCV000369212|SCV000369213|SCV000369214|SCV002512144|SCV002512145,-,-
325629,single nucleotide variant,NM_000352.6(ABCC8):c.3989-10C>T,6833,ABCC8,HGNC:59,Conflicting classifications of pathogenicity,0,"Jan 05, 2026",373737642,-,RCV000279547|RCV000334553|RCV000397452|RCV000942711|RCV002244761|RCV002246115|RCV003323504,"MONDO:MONDO:0012480,MedGen:C1835887,OMIM:610374,Orphanet:99886|MONDO:MONDO:0100164,MedGen:C1833104,OMIM:PS606176,Orphanet:99885|MONDO:MONDO:0009734,MedGen:C2931832,OMIM:256450,Orphanet:276575,Orphanet:276598|MedGen:C3661900|Human Phenotype Ontology:HP:0004904,MONDO:MONDO:0018911,MedGen:C0342276,OMIM:PS125850,Orphanet:552|Human Phenotype Ontology:HP:0008255,MONDO:MONDO:0020525,MedGen:C0342273|MedGen:CN169374","Diabetes mellitus, transient neonatal, 2|Permanent neonatal diabetes mellitus|Hyperinsulinemic hypoglycemia, familial, 1|not provided|Maturity-onset diabetes of the young|Transitory neonatal diabetes mellitus|not specified",germline;somatic,germline/somatic,GRCh37,NC_000011.9,11,17418603,17418603,na,na,11p15.1,"criteria provided, conflicting classifications",5,-,N,ClinGen:CA5902604,2,303755,17418603,G,A,-,-,-,-,-,-,SCV000369254|SCV000369255|SCV000369256|SCV001088643|SCV001142890|SCV002513517|SCV002513518|SCV004028626,-,-
325629,single nucleotide variant,NM_000352.6(ABCC8):c.3989-10C>T,6833,ABCC8,HGNC:59,Conflicting classifications of pathogenicity,0,"Jan 05, 2026",373737642,-,RCV000279547|RCV000334553|RCV000397452|RCV000942711|RCV002244761|RCV002246115|RCV003323504,"MONDO:MONDO:0012480,MedGen:C1835887,OMIM:610374,Orphanet:99886|MONDO:MONDO:0100164,MedGen:C1833104,OMIM:PS606176,Orphanet:99885|MONDO:MONDO:0009734,MedGen:C2931832,OMIM:256450,Orphanet:276575,Orphanet:276598|MedGen:C3661900|Human Phenotype Ontology:HP:0004904,MONDO:MONDO:0018911,MedGen:C0342276,OMIM:PS125850,Orphanet:552|Human Phenotype Ontology:HP:0008255,MONDO:MONDO:0020525,MedGen:C0342273|MedGen:CN169374","Diabetes mellitus, transient neonatal, 2|Permanent neonatal diabetes mellitus|Hyperinsulinemic hypoglycemia, familial, 1|not provided|Maturity-onset diabetes of the young|Transitory neonatal diabetes mellitus|not specified",germline;somatic,germline/somatic,GRCh38,NC_000011.10,11,17397056,17397056,na,na,11p15.1,"criteria provided, conflicting classifications",5,-,N,ClinGen:CA5902604,2,303755,17397056,G,A,-,-,-,-,-,-,SCV000369254|SCV000369255|SCV000369256|SCV001088643|SCV001142890|SCV002513517|SCV002513518|SCV004028626,-,-
325632,single nucleotide variant,NM_000352.6(ABCC8):c.3558-6C>G,6833,ABCC8,HGNC:59,Uncertain significance,0,"Jan 13, 2018",886048050,-,RCV000308353|RCV000343153|RCV000396521|RCV002244765|RCV002244764,"MONDO:MONDO:0012480,MedGen:C1835887,OMIM:610374,Orphanet:99886|MONDO:MONDO:0100164,MedGen:C1833104,OMIM:PS606176,Orphanet:99885|MONDO:MONDO:0009734,MedGen:C2931832,OMIM:256450,Orphanet:276575,Orphanet:276598|Human Phenotype Ontology:HP:0008255,MONDO:MONDO:0020525,MedGen:C0342273|Human Phenotype Ontology:HP:0004904,MONDO:MONDO:0018911,MedGen:C0342276,OMIM:PS125850,Orphanet:552","Diabetes mellitus, transient neonatal, 2|Permanent neonatal diabetes mellitus|Hyperinsulinemic hypoglycemia, familial, 1|Transitory neonatal diabetes mellitus|Maturity-onset diabetes of the young",germline;somatic,germline/somatic,GRCh37,NC_000011.9,11,17424306,17424306,na,na,11p15.1,"criteria provided, multiple submitters, no conflicts",2,-,N,ClinGen:CA10637949,2,303760,17424306,G,C,-,-,-,-,-,-,SCV000369275|SCV000369276|SCV000369277|SCV002515407|SCV002515408,-,-
325632,single nucleotide variant,NM_000352.6(ABCC8):c.3558-6C>G,6833,ABCC8,HGNC:59,Uncertain significance,0,"Jan 13, 2018",886048050,-,RCV000308353|RCV000343153|RCV000396521|RCV002244765|RCV002244764,"MONDO:MONDO:0012480,MedGen:C1835887,OMIM:610374,Orphanet:99886|MONDO:MONDO:0100164,MedGen:C1833104,OMIM:PS606176,Orphanet:99885|MONDO:MONDO:0009734,MedGen:C2931832,OMIM:256450,Orphanet:276575,Orphanet:276598|Human Phenotype Ontology:HP:0008255,MONDO:MONDO:0020525,MedGen:C0342273|Human Phenotype Ontology:HP:0004904,MONDO:MONDO:0018911,MedGen:C0342276,OMIM:PS125850,Orphanet:552","Diabetes mellitus, transient neonatal, 2|Permanent neonatal diabetes mellitus|Hyperinsulinemic hypoglycemia, familial, 1|Transitory neonatal diabetes mellitus|Maturity-onset diabetes of the young",germline;somatic,germline/somatic,GRCh38,NC_000011.10,11,17402759,17402759,na,na,11p15.1,"criteria provided, multiple submitters, no conflicts",2,-,N,ClinGen:CA10637949,2,303760,17402759,G,C,-,-,-,-,-,-,SCV000369275|SCV000369276|SCV000369277|SCV002515407|SCV002515408,-,-
325633,single nucleotide variant,NM_000352.6(ABCC8):c.3558-8C>T,6833,ABCC8,HGNC:59,Conflicting classifications of pathogenicity,0,"Jan 28, 2026",544550330,-,RCV000308839|RCV000344478|RCV000396524|RCV000883975|RCV002244766|RCV002244767|RCV005892954,"MONDO:MONDO:0100164,MedGen:C1833104,OMIM:PS606176,Orphanet:99885|MONDO:MONDO:0012480,MedGen:C1835887,OMIM:610374,Orphanet:99886|MONDO:MONDO:0009734,MedGen:C2931832,OMIM:256450,Orphanet:276575,Orphanet:276598|MedGen:C3661900|Human Phenotype Ontology:HP:0004904,MONDO:MONDO:0018911,MedGen:C0342276,OMIM:PS125850,Orphanet:552|Human Phenotype Ontology:HP:0008255,MONDO:MONDO:0020525,MedGen:C0342273|MedGen:CN169374","Permanent neonatal diabetes mellitus|Diabetes mellitus, transient neonatal, 2|Hyperinsulinemic hypoglycemia, familial, 1|not provided|Maturity-onset diabetes of the young|Transitory neonatal diabetes mellitus|not specified",germline;somatic,germline/somatic,GRCh37,NC_000011.9,11,17424308,17424308,na,na,11p15.1,"criteria provided, conflicting classifications",5,-,N,ClinGen:CA5902766,2,303761,17424308,G,A,-,-,-,-,-,-,SCV000369278|SCV000369279|SCV000369280|SCV001027323|SCV002515411|SCV002515412|SCV007095197|SCV007332483,-,-
325633,single nucleotide variant,NM_000352.6(ABCC8):c.3558-8C>T,6833,ABCC8,HGNC:59,Conflicting classifications of pathogenicity,0,"Jan 28, 2026",544550330,-,RCV000308839|RCV000344478|RCV000396524|RCV000883975|RCV002244766|RCV002244767|RCV005892954,"MONDO:MONDO:0100164,MedGen:C1833104,OMIM:PS606176,Orphanet:99885|MONDO:MONDO:0012480,MedGen:C1835887,OMIM:610374,Orphanet:99886|MONDO:MONDO:0009734,MedGen:C2931832,OMIM:256450,Orphanet:276575,Orphanet:276598|MedGen:C3661900|Human Phenotype Ontology:HP:0004904,MONDO:MONDO:0018911,MedGen:C0342276,OMIM:PS125850,Orphanet:552|Human Phenotype Ontology:HP:0008255,MONDO:MONDO:0020525,MedGen:C0342273|MedGen:CN169374","Permanent neonatal diabetes mellitus|Diabetes mellitus, transient neonatal, 2|Hyperinsulinemic hypoglycemia, familial, 1|not provided|Maturity-onset diabetes of the young|Transitory neonatal diabetes mellitus|not specified",germline;somatic,germline/somatic,GRCh38,NC_000011.10,11,17402761,17402761,na,na,11p15.1,"criteria provided, conflicting classifications",5,-,N,ClinGen:CA5902766,2,303761,17402761,G,A,-,-,-,-,-,-,SCV000369278|SCV000369279|SCV000369280|SCV001027323|SCV002515411|SCV002515412|SCV007095197|SCV007332483,-,-
325634,single nucleotide variant,NM_000352.6(ABCC8):c.3435C>T (p.Ser1145=),6833,ABCC8,HGNC:59,Conflicting classifications of pathogenicity,0,"Jan 17, 2026",371089976,-,RCV000260467|RCV000315723|RCV000369085|RCV000941651|RCV002450850|RCV002244771|RCV002244770|RCV004537709|RCV005238873,"MONDO:MONDO:0009734,MedGen:C2931832,OMIM:256450,Orphanet:276575,Orphanet:276598|MONDO:MONDO:0100164,MedGen:C1833104,OMIM:PS606176,Orphanet:99885|MONDO:MONDO:0012480,MedGen:C1835887,OMIM:610374,Orphanet:99886|MedGen:C3661900|MeSH:D030342,MedGen:C0950123|Human Phenotype Ontology:HP:0008255,MONDO:MONDO:0020525,MedGen:C0342273|Human Phenotype Ontology:HP:0004904,MONDO:MONDO:0018911,MedGen:C0342276,OMIM:PS125850,Orphanet:552||MedGen:CN169374","Hyperinsulinemic hypoglycemia, familial, 1|Permanent neonatal diabetes mellitus|Diabetes mellitus, transient neonatal, 2|not provided|Inborn genetic diseases|Transitory neonatal diabetes mellitus|Maturity-onset diabetes of the young|ABCC8-related disorder|not specified",germline;somatic,germline/somatic,GRCh37,NC_000011.9,11,17426181,17426181,na,na,11p15.1,"criteria provided, conflicting classifications",7,-,N,ClinGen:CA5902807,2,303763,17426181,G,A,-,-,-,-,-,-,SCV000369284|SCV000369285|SCV000369286|SCV001087544|SCV001142888|SCV002515453|SCV002515460|SCV002614784|SCV005883148,-,-
325634,single nucleotide variant,NM_000352.6(ABCC8):c.3435C>T (p.Ser1145=),6833,ABCC8,HGNC:59,Conflicting classifications of pathogenicity,0,"Jan 17, 2026",371089976,-,RCV000260467|RCV000315723|RCV000369085|RCV000941651|RCV002450850|RCV002244771|RCV002244770|RCV004537709|RCV005238873,"MONDO:MONDO:0009734,MedGen:C2931832,OMIM:256450,Orphanet:276575,Orphanet:276598|MONDO:MONDO:0100164,MedGen:C1833104,OMIM:PS606176,Orphanet:99885|MONDO:MONDO:0012480,MedGen:C1835887,OMIM:610374,Orphanet:99886|MedGen:C3661900|MeSH:D030342,MedGen:C0950123|Human Phenotype Ontology:HP:0008255,MONDO:MONDO:0020525,MedGen:C0342273|Human Phenotype Ontology:HP:0004904,MONDO:MONDO:0018911,MedGen:C0342276,OMIM:PS125850,Orphanet:552||MedGen:CN169374","Hyperinsulinemic hypoglycemia, familial, 1|Permanent neonatal diabetes mellitus|Diabetes mellitus, transient neonatal, 2|not provided|Inborn genetic diseases|Transitory neonatal diabetes mellitus|Maturity-onset diabetes of the young|ABCC8-related disorder|not specified",germline;somatic,germline/somatic,GRCh38,NC_000011.10,11,17404634,17404634,na,na,11p15.1,"criteria provided, conflicting classifications",7,-,N,ClinGen:CA5902807,2,303763,17404634,G,A,-,-,-,-,-,-,SCV000369284|SCV000369285|SCV000369286|SCV001087544|SCV001142888|SCV002515453|SCV002515460|SCV002614784|SCV005883148,-,-
325635,single nucleotide variant,NM_000352.6(ABCC8):c.3112G>A (p.Asp1038Asn),6833,ABCC8,HGNC:59,Conflicting classifications of pathogenicity,0,"Mar 10, 2024",367974472,-,RCV000292832|RCV000352427|RCV000394844|RCV001278400|RCV002056180|RCV002251452|RCV002250621|RCV005044564,"MONDO:MONDO:0012480,MedGen:C1835887,OMIM:610374,Orphanet:99886|MONDO:MONDO:0100164,MedGen:C1833104,OMIM:PS606176,Orphanet:99885|MONDO:MONDO:0009734,MedGen:C2931832,OMIM:256450,Orphanet:276575,Orphanet:276598||MedGen:C3661900|Human Phenotype Ontology:HP:0008255,MONDO:MONDO:0020525,MedGen:C0342273|Human Phenotype Ontology:HP:0004904,MONDO:MONDO:0018911,MedGen:C0342276,OMIM:PS125850,Orphanet:552|MONDO:MONDO:0012480,MedGen:C1835887,OMIM:610374,Orphanet:99886;MONDO:MONDO:0009415,MedGen:C0271714,OMIM:240800;MONDO:MONDO:0030088,MedGen:C5394303,OMIM:618857;Human Phenotype Ontology:HP:0005965,Human Phenotype Ontology:HP:0005978,Human Phenotype Ontology:HP:0100652,MONDO:MONDO:0005148,MeSH:D003924,MedGen:C0011860,OMIM:125853;MONDO:MONDO:0009734,MedGen:C2931832,OMIM:256450,Orphanet:276575,Orphanet:276598","Diabetes mellitus, transient neonatal, 2|Permanent neonatal diabetes mellitus|Hyperinsulinemic hypoglycemia, familial, 1|Hereditary hyperinsulinism|not provided|Transitory neonatal diabetes mellitus|Maturity-onset diabetes of the young|Diabetes mellitus, transient neonatal, 2;Leucine-induced hypoglycemia;Diabetes mellitus, permanent neonatal 3;Type 2 diabetes mellitus;Hyperinsulinemic hypoglycemia, familial, 1",germline;somatic,germline/somatic,GRCh37,NC_000011.9,11,17428485,17428485,na,na,11p15.1,"criteria provided, conflicting classifications",6,-,N,ClinGen:CA5902919,2,303766,17428485,C,T,-,-,-,-,-,-,SCV000369296|SCV000369297|SCV000369298|SCV002343174|SCV002520760|SCV002520761|SCV004046575|SCV005676302,-,-
325635,single nucleotide variant,NM_000352.6(ABCC8):c.3112G>A (p.Asp1038Asn),6833,ABCC8,HGNC:59,Conflicting classifications of pathogenicity,0,"Mar 10, 2024",367974472,-,RCV000292832|RCV000352427|RCV000394844|RCV001278400|RCV002056180|RCV002251452|RCV002250621|RCV005044564,"MONDO:MONDO:0012480,MedGen:C1835887,OMIM:610374,Orphanet:99886|MONDO:MONDO:0100164,MedGen:C1833104,OMIM:PS606176,Orphanet:99885|MONDO:MONDO:0009734,MedGen:C2931832,OMIM:256450,Orphanet:276575,Orphanet:276598||MedGen:C3661900|Human Phenotype Ontology:HP:0008255,MONDO:MONDO:0020525,MedGen:C0342273|Human Phenotype Ontology:HP:0004904,MONDO:MONDO:0018911,MedGen:C0342276,OMIM:PS125850,Orphanet:552|MONDO:MONDO:0012480,MedGen:C1835887,OMIM:610374,Orphanet:99886;MONDO:MONDO:0009415,MedGen:C0271714,OMIM:240800;MONDO:MONDO:0030088,MedGen:C5394303,OMIM:618857;Human Phenotype Ontology:HP:0005965,Human Phenotype Ontology:HP:0005978,Human Phenotype Ontology:HP:0100652,MONDO:MONDO:0005148,MeSH:D003924,MedGen:C0011860,OMIM:125853;MONDO:MONDO:0009734,MedGen:C2931832,OMIM:256450,Orphanet:276575,Orphanet:276598","Diabetes mellitus, transient neonatal, 2|Permanent neonatal diabetes mellitus|Hyperinsulinemic hypoglycemia, familial, 1|Hereditary hyperinsulinism|not provided|Transitory neonatal diabetes mellitus|Maturity-onset diabetes of the young|Diabetes mellitus, transient neonatal, 2;Leucine-induced hypoglycemia;Diabetes mellitus, permanent neonatal 3;Type 2 diabetes mellitus;Hyperinsulinemic hypoglycemia, familial, 1",germline;somatic,germline/somatic,GRCh38,NC_000011.10,11,17406938,17406938,na,na,11p15.1,"criteria provided, conflicting classifications",6,-,N,ClinGen:CA5902919,2,303766,17406938,C,T,-,-,-,-,-,-,SCV000369296|SCV000369297|SCV000369298|SCV002343174|SCV002520760|SCV002520761|SCV004046575|SCV005676302,-,-
325636,single nucleotide variant,NM_000352.6(ABCC8):c.2694+15G>A,6833,ABCC8,HGNC:59,Conflicting classifications of pathogenicity,0,"Dec 11, 2025",886048051,-,RCV000269894|RCV000324985|RCV000384255|RCV002251456|RCV002251455|RCV003708509,"MONDO:MONDO:0012480,MedGen:C1835887,OMIM:610374,Orphanet:99886|MONDO:MONDO:0009734,MedGen:C2931832,OMIM:256450,Orphanet:276575,Orphanet:276598|MONDO:MONDO:0100164,MedGen:C1833104,OMIM:PS606176,Orphanet:99885|Human Phenotype Ontology:HP:0008255,MONDO:MONDO:0020525,MedGen:C0342273|Human Phenotype Ontology:HP:0004904,MONDO:MONDO:0018911,MedGen:C0342276,OMIM:PS125850,Orphanet:552|MedGen:C3661900","Diabetes mellitus, transient neonatal, 2|Hyperinsulinemic hypoglycemia, familial, 1|Permanent neonatal diabetes mellitus|Transitory neonatal diabetes mellitus|Maturity-onset diabetes of the young|not provided",germline;unknown,germline,GRCh37,NC_000011.9,11,17432048,17432048,na,na,11p15.1,"criteria provided, conflicting classifications",3,-,N,ClinGen:CA10637950,2,303770,17432048,C,T,-,-,-,-,-,-,SCV000369308|SCV000369309|SCV000369310|SCV002522131|SCV002522135|SCV004481128,-,-
325636,single nucleotide variant,NM_000352.6(ABCC8):c.2694+15G>A,6833,ABCC8,HGNC:59,Conflicting classifications of pathogenicity,0,"Dec 11, 2025",886048051,-,RCV000269894|RCV000324985|RCV000384255|RCV002251456|RCV002251455|RCV003708509,"MONDO:MONDO:0012480,MedGen:C1835887,OMIM:610374,Orphanet:99886|MONDO:MONDO:0009734,MedGen:C2931832,OMIM:256450,Orphanet:276575,Orphanet:276598|MONDO:MONDO:0100164,MedGen:C1833104,OMIM:PS606176,Orphanet:99885|Human Phenotype Ontology:HP:0008255,MONDO:MONDO:0020525,MedGen:C0342273|Human Phenotype Ontology:HP:0004904,MONDO:MONDO:0018911,MedGen:C0342276,OMIM:PS125850,Orphanet:552|MedGen:C3661900","Diabetes mellitus, transient neonatal, 2|Hyperinsulinemic hypoglycemia, familial, 1|Permanent neonatal diabetes mellitus|Transitory neonatal diabetes mellitus|Maturity-onset diabetes of the young|not provided",germline;unknown,germline,GRCh38,NC_000011.10,11,17410501,17410501,na,na,11p15.1,"criteria provided, conflicting classifications",3,-,N,ClinGen:CA10637950,2,303770,17410501,C,T,-,-,-,-,-,-,SCV000369308|SCV000369309|SCV000369310|SCV002522131|SCV002522135|SCV004481128,-,-
325642,single nucleotide variant,NM_000352.6(ABCC8):c.2500C>T (p.Arg834Cys),6833,ABCC8,HGNC:59,Conflicting classifications of pathogenicity,1,"May 25, 2022",140068774,-,RCV000303371|RCV000339611|RCV000396695|RCV002244774|RCV002244775|RCV002520701,"MONDO:MONDO:0009734,MedGen:C2931832,OMIM:256450,Orphanet:276575,Orphanet:276598|MONDO:MONDO:0100164,MedGen:C1833104,OMIM:PS606176,Orphanet:99885|MONDO:MONDO:0012480,MedGen:C1835887,OMIM:610374,Orphanet:99886|Human Phenotype Ontology:HP:0004904,MONDO:MONDO:0018911,MedGen:C0342276,OMIM:PS125850,Orphanet:552|Human Phenotype Ontology:HP:0008255,MONDO:MONDO:0020525,MedGen:C0342273|MedGen:C3661900","Hyperinsulinemic hypoglycemia, familial, 1|Permanent neonatal diabetes mellitus|Diabetes mellitus, transient neonatal, 2|Maturity-onset diabetes of the young|Transitory neonatal diabetes mellitus|not provided",germline;maternal;somatic,germline/somatic,GRCh37,NC_000011.9,11,17434269,17434269,na,na,11p15.1,"criteria provided, conflicting classifications",4,-,N,"ClinGen:CA5903107,UniProtKB:Q09428#VAR_008648",2,303772,17434269,G,A,-,-,-,-,-,-,SCV000369320|SCV000369321|SCV000369322|SCV002515437|SCV002515438|SCV003440272,-,-
325642,single nucleotide variant,NM_000352.6(ABCC8):c.2500C>T (p.Arg834Cys),6833,ABCC8,HGNC:59,Conflicting classifications of pathogenicity,1,"May 25, 2022",140068774,-,RCV000303371|RCV000339611|RCV000396695|RCV002244774|RCV002244775|RCV002520701,"MONDO:MONDO:0009734,MedGen:C2931832,OMIM:256450,Orphanet:276575,Orphanet:276598|MONDO:MONDO:0100164,MedGen:C1833104,OMIM:PS606176,Orphanet:99885|MONDO:MONDO:0012480,MedGen:C1835887,OMIM:610374,Orphanet:99886|Human Phenotype Ontology:HP:0004904,MONDO:MONDO:0018911,MedGen:C0342276,OMIM:PS125850,Orphanet:552|Human Phenotype Ontology:HP:0008255,MONDO:MONDO:0020525,MedGen:C0342273|MedGen:C3661900","Hyperinsulinemic hypoglycemia, familial, 1|Permanent neonatal diabetes mellitus|Diabetes mellitus, transient neonatal, 2|Maturity-onset diabetes of the young|Transitory neonatal diabetes mellitus|not provided",germline;maternal;somatic,germline/somatic,GRCh38,NC_000011.10,11,17412722,17412722,na,na,11p15.1,"criteria provided, conflicting classifications",4,-,N,"ClinGen:CA5903107,UniProtKB:Q09428#VAR_008648",2,303772,17412722,G,A,-,-,-,-,-,-,SCV000369320|SCV000369321|SCV000369322|SCV002515437|SCV002515438|SCV003440272,-,-
325643,single nucleotide variant,NM_000352.6(ABCC8):c.1920G>A (p.Ala640=),6833,ABCC8,HGNC:59,Conflicting classifications of pathogenicity,0,"Jan 21, 2026",146156937,-,RCV000295518|RCV000352596|RCV000404181|RCV000590129|RCV002266945|RCV002266944|RCV003298364,"MONDO:MONDO:0009734,MedGen:C2931832,OMIM:256450,Orphanet:276575,Orphanet:276598|MONDO:MONDO:0100164,MedGen:C1833104,OMIM:PS606176,Orphanet:99885|MONDO:MONDO:0012480,MedGen:C1835887,OMIM:610374,Orphanet:99886|MedGen:C3661900|Human Phenotype Ontology:HP:0008255,MONDO:MONDO:0020525,MedGen:C0342273|Human Phenotype Ontology:HP:0004904,MONDO:MONDO:0018911,MedGen:C0342276,OMIM:PS125850,Orphanet:552|MeSH:D030342,MedGen:C0950123","Hyperinsulinemic hypoglycemia, familial, 1|Permanent neonatal diabetes mellitus|Diabetes mellitus, transient neonatal, 2|not provided|Transitory neonatal diabetes mellitus|Maturity-onset diabetes of the young|Inborn genetic diseases",germline;unknown,germline,GRCh37,NC_000011.9,11,17450115,17450115,na,na,11p15.1,"criteria provided, conflicting classifications",8,-,N,ClinGen:CA5903396,2,303780,17450115,C,T,-,-,-,-,-,-,SCV000369359|SCV000369360|SCV000369361|SCV000696584|SCV001019690|SCV001771546|SCV002522327|SCV002522328|SCV002544545|SCV003997096|SCV005221375,-,-
325643,single nucleotide variant,NM_000352.6(ABCC8):c.1920G>A (p.Ala640=),6833,ABCC8,HGNC:59,Conflicting classifications of pathogenicity,0,"Jan 21, 2026",146156937,-,RCV000295518|RCV000352596|RCV000404181|RCV000590129|RCV002266945|RCV002266944|RCV003298364,"MONDO:MONDO:0009734,MedGen:C2931832,OMIM:256450,Orphanet:276575,Orphanet:276598|MONDO:MONDO:0100164,MedGen:C1833104,OMIM:PS606176,Orphanet:99885|MONDO:MONDO:0012480,MedGen:C1835887,OMIM:610374,Orphanet:99886|MedGen:C3661900|Human Phenotype Ontology:HP:0008255,MONDO:MONDO:0020525,MedGen:C0342273|Human Phenotype Ontology:HP:0004904,MONDO:MONDO:0018911,MedGen:C0342276,OMIM:PS125850,Orphanet:552|MeSH:D030342,MedGen:C0950123","Hyperinsulinemic hypoglycemia, familial, 1|Permanent neonatal diabetes mellitus|Diabetes mellitus, transient neonatal, 2|not provided|Transitory neonatal diabetes mellitus|Maturity-onset diabetes of the young|Inborn genetic diseases",germline;unknown,germline,GRCh38,NC_000011.10,11,17428568,17428568,na,na,11p15.1,"criteria provided, conflicting classifications",8,-,N,ClinGen:CA5903396,2,303780,17428568,C,T,-,-,-,-,-,-,SCV000369359|SCV000369360|SCV000369361|SCV000696584|SCV001019690|SCV001771546|SCV002522327|SCV002522328|SCV002544545|SCV003997096|SCV005221375,-,-
325644,single nucleotide variant,NM_000352.6(ABCC8):c.1613T>C (p.Ile538Thr),6833,ABCC8,HGNC:59,Uncertain significance,0,"Jan 13, 2018",886048054,-,RCV000270818|RCV000328271|RCV000384996|RCV002266947|RCV002266946,"MONDO:MONDO:0100164,MedGen:C1833104,OMIM:PS606176,Orphanet:99885|MONDO:MONDO:0009734,MedGen:C2931832,OMIM:256450,Orphanet:276575,Orphanet:276598|MONDO:MONDO:0012480,MedGen:C1835887,OMIM:610374,Orphanet:99886|Human Phenotype Ontology:HP:0008255,MONDO:MONDO:0020525,MedGen:C0342273|Human Phenotype Ontology:HP:0004904,MONDO:MONDO:0018911,MedGen:C0342276,OMIM:PS125850,Orphanet:552","Permanent neonatal diabetes mellitus|Hyperinsulinemic hypoglycemia, familial, 1|Diabetes mellitus, transient neonatal, 2|Transitory neonatal diabetes mellitus|Maturity-onset diabetes of the young",germline;unknown,germline,GRCh37,NC_000011.9,11,17464284,17464284,na,na,11p15.1,"criteria provided, multiple submitters, no conflicts",2,-,N,ClinGen:CA10637955,2,303781,17464284,A,G,-,-,-,-,-,-,SCV000369371|SCV000369372|SCV000369373|SCV002522381|SCV002522382,-,-
325644,single nucleotide variant,NM_000352.6(ABCC8):c.1613T>C (p.Ile538Thr),6833,ABCC8,HGNC:59,Uncertain significance,0,"Jan 13, 2018",886048054,-,RCV000270818|RCV000328271|RCV000384996|RCV002266947|RCV002266946,"MONDO:MONDO:0100164,MedGen:C1833104,OMIM:PS606176,Orphanet:99885|MONDO:MONDO:0009734,MedGen:C2931832,OMIM:256450,Orphanet:276575,Orphanet:276598|MONDO:MONDO:0012480,MedGen:C1835887,OMIM:610374,Orphanet:99886|Human Phenotype Ontology:HP:0008255,MONDO:MONDO:0020525,MedGen:C0342273|Human Phenotype Ontology:HP:0004904,MONDO:MONDO:0018911,MedGen:C0342276,OMIM:PS125850,Orphanet:552","Permanent neonatal diabetes mellitus|Hyperinsulinemic hypoglycemia, familial, 1|Diabetes mellitus, transient neonatal, 2|Transitory neonatal diabetes mellitus|Maturity-onset diabetes of the young",germline;unknown,germline,GRCh38,NC_000011.10,11,17442737,17442737,na,na,11p15.1,"criteria provided, multiple submitters, no conflicts",2,-,N,ClinGen:CA10637955,2,303781,17442737,A,G,-,-,-,-,-,-,SCV000369371|SCV000369372|SCV000369373|SCV002522381|SCV002522382,-,-
325650,single nucleotide variant,NM_000352.6(ABCC8):c.105G>A (p.Pro35=),6833,ABCC8,HGNC:59,Conflicting classifications of pathogenicity,0,"Feb 01, 2026",199925058,-,RCV000299216|RCV000356645|RCV000394438|RCV000899129|RCV001276289|RCV001820893|RCV002254164|RCV002254165|RCV004537712,"MONDO:MONDO:0012480,MedGen:C1835887,OMIM:610374,Orphanet:99886|MONDO:MONDO:0100164,MedGen:C1833104,OMIM:PS606176,Orphanet:99885|MONDO:MONDO:0009734,MedGen:C2931832,OMIM:256450,Orphanet:276575,Orphanet:276598|MedGen:C3661900||MedGen:CN169374|Human Phenotype Ontology:HP:0004904,MONDO:MONDO:0018911,MedGen:C0342276,OMIM:PS125850,Orphanet:552|Human Phenotype Ontology:HP:0008255,MONDO:MONDO:0020525,MedGen:C0342273|","Diabetes mellitus, transient neonatal, 2|Permanent neonatal diabetes mellitus|Hyperinsulinemic hypoglycemia, familial, 1|not provided|Hereditary hyperinsulinism|not specified|Maturity-onset diabetes of the young|Transitory neonatal diabetes mellitus|ABCC8-related disorder",germline;unknown,germline,GRCh37,NC_000011.9,11,17498219,17498219,na,na,11p15.1,"criteria provided, conflicting classifications",7,-,N,ClinGen:CA5903981,2,303789,17498219,C,T,-,-,-,-,-,-,SCV000369425|SCV000369426|SCV000369427|SCV001043378|SCV002069081|SCV002524094|SCV002524095|SCV004033122,-,-
325650,single nucleotide variant,NM_000352.6(ABCC8):c.105G>A (p.Pro35=),6833,ABCC8,HGNC:59,Conflicting classifications of pathogenicity,0,"Feb 01, 2026",199925058,-,RCV000299216|RCV000356645|RCV000394438|RCV000899129|RCV001276289|RCV001820893|RCV002254164|RCV002254165|RCV004537712,"MONDO:MONDO:0012480,MedGen:C1835887,OMIM:610374,Orphanet:99886|MONDO:MONDO:0100164,MedGen:C1833104,OMIM:PS606176,Orphanet:99885|MONDO:MONDO:0009734,MedGen:C2931832,OMIM:256450,Orphanet:276575,Orphanet:276598|MedGen:C3661900||MedGen:CN169374|Human Phenotype Ontology:HP:0004904,MONDO:MONDO:0018911,MedGen:C0342276,OMIM:PS125850,Orphanet:552|Human Phenotype Ontology:HP:0008255,MONDO:MONDO:0020525,MedGen:C0342273|","Diabetes mellitus, transient neonatal, 2|Permanent neonatal diabetes mellitus|Hyperinsulinemic hypoglycemia, familial, 1|not provided|Hereditary hyperinsulinism|not specified|Maturity-onset diabetes of the young|Transitory neonatal diabetes mellitus|ABCC8-related disorder",germline;unknown,germline,GRCh38,NC_000011.10,11,17476672,17476672,na,na,11p15.1,"criteria provided, conflicting classifications",7,-,N,ClinGen:CA5903981,2,303789,17476672,C,T,-,-,-,-,-,-,SCV000369425|SCV000369426|SCV000369427|SCV001043378|SCV002069081|SCV002524094|SCV002524095|SCV004033122,-,-
325651,single nucleotide variant,NM_000352.6(ABCC8):c.-49G>C,6833,ABCC8,HGNC:59,Conflicting classifications of pathogenicity,0,"Aug 17, 2018",77498130,-,RCV000271414|RCV000328844|RCV000385742|RCV001660591|RCV002254292|RCV002254291,"MONDO:MONDO:0012480,MedGen:C1835887,OMIM:610374,Orphanet:99886|MONDO:MONDO:0009734,MedGen:C2931832,OMIM:256450,Orphanet:276575,Orphanet:276598|MONDO:MONDO:0100164,MedGen:C1833104,OMIM:PS606176,Orphanet:99885|MedGen:C3661900|Human Phenotype Ontology:HP:0008255,MONDO:MONDO:0020525,MedGen:C0342273|Human Phenotype Ontology:HP:0004904,MONDO:MONDO:0018911,MedGen:C0342276,OMIM:PS125850,Orphanet:552","Diabetes mellitus, transient neonatal, 2|Hyperinsulinemic hypoglycemia, familial, 1|Permanent neonatal diabetes mellitus|not provided|Transitory neonatal diabetes mellitus|Maturity-onset diabetes of the young",germline;unknown,germline,GRCh37,NC_000011.9,11,17498372,17498372,na,na,11p15.1,"criteria provided, conflicting classifications",3,-,N,ClinGen:CA5904014,2,303790,17498372,C,G,-,-,-,-,-,-,SCV000369434|SCV000369435|SCV000369436|SCV001871974|SCV002524157|SCV002524158,-,-
325651,single nucleotide variant,NM_000352.6(ABCC8):c.-49G>C,6833,ABCC8,HGNC:59,Conflicting classifications of pathogenicity,0,"Aug 17, 2018",77498130,-,RCV000271414|RCV000328844|RCV000385742|RCV001660591|RCV002254292|RCV002254291,"MONDO:MONDO:0012480,MedGen:C1835887,OMIM:610374,Orphanet:99886|MONDO:MONDO:0009734,MedGen:C2931832,OMIM:256450,Orphanet:276575,Orphanet:276598|MONDO:MONDO:0100164,MedGen:C1833104,OMIM:PS606176,Orphanet:99885|MedGen:C3661900|Human Phenotype Ontology:HP:0008255,MONDO:MONDO:0020525,MedGen:C0342273|Human Phenotype Ontology:HP:0004904,MONDO:MONDO:0018911,MedGen:C0342276,OMIM:PS125850,Orphanet:552","Diabetes mellitus, transient neonatal, 2|Hyperinsulinemic hypoglycemia, familial, 1|Permanent neonatal diabetes mellitus|not provided|Transitory neonatal diabetes mellitus|Maturity-onset diabetes of the young",germline;unknown,germline,GRCh38,NC_000011.10,11,17476825,17476825,na,na,11p15.1,"criteria provided, conflicting classifications",3,-,N,ClinGen:CA5904014,2,303790,17476825,C,G,-,-,-,-,-,-,SCV000369434|SCV000369435|SCV000369436|SCV001871974|SCV002524157|SCV002524158,-,-
326645,single nucleotide variant,NM_000525.4(KCNJ11):c.*1562A>G,3767,KCNJ11,HGNC:6257,Uncertain significance,0,"Jan 12, 2018",886048031,-,RCV000283800|RCV000341182|RCV000402133|RCV002227122,"MONDO:MONDO:0012522,MedGen:C1864623,OMIM:610582,Orphanet:99886|MONDO:MONDO:0014589,MedGen:C4225365,OMIM:616329,Orphanet:552|MONDO:MONDO:0011153,MedGen:C2931833,OMIM:601820,Orphanet:276580,Orphanet:276603|Human Phenotype Ontology:HP:0004904,MONDO:MONDO:0018911,MedGen:C0342276,OMIM:PS125850,Orphanet:552","Diabetes mellitus, transient neonatal, 3|Maturity-onset diabetes of the young type 13|Hyperinsulinemic hypoglycemia, familial, 2|Maturity-onset diabetes of the young",germline;somatic,germline/somatic,GRCh37,NC_000011.9,11,17406904,17406904,na,na,11p15.1,"criteria provided, multiple submitters, no conflicts",2,-,N,ClinGen:CA10638581,2,303707,17406904,T,C,-,-,-,-,-,-,SCV000369068|SCV000369069|SCV000369070|SCV002506458,-,-
326645,single nucleotide variant,NM_000525.4(KCNJ11):c.*1562A>G,3767,KCNJ11,HGNC:6257,Uncertain significance,0,"Jan 12, 2018",886048031,-,RCV000283800|RCV000341182|RCV000402133|RCV002227122,"MONDO:MONDO:0012522,MedGen:C1864623,OMIM:610582,Orphanet:99886|MONDO:MONDO:0014589,MedGen:C4225365,OMIM:616329,Orphanet:552|MONDO:MONDO:0011153,MedGen:C2931833,OMIM:601820,Orphanet:276580,Orphanet:276603|Human Phenotype Ontology:HP:0004904,MONDO:MONDO:0018911,MedGen:C0342276,OMIM:PS125850,Orphanet:552","Diabetes mellitus, transient neonatal, 3|Maturity-onset diabetes of the young type 13|Hyperinsulinemic hypoglycemia, familial, 2|Maturity-onset diabetes of the young",germline;somatic,germline/somatic,GRCh38,NC_000011.10,11,17385357,17385357,na,na,11p15.1,"criteria provided, multiple submitters, no conflicts",2,-,N,ClinGen:CA10638581,2,303707,17385357,T,C,-,-,-,-,-,-,SCV000369068|SCV000369069|SCV000369070|SCV002506458,-,-
326649,single nucleotide variant,NM_000525.4(KCNJ11):c.*1197G>A,3767,KCNJ11,HGNC:6257,Conflicting classifications of pathogenicity,0,"Jun 01, 2023",191682072,-,RCV000306184|RCV000360912|RCV000407199|RCV002274011|RCV003409468,"MONDO:MONDO:0014589,MedGen:C4225365,OMIM:616329,Orphanet:552|MONDO:MONDO:0012522,MedGen:C1864623,OMIM:610582,Orphanet:99886|MONDO:MONDO:0011153,MedGen:C2931833,OMIM:601820,Orphanet:276580,Orphanet:276603|Human Phenotype Ontology:HP:0004904,MONDO:MONDO:0018911,MedGen:C0342276,OMIM:PS125850,Orphanet:552|MedGen:C3661900","Maturity-onset diabetes of the young type 13|Diabetes mellitus, transient neonatal, 3|Hyperinsulinemic hypoglycemia, familial, 2|Maturity-onset diabetes of the young|not provided",germline;unknown,germline,GRCh37,NC_000011.9,11,17407269,17407269,na,na,11p15.1,"criteria provided, conflicting classifications",3,-,N,ClinGen:CA10638582,2,303708,17407269,C,T,-,-,-,-,-,-,SCV000369071|SCV000369072|SCV000369073|SCV002558795|SCV004136019,-,-
326649,single nucleotide variant,NM_000525.4(KCNJ11):c.*1197G>A,3767,KCNJ11,HGNC:6257,Conflicting classifications of pathogenicity,0,"Jun 01, 2023",191682072,-,RCV000306184|RCV000360912|RCV000407199|RCV002274011|RCV003409468,"MONDO:MONDO:0014589,MedGen:C4225365,OMIM:616329,Orphanet:552|MONDO:MONDO:0012522,MedGen:C1864623,OMIM:610582,Orphanet:99886|MONDO:MONDO:0011153,MedGen:C2931833,OMIM:601820,Orphanet:276580,Orphanet:276603|Human Phenotype Ontology:HP:0004904,MONDO:MONDO:0018911,MedGen:C0342276,OMIM:PS125850,Orphanet:552|MedGen:C3661900","Maturity-onset diabetes of the young type 13|Diabetes mellitus, transient neonatal, 3|Hyperinsulinemic hypoglycemia, familial, 2|Maturity-onset diabetes of the young|not provided",germline;unknown,germline,GRCh38,NC_000011.10,11,17385722,17385722,na,na,11p15.1,"criteria provided, conflicting classifications",3,-,N,ClinGen:CA10638582,2,303708,17385722,C,T,-,-,-,-,-,-,SCV000369071|SCV000369072|SCV000369073|SCV002558795|SCV004136019,-,-
326650,single nucleotide variant,NM_000525.4(KCNJ11):c.*686A>G,3767,KCNJ11,HGNC:6257,Conflicting classifications of pathogenicity,0,"Jan 13, 2018",147282653,-,RCV000263097|RCV000318210|RCV000367236|RCV002227130,"MONDO:MONDO:0014589,MedGen:C4225365,OMIM:616329,Orphanet:552|MONDO:MONDO:0012522,MedGen:C1864623,OMIM:610582,Orphanet:99886|MONDO:MONDO:0011153,MedGen:C2931833,OMIM:601820,Orphanet:276580,Orphanet:276603|Human Phenotype Ontology:HP:0004904,MONDO:MONDO:0018911,MedGen:C0342276,OMIM:PS125850,Orphanet:552","Maturity-onset diabetes of the young type 13|Diabetes mellitus, transient neonatal, 3|Hyperinsulinemic hypoglycemia, familial, 2|Maturity-onset diabetes of the young",germline;somatic,germline/somatic,GRCh37,NC_000011.9,11,17407780,17407780,na,na,11p15.1,"criteria provided, conflicting classifications",2,-,N,ClinGen:CA10638583,2,303717,17407780,T,C,-,-,-,-,-,-,SCV000369098|SCV000369099|SCV000369100|SCV002506451,-,-
326650,single nucleotide variant,NM_000525.4(KCNJ11):c.*686A>G,3767,KCNJ11,HGNC:6257,Conflicting classifications of pathogenicity,0,"Jan 13, 2018",147282653,-,RCV000263097|RCV000318210|RCV000367236|RCV002227130,"MONDO:MONDO:0014589,MedGen:C4225365,OMIM:616329,Orphanet:552|MONDO:MONDO:0012522,MedGen:C1864623,OMIM:610582,Orphanet:99886|MONDO:MONDO:0011153,MedGen:C2931833,OMIM:601820,Orphanet:276580,Orphanet:276603|Human Phenotype Ontology:HP:0004904,MONDO:MONDO:0018911,MedGen:C0342276,OMIM:PS125850,Orphanet:552","Maturity-onset diabetes of the young type 13|Diabetes mellitus, transient neonatal, 3|Hyperinsulinemic hypoglycemia, familial, 2|Maturity-onset diabetes of the young",germline;somatic,germline/somatic,GRCh38,NC_000011.10,11,17386233,17386233,na,na,11p15.1,"criteria provided, conflicting classifications",2,-,N,ClinGen:CA10638583,2,303717,17386233,T,C,-,-,-,-,-,-,SCV000369098|SCV000369099|SCV000369100|SCV002506451,-,-
326654,single nucleotide variant,NM_000525.4(KCNJ11):c.*441T>C,3767,KCNJ11,HGNC:6257,Conflicting classifications of pathogenicity,1,"May 12, 2021",2285676,-,RCV000301359|RCV000356199|RCV000400519|RCV001618527|RCV002227134,"MONDO:MONDO:0014589,MedGen:C4225365,OMIM:616329,Orphanet:552|MONDO:MONDO:0011153,MedGen:C2931833,OMIM:601820,Orphanet:276580,Orphanet:276603|MONDO:MONDO:0012522,MedGen:C1864623,OMIM:610582,Orphanet:99886|MedGen:C3661900|Human Phenotype Ontology:HP:0005965,Human Phenotype Ontology:HP:0005978,Human Phenotype Ontology:HP:0100652,MONDO:MONDO:0005148,MeSH:D003924,MedGen:C0011860,OMIM:125853","Maturity-onset diabetes of the young type 13|Hyperinsulinemic hypoglycemia, familial, 2|Diabetes mellitus, transient neonatal, 3|not provided|Type 2 diabetes mellitus",germline;somatic,germline/somatic,GRCh37,NC_000011.9,11,17408025,17408025,na,na,11p15.1,"criteria provided, conflicting classifications",3,-,N,ClinGen:CA10638585,2,303722,17408025,A,G,-,-,-,-,-,-,SCV000369113|SCV000369114|SCV000369115|SCV001842767|SCV002506468,-,-
326654,single nucleotide variant,NM_000525.4(KCNJ11):c.*441T>C,3767,KCNJ11,HGNC:6257,Conflicting classifications of pathogenicity,1,"May 12, 2021",2285676,-,RCV000301359|RCV000356199|RCV000400519|RCV001618527|RCV002227134,"MONDO:MONDO:0014589,MedGen:C4225365,OMIM:616329,Orphanet:552|MONDO:MONDO:0011153,MedGen:C2931833,OMIM:601820,Orphanet:276580,Orphanet:276603|MONDO:MONDO:0012522,MedGen:C1864623,OMIM:610582,Orphanet:99886|MedGen:C3661900|Human Phenotype Ontology:HP:0005965,Human Phenotype Ontology:HP:0005978,Human Phenotype Ontology:HP:0100652,MONDO:MONDO:0005148,MeSH:D003924,MedGen:C0011860,OMIM:125853","Maturity-onset diabetes of the young type 13|Hyperinsulinemic hypoglycemia, familial, 2|Diabetes mellitus, transient neonatal, 3|not provided|Type 2 diabetes mellitus",germline;somatic,germline/somatic,GRCh38,NC_000011.10,11,17386478,17386478,na,na,11p15.1,"criteria provided, conflicting classifications",3,-,N,ClinGen:CA10638585,2,303722,17386478,A,G,-,-,-,-,-,-,SCV000369113|SCV000369114|SCV000369115|SCV001842767|SCV002506468,-,-
326655,single nucleotide variant,NM_000525.4(KCNJ11):c.*218G>T,3767,KCNJ11,HGNC:6257,Uncertain significance,0,"May 10, 2022",886048039,-,RCV000288384|RCV000352710|RCV000388356|RCV002502204|RCV002227137,"MONDO:MONDO:0012522,MedGen:C1864623,OMIM:610582,Orphanet:99886|MONDO:MONDO:0011153,MedGen:C2931833,OMIM:601820,Orphanet:276580,Orphanet:276603|MONDO:MONDO:0014589,MedGen:C4225365,OMIM:616329,Orphanet:552|MONDO:MONDO:0012522,MedGen:C1864623,OMIM:610582,Orphanet:99886;MONDO:MONDO:0014589,MedGen:C4225365,OMIM:616329,Orphanet:552;MONDO:MONDO:0030087,MedGen:C5394296,OMIM:618856;Human Phenotype Ontology:HP:0005965,Human Phenotype Ontology:HP:0005978,Human Phenotype Ontology:HP:0100652,MONDO:MONDO:0005148,MeSH:D003924,MedGen:C0011860,OMIM:125853;MONDO:MONDO:0011153,MedGen:C2931833,OMIM:601820,Orphanet:276580,Orphanet:276603|Human Phenotype Ontology:HP:0004904,MONDO:MONDO:0018911,MedGen:C0342276,OMIM:PS125850,Orphanet:552","Diabetes mellitus, transient neonatal, 3|Hyperinsulinemic hypoglycemia, familial, 2|Maturity-onset diabetes of the young type 13|Diabetes mellitus, transient neonatal, 3;Maturity-onset diabetes of the young type 13;Diabetes mellitus, permanent neonatal 2;Type 2 diabetes mellitus;Hyperinsulinemic hypoglycemia, familial, 2|Maturity-onset diabetes of the young",germline;somatic;unknown,germline/somatic,GRCh37,NC_000011.9,11,17408248,17408248,na,na,11p15.1,"criteria provided, multiple submitters, no conflicts",3,-,N,ClinGen:CA10638586,2,303726,17408248,C,A,-,-,-,-,-,-,SCV000369125|SCV000369126|SCV000369127|SCV002505970|SCV002813428,-,-
326655,single nucleotide variant,NM_000525.4(KCNJ11):c.*218G>T,3767,KCNJ11,HGNC:6257,Uncertain significance,0,"May 10, 2022",886048039,-,RCV000288384|RCV000352710|RCV000388356|RCV002502204|RCV002227137,"MONDO:MONDO:0012522,MedGen:C1864623,OMIM:610582,Orphanet:99886|MONDO:MONDO:0011153,MedGen:C2931833,OMIM:601820,Orphanet:276580,Orphanet:276603|MONDO:MONDO:0014589,MedGen:C4225365,OMIM:616329,Orphanet:552|MONDO:MONDO:0012522,MedGen:C1864623,OMIM:610582,Orphanet:99886;MONDO:MONDO:0014589,MedGen:C4225365,OMIM:616329,Orphanet:552;MONDO:MONDO:0030087,MedGen:C5394296,OMIM:618856;Human Phenotype Ontology:HP:0005965,Human Phenotype Ontology:HP:0005978,Human Phenotype Ontology:HP:0100652,MONDO:MONDO:0005148,MeSH:D003924,MedGen:C0011860,OMIM:125853;MONDO:MONDO:0011153,MedGen:C2931833,OMIM:601820,Orphanet:276580,Orphanet:276603|Human Phenotype Ontology:HP:0004904,MONDO:MONDO:0018911,MedGen:C0342276,OMIM:PS125850,Orphanet:552","Diabetes mellitus, transient neonatal, 3|Hyperinsulinemic hypoglycemia, familial, 2|Maturity-onset diabetes of the young type 13|Diabetes mellitus, transient neonatal, 3;Maturity-onset diabetes of the young type 13;Diabetes mellitus, permanent neonatal 2;Type 2 diabetes mellitus;Hyperinsulinemic hypoglycemia, familial, 2|Maturity-onset diabetes of the young",germline;somatic;unknown,germline/somatic,GRCh38,NC_000011.10,11,17386701,17386701,na,na,11p15.1,"criteria provided, multiple submitters, no conflicts",3,-,N,ClinGen:CA10638586,2,303726,17386701,C,A,-,-,-,-,-,-,SCV000369125|SCV000369126|SCV000369127|SCV002505970|SCV002813428,-,-
326656,single nucleotide variant,NM_000525.4(KCNJ11):c.*50G>A,3767,KCNJ11,HGNC:6257,Uncertain significance,0,"Jan 13, 2018",886048041,-,RCV000282108|RCV000331277|RCV000385824|RCV002227142,"MONDO:MONDO:0014589,MedGen:C4225365,OMIM:616329,Orphanet:552|MONDO:MONDO:0011153,MedGen:C2931833,OMIM:601820,Orphanet:276580,Orphanet:276603|MONDO:MONDO:0012522,MedGen:C1864623,OMIM:610582,Orphanet:99886|Human Phenotype Ontology:HP:0004904,MONDO:MONDO:0018911,MedGen:C0342276,OMIM:PS125850,Orphanet:552","Maturity-onset diabetes of the young type 13|Hyperinsulinemic hypoglycemia, familial, 2|Diabetes mellitus, transient neonatal, 3|Maturity-onset diabetes of the young",germline;somatic,germline/somatic,GRCh37,NC_000011.9,11,17408416,17408416,na,na,11p15.1,"criteria provided, multiple submitters, no conflicts",2,-,N,ClinGen:CA10638587,2,303732,17408416,C,T,-,-,-,-,-,-,SCV000369143|SCV000369144|SCV000369145|SCV002505968,-,-
326656,single nucleotide variant,NM_000525.4(KCNJ11):c.*50G>A,3767,KCNJ11,HGNC:6257,Uncertain significance,0,"Jan 13, 2018",886048041,-,RCV000282108|RCV000331277|RCV000385824|RCV002227142,"MONDO:MONDO:0014589,MedGen:C4225365,OMIM:616329,Orphanet:552|MONDO:MONDO:0011153,MedGen:C2931833,OMIM:601820,Orphanet:276580,Orphanet:276603|MONDO:MONDO:0012522,MedGen:C1864623,OMIM:610582,Orphanet:99886|Human Phenotype Ontology:HP:0004904,MONDO:MONDO:0018911,MedGen:C0342276,OMIM:PS125850,Orphanet:552","Maturity-onset diabetes of the young type 13|Hyperinsulinemic hypoglycemia, familial, 2|Diabetes mellitus, transient neonatal, 3|Maturity-onset diabetes of the young",germline;somatic,germline/somatic,GRCh38,NC_000011.10,11,17386869,17386869,na,na,11p15.1,"criteria provided, multiple submitters, no conflicts",2,-,N,ClinGen:CA10638587,2,303732,17386869,C,T,-,-,-,-,-,-,SCV000369143|SCV000369144|SCV000369145|SCV002505968,-,-
326657,single nucleotide variant,NM_000525.4(KCNJ11):c.*40C>T,3767,KCNJ11,HGNC:6257,Conflicting classifications of pathogenicity,0,"Jan 13, 2018",746850899,-,RCV000278382|RCV000318429|RCV000372913|RCV002227143,"MONDO:MONDO:0011153,MedGen:C2931833,OMIM:601820,Orphanet:276580,Orphanet:276603|MONDO:MONDO:0012522,MedGen:C1864623,OMIM:610582,Orphanet:99886|MONDO:MONDO:0014589,MedGen:C4225365,OMIM:616329,Orphanet:552|Human Phenotype Ontology:HP:0004904,MONDO:MONDO:0018911,MedGen:C0342276,OMIM:PS125850,Orphanet:552","Hyperinsulinemic hypoglycemia, familial, 2|Diabetes mellitus, transient neonatal, 3|Maturity-onset diabetes of the young type 13|Maturity-onset diabetes of the young",germline;somatic,germline/somatic,GRCh37,NC_000011.9,11,17408426,17408426,na,na,11p15.1,"criteria provided, conflicting classifications",2,-,N,ClinGen:CA5902153,2,303733,17408426,G,A,-,-,-,-,-,-,SCV000369146|SCV000369147|SCV000369148|SCV002505967,-,-
326657,single nucleotide variant,NM_000525.4(KCNJ11):c.*40C>T,3767,KCNJ11,HGNC:6257,Conflicting classifications of pathogenicity,0,"Jan 13, 2018",746850899,-,RCV000278382|RCV000318429|RCV000372913|RCV002227143,"MONDO:MONDO:0011153,MedGen:C2931833,OMIM:601820,Orphanet:276580,Orphanet:276603|MONDO:MONDO:0012522,MedGen:C1864623,OMIM:610582,Orphanet:99886|MONDO:MONDO:0014589,MedGen:C4225365,OMIM:616329,Orphanet:552|Human Phenotype Ontology:HP:0004904,MONDO:MONDO:0018911,MedGen:C0342276,OMIM:PS125850,Orphanet:552","Hyperinsulinemic hypoglycemia, familial, 2|Diabetes mellitus, transient neonatal, 3|Maturity-onset diabetes of the young type 13|Maturity-onset diabetes of the young",germline;somatic,germline/somatic,GRCh38,NC_000011.10,11,17386879,17386879,na,na,11p15.1,"criteria provided, conflicting classifications",2,-,N,ClinGen:CA5902153,2,303733,17386879,G,A,-,-,-,-,-,-,SCV000369146|SCV000369147|SCV000369148|SCV002505967,-,-
326665,single nucleotide variant,NM_000525.4(KCNJ11):c.354G>A (p.Ser118=),3767,KCNJ11,HGNC:6257,Conflicting classifications of pathogenicity,0,"Jan 18, 2025",140636367,-,RCV000264806|RCV000928713|RCV001273747|RCV001642938|RCV003165822,"Human Phenotype Ontology:HP:0004904,MONDO:MONDO:0018911,MedGen:C0342276,OMIM:PS125850,Orphanet:552|MedGen:C3661900|MONDO:MONDO:0100164,MedGen:C1833104,OMIM:PS606176,Orphanet:99885|MedGen:CN169374|MeSH:D030342,MedGen:C0950123",Maturity-onset diabetes of the young|not provided|Permanent neonatal diabetes mellitus|not specified|Inborn genetic diseases,germline;somatic;unknown,germline/somatic,GRCh37,NC_000011.9,11,17409285,17409285,na,na,11p15.1,"criteria provided, conflicting classifications",5,-,N,ClinGen:CA5902297,2,303738,17409285,C,T,-,-,-,-,-,-,SCV001074328|SCV001475934|SCV002506473|SCV003904845,-,-
326665,single nucleotide variant,NM_000525.4(KCNJ11):c.354G>A (p.Ser118=),3767,KCNJ11,HGNC:6257,Conflicting classifications of pathogenicity,0,"Jan 18, 2025",140636367,-,RCV000264806|RCV000928713|RCV001273747|RCV001642938|RCV003165822,"Human Phenotype Ontology:HP:0004904,MONDO:MONDO:0018911,MedGen:C0342276,OMIM:PS125850,Orphanet:552|MedGen:C3661900|MONDO:MONDO:0100164,MedGen:C1833104,OMIM:PS606176,Orphanet:99885|MedGen:CN169374|MeSH:D030342,MedGen:C0950123",Maturity-onset diabetes of the young|not provided|Permanent neonatal diabetes mellitus|not specified|Inborn genetic diseases,germline;somatic;unknown,germline/somatic,GRCh38,NC_000011.10,11,17387738,17387738,na,na,11p15.1,"criteria provided, conflicting classifications",5,-,N,ClinGen:CA5902297,2,303738,17387738,C,T,-,-,-,-,-,-,SCV001074328|SCV001475934|SCV002506473|SCV003904845,-,-
326666,single nucleotide variant,NM_000525.4(KCNJ11):c.-559G>C,3767,KCNJ11,HGNC:6257,Conflicting classifications of pathogenicity,0,"Sep 10, 2025",547932593,-,RCV000315800|RCV001093987|RCV001105685|RCV001093988|RCV001820890|RCV005860062,"Human Phenotype Ontology:HP:0004904,MONDO:MONDO:0018911,MedGen:C0342276,OMIM:PS125850,Orphanet:552|MONDO:MONDO:0011153,MedGen:C2931833,OMIM:601820,Orphanet:276580,Orphanet:276603|MONDO:MONDO:0014589,MedGen:C4225365,OMIM:616329,Orphanet:552|MONDO:MONDO:0012522,MedGen:C1864623,OMIM:610582,Orphanet:99886|MedGen:CN169374|MONDO:MONDO:0030087,MedGen:C5394296,OMIM:618856","Maturity-onset diabetes of the young|Hyperinsulinemic hypoglycemia, familial, 2|Maturity-onset diabetes of the young type 13|Diabetes mellitus, transient neonatal, 3|not specified|Diabetes mellitus, permanent neonatal 2",germline;somatic,germline/somatic,GRCh37,NC_000011.9,11,17410197,17410197,na,na,11p15.1,"criteria provided, conflicting classifications",4,-,N,ClinGen:CA10638591,2,303745,17410197,C,G,-,-,-,-,-,-,SCV000483244|SCV000483245|SCV001262681|SCV002066197|SCV002506479|SCV006551908,-,-
326666,single nucleotide variant,NM_000525.4(KCNJ11):c.-559G>C,3767,KCNJ11,HGNC:6257,Conflicting classifications of pathogenicity,0,"Sep 10, 2025",547932593,-,RCV000315800|RCV001093987|RCV001105685|RCV001093988|RCV001820890|RCV005860062,"Human Phenotype Ontology:HP:0004904,MONDO:MONDO:0018911,MedGen:C0342276,OMIM:PS125850,Orphanet:552|MONDO:MONDO:0011153,MedGen:C2931833,OMIM:601820,Orphanet:276580,Orphanet:276603|MONDO:MONDO:0014589,MedGen:C4225365,OMIM:616329,Orphanet:552|MONDO:MONDO:0012522,MedGen:C1864623,OMIM:610582,Orphanet:99886|MedGen:CN169374|MONDO:MONDO:0030087,MedGen:C5394296,OMIM:618856","Maturity-onset diabetes of the young|Hyperinsulinemic hypoglycemia, familial, 2|Maturity-onset diabetes of the young type 13|Diabetes mellitus, transient neonatal, 3|not specified|Diabetes mellitus, permanent neonatal 2",germline;somatic,germline/somatic,GRCh38,NC_000011.10,11,17388650,17388650,na,na,11p15.1,"criteria provided, conflicting classifications",4,-,N,ClinGen:CA10638591,2,303745,17388650,C,G,-,-,-,-,-,-,SCV000483244|SCV000483245|SCV001262681|SCV002066197|SCV002506479|SCV006551908,-,-
326668,single nucleotide variant,NM_000352.6(ABCC8):c.4307+13A>C,6833,ABCC8,HGNC:59,Uncertain significance,0,"Jan 13, 2018",886048047,-,RCV000312178|RCV000394780|RCV000355301,"MONDO:MONDO:0009734,MedGen:C2931832,OMIM:256450,Orphanet:276575,Orphanet:276598|MONDO:MONDO:0100164,MedGen:C1833104,OMIM:PS606176,Orphanet:99885|MONDO:MONDO:0012480,MedGen:C1835887,OMIM:610374,Orphanet:99886","Hyperinsulinemic hypoglycemia, familial, 1|Permanent neonatal diabetes mellitus|Diabetes mellitus, transient neonatal, 2",germline,germline,GRCh37,NC_000011.9,11,17417144,17417144,na,na,11p15.1,"criteria provided, single submitter",1,-,N,ClinGen:CA10638592,2,303750,17417144,T,G,-,-,-,-,-,-,SCV000369236|SCV000369237|SCV000369238,-,-
326668,single nucleotide variant,NM_000352.6(ABCC8):c.4307+13A>C,6833,ABCC8,HGNC:59,Uncertain significance,0,"Jan 13, 2018",886048047,-,RCV000312178|RCV000394780|RCV000355301,"MONDO:MONDO:0009734,MedGen:C2931832,OMIM:256450,Orphanet:276575,Orphanet:276598|MONDO:MONDO:0100164,MedGen:C1833104,OMIM:PS606176,Orphanet:99885|MONDO:MONDO:0012480,MedGen:C1835887,OMIM:610374,Orphanet:99886","Hyperinsulinemic hypoglycemia, familial, 1|Permanent neonatal diabetes mellitus|Diabetes mellitus, transient neonatal, 2",germline,germline,GRCh38,NC_000011.10,11,17395597,17395597,na,na,11p15.1,"criteria provided, single submitter",1,-,N,ClinGen:CA10638592,2,303750,17395597,T,G,-,-,-,-,-,-,SCV000369236|SCV000369237|SCV000369238,-,-
326673,single nucleotide variant,NM_000352.6(ABCC8):c.4199-8C>T,6833,ABCC8,HGNC:59,Conflicting classifications of pathogenicity,0,"Feb 09, 2024",886048048,-,RCV000266607|RCV000324311|RCV000358028|RCV001495943|RCV002244758|RCV002244757,"MONDO:MONDO:0012480,MedGen:C1835887,OMIM:610374,Orphanet:99886|MONDO:MONDO:0009734,MedGen:C2931832,OMIM:256450,Orphanet:276575,Orphanet:276598|MONDO:MONDO:0100164,MedGen:C1833104,OMIM:PS606176,Orphanet:99885|MedGen:C3661900|Human Phenotype Ontology:HP:0008255,MONDO:MONDO:0020525,MedGen:C0342273|Human Phenotype Ontology:HP:0004904,MONDO:MONDO:0018911,MedGen:C0342276,OMIM:PS125850,Orphanet:552","Diabetes mellitus, transient neonatal, 2|Hyperinsulinemic hypoglycemia, familial, 1|Permanent neonatal diabetes mellitus|not provided|Transitory neonatal diabetes mellitus|Maturity-onset diabetes of the young",germline;somatic,germline/somatic,GRCh37,NC_000011.9,11,17417273,17417273,na,na,11p15.1,"criteria provided, conflicting classifications",3,-,N,ClinGen:CA10638595,2,303752,17417273,G,A,-,-,-,-,-,-,SCV000369242|SCV000369243|SCV000369244|SCV001700633|SCV002513445|SCV002513446,-,-
326673,single nucleotide variant,NM_000352.6(ABCC8):c.4199-8C>T,6833,ABCC8,HGNC:59,Conflicting classifications of pathogenicity,0,"Feb 09, 2024",886048048,-,RCV000266607|RCV000324311|RCV000358028|RCV001495943|RCV002244758|RCV002244757,"MONDO:MONDO:0012480,MedGen:C1835887,OMIM:610374,Orphanet:99886|MONDO:MONDO:0009734,MedGen:C2931832,OMIM:256450,Orphanet:276575,Orphanet:276598|MONDO:MONDO:0100164,MedGen:C1833104,OMIM:PS606176,Orphanet:99885|MedGen:C3661900|Human Phenotype Ontology:HP:0008255,MONDO:MONDO:0020525,MedGen:C0342273|Human Phenotype Ontology:HP:0004904,MONDO:MONDO:0018911,MedGen:C0342276,OMIM:PS125850,Orphanet:552","Diabetes mellitus, transient neonatal, 2|Hyperinsulinemic hypoglycemia, familial, 1|Permanent neonatal diabetes mellitus|not provided|Transitory neonatal diabetes mellitus|Maturity-onset diabetes of the young",germline;somatic,germline/somatic,GRCh38,NC_000011.10,11,17395726,17395726,na,na,11p15.1,"criteria provided, conflicting classifications",3,-,N,ClinGen:CA10638595,2,303752,17395726,G,A,-,-,-,-,-,-,SCV000369242|SCV000369243|SCV000369244|SCV001700633|SCV002513445|SCV002513446,-,-
326677,single nucleotide variant,NM_000352.6(ABCC8):c.4090G>A (p.Val1364Ile),6833,ABCC8,HGNC:59,Conflicting classifications of pathogenicity,0,"Jan 28, 2026",138642224,-,RCV000296366|RCV000349002|RCV000387248|RCV000710383|RCV001820891|RCV001833441|RCV004734966|RCV005044563,"MONDO:MONDO:0100164,MedGen:C1833104,OMIM:PS606176,Orphanet:99885|MONDO:MONDO:0009734,MedGen:C2931832,OMIM:256450,Orphanet:276575,Orphanet:276598|MONDO:MONDO:0012480,MedGen:C1835887,OMIM:610374,Orphanet:99886|MedGen:C3661900|MedGen:CN169374|||MONDO:MONDO:0012480,MedGen:C1835887,OMIM:610374,Orphanet:99886;MONDO:MONDO:0009415,MedGen:C0271714,OMIM:240800;MONDO:MONDO:0030088,MedGen:C5394303,OMIM:618857;Human Phenotype Ontology:HP:0005965,Human Phenotype Ontology:HP:0005978,Human Phenotype Ontology:HP:0100652,MONDO:MONDO:0005148,MeSH:D003924,MedGen:C0011860,OMIM:125853;MONDO:MONDO:0009734,MedGen:C2931832,OMIM:256450,Orphanet:276575,Orphanet:276598","Permanent neonatal diabetes mellitus|Hyperinsulinemic hypoglycemia, familial, 1|Diabetes mellitus, transient neonatal, 2|not provided|not specified|Hereditary hyperinsulinism|ABCC8-related disorder|Diabetes mellitus, transient neonatal, 2;Leucine-induced hypoglycemia;Diabetes mellitus, permanent neonatal 3;Type 2 diabetes mellitus;Hyperinsulinemic hypoglycemia, familial, 1",germline;unknown,germline,GRCh37,NC_000011.9,11,17418492,17418492,na,na,11p15.1,"criteria provided, conflicting classifications",9,-,N,ClinGen:CA5902586,2,303754,17418492,C,T,-,-,-,-,-,-,SCV000369251|SCV000369252|SCV000369253|SCV000840593|SCV002071580|SCV002377765|SCV005076110|SCV005080432|SCV005683383,-,-
326677,single nucleotide variant,NM_000352.6(ABCC8):c.4090G>A (p.Val1364Ile),6833,ABCC8,HGNC:59,Conflicting classifications of pathogenicity,0,"Jan 28, 2026",138642224,-,RCV000296366|RCV000349002|RCV000387248|RCV000710383|RCV001820891|RCV001833441|RCV004734966|RCV005044563,"MONDO:MONDO:0100164,MedGen:C1833104,OMIM:PS606176,Orphanet:99885|MONDO:MONDO:0009734,MedGen:C2931832,OMIM:256450,Orphanet:276575,Orphanet:276598|MONDO:MONDO:0012480,MedGen:C1835887,OMIM:610374,Orphanet:99886|MedGen:C3661900|MedGen:CN169374|||MONDO:MONDO:0012480,MedGen:C1835887,OMIM:610374,Orphanet:99886;MONDO:MONDO:0009415,MedGen:C0271714,OMIM:240800;MONDO:MONDO:0030088,MedGen:C5394303,OMIM:618857;Human Phenotype Ontology:HP:0005965,Human Phenotype Ontology:HP:0005978,Human Phenotype Ontology:HP:0100652,MONDO:MONDO:0005148,MeSH:D003924,MedGen:C0011860,OMIM:125853;MONDO:MONDO:0009734,MedGen:C2931832,OMIM:256450,Orphanet:276575,Orphanet:276598","Permanent neonatal diabetes mellitus|Hyperinsulinemic hypoglycemia, familial, 1|Diabetes mellitus, transient neonatal, 2|not provided|not specified|Hereditary hyperinsulinism|ABCC8-related disorder|Diabetes mellitus, transient neonatal, 2;Leucine-induced hypoglycemia;Diabetes mellitus, permanent neonatal 3;Type 2 diabetes mellitus;Hyperinsulinemic hypoglycemia, familial, 1",germline;unknown,germline,GRCh38,NC_000011.10,11,17396945,17396945,na,na,11p15.1,"criteria provided, conflicting classifications",9,-,N,ClinGen:CA5902586,2,303754,17396945,C,T,-,-,-,-,-,-,SCV000369251|SCV000369252|SCV000369253|SCV000840593|SCV002071580|SCV002377765|SCV005076110|SCV005080432|SCV005683383,-,-
326678,single nucleotide variant,NM_000352.6(ABCC8):c.3951C>G (p.Leu1317=),6833,ABCC8,HGNC:59,Conflicting classifications of pathogenicity,0,"Jan 28, 2026",765708759,-,RCV000269973|RCV000305055|RCV000359920|RCV000877067|RCV002246118|RCV002356416|RCV002246119,"MONDO:MONDO:0100164,MedGen:C1833104,OMIM:PS606176,Orphanet:99885|MONDO:MONDO:0009734,MedGen:C2931832,OMIM:256450,Orphanet:276575,Orphanet:276598|MONDO:MONDO:0012480,MedGen:C1835887,OMIM:610374,Orphanet:99886|MedGen:C3661900|Human Phenotype Ontology:HP:0004904,MONDO:MONDO:0018911,MedGen:C0342276,OMIM:PS125850,Orphanet:552|MeSH:D030342,MedGen:C0950123|Human Phenotype Ontology:HP:0008255,MONDO:MONDO:0020525,MedGen:C0342273","Permanent neonatal diabetes mellitus|Hyperinsulinemic hypoglycemia, familial, 1|Diabetes mellitus, transient neonatal, 2|not provided|Maturity-onset diabetes of the young|Inborn genetic diseases|Transitory neonatal diabetes mellitus",germline;somatic,germline/somatic,GRCh37,NC_000011.9,11,17418777,17418777,na,na,11p15.1,"criteria provided, conflicting classifications",4,-,N,ClinGen:CA5902636,2,303757,17418777,G,C,-,-,-,-,-,-,SCV000369260|SCV000369261|SCV000369262|SCV001019738|SCV002513527|SCV002513528|SCV002621931,-,-
326678,single nucleotide variant,NM_000352.6(ABCC8):c.3951C>G (p.Leu1317=),6833,ABCC8,HGNC:59,Conflicting classifications of pathogenicity,0,"Jan 28, 2026",765708759,-,RCV000269973|RCV000305055|RCV000359920|RCV000877067|RCV002246118|RCV002356416|RCV002246119,"MONDO:MONDO:0100164,MedGen:C1833104,OMIM:PS606176,Orphanet:99885|MONDO:MONDO:0009734,MedGen:C2931832,OMIM:256450,Orphanet:276575,Orphanet:276598|MONDO:MONDO:0012480,MedGen:C1835887,OMIM:610374,Orphanet:99886|MedGen:C3661900|Human Phenotype Ontology:HP:0004904,MONDO:MONDO:0018911,MedGen:C0342276,OMIM:PS125850,Orphanet:552|MeSH:D030342,MedGen:C0950123|Human Phenotype Ontology:HP:0008255,MONDO:MONDO:0020525,MedGen:C0342273","Permanent neonatal diabetes mellitus|Hyperinsulinemic hypoglycemia, familial, 1|Diabetes mellitus, transient neonatal, 2|not provided|Maturity-onset diabetes of the young|Inborn genetic diseases|Transitory neonatal diabetes mellitus",germline;somatic,germline/somatic,GRCh38,NC_000011.10,11,17397230,17397230,na,na,11p15.1,"criteria provided, conflicting classifications",4,-,N,ClinGen:CA5902636,2,303757,17397230,G,C,-,-,-,-,-,-,SCV000369260|SCV000369261|SCV000369262|SCV001019738|SCV002513527|SCV002513528|SCV002621931,-,-
326698,single nucleotide variant,NM_000352.6(ABCC8):c.2937C>T (p.Ser979=),6833,ABCC8,HGNC:59,Conflicting classifications of pathogenicity,0,"Feb 26, 2024",780868010,-,RCV000264215|RCV000323996|RCV000359855|RCV002251453|RCV002251454|RCV002522189|RCV004021504,"MONDO:MONDO:0009734,MedGen:C2931832,OMIM:256450,Orphanet:276575,Orphanet:276598|MONDO:MONDO:0100164,MedGen:C1833104,OMIM:PS606176,Orphanet:99885|MONDO:MONDO:0012480,MedGen:C1835887,OMIM:610374,Orphanet:99886|Human Phenotype Ontology:HP:0004904,MONDO:MONDO:0018911,MedGen:C0342276,OMIM:PS125850,Orphanet:552|Human Phenotype Ontology:HP:0008255,MONDO:MONDO:0020525,MedGen:C0342273|MedGen:C3661900|MeSH:D030342,MedGen:C0950123","Hyperinsulinemic hypoglycemia, familial, 1|Permanent neonatal diabetes mellitus|Diabetes mellitus, transient neonatal, 2|Maturity-onset diabetes of the young|Transitory neonatal diabetes mellitus|not provided|Inborn genetic diseases",germline;unknown,germline,GRCh37,NC_000011.9,11,17428660,17428660,na,na,11p15.1,"criteria provided, conflicting classifications",4,-,N,ClinGen:CA5902966,2,303769,17428660,G,A,-,-,-,-,-,-,SCV000369305|SCV000369306|SCV000369307|SCV002521938|SCV002521939|SCV003461129|SCV005034548,-,-
326698,single nucleotide variant,NM_000352.6(ABCC8):c.2937C>T (p.Ser979=),6833,ABCC8,HGNC:59,Conflicting classifications of pathogenicity,0,"Feb 26, 2024",780868010,-,RCV000264215|RCV000323996|RCV000359855|RCV002251453|RCV002251454|RCV002522189|RCV004021504,"MONDO:MONDO:0009734,MedGen:C2931832,OMIM:256450,Orphanet:276575,Orphanet:276598|MONDO:MONDO:0100164,MedGen:C1833104,OMIM:PS606176,Orphanet:99885|MONDO:MONDO:0012480,MedGen:C1835887,OMIM:610374,Orphanet:99886|Human Phenotype Ontology:HP:0004904,MONDO:MONDO:0018911,MedGen:C0342276,OMIM:PS125850,Orphanet:552|Human Phenotype Ontology:HP:0008255,MONDO:MONDO:0020525,MedGen:C0342273|MedGen:C3661900|MeSH:D030342,MedGen:C0950123","Hyperinsulinemic hypoglycemia, familial, 1|Permanent neonatal diabetes mellitus|Diabetes mellitus, transient neonatal, 2|Maturity-onset diabetes of the young|Transitory neonatal diabetes mellitus|not provided|Inborn genetic diseases",germline;unknown,germline,GRCh38,NC_000011.10,11,17407113,17407113,na,na,11p15.1,"criteria provided, conflicting classifications",4,-,N,ClinGen:CA5902966,2,303769,17407113,G,A,-,-,-,-,-,-,SCV000369305|SCV000369306|SCV000369307|SCV002521938|SCV002521939|SCV003461129|SCV005034548,-,-
326700,single nucleotide variant,NM_000352.6(ABCC8):c.1958G>A (p.Arg653Gln),6833,ABCC8,HGNC:59,Conflicting classifications of pathogenicity,0,"Jan 27, 2026",146378237,-,RCV000264134|RCV000321571|RCV000375215|RCV000876083|RCV001274299|RCV005418069,"MONDO:MONDO:0012480,MedGen:C1835887,OMIM:610374,Orphanet:99886|MONDO:MONDO:0100164,MedGen:C1833104,OMIM:PS606176,Orphanet:99885|MONDO:MONDO:0009734,MedGen:C2931832,OMIM:256450,Orphanet:276575,Orphanet:276598|MedGen:C3661900||MedGen:CN169374","Diabetes mellitus, transient neonatal, 2|Permanent neonatal diabetes mellitus|Hyperinsulinemic hypoglycemia, familial, 1|not provided|Hereditary hyperinsulinism|not specified",germline,germline,GRCh37,NC_000011.9,11,17449918,17449918,na,na,11p15.1,"criteria provided, conflicting classifications",6,-,N,ClinGen:CA5903364,2,303779,17449918,C,T,-,-,-,-,-,-,SCV000369350|SCV000369351|SCV000369352|SCV001018600|SCV002027850|SCV004701919|SCV006086420,-,-
326700,single nucleotide variant,NM_000352.6(ABCC8):c.1958G>A (p.Arg653Gln),6833,ABCC8,HGNC:59,Conflicting classifications of pathogenicity,0,"Jan 27, 2026",146378237,-,RCV000264134|RCV000321571|RCV000375215|RCV000876083|RCV001274299|RCV005418069,"MONDO:MONDO:0012480,MedGen:C1835887,OMIM:610374,Orphanet:99886|MONDO:MONDO:0100164,MedGen:C1833104,OMIM:PS606176,Orphanet:99885|MONDO:MONDO:0009734,MedGen:C2931832,OMIM:256450,Orphanet:276575,Orphanet:276598|MedGen:C3661900||MedGen:CN169374","Diabetes mellitus, transient neonatal, 2|Permanent neonatal diabetes mellitus|Hyperinsulinemic hypoglycemia, familial, 1|not provided|Hereditary hyperinsulinism|not specified",germline,germline,GRCh38,NC_000011.10,11,17428371,17428371,na,na,11p15.1,"criteria provided, conflicting classifications",6,-,N,ClinGen:CA5903364,2,303779,17428371,C,T,-,-,-,-,-,-,SCV000369350|SCV000369351|SCV000369352|SCV001018600|SCV002027850|SCV004701919|SCV006086420,-,-
326703,single nucleotide variant,NM_000352.6(ABCC8):c.291-3C>T,6833,ABCC8,HGNC:59,Conflicting classifications of pathogenicity,0,"Jun 10, 2024",764107333,-,RCV000291838|RCV000349251|RCV000383921|RCV000710052|RCV000499468|RCV002254163|RCV002254162|RCV004537711,"MONDO:MONDO:0100164,MedGen:C1833104,OMIM:PS606176,Orphanet:99885|MONDO:MONDO:0012480,MedGen:C1835887,OMIM:610374,Orphanet:99886|MONDO:MONDO:0009734,MedGen:C2931832,OMIM:256450,Orphanet:276575,Orphanet:276598|MedGen:C3661900|MedGen:CN169374|Human Phenotype Ontology:HP:0008255,MONDO:MONDO:0020525,MedGen:C0342273|Human Phenotype Ontology:HP:0004904,MONDO:MONDO:0018911,MedGen:C0342276,OMIM:PS125850,Orphanet:552|","Permanent neonatal diabetes mellitus|Diabetes mellitus, transient neonatal, 2|Hyperinsulinemic hypoglycemia, familial, 1|not provided|not specified|Transitory neonatal diabetes mellitus|Maturity-onset diabetes of the young|ABCC8-related disorder",germline;unknown,germline,GRCh37,NC_000011.9,11,17491772,17491772,na,na,11p15.1,"criteria provided, conflicting classifications",6,-,N,ClinGen:CA5903915,2,303788,17491772,G,A,-,-,-,-,-,-,SCV000369419|SCV000369420|SCV000369421|SCV000592968|SCV000840432|SCV002524091|SCV002524092|SCV003275277,-,-
326703,single nucleotide variant,NM_000352.6(ABCC8):c.291-3C>T,6833,ABCC8,HGNC:59,Conflicting classifications of pathogenicity,0,"Jun 10, 2024",764107333,-,RCV000291838|RCV000349251|RCV000383921|RCV000710052|RCV000499468|RCV002254163|RCV002254162|RCV004537711,"MONDO:MONDO:0100164,MedGen:C1833104,OMIM:PS606176,Orphanet:99885|MONDO:MONDO:0012480,MedGen:C1835887,OMIM:610374,Orphanet:99886|MONDO:MONDO:0009734,MedGen:C2931832,OMIM:256450,Orphanet:276575,Orphanet:276598|MedGen:C3661900|MedGen:CN169374|Human Phenotype Ontology:HP:0008255,MONDO:MONDO:0020525,MedGen:C0342273|Human Phenotype Ontology:HP:0004904,MONDO:MONDO:0018911,MedGen:C0342276,OMIM:PS125850,Orphanet:552|","Permanent neonatal diabetes mellitus|Diabetes mellitus, transient neonatal, 2|Hyperinsulinemic hypoglycemia, familial, 1|not provided|not specified|Transitory neonatal diabetes mellitus|Maturity-onset diabetes of the young|ABCC8-related disorder",germline;unknown,germline,GRCh38,NC_000011.10,11,17470225,17470225,na,na,11p15.1,"criteria provided, conflicting classifications",6,-,N,ClinGen:CA5903915,2,303788,17470225,G,A,-,-,-,-,-,-,SCV000369419|SCV000369420|SCV000369421|SCV000592968|SCV000840432|SCV002524091|SCV002524092|SCV003275277,-,-
353177,single nucleotide variant,NM_001351295.2(ABCC8):c.*118A>G,6833,ABCC8,HGNC:59,Uncertain significance,0,-,142441893,-,RCV002244841|RCV002244842,"Human Phenotype Ontology:HP:0004904,MONDO:MONDO:0018911,MedGen:C0342276,OMIM:PS125850,Orphanet:552|Human Phenotype Ontology:HP:0008255,MONDO:MONDO:0020525,MedGen:C0342273",Maturity-onset diabetes of the young|Transitory neonatal diabetes mellitus,somatic,somatic,GRCh37,NC_000011.9,11,17414420,17414420,na,na,11p15.1,"criteria provided, single submitter",1,-,N,ClinGen:CA10654473,2,368948,17414420,T,C,-,-,-,-,-,-,SCV002512146|SCV002512147,-,-
353177,single nucleotide variant,NM_001351295.2(ABCC8):c.*118A>G,6833,ABCC8,HGNC:59,Uncertain significance,0,-,142441893,-,RCV002244841|RCV002244842,"Human Phenotype Ontology:HP:0004904,MONDO:MONDO:0018911,MedGen:C0342276,OMIM:PS125850,Orphanet:552|Human Phenotype Ontology:HP:0008255,MONDO:MONDO:0020525,MedGen:C0342273",Maturity-onset diabetes of the young|Transitory neonatal diabetes mellitus,somatic,somatic,GRCh38,NC_000011.10,11,17392873,17392873,na,na,11p15.1,"criteria provided, single submitter",1,-,N,ClinGen:CA10654473,2,368948,17392873,T,C,-,-,-,-,-,-,SCV002512146|SCV002512147,-,-
357931,single nucleotide variant,NM_000352.6(ABCC8):c.4478G>A (p.Arg1493Gln),6833,ABCC8,HGNC:59,Pathogenic/Likely pathogenic,1,"Apr 14, 2025",746480424,-,RCV000411593|RCV001383606|RCV003470337,"MONDO:MONDO:0009734,MedGen:C2931832,OMIM:256450,Orphanet:276575,Orphanet:276598|MedGen:C3661900|Human Phenotype Ontology:HP:0005965,Human Phenotype Ontology:HP:0005978,Human Phenotype Ontology:HP:0100652,MONDO:MONDO:0005148,MeSH:D003924,MedGen:C0011860,OMIM:125853","Hyperinsulinemic hypoglycemia, familial, 1|not provided|Type 2 diabetes mellitus",germline;unknown,germline,GRCh37,NC_000011.9,11,17415880,17415880,na,na,11p15.1,"criteria provided, multiple submitters, no conflicts",7,-,N,ClinGen:CA16041433,2,370910,17415880,C,T,-,-,-,-,-,-,SCV001582810|SCV002072837|SCV004026536|SCV004191161|SCV005399589|SCV006322206,-,-
357931,single nucleotide variant,NM_000352.6(ABCC8):c.4478G>A (p.Arg1493Gln),6833,ABCC8,HGNC:59,Pathogenic/Likely pathogenic,1,"Apr 14, 2025",746480424,-,RCV000411593|RCV001383606|RCV003470337,"MONDO:MONDO:0009734,MedGen:C2931832,OMIM:256450,Orphanet:276575,Orphanet:276598|MedGen:C3661900|Human Phenotype Ontology:HP:0005965,Human Phenotype Ontology:HP:0005978,Human Phenotype Ontology:HP:0100652,MONDO:MONDO:0005148,MeSH:D003924,MedGen:C0011860,OMIM:125853","Hyperinsulinemic hypoglycemia, familial, 1|not provided|Type 2 diabetes mellitus",germline;unknown,germline,GRCh38,NC_000011.10,11,17394333,17394333,na,na,11p15.1,"criteria provided, multiple submitters, no conflicts",7,-,N,ClinGen:CA16041433,2,370910,17394333,C,T,-,-,-,-,-,-,SCV001582810|SCV002072837|SCV004026536|SCV004191161|SCV005399589|SCV006322206,-,-
357932,Deletion,NM_000352.6(ABCC8):c.4474del (p.Ala1492fs),6833,ABCC8,HGNC:59,Uncertain significance,1,-,1057516655,-,RCV000409758|RCV002244848|RCV002244847,"MONDO:MONDO:0009734,MedGen:C2931832,OMIM:256450,Orphanet:276575,Orphanet:276598|Human Phenotype Ontology:HP:0008255,MONDO:MONDO:0020525,MedGen:C0342273|Human Phenotype Ontology:HP:0004904,MONDO:MONDO:0018911,MedGen:C0342276,OMIM:PS125850,Orphanet:552","Hyperinsulinemic hypoglycemia, familial, 1|Transitory neonatal diabetes mellitus|Maturity-onset diabetes of the young",somatic;unknown,somatic,GRCh37,NC_000011.9,11,17415884,17415884,na,na,11p15.1,"criteria provided, single submitter",2,-,N,ClinGen:CA16041434,2,370647,17415883,GC,G,-,-,-,-,-,-,SCV002513290|SCV002513291,-,-
357932,Deletion,NM_000352.6(ABCC8):c.4474del (p.Ala1492fs),6833,ABCC8,HGNC:59,Uncertain significance,1,-,1057516655,-,RCV000409758|RCV002244848|RCV002244847,"MONDO:MONDO:0009734,MedGen:C2931832,OMIM:256450,Orphanet:276575,Orphanet:276598|Human Phenotype Ontology:HP:0008255,MONDO:MONDO:0020525,MedGen:C0342273|Human Phenotype Ontology:HP:0004904,MONDO:MONDO:0018911,MedGen:C0342276,OMIM:PS125850,Orphanet:552","Hyperinsulinemic hypoglycemia, familial, 1|Transitory neonatal diabetes mellitus|Maturity-onset diabetes of the young",somatic;unknown,somatic,GRCh38,NC_000011.10,11,17394337,17394337,na,na,11p15.1,"criteria provided, single submitter",2,-,N,ClinGen:CA16041434,2,370647,17394336,GC,G,-,-,-,-,-,-,SCV002513290|SCV002513291,-,-
357933,single nucleotide variant,NM_000352.6(ABCC8):c.4353G>A (p.Trp1451Ter),6833,ABCC8,HGNC:59,Conflicting classifications of pathogenicity,1,"May 27, 2024",1057516404,-,RCV000409836|RCV001380090|RCV003475943|RCV002244843|RCV004556782,"MONDO:MONDO:0009734,MedGen:C2931832,OMIM:256450,Orphanet:276575,Orphanet:276598|MedGen:C3661900|Human Phenotype Ontology:HP:0005965,Human Phenotype Ontology:HP:0005978,Human Phenotype Ontology:HP:0100652,MONDO:MONDO:0005148,MeSH:D003924,MedGen:C0011860,OMIM:125853|Human Phenotype Ontology:HP:0004904,MONDO:MONDO:0018911,MedGen:C0342276,OMIM:PS125850,Orphanet:552|MONDO:MONDO:0016391,MedGen:C0158981,Orphanet:224","Hyperinsulinemic hypoglycemia, familial, 1|not provided|Type 2 diabetes mellitus|Maturity-onset diabetes of the young|Neonatal diabetes mellitus",germline;unknown,germline,GRCh37,NC_000011.9,11,17416777,17416777,na,na,11p15.1,"criteria provided, conflicting classifications",5,-,N,ClinGen:CA16041435,2,370329,17416777,C,T,-,-,-,-,-,-,SCV001578035|SCV002065880|SCV002513323|SCV002513324|SCV004203245,-,-
357933,single nucleotide variant,NM_000352.6(ABCC8):c.4353G>A (p.Trp1451Ter),6833,ABCC8,HGNC:59,Conflicting classifications of pathogenicity,1,"May 27, 2024",1057516404,-,RCV000409836|RCV001380090|RCV003475943|RCV002244843|RCV004556782,"MONDO:MONDO:0009734,MedGen:C2931832,OMIM:256450,Orphanet:276575,Orphanet:276598|MedGen:C3661900|Human Phenotype Ontology:HP:0005965,Human Phenotype Ontology:HP:0005978,Human Phenotype Ontology:HP:0100652,MONDO:MONDO:0005148,MeSH:D003924,MedGen:C0011860,OMIM:125853|Human Phenotype Ontology:HP:0004904,MONDO:MONDO:0018911,MedGen:C0342276,OMIM:PS125850,Orphanet:552|MONDO:MONDO:0016391,MedGen:C0158981,Orphanet:224","Hyperinsulinemic hypoglycemia, familial, 1|not provided|Type 2 diabetes mellitus|Maturity-onset diabetes of the young|Neonatal diabetes mellitus",germline;unknown,germline,GRCh38,NC_000011.10,11,17395230,17395230,na,na,11p15.1,"criteria provided, conflicting classifications",5,-,N,ClinGen:CA16041435,2,370329,17395230,C,T,-,-,-,-,-,-,SCV001578035|SCV002065880|SCV002513323|SCV002513324|SCV004203245,-,-
357934,single nucleotide variant,NM_000352.6(ABCC8):c.4120-1G>T,6833,ABCC8,HGNC:59,Uncertain significance,1,-,1057517406,-,RCV000412164|RCV002274022|RCV002244858,"MONDO:MONDO:0009734,MedGen:C2931832,OMIM:256450,Orphanet:276575,Orphanet:276598|Human Phenotype Ontology:HP:0008255,MONDO:MONDO:0020525,MedGen:C0342273|Human Phenotype Ontology:HP:0004904,MONDO:MONDO:0018911,MedGen:C0342276,OMIM:PS125850,Orphanet:552","Hyperinsulinemic hypoglycemia, familial, 1|Transitory neonatal diabetes mellitus|Maturity-onset diabetes of the young",somatic;unknown,somatic,GRCh37,NC_000011.9,11,17417478,17417478,na,na,11p15.1,"criteria provided, single submitter",2,-,N,ClinGen:CA16041436,2,371608,17417478,C,A,-,-,-,-,-,-,SCV002513466|SCV002558791,-,-
357934,single nucleotide variant,NM_000352.6(ABCC8):c.4120-1G>T,6833,ABCC8,HGNC:59,Uncertain significance,1,-,1057517406,-,RCV000412164|RCV002274022|RCV002244858,"MONDO:MONDO:0009734,MedGen:C2931832,OMIM:256450,Orphanet:276575,Orphanet:276598|Human Phenotype Ontology:HP:0008255,MONDO:MONDO:0020525,MedGen:C0342273|Human Phenotype Ontology:HP:0004904,MONDO:MONDO:0018911,MedGen:C0342276,OMIM:PS125850,Orphanet:552","Hyperinsulinemic hypoglycemia, familial, 1|Transitory neonatal diabetes mellitus|Maturity-onset diabetes of the young",somatic;unknown,somatic,GRCh38,NC_000011.10,11,17395931,17395931,na,na,11p15.1,"criteria provided, single submitter",2,-,N,ClinGen:CA16041436,2,371608,17395931,C,A,-,-,-,-,-,-,SCV002513466|SCV002558791,-,-
357935,Deletion,NM_000352.6(ABCC8):c.4119+1del,6833,ABCC8,HGNC:59,Conflicting classifications of pathogenicity,1,"Apr 16, 2023",1057517050,-,RCV000412039|RCV002274020|RCV002244855|RCV003708528,"MONDO:MONDO:0009734,MedGen:C2931832,OMIM:256450,Orphanet:276575,Orphanet:276598|Human Phenotype Ontology:HP:0008255,MONDO:MONDO:0020525,MedGen:C0342273|Human Phenotype Ontology:HP:0004904,MONDO:MONDO:0018911,MedGen:C0342276,OMIM:PS125850,Orphanet:552|MedGen:C3661900","Hyperinsulinemic hypoglycemia, familial, 1|Transitory neonatal diabetes mellitus|Maturity-onset diabetes of the young|not provided",germline;somatic;unknown,germline/somatic,GRCh37,NC_000011.9,11,17418462,17418462,na,na,11p15.1,"criteria provided, conflicting classifications",3,-,N,ClinGen:CA16041437,2,371155,17418461,AC,A,-,-,-,-,-,-,SCV002513476|SCV002558790|SCV004486026,-,-
357935,Deletion,NM_000352.6(ABCC8):c.4119+1del,6833,ABCC8,HGNC:59,Conflicting classifications of pathogenicity,1,"Apr 16, 2023",1057517050,-,RCV000412039|RCV002274020|RCV002244855|RCV003708528,"MONDO:MONDO:0009734,MedGen:C2931832,OMIM:256450,Orphanet:276575,Orphanet:276598|Human Phenotype Ontology:HP:0008255,MONDO:MONDO:0020525,MedGen:C0342273|Human Phenotype Ontology:HP:0004904,MONDO:MONDO:0018911,MedGen:C0342276,OMIM:PS125850,Orphanet:552|MedGen:C3661900","Hyperinsulinemic hypoglycemia, familial, 1|Transitory neonatal diabetes mellitus|Maturity-onset diabetes of the young|not provided",germline;somatic;unknown,germline/somatic,GRCh38,NC_000011.10,11,17396915,17396915,na,na,11p15.1,"criteria provided, conflicting classifications",3,-,N,ClinGen:CA16041437,2,371155,17396914,AC,A,-,-,-,-,-,-,SCV002513476|SCV002558790|SCV004486026,-,-
357936,Indel,NM_000352.6(ABCC8):c.4072_4073delinsT (p.Lys1358fs),6833,ABCC8,HGNC:59,Uncertain significance,1,-,1057516890,-,RCV000409392|RCV002244853|RCV002244852,"MONDO:MONDO:0009734,MedGen:C2931832,OMIM:256450,Orphanet:276575,Orphanet:276598|Human Phenotype Ontology:HP:0008255,MONDO:MONDO:0020525,MedGen:C0342273|Human Phenotype Ontology:HP:0004904,MONDO:MONDO:0018911,MedGen:C0342276,OMIM:PS125850,Orphanet:552","Hyperinsulinemic hypoglycemia, familial, 1|Transitory neonatal diabetes mellitus|Maturity-onset diabetes of the young",somatic;unknown,somatic,GRCh37,NC_000011.9,11,17418509,17418510,na,na,11p15.1,"criteria provided, single submitter",2,-,N,ClinGen:CA16041438,2,370948,17418509,TT,A,-,-,-,-,-,-,SCV002513496|SCV002513497,-,-
357936,Indel,NM_000352.6(ABCC8):c.4072_4073delinsT (p.Lys1358fs),6833,ABCC8,HGNC:59,Uncertain significance,1,-,1057516890,-,RCV000409392|RCV002244853|RCV002244852,"MONDO:MONDO:0009734,MedGen:C2931832,OMIM:256450,Orphanet:276575,Orphanet:276598|Human Phenotype Ontology:HP:0008255,MONDO:MONDO:0020525,MedGen:C0342273|Human Phenotype Ontology:HP:0004904,MONDO:MONDO:0018911,MedGen:C0342276,OMIM:PS125850,Orphanet:552","Hyperinsulinemic hypoglycemia, familial, 1|Transitory neonatal diabetes mellitus|Maturity-onset diabetes of the young",somatic;unknown,somatic,GRCh38,NC_000011.10,11,17396962,17396963,na,na,11p15.1,"criteria provided, single submitter",2,-,N,ClinGen:CA16041438,2,370948,17396962,TT,A,-,-,-,-,-,-,SCV002513496|SCV002513497,-,-
357937,single nucleotide variant,NM_000352.6(ABCC8):c.4021C>T (p.Gln1341Ter),6833,ABCC8,HGNC:59,Conflicting classifications of pathogenicity,1,"Mar 25, 2024",1057516718,-,RCV000411306|RCV002244850|RCV002244849|RCV003470332|RCV003558361,"MONDO:MONDO:0009734,MedGen:C2931832,OMIM:256450,Orphanet:276575,Orphanet:276598|Human Phenotype Ontology:HP:0008255,MONDO:MONDO:0020525,MedGen:C0342273|Human Phenotype Ontology:HP:0004904,MONDO:MONDO:0018911,MedGen:C0342276,OMIM:PS125850,Orphanet:552|Human Phenotype Ontology:HP:0005965,Human Phenotype Ontology:HP:0005978,Human Phenotype Ontology:HP:0100652,MONDO:MONDO:0005148,MeSH:D003924,MedGen:C0011860,OMIM:125853|MedGen:C3661900","Hyperinsulinemic hypoglycemia, familial, 1|Transitory neonatal diabetes mellitus|Maturity-onset diabetes of the young|Type 2 diabetes mellitus|not provided",germline;somatic;unknown,germline/somatic,GRCh37,NC_000011.9,11,17418561,17418561,na,na,11p15.1,"criteria provided, conflicting classifications",5,-,N,ClinGen:CA16041439,2,370722,17418561,G,A,-,-,-,-,-,-,SCV002513509|SCV002513510|SCV004196201|SCV004295379|SCV004806087,-,-
357937,single nucleotide variant,NM_000352.6(ABCC8):c.4021C>T (p.Gln1341Ter),6833,ABCC8,HGNC:59,Conflicting classifications of pathogenicity,1,"Mar 25, 2024",1057516718,-,RCV000411306|RCV002244850|RCV002244849|RCV003470332|RCV003558361,"MONDO:MONDO:0009734,MedGen:C2931832,OMIM:256450,Orphanet:276575,Orphanet:276598|Human Phenotype Ontology:HP:0008255,MONDO:MONDO:0020525,MedGen:C0342273|Human Phenotype Ontology:HP:0004904,MONDO:MONDO:0018911,MedGen:C0342276,OMIM:PS125850,Orphanet:552|Human Phenotype Ontology:HP:0005965,Human Phenotype Ontology:HP:0005978,Human Phenotype Ontology:HP:0100652,MONDO:MONDO:0005148,MeSH:D003924,MedGen:C0011860,OMIM:125853|MedGen:C3661900","Hyperinsulinemic hypoglycemia, familial, 1|Transitory neonatal diabetes mellitus|Maturity-onset diabetes of the young|Type 2 diabetes mellitus|not provided",germline;somatic;unknown,germline/somatic,GRCh38,NC_000011.10,11,17397014,17397014,na,na,11p15.1,"criteria provided, conflicting classifications",5,-,N,ClinGen:CA16041439,2,370722,17397014,G,A,-,-,-,-,-,-,SCV002513509|SCV002513510|SCV004196201|SCV004295379|SCV004806087,-,-
357938,single nucleotide variant,NM_000352.6(ABCC8):c.3748C>T (p.Arg1250Ter),6833,ABCC8,HGNC:59,Pathogenic,1,"Oct 01, 2025",1057516281,-,RCV000410347|RCV000779675|RCV001821133|RCV001828371|RCV003463787|RCV005049532|RCV005692203,"MONDO:MONDO:0009734,MedGen:C2931832,OMIM:256450,Orphanet:276575,Orphanet:276598|MONDO:MONDO:0017182,MedGen:C3888018,Orphanet:276525|MedGen:C3661900||Human Phenotype Ontology:HP:0005965,Human Phenotype Ontology:HP:0005978,Human Phenotype Ontology:HP:0100652,MONDO:MONDO:0005148,MeSH:D003924,MedGen:C0011860,OMIM:125853|MONDO:MONDO:0030088,MedGen:C5394303,OMIM:618857;MONDO:MONDO:0012480,MedGen:C1835887,OMIM:610374,Orphanet:99886;MONDO:MONDO:0009734,MedGen:C2931832,OMIM:256450,Orphanet:276575,Orphanet:276598;MONDO:MONDO:0009415,MedGen:C0271714,OMIM:240800;Human Phenotype Ontology:HP:0005965,Human Phenotype Ontology:HP:0005978,Human Phenotype Ontology:HP:0100652,MONDO:MONDO:0005148,MeSH:D003924,MedGen:C0011860,OMIM:125853|MeSH:D030342,MedGen:C0950123","Hyperinsulinemic hypoglycemia, familial, 1|Familial hyperinsulinism|not provided|Hereditary hyperinsulinism|Type 2 diabetes mellitus|Diabetes mellitus, permanent neonatal 3;Diabetes mellitus, transient neonatal, 2;Hyperinsulinemic hypoglycemia, familial, 1;Leucine-induced hypoglycemia;Type 2 diabetes mellitus|Inborn genetic diseases",germline;unknown,germline,GRCh37,NC_000011.9,11,17419891,17419891,na,na,11p15.1,"criteria provided, multiple submitters, no conflicts",8,-,N,ClinGen:CA16041440,2,370163,17419891,G,A,-,-,-,-,-,-,SCV000916395|SCV002067513|SCV002232078|SCV004191050|SCV005681085|SCV006388821,-,-
357938,single nucleotide variant,NM_000352.6(ABCC8):c.3748C>T (p.Arg1250Ter),6833,ABCC8,HGNC:59,Pathogenic,1,"Oct 01, 2025",1057516281,-,RCV000410347|RCV000779675|RCV001821133|RCV001828371|RCV003463787|RCV005049532|RCV005692203,"MONDO:MONDO:0009734,MedGen:C2931832,OMIM:256450,Orphanet:276575,Orphanet:276598|MONDO:MONDO:0017182,MedGen:C3888018,Orphanet:276525|MedGen:C3661900||Human Phenotype Ontology:HP:0005965,Human Phenotype Ontology:HP:0005978,Human Phenotype Ontology:HP:0100652,MONDO:MONDO:0005148,MeSH:D003924,MedGen:C0011860,OMIM:125853|MONDO:MONDO:0030088,MedGen:C5394303,OMIM:618857;MONDO:MONDO:0012480,MedGen:C1835887,OMIM:610374,Orphanet:99886;MONDO:MONDO:0009734,MedGen:C2931832,OMIM:256450,Orphanet:276575,Orphanet:276598;MONDO:MONDO:0009415,MedGen:C0271714,OMIM:240800;Human Phenotype Ontology:HP:0005965,Human Phenotype Ontology:HP:0005978,Human Phenotype Ontology:HP:0100652,MONDO:MONDO:0005148,MeSH:D003924,MedGen:C0011860,OMIM:125853|MeSH:D030342,MedGen:C0950123","Hyperinsulinemic hypoglycemia, familial, 1|Familial hyperinsulinism|not provided|Hereditary hyperinsulinism|Type 2 diabetes mellitus|Diabetes mellitus, permanent neonatal 3;Diabetes mellitus, transient neonatal, 2;Hyperinsulinemic hypoglycemia, familial, 1;Leucine-induced hypoglycemia;Type 2 diabetes mellitus|Inborn genetic diseases",germline;unknown,germline,GRCh38,NC_000011.10,11,17398344,17398344,na,na,11p15.1,"criteria provided, multiple submitters, no conflicts",8,-,N,ClinGen:CA16041440,2,370163,17398344,G,A,-,-,-,-,-,-,SCV000916395|SCV002067513|SCV002232078|SCV004191050|SCV005681085|SCV006388821,-,-
357939,single nucleotide variant,NM_000352.6(ABCC8):c.3650+2T>A,6833,ABCC8,HGNC:59,Uncertain significance,1,-,1057517274,-,RCV000411391|RCV002244856|RCV002244857,"MONDO:MONDO:0009734,MedGen:C2931832,OMIM:256450,Orphanet:276575,Orphanet:276598|Human Phenotype Ontology:HP:0004904,MONDO:MONDO:0018911,MedGen:C0342276,OMIM:PS125850,Orphanet:552|Human Phenotype Ontology:HP:0008255,MONDO:MONDO:0020525,MedGen:C0342273","Hyperinsulinemic hypoglycemia, familial, 1|Maturity-onset diabetes of the young|Transitory neonatal diabetes mellitus",somatic;unknown,somatic,GRCh37,NC_000011.9,11,17424206,17424206,na,na,11p15.1,"criteria provided, single submitter",2,-,N,ClinGen:CA16041441,2,371442,17424206,A,T,-,-,-,-,-,-,SCV002515395|SCV002515396,-,-
357939,single nucleotide variant,NM_000352.6(ABCC8):c.3650+2T>A,6833,ABCC8,HGNC:59,Uncertain significance,1,-,1057517274,-,RCV000411391|RCV002244856|RCV002244857,"MONDO:MONDO:0009734,MedGen:C2931832,OMIM:256450,Orphanet:276575,Orphanet:276598|Human Phenotype Ontology:HP:0004904,MONDO:MONDO:0018911,MedGen:C0342276,OMIM:PS125850,Orphanet:552|Human Phenotype Ontology:HP:0008255,MONDO:MONDO:0020525,MedGen:C0342273","Hyperinsulinemic hypoglycemia, familial, 1|Maturity-onset diabetes of the young|Transitory neonatal diabetes mellitus",somatic;unknown,somatic,GRCh38,NC_000011.10,11,17402659,17402659,na,na,11p15.1,"criteria provided, single submitter",2,-,N,ClinGen:CA16041441,2,371442,17402659,A,T,-,-,-,-,-,-,SCV002515395|SCV002515396,-,-
357940,Deletion,NM_000352.6(ABCC8):c.3574del (p.Asp1192fs),6833,ABCC8,HGNC:59,Pathogenic,1,"Jun 29, 2025",1057516317,-,RCV000410895|RCV000589995|RCV001042320|RCV002504200|RCV003470324,"MONDO:MONDO:0009734,MedGen:C2931832,OMIM:256450,Orphanet:276575,Orphanet:276598|MONDO:MONDO:0017182,MedGen:C3888018,Orphanet:276525|MedGen:C3661900|MONDO:MONDO:0030088,MedGen:C5394303,OMIM:618857;MONDO:MONDO:0012480,MedGen:C1835887,OMIM:610374,Orphanet:99886;MONDO:MONDO:0009734,MedGen:C2931832,OMIM:256450,Orphanet:276575,Orphanet:276598;MONDO:MONDO:0009415,MedGen:C0271714,OMIM:240800;Human Phenotype Ontology:HP:0005965,Human Phenotype Ontology:HP:0005978,Human Phenotype Ontology:HP:0100652,MONDO:MONDO:0005148,MeSH:D003924,MedGen:C0011860,OMIM:125853|Human Phenotype Ontology:HP:0005965,Human Phenotype Ontology:HP:0005978,Human Phenotype Ontology:HP:0100652,MONDO:MONDO:0005148,MeSH:D003924,MedGen:C0011860,OMIM:125853","Hyperinsulinemic hypoglycemia, familial, 1|Familial hyperinsulinism|not provided|Diabetes mellitus, permanent neonatal 3;Diabetes mellitus, transient neonatal, 2;Hyperinsulinemic hypoglycemia, familial, 1;Leucine-induced hypoglycemia;Type 2 diabetes mellitus|Type 2 diabetes mellitus",germline;unknown,germline,GRCh37,NC_000011.9,11,17424284,17424284,na,na,11p15.1,"criteria provided, multiple submitters, no conflicts",6,-,N,ClinGen:CA16041442,2,370210,17424283,TC,T,-,-,-,-,-,-,SCV000696587|SCV001205996|SCV002806639|SCV004197432|SCV004229561,-,-
357940,Deletion,NM_000352.6(ABCC8):c.3574del (p.Asp1192fs),6833,ABCC8,HGNC:59,Pathogenic,1,"Jun 29, 2025",1057516317,-,RCV000410895|RCV000589995|RCV001042320|RCV002504200|RCV003470324,"MONDO:MONDO:0009734,MedGen:C2931832,OMIM:256450,Orphanet:276575,Orphanet:276598|MONDO:MONDO:0017182,MedGen:C3888018,Orphanet:276525|MedGen:C3661900|MONDO:MONDO:0030088,MedGen:C5394303,OMIM:618857;MONDO:MONDO:0012480,MedGen:C1835887,OMIM:610374,Orphanet:99886;MONDO:MONDO:0009734,MedGen:C2931832,OMIM:256450,Orphanet:276575,Orphanet:276598;MONDO:MONDO:0009415,MedGen:C0271714,OMIM:240800;Human Phenotype Ontology:HP:0005965,Human Phenotype Ontology:HP:0005978,Human Phenotype Ontology:HP:0100652,MONDO:MONDO:0005148,MeSH:D003924,MedGen:C0011860,OMIM:125853|Human Phenotype Ontology:HP:0005965,Human Phenotype Ontology:HP:0005978,Human Phenotype Ontology:HP:0100652,MONDO:MONDO:0005148,MeSH:D003924,MedGen:C0011860,OMIM:125853","Hyperinsulinemic hypoglycemia, familial, 1|Familial hyperinsulinism|not provided|Diabetes mellitus, permanent neonatal 3;Diabetes mellitus, transient neonatal, 2;Hyperinsulinemic hypoglycemia, familial, 1;Leucine-induced hypoglycemia;Type 2 diabetes mellitus|Type 2 diabetes mellitus",germline;unknown,germline,GRCh38,NC_000011.10,11,17402737,17402737,na,na,11p15.1,"criteria provided, multiple submitters, no conflicts",6,-,N,ClinGen:CA16041442,2,370210,17402736,TC,T,-,-,-,-,-,-,SCV000696587|SCV001205996|SCV002806639|SCV004197432|SCV004229561,-,-
357941,single nucleotide variant,NM_000352.6(ABCC8):c.3525C>G (p.Tyr1175Ter),6833,ABCC8,HGNC:59,Uncertain significance,1,-,1057516439,-,RCV000411703|RCV002244845|RCV002244846,"MONDO:MONDO:0009734,MedGen:C2931832,OMIM:256450,Orphanet:276575,Orphanet:276598|Human Phenotype Ontology:HP:0004904,MONDO:MONDO:0018911,MedGen:C0342276,OMIM:PS125850,Orphanet:552|Human Phenotype Ontology:HP:0008255,MONDO:MONDO:0020525,MedGen:C0342273","Hyperinsulinemic hypoglycemia, familial, 1|Maturity-onset diabetes of the young|Transitory neonatal diabetes mellitus",somatic;unknown,somatic,GRCh37,NC_000011.9,11,17426091,17426091,na,na,11p15.1,"criteria provided, single submitter",2,-,N,ClinGen:CA16041443,2,370375,17426091,G,C,-,-,-,-,-,-,SCV002515428|SCV002515430,-,-
357941,single nucleotide variant,NM_000352.6(ABCC8):c.3525C>G (p.Tyr1175Ter),6833,ABCC8,HGNC:59,Uncertain significance,1,-,1057516439,-,RCV000411703|RCV002244845|RCV002244846,"MONDO:MONDO:0009734,MedGen:C2931832,OMIM:256450,Orphanet:276575,Orphanet:276598|Human Phenotype Ontology:HP:0004904,MONDO:MONDO:0018911,MedGen:C0342276,OMIM:PS125850,Orphanet:552|Human Phenotype Ontology:HP:0008255,MONDO:MONDO:0020525,MedGen:C0342273","Hyperinsulinemic hypoglycemia, familial, 1|Maturity-onset diabetes of the young|Transitory neonatal diabetes mellitus",somatic;unknown,somatic,GRCh38,NC_000011.10,11,17404544,17404544,na,na,11p15.1,"criteria provided, single submitter",2,-,N,ClinGen:CA16041443,2,370375,17404544,G,C,-,-,-,-,-,-,SCV002515428|SCV002515430,-,-
357942,single nucleotide variant,NM_000352.6(ABCC8):c.3400-1G>A,6833,ABCC8,HGNC:59,Pathogenic/Likely pathogenic,1,"Jan 31, 2024",576684889,-,RCV000409731|RCV001066925|RCV001277191|RCV001797710|RCV003470338|RCV005044612,"MONDO:MONDO:0009734,MedGen:C2931832,OMIM:256450,Orphanet:276575,Orphanet:276598|MedGen:C3661900||MONDO:MONDO:0017182,MedGen:C3888018,Orphanet:276525|Human Phenotype Ontology:HP:0005965,Human Phenotype Ontology:HP:0005978,Human Phenotype Ontology:HP:0100652,MONDO:MONDO:0005148,MeSH:D003924,MedGen:C0011860,OMIM:125853|MONDO:MONDO:0030088,MedGen:C5394303,OMIM:618857;MONDO:MONDO:0012480,MedGen:C1835887,OMIM:610374,Orphanet:99886;MONDO:MONDO:0009734,MedGen:C2931832,OMIM:256450,Orphanet:276575,Orphanet:276598;MONDO:MONDO:0009415,MedGen:C0271714,OMIM:240800;Human Phenotype Ontology:HP:0005965,Human Phenotype Ontology:HP:0005978,Human Phenotype Ontology:HP:0100652,MONDO:MONDO:0005148,MeSH:D003924,MedGen:C0011860,OMIM:125853","Hyperinsulinemic hypoglycemia, familial, 1|not provided|Hereditary hyperinsulinism|Familial hyperinsulinism|Type 2 diabetes mellitus|Diabetes mellitus, permanent neonatal 3;Diabetes mellitus, transient neonatal, 2;Hyperinsulinemic hypoglycemia, familial, 1;Leucine-induced hypoglycemia;Type 2 diabetes mellitus",germline;unknown,germline,GRCh37,NC_000011.9,11,17426217,17426217,na,na,11p15.1,"criteria provided, multiple submitters, no conflicts",7,-,N,ClinGen:CA16041444,2,370935,17426217,C,T,-,-,-,-,-,-,SCV001231949|SCV001361441|SCV004026526|SCV004199839|SCV005676285,-,-
357942,single nucleotide variant,NM_000352.6(ABCC8):c.3400-1G>A,6833,ABCC8,HGNC:59,Pathogenic/Likely pathogenic,1,"Jan 31, 2024",576684889,-,RCV000409731|RCV001066925|RCV001277191|RCV001797710|RCV003470338|RCV005044612,"MONDO:MONDO:0009734,MedGen:C2931832,OMIM:256450,Orphanet:276575,Orphanet:276598|MedGen:C3661900||MONDO:MONDO:0017182,MedGen:C3888018,Orphanet:276525|Human Phenotype Ontology:HP:0005965,Human Phenotype Ontology:HP:0005978,Human Phenotype Ontology:HP:0100652,MONDO:MONDO:0005148,MeSH:D003924,MedGen:C0011860,OMIM:125853|MONDO:MONDO:0030088,MedGen:C5394303,OMIM:618857;MONDO:MONDO:0012480,MedGen:C1835887,OMIM:610374,Orphanet:99886;MONDO:MONDO:0009734,MedGen:C2931832,OMIM:256450,Orphanet:276575,Orphanet:276598;MONDO:MONDO:0009415,MedGen:C0271714,OMIM:240800;Human Phenotype Ontology:HP:0005965,Human Phenotype Ontology:HP:0005978,Human Phenotype Ontology:HP:0100652,MONDO:MONDO:0005148,MeSH:D003924,MedGen:C0011860,OMIM:125853","Hyperinsulinemic hypoglycemia, familial, 1|not provided|Hereditary hyperinsulinism|Familial hyperinsulinism|Type 2 diabetes mellitus|Diabetes mellitus, permanent neonatal 3;Diabetes mellitus, transient neonatal, 2;Hyperinsulinemic hypoglycemia, familial, 1;Leucine-induced hypoglycemia;Type 2 diabetes mellitus",germline;unknown,germline,GRCh38,NC_000011.10,11,17404670,17404670,na,na,11p15.1,"criteria provided, multiple submitters, no conflicts",7,-,N,ClinGen:CA16041444,2,370935,17404670,C,T,-,-,-,-,-,-,SCV001231949|SCV001361441|SCV004026526|SCV004199839|SCV005676285,-,-
357943,single nucleotide variant,NM_000352.6(ABCC8):c.3108G>A (p.Trp1036Ter),6833,ABCC8,HGNC:59,Conflicting classifications of pathogenicity,1,"Oct 08, 2020",1057516585,-,RCV000411424|RCV001388603|RCV002251469|RCV002251468,"MONDO:MONDO:0009734,MedGen:C2931832,OMIM:256450,Orphanet:276575,Orphanet:276598|MedGen:C3661900|Human Phenotype Ontology:HP:0008255,MONDO:MONDO:0020525,MedGen:C0342273|Human Phenotype Ontology:HP:0004904,MONDO:MONDO:0018911,MedGen:C0342276,OMIM:PS125850,Orphanet:552","Hyperinsulinemic hypoglycemia, familial, 1|not provided|Transitory neonatal diabetes mellitus|Maturity-onset diabetes of the young",germline;somatic;unknown,germline/somatic,GRCh37,NC_000011.9,11,17428489,17428489,na,na,11p15.1,"criteria provided, conflicting classifications",3,-,N,ClinGen:CA16041445,2,370556,17428489,C,T,-,-,-,-,-,-,SCV001589660|SCV002520764|SCV002520765,-,-
357943,single nucleotide variant,NM_000352.6(ABCC8):c.3108G>A (p.Trp1036Ter),6833,ABCC8,HGNC:59,Conflicting classifications of pathogenicity,1,"Oct 08, 2020",1057516585,-,RCV000411424|RCV001388603|RCV002251469|RCV002251468,"MONDO:MONDO:0009734,MedGen:C2931832,OMIM:256450,Orphanet:276575,Orphanet:276598|MedGen:C3661900|Human Phenotype Ontology:HP:0008255,MONDO:MONDO:0020525,MedGen:C0342273|Human Phenotype Ontology:HP:0004904,MONDO:MONDO:0018911,MedGen:C0342276,OMIM:PS125850,Orphanet:552","Hyperinsulinemic hypoglycemia, familial, 1|not provided|Transitory neonatal diabetes mellitus|Maturity-onset diabetes of the young",germline;somatic;unknown,germline/somatic,GRCh38,NC_000011.10,11,17406942,17406942,na,na,11p15.1,"criteria provided, conflicting classifications",3,-,N,ClinGen:CA16041445,2,370556,17406942,C,T,-,-,-,-,-,-,SCV001589660|SCV002520764|SCV002520765,-,-
357944,single nucleotide variant,NM_000352.6(ABCC8):c.2695-1G>C,6833,ABCC8,HGNC:59,Conflicting classifications of pathogenicity,1,"Aug 20, 2023",1057517420,-,RCV000409858|RCV000588002|RCV002251475|RCV002251474|RCV003470354|RCV002523883,"MONDO:MONDO:0009734,MedGen:C2931832,OMIM:256450,Orphanet:276575,Orphanet:276598|MONDO:MONDO:0017182,MedGen:C3888018,Orphanet:276525|Human Phenotype Ontology:HP:0008255,MONDO:MONDO:0020525,MedGen:C0342273|Human Phenotype Ontology:HP:0004904,MONDO:MONDO:0018911,MedGen:C0342276,OMIM:PS125850,Orphanet:552|Human Phenotype Ontology:HP:0005965,Human Phenotype Ontology:HP:0005978,Human Phenotype Ontology:HP:0100652,MONDO:MONDO:0005148,MeSH:D003924,MedGen:C0011860,OMIM:125853|MedGen:C3661900","Hyperinsulinemic hypoglycemia, familial, 1|Familial hyperinsulinism|Transitory neonatal diabetes mellitus|Maturity-onset diabetes of the young|Type 2 diabetes mellitus|not provided",germline;unknown,germline,GRCh37,NC_000011.9,11,17430065,17430065,na,na,11p15.1,"criteria provided, conflicting classifications",5,-,N,ClinGen:CA16041446,2,371626,17430065,C,G,-,-,-,-,-,-,SCV000696586|SCV002522127|SCV002522128|SCV003440250|SCV004197062,-,-
357944,single nucleotide variant,NM_000352.6(ABCC8):c.2695-1G>C,6833,ABCC8,HGNC:59,Conflicting classifications of pathogenicity,1,"Aug 20, 2023",1057517420,-,RCV000409858|RCV000588002|RCV002251475|RCV002251474|RCV003470354|RCV002523883,"MONDO:MONDO:0009734,MedGen:C2931832,OMIM:256450,Orphanet:276575,Orphanet:276598|MONDO:MONDO:0017182,MedGen:C3888018,Orphanet:276525|Human Phenotype Ontology:HP:0008255,MONDO:MONDO:0020525,MedGen:C0342273|Human Phenotype Ontology:HP:0004904,MONDO:MONDO:0018911,MedGen:C0342276,OMIM:PS125850,Orphanet:552|Human Phenotype Ontology:HP:0005965,Human Phenotype Ontology:HP:0005978,Human Phenotype Ontology:HP:0100652,MONDO:MONDO:0005148,MeSH:D003924,MedGen:C0011860,OMIM:125853|MedGen:C3661900","Hyperinsulinemic hypoglycemia, familial, 1|Familial hyperinsulinism|Transitory neonatal diabetes mellitus|Maturity-onset diabetes of the young|Type 2 diabetes mellitus|not provided",germline;unknown,germline,GRCh38,NC_000011.10,11,17408518,17408518,na,na,11p15.1,"criteria provided, conflicting classifications",5,-,N,ClinGen:CA16041446,2,371626,17408518,C,G,-,-,-,-,-,-,SCV000696586|SCV002522127|SCV002522128|SCV003440250|SCV004197062,-,-
357945,Duplication,NM_000352.6(ABCC8):c.2683dup (p.His895fs),6833,ABCC8,HGNC:59,Uncertain significance,1,-,1057517019,-,RCV000410254|RCV002251473|RCV002251472,"MONDO:MONDO:0009734,MedGen:C2931832,OMIM:256450,Orphanet:276575,Orphanet:276598|Human Phenotype Ontology:HP:0008255,MONDO:MONDO:0020525,MedGen:C0342273|Human Phenotype Ontology:HP:0004904,MONDO:MONDO:0018911,MedGen:C0342276,OMIM:PS125850,Orphanet:552","Hyperinsulinemic hypoglycemia, familial, 1|Transitory neonatal diabetes mellitus|Maturity-onset diabetes of the young",unknown,unknown,GRCh37,NC_000011.9,11,17432073,17432074,na,na,11p15.1,"criteria provided, single submitter",2,-,N,ClinGen:CA16041447,2,371115,17432073,T,TG,-,-,-,-,-,-,SCV002522141|SCV002522142,-,-
357945,Duplication,NM_000352.6(ABCC8):c.2683dup (p.His895fs),6833,ABCC8,HGNC:59,Uncertain significance,1,-,1057517019,-,RCV000410254|RCV002251473|RCV002251472,"MONDO:MONDO:0009734,MedGen:C2931832,OMIM:256450,Orphanet:276575,Orphanet:276598|Human Phenotype Ontology:HP:0008255,MONDO:MONDO:0020525,MedGen:C0342273|Human Phenotype Ontology:HP:0004904,MONDO:MONDO:0018911,MedGen:C0342276,OMIM:PS125850,Orphanet:552","Hyperinsulinemic hypoglycemia, familial, 1|Transitory neonatal diabetes mellitus|Maturity-onset diabetes of the young",unknown,unknown,GRCh38,NC_000011.10,11,17410526,17410527,na,na,11p15.1,"criteria provided, single submitter",2,-,N,ClinGen:CA16041447,2,371115,17410526,T,TG,-,-,-,-,-,-,SCV002522141|SCV002522142,-,-
357946,single nucleotide variant,NM_000352.6(ABCC8):c.2556+1G>A,6833,ABCC8,HGNC:59,Uncertain significance,1,"Aug 16, 2023",749271190,-,RCV000410235,"MONDO:MONDO:0009734,MedGen:C2931832,OMIM:256450,Orphanet:276575,Orphanet:276598","Hyperinsulinemic hypoglycemia, familial, 1",germline;unknown,germline,GRCh37,NC_000011.9,11,17434212,17434212,na,na,11p15.1,"criteria provided, single submitter",2,-,N,ClinGen:CA5903096,2,370836,17434212,C,T,-,-,-,-,-,-,SCV004026598,-,-
357946,single nucleotide variant,NM_000352.6(ABCC8):c.2556+1G>A,6833,ABCC8,HGNC:59,Uncertain significance,1,"Aug 16, 2023",749271190,-,RCV000410235,"MONDO:MONDO:0009734,MedGen:C2931832,OMIM:256450,Orphanet:276575,Orphanet:276598","Hyperinsulinemic hypoglycemia, familial, 1",germline;unknown,germline,GRCh38,NC_000011.10,11,17412665,17412665,na,na,11p15.1,"criteria provided, single submitter",2,-,N,ClinGen:CA5903096,2,370836,17412665,C,T,-,-,-,-,-,-,SCV004026598,-,-
357947,single nucleotide variant,NM_000352.6(ABCC8):c.2255+2T>C,6833,ABCC8,HGNC:59,Conflicting classifications of pathogenicity,1,"May 01, 2024",1057516589,-,RCV000411947|RCV001210957|RCV002251470|RCV002251471|RCV003475950|RCV005044609,"MONDO:MONDO:0009734,MedGen:C2931832,OMIM:256450,Orphanet:276575,Orphanet:276598|MedGen:C3661900|Human Phenotype Ontology:HP:0004904,MONDO:MONDO:0018911,MedGen:C0342276,OMIM:PS125850,Orphanet:552|Human Phenotype Ontology:HP:0008255,MONDO:MONDO:0020525,MedGen:C0342273|Human Phenotype Ontology:HP:0005965,Human Phenotype Ontology:HP:0005978,Human Phenotype Ontology:HP:0100652,MONDO:MONDO:0005148,MeSH:D003924,MedGen:C0011860,OMIM:125853|MONDO:MONDO:0030088,MedGen:C5394303,OMIM:618857;MONDO:MONDO:0012480,MedGen:C1835887,OMIM:610374,Orphanet:99886;MONDO:MONDO:0009734,MedGen:C2931832,OMIM:256450,Orphanet:276575,Orphanet:276598;MONDO:MONDO:0009415,MedGen:C0271714,OMIM:240800;Human Phenotype Ontology:HP:0005965,Human Phenotype Ontology:HP:0005978,Human Phenotype Ontology:HP:0100652,MONDO:MONDO:0005148,MeSH:D003924,MedGen:C0011860,OMIM:125853","Hyperinsulinemic hypoglycemia, familial, 1|not provided|Maturity-onset diabetes of the young|Transitory neonatal diabetes mellitus|Type 2 diabetes mellitus|Diabetes mellitus, permanent neonatal 3;Diabetes mellitus, transient neonatal, 2;Hyperinsulinemic hypoglycemia, familial, 1;Leucine-induced hypoglycemia;Type 2 diabetes mellitus",germline;unknown,germline,GRCh37,NC_000011.9,11,17438475,17438475,na,na,11p15.1,"criteria provided, conflicting classifications",5,-,N,ClinGen:CA16041448,2,370562,17438475,A,G,-,-,-,-,-,-,SCV001382473|SCV002522228|SCV002522231|SCV004201128|SCV005676358,-,-
357947,single nucleotide variant,NM_000352.6(ABCC8):c.2255+2T>C,6833,ABCC8,HGNC:59,Conflicting classifications of pathogenicity,1,"May 01, 2024",1057516589,-,RCV000411947|RCV001210957|RCV002251470|RCV002251471|RCV003475950|RCV005044609,"MONDO:MONDO:0009734,MedGen:C2931832,OMIM:256450,Orphanet:276575,Orphanet:276598|MedGen:C3661900|Human Phenotype Ontology:HP:0004904,MONDO:MONDO:0018911,MedGen:C0342276,OMIM:PS125850,Orphanet:552|Human Phenotype Ontology:HP:0008255,MONDO:MONDO:0020525,MedGen:C0342273|Human Phenotype Ontology:HP:0005965,Human Phenotype Ontology:HP:0005978,Human Phenotype Ontology:HP:0100652,MONDO:MONDO:0005148,MeSH:D003924,MedGen:C0011860,OMIM:125853|MONDO:MONDO:0030088,MedGen:C5394303,OMIM:618857;MONDO:MONDO:0012480,MedGen:C1835887,OMIM:610374,Orphanet:99886;MONDO:MONDO:0009734,MedGen:C2931832,OMIM:256450,Orphanet:276575,Orphanet:276598;MONDO:MONDO:0009415,MedGen:C0271714,OMIM:240800;Human Phenotype Ontology:HP:0005965,Human Phenotype Ontology:HP:0005978,Human Phenotype Ontology:HP:0100652,MONDO:MONDO:0005148,MeSH:D003924,MedGen:C0011860,OMIM:125853","Hyperinsulinemic hypoglycemia, familial, 1|not provided|Maturity-onset diabetes of the young|Transitory neonatal diabetes mellitus|Type 2 diabetes mellitus|Diabetes mellitus, permanent neonatal 3;Diabetes mellitus, transient neonatal, 2;Hyperinsulinemic hypoglycemia, familial, 1;Leucine-induced hypoglycemia;Type 2 diabetes mellitus",germline;unknown,germline,GRCh38,NC_000011.10,11,17416928,17416928,na,na,11p15.1,"criteria provided, conflicting classifications",5,-,N,ClinGen:CA16041448,2,370562,17416928,A,G,-,-,-,-,-,-,SCV001382473|SCV002522228|SCV002522231|SCV004201128|SCV005676358,-,-
357948,Deletion,NM_000352.6(ABCC8):c.2098_2099del (p.Thr700fs),6833,ABCC8,HGNC:59,Conflicting classifications of pathogenicity,1,"Jun 24, 2021",1057516542,-,RCV000411725|RCV002251466|RCV001861369|RCV002251467,"MONDO:MONDO:0009734,MedGen:C2931832,OMIM:256450,Orphanet:276575,Orphanet:276598|Human Phenotype Ontology:HP:0004904,MONDO:MONDO:0018911,MedGen:C0342276,OMIM:PS125850,Orphanet:552|MedGen:C3661900|Human Phenotype Ontology:HP:0008255,MONDO:MONDO:0020525,MedGen:C0342273","Hyperinsulinemic hypoglycemia, familial, 1|Maturity-onset diabetes of the young|not provided|Transitory neonatal diabetes mellitus",germline;unknown,germline,GRCh37,NC_000011.9,11,17449431,17449432,na,na,11p15.1,"criteria provided, conflicting classifications",3,-,N,ClinGen:CA16041449,2,370506,17449430,GGT,G,-,-,-,-,-,-,SCV002232207|SCV002522271|SCV002522272,-,-
357948,Deletion,NM_000352.6(ABCC8):c.2098_2099del (p.Thr700fs),6833,ABCC8,HGNC:59,Conflicting classifications of pathogenicity,1,"Jun 24, 2021",1057516542,-,RCV000411725|RCV002251466|RCV001861369|RCV002251467,"MONDO:MONDO:0009734,MedGen:C2931832,OMIM:256450,Orphanet:276575,Orphanet:276598|Human Phenotype Ontology:HP:0004904,MONDO:MONDO:0018911,MedGen:C0342276,OMIM:PS125850,Orphanet:552|MedGen:C3661900|Human Phenotype Ontology:HP:0008255,MONDO:MONDO:0020525,MedGen:C0342273","Hyperinsulinemic hypoglycemia, familial, 1|Maturity-onset diabetes of the young|not provided|Transitory neonatal diabetes mellitus",germline;unknown,germline,GRCh38,NC_000011.10,11,17427884,17427885,na,na,11p15.1,"criteria provided, conflicting classifications",3,-,N,ClinGen:CA16041449,2,370506,17427883,GGT,G,-,-,-,-,-,-,SCV002232207|SCV002522271|SCV002522272,-,-
357949,Deletion,NM_000352.6(ABCC8):c.1879del (p.His627fs),6833,ABCC8,HGNC:59,Pathogenic,1,"Apr 28, 2025",764613146,-,RCV000409962|RCV001067502|RCV003463797|RCV002502425|RCV001828374,"MONDO:MONDO:0009734,MedGen:C2931832,OMIM:256450,Orphanet:276575,Orphanet:276598|MedGen:C3661900|Human Phenotype Ontology:HP:0005965,Human Phenotype Ontology:HP:0005978,Human Phenotype Ontology:HP:0100652,MONDO:MONDO:0005148,MeSH:D003924,MedGen:C0011860,OMIM:125853|MONDO:MONDO:0030088,MedGen:C5394303,OMIM:618857;MONDO:MONDO:0012480,MedGen:C1835887,OMIM:610374,Orphanet:99886;MONDO:MONDO:0009734,MedGen:C2931832,OMIM:256450,Orphanet:276575,Orphanet:276598;MONDO:MONDO:0009415,MedGen:C0271714,OMIM:240800;Human Phenotype Ontology:HP:0005965,Human Phenotype Ontology:HP:0005978,Human Phenotype Ontology:HP:0100652,MONDO:MONDO:0005148,MeSH:D003924,MedGen:C0011860,OMIM:125853|","Hyperinsulinemic hypoglycemia, familial, 1|not provided|Type 2 diabetes mellitus|Diabetes mellitus, permanent neonatal 3;Diabetes mellitus, transient neonatal, 2;Hyperinsulinemic hypoglycemia, familial, 1;Leucine-induced hypoglycemia;Type 2 diabetes mellitus|Hereditary hyperinsulinism",germline;unknown,germline,GRCh37,NC_000011.9,11,17450156,17450156,na,na,11p15.1,"criteria provided, multiple submitters, no conflicts",8,-,N,ClinGen:CA16041450,2,370909,17450155,TG,T,-,-,-,-,-,-,SCV000592995|SCV001232568|SCV002804738|SCV004198060|SCV006079759|SCV006562318,-,-
357949,Deletion,NM_000352.6(ABCC8):c.1879del (p.His627fs),6833,ABCC8,HGNC:59,Pathogenic,1,"Apr 28, 2025",764613146,-,RCV000409962|RCV001067502|RCV003463797|RCV002502425|RCV001828374,"MONDO:MONDO:0009734,MedGen:C2931832,OMIM:256450,Orphanet:276575,Orphanet:276598|MedGen:C3661900|Human Phenotype Ontology:HP:0005965,Human Phenotype Ontology:HP:0005978,Human Phenotype Ontology:HP:0100652,MONDO:MONDO:0005148,MeSH:D003924,MedGen:C0011860,OMIM:125853|MONDO:MONDO:0030088,MedGen:C5394303,OMIM:618857;MONDO:MONDO:0012480,MedGen:C1835887,OMIM:610374,Orphanet:99886;MONDO:MONDO:0009734,MedGen:C2931832,OMIM:256450,Orphanet:276575,Orphanet:276598;MONDO:MONDO:0009415,MedGen:C0271714,OMIM:240800;Human Phenotype Ontology:HP:0005965,Human Phenotype Ontology:HP:0005978,Human Phenotype Ontology:HP:0100652,MONDO:MONDO:0005148,MeSH:D003924,MedGen:C0011860,OMIM:125853|","Hyperinsulinemic hypoglycemia, familial, 1|not provided|Type 2 diabetes mellitus|Diabetes mellitus, permanent neonatal 3;Diabetes mellitus, transient neonatal, 2;Hyperinsulinemic hypoglycemia, familial, 1;Leucine-induced hypoglycemia;Type 2 diabetes mellitus|Hereditary hyperinsulinism",germline;unknown,germline,GRCh38,NC_000011.10,11,17428609,17428609,na,na,11p15.1,"criteria provided, multiple submitters, no conflicts",8,-,N,ClinGen:CA16041450,2,370909,17428608,TG,T,-,-,-,-,-,-,SCV000592995|SCV001232568|SCV002804738|SCV004198060|SCV006079759|SCV006562318,-,-
357950,single nucleotide variant,NM_000352.6(ABCC8):c.1671+1G>C,6833,ABCC8,HGNC:59,Conflicting classifications of pathogenicity,1,"Oct 28, 2023",1057516509,-,RCV000412268|RCV002266959|RCV002266958|RCV002307491|RCV003463791,"MONDO:MONDO:0009734,MedGen:C2931832,OMIM:256450,Orphanet:276575,Orphanet:276598|Human Phenotype Ontology:HP:0008255,MONDO:MONDO:0020525,MedGen:C0342273|Human Phenotype Ontology:HP:0004904,MONDO:MONDO:0018911,MedGen:C0342276,OMIM:PS125850,Orphanet:552|MONDO:MONDO:0017182,MedGen:C3888018,Orphanet:276525|Human Phenotype Ontology:HP:0005965,Human Phenotype Ontology:HP:0005978,Human Phenotype Ontology:HP:0100652,MONDO:MONDO:0005148,MeSH:D003924,MedGen:C0011860,OMIM:125853","Hyperinsulinemic hypoglycemia, familial, 1|Transitory neonatal diabetes mellitus|Maturity-onset diabetes of the young|Familial hyperinsulinism|Type 2 diabetes mellitus",germline;unknown,germline,GRCh37,NC_000011.9,11,17453750,17453750,na,na,11p15.1,"criteria provided, conflicting classifications",4,-,N,ClinGen:CA16041451,2,370464,17453750,C,G,-,-,-,-,-,-,SCV002522361|SCV002522362|SCV002600432|SCV004195260,-,-
357950,single nucleotide variant,NM_000352.6(ABCC8):c.1671+1G>C,6833,ABCC8,HGNC:59,Conflicting classifications of pathogenicity,1,"Oct 28, 2023",1057516509,-,RCV000412268|RCV002266959|RCV002266958|RCV002307491|RCV003463791,"MONDO:MONDO:0009734,MedGen:C2931832,OMIM:256450,Orphanet:276575,Orphanet:276598|Human Phenotype Ontology:HP:0008255,MONDO:MONDO:0020525,MedGen:C0342273|Human Phenotype Ontology:HP:0004904,MONDO:MONDO:0018911,MedGen:C0342276,OMIM:PS125850,Orphanet:552|MONDO:MONDO:0017182,MedGen:C3888018,Orphanet:276525|Human Phenotype Ontology:HP:0005965,Human Phenotype Ontology:HP:0005978,Human Phenotype Ontology:HP:0100652,MONDO:MONDO:0005148,MeSH:D003924,MedGen:C0011860,OMIM:125853","Hyperinsulinemic hypoglycemia, familial, 1|Transitory neonatal diabetes mellitus|Maturity-onset diabetes of the young|Familial hyperinsulinism|Type 2 diabetes mellitus",germline;unknown,germline,GRCh38,NC_000011.10,11,17432203,17432203,na,na,11p15.1,"criteria provided, conflicting classifications",4,-,N,ClinGen:CA16041451,2,370464,17432203,C,G,-,-,-,-,-,-,SCV002522361|SCV002522362|SCV002600432|SCV004195260,-,-
357951,single nucleotide variant,NM_000352.6(ABCC8):c.1630+1G>T,6833,ABCC8,HGNC:59,Pathogenic,1,"Jan 16, 2024",773306994,-,RCV000411351|RCV000816954|RCV001272240|RCV002502422|RCV003475953,"MONDO:MONDO:0009734,MedGen:C2931832,OMIM:256450,Orphanet:276575,Orphanet:276598|MedGen:C3661900||MONDO:MONDO:0030088,MedGen:C5394303,OMIM:618857;MONDO:MONDO:0012480,MedGen:C1835887,OMIM:610374,Orphanet:99886;MONDO:MONDO:0009734,MedGen:C2931832,OMIM:256450,Orphanet:276575,Orphanet:276598;MONDO:MONDO:0009415,MedGen:C0271714,OMIM:240800;Human Phenotype Ontology:HP:0005965,Human Phenotype Ontology:HP:0005978,Human Phenotype Ontology:HP:0100652,MONDO:MONDO:0005148,MeSH:D003924,MedGen:C0011860,OMIM:125853|Human Phenotype Ontology:HP:0005965,Human Phenotype Ontology:HP:0005978,Human Phenotype Ontology:HP:0100652,MONDO:MONDO:0005148,MeSH:D003924,MedGen:C0011860,OMIM:125853","Hyperinsulinemic hypoglycemia, familial, 1|not provided|Hereditary hyperinsulinism|Diabetes mellitus, permanent neonatal 3;Diabetes mellitus, transient neonatal, 2;Hyperinsulinemic hypoglycemia, familial, 1;Leucine-induced hypoglycemia;Type 2 diabetes mellitus|Type 2 diabetes mellitus",germline;unknown,germline,GRCh37,NC_000011.9,11,17464266,17464266,na,na,11p15.1,"criteria provided, multiple submitters, no conflicts",6,-,N,ClinGen:CA5903512,2,370604,17464266,C,A,-,-,-,-,-,-,SCV000957484|SCV002811020|SCV004026558|SCV004200877,-,-
357951,single nucleotide variant,NM_000352.6(ABCC8):c.1630+1G>T,6833,ABCC8,HGNC:59,Pathogenic,1,"Jan 16, 2024",773306994,-,RCV000411351|RCV000816954|RCV001272240|RCV002502422|RCV003475953,"MONDO:MONDO:0009734,MedGen:C2931832,OMIM:256450,Orphanet:276575,Orphanet:276598|MedGen:C3661900||MONDO:MONDO:0030088,MedGen:C5394303,OMIM:618857;MONDO:MONDO:0012480,MedGen:C1835887,OMIM:610374,Orphanet:99886;MONDO:MONDO:0009734,MedGen:C2931832,OMIM:256450,Orphanet:276575,Orphanet:276598;MONDO:MONDO:0009415,MedGen:C0271714,OMIM:240800;Human Phenotype Ontology:HP:0005965,Human Phenotype Ontology:HP:0005978,Human Phenotype Ontology:HP:0100652,MONDO:MONDO:0005148,MeSH:D003924,MedGen:C0011860,OMIM:125853|Human Phenotype Ontology:HP:0005965,Human Phenotype Ontology:HP:0005978,Human Phenotype Ontology:HP:0100652,MONDO:MONDO:0005148,MeSH:D003924,MedGen:C0011860,OMIM:125853","Hyperinsulinemic hypoglycemia, familial, 1|not provided|Hereditary hyperinsulinism|Diabetes mellitus, permanent neonatal 3;Diabetes mellitus, transient neonatal, 2;Hyperinsulinemic hypoglycemia, familial, 1;Leucine-induced hypoglycemia;Type 2 diabetes mellitus|Type 2 diabetes mellitus",germline;unknown,germline,GRCh38,NC_000011.10,11,17442719,17442719,na,na,11p15.1,"criteria provided, multiple submitters, no conflicts",6,-,N,ClinGen:CA5903512,2,370604,17442719,C,A,-,-,-,-,-,-,SCV000957484|SCV002811020|SCV004026558|SCV004200877,-,-
357952,Insertion,NM_000352.6(ABCC8):c.1603_1604insA (p.Ala535fs),6833,ABCC8,HGNC:59,Uncertain significance,1,-,1057516665,-,RCV000409385|RCV002266960|RCV002266961,"MONDO:MONDO:0009734,MedGen:C2931832,OMIM:256450,Orphanet:276575,Orphanet:276598|Human Phenotype Ontology:HP:0004904,MONDO:MONDO:0018911,MedGen:C0342276,OMIM:PS125850,Orphanet:552|Human Phenotype Ontology:HP:0008255,MONDO:MONDO:0020525,MedGen:C0342273","Hyperinsulinemic hypoglycemia, familial, 1|Maturity-onset diabetes of the young|Transitory neonatal diabetes mellitus",unknown,unknown,GRCh37,NC_000011.9,11,17464293,17464294,na,na,11p15.1,"criteria provided, single submitter",2,-,N,ClinGen:CA16041452,2,370657,17464293,G,GT,-,-,-,-,-,-,SCV002522385|SCV002522386,-,-
357952,Insertion,NM_000352.6(ABCC8):c.1603_1604insA (p.Ala535fs),6833,ABCC8,HGNC:59,Uncertain significance,1,-,1057516665,-,RCV000409385|RCV002266960|RCV002266961,"MONDO:MONDO:0009734,MedGen:C2931832,OMIM:256450,Orphanet:276575,Orphanet:276598|Human Phenotype Ontology:HP:0004904,MONDO:MONDO:0018911,MedGen:C0342276,OMIM:PS125850,Orphanet:552|Human Phenotype Ontology:HP:0008255,MONDO:MONDO:0020525,MedGen:C0342273","Hyperinsulinemic hypoglycemia, familial, 1|Maturity-onset diabetes of the young|Transitory neonatal diabetes mellitus",unknown,unknown,GRCh38,NC_000011.10,11,17442746,17442747,na,na,11p15.1,"criteria provided, single submitter",2,-,N,ClinGen:CA16041452,2,370657,17442746,G,GT,-,-,-,-,-,-,SCV002522385|SCV002522386,-,-
357953,single nucleotide variant,NM_000352.6(ABCC8):c.1468-2A>C,6833,ABCC8,HGNC:59,Likely pathogenic,1,"Jun 07, 2016",1057516946,-,RCV000411098,"MONDO:MONDO:0009734,MedGen:C2931832,OMIM:256450,Orphanet:276575,Orphanet:276598","Hyperinsulinemic hypoglycemia, familial, 1",unknown,unknown,GRCh37,NC_000011.9,11,17464431,17464431,na,na,11p15.1,no assertion criteria provided,1,-,N,ClinGen:CA16041453,2,371024,17464431,T,G,-,-,-,-,-,-,SCV000486477,-,-
357953,single nucleotide variant,NM_000352.6(ABCC8):c.1468-2A>C,6833,ABCC8,HGNC:59,Likely pathogenic,1,"Jun 07, 2016",1057516946,-,RCV000411098,"MONDO:MONDO:0009734,MedGen:C2931832,OMIM:256450,Orphanet:276575,Orphanet:276598","Hyperinsulinemic hypoglycemia, familial, 1",unknown,unknown,GRCh38,NC_000011.10,11,17442884,17442884,na,na,11p15.1,no assertion criteria provided,1,-,N,ClinGen:CA16041453,2,371024,17442884,T,G,-,-,-,-,-,-,SCV000486477,-,-
357954,single nucleotide variant,NM_000352.6(ABCC8):c.1467+2T>C,6833,ABCC8,HGNC:59,Uncertain significance,1,-,1057517128,-,RCV000412284|RCV002252112|RCV002252111,"MONDO:MONDO:0009734,MedGen:C2931832,OMIM:256450,Orphanet:276575,Orphanet:276598|Human Phenotype Ontology:HP:0008255,MONDO:MONDO:0020525,MedGen:C0342273|Human Phenotype Ontology:HP:0004904,MONDO:MONDO:0018911,MedGen:C0342276,OMIM:PS125850,Orphanet:552","Hyperinsulinemic hypoglycemia, familial, 1|Transitory neonatal diabetes mellitus|Maturity-onset diabetes of the young",unknown,unknown,GRCh37,NC_000011.9,11,17464723,17464723,na,na,11p15.1,"criteria provided, single submitter",2,-,N,ClinGen:CA16041454,2,371255,17464723,A,G,-,-,-,-,-,-,SCV002522407|SCV002522408,-,-
357954,single nucleotide variant,NM_000352.6(ABCC8):c.1467+2T>C,6833,ABCC8,HGNC:59,Uncertain significance,1,-,1057517128,-,RCV000412284|RCV002252112|RCV002252111,"MONDO:MONDO:0009734,MedGen:C2931832,OMIM:256450,Orphanet:276575,Orphanet:276598|Human Phenotype Ontology:HP:0008255,MONDO:MONDO:0020525,MedGen:C0342273|Human Phenotype Ontology:HP:0004904,MONDO:MONDO:0018911,MedGen:C0342276,OMIM:PS125850,Orphanet:552","Hyperinsulinemic hypoglycemia, familial, 1|Transitory neonatal diabetes mellitus|Maturity-onset diabetes of the young",unknown,unknown,GRCh38,NC_000011.10,11,17443176,17443176,na,na,11p15.1,"criteria provided, single submitter",2,-,N,ClinGen:CA16041454,2,371255,17443176,A,G,-,-,-,-,-,-,SCV002522407|SCV002522408,-,-
357955,Duplication,NM_000352.6(ABCC8):c.795dup (p.Leu266fs),6833,ABCC8,HGNC:59,Uncertain significance,1,-,1057516654,-,RCV000411743|RCV002253395|RCV002253394,"MONDO:MONDO:0009734,MedGen:C2931832,OMIM:256450,Orphanet:276575,Orphanet:276598|Human Phenotype Ontology:HP:0008255,MONDO:MONDO:0020525,MedGen:C0342273|Human Phenotype Ontology:HP:0004904,MONDO:MONDO:0018911,MedGen:C0342276,OMIM:PS125850,Orphanet:552","Hyperinsulinemic hypoglycemia, familial, 1|Transitory neonatal diabetes mellitus|Maturity-onset diabetes of the young",unknown,unknown,GRCh37,NC_000011.9,11,17483156,17483157,na,na,11p15.1,"criteria provided, single submitter",2,-,N,ClinGen:CA16041455,2,370646,17483156,G,GC,-,-,-,-,-,-,SCV002522637|SCV002522638,-,-
357955,Duplication,NM_000352.6(ABCC8):c.795dup (p.Leu266fs),6833,ABCC8,HGNC:59,Uncertain significance,1,-,1057516654,-,RCV000411743|RCV002253395|RCV002253394,"MONDO:MONDO:0009734,MedGen:C2931832,OMIM:256450,Orphanet:276575,Orphanet:276598|Human Phenotype Ontology:HP:0008255,MONDO:MONDO:0020525,MedGen:C0342273|Human Phenotype Ontology:HP:0004904,MONDO:MONDO:0018911,MedGen:C0342276,OMIM:PS125850,Orphanet:552","Hyperinsulinemic hypoglycemia, familial, 1|Transitory neonatal diabetes mellitus|Maturity-onset diabetes of the young",unknown,unknown,GRCh38,NC_000011.10,11,17461609,17461610,na,na,11p15.1,"criteria provided, single submitter",2,-,N,ClinGen:CA16041455,2,370646,17461609,G,GC,-,-,-,-,-,-,SCV002522637|SCV002522638,-,-
357956,single nucleotide variant,NM_000352.6(ABCC8):c.692G>A (p.Trp231Ter),6833,ABCC8,HGNC:59,Likely pathogenic,1,"Aug 12, 2016",1057517139,-,RCV000410965,"MONDO:MONDO:0009734,MedGen:C2931832,OMIM:256450,Orphanet:276575,Orphanet:276598","Hyperinsulinemic hypoglycemia, familial, 1",unknown,unknown,GRCh37,NC_000011.9,11,17483260,17483260,na,na,11p15.1,no assertion criteria provided,1,-,N,ClinGen:CA16041456,2,371267,17483260,C,T,-,-,-,-,-,-,SCV000486806,-,-
357956,single nucleotide variant,NM_000352.6(ABCC8):c.692G>A (p.Trp231Ter),6833,ABCC8,HGNC:59,Likely pathogenic,1,"Aug 12, 2016",1057517139,-,RCV000410965,"MONDO:MONDO:0009734,MedGen:C2931832,OMIM:256450,Orphanet:276575,Orphanet:276598","Hyperinsulinemic hypoglycemia, familial, 1",unknown,unknown,GRCh38,NC_000011.10,11,17461713,17461713,na,na,11p15.1,no assertion criteria provided,1,-,N,ClinGen:CA16041456,2,371267,17461713,C,T,-,-,-,-,-,-,SCV000486806,-,-
357957,Duplication,NM_000352.6(ABCC8):c.584dup (p.Tyr195Ter),6833,ABCC8,HGNC:59,Conflicting classifications of pathogenicity,1,"Nov 13, 2021",1057517199,-,RCV000410704|RCV001797711|RCV002253396|RCV002253397,"MONDO:MONDO:0009734,MedGen:C2931832,OMIM:256450,Orphanet:276575,Orphanet:276598|MONDO:MONDO:0017182,MedGen:C3888018,Orphanet:276525|Human Phenotype Ontology:HP:0004904,MONDO:MONDO:0018911,MedGen:C0342276,OMIM:PS125850,Orphanet:552|Human Phenotype Ontology:HP:0008255,MONDO:MONDO:0020525,MedGen:C0342273","Hyperinsulinemic hypoglycemia, familial, 1|Familial hyperinsulinism|Maturity-onset diabetes of the young|Transitory neonatal diabetes mellitus",germline;unknown,germline,GRCh37,NC_000011.9,11,17483367,17483368,na,na,11p15.1,"criteria provided, conflicting classifications",3,-,N,ClinGen:CA16041457,2,371346,17483367,G,GT,-,-,-,-,-,-,SCV002041541|SCV002522673|SCV002522674,-,-
357957,Duplication,NM_000352.6(ABCC8):c.584dup (p.Tyr195Ter),6833,ABCC8,HGNC:59,Conflicting classifications of pathogenicity,1,"Nov 13, 2021",1057517199,-,RCV000410704|RCV001797711|RCV002253396|RCV002253397,"MONDO:MONDO:0009734,MedGen:C2931832,OMIM:256450,Orphanet:276575,Orphanet:276598|MONDO:MONDO:0017182,MedGen:C3888018,Orphanet:276525|Human Phenotype Ontology:HP:0004904,MONDO:MONDO:0018911,MedGen:C0342276,OMIM:PS125850,Orphanet:552|Human Phenotype Ontology:HP:0008255,MONDO:MONDO:0020525,MedGen:C0342273","Hyperinsulinemic hypoglycemia, familial, 1|Familial hyperinsulinism|Maturity-onset diabetes of the young|Transitory neonatal diabetes mellitus",germline;unknown,germline,GRCh38,NC_000011.10,11,17461820,17461821,na,na,11p15.1,"criteria provided, conflicting classifications",3,-,N,ClinGen:CA16041457,2,371346,17461820,G,GT,-,-,-,-,-,-,SCV002041541|SCV002522673|SCV002522674,-,-
357958,Deletion,NM_000352.6(ABCC8):c.415del (p.Leu139fs),6833,ABCC8,HGNC:59,Likely pathogenic,1,"Mar 02, 2016",1057516591,-,RCV000412208,"MONDO:MONDO:0009734,MedGen:C2931832,OMIM:256450,Orphanet:276575,Orphanet:276598","Hyperinsulinemic hypoglycemia, familial, 1",unknown,unknown,GRCh37,NC_000011.9,11,17485149,17485149,na,na,11p15.1,no assertion criteria provided,1,-,N,ClinGen:CA16041458,2,370564,17485148,AG,A,-,-,-,-,-,-,SCV000485914,-,-
357958,Deletion,NM_000352.6(ABCC8):c.415del (p.Leu139fs),6833,ABCC8,HGNC:59,Likely pathogenic,1,"Mar 02, 2016",1057516591,-,RCV000412208,"MONDO:MONDO:0009734,MedGen:C2931832,OMIM:256450,Orphanet:276575,Orphanet:276598","Hyperinsulinemic hypoglycemia, familial, 1",unknown,unknown,GRCh38,NC_000011.10,11,17463602,17463602,na,na,11p15.1,no assertion criteria provided,1,-,N,ClinGen:CA16041458,2,370564,17463601,AG,A,-,-,-,-,-,-,SCV000485914,-,-
357959,single nucleotide variant,NM_000352.6(ABCC8):c.413-2A>G,6833,ABCC8,HGNC:59,Uncertain significance,1,-,1057517015,-,RCV000410546|RCV002254166|RCV002254295|RCV005606662,"MONDO:MONDO:0009734,MedGen:C2931832,OMIM:256450,Orphanet:276575,Orphanet:276598|Human Phenotype Ontology:HP:0008255,MONDO:MONDO:0020525,MedGen:C0342273|Human Phenotype Ontology:HP:0004904,MONDO:MONDO:0018911,MedGen:C0342276,OMIM:PS125850,Orphanet:552|","Hyperinsulinemic hypoglycemia, familial, 1|Transitory neonatal diabetes mellitus|Maturity-onset diabetes of the young|Hereditary hyperinsulinism",germline;unknown,germline,GRCh37,NC_000011.9,11,17485153,17485153,na,na,11p15.1,"criteria provided, single submitter",3,-,N,ClinGen:CA16041459,2,371110,17485153,T,C,-,-,-,-,-,-,SCV002524098|SCV002524099,-,-
357959,single nucleotide variant,NM_000352.6(ABCC8):c.413-2A>G,6833,ABCC8,HGNC:59,Uncertain significance,1,-,1057517015,-,RCV000410546|RCV002254166|RCV002254295|RCV005606662,"MONDO:MONDO:0009734,MedGen:C2931832,OMIM:256450,Orphanet:276575,Orphanet:276598|Human Phenotype Ontology:HP:0008255,MONDO:MONDO:0020525,MedGen:C0342273|Human Phenotype Ontology:HP:0004904,MONDO:MONDO:0018911,MedGen:C0342276,OMIM:PS125850,Orphanet:552|","Hyperinsulinemic hypoglycemia, familial, 1|Transitory neonatal diabetes mellitus|Maturity-onset diabetes of the young|Hereditary hyperinsulinism",germline;unknown,germline,GRCh38,NC_000011.10,11,17463606,17463606,na,na,11p15.1,"criteria provided, single submitter",3,-,N,ClinGen:CA16041459,2,371110,17463606,T,C,-,-,-,-,-,-,SCV002524098|SCV002524099,-,-
357960,single nucleotide variant,NM_000352.6(ABCC8):c.220C>T (p.Arg74Trp),6833,ABCC8,HGNC:59,Pathogenic/Likely pathogenic,1,"Jan 24, 2024",201682634,-,RCV000409175|RCV001203709|RCV001828376|RCV002230219|RCV002502430|RCV003463804|RCV005250049,"MONDO:MONDO:0009734,MedGen:C2931832,OMIM:256450,Orphanet:276575,Orphanet:276598|MedGen:C3661900||MONDO:MONDO:0017182,MedGen:C3888018,Orphanet:276525|MONDO:MONDO:0030088,MedGen:C5394303,OMIM:618857;MONDO:MONDO:0012480,MedGen:C1835887,OMIM:610374,Orphanet:99886;MONDO:MONDO:0009734,MedGen:C2931832,OMIM:256450,Orphanet:276575,Orphanet:276598;MONDO:MONDO:0009415,MedGen:C0271714,OMIM:240800;Human Phenotype Ontology:HP:0005965,Human Phenotype Ontology:HP:0005978,Human Phenotype Ontology:HP:0100652,MONDO:MONDO:0005148,MeSH:D003924,MedGen:C0011860,OMIM:125853|Human Phenotype Ontology:HP:0005965,Human Phenotype Ontology:HP:0005978,Human Phenotype Ontology:HP:0100652,MONDO:MONDO:0005148,MeSH:D003924,MedGen:C0011860,OMIM:125853|","Hyperinsulinemic hypoglycemia, familial, 1|not provided|Hereditary hyperinsulinism|Familial hyperinsulinism|Diabetes mellitus, permanent neonatal 3;Diabetes mellitus, transient neonatal, 2;Hyperinsulinemic hypoglycemia, familial, 1;Leucine-induced hypoglycemia;Type 2 diabetes mellitus|Type 2 diabetes mellitus|ABCC8-related disorder",germline;unknown,germline,GRCh37,NC_000011.9,11,17496503,17496503,na,na,11p15.1,"criteria provided, multiple submitters, no conflicts",8,-,N,ClinGen:CA5903947,2,371380,17496503,G,A,-,-,-,-,-,-,SCV001374885|SCV002511484|SCV002802735|SCV004026586|SCV004204674|SCV005900723,-,-
357960,single nucleotide variant,NM_000352.6(ABCC8):c.220C>T (p.Arg74Trp),6833,ABCC8,HGNC:59,Pathogenic/Likely pathogenic,1,"Jan 24, 2024",201682634,-,RCV000409175|RCV001203709|RCV001828376|RCV002230219|RCV002502430|RCV003463804|RCV005250049,"MONDO:MONDO:0009734,MedGen:C2931832,OMIM:256450,Orphanet:276575,Orphanet:276598|MedGen:C3661900||MONDO:MONDO:0017182,MedGen:C3888018,Orphanet:276525|MONDO:MONDO:0030088,MedGen:C5394303,OMIM:618857;MONDO:MONDO:0012480,MedGen:C1835887,OMIM:610374,Orphanet:99886;MONDO:MONDO:0009734,MedGen:C2931832,OMIM:256450,Orphanet:276575,Orphanet:276598;MONDO:MONDO:0009415,MedGen:C0271714,OMIM:240800;Human Phenotype Ontology:HP:0005965,Human Phenotype Ontology:HP:0005978,Human Phenotype Ontology:HP:0100652,MONDO:MONDO:0005148,MeSH:D003924,MedGen:C0011860,OMIM:125853|Human Phenotype Ontology:HP:0005965,Human Phenotype Ontology:HP:0005978,Human Phenotype Ontology:HP:0100652,MONDO:MONDO:0005148,MeSH:D003924,MedGen:C0011860,OMIM:125853|","Hyperinsulinemic hypoglycemia, familial, 1|not provided|Hereditary hyperinsulinism|Familial hyperinsulinism|Diabetes mellitus, permanent neonatal 3;Diabetes mellitus, transient neonatal, 2;Hyperinsulinemic hypoglycemia, familial, 1;Leucine-induced hypoglycemia;Type 2 diabetes mellitus|Type 2 diabetes mellitus|ABCC8-related disorder",germline;unknown,germline,GRCh38,NC_000011.10,11,17474956,17474956,na,na,11p15.1,"criteria provided, multiple submitters, no conflicts",8,-,N,ClinGen:CA5903947,2,371380,17474956,G,A,-,-,-,-,-,-,SCV001374885|SCV002511484|SCV002802735|SCV004026586|SCV004204674|SCV005900723,-,-
360928,single nucleotide variant,NM_000525.4(KCNJ11):c.185C>G (p.Thr62Arg),3767,KCNJ11,HGNC:6257,Likely pathogenic,1,"Jul 18, 2016",1057518775,-,RCV000415398,"Human Phenotype Ontology:HP:0000842,MONDO:MONDO:0002177,MedGen:C0020459;Human Phenotype Ontology:HP:0001047,Human Phenotype Ontology:HP:0007533,Human Phenotype Ontology:HP:0007564,MONDO:MONDO:0004980,MedGen:C0011615,OMIM:PS603165;Human Phenotype Ontology:HP:0001943,Human Phenotype Ontology:HP:0003356,MONDO:MONDO:0004946,MedGen:C0020615;Human Phenotype Ontology:HP:0000998,MONDO:MONDO:0019280,MedGen:C0020555,Orphanet:79365",Hyperinsulinemia;Atopic eczema;Hypoglycemia;Hypertrichosis,unknown,unknown,GRCh37,NC_000011.9,11,17409454,17409454,na,na,11p15.1,no assertion criteria provided,1,-,N,ClinGen:CA16043457,2,373928,17409454,G,C,-,-,-,-,-,-,SCV000492563,-,-
360928,single nucleotide variant,NM_000525.4(KCNJ11):c.185C>G (p.Thr62Arg),3767,KCNJ11,HGNC:6257,Likely pathogenic,1,"Jul 18, 2016",1057518775,-,RCV000415398,"Human Phenotype Ontology:HP:0000842,MONDO:MONDO:0002177,MedGen:C0020459;Human Phenotype Ontology:HP:0001047,Human Phenotype Ontology:HP:0007533,Human Phenotype Ontology:HP:0007564,MONDO:MONDO:0004980,MedGen:C0011615,OMIM:PS603165;Human Phenotype Ontology:HP:0001943,Human Phenotype Ontology:HP:0003356,MONDO:MONDO:0004946,MedGen:C0020615;Human Phenotype Ontology:HP:0000998,MONDO:MONDO:0019280,MedGen:C0020555,Orphanet:79365",Hyperinsulinemia;Atopic eczema;Hypoglycemia;Hypertrichosis,unknown,unknown,GRCh38,NC_000011.10,11,17387907,17387907,na,na,11p15.1,no assertion criteria provided,1,-,N,ClinGen:CA16043457,2,373928,17387907,G,C,-,-,-,-,-,-,SCV000492563,-,-
363904,single nucleotide variant,NM_000162.5(GCK):c.171G>T (p.Met57Ile),2645,GCK,HGNC:4195,Likely pathogenic,1,"Oct 31, 2024",1057520109,-,RCV000431394|RCV005230315,"MedGen:C3661900|MONDO:MONDO:0015967,MedGen:C3888631,Orphanet:183625",not provided|Monogenic diabetes,de novo;germline,germline,GRCh37,NC_000007.13,7,44192937,44192937,na,na,7p13,reviewed by expert panel,2,-,N,ClinGen:CA16603236,2,377026,44192937,C,A,-,-,-,-,-,-,SCV005880136,-,-
363904,single nucleotide variant,NM_000162.5(GCK):c.171G>T (p.Met57Ile),2645,GCK,HGNC:4195,Likely pathogenic,1,"Oct 31, 2024",1057520109,-,RCV000431394|RCV005230315,"MedGen:C3661900|MONDO:MONDO:0015967,MedGen:C3888631,Orphanet:183625",not provided|Monogenic diabetes,de novo;germline,germline,GRCh38,NC_000007.14,7,44153338,44153338,na,na,7p13,reviewed by expert panel,2,-,N,ClinGen:CA16603236,2,377026,44153338,C,A,-,-,-,-,-,-,SCV005880136,-,-
369460,single nucleotide variant,NM_000162.5(GCK):c.703A>G (p.Met235Val),2645,GCK,HGNC:4195,Pathogenic,1,"Sep 17, 2025",1057521093,-,RCV000419860|RCV005646947,"MedGen:C3661900|MONDO:MONDO:0015967,MedGen:C3888631,Orphanet:183625",not provided|Monogenic diabetes,germline,germline,GRCh37,NC_000007.13,7,44187409,44187409,na,na,7p13,reviewed by expert panel,3,-,N,ClinGen:CA16605219,2,381599,44187409,T,C,-,-,-,-,-,-,SCV006336868,-,-
369460,single nucleotide variant,NM_000162.5(GCK):c.703A>G (p.Met235Val),2645,GCK,HGNC:4195,Pathogenic,1,"Sep 17, 2025",1057521093,-,RCV000419860|RCV005646947,"MedGen:C3661900|MONDO:MONDO:0015967,MedGen:C3888631,Orphanet:183625",not provided|Monogenic diabetes,germline,germline,GRCh38,NC_000007.14,7,44147810,44147810,na,na,7p13,reviewed by expert panel,3,-,N,ClinGen:CA16605219,2,381599,44147810,T,C,-,-,-,-,-,-,SCV006336868,-,-
369463,single nucleotide variant,NM_000162.5(GCK):c.364-1G>A,2645,GCK,HGNC:4195,Pathogenic/Likely pathogenic,1,"Dec 16, 2024",1057521094,-,RCV000429688|RCV002450985,"MedGen:C3661900|Human Phenotype Ontology:HP:0004904,MONDO:MONDO:0018911,MedGen:C0342276,OMIM:PS125850,Orphanet:552",not provided|Maturity-onset diabetes of the young,germline;unknown,germline,GRCh37,NC_000007.13,7,44190675,44190675,na,na,7p13,"criteria provided, multiple submitters, no conflicts",4,-,N,ClinGen:CA16605220,2,381600,44190675,C,T,-,-,-,-,-,-,SCV000521047|SCV000613424|SCV002605275|SCV002613759,-,-
369463,single nucleotide variant,NM_000162.5(GCK):c.364-1G>A,2645,GCK,HGNC:4195,Pathogenic/Likely pathogenic,1,"Dec 16, 2024",1057521094,-,RCV000429688|RCV002450985,"MedGen:C3661900|Human Phenotype Ontology:HP:0004904,MONDO:MONDO:0018911,MedGen:C0342276,OMIM:PS125850,Orphanet:552",not provided|Maturity-onset diabetes of the young,germline;unknown,germline,GRCh38,NC_000007.14,7,44151076,44151076,na,na,7p13,"criteria provided, multiple submitters, no conflicts",4,-,N,ClinGen:CA16605220,2,381600,44151076,C,T,-,-,-,-,-,-,SCV000521047|SCV000613424|SCV002605275|SCV002613759,-,-
369755,single nucleotide variant,NM_000162.5(GCK):c.9C>T (p.Asp3=),2645,GCK,HGNC:4195,Benign/Likely benign,0,"Dec 09, 2025",142553382,-,RCV000992072|RCV001821204|RCV002379362|RCV002506065,"MedGen:C3661900|MedGen:CN169374|Human Phenotype Ontology:HP:0004904,MONDO:MONDO:0018911,MedGen:C0342276,OMIM:PS125850,Orphanet:552|Human Phenotype Ontology:HP:0005965,Human Phenotype Ontology:HP:0005978,Human Phenotype Ontology:HP:0100652,MONDO:MONDO:0005148,MeSH:D003924,MedGen:C0011860,OMIM:125853;MONDO:MONDO:0100165,MedGen:C5393570,OMIM:606176;MONDO:MONDO:0011236,MedGen:C1865290,OMIM:602485,Orphanet:79299;MONDO:MONDO:0007453,MedGen:C0342277,OMIM:125851,Orphanet:552",not provided|not specified|Maturity-onset diabetes of the young|Type 2 diabetes mellitus;Permanent neonatal diabetes mellitus 1;Hyperinsulinism due to glucokinase deficiency;Maturity-onset diabetes of the young type 2,germline;unknown,germline,GRCh37,NC_000007.13,7,44228544,44228544,na,na,7p13,"criteria provided, multiple submitters, no conflicts",8,-,N,ClinGen:CA4239801,2,389252,44228544,G,A,-,-,-,-,-,-,SCV000531717|SCV001144045|SCV002070078|SCV002605189|SCV002691499|SCV002808901|SCV003465551|SCV006070834,-,-
369755,single nucleotide variant,NM_000162.5(GCK):c.9C>T (p.Asp3=),2645,GCK,HGNC:4195,Benign/Likely benign,0,"Dec 09, 2025",142553382,-,RCV000992072|RCV001821204|RCV002379362|RCV002506065,"MedGen:C3661900|MedGen:CN169374|Human Phenotype Ontology:HP:0004904,MONDO:MONDO:0018911,MedGen:C0342276,OMIM:PS125850,Orphanet:552|Human Phenotype Ontology:HP:0005965,Human Phenotype Ontology:HP:0005978,Human Phenotype Ontology:HP:0100652,MONDO:MONDO:0005148,MeSH:D003924,MedGen:C0011860,OMIM:125853;MONDO:MONDO:0100165,MedGen:C5393570,OMIM:606176;MONDO:MONDO:0011236,MedGen:C1865290,OMIM:602485,Orphanet:79299;MONDO:MONDO:0007453,MedGen:C0342277,OMIM:125851,Orphanet:552",not provided|not specified|Maturity-onset diabetes of the young|Type 2 diabetes mellitus;Permanent neonatal diabetes mellitus 1;Hyperinsulinism due to glucokinase deficiency;Maturity-onset diabetes of the young type 2,germline;unknown,germline,GRCh38,NC_000007.14,7,44188945,44188945,na,na,7p13,"criteria provided, multiple submitters, no conflicts",8,-,N,ClinGen:CA4239801,2,389252,44188945,G,A,-,-,-,-,-,-,SCV000531717|SCV001144045|SCV002070078|SCV002605189|SCV002691499|SCV002808901|SCV003465551|SCV006070834,-,-
371140,single nucleotide variant,NM_000162.5(GCK):c.1099G>A (p.Val367Met),2645,GCK,HGNC:4195,Pathogenic,1,"Aug 09, 2023",1057521092,-,RCV000440624|RCV003325955|RCV006263933,"MedGen:C3661900|MONDO:MONDO:0015967,MedGen:C3888631,Orphanet:183625|MONDO:MONDO:0007453,MedGen:C0342277,OMIM:125851,Orphanet:552",not provided|Monogenic diabetes|Maturity-onset diabetes of the young type 2,germline;unknown,germline,GRCh37,NC_000007.13,7,44185250,44185250,na,na,7p13,reviewed by expert panel,5,-,N,ClinGen:CA16605802,2,381598,44185250,C,T,-,-,-,-,-,-,SCV004032116,-,-
371140,single nucleotide variant,NM_000162.5(GCK):c.1099G>A (p.Val367Met),2645,GCK,HGNC:4195,Pathogenic,1,"Aug 09, 2023",1057521092,-,RCV000440624|RCV003325955|RCV006263933,"MedGen:C3661900|MONDO:MONDO:0015967,MedGen:C3888631,Orphanet:183625|MONDO:MONDO:0007453,MedGen:C0342277,OMIM:125851,Orphanet:552",not provided|Monogenic diabetes|Maturity-onset diabetes of the young type 2,germline;unknown,germline,GRCh38,NC_000007.14,7,44145651,44145651,na,na,7p13,reviewed by expert panel,5,-,N,ClinGen:CA16605802,2,381598,44145651,C,T,-,-,-,-,-,-,SCV004032116,-,-
371149,single nucleotide variant,NM_000162.5(GCK):c.1019+18G>A,2645,GCK,HGNC:4195,Benign/Likely benign,0,"Jan 17, 2026",150914617,-,RCV000418514|RCV000711755|RCV002488878,"MedGen:CN169374|MedGen:C3661900|Human Phenotype Ontology:HP:0005965,Human Phenotype Ontology:HP:0005978,Human Phenotype Ontology:HP:0100652,MONDO:MONDO:0005148,MeSH:D003924,MedGen:C0011860,OMIM:125853;MONDO:MONDO:0100165,MedGen:C5393570,OMIM:606176;MONDO:MONDO:0011236,MedGen:C1865290,OMIM:602485,Orphanet:79299;MONDO:MONDO:0007453,MedGen:C0342277,OMIM:125851,Orphanet:552",not specified|not provided|Type 2 diabetes mellitus;Permanent neonatal diabetes mellitus 1;Hyperinsulinism due to glucokinase deficiency;Maturity-onset diabetes of the young type 2,germline;unknown,germline,GRCh37,NC_000007.13,7,44186044,44186044,na,na,7p13,"criteria provided, multiple submitters, no conflicts",9,-,N,ClinGen:CA4239468,2,377918,44186044,C,T,-,-,-,-,-,-,SCV000513129|SCV000842149|SCV002404503|SCV002799392|SCV004121941|SCV004156831|SCV004848490|SCV005227293|SCV005876139,-,-
371149,single nucleotide variant,NM_000162.5(GCK):c.1019+18G>A,2645,GCK,HGNC:4195,Benign/Likely benign,0,"Jan 17, 2026",150914617,-,RCV000418514|RCV000711755|RCV002488878,"MedGen:CN169374|MedGen:C3661900|Human Phenotype Ontology:HP:0005965,Human Phenotype Ontology:HP:0005978,Human Phenotype Ontology:HP:0100652,MONDO:MONDO:0005148,MeSH:D003924,MedGen:C0011860,OMIM:125853;MONDO:MONDO:0100165,MedGen:C5393570,OMIM:606176;MONDO:MONDO:0011236,MedGen:C1865290,OMIM:602485,Orphanet:79299;MONDO:MONDO:0007453,MedGen:C0342277,OMIM:125851,Orphanet:552",not specified|not provided|Type 2 diabetes mellitus;Permanent neonatal diabetes mellitus 1;Hyperinsulinism due to glucokinase deficiency;Maturity-onset diabetes of the young type 2,germline;unknown,germline,GRCh38,NC_000007.14,7,44146445,44146445,na,na,7p13,"criteria provided, multiple submitters, no conflicts",9,-,N,ClinGen:CA4239468,2,377918,44146445,C,T,-,-,-,-,-,-,SCV000513129|SCV000842149|SCV002404503|SCV002799392|SCV004121941|SCV004156831|SCV004848490|SCV005227293|SCV005876139,-,-
371301,single nucleotide variant,NM_000352.6(ABCC8):c.3293G>A (p.Arg1098His),6833,ABCC8,HGNC:59,Uncertain significance,0,"Apr 20, 2022",1057523131,-,RCV000431777|RCV002250627|RCV002250626|RCV001833551|RCV002506059,"MedGen:C3661900|Human Phenotype Ontology:HP:0008255,MONDO:MONDO:0020525,MedGen:C0342273|Human Phenotype Ontology:HP:0004904,MONDO:MONDO:0018911,MedGen:C0342276,OMIM:PS125850,Orphanet:552||Human Phenotype Ontology:HP:0005965,Human Phenotype Ontology:HP:0005978,Human Phenotype Ontology:HP:0100652,MONDO:MONDO:0005148,MeSH:D003924,MedGen:C0011860,OMIM:125853;MONDO:MONDO:0012480,MedGen:C1835887,OMIM:610374,Orphanet:99886;MONDO:MONDO:0009734,MedGen:C2931832,OMIM:256450,Orphanet:276575,Orphanet:276598;MONDO:MONDO:0030088,MedGen:C5394303,OMIM:618857;MONDO:MONDO:0009415,MedGen:C0271714,OMIM:240800","not provided|Transitory neonatal diabetes mellitus|Maturity-onset diabetes of the young|Hereditary hyperinsulinism|Type 2 diabetes mellitus;Diabetes mellitus, transient neonatal, 2;Hyperinsulinemic hypoglycemia, familial, 1;Diabetes mellitus, permanent neonatal 3;Leucine-induced hypoglycemia",germline;somatic;unknown,germline/somatic,GRCh37,NC_000011.9,11,17428205,17428205,na,na,11p15.1,"criteria provided, multiple submitters, no conflicts",4,-,N,ClinGen:CA16605873,2,388502,17428205,C,T,-,-,-,-,-,-,SCV000530817|SCV002520740|SCV002520742|SCV002814722,-,-
371301,single nucleotide variant,NM_000352.6(ABCC8):c.3293G>A (p.Arg1098His),6833,ABCC8,HGNC:59,Uncertain significance,0,"Apr 20, 2022",1057523131,-,RCV000431777|RCV002250627|RCV002250626|RCV001833551|RCV002506059,"MedGen:C3661900|Human Phenotype Ontology:HP:0008255,MONDO:MONDO:0020525,MedGen:C0342273|Human Phenotype Ontology:HP:0004904,MONDO:MONDO:0018911,MedGen:C0342276,OMIM:PS125850,Orphanet:552||Human Phenotype Ontology:HP:0005965,Human Phenotype Ontology:HP:0005978,Human Phenotype Ontology:HP:0100652,MONDO:MONDO:0005148,MeSH:D003924,MedGen:C0011860,OMIM:125853;MONDO:MONDO:0012480,MedGen:C1835887,OMIM:610374,Orphanet:99886;MONDO:MONDO:0009734,MedGen:C2931832,OMIM:256450,Orphanet:276575,Orphanet:276598;MONDO:MONDO:0030088,MedGen:C5394303,OMIM:618857;MONDO:MONDO:0009415,MedGen:C0271714,OMIM:240800","not provided|Transitory neonatal diabetes mellitus|Maturity-onset diabetes of the young|Hereditary hyperinsulinism|Type 2 diabetes mellitus;Diabetes mellitus, transient neonatal, 2;Hyperinsulinemic hypoglycemia, familial, 1;Diabetes mellitus, permanent neonatal 3;Leucine-induced hypoglycemia",germline;somatic;unknown,germline/somatic,GRCh38,NC_000011.10,11,17406658,17406658,na,na,11p15.1,"criteria provided, multiple submitters, no conflicts",4,-,N,ClinGen:CA16605873,2,388502,17406658,C,T,-,-,-,-,-,-,SCV000530817|SCV002520740|SCV002520742|SCV002814722,-,-
371304,single nucleotide variant,NM_000352.6(ABCC8):c.793C>T (p.Arg265Trp),6833,ABCC8,HGNC:59,Uncertain significance,0,"Mar 31, 2025",1057524701,-,RCV000423097|RCV001828453,MedGen:C3661900|,not provided|Hereditary hyperinsulinism,germline,germline,GRCh37,NC_000011.9,11,17483159,17483159,na,na,11p15.1,"criteria provided, multiple submitters, no conflicts",3,-,N,ClinGen:CA16605874,2,392921,17483159,G,A,-,-,-,-,-,-,SCV000536263|SCV005811493,-,-
371304,single nucleotide variant,NM_000352.6(ABCC8):c.793C>T (p.Arg265Trp),6833,ABCC8,HGNC:59,Uncertain significance,0,"Mar 31, 2025",1057524701,-,RCV000423097|RCV001828453,MedGen:C3661900|,not provided|Hereditary hyperinsulinism,germline,germline,GRCh38,NC_000011.10,11,17461612,17461612,na,na,11p15.1,"criteria provided, multiple submitters, no conflicts",3,-,N,ClinGen:CA16605874,2,392921,17461612,G,A,-,-,-,-,-,-,SCV000536263|SCV005811493,-,-
372091,single nucleotide variant,NM_000525.4(KCNJ11):c.903C>T (p.Arg301=),3767,KCNJ11,HGNC:6257,Conflicting classifications of pathogenicity,0,"Oct 09, 2025",200855007,-,RCV000434293|RCV000978189|RCV002226709,"MedGen:CN169374|MedGen:C3661900|Human Phenotype Ontology:HP:0004904,MONDO:MONDO:0018911,MedGen:C0342276,OMIM:PS125850,Orphanet:552",not specified|not provided|Maturity-onset diabetes of the young,germline;somatic,germline/somatic,GRCh37,NC_000011.9,11,17408736,17408736,na,na,11p15.1,"criteria provided, conflicting classifications",5,-,N,ClinGen:CA5902224,2,387867,17408736,G,A,-,-,-,-,-,-,SCV000530041|SCV001126115|SCV002070543|SCV002505407|SCV005884868,-,-
372091,single nucleotide variant,NM_000525.4(KCNJ11):c.903C>T (p.Arg301=),3767,KCNJ11,HGNC:6257,Conflicting classifications of pathogenicity,0,"Oct 09, 2025",200855007,-,RCV000434293|RCV000978189|RCV002226709,"MedGen:CN169374|MedGen:C3661900|Human Phenotype Ontology:HP:0004904,MONDO:MONDO:0018911,MedGen:C0342276,OMIM:PS125850,Orphanet:552",not specified|not provided|Maturity-onset diabetes of the young,germline;somatic,germline/somatic,GRCh38,NC_000011.10,11,17387189,17387189,na,na,11p15.1,"criteria provided, conflicting classifications",5,-,N,ClinGen:CA5902224,2,387867,17387189,G,A,-,-,-,-,-,-,SCV000530041|SCV001126115|SCV002070543|SCV002505407|SCV005884868,-,-
372093,single nucleotide variant,NM_000352.6(ABCC8):c.1270G>A (p.Asp424Asn),6833,ABCC8,HGNC:59,Uncertain significance,0,"Feb 23, 2024",577545383,-,RCV000417468|RCV001272241|RCV002259947|RCV002259948|RCV005044644,"MedGen:C3661900||Human Phenotype Ontology:HP:0004904,MONDO:MONDO:0018911,MedGen:C0342276,OMIM:PS125850,Orphanet:552|Human Phenotype Ontology:HP:0008255,MONDO:MONDO:0020525,MedGen:C0342273|Human Phenotype Ontology:HP:0005965,Human Phenotype Ontology:HP:0005978,Human Phenotype Ontology:HP:0100652,MONDO:MONDO:0005148,MeSH:D003924,MedGen:C0011860,OMIM:125853;MONDO:MONDO:0012480,MedGen:C1835887,OMIM:610374,Orphanet:99886;MONDO:MONDO:0009734,MedGen:C2931832,OMIM:256450,Orphanet:276575,Orphanet:276598;MONDO:MONDO:0030088,MedGen:C5394303,OMIM:618857;MONDO:MONDO:0009415,MedGen:C0271714,OMIM:240800","not provided|Hereditary hyperinsulinism|Maturity-onset diabetes of the young|Transitory neonatal diabetes mellitus|Type 2 diabetes mellitus;Diabetes mellitus, transient neonatal, 2;Hyperinsulinemic hypoglycemia, familial, 1;Diabetes mellitus, permanent neonatal 3;Leucine-induced hypoglycemia",germline;unknown,germline,GRCh37,NC_000011.9,11,17470125,17470125,na,na,11p15.1,"criteria provided, multiple submitters, no conflicts",4,-,N,ClinGen:CA5903632,2,389393,17470125,C,T,-,-,-,-,-,-,SCV000531909|SCV002522611|SCV002522612|SCV005676414,-,-
372093,single nucleotide variant,NM_000352.6(ABCC8):c.1270G>A (p.Asp424Asn),6833,ABCC8,HGNC:59,Uncertain significance,0,"Feb 23, 2024",577545383,-,RCV000417468|RCV001272241|RCV002259947|RCV002259948|RCV005044644,"MedGen:C3661900||Human Phenotype Ontology:HP:0004904,MONDO:MONDO:0018911,MedGen:C0342276,OMIM:PS125850,Orphanet:552|Human Phenotype Ontology:HP:0008255,MONDO:MONDO:0020525,MedGen:C0342273|Human Phenotype Ontology:HP:0005965,Human Phenotype Ontology:HP:0005978,Human Phenotype Ontology:HP:0100652,MONDO:MONDO:0005148,MeSH:D003924,MedGen:C0011860,OMIM:125853;MONDO:MONDO:0012480,MedGen:C1835887,OMIM:610374,Orphanet:99886;MONDO:MONDO:0009734,MedGen:C2931832,OMIM:256450,Orphanet:276575,Orphanet:276598;MONDO:MONDO:0030088,MedGen:C5394303,OMIM:618857;MONDO:MONDO:0009415,MedGen:C0271714,OMIM:240800","not provided|Hereditary hyperinsulinism|Maturity-onset diabetes of the young|Transitory neonatal diabetes mellitus|Type 2 diabetes mellitus;Diabetes mellitus, transient neonatal, 2;Hyperinsulinemic hypoglycemia, familial, 1;Diabetes mellitus, permanent neonatal 3;Leucine-induced hypoglycemia",germline;unknown,germline,GRCh38,NC_000011.10,11,17448578,17448578,na,na,11p15.1,"criteria provided, multiple submitters, no conflicts",4,-,N,ClinGen:CA5903632,2,389393,17448578,C,T,-,-,-,-,-,-,SCV000531909|SCV002522611|SCV002522612|SCV005676414,-,-
380182,Indel,NM_000162.5(GCK):c.918_919delinsAT (p.Leu307Phe),2645,GCK,HGNC:4195,Uncertain significance,0,"Oct 02, 2015",1057524892,-,RCV000445474,"MONDO:MONDO:0015967,MedGen:C3888631,Orphanet:183625",Monogenic diabetes,unknown,unknown,GRCh37,NC_000007.13,7,44186162,44186163,na,na,7p13,"criteria provided, single submitter",1,-,N,ClinGen:CA16609241,2,393397,44186162,GC,AT,-,-,-,-,-,-,SCV000537032,-,-
380182,Indel,NM_000162.5(GCK):c.918_919delinsAT (p.Leu307Phe),2645,GCK,HGNC:4195,Uncertain significance,0,"Oct 02, 2015",1057524892,-,RCV000445474,"MONDO:MONDO:0015967,MedGen:C3888631,Orphanet:183625",Monogenic diabetes,unknown,unknown,GRCh38,NC_000007.14,7,44146563,44146564,na,na,7p13,"criteria provided, single submitter",1,-,N,ClinGen:CA16609241,2,393397,44146563,GC,AT,-,-,-,-,-,-,SCV000537032,-,-
380217,single nucleotide variant,NM_000162.5(GCK):c.74T>A (p.Leu25Gln),2645,GCK,HGNC:4195,Uncertain significance,0,"Oct 27, 2015",193922325,-,RCV000445551,"MONDO:MONDO:0015967,MedGen:C3888631,Orphanet:183625",Monogenic diabetes,unknown,unknown,GRCh37,NC_000007.13,7,44193034,44193034,na,na,7p13,"criteria provided, single submitter",1,-,N,ClinGen:CA16609255,2,393398,44193034,A,T,-,-,-,-,-,-,SCV000537033,-,-
380217,single nucleotide variant,NM_000162.5(GCK):c.74T>A (p.Leu25Gln),2645,GCK,HGNC:4195,Uncertain significance,0,"Oct 27, 2015",193922325,-,RCV000445551,"MONDO:MONDO:0015967,MedGen:C3888631,Orphanet:183625",Monogenic diabetes,unknown,unknown,GRCh38,NC_000007.14,7,44153435,44153435,na,na,7p13,"criteria provided, single submitter",1,-,N,ClinGen:CA16609255,2,393398,44153435,A,T,-,-,-,-,-,-,SCV000537033,-,-
380247,single nucleotide variant,NM_000352.6(ABCC8):c.3875A>G (p.Asn1292Ser),6833,ABCC8,HGNC:59,Uncertain significance,0,"Dec 21, 2021",763104338,-,RCV000445502|RCV002246123|RCV002246122|RCV002481354,"MONDO:MONDO:0015967,MedGen:C3888631,Orphanet:183625|Human Phenotype Ontology:HP:0008255,MONDO:MONDO:0020525,MedGen:C0342273|Human Phenotype Ontology:HP:0004904,MONDO:MONDO:0018911,MedGen:C0342276,OMIM:PS125850,Orphanet:552|Human Phenotype Ontology:HP:0005965,Human Phenotype Ontology:HP:0005978,Human Phenotype Ontology:HP:0100652,MONDO:MONDO:0005148,MeSH:D003924,MedGen:C0011860,OMIM:125853;MONDO:MONDO:0012480,MedGen:C1835887,OMIM:610374,Orphanet:99886;MONDO:MONDO:0009734,MedGen:C2931832,OMIM:256450,Orphanet:276575,Orphanet:276598;MONDO:MONDO:0030088,MedGen:C5394303,OMIM:618857;MONDO:MONDO:0009415,MedGen:C0271714,OMIM:240800","Monogenic diabetes|Transitory neonatal diabetes mellitus|Maturity-onset diabetes of the young|Type 2 diabetes mellitus;Diabetes mellitus, transient neonatal, 2;Hyperinsulinemic hypoglycemia, familial, 1;Diabetes mellitus, permanent neonatal 3;Leucine-induced hypoglycemia",somatic;unknown,somatic,GRCh37,NC_000011.9,11,17418853,17418853,na,na,11p15.1,"criteria provided, multiple submitters, no conflicts",3,-,N,ClinGen:CA5902655,2,393428,17418853,T,C,-,-,-,-,-,-,SCV000537078|SCV002513530|SCV002513531|SCV002789402,-,-
380247,single nucleotide variant,NM_000352.6(ABCC8):c.3875A>G (p.Asn1292Ser),6833,ABCC8,HGNC:59,Uncertain significance,0,"Dec 21, 2021",763104338,-,RCV000445502|RCV002246123|RCV002246122|RCV002481354,"MONDO:MONDO:0015967,MedGen:C3888631,Orphanet:183625|Human Phenotype Ontology:HP:0008255,MONDO:MONDO:0020525,MedGen:C0342273|Human Phenotype Ontology:HP:0004904,MONDO:MONDO:0018911,MedGen:C0342276,OMIM:PS125850,Orphanet:552|Human Phenotype Ontology:HP:0005965,Human Phenotype Ontology:HP:0005978,Human Phenotype Ontology:HP:0100652,MONDO:MONDO:0005148,MeSH:D003924,MedGen:C0011860,OMIM:125853;MONDO:MONDO:0012480,MedGen:C1835887,OMIM:610374,Orphanet:99886;MONDO:MONDO:0009734,MedGen:C2931832,OMIM:256450,Orphanet:276575,Orphanet:276598;MONDO:MONDO:0030088,MedGen:C5394303,OMIM:618857;MONDO:MONDO:0009415,MedGen:C0271714,OMIM:240800","Monogenic diabetes|Transitory neonatal diabetes mellitus|Maturity-onset diabetes of the young|Type 2 diabetes mellitus;Diabetes mellitus, transient neonatal, 2;Hyperinsulinemic hypoglycemia, familial, 1;Diabetes mellitus, permanent neonatal 3;Leucine-induced hypoglycemia",somatic;unknown,somatic,GRCh38,NC_000011.10,11,17397306,17397306,na,na,11p15.1,"criteria provided, multiple submitters, no conflicts",3,-,N,ClinGen:CA5902655,2,393428,17397306,T,C,-,-,-,-,-,-,SCV000537078|SCV002513530|SCV002513531|SCV002789402,-,-
380248,single nucleotide variant,NM_000352.6(ABCC8):c.1067A>G (p.Tyr356Cys),6833,ABCC8,HGNC:59,Conflicting classifications of pathogenicity,0,"May 27, 2025",59852838,-,RCV000445377|RCV000710369|RCV001104821|RCV001104823|RCV001104822|RCV001272244|RCV002265764,"MONDO:MONDO:0015967,MedGen:C3888631,Orphanet:183625|MedGen:C3661900|MONDO:MONDO:0100164,MedGen:C1833104,OMIM:PS606176,Orphanet:99885|MONDO:MONDO:0009734,MedGen:C2931832,OMIM:256450,Orphanet:276575,Orphanet:276598|MONDO:MONDO:0012480,MedGen:C1835887,OMIM:610374,Orphanet:99886||MedGen:CN169374","Monogenic diabetes|not provided|Permanent neonatal diabetes mellitus|Hyperinsulinemic hypoglycemia, familial, 1|Diabetes mellitus, transient neonatal, 2|Hereditary hyperinsulinism|not specified",germline;unknown,germline,GRCh37,NC_000011.9,11,17474775,17474775,na,na,11p15.1,"criteria provided, conflicting classifications",7,-,N,ClinGen:CA5903679,2,393429,17474775,T,C,-,-,-,-,-,-,SCV000537079|SCV000840579|SCV001261714|SCV001261715|SCV001261716|SCV002547978|SCV003925103|SCV007371939,-,-
380248,single nucleotide variant,NM_000352.6(ABCC8):c.1067A>G (p.Tyr356Cys),6833,ABCC8,HGNC:59,Conflicting classifications of pathogenicity,0,"May 27, 2025",59852838,-,RCV000445377|RCV000710369|RCV001104821|RCV001104823|RCV001104822|RCV001272244|RCV002265764,"MONDO:MONDO:0015967,MedGen:C3888631,Orphanet:183625|MedGen:C3661900|MONDO:MONDO:0100164,MedGen:C1833104,OMIM:PS606176,Orphanet:99885|MONDO:MONDO:0009734,MedGen:C2931832,OMIM:256450,Orphanet:276575,Orphanet:276598|MONDO:MONDO:0012480,MedGen:C1835887,OMIM:610374,Orphanet:99886||MedGen:CN169374","Monogenic diabetes|not provided|Permanent neonatal diabetes mellitus|Hyperinsulinemic hypoglycemia, familial, 1|Diabetes mellitus, transient neonatal, 2|Hereditary hyperinsulinism|not specified",germline;unknown,germline,GRCh38,NC_000011.10,11,17453228,17453228,na,na,11p15.1,"criteria provided, conflicting classifications",7,-,N,ClinGen:CA5903679,2,393429,17453228,T,C,-,-,-,-,-,-,SCV000537079|SCV000840579|SCV001261714|SCV001261715|SCV001261716|SCV002547978|SCV003925103|SCV007371939,-,-
380249,single nucleotide variant,NM_000352.6(ABCC8):c.375C>G (p.His125Gln),6833,ABCC8,HGNC:59,Conflicting classifications of pathogenicity,1,"May 27, 2025",60637558,-,RCV000445428|RCV000710382|RCV001103101|RCV001103102|RCV002265765|RCV003470387|RCV005044650,"MONDO:MONDO:0015967,MedGen:C3888631,Orphanet:183625|MedGen:C3661900|MONDO:MONDO:0100164,MedGen:C1833104,OMIM:PS606176,Orphanet:99885|MONDO:MONDO:0009734,MedGen:C2931832,OMIM:256450,Orphanet:276575,Orphanet:276598|MedGen:CN169374|Human Phenotype Ontology:HP:0005965,Human Phenotype Ontology:HP:0005978,Human Phenotype Ontology:HP:0100652,MONDO:MONDO:0005148,MeSH:D003924,MedGen:C0011860,OMIM:125853|Human Phenotype Ontology:HP:0005965,Human Phenotype Ontology:HP:0005978,Human Phenotype Ontology:HP:0100652,MONDO:MONDO:0005148,MeSH:D003924,MedGen:C0011860,OMIM:125853;MONDO:MONDO:0012480,MedGen:C1835887,OMIM:610374,Orphanet:99886;MONDO:MONDO:0009734,MedGen:C2931832,OMIM:256450,Orphanet:276575,Orphanet:276598;MONDO:MONDO:0030088,MedGen:C5394303,OMIM:618857;MONDO:MONDO:0009415,MedGen:C0271714,OMIM:240800","Monogenic diabetes|not provided|Permanent neonatal diabetes mellitus|Hyperinsulinemic hypoglycemia, familial, 1|not specified|Type 2 diabetes mellitus|Type 2 diabetes mellitus;Diabetes mellitus, transient neonatal, 2;Hyperinsulinemic hypoglycemia, familial, 1;Diabetes mellitus, permanent neonatal 3;Leucine-induced hypoglycemia",germline;unknown,germline,GRCh37,NC_000011.9,11,17491685,17491685,na,na,11p15.1,"criteria provided, conflicting classifications",8,-,N,ClinGen:CA5903900,2,393430,17491685,G,C,-,-,-,-,-,-,SCV000537080|SCV000840592|SCV001259819|SCV001259820|SCV002547985|SCV003925104|SCV004199140|SCV005676112|SCV007371940,-,-
380249,single nucleotide variant,NM_000352.6(ABCC8):c.375C>G (p.His125Gln),6833,ABCC8,HGNC:59,Conflicting classifications of pathogenicity,1,"May 27, 2025",60637558,-,RCV000445428|RCV000710382|RCV001103101|RCV001103102|RCV002265765|RCV003470387|RCV005044650,"MONDO:MONDO:0015967,MedGen:C3888631,Orphanet:183625|MedGen:C3661900|MONDO:MONDO:0100164,MedGen:C1833104,OMIM:PS606176,Orphanet:99885|MONDO:MONDO:0009734,MedGen:C2931832,OMIM:256450,Orphanet:276575,Orphanet:276598|MedGen:CN169374|Human Phenotype Ontology:HP:0005965,Human Phenotype Ontology:HP:0005978,Human Phenotype Ontology:HP:0100652,MONDO:MONDO:0005148,MeSH:D003924,MedGen:C0011860,OMIM:125853|Human Phenotype Ontology:HP:0005965,Human Phenotype Ontology:HP:0005978,Human Phenotype Ontology:HP:0100652,MONDO:MONDO:0005148,MeSH:D003924,MedGen:C0011860,OMIM:125853;MONDO:MONDO:0012480,MedGen:C1835887,OMIM:610374,Orphanet:99886;MONDO:MONDO:0009734,MedGen:C2931832,OMIM:256450,Orphanet:276575,Orphanet:276598;MONDO:MONDO:0030088,MedGen:C5394303,OMIM:618857;MONDO:MONDO:0009415,MedGen:C0271714,OMIM:240800","Monogenic diabetes|not provided|Permanent neonatal diabetes mellitus|Hyperinsulinemic hypoglycemia, familial, 1|not specified|Type 2 diabetes mellitus|Type 2 diabetes mellitus;Diabetes mellitus, transient neonatal, 2;Hyperinsulinemic hypoglycemia, familial, 1;Diabetes mellitus, permanent neonatal 3;Leucine-induced hypoglycemia",germline;unknown,germline,GRCh38,NC_000011.10,11,17470138,17470138,na,na,11p15.1,"criteria provided, conflicting classifications",8,-,N,ClinGen:CA5903900,2,393430,17470138,G,C,-,-,-,-,-,-,SCV000537080|SCV000840592|SCV001259819|SCV001259820|SCV002547985|SCV003925104|SCV004199140|SCV005676112|SCV007371940,-,-
380266,single nucleotide variant,NM_000162.5(GCK):c.1361C>A (p.Ala454Glu),2645,GCK,HGNC:4195,Likely pathogenic,1,"Mar 31, 2024",1057524900,-,RCV000445420|RCV001584122|RCV004539920,"MONDO:MONDO:0015967,MedGen:C3888631,Orphanet:183625|MedGen:C3661900|MONDO:MONDO:0009623,MedGen:C0398791,OMIM:251260,Orphanet:647","Monogenic diabetes|not provided|Microcephaly, normal intelligence and immunodeficiency",germline,germline,GRCh37,NC_000007.13,7,44184772,44184772,na,na,7p13,reviewed by expert panel,5,-,N,ClinGen:CA16609264,2,393447,44184772,G,T,-,-,-,-,-,-,SCV004812209,-,-
380266,single nucleotide variant,NM_000162.5(GCK):c.1361C>A (p.Ala454Glu),2645,GCK,HGNC:4195,Likely pathogenic,1,"Mar 31, 2024",1057524900,-,RCV000445420|RCV001584122|RCV004539920,"MONDO:MONDO:0015967,MedGen:C3888631,Orphanet:183625|MedGen:C3661900|MONDO:MONDO:0009623,MedGen:C0398791,OMIM:251260,Orphanet:647","Monogenic diabetes|not provided|Microcephaly, normal intelligence and immunodeficiency",germline,germline,GRCh38,NC_000007.14,7,44145173,44145173,na,na,7p13,reviewed by expert panel,5,-,N,ClinGen:CA16609264,2,393447,44145173,G,T,-,-,-,-,-,-,SCV004812209,-,-
380267,Deletion,NM_000162.5(GCK):c.1344del (p.Ala449fs),2645,GCK,HGNC:4195,Pathogenic,1,"Jun 24, 2023",1057524901,-,RCV000445487|RCV003565423,"MONDO:MONDO:0015967,MedGen:C3888631,Orphanet:183625|MedGen:C3661900",Monogenic diabetes|not provided,germline,germline,GRCh37,NC_000007.13,7,44184789,44184789,na,na,7p13,reviewed by expert panel,3,-,N,ClinGen:CA16609265,2,393448,44184788,CG,C,-,-,-,-,-,-,SCV004012130,-,-
380267,Deletion,NM_000162.5(GCK):c.1344del (p.Ala449fs),2645,GCK,HGNC:4195,Pathogenic,1,"Jun 24, 2023",1057524901,-,RCV000445487|RCV003565423,"MONDO:MONDO:0015967,MedGen:C3888631,Orphanet:183625|MedGen:C3661900",Monogenic diabetes|not provided,germline,germline,GRCh38,NC_000007.14,7,44145190,44145190,na,na,7p13,reviewed by expert panel,3,-,N,ClinGen:CA16609265,2,393448,44145189,CG,C,-,-,-,-,-,-,SCV004012130,-,-
380268,single nucleotide variant,NM_000162.5(GCK):c.1253+2T>A,2645,GCK,HGNC:4195,Pathogenic,1,"Jun 08, 2017",1057524902,-,RCV000445532|RCV000754802,"MONDO:MONDO:0015967,MedGen:C3888631,Orphanet:183625|MONDO:MONDO:0007453,MedGen:C0342277,OMIM:125851,Orphanet:552",Monogenic diabetes|Maturity-onset diabetes of the young type 2,germline,germline,GRCh37,NC_000007.13,7,44185094,44185094,na,na,7p13,"criteria provided, single submitter",1,-,N,ClinGen:CA16609266,2,393449,44185094,A,T,-,-,-,-,-,-,SCV000537119|SCV000882451,-,-
380268,single nucleotide variant,NM_000162.5(GCK):c.1253+2T>A,2645,GCK,HGNC:4195,Pathogenic,1,"Jun 08, 2017",1057524902,-,RCV000445532|RCV000754802,"MONDO:MONDO:0015967,MedGen:C3888631,Orphanet:183625|MONDO:MONDO:0007453,MedGen:C0342277,OMIM:125851,Orphanet:552",Monogenic diabetes|Maturity-onset diabetes of the young type 2,germline,germline,GRCh38,NC_000007.14,7,44145495,44145495,na,na,7p13,"criteria provided, single submitter",1,-,N,ClinGen:CA16609266,2,393449,44145495,A,T,-,-,-,-,-,-,SCV000537119|SCV000882451,-,-
380269,single nucleotide variant,NM_000162.5(GCK):c.1016A>G (p.Glu339Gly),2645,GCK,HGNC:4195,Pathogenic,1,"Feb 28, 2024",1057524903,-,RCV000445412|RCV004701484,"MONDO:MONDO:0015967,MedGen:C3888631,Orphanet:183625|MedGen:C3661900",Monogenic diabetes|not provided,germline,germline,GRCh37,NC_000007.13,7,44186065,44186065,na,na,7p13,reviewed by expert panel,3,-,N,ClinGen:CA16609267,2,393450,44186065,T,C,-,-,-,-,-,-,SCV004697915,-,-
380269,single nucleotide variant,NM_000162.5(GCK):c.1016A>G (p.Glu339Gly),2645,GCK,HGNC:4195,Pathogenic,1,"Feb 28, 2024",1057524903,-,RCV000445412|RCV004701484,"MONDO:MONDO:0015967,MedGen:C3888631,Orphanet:183625|MedGen:C3661900",Monogenic diabetes|not provided,germline,germline,GRCh38,NC_000007.14,7,44146466,44146466,na,na,7p13,reviewed by expert panel,3,-,N,ClinGen:CA16609267,2,393450,44146466,T,C,-,-,-,-,-,-,SCV004697915,-,-
380270,single nucleotide variant,NM_000162.5(GCK):c.748C>T (p.Arg250Cys),2645,GCK,HGNC:4195,Pathogenic,1,"Oct 25, 2023",1057524904,-,RCV000445484|RCV000517148|RCV000754803|RCV002393068|RCV004751527|RCV005044651,"MONDO:MONDO:0015967,MedGen:C3888631,Orphanet:183625|MedGen:C3661900|MONDO:MONDO:0007453,MedGen:C0342277,OMIM:125851,Orphanet:552|Human Phenotype Ontology:HP:0004904,MONDO:MONDO:0018911,MedGen:C0342276,OMIM:PS125850,Orphanet:552||Human Phenotype Ontology:HP:0005965,Human Phenotype Ontology:HP:0005978,Human Phenotype Ontology:HP:0100652,MONDO:MONDO:0005148,MeSH:D003924,MedGen:C0011860,OMIM:125853;MONDO:MONDO:0100165,MedGen:C5393570,OMIM:606176;MONDO:MONDO:0011236,MedGen:C1865290,OMIM:602485,Orphanet:79299;MONDO:MONDO:0007453,MedGen:C0342277,OMIM:125851,Orphanet:552",Monogenic diabetes|not provided|Maturity-onset diabetes of the young type 2|Maturity-onset diabetes of the young|GCK-related disorder|Type 2 diabetes mellitus;Permanent neonatal diabetes mellitus 1;Hyperinsulinism due to glucokinase deficiency;Maturity-onset diabetes of the young type 2,germline;unknown,germline,GRCh37,NC_000007.13,7,44187364,44187364,na,na,7p13,reviewed by expert panel,12,-,N,ClinGen:CA16609268,2,393451,44187364,G,A,-,-,-,-,-,-,SCV004102851,-,-
380270,single nucleotide variant,NM_000162.5(GCK):c.748C>T (p.Arg250Cys),2645,GCK,HGNC:4195,Pathogenic,1,"Oct 25, 2023",1057524904,-,RCV000445484|RCV000517148|RCV000754803|RCV002393068|RCV004751527|RCV005044651,"MONDO:MONDO:0015967,MedGen:C3888631,Orphanet:183625|MedGen:C3661900|MONDO:MONDO:0007453,MedGen:C0342277,OMIM:125851,Orphanet:552|Human Phenotype Ontology:HP:0004904,MONDO:MONDO:0018911,MedGen:C0342276,OMIM:PS125850,Orphanet:552||Human Phenotype Ontology:HP:0005965,Human Phenotype Ontology:HP:0005978,Human Phenotype Ontology:HP:0100652,MONDO:MONDO:0005148,MeSH:D003924,MedGen:C0011860,OMIM:125853;MONDO:MONDO:0100165,MedGen:C5393570,OMIM:606176;MONDO:MONDO:0011236,MedGen:C1865290,OMIM:602485,Orphanet:79299;MONDO:MONDO:0007453,MedGen:C0342277,OMIM:125851,Orphanet:552",Monogenic diabetes|not provided|Maturity-onset diabetes of the young type 2|Maturity-onset diabetes of the young|GCK-related disorder|Type 2 diabetes mellitus;Permanent neonatal diabetes mellitus 1;Hyperinsulinism due to glucokinase deficiency;Maturity-onset diabetes of the young type 2,germline;unknown,germline,GRCh38,NC_000007.14,7,44147765,44147765,na,na,7p13,reviewed by expert panel,12,-,N,ClinGen:CA16609268,2,393451,44147765,G,A,-,-,-,-,-,-,SCV004102851,-,-
380271,single nucleotide variant,NM_000162.5(GCK):c.680-1G>A,2645,GCK,HGNC:4195,Pathogenic/Likely pathogenic,1,"Oct 22, 2019",1057524905,-,RCV000445383|RCV000754801|RCV001289442|RCV002319498,"MONDO:MONDO:0015967,MedGen:C3888631,Orphanet:183625|MONDO:MONDO:0007453,MedGen:C0342277,OMIM:125851,Orphanet:552|MedGen:C3661900|Human Phenotype Ontology:HP:0004904,MONDO:MONDO:0018911,MedGen:C0342276,OMIM:PS125850,Orphanet:552",Monogenic diabetes|Maturity-onset diabetes of the young type 2|not provided|Maturity-onset diabetes of the young,inherited;unknown,germline,GRCh37,NC_000007.13,7,44187433,44187433,na,na,7p13,"criteria provided, multiple submitters, no conflicts",3,-,N,ClinGen:CA16609269,2,393452,44187433,C,T,-,-,-,-,-,-,SCV000537122|SCV000882450|SCV001477260|SCV002604930,-,-
380271,single nucleotide variant,NM_000162.5(GCK):c.680-1G>A,2645,GCK,HGNC:4195,Pathogenic/Likely pathogenic,1,"Oct 22, 2019",1057524905,-,RCV000445383|RCV000754801|RCV001289442|RCV002319498,"MONDO:MONDO:0015967,MedGen:C3888631,Orphanet:183625|MONDO:MONDO:0007453,MedGen:C0342277,OMIM:125851,Orphanet:552|MedGen:C3661900|Human Phenotype Ontology:HP:0004904,MONDO:MONDO:0018911,MedGen:C0342276,OMIM:PS125850,Orphanet:552",Monogenic diabetes|Maturity-onset diabetes of the young type 2|not provided|Maturity-onset diabetes of the young,inherited;unknown,germline,GRCh38,NC_000007.14,7,44147834,44147834,na,na,7p13,"criteria provided, multiple submitters, no conflicts",3,-,N,ClinGen:CA16609269,2,393452,44147834,C,T,-,-,-,-,-,-,SCV000537122|SCV000882450|SCV001477260|SCV002604930,-,-
380272,single nucleotide variant,NM_000162.5(GCK):c.128G>A (p.Arg43His),2645,GCK,HGNC:4195,Pathogenic,1,"Aug 25, 2023",764232985,-,RCV000445457|RCV000711763|RCV002285330|RCV002379402|RCV003418141,"MONDO:MONDO:0015967,MedGen:C3888631,Orphanet:183625|MedGen:C3661900|MONDO:MONDO:0007453,MedGen:C0342277,OMIM:125851,Orphanet:552|Human Phenotype Ontology:HP:0004904,MONDO:MONDO:0018911,MedGen:C0342276,OMIM:PS125850,Orphanet:552|",Monogenic diabetes|not provided|Maturity-onset diabetes of the young type 2|Maturity-onset diabetes of the young|GCK-related disorder,germline;unknown,germline,GRCh37,NC_000007.13,7,44192980,44192980,na,na,7p13,reviewed by expert panel,11,-,N,ClinGen:CA4239718,2,393453,44192980,C,T,-,-,-,-,-,-,SCV004032099,-,-
380272,single nucleotide variant,NM_000162.5(GCK):c.128G>A (p.Arg43His),2645,GCK,HGNC:4195,Pathogenic,1,"Aug 25, 2023",764232985,-,RCV000445457|RCV000711763|RCV002285330|RCV002379402|RCV003418141,"MONDO:MONDO:0015967,MedGen:C3888631,Orphanet:183625|MedGen:C3661900|MONDO:MONDO:0007453,MedGen:C0342277,OMIM:125851,Orphanet:552|Human Phenotype Ontology:HP:0004904,MONDO:MONDO:0018911,MedGen:C0342276,OMIM:PS125850,Orphanet:552|",Monogenic diabetes|not provided|Maturity-onset diabetes of the young type 2|Maturity-onset diabetes of the young|GCK-related disorder,germline;unknown,germline,GRCh38,NC_000007.14,7,44153381,44153381,na,na,7p13,reviewed by expert panel,11,-,N,ClinGen:CA4239718,2,393453,44153381,C,T,-,-,-,-,-,-,SCV004032099,-,-
380273,single nucleotide variant,NM_000162.5(GCK):c.122T>C (p.Met41Thr),2645,GCK,HGNC:4195,Conflicting classifications of pathogenicity,1,"Oct 24, 2025",1057524906,-,RCV000445500|RCV000992041,"MONDO:MONDO:0015967,MedGen:C3888631,Orphanet:183625|MedGen:C3661900",Monogenic diabetes|not provided,germline,germline,GRCh37,NC_000007.13,7,44192986,44192986,na,na,7p13,"criteria provided, conflicting classifications",3,-,N,ClinGen:CA16609270,2,393454,44192986,A,G,-,-,-,-,-,-,SCV000537124|SCV001144005|SCV004039576,-,-
380273,single nucleotide variant,NM_000162.5(GCK):c.122T>C (p.Met41Thr),2645,GCK,HGNC:4195,Conflicting classifications of pathogenicity,1,"Oct 24, 2025",1057524906,-,RCV000445500|RCV000992041,"MONDO:MONDO:0015967,MedGen:C3888631,Orphanet:183625|MedGen:C3661900",Monogenic diabetes|not provided,germline,germline,GRCh38,NC_000007.14,7,44153387,44153387,na,na,7p13,"criteria provided, conflicting classifications",3,-,N,ClinGen:CA16609270,2,393454,44153387,A,G,-,-,-,-,-,-,SCV000537124|SCV001144005|SCV004039576,-,-
407139,Deletion,NM_000162.5(GCK):c.1339del (p.Arg447fs),2645,GCK,HGNC:4195,Pathogenic,1,"Sep 01, 2023",1064795242,-,RCV000481054|RCV003325957,"MedGen:CN517202|MONDO:MONDO:0015967,MedGen:C3888631,Orphanet:183625",not provided|Monogenic diabetes,germline,germline,GRCh37,NC_000007.13,7,44184794,44184794,na,na,7p13,reviewed by expert panel,2,-,N,ClinGen:CA16618465,2,421604,44184793,CG,C,-,-,-,-,-,-,SCV004032111,-,-
407139,Deletion,NM_000162.5(GCK):c.1339del (p.Arg447fs),2645,GCK,HGNC:4195,Pathogenic,1,"Sep 01, 2023",1064795242,-,RCV000481054|RCV003325957,"MedGen:CN517202|MONDO:MONDO:0015967,MedGen:C3888631,Orphanet:183625",not provided|Monogenic diabetes,germline,germline,GRCh38,NC_000007.14,7,44145195,44145195,na,na,7p13,reviewed by expert panel,2,-,N,ClinGen:CA16618465,2,421604,44145194,CG,C,-,-,-,-,-,-,SCV004032111,-,-
407140,single nucleotide variant,NM_000162.5(GCK):c.1087G>A (p.Asp363Asn),2645,GCK,HGNC:4195,Likely pathogenic,1,"Jan 22, 2024",1064793134,-,RCV000479890|RCV002431386|RCV003493592,"MedGen:C3661900|Human Phenotype Ontology:HP:0004904,MONDO:MONDO:0018911,MedGen:C0342276,OMIM:PS125850,Orphanet:552|MONDO:MONDO:0015967,MedGen:C3888631,Orphanet:183625",not provided|Maturity-onset diabetes of the young|Monogenic diabetes,germline;unknown,germline,GRCh37,NC_000007.13,7,44185262,44185262,na,na,7p13,reviewed by expert panel,6,-,N,ClinGen:CA16618466,2,418228,44185262,C,T,-,-,-,-,-,-,SCV004242346,-,-
407140,single nucleotide variant,NM_000162.5(GCK):c.1087G>A (p.Asp363Asn),2645,GCK,HGNC:4195,Likely pathogenic,1,"Jan 22, 2024",1064793134,-,RCV000479890|RCV002431386|RCV003493592,"MedGen:C3661900|Human Phenotype Ontology:HP:0004904,MONDO:MONDO:0018911,MedGen:C0342276,OMIM:PS125850,Orphanet:552|MONDO:MONDO:0015967,MedGen:C3888631,Orphanet:183625",not provided|Maturity-onset diabetes of the young|Monogenic diabetes,germline;unknown,germline,GRCh38,NC_000007.14,7,44145663,44145663,na,na,7p13,reviewed by expert panel,6,-,N,ClinGen:CA16618466,2,418228,44145663,C,T,-,-,-,-,-,-,SCV004242346,-,-
407141,single nucleotide variant,NM_000162.5(GCK):c.871A>G (p.Lys291Glu),2645,GCK,HGNC:4195,Conflicting classifications of pathogenicity,1,"Aug 07, 2021",193922335,-,RCV000485201,MedGen:C3661900,not provided,germline,germline,GRCh37,NC_000007.13,7,44186210,44186210,na,na,7p13,"criteria provided, conflicting classifications",3,-,N,ClinGen:CA16618467,2,418227,44186210,T,C,-,-,-,-,-,-,SCV000565031|SCV002293985,-,-
407141,single nucleotide variant,NM_000162.5(GCK):c.871A>G (p.Lys291Glu),2645,GCK,HGNC:4195,Conflicting classifications of pathogenicity,1,"Aug 07, 2021",193922335,-,RCV000485201,MedGen:C3661900,not provided,germline,germline,GRCh38,NC_000007.14,7,44146611,44146611,na,na,7p13,"criteria provided, conflicting classifications",3,-,N,ClinGen:CA16618467,2,418227,44146611,T,C,-,-,-,-,-,-,SCV000565031|SCV002293985,-,-
407142,single nucleotide variant,NM_000162.5(GCK):c.766G>C (p.Glu256Gln),2645,GCK,HGNC:4195,Likely pathogenic,1,"Feb 07, 2025",769268803,-,RCV000485821,MedGen:C3661900,not provided,germline,germline,GRCh37,NC_000007.13,7,44187346,44187346,na,na,7p13,"criteria provided, multiple submitters, no conflicts",2,-,N,ClinGen:CA16618468,2,421063,44187346,C,G,-,-,-,-,-,-,SCV000570149|SCV004565146,-,-
407142,single nucleotide variant,NM_000162.5(GCK):c.766G>C (p.Glu256Gln),2645,GCK,HGNC:4195,Likely pathogenic,1,"Feb 07, 2025",769268803,-,RCV000485821,MedGen:C3661900,not provided,germline,germline,GRCh38,NC_000007.14,7,44147747,44147747,na,na,7p13,"criteria provided, multiple submitters, no conflicts",2,-,N,ClinGen:CA16618468,2,421063,44147747,C,G,-,-,-,-,-,-,SCV000570149|SCV004565146,-,-
407143,single nucleotide variant,NM_000162.5(GCK):c.757G>A (p.Val253Ile),2645,GCK,HGNC:4195,Conflicting classifications of pathogenicity,1,"Apr 11, 2025",748964205,-,RCV000482178,MedGen:C3661900,not provided,germline,germline,GRCh37,NC_000007.13,7,44187355,44187355,na,na,7p13,"criteria provided, conflicting classifications",2,-,N,ClinGen:CA4239529,2,418226,44187355,C,T,-,-,-,-,-,-,SCV000565030|SCV002296480,-,-
407143,single nucleotide variant,NM_000162.5(GCK):c.757G>A (p.Val253Ile),2645,GCK,HGNC:4195,Conflicting classifications of pathogenicity,1,"Apr 11, 2025",748964205,-,RCV000482178,MedGen:C3661900,not provided,germline,germline,GRCh38,NC_000007.14,7,44147756,44147756,na,na,7p13,"criteria provided, conflicting classifications",2,-,N,ClinGen:CA4239529,2,418226,44147756,C,T,-,-,-,-,-,-,SCV000565030|SCV002296480,-,-
407144,Duplication,NM_000162.5(GCK):c.435_436dup (p.Leu146fs),2645,GCK,HGNC:4195,Pathogenic,1,"Nov 10, 2015",1064793428,-,RCV000484370,MedGen:CN517202,not provided,germline,germline,GRCh37,NC_000007.13,7,44190601,44190602,na,na,7p13,"criteria provided, single submitter",1,-,N,ClinGen:CA16618469,2,418780,44190601,A,AGG,-,-,-,-,-,-,SCV000566101,-,-
407144,Duplication,NM_000162.5(GCK):c.435_436dup (p.Leu146fs),2645,GCK,HGNC:4195,Pathogenic,1,"Nov 10, 2015",1064793428,-,RCV000484370,MedGen:CN517202,not provided,germline,germline,GRCh38,NC_000007.14,7,44151002,44151003,na,na,7p13,"criteria provided, single submitter",1,-,N,ClinGen:CA16618469,2,418780,44151002,A,AGG,-,-,-,-,-,-,SCV000566101,-,-
407145,Deletion,NM_000162.5(GCK):c.431del (p.Leu144fs),2645,GCK,HGNC:4195,Pathogenic/Likely pathogenic,1,"Feb 09, 2017",1064796410,-,RCV000479670|RCV002464015,"MedGen:C3661900|Human Phenotype Ontology:HP:0004904,MONDO:MONDO:0018911,MedGen:C0342276,OMIM:PS125850,Orphanet:552",not provided|Maturity-onset diabetes of the young,germline;unknown,germline,GRCh37,NC_000007.13,7,44190607,44190607,na,na,7p13,"criteria provided, multiple submitters, no conflicts",2,-,N,ClinGen:CA16618470,2,423412,44190606,CA,C,-,-,-,-,-,-,SCV000573110|SCV002605285,-,-
407145,Deletion,NM_000162.5(GCK):c.431del (p.Leu144fs),2645,GCK,HGNC:4195,Pathogenic/Likely pathogenic,1,"Feb 09, 2017",1064796410,-,RCV000479670|RCV002464015,"MedGen:C3661900|Human Phenotype Ontology:HP:0004904,MONDO:MONDO:0018911,MedGen:C0342276,OMIM:PS125850,Orphanet:552",not provided|Maturity-onset diabetes of the young,germline;unknown,germline,GRCh38,NC_000007.14,7,44151008,44151008,na,na,7p13,"criteria provided, multiple submitters, no conflicts",2,-,N,ClinGen:CA16618470,2,423412,44151007,CA,C,-,-,-,-,-,-,SCV000573110|SCV002605285,-,-
407146,single nucleotide variant,NM_000162.5(GCK):c.355G>A (p.Ala119Thr),2645,GCK,HGNC:4195,Uncertain significance/Uncertain risk allele,0,"Jun 25, 2023",1064796698,-,RCV000479911|RCV002464016,"MedGen:C3661900|Human Phenotype Ontology:HP:0004904,MONDO:MONDO:0018911,MedGen:C0342276,OMIM:PS125850,Orphanet:552",not provided|Maturity-onset diabetes of the young,germline;unknown,germline,GRCh37,NC_000007.13,7,44191878,44191878,na,na,7p13,"criteria provided, multiple submitters, no conflicts",3,-,N,ClinGen:CA16618471,2,423914,44191878,C,T,-,-,-,-,-,-,SCV000573671|SCV002605305|SCV004285360,-,-
407146,single nucleotide variant,NM_000162.5(GCK):c.355G>A (p.Ala119Thr),2645,GCK,HGNC:4195,Uncertain significance/Uncertain risk allele,0,"Jun 25, 2023",1064796698,-,RCV000479911|RCV002464016,"MedGen:C3661900|Human Phenotype Ontology:HP:0004904,MONDO:MONDO:0018911,MedGen:C0342276,OMIM:PS125850,Orphanet:552",not provided|Maturity-onset diabetes of the young,germline;unknown,germline,GRCh38,NC_000007.14,7,44152279,44152279,na,na,7p13,"criteria provided, multiple submitters, no conflicts",3,-,N,ClinGen:CA16618471,2,423914,44152279,C,T,-,-,-,-,-,-,SCV000573671|SCV002605305|SCV004285360,-,-
407147,single nucleotide variant,NM_000162.5(GCK):c.184G>A (p.Val62Met),2645,GCK,HGNC:4195,Pathogenic,1,"Aug 25, 2023",1064793998,-,RCV000481874|RCV000754817|RCV003325956|RCV005034013,"MedGen:C3661900|MONDO:MONDO:0007453,MedGen:C0342277,OMIM:125851,Orphanet:552|MONDO:MONDO:0015967,MedGen:C3888631,Orphanet:183625|Human Phenotype Ontology:HP:0005965,Human Phenotype Ontology:HP:0005978,Human Phenotype Ontology:HP:0100652,MONDO:MONDO:0005148,MeSH:D003924,MedGen:C0011860,OMIM:125853;MONDO:MONDO:0100165,MedGen:C5393570,OMIM:606176;MONDO:MONDO:0011236,MedGen:C1865290,OMIM:602485,Orphanet:79299;MONDO:MONDO:0007453,MedGen:C0342277,OMIM:125851,Orphanet:552",not provided|Maturity-onset diabetes of the young type 2|Monogenic diabetes|Type 2 diabetes mellitus;Permanent neonatal diabetes mellitus 1;Hyperinsulinism due to glucokinase deficiency;Maturity-onset diabetes of the young type 2,germline;unknown,germline,GRCh37,NC_000007.13,7,44192924,44192924,na,na,7p13,reviewed by expert panel,7,-,N,ClinGen:CA16618472,2,419624,44192924,C,T,-,-,-,-,-,-,SCV004032100,-,-
407147,single nucleotide variant,NM_000162.5(GCK):c.184G>A (p.Val62Met),2645,GCK,HGNC:4195,Pathogenic,1,"Aug 25, 2023",1064793998,-,RCV000481874|RCV000754817|RCV003325956|RCV005034013,"MedGen:C3661900|MONDO:MONDO:0007453,MedGen:C0342277,OMIM:125851,Orphanet:552|MONDO:MONDO:0015967,MedGen:C3888631,Orphanet:183625|Human Phenotype Ontology:HP:0005965,Human Phenotype Ontology:HP:0005978,Human Phenotype Ontology:HP:0100652,MONDO:MONDO:0005148,MeSH:D003924,MedGen:C0011860,OMIM:125853;MONDO:MONDO:0100165,MedGen:C5393570,OMIM:606176;MONDO:MONDO:0011236,MedGen:C1865290,OMIM:602485,Orphanet:79299;MONDO:MONDO:0007453,MedGen:C0342277,OMIM:125851,Orphanet:552",not provided|Maturity-onset diabetes of the young type 2|Monogenic diabetes|Type 2 diabetes mellitus;Permanent neonatal diabetes mellitus 1;Hyperinsulinism due to glucokinase deficiency;Maturity-onset diabetes of the young type 2,germline;unknown,germline,GRCh38,NC_000007.14,7,44153325,44153325,na,na,7p13,reviewed by expert panel,7,-,N,ClinGen:CA16618472,2,419624,44153325,C,T,-,-,-,-,-,-,SCV004032100,-,-
407148,single nucleotide variant,NM_000162.5(GCK):c.171G>A (p.Met57Ile),2645,GCK,HGNC:4195,Pathogenic,1,"Feb 28, 2025",1057520109,-,RCV000479407|RCV002402377|RCV004689754,"MedGen:C3661900|Human Phenotype Ontology:HP:0004904,MONDO:MONDO:0018911,MedGen:C0342276,OMIM:PS125850,Orphanet:552|MONDO:MONDO:0015967,MedGen:C3888631,Orphanet:183625",not provided|Maturity-onset diabetes of the young|Monogenic diabetes,germline;unknown,germline,GRCh37,NC_000007.13,7,44192937,44192937,na,na,7p13,reviewed by expert panel,5,-,N,ClinGen:CA16618473,2,418225,44192937,C,T,-,-,-,-,-,-,SCV005880135,-,-
407148,single nucleotide variant,NM_000162.5(GCK):c.171G>A (p.Met57Ile),2645,GCK,HGNC:4195,Pathogenic,1,"Feb 28, 2025",1057520109,-,RCV000479407|RCV002402377|RCV004689754,"MedGen:C3661900|Human Phenotype Ontology:HP:0004904,MONDO:MONDO:0018911,MedGen:C0342276,OMIM:PS125850,Orphanet:552|MONDO:MONDO:0015967,MedGen:C3888631,Orphanet:183625",not provided|Maturity-onset diabetes of the young|Monogenic diabetes,germline;unknown,germline,GRCh38,NC_000007.14,7,44153338,44153338,na,na,7p13,reviewed by expert panel,5,-,N,ClinGen:CA16618473,2,418225,44153338,C,T,-,-,-,-,-,-,SCV005880135,-,-
407149,single nucleotide variant,NM_000162.5(GCK):c.137G>T (p.Arg46Met),2645,GCK,HGNC:4195,Conflicting classifications of pathogenicity,1,"Nov 14, 2024",1064796993,-,RCV000479996|RCV002285338,"MedGen:C3661900|MONDO:MONDO:0007453,MedGen:C0342277,OMIM:125851,Orphanet:552",not provided|Maturity-onset diabetes of the young type 2,germline,germline,GRCh37,NC_000007.13,7,44192971,44192971,na,na,7p13,"criteria provided, conflicting classifications",2,-,N,ClinGen:CA16618474,2,424481,44192971,C,A,-,-,-,-,-,-,SCV000574295|SCV002562162,-,-
407149,single nucleotide variant,NM_000162.5(GCK):c.137G>T (p.Arg46Met),2645,GCK,HGNC:4195,Conflicting classifications of pathogenicity,1,"Nov 14, 2024",1064796993,-,RCV000479996|RCV002285338,"MedGen:C3661900|MONDO:MONDO:0007453,MedGen:C0342277,OMIM:125851,Orphanet:552",not provided|Maturity-onset diabetes of the young type 2,germline,germline,GRCh38,NC_000007.14,7,44153372,44153372,na,na,7p13,"criteria provided, conflicting classifications",2,-,N,ClinGen:CA16618474,2,424481,44153372,C,A,-,-,-,-,-,-,SCV000574295|SCV002562162,-,-
407150,single nucleotide variant,NM_000162.5(GCK):c.113A>C (p.Gln38Pro),2645,GCK,HGNC:4195,Pathogenic,1,"Mar 19, 2024",1064794268,-,RCV000480480|RCV000754804|RCV001731711,"MedGen:C3661900|MONDO:MONDO:0007453,MedGen:C0342277,OMIM:125851,Orphanet:552|MONDO:MONDO:0015967,MedGen:C3888631,Orphanet:183625",not provided|Maturity-onset diabetes of the young type 2|Monogenic diabetes,germline,germline,GRCh37,NC_000007.13,7,44192995,44192995,na,na,7p13,reviewed by expert panel,5,-,N,ClinGen:CA16618475,2,420070,44192995,T,G,-,-,-,-,-,-,SCV004242361,-,-
407150,single nucleotide variant,NM_000162.5(GCK):c.113A>C (p.Gln38Pro),2645,GCK,HGNC:4195,Pathogenic,1,"Mar 19, 2024",1064794268,-,RCV000480480|RCV000754804|RCV001731711,"MedGen:C3661900|MONDO:MONDO:0007453,MedGen:C0342277,OMIM:125851,Orphanet:552|MONDO:MONDO:0015967,MedGen:C3888631,Orphanet:183625",not provided|Maturity-onset diabetes of the young type 2|Monogenic diabetes,germline,germline,GRCh38,NC_000007.14,7,44153396,44153396,na,na,7p13,reviewed by expert panel,5,-,N,ClinGen:CA16618475,2,420070,44153396,T,G,-,-,-,-,-,-,SCV004242361,-,-
415104,single nucleotide variant,NM_000162.5(GCK):c.571C>T (p.Arg191Trp),2645,GCK,HGNC:4195,Pathogenic,1,"Jul 23, 2023",1085307455,-,RCV000490143|RCV000754816|RCV002350083|RCV002496884|RCV003318499|RCV004751564,"MedGen:C3661900|MONDO:MONDO:0007453,MedGen:C0342277,OMIM:125851,Orphanet:552|Human Phenotype Ontology:HP:0004904,MONDO:MONDO:0018911,MedGen:C0342276,OMIM:PS125850,Orphanet:552|Human Phenotype Ontology:HP:0005965,Human Phenotype Ontology:HP:0005978,Human Phenotype Ontology:HP:0100652,MONDO:MONDO:0005148,MeSH:D003924,MedGen:C0011860,OMIM:125853;MONDO:MONDO:0100165,MedGen:C5393570,OMIM:606176;MONDO:MONDO:0011236,MedGen:C1865290,OMIM:602485,Orphanet:79299;MONDO:MONDO:0007453,MedGen:C0342277,OMIM:125851,Orphanet:552|MONDO:MONDO:0015967,MedGen:C3888631,Orphanet:183625|",not provided|Maturity-onset diabetes of the young type 2|Maturity-onset diabetes of the young|Type 2 diabetes mellitus;Permanent neonatal diabetes mellitus 1;Hyperinsulinism due to glucokinase deficiency;Maturity-onset diabetes of the young type 2|Monogenic diabetes|GCK-related disorder,germline;unknown,germline,GRCh37,NC_000007.13,7,44189576,44189576,na,na,7p13,reviewed by expert panel,14,-,N,ClinGen:CA367401530,2,426122,44189576,G,A,-,-,-,-,-,-,SCV004022332,-,-
415104,single nucleotide variant,NM_000162.5(GCK):c.571C>T (p.Arg191Trp),2645,GCK,HGNC:4195,Pathogenic,1,"Jul 23, 2023",1085307455,-,RCV000490143|RCV000754816|RCV002350083|RCV002496884|RCV003318499|RCV004751564,"MedGen:C3661900|MONDO:MONDO:0007453,MedGen:C0342277,OMIM:125851,Orphanet:552|Human Phenotype Ontology:HP:0004904,MONDO:MONDO:0018911,MedGen:C0342276,OMIM:PS125850,Orphanet:552|Human Phenotype Ontology:HP:0005965,Human Phenotype Ontology:HP:0005978,Human Phenotype Ontology:HP:0100652,MONDO:MONDO:0005148,MeSH:D003924,MedGen:C0011860,OMIM:125853;MONDO:MONDO:0100165,MedGen:C5393570,OMIM:606176;MONDO:MONDO:0011236,MedGen:C1865290,OMIM:602485,Orphanet:79299;MONDO:MONDO:0007453,MedGen:C0342277,OMIM:125851,Orphanet:552|MONDO:MONDO:0015967,MedGen:C3888631,Orphanet:183625|",not provided|Maturity-onset diabetes of the young type 2|Maturity-onset diabetes of the young|Type 2 diabetes mellitus;Permanent neonatal diabetes mellitus 1;Hyperinsulinism due to glucokinase deficiency;Maturity-onset diabetes of the young type 2|Monogenic diabetes|GCK-related disorder,germline;unknown,germline,GRCh38,NC_000007.14,7,44149977,44149977,na,na,7p13,reviewed by expert panel,14,-,N,ClinGen:CA367401530,2,426122,44149977,G,A,-,-,-,-,-,-,SCV004022332,-,-
421632,single nucleotide variant,NM_000162.5(GCK):c.1340G>A (p.Arg447Gln),2645,GCK,HGNC:4195,Pathogenic/Likely pathogenic,1,"Jul 20, 2025",1131691416,-,RCV000494422|RCV001290675|RCV002489206,"MedGen:C3661900|MONDO:MONDO:0007453,MedGen:C0342277,OMIM:125851,Orphanet:552|Human Phenotype Ontology:HP:0005965,Human Phenotype Ontology:HP:0005978,Human Phenotype Ontology:HP:0100652,MONDO:MONDO:0005148,MeSH:D003924,MedGen:C0011860,OMIM:125853;MONDO:MONDO:0100165,MedGen:C5393570,OMIM:606176;MONDO:MONDO:0011236,MedGen:C1865290,OMIM:602485,Orphanet:79299;MONDO:MONDO:0007453,MedGen:C0342277,OMIM:125851,Orphanet:552",not provided|Maturity-onset diabetes of the young type 2|Type 2 diabetes mellitus;Permanent neonatal diabetes mellitus 1;Hyperinsulinism due to glucokinase deficiency;Maturity-onset diabetes of the young type 2,germline;unknown,germline,GRCh37,NC_000007.13,7,44184793,44184793,na,na,7p13,"criteria provided, multiple submitters, no conflicts",7,-,N,ClinGen:CA367396940,2,429500,44184793,C,T,-,-,-,-,-,-,SCV000582084|SCV001478807|SCV002069076|SCV002771531|SCV002802917|SCV004295121|SCV005418020,-,-
421632,single nucleotide variant,NM_000162.5(GCK):c.1340G>A (p.Arg447Gln),2645,GCK,HGNC:4195,Pathogenic/Likely pathogenic,1,"Jul 20, 2025",1131691416,-,RCV000494422|RCV001290675|RCV002489206,"MedGen:C3661900|MONDO:MONDO:0007453,MedGen:C0342277,OMIM:125851,Orphanet:552|Human Phenotype Ontology:HP:0005965,Human Phenotype Ontology:HP:0005978,Human Phenotype Ontology:HP:0100652,MONDO:MONDO:0005148,MeSH:D003924,MedGen:C0011860,OMIM:125853;MONDO:MONDO:0100165,MedGen:C5393570,OMIM:606176;MONDO:MONDO:0011236,MedGen:C1865290,OMIM:602485,Orphanet:79299;MONDO:MONDO:0007453,MedGen:C0342277,OMIM:125851,Orphanet:552",not provided|Maturity-onset diabetes of the young type 2|Type 2 diabetes mellitus;Permanent neonatal diabetes mellitus 1;Hyperinsulinism due to glucokinase deficiency;Maturity-onset diabetes of the young type 2,germline;unknown,germline,GRCh38,NC_000007.14,7,44145194,44145194,na,na,7p13,"criteria provided, multiple submitters, no conflicts",7,-,N,ClinGen:CA367396940,2,429500,44145194,C,T,-,-,-,-,-,-,SCV000582084|SCV001478807|SCV002069076|SCV002771531|SCV002802917|SCV004295121|SCV005418020,-,-
421633,Deletion,NM_000162.5(GCK):c.1130_1138del (p.Arg377_Ala379del),2645,GCK,HGNC:4195,Uncertain significance,1,"Feb 02, 2024",1131691505,-,RCV000493930|RCV000503344|RCV002463683|RCV003493603,"MedGen:C3661900|MedGen:CN169374|Human Phenotype Ontology:HP:0004904,MONDO:MONDO:0018911,MedGen:C0342276,OMIM:PS125850,Orphanet:552|MONDO:MONDO:0015967,MedGen:C3888631,Orphanet:183625",not provided|not specified|Maturity-onset diabetes of the young|Monogenic diabetes,germline;unknown,germline,GRCh37,NC_000007.13,7,44185211,44185219,na,na,7p13,reviewed by expert panel,4,-,N,ClinGen:CA645369436,2,429640,44185210,TGCGCAGCGC,T,-,-,-,-,-,-,SCV004242355,-,-
421633,Deletion,NM_000162.5(GCK):c.1130_1138del (p.Arg377_Ala379del),2645,GCK,HGNC:4195,Uncertain significance,1,"Feb 02, 2024",1131691505,-,RCV000493930|RCV000503344|RCV002463683|RCV003493603,"MedGen:C3661900|MedGen:CN169374|Human Phenotype Ontology:HP:0004904,MONDO:MONDO:0018911,MedGen:C0342276,OMIM:PS125850,Orphanet:552|MONDO:MONDO:0015967,MedGen:C3888631,Orphanet:183625",not provided|not specified|Maturity-onset diabetes of the young|Monogenic diabetes,germline;unknown,germline,GRCh38,NC_000007.14,7,44145612,44145620,na,na,7p13,reviewed by expert panel,4,-,N,ClinGen:CA645369436,2,429640,44145611,TGCGCAGCGC,T,-,-,-,-,-,-,SCV004242355,-,-
421634,single nucleotide variant,NM_000162.5(GCK):c.134T>C (p.Leu45Pro),2645,GCK,HGNC:4195,Conflicting classifications of pathogenicity,1,"Jun 24, 2025",1131691598,-,RCV000493595|RCV002465692|RCV005431706,"MedGen:C3661900|Human Phenotype Ontology:HP:0004904,MONDO:MONDO:0018911,MedGen:C0342276,OMIM:PS125850,Orphanet:552|MedGen:CN169374",not provided|Maturity-onset diabetes of the young|not specified,germline;unknown,germline,GRCh37,NC_000007.13,7,44192974,44192974,na,na,7p13,"criteria provided, conflicting classifications",5,-,N,ClinGen:CA367403437,2,429796,44192974,A,G,-,-,-,-,-,-,SCV000582452|SCV002272341|SCV002605384|SCV004810533|SCV006102817,-,-
421634,single nucleotide variant,NM_000162.5(GCK):c.134T>C (p.Leu45Pro),2645,GCK,HGNC:4195,Conflicting classifications of pathogenicity,1,"Jun 24, 2025",1131691598,-,RCV000493595|RCV002465692|RCV005431706,"MedGen:C3661900|Human Phenotype Ontology:HP:0004904,MONDO:MONDO:0018911,MedGen:C0342276,OMIM:PS125850,Orphanet:552|MedGen:CN169374",not provided|Maturity-onset diabetes of the young|not specified,germline;unknown,germline,GRCh38,NC_000007.14,7,44153375,44153375,na,na,7p13,"criteria provided, conflicting classifications",5,-,N,ClinGen:CA367403437,2,429796,44153375,A,G,-,-,-,-,-,-,SCV000582452|SCV002272341|SCV002605384|SCV004810533|SCV006102817,-,-
421635,single nucleotide variant,NM_000162.5(GCK):c.25G>T (p.Glu9Ter),2645,GCK,HGNC:4195,Pathogenic/Likely pathogenic,1,"Oct 15, 2015",1131691483,-,RCV000494362|RCV002463682,"MedGen:C3661900|Human Phenotype Ontology:HP:0004904,MONDO:MONDO:0018911,MedGen:C0342276,OMIM:PS125850,Orphanet:552",not provided|Maturity-onset diabetes of the young,germline;unknown,germline,GRCh37,NC_000007.13,7,44228528,44228528,na,na,7p13,"criteria provided, multiple submitters, no conflicts",2,-,N,ClinGen:CA367358148,2,429601,44228528,C,A,-,-,-,-,-,-,SCV000582210|SCV002605190,-,-
421635,single nucleotide variant,NM_000162.5(GCK):c.25G>T (p.Glu9Ter),2645,GCK,HGNC:4195,Pathogenic/Likely pathogenic,1,"Oct 15, 2015",1131691483,-,RCV000494362|RCV002463682,"MedGen:C3661900|Human Phenotype Ontology:HP:0004904,MONDO:MONDO:0018911,MedGen:C0342276,OMIM:PS125850,Orphanet:552",not provided|Maturity-onset diabetes of the young,germline;unknown,germline,GRCh38,NC_000007.14,7,44188929,44188929,na,na,7p13,"criteria provided, multiple submitters, no conflicts",2,-,N,ClinGen:CA367358148,2,429601,44188929,C,A,-,-,-,-,-,-,SCV000582210|SCV002605190,-,-
425755,single nucleotide variant,NM_000162.5(GCK):c.824G>A (p.Arg275His),2645,GCK,HGNC:4195,Uncertain significance,0,"Nov 23, 2023",767565869,-,RCV000497703|RCV003479141|RCV003883150,"MedGen:C3661900|MedGen:CN169374|MONDO:MONDO:0015967,MedGen:C3888631,Orphanet:183625",not provided|not specified|Monogenic diabetes,germline,germline,GRCh37,NC_000007.13,7,44187288,44187288,na,na,7p13,reviewed by expert panel,3,-,N,ClinGen:CA4239518,2,432386,44187288,C,T,-,-,-,-,-,-,SCV004697900,-,-
425755,single nucleotide variant,NM_000162.5(GCK):c.824G>A (p.Arg275His),2645,GCK,HGNC:4195,Uncertain significance,0,"Nov 23, 2023",767565869,-,RCV000497703|RCV003479141|RCV003883150,"MedGen:C3661900|MedGen:CN169374|MONDO:MONDO:0015967,MedGen:C3888631,Orphanet:183625",not provided|not specified|Monogenic diabetes,germline,germline,GRCh38,NC_000007.14,7,44147689,44147689,na,na,7p13,reviewed by expert panel,3,-,N,ClinGen:CA4239518,2,432386,44147689,C,T,-,-,-,-,-,-,SCV004697900,-,-
425756,single nucleotide variant,NM_000162.5(GCK):c.580-13T>A,2645,GCK,HGNC:4195,Uncertain significance,0,"Nov 30, 2018",1386067636,-,RCV000497725,MedGen:CN517202,not provided,germline,germline,GRCh37,NC_000007.13,7,44189471,44189471,na,na,7p13,"criteria provided, single submitter",1,-,N,ClinGen:CA645372839,2,432969,44189471,A,T,-,-,-,-,-,-,SCV000590751,-,-
425756,single nucleotide variant,NM_000162.5(GCK):c.580-13T>A,2645,GCK,HGNC:4195,Uncertain significance,0,"Nov 30, 2018",1386067636,-,RCV000497725,MedGen:CN517202,not provided,germline,germline,GRCh38,NC_000007.14,7,44149872,44149872,na,na,7p13,"criteria provided, single submitter",1,-,N,ClinGen:CA645372839,2,432969,44149872,A,T,-,-,-,-,-,-,SCV000590751,-,-
425757,single nucleotide variant,NM_000162.5(GCK):c.566T>C (p.Ile189Thr),2645,GCK,HGNC:4195,Pathogenic,1,"May 08, 2023",1554335441,-,RCV000498428|RCV002285343|RCV002350106|RCV003228938|RCV003403149,"MedGen:C3661900|MONDO:MONDO:0007453,MedGen:C0342277,OMIM:125851,Orphanet:552|Human Phenotype Ontology:HP:0004904,MONDO:MONDO:0018911,MedGen:C0342276,OMIM:PS125850,Orphanet:552|MONDO:MONDO:0015967,MedGen:C3888631,Orphanet:183625|",not provided|Maturity-onset diabetes of the young type 2|Maturity-onset diabetes of the young|Monogenic diabetes|GCK-related disorder,germline;unknown,germline,GRCh37,NC_000007.13,7,44189581,44189581,na,na,7p13,reviewed by expert panel,7,-,N,ClinGen:CA367401550,2,431972,44189581,A,G,-,-,-,-,-,-,SCV003926585,-,-
425757,single nucleotide variant,NM_000162.5(GCK):c.566T>C (p.Ile189Thr),2645,GCK,HGNC:4195,Pathogenic,1,"May 08, 2023",1554335441,-,RCV000498428|RCV002285343|RCV002350106|RCV003228938|RCV003403149,"MedGen:C3661900|MONDO:MONDO:0007453,MedGen:C0342277,OMIM:125851,Orphanet:552|Human Phenotype Ontology:HP:0004904,MONDO:MONDO:0018911,MedGen:C0342276,OMIM:PS125850,Orphanet:552|MONDO:MONDO:0015967,MedGen:C3888631,Orphanet:183625|",not provided|Maturity-onset diabetes of the young type 2|Maturity-onset diabetes of the young|Monogenic diabetes|GCK-related disorder,germline;unknown,germline,GRCh38,NC_000007.14,7,44149982,44149982,na,na,7p13,reviewed by expert panel,7,-,N,ClinGen:CA367401550,2,431972,44149982,A,G,-,-,-,-,-,-,SCV003926585,-,-
425758,single nucleotide variant,NM_000162.5(GCK):c.106C>T (p.Arg36Trp),2645,GCK,HGNC:4195,Pathogenic,1,"Feb 11, 2026",762263694,-,RCV000497478|RCV000503648|RCV000788107|RCV003403150|RCV004751569,"MedGen:C3661900|MONDO:MONDO:0007453,MedGen:C0342277,OMIM:125851,Orphanet:552|Human Phenotype Ontology:HP:0004904,MONDO:MONDO:0018911,MedGen:C0342276,OMIM:PS125850,Orphanet:552|MONDO:MONDO:0015967,MedGen:C3888631,Orphanet:183625|",not provided|Maturity-onset diabetes of the young type 2|Maturity-onset diabetes of the young|Monogenic diabetes|GCK-related disorder,germline;unknown,germline,GRCh37,NC_000007.13,7,44193002,44193002,na,na,7p13,reviewed by expert panel,11,-,N,ClinGen:CA4239720,2,431973,44193002,G,A,-,-,-,-,-,-,SCV004102863,-,-
425758,single nucleotide variant,NM_000162.5(GCK):c.106C>T (p.Arg36Trp),2645,GCK,HGNC:4195,Pathogenic,1,"Feb 11, 2026",762263694,-,RCV000497478|RCV000503648|RCV000788107|RCV003403150|RCV004751569,"MedGen:C3661900|MONDO:MONDO:0007453,MedGen:C0342277,OMIM:125851,Orphanet:552|Human Phenotype Ontology:HP:0004904,MONDO:MONDO:0018911,MedGen:C0342276,OMIM:PS125850,Orphanet:552|MONDO:MONDO:0015967,MedGen:C3888631,Orphanet:183625|",not provided|Maturity-onset diabetes of the young type 2|Maturity-onset diabetes of the young|Monogenic diabetes|GCK-related disorder,germline;unknown,germline,GRCh38,NC_000007.14,7,44153403,44153403,na,na,7p13,reviewed by expert panel,11,-,N,ClinGen:CA4239720,2,431973,44153403,G,A,-,-,-,-,-,-,SCV004102863,-,-
425759,single nucleotide variant,NM_000162.5(GCK):c.45+3A>G,2645,GCK,HGNC:4195,Uncertain significance,0,"Feb 17, 2025",1554340088,-,RCV000497841|RCV002463685,"MedGen:C3661900|Human Phenotype Ontology:HP:0004904,MONDO:MONDO:0018911,MedGen:C0342276,OMIM:PS125850,Orphanet:552",not provided|Maturity-onset diabetes of the young,germline;unknown,germline,GRCh37,NC_000007.13,7,44228505,44228505,na,na,7p13,"criteria provided, multiple submitters, no conflicts",3,-,N,ClinGen:CA645372445,2,432488,44228505,T,C,-,-,-,-,-,-,SCV000590219|SCV002605183|SCV005762149,-,-
425759,single nucleotide variant,NM_000162.5(GCK):c.45+3A>G,2645,GCK,HGNC:4195,Uncertain significance,0,"Feb 17, 2025",1554340088,-,RCV000497841|RCV002463685,"MedGen:C3661900|Human Phenotype Ontology:HP:0004904,MONDO:MONDO:0018911,MedGen:C0342276,OMIM:PS125850,Orphanet:552",not provided|Maturity-onset diabetes of the young,germline;unknown,germline,GRCh38,NC_000007.14,7,44188906,44188906,na,na,7p13,"criteria provided, multiple submitters, no conflicts",3,-,N,ClinGen:CA645372445,2,432488,44188906,T,C,-,-,-,-,-,-,SCV000590219|SCV002605183|SCV005762149,-,-
428720,Microsatellite,NM_000162.5(GCK):c.1358CGG[3] (p.Ala454dup),2645,GCK,HGNC:4195,Conflicting classifications of pathogenicity,1,"Dec 27, 2016",1554334433,-,RCV000502957|RCV002287417,"MONDO:MONDO:0011236,MedGen:C1865290,OMIM:602485,Orphanet:79299|Human Phenotype Ontology:HP:0004904,MONDO:MONDO:0018911,MedGen:C0342276,OMIM:PS125850,Orphanet:552",Hyperinsulinism due to glucokinase deficiency|Maturity-onset diabetes of the young,germline;unknown,germline,GRCh37,NC_000007.13,7,44184769,44184770,na,na,7p13,"criteria provided, conflicting classifications",3,-,N,ClinGen:CA645372837,2,435297,44184769,A,ACCG,-,-,-,-,-,-,SCV000594945|SCV002577626|SCV007496066,-,-
428720,Microsatellite,NM_000162.5(GCK):c.1358CGG[3] (p.Ala454dup),2645,GCK,HGNC:4195,Conflicting classifications of pathogenicity,1,"Dec 27, 2016",1554334433,-,RCV000502957|RCV002287417,"MONDO:MONDO:0011236,MedGen:C1865290,OMIM:602485,Orphanet:79299|Human Phenotype Ontology:HP:0004904,MONDO:MONDO:0018911,MedGen:C0342276,OMIM:PS125850,Orphanet:552",Hyperinsulinism due to glucokinase deficiency|Maturity-onset diabetes of the young,germline;unknown,germline,GRCh38,NC_000007.14,7,44145170,44145171,na,na,7p13,"criteria provided, conflicting classifications",3,-,N,ClinGen:CA645372837,2,435297,44145170,A,ACCG,-,-,-,-,-,-,SCV000594945|SCV002577626|SCV007496066,-,-
428721,single nucleotide variant,NM_000162.5(GCK):c.1322C>T (p.Ser441Leu),2645,GCK,HGNC:4195,Uncertain significance,1,"Jun 25, 2023",1286804191,-,RCV000499850|RCV003313087|RCV003482262,"MONDO:MONDO:0007453,MedGen:C0342277,OMIM:125851,Orphanet:552|MONDO:MONDO:0015967,MedGen:C3888631,Orphanet:183625|MedGen:C3661900",Maturity-onset diabetes of the young type 2|Monogenic diabetes|not provided,germline;unknown,germline,GRCh37,NC_000007.13,7,44184811,44184811,na,na,7p13,reviewed by expert panel,6,-,N,ClinGen:CA367397015,2,435298,44184811,G,A,-,-,-,-,-,-,SCV004012135,-,-
428721,single nucleotide variant,NM_000162.5(GCK):c.1322C>T (p.Ser441Leu),2645,GCK,HGNC:4195,Uncertain significance,1,"Jun 25, 2023",1286804191,-,RCV000499850|RCV003313087|RCV003482262,"MONDO:MONDO:0007453,MedGen:C0342277,OMIM:125851,Orphanet:552|MONDO:MONDO:0015967,MedGen:C3888631,Orphanet:183625|MedGen:C3661900",Maturity-onset diabetes of the young type 2|Monogenic diabetes|not provided,germline;unknown,germline,GRCh38,NC_000007.14,7,44145212,44145212,na,na,7p13,reviewed by expert panel,6,-,N,ClinGen:CA367397015,2,435298,44145212,G,A,-,-,-,-,-,-,SCV004012135,-,-
428722,single nucleotide variant,NM_000162.5(GCK):c.1173C>A (p.Asn391Lys),2645,GCK,HGNC:4195,Likely pathogenic/Likely risk allele,1,"Feb 15, 2017",1554334579,-,RCV000502737|RCV002463691,"MONDO:MONDO:0007453,MedGen:C0342277,OMIM:125851,Orphanet:552|Human Phenotype Ontology:HP:0004904,MONDO:MONDO:0018911,MedGen:C0342276,OMIM:PS125850,Orphanet:552",Maturity-onset diabetes of the young type 2|Maturity-onset diabetes of the young,germline;unknown,germline,GRCh37,NC_000007.13,7,44185176,44185176,na,na,7p13,"criteria provided, multiple submitters, no conflicts",2,-,N,ClinGen:CA367398633,2,435299,44185176,G,T,-,-,-,-,-,-,SCV000594948|SCV002605082,-,-
428722,single nucleotide variant,NM_000162.5(GCK):c.1173C>A (p.Asn391Lys),2645,GCK,HGNC:4195,Likely pathogenic/Likely risk allele,1,"Feb 15, 2017",1554334579,-,RCV000502737|RCV002463691,"MONDO:MONDO:0007453,MedGen:C0342277,OMIM:125851,Orphanet:552|Human Phenotype Ontology:HP:0004904,MONDO:MONDO:0018911,MedGen:C0342276,OMIM:PS125850,Orphanet:552",Maturity-onset diabetes of the young type 2|Maturity-onset diabetes of the young,germline;unknown,germline,GRCh38,NC_000007.14,7,44145577,44145577,na,na,7p13,"criteria provided, multiple submitters, no conflicts",2,-,N,ClinGen:CA367398633,2,435299,44145577,G,T,-,-,-,-,-,-,SCV000594948|SCV002605082,-,-
428723,single nucleotide variant,NM_000162.5(GCK):c.1165G>C (p.Val389Leu),2645,GCK,HGNC:4195,Pathogenic,1,"Jan 12, 2017",1350717554,-,RCV000499682,"MONDO:MONDO:0011236,MedGen:C1865290,OMIM:602485,Orphanet:79299",Hyperinsulinism due to glucokinase deficiency,germline,germline,GRCh37,NC_000007.13,7,44185184,44185184,na,na,7p13,"criteria provided, single submitter",1,-,N,ClinGen:CA367398665,2,435300,44185184,C,G,-,-,-,-,-,-,SCV000594949,-,-
428723,single nucleotide variant,NM_000162.5(GCK):c.1165G>C (p.Val389Leu),2645,GCK,HGNC:4195,Pathogenic,1,"Jan 12, 2017",1350717554,-,RCV000499682,"MONDO:MONDO:0011236,MedGen:C1865290,OMIM:602485,Orphanet:79299",Hyperinsulinism due to glucokinase deficiency,germline,germline,GRCh38,NC_000007.14,7,44145585,44145585,na,na,7p13,"criteria provided, single submitter",1,-,N,ClinGen:CA367398665,2,435300,44145585,C,G,-,-,-,-,-,-,SCV000594949,-,-
428724,single nucleotide variant,NM_000162.5(GCK):c.941T>C (p.Leu314Pro),2645,GCK,HGNC:4195,Conflicting classifications of pathogenicity,1,"Mar 22, 2019",1554334886,-,RCV000500565|RCV002376921,"MONDO:MONDO:0007453,MedGen:C0342277,OMIM:125851,Orphanet:552|Human Phenotype Ontology:HP:0004904,MONDO:MONDO:0018911,MedGen:C0342276,OMIM:PS125850,Orphanet:552",Maturity-onset diabetes of the young type 2|Maturity-onset diabetes of the young,germline;unknown,germline,GRCh37,NC_000007.13,7,44186140,44186140,na,na,7p13,"criteria provided, conflicting classifications",3,-,N,ClinGen:CA367399950,2,435305,44186140,A,G,-,-,-,-,-,-,SCV000594958|SCV002605122|SCV002685023,-,-
428724,single nucleotide variant,NM_000162.5(GCK):c.941T>C (p.Leu314Pro),2645,GCK,HGNC:4195,Conflicting classifications of pathogenicity,1,"Mar 22, 2019",1554334886,-,RCV000500565|RCV002376921,"MONDO:MONDO:0007453,MedGen:C0342277,OMIM:125851,Orphanet:552|Human Phenotype Ontology:HP:0004904,MONDO:MONDO:0018911,MedGen:C0342276,OMIM:PS125850,Orphanet:552",Maturity-onset diabetes of the young type 2|Maturity-onset diabetes of the young,germline;unknown,germline,GRCh38,NC_000007.14,7,44146541,44146541,na,na,7p13,"criteria provided, conflicting classifications",3,-,N,ClinGen:CA367399950,2,435305,44146541,A,G,-,-,-,-,-,-,SCV000594958|SCV002605122|SCV002685023,-,-
428725,single nucleotide variant,NM_000162.5(GCK):c.908G>A (p.Arg303Gln),2645,GCK,HGNC:4195,Likely pathogenic,1,"Sep 05, 2024",1312678560,-,RCV000499613|RCV002524187,"MONDO:MONDO:0007453,MedGen:C0342277,OMIM:125851,Orphanet:552|MedGen:C3661900",Maturity-onset diabetes of the young type 2|not provided,germline,germline,GRCh37,NC_000007.13,7,44186173,44186173,na,na,7p13,"criteria provided, multiple submitters, no conflicts",2,-,N,ClinGen:CA367400053,2,435301,44186173,C,T,-,-,-,-,-,-,SCV000594952|SCV003482756,-,-
428725,single nucleotide variant,NM_000162.5(GCK):c.908G>A (p.Arg303Gln),2645,GCK,HGNC:4195,Likely pathogenic,1,"Sep 05, 2024",1312678560,-,RCV000499613|RCV002524187,"MONDO:MONDO:0007453,MedGen:C0342277,OMIM:125851,Orphanet:552|MedGen:C3661900",Maturity-onset diabetes of the young type 2|not provided,germline,germline,GRCh38,NC_000007.14,7,44146574,44146574,na,na,7p13,"criteria provided, multiple submitters, no conflicts",2,-,N,ClinGen:CA367400053,2,435301,44146574,C,T,-,-,-,-,-,-,SCV000594952|SCV003482756,-,-
428726,single nucleotide variant,NM_000162.5(GCK):c.824G>T (p.Arg275Leu),2645,GCK,HGNC:4195,Likely pathogenic,1,"Jan 10, 2025",767565869,-,RCV000504015|RCV003330317|RCV006450209,"MONDO:MONDO:0007453,MedGen:C0342277,OMIM:125851,Orphanet:552|MONDO:MONDO:0015967,MedGen:C3888631,Orphanet:183625|MedGen:C3661900",Maturity-onset diabetes of the young type 2|Monogenic diabetes|not provided,germline,germline,GRCh37,NC_000007.13,7,44187288,44187288,na,na,7p13,reviewed by expert panel,4,-,N,ClinGen:CA367400477,2,435310,44187288,C,A,-,-,-,-,-,-,SCV004037460,-,-
428726,single nucleotide variant,NM_000162.5(GCK):c.824G>T (p.Arg275Leu),2645,GCK,HGNC:4195,Likely pathogenic,1,"Jan 10, 2025",767565869,-,RCV000504015|RCV003330317|RCV006450209,"MONDO:MONDO:0007453,MedGen:C0342277,OMIM:125851,Orphanet:552|MONDO:MONDO:0015967,MedGen:C3888631,Orphanet:183625|MedGen:C3661900",Maturity-onset diabetes of the young type 2|Monogenic diabetes|not provided,germline,germline,GRCh38,NC_000007.14,7,44147689,44147689,na,na,7p13,reviewed by expert panel,4,-,N,ClinGen:CA367400477,2,435310,44147689,C,A,-,-,-,-,-,-,SCV004037460,-,-
428727,single nucleotide variant,NM_000162.5(GCK):c.775G>A (p.Ala259Thr),2645,GCK,HGNC:4195,Pathogenic,1,"Aug 12, 2023",1375656631,-,RCV000501758|RCV001562849|RCV002282182,"MONDO:MONDO:0007453,MedGen:C0342277,OMIM:125851,Orphanet:552|MedGen:C3661900|MONDO:MONDO:0015967,MedGen:C3888631,Orphanet:183625",Maturity-onset diabetes of the young type 2|not provided|Monogenic diabetes,germline,germline,GRCh37,NC_000007.13,7,44187337,44187337,na,na,7p13,reviewed by expert panel,5,-,N,ClinGen:CA367400584,2,435302,44187337,C,T,-,-,-,-,-,-,SCV004032086,-,-
428727,single nucleotide variant,NM_000162.5(GCK):c.775G>A (p.Ala259Thr),2645,GCK,HGNC:4195,Pathogenic,1,"Aug 12, 2023",1375656631,-,RCV000501758|RCV001562849|RCV002282182,"MONDO:MONDO:0007453,MedGen:C0342277,OMIM:125851,Orphanet:552|MedGen:C3661900|MONDO:MONDO:0015967,MedGen:C3888631,Orphanet:183625",Maturity-onset diabetes of the young type 2|not provided|Monogenic diabetes,germline,germline,GRCh38,NC_000007.14,7,44147738,44147738,na,na,7p13,reviewed by expert panel,5,-,N,ClinGen:CA367400584,2,435302,44147738,C,T,-,-,-,-,-,-,SCV004032086,-,-
428728,single nucleotide variant,NM_000162.5(GCK):c.749G>A (p.Arg250His),2645,GCK,HGNC:4195,Likely pathogenic,1,"Oct 25, 2023",370375148,-,RCV000500949|RCV003883151|RCV004999549,"MedGen:CN169374|MONDO:MONDO:0015967,MedGen:C3888631,Orphanet:183625|MedGen:C3661900",not specified|Monogenic diabetes|not provided,germline;unknown,germline,GRCh37,NC_000007.13,7,44187363,44187363,na,na,7p13,reviewed by expert panel,4,-,N,ClinGen:CA4239531,2,435311,44187363,C,T,-,-,-,-,-,-,SCV004697902,-,-
428728,single nucleotide variant,NM_000162.5(GCK):c.749G>A (p.Arg250His),2645,GCK,HGNC:4195,Likely pathogenic,1,"Oct 25, 2023",370375148,-,RCV000500949|RCV003883151|RCV004999549,"MedGen:CN169374|MONDO:MONDO:0015967,MedGen:C3888631,Orphanet:183625|MedGen:C3661900",not specified|Monogenic diabetes|not provided,germline;unknown,germline,GRCh38,NC_000007.14,7,44147764,44147764,na,na,7p13,reviewed by expert panel,4,-,N,ClinGen:CA4239531,2,435311,44147764,C,T,-,-,-,-,-,-,SCV004697902,-,-
428729,Deletion,NM_000162.5(GCK):c.678_679+2del,2645,GCK,HGNC:4195,Pathogenic/Likely pathogenic,1,"Feb 09, 2016",1554335391,-,RCV000501175|RCV002463692,"MONDO:MONDO:0007453,MedGen:C0342277,OMIM:125851,Orphanet:552|Human Phenotype Ontology:HP:0004904,MONDO:MONDO:0018911,MedGen:C0342276,OMIM:PS125850,Orphanet:552",Maturity-onset diabetes of the young type 2|Maturity-onset diabetes of the young,germline;unknown,germline,GRCh37,NC_000007.13,7,44189357,44189360,na,na,7p13,"criteria provided, multiple submitters, no conflicts",2,-,N,ClinGen:CA645372838,2,435308,44189356,TACCC,T,-,-,-,-,-,-,SCV000594961|SCV002605141,-,-
428729,Deletion,NM_000162.5(GCK):c.678_679+2del,2645,GCK,HGNC:4195,Pathogenic/Likely pathogenic,1,"Feb 09, 2016",1554335391,-,RCV000501175|RCV002463692,"MONDO:MONDO:0007453,MedGen:C0342277,OMIM:125851,Orphanet:552|Human Phenotype Ontology:HP:0004904,MONDO:MONDO:0018911,MedGen:C0342276,OMIM:PS125850,Orphanet:552",Maturity-onset diabetes of the young type 2|Maturity-onset diabetes of the young,germline;unknown,germline,GRCh38,NC_000007.14,7,44149758,44149761,na,na,7p13,"criteria provided, multiple submitters, no conflicts",2,-,N,ClinGen:CA645372838,2,435308,44149757,TACCC,T,-,-,-,-,-,-,SCV000594961|SCV002605141,-,-
428730,single nucleotide variant,NM_000162.5(GCK):c.667G>A (p.Gly223Ser),2645,GCK,HGNC:4195,Pathogenic,1,"Sep 20, 2025",1360415315,-,RCV000502130|RCV000517681|RCV000763585|RCV002367690|RCV003403165|RCV004751574,"MONDO:MONDO:0007453,MedGen:C0342277,OMIM:125851,Orphanet:552|MedGen:C3661900|MONDO:MONDO:0100164,MedGen:C1833104,OMIM:PS606176,Orphanet:99885;Human Phenotype Ontology:HP:0005965,Human Phenotype Ontology:HP:0005978,Human Phenotype Ontology:HP:0100652,MONDO:MONDO:0005148,MeSH:D003924,MedGen:C0011860,OMIM:125853;MONDO:MONDO:0011236,MedGen:C1865290,OMIM:602485,Orphanet:79299;MONDO:MONDO:0007453,MedGen:C0342277,OMIM:125851,Orphanet:552|Human Phenotype Ontology:HP:0004904,MONDO:MONDO:0018911,MedGen:C0342276,OMIM:PS125850,Orphanet:552|MONDO:MONDO:0015967,MedGen:C3888631,Orphanet:183625|",Maturity-onset diabetes of the young type 2|not provided|Permanent neonatal diabetes mellitus;Type 2 diabetes mellitus;Hyperinsulinism due to glucokinase deficiency;Maturity-onset diabetes of the young type 2|Maturity-onset diabetes of the young|Monogenic diabetes|GCK-related disorder,germline;unknown,germline,GRCh37,NC_000007.13,7,44189371,44189371,na,na,7p13,"criteria provided, multiple submitters, no conflicts",10,-,N,ClinGen:CA367401165,2,435306,44189371,C,T,-,-,-,-,-,-,SCV000594959|SCV000613448|SCV000894424|SCV002245936|SCV002559475|SCV002663328|SCV004122238|SCV004847449|SCV007333667,-,-
428730,single nucleotide variant,NM_000162.5(GCK):c.667G>A (p.Gly223Ser),2645,GCK,HGNC:4195,Pathogenic,1,"Sep 20, 2025",1360415315,-,RCV000502130|RCV000517681|RCV000763585|RCV002367690|RCV003403165|RCV004751574,"MONDO:MONDO:0007453,MedGen:C0342277,OMIM:125851,Orphanet:552|MedGen:C3661900|MONDO:MONDO:0100164,MedGen:C1833104,OMIM:PS606176,Orphanet:99885;Human Phenotype Ontology:HP:0005965,Human Phenotype Ontology:HP:0005978,Human Phenotype Ontology:HP:0100652,MONDO:MONDO:0005148,MeSH:D003924,MedGen:C0011860,OMIM:125853;MONDO:MONDO:0011236,MedGen:C1865290,OMIM:602485,Orphanet:79299;MONDO:MONDO:0007453,MedGen:C0342277,OMIM:125851,Orphanet:552|Human Phenotype Ontology:HP:0004904,MONDO:MONDO:0018911,MedGen:C0342276,OMIM:PS125850,Orphanet:552|MONDO:MONDO:0015967,MedGen:C3888631,Orphanet:183625|",Maturity-onset diabetes of the young type 2|not provided|Permanent neonatal diabetes mellitus;Type 2 diabetes mellitus;Hyperinsulinism due to glucokinase deficiency;Maturity-onset diabetes of the young type 2|Maturity-onset diabetes of the young|Monogenic diabetes|GCK-related disorder,germline;unknown,germline,GRCh38,NC_000007.14,7,44149772,44149772,na,na,7p13,"criteria provided, multiple submitters, no conflicts",10,-,N,ClinGen:CA367401165,2,435306,44149772,C,T,-,-,-,-,-,-,SCV000594959|SCV000613448|SCV000894424|SCV002245936|SCV002559475|SCV002663328|SCV004122238|SCV004847449|SCV007333667,-,-
428731,single nucleotide variant,NM_000162.5(GCK):c.632T>A (p.Ile211Asn),2645,GCK,HGNC:4195,Uncertain significance/Uncertain risk allele,0,"Apr 06, 2023",1554335400,-,RCV000500071|RCV002464217|RCV003718248,"MedGen:CN169374|Human Phenotype Ontology:HP:0004904,MONDO:MONDO:0018911,MedGen:C0342276,OMIM:PS125850,Orphanet:552|MedGen:C3661900",not specified|Maturity-onset diabetes of the young|not provided,germline;unknown,germline,GRCh37,NC_000007.13,7,44189406,44189406,na,na,7p13,"criteria provided, multiple submitters, no conflicts",3,-,N,ClinGen:CA367401285,2,435303,44189406,A,T,-,-,-,-,-,-,SCV000594955|SCV002758755|SCV004509477,-,-
428731,single nucleotide variant,NM_000162.5(GCK):c.632T>A (p.Ile211Asn),2645,GCK,HGNC:4195,Uncertain significance/Uncertain risk allele,0,"Apr 06, 2023",1554335400,-,RCV000500071|RCV002464217|RCV003718248,"MedGen:CN169374|Human Phenotype Ontology:HP:0004904,MONDO:MONDO:0018911,MedGen:C0342276,OMIM:PS125850,Orphanet:552|MedGen:C3661900",not specified|Maturity-onset diabetes of the young|not provided,germline;unknown,germline,GRCh38,NC_000007.14,7,44149807,44149807,na,na,7p13,"criteria provided, multiple submitters, no conflicts",3,-,N,ClinGen:CA367401285,2,435303,44149807,A,T,-,-,-,-,-,-,SCV000594955|SCV002758755|SCV004509477,-,-
428732,single nucleotide variant,NM_000162.5(GCK):c.364C>A (p.Leu122Ile),2645,GCK,HGNC:4195,Likely pathogenic,1,"Mar 07, 2024",1554335616,-,RCV000504203|RCV002473026|RCV002464017|RCV003993664,"MONDO:MONDO:0007453,MedGen:C0342277,OMIM:125851,Orphanet:552|MedGen:C3661900|Human Phenotype Ontology:HP:0004904,MONDO:MONDO:0018911,MedGen:C0342276,OMIM:PS125850,Orphanet:552|MONDO:MONDO:0015967,MedGen:C3888631,Orphanet:183625",Maturity-onset diabetes of the young type 2|not provided|Maturity-onset diabetes of the young|Monogenic diabetes,germline;unknown,germline,GRCh37,NC_000007.13,7,44190674,44190674,na,na,7p13,reviewed by expert panel,6,-,N,ClinGen:CA367402232,2,435307,44190674,G,T,-,-,-,-,-,-,SCV004812211,-,-
428732,single nucleotide variant,NM_000162.5(GCK):c.364C>A (p.Leu122Ile),2645,GCK,HGNC:4195,Likely pathogenic,1,"Mar 07, 2024",1554335616,-,RCV000504203|RCV002473026|RCV002464017|RCV003993664,"MONDO:MONDO:0007453,MedGen:C0342277,OMIM:125851,Orphanet:552|MedGen:C3661900|Human Phenotype Ontology:HP:0004904,MONDO:MONDO:0018911,MedGen:C0342276,OMIM:PS125850,Orphanet:552|MONDO:MONDO:0015967,MedGen:C3888631,Orphanet:183625",Maturity-onset diabetes of the young type 2|not provided|Maturity-onset diabetes of the young|Monogenic diabetes,germline;unknown,germline,GRCh38,NC_000007.14,7,44151075,44151075,na,na,7p13,reviewed by expert panel,6,-,N,ClinGen:CA367402232,2,435307,44151075,G,T,-,-,-,-,-,-,SCV004812211,-,-
428733,Deletion,NM_000162.5(GCK):c.295del (p.Trp99fs),2645,GCK,HGNC:4195,Pathogenic/Likely pathogenic,1,"Aug 07, 2018",1554335752,-,RCV000502155|RCV002438219,"MONDO:MONDO:0007453,MedGen:C0342277,OMIM:125851,Orphanet:552|Human Phenotype Ontology:HP:0004904,MONDO:MONDO:0018911,MedGen:C0342276,OMIM:PS125850,Orphanet:552",Maturity-onset diabetes of the young type 2|Maturity-onset diabetes of the young,germline;unknown,germline,GRCh37,NC_000007.13,7,44191938,44191938,na,na,7p13,"criteria provided, multiple submitters, no conflicts",3,-,N,ClinGen:CA645372836,2,435304,44191937,CA,C,-,-,-,-,-,-,SCV000594956|SCV002605367|SCV002750077,-,-
428733,Deletion,NM_000162.5(GCK):c.295del (p.Trp99fs),2645,GCK,HGNC:4195,Pathogenic/Likely pathogenic,1,"Aug 07, 2018",1554335752,-,RCV000502155|RCV002438219,"MONDO:MONDO:0007453,MedGen:C0342277,OMIM:125851,Orphanet:552|Human Phenotype Ontology:HP:0004904,MONDO:MONDO:0018911,MedGen:C0342276,OMIM:PS125850,Orphanet:552",Maturity-onset diabetes of the young type 2|Maturity-onset diabetes of the young,germline;unknown,germline,GRCh38,NC_000007.14,7,44152339,44152339,na,na,7p13,"criteria provided, multiple submitters, no conflicts",3,-,N,ClinGen:CA645372836,2,435304,44152338,CA,C,-,-,-,-,-,-,SCV000594956|SCV002605367|SCV002750077,-,-
428734,single nucleotide variant,NM_000162.5(GCK):c.98T>A (p.Val33Glu),2645,GCK,HGNC:4195,Conflicting classifications of pathogenicity,1,"May 26, 2017",1554335954,-,RCV000502611|RCV002383967,"MONDO:MONDO:0007453,MedGen:C0342277,OMIM:125851,Orphanet:552|Human Phenotype Ontology:HP:0004904,MONDO:MONDO:0018911,MedGen:C0342276,OMIM:PS125850,Orphanet:552",Maturity-onset diabetes of the young type 2|Maturity-onset diabetes of the young,germline,germline,GRCh37,NC_000007.13,7,44193010,44193010,na,na,7p13,"criteria provided, conflicting classifications",2,-,N,ClinGen:CA367403606,2,435309,44193010,A,T,-,-,-,-,-,-,SCV000594962|SCV002690988,-,-
428734,single nucleotide variant,NM_000162.5(GCK):c.98T>A (p.Val33Glu),2645,GCK,HGNC:4195,Conflicting classifications of pathogenicity,1,"May 26, 2017",1554335954,-,RCV000502611|RCV002383967,"MONDO:MONDO:0007453,MedGen:C0342277,OMIM:125851,Orphanet:552|Human Phenotype Ontology:HP:0004904,MONDO:MONDO:0018911,MedGen:C0342276,OMIM:PS125850,Orphanet:552",Maturity-onset diabetes of the young type 2|Maturity-onset diabetes of the young,germline,germline,GRCh38,NC_000007.14,7,44153411,44153411,na,na,7p13,"criteria provided, conflicting classifications",2,-,N,ClinGen:CA367403606,2,435309,44153411,A,T,-,-,-,-,-,-,SCV000594962|SCV002690988,-,-
428735,single nucleotide variant,NM_000162.5(GCK):c.-102G>A,2645,GCK,HGNC:4195,Conflicting classifications of pathogenicity,0,"Jan 13, 2018",781377703,-,RCV000503948|RCV001159481|RCV001159483|RCV001159482|RCV001160841|RCV002463686,"MedGen:CN169374|MONDO:MONDO:0007453,MedGen:C0342277,OMIM:125851,Orphanet:552|MONDO:MONDO:0011236,MedGen:C1865290,OMIM:602485,Orphanet:79299|MONDO:MONDO:0100164,MedGen:C1833104,OMIM:PS606176,Orphanet:99885||Human Phenotype Ontology:HP:0004904,MONDO:MONDO:0018911,MedGen:C0342276,OMIM:PS125850,Orphanet:552","not specified|Maturity-onset diabetes of the young type 2|Hyperinsulinism due to glucokinase deficiency|Permanent neonatal diabetes mellitus|Transient Neonatal Diabetes, Recessive|Maturity-onset diabetes of the young",germline;unknown,germline,GRCh37,NC_000007.13,7,44228654,44228654,na,na,7p13,"criteria provided, conflicting classifications",3,-,N,ClinGen:CA157884460,2,435292,44228654,C,T,-,-,-,-,-,-,SCV000594940|SCV001321198|SCV001321199|SCV001321200|SCV001322672|SCV002605186,-,-
428735,single nucleotide variant,NM_000162.5(GCK):c.-102G>A,2645,GCK,HGNC:4195,Conflicting classifications of pathogenicity,0,"Jan 13, 2018",781377703,-,RCV000503948|RCV001159481|RCV001159483|RCV001159482|RCV001160841|RCV002463686,"MedGen:CN169374|MONDO:MONDO:0007453,MedGen:C0342277,OMIM:125851,Orphanet:552|MONDO:MONDO:0011236,MedGen:C1865290,OMIM:602485,Orphanet:79299|MONDO:MONDO:0100164,MedGen:C1833104,OMIM:PS606176,Orphanet:99885||Human Phenotype Ontology:HP:0004904,MONDO:MONDO:0018911,MedGen:C0342276,OMIM:PS125850,Orphanet:552","not specified|Maturity-onset diabetes of the young type 2|Hyperinsulinism due to glucokinase deficiency|Permanent neonatal diabetes mellitus|Transient Neonatal Diabetes, Recessive|Maturity-onset diabetes of the young",germline;unknown,germline,GRCh38,NC_000007.14,7,44189055,44189055,na,na,7p13,"criteria provided, conflicting classifications",3,-,N,ClinGen:CA157884460,2,435292,44189055,C,T,-,-,-,-,-,-,SCV000594940|SCV001321198|SCV001321199|SCV001321200|SCV001322672|SCV002605186,-,-
428736,single nucleotide variant,NM_000162.5(GCK):c.-135G>A,2645,GCK,HGNC:4195,Conflicting classifications of pathogenicity,0,"Mar 27, 2017",746492953,-,RCV000500839|RCV002463690|RCV004691803,"MedGen:CN169374|Human Phenotype Ontology:HP:0004904,MONDO:MONDO:0018911,MedGen:C0342276,OMIM:PS125850,Orphanet:552|MedGen:C3661900",not specified|Maturity-onset diabetes of the young|not provided,germline;unknown,germline,GRCh37,NC_000007.13,7,44228687,44228687,na,na,7p13,"criteria provided, conflicting classifications",3,-,N,ClinGen:CA157884482,2,435296,44228687,C,T,-,-,-,-,-,-,SCV000594944|SCV002605018|SCV005188508,-,-
428736,single nucleotide variant,NM_000162.5(GCK):c.-135G>A,2645,GCK,HGNC:4195,Conflicting classifications of pathogenicity,0,"Mar 27, 2017",746492953,-,RCV000500839|RCV002463690|RCV004691803,"MedGen:CN169374|Human Phenotype Ontology:HP:0004904,MONDO:MONDO:0018911,MedGen:C0342276,OMIM:PS125850,Orphanet:552|MedGen:C3661900",not specified|Maturity-onset diabetes of the young|not provided,germline;unknown,germline,GRCh38,NC_000007.14,7,44189088,44189088,na,na,7p13,"criteria provided, conflicting classifications",3,-,N,ClinGen:CA157884482,2,435296,44189088,C,T,-,-,-,-,-,-,SCV000594944|SCV002605018|SCV005188508,-,-
428737,single nucleotide variant,NM_000162.5(GCK):c.-452G>A,2645,GCK,HGNC:4195,Conflicting classifications of pathogenicity,0,"Jan 13, 2018",187173652,-,RCV000500897|RCV001160962|RCV001159585|RCV001159586|RCV001159587|RCV002463687,"MedGen:CN169374|MONDO:MONDO:0100164,MedGen:C1833104,OMIM:PS606176,Orphanet:99885||MONDO:MONDO:0007453,MedGen:C0342277,OMIM:125851,Orphanet:552|MONDO:MONDO:0011236,MedGen:C1865290,OMIM:602485,Orphanet:79299|Human Phenotype Ontology:HP:0004904,MONDO:MONDO:0018911,MedGen:C0342276,OMIM:PS125850,Orphanet:552","not specified|Permanent neonatal diabetes mellitus|Transient Neonatal Diabetes, Recessive|Maturity-onset diabetes of the young type 2|Hyperinsulinism due to glucokinase deficiency|Maturity-onset diabetes of the young",germline;unknown,germline,GRCh37,NC_000007.13,7,44229004,44229004,na,na,7p13,"criteria provided, conflicting classifications",3,-,N,ClinGen:CA157884752,2,435293,44229004,C,T,-,-,-,-,-,-,SCV000594941|SCV001321304|SCV001321305|SCV001321306|SCV001322801|SCV002605025,-,-
428737,single nucleotide variant,NM_000162.5(GCK):c.-452G>A,2645,GCK,HGNC:4195,Conflicting classifications of pathogenicity,0,"Jan 13, 2018",187173652,-,RCV000500897|RCV001160962|RCV001159585|RCV001159586|RCV001159587|RCV002463687,"MedGen:CN169374|MONDO:MONDO:0100164,MedGen:C1833104,OMIM:PS606176,Orphanet:99885||MONDO:MONDO:0007453,MedGen:C0342277,OMIM:125851,Orphanet:552|MONDO:MONDO:0011236,MedGen:C1865290,OMIM:602485,Orphanet:79299|Human Phenotype Ontology:HP:0004904,MONDO:MONDO:0018911,MedGen:C0342276,OMIM:PS125850,Orphanet:552","not specified|Permanent neonatal diabetes mellitus|Transient Neonatal Diabetes, Recessive|Maturity-onset diabetes of the young type 2|Hyperinsulinism due to glucokinase deficiency|Maturity-onset diabetes of the young",germline;unknown,germline,GRCh38,NC_000007.14,7,44189405,44189405,na,na,7p13,"criteria provided, conflicting classifications",3,-,N,ClinGen:CA157884752,2,435293,44189405,C,T,-,-,-,-,-,-,SCV000594941|SCV001321304|SCV001321305|SCV001321306|SCV001322801|SCV002605025,-,-
428738,single nucleotide variant,NM_000162.5(GCK):c.-453C>T,2645,GCK,HGNC:4195,Conflicting classifications of pathogenicity,0,"Jan 12, 2018",191795044,-,RCV000502321|RCV001160963|RCV001160964|RCV001160965|RCV001160966|RCV002463688,"MedGen:CN169374||MONDO:MONDO:0100164,MedGen:C1833104,OMIM:PS606176,Orphanet:99885|MONDO:MONDO:0011236,MedGen:C1865290,OMIM:602485,Orphanet:79299|MONDO:MONDO:0007453,MedGen:C0342277,OMIM:125851,Orphanet:552|Human Phenotype Ontology:HP:0004904,MONDO:MONDO:0018911,MedGen:C0342276,OMIM:PS125850,Orphanet:552","not specified|Transient Neonatal Diabetes, Recessive|Permanent neonatal diabetes mellitus|Hyperinsulinism due to glucokinase deficiency|Maturity-onset diabetes of the young type 2|Maturity-onset diabetes of the young",germline;unknown,germline,GRCh37,NC_000007.13,7,44229005,44229005,na,na,7p13,"criteria provided, conflicting classifications",3,-,N,ClinGen:CA157884760,2,435294,44229005,G,A,-,-,-,-,-,-,SCV000594942|SCV001322802|SCV001322803|SCV001322804|SCV001322805|SCV002605024,-,-
428738,single nucleotide variant,NM_000162.5(GCK):c.-453C>T,2645,GCK,HGNC:4195,Conflicting classifications of pathogenicity,0,"Jan 12, 2018",191795044,-,RCV000502321|RCV001160963|RCV001160964|RCV001160965|RCV001160966|RCV002463688,"MedGen:CN169374||MONDO:MONDO:0100164,MedGen:C1833104,OMIM:PS606176,Orphanet:99885|MONDO:MONDO:0011236,MedGen:C1865290,OMIM:602485,Orphanet:79299|MONDO:MONDO:0007453,MedGen:C0342277,OMIM:125851,Orphanet:552|Human Phenotype Ontology:HP:0004904,MONDO:MONDO:0018911,MedGen:C0342276,OMIM:PS125850,Orphanet:552","not specified|Transient Neonatal Diabetes, Recessive|Permanent neonatal diabetes mellitus|Hyperinsulinism due to glucokinase deficiency|Maturity-onset diabetes of the young type 2|Maturity-onset diabetes of the young",germline;unknown,germline,GRCh38,NC_000007.14,7,44189406,44189406,na,na,7p13,"criteria provided, conflicting classifications",3,-,N,ClinGen:CA157884760,2,435294,44189406,G,A,-,-,-,-,-,-,SCV000594942|SCV001322802|SCV001322803|SCV001322804|SCV001322805|SCV002605024,-,-
428739,single nucleotide variant,NM_000162.3(GCK):c.-487C>G,2645,GCK,HGNC:4195,Conflicting classifications of pathogenicity,0,"Aug 06, 2016",1329261791,-,RCV000504402|RCV002463689,"MedGen:CN169374|Human Phenotype Ontology:HP:0004904,MONDO:MONDO:0018911,MedGen:C0342276,OMIM:PS125850,Orphanet:552",not specified|Maturity-onset diabetes of the young,germline;unknown,germline,GRCh37,NC_000007.13,7,44229039,44229039,na,na,7p13,"criteria provided, conflicting classifications",2,-,N,ClinGen:CA573791501,2,435295,44229039,G,C,-,-,-,-,-,-,SCV000594943|SCV002605015,-,-
428739,single nucleotide variant,NM_000162.3(GCK):c.-487C>G,2645,GCK,HGNC:4195,Conflicting classifications of pathogenicity,0,"Aug 06, 2016",1329261791,-,RCV000504402|RCV002463689,"MedGen:CN169374|Human Phenotype Ontology:HP:0004904,MONDO:MONDO:0018911,MedGen:C0342276,OMIM:PS125850,Orphanet:552",not specified|Maturity-onset diabetes of the young,germline;unknown,germline,GRCh38,NC_000007.14,7,44189440,44189440,na,na,7p13,"criteria provided, conflicting classifications",2,-,N,ClinGen:CA573791501,2,435295,44189440,G,C,-,-,-,-,-,-,SCV000594943|SCV002605015,-,-
429186,single nucleotide variant,NM_000525.4(KCNJ11):c.973C>A (p.Arg325Ser),3767,KCNJ11,HGNC:6257,Uncertain significance,0,"Oct 31, 2018",550315112,-,RCV000502356|RCV000763718|RCV001573273,"MedGen:CN169374|MONDO:MONDO:0014589,MedGen:C4225365,OMIM:616329,Orphanet:552;MONDO:MONDO:0012522,MedGen:C1864623,OMIM:610582,Orphanet:99886;MONDO:MONDO:0100164,MedGen:C1833104,OMIM:PS606176,Orphanet:99885;MONDO:MONDO:0011153,MedGen:C2931833,OMIM:601820,Orphanet:276580,Orphanet:276603;Human Phenotype Ontology:HP:0005965,Human Phenotype Ontology:HP:0005978,Human Phenotype Ontology:HP:0100652,MONDO:MONDO:0005148,MeSH:D003924,MedGen:C0011860,OMIM:125853|MedGen:C3661900","not specified|Maturity-onset diabetes of the young type 13;Diabetes mellitus, transient neonatal, 3;Permanent neonatal diabetes mellitus;Hyperinsulinemic hypoglycemia, familial, 2;Type 2 diabetes mellitus|not provided",germline;unknown,germline,GRCh37,NC_000011.9,11,17408666,17408666,na,na,11p15.1,"criteria provided, multiple submitters, no conflicts",4,-,N,ClinGen:CA5902210,2,435560,17408666,G,T,-,-,-,-,-,-,SCV000595314|SCV000894602,-,-
429186,single nucleotide variant,NM_000525.4(KCNJ11):c.973C>A (p.Arg325Ser),3767,KCNJ11,HGNC:6257,Uncertain significance,0,"Oct 31, 2018",550315112,-,RCV000502356|RCV000763718|RCV001573273,"MedGen:CN169374|MONDO:MONDO:0014589,MedGen:C4225365,OMIM:616329,Orphanet:552;MONDO:MONDO:0012522,MedGen:C1864623,OMIM:610582,Orphanet:99886;MONDO:MONDO:0100164,MedGen:C1833104,OMIM:PS606176,Orphanet:99885;MONDO:MONDO:0011153,MedGen:C2931833,OMIM:601820,Orphanet:276580,Orphanet:276603;Human Phenotype Ontology:HP:0005965,Human Phenotype Ontology:HP:0005978,Human Phenotype Ontology:HP:0100652,MONDO:MONDO:0005148,MeSH:D003924,MedGen:C0011860,OMIM:125853|MedGen:C3661900","not specified|Maturity-onset diabetes of the young type 13;Diabetes mellitus, transient neonatal, 3;Permanent neonatal diabetes mellitus;Hyperinsulinemic hypoglycemia, familial, 2;Type 2 diabetes mellitus|not provided",germline;unknown,germline,GRCh38,NC_000011.10,11,17387119,17387119,na,na,11p15.1,"criteria provided, multiple submitters, no conflicts",4,-,N,ClinGen:CA5902210,2,435560,17387119,G,T,-,-,-,-,-,-,SCV000595314|SCV000894602,-,-
429187,single nucleotide variant,NM_000525.4(KCNJ11):c.868G>A (p.Val290Met),3767,KCNJ11,HGNC:6257,Conflicting classifications of pathogenicity,1,"Aug 15, 2025",750414160,-,RCV000500391|RCV002227171|RCV003993989|RCV004568634|RCV005091099|RCV005044755,"MONDO:MONDO:0011153,MedGen:C2931833,OMIM:601820,Orphanet:276580,Orphanet:276603|Human Phenotype Ontology:HP:0000842,MONDO:MONDO:0002177,MedGen:C0020459|MONDO:MONDO:0017182,MedGen:C3888018,Orphanet:276525|Human Phenotype Ontology:HP:0005965,Human Phenotype Ontology:HP:0005978,Human Phenotype Ontology:HP:0100652,MONDO:MONDO:0005148,MeSH:D003924,MedGen:C0011860,OMIM:125853|MedGen:C3661900|MONDO:MONDO:0014589,MedGen:C4225365,OMIM:616329,Orphanet:552;MONDO:MONDO:0012522,MedGen:C1864623,OMIM:610582,Orphanet:99886;MONDO:MONDO:0030087,MedGen:C5394296,OMIM:618856;MONDO:MONDO:0011153,MedGen:C2931833,OMIM:601820,Orphanet:276580,Orphanet:276603;Human Phenotype Ontology:HP:0005965,Human Phenotype Ontology:HP:0005978,Human Phenotype Ontology:HP:0100652,MONDO:MONDO:0005148,MeSH:D003924,MedGen:C0011860,OMIM:125853","Hyperinsulinemic hypoglycemia, familial, 2|Hyperinsulinemia|Familial hyperinsulinism|Type 2 diabetes mellitus|not provided|Maturity-onset diabetes of the young type 13;Diabetes mellitus, transient neonatal, 3;Diabetes mellitus, permanent neonatal 2;Hyperinsulinemic hypoglycemia, familial, 2;Type 2 diabetes mellitus",germline;somatic;unknown,germline/somatic,GRCh37,NC_000011.9,11,17408771,17408771,na,na,11p15.1,"criteria provided, conflicting classifications",6,-,N,ClinGen:CA5902229,2,435556,17408771,C,T,-,-,-,-,-,-,SCV000595310|SCV002505932|SCV004813641|SCV005059785|SCV005676606|SCV005773255,-,-
429187,single nucleotide variant,NM_000525.4(KCNJ11):c.868G>A (p.Val290Met),3767,KCNJ11,HGNC:6257,Conflicting classifications of pathogenicity,1,"Aug 15, 2025",750414160,-,RCV000500391|RCV002227171|RCV003993989|RCV004568634|RCV005091099|RCV005044755,"MONDO:MONDO:0011153,MedGen:C2931833,OMIM:601820,Orphanet:276580,Orphanet:276603|Human Phenotype Ontology:HP:0000842,MONDO:MONDO:0002177,MedGen:C0020459|MONDO:MONDO:0017182,MedGen:C3888018,Orphanet:276525|Human Phenotype Ontology:HP:0005965,Human Phenotype Ontology:HP:0005978,Human Phenotype Ontology:HP:0100652,MONDO:MONDO:0005148,MeSH:D003924,MedGen:C0011860,OMIM:125853|MedGen:C3661900|MONDO:MONDO:0014589,MedGen:C4225365,OMIM:616329,Orphanet:552;MONDO:MONDO:0012522,MedGen:C1864623,OMIM:610582,Orphanet:99886;MONDO:MONDO:0030087,MedGen:C5394296,OMIM:618856;MONDO:MONDO:0011153,MedGen:C2931833,OMIM:601820,Orphanet:276580,Orphanet:276603;Human Phenotype Ontology:HP:0005965,Human Phenotype Ontology:HP:0005978,Human Phenotype Ontology:HP:0100652,MONDO:MONDO:0005148,MeSH:D003924,MedGen:C0011860,OMIM:125853","Hyperinsulinemic hypoglycemia, familial, 2|Hyperinsulinemia|Familial hyperinsulinism|Type 2 diabetes mellitus|not provided|Maturity-onset diabetes of the young type 13;Diabetes mellitus, transient neonatal, 3;Diabetes mellitus, permanent neonatal 2;Hyperinsulinemic hypoglycemia, familial, 2;Type 2 diabetes mellitus",germline;somatic;unknown,germline/somatic,GRCh38,NC_000011.10,11,17387224,17387224,na,na,11p15.1,"criteria provided, conflicting classifications",6,-,N,ClinGen:CA5902229,2,435556,17387224,C,T,-,-,-,-,-,-,SCV000595310|SCV002505932|SCV004813641|SCV005059785|SCV005676606|SCV005773255,-,-
429188,single nucleotide variant,NM_000525.4(KCNJ11):c.490C>T (p.Leu164Phe),3767,KCNJ11,HGNC:6257,Conflicting classifications of pathogenicity,1,"Aug 10, 2023",1554901796,-,RCV000502477|RCV004721400,MedGen:CN169374|MedGen:C3661900,not specified|not provided,germline,germline,GRCh37,NC_000011.9,11,17409149,17409149,na,na,11p15.1,"criteria provided, conflicting classifications",2,-,N,ClinGen:CA379773262,2,435557,17409149,G,A,-,-,-,-,-,-,SCV000595311|SCV005328143,-,-
429188,single nucleotide variant,NM_000525.4(KCNJ11):c.490C>T (p.Leu164Phe),3767,KCNJ11,HGNC:6257,Conflicting classifications of pathogenicity,1,"Aug 10, 2023",1554901796,-,RCV000502477|RCV004721400,MedGen:CN169374|MedGen:C3661900,not specified|not provided,germline,germline,GRCh38,NC_000011.10,11,17387602,17387602,na,na,11p15.1,"criteria provided, conflicting classifications",2,-,N,ClinGen:CA379773262,2,435557,17387602,G,A,-,-,-,-,-,-,SCV000595311|SCV005328143,-,-
429189,single nucleotide variant,NM_000525.4(KCNJ11):c.406C>T (p.Arg136Cys),3767,KCNJ11,HGNC:6257,Pathogenic/Likely pathogenic,1,"Jan 26, 2024",766891274,-,RCV000503978|RCV002481620|RCV002524208,"MONDO:MONDO:0011153,MedGen:C2931833,OMIM:601820,Orphanet:276580,Orphanet:276603|MONDO:MONDO:0014589,MedGen:C4225365,OMIM:616329,Orphanet:552;MONDO:MONDO:0012522,MedGen:C1864623,OMIM:610582,Orphanet:99886;MONDO:MONDO:0030087,MedGen:C5394296,OMIM:618856;MONDO:MONDO:0011153,MedGen:C2931833,OMIM:601820,Orphanet:276580,Orphanet:276603;Human Phenotype Ontology:HP:0005965,Human Phenotype Ontology:HP:0005978,Human Phenotype Ontology:HP:0100652,MONDO:MONDO:0005148,MeSH:D003924,MedGen:C0011860,OMIM:125853|MedGen:C3661900","Hyperinsulinemic hypoglycemia, familial, 2|Maturity-onset diabetes of the young type 13;Diabetes mellitus, transient neonatal, 3;Diabetes mellitus, permanent neonatal 2;Hyperinsulinemic hypoglycemia, familial, 2;Type 2 diabetes mellitus|not provided",germline,germline,GRCh37,NC_000011.9,11,17409233,17409233,na,na,11p15.1,"criteria provided, multiple submitters, no conflicts",3,-,N,ClinGen:CA5902293,2,435558,17409233,G,A,-,-,-,-,-,-,SCV000595312|SCV002794077|SCV003439791,-,-
429189,single nucleotide variant,NM_000525.4(KCNJ11):c.406C>T (p.Arg136Cys),3767,KCNJ11,HGNC:6257,Pathogenic/Likely pathogenic,1,"Jan 26, 2024",766891274,-,RCV000503978|RCV002481620|RCV002524208,"MONDO:MONDO:0011153,MedGen:C2931833,OMIM:601820,Orphanet:276580,Orphanet:276603|MONDO:MONDO:0014589,MedGen:C4225365,OMIM:616329,Orphanet:552;MONDO:MONDO:0012522,MedGen:C1864623,OMIM:610582,Orphanet:99886;MONDO:MONDO:0030087,MedGen:C5394296,OMIM:618856;MONDO:MONDO:0011153,MedGen:C2931833,OMIM:601820,Orphanet:276580,Orphanet:276603;Human Phenotype Ontology:HP:0005965,Human Phenotype Ontology:HP:0005978,Human Phenotype Ontology:HP:0100652,MONDO:MONDO:0005148,MeSH:D003924,MedGen:C0011860,OMIM:125853|MedGen:C3661900","Hyperinsulinemic hypoglycemia, familial, 2|Maturity-onset diabetes of the young type 13;Diabetes mellitus, transient neonatal, 3;Diabetes mellitus, permanent neonatal 2;Hyperinsulinemic hypoglycemia, familial, 2;Type 2 diabetes mellitus|not provided",germline,germline,GRCh38,NC_000011.10,11,17387686,17387686,na,na,11p15.1,"criteria provided, multiple submitters, no conflicts",3,-,N,ClinGen:CA5902293,2,435558,17387686,G,A,-,-,-,-,-,-,SCV000595312|SCV002794077|SCV003439791,-,-
429190,single nucleotide variant,NM_000525.4(KCNJ11):c.185C>T (p.Thr62Met),3767,KCNJ11,HGNC:6257,Conflicting classifications of pathogenicity,1,"Jul 30, 2025",1057518775,-,RCV000500297|RCV002227172|RCV002461253|RCV004735574|RCV005431712,"MedGen:CN169374|Human Phenotype Ontology:HP:0004904,MONDO:MONDO:0018911,MedGen:C0342276,OMIM:PS125850,Orphanet:552|MedGen:C3661900||MONDO:MONDO:0017182,MedGen:C3888018,Orphanet:276525",not specified|Maturity-onset diabetes of the young|not provided|KCNJ11-related disorder|Familial hyperinsulinism,germline;somatic,germline/somatic,GRCh37,NC_000011.9,11,17409454,17409454,na,na,11p15.1,"criteria provided, conflicting classifications",6,-,N,ClinGen:CA379775836,2,435559,17409454,G,A,-,-,-,-,-,-,SCV000595313|SCV002506505|SCV002756645|SCV004295366|SCV006102479,-,-
429190,single nucleotide variant,NM_000525.4(KCNJ11):c.185C>T (p.Thr62Met),3767,KCNJ11,HGNC:6257,Conflicting classifications of pathogenicity,1,"Jul 30, 2025",1057518775,-,RCV000500297|RCV002227172|RCV002461253|RCV004735574|RCV005431712,"MedGen:CN169374|Human Phenotype Ontology:HP:0004904,MONDO:MONDO:0018911,MedGen:C0342276,OMIM:PS125850,Orphanet:552|MedGen:C3661900||MONDO:MONDO:0017182,MedGen:C3888018,Orphanet:276525",not specified|Maturity-onset diabetes of the young|not provided|KCNJ11-related disorder|Familial hyperinsulinism,germline;somatic,germline/somatic,GRCh38,NC_000011.10,11,17387907,17387907,na,na,11p15.1,"criteria provided, conflicting classifications",6,-,N,ClinGen:CA379775836,2,435559,17387907,G,A,-,-,-,-,-,-,SCV000595313|SCV002506505|SCV002756645|SCV004295366|SCV006102479,-,-
429191,single nucleotide variant,NM_000525.4(KCNJ11):c.179T>C (p.Phe60Ser),3767,KCNJ11,HGNC:6257,Uncertain significance,0,"Mar 29, 2016",387906783,-,RCV000500789,MedGen:CN169374,not specified,germline,germline,GRCh37,NC_000011.9,11,17409460,17409460,na,na,11p15.1,"criteria provided, single submitter",1,-,N,ClinGen:CA379775970,2,435561,17409460,A,G,-,-,-,-,-,-,SCV000595316,-,-
429191,single nucleotide variant,NM_000525.4(KCNJ11):c.179T>C (p.Phe60Ser),3767,KCNJ11,HGNC:6257,Uncertain significance,0,"Mar 29, 2016",387906783,-,RCV000500789,MedGen:CN169374,not specified,germline,germline,GRCh38,NC_000011.10,11,17387913,17387913,na,na,11p15.1,"criteria provided, single submitter",1,-,N,ClinGen:CA379775970,2,435561,17387913,A,G,-,-,-,-,-,-,SCV000595316,-,-
429192,Deletion,NM_000525.4(KCNJ11):c.-507del,3767,KCNJ11,HGNC:6257,Benign,0,"Aug 10, 2019",35513985,-,RCV000500508|RCV001597148,MedGen:CN169374|MedGen:CN517202,not specified|not provided,germline,germline,GRCh37,NC_000011.9,11,17410145,17410145,na,na,11p15.1,"criteria provided, multiple submitters, no conflicts",2,-,N,ClinGen:CA218400852,2,435554,17410144,CA,C,-,-,-,-,-,-,SCV000595307|SCV001831726,-,-
429192,Deletion,NM_000525.4(KCNJ11):c.-507del,3767,KCNJ11,HGNC:6257,Benign,0,"Aug 10, 2019",35513985,-,RCV000500508|RCV001597148,MedGen:CN169374|MedGen:CN517202,not specified|not provided,germline,germline,GRCh38,NC_000011.10,11,17388598,17388598,na,na,11p15.1,"criteria provided, multiple submitters, no conflicts",2,-,N,ClinGen:CA218400852,2,435554,17388597,CA,C,-,-,-,-,-,-,SCV000595307|SCV001831726,-,-
429193,single nucleotide variant,NC_000011.10:g.17388660G>A,3767,KCNJ11,HGNC:6257,Conflicting classifications of pathogenicity,0,"Dec 09, 2016",146464426,-,RCV000501375|RCV002227170|RCV004535598,"MedGen:CN169374|Human Phenotype Ontology:HP:0004904,MONDO:MONDO:0018911,MedGen:C0342276,OMIM:PS125850,Orphanet:552|",not specified|Maturity-onset diabetes of the young|KCNJ11-related disorder,germline;somatic,germline/somatic,GRCh37,NC_000011.9,11,17410207,17410207,na,na,11p15.1,"criteria provided, conflicting classifications",3,-,N,ClinGen:CA218400871,2,435555,17410207,G,A,-,-,-,-,-,-,SCV000595308|SCV002506506,-,-
429193,single nucleotide variant,NC_000011.10:g.17388660G>A,3767,KCNJ11,HGNC:6257,Conflicting classifications of pathogenicity,0,"Dec 09, 2016",146464426,-,RCV000501375|RCV002227170|RCV004535598,"MedGen:CN169374|Human Phenotype Ontology:HP:0004904,MONDO:MONDO:0018911,MedGen:C0342276,OMIM:PS125850,Orphanet:552|",not specified|Maturity-onset diabetes of the young|KCNJ11-related disorder,germline;somatic,germline/somatic,GRCh38,NC_000011.10,11,17388660,17388660,na,na,11p15.1,"criteria provided, conflicting classifications",3,-,N,ClinGen:CA218400871,2,435555,17388660,G,A,-,-,-,-,-,-,SCV000595308|SCV002506506,-,-
429194,single nucleotide variant,NM_000352.6(ABCC8):c.4588C>T (p.Arg1530Cys),6833,ABCC8,HGNC:59,Uncertain significance,0,"Jan 04, 2023",148808854,-,RCV000503292|RCV003313086,MedGen:CN169374|MedGen:C3661900,not specified|not provided,germline,germline,GRCh37,NC_000011.9,11,17415264,17415264,na,na,11p15.1,"criteria provided, multiple submitters, no conflicts",2,-,N,ClinGen:CA5902425,2,434042,17415264,G,A,-,-,-,-,-,-,SCV000592976|SCV004012511,-,-
429194,single nucleotide variant,NM_000352.6(ABCC8):c.4588C>T (p.Arg1530Cys),6833,ABCC8,HGNC:59,Uncertain significance,0,"Jan 04, 2023",148808854,-,RCV000503292|RCV003313086,MedGen:CN169374|MedGen:C3661900,not specified|not provided,germline,germline,GRCh38,NC_000011.10,11,17393717,17393717,na,na,11p15.1,"criteria provided, multiple submitters, no conflicts",2,-,N,ClinGen:CA5902425,2,434042,17393717,G,A,-,-,-,-,-,-,SCV000592976|SCV004012511,-,-
429195,single nucleotide variant,NM_000352.6(ABCC8):c.4563G>T (p.Lys1521Asn),6833,ABCC8,HGNC:59,Conflicting classifications of pathogenicity,0,"Jan 22, 2026",142272833,-,RCV000500617|RCV000514132|RCV001174390|RCV002244967|RCV002244966|RCV004735573|RCV005863172,"MedGen:CN169374|MedGen:C3661900|MONDO:MONDO:0015967,MedGen:C3888631,Orphanet:183625|Human Phenotype Ontology:HP:0008255,MONDO:MONDO:0020525,MedGen:C0342273|Human Phenotype Ontology:HP:0004904,MONDO:MONDO:0018911,MedGen:C0342276,OMIM:PS125850,Orphanet:552||Human Phenotype Ontology:HP:0005965,Human Phenotype Ontology:HP:0005978,Human Phenotype Ontology:HP:0100652,MONDO:MONDO:0005148,MeSH:D003924,MedGen:C0011860,OMIM:125853",not specified|not provided|Monogenic diabetes|Transitory neonatal diabetes mellitus|Maturity-onset diabetes of the young|ABCC8-related disorder|Type 2 diabetes mellitus,germline;somatic;unknown,germline/somatic,GRCh37,NC_000011.9,11,17415289,17415289,na,na,11p15.1,"criteria provided, conflicting classifications",10,-,N,ClinGen:CA5902427,2,434043,17415289,C,A,-,-,-,-,-,-,SCV000592977|SCV000610875|SCV000840603|SCV001015717|SCV001337528|SCV001873775|SCV002512178|SCV002512179|SCV006555779|SCV007338034,-,-
429195,single nucleotide variant,NM_000352.6(ABCC8):c.4563G>T (p.Lys1521Asn),6833,ABCC8,HGNC:59,Conflicting classifications of pathogenicity,0,"Jan 22, 2026",142272833,-,RCV000500617|RCV000514132|RCV001174390|RCV002244967|RCV002244966|RCV004735573|RCV005863172,"MedGen:CN169374|MedGen:C3661900|MONDO:MONDO:0015967,MedGen:C3888631,Orphanet:183625|Human Phenotype Ontology:HP:0008255,MONDO:MONDO:0020525,MedGen:C0342273|Human Phenotype Ontology:HP:0004904,MONDO:MONDO:0018911,MedGen:C0342276,OMIM:PS125850,Orphanet:552||Human Phenotype Ontology:HP:0005965,Human Phenotype Ontology:HP:0005978,Human Phenotype Ontology:HP:0100652,MONDO:MONDO:0005148,MeSH:D003924,MedGen:C0011860,OMIM:125853",not specified|not provided|Monogenic diabetes|Transitory neonatal diabetes mellitus|Maturity-onset diabetes of the young|ABCC8-related disorder|Type 2 diabetes mellitus,germline;somatic;unknown,germline/somatic,GRCh38,NC_000011.10,11,17393742,17393742,na,na,11p15.1,"criteria provided, conflicting classifications",10,-,N,ClinGen:CA5902427,2,434043,17393742,C,A,-,-,-,-,-,-,SCV000592977|SCV000610875|SCV000840603|SCV001015717|SCV001337528|SCV001873775|SCV002512178|SCV002512179|SCV006555779|SCV007338034,-,-
429196,single nucleotide variant,NM_000352.6(ABCC8):c.4524G>A (p.Thr1508=),6833,ABCC8,HGNC:59,Conflicting classifications of pathogenicity,0,"Jan 31, 2026",553746345,-,RCV000504463|RCV001446350|RCV002244964|RCV002244965|RCV003159614,"MedGen:CN169374|MedGen:C3661900|Human Phenotype Ontology:HP:0004904,MONDO:MONDO:0018911,MedGen:C0342276,OMIM:PS125850,Orphanet:552|Human Phenotype Ontology:HP:0008255,MONDO:MONDO:0020525,MedGen:C0342273|MeSH:D030342,MedGen:C0950123",not specified|not provided|Maturity-onset diabetes of the young|Transitory neonatal diabetes mellitus|Inborn genetic diseases,germline;somatic,germline/somatic,GRCh37,NC_000011.9,11,17415834,17415834,na,na,11p15.1,"criteria provided, conflicting classifications",4,-,N,ClinGen:CA5902455,2,434036,17415834,C,T,-,-,-,-,-,-,SCV000592962|SCV001649395|SCV002513282|SCV002513283|SCV003869053,-,-
429196,single nucleotide variant,NM_000352.6(ABCC8):c.4524G>A (p.Thr1508=),6833,ABCC8,HGNC:59,Conflicting classifications of pathogenicity,0,"Jan 31, 2026",553746345,-,RCV000504463|RCV001446350|RCV002244964|RCV002244965|RCV003159614,"MedGen:CN169374|MedGen:C3661900|Human Phenotype Ontology:HP:0004904,MONDO:MONDO:0018911,MedGen:C0342276,OMIM:PS125850,Orphanet:552|Human Phenotype Ontology:HP:0008255,MONDO:MONDO:0020525,MedGen:C0342273|MeSH:D030342,MedGen:C0950123",not specified|not provided|Maturity-onset diabetes of the young|Transitory neonatal diabetes mellitus|Inborn genetic diseases,germline;somatic,germline/somatic,GRCh38,NC_000011.10,11,17394287,17394287,na,na,11p15.1,"criteria provided, conflicting classifications",4,-,N,ClinGen:CA5902455,2,434036,17394287,C,T,-,-,-,-,-,-,SCV000592962|SCV001649395|SCV002513282|SCV002513283|SCV003869053,-,-
429197,single nucleotide variant,NM_000352.6(ABCC8):c.4451G>T (p.Gly1484Val),6833,ABCC8,HGNC:59,Likely pathogenic,1,"Aug 30, 2016",193922405,-,RCV000502822,"MONDO:MONDO:0009734,MedGen:C2931832,OMIM:256450,Orphanet:276575,Orphanet:276598","Hyperinsulinemic hypoglycemia, familial, 1",germline,germline,GRCh37,NC_000011.9,11,17415907,17415907,na,na,11p15.1,"criteria provided, single submitter",1,-,N,ClinGen:CA379783463,2,434052,17415907,C,A,-,-,-,-,-,-,SCV000592990,-,-
429197,single nucleotide variant,NM_000352.6(ABCC8):c.4451G>T (p.Gly1484Val),6833,ABCC8,HGNC:59,Likely pathogenic,1,"Aug 30, 2016",193922405,-,RCV000502822,"MONDO:MONDO:0009734,MedGen:C2931832,OMIM:256450,Orphanet:276575,Orphanet:276598","Hyperinsulinemic hypoglycemia, familial, 1",germline,germline,GRCh38,NC_000011.10,11,17394360,17394360,na,na,11p15.1,"criteria provided, single submitter",1,-,N,ClinGen:CA379783463,2,434052,17394360,C,A,-,-,-,-,-,-,SCV000592990,-,-
429198,single nucleotide variant,NM_000352.6(ABCC8):c.4450G>A (p.Gly1484Arg),6833,ABCC8,HGNC:59,Conflicting classifications of pathogenicity,1,"Feb 11, 2016",1554904102,-,RCV000501743|RCV002244969|RCV002244968,"MONDO:MONDO:0009734,MedGen:C2931832,OMIM:256450,Orphanet:276575,Orphanet:276598|Human Phenotype Ontology:HP:0008255,MONDO:MONDO:0020525,MedGen:C0342273|Human Phenotype Ontology:HP:0004904,MONDO:MONDO:0018911,MedGen:C0342276,OMIM:PS125850,Orphanet:552","Hyperinsulinemic hypoglycemia, familial, 1|Transitory neonatal diabetes mellitus|Maturity-onset diabetes of the young",germline;somatic,germline/somatic,GRCh37,NC_000011.9,11,17415908,17415908,na,na,11p15.1,"criteria provided, conflicting classifications",2,-,N,ClinGen:CA379783478,2,434044,17415908,C,T,-,-,-,-,-,-,SCV000592978|SCV002513300|SCV002513301,-,-
429198,single nucleotide variant,NM_000352.6(ABCC8):c.4450G>A (p.Gly1484Arg),6833,ABCC8,HGNC:59,Conflicting classifications of pathogenicity,1,"Feb 11, 2016",1554904102,-,RCV000501743|RCV002244969|RCV002244968,"MONDO:MONDO:0009734,MedGen:C2931832,OMIM:256450,Orphanet:276575,Orphanet:276598|Human Phenotype Ontology:HP:0008255,MONDO:MONDO:0020525,MedGen:C0342273|Human Phenotype Ontology:HP:0004904,MONDO:MONDO:0018911,MedGen:C0342276,OMIM:PS125850,Orphanet:552","Hyperinsulinemic hypoglycemia, familial, 1|Transitory neonatal diabetes mellitus|Maturity-onset diabetes of the young",germline;somatic,germline/somatic,GRCh38,NC_000011.10,11,17394361,17394361,na,na,11p15.1,"criteria provided, conflicting classifications",2,-,N,ClinGen:CA379783478,2,434044,17394361,C,T,-,-,-,-,-,-,SCV000592978|SCV002513300|SCV002513301,-,-
429199,single nucleotide variant,NM_000352.6(ABCC8):c.4432G>A (p.Gly1478Arg),6833,ABCC8,HGNC:59,Pathogenic/Likely pathogenic,1,"Sep 21, 2024",72559715,-,RCV000503504|RCV000710389|RCV000763232|RCV001848864|RCV003470623,"MONDO:MONDO:0009734,MedGen:C2931832,OMIM:256450,Orphanet:276575,Orphanet:276598|MedGen:C3661900|MONDO:MONDO:0012480,MedGen:C1835887,OMIM:610374,Orphanet:99886;MONDO:MONDO:0009415,MedGen:C0271714,OMIM:240800;MONDO:MONDO:0100164,MedGen:C1833104,OMIM:PS606176,Orphanet:99885;MONDO:MONDO:0009734,MedGen:C2931832,OMIM:256450,Orphanet:276575,Orphanet:276598;Human Phenotype Ontology:HP:0005965,Human Phenotype Ontology:HP:0005978,Human Phenotype Ontology:HP:0100652,MONDO:MONDO:0005148,MeSH:D003924,MedGen:C0011860,OMIM:125853|MONDO:MONDO:0017184,MedGen:C4274080,Orphanet:276575|Human Phenotype Ontology:HP:0005965,Human Phenotype Ontology:HP:0005978,Human Phenotype Ontology:HP:0100652,MONDO:MONDO:0005148,MeSH:D003924,MedGen:C0011860,OMIM:125853","Hyperinsulinemic hypoglycemia, familial, 1|not provided|Diabetes mellitus, transient neonatal, 2;Leucine-induced hypoglycemia;Permanent neonatal diabetes mellitus;Hyperinsulinemic hypoglycemia, familial, 1;Type 2 diabetes mellitus|Autosomal dominant hyperinsulinism due to SUR1 deficiency|Type 2 diabetes mellitus",germline;unknown,germline,GRCh37,NC_000011.9,11,17415926,17415926,na,na,11p15.1,"criteria provided, multiple submitters, no conflicts",9,-,N,ClinGen:CA218406864,2,434045,17415926,C,T,-,-,-,-,-,-,SCV000592979|SCV000840599|SCV000893865|SCV001582811|SCV002104247|SCV004039404|SCV004193216|SCV005400341,-,-
429199,single nucleotide variant,NM_000352.6(ABCC8):c.4432G>A (p.Gly1478Arg),6833,ABCC8,HGNC:59,Pathogenic/Likely pathogenic,1,"Sep 21, 2024",72559715,-,RCV000503504|RCV000710389|RCV000763232|RCV001848864|RCV003470623,"MONDO:MONDO:0009734,MedGen:C2931832,OMIM:256450,Orphanet:276575,Orphanet:276598|MedGen:C3661900|MONDO:MONDO:0012480,MedGen:C1835887,OMIM:610374,Orphanet:99886;MONDO:MONDO:0009415,MedGen:C0271714,OMIM:240800;MONDO:MONDO:0100164,MedGen:C1833104,OMIM:PS606176,Orphanet:99885;MONDO:MONDO:0009734,MedGen:C2931832,OMIM:256450,Orphanet:276575,Orphanet:276598;Human Phenotype Ontology:HP:0005965,Human Phenotype Ontology:HP:0005978,Human Phenotype Ontology:HP:0100652,MONDO:MONDO:0005148,MeSH:D003924,MedGen:C0011860,OMIM:125853|MONDO:MONDO:0017184,MedGen:C4274080,Orphanet:276575|Human Phenotype Ontology:HP:0005965,Human Phenotype Ontology:HP:0005978,Human Phenotype Ontology:HP:0100652,MONDO:MONDO:0005148,MeSH:D003924,MedGen:C0011860,OMIM:125853","Hyperinsulinemic hypoglycemia, familial, 1|not provided|Diabetes mellitus, transient neonatal, 2;Leucine-induced hypoglycemia;Permanent neonatal diabetes mellitus;Hyperinsulinemic hypoglycemia, familial, 1;Type 2 diabetes mellitus|Autosomal dominant hyperinsulinism due to SUR1 deficiency|Type 2 diabetes mellitus",germline;unknown,germline,GRCh38,NC_000011.10,11,17394379,17394379,na,na,11p15.1,"criteria provided, multiple submitters, no conflicts",9,-,N,ClinGen:CA218406864,2,434045,17394379,C,T,-,-,-,-,-,-,SCV000592979|SCV000840599|SCV000893865|SCV001582811|SCV002104247|SCV004039404|SCV004193216|SCV005400341,-,-
429200,single nucleotide variant,NM_000352.6(ABCC8):c.4376T>G (p.Leu1459Arg),6833,ABCC8,HGNC:59,Conflicting classifications of pathogenicity,1,"Jul 15, 2025",971604271,-,RCV000503846|RCV001280724|RCV005899822,"MONDO:MONDO:0009734,MedGen:C2931832,OMIM:256450,Orphanet:276575,Orphanet:276598|MedGen:C3661900|MedGen:CN169374","Hyperinsulinemic hypoglycemia, familial, 1|not provided|not specified",germline;paternal;unknown,germline,GRCh37,NC_000011.9,11,17416754,17416754,na,na,11p15.1,"criteria provided, conflicting classifications",6,-,N,ClinGen:CA218407548,2,434058,17416754,A,C,-,-,-,-,-,-,SCV000592999|SCV001468038|SCV002060220|SCV003032969|SCV007094749,-,-
429200,single nucleotide variant,NM_000352.6(ABCC8):c.4376T>G (p.Leu1459Arg),6833,ABCC8,HGNC:59,Conflicting classifications of pathogenicity,1,"Jul 15, 2025",971604271,-,RCV000503846|RCV001280724|RCV005899822,"MONDO:MONDO:0009734,MedGen:C2931832,OMIM:256450,Orphanet:276575,Orphanet:276598|MedGen:C3661900|MedGen:CN169374","Hyperinsulinemic hypoglycemia, familial, 1|not provided|not specified",germline;paternal;unknown,germline,GRCh38,NC_000011.10,11,17395207,17395207,na,na,11p15.1,"criteria provided, conflicting classifications",6,-,N,ClinGen:CA218407548,2,434058,17395207,A,C,-,-,-,-,-,-,SCV000592999|SCV001468038|SCV002060220|SCV003032969|SCV007094749,-,-
429201,single nucleotide variant,NM_000352.6(ABCC8):c.4265C>G (p.Ser1422Cys),6833,ABCC8,HGNC:59,Conflicting classifications of pathogenicity,1,"Apr 05, 2017",1554904936,-,RCV000501443|RCV002244972|RCV002244971,"MONDO:MONDO:0100164,MedGen:C1833104,OMIM:PS606176,Orphanet:99885|Human Phenotype Ontology:HP:0008255,MONDO:MONDO:0020525,MedGen:C0342273|Human Phenotype Ontology:HP:0004904,MONDO:MONDO:0018911,MedGen:C0342276,OMIM:PS125850,Orphanet:552",Permanent neonatal diabetes mellitus|Transitory neonatal diabetes mellitus|Maturity-onset diabetes of the young,germline;somatic,germline/somatic,GRCh37,NC_000011.9,11,17417199,17417199,na,na,11p15.1,"criteria provided, conflicting classifications",2,-,N,ClinGen:CA379786606,2,434057,17417199,G,C,-,-,-,-,-,-,SCV000592998|SCV002513432|SCV002513433,-,-
429201,single nucleotide variant,NM_000352.6(ABCC8):c.4265C>G (p.Ser1422Cys),6833,ABCC8,HGNC:59,Conflicting classifications of pathogenicity,1,"Apr 05, 2017",1554904936,-,RCV000501443|RCV002244972|RCV002244971,"MONDO:MONDO:0100164,MedGen:C1833104,OMIM:PS606176,Orphanet:99885|Human Phenotype Ontology:HP:0008255,MONDO:MONDO:0020525,MedGen:C0342273|Human Phenotype Ontology:HP:0004904,MONDO:MONDO:0018911,MedGen:C0342276,OMIM:PS125850,Orphanet:552",Permanent neonatal diabetes mellitus|Transitory neonatal diabetes mellitus|Maturity-onset diabetes of the young,germline;somatic,germline/somatic,GRCh38,NC_000011.10,11,17395652,17395652,na,na,11p15.1,"criteria provided, conflicting classifications",2,-,N,ClinGen:CA379786606,2,434057,17395652,G,C,-,-,-,-,-,-,SCV000592998|SCV002513432|SCV002513433,-,-
429202,single nucleotide variant,NM_000352.6(ABCC8):c.4109C>T (p.Pro1370Leu),6833,ABCC8,HGNC:59,Conflicting classifications of pathogenicity,1,"May 27, 2024",1554905662,-,RCV000504191|RCV002244970|RCV002274043,"MONDO:MONDO:0009734,MedGen:C2931832,OMIM:256450,Orphanet:276575,Orphanet:276598|Human Phenotype Ontology:HP:0008255,MONDO:MONDO:0020525,MedGen:C0342273|Human Phenotype Ontology:HP:0004904,MONDO:MONDO:0018911,MedGen:C0342276,OMIM:PS125850,Orphanet:552","Hyperinsulinemic hypoglycemia, familial, 1|Transitory neonatal diabetes mellitus|Maturity-onset diabetes of the young",germline;somatic;unknown,germline/somatic,GRCh37,NC_000011.9,11,17418473,17418473,na,na,11p15.1,"criteria provided, conflicting classifications",2,-,N,ClinGen:CA379790212,2,434046,17418473,G,A,-,-,-,-,-,-,SCV000592982|SCV002513485|SCV002558804,-,-
429202,single nucleotide variant,NM_000352.6(ABCC8):c.4109C>T (p.Pro1370Leu),6833,ABCC8,HGNC:59,Conflicting classifications of pathogenicity,1,"May 27, 2024",1554905662,-,RCV000504191|RCV002244970|RCV002274043,"MONDO:MONDO:0009734,MedGen:C2931832,OMIM:256450,Orphanet:276575,Orphanet:276598|Human Phenotype Ontology:HP:0008255,MONDO:MONDO:0020525,MedGen:C0342273|Human Phenotype Ontology:HP:0004904,MONDO:MONDO:0018911,MedGen:C0342276,OMIM:PS125850,Orphanet:552","Hyperinsulinemic hypoglycemia, familial, 1|Transitory neonatal diabetes mellitus|Maturity-onset diabetes of the young",germline;somatic;unknown,germline/somatic,GRCh38,NC_000011.10,11,17396926,17396926,na,na,11p15.1,"criteria provided, conflicting classifications",2,-,N,ClinGen:CA379790212,2,434046,17396926,G,A,-,-,-,-,-,-,SCV000592982|SCV002513485|SCV002558804,-,-
429203,single nucleotide variant,NM_000352.6(ABCC8):c.3593C>T (p.Pro1198Leu),6833,ABCC8,HGNC:59,Pathogenic/Likely pathogenic,1,"Jun 02, 2025",1554909277,-,RCV000500160|RCV002051860|RCV006263996,"MONDO:MONDO:0100164,MedGen:C1833104,OMIM:PS606176,Orphanet:99885|MONDO:MONDO:0016391,MedGen:C0158981,Orphanet:224|MedGen:C3661900",Permanent neonatal diabetes mellitus|Neonatal diabetes mellitus|not provided,germline,germline,GRCh37,NC_000011.9,11,17424265,17424265,na,na,11p15.1,"criteria provided, multiple submitters, no conflicts",3,-,N,ClinGen:CA379796687,2,434047,17424265,G,A,-,-,-,-,-,-,SCV000592983|SCV002318411|SCV007121358,-,-
429203,single nucleotide variant,NM_000352.6(ABCC8):c.3593C>T (p.Pro1198Leu),6833,ABCC8,HGNC:59,Pathogenic/Likely pathogenic,1,"Jun 02, 2025",1554909277,-,RCV000500160|RCV002051860|RCV006263996,"MONDO:MONDO:0100164,MedGen:C1833104,OMIM:PS606176,Orphanet:99885|MONDO:MONDO:0016391,MedGen:C0158981,Orphanet:224|MedGen:C3661900",Permanent neonatal diabetes mellitus|Neonatal diabetes mellitus|not provided,germline,germline,GRCh38,NC_000011.10,11,17402718,17402718,na,na,11p15.1,"criteria provided, multiple submitters, no conflicts",3,-,N,ClinGen:CA379796687,2,434047,17402718,G,A,-,-,-,-,-,-,SCV000592983|SCV002318411|SCV007121358,-,-
429204,single nucleotide variant,NM_000352.6(ABCC8):c.2992C>T (p.Arg998Ter),6833,ABCC8,HGNC:59,Pathogenic,1,"Jun 09, 2025",769518471,-,RCV000499389|RCV000517672|RCV000664138|RCV001277193|RCV003464074,"MONDO:MONDO:0009734,MedGen:C2931832,OMIM:256450,Orphanet:276575,Orphanet:276598|MedGen:C3661900|MONDO:MONDO:0015967,MedGen:C3888631,Orphanet:183625||Human Phenotype Ontology:HP:0005965,Human Phenotype Ontology:HP:0005978,Human Phenotype Ontology:HP:0100652,MONDO:MONDO:0005148,MeSH:D003924,MedGen:C0011860,OMIM:125853","Hyperinsulinemic hypoglycemia, familial, 1|not provided|Monogenic diabetes|Hereditary hyperinsulinism|Type 2 diabetes mellitus",germline;unknown,germline,GRCh37,NC_000011.9,11,17428605,17428605,na,na,11p15.1,"criteria provided, multiple submitters, no conflicts",9,-,N,ClinGen:CA5902951,2,434053,17428605,G,A,-,-,-,-,-,-,SCV000592991|SCV000612206|SCV000931645|SCV002018617|SCV002577265|SCV004197908,-,-
429204,single nucleotide variant,NM_000352.6(ABCC8):c.2992C>T (p.Arg998Ter),6833,ABCC8,HGNC:59,Pathogenic,1,"Jun 09, 2025",769518471,-,RCV000499389|RCV000517672|RCV000664138|RCV001277193|RCV003464074,"MONDO:MONDO:0009734,MedGen:C2931832,OMIM:256450,Orphanet:276575,Orphanet:276598|MedGen:C3661900|MONDO:MONDO:0015967,MedGen:C3888631,Orphanet:183625||Human Phenotype Ontology:HP:0005965,Human Phenotype Ontology:HP:0005978,Human Phenotype Ontology:HP:0100652,MONDO:MONDO:0005148,MeSH:D003924,MedGen:C0011860,OMIM:125853","Hyperinsulinemic hypoglycemia, familial, 1|not provided|Monogenic diabetes|Hereditary hyperinsulinism|Type 2 diabetes mellitus",germline;unknown,germline,GRCh38,NC_000011.10,11,17407058,17407058,na,na,11p15.1,"criteria provided, multiple submitters, no conflicts",9,-,N,ClinGen:CA5902951,2,434053,17407058,G,A,-,-,-,-,-,-,SCV000592991|SCV000612206|SCV000931645|SCV002018617|SCV002577265|SCV004197908,-,-
429205,single nucleotide variant,NM_000352.6(ABCC8):c.2921-9G>A,6833,ABCC8,HGNC:59,Pathogenic/Likely pathogenic,1,"Jun 03, 2025",757171524,-,RCV000502550|RCV001288417|RCV001834612|RCV003470624|RCV005044751|RCV005431711,"MONDO:MONDO:0009734,MedGen:C2931832,OMIM:256450,Orphanet:276575,Orphanet:276598|MedGen:C3661900||Human Phenotype Ontology:HP:0005965,Human Phenotype Ontology:HP:0005978,Human Phenotype Ontology:HP:0100652,MONDO:MONDO:0005148,MeSH:D003924,MedGen:C0011860,OMIM:125853|MONDO:MONDO:0012480,MedGen:C1835887,OMIM:610374,Orphanet:99886;MONDO:MONDO:0009415,MedGen:C0271714,OMIM:240800;MONDO:MONDO:0030088,MedGen:C5394303,OMIM:618857;MONDO:MONDO:0009734,MedGen:C2931832,OMIM:256450,Orphanet:276575,Orphanet:276598;Human Phenotype Ontology:HP:0005965,Human Phenotype Ontology:HP:0005978,Human Phenotype Ontology:HP:0100652,MONDO:MONDO:0005148,MeSH:D003924,MedGen:C0011860,OMIM:125853|MONDO:MONDO:0017182,MedGen:C3888018,Orphanet:276525","Hyperinsulinemic hypoglycemia, familial, 1|not provided|Hereditary hyperinsulinism|Type 2 diabetes mellitus|Diabetes mellitus, transient neonatal, 2;Leucine-induced hypoglycemia;Diabetes mellitus, permanent neonatal 3;Hyperinsulinemic hypoglycemia, familial, 1;Type 2 diabetes mellitus|Familial hyperinsulinism",germline;unknown,germline,GRCh37,NC_000011.9,11,17428685,17428685,na,na,11p15.1,"criteria provided, multiple submitters, no conflicts",10,-,N,ClinGen:CA5902971,2,434048,17428685,C,T,-,-,-,-,-,-,SCV000592984|SCV001475499|SCV002600284|SCV003440271|SCV004026537|SCV004209302|SCV005676316|SCV006102116|SCV006323303,-,-
429205,single nucleotide variant,NM_000352.6(ABCC8):c.2921-9G>A,6833,ABCC8,HGNC:59,Pathogenic/Likely pathogenic,1,"Jun 03, 2025",757171524,-,RCV000502550|RCV001288417|RCV001834612|RCV003470624|RCV005044751|RCV005431711,"MONDO:MONDO:0009734,MedGen:C2931832,OMIM:256450,Orphanet:276575,Orphanet:276598|MedGen:C3661900||Human Phenotype Ontology:HP:0005965,Human Phenotype Ontology:HP:0005978,Human Phenotype Ontology:HP:0100652,MONDO:MONDO:0005148,MeSH:D003924,MedGen:C0011860,OMIM:125853|MONDO:MONDO:0012480,MedGen:C1835887,OMIM:610374,Orphanet:99886;MONDO:MONDO:0009415,MedGen:C0271714,OMIM:240800;MONDO:MONDO:0030088,MedGen:C5394303,OMIM:618857;MONDO:MONDO:0009734,MedGen:C2931832,OMIM:256450,Orphanet:276575,Orphanet:276598;Human Phenotype Ontology:HP:0005965,Human Phenotype Ontology:HP:0005978,Human Phenotype Ontology:HP:0100652,MONDO:MONDO:0005148,MeSH:D003924,MedGen:C0011860,OMIM:125853|MONDO:MONDO:0017182,MedGen:C3888018,Orphanet:276525","Hyperinsulinemic hypoglycemia, familial, 1|not provided|Hereditary hyperinsulinism|Type 2 diabetes mellitus|Diabetes mellitus, transient neonatal, 2;Leucine-induced hypoglycemia;Diabetes mellitus, permanent neonatal 3;Hyperinsulinemic hypoglycemia, familial, 1;Type 2 diabetes mellitus|Familial hyperinsulinism",germline;unknown,germline,GRCh38,NC_000011.10,11,17407138,17407138,na,na,11p15.1,"criteria provided, multiple submitters, no conflicts",10,-,N,ClinGen:CA5902971,2,434048,17407138,C,T,-,-,-,-,-,-,SCV000592984|SCV001475499|SCV002600284|SCV003440271|SCV004026537|SCV004209302|SCV005676316|SCV006102116|SCV006323303,-,-
429206,single nucleotide variant,NM_000352.6(ABCC8):c.2858A>C (p.Gln953Pro),6833,ABCC8,HGNC:59,Uncertain significance,0,"Aug 22, 2022",761960758,-,RCV000504385|RCV002490826|RCV002527183,"MedGen:CN169374|MONDO:MONDO:0012480,MedGen:C1835887,OMIM:610374,Orphanet:99886;MONDO:MONDO:0009415,MedGen:C0271714,OMIM:240800;MONDO:MONDO:0030088,MedGen:C5394303,OMIM:618857;MONDO:MONDO:0009734,MedGen:C2931832,OMIM:256450,Orphanet:276575,Orphanet:276598;Human Phenotype Ontology:HP:0005965,Human Phenotype Ontology:HP:0005978,Human Phenotype Ontology:HP:0100652,MONDO:MONDO:0005148,MeSH:D003924,MedGen:C0011860,OMIM:125853|MedGen:C3661900","not specified|Diabetes mellitus, transient neonatal, 2;Leucine-induced hypoglycemia;Diabetes mellitus, permanent neonatal 3;Hyperinsulinemic hypoglycemia, familial, 1;Type 2 diabetes mellitus|not provided",germline;unknown,germline,GRCh37,NC_000011.9,11,17428963,17428963,na,na,11p15.1,"criteria provided, multiple submitters, no conflicts",3,-,N,ClinGen:CA5903000,2,434049,17428963,T,G,-,-,-,-,-,-,SCV000592985|SCV002799514|SCV003470520,-,-
429206,single nucleotide variant,NM_000352.6(ABCC8):c.2858A>C (p.Gln953Pro),6833,ABCC8,HGNC:59,Uncertain significance,0,"Aug 22, 2022",761960758,-,RCV000504385|RCV002490826|RCV002527183,"MedGen:CN169374|MONDO:MONDO:0012480,MedGen:C1835887,OMIM:610374,Orphanet:99886;MONDO:MONDO:0009415,MedGen:C0271714,OMIM:240800;MONDO:MONDO:0030088,MedGen:C5394303,OMIM:618857;MONDO:MONDO:0009734,MedGen:C2931832,OMIM:256450,Orphanet:276575,Orphanet:276598;Human Phenotype Ontology:HP:0005965,Human Phenotype Ontology:HP:0005978,Human Phenotype Ontology:HP:0100652,MONDO:MONDO:0005148,MeSH:D003924,MedGen:C0011860,OMIM:125853|MedGen:C3661900","not specified|Diabetes mellitus, transient neonatal, 2;Leucine-induced hypoglycemia;Diabetes mellitus, permanent neonatal 3;Hyperinsulinemic hypoglycemia, familial, 1;Type 2 diabetes mellitus|not provided",germline;unknown,germline,GRCh38,NC_000011.10,11,17407416,17407416,na,na,11p15.1,"criteria provided, multiple submitters, no conflicts",3,-,N,ClinGen:CA5903000,2,434049,17407416,T,G,-,-,-,-,-,-,SCV000592985|SCV002799514|SCV003470520,-,-
429207,Indel,NM_000352.6(ABCC8):c.2295_2307delinsAA (p.Arg766fs),6833,ABCC8,HGNC:59,Conflicting classifications of pathogenicity,1,"Aug 31, 2016",1554917411,-,RCV000499629|RCV002251480|RCV002251479,"MONDO:MONDO:0009734,MedGen:C2931832,OMIM:256450,Orphanet:276575,Orphanet:276598|Human Phenotype Ontology:HP:0008255,MONDO:MONDO:0020525,MedGen:C0342273|Human Phenotype Ontology:HP:0004904,MONDO:MONDO:0018911,MedGen:C0342276,OMIM:PS125850,Orphanet:552","Hyperinsulinemic hypoglycemia, familial, 1|Transitory neonatal diabetes mellitus|Maturity-onset diabetes of the young",germline;unknown,germline,GRCh37,NC_000011.9,11,17436142,17436154,na,na,11p15.1,"criteria provided, conflicting classifications",2,-,N,ClinGen:CA645372510,2,434054,17436142,CACGGGGCCTCTC,TT,-,-,-,-,-,-,SCV000592994|SCV002522209|SCV002522211,-,-
429207,Indel,NM_000352.6(ABCC8):c.2295_2307delinsAA (p.Arg766fs),6833,ABCC8,HGNC:59,Conflicting classifications of pathogenicity,1,"Aug 31, 2016",1554917411,-,RCV000499629|RCV002251480|RCV002251479,"MONDO:MONDO:0009734,MedGen:C2931832,OMIM:256450,Orphanet:276575,Orphanet:276598|Human Phenotype Ontology:HP:0008255,MONDO:MONDO:0020525,MedGen:C0342273|Human Phenotype Ontology:HP:0004904,MONDO:MONDO:0018911,MedGen:C0342276,OMIM:PS125850,Orphanet:552","Hyperinsulinemic hypoglycemia, familial, 1|Transitory neonatal diabetes mellitus|Maturity-onset diabetes of the young",germline;unknown,germline,GRCh38,NC_000011.10,11,17414595,17414607,na,na,11p15.1,"criteria provided, conflicting classifications",2,-,N,ClinGen:CA645372510,2,434054,17414595,CACGGGGCCTCTC,TT,-,-,-,-,-,-,SCV000592994|SCV002522209|SCV002522211,-,-
429208,single nucleotide variant,NM_000352.6(ABCC8):c.2176G>A (p.Ala726Thr),6833,ABCC8,HGNC:59,Conflicting classifications of pathogenicity,0,"Jan 27, 2026",138687850,-,RCV000501008|RCV000763719|RCV001102699|RCV001102697|RCV001102698|RCV001278414|RCV002056831|RCV005044752|RCV005356014,"MedGen:CN169374|MONDO:MONDO:0012480,MedGen:C1835887,OMIM:610374,Orphanet:99886;MONDO:MONDO:0009415,MedGen:C0271714,OMIM:240800;MONDO:MONDO:0100164,MedGen:C1833104,OMIM:PS606176,Orphanet:99885;MONDO:MONDO:0009734,MedGen:C2931832,OMIM:256450,Orphanet:276575,Orphanet:276598;Human Phenotype Ontology:HP:0005965,Human Phenotype Ontology:HP:0005978,Human Phenotype Ontology:HP:0100652,MONDO:MONDO:0005148,MeSH:D003924,MedGen:C0011860,OMIM:125853|MONDO:MONDO:0009734,MedGen:C2931832,OMIM:256450,Orphanet:276575,Orphanet:276598|MONDO:MONDO:0012480,MedGen:C1835887,OMIM:610374,Orphanet:99886|MONDO:MONDO:0100164,MedGen:C1833104,OMIM:PS606176,Orphanet:99885||MedGen:C3661900|MONDO:MONDO:0012480,MedGen:C1835887,OMIM:610374,Orphanet:99886;MONDO:MONDO:0009415,MedGen:C0271714,OMIM:240800;MONDO:MONDO:0030088,MedGen:C5394303,OMIM:618857;MONDO:MONDO:0009734,MedGen:C2931832,OMIM:256450,Orphanet:276575,Orphanet:276598;Human Phenotype Ontology:HP:0005965,Human Phenotype Ontology:HP:0005978,Human Phenotype Ontology:HP:0100652,MONDO:MONDO:0005148,MeSH:D003924,MedGen:C0011860,OMIM:125853|Human Phenotype Ontology:HP:0002092,Human Phenotype Ontology:HP:0006546,MONDO:MONDO:0015924,MeSH:D000081029,MedGen:C2973725,Orphanet:182090","not specified|Diabetes mellitus, transient neonatal, 2;Leucine-induced hypoglycemia;Permanent neonatal diabetes mellitus;Hyperinsulinemic hypoglycemia, familial, 1;Type 2 diabetes mellitus|Hyperinsulinemic hypoglycemia, familial, 1|Diabetes mellitus, transient neonatal, 2|Permanent neonatal diabetes mellitus|Hereditary hyperinsulinism|not provided|Diabetes mellitus, transient neonatal, 2;Leucine-induced hypoglycemia;Diabetes mellitus, permanent neonatal 3;Hyperinsulinemic hypoglycemia, familial, 1;Type 2 diabetes mellitus|Pulmonary arterial hypertension",germline;unknown,germline,GRCh37,NC_000011.9,11,17448642,17448642,na,na,11p15.1,"criteria provided, conflicting classifications",9,-,N,ClinGen:CA5903282,2,434050,17448642,C,T,-,-,-,-,-,-,SCV000592986|SCV000894603|SCV001259382|SCV001259383|SCV001259384|SCV002060111|SCV002396520|SCV002547982|SCV004025618|SCV005676366|SCV005921249,-,-
429208,single nucleotide variant,NM_000352.6(ABCC8):c.2176G>A (p.Ala726Thr),6833,ABCC8,HGNC:59,Conflicting classifications of pathogenicity,0,"Jan 27, 2026",138687850,-,RCV000501008|RCV000763719|RCV001102699|RCV001102697|RCV001102698|RCV001278414|RCV002056831|RCV005044752|RCV005356014,"MedGen:CN169374|MONDO:MONDO:0012480,MedGen:C1835887,OMIM:610374,Orphanet:99886;MONDO:MONDO:0009415,MedGen:C0271714,OMIM:240800;MONDO:MONDO:0100164,MedGen:C1833104,OMIM:PS606176,Orphanet:99885;MONDO:MONDO:0009734,MedGen:C2931832,OMIM:256450,Orphanet:276575,Orphanet:276598;Human Phenotype Ontology:HP:0005965,Human Phenotype Ontology:HP:0005978,Human Phenotype Ontology:HP:0100652,MONDO:MONDO:0005148,MeSH:D003924,MedGen:C0011860,OMIM:125853|MONDO:MONDO:0009734,MedGen:C2931832,OMIM:256450,Orphanet:276575,Orphanet:276598|MONDO:MONDO:0012480,MedGen:C1835887,OMIM:610374,Orphanet:99886|MONDO:MONDO:0100164,MedGen:C1833104,OMIM:PS606176,Orphanet:99885||MedGen:C3661900|MONDO:MONDO:0012480,MedGen:C1835887,OMIM:610374,Orphanet:99886;MONDO:MONDO:0009415,MedGen:C0271714,OMIM:240800;MONDO:MONDO:0030088,MedGen:C5394303,OMIM:618857;MONDO:MONDO:0009734,MedGen:C2931832,OMIM:256450,Orphanet:276575,Orphanet:276598;Human Phenotype Ontology:HP:0005965,Human Phenotype Ontology:HP:0005978,Human Phenotype Ontology:HP:0100652,MONDO:MONDO:0005148,MeSH:D003924,MedGen:C0011860,OMIM:125853|Human Phenotype Ontology:HP:0002092,Human Phenotype Ontology:HP:0006546,MONDO:MONDO:0015924,MeSH:D000081029,MedGen:C2973725,Orphanet:182090","not specified|Diabetes mellitus, transient neonatal, 2;Leucine-induced hypoglycemia;Permanent neonatal diabetes mellitus;Hyperinsulinemic hypoglycemia, familial, 1;Type 2 diabetes mellitus|Hyperinsulinemic hypoglycemia, familial, 1|Diabetes mellitus, transient neonatal, 2|Permanent neonatal diabetes mellitus|Hereditary hyperinsulinism|not provided|Diabetes mellitus, transient neonatal, 2;Leucine-induced hypoglycemia;Diabetes mellitus, permanent neonatal 3;Hyperinsulinemic hypoglycemia, familial, 1;Type 2 diabetes mellitus|Pulmonary arterial hypertension",germline;unknown,germline,GRCh38,NC_000011.10,11,17427095,17427095,na,na,11p15.1,"criteria provided, conflicting classifications",9,-,N,ClinGen:CA5903282,2,434050,17427095,C,T,-,-,-,-,-,-,SCV000592986|SCV000894603|SCV001259382|SCV001259383|SCV001259384|SCV002060111|SCV002396520|SCV002547982|SCV004025618|SCV005676366|SCV005921249,-,-
429209,single nucleotide variant,NM_000352.6(ABCC8):c.2143G>A (p.Val715Met),6833,ABCC8,HGNC:59,Conflicting classifications of pathogenicity,1,"Apr 24, 2017",1554924142,-,RCV000500528|RCV000518807|RCV002251482|RCV002251481,"MONDO:MONDO:0009734,MedGen:C2931832,OMIM:256450,Orphanet:276575,Orphanet:276598|MedGen:CN169374|Human Phenotype Ontology:HP:0008255,MONDO:MONDO:0020525,MedGen:C0342273|Human Phenotype Ontology:HP:0004904,MONDO:MONDO:0018911,MedGen:C0342276,OMIM:PS125850,Orphanet:552","Hyperinsulinemic hypoglycemia, familial, 1|not specified|Transitory neonatal diabetes mellitus|Maturity-onset diabetes of the young",germline;unknown,germline,GRCh37,NC_000011.9,11,17448675,17448675,na,na,11p15.1,"criteria provided, conflicting classifications",3,-,N,ClinGen:CA379813722,2,434059,17448675,C,T,-,-,-,-,-,-,SCV000593000|SCV000612204|SCV002522260|SCV002522261,-,-
429209,single nucleotide variant,NM_000352.6(ABCC8):c.2143G>A (p.Val715Met),6833,ABCC8,HGNC:59,Conflicting classifications of pathogenicity,1,"Apr 24, 2017",1554924142,-,RCV000500528|RCV000518807|RCV002251482|RCV002251481,"MONDO:MONDO:0009734,MedGen:C2931832,OMIM:256450,Orphanet:276575,Orphanet:276598|MedGen:CN169374|Human Phenotype Ontology:HP:0008255,MONDO:MONDO:0020525,MedGen:C0342273|Human Phenotype Ontology:HP:0004904,MONDO:MONDO:0018911,MedGen:C0342276,OMIM:PS125850,Orphanet:552","Hyperinsulinemic hypoglycemia, familial, 1|not specified|Transitory neonatal diabetes mellitus|Maturity-onset diabetes of the young",germline;unknown,germline,GRCh38,NC_000011.10,11,17427128,17427128,na,na,11p15.1,"criteria provided, conflicting classifications",3,-,N,ClinGen:CA379813722,2,434059,17427128,C,T,-,-,-,-,-,-,SCV000593000|SCV000612204|SCV002522260|SCV002522261,-,-
429210,single nucleotide variant,NM_000352.6(ABCC8):c.1792C>T (p.Arg598Ter),6833,ABCC8,HGNC:59,Pathogenic,1,"Mar 17, 2025",139328569,-,RCV000500331|RCV001380990|RCV001829422|RCV001797741|RCV002496936|RCV004535574|RCV003470626,"MONDO:MONDO:0009734,MedGen:C2931832,OMIM:256450,Orphanet:276575,Orphanet:276598|MedGen:C3661900||MONDO:MONDO:0017182,MedGen:C3888018,Orphanet:276525|MONDO:MONDO:0012480,MedGen:C1835887,OMIM:610374,Orphanet:99886;MONDO:MONDO:0009415,MedGen:C0271714,OMIM:240800;MONDO:MONDO:0030088,MedGen:C5394303,OMIM:618857;MONDO:MONDO:0009734,MedGen:C2931832,OMIM:256450,Orphanet:276575,Orphanet:276598;Human Phenotype Ontology:HP:0005965,Human Phenotype Ontology:HP:0005978,Human Phenotype Ontology:HP:0100652,MONDO:MONDO:0005148,MeSH:D003924,MedGen:C0011860,OMIM:125853||Human Phenotype Ontology:HP:0005965,Human Phenotype Ontology:HP:0005978,Human Phenotype Ontology:HP:0100652,MONDO:MONDO:0005148,MeSH:D003924,MedGen:C0011860,OMIM:125853","Hyperinsulinemic hypoglycemia, familial, 1|not provided|Hereditary hyperinsulinism|Familial hyperinsulinism|Diabetes mellitus, transient neonatal, 2;Leucine-induced hypoglycemia;Diabetes mellitus, permanent neonatal 3;Hyperinsulinemic hypoglycemia, familial, 1;Type 2 diabetes mellitus|ABCC8-related disorder|Type 2 diabetes mellitus",germline;unknown,germline,GRCh37,NC_000011.9,11,17452386,17452386,na,na,11p15.1,"criteria provided, multiple submitters, no conflicts",11,-,N,ClinGen:CA5903454,2,434056,17452386,G,A,-,-,-,-,-,-,SCV000592997|SCV001579233|SCV001879520|SCV002041539|SCV002318432|SCV002811737|SCV004026553|SCV004036901|SCV004191361,-,-
429210,single nucleotide variant,NM_000352.6(ABCC8):c.1792C>T (p.Arg598Ter),6833,ABCC8,HGNC:59,Pathogenic,1,"Mar 17, 2025",139328569,-,RCV000500331|RCV001380990|RCV001829422|RCV001797741|RCV002496936|RCV004535574|RCV003470626,"MONDO:MONDO:0009734,MedGen:C2931832,OMIM:256450,Orphanet:276575,Orphanet:276598|MedGen:C3661900||MONDO:MONDO:0017182,MedGen:C3888018,Orphanet:276525|MONDO:MONDO:0012480,MedGen:C1835887,OMIM:610374,Orphanet:99886;MONDO:MONDO:0009415,MedGen:C0271714,OMIM:240800;MONDO:MONDO:0030088,MedGen:C5394303,OMIM:618857;MONDO:MONDO:0009734,MedGen:C2931832,OMIM:256450,Orphanet:276575,Orphanet:276598;Human Phenotype Ontology:HP:0005965,Human Phenotype Ontology:HP:0005978,Human Phenotype Ontology:HP:0100652,MONDO:MONDO:0005148,MeSH:D003924,MedGen:C0011860,OMIM:125853||Human Phenotype Ontology:HP:0005965,Human Phenotype Ontology:HP:0005978,Human Phenotype Ontology:HP:0100652,MONDO:MONDO:0005148,MeSH:D003924,MedGen:C0011860,OMIM:125853","Hyperinsulinemic hypoglycemia, familial, 1|not provided|Hereditary hyperinsulinism|Familial hyperinsulinism|Diabetes mellitus, transient neonatal, 2;Leucine-induced hypoglycemia;Diabetes mellitus, permanent neonatal 3;Hyperinsulinemic hypoglycemia, familial, 1;Type 2 diabetes mellitus|ABCC8-related disorder|Type 2 diabetes mellitus",germline;unknown,germline,GRCh38,NC_000011.10,11,17430839,17430839,na,na,11p15.1,"criteria provided, multiple submitters, no conflicts",11,-,N,ClinGen:CA5903454,2,434056,17430839,G,A,-,-,-,-,-,-,SCV000592997|SCV001579233|SCV001879520|SCV002041539|SCV002318432|SCV002811737|SCV004026553|SCV004036901|SCV004191361,-,-
429211,Deletion,NM_000352.6(ABCC8):c.1752del (p.His584fs),6833,ABCC8,HGNC:59,Conflicting classifications of pathogenicity,1,"Feb 17, 2017",1554926539,-,RCV000502297|RCV002266973|RCV002266972,"MONDO:MONDO:0009734,MedGen:C2931832,OMIM:256450,Orphanet:276575,Orphanet:276598|Human Phenotype Ontology:HP:0008255,MONDO:MONDO:0020525,MedGen:C0342273|Human Phenotype Ontology:HP:0004904,MONDO:MONDO:0018911,MedGen:C0342276,OMIM:PS125850,Orphanet:552","Hyperinsulinemic hypoglycemia, familial, 1|Transitory neonatal diabetes mellitus|Maturity-onset diabetes of the young",germline;unknown,germline,GRCh37,NC_000011.9,11,17452426,17452426,na,na,11p15.1,"criteria provided, conflicting classifications",2,-,N,ClinGen:CA645372892,2,434060,17452425,TA,T,-,-,-,-,-,-,SCV000593001|SCV002522347|SCV002522348,-,-
429211,Deletion,NM_000352.6(ABCC8):c.1752del (p.His584fs),6833,ABCC8,HGNC:59,Conflicting classifications of pathogenicity,1,"Feb 17, 2017",1554926539,-,RCV000502297|RCV002266973|RCV002266972,"MONDO:MONDO:0009734,MedGen:C2931832,OMIM:256450,Orphanet:276575,Orphanet:276598|Human Phenotype Ontology:HP:0008255,MONDO:MONDO:0020525,MedGen:C0342273|Human Phenotype Ontology:HP:0004904,MONDO:MONDO:0018911,MedGen:C0342276,OMIM:PS125850,Orphanet:552","Hyperinsulinemic hypoglycemia, familial, 1|Transitory neonatal diabetes mellitus|Maturity-onset diabetes of the young",germline;unknown,germline,GRCh38,NC_000011.10,11,17430879,17430879,na,na,11p15.1,"criteria provided, conflicting classifications",2,-,N,ClinGen:CA645372892,2,434060,17430878,TA,T,-,-,-,-,-,-,SCV000593001|SCV002522347|SCV002522348,-,-
429212,single nucleotide variant,NM_000352.6(ABCC8):c.1687G>A (p.Val563Ile),6833,ABCC8,HGNC:59,Uncertain significance,0,"Apr 28, 2024",1554926621,-,RCV000502764|RCV002267613|RCV002267614|RCV005049574,"MedGen:CN169374|Human Phenotype Ontology:HP:0004904,MONDO:MONDO:0018911,MedGen:C0342276,OMIM:PS125850,Orphanet:552|Human Phenotype Ontology:HP:0008255,MONDO:MONDO:0020525,MedGen:C0342273|MONDO:MONDO:0012480,MedGen:C1835887,OMIM:610374,Orphanet:99886;MONDO:MONDO:0009415,MedGen:C0271714,OMIM:240800;MONDO:MONDO:0030088,MedGen:C5394303,OMIM:618857;MONDO:MONDO:0009734,MedGen:C2931832,OMIM:256450,Orphanet:276575,Orphanet:276598;Human Phenotype Ontology:HP:0005965,Human Phenotype Ontology:HP:0005978,Human Phenotype Ontology:HP:0100652,MONDO:MONDO:0005148,MeSH:D003924,MedGen:C0011860,OMIM:125853","not specified|Maturity-onset diabetes of the young|Transitory neonatal diabetes mellitus|Diabetes mellitus, transient neonatal, 2;Leucine-induced hypoglycemia;Diabetes mellitus, permanent neonatal 3;Hyperinsulinemic hypoglycemia, familial, 1;Type 2 diabetes mellitus",germline;unknown,germline,GRCh37,NC_000011.9,11,17452491,17452491,na,na,11p15.1,"criteria provided, multiple submitters, no conflicts",3,-,N,ClinGen:CA379817140,2,434051,17452491,C,T,-,-,-,-,-,-,SCV000592987|SCV002522357|SCV002522358|SCV005676391,-,-
429212,single nucleotide variant,NM_000352.6(ABCC8):c.1687G>A (p.Val563Ile),6833,ABCC8,HGNC:59,Uncertain significance,0,"Apr 28, 2024",1554926621,-,RCV000502764|RCV002267613|RCV002267614|RCV005049574,"MedGen:CN169374|Human Phenotype Ontology:HP:0004904,MONDO:MONDO:0018911,MedGen:C0342276,OMIM:PS125850,Orphanet:552|Human Phenotype Ontology:HP:0008255,MONDO:MONDO:0020525,MedGen:C0342273|MONDO:MONDO:0012480,MedGen:C1835887,OMIM:610374,Orphanet:99886;MONDO:MONDO:0009415,MedGen:C0271714,OMIM:240800;MONDO:MONDO:0030088,MedGen:C5394303,OMIM:618857;MONDO:MONDO:0009734,MedGen:C2931832,OMIM:256450,Orphanet:276575,Orphanet:276598;Human Phenotype Ontology:HP:0005965,Human Phenotype Ontology:HP:0005978,Human Phenotype Ontology:HP:0100652,MONDO:MONDO:0005148,MeSH:D003924,MedGen:C0011860,OMIM:125853","not specified|Maturity-onset diabetes of the young|Transitory neonatal diabetes mellitus|Diabetes mellitus, transient neonatal, 2;Leucine-induced hypoglycemia;Diabetes mellitus, permanent neonatal 3;Hyperinsulinemic hypoglycemia, familial, 1;Type 2 diabetes mellitus",germline;unknown,germline,GRCh38,NC_000011.10,11,17430944,17430944,na,na,11p15.1,"criteria provided, multiple submitters, no conflicts",3,-,N,ClinGen:CA379817140,2,434051,17430944,C,T,-,-,-,-,-,-,SCV000592987|SCV002522357|SCV002522358|SCV005676391,-,-
429213,single nucleotide variant,NM_000352.6(ABCC8):c.1486C>T (p.Leu496=),6833,ABCC8,HGNC:59,Conflicting classifications of pathogenicity,0,"Jan 26, 2026",150956385,-,RCV000504507|RCV000977798|RCV002266971|RCV002266970|RCV004541548,"MedGen:CN169374|MedGen:C3661900|Human Phenotype Ontology:HP:0008255,MONDO:MONDO:0020525,MedGen:C0342273|Human Phenotype Ontology:HP:0004904,MONDO:MONDO:0018911,MedGen:C0342276,OMIM:PS125850,Orphanet:552|",not specified|not provided|Transitory neonatal diabetes mellitus|Maturity-onset diabetes of the young|ABCC8-related disorder,germline;unknown,germline,GRCh37,NC_000011.9,11,17464411,17464411,na,na,11p15.1,"criteria provided, conflicting classifications",4,-,N,ClinGen:CA5903551,2,434037,17464411,G,A,-,-,-,-,-,-,SCV000592965|SCV001125719|SCV002522399|SCV002522400,-,-
429213,single nucleotide variant,NM_000352.6(ABCC8):c.1486C>T (p.Leu496=),6833,ABCC8,HGNC:59,Conflicting classifications of pathogenicity,0,"Jan 26, 2026",150956385,-,RCV000504507|RCV000977798|RCV002266971|RCV002266970|RCV004541548,"MedGen:CN169374|MedGen:C3661900|Human Phenotype Ontology:HP:0008255,MONDO:MONDO:0020525,MedGen:C0342273|Human Phenotype Ontology:HP:0004904,MONDO:MONDO:0018911,MedGen:C0342276,OMIM:PS125850,Orphanet:552|",not specified|not provided|Transitory neonatal diabetes mellitus|Maturity-onset diabetes of the young|ABCC8-related disorder,germline;unknown,germline,GRCh38,NC_000011.10,11,17442864,17442864,na,na,11p15.1,"criteria provided, conflicting classifications",4,-,N,ClinGen:CA5903551,2,434037,17442864,G,A,-,-,-,-,-,-,SCV000592965|SCV001125719|SCV002522399|SCV002522400,-,-
429214,Duplication,NM_000352.6(ABCC8):c.1254_1284dup (p.Met429Ter),6833,ABCC8,HGNC:59,Pathogenic,1,"Apr 18, 2024",768951263,-,RCV000503807|RCV001829421|RCV001381025|RCV002307525|RCV002490827|RCV003470625,"MONDO:MONDO:0009734,MedGen:C2931832,OMIM:256450,Orphanet:276575,Orphanet:276598||MedGen:C3661900|MONDO:MONDO:0017182,MedGen:C3888018,Orphanet:276525|MONDO:MONDO:0012480,MedGen:C1835887,OMIM:610374,Orphanet:99886;MONDO:MONDO:0009415,MedGen:C0271714,OMIM:240800;MONDO:MONDO:0030088,MedGen:C5394303,OMIM:618857;MONDO:MONDO:0009734,MedGen:C2931832,OMIM:256450,Orphanet:276575,Orphanet:276598;Human Phenotype Ontology:HP:0005965,Human Phenotype Ontology:HP:0005978,Human Phenotype Ontology:HP:0100652,MONDO:MONDO:0005148,MeSH:D003924,MedGen:C0011860,OMIM:125853|Human Phenotype Ontology:HP:0005965,Human Phenotype Ontology:HP:0005978,Human Phenotype Ontology:HP:0100652,MONDO:MONDO:0005148,MeSH:D003924,MedGen:C0011860,OMIM:125853","Hyperinsulinemic hypoglycemia, familial, 1|Hereditary hyperinsulinism|not provided|Familial hyperinsulinism|Diabetes mellitus, transient neonatal, 2;Leucine-induced hypoglycemia;Diabetes mellitus, permanent neonatal 3;Hyperinsulinemic hypoglycemia, familial, 1;Type 2 diabetes mellitus|Type 2 diabetes mellitus",germline;unknown,germline,GRCh37,NC_000011.9,11,17470110,17470111,na,na,11p15.1,"criteria provided, multiple submitters, no conflicts",7,-,N,ClinGen:CA5903626,2,434055,17470110,T,TGAGCTGATTGGTGTCGATGGCAACCAGATTA,-,-,-,-,-,-,SCV000592996|SCV001579276|SCV002600738|SCV002776617|SCV004026566|SCV004199476,-,-
429214,Duplication,NM_000352.6(ABCC8):c.1254_1284dup (p.Met429Ter),6833,ABCC8,HGNC:59,Pathogenic,1,"Apr 18, 2024",768951263,-,RCV000503807|RCV001829421|RCV001381025|RCV002307525|RCV002490827|RCV003470625,"MONDO:MONDO:0009734,MedGen:C2931832,OMIM:256450,Orphanet:276575,Orphanet:276598||MedGen:C3661900|MONDO:MONDO:0017182,MedGen:C3888018,Orphanet:276525|MONDO:MONDO:0012480,MedGen:C1835887,OMIM:610374,Orphanet:99886;MONDO:MONDO:0009415,MedGen:C0271714,OMIM:240800;MONDO:MONDO:0030088,MedGen:C5394303,OMIM:618857;MONDO:MONDO:0009734,MedGen:C2931832,OMIM:256450,Orphanet:276575,Orphanet:276598;Human Phenotype Ontology:HP:0005965,Human Phenotype Ontology:HP:0005978,Human Phenotype Ontology:HP:0100652,MONDO:MONDO:0005148,MeSH:D003924,MedGen:C0011860,OMIM:125853|Human Phenotype Ontology:HP:0005965,Human Phenotype Ontology:HP:0005978,Human Phenotype Ontology:HP:0100652,MONDO:MONDO:0005148,MeSH:D003924,MedGen:C0011860,OMIM:125853","Hyperinsulinemic hypoglycemia, familial, 1|Hereditary hyperinsulinism|not provided|Familial hyperinsulinism|Diabetes mellitus, transient neonatal, 2;Leucine-induced hypoglycemia;Diabetes mellitus, permanent neonatal 3;Hyperinsulinemic hypoglycemia, familial, 1;Type 2 diabetes mellitus|Type 2 diabetes mellitus",germline;unknown,germline,GRCh38,NC_000011.10,11,17448563,17448564,na,na,11p15.1,"criteria provided, multiple submitters, no conflicts",7,-,N,ClinGen:CA5903626,2,434055,17448563,T,TGAGCTGATTGGTGTCGATGGCAACCAGATTA,-,-,-,-,-,-,SCV000592996|SCV001579276|SCV002600738|SCV002776617|SCV004026566|SCV004199476,-,-
429215,Deletion,NM_000352.4(ABCC8):c.-215_-214del,6833,ABCC8,HGNC:59,Uncertain significance,0,"Dec 18, 2015",902564696,-,RCV000499701|RCV002254168|RCV002254299,"MedGen:CN169374|Human Phenotype Ontology:HP:0008255,MONDO:MONDO:0020525,MedGen:C0342273|Human Phenotype Ontology:HP:0004904,MONDO:MONDO:0018911,MedGen:C0342276,OMIM:PS125850,Orphanet:552",not specified|Transitory neonatal diabetes mellitus|Maturity-onset diabetes of the young,germline;unknown,germline,GRCh37,NC_000011.9,11,17498537,17498538,na,na,11p15.1,"criteria provided, multiple submitters, no conflicts",2,-,N,ClinGen:CA218464374,2,434038,17498536,TGC,T,-,-,-,-,-,-,SCV000592971|SCV002524152|SCV002524163,-,-
429215,Deletion,NM_000352.4(ABCC8):c.-215_-214del,6833,ABCC8,HGNC:59,Uncertain significance,0,"Dec 18, 2015",902564696,-,RCV000499701|RCV002254168|RCV002254299,"MedGen:CN169374|Human Phenotype Ontology:HP:0008255,MONDO:MONDO:0020525,MedGen:C0342273|Human Phenotype Ontology:HP:0004904,MONDO:MONDO:0018911,MedGen:C0342276,OMIM:PS125850,Orphanet:552",not specified|Transitory neonatal diabetes mellitus|Maturity-onset diabetes of the young,germline;unknown,germline,GRCh38,NC_000011.10,11,17476990,17476991,na,na,11p15.1,"criteria provided, multiple submitters, no conflicts",2,-,N,ClinGen:CA218464374,2,434038,17476989,TGC,T,-,-,-,-,-,-,SCV000592971|SCV002524152|SCV002524163,-,-
429216,single nucleotide variant,NM_000352.4(ABCC8):c.-215G>C,6833,ABCC8,HGNC:59,Uncertain significance,0,"Apr 14, 2016",546148657,-,RCV000501476|RCV002253492|RCV002259966,"MedGen:CN169374|Human Phenotype Ontology:HP:0004904,MONDO:MONDO:0018911,MedGen:C0342276,OMIM:PS125850,Orphanet:552|Human Phenotype Ontology:HP:0008255,MONDO:MONDO:0020525,MedGen:C0342273",not specified|Maturity-onset diabetes of the young|Transitory neonatal diabetes mellitus,germline;unknown,germline,GRCh37,NC_000011.9,11,17498538,17498538,na,na,11p15.1,"criteria provided, multiple submitters, no conflicts",2,-,N,ClinGen:CA218464377,2,434039,17498538,C,G,-,-,-,-,-,-,SCV000592972|SCV002522613|SCV002522617,-,-
429216,single nucleotide variant,NM_000352.4(ABCC8):c.-215G>C,6833,ABCC8,HGNC:59,Uncertain significance,0,"Apr 14, 2016",546148657,-,RCV000501476|RCV002253492|RCV002259966,"MedGen:CN169374|Human Phenotype Ontology:HP:0004904,MONDO:MONDO:0018911,MedGen:C0342276,OMIM:PS125850,Orphanet:552|Human Phenotype Ontology:HP:0008255,MONDO:MONDO:0020525,MedGen:C0342273",not specified|Maturity-onset diabetes of the young|Transitory neonatal diabetes mellitus,germline;unknown,germline,GRCh38,NC_000011.10,11,17476991,17476991,na,na,11p15.1,"criteria provided, multiple submitters, no conflicts",2,-,N,ClinGen:CA218464377,2,434039,17476991,C,G,-,-,-,-,-,-,SCV000592972|SCV002522613|SCV002522617,-,-
429217,single nucleotide variant,NM_000352.4(ABCC8):c.-385G>A,6833,ABCC8,HGNC:59,Uncertain significance,0,"Apr 14, 2016",1052653345,-,RCV000503797,MedGen:CN169374,not specified,germline,germline,GRCh37,NC_000011.9,11,17498708,17498708,na,na,11p15.1,"criteria provided, single submitter",1,-,N,ClinGen:CA218464518,2,434040,17498708,C,T,-,-,-,-,-,-,SCV000592973,-,-
429217,single nucleotide variant,NM_000352.4(ABCC8):c.-385G>A,6833,ABCC8,HGNC:59,Uncertain significance,0,"Apr 14, 2016",1052653345,-,RCV000503797,MedGen:CN169374,not specified,germline,germline,GRCh38,NC_000011.10,11,17477161,17477161,na,na,11p15.1,"criteria provided, single submitter",1,-,N,ClinGen:CA218464518,2,434040,17477161,C,T,-,-,-,-,-,-,SCV000592973,-,-
429218,single nucleotide variant,NM_000352.4(ABCC8):c.-544G>A,6833,ABCC8,HGNC:59,Conflicting classifications of pathogenicity,0,"Oct 25, 2017",184908312,-,RCV000499749|RCV002253494|RCV002253493,"MedGen:CN169374|Human Phenotype Ontology:HP:0008255,MONDO:MONDO:0020525,MedGen:C0342273|Human Phenotype Ontology:HP:0004904,MONDO:MONDO:0018911,MedGen:C0342276,OMIM:PS125850,Orphanet:552",not specified|Transitory neonatal diabetes mellitus|Maturity-onset diabetes of the young,germline;unknown,germline,GRCh37,NC_000011.9,11,17498867,17498867,na,na,11p15.1,"criteria provided, conflicting classifications",2,-,N,ClinGen:CA218464631,2,434041,17498867,C,T,-,-,-,-,-,-,SCV000592974|SCV002522615|SCV002522616,-,-
429218,single nucleotide variant,NM_000352.4(ABCC8):c.-544G>A,6833,ABCC8,HGNC:59,Conflicting classifications of pathogenicity,0,"Oct 25, 2017",184908312,-,RCV000499749|RCV002253494|RCV002253493,"MedGen:CN169374|Human Phenotype Ontology:HP:0008255,MONDO:MONDO:0020525,MedGen:C0342273|Human Phenotype Ontology:HP:0004904,MONDO:MONDO:0018911,MedGen:C0342276,OMIM:PS125850,Orphanet:552",not specified|Transitory neonatal diabetes mellitus|Maturity-onset diabetes of the young,germline;unknown,germline,GRCh38,NC_000011.10,11,17477320,17477320,na,na,11p15.1,"criteria provided, conflicting classifications",2,-,N,ClinGen:CA218464631,2,434041,17477320,C,T,-,-,-,-,-,-,SCV000592974|SCV002522615|SCV002522616,-,-
434638,single nucleotide variant,NM_000525.4(KCNJ11):c.47G>A (p.Arg16His),3767,KCNJ11,HGNC:6257,Uncertain significance,0,"Jun 18, 2024",770609243,-,RCV000509563|RCV002226712|RCV002490861|RCV002527383,"Human Phenotype Ontology:HP:0005965,Human Phenotype Ontology:HP:0005978,Human Phenotype Ontology:HP:0100652,MONDO:MONDO:0005148,MeSH:D003924,MedGen:C0011860,OMIM:125853|Human Phenotype Ontology:HP:0004904,MONDO:MONDO:0018911,MedGen:C0342276,OMIM:PS125850,Orphanet:552|MONDO:MONDO:0014589,MedGen:C4225365,OMIM:616329,Orphanet:552;MONDO:MONDO:0012522,MedGen:C1864623,OMIM:610582,Orphanet:99886;MONDO:MONDO:0030087,MedGen:C5394296,OMIM:618856;MONDO:MONDO:0011153,MedGen:C2931833,OMIM:601820,Orphanet:276580,Orphanet:276603;Human Phenotype Ontology:HP:0005965,Human Phenotype Ontology:HP:0005978,Human Phenotype Ontology:HP:0100652,MONDO:MONDO:0005148,MeSH:D003924,MedGen:C0011860,OMIM:125853|MedGen:C3661900","Type 2 diabetes mellitus|Maturity-onset diabetes of the young|Maturity-onset diabetes of the young type 13;Diabetes mellitus, transient neonatal, 3;Diabetes mellitus, permanent neonatal 2;Hyperinsulinemic hypoglycemia, familial, 2;Type 2 diabetes mellitus|not provided",germline;somatic;unknown,germline/somatic,GRCh37,NC_000011.9,11,17409592,17409592,na,na,11p15.1,"criteria provided, multiple submitters, no conflicts",4,-,N,ClinGen:CA5902342,2,441000,17409592,C,T,-,-,-,-,-,-,SCV002505438|SCV002803987|SCV003520397,-,-
434638,single nucleotide variant,NM_000525.4(KCNJ11):c.47G>A (p.Arg16His),3767,KCNJ11,HGNC:6257,Uncertain significance,0,"Jun 18, 2024",770609243,-,RCV000509563|RCV002226712|RCV002490861|RCV002527383,"Human Phenotype Ontology:HP:0005965,Human Phenotype Ontology:HP:0005978,Human Phenotype Ontology:HP:0100652,MONDO:MONDO:0005148,MeSH:D003924,MedGen:C0011860,OMIM:125853|Human Phenotype Ontology:HP:0004904,MONDO:MONDO:0018911,MedGen:C0342276,OMIM:PS125850,Orphanet:552|MONDO:MONDO:0014589,MedGen:C4225365,OMIM:616329,Orphanet:552;MONDO:MONDO:0012522,MedGen:C1864623,OMIM:610582,Orphanet:99886;MONDO:MONDO:0030087,MedGen:C5394296,OMIM:618856;MONDO:MONDO:0011153,MedGen:C2931833,OMIM:601820,Orphanet:276580,Orphanet:276603;Human Phenotype Ontology:HP:0005965,Human Phenotype Ontology:HP:0005978,Human Phenotype Ontology:HP:0100652,MONDO:MONDO:0005148,MeSH:D003924,MedGen:C0011860,OMIM:125853|MedGen:C3661900","Type 2 diabetes mellitus|Maturity-onset diabetes of the young|Maturity-onset diabetes of the young type 13;Diabetes mellitus, transient neonatal, 3;Diabetes mellitus, permanent neonatal 2;Hyperinsulinemic hypoglycemia, familial, 2;Type 2 diabetes mellitus|not provided",germline;somatic;unknown,germline/somatic,GRCh38,NC_000011.10,11,17388045,17388045,na,na,11p15.1,"criteria provided, multiple submitters, no conflicts",4,-,N,ClinGen:CA5902342,2,441000,17388045,C,T,-,-,-,-,-,-,SCV002505438|SCV002803987|SCV003520397,-,-
441082,single nucleotide variant,NM_000162.5(GCK):c.1268T>C (p.Phe423Ser),2645,GCK,HGNC:4195,Uncertain significance,0,"Apr 27, 2024",193922273,-,RCV000516995|RCV004527383,"MedGen:CN169374|MONDO:MONDO:0015967,MedGen:C3888631,Orphanet:183625",not specified|Monogenic diabetes,germline,germline,GRCh37,NC_000007.13,7,44184865,44184865,na,na,7p13,reviewed by expert panel,2,-,N,ClinGen:CA367397256,2,447389,44184865,A,G,-,-,-,-,-,-,SCV005040672,-,-
441082,single nucleotide variant,NM_000162.5(GCK):c.1268T>C (p.Phe423Ser),2645,GCK,HGNC:4195,Uncertain significance,0,"Apr 27, 2024",193922273,-,RCV000516995|RCV004527383,"MedGen:CN169374|MONDO:MONDO:0015967,MedGen:C3888631,Orphanet:183625",not specified|Monogenic diabetes,germline,germline,GRCh38,NC_000007.14,7,44145266,44145266,na,na,7p13,reviewed by expert panel,2,-,N,ClinGen:CA367397256,2,447389,44145266,A,G,-,-,-,-,-,-,SCV005040672,-,-
441083,single nucleotide variant,NM_000162.5(GCK):c.1255T>C (p.Phe419Leu),2645,GCK,HGNC:4195,Uncertain significance,1,"Aug 26, 2023",1554334478,-,RCV000518696|RCV002463697|RCV003419896|RCV003325961,"MedGen:CN169374|Human Phenotype Ontology:HP:0004904,MONDO:MONDO:0018911,MedGen:C0342276,OMIM:PS125850,Orphanet:552||MONDO:MONDO:0015967,MedGen:C3888631,Orphanet:183625",not specified|Maturity-onset diabetes of the young|GCK-related disorder|Monogenic diabetes,germline;unknown,germline,GRCh37,NC_000007.13,7,44184878,44184878,na,na,7p13,reviewed by expert panel,4,-,N,ClinGen:CA367397316,2,447388,44184878,A,G,-,-,-,-,-,-,SCV004032102,-,-
441083,single nucleotide variant,NM_000162.5(GCK):c.1255T>C (p.Phe419Leu),2645,GCK,HGNC:4195,Uncertain significance,1,"Aug 26, 2023",1554334478,-,RCV000518696|RCV002463697|RCV003419896|RCV003325961,"MedGen:CN169374|Human Phenotype Ontology:HP:0004904,MONDO:MONDO:0018911,MedGen:C0342276,OMIM:PS125850,Orphanet:552||MONDO:MONDO:0015967,MedGen:C3888631,Orphanet:183625",not specified|Maturity-onset diabetes of the young|GCK-related disorder|Monogenic diabetes,germline;unknown,germline,GRCh38,NC_000007.14,7,44145279,44145279,na,na,7p13,reviewed by expert panel,4,-,N,ClinGen:CA367397316,2,447388,44145279,A,G,-,-,-,-,-,-,SCV004032102,-,-
441084,single nucleotide variant,NM_000162.5(GCK):c.1235T>G (p.Val412Gly),2645,GCK,HGNC:4195,Pathogenic,1,"Apr 27, 2024",1554334539,-,RCV000517802|RCV002463696|RCV004527382,"MedGen:CN169374|Human Phenotype Ontology:HP:0004904,MONDO:MONDO:0018911,MedGen:C0342276,OMIM:PS125850,Orphanet:552|MONDO:MONDO:0015967,MedGen:C3888631,Orphanet:183625",not specified|Maturity-onset diabetes of the young|Monogenic diabetes,germline;unknown,germline,GRCh37,NC_000007.13,7,44185114,44185114,na,na,7p13,reviewed by expert panel,3,-,N,ClinGen:CA367398280,2,447387,44185114,A,C,-,-,-,-,-,-,SCV005040675,-,-
441084,single nucleotide variant,NM_000162.5(GCK):c.1235T>G (p.Val412Gly),2645,GCK,HGNC:4195,Pathogenic,1,"Apr 27, 2024",1554334539,-,RCV000517802|RCV002463696|RCV004527382,"MedGen:CN169374|Human Phenotype Ontology:HP:0004904,MONDO:MONDO:0018911,MedGen:C0342276,OMIM:PS125850,Orphanet:552|MONDO:MONDO:0015967,MedGen:C3888631,Orphanet:183625",not specified|Maturity-onset diabetes of the young|Monogenic diabetes,germline;unknown,germline,GRCh38,NC_000007.14,7,44145515,44145515,na,na,7p13,reviewed by expert panel,3,-,N,ClinGen:CA367398280,2,447387,44145515,A,C,-,-,-,-,-,-,SCV005040675,-,-
441085,single nucleotide variant,NM_000162.5(GCK):c.1229G>A (p.Gly410Asp),2645,GCK,HGNC:4195,Pathogenic,1,"Jun 22, 2024",1554334546,-,RCV000516548|RCV004527381|RCV004751578,"MedGen:C3661900|MONDO:MONDO:0015967,MedGen:C3888631,Orphanet:183625|",not provided|Monogenic diabetes|GCK-related disorder,germline;unknown,germline,GRCh37,NC_000007.13,7,44185120,44185120,na,na,7p13,reviewed by expert panel,6,-,N,ClinGen:CA367398309,2,447386,44185120,C,T,-,-,-,-,-,-,SCV005040678,-,-
441085,single nucleotide variant,NM_000162.5(GCK):c.1229G>A (p.Gly410Asp),2645,GCK,HGNC:4195,Pathogenic,1,"Jun 22, 2024",1554334546,-,RCV000516548|RCV004527381|RCV004751578,"MedGen:C3661900|MONDO:MONDO:0015967,MedGen:C3888631,Orphanet:183625|",not provided|Monogenic diabetes|GCK-related disorder,germline;unknown,germline,GRCh38,NC_000007.14,7,44145521,44145521,na,na,7p13,reviewed by expert panel,6,-,N,ClinGen:CA367398309,2,447386,44145521,C,T,-,-,-,-,-,-,SCV005040678,-,-
441086,Duplication,NM_000162.5(GCK):c.1155dup (p.Leu386fs),2645,GCK,HGNC:4195,Likely pathogenic,1,"Dec 02, 2024",1400535021,-,RCV000516765|RCV004797826,"MedGen:C3661900|MONDO:MONDO:0015967,MedGen:C3888631,Orphanet:183625",not provided|Monogenic diabetes,germline,germline,GRCh37,NC_000007.13,7,44185193,44185194,na,na,7p13,reviewed by expert panel,3,-,N,ClinGen:CA658655961,2,447385,44185193,G,GC,-,-,-,-,-,-,SCV005420251,-,-
441086,Duplication,NM_000162.5(GCK):c.1155dup (p.Leu386fs),2645,GCK,HGNC:4195,Likely pathogenic,1,"Dec 02, 2024",1400535021,-,RCV000516765|RCV004797826,"MedGen:C3661900|MONDO:MONDO:0015967,MedGen:C3888631,Orphanet:183625",not provided|Monogenic diabetes,germline,germline,GRCh38,NC_000007.14,7,44145594,44145595,na,na,7p13,reviewed by expert panel,3,-,N,ClinGen:CA658655961,2,447385,44145594,G,GC,-,-,-,-,-,-,SCV005420251,-,-
441087,Deletion,NM_000162.5(GCK):c.1133_1149del (p.Ala378fs),2645,GCK,HGNC:4195,Likely pathogenic,1,"Jan 22, 2024",1554334610,-,RCV000516400|RCV002463694|RCV003883153,"MedGen:C3661900|Human Phenotype Ontology:HP:0004904,MONDO:MONDO:0018911,MedGen:C0342276,OMIM:PS125850,Orphanet:552|MONDO:MONDO:0015967,MedGen:C3888631,Orphanet:183625",not provided|Maturity-onset diabetes of the young|Monogenic diabetes,germline;unknown,germline,GRCh37,NC_000007.13,7,44185200,44185216,na,na,7p13,reviewed by expert panel,3,-,N,ClinGen:CA658655962,2,447381,44185199,CCGAGCACATGTGCGCAG,C,-,-,-,-,-,-,SCV004697899,-,-
441087,Deletion,NM_000162.5(GCK):c.1133_1149del (p.Ala378fs),2645,GCK,HGNC:4195,Likely pathogenic,1,"Jan 22, 2024",1554334610,-,RCV000516400|RCV002463694|RCV003883153,"MedGen:C3661900|Human Phenotype Ontology:HP:0004904,MONDO:MONDO:0018911,MedGen:C0342276,OMIM:PS125850,Orphanet:552|MONDO:MONDO:0015967,MedGen:C3888631,Orphanet:183625",not provided|Maturity-onset diabetes of the young|Monogenic diabetes,germline;unknown,germline,GRCh38,NC_000007.14,7,44145601,44145617,na,na,7p13,reviewed by expert panel,3,-,N,ClinGen:CA658655962,2,447381,44145600,CCGAGCACATGTGCGCAG,C,-,-,-,-,-,-,SCV004697899,-,-
441088,single nucleotide variant,NM_000162.5(GCK):c.1144T>C (p.Cys382Arg),2645,GCK,HGNC:4195,Pathogenic,1,"Jul 16, 2023",1554334613,-,RCV000517422|RCV002463695|RCV002525034|RCV003318501,"MedGen:CN169374|Human Phenotype Ontology:HP:0004904,MONDO:MONDO:0018911,MedGen:C0342276,OMIM:PS125850,Orphanet:552|MedGen:C3661900|MONDO:MONDO:0015967,MedGen:C3888631,Orphanet:183625",not specified|Maturity-onset diabetes of the young|not provided|Monogenic diabetes,germline;unknown,germline,GRCh37,NC_000007.13,7,44185205,44185205,na,na,7p13,reviewed by expert panel,4,-,N,ClinGen:CA367398754,2,447384,44185205,A,G,-,-,-,-,-,-,SCV004022349,-,-
441088,single nucleotide variant,NM_000162.5(GCK):c.1144T>C (p.Cys382Arg),2645,GCK,HGNC:4195,Pathogenic,1,"Jul 16, 2023",1554334613,-,RCV000517422|RCV002463695|RCV002525034|RCV003318501,"MedGen:CN169374|Human Phenotype Ontology:HP:0004904,MONDO:MONDO:0018911,MedGen:C0342276,OMIM:PS125850,Orphanet:552|MedGen:C3661900|MONDO:MONDO:0015967,MedGen:C3888631,Orphanet:183625",not specified|Maturity-onset diabetes of the young|not provided|Monogenic diabetes,germline;unknown,germline,GRCh38,NC_000007.14,7,44145606,44145606,na,na,7p13,reviewed by expert panel,4,-,N,ClinGen:CA367398754,2,447384,44145606,A,G,-,-,-,-,-,-,SCV004022349,-,-
441089,single nucleotide variant,NM_000162.5(GCK):c.1142T>A (p.Met381Lys),2645,GCK,HGNC:4195,Likely pathogenic,1,"Sep 09, 2023",193922266,-,RCV000516508|RCV003330318|RCV003688859|RCV005034062,"MedGen:CN169374|MONDO:MONDO:0015967,MedGen:C3888631,Orphanet:183625|MedGen:C3661900|Human Phenotype Ontology:HP:0005965,Human Phenotype Ontology:HP:0005978,Human Phenotype Ontology:HP:0100652,MONDO:MONDO:0005148,MeSH:D003924,MedGen:C0011860,OMIM:125853;MONDO:MONDO:0100165,MedGen:C5393570,OMIM:606176;MONDO:MONDO:0011236,MedGen:C1865290,OMIM:602485,Orphanet:79299;MONDO:MONDO:0007453,MedGen:C0342277,OMIM:125851,Orphanet:552",not specified|Monogenic diabetes|not provided|Type 2 diabetes mellitus;Permanent neonatal diabetes mellitus 1;Hyperinsulinism due to glucokinase deficiency;Maturity-onset diabetes of the young type 2,germline,germline,GRCh37,NC_000007.13,7,44185207,44185207,na,na,7p13,reviewed by expert panel,4,-,N,ClinGen:CA367398767,2,447383,44185207,A,T,-,-,-,-,-,-,SCV004037468,-,-
441089,single nucleotide variant,NM_000162.5(GCK):c.1142T>A (p.Met381Lys),2645,GCK,HGNC:4195,Likely pathogenic,1,"Sep 09, 2023",193922266,-,RCV000516508|RCV003330318|RCV003688859|RCV005034062,"MedGen:CN169374|MONDO:MONDO:0015967,MedGen:C3888631,Orphanet:183625|MedGen:C3661900|Human Phenotype Ontology:HP:0005965,Human Phenotype Ontology:HP:0005978,Human Phenotype Ontology:HP:0100652,MONDO:MONDO:0005148,MeSH:D003924,MedGen:C0011860,OMIM:125853;MONDO:MONDO:0100165,MedGen:C5393570,OMIM:606176;MONDO:MONDO:0011236,MedGen:C1865290,OMIM:602485,Orphanet:79299;MONDO:MONDO:0007453,MedGen:C0342277,OMIM:125851,Orphanet:552",not specified|Monogenic diabetes|not provided|Type 2 diabetes mellitus;Permanent neonatal diabetes mellitus 1;Hyperinsulinism due to glucokinase deficiency;Maturity-onset diabetes of the young type 2,germline,germline,GRCh38,NC_000007.14,7,44145608,44145608,na,na,7p13,reviewed by expert panel,4,-,N,ClinGen:CA367398767,2,447383,44145608,A,T,-,-,-,-,-,-,SCV004037468,-,-
441090,single nucleotide variant,NM_000162.5(GCK):c.1136C>G (p.Ala379Gly),2645,GCK,HGNC:4195,Likely pathogenic,1,"Mar 31, 2024",193922265,-,RCV000518241|RCV003318500,"MedGen:C3661900|MONDO:MONDO:0015967,MedGen:C3888631,Orphanet:183625",not provided|Monogenic diabetes,germline;unknown,germline,GRCh37,NC_000007.13,7,44185213,44185213,na,na,7p13,reviewed by expert panel,2,-,N,ClinGen:CA367398793,2,447382,44185213,G,C,-,-,-,-,-,-,SCV004022329,-,-
441090,single nucleotide variant,NM_000162.5(GCK):c.1136C>G (p.Ala379Gly),2645,GCK,HGNC:4195,Likely pathogenic,1,"Mar 31, 2024",193922265,-,RCV000518241|RCV003318500,"MedGen:C3661900|MONDO:MONDO:0015967,MedGen:C3888631,Orphanet:183625",not provided|Monogenic diabetes,germline;unknown,germline,GRCh38,NC_000007.14,7,44145614,44145614,na,na,7p13,reviewed by expert panel,2,-,N,ClinGen:CA367398793,2,447382,44145614,G,C,-,-,-,-,-,-,SCV004022329,-,-
441091,single nucleotide variant,NM_000162.5(GCK):c.1120G>A (p.Val374Met),2645,GCK,HGNC:4195,Likely pathogenic,1,"Nov 03, 2023",1415041911,-,RCV000517245|RCV003403213|RCV005407668|RCV006463212,"MedGen:CN169374|MONDO:MONDO:0015967,MedGen:C3888631,Orphanet:183625|MONDO:MONDO:0007453,MedGen:C0342277,OMIM:125851,Orphanet:552|MedGen:C3661900",not specified|Monogenic diabetes|Maturity-onset diabetes of the young type 2|not provided,germline,germline,GRCh37,NC_000007.13,7,44185229,44185229,na,na,7p13,reviewed by expert panel,4,-,N,ClinGen:CA367398877,2,447380,44185229,C,T,-,-,-,-,-,-,SCV004102858,-,-
441091,single nucleotide variant,NM_000162.5(GCK):c.1120G>A (p.Val374Met),2645,GCK,HGNC:4195,Likely pathogenic,1,"Nov 03, 2023",1415041911,-,RCV000517245|RCV003403213|RCV005407668|RCV006463212,"MedGen:CN169374|MONDO:MONDO:0015967,MedGen:C3888631,Orphanet:183625|MONDO:MONDO:0007453,MedGen:C0342277,OMIM:125851,Orphanet:552|MedGen:C3661900",not specified|Monogenic diabetes|Maturity-onset diabetes of the young type 2|not provided,germline,germline,GRCh38,NC_000007.14,7,44145630,44145630,na,na,7p13,reviewed by expert panel,4,-,N,ClinGen:CA367398877,2,447380,44145630,C,T,-,-,-,-,-,-,SCV004102858,-,-
441092,single nucleotide variant,NM_000162.5(GCK):c.1113C>G (p.Cys371Trp),2645,GCK,HGNC:4195,Likely pathogenic,1,"Aug 09, 2023",556581174,-,RCV000516323|RCV003325960|RCV005239119,"MedGen:C3661900|MONDO:MONDO:0015967,MedGen:C3888631,Orphanet:183625|MedGen:CN169374",not provided|Monogenic diabetes|not specified,germline,germline,GRCh37,NC_000007.13,7,44185236,44185236,na,na,7p13,reviewed by expert panel,6,-,N,ClinGen:CA367398928,2,447379,44185236,G,C,-,-,-,-,-,-,SCV004032072,-,-
441092,single nucleotide variant,NM_000162.5(GCK):c.1113C>G (p.Cys371Trp),2645,GCK,HGNC:4195,Likely pathogenic,1,"Aug 09, 2023",556581174,-,RCV000516323|RCV003325960|RCV005239119,"MedGen:C3661900|MONDO:MONDO:0015967,MedGen:C3888631,Orphanet:183625|MedGen:CN169374",not provided|Monogenic diabetes|not specified,germline,germline,GRCh38,NC_000007.14,7,44145637,44145637,na,na,7p13,reviewed by expert panel,6,-,N,ClinGen:CA367398928,2,447379,44145637,G,C,-,-,-,-,-,-,SCV004032072,-,-
441093,single nucleotide variant,NM_000162.5(GCK):c.1020-1G>A,2645,GCK,HGNC:4195,Pathogenic,1,"Mar 31, 2024",193922258,-,RCV000517137|RCV002463693|RCV003993666,"MedGen:C3661900|Human Phenotype Ontology:HP:0004904,MONDO:MONDO:0018911,MedGen:C0342276,OMIM:PS125850,Orphanet:552|MONDO:MONDO:0015967,MedGen:C3888631,Orphanet:183625",not provided|Maturity-onset diabetes of the young|Monogenic diabetes,germline;unknown,germline,GRCh37,NC_000007.13,7,44185330,44185330,na,na,7p13,reviewed by expert panel,4,-,N,ClinGen:CA367399428,2,447378,44185330,C,T,-,-,-,-,-,-,SCV004812206,-,-
441093,single nucleotide variant,NM_000162.5(GCK):c.1020-1G>A,2645,GCK,HGNC:4195,Pathogenic,1,"Mar 31, 2024",193922258,-,RCV000517137|RCV002463693|RCV003993666,"MedGen:C3661900|Human Phenotype Ontology:HP:0004904,MONDO:MONDO:0018911,MedGen:C0342276,OMIM:PS125850,Orphanet:552|MONDO:MONDO:0015967,MedGen:C3888631,Orphanet:183625",not provided|Maturity-onset diabetes of the young|Monogenic diabetes,germline;unknown,germline,GRCh38,NC_000007.14,7,44145731,44145731,na,na,7p13,reviewed by expert panel,4,-,N,ClinGen:CA367399428,2,447378,44145731,C,T,-,-,-,-,-,-,SCV004812206,-,-
441094,single nucleotide variant,NM_000162.5(GCK):c.951C>G (p.His317Gln),2645,GCK,HGNC:4195,Likely pathogenic,1,"Aug 29, 2025",1379908545,-,RCV000516618|RCV002285351|RCV002476041|RCV005629912,"MedGen:C3661900|MONDO:MONDO:0007453,MedGen:C0342277,OMIM:125851,Orphanet:552|Human Phenotype Ontology:HP:0005965,Human Phenotype Ontology:HP:0005978,Human Phenotype Ontology:HP:0100652,MONDO:MONDO:0005148,MeSH:D003924,MedGen:C0011860,OMIM:125853;MONDO:MONDO:0100165,MedGen:C5393570,OMIM:606176;MONDO:MONDO:0011236,MedGen:C1865290,OMIM:602485,Orphanet:79299;MONDO:MONDO:0007453,MedGen:C0342277,OMIM:125851,Orphanet:552|MONDO:MONDO:0015967,MedGen:C3888631,Orphanet:183625",not provided|Maturity-onset diabetes of the young type 2|Type 2 diabetes mellitus;Permanent neonatal diabetes mellitus 1;Hyperinsulinism due to glucokinase deficiency;Maturity-onset diabetes of the young type 2|Monogenic diabetes,germline;unknown,germline,GRCh37,NC_000007.13,7,44186130,44186130,na,na,7p13,reviewed by expert panel,7,-,N,ClinGen:CA367399915,2,447426,44186130,G,C,-,-,-,-,-,-,SCV006312204,-,-
441094,single nucleotide variant,NM_000162.5(GCK):c.951C>G (p.His317Gln),2645,GCK,HGNC:4195,Likely pathogenic,1,"Aug 29, 2025",1379908545,-,RCV000516618|RCV002285351|RCV002476041|RCV005629912,"MedGen:C3661900|MONDO:MONDO:0007453,MedGen:C0342277,OMIM:125851,Orphanet:552|Human Phenotype Ontology:HP:0005965,Human Phenotype Ontology:HP:0005978,Human Phenotype Ontology:HP:0100652,MONDO:MONDO:0005148,MeSH:D003924,MedGen:C0011860,OMIM:125853;MONDO:MONDO:0100165,MedGen:C5393570,OMIM:606176;MONDO:MONDO:0011236,MedGen:C1865290,OMIM:602485,Orphanet:79299;MONDO:MONDO:0007453,MedGen:C0342277,OMIM:125851,Orphanet:552|MONDO:MONDO:0015967,MedGen:C3888631,Orphanet:183625",not provided|Maturity-onset diabetes of the young type 2|Type 2 diabetes mellitus;Permanent neonatal diabetes mellitus 1;Hyperinsulinism due to glucokinase deficiency;Maturity-onset diabetes of the young type 2|Monogenic diabetes,germline;unknown,germline,GRCh38,NC_000007.14,7,44146531,44146531,na,na,7p13,reviewed by expert panel,7,-,N,ClinGen:CA367399915,2,447426,44146531,G,C,-,-,-,-,-,-,SCV006312204,-,-
441095,single nucleotide variant,NM_000162.5(GCK):c.911T>C (p.Leu304Pro),2645,GCK,HGNC:4195,Pathogenic,1,"Aug 09, 2023",1554334894,-,RCV000518714|RCV002463711|RCV002468586|RCV003325965,"MedGen:C3661900|Human Phenotype Ontology:HP:0004904,MONDO:MONDO:0018911,MedGen:C0342276,OMIM:PS125850,Orphanet:552|MONDO:MONDO:0007453,MedGen:C0342277,OMIM:125851,Orphanet:552|MONDO:MONDO:0015967,MedGen:C3888631,Orphanet:183625",not provided|Maturity-onset diabetes of the young|Maturity-onset diabetes of the young type 2|Monogenic diabetes,germline;unknown,germline,GRCh37,NC_000007.13,7,44186170,44186170,na,na,7p13,reviewed by expert panel,8,-,N,ClinGen:CA367400043,2,447425,44186170,A,G,-,-,-,-,-,-,SCV004032114,-,-
441095,single nucleotide variant,NM_000162.5(GCK):c.911T>C (p.Leu304Pro),2645,GCK,HGNC:4195,Pathogenic,1,"Aug 09, 2023",1554334894,-,RCV000518714|RCV002463711|RCV002468586|RCV003325965,"MedGen:C3661900|Human Phenotype Ontology:HP:0004904,MONDO:MONDO:0018911,MedGen:C0342276,OMIM:PS125850,Orphanet:552|MONDO:MONDO:0007453,MedGen:C0342277,OMIM:125851,Orphanet:552|MONDO:MONDO:0015967,MedGen:C3888631,Orphanet:183625",not provided|Maturity-onset diabetes of the young|Maturity-onset diabetes of the young type 2|Monogenic diabetes,germline;unknown,germline,GRCh38,NC_000007.14,7,44146571,44146571,na,na,7p13,reviewed by expert panel,8,-,N,ClinGen:CA367400043,2,447425,44146571,A,G,-,-,-,-,-,-,SCV004032114,-,-
441096,single nucleotide variant,NM_000162.5(GCK):c.908G>T (p.Arg303Leu),2645,GCK,HGNC:4195,Pathogenic,1,"Nov 08, 2023",1312678560,-,RCV000517815,MedGen:C3661900,not provided,unknown,unknown,GRCh37,NC_000007.13,7,44186173,44186173,na,na,7p13,"criteria provided, single submitter",1,-,N,ClinGen:CA367400050,2,447424,44186173,C,A,-,-,-,-,-,-,SCV000613468,-,-
441096,single nucleotide variant,NM_000162.5(GCK):c.908G>T (p.Arg303Leu),2645,GCK,HGNC:4195,Pathogenic,1,"Nov 08, 2023",1312678560,-,RCV000517815,MedGen:C3661900,not provided,unknown,unknown,GRCh38,NC_000007.14,7,44146574,44146574,na,na,7p13,"criteria provided, single submitter",1,-,N,ClinGen:CA367400050,2,447424,44146574,C,A,-,-,-,-,-,-,SCV000613468,-,-
441097,single nucleotide variant,NM_000162.5(GCK):c.883G>A (p.Gly295Ser),2645,GCK,HGNC:4195,Likely pathogenic,1,"Aug 11, 2023",1554334905,-,RCV000516528|RCV002463710|RCV002527475|RCV003325964,"MedGen:CN169374|Human Phenotype Ontology:HP:0004904,MONDO:MONDO:0018911,MedGen:C0342276,OMIM:PS125850,Orphanet:552|MedGen:C3661900|MONDO:MONDO:0015967,MedGen:C3888631,Orphanet:183625",not specified|Maturity-onset diabetes of the young|not provided|Monogenic diabetes,germline;unknown,germline,GRCh37,NC_000007.13,7,44186198,44186198,na,na,7p13,reviewed by expert panel,5,-,N,ClinGen:CA367400140,2,447423,44186198,C,T,-,-,-,-,-,-,SCV004032079,-,-
441097,single nucleotide variant,NM_000162.5(GCK):c.883G>A (p.Gly295Ser),2645,GCK,HGNC:4195,Likely pathogenic,1,"Aug 11, 2023",1554334905,-,RCV000516528|RCV002463710|RCV002527475|RCV003325964,"MedGen:CN169374|Human Phenotype Ontology:HP:0004904,MONDO:MONDO:0018911,MedGen:C0342276,OMIM:PS125850,Orphanet:552|MedGen:C3661900|MONDO:MONDO:0015967,MedGen:C3888631,Orphanet:183625",not specified|Maturity-onset diabetes of the young|not provided|Monogenic diabetes,germline;unknown,germline,GRCh38,NC_000007.14,7,44146599,44146599,na,na,7p13,reviewed by expert panel,5,-,N,ClinGen:CA367400140,2,447423,44146599,C,T,-,-,-,-,-,-,SCV004032079,-,-
441098,single nucleotide variant,NM_000162.5(GCK):c.830T>G (p.Val277Gly),2645,GCK,HGNC:4195,Likely pathogenic,1,"Feb 24, 2026",1554335093,-,RCV000517377|RCV002463709|RCV006605277,"MedGen:CN169374|Human Phenotype Ontology:HP:0004904,MONDO:MONDO:0018911,MedGen:C0342276,OMIM:PS125850,Orphanet:552|MONDO:MONDO:0015967,MedGen:C3888631,Orphanet:183625",not specified|Maturity-onset diabetes of the young|Monogenic diabetes,germline;unknown,germline,GRCh37,NC_000007.13,7,44187282,44187282,na,na,7p13,reviewed by expert panel,3,-,N,ClinGen:CA367400467,2,447422,44187282,A,C,-,-,-,-,-,-,SCV007496327,-,-
441098,single nucleotide variant,NM_000162.5(GCK):c.830T>G (p.Val277Gly),2645,GCK,HGNC:4195,Likely pathogenic,1,"Feb 24, 2026",1554335093,-,RCV000517377|RCV002463709|RCV006605277,"MedGen:CN169374|Human Phenotype Ontology:HP:0004904,MONDO:MONDO:0018911,MedGen:C0342276,OMIM:PS125850,Orphanet:552|MONDO:MONDO:0015967,MedGen:C3888631,Orphanet:183625",not specified|Maturity-onset diabetes of the young|Monogenic diabetes,germline;unknown,germline,GRCh38,NC_000007.14,7,44147683,44147683,na,na,7p13,reviewed by expert panel,3,-,N,ClinGen:CA367400467,2,447422,44147683,A,C,-,-,-,-,-,-,SCV007496327,-,-
441099,single nucleotide variant,NM_000162.5(GCK):c.820G>C (p.Asp274His),2645,GCK,HGNC:4195,Conflicting classifications of pathogenicity,1,"Dec 28, 2016",1554335109,-,RCV000516582|RCV002463708,"MedGen:CN169374|Human Phenotype Ontology:HP:0004904,MONDO:MONDO:0018911,MedGen:C0342276,OMIM:PS125850,Orphanet:552",not specified|Maturity-onset diabetes of the young,germline;unknown,germline,GRCh37,NC_000007.13,7,44187292,44187292,na,na,7p13,"criteria provided, conflicting classifications",2,-,N,ClinGen:CA367400487,2,447421,44187292,C,G,-,-,-,-,-,-,SCV000613464|SCV002605047,-,-
441099,single nucleotide variant,NM_000162.5(GCK):c.820G>C (p.Asp274His),2645,GCK,HGNC:4195,Conflicting classifications of pathogenicity,1,"Dec 28, 2016",1554335109,-,RCV000516582|RCV002463708,"MedGen:CN169374|Human Phenotype Ontology:HP:0004904,MONDO:MONDO:0018911,MedGen:C0342276,OMIM:PS125850,Orphanet:552",not specified|Maturity-onset diabetes of the young,germline;unknown,germline,GRCh38,NC_000007.14,7,44147693,44147693,na,na,7p13,"criteria provided, conflicting classifications",2,-,N,ClinGen:CA367400487,2,447421,44147693,C,G,-,-,-,-,-,-,SCV000613464|SCV002605047,-,-
441100,single nucleotide variant,NM_000162.5(GCK):c.802G>A (p.Glu268Lys),2645,GCK,HGNC:4195,Pathogenic,1,"Oct 05, 2023",1554335111,-,RCV001851438|RCV003403215|RCV002463707,"MedGen:C3661900|MONDO:MONDO:0015967,MedGen:C3888631,Orphanet:183625|Human Phenotype Ontology:HP:0004904,MONDO:MONDO:0018911,MedGen:C0342276,OMIM:PS125850,Orphanet:552",not provided|Monogenic diabetes|Maturity-onset diabetes of the young,germline;unknown,germline,GRCh37,NC_000007.13,7,44187310,44187310,na,na,7p13,reviewed by expert panel,5,-,N,ClinGen:CA367400529,2,447420,44187310,C,T,-,-,-,-,-,-,SCV004102862,-,-
441100,single nucleotide variant,NM_000162.5(GCK):c.802G>A (p.Glu268Lys),2645,GCK,HGNC:4195,Pathogenic,1,"Oct 05, 2023",1554335111,-,RCV001851438|RCV003403215|RCV002463707,"MedGen:C3661900|MONDO:MONDO:0015967,MedGen:C3888631,Orphanet:183625|Human Phenotype Ontology:HP:0004904,MONDO:MONDO:0018911,MedGen:C0342276,OMIM:PS125850,Orphanet:552",not provided|Monogenic diabetes|Maturity-onset diabetes of the young,germline;unknown,germline,GRCh38,NC_000007.14,7,44147711,44147711,na,na,7p13,reviewed by expert panel,5,-,N,ClinGen:CA367400529,2,447420,44147711,C,T,-,-,-,-,-,-,SCV004102862,-,-
441101,single nucleotide variant,NM_000162.5(GCK):c.793G>A (p.Glu265Lys),2645,GCK,HGNC:4195,Pathogenic,1,"Jan 27, 2025",104894011,-,RCV000516510|RCV002285350|RCV002490882|RCV004689772,"MedGen:C3661900|MONDO:MONDO:0007453,MedGen:C0342277,OMIM:125851,Orphanet:552|Human Phenotype Ontology:HP:0005965,Human Phenotype Ontology:HP:0005978,Human Phenotype Ontology:HP:0100652,MONDO:MONDO:0005148,MeSH:D003924,MedGen:C0011860,OMIM:125853;MONDO:MONDO:0100165,MedGen:C5393570,OMIM:606176;MONDO:MONDO:0011236,MedGen:C1865290,OMIM:602485,Orphanet:79299;MONDO:MONDO:0007453,MedGen:C0342277,OMIM:125851,Orphanet:552|MONDO:MONDO:0015967,MedGen:C3888631,Orphanet:183625",not provided|Maturity-onset diabetes of the young type 2|Type 2 diabetes mellitus;Permanent neonatal diabetes mellitus 1;Hyperinsulinism due to glucokinase deficiency;Maturity-onset diabetes of the young type 2|Monogenic diabetes,germline;unknown,germline,GRCh37,NC_000007.13,7,44187319,44187319,na,na,7p13,"criteria provided, multiple submitters, no conflicts",7,-,N,ClinGen:CA367400548,2,447419,44187319,C,T,-,-,-,-,-,-,SCV000613461|SCV002072116|SCV002245927|SCV002562195|SCV002780923|SCV004169119|SCV005185290,-,-
441101,single nucleotide variant,NM_000162.5(GCK):c.793G>A (p.Glu265Lys),2645,GCK,HGNC:4195,Pathogenic,1,"Jan 27, 2025",104894011,-,RCV000516510|RCV002285350|RCV002490882|RCV004689772,"MedGen:C3661900|MONDO:MONDO:0007453,MedGen:C0342277,OMIM:125851,Orphanet:552|Human Phenotype Ontology:HP:0005965,Human Phenotype Ontology:HP:0005978,Human Phenotype Ontology:HP:0100652,MONDO:MONDO:0005148,MeSH:D003924,MedGen:C0011860,OMIM:125853;MONDO:MONDO:0100165,MedGen:C5393570,OMIM:606176;MONDO:MONDO:0011236,MedGen:C1865290,OMIM:602485,Orphanet:79299;MONDO:MONDO:0007453,MedGen:C0342277,OMIM:125851,Orphanet:552|MONDO:MONDO:0015967,MedGen:C3888631,Orphanet:183625",not provided|Maturity-onset diabetes of the young type 2|Type 2 diabetes mellitus;Permanent neonatal diabetes mellitus 1;Hyperinsulinism due to glucokinase deficiency;Maturity-onset diabetes of the young type 2|Monogenic diabetes,germline;unknown,germline,GRCh38,NC_000007.14,7,44147720,44147720,na,na,7p13,"criteria provided, multiple submitters, no conflicts",7,-,N,ClinGen:CA367400548,2,447419,44147720,C,T,-,-,-,-,-,-,SCV000613461|SCV002072116|SCV002245927|SCV002562195|SCV002780923|SCV004169119|SCV005185290,-,-
441102,single nucleotide variant,NM_000162.5(GCK):c.781G>C (p.Gly261Arg),2645,GCK,HGNC:4195,Pathogenic,1,"Aug 12, 2023",104894008,-,RCV000517324|RCV003325963,"MedGen:C3661900|MONDO:MONDO:0015967,MedGen:C3888631,Orphanet:183625",not provided|Monogenic diabetes,germline,germline,GRCh37,NC_000007.13,7,44187331,44187331,na,na,7p13,reviewed by expert panel,4,-,N,ClinGen:CA367400571,2,447418,44187331,C,G,-,-,-,-,-,-,SCV004032085,-,-
441102,single nucleotide variant,NM_000162.5(GCK):c.781G>C (p.Gly261Arg),2645,GCK,HGNC:4195,Pathogenic,1,"Aug 12, 2023",104894008,-,RCV000517324|RCV003325963,"MedGen:C3661900|MONDO:MONDO:0015967,MedGen:C3888631,Orphanet:183625",not provided|Monogenic diabetes,germline,germline,GRCh38,NC_000007.14,7,44147732,44147732,na,na,7p13,reviewed by expert panel,4,-,N,ClinGen:CA367400571,2,447418,44147732,C,G,-,-,-,-,-,-,SCV004032085,-,-
441103,Duplication,NM_000162.5(GCK):c.763_779dup (p.Phe260fs),2645,GCK,HGNC:4195,Conflicting classifications of pathogenicity,1,"Jan 12, 2017",1554335128,-,RCV000518045|RCV002463705,"MedGen:C3661900|Human Phenotype Ontology:HP:0004904,MONDO:MONDO:0018911,MedGen:C0342276,OMIM:PS125850,Orphanet:552",not provided|Maturity-onset diabetes of the young,germline;unknown,germline,GRCh37,NC_000007.13,7,44187332,44187333,na,na,7p13,"criteria provided, conflicting classifications",2,-,N,ClinGen:CA658655966,2,447415,44187332,G,GAAGGCGCCCCACTCGGT,-,-,-,-,-,-,SCV000613454|SCV002605068,-,-
441103,Duplication,NM_000162.5(GCK):c.763_779dup (p.Phe260fs),2645,GCK,HGNC:4195,Conflicting classifications of pathogenicity,1,"Jan 12, 2017",1554335128,-,RCV000518045|RCV002463705,"MedGen:C3661900|Human Phenotype Ontology:HP:0004904,MONDO:MONDO:0018911,MedGen:C0342276,OMIM:PS125850,Orphanet:552",not provided|Maturity-onset diabetes of the young,germline;unknown,germline,GRCh38,NC_000007.14,7,44147733,44147734,na,na,7p13,"criteria provided, conflicting classifications",2,-,N,ClinGen:CA658655966,2,447415,44147733,G,GAAGGCGCCCCACTCGGT,-,-,-,-,-,-,SCV000613454|SCV002605068,-,-
441104,single nucleotide variant,NM_000162.5(GCK):c.776C>T (p.Ala259Val),2645,GCK,HGNC:4195,Pathogenic,1,"Aug 12, 2023",1554335132,-,RCV000518148|RCV002413397|RCV003325962,"MedGen:CN169374|Human Phenotype Ontology:HP:0004904,MONDO:MONDO:0018911,MedGen:C0342276,OMIM:PS125850,Orphanet:552|MONDO:MONDO:0015967,MedGen:C3888631,Orphanet:183625",not specified|Maturity-onset diabetes of the young|Monogenic diabetes,germline;unknown,germline,GRCh37,NC_000007.13,7,44187336,44187336,na,na,7p13,reviewed by expert panel,4,-,N,ClinGen:CA367400579,2,447417,44187336,G,A,-,-,-,-,-,-,SCV004032087,-,-
441104,single nucleotide variant,NM_000162.5(GCK):c.776C>T (p.Ala259Val),2645,GCK,HGNC:4195,Pathogenic,1,"Aug 12, 2023",1554335132,-,RCV000518148|RCV002413397|RCV003325962,"MedGen:CN169374|Human Phenotype Ontology:HP:0004904,MONDO:MONDO:0018911,MedGen:C0342276,OMIM:PS125850,Orphanet:552|MONDO:MONDO:0015967,MedGen:C3888631,Orphanet:183625",not specified|Maturity-onset diabetes of the young|Monogenic diabetes,germline;unknown,germline,GRCh38,NC_000007.14,7,44147737,44147737,na,na,7p13,reviewed by expert panel,4,-,N,ClinGen:CA367400579,2,447417,44147737,G,A,-,-,-,-,-,-,SCV004032087,-,-
441105,single nucleotide variant,NM_000162.5(GCK):c.769T>C (p.Trp257Arg),2645,GCK,HGNC:4195,Pathogenic/Likely pathogenic,1,"Jul 03, 2017",1554335135,-,RCV000516870|RCV002463706,"MedGen:C3661900|Human Phenotype Ontology:HP:0004904,MONDO:MONDO:0018911,MedGen:C0342276,OMIM:PS125850,Orphanet:552",not provided|Maturity-onset diabetes of the young,germline;unknown,germline,GRCh37,NC_000007.13,7,44187343,44187343,na,na,7p13,"criteria provided, multiple submitters, no conflicts",2,-,N,ClinGen:CA367400597,2,447416,44187343,A,G,-,-,-,-,-,-,SCV000613456|SCV002605074,-,-
441105,single nucleotide variant,NM_000162.5(GCK):c.769T>C (p.Trp257Arg),2645,GCK,HGNC:4195,Pathogenic/Likely pathogenic,1,"Jul 03, 2017",1554335135,-,RCV000516870|RCV002463706,"MedGen:C3661900|Human Phenotype Ontology:HP:0004904,MONDO:MONDO:0018911,MedGen:C0342276,OMIM:PS125850,Orphanet:552",not provided|Maturity-onset diabetes of the young,germline;unknown,germline,GRCh38,NC_000007.14,7,44147744,44147744,na,na,7p13,"criteria provided, multiple submitters, no conflicts",2,-,N,ClinGen:CA367400597,2,447416,44147744,A,G,-,-,-,-,-,-,SCV000613456|SCV002605074,-,-
441106,Deletion,NM_000162.5(GCK):c.686del (p.Gly229fs),2645,GCK,HGNC:4195,Conflicting classifications of pathogenicity,1,"Aug 04, 2025",1554335164,-,RCV000518517|RCV002463704|RCV003987576,"MedGen:C3661900|Human Phenotype Ontology:HP:0004904,MONDO:MONDO:0018911,MedGen:C0342276,OMIM:PS125850,Orphanet:552|MONDO:MONDO:0007453,MedGen:C0342277,OMIM:125851,Orphanet:552",not provided|Maturity-onset diabetes of the young|Maturity-onset diabetes of the young type 2,germline;unknown,germline,GRCh37,NC_000007.13,7,44187426,44187426,na,na,7p13,"criteria provided, conflicting classifications",4,-,N,ClinGen:CA658655968,2,447414,44187425,GC,G,-,-,-,-,-,-,SCV000613452|SCV002605135|SCV004804346|SCV007419465,-,-
441106,Deletion,NM_000162.5(GCK):c.686del (p.Gly229fs),2645,GCK,HGNC:4195,Conflicting classifications of pathogenicity,1,"Aug 04, 2025",1554335164,-,RCV000518517|RCV002463704|RCV003987576,"MedGen:C3661900|Human Phenotype Ontology:HP:0004904,MONDO:MONDO:0018911,MedGen:C0342276,OMIM:PS125850,Orphanet:552|MONDO:MONDO:0007453,MedGen:C0342277,OMIM:125851,Orphanet:552",not provided|Maturity-onset diabetes of the young|Maturity-onset diabetes of the young type 2,germline;unknown,germline,GRCh38,NC_000007.14,7,44147827,44147827,na,na,7p13,"criteria provided, conflicting classifications",4,-,N,ClinGen:CA658655968,2,447414,44147826,GC,G,-,-,-,-,-,-,SCV000613452|SCV002605135|SCV004804346|SCV007419465,-,-
441107,single nucleotide variant,NM_000162.5(GCK):c.682A>G (p.Thr228Ala),2645,GCK,HGNC:4195,Pathogenic,1,"Feb 28, 2024",1332966015,-,RCV000516688|RCV001248971|RCV002367714,"MedGen:C3661900|MONDO:MONDO:0015967,MedGen:C3888631,Orphanet:183625|Human Phenotype Ontology:HP:0004904,MONDO:MONDO:0018911,MedGen:C0342276,OMIM:PS125850,Orphanet:552",not provided|Monogenic diabetes|Maturity-onset diabetes of the young,germline,germline,GRCh37,NC_000007.13,7,44187430,44187430,na,na,7p13,reviewed by expert panel,5,-,N,ClinGen:CA367400790,2,447413,44187430,T,C,-,-,-,-,-,-,SCV004697917,-,-
441107,single nucleotide variant,NM_000162.5(GCK):c.682A>G (p.Thr228Ala),2645,GCK,HGNC:4195,Pathogenic,1,"Feb 28, 2024",1332966015,-,RCV000516688|RCV001248971|RCV002367714,"MedGen:C3661900|MONDO:MONDO:0015967,MedGen:C3888631,Orphanet:183625|Human Phenotype Ontology:HP:0004904,MONDO:MONDO:0018911,MedGen:C0342276,OMIM:PS125850,Orphanet:552",not provided|Monogenic diabetes|Maturity-onset diabetes of the young,germline,germline,GRCh38,NC_000007.14,7,44147831,44147831,na,na,7p13,reviewed by expert panel,5,-,N,ClinGen:CA367400790,2,447413,44147831,T,C,-,-,-,-,-,-,SCV004697917,-,-
441108,single nucleotide variant,NM_000162.5(GCK):c.646G>A (p.Glu216Lys),2645,GCK,HGNC:4195,Uncertain significance,0,"Jul 30, 2023",778550411,-,RCV000518502|RCV002506251|RCV003318502|RCV005239120,"MedGen:C3661900|Human Phenotype Ontology:HP:0005965,Human Phenotype Ontology:HP:0005978,Human Phenotype Ontology:HP:0100652,MONDO:MONDO:0005148,MeSH:D003924,MedGen:C0011860,OMIM:125853;MONDO:MONDO:0100165,MedGen:C5393570,OMIM:606176;MONDO:MONDO:0011236,MedGen:C1865290,OMIM:602485,Orphanet:79299;MONDO:MONDO:0007453,MedGen:C0342277,OMIM:125851,Orphanet:552|MONDO:MONDO:0015967,MedGen:C3888631,Orphanet:183625|MedGen:CN169374",not provided|Type 2 diabetes mellitus;Permanent neonatal diabetes mellitus 1;Hyperinsulinism due to glucokinase deficiency;Maturity-onset diabetes of the young type 2|Monogenic diabetes|not specified,germline,germline,GRCh37,NC_000007.13,7,44189392,44189392,na,na,7p13,reviewed by expert panel,5,-,N,ClinGen:CA4239565,2,447412,44189392,C,T,-,-,-,-,-,-,SCV004022337,-,-
441108,single nucleotide variant,NM_000162.5(GCK):c.646G>A (p.Glu216Lys),2645,GCK,HGNC:4195,Uncertain significance,0,"Jul 30, 2023",778550411,-,RCV000518502|RCV002506251|RCV003318502|RCV005239120,"MedGen:C3661900|Human Phenotype Ontology:HP:0005965,Human Phenotype Ontology:HP:0005978,Human Phenotype Ontology:HP:0100652,MONDO:MONDO:0005148,MeSH:D003924,MedGen:C0011860,OMIM:125853;MONDO:MONDO:0100165,MedGen:C5393570,OMIM:606176;MONDO:MONDO:0011236,MedGen:C1865290,OMIM:602485,Orphanet:79299;MONDO:MONDO:0007453,MedGen:C0342277,OMIM:125851,Orphanet:552|MONDO:MONDO:0015967,MedGen:C3888631,Orphanet:183625|MedGen:CN169374",not provided|Type 2 diabetes mellitus;Permanent neonatal diabetes mellitus 1;Hyperinsulinism due to glucokinase deficiency;Maturity-onset diabetes of the young type 2|Monogenic diabetes|not specified,germline,germline,GRCh38,NC_000007.14,7,44149793,44149793,na,na,7p13,reviewed by expert panel,5,-,N,ClinGen:CA4239565,2,447412,44149793,C,T,-,-,-,-,-,-,SCV004022337,-,-
441109,single nucleotide variant,NM_000162.5(GCK):c.623C>T (p.Ala208Val),2645,GCK,HGNC:4195,Pathogenic,1,"Jan 18, 2024",746913146,-,RCV000517275|RCV002367713|RCV003493616,"MedGen:C3661900|Human Phenotype Ontology:HP:0004904,MONDO:MONDO:0018911,MedGen:C0342276,OMIM:PS125850,Orphanet:552|MONDO:MONDO:0015967,MedGen:C3888631,Orphanet:183625",not provided|Maturity-onset diabetes of the young|Monogenic diabetes,germline,germline,GRCh37,NC_000007.13,7,44189415,44189415,na,na,7p13,reviewed by expert panel,4,-,N,ClinGen:CA4239569,2,447411,44189415,G,A,-,-,-,-,-,-,SCV004242366,-,-
441109,single nucleotide variant,NM_000162.5(GCK):c.623C>T (p.Ala208Val),2645,GCK,HGNC:4195,Pathogenic,1,"Jan 18, 2024",746913146,-,RCV000517275|RCV002367713|RCV003493616,"MedGen:C3661900|Human Phenotype Ontology:HP:0004904,MONDO:MONDO:0018911,MedGen:C0342276,OMIM:PS125850,Orphanet:552|MONDO:MONDO:0015967,MedGen:C3888631,Orphanet:183625",not provided|Maturity-onset diabetes of the young|Monogenic diabetes,germline,germline,GRCh38,NC_000007.14,7,44149816,44149816,na,na,7p13,reviewed by expert panel,4,-,N,ClinGen:CA4239569,2,447411,44149816,G,A,-,-,-,-,-,-,SCV004242366,-,-
441110,single nucleotide variant,NM_000162.5(GCK):c.595G>A (p.Val199Met),2645,GCK,HGNC:4195,Conflicting classifications of pathogenicity,1,"Nov 21, 2025",1554335417,-,RCV000516639|RCV001266633|RCV002463703,"MedGen:C3661900|MeSH:D030342,MedGen:C0950123|Human Phenotype Ontology:HP:0004904,MONDO:MONDO:0018911,MedGen:C0342276,OMIM:PS125850,Orphanet:552",not provided|Inborn genetic diseases|Maturity-onset diabetes of the young,germline;unknown,germline,GRCh37,NC_000007.13,7,44189443,44189443,na,na,7p13,"criteria provided, conflicting classifications",5,-,N,ClinGen:CA367401409,2,447410,44189443,C,T,-,-,-,-,-,-,SCV000613444|SCV001444809|SCV001779729|SCV002605198|SCV004540467,-,-
441110,single nucleotide variant,NM_000162.5(GCK):c.595G>A (p.Val199Met),2645,GCK,HGNC:4195,Conflicting classifications of pathogenicity,1,"Nov 21, 2025",1554335417,-,RCV000516639|RCV001266633|RCV002463703,"MedGen:C3661900|MeSH:D030342,MedGen:C0950123|Human Phenotype Ontology:HP:0004904,MONDO:MONDO:0018911,MedGen:C0342276,OMIM:PS125850,Orphanet:552",not provided|Inborn genetic diseases|Maturity-onset diabetes of the young,germline;unknown,germline,GRCh38,NC_000007.14,7,44149844,44149844,na,na,7p13,"criteria provided, conflicting classifications",5,-,N,ClinGen:CA367401409,2,447410,44149844,C,T,-,-,-,-,-,-,SCV000613444|SCV001444809|SCV001779729|SCV002605198|SCV004540467,-,-
441111,single nucleotide variant,NM_000162.5(GCK):c.590T>C (p.Met197Thr),2645,GCK,HGNC:4195,Conflicting classifications of pathogenicity,1,"Jun 21, 2019",1554335418,-,RCV002463702|RCV004732481,"Human Phenotype Ontology:HP:0004904,MONDO:MONDO:0018911,MedGen:C0342276,OMIM:PS125850,Orphanet:552|MedGen:C3661900",Maturity-onset diabetes of the young|not provided,unknown,unknown,GRCh37,NC_000007.13,7,44189448,44189448,na,na,7p13,"criteria provided, conflicting classifications",2,-,N,ClinGen:CA367401431,2,447409,44189448,A,G,-,-,-,-,-,-,SCV000613443|SCV002605200,-,-
441111,single nucleotide variant,NM_000162.5(GCK):c.590T>C (p.Met197Thr),2645,GCK,HGNC:4195,Conflicting classifications of pathogenicity,1,"Jun 21, 2019",1554335418,-,RCV002463702|RCV004732481,"Human Phenotype Ontology:HP:0004904,MONDO:MONDO:0018911,MedGen:C0342276,OMIM:PS125850,Orphanet:552|MedGen:C3661900",Maturity-onset diabetes of the young|not provided,unknown,unknown,GRCh38,NC_000007.14,7,44149849,44149849,na,na,7p13,"criteria provided, conflicting classifications",2,-,N,ClinGen:CA367401431,2,447409,44149849,A,G,-,-,-,-,-,-,SCV000613443|SCV002605200,-,-
441112,single nucleotide variant,NM_000162.5(GCK):c.499T>C (p.Trp167Arg),2645,GCK,HGNC:4195,Conflicting classifications of pathogenicity,1,"Jul 27, 2025",1481197092,-,RCV000517391|RCV000766929,MedGen:CN169374|MedGen:C3661900,not specified|not provided,germline,germline,GRCh37,NC_000007.13,7,44189648,44189648,na,na,7p13,"criteria provided, conflicting classifications",3,-,N,ClinGen:CA367401768,2,447408,44189648,A,G,-,-,-,-,-,-,SCV000613439|SCV000617559|SCV007419470,-,-
441112,single nucleotide variant,NM_000162.5(GCK):c.499T>C (p.Trp167Arg),2645,GCK,HGNC:4195,Conflicting classifications of pathogenicity,1,"Jul 27, 2025",1481197092,-,RCV000517391|RCV000766929,MedGen:CN169374|MedGen:C3661900,not specified|not provided,germline,germline,GRCh38,NC_000007.14,7,44150049,44150049,na,na,7p13,"criteria provided, conflicting classifications",3,-,N,ClinGen:CA367401768,2,447408,44150049,A,G,-,-,-,-,-,-,SCV000613439|SCV000617559|SCV007419470,-,-
441113,Deletion,NM_033507.2(GCK):c.488del,2645,GCK,HGNC:4195,Pathogenic/Likely pathogenic,1,"Aug 30, 2023",1246464603,-,RCV000516477|RCV002463701,"MedGen:C3661900|Human Phenotype Ontology:HP:0004904,MONDO:MONDO:0018911,MedGen:C0342276,OMIM:PS125850,Orphanet:552",not provided|Maturity-onset diabetes of the young,unknown,unknown,GRCh37,NC_000007.13,7,44189662,44189662,na,na,7p13,"criteria provided, multiple submitters, no conflicts",2,-,N,ClinGen:CA658655969,2,447407,44189661,GC,G,-,-,-,-,-,-,SCV000613438|SCV002605227,-,-
441113,Deletion,NM_033507.2(GCK):c.488del,2645,GCK,HGNC:4195,Pathogenic/Likely pathogenic,1,"Aug 30, 2023",1246464603,-,RCV000516477|RCV002463701,"MedGen:C3661900|Human Phenotype Ontology:HP:0004904,MONDO:MONDO:0018911,MedGen:C0342276,OMIM:PS125850,Orphanet:552",not provided|Maturity-onset diabetes of the young,unknown,unknown,GRCh38,NC_000007.14,7,44150063,44150063,na,na,7p13,"criteria provided, multiple submitters, no conflicts",2,-,N,ClinGen:CA658655969,2,447407,44150062,GC,G,-,-,-,-,-,-,SCV000613438|SCV002605227,-,-
441114,single nucleotide variant,NM_000162.5(GCK):c.483+14A>G,2645,GCK,HGNC:4195,Benign/Likely benign,0,"Feb 01, 2026",74852379,-,RCV000517895|RCV002060239|RCV002463700|RCV005901132|RCV005901131,"MedGen:CN169374|MedGen:C3661900|Human Phenotype Ontology:HP:0004904,MONDO:MONDO:0018911,MedGen:C0342276,OMIM:PS125850,Orphanet:552|MedGen:CN377704|MedGen:C0206698",not specified|not provided|Maturity-onset diabetes of the young|Uterine corpus endometrial carcinoma|Cholangiocarcinoma,germline;not applicable;unknown,germline,GRCh37,NC_000007.13,7,44190541,44190541,na,na,7p13,"criteria provided, multiple submitters, no conflicts",5,-,N,ClinGen:CA4239622,2,447406,44190541,T,C,-,-,-,-,-,-,SCV000613437|SCV000729803|SCV002462127|SCV002605229,-,-
441114,single nucleotide variant,NM_000162.5(GCK):c.483+14A>G,2645,GCK,HGNC:4195,Benign/Likely benign,0,"Feb 01, 2026",74852379,-,RCV000517895|RCV002060239|RCV002463700|RCV005901132|RCV005901131,"MedGen:CN169374|MedGen:C3661900|Human Phenotype Ontology:HP:0004904,MONDO:MONDO:0018911,MedGen:C0342276,OMIM:PS125850,Orphanet:552|MedGen:CN377704|MedGen:C0206698",not specified|not provided|Maturity-onset diabetes of the young|Uterine corpus endometrial carcinoma|Cholangiocarcinoma,germline;not applicable;unknown,germline,GRCh38,NC_000007.14,7,44150942,44150942,na,na,7p13,"criteria provided, multiple submitters, no conflicts",5,-,N,ClinGen:CA4239622,2,447406,44150942,T,C,-,-,-,-,-,-,SCV000613437|SCV000729803|SCV002462127|SCV002605229,-,-
441115,single nucleotide variant,NM_000162.5(GCK):c.483+10G>A,2645,GCK,HGNC:4195,Conflicting classifications of pathogenicity,0,"Feb 14, 2017",1554335560,-,RCV000516929|RCV002463699,"MedGen:CN169374|Human Phenotype Ontology:HP:0004904,MONDO:MONDO:0018911,MedGen:C0342276,OMIM:PS125850,Orphanet:552",not specified|Maturity-onset diabetes of the young,germline;unknown,germline,GRCh37,NC_000007.13,7,44190545,44190545,na,na,7p13,"criteria provided, conflicting classifications",2,-,N,ClinGen:CA645564882,2,447405,44190545,C,T,-,-,-,-,-,-,SCV000613436|SCV002605228,-,-
441115,single nucleotide variant,NM_000162.5(GCK):c.483+10G>A,2645,GCK,HGNC:4195,Conflicting classifications of pathogenicity,0,"Feb 14, 2017",1554335560,-,RCV000516929|RCV002463699,"MedGen:CN169374|Human Phenotype Ontology:HP:0004904,MONDO:MONDO:0018911,MedGen:C0342276,OMIM:PS125850,Orphanet:552",not specified|Maturity-onset diabetes of the young,germline;unknown,germline,GRCh38,NC_000007.14,7,44150946,44150946,na,na,7p13,"criteria provided, conflicting classifications",2,-,N,ClinGen:CA645564882,2,447405,44150946,C,T,-,-,-,-,-,-,SCV000613436|SCV002605228,-,-
441116,single nucleotide variant,NM_000162.5(GCK):c.478G>A (p.Asp160Asn),2645,GCK,HGNC:4195,Pathogenic,1,"Jan 22, 2026",1554335566,-,RCV000516357|RCV002285349|RCV002464023|RCV004701588|RCV005861125|RCV006454684,"MedGen:C3661900|MONDO:MONDO:0007453,MedGen:C0342277,OMIM:125851,Orphanet:552|Human Phenotype Ontology:HP:0004904,MONDO:MONDO:0018911,MedGen:C0342276,OMIM:PS125850,Orphanet:552|MedGen:CN169374|MONDO:MONDO:0010396,MedGen:C4750718,OMIM:300672,Orphanet:1934,Orphanet:3451,Orphanet:505652|MONDO:MONDO:0015967,MedGen:C3888631,Orphanet:183625","not provided|Maturity-onset diabetes of the young type 2|Maturity-onset diabetes of the young|not specified|Developmental and epileptic encephalopathy, 2|Monogenic diabetes",germline;unknown,germline,GRCh37,NC_000007.13,7,44190560,44190560,na,na,7p13,reviewed by expert panel,9,-,N,ClinGen:CA367401849,2,447404,44190560,C,T,-,-,-,-,-,-,SCV007338187,-,-
441116,single nucleotide variant,NM_000162.5(GCK):c.478G>A (p.Asp160Asn),2645,GCK,HGNC:4195,Pathogenic,1,"Jan 22, 2026",1554335566,-,RCV000516357|RCV002285349|RCV002464023|RCV004701588|RCV005861125|RCV006454684,"MedGen:C3661900|MONDO:MONDO:0007453,MedGen:C0342277,OMIM:125851,Orphanet:552|Human Phenotype Ontology:HP:0004904,MONDO:MONDO:0018911,MedGen:C0342276,OMIM:PS125850,Orphanet:552|MedGen:CN169374|MONDO:MONDO:0010396,MedGen:C4750718,OMIM:300672,Orphanet:1934,Orphanet:3451,Orphanet:505652|MONDO:MONDO:0015967,MedGen:C3888631,Orphanet:183625","not provided|Maturity-onset diabetes of the young type 2|Maturity-onset diabetes of the young|not specified|Developmental and epileptic encephalopathy, 2|Monogenic diabetes",germline;unknown,germline,GRCh38,NC_000007.14,7,44150961,44150961,na,na,7p13,reviewed by expert panel,9,-,N,ClinGen:CA367401849,2,447404,44150961,C,T,-,-,-,-,-,-,SCV007338187,-,-
441117,single nucleotide variant,NM_000162.5(GCK):c.477C>G (p.Ile159Met),2645,GCK,HGNC:4195,Conflicting classifications of pathogenicity,1,"Nov 13, 2018",1554335567,-,RCV000518112|RCV001821451|RCV002464022,"MedGen:CN169374|MedGen:C3661900|Human Phenotype Ontology:HP:0004904,MONDO:MONDO:0018911,MedGen:C0342276,OMIM:PS125850,Orphanet:552",not specified|not provided|Maturity-onset diabetes of the young,germline;unknown,germline,GRCh37,NC_000007.13,7,44190561,44190561,na,na,7p13,"criteria provided, conflicting classifications",3,-,N,ClinGen:CA367401851,2,447403,44190561,G,C,-,-,-,-,-,-,SCV000613434|SCV002069282|SCV002605244,-,-
441117,single nucleotide variant,NM_000162.5(GCK):c.477C>G (p.Ile159Met),2645,GCK,HGNC:4195,Conflicting classifications of pathogenicity,1,"Nov 13, 2018",1554335567,-,RCV000518112|RCV001821451|RCV002464022,"MedGen:CN169374|MedGen:C3661900|Human Phenotype Ontology:HP:0004904,MONDO:MONDO:0018911,MedGen:C0342276,OMIM:PS125850,Orphanet:552",not specified|not provided|Maturity-onset diabetes of the young,germline;unknown,germline,GRCh38,NC_000007.14,7,44150962,44150962,na,na,7p13,"criteria provided, conflicting classifications",3,-,N,ClinGen:CA367401851,2,447403,44150962,G,C,-,-,-,-,-,-,SCV000613434|SCV002069282|SCV002605244,-,-
441118,single nucleotide variant,NM_000162.5(GCK):c.469G>A (p.Glu157Lys),2645,GCK,HGNC:4195,Pathogenic,1,"Mar 23, 2026",1554335570,-,RCV000517004|RCV002341208|RCV002496997|RCV004701587|RCV006635943,"MedGen:C3661900|Human Phenotype Ontology:HP:0004904,MONDO:MONDO:0018911,MedGen:C0342276,OMIM:PS125850,Orphanet:552|MONDO:MONDO:0007453,MedGen:C0342277,OMIM:125851,Orphanet:552;MONDO:MONDO:0011236,MedGen:C1865290,OMIM:602485,Orphanet:79299;MONDO:MONDO:0100165,MedGen:C5393570,OMIM:606176;Human Phenotype Ontology:HP:0005965,Human Phenotype Ontology:HP:0005978,Human Phenotype Ontology:HP:0100652,MONDO:MONDO:0005148,MeSH:D003924,MedGen:C0011860,OMIM:125853|MONDO:MONDO:0007453,MedGen:C0342277,OMIM:125851,Orphanet:552|MONDO:MONDO:0015967,MedGen:C3888631,Orphanet:183625",not provided|Maturity-onset diabetes of the young|Maturity-onset diabetes of the young type 2;Hyperinsulinism due to glucokinase deficiency;Permanent neonatal diabetes mellitus 1;Type 2 diabetes mellitus|Maturity-onset diabetes of the young type 2|Monogenic diabetes,germline;unknown,germline,GRCh37,NC_000007.13,7,44190569,44190569,na,na,7p13,reviewed by expert panel,11,-,N,ClinGen:CA367401880,2,447402,44190569,C,T,-,-,-,-,-,-,SCV007520547,-,-
441118,single nucleotide variant,NM_000162.5(GCK):c.469G>A (p.Glu157Lys),2645,GCK,HGNC:4195,Pathogenic,1,"Mar 23, 2026",1554335570,-,RCV000517004|RCV002341208|RCV002496997|RCV004701587|RCV006635943,"MedGen:C3661900|Human Phenotype Ontology:HP:0004904,MONDO:MONDO:0018911,MedGen:C0342276,OMIM:PS125850,Orphanet:552|MONDO:MONDO:0007453,MedGen:C0342277,OMIM:125851,Orphanet:552;MONDO:MONDO:0011236,MedGen:C1865290,OMIM:602485,Orphanet:79299;MONDO:MONDO:0100165,MedGen:C5393570,OMIM:606176;Human Phenotype Ontology:HP:0005965,Human Phenotype Ontology:HP:0005978,Human Phenotype Ontology:HP:0100652,MONDO:MONDO:0005148,MeSH:D003924,MedGen:C0011860,OMIM:125853|MONDO:MONDO:0007453,MedGen:C0342277,OMIM:125851,Orphanet:552|MONDO:MONDO:0015967,MedGen:C3888631,Orphanet:183625",not provided|Maturity-onset diabetes of the young|Maturity-onset diabetes of the young type 2;Hyperinsulinism due to glucokinase deficiency;Permanent neonatal diabetes mellitus 1;Type 2 diabetes mellitus|Maturity-onset diabetes of the young type 2|Monogenic diabetes,germline;unknown,germline,GRCh38,NC_000007.14,7,44150970,44150970,na,na,7p13,reviewed by expert panel,11,-,N,ClinGen:CA367401880,2,447402,44150970,C,T,-,-,-,-,-,-,SCV007520547,-,-
441119,single nucleotide variant,NM_000162.5(GCK):c.464G>C (p.Arg155Thr),2645,GCK,HGNC:4195,Likely pathogenic,1,"Apr 19, 2024",1554335573,-,RCV000518745|RCV002464021|RCV004527384,"MedGen:CN169374|Human Phenotype Ontology:HP:0004904,MONDO:MONDO:0018911,MedGen:C0342276,OMIM:PS125850,Orphanet:552|MONDO:MONDO:0015967,MedGen:C3888631,Orphanet:183625",not specified|Maturity-onset diabetes of the young|Monogenic diabetes,germline;unknown,germline,GRCh37,NC_000007.13,7,44190574,44190574,na,na,7p13,reviewed by expert panel,3,-,N,ClinGen:CA367401902,2,447401,44190574,C,G,-,-,-,-,-,-,SCV005040697,-,-
441119,single nucleotide variant,NM_000162.5(GCK):c.464G>C (p.Arg155Thr),2645,GCK,HGNC:4195,Likely pathogenic,1,"Apr 19, 2024",1554335573,-,RCV000518745|RCV002464021|RCV004527384,"MedGen:CN169374|Human Phenotype Ontology:HP:0004904,MONDO:MONDO:0018911,MedGen:C0342276,OMIM:PS125850,Orphanet:552|MONDO:MONDO:0015967,MedGen:C3888631,Orphanet:183625",not specified|Maturity-onset diabetes of the young|Monogenic diabetes,germline;unknown,germline,GRCh38,NC_000007.14,7,44150975,44150975,na,na,7p13,reviewed by expert panel,3,-,N,ClinGen:CA367401902,2,447401,44150975,C,G,-,-,-,-,-,-,SCV005040697,-,-
441120,single nucleotide variant,NM_000162.5(GCK):c.442T>A (p.Phe148Ile),2645,GCK,HGNC:4195,Uncertain significance,1,"Oct 02, 2023",1554335582,-,RCV000518632|RCV002464020|RCV003403214,"MedGen:CN169374|Human Phenotype Ontology:HP:0004904,MONDO:MONDO:0018911,MedGen:C0342276,OMIM:PS125850,Orphanet:552|MONDO:MONDO:0015967,MedGen:C3888631,Orphanet:183625",not specified|Maturity-onset diabetes of the young|Monogenic diabetes,germline;unknown,germline,GRCh37,NC_000007.13,7,44190596,44190596,na,na,7p13,reviewed by expert panel,3,-,N,ClinGen:CA367401967,2,447399,44190596,A,T,-,-,-,-,-,-,SCV004102848,-,-
441120,single nucleotide variant,NM_000162.5(GCK):c.442T>A (p.Phe148Ile),2645,GCK,HGNC:4195,Uncertain significance,1,"Oct 02, 2023",1554335582,-,RCV000518632|RCV002464020|RCV003403214,"MedGen:CN169374|Human Phenotype Ontology:HP:0004904,MONDO:MONDO:0018911,MedGen:C0342276,OMIM:PS125850,Orphanet:552|MONDO:MONDO:0015967,MedGen:C3888631,Orphanet:183625",not specified|Maturity-onset diabetes of the young|Monogenic diabetes,germline;unknown,germline,GRCh38,NC_000007.14,7,44150997,44150997,na,na,7p13,reviewed by expert panel,3,-,N,ClinGen:CA367401967,2,447399,44150997,A,T,-,-,-,-,-,-,SCV004102848,-,-
441121,Deletion,NM_000162.5(GCK):c.440del (p.Gly147fs),2645,GCK,HGNC:4195,Pathogenic/Likely pathogenic,1,"Mar 02, 2017",1554335585,-,RCV000517744|RCV002464019,"MedGen:C3661900|Human Phenotype Ontology:HP:0004904,MONDO:MONDO:0018911,MedGen:C0342276,OMIM:PS125850,Orphanet:552",not provided|Maturity-onset diabetes of the young,germline;unknown,germline,GRCh37,NC_000007.13,7,44190598,44190598,na,na,7p13,"criteria provided, multiple submitters, no conflicts",2,-,N,ClinGen:CA658655970,2,447398,44190597,GC,G,-,-,-,-,-,-,SCV000613428|SCV002605281,-,-
441121,Deletion,NM_000162.5(GCK):c.440del (p.Gly147fs),2645,GCK,HGNC:4195,Pathogenic/Likely pathogenic,1,"Mar 02, 2017",1554335585,-,RCV000517744|RCV002464019,"MedGen:C3661900|Human Phenotype Ontology:HP:0004904,MONDO:MONDO:0018911,MedGen:C0342276,OMIM:PS125850,Orphanet:552",not provided|Maturity-onset diabetes of the young,germline;unknown,germline,GRCh38,NC_000007.14,7,44150999,44150999,na,na,7p13,"criteria provided, multiple submitters, no conflicts",2,-,N,ClinGen:CA658655970,2,447398,44150998,GC,G,-,-,-,-,-,-,SCV000613428|SCV002605281,-,-
441122,single nucleotide variant,NM_000162.5(GCK):c.370G>C (p.Asp124His),2645,GCK,HGNC:4195,Pathogenic,1,"Mar 14, 2024",759072800,-,RCV000516818|RCV003993667,"MedGen:C3661900|MONDO:MONDO:0015967,MedGen:C3888631,Orphanet:183625",not provided|Monogenic diabetes,germline,germline,GRCh37,NC_000007.13,7,44190668,44190668,na,na,7p13,reviewed by expert panel,5,-,N,ClinGen:CA367402212,2,447397,44190668,C,G,-,-,-,-,-,-,SCV004812213,-,-
441122,single nucleotide variant,NM_000162.5(GCK):c.370G>C (p.Asp124His),2645,GCK,HGNC:4195,Pathogenic,1,"Mar 14, 2024",759072800,-,RCV000516818|RCV003993667,"MedGen:C3661900|MONDO:MONDO:0015967,MedGen:C3888631,Orphanet:183625",not provided|Monogenic diabetes,germline,germline,GRCh38,NC_000007.14,7,44151069,44151069,na,na,7p13,reviewed by expert panel,5,-,N,ClinGen:CA367402212,2,447397,44151069,C,G,-,-,-,-,-,-,SCV004812213,-,-
441123,single nucleotide variant,NM_000162.5(GCK):c.363+6C>A,2645,GCK,HGNC:4195,Conflicting classifications of pathogenicity,0,"Nov 01, 2023",751756042,-,RCV000518456|RCV001531038|RCV002464232,"MedGen:CN169374|MedGen:C3661900|Human Phenotype Ontology:HP:0004904,MONDO:MONDO:0018911,MedGen:C0342276,OMIM:PS125850,Orphanet:552",not specified|not provided|Maturity-onset diabetes of the young,germline;unknown,germline,GRCh37,NC_000007.13,7,44191864,44191864,na,na,7p13,"criteria provided, conflicting classifications",3,-,N,ClinGen:CA4239666,2,447396,44191864,G,T,-,-,-,-,-,-,SCV000613423|SCV001745982|SCV002605303,-,-
441123,single nucleotide variant,NM_000162.5(GCK):c.363+6C>A,2645,GCK,HGNC:4195,Conflicting classifications of pathogenicity,0,"Nov 01, 2023",751756042,-,RCV000518456|RCV001531038|RCV002464232,"MedGen:CN169374|MedGen:C3661900|Human Phenotype Ontology:HP:0004904,MONDO:MONDO:0018911,MedGen:C0342276,OMIM:PS125850,Orphanet:552",not specified|not provided|Maturity-onset diabetes of the young,germline;unknown,germline,GRCh38,NC_000007.14,7,44152265,44152265,na,na,7p13,"criteria provided, conflicting classifications",3,-,N,ClinGen:CA4239666,2,447396,44152265,G,T,-,-,-,-,-,-,SCV000613423|SCV001745982|SCV002605303,-,-
441124,single nucleotide variant,NM_000162.5(GCK):c.330C>G (p.Ile110Met),2645,GCK,HGNC:4195,Uncertain significance/Uncertain risk allele,0,"Jul 05, 2017",1554335741,-,RCV000516269|RCV002464018,"MedGen:CN169374|Human Phenotype Ontology:HP:0004904,MONDO:MONDO:0018911,MedGen:C0342276,OMIM:PS125850,Orphanet:552",not specified|Maturity-onset diabetes of the young,germline;unknown,germline,GRCh37,NC_000007.13,7,44191903,44191903,na,na,7p13,"criteria provided, multiple submitters, no conflicts",2,-,N,ClinGen:CA367402657,2,447395,44191903,G,C,-,-,-,-,-,-,SCV000613421|SCV002605307,-,-
441124,single nucleotide variant,NM_000162.5(GCK):c.330C>G (p.Ile110Met),2645,GCK,HGNC:4195,Uncertain significance/Uncertain risk allele,0,"Jul 05, 2017",1554335741,-,RCV000516269|RCV002464018,"MedGen:CN169374|Human Phenotype Ontology:HP:0004904,MONDO:MONDO:0018911,MedGen:C0342276,OMIM:PS125850,Orphanet:552",not specified|Maturity-onset diabetes of the young,germline;unknown,germline,GRCh38,NC_000007.14,7,44152304,44152304,na,na,7p13,"criteria provided, multiple submitters, no conflicts",2,-,N,ClinGen:CA367402657,2,447395,44152304,G,C,-,-,-,-,-,-,SCV000613421|SCV002605307,-,-
441125,single nucleotide variant,NM_000162.5(GCK):c.295T>C (p.Trp99Arg),2645,GCK,HGNC:4195,Conflicting classifications of pathogenicity,1,"Nov 03, 2017",1554335751,-,RCV003988850|RCV000518344,"MONDO:MONDO:0007453,MedGen:C0342277,OMIM:125851,Orphanet:552|MedGen:C3661900",Maturity-onset diabetes of the young type 2|not provided,germline,germline,GRCh37,NC_000007.13,7,44191938,44191938,na,na,7p13,"criteria provided, conflicting classifications",3,-,N,ClinGen:CA367402811,2,447394,44191938,A,G,-,-,-,-,-,-,SCV000613420|SCV000617558|SCV004805354,-,-
441125,single nucleotide variant,NM_000162.5(GCK):c.295T>C (p.Trp99Arg),2645,GCK,HGNC:4195,Conflicting classifications of pathogenicity,1,"Nov 03, 2017",1554335751,-,RCV003988850|RCV000518344,"MONDO:MONDO:0007453,MedGen:C0342277,OMIM:125851,Orphanet:552|MedGen:C3661900",Maturity-onset diabetes of the young type 2|not provided,germline,germline,GRCh38,NC_000007.14,7,44152339,44152339,na,na,7p13,"criteria provided, conflicting classifications",3,-,N,ClinGen:CA367402811,2,447394,44152339,A,G,-,-,-,-,-,-,SCV000613420|SCV000617558|SCV004805354,-,-
441126,single nucleotide variant,NM_000162.5(GCK):c.213C>T (p.Val71=),2645,GCK,HGNC:4195,Conflicting classifications of pathogenicity,0,"Jan 13, 2026",143128547,-,RCV000517450|RCV000898825|RCV001160744|RCV001160745|RCV001160746|RCV001160747|RCV002431478,"MedGen:CN169374|MedGen:C3661900|MONDO:MONDO:0007453,MedGen:C0342277,OMIM:125851,Orphanet:552||MONDO:MONDO:0011236,MedGen:C1865290,OMIM:602485,Orphanet:79299|MONDO:MONDO:0100164,MedGen:C1833104,OMIM:PS606176,Orphanet:99885|Human Phenotype Ontology:HP:0004904,MONDO:MONDO:0018911,MedGen:C0342276,OMIM:PS125850,Orphanet:552","not specified|not provided|Maturity-onset diabetes of the young type 2|Transient Neonatal Diabetes, Recessive|Hyperinsulinism due to glucokinase deficiency|Permanent neonatal diabetes mellitus|Maturity-onset diabetes of the young",germline;unknown,germline,GRCh37,NC_000007.13,7,44192020,44192020,na,na,7p13,"criteria provided, conflicting classifications",5,-,N,ClinGen:CA4239687,2,447393,44192020,G,A,-,-,-,-,-,-,SCV000613419|SCV001043054|SCV001322567|SCV001322568|SCV001322569|SCV001322570|SCV002605372|SCV002729235,-,-
441126,single nucleotide variant,NM_000162.5(GCK):c.213C>T (p.Val71=),2645,GCK,HGNC:4195,Conflicting classifications of pathogenicity,0,"Jan 13, 2026",143128547,-,RCV000517450|RCV000898825|RCV001160744|RCV001160745|RCV001160746|RCV001160747|RCV002431478,"MedGen:CN169374|MedGen:C3661900|MONDO:MONDO:0007453,MedGen:C0342277,OMIM:125851,Orphanet:552||MONDO:MONDO:0011236,MedGen:C1865290,OMIM:602485,Orphanet:79299|MONDO:MONDO:0100164,MedGen:C1833104,OMIM:PS606176,Orphanet:99885|Human Phenotype Ontology:HP:0004904,MONDO:MONDO:0018911,MedGen:C0342276,OMIM:PS125850,Orphanet:552","not specified|not provided|Maturity-onset diabetes of the young type 2|Transient Neonatal Diabetes, Recessive|Hyperinsulinism due to glucokinase deficiency|Permanent neonatal diabetes mellitus|Maturity-onset diabetes of the young",germline;unknown,germline,GRCh38,NC_000007.14,7,44152421,44152421,na,na,7p13,"criteria provided, conflicting classifications",5,-,N,ClinGen:CA4239687,2,447393,44152421,G,A,-,-,-,-,-,-,SCV000613419|SCV001043054|SCV001322567|SCV001322568|SCV001322569|SCV001322570|SCV002605372|SCV002729235,-,-
441127,single nucleotide variant,NM_000162.5(GCK):c.208+16C>T,2645,GCK,HGNC:4195,Conflicting classifications of pathogenicity,0,"Mar 19, 2025",377747439,-,RCV000516194|RCV002464231|RCV005056105,"MedGen:CN169374|Human Phenotype Ontology:HP:0004904,MONDO:MONDO:0018911,MedGen:C0342276,OMIM:PS125850,Orphanet:552|MedGen:C3661900",not specified|Maturity-onset diabetes of the young|not provided,germline;unknown,germline,GRCh37,NC_000007.13,7,44192884,44192884,na,na,7p13,"criteria provided, conflicting classifications",4,-,N,ClinGen:CA4239703,2,447392,44192884,G,A,-,-,-,-,-,-,SCV000613418|SCV002605377|SCV004813482|SCV005693334,-,-
441127,single nucleotide variant,NM_000162.5(GCK):c.208+16C>T,2645,GCK,HGNC:4195,Conflicting classifications of pathogenicity,0,"Mar 19, 2025",377747439,-,RCV000516194|RCV002464231|RCV005056105,"MedGen:CN169374|Human Phenotype Ontology:HP:0004904,MONDO:MONDO:0018911,MedGen:C0342276,OMIM:PS125850,Orphanet:552|MedGen:C3661900",not specified|Maturity-onset diabetes of the young|not provided,germline;unknown,germline,GRCh38,NC_000007.14,7,44153285,44153285,na,na,7p13,"criteria provided, conflicting classifications",4,-,N,ClinGen:CA4239703,2,447392,44153285,G,A,-,-,-,-,-,-,SCV000613418|SCV002605377|SCV004813482|SCV005693334,-,-
441128,single nucleotide variant,NM_000162.5(GCK):c.187C>T (p.Arg63Cys),2645,GCK,HGNC:4195,Uncertain significance/Uncertain risk allele,0,"Jun 24, 2024",754479025,-,RCV000518077|RCV002464230|RCV005632440,"MedGen:CN169374|Human Phenotype Ontology:HP:0004904,MONDO:MONDO:0018911,MedGen:C0342276,OMIM:PS125850,Orphanet:552|MedGen:C3661900",not specified|Maturity-onset diabetes of the young|not provided,germline;unknown,germline,GRCh37,NC_000007.13,7,44192921,44192921,na,na,7p13,"criteria provided, multiple submitters, no conflicts",3,-,N,ClinGen:CA4239707,2,447391,44192921,G,A,-,-,-,-,-,-,SCV000613417|SCV002605381|SCV006314943,-,-
441128,single nucleotide variant,NM_000162.5(GCK):c.187C>T (p.Arg63Cys),2645,GCK,HGNC:4195,Uncertain significance/Uncertain risk allele,0,"Jun 24, 2024",754479025,-,RCV000518077|RCV002464230|RCV005632440,"MedGen:CN169374|Human Phenotype Ontology:HP:0004904,MONDO:MONDO:0018911,MedGen:C0342276,OMIM:PS125850,Orphanet:552|MedGen:C3661900",not specified|Maturity-onset diabetes of the young|not provided,germline;unknown,germline,GRCh38,NC_000007.14,7,44153322,44153322,na,na,7p13,"criteria provided, multiple submitters, no conflicts",3,-,N,ClinGen:CA4239707,2,447391,44153322,G,A,-,-,-,-,-,-,SCV000613417|SCV002605381|SCV006314943,-,-
441129,single nucleotide variant,NM_000162.5(GCK):c.46-2A>G,2645,GCK,HGNC:4195,Pathogenic,1,"Jan 03, 2025",1554335966,-,RCV000517853|RCV002464233|RCV004992296,"MedGen:C3661900|Human Phenotype Ontology:HP:0004904,MONDO:MONDO:0018911,MedGen:C0342276,OMIM:PS125850,Orphanet:552|MONDO:MONDO:0015967,MedGen:C3888631,Orphanet:183625",not provided|Maturity-onset diabetes of the young|Monogenic diabetes,germline;unknown,germline,GRCh37,NC_000007.13,7,44193064,44193064,na,na,7p13,reviewed by expert panel,3,-,N,ClinGen:CA367403894,2,447400,44193064,T,C,-,-,-,-,-,-,SCV005442833,-,-
441129,single nucleotide variant,NM_000162.5(GCK):c.46-2A>G,2645,GCK,HGNC:4195,Pathogenic,1,"Jan 03, 2025",1554335966,-,RCV000517853|RCV002464233|RCV004992296,"MedGen:C3661900|Human Phenotype Ontology:HP:0004904,MONDO:MONDO:0018911,MedGen:C0342276,OMIM:PS125850,Orphanet:552|MONDO:MONDO:0015967,MedGen:C3888631,Orphanet:183625",not provided|Maturity-onset diabetes of the young|Monogenic diabetes,germline;unknown,germline,GRCh38,NC_000007.14,7,44153465,44153465,na,na,7p13,reviewed by expert panel,3,-,N,ClinGen:CA367403894,2,447400,44153465,T,C,-,-,-,-,-,-,SCV005442833,-,-
441130,single nucleotide variant,NM_000162.5(GCK):c.-17C>T,2645,GCK,HGNC:4195,Conflicting classifications of pathogenicity,0,"Oct 26, 2021",190731555,-,RCV000516256|RCV002463698|RCV002272273,"MedGen:CN169374|Human Phenotype Ontology:HP:0004904,MONDO:MONDO:0018911,MedGen:C0342276,OMIM:PS125850,Orphanet:552|MedGen:C3661900",not specified|Maturity-onset diabetes of the young|not provided,germline;unknown,germline,GRCh37,NC_000007.13,7,44228569,44228569,na,na,7p13,"criteria provided, conflicting classifications",3,-,N,ClinGen:CA4239806,2,447390,44228569,G,A,-,-,-,-,-,-,SCV000613415|SCV002558202|SCV002605188,-,-
441130,single nucleotide variant,NM_000162.5(GCK):c.-17C>T,2645,GCK,HGNC:4195,Conflicting classifications of pathogenicity,0,"Oct 26, 2021",190731555,-,RCV000516256|RCV002463698|RCV002272273,"MedGen:CN169374|Human Phenotype Ontology:HP:0004904,MONDO:MONDO:0018911,MedGen:C0342276,OMIM:PS125850,Orphanet:552|MedGen:C3661900",not specified|Maturity-onset diabetes of the young|not provided,germline;unknown,germline,GRCh38,NC_000007.14,7,44188970,44188970,na,na,7p13,"criteria provided, conflicting classifications",3,-,N,ClinGen:CA4239806,2,447390,44188970,G,A,-,-,-,-,-,-,SCV000613415|SCV002558202|SCV002605188,-,-
441398,single nucleotide variant,NM_000525.4(KCNJ11):c.980C>A (p.Ser327Tyr),3767,KCNJ11,HGNC:6257,Uncertain significance,0,"Jul 11, 2017",1554901583,-,RCV000517615|RCV000766859|RCV002226714,"MedGen:CN169374|MedGen:C3661900|Human Phenotype Ontology:HP:0004904,MONDO:MONDO:0018911,MedGen:C0342276,OMIM:PS125850,Orphanet:552",not specified|not provided|Maturity-onset diabetes of the young,germline;somatic,germline/somatic,GRCh37,NC_000011.9,11,17408659,17408659,na,na,11p15.1,"criteria provided, multiple submitters, no conflicts",3,-,N,ClinGen:CA379769545,2,447637,17408659,G,T,-,-,-,-,-,-,SCV000613866|SCV000618815|SCV002505428,-,-
441398,single nucleotide variant,NM_000525.4(KCNJ11):c.980C>A (p.Ser327Tyr),3767,KCNJ11,HGNC:6257,Uncertain significance,0,"Jul 11, 2017",1554901583,-,RCV000517615|RCV000766859|RCV002226714,"MedGen:CN169374|MedGen:C3661900|Human Phenotype Ontology:HP:0004904,MONDO:MONDO:0018911,MedGen:C0342276,OMIM:PS125850,Orphanet:552",not specified|not provided|Maturity-onset diabetes of the young,germline;somatic,germline/somatic,GRCh38,NC_000011.10,11,17387112,17387112,na,na,11p15.1,"criteria provided, multiple submitters, no conflicts",3,-,N,ClinGen:CA379769545,2,447637,17387112,G,T,-,-,-,-,-,-,SCV000613866|SCV000618815|SCV002505428,-,-
441399,Deletion,NM_000525.4(KCNJ11):c.532del (p.Ala178fs),3767,KCNJ11,HGNC:6257,Conflicting classifications of pathogenicity,1,"Dec 09, 2016",1554901775,-,RCV000518433|RCV002227175|RCV005614421,"MedGen:C3661900|Human Phenotype Ontology:HP:0004904,MONDO:MONDO:0018911,MedGen:C0342276,OMIM:PS125850,Orphanet:552|MONDO:MONDO:0100164,MedGen:C1833104,OMIM:PS606176,Orphanet:99885",not provided|Maturity-onset diabetes of the young|Permanent neonatal diabetes mellitus,germline;somatic,germline/somatic,GRCh37,NC_000011.9,11,17409107,17409107,na,na,11p15.1,"criteria provided, conflicting classifications",3,-,N,ClinGen:CA658656127,2,447636,17409106,GC,G,-,-,-,-,-,-,SCV000613864|SCV002506500,-,-
441399,Deletion,NM_000525.4(KCNJ11):c.532del (p.Ala178fs),3767,KCNJ11,HGNC:6257,Conflicting classifications of pathogenicity,1,"Dec 09, 2016",1554901775,-,RCV000518433|RCV002227175|RCV005614421,"MedGen:C3661900|Human Phenotype Ontology:HP:0004904,MONDO:MONDO:0018911,MedGen:C0342276,OMIM:PS125850,Orphanet:552|MONDO:MONDO:0100164,MedGen:C1833104,OMIM:PS606176,Orphanet:99885",not provided|Maturity-onset diabetes of the young|Permanent neonatal diabetes mellitus,germline;somatic,germline/somatic,GRCh38,NC_000011.10,11,17387560,17387560,na,na,11p15.1,"criteria provided, conflicting classifications",3,-,N,ClinGen:CA658656127,2,447636,17387559,GC,G,-,-,-,-,-,-,SCV000613864|SCV002506500,-,-
441400,single nucleotide variant,NM_000525.4(KCNJ11):c.174C>G (p.Asp58Glu),3767,KCNJ11,HGNC:6257,Uncertain significance,0,"Aug 31, 2017",1237212288,-,RCV000517720,MedGen:C3661900,not provided,germline,germline,GRCh37,NC_000011.9,11,17409465,17409465,na,na,11p15.1,"criteria provided, single submitter",1,-,N,ClinGen:CA379776022,2,447635,17409465,G,C,-,-,-,-,-,-,SCV000613863,-,-
441400,single nucleotide variant,NM_000525.4(KCNJ11):c.174C>G (p.Asp58Glu),3767,KCNJ11,HGNC:6257,Uncertain significance,0,"Aug 31, 2017",1237212288,-,RCV000517720,MedGen:C3661900,not provided,germline,germline,GRCh38,NC_000011.10,11,17387918,17387918,na,na,11p15.1,"criteria provided, single submitter",1,-,N,ClinGen:CA379776022,2,447635,17387918,G,C,-,-,-,-,-,-,SCV000613863,-,-
441401,single nucleotide variant,NM_000525.4(KCNJ11):c.160C>T (p.Arg54Cys),3767,KCNJ11,HGNC:6257,Conflicting classifications of pathogenicity,1,"Jun 05, 2024",375848765,-,RCV000516616|RCV002227174|RCV003464106|RCV004701589,"MedGen:C3661900|Human Phenotype Ontology:HP:0004904,MONDO:MONDO:0018911,MedGen:C0342276,OMIM:PS125850,Orphanet:552|Human Phenotype Ontology:HP:0005965,Human Phenotype Ontology:HP:0005978,Human Phenotype Ontology:HP:0100652,MONDO:MONDO:0005148,MeSH:D003924,MedGen:C0011860,OMIM:125853|MedGen:CN169374",not provided|Maturity-onset diabetes of the young|Type 2 diabetes mellitus|not specified,germline;somatic;unknown,germline/somatic,GRCh37,NC_000011.9,11,17409479,17409479,na,na,11p15.1,"criteria provided, conflicting classifications",5,-,N,ClinGen:CA5902330,2,447634,17409479,G,A,-,-,-,-,-,-,SCV000613862|SCV002506511|SCV004198068|SCV005205118|SCV005328000,-,-
441401,single nucleotide variant,NM_000525.4(KCNJ11):c.160C>T (p.Arg54Cys),3767,KCNJ11,HGNC:6257,Conflicting classifications of pathogenicity,1,"Jun 05, 2024",375848765,-,RCV000516616|RCV002227174|RCV003464106|RCV004701589,"MedGen:C3661900|Human Phenotype Ontology:HP:0004904,MONDO:MONDO:0018911,MedGen:C0342276,OMIM:PS125850,Orphanet:552|Human Phenotype Ontology:HP:0005965,Human Phenotype Ontology:HP:0005978,Human Phenotype Ontology:HP:0100652,MONDO:MONDO:0005148,MeSH:D003924,MedGen:C0011860,OMIM:125853|MedGen:CN169374",not provided|Maturity-onset diabetes of the young|Type 2 diabetes mellitus|not specified,germline;somatic;unknown,germline/somatic,GRCh38,NC_000011.10,11,17387932,17387932,na,na,11p15.1,"criteria provided, conflicting classifications",5,-,N,ClinGen:CA5902330,2,447634,17387932,G,A,-,-,-,-,-,-,SCV000613862|SCV002506511|SCV004198068|SCV005205118|SCV005328000,-,-
441402,single nucleotide variant,NM_000352.6(ABCC8):c.4591A>C (p.Thr1531Pro),6833,ABCC8,HGNC:59,Conflicting classifications of pathogenicity,1,"Nov 21, 2024",796891223,-,RCV000516737|RCV000853271|RCV001829462|RCV002244992|RCV002244991|RCV005414505,"MedGen:CN169374|MONDO:MONDO:0012480,MedGen:C1835887,OMIM:610374,Orphanet:99886||Human Phenotype Ontology:HP:0008255,MONDO:MONDO:0020525,MedGen:C0342273|Human Phenotype Ontology:HP:0004904,MONDO:MONDO:0018911,MedGen:C0342276,OMIM:PS125850,Orphanet:552|MedGen:C3661900","not specified|Diabetes mellitus, transient neonatal, 2|Hereditary hyperinsulinism|Transitory neonatal diabetes mellitus|Maturity-onset diabetes of the young|not provided",germline;somatic,germline/somatic,GRCh37,NC_000011.9,11,17415261,17415261,na,na,11p15.1,"criteria provided, conflicting classifications",5,-,N,ClinGen:CA218406302,2,446778,17415261,T,G,-,-,-,-,-,-,SCV000612222|SCV000996103|SCV002512174|SCV002512175|SCV006081608,-,-
441402,single nucleotide variant,NM_000352.6(ABCC8):c.4591A>C (p.Thr1531Pro),6833,ABCC8,HGNC:59,Conflicting classifications of pathogenicity,1,"Nov 21, 2024",796891223,-,RCV000516737|RCV000853271|RCV001829462|RCV002244992|RCV002244991|RCV005414505,"MedGen:CN169374|MONDO:MONDO:0012480,MedGen:C1835887,OMIM:610374,Orphanet:99886||Human Phenotype Ontology:HP:0008255,MONDO:MONDO:0020525,MedGen:C0342273|Human Phenotype Ontology:HP:0004904,MONDO:MONDO:0018911,MedGen:C0342276,OMIM:PS125850,Orphanet:552|MedGen:C3661900","not specified|Diabetes mellitus, transient neonatal, 2|Hereditary hyperinsulinism|Transitory neonatal diabetes mellitus|Maturity-onset diabetes of the young|not provided",germline;somatic,germline/somatic,GRCh38,NC_000011.10,11,17393714,17393714,na,na,11p15.1,"criteria provided, conflicting classifications",5,-,N,ClinGen:CA218406302,2,446778,17393714,T,G,-,-,-,-,-,-,SCV000612222|SCV000996103|SCV002512174|SCV002512175|SCV006081608,-,-
441403,single nucleotide variant,NM_000352.6(ABCC8):c.4198+18C>T,6833,ABCC8,HGNC:59,Conflicting classifications of pathogenicity,0,"Feb 04, 2026",373178978,-,RCV000516803|RCV002060228|RCV002244990|RCV002244989,"MedGen:CN169374|MedGen:C3661900|Human Phenotype Ontology:HP:0008255,MONDO:MONDO:0020525,MedGen:C0342273|Human Phenotype Ontology:HP:0004904,MONDO:MONDO:0018911,MedGen:C0342276,OMIM:PS125850,Orphanet:552",not specified|not provided|Transitory neonatal diabetes mellitus|Maturity-onset diabetes of the young,germline;somatic,germline/somatic,GRCh37,NC_000011.9,11,17417381,17417381,na,na,11p15.1,"criteria provided, conflicting classifications",5,-,N,ClinGen:CA5902539,2,446777,17417381,G,A,-,-,-,-,-,-,SCV000612219|SCV002364325|SCV002513447|SCV002513448|SCV003800389|SCV006085425,-,-
441403,single nucleotide variant,NM_000352.6(ABCC8):c.4198+18C>T,6833,ABCC8,HGNC:59,Conflicting classifications of pathogenicity,0,"Feb 04, 2026",373178978,-,RCV000516803|RCV002060228|RCV002244990|RCV002244989,"MedGen:CN169374|MedGen:C3661900|Human Phenotype Ontology:HP:0008255,MONDO:MONDO:0020525,MedGen:C0342273|Human Phenotype Ontology:HP:0004904,MONDO:MONDO:0018911,MedGen:C0342276,OMIM:PS125850,Orphanet:552",not specified|not provided|Transitory neonatal diabetes mellitus|Maturity-onset diabetes of the young,germline;somatic,germline/somatic,GRCh38,NC_000011.10,11,17395834,17395834,na,na,11p15.1,"criteria provided, conflicting classifications",5,-,N,ClinGen:CA5902539,2,446777,17395834,G,A,-,-,-,-,-,-,SCV000612219|SCV002364325|SCV002513447|SCV002513448|SCV003800389|SCV006085425,-,-
441404,single nucleotide variant,NM_000352.6(ABCC8):c.4178G>A (p.Arg1393His),6833,ABCC8,HGNC:59,Conflicting classifications of pathogenicity,1,"Jun 22, 2024",769279368,-,RCV000518373|RCV000671471|RCV001277180|RCV003470643|RCV003884589|RCV005044767,"MedGen:C3661900|MONDO:MONDO:0009734,MedGen:C2931832,OMIM:256450,Orphanet:276575,Orphanet:276598||Human Phenotype Ontology:HP:0005965,Human Phenotype Ontology:HP:0005978,Human Phenotype Ontology:HP:0100652,MONDO:MONDO:0005148,MeSH:D003924,MedGen:C0011860,OMIM:125853|Human Phenotype Ontology:HP:0004904,MONDO:MONDO:0018911,MedGen:C0342276,OMIM:PS125850,Orphanet:552|MONDO:MONDO:0012480,MedGen:C1835887,OMIM:610374,Orphanet:99886;MONDO:MONDO:0009415,MedGen:C0271714,OMIM:240800;MONDO:MONDO:0030088,MedGen:C5394303,OMIM:618857;MONDO:MONDO:0009734,MedGen:C2931832,OMIM:256450,Orphanet:276575,Orphanet:276598;Human Phenotype Ontology:HP:0005965,Human Phenotype Ontology:HP:0005978,Human Phenotype Ontology:HP:0100652,MONDO:MONDO:0005148,MeSH:D003924,MedGen:C0011860,OMIM:125853","not provided|Hyperinsulinemic hypoglycemia, familial, 1|Hereditary hyperinsulinism|Type 2 diabetes mellitus|Maturity-onset diabetes of the young|Diabetes mellitus, transient neonatal, 2;Leucine-induced hypoglycemia;Diabetes mellitus, permanent neonatal 3;Hyperinsulinemic hypoglycemia, familial, 1;Type 2 diabetes mellitus",germline;inherited;unknown,germline,GRCh37,NC_000011.9,11,17417419,17417419,na,na,11p15.1,"criteria provided, conflicting classifications",10,-,N,ClinGen:CA5902547,2,446776,17417419,C,T,-,-,-,-,-,-,SCV000612218|SCV002060360|SCV002069098|SCV003439796|SCV003924897|SCV004026509|SCV004197321|SCV005683374,-,-
441404,single nucleotide variant,NM_000352.6(ABCC8):c.4178G>A (p.Arg1393His),6833,ABCC8,HGNC:59,Conflicting classifications of pathogenicity,1,"Jun 22, 2024",769279368,-,RCV000518373|RCV000671471|RCV001277180|RCV003470643|RCV003884589|RCV005044767,"MedGen:C3661900|MONDO:MONDO:0009734,MedGen:C2931832,OMIM:256450,Orphanet:276575,Orphanet:276598||Human Phenotype Ontology:HP:0005965,Human Phenotype Ontology:HP:0005978,Human Phenotype Ontology:HP:0100652,MONDO:MONDO:0005148,MeSH:D003924,MedGen:C0011860,OMIM:125853|Human Phenotype Ontology:HP:0004904,MONDO:MONDO:0018911,MedGen:C0342276,OMIM:PS125850,Orphanet:552|MONDO:MONDO:0012480,MedGen:C1835887,OMIM:610374,Orphanet:99886;MONDO:MONDO:0009415,MedGen:C0271714,OMIM:240800;MONDO:MONDO:0030088,MedGen:C5394303,OMIM:618857;MONDO:MONDO:0009734,MedGen:C2931832,OMIM:256450,Orphanet:276575,Orphanet:276598;Human Phenotype Ontology:HP:0005965,Human Phenotype Ontology:HP:0005978,Human Phenotype Ontology:HP:0100652,MONDO:MONDO:0005148,MeSH:D003924,MedGen:C0011860,OMIM:125853","not provided|Hyperinsulinemic hypoglycemia, familial, 1|Hereditary hyperinsulinism|Type 2 diabetes mellitus|Maturity-onset diabetes of the young|Diabetes mellitus, transient neonatal, 2;Leucine-induced hypoglycemia;Diabetes mellitus, permanent neonatal 3;Hyperinsulinemic hypoglycemia, familial, 1;Type 2 diabetes mellitus",germline;inherited;unknown,germline,GRCh38,NC_000011.10,11,17395872,17395872,na,na,11p15.1,"criteria provided, conflicting classifications",10,-,N,ClinGen:CA5902547,2,446776,17395872,C,T,-,-,-,-,-,-,SCV000612218|SCV002060360|SCV002069098|SCV003439796|SCV003924897|SCV004026509|SCV004197321|SCV005683374,-,-
441406,single nucleotide variant,NM_000352.6(ABCC8):c.4157C>T (p.Ser1386Phe),6833,ABCC8,HGNC:59,Pathogenic,1,"Sep 08, 2023",72559718,-,RCV000517310|RCV004577338,"MedGen:C3661900|MONDO:MONDO:0009734,MedGen:C2931832,OMIM:256450,Orphanet:276575,Orphanet:276598","not provided|Hyperinsulinemic hypoglycemia, familial, 1",germline;unknown,germline,GRCh37,NC_000011.9,11,17417440,17417440,na,na,11p15.1,"criteria provided, multiple submitters, no conflicts",3,-,N,ClinGen:CA218408231,2,446775,17417440,G,A,-,-,-,-,-,-,SCV000612217|SCV001582813|SCV004013587,-,-
441406,single nucleotide variant,NM_000352.6(ABCC8):c.4157C>T (p.Ser1386Phe),6833,ABCC8,HGNC:59,Pathogenic,1,"Sep 08, 2023",72559718,-,RCV000517310|RCV004577338,"MedGen:C3661900|MONDO:MONDO:0009734,MedGen:C2931832,OMIM:256450,Orphanet:276575,Orphanet:276598","not provided|Hyperinsulinemic hypoglycemia, familial, 1",germline;unknown,germline,GRCh38,NC_000011.10,11,17395893,17395893,na,na,11p15.1,"criteria provided, multiple submitters, no conflicts",3,-,N,ClinGen:CA218408231,2,446775,17395893,G,A,-,-,-,-,-,-,SCV000612217|SCV001582813|SCV004013587,-,-
441407,Deletion,NM_000352.6(ABCC8):c.4151_4152del (p.Lys1384fs),6833,ABCC8,HGNC:59,Conflicting classifications of pathogenicity,1,"Jan 19, 2017",1554905145,-,RCV000518119|RCV002244987|RCV002244988,"MedGen:C3661900|Human Phenotype Ontology:HP:0004904,MONDO:MONDO:0018911,MedGen:C0342276,OMIM:PS125850,Orphanet:552|Human Phenotype Ontology:HP:0008255,MONDO:MONDO:0020525,MedGen:C0342273",not provided|Maturity-onset diabetes of the young|Transitory neonatal diabetes mellitus,germline;somatic,germline/somatic,GRCh37,NC_000011.9,11,17417445,17417446,na,na,11p15.1,"criteria provided, conflicting classifications",2,-,N,ClinGen:CA658658031,2,446773,17417444,ACT,A,-,-,-,-,-,-,SCV000612215|SCV002513458|SCV002513459,-,-
441407,Deletion,NM_000352.6(ABCC8):c.4151_4152del (p.Lys1384fs),6833,ABCC8,HGNC:59,Conflicting classifications of pathogenicity,1,"Jan 19, 2017",1554905145,-,RCV000518119|RCV002244987|RCV002244988,"MedGen:C3661900|Human Phenotype Ontology:HP:0004904,MONDO:MONDO:0018911,MedGen:C0342276,OMIM:PS125850,Orphanet:552|Human Phenotype Ontology:HP:0008255,MONDO:MONDO:0020525,MedGen:C0342273",not provided|Maturity-onset diabetes of the young|Transitory neonatal diabetes mellitus,germline;somatic,germline/somatic,GRCh38,NC_000011.10,11,17395898,17395899,na,na,11p15.1,"criteria provided, conflicting classifications",2,-,N,ClinGen:CA658658031,2,446773,17395897,ACT,A,-,-,-,-,-,-,SCV000612215|SCV002513458|SCV002513459,-,-
441408,single nucleotide variant,NM_000352.6(ABCC8):c.3867+7G>A,6833,ABCC8,HGNC:59,Conflicting classifications of pathogenicity,0,"Jan 14, 2026",372198547,-,RCV000517107|RCV000665490|RCV000876491|RCV001107658|RCV001107659|RCV002246125|RCV002246124|RCV004535667,"MedGen:CN169374|MONDO:MONDO:0009734,MedGen:C2931832,OMIM:256450,Orphanet:276575,Orphanet:276598|MedGen:C3661900|MONDO:MONDO:0012480,MedGen:C1835887,OMIM:610374,Orphanet:99886|MONDO:MONDO:0100164,MedGen:C1833104,OMIM:PS606176,Orphanet:99885|Human Phenotype Ontology:HP:0008255,MONDO:MONDO:0020525,MedGen:C0342273|Human Phenotype Ontology:HP:0004904,MONDO:MONDO:0018911,MedGen:C0342276,OMIM:PS125850,Orphanet:552|","not specified|Hyperinsulinemic hypoglycemia, familial, 1|not provided|Diabetes mellitus, transient neonatal, 2|Permanent neonatal diabetes mellitus|Transitory neonatal diabetes mellitus|Maturity-onset diabetes of the young|ABCC8-related disorder",germline;somatic;unknown,germline/somatic,GRCh37,NC_000011.9,11,17419224,17419224,na,na,11p15.1,"criteria provided, conflicting classifications",10,-,N,ClinGen:CA5902678,2,446771,17419224,C,T,-,-,-,-,-,-,SCV000612211|SCV001019070|SCV001264833|SCV001264834|SCV002066198|SCV002513759|SCV002513760|SCV007115415,-,-
441408,single nucleotide variant,NM_000352.6(ABCC8):c.3867+7G>A,6833,ABCC8,HGNC:59,Conflicting classifications of pathogenicity,0,"Jan 14, 2026",372198547,-,RCV000517107|RCV000665490|RCV000876491|RCV001107658|RCV001107659|RCV002246125|RCV002246124|RCV004535667,"MedGen:CN169374|MONDO:MONDO:0009734,MedGen:C2931832,OMIM:256450,Orphanet:276575,Orphanet:276598|MedGen:C3661900|MONDO:MONDO:0012480,MedGen:C1835887,OMIM:610374,Orphanet:99886|MONDO:MONDO:0100164,MedGen:C1833104,OMIM:PS606176,Orphanet:99885|Human Phenotype Ontology:HP:0008255,MONDO:MONDO:0020525,MedGen:C0342273|Human Phenotype Ontology:HP:0004904,MONDO:MONDO:0018911,MedGen:C0342276,OMIM:PS125850,Orphanet:552|","not specified|Hyperinsulinemic hypoglycemia, familial, 1|not provided|Diabetes mellitus, transient neonatal, 2|Permanent neonatal diabetes mellitus|Transitory neonatal diabetes mellitus|Maturity-onset diabetes of the young|ABCC8-related disorder",germline;somatic;unknown,germline/somatic,GRCh38,NC_000011.10,11,17397677,17397677,na,na,11p15.1,"criteria provided, conflicting classifications",10,-,N,ClinGen:CA5902678,2,446771,17397677,C,T,-,-,-,-,-,-,SCV000612211|SCV001019070|SCV001264833|SCV001264834|SCV002066198|SCV002513759|SCV002513760|SCV007115415,-,-
441409,single nucleotide variant,NM_000352.6(ABCC8):c.3558-7G>A,6833,ABCC8,HGNC:59,Conflicting classifications of pathogenicity,0,"Dec 17, 2025",900191703,-,RCV000518667|RCV000975680|RCV001274292,MedGen:CN169374|MedGen:C3661900|,not specified|not provided|Hereditary hyperinsulinism,germline,germline,GRCh37,NC_000011.9,11,17424307,17424307,na,na,11p15.1,"criteria provided, conflicting classifications",4,-,N,ClinGen:CA218415591,2,446770,17424307,C,T,-,-,-,-,-,-,SCV000612210|SCV001123569|SCV005203606,-,-
441409,single nucleotide variant,NM_000352.6(ABCC8):c.3558-7G>A,6833,ABCC8,HGNC:59,Conflicting classifications of pathogenicity,0,"Dec 17, 2025",900191703,-,RCV000518667|RCV000975680|RCV001274292,MedGen:CN169374|MedGen:C3661900|,not specified|not provided|Hereditary hyperinsulinism,germline,germline,GRCh38,NC_000011.10,11,17402760,17402760,na,na,11p15.1,"criteria provided, conflicting classifications",4,-,N,ClinGen:CA218415591,2,446770,17402760,C,T,-,-,-,-,-,-,SCV000612210|SCV001123569|SCV005203606,-,-
441410,single nucleotide variant,NM_000352.6(ABCC8):c.3455C>T (p.Ala1152Val),6833,ABCC8,HGNC:59,Uncertain significance,0,"Nov 03, 2023",1354859002,-,RCV000517936|RCV002244986|RCV002274051|RCV003736800,"MedGen:CN169374|Human Phenotype Ontology:HP:0004904,MONDO:MONDO:0018911,MedGen:C0342276,OMIM:PS125850,Orphanet:552|Human Phenotype Ontology:HP:0008255,MONDO:MONDO:0020525,MedGen:C0342273|MedGen:C3661900",not specified|Maturity-onset diabetes of the young|Transitory neonatal diabetes mellitus|not provided,germline;somatic;unknown,germline/somatic,GRCh37,NC_000011.9,11,17426161,17426161,na,na,11p15.1,"criteria provided, multiple submitters, no conflicts",3,-,N,ClinGen:CA379798305,2,446769,17426161,G,A,-,-,-,-,-,-,SCV000612209|SCV002515445|SCV002558807|SCV004563518,-,-
441410,single nucleotide variant,NM_000352.6(ABCC8):c.3455C>T (p.Ala1152Val),6833,ABCC8,HGNC:59,Uncertain significance,0,"Nov 03, 2023",1354859002,-,RCV000517936|RCV002244986|RCV002274051|RCV003736800,"MedGen:CN169374|Human Phenotype Ontology:HP:0004904,MONDO:MONDO:0018911,MedGen:C0342276,OMIM:PS125850,Orphanet:552|Human Phenotype Ontology:HP:0008255,MONDO:MONDO:0020525,MedGen:C0342273|MedGen:C3661900",not specified|Maturity-onset diabetes of the young|Transitory neonatal diabetes mellitus|not provided,germline;somatic;unknown,germline/somatic,GRCh38,NC_000011.10,11,17404614,17404614,na,na,11p15.1,"criteria provided, multiple submitters, no conflicts",3,-,N,ClinGen:CA379798305,2,446769,17404614,G,A,-,-,-,-,-,-,SCV000612209|SCV002515445|SCV002558807|SCV004563518,-,-
441411,single nucleotide variant,NM_000352.6(ABCC8):c.3455C>A (p.Ala1152Asp),6833,ABCC8,HGNC:59,Uncertain significance,0,"Apr 11, 2024",1354859002,-,RCV000517181|RCV005044766,"MedGen:CN169374|MONDO:MONDO:0012480,MedGen:C1835887,OMIM:610374,Orphanet:99886;MONDO:MONDO:0009415,MedGen:C0271714,OMIM:240800;MONDO:MONDO:0030088,MedGen:C5394303,OMIM:618857;MONDO:MONDO:0009734,MedGen:C2931832,OMIM:256450,Orphanet:276575,Orphanet:276598;Human Phenotype Ontology:HP:0005965,Human Phenotype Ontology:HP:0005978,Human Phenotype Ontology:HP:0100652,MONDO:MONDO:0005148,MeSH:D003924,MedGen:C0011860,OMIM:125853","not specified|Diabetes mellitus, transient neonatal, 2;Leucine-induced hypoglycemia;Diabetes mellitus, permanent neonatal 3;Hyperinsulinemic hypoglycemia, familial, 1;Type 2 diabetes mellitus",germline,germline,GRCh37,NC_000011.9,11,17426161,17426161,na,na,11p15.1,"criteria provided, multiple submitters, no conflicts",2,-,N,ClinGen:CA379798306,2,446768,17426161,G,T,-,-,-,-,-,-,SCV000612208|SCV005676283,-,-
441411,single nucleotide variant,NM_000352.6(ABCC8):c.3455C>A (p.Ala1152Asp),6833,ABCC8,HGNC:59,Uncertain significance,0,"Apr 11, 2024",1354859002,-,RCV000517181|RCV005044766,"MedGen:CN169374|MONDO:MONDO:0012480,MedGen:C1835887,OMIM:610374,Orphanet:99886;MONDO:MONDO:0009415,MedGen:C0271714,OMIM:240800;MONDO:MONDO:0030088,MedGen:C5394303,OMIM:618857;MONDO:MONDO:0009734,MedGen:C2931832,OMIM:256450,Orphanet:276575,Orphanet:276598;Human Phenotype Ontology:HP:0005965,Human Phenotype Ontology:HP:0005978,Human Phenotype Ontology:HP:0100652,MONDO:MONDO:0005148,MeSH:D003924,MedGen:C0011860,OMIM:125853","not specified|Diabetes mellitus, transient neonatal, 2;Leucine-induced hypoglycemia;Diabetes mellitus, permanent neonatal 3;Hyperinsulinemic hypoglycemia, familial, 1;Type 2 diabetes mellitus",germline,germline,GRCh38,NC_000011.10,11,17404614,17404614,na,na,11p15.1,"criteria provided, multiple submitters, no conflicts",2,-,N,ClinGen:CA379798306,2,446768,17404614,G,T,-,-,-,-,-,-,SCV000612208|SCV005676283,-,-
441412,single nucleotide variant,NM_000352.6(ABCC8):c.3000C>T (p.Cys1000=),6833,ABCC8,HGNC:59,Conflicting classifications of pathogenicity,0,"Jan 26, 2026",192863214,-,RCV000518732|RCV000870881|RCV002251485|RCV002251484|RCV002438242,"MedGen:CN169374|MedGen:C3661900|Human Phenotype Ontology:HP:0008255,MONDO:MONDO:0020525,MedGen:C0342273|Human Phenotype Ontology:HP:0004904,MONDO:MONDO:0018911,MedGen:C0342276,OMIM:PS125850,Orphanet:552|MeSH:D030342,MedGen:C0950123",not specified|not provided|Transitory neonatal diabetes mellitus|Maturity-onset diabetes of the young|Inborn genetic diseases,germline;unknown,germline,GRCh37,NC_000011.9,11,17428597,17428597,na,na,11p15.1,"criteria provided, conflicting classifications",6,-,N,ClinGen:CA5902946,2,446767,17428597,G,A,-,-,-,-,-,-,SCV000612207|SCV001012444|SCV002521928|SCV002521929|SCV002748648|SCV004122102|SCV004564707,-,-
441412,single nucleotide variant,NM_000352.6(ABCC8):c.3000C>T (p.Cys1000=),6833,ABCC8,HGNC:59,Conflicting classifications of pathogenicity,0,"Jan 26, 2026",192863214,-,RCV000518732|RCV000870881|RCV002251485|RCV002251484|RCV002438242,"MedGen:CN169374|MedGen:C3661900|Human Phenotype Ontology:HP:0008255,MONDO:MONDO:0020525,MedGen:C0342273|Human Phenotype Ontology:HP:0004904,MONDO:MONDO:0018911,MedGen:C0342276,OMIM:PS125850,Orphanet:552|MeSH:D030342,MedGen:C0950123",not specified|not provided|Transitory neonatal diabetes mellitus|Maturity-onset diabetes of the young|Inborn genetic diseases,germline;unknown,germline,GRCh38,NC_000011.10,11,17407050,17407050,na,na,11p15.1,"criteria provided, conflicting classifications",6,-,N,ClinGen:CA5902946,2,446767,17407050,G,A,-,-,-,-,-,-,SCV000612207|SCV001012444|SCV002521928|SCV002521929|SCV002748648|SCV004122102|SCV004564707,-,-
441413,single nucleotide variant,NM_000352.6(ABCC8):c.1924-10C>T,6833,ABCC8,HGNC:59,Conflicting classifications of pathogenicity,0,"Dec 11, 2024",200823913,-,RCV000516634|RCV000971151|RCV001274300|RCV002266980|RCV002266981,"MedGen:CN169374|MedGen:C3661900||Human Phenotype Ontology:HP:0004904,MONDO:MONDO:0018911,MedGen:C0342276,OMIM:PS125850,Orphanet:552|Human Phenotype Ontology:HP:0008255,MONDO:MONDO:0020525,MedGen:C0342273",not specified|not provided|Hereditary hyperinsulinism|Maturity-onset diabetes of the young|Transitory neonatal diabetes mellitus,germline;unknown,germline,GRCh37,NC_000011.9,11,17449962,17449962,na,na,11p15.1,"criteria provided, conflicting classifications",5,-,N,ClinGen:CA5903378,2,446766,17449962,G,A,-,-,-,-,-,-,SCV000612202|SCV001118774|SCV002522305|SCV002522306|SCV005884104,-,-
441413,single nucleotide variant,NM_000352.6(ABCC8):c.1924-10C>T,6833,ABCC8,HGNC:59,Conflicting classifications of pathogenicity,0,"Dec 11, 2024",200823913,-,RCV000516634|RCV000971151|RCV001274300|RCV002266980|RCV002266981,"MedGen:CN169374|MedGen:C3661900||Human Phenotype Ontology:HP:0004904,MONDO:MONDO:0018911,MedGen:C0342276,OMIM:PS125850,Orphanet:552|Human Phenotype Ontology:HP:0008255,MONDO:MONDO:0020525,MedGen:C0342273",not specified|not provided|Hereditary hyperinsulinism|Maturity-onset diabetes of the young|Transitory neonatal diabetes mellitus,germline;unknown,germline,GRCh38,NC_000011.10,11,17428415,17428415,na,na,11p15.1,"criteria provided, conflicting classifications",5,-,N,ClinGen:CA5903378,2,446766,17428415,G,A,-,-,-,-,-,-,SCV000612202|SCV001118774|SCV002522305|SCV002522306|SCV005884104,-,-
441414,Deletion,NM_000352.6(ABCC8):c.1634del (p.Phe545fs),6833,ABCC8,HGNC:59,Pathogenic,1,"May 07, 2024",1260178539,-,RCV000518203|RCV000668965|RCV001532973|RCV001834654|RCV002266978|RCV002525014|RCV003464105|RCV004556802,"MedGen:C3661900|MONDO:MONDO:0009734,MedGen:C2931832,OMIM:256450,Orphanet:276575,Orphanet:276598|MONDO:MONDO:0017182,MedGen:C3888018,Orphanet:276525||Human Phenotype Ontology:HP:0004904,MONDO:MONDO:0018911,MedGen:C0342276,OMIM:PS125850,Orphanet:552|MeSH:D030342,MedGen:C0950123|Human Phenotype Ontology:HP:0005965,Human Phenotype Ontology:HP:0005978,Human Phenotype Ontology:HP:0100652,MONDO:MONDO:0005148,MeSH:D003924,MedGen:C0011860,OMIM:125853|MONDO:MONDO:0016391,MedGen:C0158981,Orphanet:224","not provided|Hyperinsulinemic hypoglycemia, familial, 1|Familial hyperinsulinism|Hereditary hyperinsulinism|Maturity-onset diabetes of the young|Inborn genetic diseases|Type 2 diabetes mellitus|Neonatal diabetes mellitus",germline;unknown,germline,GRCh37,NC_000011.9,11,17453788,17453788,na,na,11p15.1,"criteria provided, multiple submitters, no conflicts",9,-,N,ClinGen:CA473303010,2,446765,17453787,GA,G,-,-,-,-,-,-,SCV000612201|SCV001748797|SCV002245773|SCV003553049|SCV004026556|SCV004198258,-,-
441414,Deletion,NM_000352.6(ABCC8):c.1634del (p.Phe545fs),6833,ABCC8,HGNC:59,Pathogenic,1,"May 07, 2024",1260178539,-,RCV000518203|RCV000668965|RCV001532973|RCV001834654|RCV002266978|RCV002525014|RCV003464105|RCV004556802,"MedGen:C3661900|MONDO:MONDO:0009734,MedGen:C2931832,OMIM:256450,Orphanet:276575,Orphanet:276598|MONDO:MONDO:0017182,MedGen:C3888018,Orphanet:276525||Human Phenotype Ontology:HP:0004904,MONDO:MONDO:0018911,MedGen:C0342276,OMIM:PS125850,Orphanet:552|MeSH:D030342,MedGen:C0950123|Human Phenotype Ontology:HP:0005965,Human Phenotype Ontology:HP:0005978,Human Phenotype Ontology:HP:0100652,MONDO:MONDO:0005148,MeSH:D003924,MedGen:C0011860,OMIM:125853|MONDO:MONDO:0016391,MedGen:C0158981,Orphanet:224","not provided|Hyperinsulinemic hypoglycemia, familial, 1|Familial hyperinsulinism|Hereditary hyperinsulinism|Maturity-onset diabetes of the young|Inborn genetic diseases|Type 2 diabetes mellitus|Neonatal diabetes mellitus",germline;unknown,germline,GRCh38,NC_000011.10,11,17432241,17432241,na,na,11p15.1,"criteria provided, multiple submitters, no conflicts",9,-,N,ClinGen:CA473303010,2,446765,17432240,GA,G,-,-,-,-,-,-,SCV000612201|SCV001748797|SCV002245773|SCV003553049|SCV004026556|SCV004198258,-,-
441415,single nucleotide variant,NM_000352.6(ABCC8):c.1630+10C>T,6833,ABCC8,HGNC:59,Conflicting classifications of pathogenicity,0,"Jan 24, 2026",188075767,-,RCV000517811|RCV000870664|RCV001274304|RCV002266977|RCV002266976,"MedGen:CN169374|MedGen:C3661900||Human Phenotype Ontology:HP:0008255,MONDO:MONDO:0020525,MedGen:C0342273|Human Phenotype Ontology:HP:0004904,MONDO:MONDO:0018911,MedGen:C0342276,OMIM:PS125850,Orphanet:552",not specified|not provided|Hereditary hyperinsulinism|Transitory neonatal diabetes mellitus|Maturity-onset diabetes of the young,germline;unknown,germline,GRCh37,NC_000011.9,11,17464257,17464257,na,na,11p15.1,"criteria provided, conflicting classifications",5,-,N,ClinGen:CA5903510,2,446764,17464257,G,A,-,-,-,-,-,-,SCV000612200|SCV001012188|SCV002522371|SCV002522372|SCV004241549,-,-
441415,single nucleotide variant,NM_000352.6(ABCC8):c.1630+10C>T,6833,ABCC8,HGNC:59,Conflicting classifications of pathogenicity,0,"Jan 24, 2026",188075767,-,RCV000517811|RCV000870664|RCV001274304|RCV002266977|RCV002266976,"MedGen:CN169374|MedGen:C3661900||Human Phenotype Ontology:HP:0008255,MONDO:MONDO:0020525,MedGen:C0342273|Human Phenotype Ontology:HP:0004904,MONDO:MONDO:0018911,MedGen:C0342276,OMIM:PS125850,Orphanet:552",not specified|not provided|Hereditary hyperinsulinism|Transitory neonatal diabetes mellitus|Maturity-onset diabetes of the young,germline;unknown,germline,GRCh38,NC_000011.10,11,17442710,17442710,na,na,11p15.1,"criteria provided, conflicting classifications",5,-,N,ClinGen:CA5903510,2,446764,17442710,G,A,-,-,-,-,-,-,SCV000612200|SCV001012188|SCV002522371|SCV002522372|SCV004241549,-,-
441416,single nucleotide variant,NM_000352.6(ABCC8):c.1177-56G>A,6833,ABCC8,HGNC:59,Conflicting classifications of pathogenicity,0,"Jan 21, 2026",183921963,-,RCV000516695|RCV002259981|RCV002060227|RCV002253499|RCV004535666,"MedGen:CN169374|Human Phenotype Ontology:HP:0004904,MONDO:MONDO:0018911,MedGen:C0342276,OMIM:PS125850,Orphanet:552|MedGen:C3661900|Human Phenotype Ontology:HP:0008255,MONDO:MONDO:0020525,MedGen:C0342273|",not specified|Maturity-onset diabetes of the young|not provided|Transitory neonatal diabetes mellitus|ABCC8-related disorder,germline;unknown,germline,GRCh37,NC_000011.9,11,17470274,17470274,na,na,11p15.1,"criteria provided, conflicting classifications",4,-,N,ClinGen:CA218447536,2,446763,17470274,C,T,-,-,-,-,-,-,SCV000612199|SCV002417312|SCV002522593|SCV002522594,-,-
441416,single nucleotide variant,NM_000352.6(ABCC8):c.1177-56G>A,6833,ABCC8,HGNC:59,Conflicting classifications of pathogenicity,0,"Jan 21, 2026",183921963,-,RCV000516695|RCV002259981|RCV002060227|RCV002253499|RCV004535666,"MedGen:CN169374|Human Phenotype Ontology:HP:0004904,MONDO:MONDO:0018911,MedGen:C0342276,OMIM:PS125850,Orphanet:552|MedGen:C3661900|Human Phenotype Ontology:HP:0008255,MONDO:MONDO:0020525,MedGen:C0342273|",not specified|Maturity-onset diabetes of the young|not provided|Transitory neonatal diabetes mellitus|ABCC8-related disorder,germline;unknown,germline,GRCh38,NC_000011.10,11,17448727,17448727,na,na,11p15.1,"criteria provided, conflicting classifications",4,-,N,ClinGen:CA218447536,2,446763,17448727,C,T,-,-,-,-,-,-,SCV000612199|SCV002417312|SCV002522593|SCV002522594,-,-
441417,single nucleotide variant,NM_000352.6(ABCC8):c.403C>G (p.Leu135Val),6833,ABCC8,HGNC:59,Uncertain significance,0,"Dec 30, 2025",368450282,-,RCV000517385|RCV000671911|RCV001272247|RCV002506248|RCV002527449,"MedGen:CN169374|MONDO:MONDO:0009734,MedGen:C2931832,OMIM:256450,Orphanet:276575,Orphanet:276598||MONDO:MONDO:0012480,MedGen:C1835887,OMIM:610374,Orphanet:99886;MONDO:MONDO:0009415,MedGen:C0271714,OMIM:240800;MONDO:MONDO:0030088,MedGen:C5394303,OMIM:618857;MONDO:MONDO:0009734,MedGen:C2931832,OMIM:256450,Orphanet:276575,Orphanet:276598;Human Phenotype Ontology:HP:0005965,Human Phenotype Ontology:HP:0005978,Human Phenotype Ontology:HP:0100652,MONDO:MONDO:0005148,MeSH:D003924,MedGen:C0011860,OMIM:125853|MedGen:C3661900","not specified|Hyperinsulinemic hypoglycemia, familial, 1|Hereditary hyperinsulinism|Diabetes mellitus, transient neonatal, 2;Leucine-induced hypoglycemia;Diabetes mellitus, permanent neonatal 3;Hyperinsulinemic hypoglycemia, familial, 1;Type 2 diabetes mellitus|not provided",germline;unknown,germline,GRCh37,NC_000011.9,11,17491657,17491657,na,na,11p15.1,"criteria provided, multiple submitters, no conflicts",6,-,N,ClinGen:CA5903891,2,446772,17491657,G,C,-,-,-,-,-,-,SCV000612214|SCV002816404|SCV003440253|SCV007433215,-,-
441417,single nucleotide variant,NM_000352.6(ABCC8):c.403C>G (p.Leu135Val),6833,ABCC8,HGNC:59,Uncertain significance,0,"Dec 30, 2025",368450282,-,RCV000517385|RCV000671911|RCV001272247|RCV002506248|RCV002527449,"MedGen:CN169374|MONDO:MONDO:0009734,MedGen:C2931832,OMIM:256450,Orphanet:276575,Orphanet:276598||MONDO:MONDO:0012480,MedGen:C1835887,OMIM:610374,Orphanet:99886;MONDO:MONDO:0009415,MedGen:C0271714,OMIM:240800;MONDO:MONDO:0030088,MedGen:C5394303,OMIM:618857;MONDO:MONDO:0009734,MedGen:C2931832,OMIM:256450,Orphanet:276575,Orphanet:276598;Human Phenotype Ontology:HP:0005965,Human Phenotype Ontology:HP:0005978,Human Phenotype Ontology:HP:0100652,MONDO:MONDO:0005148,MeSH:D003924,MedGen:C0011860,OMIM:125853|MedGen:C3661900","not specified|Hyperinsulinemic hypoglycemia, familial, 1|Hereditary hyperinsulinism|Diabetes mellitus, transient neonatal, 2;Leucine-induced hypoglycemia;Diabetes mellitus, permanent neonatal 3;Hyperinsulinemic hypoglycemia, familial, 1;Type 2 diabetes mellitus|not provided",germline;unknown,germline,GRCh38,NC_000011.10,11,17470110,17470110,na,na,11p15.1,"criteria provided, multiple submitters, no conflicts",6,-,N,ClinGen:CA5903891,2,446772,17470110,G,C,-,-,-,-,-,-,SCV000612214|SCV002816404|SCV003440253|SCV007433215,-,-
444131,single nucleotide variant,NM_000162.5(GCK):c.995C>G (p.Thr332Arg),2645,GCK,HGNC:4195,Uncertain significance,0,"Jan 11, 2019",770231054,-,RCV000520175,MedGen:C3661900,not provided,germline,germline,GRCh37,NC_000007.13,7,44186086,44186086,na,na,7p13,"criteria provided, multiple submitters, no conflicts",2,-,N,ClinGen:CA367399765,2,450453,44186086,G,C,-,-,-,-,-,-,SCV000619042|SCV001144044,-,-
444131,single nucleotide variant,NM_000162.5(GCK):c.995C>G (p.Thr332Arg),2645,GCK,HGNC:4195,Uncertain significance,0,"Jan 11, 2019",770231054,-,RCV000520175,MedGen:C3661900,not provided,germline,germline,GRCh38,NC_000007.14,7,44146487,44146487,na,na,7p13,"criteria provided, multiple submitters, no conflicts",2,-,N,ClinGen:CA367399765,2,450453,44146487,G,C,-,-,-,-,-,-,SCV000619042|SCV001144044,-,-
444132,single nucleotide variant,NM_000162.5(GCK):c.762T>A (p.Asn254Lys),2645,GCK,HGNC:4195,Conflicting classifications of pathogenicity,1,"May 13, 2025",1554335141,-,RCV000521168|RCV002463716,"MedGen:C3661900|Human Phenotype Ontology:HP:0004904,MONDO:MONDO:0018911,MedGen:C0342276,OMIM:PS125850,Orphanet:552",not provided|Maturity-onset diabetes of the young,germline;unknown,germline,GRCh37,NC_000007.13,7,44187350,44187350,na,na,7p13,"criteria provided, conflicting classifications",3,-,N,ClinGen:CA367400611,2,450262,44187350,A,T,-,-,-,-,-,-,SCV000618819|SCV002605104|SCV002977987,-,-
444132,single nucleotide variant,NM_000162.5(GCK):c.762T>A (p.Asn254Lys),2645,GCK,HGNC:4195,Conflicting classifications of pathogenicity,1,"May 13, 2025",1554335141,-,RCV000521168|RCV002463716,"MedGen:C3661900|Human Phenotype Ontology:HP:0004904,MONDO:MONDO:0018911,MedGen:C0342276,OMIM:PS125850,Orphanet:552",not provided|Maturity-onset diabetes of the young,germline;unknown,germline,GRCh38,NC_000007.14,7,44147751,44147751,na,na,7p13,"criteria provided, conflicting classifications",3,-,N,ClinGen:CA367400611,2,450262,44147751,A,T,-,-,-,-,-,-,SCV000618819|SCV002605104|SCV002977987,-,-
444133,single nucleotide variant,NM_000162.5(GCK):c.757G>T (p.Val253Phe),2645,GCK,HGNC:4195,Likely pathogenic,1,"Oct 01, 2025",748964205,-,RCV000519193,MedGen:C3661900,not provided,germline,germline,GRCh37,NC_000007.13,7,44187355,44187355,na,na,7p13,"criteria provided, single submitter",1,-,N,ClinGen:CA367400618,2,449696,44187355,C,A,-,-,-,-,-,-,SCV000618045,-,-
444133,single nucleotide variant,NM_000162.5(GCK):c.757G>T (p.Val253Phe),2645,GCK,HGNC:4195,Likely pathogenic,1,"Oct 01, 2025",748964205,-,RCV000519193,MedGen:C3661900,not provided,germline,germline,GRCh38,NC_000007.14,7,44147756,44147756,na,na,7p13,"criteria provided, single submitter",1,-,N,ClinGen:CA367400618,2,449696,44147756,C,A,-,-,-,-,-,-,SCV000618045,-,-
444134,single nucleotide variant,NM_000162.5(GCK):c.730G>A (p.Val244Met),2645,GCK,HGNC:4195,Conflicting classifications of pathogenicity,1,"Jan 07, 2019",1240035630,-,RCV000522866|RCV002384012,"MedGen:C3661900|Human Phenotype Ontology:HP:0004904,MONDO:MONDO:0018911,MedGen:C0342276,OMIM:PS125850,Orphanet:552",not provided|Maturity-onset diabetes of the young,germline,germline,GRCh37,NC_000007.13,7,44187382,44187382,na,na,7p13,"criteria provided, conflicting classifications",3,-,N,ClinGen:CA367400679,2,451254,44187382,C,T,-,-,-,-,-,-,SCV000619928|SCV001144031|SCV002671017,-,-
444134,single nucleotide variant,NM_000162.5(GCK):c.730G>A (p.Val244Met),2645,GCK,HGNC:4195,Conflicting classifications of pathogenicity,1,"Jan 07, 2019",1240035630,-,RCV000522866|RCV002384012,"MedGen:C3661900|Human Phenotype Ontology:HP:0004904,MONDO:MONDO:0018911,MedGen:C0342276,OMIM:PS125850,Orphanet:552",not provided|Maturity-onset diabetes of the young,germline,germline,GRCh38,NC_000007.14,7,44147783,44147783,na,na,7p13,"criteria provided, conflicting classifications",3,-,N,ClinGen:CA367400679,2,451254,44147783,C,T,-,-,-,-,-,-,SCV000619928|SCV001144031|SCV002671017,-,-
444135,single nucleotide variant,NM_000162.5(GCK):c.645C>A (p.Tyr215Ter),2645,GCK,HGNC:4195,Pathogenic/Likely pathogenic,1,"Jan 12, 2026",144723656,-,RCV000523346|RCV000826165|RCV005418192,"MedGen:C3661900|Human Phenotype Ontology:HP:0004904,MONDO:MONDO:0018911,MedGen:C0342276,OMIM:PS125850,Orphanet:552|MONDO:MONDO:0015967,MedGen:C3888631,Orphanet:183625",not provided|Maturity-onset diabetes of the young|Monogenic diabetes,germline;unknown,germline,GRCh37,NC_000007.13,7,44189393,44189393,na,na,7p13,"criteria provided, multiple submitters, no conflicts",6,-,N,ClinGen:CA367401243,2,453007,44189393,G,T,-,-,-,-,-,-,SCV000621860|SCV000967703|SCV002236305|SCV004057901|SCV006085420|SCV007297575,-,-
444135,single nucleotide variant,NM_000162.5(GCK):c.645C>A (p.Tyr215Ter),2645,GCK,HGNC:4195,Pathogenic/Likely pathogenic,1,"Jan 12, 2026",144723656,-,RCV000523346|RCV000826165|RCV005418192,"MedGen:C3661900|Human Phenotype Ontology:HP:0004904,MONDO:MONDO:0018911,MedGen:C0342276,OMIM:PS125850,Orphanet:552|MONDO:MONDO:0015967,MedGen:C3888631,Orphanet:183625",not provided|Maturity-onset diabetes of the young|Monogenic diabetes,germline;unknown,germline,GRCh38,NC_000007.14,7,44149794,44149794,na,na,7p13,"criteria provided, multiple submitters, no conflicts",6,-,N,ClinGen:CA367401243,2,453007,44149794,G,T,-,-,-,-,-,-,SCV000621860|SCV000967703|SCV002236305|SCV004057901|SCV006085420|SCV007297575,-,-
444136,single nucleotide variant,NM_000162.5(GCK):c.580-1G>A,2645,GCK,HGNC:4195,Pathogenic,1,"Sep 15, 2023",1554335421,-,RCV000519932|RCV002285354,"MedGen:C3661900|MONDO:MONDO:0007453,MedGen:C0342277,OMIM:125851,Orphanet:552",not provided|Maturity-onset diabetes of the young type 2,germline,germline,GRCh37,NC_000007.13,7,44189459,44189459,na,na,7p13,"criteria provided, multiple submitters, no conflicts",3,-,N,ClinGen:CA367401476,2,449414,44189459,C,T,-,-,-,-,-,-,SCV000617557|SCV002562185|SCV005906028,-,-
444136,single nucleotide variant,NM_000162.5(GCK):c.580-1G>A,2645,GCK,HGNC:4195,Pathogenic,1,"Sep 15, 2023",1554335421,-,RCV000519932|RCV002285354,"MedGen:C3661900|MONDO:MONDO:0007453,MedGen:C0342277,OMIM:125851,Orphanet:552",not provided|Maturity-onset diabetes of the young type 2,germline,germline,GRCh38,NC_000007.14,7,44149860,44149860,na,na,7p13,"criteria provided, multiple submitters, no conflicts",3,-,N,ClinGen:CA367401476,2,449414,44149860,C,T,-,-,-,-,-,-,SCV000617557|SCV002562185|SCV005906028,-,-
444137,single nucleotide variant,NM_000162.5(GCK):c.527C>A (p.Ala176Glu),2645,GCK,HGNC:4195,Conflicting classifications of pathogenicity,1,"Nov 25, 2025",193922304,-,RCV000524090|RCV003403237,MedGen:C3661900|,not provided|GCK-related disorder,germline;unknown,germline,GRCh37,NC_000007.13,7,44189620,44189620,na,na,7p13,"criteria provided, conflicting classifications",3,-,N,ClinGen:CA367401673,2,450644,44189620,G,T,-,-,-,-,-,-,SCV000619250|SCV001144019|SCV004119366,-,-
444137,single nucleotide variant,NM_000162.5(GCK):c.527C>A (p.Ala176Glu),2645,GCK,HGNC:4195,Conflicting classifications of pathogenicity,1,"Nov 25, 2025",193922304,-,RCV000524090|RCV003403237,MedGen:C3661900|,not provided|GCK-related disorder,germline;unknown,germline,GRCh38,NC_000007.14,7,44150021,44150021,na,na,7p13,"criteria provided, conflicting classifications",3,-,N,ClinGen:CA367401673,2,450644,44150021,G,T,-,-,-,-,-,-,SCV000619250|SCV001144019|SCV004119366,-,-
444138,single nucleotide variant,NM_000162.5(GCK):c.431T>C (p.Leu144Pro),2645,GCK,HGNC:4195,Conflicting classifications of pathogenicity,1,"Aug 31, 2023",1554335596,-,RCV000523438|RCV002464024,"MedGen:C3661900|Human Phenotype Ontology:HP:0004904,MONDO:MONDO:0018911,MedGen:C0342276,OMIM:PS125850,Orphanet:552",not provided|Maturity-onset diabetes of the young,germline;unknown,germline,GRCh37,NC_000007.13,7,44190607,44190607,na,na,7p13,"criteria provided, conflicting classifications",3,-,N,ClinGen:CA367401995,2,451640,44190607,A,G,-,-,-,-,-,-,SCV000620363|SCV002605283|SCV004562480,-,-
444138,single nucleotide variant,NM_000162.5(GCK):c.431T>C (p.Leu144Pro),2645,GCK,HGNC:4195,Conflicting classifications of pathogenicity,1,"Aug 31, 2023",1554335596,-,RCV000523438|RCV002464024,"MedGen:C3661900|Human Phenotype Ontology:HP:0004904,MONDO:MONDO:0018911,MedGen:C0342276,OMIM:PS125850,Orphanet:552",not provided|Maturity-onset diabetes of the young,germline;unknown,germline,GRCh38,NC_000007.14,7,44151008,44151008,na,na,7p13,"criteria provided, conflicting classifications",3,-,N,ClinGen:CA367401995,2,451640,44151008,A,G,-,-,-,-,-,-,SCV000620363|SCV002605283|SCV004562480,-,-
444139,Indel,NM_000162.5(GCK):c.427_428delinsCT (p.Lys143Leu),2645,GCK,HGNC:4195,Conflicting classifications of pathogenicity,1,"Feb 14, 2020",1554335598,-,RCV000523399|RCV002464025,"MedGen:C3661900|Human Phenotype Ontology:HP:0004904,MONDO:MONDO:0018911,MedGen:C0342276,OMIM:PS125850,Orphanet:552",not provided|Maturity-onset diabetes of the young,germline;unknown,germline,GRCh37,NC_000007.13,7,44190610,44190611,na,na,7p13,"criteria provided, conflicting classifications",2,-,N,ClinGen:CA658655971,2,451690,44190610,TT,AG,-,-,-,-,-,-,SCV000620423|SCV002605291,-,-
444139,Indel,NM_000162.5(GCK):c.427_428delinsCT (p.Lys143Leu),2645,GCK,HGNC:4195,Conflicting classifications of pathogenicity,1,"Feb 14, 2020",1554335598,-,RCV000523399|RCV002464025,"MedGen:C3661900|Human Phenotype Ontology:HP:0004904,MONDO:MONDO:0018911,MedGen:C0342276,OMIM:PS125850,Orphanet:552",not provided|Maturity-onset diabetes of the young,germline;unknown,germline,GRCh38,NC_000007.14,7,44151011,44151012,na,na,7p13,"criteria provided, conflicting classifications",2,-,N,ClinGen:CA658655971,2,451690,44151011,TT,AG,-,-,-,-,-,-,SCV000620423|SCV002605291,-,-
444140,single nucleotide variant,NM_000162.5(GCK):c.238G>A (p.Gly80Ser),2645,GCK,HGNC:4195,Likely pathogenic,1,"Oct 12, 2017",1554335761,-,RCV000519805,MedGen:CN517202,not provided,germline,germline,GRCh37,NC_000007.13,7,44191995,44191995,na,na,7p13,"criteria provided, single submitter",1,-,N,ClinGen:CA367403023,2,449415,44191995,C,T,-,-,-,-,-,-,SCV000617560,-,-
444140,single nucleotide variant,NM_000162.5(GCK):c.238G>A (p.Gly80Ser),2645,GCK,HGNC:4195,Likely pathogenic,1,"Oct 12, 2017",1554335761,-,RCV000519805,MedGen:CN517202,not provided,germline,germline,GRCh38,NC_000007.14,7,44152396,44152396,na,na,7p13,"criteria provided, single submitter",1,-,N,ClinGen:CA367403023,2,449415,44152396,C,T,-,-,-,-,-,-,SCV000617560,-,-
444755,single nucleotide variant,NM_000352.6(ABCC8):c.794G>A (p.Arg265Gln),6833,ABCC8,HGNC:59,Uncertain significance,0,"Aug 11, 2020",757018137,-,RCV000523759|RCV001834712|RCV002253501|RCV002253500,"MedGen:C3661900||Human Phenotype Ontology:HP:0008255,MONDO:MONDO:0020525,MedGen:C0342273|Human Phenotype Ontology:HP:0004904,MONDO:MONDO:0018911,MedGen:C0342276,OMIM:PS125850,Orphanet:552",not provided|Hereditary hyperinsulinism|Transitory neonatal diabetes mellitus|Maturity-onset diabetes of the young,germline;unknown,germline,GRCh37,NC_000011.9,11,17483158,17483158,na,na,11p15.1,"criteria provided, multiple submitters, no conflicts",3,-,N,ClinGen:CA5903777,2,453073,17483158,C,T,-,-,-,-,-,-,SCV000621929|SCV002522639|SCV002522640,-,-
444755,single nucleotide variant,NM_000352.6(ABCC8):c.794G>A (p.Arg265Gln),6833,ABCC8,HGNC:59,Uncertain significance,0,"Aug 11, 2020",757018137,-,RCV000523759|RCV001834712|RCV002253501|RCV002253500,"MedGen:C3661900||Human Phenotype Ontology:HP:0008255,MONDO:MONDO:0020525,MedGen:C0342273|Human Phenotype Ontology:HP:0004904,MONDO:MONDO:0018911,MedGen:C0342276,OMIM:PS125850,Orphanet:552",not provided|Hereditary hyperinsulinism|Transitory neonatal diabetes mellitus|Maturity-onset diabetes of the young,germline;unknown,germline,GRCh38,NC_000011.10,11,17461611,17461611,na,na,11p15.1,"criteria provided, multiple submitters, no conflicts",3,-,N,ClinGen:CA5903777,2,453073,17461611,C,T,-,-,-,-,-,-,SCV000621929|SCV002522639|SCV002522640,-,-
472261,Duplication,NM_000525.4(KCNJ11):c.967dup (p.Asp323fs),3767,KCNJ11,HGNC:6257,Conflicting classifications of pathogenicity,1,"Aug 31, 2017",1554901596,-,RCV000560919|RCV002226716,"MONDO:MONDO:0014589,MedGen:C4225365,OMIM:616329,Orphanet:552;Human Phenotype Ontology:HP:0005965,Human Phenotype Ontology:HP:0005978,Human Phenotype Ontology:HP:0100652,MONDO:MONDO:0005148,MeSH:D003924,MedGen:C0011860,OMIM:125853|Human Phenotype Ontology:HP:0004904,MONDO:MONDO:0018911,MedGen:C0342276,OMIM:PS125850,Orphanet:552",Maturity-onset diabetes of the young type 13;Type 2 diabetes mellitus|Maturity-onset diabetes of the young,somatic;unknown,somatic,GRCh37,NC_000011.9,11,17408671,17408672,na,na,11p15.1,"criteria provided, conflicting classifications",2,-,N,ClinGen:CA658656123,2,478917,17408671,T,TC,-,-,-,-,-,-,SCV000622500|SCV002505413,-,-
472261,Duplication,NM_000525.4(KCNJ11):c.967dup (p.Asp323fs),3767,KCNJ11,HGNC:6257,Conflicting classifications of pathogenicity,1,"Aug 31, 2017",1554901596,-,RCV000560919|RCV002226716,"MONDO:MONDO:0014589,MedGen:C4225365,OMIM:616329,Orphanet:552;Human Phenotype Ontology:HP:0005965,Human Phenotype Ontology:HP:0005978,Human Phenotype Ontology:HP:0100652,MONDO:MONDO:0005148,MeSH:D003924,MedGen:C0011860,OMIM:125853|Human Phenotype Ontology:HP:0004904,MONDO:MONDO:0018911,MedGen:C0342276,OMIM:PS125850,Orphanet:552",Maturity-onset diabetes of the young type 13;Type 2 diabetes mellitus|Maturity-onset diabetes of the young,somatic;unknown,somatic,GRCh38,NC_000011.10,11,17387124,17387125,na,na,11p15.1,"criteria provided, conflicting classifications",2,-,N,ClinGen:CA658656123,2,478917,17387124,T,TC,-,-,-,-,-,-,SCV000622500|SCV002505413,-,-
481790,single nucleotide variant,NM_000162.5(GCK):c.483+2T>C,2645,GCK,HGNC:4195,Pathogenic/Likely pathogenic,1,"Jan 19, 2024",1554335564,-,RCV000579201|RCV002285369|RCV002464026,"MedGen:C3661900|MONDO:MONDO:0007453,MedGen:C0342277,OMIM:125851,Orphanet:552|Human Phenotype Ontology:HP:0004904,MONDO:MONDO:0018911,MedGen:C0342276,OMIM:PS125850,Orphanet:552",not provided|Maturity-onset diabetes of the young type 2|Maturity-onset diabetes of the young,germline;unknown,germline,GRCh37,NC_000007.13,7,44190553,44190553,na,na,7p13,"criteria provided, multiple submitters, no conflicts",4,-,N,ClinGen:CA367401817,2,488812,44190553,A,G,-,-,-,-,-,-,SCV000680715|SCV002562175|SCV002605240|SCV004295176,-,-
481790,single nucleotide variant,NM_000162.5(GCK):c.483+2T>C,2645,GCK,HGNC:4195,Pathogenic/Likely pathogenic,1,"Jan 19, 2024",1554335564,-,RCV000579201|RCV002285369|RCV002464026,"MedGen:C3661900|MONDO:MONDO:0007453,MedGen:C0342277,OMIM:125851,Orphanet:552|Human Phenotype Ontology:HP:0004904,MONDO:MONDO:0018911,MedGen:C0342276,OMIM:PS125850,Orphanet:552",not provided|Maturity-onset diabetes of the young type 2|Maturity-onset diabetes of the young,germline;unknown,germline,GRCh38,NC_000007.14,7,44150954,44150954,na,na,7p13,"criteria provided, multiple submitters, no conflicts",4,-,N,ClinGen:CA367401817,2,488812,44150954,A,G,-,-,-,-,-,-,SCV000680715|SCV002562175|SCV002605240|SCV004295176,-,-
481791,single nucleotide variant,NM_000162.5(GCK):c.208+1G>A,2645,GCK,HGNC:4195,Pathogenic,1,"Feb 08, 2025",1554335913,-,RCV000578672,MedGen:C3661900,not provided,germline,germline,GRCh37,NC_000007.13,7,44192899,44192899,na,na,7p13,"criteria provided, multiple submitters, no conflicts",2,-,N,ClinGen:CA367403198,2,488813,44192899,C,T,-,-,-,-,-,-,SCV000680716|SCV007419012,-,-
481791,single nucleotide variant,NM_000162.5(GCK):c.208+1G>A,2645,GCK,HGNC:4195,Pathogenic,1,"Feb 08, 2025",1554335913,-,RCV000578672,MedGen:C3661900,not provided,germline,germline,GRCh38,NC_000007.14,7,44153300,44153300,na,na,7p13,"criteria provided, multiple submitters, no conflicts",2,-,N,ClinGen:CA367403198,2,488813,44153300,C,T,-,-,-,-,-,-,SCV000680716|SCV007419012,-,-
487472,single nucleotide variant,NM_000352.6(ABCC8):c.62T>A (p.Val21Asp),6833,ABCC8,HGNC:59,Pathogenic/Likely pathogenic,1,"Jul 04, 2024",200670692,-,RCV000588969|RCV000666072|RCV001386147|RCV001829617|RCV002491164|RCV003459458|RCV004545790,"MONDO:MONDO:0017182,MedGen:C3888018,Orphanet:276525|MONDO:MONDO:0009734,MedGen:C2931832,OMIM:256450,Orphanet:276575,Orphanet:276598|MedGen:C3661900||MONDO:MONDO:0012480,MedGen:C1835887,OMIM:610374,Orphanet:99886;MONDO:MONDO:0009734,MedGen:C2931832,OMIM:256450,Orphanet:276575,Orphanet:276598;MONDO:MONDO:0009415,MedGen:C0271714,OMIM:240800;MONDO:MONDO:0030088,MedGen:C5394303,OMIM:618857;Human Phenotype Ontology:HP:0005965,Human Phenotype Ontology:HP:0005978,Human Phenotype Ontology:HP:0100652,MONDO:MONDO:0005148,MeSH:D003924,MedGen:C0011860,OMIM:125853|Human Phenotype Ontology:HP:0005965,Human Phenotype Ontology:HP:0005978,Human Phenotype Ontology:HP:0100652,MONDO:MONDO:0005148,MeSH:D003924,MedGen:C0011860,OMIM:125853|","Familial hyperinsulinism|Hyperinsulinemic hypoglycemia, familial, 1|not provided|Hereditary hyperinsulinism|Diabetes mellitus, transient neonatal, 2;Hyperinsulinemic hypoglycemia, familial, 1;Leucine-induced hypoglycemia;Diabetes mellitus, permanent neonatal 3;Type 2 diabetes mellitus|Type 2 diabetes mellitus|ABCC8-related disorder",germline;unknown,germline,GRCh37,NC_000011.9,11,17498262,17498262,na,na,11p15.1,"criteria provided, multiple submitters, no conflicts",8,-,N,ClinGen:CA5903992,2,495835,17498262,A,T,-,-,-,-,-,-,SCV000696592|SCV001586279|SCV002775702|SCV004026592|SCV004046431|SCV004198945,-,-
487472,single nucleotide variant,NM_000352.6(ABCC8):c.62T>A (p.Val21Asp),6833,ABCC8,HGNC:59,Pathogenic/Likely pathogenic,1,"Jul 04, 2024",200670692,-,RCV000588969|RCV000666072|RCV001386147|RCV001829617|RCV002491164|RCV003459458|RCV004545790,"MONDO:MONDO:0017182,MedGen:C3888018,Orphanet:276525|MONDO:MONDO:0009734,MedGen:C2931832,OMIM:256450,Orphanet:276575,Orphanet:276598|MedGen:C3661900||MONDO:MONDO:0012480,MedGen:C1835887,OMIM:610374,Orphanet:99886;MONDO:MONDO:0009734,MedGen:C2931832,OMIM:256450,Orphanet:276575,Orphanet:276598;MONDO:MONDO:0009415,MedGen:C0271714,OMIM:240800;MONDO:MONDO:0030088,MedGen:C5394303,OMIM:618857;Human Phenotype Ontology:HP:0005965,Human Phenotype Ontology:HP:0005978,Human Phenotype Ontology:HP:0100652,MONDO:MONDO:0005148,MeSH:D003924,MedGen:C0011860,OMIM:125853|Human Phenotype Ontology:HP:0005965,Human Phenotype Ontology:HP:0005978,Human Phenotype Ontology:HP:0100652,MONDO:MONDO:0005148,MeSH:D003924,MedGen:C0011860,OMIM:125853|","Familial hyperinsulinism|Hyperinsulinemic hypoglycemia, familial, 1|not provided|Hereditary hyperinsulinism|Diabetes mellitus, transient neonatal, 2;Hyperinsulinemic hypoglycemia, familial, 1;Leucine-induced hypoglycemia;Diabetes mellitus, permanent neonatal 3;Type 2 diabetes mellitus|Type 2 diabetes mellitus|ABCC8-related disorder",germline;unknown,germline,GRCh38,NC_000011.10,11,17476715,17476715,na,na,11p15.1,"criteria provided, multiple submitters, no conflicts",8,-,N,ClinGen:CA5903992,2,495835,17476715,A,T,-,-,-,-,-,-,SCV000696592|SCV001586279|SCV002775702|SCV004026592|SCV004046431|SCV004198945,-,-
487507,single nucleotide variant,NM_000352.6(ABCC8):c.221G>A (p.Arg74Gln),6833,ABCC8,HGNC:59,Pathogenic/Likely pathogenic,1,"Jan 06, 2025",72559734,-,RCV000586584|RCV000710375|RCV000763236|RCV000984140|RCV003459457|RCV005044870,"MONDO:MONDO:0017182,MedGen:C3888018,Orphanet:276525|MedGen:C3661900|MONDO:MONDO:0100164,MedGen:C1833104,OMIM:PS606176,Orphanet:99885;MONDO:MONDO:0012480,MedGen:C1835887,OMIM:610374,Orphanet:99886;MONDO:MONDO:0009734,MedGen:C2931832,OMIM:256450,Orphanet:276575,Orphanet:276598;MONDO:MONDO:0009415,MedGen:C0271714,OMIM:240800;Human Phenotype Ontology:HP:0005965,Human Phenotype Ontology:HP:0005978,Human Phenotype Ontology:HP:0100652,MONDO:MONDO:0005148,MeSH:D003924,MedGen:C0011860,OMIM:125853|MONDO:MONDO:0009734,MedGen:C2931832,OMIM:256450,Orphanet:276575,Orphanet:276598|Human Phenotype Ontology:HP:0005965,Human Phenotype Ontology:HP:0005978,Human Phenotype Ontology:HP:0100652,MONDO:MONDO:0005148,MeSH:D003924,MedGen:C0011860,OMIM:125853|MONDO:MONDO:0012480,MedGen:C1835887,OMIM:610374,Orphanet:99886;MONDO:MONDO:0009734,MedGen:C2931832,OMIM:256450,Orphanet:276575,Orphanet:276598;MONDO:MONDO:0009415,MedGen:C0271714,OMIM:240800;MONDO:MONDO:0030088,MedGen:C5394303,OMIM:618857;Human Phenotype Ontology:HP:0005965,Human Phenotype Ontology:HP:0005978,Human Phenotype Ontology:HP:0100652,MONDO:MONDO:0005148,MeSH:D003924,MedGen:C0011860,OMIM:125853","Familial hyperinsulinism|not provided|Permanent neonatal diabetes mellitus;Diabetes mellitus, transient neonatal, 2;Hyperinsulinemic hypoglycemia, familial, 1;Leucine-induced hypoglycemia;Type 2 diabetes mellitus|Hyperinsulinemic hypoglycemia, familial, 1|Type 2 diabetes mellitus|Diabetes mellitus, transient neonatal, 2;Hyperinsulinemic hypoglycemia, familial, 1;Leucine-induced hypoglycemia;Diabetes mellitus, permanent neonatal 3;Type 2 diabetes mellitus",germline;unknown,germline,GRCh37,NC_000011.9,11,17496502,17496502,na,na,11p15.1,"criteria provided, multiple submitters, no conflicts",10,-,N,ClinGen:CA5903946,2,495834,17496502,C,T,-,-,-,-,-,-,SCV000696585|SCV000840585|SCV000893869|SCV001389945|SCV002069196|SCV002574367|SCV004026585|SCV004199008|SCV005676122|SCV006584873,-,-
487507,single nucleotide variant,NM_000352.6(ABCC8):c.221G>A (p.Arg74Gln),6833,ABCC8,HGNC:59,Pathogenic/Likely pathogenic,1,"Jan 06, 2025",72559734,-,RCV000586584|RCV000710375|RCV000763236|RCV000984140|RCV003459457|RCV005044870,"MONDO:MONDO:0017182,MedGen:C3888018,Orphanet:276525|MedGen:C3661900|MONDO:MONDO:0100164,MedGen:C1833104,OMIM:PS606176,Orphanet:99885;MONDO:MONDO:0012480,MedGen:C1835887,OMIM:610374,Orphanet:99886;MONDO:MONDO:0009734,MedGen:C2931832,OMIM:256450,Orphanet:276575,Orphanet:276598;MONDO:MONDO:0009415,MedGen:C0271714,OMIM:240800;Human Phenotype Ontology:HP:0005965,Human Phenotype Ontology:HP:0005978,Human Phenotype Ontology:HP:0100652,MONDO:MONDO:0005148,MeSH:D003924,MedGen:C0011860,OMIM:125853|MONDO:MONDO:0009734,MedGen:C2931832,OMIM:256450,Orphanet:276575,Orphanet:276598|Human Phenotype Ontology:HP:0005965,Human Phenotype Ontology:HP:0005978,Human Phenotype Ontology:HP:0100652,MONDO:MONDO:0005148,MeSH:D003924,MedGen:C0011860,OMIM:125853|MONDO:MONDO:0012480,MedGen:C1835887,OMIM:610374,Orphanet:99886;MONDO:MONDO:0009734,MedGen:C2931832,OMIM:256450,Orphanet:276575,Orphanet:276598;MONDO:MONDO:0009415,MedGen:C0271714,OMIM:240800;MONDO:MONDO:0030088,MedGen:C5394303,OMIM:618857;Human Phenotype Ontology:HP:0005965,Human Phenotype Ontology:HP:0005978,Human Phenotype Ontology:HP:0100652,MONDO:MONDO:0005148,MeSH:D003924,MedGen:C0011860,OMIM:125853","Familial hyperinsulinism|not provided|Permanent neonatal diabetes mellitus;Diabetes mellitus, transient neonatal, 2;Hyperinsulinemic hypoglycemia, familial, 1;Leucine-induced hypoglycemia;Type 2 diabetes mellitus|Hyperinsulinemic hypoglycemia, familial, 1|Type 2 diabetes mellitus|Diabetes mellitus, transient neonatal, 2;Hyperinsulinemic hypoglycemia, familial, 1;Leucine-induced hypoglycemia;Diabetes mellitus, permanent neonatal 3;Type 2 diabetes mellitus",germline;unknown,germline,GRCh38,NC_000011.10,11,17474955,17474955,na,na,11p15.1,"criteria provided, multiple submitters, no conflicts",10,-,N,ClinGen:CA5903946,2,495834,17474955,C,T,-,-,-,-,-,-,SCV000696585|SCV000840585|SCV000893869|SCV001389945|SCV002069196|SCV002574367|SCV004026585|SCV004199008|SCV005676122|SCV006584873,-,-
491932,single nucleotide variant,NM_000162.5(GCK):c.660C>T (p.Cys220=),2645,GCK,HGNC:4195,Benign/Likely benign,0,"Nov 12, 2025",142952813,-,RCV000591848|RCV000883078|RCV002331016,"MedGen:CN169374|MedGen:C3661900|Human Phenotype Ontology:HP:0004904,MONDO:MONDO:0018911,MedGen:C0342276,OMIM:PS125850,Orphanet:552",not specified|not provided|Maturity-onset diabetes of the young,germline;unknown,germline,GRCh37,NC_000007.13,7,44189378,44189378,na,na,7p13,"criteria provided, multiple submitters, no conflicts",8,-,N,ClinGen:CA4239563,2,500508,44189378,G,A,-,-,-,-,-,-,SCV000706500|SCV000722957|SCV001026355|SCV001144029|SCV002069896|SCV002601606|SCV004079019|SCV005227296,-,-
491932,single nucleotide variant,NM_000162.5(GCK):c.660C>T (p.Cys220=),2645,GCK,HGNC:4195,Benign/Likely benign,0,"Nov 12, 2025",142952813,-,RCV000591848|RCV000883078|RCV002331016,"MedGen:CN169374|MedGen:C3661900|Human Phenotype Ontology:HP:0004904,MONDO:MONDO:0018911,MedGen:C0342276,OMIM:PS125850,Orphanet:552",not specified|not provided|Maturity-onset diabetes of the young,germline;unknown,germline,GRCh38,NC_000007.14,7,44149779,44149779,na,na,7p13,"criteria provided, multiple submitters, no conflicts",8,-,N,ClinGen:CA4239563,2,500508,44149779,G,A,-,-,-,-,-,-,SCV000706500|SCV000722957|SCV001026355|SCV001144029|SCV002069896|SCV002601606|SCV004079019|SCV005227296,-,-
495586,Deletion,NM_000162.5(GCK):c.1155del (p.Leu386fs),2645,GCK,HGNC:4195,Pathogenic,1,"Sep 26, 2025",1400535021,-,RCV000598690|RCV002287429|RCV003147515|RCV003147512|RCV003147513|RCV003147514|RCV005646971,"MedGen:C3661900|Human Phenotype Ontology:HP:0004904,MONDO:MONDO:0018911,MedGen:C0342276,OMIM:PS125850,Orphanet:552|MONDO:MONDO:0100165,MedGen:C5393570,OMIM:606176|Human Phenotype Ontology:HP:0005965,Human Phenotype Ontology:HP:0005978,Human Phenotype Ontology:HP:0100652,MONDO:MONDO:0005148,MeSH:D003924,MedGen:C0011860,OMIM:125853|MONDO:MONDO:0011236,MedGen:C1865290,OMIM:602485,Orphanet:79299|MONDO:MONDO:0007453,MedGen:C0342277,OMIM:125851,Orphanet:552|MONDO:MONDO:0015967,MedGen:C3888631,Orphanet:183625",not provided|Maturity-onset diabetes of the young|Permanent neonatal diabetes mellitus 1|Type 2 diabetes mellitus|Hyperinsulinism due to glucokinase deficiency|Maturity-onset diabetes of the young type 2|Monogenic diabetes,germline;unknown,germline,GRCh37,NC_000007.13,7,44185194,44185194,na,na,7p13,reviewed by expert panel,6,-,N,ClinGen:CA574226173,2,503699,44185193,GC,G,-,-,-,-,-,-,SCV006336862,-,-
495586,Deletion,NM_000162.5(GCK):c.1155del (p.Leu386fs),2645,GCK,HGNC:4195,Pathogenic,1,"Sep 26, 2025",1400535021,-,RCV000598690|RCV002287429|RCV003147515|RCV003147512|RCV003147513|RCV003147514|RCV005646971,"MedGen:C3661900|Human Phenotype Ontology:HP:0004904,MONDO:MONDO:0018911,MedGen:C0342276,OMIM:PS125850,Orphanet:552|MONDO:MONDO:0100165,MedGen:C5393570,OMIM:606176|Human Phenotype Ontology:HP:0005965,Human Phenotype Ontology:HP:0005978,Human Phenotype Ontology:HP:0100652,MONDO:MONDO:0005148,MeSH:D003924,MedGen:C0011860,OMIM:125853|MONDO:MONDO:0011236,MedGen:C1865290,OMIM:602485,Orphanet:79299|MONDO:MONDO:0007453,MedGen:C0342277,OMIM:125851,Orphanet:552|MONDO:MONDO:0015967,MedGen:C3888631,Orphanet:183625",not provided|Maturity-onset diabetes of the young|Permanent neonatal diabetes mellitus 1|Type 2 diabetes mellitus|Hyperinsulinism due to glucokinase deficiency|Maturity-onset diabetes of the young type 2|Monogenic diabetes,germline;unknown,germline,GRCh38,NC_000007.14,7,44145595,44145595,na,na,7p13,reviewed by expert panel,6,-,N,ClinGen:CA574226173,2,503699,44145594,GC,G,-,-,-,-,-,-,SCV006336862,-,-
502045,single nucleotide variant,NM_000162.5(GCK):c.1317C>T (p.Ile439=),2645,GCK,HGNC:4195,Likely benign,0,"Jan 22, 2024",1554334455,-,RCV000604671|RCV002463721|RCV003493681,"MedGen:CN169374|Human Phenotype Ontology:HP:0004904,MONDO:MONDO:0018911,MedGen:C0342276,OMIM:PS125850,Orphanet:552|MONDO:MONDO:0015967,MedGen:C3888631,Orphanet:183625",not specified|Maturity-onset diabetes of the young|Monogenic diabetes,germline;unknown,germline,GRCh37,NC_000007.13,7,44184816,44184816,na,na,7p13,reviewed by expert panel,3,-,N,ClinGen:CA454606568,2,515200,44184816,G,A,-,-,-,-,-,-,SCV004242343,-,-
502045,single nucleotide variant,NM_000162.5(GCK):c.1317C>T (p.Ile439=),2645,GCK,HGNC:4195,Likely benign,0,"Jan 22, 2024",1554334455,-,RCV000604671|RCV002463721|RCV003493681,"MedGen:CN169374|Human Phenotype Ontology:HP:0004904,MONDO:MONDO:0018911,MedGen:C0342276,OMIM:PS125850,Orphanet:552|MONDO:MONDO:0015967,MedGen:C3888631,Orphanet:183625",not specified|Maturity-onset diabetes of the young|Monogenic diabetes,germline;unknown,germline,GRCh38,NC_000007.14,7,44145217,44145217,na,na,7p13,reviewed by expert panel,3,-,N,ClinGen:CA454606568,2,515200,44145217,G,A,-,-,-,-,-,-,SCV004242343,-,-
502088,single nucleotide variant,NM_000162.5(GCK):c.364-18A>G,2645,GCK,HGNC:4195,Benign/Likely benign,0,"Nov 12, 2025",191255582,-,RCV000616972|RCV000711771|RCV002464027|RCV002506472,"MedGen:CN169374|MedGen:C3661900|Human Phenotype Ontology:HP:0004904,MONDO:MONDO:0018911,MedGen:C0342276,OMIM:PS125850,Orphanet:552|MONDO:MONDO:0011236,MedGen:C1865290,OMIM:602485,Orphanet:79299;MONDO:MONDO:0100165,MedGen:C5393570,OMIM:606176;Human Phenotype Ontology:HP:0005965,Human Phenotype Ontology:HP:0005978,Human Phenotype Ontology:HP:0100652,MONDO:MONDO:0005148,MeSH:D003924,MedGen:C0011860,OMIM:125853;MONDO:MONDO:0007453,MedGen:C0342277,OMIM:125851,Orphanet:552",not specified|not provided|Maturity-onset diabetes of the young|Hyperinsulinism due to glucokinase deficiency;Permanent neonatal diabetes mellitus 1;Type 2 diabetes mellitus;Maturity-onset diabetes of the young type 2,germline;unknown,germline,GRCh37,NC_000007.13,7,44190692,44190692,na,na,7p13,"criteria provided, multiple submitters, no conflicts",6,-,N,ClinGen:CA4239642,2,514377,44190692,T,C,-,-,-,-,-,-,SCV000726118|SCV000842167|SCV002409882|SCV002605277|SCV002807137|SCV005887894,-,-
502088,single nucleotide variant,NM_000162.5(GCK):c.364-18A>G,2645,GCK,HGNC:4195,Benign/Likely benign,0,"Nov 12, 2025",191255582,-,RCV000616972|RCV000711771|RCV002464027|RCV002506472,"MedGen:CN169374|MedGen:C3661900|Human Phenotype Ontology:HP:0004904,MONDO:MONDO:0018911,MedGen:C0342276,OMIM:PS125850,Orphanet:552|MONDO:MONDO:0011236,MedGen:C1865290,OMIM:602485,Orphanet:79299;MONDO:MONDO:0100165,MedGen:C5393570,OMIM:606176;Human Phenotype Ontology:HP:0005965,Human Phenotype Ontology:HP:0005978,Human Phenotype Ontology:HP:0100652,MONDO:MONDO:0005148,MeSH:D003924,MedGen:C0011860,OMIM:125853;MONDO:MONDO:0007453,MedGen:C0342277,OMIM:125851,Orphanet:552",not specified|not provided|Maturity-onset diabetes of the young|Hyperinsulinism due to glucokinase deficiency;Permanent neonatal diabetes mellitus 1;Type 2 diabetes mellitus;Maturity-onset diabetes of the young type 2,germline;unknown,germline,GRCh38,NC_000007.14,7,44151093,44151093,na,na,7p13,"criteria provided, multiple submitters, no conflicts",6,-,N,ClinGen:CA4239642,2,514377,44151093,T,C,-,-,-,-,-,-,SCV000726118|SCV000842167|SCV002409882|SCV002605277|SCV002807137|SCV005887894,-,-
511713,single nucleotide variant,NM_000162.5(GCK):c.1324G>A (p.Glu442Lys),2645,GCK,HGNC:4195,Conflicting classifications of pathogenicity,1,"Mar 03, 2025",758737171,-,RCV000623742|RCV001041035|RCV001824153,"MeSH:D030342,MedGen:C0950123|MedGen:C3661900|MONDO:MONDO:0100164,MedGen:C1833104,OMIM:PS606176,Orphanet:99885",Inborn genetic diseases|not provided|Permanent neonatal diabetes mellitus,germline,germline,GRCh37,NC_000007.13,7,44184809,44184809,na,na,7p13,"criteria provided, conflicting classifications",4,-,N,ClinGen:CA4239377,2,521398,44184809,C,T,-,-,-,-,-,-,SCV000741972|SCV001204629|SCV002073765|SCV006325820,-,-
511713,single nucleotide variant,NM_000162.5(GCK):c.1324G>A (p.Glu442Lys),2645,GCK,HGNC:4195,Conflicting classifications of pathogenicity,1,"Mar 03, 2025",758737171,-,RCV000623742|RCV001041035|RCV001824153,"MeSH:D030342,MedGen:C0950123|MedGen:C3661900|MONDO:MONDO:0100164,MedGen:C1833104,OMIM:PS606176,Orphanet:99885",Inborn genetic diseases|not provided|Permanent neonatal diabetes mellitus,germline,germline,GRCh38,NC_000007.14,7,44145210,44145210,na,na,7p13,"criteria provided, conflicting classifications",4,-,N,ClinGen:CA4239377,2,521398,44145210,C,T,-,-,-,-,-,-,SCV000741972|SCV001204629|SCV002073765|SCV006325820,-,-
513065,single nucleotide variant,NM_000162.5(GCK):c.989T>C (p.Phe330Ser),2645,GCK,HGNC:4195,Likely pathogenic,1,-,1554334872,-,RCV000625570|RCV002463723,"MONDO:MONDO:0007453,MedGen:C0342277,OMIM:125851,Orphanet:552|Human Phenotype Ontology:HP:0004904,MONDO:MONDO:0018911,MedGen:C0342276,OMIM:PS125850,Orphanet:552",Maturity-onset diabetes of the young type 2|Maturity-onset diabetes of the young,germline;unknown,germline,GRCh37,NC_000007.13,7,44186092,44186092,na,na,7p13,"criteria provided, single submitter",2,-,N,ClinGen:CA367399791,2,522430,44186092,A,G,-,-,-,-,-,-,SCV002605120,-,-
513065,single nucleotide variant,NM_000162.5(GCK):c.989T>C (p.Phe330Ser),2645,GCK,HGNC:4195,Likely pathogenic,1,-,1554334872,-,RCV000625570|RCV002463723,"MONDO:MONDO:0007453,MedGen:C0342277,OMIM:125851,Orphanet:552|Human Phenotype Ontology:HP:0004904,MONDO:MONDO:0018911,MedGen:C0342276,OMIM:PS125850,Orphanet:552",Maturity-onset diabetes of the young type 2|Maturity-onset diabetes of the young,germline;unknown,germline,GRCh38,NC_000007.14,7,44146493,44146493,na,na,7p13,"criteria provided, single submitter",2,-,N,ClinGen:CA367399791,2,522430,44146493,A,G,-,-,-,-,-,-,SCV002605120,-,-
513066,single nucleotide variant,NM_000162.5(GCK):c.371A>T (p.Asp124Val),2645,GCK,HGNC:4195,Uncertain significance,1,"Mar 14, 2024",1554335612,-,RCV000625646|RCV001860464|RCV002464028|RCV003993672,"MONDO:MONDO:0007453,MedGen:C0342277,OMIM:125851,Orphanet:552|MedGen:C3661900|Human Phenotype Ontology:HP:0004904,MONDO:MONDO:0018911,MedGen:C0342276,OMIM:PS125850,Orphanet:552|MONDO:MONDO:0015967,MedGen:C3888631,Orphanet:183625",Maturity-onset diabetes of the young type 2|not provided|Maturity-onset diabetes of the young|Monogenic diabetes,germline;unknown,germline,GRCh37,NC_000007.13,7,44190667,44190667,na,na,7p13,reviewed by expert panel,4,-,N,ClinGen:CA367402205,2,522504,44190667,T,A,-,-,-,-,-,-,SCV004812214,-,-
513066,single nucleotide variant,NM_000162.5(GCK):c.371A>T (p.Asp124Val),2645,GCK,HGNC:4195,Uncertain significance,1,"Mar 14, 2024",1554335612,-,RCV000625646|RCV001860464|RCV002464028|RCV003993672,"MONDO:MONDO:0007453,MedGen:C0342277,OMIM:125851,Orphanet:552|MedGen:C3661900|Human Phenotype Ontology:HP:0004904,MONDO:MONDO:0018911,MedGen:C0342276,OMIM:PS125850,Orphanet:552|MONDO:MONDO:0015967,MedGen:C3888631,Orphanet:183625",Maturity-onset diabetes of the young type 2|not provided|Maturity-onset diabetes of the young|Monogenic diabetes,germline;unknown,germline,GRCh38,NC_000007.14,7,44151068,44151068,na,na,7p13,reviewed by expert panel,4,-,N,ClinGen:CA367402205,2,522504,44151068,T,A,-,-,-,-,-,-,SCV004812214,-,-
513067,single nucleotide variant,NM_000162.5(GCK):c.255G>T (p.Arg85Ser),2645,GCK,HGNC:4195,Uncertain risk allele,0,-,1554335758,-,RCV000625634|RCV002465739,"MONDO:MONDO:0007453,MedGen:C0342277,OMIM:125851,Orphanet:552|Human Phenotype Ontology:HP:0004904,MONDO:MONDO:0018911,MedGen:C0342276,OMIM:PS125850,Orphanet:552",Maturity-onset diabetes of the young type 2|Maturity-onset diabetes of the young,germline;unknown,germline,GRCh37,NC_000007.13,7,44191978,44191978,na,na,7p13,"criteria provided, single submitter",2,-,N,ClinGen:CA367402958,2,522492,44191978,C,A,-,-,-,-,-,-,SCV002605368,-,-
513067,single nucleotide variant,NM_000162.5(GCK):c.255G>T (p.Arg85Ser),2645,GCK,HGNC:4195,Uncertain risk allele,0,-,1554335758,-,RCV000625634|RCV002465739,"MONDO:MONDO:0007453,MedGen:C0342277,OMIM:125851,Orphanet:552|Human Phenotype Ontology:HP:0004904,MONDO:MONDO:0018911,MedGen:C0342276,OMIM:PS125850,Orphanet:552",Maturity-onset diabetes of the young type 2|Maturity-onset diabetes of the young,germline;unknown,germline,GRCh38,NC_000007.14,7,44152379,44152379,na,na,7p13,"criteria provided, single submitter",2,-,N,ClinGen:CA367402958,2,522492,44152379,C,A,-,-,-,-,-,-,SCV002605368,-,-
513600,Duplication,NM_000525.4(KCNJ11):c.368dup (p.Ser124fs),3767,KCNJ11,HGNC:6257,Conflicting classifications of pathogenicity,1,"May 03, 2020",1554901822,-,RCV000626154|RCV002226719,"MONDO:MONDO:0019207,MedGen:C4303593,Orphanet:79134|Human Phenotype Ontology:HP:0004904,MONDO:MONDO:0018911,MedGen:C0342276,OMIM:PS125850,Orphanet:552",DEND syndrome|Maturity-onset diabetes of the young,somatic;unknown,somatic,GRCh37,NC_000011.9,11,17409270,17409271,na,na,11p15.1,"criteria provided, conflicting classifications",2,-,N,ClinGen:CA658797595,2,522957,17409270,G,GA,-,-,-,-,-,-,SCV000746787|SCV002505471,-,-
513600,Duplication,NM_000525.4(KCNJ11):c.368dup (p.Ser124fs),3767,KCNJ11,HGNC:6257,Conflicting classifications of pathogenicity,1,"May 03, 2020",1554901822,-,RCV000626154|RCV002226719,"MONDO:MONDO:0019207,MedGen:C4303593,Orphanet:79134|Human Phenotype Ontology:HP:0004904,MONDO:MONDO:0018911,MedGen:C0342276,OMIM:PS125850,Orphanet:552",DEND syndrome|Maturity-onset diabetes of the young,somatic;unknown,somatic,GRCh38,NC_000011.10,11,17387723,17387724,na,na,11p15.1,"criteria provided, conflicting classifications",2,-,N,ClinGen:CA658797595,2,522957,17387723,G,GA,-,-,-,-,-,-,SCV000746787|SCV002505471,-,-
514008,single nucleotide variant,NM_000352.6(ABCC8):c.1793G>A (p.Arg598Gln),6833,ABCC8,HGNC:59,Likely pathogenic,1,"Jan 01, 2017",1344172059,-,RCV000626669,12 conditions,12 conditions,unknown,unknown,GRCh37,NC_000011.9,11,17452385,17452385,na,na,11p15.1,"criteria provided, single submitter",1,-,N,ClinGen:CA379816909,2,523361,17452385,C,T,-,-,-,-,-,-,SCV000747371,-,-
514008,single nucleotide variant,NM_000352.6(ABCC8):c.1793G>A (p.Arg598Gln),6833,ABCC8,HGNC:59,Likely pathogenic,1,"Jan 01, 2017",1344172059,-,RCV000626669,12 conditions,12 conditions,unknown,unknown,GRCh38,NC_000011.10,11,17430838,17430838,na,na,11p15.1,"criteria provided, single submitter",1,-,N,ClinGen:CA379816909,2,523361,17430838,C,T,-,-,-,-,-,-,SCV000747371,-,-
514009,single nucleotide variant,NM_000352.6(ABCC8):c.1024G>T (p.Gly342Trp),6833,ABCC8,HGNC:59,Conflicting classifications of pathogenicity,1,"Jan 01, 2017",763028380,-,RCV000626668|RCV002253543|RCV002259543,"12 conditions|Human Phenotype Ontology:HP:0004904,MONDO:MONDO:0018911,MedGen:C0342276,OMIM:PS125850,Orphanet:552|Human Phenotype Ontology:HP:0008255,MONDO:MONDO:0020525,MedGen:C0342273",12 conditions|Maturity-onset diabetes of the young|Transitory neonatal diabetes mellitus,unknown,unknown,GRCh37,NC_000011.9,11,17474818,17474818,na,na,11p15.1,"criteria provided, conflicting classifications",2,-,N,ClinGen:CA379771442,2,523360,17474818,C,A,-,-,-,-,-,-,SCV000747370|SCV002522579|SCV002522580,-,-
514009,single nucleotide variant,NM_000352.6(ABCC8):c.1024G>T (p.Gly342Trp),6833,ABCC8,HGNC:59,Conflicting classifications of pathogenicity,1,"Jan 01, 2017",763028380,-,RCV000626668|RCV002253543|RCV002259543,"12 conditions|Human Phenotype Ontology:HP:0004904,MONDO:MONDO:0018911,MedGen:C0342276,OMIM:PS125850,Orphanet:552|Human Phenotype Ontology:HP:0008255,MONDO:MONDO:0020525,MedGen:C0342273",12 conditions|Maturity-onset diabetes of the young|Transitory neonatal diabetes mellitus,unknown,unknown,GRCh38,NC_000011.10,11,17453271,17453271,na,na,11p15.1,"criteria provided, conflicting classifications",2,-,N,ClinGen:CA379771442,2,523360,17453271,C,A,-,-,-,-,-,-,SCV000747370|SCV002522579|SCV002522580,-,-
536735,single nucleotide variant,NM_000162.5(GCK):c.675C>G (p.Ile225Met),2645,GCK,HGNC:4195,Conflicting classifications of pathogenicity,1,"Dec 01, 2025",772754004,-,RCV000657901|RCV003343982,"MedGen:C3661900|Human Phenotype Ontology:HP:0004904,MONDO:MONDO:0018911,MedGen:C0342276,OMIM:PS125850,Orphanet:552",not provided|Maturity-onset diabetes of the young,germline,germline,GRCh37,NC_000007.13,7,44189363,44189363,na,na,7p13,"criteria provided, conflicting classifications",3,-,N,ClinGen:CA367401129,2,546098,44189363,G,C,-,-,-,-,-,-,SCV000779666|SCV004057900|SCV004295166,-,-
536735,single nucleotide variant,NM_000162.5(GCK):c.675C>G (p.Ile225Met),2645,GCK,HGNC:4195,Conflicting classifications of pathogenicity,1,"Dec 01, 2025",772754004,-,RCV000657901|RCV003343982,"MedGen:C3661900|Human Phenotype Ontology:HP:0004904,MONDO:MONDO:0018911,MedGen:C0342276,OMIM:PS125850,Orphanet:552",not provided|Maturity-onset diabetes of the young,germline,germline,GRCh38,NC_000007.14,7,44149764,44149764,na,na,7p13,"criteria provided, conflicting classifications",3,-,N,ClinGen:CA367401129,2,546098,44149764,G,C,-,-,-,-,-,-,SCV000779666|SCV004057900|SCV004295166,-,-
536736,single nucleotide variant,NM_000162.5(GCK):c.540T>G (p.Asn180Lys),2645,GCK,HGNC:4195,Conflicting classifications of pathogenicity,1,"Oct 11, 2024",1554335444,-,RCV000657902|RCV002343405,"MedGen:C3661900|Human Phenotype Ontology:HP:0004904,MONDO:MONDO:0018911,MedGen:C0342276,OMIM:PS125850,Orphanet:552",not provided|Maturity-onset diabetes of the young,germline,germline,GRCh37,NC_000007.13,7,44189607,44189607,na,na,7p13,"criteria provided, conflicting classifications",4,-,N,ClinGen:CA367401623,2,546099,44189607,A,C,-,-,-,-,-,-,SCV000779667|SCV001144020|SCV002650509|SCV005835283,-,-
536736,single nucleotide variant,NM_000162.5(GCK):c.540T>G (p.Asn180Lys),2645,GCK,HGNC:4195,Conflicting classifications of pathogenicity,1,"Oct 11, 2024",1554335444,-,RCV000657902|RCV002343405,"MedGen:C3661900|Human Phenotype Ontology:HP:0004904,MONDO:MONDO:0018911,MedGen:C0342276,OMIM:PS125850,Orphanet:552",not provided|Maturity-onset diabetes of the young,germline,germline,GRCh38,NC_000007.14,7,44150008,44150008,na,na,7p13,"criteria provided, conflicting classifications",4,-,N,ClinGen:CA367401623,2,546099,44150008,A,C,-,-,-,-,-,-,SCV000779667|SCV001144020|SCV002650509|SCV005835283,-,-
538421,single nucleotide variant,NM_000352.6(ABCC8):c.1391C>T (p.Ala464Val),6833,ABCC8,HGNC:59,Uncertain significance,0,"Aug 27, 2024",1554933525,-,RCV000660451|RCV002252198|RCV002252197|RCV003318622,"MONDO:MONDO:0009734,MedGen:C2931832,OMIM:256450,Orphanet:276575,Orphanet:276598|Human Phenotype Ontology:HP:0008255,MONDO:MONDO:0020525,MedGen:C0342273|Human Phenotype Ontology:HP:0004904,MONDO:MONDO:0018911,MedGen:C0342276,OMIM:PS125850,Orphanet:552|MedGen:C3661900","Hyperinsulinemic hypoglycemia, familial, 1|Transitory neonatal diabetes mellitus|Maturity-onset diabetes of the young|not provided",germline;paternal;unknown,germline,GRCh37,NC_000011.9,11,17464801,17464801,na,na,11p15.1,"criteria provided, multiple submitters, no conflicts",3,-,N,ClinGen:CA379767114,2,547893,17464801,G,A,-,-,-,-,-,-,SCV000782544|SCV002522423|SCV002522424|SCV004023009,-,-
538421,single nucleotide variant,NM_000352.6(ABCC8):c.1391C>T (p.Ala464Val),6833,ABCC8,HGNC:59,Uncertain significance,0,"Aug 27, 2024",1554933525,-,RCV000660451|RCV002252198|RCV002252197|RCV003318622,"MONDO:MONDO:0009734,MedGen:C2931832,OMIM:256450,Orphanet:276575,Orphanet:276598|Human Phenotype Ontology:HP:0008255,MONDO:MONDO:0020525,MedGen:C0342273|Human Phenotype Ontology:HP:0004904,MONDO:MONDO:0018911,MedGen:C0342276,OMIM:PS125850,Orphanet:552|MedGen:C3661900","Hyperinsulinemic hypoglycemia, familial, 1|Transitory neonatal diabetes mellitus|Maturity-onset diabetes of the young|not provided",germline;paternal;unknown,germline,GRCh38,NC_000011.10,11,17443254,17443254,na,na,11p15.1,"criteria provided, multiple submitters, no conflicts",3,-,N,ClinGen:CA379767114,2,547893,17443254,G,A,-,-,-,-,-,-,SCV000782544|SCV002522423|SCV002522424|SCV004023009,-,-
540021,single nucleotide variant,NM_000525.4(KCNJ11):c.794G>T (p.Ser265Ile),3767,KCNJ11,HGNC:6257,Uncertain significance,0,"Nov 20, 2022",1437510576,-,RCV000664133|RCV002226721|RCV004533459,"MONDO:MONDO:0015967,MedGen:C3888631,Orphanet:183625|Human Phenotype Ontology:HP:0000842,MONDO:MONDO:0002177,MedGen:C0020459|",Monogenic diabetes|Hyperinsulinemia|KCNJ11-related disorder,germline;somatic;unknown,germline/somatic,GRCh37,NC_000011.9,11,17408845,17408845,na,na,11p15.1,"criteria provided, multiple submitters, no conflicts",3,-,N,ClinGen:CA379770671,2,549538,17408845,C,A,-,-,-,-,-,-,SCV000787585|SCV002505472|SCV004116834,-,-
540021,single nucleotide variant,NM_000525.4(KCNJ11):c.794G>T (p.Ser265Ile),3767,KCNJ11,HGNC:6257,Uncertain significance,0,"Nov 20, 2022",1437510576,-,RCV000664133|RCV002226721|RCV004533459,"MONDO:MONDO:0015967,MedGen:C3888631,Orphanet:183625|Human Phenotype Ontology:HP:0000842,MONDO:MONDO:0002177,MedGen:C0020459|",Monogenic diabetes|Hyperinsulinemia|KCNJ11-related disorder,germline;somatic;unknown,germline/somatic,GRCh38,NC_000011.10,11,17387298,17387298,na,na,11p15.1,"criteria provided, multiple submitters, no conflicts",3,-,N,ClinGen:CA379770671,2,549538,17387298,C,A,-,-,-,-,-,-,SCV000787585|SCV002505472|SCV004116834,-,-
540022,single nucleotide variant,NM_000352.6(ABCC8):c.4043A>G (p.Asn1348Ser),6833,ABCC8,HGNC:59,Uncertain significance,0,"May 19, 2017",1554905775,-,RCV000664135|RCV002245072|RCV002245071,"MONDO:MONDO:0015967,MedGen:C3888631,Orphanet:183625|Human Phenotype Ontology:HP:0008255,MONDO:MONDO:0020525,MedGen:C0342273|Human Phenotype Ontology:HP:0004904,MONDO:MONDO:0018911,MedGen:C0342276,OMIM:PS125850,Orphanet:552",Monogenic diabetes|Transitory neonatal diabetes mellitus|Maturity-onset diabetes of the young,somatic;unknown,somatic,GRCh37,NC_000011.9,11,17418539,17418539,na,na,11p15.1,"criteria provided, multiple submitters, no conflicts",2,-,N,ClinGen:CA379790767,2,549539,17418539,T,C,-,-,-,-,-,-,SCV000787587|SCV002513503|SCV002513504,-,-
540022,single nucleotide variant,NM_000352.6(ABCC8):c.4043A>G (p.Asn1348Ser),6833,ABCC8,HGNC:59,Uncertain significance,0,"May 19, 2017",1554905775,-,RCV000664135|RCV002245072|RCV002245071,"MONDO:MONDO:0015967,MedGen:C3888631,Orphanet:183625|Human Phenotype Ontology:HP:0008255,MONDO:MONDO:0020525,MedGen:C0342273|Human Phenotype Ontology:HP:0004904,MONDO:MONDO:0018911,MedGen:C0342276,OMIM:PS125850,Orphanet:552",Monogenic diabetes|Transitory neonatal diabetes mellitus|Maturity-onset diabetes of the young,somatic;unknown,somatic,GRCh38,NC_000011.10,11,17396992,17396992,na,na,11p15.1,"criteria provided, multiple submitters, no conflicts",2,-,N,ClinGen:CA379790767,2,549539,17396992,T,C,-,-,-,-,-,-,SCV000787587|SCV002513503|SCV002513504,-,-
540023,single nucleotide variant,NM_000352.6(ABCC8):c.3817A>T (p.Arg1273Trp),6833,ABCC8,HGNC:59,Uncertain significance,0,"Aug 01, 2017",1554906389,-,RCV000664137|RCV002246127|RCV002246126,"MONDO:MONDO:0015967,MedGen:C3888631,Orphanet:183625|Human Phenotype Ontology:HP:0008255,MONDO:MONDO:0020525,MedGen:C0342273|Human Phenotype Ontology:HP:0004904,MONDO:MONDO:0018911,MedGen:C0342276,OMIM:PS125850,Orphanet:552",Monogenic diabetes|Transitory neonatal diabetes mellitus|Maturity-onset diabetes of the young,somatic;unknown,somatic,GRCh37,NC_000011.9,11,17419281,17419281,na,na,11p15.1,"criteria provided, multiple submitters, no conflicts",2,-,N,ClinGen:CA379793341,2,549540,17419281,T,A,-,-,-,-,-,-,SCV000787589|SCV002513764|SCV002513765,-,-
540023,single nucleotide variant,NM_000352.6(ABCC8):c.3817A>T (p.Arg1273Trp),6833,ABCC8,HGNC:59,Uncertain significance,0,"Aug 01, 2017",1554906389,-,RCV000664137|RCV002246127|RCV002246126,"MONDO:MONDO:0015967,MedGen:C3888631,Orphanet:183625|Human Phenotype Ontology:HP:0008255,MONDO:MONDO:0020525,MedGen:C0342273|Human Phenotype Ontology:HP:0004904,MONDO:MONDO:0018911,MedGen:C0342276,OMIM:PS125850,Orphanet:552",Monogenic diabetes|Transitory neonatal diabetes mellitus|Maturity-onset diabetes of the young,somatic;unknown,somatic,GRCh38,NC_000011.10,11,17397734,17397734,na,na,11p15.1,"criteria provided, multiple submitters, no conflicts",2,-,N,ClinGen:CA379793341,2,549540,17397734,T,A,-,-,-,-,-,-,SCV000787589|SCV002513764|SCV002513765,-,-
545817,Deletion,NM_000525.4(KCNJ11):c.841_843del (p.Leu281del),3767,KCNJ11,HGNC:6257,Uncertain significance,0,-,1554901658,-,RCV002226732|RCV005430709,"Human Phenotype Ontology:HP:0004904,MONDO:MONDO:0018911,MedGen:C0342276,OMIM:PS125850,Orphanet:552|MONDO:MONDO:0012522,MedGen:C1864623,OMIM:610582,Orphanet:99886;MONDO:MONDO:0011153,MedGen:C2931833,OMIM:601820,Orphanet:276580,Orphanet:276603;MONDO:MONDO:0100165,MedGen:C5393570,OMIM:606176","Maturity-onset diabetes of the young|Diabetes mellitus, transient neonatal, 3;Hyperinsulinemic hypoglycemia, familial, 2;Permanent neonatal diabetes mellitus 1",somatic;unknown,somatic,GRCh37,NC_000011.9,11,17408796,17408798,na,na,11p15.1,"criteria provided, single submitter",2,-,N,ClinGen:CA658822452,2,555827,17408795,CGAG,C,-,-,-,-,-,-,SCV002505443,-,-
545817,Deletion,NM_000525.4(KCNJ11):c.841_843del (p.Leu281del),3767,KCNJ11,HGNC:6257,Uncertain significance,0,-,1554901658,-,RCV002226732|RCV005430709,"Human Phenotype Ontology:HP:0004904,MONDO:MONDO:0018911,MedGen:C0342276,OMIM:PS125850,Orphanet:552|MONDO:MONDO:0012522,MedGen:C1864623,OMIM:610582,Orphanet:99886;MONDO:MONDO:0011153,MedGen:C2931833,OMIM:601820,Orphanet:276580,Orphanet:276603;MONDO:MONDO:0100165,MedGen:C5393570,OMIM:606176","Maturity-onset diabetes of the young|Diabetes mellitus, transient neonatal, 3;Hyperinsulinemic hypoglycemia, familial, 2;Permanent neonatal diabetes mellitus 1",somatic;unknown,somatic,GRCh38,NC_000011.10,11,17387249,17387251,na,na,11p15.1,"criteria provided, single submitter",2,-,N,ClinGen:CA658822452,2,555827,17387248,CGAG,C,-,-,-,-,-,-,SCV002505443,-,-
545820,single nucleotide variant,NM_000525.4(KCNJ11):c.407G>A (p.Arg136His),3767,KCNJ11,HGNC:6257,Conflicting classifications of pathogenicity,1,"Jul 10, 2025",1479483693,-,RCV002227205|RCV002532161|RCV004568565|RCV005046909|RCV005430804|RCV005901508,"Human Phenotype Ontology:HP:0004904,MONDO:MONDO:0018911,MedGen:C0342276,OMIM:PS125850,Orphanet:552|MedGen:C3661900|Human Phenotype Ontology:HP:0005965,Human Phenotype Ontology:HP:0005978,Human Phenotype Ontology:HP:0100652,MONDO:MONDO:0005148,MeSH:D003924,MedGen:C0011860,OMIM:125853|Human Phenotype Ontology:HP:0005965,Human Phenotype Ontology:HP:0005978,Human Phenotype Ontology:HP:0100652,MONDO:MONDO:0005148,MeSH:D003924,MedGen:C0011860,OMIM:125853;MONDO:MONDO:0030087,MedGen:C5394296,OMIM:618856;MONDO:MONDO:0014589,MedGen:C4225365,OMIM:616329,Orphanet:552;MONDO:MONDO:0011153,MedGen:C2931833,OMIM:601820,Orphanet:276580,Orphanet:276603;MONDO:MONDO:0012522,MedGen:C1864623,OMIM:610582,Orphanet:99886|MONDO:MONDO:0100165,MedGen:C5393570,OMIM:606176;MONDO:MONDO:0011153,MedGen:C2931833,OMIM:601820,Orphanet:276580,Orphanet:276603;MONDO:MONDO:0012522,MedGen:C1864623,OMIM:610582,Orphanet:99886|MONDO:MONDO:0017182,MedGen:C3888018,Orphanet:276525","Maturity-onset diabetes of the young|not provided|Type 2 diabetes mellitus|Type 2 diabetes mellitus;Diabetes mellitus, permanent neonatal 2;Maturity-onset diabetes of the young type 13;Hyperinsulinemic hypoglycemia, familial, 2;Diabetes mellitus, transient neonatal, 3|Permanent neonatal diabetes mellitus 1;Hyperinsulinemic hypoglycemia, familial, 2;Diabetes mellitus, transient neonatal, 3|Familial hyperinsulinism",germline;somatic;unknown,germline/somatic,GRCh37,NC_000011.9,11,17409232,17409232,na,na,11p15.1,"criteria provided, conflicting classifications",7,-,N,ClinGen:CA379773972,2,558072,17409232,C,T,-,-,-,-,-,-,SCV002505937|SCV003440248|SCV003814020|SCV005059790|SCV005395797|SCV005676623,-,-
545820,single nucleotide variant,NM_000525.4(KCNJ11):c.407G>A (p.Arg136His),3767,KCNJ11,HGNC:6257,Conflicting classifications of pathogenicity,1,"Jul 10, 2025",1479483693,-,RCV002227205|RCV002532161|RCV004568565|RCV005046909|RCV005430804|RCV005901508,"Human Phenotype Ontology:HP:0004904,MONDO:MONDO:0018911,MedGen:C0342276,OMIM:PS125850,Orphanet:552|MedGen:C3661900|Human Phenotype Ontology:HP:0005965,Human Phenotype Ontology:HP:0005978,Human Phenotype Ontology:HP:0100652,MONDO:MONDO:0005148,MeSH:D003924,MedGen:C0011860,OMIM:125853|Human Phenotype Ontology:HP:0005965,Human Phenotype Ontology:HP:0005978,Human Phenotype Ontology:HP:0100652,MONDO:MONDO:0005148,MeSH:D003924,MedGen:C0011860,OMIM:125853;MONDO:MONDO:0030087,MedGen:C5394296,OMIM:618856;MONDO:MONDO:0014589,MedGen:C4225365,OMIM:616329,Orphanet:552;MONDO:MONDO:0011153,MedGen:C2931833,OMIM:601820,Orphanet:276580,Orphanet:276603;MONDO:MONDO:0012522,MedGen:C1864623,OMIM:610582,Orphanet:99886|MONDO:MONDO:0100165,MedGen:C5393570,OMIM:606176;MONDO:MONDO:0011153,MedGen:C2931833,OMIM:601820,Orphanet:276580,Orphanet:276603;MONDO:MONDO:0012522,MedGen:C1864623,OMIM:610582,Orphanet:99886|MONDO:MONDO:0017182,MedGen:C3888018,Orphanet:276525","Maturity-onset diabetes of the young|not provided|Type 2 diabetes mellitus|Type 2 diabetes mellitus;Diabetes mellitus, permanent neonatal 2;Maturity-onset diabetes of the young type 13;Hyperinsulinemic hypoglycemia, familial, 2;Diabetes mellitus, transient neonatal, 3|Permanent neonatal diabetes mellitus 1;Hyperinsulinemic hypoglycemia, familial, 2;Diabetes mellitus, transient neonatal, 3|Familial hyperinsulinism",germline;somatic;unknown,germline/somatic,GRCh38,NC_000011.10,11,17387685,17387685,na,na,11p15.1,"criteria provided, conflicting classifications",7,-,N,ClinGen:CA379773972,2,558072,17387685,C,T,-,-,-,-,-,-,SCV002505937|SCV003440248|SCV003814020|SCV005059790|SCV005395797|SCV005676623,-,-
545824,Duplication,NM_000525.4(KCNJ11):c.290dup (p.His97fs),3767,KCNJ11,HGNC:6257,Uncertain significance,1,-,1554901854,-,RCV002226735|RCV005430779,"Human Phenotype Ontology:HP:0004904,MONDO:MONDO:0018911,MedGen:C0342276,OMIM:PS125850,Orphanet:552|MONDO:MONDO:0012522,MedGen:C1864623,OMIM:610582,Orphanet:99886;MONDO:MONDO:0011153,MedGen:C2931833,OMIM:601820,Orphanet:276580,Orphanet:276603;MONDO:MONDO:0100165,MedGen:C5393570,OMIM:606176","Maturity-onset diabetes of the young|Diabetes mellitus, transient neonatal, 3;Hyperinsulinemic hypoglycemia, familial, 2;Permanent neonatal diabetes mellitus 1",somatic;unknown,somatic,GRCh37,NC_000011.9,11,17409348,17409349,na,na,11p15.1,"criteria provided, single submitter",2,-,N,ClinGen:CA658822456,2,557649,17409348,G,GT,-,-,-,-,-,-,SCV002505449,-,-
545824,Duplication,NM_000525.4(KCNJ11):c.290dup (p.His97fs),3767,KCNJ11,HGNC:6257,Uncertain significance,1,-,1554901854,-,RCV002226735|RCV005430779,"Human Phenotype Ontology:HP:0004904,MONDO:MONDO:0018911,MedGen:C0342276,OMIM:PS125850,Orphanet:552|MONDO:MONDO:0012522,MedGen:C1864623,OMIM:610582,Orphanet:99886;MONDO:MONDO:0011153,MedGen:C2931833,OMIM:601820,Orphanet:276580,Orphanet:276603;MONDO:MONDO:0100165,MedGen:C5393570,OMIM:606176","Maturity-onset diabetes of the young|Diabetes mellitus, transient neonatal, 3;Hyperinsulinemic hypoglycemia, familial, 2;Permanent neonatal diabetes mellitus 1",somatic;unknown,somatic,GRCh38,NC_000011.10,11,17387801,17387802,na,na,11p15.1,"criteria provided, single submitter",2,-,N,ClinGen:CA658822456,2,557649,17387801,G,GT,-,-,-,-,-,-,SCV002505449,-,-
545826,single nucleotide variant,NM_000525.4(KCNJ11):c.264G>T (p.Met88Ile),3767,KCNJ11,HGNC:6257,Uncertain significance,0,-,1554901866,-,RCV002226728|RCV005430626,"Human Phenotype Ontology:HP:0004904,MONDO:MONDO:0018911,MedGen:C0342276,OMIM:PS125850,Orphanet:552|MONDO:MONDO:0012522,MedGen:C1864623,OMIM:610582,Orphanet:99886;MONDO:MONDO:0011153,MedGen:C2931833,OMIM:601820,Orphanet:276580,Orphanet:276603;MONDO:MONDO:0100165,MedGen:C5393570,OMIM:606176","Maturity-onset diabetes of the young|Diabetes mellitus, transient neonatal, 3;Hyperinsulinemic hypoglycemia, familial, 2;Permanent neonatal diabetes mellitus 1",somatic;unknown,somatic,GRCh37,NC_000011.9,11,17409375,17409375,na,na,11p15.1,"criteria provided, single submitter",2,-,N,ClinGen:CA379774980,2,553835,17409375,C,A,-,-,-,-,-,-,SCV002505442,-,-
545826,single nucleotide variant,NM_000525.4(KCNJ11):c.264G>T (p.Met88Ile),3767,KCNJ11,HGNC:6257,Uncertain significance,0,-,1554901866,-,RCV002226728|RCV005430626,"Human Phenotype Ontology:HP:0004904,MONDO:MONDO:0018911,MedGen:C0342276,OMIM:PS125850,Orphanet:552|MONDO:MONDO:0012522,MedGen:C1864623,OMIM:610582,Orphanet:99886;MONDO:MONDO:0011153,MedGen:C2931833,OMIM:601820,Orphanet:276580,Orphanet:276603;MONDO:MONDO:0100165,MedGen:C5393570,OMIM:606176","Maturity-onset diabetes of the young|Diabetes mellitus, transient neonatal, 3;Hyperinsulinemic hypoglycemia, familial, 2;Permanent neonatal diabetes mellitus 1",somatic;unknown,somatic,GRCh38,NC_000011.10,11,17387828,17387828,na,na,11p15.1,"criteria provided, single submitter",2,-,N,ClinGen:CA379774980,2,553835,17387828,C,A,-,-,-,-,-,-,SCV002505442,-,-
545832,single nucleotide variant,NM_000525.4(KCNJ11):c.119G>A (p.Gly40Asp),3767,KCNJ11,HGNC:6257,Conflicting classifications of pathogenicity,1,"Nov 15, 2025",1001873841,-,RCV002227198|RCV004527725|RCV003558487|RCV005046860|RCV004586857|RCV005430435,"Human Phenotype Ontology:HP:0004904,MONDO:MONDO:0018911,MedGen:C0342276,OMIM:PS125850,Orphanet:552||MedGen:C3661900|Human Phenotype Ontology:HP:0005965,Human Phenotype Ontology:HP:0005978,Human Phenotype Ontology:HP:0100652,MONDO:MONDO:0005148,MeSH:D003924,MedGen:C0011860,OMIM:125853;MONDO:MONDO:0030087,MedGen:C5394296,OMIM:618856;MONDO:MONDO:0014589,MedGen:C4225365,OMIM:616329,Orphanet:552;MONDO:MONDO:0011153,MedGen:C2931833,OMIM:601820,Orphanet:276580,Orphanet:276603;MONDO:MONDO:0012522,MedGen:C1864623,OMIM:610582,Orphanet:99886|MONDO:MONDO:0017182,MedGen:C3888018,Orphanet:276525|MONDO:MONDO:0100165,MedGen:C5393570,OMIM:606176;MONDO:MONDO:0011153,MedGen:C2931833,OMIM:601820,Orphanet:276580,Orphanet:276603;MONDO:MONDO:0012522,MedGen:C1864623,OMIM:610582,Orphanet:99886","Maturity-onset diabetes of the young|KCNJ11-related disorder|not provided|Type 2 diabetes mellitus;Diabetes mellitus, permanent neonatal 2;Maturity-onset diabetes of the young type 13;Hyperinsulinemic hypoglycemia, familial, 2;Diabetes mellitus, transient neonatal, 3|Familial hyperinsulinism|Permanent neonatal diabetes mellitus 1;Hyperinsulinemic hypoglycemia, familial, 2;Diabetes mellitus, transient neonatal, 3",germline;somatic;unknown,germline/somatic,GRCh37,NC_000011.9,11,17409520,17409520,na,na,11p15.1,"criteria provided, conflicting classifications",6,-,N,ClinGen:CA218400149,2,551373,17409520,C,T,-,-,-,-,-,-,SCV002505959|SCV004103864|SCV004295368|SCV005076283|SCV005676633,-,-
545832,single nucleotide variant,NM_000525.4(KCNJ11):c.119G>A (p.Gly40Asp),3767,KCNJ11,HGNC:6257,Conflicting classifications of pathogenicity,1,"Nov 15, 2025",1001873841,-,RCV002227198|RCV004527725|RCV003558487|RCV005046860|RCV004586857|RCV005430435,"Human Phenotype Ontology:HP:0004904,MONDO:MONDO:0018911,MedGen:C0342276,OMIM:PS125850,Orphanet:552||MedGen:C3661900|Human Phenotype Ontology:HP:0005965,Human Phenotype Ontology:HP:0005978,Human Phenotype Ontology:HP:0100652,MONDO:MONDO:0005148,MeSH:D003924,MedGen:C0011860,OMIM:125853;MONDO:MONDO:0030087,MedGen:C5394296,OMIM:618856;MONDO:MONDO:0014589,MedGen:C4225365,OMIM:616329,Orphanet:552;MONDO:MONDO:0011153,MedGen:C2931833,OMIM:601820,Orphanet:276580,Orphanet:276603;MONDO:MONDO:0012522,MedGen:C1864623,OMIM:610582,Orphanet:99886|MONDO:MONDO:0017182,MedGen:C3888018,Orphanet:276525|MONDO:MONDO:0100165,MedGen:C5393570,OMIM:606176;MONDO:MONDO:0011153,MedGen:C2931833,OMIM:601820,Orphanet:276580,Orphanet:276603;MONDO:MONDO:0012522,MedGen:C1864623,OMIM:610582,Orphanet:99886","Maturity-onset diabetes of the young|KCNJ11-related disorder|not provided|Type 2 diabetes mellitus;Diabetes mellitus, permanent neonatal 2;Maturity-onset diabetes of the young type 13;Hyperinsulinemic hypoglycemia, familial, 2;Diabetes mellitus, transient neonatal, 3|Familial hyperinsulinism|Permanent neonatal diabetes mellitus 1;Hyperinsulinemic hypoglycemia, familial, 2;Diabetes mellitus, transient neonatal, 3",germline;somatic;unknown,germline/somatic,GRCh38,NC_000011.10,11,17387973,17387973,na,na,11p15.1,"criteria provided, conflicting classifications",6,-,N,ClinGen:CA218400149,2,551373,17387973,C,T,-,-,-,-,-,-,SCV002505959|SCV004103864|SCV004295368|SCV005076283|SCV005676633,-,-
545841,single nucleotide variant,NM_000525.4(KCNJ11):c.100C>T (p.Arg34Cys),3767,KCNJ11,HGNC:6257,Pathogenic/Likely pathogenic,1,"Jun 26, 2025",954727530,-,RCV001855597|RCV002225111|RCV003459641|RCV005430771|RCV005431867,"MedGen:C3661900|MONDO:MONDO:0015967,MedGen:C3888631,Orphanet:183625|Human Phenotype Ontology:HP:0005965,Human Phenotype Ontology:HP:0005978,Human Phenotype Ontology:HP:0100652,MONDO:MONDO:0005148,MeSH:D003924,MedGen:C0011860,OMIM:125853|MONDO:MONDO:0100165,MedGen:C5393570,OMIM:606176;MONDO:MONDO:0011153,MedGen:C2931833,OMIM:601820,Orphanet:276580,Orphanet:276603;MONDO:MONDO:0012522,MedGen:C1864623,OMIM:610582,Orphanet:99886|MONDO:MONDO:0017182,MedGen:C3888018,Orphanet:276525","not provided|Monogenic diabetes|Type 2 diabetes mellitus|Permanent neonatal diabetes mellitus 1;Hyperinsulinemic hypoglycemia, familial, 2;Diabetes mellitus, transient neonatal, 3|Familial hyperinsulinism",germline;unknown,germline,GRCh37,NC_000011.9,11,17409539,17409539,na,na,11p15.1,"criteria provided, multiple submitters, no conflicts",6,-,N,ClinGen:CA218400169,2,557416,17409539,G,A,-,-,-,-,-,-,SCV002265480|SCV002503870|SCV004198070|SCV004229760|SCV006102675,-,-
545841,single nucleotide variant,NM_000525.4(KCNJ11):c.100C>T (p.Arg34Cys),3767,KCNJ11,HGNC:6257,Pathogenic/Likely pathogenic,1,"Jun 26, 2025",954727530,-,RCV001855597|RCV002225111|RCV003459641|RCV005430771|RCV005431867,"MedGen:C3661900|MONDO:MONDO:0015967,MedGen:C3888631,Orphanet:183625|Human Phenotype Ontology:HP:0005965,Human Phenotype Ontology:HP:0005978,Human Phenotype Ontology:HP:0100652,MONDO:MONDO:0005148,MeSH:D003924,MedGen:C0011860,OMIM:125853|MONDO:MONDO:0100165,MedGen:C5393570,OMIM:606176;MONDO:MONDO:0011153,MedGen:C2931833,OMIM:601820,Orphanet:276580,Orphanet:276603;MONDO:MONDO:0012522,MedGen:C1864623,OMIM:610582,Orphanet:99886|MONDO:MONDO:0017182,MedGen:C3888018,Orphanet:276525","not provided|Monogenic diabetes|Type 2 diabetes mellitus|Permanent neonatal diabetes mellitus 1;Hyperinsulinemic hypoglycemia, familial, 2;Diabetes mellitus, transient neonatal, 3|Familial hyperinsulinism",germline;unknown,germline,GRCh38,NC_000011.10,11,17387992,17387992,na,na,11p15.1,"criteria provided, multiple submitters, no conflicts",6,-,N,ClinGen:CA218400169,2,557416,17387992,G,A,-,-,-,-,-,-,SCV002265480|SCV002503870|SCV004198070|SCV004229760|SCV006102675,-,-
545843,Deletion,NM_000352.6(ABCC8):c.4456_4461del (p.Arg1486_Gln1487del),6833,ABCC8,HGNC:59,Uncertain significance,0,-,1554904088,-,RCV000666558|RCV002245549|RCV002245548,"MONDO:MONDO:0009734,MedGen:C2931832,OMIM:256450,Orphanet:276575,Orphanet:276598|Human Phenotype Ontology:HP:0008255,MONDO:MONDO:0020525,MedGen:C0342273|Human Phenotype Ontology:HP:0004904,MONDO:MONDO:0018911,MedGen:C0342276,OMIM:PS125850,Orphanet:552","Hyperinsulinemic hypoglycemia, familial, 1|Transitory neonatal diabetes mellitus|Maturity-onset diabetes of the young",somatic;unknown,somatic,GRCh37,NC_000011.9,11,17415897,17415902,na,na,11p15.1,"criteria provided, single submitter",2,-,N,ClinGen:CA658822166,2,551485,17415896,GCTGCCT,G,-,-,-,-,-,-,SCV002513294|SCV002513295,-,-
545843,Deletion,NM_000352.6(ABCC8):c.4456_4461del (p.Arg1486_Gln1487del),6833,ABCC8,HGNC:59,Uncertain significance,0,-,1554904088,-,RCV000666558|RCV002245549|RCV002245548,"MONDO:MONDO:0009734,MedGen:C2931832,OMIM:256450,Orphanet:276575,Orphanet:276598|Human Phenotype Ontology:HP:0008255,MONDO:MONDO:0020525,MedGen:C0342273|Human Phenotype Ontology:HP:0004904,MONDO:MONDO:0018911,MedGen:C0342276,OMIM:PS125850,Orphanet:552","Hyperinsulinemic hypoglycemia, familial, 1|Transitory neonatal diabetes mellitus|Maturity-onset diabetes of the young",somatic;unknown,somatic,GRCh38,NC_000011.10,11,17394350,17394355,na,na,11p15.1,"criteria provided, single submitter",2,-,N,ClinGen:CA658822166,2,551485,17394349,GCTGCCT,G,-,-,-,-,-,-,SCV002513294|SCV002513295,-,-
545852,single nucleotide variant,NM_000352.6(ABCC8):c.4446C>A (p.Ser1482Arg),6833,ABCC8,HGNC:59,Conflicting classifications of pathogenicity,1,"Nov 25, 2025",1554904107,-,RCV000666196|RCV002245083|RCV002245084|RCV003151131|RCV005901448,"MONDO:MONDO:0009734,MedGen:C2931832,OMIM:256450,Orphanet:276575,Orphanet:276598|Human Phenotype Ontology:HP:0004904,MONDO:MONDO:0018911,MedGen:C0342276,OMIM:PS125850,Orphanet:552|Human Phenotype Ontology:HP:0008255,MONDO:MONDO:0020525,MedGen:C0342273|MedGen:C3661900|MedGen:CN169374","Hyperinsulinemic hypoglycemia, familial, 1|Maturity-onset diabetes of the young|Transitory neonatal diabetes mellitus|not provided|not specified",germline;somatic;unknown,germline/somatic,GRCh37,NC_000011.9,11,17415912,17415912,na,na,11p15.1,"criteria provided, conflicting classifications",5,-,N,ClinGen:CA379783518,2,551204,17415912,G,T,-,-,-,-,-,-,SCV002513302|SCV002513303|SCV004295370|SCV007094744,-,-
545852,single nucleotide variant,NM_000352.6(ABCC8):c.4446C>A (p.Ser1482Arg),6833,ABCC8,HGNC:59,Conflicting classifications of pathogenicity,1,"Nov 25, 2025",1554904107,-,RCV000666196|RCV002245083|RCV002245084|RCV003151131|RCV005901448,"MONDO:MONDO:0009734,MedGen:C2931832,OMIM:256450,Orphanet:276575,Orphanet:276598|Human Phenotype Ontology:HP:0004904,MONDO:MONDO:0018911,MedGen:C0342276,OMIM:PS125850,Orphanet:552|Human Phenotype Ontology:HP:0008255,MONDO:MONDO:0020525,MedGen:C0342273|MedGen:C3661900|MedGen:CN169374","Hyperinsulinemic hypoglycemia, familial, 1|Maturity-onset diabetes of the young|Transitory neonatal diabetes mellitus|not provided|not specified",germline;somatic;unknown,germline/somatic,GRCh38,NC_000011.10,11,17394365,17394365,na,na,11p15.1,"criteria provided, conflicting classifications",5,-,N,ClinGen:CA379783518,2,551204,17394365,G,T,-,-,-,-,-,-,SCV002513302|SCV002513303|SCV004295370|SCV007094744,-,-
545855,single nucleotide variant,NM_000352.6(ABCC8):c.4412-2A>G,6833,ABCC8,HGNC:59,Uncertain significance,1,-,1554904136,-,RCV000673296|RCV002245573|RCV002245572,"MONDO:MONDO:0009734,MedGen:C2931832,OMIM:256450,Orphanet:276575,Orphanet:276598|Human Phenotype Ontology:HP:0008255,MONDO:MONDO:0020525,MedGen:C0342273|Human Phenotype Ontology:HP:0004904,MONDO:MONDO:0018911,MedGen:C0342276,OMIM:PS125850,Orphanet:552","Hyperinsulinemic hypoglycemia, familial, 1|Transitory neonatal diabetes mellitus|Maturity-onset diabetes of the young",somatic;unknown,somatic,GRCh37,NC_000011.9,11,17415948,17415948,na,na,11p15.1,"criteria provided, single submitter",2,-,N,ClinGen:CA379783869,2,557188,17415948,T,C,-,-,-,-,-,-,SCV002513306|SCV002513307,-,-
545855,single nucleotide variant,NM_000352.6(ABCC8):c.4412-2A>G,6833,ABCC8,HGNC:59,Uncertain significance,1,-,1554904136,-,RCV000673296|RCV002245573|RCV002245572,"MONDO:MONDO:0009734,MedGen:C2931832,OMIM:256450,Orphanet:276575,Orphanet:276598|Human Phenotype Ontology:HP:0008255,MONDO:MONDO:0020525,MedGen:C0342273|Human Phenotype Ontology:HP:0004904,MONDO:MONDO:0018911,MedGen:C0342276,OMIM:PS125850,Orphanet:552","Hyperinsulinemic hypoglycemia, familial, 1|Transitory neonatal diabetes mellitus|Maturity-onset diabetes of the young",somatic;unknown,somatic,GRCh38,NC_000011.10,11,17394401,17394401,na,na,11p15.1,"criteria provided, single submitter",2,-,N,ClinGen:CA379783869,2,557188,17394401,T,C,-,-,-,-,-,-,SCV002513306|SCV002513307,-,-
545859,single nucleotide variant,NM_000352.6(ABCC8):c.4349T>C (p.Leu1450Pro),6833,ABCC8,HGNC:59,Conflicting classifications of pathogenicity,1,"May 22, 2024",1554904565,-,RCV000670291|RCV002245559|RCV002245560|RCV005046886|RCV004689844,"MONDO:MONDO:0009734,MedGen:C2931832,OMIM:256450,Orphanet:276575,Orphanet:276598|Human Phenotype Ontology:HP:0004904,MONDO:MONDO:0018911,MedGen:C0342276,OMIM:PS125850,Orphanet:552|Human Phenotype Ontology:HP:0008255,MONDO:MONDO:0020525,MedGen:C0342273|MONDO:MONDO:0009415,MedGen:C0271714,OMIM:240800;Human Phenotype Ontology:HP:0005965,Human Phenotype Ontology:HP:0005978,Human Phenotype Ontology:HP:0100652,MONDO:MONDO:0005148,MeSH:D003924,MedGen:C0011860,OMIM:125853;MONDO:MONDO:0030088,MedGen:C5394303,OMIM:618857;MONDO:MONDO:0009734,MedGen:C2931832,OMIM:256450,Orphanet:276575,Orphanet:276598;MONDO:MONDO:0012480,MedGen:C1835887,OMIM:610374,Orphanet:99886|MedGen:CN169374","Hyperinsulinemic hypoglycemia, familial, 1|Maturity-onset diabetes of the young|Transitory neonatal diabetes mellitus|Leucine-induced hypoglycemia;Type 2 diabetes mellitus;Diabetes mellitus, permanent neonatal 3;Hyperinsulinemic hypoglycemia, familial, 1;Diabetes mellitus, transient neonatal, 2|not specified",germline;somatic;unknown,germline/somatic,GRCh37,NC_000011.9,11,17416781,17416781,na,na,11p15.1,"criteria provided, conflicting classifications",4,-,N,ClinGen:CA379785565,2,554619,17416781,A,G,-,-,-,-,-,-,SCV002513325|SCV002513326|SCV005184701|SCV005676660,-,-
545859,single nucleotide variant,NM_000352.6(ABCC8):c.4349T>C (p.Leu1450Pro),6833,ABCC8,HGNC:59,Conflicting classifications of pathogenicity,1,"May 22, 2024",1554904565,-,RCV000670291|RCV002245559|RCV002245560|RCV005046886|RCV004689844,"MONDO:MONDO:0009734,MedGen:C2931832,OMIM:256450,Orphanet:276575,Orphanet:276598|Human Phenotype Ontology:HP:0004904,MONDO:MONDO:0018911,MedGen:C0342276,OMIM:PS125850,Orphanet:552|Human Phenotype Ontology:HP:0008255,MONDO:MONDO:0020525,MedGen:C0342273|MONDO:MONDO:0009415,MedGen:C0271714,OMIM:240800;Human Phenotype Ontology:HP:0005965,Human Phenotype Ontology:HP:0005978,Human Phenotype Ontology:HP:0100652,MONDO:MONDO:0005148,MeSH:D003924,MedGen:C0011860,OMIM:125853;MONDO:MONDO:0030088,MedGen:C5394303,OMIM:618857;MONDO:MONDO:0009734,MedGen:C2931832,OMIM:256450,Orphanet:276575,Orphanet:276598;MONDO:MONDO:0012480,MedGen:C1835887,OMIM:610374,Orphanet:99886|MedGen:CN169374","Hyperinsulinemic hypoglycemia, familial, 1|Maturity-onset diabetes of the young|Transitory neonatal diabetes mellitus|Leucine-induced hypoglycemia;Type 2 diabetes mellitus;Diabetes mellitus, permanent neonatal 3;Hyperinsulinemic hypoglycemia, familial, 1;Diabetes mellitus, transient neonatal, 2|not specified",germline;somatic;unknown,germline/somatic,GRCh38,NC_000011.10,11,17395234,17395234,na,na,11p15.1,"criteria provided, conflicting classifications",4,-,N,ClinGen:CA379785565,2,554619,17395234,A,G,-,-,-,-,-,-,SCV002513325|SCV002513326|SCV005184701|SCV005676660,-,-
545860,single nucleotide variant,NM_000352.6(ABCC8):c.4096G>A (p.Ala1366Thr),6833,ABCC8,HGNC:59,Uncertain significance,0,"Mar 20, 2018",1554905695,-,RCV000673493,"MONDO:MONDO:0009734,MedGen:C2931832,OMIM:256450,Orphanet:276575,Orphanet:276598","Hyperinsulinemic hypoglycemia, familial, 1",unknown,unknown,GRCh37,NC_000011.9,11,17418486,17418486,na,na,11p15.1,no assertion criteria provided,1,-,N,ClinGen:CA379790329,2,557361,17418486,C,T,-,-,-,-,-,-,SCV000798701,-,-
545860,single nucleotide variant,NM_000352.6(ABCC8):c.4096G>A (p.Ala1366Thr),6833,ABCC8,HGNC:59,Uncertain significance,0,"Mar 20, 2018",1554905695,-,RCV000673493,"MONDO:MONDO:0009734,MedGen:C2931832,OMIM:256450,Orphanet:276575,Orphanet:276598","Hyperinsulinemic hypoglycemia, familial, 1",unknown,unknown,GRCh38,NC_000011.10,11,17396939,17396939,na,na,11p15.1,no assertion criteria provided,1,-,N,ClinGen:CA379790329,2,557361,17396939,C,T,-,-,-,-,-,-,SCV000798701,-,-
545867,single nucleotide variant,NM_000352.6(ABCC8):c.4008G>C (p.Lys1336Asn),6833,ABCC8,HGNC:59,Conflicting classifications of pathogenicity,1,"Jan 08, 2025",67767715,-,RCV000666053|RCV001104230|RCV001816668,"MONDO:MONDO:0009734,MedGen:C2931832,OMIM:256450,Orphanet:276575,Orphanet:276598|MONDO:MONDO:0100164,MedGen:C1833104,OMIM:PS606176,Orphanet:99885|MedGen:C3661900","Hyperinsulinemic hypoglycemia, familial, 1|Permanent neonatal diabetes mellitus|not provided",germline;unknown,germline,GRCh37,NC_000011.9,11,17418574,17418574,na,na,11p15.1,"criteria provided, conflicting classifications",4,-,N,ClinGen:CA5902598,2,551087,17418574,C,G,-,-,-,-,-,-,SCV001261080|SCV002072035|SCV005835804,-,-
545867,single nucleotide variant,NM_000352.6(ABCC8):c.4008G>C (p.Lys1336Asn),6833,ABCC8,HGNC:59,Conflicting classifications of pathogenicity,1,"Jan 08, 2025",67767715,-,RCV000666053|RCV001104230|RCV001816668,"MONDO:MONDO:0009734,MedGen:C2931832,OMIM:256450,Orphanet:276575,Orphanet:276598|MONDO:MONDO:0100164,MedGen:C1833104,OMIM:PS606176,Orphanet:99885|MedGen:C3661900","Hyperinsulinemic hypoglycemia, familial, 1|Permanent neonatal diabetes mellitus|not provided",germline;unknown,germline,GRCh38,NC_000011.10,11,17397027,17397027,na,na,11p15.1,"criteria provided, conflicting classifications",4,-,N,ClinGen:CA5902598,2,551087,17397027,C,G,-,-,-,-,-,-,SCV001261080|SCV002072035|SCV005835804,-,-
545874,single nucleotide variant,NM_000352.6(ABCC8):c.3989-3C>G,6833,ABCC8,HGNC:59,Conflicting classifications of pathogenicity,1,"Feb 04, 2024",1324242791,-,RCV000668524|RCV002245552|RCV002245551|RCV004719929,"MONDO:MONDO:0009734,MedGen:C2931832,OMIM:256450,Orphanet:276575,Orphanet:276598|Human Phenotype Ontology:HP:0008255,MONDO:MONDO:0020525,MedGen:C0342273|Human Phenotype Ontology:HP:0004904,MONDO:MONDO:0018911,MedGen:C0342276,OMIM:PS125850,Orphanet:552|MedGen:C3661900","Hyperinsulinemic hypoglycemia, familial, 1|Transitory neonatal diabetes mellitus|Maturity-onset diabetes of the young|not provided",germline;somatic;unknown,germline/somatic,GRCh37,NC_000011.9,11,17418596,17418596,na,na,11p15.1,"criteria provided, conflicting classifications",4,-,N,ClinGen:CA658822171,2,553140,17418596,G,C,-,-,-,-,-,-,SCV002513515|SCV002513516|SCV005325035|SCV005835830,-,-
545874,single nucleotide variant,NM_000352.6(ABCC8):c.3989-3C>G,6833,ABCC8,HGNC:59,Conflicting classifications of pathogenicity,1,"Feb 04, 2024",1324242791,-,RCV000668524|RCV002245552|RCV002245551|RCV004719929,"MONDO:MONDO:0009734,MedGen:C2931832,OMIM:256450,Orphanet:276575,Orphanet:276598|Human Phenotype Ontology:HP:0008255,MONDO:MONDO:0020525,MedGen:C0342273|Human Phenotype Ontology:HP:0004904,MONDO:MONDO:0018911,MedGen:C0342276,OMIM:PS125850,Orphanet:552|MedGen:C3661900","Hyperinsulinemic hypoglycemia, familial, 1|Transitory neonatal diabetes mellitus|Maturity-onset diabetes of the young|not provided",germline;somatic;unknown,germline/somatic,GRCh38,NC_000011.10,11,17397049,17397049,na,na,11p15.1,"criteria provided, conflicting classifications",4,-,N,ClinGen:CA658822171,2,553140,17397049,G,C,-,-,-,-,-,-,SCV002513515|SCV002513516|SCV005325035|SCV005835830,-,-
545879,single nucleotide variant,NM_000352.6(ABCC8):c.3938G>A (p.Arg1313His),6833,ABCC8,HGNC:59,Uncertain significance,0,"Oct 09, 2025",372153432,-,RCV000670689|RCV002507172|RCV003479196|RCV006463849,"MONDO:MONDO:0009734,MedGen:C2931832,OMIM:256450,Orphanet:276575,Orphanet:276598|MONDO:MONDO:0009415,MedGen:C0271714,OMIM:240800;Human Phenotype Ontology:HP:0005965,Human Phenotype Ontology:HP:0005978,Human Phenotype Ontology:HP:0100652,MONDO:MONDO:0005148,MeSH:D003924,MedGen:C0011860,OMIM:125853;MONDO:MONDO:0030088,MedGen:C5394303,OMIM:618857;MONDO:MONDO:0009734,MedGen:C2931832,OMIM:256450,Orphanet:276575,Orphanet:276598;MONDO:MONDO:0012480,MedGen:C1835887,OMIM:610374,Orphanet:99886|MedGen:CN169374|MedGen:C3661900","Hyperinsulinemic hypoglycemia, familial, 1|Leucine-induced hypoglycemia;Type 2 diabetes mellitus;Diabetes mellitus, permanent neonatal 3;Hyperinsulinemic hypoglycemia, familial, 1;Diabetes mellitus, transient neonatal, 2|not specified|not provided",germline;unknown,germline,GRCh37,NC_000011.9,11,17418790,17418790,na,na,11p15.1,"criteria provided, multiple submitters, no conflicts",4,-,N,ClinGen:CA5902643,2,554962,17418790,C,T,-,-,-,-,-,-,SCV002815654|SCV004223424|SCV007374305,-,-
545879,single nucleotide variant,NM_000352.6(ABCC8):c.3938G>A (p.Arg1313His),6833,ABCC8,HGNC:59,Uncertain significance,0,"Oct 09, 2025",372153432,-,RCV000670689|RCV002507172|RCV003479196|RCV006463849,"MONDO:MONDO:0009734,MedGen:C2931832,OMIM:256450,Orphanet:276575,Orphanet:276598|MONDO:MONDO:0009415,MedGen:C0271714,OMIM:240800;Human Phenotype Ontology:HP:0005965,Human Phenotype Ontology:HP:0005978,Human Phenotype Ontology:HP:0100652,MONDO:MONDO:0005148,MeSH:D003924,MedGen:C0011860,OMIM:125853;MONDO:MONDO:0030088,MedGen:C5394303,OMIM:618857;MONDO:MONDO:0009734,MedGen:C2931832,OMIM:256450,Orphanet:276575,Orphanet:276598;MONDO:MONDO:0012480,MedGen:C1835887,OMIM:610374,Orphanet:99886|MedGen:CN169374|MedGen:C3661900","Hyperinsulinemic hypoglycemia, familial, 1|Leucine-induced hypoglycemia;Type 2 diabetes mellitus;Diabetes mellitus, permanent neonatal 3;Hyperinsulinemic hypoglycemia, familial, 1;Diabetes mellitus, transient neonatal, 2|not specified|not provided",germline;unknown,germline,GRCh38,NC_000011.10,11,17397243,17397243,na,na,11p15.1,"criteria provided, multiple submitters, no conflicts",4,-,N,ClinGen:CA5902643,2,554962,17397243,C,T,-,-,-,-,-,-,SCV002815654|SCV004223424|SCV007374305,-,-
545886,single nucleotide variant,NM_000352.6(ABCC8):c.3788C>A (p.Ala1263Glu),6833,ABCC8,HGNC:59,Uncertain significance,0,"Nov 24, 2021",772094360,-,RCV000665543|RCV002530658,"MONDO:MONDO:0009734,MedGen:C2931832,OMIM:256450,Orphanet:276575,Orphanet:276598|MeSH:D030342,MedGen:C0950123","Hyperinsulinemic hypoglycemia, familial, 1|Inborn genetic diseases",germline;unknown,germline,GRCh37,NC_000011.9,11,17419310,17419310,na,na,11p15.1,"criteria provided, single submitter",2,-,N,ClinGen:CA218410589,2,550721,17419310,G,T,-,-,-,-,-,-,SCV003579183,-,-
545886,single nucleotide variant,NM_000352.6(ABCC8):c.3788C>A (p.Ala1263Glu),6833,ABCC8,HGNC:59,Uncertain significance,0,"Nov 24, 2021",772094360,-,RCV000665543|RCV002530658,"MONDO:MONDO:0009734,MedGen:C2931832,OMIM:256450,Orphanet:276575,Orphanet:276598|MeSH:D030342,MedGen:C0950123","Hyperinsulinemic hypoglycemia, familial, 1|Inborn genetic diseases",germline;unknown,germline,GRCh38,NC_000011.10,11,17397763,17397763,na,na,11p15.1,"criteria provided, single submitter",2,-,N,ClinGen:CA218410589,2,550721,17397763,G,T,-,-,-,-,-,-,SCV003579183,-,-
545888,single nucleotide variant,NM_000352.6(ABCC8):c.3557+1G>A,6833,ABCC8,HGNC:59,Pathogenic/Likely pathogenic,1,"May 30, 2024",1554910610,-,RCV000671355|RCV002531279,"MONDO:MONDO:0009734,MedGen:C2931832,OMIM:256450,Orphanet:276575,Orphanet:276598|MedGen:C3661900","Hyperinsulinemic hypoglycemia, familial, 1|not provided",germline;unknown,germline,GRCh37,NC_000011.9,11,17426058,17426058,na,na,11p15.1,"criteria provided, multiple submitters, no conflicts",3,-,N,ClinGen:CA379797270,2,555518,17426058,C,T,-,-,-,-,-,-,SCV002961413|SCV005685220,-,-
545888,single nucleotide variant,NM_000352.6(ABCC8):c.3557+1G>A,6833,ABCC8,HGNC:59,Pathogenic/Likely pathogenic,1,"May 30, 2024",1554910610,-,RCV000671355|RCV002531279,"MONDO:MONDO:0009734,MedGen:C2931832,OMIM:256450,Orphanet:276575,Orphanet:276598|MedGen:C3661900","Hyperinsulinemic hypoglycemia, familial, 1|not provided",germline;unknown,germline,GRCh38,NC_000011.10,11,17404511,17404511,na,na,11p15.1,"criteria provided, multiple submitters, no conflicts",3,-,N,ClinGen:CA379797270,2,555518,17404511,C,T,-,-,-,-,-,-,SCV002961413|SCV005685220,-,-
545899,single nucleotide variant,NM_000352.6(ABCC8):c.3088G>A (p.Asp1030Asn),6833,ABCC8,HGNC:59,Uncertain significance,0,"Jun 19, 2025",1225850029,-,RCV000664521|RCV001816665|RCV002251494|RCV002251493|RCV006463831,"MONDO:MONDO:0009734,MedGen:C2931832,OMIM:256450,Orphanet:276575,Orphanet:276598|MedGen:CN169374|Human Phenotype Ontology:HP:0008255,MONDO:MONDO:0020525,MedGen:C0342273|Human Phenotype Ontology:HP:0004904,MONDO:MONDO:0018911,MedGen:C0342276,OMIM:PS125850,Orphanet:552|MedGen:C3661900","Hyperinsulinemic hypoglycemia, familial, 1|not specified|Transitory neonatal diabetes mellitus|Maturity-onset diabetes of the young|not provided",germline;unknown,germline,GRCh37,NC_000011.9,11,17428509,17428509,na,na,11p15.1,"criteria provided, multiple submitters, no conflicts",4,-,N,ClinGen:CA379803434,2,549939,17428509,C,T,-,-,-,-,-,-,SCV002065923|SCV002521914|SCV002521915|SCV007374306,-,-
545899,single nucleotide variant,NM_000352.6(ABCC8):c.3088G>A (p.Asp1030Asn),6833,ABCC8,HGNC:59,Uncertain significance,0,"Jun 19, 2025",1225850029,-,RCV000664521|RCV001816665|RCV002251494|RCV002251493|RCV006463831,"MONDO:MONDO:0009734,MedGen:C2931832,OMIM:256450,Orphanet:276575,Orphanet:276598|MedGen:CN169374|Human Phenotype Ontology:HP:0008255,MONDO:MONDO:0020525,MedGen:C0342273|Human Phenotype Ontology:HP:0004904,MONDO:MONDO:0018911,MedGen:C0342276,OMIM:PS125850,Orphanet:552|MedGen:C3661900","Hyperinsulinemic hypoglycemia, familial, 1|not specified|Transitory neonatal diabetes mellitus|Maturity-onset diabetes of the young|not provided",germline;unknown,germline,GRCh38,NC_000011.10,11,17406962,17406962,na,na,11p15.1,"criteria provided, multiple submitters, no conflicts",4,-,N,ClinGen:CA379803434,2,549939,17406962,C,T,-,-,-,-,-,-,SCV002065923|SCV002521914|SCV002521915|SCV007374306,-,-
545907,single nucleotide variant,NM_000352.6(ABCC8):c.2694+4A>T,6833,ABCC8,HGNC:59,Uncertain significance,0,"Apr 28, 2017",1554914771,-,RCV000666772,"MONDO:MONDO:0009734,MedGen:C2931832,OMIM:256450,Orphanet:276575,Orphanet:276598","Hyperinsulinemic hypoglycemia, familial, 1",unknown,unknown,GRCh37,NC_000011.9,11,17432059,17432059,na,na,11p15.1,no assertion criteria provided,1,-,N,ClinGen:CA658822179,2,551652,17432059,T,A,-,-,-,-,-,-,SCV000791124,-,-
545907,single nucleotide variant,NM_000352.6(ABCC8):c.2694+4A>T,6833,ABCC8,HGNC:59,Uncertain significance,0,"Apr 28, 2017",1554914771,-,RCV000666772,"MONDO:MONDO:0009734,MedGen:C2931832,OMIM:256450,Orphanet:276575,Orphanet:276598","Hyperinsulinemic hypoglycemia, familial, 1",unknown,unknown,GRCh38,NC_000011.10,11,17410512,17410512,na,na,11p15.1,no assertion criteria provided,1,-,N,ClinGen:CA658822179,2,551652,17410512,T,A,-,-,-,-,-,-,SCV000791124,-,-
545908,Deletion,NM_000352.6(ABCC8):c.2256-16del,6833,ABCC8,HGNC:59,Conflicting classifications of pathogenicity,0,"Jan 16, 2026",774508952,-,RCV000665106|RCV002251496|RCV002251495|RCV003727795|RCV004768518,"MONDO:MONDO:0009734,MedGen:C2931832,OMIM:256450,Orphanet:276575,Orphanet:276598|Human Phenotype Ontology:HP:0008255,MONDO:MONDO:0020525,MedGen:C0342273|Human Phenotype Ontology:HP:0004904,MONDO:MONDO:0018911,MedGen:C0342276,OMIM:PS125850,Orphanet:552|MedGen:C3661900|MedGen:CN169374","Hyperinsulinemic hypoglycemia, familial, 1|Transitory neonatal diabetes mellitus|Maturity-onset diabetes of the young|not provided|not specified",germline;unknown,germline,GRCh37,NC_000011.9,11,17436902,17436902,na,na,11p15.1,"criteria provided, conflicting classifications",4,-,N,ClinGen:CA5903236,2,550376,17436901,GA,G,-,-,-,-,-,-,SCV002522229|SCV002522230|SCV004537566|SCV005380840,-,-
545908,Deletion,NM_000352.6(ABCC8):c.2256-16del,6833,ABCC8,HGNC:59,Conflicting classifications of pathogenicity,0,"Jan 16, 2026",774508952,-,RCV000665106|RCV002251496|RCV002251495|RCV003727795|RCV004768518,"MONDO:MONDO:0009734,MedGen:C2931832,OMIM:256450,Orphanet:276575,Orphanet:276598|Human Phenotype Ontology:HP:0008255,MONDO:MONDO:0020525,MedGen:C0342273|Human Phenotype Ontology:HP:0004904,MONDO:MONDO:0018911,MedGen:C0342276,OMIM:PS125850,Orphanet:552|MedGen:C3661900|MedGen:CN169374","Hyperinsulinemic hypoglycemia, familial, 1|Transitory neonatal diabetes mellitus|Maturity-onset diabetes of the young|not provided|not specified",germline;unknown,germline,GRCh38,NC_000011.10,11,17415355,17415355,na,na,11p15.1,"criteria provided, conflicting classifications",4,-,N,ClinGen:CA5903236,2,550376,17415354,GA,G,-,-,-,-,-,-,SCV002522229|SCV002522230|SCV004537566|SCV005380840,-,-
545922,single nucleotide variant,NM_000352.6(ABCC8):c.2222+15C>A,6833,ABCC8,HGNC:59,Conflicting classifications of pathogenicity,1,"Nov 19, 2025",377174421,-,RCV000674532|RCV002477510|RCV002531354,"MONDO:MONDO:0009734,MedGen:C2931832,OMIM:256450,Orphanet:276575,Orphanet:276598|MONDO:MONDO:0009415,MedGen:C0271714,OMIM:240800;Human Phenotype Ontology:HP:0005965,Human Phenotype Ontology:HP:0005978,Human Phenotype Ontology:HP:0100652,MONDO:MONDO:0005148,MeSH:D003924,MedGen:C0011860,OMIM:125853;MONDO:MONDO:0030088,MedGen:C5394303,OMIM:618857;MONDO:MONDO:0009734,MedGen:C2931832,OMIM:256450,Orphanet:276575,Orphanet:276598;MONDO:MONDO:0012480,MedGen:C1835887,OMIM:610374,Orphanet:99886|MedGen:C3661900","Hyperinsulinemic hypoglycemia, familial, 1|Leucine-induced hypoglycemia;Type 2 diabetes mellitus;Diabetes mellitus, permanent neonatal 3;Hyperinsulinemic hypoglycemia, familial, 1;Diabetes mellitus, transient neonatal, 2|not provided",germline;unknown,germline,GRCh37,NC_000011.9,11,17448581,17448581,na,na,11p15.1,"criteria provided, conflicting classifications",4,-,N,ClinGen:CA5903263,2,558288,17448581,G,T,-,-,-,-,-,-,SCV002787390|SCV003440274|SCV006079757,-,-
545922,single nucleotide variant,NM_000352.6(ABCC8):c.2222+15C>A,6833,ABCC8,HGNC:59,Conflicting classifications of pathogenicity,1,"Nov 19, 2025",377174421,-,RCV000674532|RCV002477510|RCV002531354,"MONDO:MONDO:0009734,MedGen:C2931832,OMIM:256450,Orphanet:276575,Orphanet:276598|MONDO:MONDO:0009415,MedGen:C0271714,OMIM:240800;Human Phenotype Ontology:HP:0005965,Human Phenotype Ontology:HP:0005978,Human Phenotype Ontology:HP:0100652,MONDO:MONDO:0005148,MeSH:D003924,MedGen:C0011860,OMIM:125853;MONDO:MONDO:0030088,MedGen:C5394303,OMIM:618857;MONDO:MONDO:0009734,MedGen:C2931832,OMIM:256450,Orphanet:276575,Orphanet:276598;MONDO:MONDO:0012480,MedGen:C1835887,OMIM:610374,Orphanet:99886|MedGen:C3661900","Hyperinsulinemic hypoglycemia, familial, 1|Leucine-induced hypoglycemia;Type 2 diabetes mellitus;Diabetes mellitus, permanent neonatal 3;Hyperinsulinemic hypoglycemia, familial, 1;Diabetes mellitus, transient neonatal, 2|not provided",germline;unknown,germline,GRCh38,NC_000011.10,11,17427034,17427034,na,na,11p15.1,"criteria provided, conflicting classifications",4,-,N,ClinGen:CA5903263,2,558288,17427034,G,T,-,-,-,-,-,-,SCV002787390|SCV003440274|SCV006079757,-,-
545924,Deletion,NM_000352.6(ABCC8):c.2202del (p.Ala736fs),6833,ABCC8,HGNC:59,Pathogenic/Likely pathogenic,1,"Jun 16, 2023",1554924035,-,RCV000671108|RCV001210846|RCV002267010|RCV003459621|RCV004556813,"MONDO:MONDO:0009734,MedGen:C2931832,OMIM:256450,Orphanet:276575,Orphanet:276598|MedGen:C3661900|Human Phenotype Ontology:HP:0004904,MONDO:MONDO:0018911,MedGen:C0342276,OMIM:PS125850,Orphanet:552|Human Phenotype Ontology:HP:0005965,Human Phenotype Ontology:HP:0005978,Human Phenotype Ontology:HP:0100652,MONDO:MONDO:0005148,MeSH:D003924,MedGen:C0011860,OMIM:125853|MONDO:MONDO:0016391,MedGen:C0158981,Orphanet:224","Hyperinsulinemic hypoglycemia, familial, 1|not provided|Maturity-onset diabetes of the young|Type 2 diabetes mellitus|Neonatal diabetes mellitus",germline;unknown,germline,GRCh37,NC_000011.9,11,17448616,17448616,na,na,11p15.1,"criteria provided, multiple submitters, no conflicts",6,-,N,ClinGen:CA658822182,2,555310,17448615,CT,C,-,-,-,-,-,-,SCV001361440|SCV001382354|SCV004170024|SCV004206704,-,-
545924,Deletion,NM_000352.6(ABCC8):c.2202del (p.Ala736fs),6833,ABCC8,HGNC:59,Pathogenic/Likely pathogenic,1,"Jun 16, 2023",1554924035,-,RCV000671108|RCV001210846|RCV002267010|RCV003459621|RCV004556813,"MONDO:MONDO:0009734,MedGen:C2931832,OMIM:256450,Orphanet:276575,Orphanet:276598|MedGen:C3661900|Human Phenotype Ontology:HP:0004904,MONDO:MONDO:0018911,MedGen:C0342276,OMIM:PS125850,Orphanet:552|Human Phenotype Ontology:HP:0005965,Human Phenotype Ontology:HP:0005978,Human Phenotype Ontology:HP:0100652,MONDO:MONDO:0005148,MeSH:D003924,MedGen:C0011860,OMIM:125853|MONDO:MONDO:0016391,MedGen:C0158981,Orphanet:224","Hyperinsulinemic hypoglycemia, familial, 1|not provided|Maturity-onset diabetes of the young|Type 2 diabetes mellitus|Neonatal diabetes mellitus",germline;unknown,germline,GRCh38,NC_000011.10,11,17427069,17427069,na,na,11p15.1,"criteria provided, multiple submitters, no conflicts",6,-,N,ClinGen:CA658822182,2,555310,17427068,CT,C,-,-,-,-,-,-,SCV001361440|SCV001382354|SCV004170024|SCV004206704,-,-
545926,single nucleotide variant,NM_000352.6(ABCC8):c.2041-1G>A,6833,ABCC8,HGNC:59,Uncertain significance,1,-,1554924630,-,RCV000667383|RCV002251502|RCV002251501,"MONDO:MONDO:0009734,MedGen:C2931832,OMIM:256450,Orphanet:276575,Orphanet:276598|Human Phenotype Ontology:HP:0008255,MONDO:MONDO:0020525,MedGen:C0342273|Human Phenotype Ontology:HP:0004904,MONDO:MONDO:0018911,MedGen:C0342276,OMIM:PS125850,Orphanet:552","Hyperinsulinemic hypoglycemia, familial, 1|Transitory neonatal diabetes mellitus|Maturity-onset diabetes of the young",unknown,unknown,GRCh37,NC_000011.9,11,17449490,17449490,na,na,11p15.1,"criteria provided, single submitter",2,-,N,ClinGen:CA379814989,2,552164,17449490,C,T,-,-,-,-,-,-,SCV002522281|SCV002522282,-,-
545926,single nucleotide variant,NM_000352.6(ABCC8):c.2041-1G>A,6833,ABCC8,HGNC:59,Uncertain significance,1,-,1554924630,-,RCV000667383|RCV002251502|RCV002251501,"MONDO:MONDO:0009734,MedGen:C2931832,OMIM:256450,Orphanet:276575,Orphanet:276598|Human Phenotype Ontology:HP:0008255,MONDO:MONDO:0020525,MedGen:C0342273|Human Phenotype Ontology:HP:0004904,MONDO:MONDO:0018911,MedGen:C0342276,OMIM:PS125850,Orphanet:552","Hyperinsulinemic hypoglycemia, familial, 1|Transitory neonatal diabetes mellitus|Maturity-onset diabetes of the young",unknown,unknown,GRCh38,NC_000011.10,11,17427943,17427943,na,na,11p15.1,"criteria provided, single submitter",2,-,N,ClinGen:CA379814989,2,552164,17427943,C,T,-,-,-,-,-,-,SCV002522281|SCV002522282,-,-
545932,Deletion,NM_000352.6(ABCC8):c.1585_1587del (p.Glu529del),6833,ABCC8,HGNC:59,Uncertain significance,0,-,1554933031,-,RCV000672132|RCV002267012|RCV002267011,"MONDO:MONDO:0009734,MedGen:C2931832,OMIM:256450,Orphanet:276575,Orphanet:276598|Human Phenotype Ontology:HP:0008255,MONDO:MONDO:0020525,MedGen:C0342273|Human Phenotype Ontology:HP:0004904,MONDO:MONDO:0018911,MedGen:C0342276,OMIM:PS125850,Orphanet:552","Hyperinsulinemic hypoglycemia, familial, 1|Transitory neonatal diabetes mellitus|Maturity-onset diabetes of the young",unknown,unknown,GRCh37,NC_000011.9,11,17464310,17464312,na,na,11p15.1,"criteria provided, single submitter",2,-,N,ClinGen:CA658821543,2,556168,17464309,TCTC,T,-,-,-,-,-,-,SCV002522387|SCV002522388,-,-
545932,Deletion,NM_000352.6(ABCC8):c.1585_1587del (p.Glu529del),6833,ABCC8,HGNC:59,Uncertain significance,0,-,1554933031,-,RCV000672132|RCV002267012|RCV002267011,"MONDO:MONDO:0009734,MedGen:C2931832,OMIM:256450,Orphanet:276575,Orphanet:276598|Human Phenotype Ontology:HP:0008255,MONDO:MONDO:0020525,MedGen:C0342273|Human Phenotype Ontology:HP:0004904,MONDO:MONDO:0018911,MedGen:C0342276,OMIM:PS125850,Orphanet:552","Hyperinsulinemic hypoglycemia, familial, 1|Transitory neonatal diabetes mellitus|Maturity-onset diabetes of the young",unknown,unknown,GRCh38,NC_000011.10,11,17442763,17442765,na,na,11p15.1,"criteria provided, single submitter",2,-,N,ClinGen:CA658821543,2,556168,17442762,TCTC,T,-,-,-,-,-,-,SCV002522387|SCV002522388,-,-
545934,single nucleotide variant,NM_000352.6(ABCC8):c.1501G>A (p.Glu501Lys),6833,ABCC8,HGNC:59,Pathogenic/Likely pathogenic,1,"Oct 26, 2024",372307320,-,RCV000674549|RCV001383752|RCV002509505|RCV003465538|RCV005046912,"MONDO:MONDO:0009734,MedGen:C2931832,OMIM:256450,Orphanet:276575,Orphanet:276598|MedGen:C3661900|MONDO:MONDO:0017182,MedGen:C3888018,Orphanet:276525|Human Phenotype Ontology:HP:0005965,Human Phenotype Ontology:HP:0005978,Human Phenotype Ontology:HP:0100652,MONDO:MONDO:0005148,MeSH:D003924,MedGen:C0011860,OMIM:125853|MONDO:MONDO:0009415,MedGen:C0271714,OMIM:240800;Human Phenotype Ontology:HP:0005965,Human Phenotype Ontology:HP:0005978,Human Phenotype Ontology:HP:0100652,MONDO:MONDO:0005148,MeSH:D003924,MedGen:C0011860,OMIM:125853;MONDO:MONDO:0030088,MedGen:C5394303,OMIM:618857;MONDO:MONDO:0009734,MedGen:C2931832,OMIM:256450,Orphanet:276575,Orphanet:276598;MONDO:MONDO:0012480,MedGen:C1835887,OMIM:610374,Orphanet:99886","Hyperinsulinemic hypoglycemia, familial, 1|not provided|Familial hyperinsulinism|Type 2 diabetes mellitus|Leucine-induced hypoglycemia;Type 2 diabetes mellitus;Diabetes mellitus, permanent neonatal 3;Hyperinsulinemic hypoglycemia, familial, 1;Diabetes mellitus, transient neonatal, 2",germline;unknown,germline,GRCh37,NC_000011.9,11,17464396,17464396,na,na,11p15.1,"criteria provided, multiple submitters, no conflicts",8,-,N,ClinGen:CA5903548,2,558304,17464396,C,T,-,-,-,-,-,-,SCV001583007|SCV002067382|SCV002573387|SCV002819429|SCV004026563|SCV004199950|SCV005676401,-,-
545934,single nucleotide variant,NM_000352.6(ABCC8):c.1501G>A (p.Glu501Lys),6833,ABCC8,HGNC:59,Pathogenic/Likely pathogenic,1,"Oct 26, 2024",372307320,-,RCV000674549|RCV001383752|RCV002509505|RCV003465538|RCV005046912,"MONDO:MONDO:0009734,MedGen:C2931832,OMIM:256450,Orphanet:276575,Orphanet:276598|MedGen:C3661900|MONDO:MONDO:0017182,MedGen:C3888018,Orphanet:276525|Human Phenotype Ontology:HP:0005965,Human Phenotype Ontology:HP:0005978,Human Phenotype Ontology:HP:0100652,MONDO:MONDO:0005148,MeSH:D003924,MedGen:C0011860,OMIM:125853|MONDO:MONDO:0009415,MedGen:C0271714,OMIM:240800;Human Phenotype Ontology:HP:0005965,Human Phenotype Ontology:HP:0005978,Human Phenotype Ontology:HP:0100652,MONDO:MONDO:0005148,MeSH:D003924,MedGen:C0011860,OMIM:125853;MONDO:MONDO:0030088,MedGen:C5394303,OMIM:618857;MONDO:MONDO:0009734,MedGen:C2931832,OMIM:256450,Orphanet:276575,Orphanet:276598;MONDO:MONDO:0012480,MedGen:C1835887,OMIM:610374,Orphanet:99886","Hyperinsulinemic hypoglycemia, familial, 1|not provided|Familial hyperinsulinism|Type 2 diabetes mellitus|Leucine-induced hypoglycemia;Type 2 diabetes mellitus;Diabetes mellitus, permanent neonatal 3;Hyperinsulinemic hypoglycemia, familial, 1;Diabetes mellitus, transient neonatal, 2",germline;unknown,germline,GRCh38,NC_000011.10,11,17442849,17442849,na,na,11p15.1,"criteria provided, multiple submitters, no conflicts",8,-,N,ClinGen:CA5903548,2,558304,17442849,C,T,-,-,-,-,-,-,SCV001583007|SCV002067382|SCV002573387|SCV002819429|SCV004026563|SCV004199950|SCV005676401,-,-
545935,single nucleotide variant,NM_000352.6(ABCC8):c.823-7T>A,6833,ABCC8,HGNC:59,Uncertain significance,0,-,1554942148,-,RCV000671558|RCV002253557|RCV002253556,"MONDO:MONDO:0009734,MedGen:C2931832,OMIM:256450,Orphanet:276575,Orphanet:276598|Human Phenotype Ontology:HP:0008255,MONDO:MONDO:0020525,MedGen:C0342273|Human Phenotype Ontology:HP:0004904,MONDO:MONDO:0018911,MedGen:C0342276,OMIM:PS125850,Orphanet:552","Hyperinsulinemic hypoglycemia, familial, 1|Transitory neonatal diabetes mellitus|Maturity-onset diabetes of the young",unknown,unknown,GRCh37,NC_000011.9,11,17482230,17482230,na,na,11p15.1,"criteria provided, single submitter",2,-,N,ClinGen:CA658821545,2,555693,17482230,A,T,-,-,-,-,-,-,SCV002522623|SCV002522624,-,-
545935,single nucleotide variant,NM_000352.6(ABCC8):c.823-7T>A,6833,ABCC8,HGNC:59,Uncertain significance,0,-,1554942148,-,RCV000671558|RCV002253557|RCV002253556,"MONDO:MONDO:0009734,MedGen:C2931832,OMIM:256450,Orphanet:276575,Orphanet:276598|Human Phenotype Ontology:HP:0008255,MONDO:MONDO:0020525,MedGen:C0342273|Human Phenotype Ontology:HP:0004904,MONDO:MONDO:0018911,MedGen:C0342276,OMIM:PS125850,Orphanet:552","Hyperinsulinemic hypoglycemia, familial, 1|Transitory neonatal diabetes mellitus|Maturity-onset diabetes of the young",unknown,unknown,GRCh38,NC_000011.10,11,17460683,17460683,na,na,11p15.1,"criteria provided, single submitter",2,-,N,ClinGen:CA658821545,2,555693,17460683,A,T,-,-,-,-,-,-,SCV002522623|SCV002522624,-,-
545937,single nucleotide variant,NM_000352.6(ABCC8):c.686C>T (p.Thr229Ile),6833,ABCC8,HGNC:59,Conflicting classifications of pathogenicity,1,"Jun 11, 2025",768017509,-,RCV000672033|RCV002507174|RCV002531303|RCV003459633|RCV003987660,"MONDO:MONDO:0009734,MedGen:C2931832,OMIM:256450,Orphanet:276575,Orphanet:276598|MONDO:MONDO:0009415,MedGen:C0271714,OMIM:240800;Human Phenotype Ontology:HP:0005965,Human Phenotype Ontology:HP:0005978,Human Phenotype Ontology:HP:0100652,MONDO:MONDO:0005148,MeSH:D003924,MedGen:C0011860,OMIM:125853;MONDO:MONDO:0030088,MedGen:C5394303,OMIM:618857;MONDO:MONDO:0009734,MedGen:C2931832,OMIM:256450,Orphanet:276575,Orphanet:276598;MONDO:MONDO:0012480,MedGen:C1835887,OMIM:610374,Orphanet:99886|MedGen:C3661900|Human Phenotype Ontology:HP:0005965,Human Phenotype Ontology:HP:0005978,Human Phenotype Ontology:HP:0100652,MONDO:MONDO:0005148,MeSH:D003924,MedGen:C0011860,OMIM:125853|MedGen:CN169374","Hyperinsulinemic hypoglycemia, familial, 1|Leucine-induced hypoglycemia;Type 2 diabetes mellitus;Diabetes mellitus, permanent neonatal 3;Hyperinsulinemic hypoglycemia, familial, 1;Diabetes mellitus, transient neonatal, 2|not provided|Type 2 diabetes mellitus|not specified",germline;unknown,germline,GRCh37,NC_000011.9,11,17483266,17483266,na,na,11p15.1,"criteria provided, conflicting classifications",5,-,N,ClinGen:CA5903799,2,556086,17483266,G,A,-,-,-,-,-,-,SCV002816152|SCV003439585|SCV004197719|SCV004803554,-,-
545937,single nucleotide variant,NM_000352.6(ABCC8):c.686C>T (p.Thr229Ile),6833,ABCC8,HGNC:59,Conflicting classifications of pathogenicity,1,"Jun 11, 2025",768017509,-,RCV000672033|RCV002507174|RCV002531303|RCV003459633|RCV003987660,"MONDO:MONDO:0009734,MedGen:C2931832,OMIM:256450,Orphanet:276575,Orphanet:276598|MONDO:MONDO:0009415,MedGen:C0271714,OMIM:240800;Human Phenotype Ontology:HP:0005965,Human Phenotype Ontology:HP:0005978,Human Phenotype Ontology:HP:0100652,MONDO:MONDO:0005148,MeSH:D003924,MedGen:C0011860,OMIM:125853;MONDO:MONDO:0030088,MedGen:C5394303,OMIM:618857;MONDO:MONDO:0009734,MedGen:C2931832,OMIM:256450,Orphanet:276575,Orphanet:276598;MONDO:MONDO:0012480,MedGen:C1835887,OMIM:610374,Orphanet:99886|MedGen:C3661900|Human Phenotype Ontology:HP:0005965,Human Phenotype Ontology:HP:0005978,Human Phenotype Ontology:HP:0100652,MONDO:MONDO:0005148,MeSH:D003924,MedGen:C0011860,OMIM:125853|MedGen:CN169374","Hyperinsulinemic hypoglycemia, familial, 1|Leucine-induced hypoglycemia;Type 2 diabetes mellitus;Diabetes mellitus, permanent neonatal 3;Hyperinsulinemic hypoglycemia, familial, 1;Diabetes mellitus, transient neonatal, 2|not provided|Type 2 diabetes mellitus|not specified",germline;unknown,germline,GRCh38,NC_000011.10,11,17461719,17461719,na,na,11p15.1,"criteria provided, conflicting classifications",5,-,N,ClinGen:CA5903799,2,556086,17461719,G,A,-,-,-,-,-,-,SCV002816152|SCV003439585|SCV004197719|SCV004803554,-,-
545939,single nucleotide variant,NM_000352.6(ABCC8):c.579+2T>A,6833,ABCC8,HGNC:59,Conflicting classifications of pathogenicity,1,"Feb 07, 2024",1449198328,-,RCV000671080|RCV002254171|RCV002254172|RCV003472134|RCV003994076|RCV005614435,"MONDO:MONDO:0009734,MedGen:C2931832,OMIM:256450,Orphanet:276575,Orphanet:276598|Human Phenotype Ontology:HP:0004904,MONDO:MONDO:0018911,MedGen:C0342276,OMIM:PS125850,Orphanet:552|Human Phenotype Ontology:HP:0008255,MONDO:MONDO:0020525,MedGen:C0342273|Human Phenotype Ontology:HP:0005965,Human Phenotype Ontology:HP:0005978,Human Phenotype Ontology:HP:0100652,MONDO:MONDO:0005148,MeSH:D003924,MedGen:C0011860,OMIM:125853|MONDO:MONDO:0017182,MedGen:C3888018,Orphanet:276525|","Hyperinsulinemic hypoglycemia, familial, 1|Maturity-onset diabetes of the young|Transitory neonatal diabetes mellitus|Type 2 diabetes mellitus|Familial hyperinsulinism|Hereditary hyperinsulinism",germline;unknown,germline,GRCh37,NC_000011.9,11,17484983,17484983,na,na,11p15.1,"criteria provided, conflicting classifications",6,-,N,ClinGen:CA379779847,2,555287,17484983,A,T,-,-,-,-,-,-,SCV002522679|SCV002522680|SCV004026599|SCV004194985|SCV004813557,-,-
545939,single nucleotide variant,NM_000352.6(ABCC8):c.579+2T>A,6833,ABCC8,HGNC:59,Conflicting classifications of pathogenicity,1,"Feb 07, 2024",1449198328,-,RCV000671080|RCV002254171|RCV002254172|RCV003472134|RCV003994076|RCV005614435,"MONDO:MONDO:0009734,MedGen:C2931832,OMIM:256450,Orphanet:276575,Orphanet:276598|Human Phenotype Ontology:HP:0004904,MONDO:MONDO:0018911,MedGen:C0342276,OMIM:PS125850,Orphanet:552|Human Phenotype Ontology:HP:0008255,MONDO:MONDO:0020525,MedGen:C0342273|Human Phenotype Ontology:HP:0005965,Human Phenotype Ontology:HP:0005978,Human Phenotype Ontology:HP:0100652,MONDO:MONDO:0005148,MeSH:D003924,MedGen:C0011860,OMIM:125853|MONDO:MONDO:0017182,MedGen:C3888018,Orphanet:276525|","Hyperinsulinemic hypoglycemia, familial, 1|Maturity-onset diabetes of the young|Transitory neonatal diabetes mellitus|Type 2 diabetes mellitus|Familial hyperinsulinism|Hereditary hyperinsulinism",germline;unknown,germline,GRCh38,NC_000011.10,11,17463436,17463436,na,na,11p15.1,"criteria provided, conflicting classifications",6,-,N,ClinGen:CA379779847,2,555287,17463436,A,T,-,-,-,-,-,-,SCV002522679|SCV002522680|SCV004026599|SCV004194985|SCV004813557,-,-
545942,single nucleotide variant,NM_000352.6(ABCC8):c.119T>G (p.Leu40Arg),6833,ABCC8,HGNC:59,Conflicting classifications of pathogenicity,1,"Apr 27, 2018",1554949242,-,RCV000673351|RCV002253560|RCV001816681|RCV002253559,"MONDO:MONDO:0009734,MedGen:C2931832,OMIM:256450,Orphanet:276575,Orphanet:276598|Human Phenotype Ontology:HP:0008255,MONDO:MONDO:0020525,MedGen:C0342273|MedGen:C3661900|Human Phenotype Ontology:HP:0004904,MONDO:MONDO:0018911,MedGen:C0342276,OMIM:PS125850,Orphanet:552","Hyperinsulinemic hypoglycemia, familial, 1|Transitory neonatal diabetes mellitus|not provided|Maturity-onset diabetes of the young",germline;unknown,germline,GRCh37,NC_000011.9,11,17498205,17498205,na,na,11p15.1,"criteria provided, conflicting classifications",3,-,N,ClinGen:CA379789899,2,557237,17498205,A,C,-,-,-,-,-,-,SCV002069176|SCV002522701|SCV002522703,-,-
545942,single nucleotide variant,NM_000352.6(ABCC8):c.119T>G (p.Leu40Arg),6833,ABCC8,HGNC:59,Conflicting classifications of pathogenicity,1,"Apr 27, 2018",1554949242,-,RCV000673351|RCV002253560|RCV001816681|RCV002253559,"MONDO:MONDO:0009734,MedGen:C2931832,OMIM:256450,Orphanet:276575,Orphanet:276598|Human Phenotype Ontology:HP:0008255,MONDO:MONDO:0020525,MedGen:C0342273|MedGen:C3661900|Human Phenotype Ontology:HP:0004904,MONDO:MONDO:0018911,MedGen:C0342276,OMIM:PS125850,Orphanet:552","Hyperinsulinemic hypoglycemia, familial, 1|Transitory neonatal diabetes mellitus|not provided|Maturity-onset diabetes of the young",germline;unknown,germline,GRCh38,NC_000011.10,11,17476658,17476658,na,na,11p15.1,"criteria provided, conflicting classifications",3,-,N,ClinGen:CA379789899,2,557237,17476658,A,C,-,-,-,-,-,-,SCV002069176|SCV002522701|SCV002522703,-,-
546115,single nucleotide variant,NM_000525.4(KCNJ11):c.1112G>A (p.Arg371His),3767,KCNJ11,HGNC:6257,Uncertain significance,0,-,1233061680,-,RCV002226729|RCV005430631,"Human Phenotype Ontology:HP:0004904,MONDO:MONDO:0018911,MedGen:C0342276,OMIM:PS125850,Orphanet:552|MONDO:MONDO:0012522,MedGen:C1864623,OMIM:610582,Orphanet:99886;MONDO:MONDO:0011153,MedGen:C2931833,OMIM:601820,Orphanet:276580,Orphanet:276603;MONDO:MONDO:0100165,MedGen:C5393570,OMIM:606176","Maturity-onset diabetes of the young|Diabetes mellitus, transient neonatal, 3;Hyperinsulinemic hypoglycemia, familial, 2;Permanent neonatal diabetes mellitus 1",somatic;unknown,somatic,GRCh37,NC_000011.9,11,17408527,17408527,na,na,11p15.1,"criteria provided, single submitter",2,-,N,ClinGen:CA379769234,2,554088,17408527,C,T,-,-,-,-,-,-,SCV002505649,-,-
546115,single nucleotide variant,NM_000525.4(KCNJ11):c.1112G>A (p.Arg371His),3767,KCNJ11,HGNC:6257,Uncertain significance,0,-,1233061680,-,RCV002226729|RCV005430631,"Human Phenotype Ontology:HP:0004904,MONDO:MONDO:0018911,MedGen:C0342276,OMIM:PS125850,Orphanet:552|MONDO:MONDO:0012522,MedGen:C1864623,OMIM:610582,Orphanet:99886;MONDO:MONDO:0011153,MedGen:C2931833,OMIM:601820,Orphanet:276580,Orphanet:276603;MONDO:MONDO:0100165,MedGen:C5393570,OMIM:606176","Maturity-onset diabetes of the young|Diabetes mellitus, transient neonatal, 3;Hyperinsulinemic hypoglycemia, familial, 2;Permanent neonatal diabetes mellitus 1",somatic;unknown,somatic,GRCh38,NC_000011.10,11,17386980,17386980,na,na,11p15.1,"criteria provided, single submitter",2,-,N,ClinGen:CA379769234,2,554088,17386980,C,T,-,-,-,-,-,-,SCV002505649,-,-
546116,single nucleotide variant,NM_000525.4(KCNJ11):c.1094G>A (p.Arg365His),3767,KCNJ11,HGNC:6257,Uncertain significance,0,"Oct 03, 2025",750689750,-,RCV002227199|RCV005430442|RCV006463837,"Human Phenotype Ontology:HP:0004904,MONDO:MONDO:0018911,MedGen:C0342276,OMIM:PS125850,Orphanet:552|MONDO:MONDO:0012522,MedGen:C1864623,OMIM:610582,Orphanet:99886;MONDO:MONDO:0011153,MedGen:C2931833,OMIM:601820,Orphanet:276580,Orphanet:276603;MONDO:MONDO:0100165,MedGen:C5393570,OMIM:606176|MedGen:C3661900","Maturity-onset diabetes of the young|Diabetes mellitus, transient neonatal, 3;Hyperinsulinemic hypoglycemia, familial, 2;Permanent neonatal diabetes mellitus 1|not provided",germline;somatic;unknown,germline/somatic,GRCh37,NC_000011.9,11,17408545,17408545,na,na,11p15.1,"criteria provided, multiple submitters, no conflicts",3,-,N,ClinGen:CA5902185,2,551506,17408545,C,T,-,-,-,-,-,-,SCV002505942|SCV007374501,-,-
546116,single nucleotide variant,NM_000525.4(KCNJ11):c.1094G>A (p.Arg365His),3767,KCNJ11,HGNC:6257,Uncertain significance,0,"Oct 03, 2025",750689750,-,RCV002227199|RCV005430442|RCV006463837,"Human Phenotype Ontology:HP:0004904,MONDO:MONDO:0018911,MedGen:C0342276,OMIM:PS125850,Orphanet:552|MONDO:MONDO:0012522,MedGen:C1864623,OMIM:610582,Orphanet:99886;MONDO:MONDO:0011153,MedGen:C2931833,OMIM:601820,Orphanet:276580,Orphanet:276603;MONDO:MONDO:0100165,MedGen:C5393570,OMIM:606176|MedGen:C3661900","Maturity-onset diabetes of the young|Diabetes mellitus, transient neonatal, 3;Hyperinsulinemic hypoglycemia, familial, 2;Permanent neonatal diabetes mellitus 1|not provided",germline;somatic;unknown,germline/somatic,GRCh38,NC_000011.10,11,17386998,17386998,na,na,11p15.1,"criteria provided, multiple submitters, no conflicts",3,-,N,ClinGen:CA5902185,2,551506,17386998,C,T,-,-,-,-,-,-,SCV002505942|SCV007374501,-,-
546118,single nucleotide variant,NM_000525.4(KCNJ11):c.1040G>A (p.Arg347His),3767,KCNJ11,HGNC:6257,Uncertain significance,0,"Feb 17, 2023",771797701,-,RCV000712156|RCV001108707|RCV001174374|RCV001275130|RCV001108706|RCV002227200|RCV002477492|RCV003155266|RCV002532072|RCV005430594,"MedGen:C3661900|MONDO:MONDO:0011153,MedGen:C2931833,OMIM:601820,Orphanet:276580,Orphanet:276603|MONDO:MONDO:0015967,MedGen:C3888631,Orphanet:183625|MONDO:MONDO:0100164,MedGen:C1833104,OMIM:PS606176,Orphanet:99885|MONDO:MONDO:0014589,MedGen:C4225365,OMIM:616329,Orphanet:552|Human Phenotype Ontology:HP:0004904,MONDO:MONDO:0018911,MedGen:C0342276,OMIM:PS125850,Orphanet:552|Human Phenotype Ontology:HP:0005965,Human Phenotype Ontology:HP:0005978,Human Phenotype Ontology:HP:0100652,MONDO:MONDO:0005148,MeSH:D003924,MedGen:C0011860,OMIM:125853;MONDO:MONDO:0030087,MedGen:C5394296,OMIM:618856;MONDO:MONDO:0014589,MedGen:C4225365,OMIM:616329,Orphanet:552;MONDO:MONDO:0011153,MedGen:C2931833,OMIM:601820,Orphanet:276580,Orphanet:276603;MONDO:MONDO:0012522,MedGen:C1864623,OMIM:610582,Orphanet:99886|MedGen:CN169374|MeSH:D030342,MedGen:C0950123|MONDO:MONDO:0100165,MedGen:C5393570,OMIM:606176;MONDO:MONDO:0011153,MedGen:C2931833,OMIM:601820,Orphanet:276580,Orphanet:276603;MONDO:MONDO:0012522,MedGen:C1864623,OMIM:610582,Orphanet:99886","not provided|Hyperinsulinemic hypoglycemia, familial, 2|Monogenic diabetes|Permanent neonatal diabetes mellitus|Maturity-onset diabetes of the young type 13|Maturity-onset diabetes of the young|Type 2 diabetes mellitus;Diabetes mellitus, permanent neonatal 2;Maturity-onset diabetes of the young type 13;Hyperinsulinemic hypoglycemia, familial, 2;Diabetes mellitus, transient neonatal, 3|not specified|Inborn genetic diseases|Permanent neonatal diabetes mellitus 1;Hyperinsulinemic hypoglycemia, familial, 2;Diabetes mellitus, transient neonatal, 3",germline;somatic;unknown,germline/somatic,GRCh37,NC_000011.9,11,17408599,17408599,na,na,11p15.1,"criteria provided, multiple submitters, no conflicts",9,-,N,ClinGen:CA5902194,2,553036,17408599,C,T,-,-,-,-,-,-,SCV000842581|SCV001265975|SCV001265976|SCV001337512|SCV002506476|SCV002793850|SCV003708972|SCV003844888,-,-
546118,single nucleotide variant,NM_000525.4(KCNJ11):c.1040G>A (p.Arg347His),3767,KCNJ11,HGNC:6257,Uncertain significance,0,"Feb 17, 2023",771797701,-,RCV000712156|RCV001108707|RCV001174374|RCV001275130|RCV001108706|RCV002227200|RCV002477492|RCV003155266|RCV002532072|RCV005430594,"MedGen:C3661900|MONDO:MONDO:0011153,MedGen:C2931833,OMIM:601820,Orphanet:276580,Orphanet:276603|MONDO:MONDO:0015967,MedGen:C3888631,Orphanet:183625|MONDO:MONDO:0100164,MedGen:C1833104,OMIM:PS606176,Orphanet:99885|MONDO:MONDO:0014589,MedGen:C4225365,OMIM:616329,Orphanet:552|Human Phenotype Ontology:HP:0004904,MONDO:MONDO:0018911,MedGen:C0342276,OMIM:PS125850,Orphanet:552|Human Phenotype Ontology:HP:0005965,Human Phenotype Ontology:HP:0005978,Human Phenotype Ontology:HP:0100652,MONDO:MONDO:0005148,MeSH:D003924,MedGen:C0011860,OMIM:125853;MONDO:MONDO:0030087,MedGen:C5394296,OMIM:618856;MONDO:MONDO:0014589,MedGen:C4225365,OMIM:616329,Orphanet:552;MONDO:MONDO:0011153,MedGen:C2931833,OMIM:601820,Orphanet:276580,Orphanet:276603;MONDO:MONDO:0012522,MedGen:C1864623,OMIM:610582,Orphanet:99886|MedGen:CN169374|MeSH:D030342,MedGen:C0950123|MONDO:MONDO:0100165,MedGen:C5393570,OMIM:606176;MONDO:MONDO:0011153,MedGen:C2931833,OMIM:601820,Orphanet:276580,Orphanet:276603;MONDO:MONDO:0012522,MedGen:C1864623,OMIM:610582,Orphanet:99886","not provided|Hyperinsulinemic hypoglycemia, familial, 2|Monogenic diabetes|Permanent neonatal diabetes mellitus|Maturity-onset diabetes of the young type 13|Maturity-onset diabetes of the young|Type 2 diabetes mellitus;Diabetes mellitus, permanent neonatal 2;Maturity-onset diabetes of the young type 13;Hyperinsulinemic hypoglycemia, familial, 2;Diabetes mellitus, transient neonatal, 3|not specified|Inborn genetic diseases|Permanent neonatal diabetes mellitus 1;Hyperinsulinemic hypoglycemia, familial, 2;Diabetes mellitus, transient neonatal, 3",germline;somatic;unknown,germline/somatic,GRCh38,NC_000011.10,11,17387052,17387052,na,na,11p15.1,"criteria provided, multiple submitters, no conflicts",9,-,N,ClinGen:CA5902194,2,553036,17387052,C,T,-,-,-,-,-,-,SCV000842581|SCV001265975|SCV001265976|SCV001337512|SCV002506476|SCV002793850|SCV003708972|SCV003844888,-,-
546120,single nucleotide variant,NM_000525.4(KCNJ11):c.1016T>G (p.Val339Gly),3767,KCNJ11,HGNC:6257,Uncertain significance,0,"Oct 04, 2023",138125678,-,RCV000763717|RCV002226722|RCV004527723|RCV005430395,"Human Phenotype Ontology:HP:0005965,Human Phenotype Ontology:HP:0005978,Human Phenotype Ontology:HP:0100652,MONDO:MONDO:0005148,MeSH:D003924,MedGen:C0011860,OMIM:125853;MONDO:MONDO:0014589,MedGen:C4225365,OMIM:616329,Orphanet:552;MONDO:MONDO:0011153,MedGen:C2931833,OMIM:601820,Orphanet:276580,Orphanet:276603;MONDO:MONDO:0012522,MedGen:C1864623,OMIM:610582,Orphanet:99886;MONDO:MONDO:0100164,MedGen:C1833104,OMIM:PS606176,Orphanet:99885|Human Phenotype Ontology:HP:0004904,MONDO:MONDO:0018911,MedGen:C0342276,OMIM:PS125850,Orphanet:552||MONDO:MONDO:0100165,MedGen:C5393570,OMIM:606176;MONDO:MONDO:0011153,MedGen:C2931833,OMIM:601820,Orphanet:276580,Orphanet:276603;MONDO:MONDO:0012522,MedGen:C1864623,OMIM:610582,Orphanet:99886","Type 2 diabetes mellitus;Maturity-onset diabetes of the young type 13;Hyperinsulinemic hypoglycemia, familial, 2;Diabetes mellitus, transient neonatal, 3;Permanent neonatal diabetes mellitus|Maturity-onset diabetes of the young|KCNJ11-related disorder|Permanent neonatal diabetes mellitus 1;Hyperinsulinemic hypoglycemia, familial, 2;Diabetes mellitus, transient neonatal, 3",germline;somatic;unknown,germline/somatic,GRCh37,NC_000011.9,11,17408623,17408623,na,na,11p15.1,"criteria provided, multiple submitters, no conflicts",4,-,N,ClinGen:CA5902201,2,550169,17408623,A,C,-,-,-,-,-,-,SCV000894601|SCV002505458|SCV004105313,-,-
546120,single nucleotide variant,NM_000525.4(KCNJ11):c.1016T>G (p.Val339Gly),3767,KCNJ11,HGNC:6257,Uncertain significance,0,"Oct 04, 2023",138125678,-,RCV000763717|RCV002226722|RCV004527723|RCV005430395,"Human Phenotype Ontology:HP:0005965,Human Phenotype Ontology:HP:0005978,Human Phenotype Ontology:HP:0100652,MONDO:MONDO:0005148,MeSH:D003924,MedGen:C0011860,OMIM:125853;MONDO:MONDO:0014589,MedGen:C4225365,OMIM:616329,Orphanet:552;MONDO:MONDO:0011153,MedGen:C2931833,OMIM:601820,Orphanet:276580,Orphanet:276603;MONDO:MONDO:0012522,MedGen:C1864623,OMIM:610582,Orphanet:99886;MONDO:MONDO:0100164,MedGen:C1833104,OMIM:PS606176,Orphanet:99885|Human Phenotype Ontology:HP:0004904,MONDO:MONDO:0018911,MedGen:C0342276,OMIM:PS125850,Orphanet:552||MONDO:MONDO:0100165,MedGen:C5393570,OMIM:606176;MONDO:MONDO:0011153,MedGen:C2931833,OMIM:601820,Orphanet:276580,Orphanet:276603;MONDO:MONDO:0012522,MedGen:C1864623,OMIM:610582,Orphanet:99886","Type 2 diabetes mellitus;Maturity-onset diabetes of the young type 13;Hyperinsulinemic hypoglycemia, familial, 2;Diabetes mellitus, transient neonatal, 3;Permanent neonatal diabetes mellitus|Maturity-onset diabetes of the young|KCNJ11-related disorder|Permanent neonatal diabetes mellitus 1;Hyperinsulinemic hypoglycemia, familial, 2;Diabetes mellitus, transient neonatal, 3",germline;somatic;unknown,germline/somatic,GRCh38,NC_000011.10,11,17387076,17387076,na,na,11p15.1,"criteria provided, multiple submitters, no conflicts",4,-,N,ClinGen:CA5902201,2,550169,17387076,A,C,-,-,-,-,-,-,SCV000894601|SCV002505458|SCV004105313,-,-
546122,single nucleotide variant,NM_000525.4(KCNJ11):c.797C>T (p.Pro266Leu),3767,KCNJ11,HGNC:6257,Uncertain significance,0,-,1554901679,-,RCV002226736|RCV005430790,"Human Phenotype Ontology:HP:0004904,MONDO:MONDO:0018911,MedGen:C0342276,OMIM:PS125850,Orphanet:552|MONDO:MONDO:0012522,MedGen:C1864623,OMIM:610582,Orphanet:99886;MONDO:MONDO:0011153,MedGen:C2931833,OMIM:601820,Orphanet:276580,Orphanet:276603;MONDO:MONDO:0100165,MedGen:C5393570,OMIM:606176","Maturity-onset diabetes of the young|Diabetes mellitus, transient neonatal, 3;Hyperinsulinemic hypoglycemia, familial, 2;Permanent neonatal diabetes mellitus 1",somatic;unknown,somatic,GRCh37,NC_000011.9,11,17408842,17408842,na,na,11p15.1,"criteria provided, single submitter",2,-,N,ClinGen:CA379770647,2,557803,17408842,G,A,-,-,-,-,-,-,SCV002505408,-,-
546122,single nucleotide variant,NM_000525.4(KCNJ11):c.797C>T (p.Pro266Leu),3767,KCNJ11,HGNC:6257,Uncertain significance,0,-,1554901679,-,RCV002226736|RCV005430790,"Human Phenotype Ontology:HP:0004904,MONDO:MONDO:0018911,MedGen:C0342276,OMIM:PS125850,Orphanet:552|MONDO:MONDO:0012522,MedGen:C1864623,OMIM:610582,Orphanet:99886;MONDO:MONDO:0011153,MedGen:C2931833,OMIM:601820,Orphanet:276580,Orphanet:276603;MONDO:MONDO:0100165,MedGen:C5393570,OMIM:606176","Maturity-onset diabetes of the young|Diabetes mellitus, transient neonatal, 3;Hyperinsulinemic hypoglycemia, familial, 2;Permanent neonatal diabetes mellitus 1",somatic;unknown,somatic,GRCh38,NC_000011.10,11,17387295,17387295,na,na,11p15.1,"criteria provided, single submitter",2,-,N,ClinGen:CA379770647,2,557803,17387295,G,A,-,-,-,-,-,-,SCV002505408,-,-
546127,single nucleotide variant,NM_000525.4(KCNJ11):c.498C>A (p.Cys166Ter),3767,KCNJ11,HGNC:6257,Uncertain significance,1,-,587783669,-,RCV002226734|RCV005430765,"Human Phenotype Ontology:HP:0004904,MONDO:MONDO:0018911,MedGen:C0342276,OMIM:PS125850,Orphanet:552|MONDO:MONDO:0012522,MedGen:C1864623,OMIM:610582,Orphanet:99886;MONDO:MONDO:0011153,MedGen:C2931833,OMIM:601820,Orphanet:276580,Orphanet:276603;MONDO:MONDO:0100165,MedGen:C5393570,OMIM:606176","Maturity-onset diabetes of the young|Diabetes mellitus, transient neonatal, 3;Hyperinsulinemic hypoglycemia, familial, 2;Permanent neonatal diabetes mellitus 1",somatic;unknown,somatic,GRCh37,NC_000011.9,11,17409141,17409141,na,na,11p15.1,"criteria provided, single submitter",2,-,N,ClinGen:CA379773220,2,557258,17409141,G,T,-,-,-,-,-,-,SCV002505455,-,-
546127,single nucleotide variant,NM_000525.4(KCNJ11):c.498C>A (p.Cys166Ter),3767,KCNJ11,HGNC:6257,Uncertain significance,1,-,587783669,-,RCV002226734|RCV005430765,"Human Phenotype Ontology:HP:0004904,MONDO:MONDO:0018911,MedGen:C0342276,OMIM:PS125850,Orphanet:552|MONDO:MONDO:0012522,MedGen:C1864623,OMIM:610582,Orphanet:99886;MONDO:MONDO:0011153,MedGen:C2931833,OMIM:601820,Orphanet:276580,Orphanet:276603;MONDO:MONDO:0100165,MedGen:C5393570,OMIM:606176","Maturity-onset diabetes of the young|Diabetes mellitus, transient neonatal, 3;Hyperinsulinemic hypoglycemia, familial, 2;Permanent neonatal diabetes mellitus 1",somatic;unknown,somatic,GRCh38,NC_000011.10,11,17387594,17387594,na,na,11p15.1,"criteria provided, single submitter",2,-,N,ClinGen:CA379773220,2,557258,17387594,G,T,-,-,-,-,-,-,SCV002505455,-,-
546130,single nucleotide variant,NM_000525.4(KCNJ11):c.-54C>T,3767,KCNJ11,HGNC:6257,Uncertain significance,0,"Jul 26, 2024",1016780684,-,RCV002227201|RCV002485547|RCV005430616|RCV005632603,"Human Phenotype Ontology:HP:0004904,MONDO:MONDO:0018911,MedGen:C0342276,OMIM:PS125850,Orphanet:552|Human Phenotype Ontology:HP:0005965,Human Phenotype Ontology:HP:0005978,Human Phenotype Ontology:HP:0100652,MONDO:MONDO:0005148,MeSH:D003924,MedGen:C0011860,OMIM:125853;MONDO:MONDO:0030087,MedGen:C5394296,OMIM:618856;MONDO:MONDO:0014589,MedGen:C4225365,OMIM:616329,Orphanet:552;MONDO:MONDO:0011153,MedGen:C2931833,OMIM:601820,Orphanet:276580,Orphanet:276603;MONDO:MONDO:0012522,MedGen:C1864623,OMIM:610582,Orphanet:99886|MONDO:MONDO:0100165,MedGen:C5393570,OMIM:606176;MONDO:MONDO:0011153,MedGen:C2931833,OMIM:601820,Orphanet:276580,Orphanet:276603;MONDO:MONDO:0012522,MedGen:C1864623,OMIM:610582,Orphanet:99886|MedGen:C3661900","Maturity-onset diabetes of the young|Type 2 diabetes mellitus;Diabetes mellitus, permanent neonatal 2;Maturity-onset diabetes of the young type 13;Hyperinsulinemic hypoglycemia, familial, 2;Diabetes mellitus, transient neonatal, 3|Permanent neonatal diabetes mellitus 1;Hyperinsulinemic hypoglycemia, familial, 2;Diabetes mellitus, transient neonatal, 3|not provided",germline;somatic;unknown,germline/somatic,GRCh37,NC_000011.9,11,17409692,17409692,na,na,11p15.1,"criteria provided, multiple submitters, no conflicts",4,-,N,ClinGen:CA218400472,2,553627,17409692,G,A,-,-,-,-,-,-,SCV002505960|SCV002793039|SCV006316643,-,-
546130,single nucleotide variant,NM_000525.4(KCNJ11):c.-54C>T,3767,KCNJ11,HGNC:6257,Uncertain significance,0,"Jul 26, 2024",1016780684,-,RCV002227201|RCV002485547|RCV005430616|RCV005632603,"Human Phenotype Ontology:HP:0004904,MONDO:MONDO:0018911,MedGen:C0342276,OMIM:PS125850,Orphanet:552|Human Phenotype Ontology:HP:0005965,Human Phenotype Ontology:HP:0005978,Human Phenotype Ontology:HP:0100652,MONDO:MONDO:0005148,MeSH:D003924,MedGen:C0011860,OMIM:125853;MONDO:MONDO:0030087,MedGen:C5394296,OMIM:618856;MONDO:MONDO:0014589,MedGen:C4225365,OMIM:616329,Orphanet:552;MONDO:MONDO:0011153,MedGen:C2931833,OMIM:601820,Orphanet:276580,Orphanet:276603;MONDO:MONDO:0012522,MedGen:C1864623,OMIM:610582,Orphanet:99886|MONDO:MONDO:0100165,MedGen:C5393570,OMIM:606176;MONDO:MONDO:0011153,MedGen:C2931833,OMIM:601820,Orphanet:276580,Orphanet:276603;MONDO:MONDO:0012522,MedGen:C1864623,OMIM:610582,Orphanet:99886|MedGen:C3661900","Maturity-onset diabetes of the young|Type 2 diabetes mellitus;Diabetes mellitus, permanent neonatal 2;Maturity-onset diabetes of the young type 13;Hyperinsulinemic hypoglycemia, familial, 2;Diabetes mellitus, transient neonatal, 3|Permanent neonatal diabetes mellitus 1;Hyperinsulinemic hypoglycemia, familial, 2;Diabetes mellitus, transient neonatal, 3|not provided",germline;somatic;unknown,germline/somatic,GRCh38,NC_000011.10,11,17388145,17388145,na,na,11p15.1,"criteria provided, multiple submitters, no conflicts",4,-,N,ClinGen:CA218400472,2,553627,17388145,G,A,-,-,-,-,-,-,SCV002505960|SCV002793039|SCV006316643,-,-
546134,Insertion,NM_000525.4(KCNJ11):c.-135_-134insCT,3767,KCNJ11,HGNC:6257,Uncertain significance,0,-,1554901983,-,RCV002226723|RCV005430404,"Human Phenotype Ontology:HP:0004904,MONDO:MONDO:0018911,MedGen:C0342276,OMIM:PS125850,Orphanet:552|MONDO:MONDO:0012522,MedGen:C1864623,OMIM:610582,Orphanet:99886;MONDO:MONDO:0011153,MedGen:C2931833,OMIM:601820,Orphanet:276580,Orphanet:276603;MONDO:MONDO:0100165,MedGen:C5393570,OMIM:606176","Maturity-onset diabetes of the young|Diabetes mellitus, transient neonatal, 3;Hyperinsulinemic hypoglycemia, familial, 2;Permanent neonatal diabetes mellitus 1",somatic;unknown,somatic,GRCh37,NC_000011.9,11,17409772,17409773,na,na,11p15.1,"criteria provided, single submitter",2,-,N,ClinGen:CA658822457,2,550508,17409772,C,CAG,-,-,-,-,-,-,SCV002505439,-,-
546134,Insertion,NM_000525.4(KCNJ11):c.-135_-134insCT,3767,KCNJ11,HGNC:6257,Uncertain significance,0,-,1554901983,-,RCV002226723|RCV005430404,"Human Phenotype Ontology:HP:0004904,MONDO:MONDO:0018911,MedGen:C0342276,OMIM:PS125850,Orphanet:552|MONDO:MONDO:0012522,MedGen:C1864623,OMIM:610582,Orphanet:99886;MONDO:MONDO:0011153,MedGen:C2931833,OMIM:601820,Orphanet:276580,Orphanet:276603;MONDO:MONDO:0100165,MedGen:C5393570,OMIM:606176","Maturity-onset diabetes of the young|Diabetes mellitus, transient neonatal, 3;Hyperinsulinemic hypoglycemia, familial, 2;Permanent neonatal diabetes mellitus 1",somatic;unknown,somatic,GRCh38,NC_000011.10,11,17388225,17388226,na,na,11p15.1,"criteria provided, single submitter",2,-,N,ClinGen:CA658822457,2,550508,17388225,C,CAG,-,-,-,-,-,-,SCV002505439,-,-
546145,single nucleotide variant,NM_000352.6(ABCC8):c.4608G>A (p.Ala1536=),6833,ABCC8,HGNC:59,Conflicting classifications of pathogenicity,1,"May 16, 2025",1439464815,-,RCV000671370|RCV001766448|RCV003459624,"MONDO:MONDO:0009734,MedGen:C2931832,OMIM:256450,Orphanet:276575,Orphanet:276598|MedGen:C3661900|Human Phenotype Ontology:HP:0005965,Human Phenotype Ontology:HP:0005978,Human Phenotype Ontology:HP:0100652,MONDO:MONDO:0005148,MeSH:D003924,MedGen:C0011860,OMIM:125853","Hyperinsulinemic hypoglycemia, familial, 1|not provided|Type 2 diabetes mellitus",germline;unknown,germline,GRCh37,NC_000011.9,11,17415244,17415244,na,na,11p15.1,"criteria provided, conflicting classifications",4,-,N,ClinGen:CA473298008,2,555529,17415244,C,T,-,-,-,-,-,-,SCV001989075|SCV003283646,-,-
546145,single nucleotide variant,NM_000352.6(ABCC8):c.4608G>A (p.Ala1536=),6833,ABCC8,HGNC:59,Conflicting classifications of pathogenicity,1,"May 16, 2025",1439464815,-,RCV000671370|RCV001766448|RCV003459624,"MONDO:MONDO:0009734,MedGen:C2931832,OMIM:256450,Orphanet:276575,Orphanet:276598|MedGen:C3661900|Human Phenotype Ontology:HP:0005965,Human Phenotype Ontology:HP:0005978,Human Phenotype Ontology:HP:0100652,MONDO:MONDO:0005148,MeSH:D003924,MedGen:C0011860,OMIM:125853","Hyperinsulinemic hypoglycemia, familial, 1|not provided|Type 2 diabetes mellitus",germline;unknown,germline,GRCh38,NC_000011.10,11,17393697,17393697,na,na,11p15.1,"criteria provided, conflicting classifications",4,-,N,ClinGen:CA473298008,2,555529,17393697,C,T,-,-,-,-,-,-,SCV001989075|SCV003283646,-,-
546147,single nucleotide variant,NM_000352.6(ABCC8):c.4545+2T>G,6833,ABCC8,HGNC:59,Uncertain significance,1,-,1554904006,-,RCV000671943|RCV002245566|RCV002245565,"MONDO:MONDO:0009734,MedGen:C2931832,OMIM:256450,Orphanet:276575,Orphanet:276598|Human Phenotype Ontology:HP:0008255,MONDO:MONDO:0020525,MedGen:C0342273|Human Phenotype Ontology:HP:0004904,MONDO:MONDO:0018911,MedGen:C0342276,OMIM:PS125850,Orphanet:552","Hyperinsulinemic hypoglycemia, familial, 1|Transitory neonatal diabetes mellitus|Maturity-onset diabetes of the young",somatic;unknown,somatic,GRCh37,NC_000011.9,11,17415811,17415811,na,na,11p15.1,"criteria provided, single submitter",2,-,N,ClinGen:CA379782608,2,556006,17415811,A,C,-,-,-,-,-,-,SCV002513045|SCV002513046,-,-
546147,single nucleotide variant,NM_000352.6(ABCC8):c.4545+2T>G,6833,ABCC8,HGNC:59,Uncertain significance,1,-,1554904006,-,RCV000671943|RCV002245566|RCV002245565,"MONDO:MONDO:0009734,MedGen:C2931832,OMIM:256450,Orphanet:276575,Orphanet:276598|Human Phenotype Ontology:HP:0008255,MONDO:MONDO:0020525,MedGen:C0342273|Human Phenotype Ontology:HP:0004904,MONDO:MONDO:0018911,MedGen:C0342276,OMIM:PS125850,Orphanet:552","Hyperinsulinemic hypoglycemia, familial, 1|Transitory neonatal diabetes mellitus|Maturity-onset diabetes of the young",somatic;unknown,somatic,GRCh38,NC_000011.10,11,17394264,17394264,na,na,11p15.1,"criteria provided, single submitter",2,-,N,ClinGen:CA379782608,2,556006,17394264,A,C,-,-,-,-,-,-,SCV002513045|SCV002513046,-,-
546152,Deletion,NM_000352.6(ABCC8):c.4340_4362del (p.Asp1447fs),6833,ABCC8,HGNC:59,Conflicting classifications of pathogenicity,1,"Sep 27, 2023",1554904554,-,RCV000673481|RCV002245575|RCV002245574|RCV005250088,"MONDO:MONDO:0009734,MedGen:C2931832,OMIM:256450,Orphanet:276575,Orphanet:276598|Human Phenotype Ontology:HP:0008255,MONDO:MONDO:0020525,MedGen:C0342273|Human Phenotype Ontology:HP:0004904,MONDO:MONDO:0018911,MedGen:C0342276,OMIM:PS125850,Orphanet:552|","Hyperinsulinemic hypoglycemia, familial, 1|Transitory neonatal diabetes mellitus|Maturity-onset diabetes of the young|ABCC8-related disorder",germline;somatic;unknown,germline/somatic,GRCh37,NC_000011.9,11,17416768,17416790,na,na,11p15.1,"criteria provided, conflicting classifications",3,-,N,ClinGen:CA658822167,2,557349,17416767,CCAGGGCCTCCCACAGTGTGCTAT,C,-,-,-,-,-,-,SCV002513318|SCV002513319|SCV005900527,-,-
546152,Deletion,NM_000352.6(ABCC8):c.4340_4362del (p.Asp1447fs),6833,ABCC8,HGNC:59,Conflicting classifications of pathogenicity,1,"Sep 27, 2023",1554904554,-,RCV000673481|RCV002245575|RCV002245574|RCV005250088,"MONDO:MONDO:0009734,MedGen:C2931832,OMIM:256450,Orphanet:276575,Orphanet:276598|Human Phenotype Ontology:HP:0008255,MONDO:MONDO:0020525,MedGen:C0342273|Human Phenotype Ontology:HP:0004904,MONDO:MONDO:0018911,MedGen:C0342276,OMIM:PS125850,Orphanet:552|","Hyperinsulinemic hypoglycemia, familial, 1|Transitory neonatal diabetes mellitus|Maturity-onset diabetes of the young|ABCC8-related disorder",germline;somatic;unknown,germline/somatic,GRCh38,NC_000011.10,11,17395221,17395243,na,na,11p15.1,"criteria provided, conflicting classifications",3,-,N,ClinGen:CA658822167,2,557349,17395220,CCAGGGCCTCCCACAGTGTGCTAT,C,-,-,-,-,-,-,SCV002513318|SCV002513319|SCV005900527,-,-
546155,single nucleotide variant,NM_000352.6(ABCC8):c.4253G>A (p.Arg1418His),6833,ABCC8,HGNC:59,Pathogenic,1,"Jan 07, 2026",1446306735,-,RCV000667823|RCV001202457|RCV002485539|RCV003459588,"MONDO:MONDO:0009734,MedGen:C2931832,OMIM:256450,Orphanet:276575,Orphanet:276598|MedGen:C3661900|MONDO:MONDO:0009415,MedGen:C0271714,OMIM:240800;Human Phenotype Ontology:HP:0005965,Human Phenotype Ontology:HP:0005978,Human Phenotype Ontology:HP:0100652,MONDO:MONDO:0005148,MeSH:D003924,MedGen:C0011860,OMIM:125853;MONDO:MONDO:0030088,MedGen:C5394303,OMIM:618857;MONDO:MONDO:0009734,MedGen:C2931832,OMIM:256450,Orphanet:276575,Orphanet:276598;MONDO:MONDO:0012480,MedGen:C1835887,OMIM:610374,Orphanet:99886|Human Phenotype Ontology:HP:0005965,Human Phenotype Ontology:HP:0005978,Human Phenotype Ontology:HP:0100652,MONDO:MONDO:0005148,MeSH:D003924,MedGen:C0011860,OMIM:125853","Hyperinsulinemic hypoglycemia, familial, 1|not provided|Leucine-induced hypoglycemia;Type 2 diabetes mellitus;Diabetes mellitus, permanent neonatal 3;Hyperinsulinemic hypoglycemia, familial, 1;Diabetes mellitus, transient neonatal, 2|Type 2 diabetes mellitus",germline;unknown,germline,GRCh37,NC_000011.9,11,17417211,17417211,na,na,11p15.1,"criteria provided, multiple submitters, no conflicts",5,-,N,ClinGen:CA379786705,2,552540,17417211,C,T,-,-,-,-,-,-,SCV001373570|SCV002601237|SCV002799285|SCV004197497,-,-
546155,single nucleotide variant,NM_000352.6(ABCC8):c.4253G>A (p.Arg1418His),6833,ABCC8,HGNC:59,Pathogenic,1,"Jan 07, 2026",1446306735,-,RCV000667823|RCV001202457|RCV002485539|RCV003459588,"MONDO:MONDO:0009734,MedGen:C2931832,OMIM:256450,Orphanet:276575,Orphanet:276598|MedGen:C3661900|MONDO:MONDO:0009415,MedGen:C0271714,OMIM:240800;Human Phenotype Ontology:HP:0005965,Human Phenotype Ontology:HP:0005978,Human Phenotype Ontology:HP:0100652,MONDO:MONDO:0005148,MeSH:D003924,MedGen:C0011860,OMIM:125853;MONDO:MONDO:0030088,MedGen:C5394303,OMIM:618857;MONDO:MONDO:0009734,MedGen:C2931832,OMIM:256450,Orphanet:276575,Orphanet:276598;MONDO:MONDO:0012480,MedGen:C1835887,OMIM:610374,Orphanet:99886|Human Phenotype Ontology:HP:0005965,Human Phenotype Ontology:HP:0005978,Human Phenotype Ontology:HP:0100652,MONDO:MONDO:0005148,MeSH:D003924,MedGen:C0011860,OMIM:125853","Hyperinsulinemic hypoglycemia, familial, 1|not provided|Leucine-induced hypoglycemia;Type 2 diabetes mellitus;Diabetes mellitus, permanent neonatal 3;Hyperinsulinemic hypoglycemia, familial, 1;Diabetes mellitus, transient neonatal, 2|Type 2 diabetes mellitus",germline;unknown,germline,GRCh38,NC_000011.10,11,17395664,17395664,na,na,11p15.1,"criteria provided, multiple submitters, no conflicts",5,-,N,ClinGen:CA379786705,2,552540,17395664,C,T,-,-,-,-,-,-,SCV001373570|SCV002601237|SCV002799285|SCV004197497,-,-
546156,single nucleotide variant,NM_000352.6(ABCC8):c.4141G>A (p.Gly1381Ser),6833,ABCC8,HGNC:59,Uncertain significance,0,"Sep 07, 2025",773448052,-,RCV000669995|RCV001175474|RCV001830444|RCV005091949|RCV005046884,"MONDO:MONDO:0009734,MedGen:C2931832,OMIM:256450,Orphanet:276575,Orphanet:276598|MedGen:CN169374||MedGen:C3661900|MONDO:MONDO:0009415,MedGen:C0271714,OMIM:240800;Human Phenotype Ontology:HP:0005965,Human Phenotype Ontology:HP:0005978,Human Phenotype Ontology:HP:0100652,MONDO:MONDO:0005148,MeSH:D003924,MedGen:C0011860,OMIM:125853;MONDO:MONDO:0030088,MedGen:C5394303,OMIM:618857;MONDO:MONDO:0009734,MedGen:C2931832,OMIM:256450,Orphanet:276575,Orphanet:276598;MONDO:MONDO:0012480,MedGen:C1835887,OMIM:610374,Orphanet:99886","Hyperinsulinemic hypoglycemia, familial, 1|not specified|Hereditary hyperinsulinism|not provided|Leucine-induced hypoglycemia;Type 2 diabetes mellitus;Diabetes mellitus, permanent neonatal 3;Hyperinsulinemic hypoglycemia, familial, 1;Diabetes mellitus, transient neonatal, 2",germline;unknown,germline,GRCh37,NC_000011.9,11,17417456,17417456,na,na,11p15.1,"criteria provided, multiple submitters, no conflicts",5,-,N,ClinGen:CA5902551,2,554372,17417456,C,T,-,-,-,-,-,-,SCV001339054|SCV005683377|SCV005836071,-,-
546156,single nucleotide variant,NM_000352.6(ABCC8):c.4141G>A (p.Gly1381Ser),6833,ABCC8,HGNC:59,Uncertain significance,0,"Sep 07, 2025",773448052,-,RCV000669995|RCV001175474|RCV001830444|RCV005091949|RCV005046884,"MONDO:MONDO:0009734,MedGen:C2931832,OMIM:256450,Orphanet:276575,Orphanet:276598|MedGen:CN169374||MedGen:C3661900|MONDO:MONDO:0009415,MedGen:C0271714,OMIM:240800;Human Phenotype Ontology:HP:0005965,Human Phenotype Ontology:HP:0005978,Human Phenotype Ontology:HP:0100652,MONDO:MONDO:0005148,MeSH:D003924,MedGen:C0011860,OMIM:125853;MONDO:MONDO:0030088,MedGen:C5394303,OMIM:618857;MONDO:MONDO:0009734,MedGen:C2931832,OMIM:256450,Orphanet:276575,Orphanet:276598;MONDO:MONDO:0012480,MedGen:C1835887,OMIM:610374,Orphanet:99886","Hyperinsulinemic hypoglycemia, familial, 1|not specified|Hereditary hyperinsulinism|not provided|Leucine-induced hypoglycemia;Type 2 diabetes mellitus;Diabetes mellitus, permanent neonatal 3;Hyperinsulinemic hypoglycemia, familial, 1;Diabetes mellitus, transient neonatal, 2",germline;unknown,germline,GRCh38,NC_000011.10,11,17395909,17395909,na,na,11p15.1,"criteria provided, multiple submitters, no conflicts",5,-,N,ClinGen:CA5902551,2,554372,17395909,C,T,-,-,-,-,-,-,SCV001339054|SCV005683377|SCV005836071,-,-
546158,single nucleotide variant,NM_000352.6(ABCC8):c.4132G>C (p.Gly1378Arg),6833,ABCC8,HGNC:59,Pathogenic/Likely pathogenic,1,"Oct 17, 2024",925231098,-,RCV000669782|RCV000710385|RCV003465494,"MONDO:MONDO:0009734,MedGen:C2931832,OMIM:256450,Orphanet:276575,Orphanet:276598|MedGen:C3661900|Human Phenotype Ontology:HP:0005965,Human Phenotype Ontology:HP:0005978,Human Phenotype Ontology:HP:0100652,MONDO:MONDO:0005148,MeSH:D003924,MedGen:C0011860,OMIM:125853","Hyperinsulinemic hypoglycemia, familial, 1|not provided|Type 2 diabetes mellitus",germline;unknown,germline,GRCh37,NC_000011.9,11,17417465,17417465,na,na,11p15.1,"criteria provided, multiple submitters, no conflicts",5,-,N,ClinGen:CA379788454,2,554195,17417465,C,G,-,-,-,-,-,-,SCV000840595|SCV003439708|SCV004198369|SCV005870242,-,-
546158,single nucleotide variant,NM_000352.6(ABCC8):c.4132G>C (p.Gly1378Arg),6833,ABCC8,HGNC:59,Pathogenic/Likely pathogenic,1,"Oct 17, 2024",925231098,-,RCV000669782|RCV000710385|RCV003465494,"MONDO:MONDO:0009734,MedGen:C2931832,OMIM:256450,Orphanet:276575,Orphanet:276598|MedGen:C3661900|Human Phenotype Ontology:HP:0005965,Human Phenotype Ontology:HP:0005978,Human Phenotype Ontology:HP:0100652,MONDO:MONDO:0005148,MeSH:D003924,MedGen:C0011860,OMIM:125853","Hyperinsulinemic hypoglycemia, familial, 1|not provided|Type 2 diabetes mellitus",germline;unknown,germline,GRCh38,NC_000011.10,11,17395918,17395918,na,na,11p15.1,"criteria provided, multiple submitters, no conflicts",5,-,N,ClinGen:CA379788454,2,554195,17395918,C,G,-,-,-,-,-,-,SCV000840595|SCV003439708|SCV004198369|SCV005870242,-,-
546162,single nucleotide variant,NM_000352.6(ABCC8):c.4097C>A (p.Ala1366Asp),6833,ABCC8,HGNC:59,Uncertain significance,0,"Jan 18, 2018",746811190,-,RCV000672178,"MONDO:MONDO:0009734,MedGen:C2931832,OMIM:256450,Orphanet:276575,Orphanet:276598","Hyperinsulinemic hypoglycemia, familial, 1",unknown,unknown,GRCh37,NC_000011.9,11,17418485,17418485,na,na,11p15.1,no assertion criteria provided,1,-,N,ClinGen:CA379790301,2,556207,17418485,G,T,-,-,-,-,-,-,SCV000797258,-,-
546162,single nucleotide variant,NM_000352.6(ABCC8):c.4097C>A (p.Ala1366Asp),6833,ABCC8,HGNC:59,Uncertain significance,0,"Jan 18, 2018",746811190,-,RCV000672178,"MONDO:MONDO:0009734,MedGen:C2931832,OMIM:256450,Orphanet:276575,Orphanet:276598","Hyperinsulinemic hypoglycemia, familial, 1",unknown,unknown,GRCh38,NC_000011.10,11,17396938,17396938,na,na,11p15.1,no assertion criteria provided,1,-,N,ClinGen:CA379790301,2,556207,17396938,G,T,-,-,-,-,-,-,SCV000797258,-,-
546163,single nucleotide variant,NM_000352.6(ABCC8):c.4012T>A (p.Trp1338Arg),6833,ABCC8,HGNC:59,Uncertain significance,0,"Jun 12, 2025",1554905805,-,RCV000674122|RCV002245576|RCV002245577|RCV005431868,"MONDO:MONDO:0009734,MedGen:C2931832,OMIM:256450,Orphanet:276575,Orphanet:276598|Human Phenotype Ontology:HP:0004904,MONDO:MONDO:0018911,MedGen:C0342276,OMIM:PS125850,Orphanet:552|Human Phenotype Ontology:HP:0008255,MONDO:MONDO:0020525,MedGen:C0342273|MedGen:CN169374","Hyperinsulinemic hypoglycemia, familial, 1|Maturity-onset diabetes of the young|Transitory neonatal diabetes mellitus|not specified",germline;somatic;unknown,germline/somatic,GRCh37,NC_000011.9,11,17418570,17418570,na,na,11p15.1,"criteria provided, multiple submitters, no conflicts",3,-,N,ClinGen:CA379791113,2,557922,17418570,A,T,-,-,-,-,-,-,SCV002513511|SCV002513513|SCV006102875,-,-
546163,single nucleotide variant,NM_000352.6(ABCC8):c.4012T>A (p.Trp1338Arg),6833,ABCC8,HGNC:59,Uncertain significance,0,"Jun 12, 2025",1554905805,-,RCV000674122|RCV002245576|RCV002245577|RCV005431868,"MONDO:MONDO:0009734,MedGen:C2931832,OMIM:256450,Orphanet:276575,Orphanet:276598|Human Phenotype Ontology:HP:0004904,MONDO:MONDO:0018911,MedGen:C0342276,OMIM:PS125850,Orphanet:552|Human Phenotype Ontology:HP:0008255,MONDO:MONDO:0020525,MedGen:C0342273|MedGen:CN169374","Hyperinsulinemic hypoglycemia, familial, 1|Maturity-onset diabetes of the young|Transitory neonatal diabetes mellitus|not specified",germline;somatic;unknown,germline/somatic,GRCh38,NC_000011.10,11,17397023,17397023,na,na,11p15.1,"criteria provided, multiple submitters, no conflicts",3,-,N,ClinGen:CA379791113,2,557922,17397023,A,T,-,-,-,-,-,-,SCV002513511|SCV002513513|SCV006102875,-,-
546166,single nucleotide variant,NM_000352.6(ABCC8):c.3905C>T (p.Ala1302Val),6833,ABCC8,HGNC:59,Uncertain significance,0,-,1340859533,-,RCV000666594|RCV002246129|RCV002246128|RCV005606686,"MONDO:MONDO:0009734,MedGen:C2931832,OMIM:256450,Orphanet:276575,Orphanet:276598|Human Phenotype Ontology:HP:0008255,MONDO:MONDO:0020525,MedGen:C0342273|Human Phenotype Ontology:HP:0004904,MONDO:MONDO:0018911,MedGen:C0342276,OMIM:PS125850,Orphanet:552|","Hyperinsulinemic hypoglycemia, familial, 1|Transitory neonatal diabetes mellitus|Maturity-onset diabetes of the young|Hereditary hyperinsulinism",germline;somatic;unknown,germline/somatic,GRCh37,NC_000011.9,11,17418823,17418823,na,na,11p15.1,"criteria provided, single submitter",3,-,N,ClinGen:CA379792410,2,551513,17418823,G,A,-,-,-,-,-,-,SCV002513529|SCV002513534,-,-
546166,single nucleotide variant,NM_000352.6(ABCC8):c.3905C>T (p.Ala1302Val),6833,ABCC8,HGNC:59,Uncertain significance,0,-,1340859533,-,RCV000666594|RCV002246129|RCV002246128|RCV005606686,"MONDO:MONDO:0009734,MedGen:C2931832,OMIM:256450,Orphanet:276575,Orphanet:276598|Human Phenotype Ontology:HP:0008255,MONDO:MONDO:0020525,MedGen:C0342273|Human Phenotype Ontology:HP:0004904,MONDO:MONDO:0018911,MedGen:C0342276,OMIM:PS125850,Orphanet:552|","Hyperinsulinemic hypoglycemia, familial, 1|Transitory neonatal diabetes mellitus|Maturity-onset diabetes of the young|Hereditary hyperinsulinism",germline;somatic;unknown,germline/somatic,GRCh38,NC_000011.10,11,17397276,17397276,na,na,11p15.1,"criteria provided, single submitter",3,-,N,ClinGen:CA379792410,2,551513,17397276,G,A,-,-,-,-,-,-,SCV002513529|SCV002513534,-,-
546168,single nucleotide variant,NM_000352.6(ABCC8):c.3763G>A (p.Gly1255Ser),6833,ABCC8,HGNC:59,Pathogenic/Likely pathogenic,1,"Oct 28, 2025",1185034563,-,RCV000667689|RCV001756130|RCV003459587|RCV006452820|RCV005614431,"MONDO:MONDO:0009734,MedGen:C2931832,OMIM:256450,Orphanet:276575,Orphanet:276598|MedGen:C3661900|Human Phenotype Ontology:HP:0005965,Human Phenotype Ontology:HP:0005978,Human Phenotype Ontology:HP:0100652,MONDO:MONDO:0005148,MeSH:D003924,MedGen:C0011860,OMIM:125853|MONDO:MONDO:0030088,MedGen:C5394303,OMIM:618857|","Hyperinsulinemic hypoglycemia, familial, 1|not provided|Type 2 diabetes mellitus|Diabetes mellitus, permanent neonatal 3|Hereditary hyperinsulinism",germline;unknown,germline,GRCh37,NC_000011.9,11,17419335,17419335,na,na,11p15.1,"criteria provided, multiple submitters, no conflicts",6,-,N,ClinGen:CA379793654,2,552431,17419335,C,T,-,-,-,-,-,-,SCV001986304|SCV003440270|SCV004205304|SCV007337953,-,-
546168,single nucleotide variant,NM_000352.6(ABCC8):c.3763G>A (p.Gly1255Ser),6833,ABCC8,HGNC:59,Pathogenic/Likely pathogenic,1,"Oct 28, 2025",1185034563,-,RCV000667689|RCV001756130|RCV003459587|RCV006452820|RCV005614431,"MONDO:MONDO:0009734,MedGen:C2931832,OMIM:256450,Orphanet:276575,Orphanet:276598|MedGen:C3661900|Human Phenotype Ontology:HP:0005965,Human Phenotype Ontology:HP:0005978,Human Phenotype Ontology:HP:0100652,MONDO:MONDO:0005148,MeSH:D003924,MedGen:C0011860,OMIM:125853|MONDO:MONDO:0030088,MedGen:C5394303,OMIM:618857|","Hyperinsulinemic hypoglycemia, familial, 1|not provided|Type 2 diabetes mellitus|Diabetes mellitus, permanent neonatal 3|Hereditary hyperinsulinism",germline;unknown,germline,GRCh38,NC_000011.10,11,17397788,17397788,na,na,11p15.1,"criteria provided, multiple submitters, no conflicts",6,-,N,ClinGen:CA379793654,2,552431,17397788,C,T,-,-,-,-,-,-,SCV001986304|SCV003440270|SCV004205304|SCV007337953,-,-
546170,Duplication,NM_000525.4(KCNJ11):c.1064dup (p.Leu356fs),3767,KCNJ11,HGNC:6257,Uncertain significance,1,-,1337406718,-,RCV002226730|RCV005430689,"Human Phenotype Ontology:HP:0004904,MONDO:MONDO:0018911,MedGen:C0342276,OMIM:PS125850,Orphanet:552|MONDO:MONDO:0012522,MedGen:C1864623,OMIM:610582,Orphanet:99886;MONDO:MONDO:0011153,MedGen:C2931833,OMIM:601820,Orphanet:276580,Orphanet:276603;MONDO:MONDO:0100165,MedGen:C5393570,OMIM:606176","Maturity-onset diabetes of the young|Diabetes mellitus, transient neonatal, 3;Hyperinsulinemic hypoglycemia, familial, 2;Permanent neonatal diabetes mellitus 1",somatic;unknown,somatic,GRCh37,NC_000011.9,11,17408574,17408575,na,na,11p15.1,"criteria provided, single submitter",2,-,N,ClinGen:CA597904287,2,555247,17408574,T,TA,-,-,-,-,-,-,SCV002505441,-,-
546170,Duplication,NM_000525.4(KCNJ11):c.1064dup (p.Leu356fs),3767,KCNJ11,HGNC:6257,Uncertain significance,1,-,1337406718,-,RCV002226730|RCV005430689,"Human Phenotype Ontology:HP:0004904,MONDO:MONDO:0018911,MedGen:C0342276,OMIM:PS125850,Orphanet:552|MONDO:MONDO:0012522,MedGen:C1864623,OMIM:610582,Orphanet:99886;MONDO:MONDO:0011153,MedGen:C2931833,OMIM:601820,Orphanet:276580,Orphanet:276603;MONDO:MONDO:0100165,MedGen:C5393570,OMIM:606176","Maturity-onset diabetes of the young|Diabetes mellitus, transient neonatal, 3;Hyperinsulinemic hypoglycemia, familial, 2;Permanent neonatal diabetes mellitus 1",somatic;unknown,somatic,GRCh38,NC_000011.10,11,17387027,17387028,na,na,11p15.1,"criteria provided, single submitter",2,-,N,ClinGen:CA597904287,2,555247,17387027,T,TA,-,-,-,-,-,-,SCV002505441,-,-
546172,single nucleotide variant,NM_000352.6(ABCC8):c.3753+1G>A,6833,ABCC8,HGNC:59,Conflicting classifications of pathogenicity,1,-,1554906786,-,RCV000667451|RCV002246131|RCV002246130|RCV002284423|RCV003446300,"MONDO:MONDO:0009734,MedGen:C2931832,OMIM:256450,Orphanet:276575,Orphanet:276598|Human Phenotype Ontology:HP:0008255,MONDO:MONDO:0020525,MedGen:C0342273|Human Phenotype Ontology:HP:0004904,MONDO:MONDO:0018911,MedGen:C0342276,OMIM:PS125850,Orphanet:552|Human Phenotype Ontology:HP:0001943,Human Phenotype Ontology:HP:0003356,MONDO:MONDO:0004946,MedGen:C0020615|MONDO:MONDO:0012480,MedGen:C1835887,OMIM:610374,Orphanet:99886","Hyperinsulinemic hypoglycemia, familial, 1|Transitory neonatal diabetes mellitus|Maturity-onset diabetes of the young|Hypoglycemia|Diabetes mellitus, transient neonatal, 2",germline;somatic;unknown,germline/somatic,GRCh37,NC_000011.9,11,17419885,17419885,na,na,11p15.1,"criteria provided, conflicting classifications",3,-,N,ClinGen:CA379793881,2,552226,17419885,C,T,-,-,-,-,-,-,SCV002513779|SCV002513781|SCV002573716,-,-
546172,single nucleotide variant,NM_000352.6(ABCC8):c.3753+1G>A,6833,ABCC8,HGNC:59,Conflicting classifications of pathogenicity,1,-,1554906786,-,RCV000667451|RCV002246131|RCV002246130|RCV002284423|RCV003446300,"MONDO:MONDO:0009734,MedGen:C2931832,OMIM:256450,Orphanet:276575,Orphanet:276598|Human Phenotype Ontology:HP:0008255,MONDO:MONDO:0020525,MedGen:C0342273|Human Phenotype Ontology:HP:0004904,MONDO:MONDO:0018911,MedGen:C0342276,OMIM:PS125850,Orphanet:552|Human Phenotype Ontology:HP:0001943,Human Phenotype Ontology:HP:0003356,MONDO:MONDO:0004946,MedGen:C0020615|MONDO:MONDO:0012480,MedGen:C1835887,OMIM:610374,Orphanet:99886","Hyperinsulinemic hypoglycemia, familial, 1|Transitory neonatal diabetes mellitus|Maturity-onset diabetes of the young|Hypoglycemia|Diabetes mellitus, transient neonatal, 2",germline;somatic;unknown,germline/somatic,GRCh38,NC_000011.10,11,17398338,17398338,na,na,11p15.1,"criteria provided, conflicting classifications",3,-,N,ClinGen:CA379793881,2,552226,17398338,C,T,-,-,-,-,-,-,SCV002513779|SCV002513781|SCV002573716,-,-
546173,single nucleotide variant,NM_000525.4(KCNJ11):c.970G>A (p.Gly324Arg),3767,KCNJ11,HGNC:6257,Likely risk allele,1,-,1193170151,-,RCV002227196|RCV005430424,"Human Phenotype Ontology:HP:0005965,Human Phenotype Ontology:HP:0005978,Human Phenotype Ontology:HP:0100652,MONDO:MONDO:0005148,MeSH:D003924,MedGen:C0011860,OMIM:125853|MONDO:MONDO:0100165,MedGen:C5393570,OMIM:606176;MONDO:MONDO:0011153,MedGen:C2931833,OMIM:601820,Orphanet:276580,Orphanet:276603;MONDO:MONDO:0012522,MedGen:C1864623,OMIM:610582,Orphanet:99886","Type 2 diabetes mellitus|Permanent neonatal diabetes mellitus 1;Hyperinsulinemic hypoglycemia, familial, 2;Diabetes mellitus, transient neonatal, 3",somatic;unknown,somatic,GRCh37,NC_000011.9,11,17408669,17408669,na,na,11p15.1,"criteria provided, single submitter",2,-,N,ClinGen:CA379769588,2,551025,17408669,C,T,-,-,-,-,-,-,SCV002505943,-,-
546173,single nucleotide variant,NM_000525.4(KCNJ11):c.970G>A (p.Gly324Arg),3767,KCNJ11,HGNC:6257,Likely risk allele,1,-,1193170151,-,RCV002227196|RCV005430424,"Human Phenotype Ontology:HP:0005965,Human Phenotype Ontology:HP:0005978,Human Phenotype Ontology:HP:0100652,MONDO:MONDO:0005148,MeSH:D003924,MedGen:C0011860,OMIM:125853|MONDO:MONDO:0100165,MedGen:C5393570,OMIM:606176;MONDO:MONDO:0011153,MedGen:C2931833,OMIM:601820,Orphanet:276580,Orphanet:276603;MONDO:MONDO:0012522,MedGen:C1864623,OMIM:610582,Orphanet:99886","Type 2 diabetes mellitus|Permanent neonatal diabetes mellitus 1;Hyperinsulinemic hypoglycemia, familial, 2;Diabetes mellitus, transient neonatal, 3",somatic;unknown,somatic,GRCh38,NC_000011.10,11,17387122,17387122,na,na,11p15.1,"criteria provided, single submitter",2,-,N,ClinGen:CA379769588,2,551025,17387122,C,T,-,-,-,-,-,-,SCV002505943,-,-
546178,Duplication,NM_000525.4(KCNJ11):c.718dup (p.Met240fs),3767,KCNJ11,HGNC:6257,Conflicting classifications of pathogenicity,1,"Mar 14, 2023",1554901718,-,RCV002226731|RCV003459625|RCV005430701,"Human Phenotype Ontology:HP:0004904,MONDO:MONDO:0018911,MedGen:C0342276,OMIM:PS125850,Orphanet:552|Human Phenotype Ontology:HP:0005965,Human Phenotype Ontology:HP:0005978,Human Phenotype Ontology:HP:0100652,MONDO:MONDO:0005148,MeSH:D003924,MedGen:C0011860,OMIM:125853|MONDO:MONDO:0100165,MedGen:C5393570,OMIM:606176;MONDO:MONDO:0011153,MedGen:C2931833,OMIM:601820,Orphanet:276580,Orphanet:276603;MONDO:MONDO:0012522,MedGen:C1864623,OMIM:610582,Orphanet:99886","Maturity-onset diabetes of the young|Type 2 diabetes mellitus|Permanent neonatal diabetes mellitus 1;Hyperinsulinemic hypoglycemia, familial, 2;Diabetes mellitus, transient neonatal, 3",somatic;unknown,somatic,GRCh37,NC_000011.9,11,17408920,17408921,na,na,11p15.1,"criteria provided, conflicting classifications",3,-,N,ClinGen:CA658822454,2,555590,17408920,A,AT,-,-,-,-,-,-,SCV002505415|SCV004198067,-,-
546178,Duplication,NM_000525.4(KCNJ11):c.718dup (p.Met240fs),3767,KCNJ11,HGNC:6257,Conflicting classifications of pathogenicity,1,"Mar 14, 2023",1554901718,-,RCV002226731|RCV003459625|RCV005430701,"Human Phenotype Ontology:HP:0004904,MONDO:MONDO:0018911,MedGen:C0342276,OMIM:PS125850,Orphanet:552|Human Phenotype Ontology:HP:0005965,Human Phenotype Ontology:HP:0005978,Human Phenotype Ontology:HP:0100652,MONDO:MONDO:0005148,MeSH:D003924,MedGen:C0011860,OMIM:125853|MONDO:MONDO:0100165,MedGen:C5393570,OMIM:606176;MONDO:MONDO:0011153,MedGen:C2931833,OMIM:601820,Orphanet:276580,Orphanet:276603;MONDO:MONDO:0012522,MedGen:C1864623,OMIM:610582,Orphanet:99886","Maturity-onset diabetes of the young|Type 2 diabetes mellitus|Permanent neonatal diabetes mellitus 1;Hyperinsulinemic hypoglycemia, familial, 2;Diabetes mellitus, transient neonatal, 3",somatic;unknown,somatic,GRCh38,NC_000011.10,11,17387373,17387374,na,na,11p15.1,"criteria provided, conflicting classifications",3,-,N,ClinGen:CA658822454,2,555590,17387373,A,AT,-,-,-,-,-,-,SCV002505415|SCV004198067,-,-
546182,single nucleotide variant,NM_000352.6(ABCC8):c.3736T>C (p.Trp1246Arg),6833,ABCC8,HGNC:59,Conflicting classifications of pathogenicity,1,"Jul 31, 2023",1554906790,-,RCV000672200|RCV001377217|RCV002245568|RCV002245567|RCV003465512,"MONDO:MONDO:0009734,MedGen:C2931832,OMIM:256450,Orphanet:276575,Orphanet:276598|MedGen:C3661900|Human Phenotype Ontology:HP:0008255,MONDO:MONDO:0020525,MedGen:C0342273|Human Phenotype Ontology:HP:0004904,MONDO:MONDO:0018911,MedGen:C0342276,OMIM:PS125850,Orphanet:552|Human Phenotype Ontology:HP:0005965,Human Phenotype Ontology:HP:0005978,Human Phenotype Ontology:HP:0100652,MONDO:MONDO:0005148,MeSH:D003924,MedGen:C0011860,OMIM:125853","Hyperinsulinemic hypoglycemia, familial, 1|not provided|Transitory neonatal diabetes mellitus|Maturity-onset diabetes of the young|Type 2 diabetes mellitus",germline;somatic;unknown,germline/somatic,GRCh37,NC_000011.9,11,17419903,17419903,na,na,11p15.1,"criteria provided, conflicting classifications",4,-,N,ClinGen:CA379794040,2,556225,17419903,A,G,-,-,-,-,-,-,SCV001574491|SCV002515383|SCV002515384|SCV004196355,-,-
546182,single nucleotide variant,NM_000352.6(ABCC8):c.3736T>C (p.Trp1246Arg),6833,ABCC8,HGNC:59,Conflicting classifications of pathogenicity,1,"Jul 31, 2023",1554906790,-,RCV000672200|RCV001377217|RCV002245568|RCV002245567|RCV003465512,"MONDO:MONDO:0009734,MedGen:C2931832,OMIM:256450,Orphanet:276575,Orphanet:276598|MedGen:C3661900|Human Phenotype Ontology:HP:0008255,MONDO:MONDO:0020525,MedGen:C0342273|Human Phenotype Ontology:HP:0004904,MONDO:MONDO:0018911,MedGen:C0342276,OMIM:PS125850,Orphanet:552|Human Phenotype Ontology:HP:0005965,Human Phenotype Ontology:HP:0005978,Human Phenotype Ontology:HP:0100652,MONDO:MONDO:0005148,MeSH:D003924,MedGen:C0011860,OMIM:125853","Hyperinsulinemic hypoglycemia, familial, 1|not provided|Transitory neonatal diabetes mellitus|Maturity-onset diabetes of the young|Type 2 diabetes mellitus",germline;somatic;unknown,germline/somatic,GRCh38,NC_000011.10,11,17398356,17398356,na,na,11p15.1,"criteria provided, conflicting classifications",4,-,N,ClinGen:CA379794040,2,556225,17398356,A,G,-,-,-,-,-,-,SCV001574491|SCV002515383|SCV002515384|SCV004196355,-,-
546183,Deletion,NM_000352.6(ABCC8):c.3243_3251del (p.Ser1082_Thr1084del),6833,ABCC8,HGNC:59,Uncertain significance,0,"May 05, 2025",1271445653,-,RCV000665097|RCV002250676|RCV002250675|RCV006250832,"MONDO:MONDO:0009734,MedGen:C2931832,OMIM:256450,Orphanet:276575,Orphanet:276598|Human Phenotype Ontology:HP:0008255,MONDO:MONDO:0020525,MedGen:C0342273|Human Phenotype Ontology:HP:0004904,MONDO:MONDO:0018911,MedGen:C0342276,OMIM:PS125850,Orphanet:552|MedGen:C3661900","Hyperinsulinemic hypoglycemia, familial, 1|Transitory neonatal diabetes mellitus|Maturity-onset diabetes of the young|not provided",germline;somatic;unknown,germline/somatic,GRCh37,NC_000011.9,11,17428247,17428255,na,na,11p15.1,"criteria provided, multiple submitters, no conflicts",3,-,N,ClinGen:CA597904313,2,550368,17428246,AGTGACAGAC,A,-,-,-,-,-,-,SCV002520741|SCV002520743|SCV007099202,-,-
546183,Deletion,NM_000352.6(ABCC8):c.3243_3251del (p.Ser1082_Thr1084del),6833,ABCC8,HGNC:59,Uncertain significance,0,"May 05, 2025",1271445653,-,RCV000665097|RCV002250676|RCV002250675|RCV006250832,"MONDO:MONDO:0009734,MedGen:C2931832,OMIM:256450,Orphanet:276575,Orphanet:276598|Human Phenotype Ontology:HP:0008255,MONDO:MONDO:0020525,MedGen:C0342273|Human Phenotype Ontology:HP:0004904,MONDO:MONDO:0018911,MedGen:C0342276,OMIM:PS125850,Orphanet:552|MedGen:C3661900","Hyperinsulinemic hypoglycemia, familial, 1|Transitory neonatal diabetes mellitus|Maturity-onset diabetes of the young|not provided",germline;somatic;unknown,germline/somatic,GRCh38,NC_000011.10,11,17406700,17406708,na,na,11p15.1,"criteria provided, multiple submitters, no conflicts",3,-,N,ClinGen:CA597904313,2,550368,17406699,AGTGACAGAC,A,-,-,-,-,-,-,SCV002520741|SCV002520743|SCV007099202,-,-
546185,Microsatellite,NM_000352.6(ABCC8):c.2835_2838del (p.Arg946fs),6833,ABCC8,HGNC:59,Pathogenic,1,"Sep 08, 2023",1554913069,-,RCV000673056|RCV002251510|RCV003151133|RCV004556814,"MONDO:MONDO:0009734,MedGen:C2931832,OMIM:256450,Orphanet:276575,Orphanet:276598|Human Phenotype Ontology:HP:0004904,MONDO:MONDO:0018911,MedGen:C0342276,OMIM:PS125850,Orphanet:552|MedGen:C3661900|MONDO:MONDO:0016391,MedGen:C0158981,Orphanet:224","Hyperinsulinemic hypoglycemia, familial, 1|Maturity-onset diabetes of the young|not provided|Neonatal diabetes mellitus",germline;unknown,germline,GRCh37,NC_000011.9,11,17428983,17428986,na,na,11p15.1,"criteria provided, multiple submitters, no conflicts",6,-,N,ClinGen:CA658822178,2,556981,17428982,TTCTC,T,-,-,-,-,-,-,SCV001361439|SCV003933575|SCV004295381,-,-
546185,Microsatellite,NM_000352.6(ABCC8):c.2835_2838del (p.Arg946fs),6833,ABCC8,HGNC:59,Pathogenic,1,"Sep 08, 2023",1554913069,-,RCV000673056|RCV002251510|RCV003151133|RCV004556814,"MONDO:MONDO:0009734,MedGen:C2931832,OMIM:256450,Orphanet:276575,Orphanet:276598|Human Phenotype Ontology:HP:0004904,MONDO:MONDO:0018911,MedGen:C0342276,OMIM:PS125850,Orphanet:552|MedGen:C3661900|MONDO:MONDO:0016391,MedGen:C0158981,Orphanet:224","Hyperinsulinemic hypoglycemia, familial, 1|Maturity-onset diabetes of the young|not provided|Neonatal diabetes mellitus",germline;unknown,germline,GRCh38,NC_000011.10,11,17407436,17407439,na,na,11p15.1,"criteria provided, multiple submitters, no conflicts",6,-,N,ClinGen:CA658822178,2,556981,17407435,TTCTC,T,-,-,-,-,-,-,SCV001361439|SCV003933575|SCV004295381,-,-
546187,single nucleotide variant,NM_000525.4(KCNJ11):c.662G>A (p.Arg221His),3767,KCNJ11,HGNC:6257,Uncertain significance,0,"Apr 24, 2024",768909861,-,RCV001868266|RCV002227204|RCV002493114|RCV002532135|RCV005430747,"MedGen:C3661900|Human Phenotype Ontology:HP:0000842,MONDO:MONDO:0002177,MedGen:C0020459|Human Phenotype Ontology:HP:0005965,Human Phenotype Ontology:HP:0005978,Human Phenotype Ontology:HP:0100652,MONDO:MONDO:0005148,MeSH:D003924,MedGen:C0011860,OMIM:125853;MONDO:MONDO:0030087,MedGen:C5394296,OMIM:618856;MONDO:MONDO:0014589,MedGen:C4225365,OMIM:616329,Orphanet:552;MONDO:MONDO:0011153,MedGen:C2931833,OMIM:601820,Orphanet:276580,Orphanet:276603;MONDO:MONDO:0012522,MedGen:C1864623,OMIM:610582,Orphanet:99886|MeSH:D030342,MedGen:C0950123|MONDO:MONDO:0100165,MedGen:C5393570,OMIM:606176;MONDO:MONDO:0011153,MedGen:C2931833,OMIM:601820,Orphanet:276580,Orphanet:276603;MONDO:MONDO:0012522,MedGen:C1864623,OMIM:610582,Orphanet:99886","not provided|Hyperinsulinemia|Type 2 diabetes mellitus;Diabetes mellitus, permanent neonatal 2;Maturity-onset diabetes of the young type 13;Hyperinsulinemic hypoglycemia, familial, 2;Diabetes mellitus, transient neonatal, 3|Inborn genetic diseases|Permanent neonatal diabetes mellitus 1;Hyperinsulinemic hypoglycemia, familial, 2;Diabetes mellitus, transient neonatal, 3",germline;somatic;unknown,germline/somatic,GRCh37,NC_000011.9,11,17408977,17408977,na,na,11p15.1,"criteria provided, multiple submitters, no conflicts",5,-,N,ClinGen:CA5902266,2,556784,17408977,C,T,-,-,-,-,-,-,SCV002293773|SCV002505957|SCV002779602|SCV003679177,-,-
546187,single nucleotide variant,NM_000525.4(KCNJ11):c.662G>A (p.Arg221His),3767,KCNJ11,HGNC:6257,Uncertain significance,0,"Apr 24, 2024",768909861,-,RCV001868266|RCV002227204|RCV002493114|RCV002532135|RCV005430747,"MedGen:C3661900|Human Phenotype Ontology:HP:0000842,MONDO:MONDO:0002177,MedGen:C0020459|Human Phenotype Ontology:HP:0005965,Human Phenotype Ontology:HP:0005978,Human Phenotype Ontology:HP:0100652,MONDO:MONDO:0005148,MeSH:D003924,MedGen:C0011860,OMIM:125853;MONDO:MONDO:0030087,MedGen:C5394296,OMIM:618856;MONDO:MONDO:0014589,MedGen:C4225365,OMIM:616329,Orphanet:552;MONDO:MONDO:0011153,MedGen:C2931833,OMIM:601820,Orphanet:276580,Orphanet:276603;MONDO:MONDO:0012522,MedGen:C1864623,OMIM:610582,Orphanet:99886|MeSH:D030342,MedGen:C0950123|MONDO:MONDO:0100165,MedGen:C5393570,OMIM:606176;MONDO:MONDO:0011153,MedGen:C2931833,OMIM:601820,Orphanet:276580,Orphanet:276603;MONDO:MONDO:0012522,MedGen:C1864623,OMIM:610582,Orphanet:99886","not provided|Hyperinsulinemia|Type 2 diabetes mellitus;Diabetes mellitus, permanent neonatal 2;Maturity-onset diabetes of the young type 13;Hyperinsulinemic hypoglycemia, familial, 2;Diabetes mellitus, transient neonatal, 3|Inborn genetic diseases|Permanent neonatal diabetes mellitus 1;Hyperinsulinemic hypoglycemia, familial, 2;Diabetes mellitus, transient neonatal, 3",germline;somatic;unknown,germline/somatic,GRCh38,NC_000011.10,11,17387430,17387430,na,na,11p15.1,"criteria provided, multiple submitters, no conflicts",5,-,N,ClinGen:CA5902266,2,556784,17387430,C,T,-,-,-,-,-,-,SCV002293773|SCV002505957|SCV002779602|SCV003679177,-,-
546188,single nucleotide variant,NM_000525.4(KCNJ11):c.575G>A (p.Arg192His),3767,KCNJ11,HGNC:6257,Conflicting classifications of pathogenicity,1,"Aug 01, 2025",750778014,-,RCV002493095|RCV002271555|RCV005430574|RCV004797855|RCV005357890,"Human Phenotype Ontology:HP:0005965,Human Phenotype Ontology:HP:0005978,Human Phenotype Ontology:HP:0100652,MONDO:MONDO:0005148,MeSH:D003924,MedGen:C0011860,OMIM:125853;MONDO:MONDO:0030087,MedGen:C5394296,OMIM:618856;MONDO:MONDO:0014589,MedGen:C4225365,OMIM:616329,Orphanet:552;MONDO:MONDO:0011153,MedGen:C2931833,OMIM:601820,Orphanet:276580,Orphanet:276603;MONDO:MONDO:0012522,MedGen:C1864623,OMIM:610582,Orphanet:99886|Human Phenotype Ontology:HP:0004904,MONDO:MONDO:0018911,MedGen:C0342276,OMIM:PS125850,Orphanet:552|MONDO:MONDO:0100165,MedGen:C5393570,OMIM:606176;MONDO:MONDO:0011153,MedGen:C2931833,OMIM:601820,Orphanet:276580,Orphanet:276603;MONDO:MONDO:0012522,MedGen:C1864623,OMIM:610582,Orphanet:99886|MedGen:C3661900|MONDO:MONDO:0030087,MedGen:C5394296,OMIM:618856;MONDO:MONDO:0014589,MedGen:C4225365,OMIM:616329,Orphanet:552;MONDO:MONDO:0012522,MedGen:C1864623,OMIM:610582,Orphanet:99886","Type 2 diabetes mellitus;Diabetes mellitus, permanent neonatal 2;Maturity-onset diabetes of the young type 13;Hyperinsulinemic hypoglycemia, familial, 2;Diabetes mellitus, transient neonatal, 3|Maturity-onset diabetes of the young|Permanent neonatal diabetes mellitus 1;Hyperinsulinemic hypoglycemia, familial, 2;Diabetes mellitus, transient neonatal, 3|not provided|Diabetes mellitus, permanent neonatal 2;Maturity-onset diabetes of the young type 13;Diabetes mellitus, transient neonatal, 3",germline;unknown,germline,GRCh37,NC_000011.9,11,17409064,17409064,na,na,11p15.1,"criteria provided, conflicting classifications",6,-,N,ClinGen:CA5902279,2,552480,17409064,C,T,-,-,-,-,-,-,SCV002505940|SCV002789540|SCV005420045|SCV005918621|SCV006329348,-,-
546188,single nucleotide variant,NM_000525.4(KCNJ11):c.575G>A (p.Arg192His),3767,KCNJ11,HGNC:6257,Conflicting classifications of pathogenicity,1,"Aug 01, 2025",750778014,-,RCV002493095|RCV002271555|RCV005430574|RCV004797855|RCV005357890,"Human Phenotype Ontology:HP:0005965,Human Phenotype Ontology:HP:0005978,Human Phenotype Ontology:HP:0100652,MONDO:MONDO:0005148,MeSH:D003924,MedGen:C0011860,OMIM:125853;MONDO:MONDO:0030087,MedGen:C5394296,OMIM:618856;MONDO:MONDO:0014589,MedGen:C4225365,OMIM:616329,Orphanet:552;MONDO:MONDO:0011153,MedGen:C2931833,OMIM:601820,Orphanet:276580,Orphanet:276603;MONDO:MONDO:0012522,MedGen:C1864623,OMIM:610582,Orphanet:99886|Human Phenotype Ontology:HP:0004904,MONDO:MONDO:0018911,MedGen:C0342276,OMIM:PS125850,Orphanet:552|MONDO:MONDO:0100165,MedGen:C5393570,OMIM:606176;MONDO:MONDO:0011153,MedGen:C2931833,OMIM:601820,Orphanet:276580,Orphanet:276603;MONDO:MONDO:0012522,MedGen:C1864623,OMIM:610582,Orphanet:99886|MedGen:C3661900|MONDO:MONDO:0030087,MedGen:C5394296,OMIM:618856;MONDO:MONDO:0014589,MedGen:C4225365,OMIM:616329,Orphanet:552;MONDO:MONDO:0012522,MedGen:C1864623,OMIM:610582,Orphanet:99886","Type 2 diabetes mellitus;Diabetes mellitus, permanent neonatal 2;Maturity-onset diabetes of the young type 13;Hyperinsulinemic hypoglycemia, familial, 2;Diabetes mellitus, transient neonatal, 3|Maturity-onset diabetes of the young|Permanent neonatal diabetes mellitus 1;Hyperinsulinemic hypoglycemia, familial, 2;Diabetes mellitus, transient neonatal, 3|not provided|Diabetes mellitus, permanent neonatal 2;Maturity-onset diabetes of the young type 13;Diabetes mellitus, transient neonatal, 3",germline;unknown,germline,GRCh38,NC_000011.10,11,17387517,17387517,na,na,11p15.1,"criteria provided, conflicting classifications",6,-,N,ClinGen:CA5902279,2,552480,17387517,C,T,-,-,-,-,-,-,SCV002505940|SCV002789540|SCV005420045|SCV005918621|SCV006329348,-,-
546190,single nucleotide variant,NM_000352.6(ABCC8):c.2522G>A (p.Arg841Gln),6833,ABCC8,HGNC:59,Conflicting classifications of pathogenicity,1,"Jun 24, 2025",547150342,-,RCV000669690|RCV001861780|RCV002245557|RCV003472116|RCV004556812|RCV005049645|RCV005431861,"MONDO:MONDO:0009734,MedGen:C2931832,OMIM:256450,Orphanet:276575,Orphanet:276598|MedGen:C3661900|Human Phenotype Ontology:HP:0004904,MONDO:MONDO:0018911,MedGen:C0342276,OMIM:PS125850,Orphanet:552|Human Phenotype Ontology:HP:0005965,Human Phenotype Ontology:HP:0005978,Human Phenotype Ontology:HP:0100652,MONDO:MONDO:0005148,MeSH:D003924,MedGen:C0011860,OMIM:125853|MONDO:MONDO:0016391,MedGen:C0158981,Orphanet:224|MONDO:MONDO:0009415,MedGen:C0271714,OMIM:240800;Human Phenotype Ontology:HP:0005965,Human Phenotype Ontology:HP:0005978,Human Phenotype Ontology:HP:0100652,MONDO:MONDO:0005148,MeSH:D003924,MedGen:C0011860,OMIM:125853;MONDO:MONDO:0030088,MedGen:C5394303,OMIM:618857;MONDO:MONDO:0009734,MedGen:C2931832,OMIM:256450,Orphanet:276575,Orphanet:276598;MONDO:MONDO:0012480,MedGen:C1835887,OMIM:610374,Orphanet:99886|MONDO:MONDO:0017182,MedGen:C3888018,Orphanet:276525","Hyperinsulinemic hypoglycemia, familial, 1|not provided|Maturity-onset diabetes of the young|Type 2 diabetes mellitus|Neonatal diabetes mellitus|Leucine-induced hypoglycemia;Type 2 diabetes mellitus;Diabetes mellitus, permanent neonatal 3;Hyperinsulinemic hypoglycemia, familial, 1;Diabetes mellitus, transient neonatal, 2|Familial hyperinsulinism",germline;somatic;unknown,germline/somatic,GRCh37,NC_000011.9,11,17434247,17434247,na,na,11p15.1,"criteria provided, conflicting classifications",8,-,N,ClinGen:CA5903102,2,554121,17434247,C,T,-,-,-,-,-,-,SCV001160745|SCV001440562|SCV002233264|SCV002515469|SCV002515470|SCV004202037|SCV005676336|SCV006103121,-,-
546190,single nucleotide variant,NM_000352.6(ABCC8):c.2522G>A (p.Arg841Gln),6833,ABCC8,HGNC:59,Conflicting classifications of pathogenicity,1,"Jun 24, 2025",547150342,-,RCV000669690|RCV001861780|RCV002245557|RCV003472116|RCV004556812|RCV005049645|RCV005431861,"MONDO:MONDO:0009734,MedGen:C2931832,OMIM:256450,Orphanet:276575,Orphanet:276598|MedGen:C3661900|Human Phenotype Ontology:HP:0004904,MONDO:MONDO:0018911,MedGen:C0342276,OMIM:PS125850,Orphanet:552|Human Phenotype Ontology:HP:0005965,Human Phenotype Ontology:HP:0005978,Human Phenotype Ontology:HP:0100652,MONDO:MONDO:0005148,MeSH:D003924,MedGen:C0011860,OMIM:125853|MONDO:MONDO:0016391,MedGen:C0158981,Orphanet:224|MONDO:MONDO:0009415,MedGen:C0271714,OMIM:240800;Human Phenotype Ontology:HP:0005965,Human Phenotype Ontology:HP:0005978,Human Phenotype Ontology:HP:0100652,MONDO:MONDO:0005148,MeSH:D003924,MedGen:C0011860,OMIM:125853;MONDO:MONDO:0030088,MedGen:C5394303,OMIM:618857;MONDO:MONDO:0009734,MedGen:C2931832,OMIM:256450,Orphanet:276575,Orphanet:276598;MONDO:MONDO:0012480,MedGen:C1835887,OMIM:610374,Orphanet:99886|MONDO:MONDO:0017182,MedGen:C3888018,Orphanet:276525","Hyperinsulinemic hypoglycemia, familial, 1|not provided|Maturity-onset diabetes of the young|Type 2 diabetes mellitus|Neonatal diabetes mellitus|Leucine-induced hypoglycemia;Type 2 diabetes mellitus;Diabetes mellitus, permanent neonatal 3;Hyperinsulinemic hypoglycemia, familial, 1;Diabetes mellitus, transient neonatal, 2|Familial hyperinsulinism",germline;somatic;unknown,germline/somatic,GRCh38,NC_000011.10,11,17412700,17412700,na,na,11p15.1,"criteria provided, conflicting classifications",8,-,N,ClinGen:CA5903102,2,554121,17412700,C,T,-,-,-,-,-,-,SCV001160745|SCV001440562|SCV002233264|SCV002515469|SCV002515470|SCV004202037|SCV005676336|SCV006103121,-,-
546191,single nucleotide variant,NM_000352.6(ABCC8):c.2222+1G>T,6833,ABCC8,HGNC:59,Pathogenic,1,"Nov 20, 2020",1554923999,-,RCV000668105|RCV000710376|RCV000780810,"MONDO:MONDO:0009734,MedGen:C2931832,OMIM:256450,Orphanet:276575,Orphanet:276598|MedGen:C3661900|MONDO:MONDO:0017182,MedGen:C3888018,Orphanet:276525","Hyperinsulinemic hypoglycemia, familial, 1|not provided|Familial hyperinsulinism",germline;unknown,germline,GRCh37,NC_000011.9,11,17448595,17448595,na,na,11p15.1,"criteria provided, multiple submitters, no conflicts",3,-,N,ClinGen:CA379813382,2,552779,17448595,C,A,-,-,-,-,-,-,SCV000840586|SCV000918372,-,-
546191,single nucleotide variant,NM_000352.6(ABCC8):c.2222+1G>T,6833,ABCC8,HGNC:59,Pathogenic,1,"Nov 20, 2020",1554923999,-,RCV000668105|RCV000710376|RCV000780810,"MONDO:MONDO:0009734,MedGen:C2931832,OMIM:256450,Orphanet:276575,Orphanet:276598|MedGen:C3661900|MONDO:MONDO:0017182,MedGen:C3888018,Orphanet:276525","Hyperinsulinemic hypoglycemia, familial, 1|not provided|Familial hyperinsulinism",germline;unknown,germline,GRCh38,NC_000011.10,11,17427048,17427048,na,na,11p15.1,"criteria provided, multiple submitters, no conflicts",3,-,N,ClinGen:CA379813382,2,552779,17427048,C,A,-,-,-,-,-,-,SCV000840586|SCV000918372,-,-
546193,single nucleotide variant,NM_000525.4(KCNJ11):c.560C>T (p.Ala187Val),3767,KCNJ11,HGNC:6257,Pathogenic/Likely pathogenic,1,"Jul 11, 2025",1371185696,-,RCV002227197|RCV001868211|RCV005430432|RCV005901446,"Human Phenotype Ontology:HP:0004904,MONDO:MONDO:0018911,MedGen:C0342276,OMIM:PS125850,Orphanet:552|MedGen:C3661900|MONDO:MONDO:0012522,MedGen:C1864623,OMIM:610582,Orphanet:99886;MONDO:MONDO:0011153,MedGen:C2931833,OMIM:601820,Orphanet:276580,Orphanet:276603;MONDO:MONDO:0100165,MedGen:C5393570,OMIM:606176|MONDO:MONDO:0017182,MedGen:C3888018,Orphanet:276525","Maturity-onset diabetes of the young|not provided|Diabetes mellitus, transient neonatal, 3;Hyperinsulinemic hypoglycemia, familial, 2;Permanent neonatal diabetes mellitus 1|Familial hyperinsulinism",germline;somatic;unknown,germline/somatic,GRCh37,NC_000011.9,11,17409079,17409079,na,na,11p15.1,"criteria provided, multiple submitters, no conflicts",4,-,N,ClinGen:CA379772664,2,551187,17409079,G,A,-,-,-,-,-,-,SCV002280896|SCV006070731,-,-
546193,single nucleotide variant,NM_000525.4(KCNJ11):c.560C>T (p.Ala187Val),3767,KCNJ11,HGNC:6257,Pathogenic/Likely pathogenic,1,"Jul 11, 2025",1371185696,-,RCV002227197|RCV001868211|RCV005430432|RCV005901446,"Human Phenotype Ontology:HP:0004904,MONDO:MONDO:0018911,MedGen:C0342276,OMIM:PS125850,Orphanet:552|MedGen:C3661900|MONDO:MONDO:0012522,MedGen:C1864623,OMIM:610582,Orphanet:99886;MONDO:MONDO:0011153,MedGen:C2931833,OMIM:601820,Orphanet:276580,Orphanet:276603;MONDO:MONDO:0100165,MedGen:C5393570,OMIM:606176|MONDO:MONDO:0017182,MedGen:C3888018,Orphanet:276525","Maturity-onset diabetes of the young|not provided|Diabetes mellitus, transient neonatal, 3;Hyperinsulinemic hypoglycemia, familial, 2;Permanent neonatal diabetes mellitus 1|Familial hyperinsulinism",germline;somatic;unknown,germline/somatic,GRCh38,NC_000011.10,11,17387532,17387532,na,na,11p15.1,"criteria provided, multiple submitters, no conflicts",4,-,N,ClinGen:CA379772664,2,551187,17387532,G,A,-,-,-,-,-,-,SCV002280896|SCV006070731,-,-
546194,single nucleotide variant,NM_000525.4(KCNJ11):c.527G>A (p.Arg176His),3767,KCNJ11,HGNC:6257,Uncertain significance,0,"Mar 16, 2022",1266231295,-,RCV002227202|RCV002493109|RCV005430713,"Human Phenotype Ontology:HP:0004904,MONDO:MONDO:0018911,MedGen:C0342276,OMIM:PS125850,Orphanet:552|Human Phenotype Ontology:HP:0005965,Human Phenotype Ontology:HP:0005978,Human Phenotype Ontology:HP:0100652,MONDO:MONDO:0005148,MeSH:D003924,MedGen:C0011860,OMIM:125853;MONDO:MONDO:0030087,MedGen:C5394296,OMIM:618856;MONDO:MONDO:0014589,MedGen:C4225365,OMIM:616329,Orphanet:552;MONDO:MONDO:0011153,MedGen:C2931833,OMIM:601820,Orphanet:276580,Orphanet:276603;MONDO:MONDO:0012522,MedGen:C1864623,OMIM:610582,Orphanet:99886|MONDO:MONDO:0100165,MedGen:C5393570,OMIM:606176;MONDO:MONDO:0011153,MedGen:C2931833,OMIM:601820,Orphanet:276580,Orphanet:276603;MONDO:MONDO:0012522,MedGen:C1864623,OMIM:610582,Orphanet:99886","Maturity-onset diabetes of the young|Type 2 diabetes mellitus;Diabetes mellitus, permanent neonatal 2;Maturity-onset diabetes of the young type 13;Hyperinsulinemic hypoglycemia, familial, 2;Diabetes mellitus, transient neonatal, 3|Permanent neonatal diabetes mellitus 1;Hyperinsulinemic hypoglycemia, familial, 2;Diabetes mellitus, transient neonatal, 3",somatic;unknown,somatic,GRCh37,NC_000011.9,11,17409112,17409112,na,na,11p15.1,"criteria provided, multiple submitters, no conflicts",3,-,N,ClinGen:CA379773008,2,555940,17409112,C,T,-,-,-,-,-,-,SCV002505939|SCV002788911,-,-
546194,single nucleotide variant,NM_000525.4(KCNJ11):c.527G>A (p.Arg176His),3767,KCNJ11,HGNC:6257,Uncertain significance,0,"Mar 16, 2022",1266231295,-,RCV002227202|RCV002493109|RCV005430713,"Human Phenotype Ontology:HP:0004904,MONDO:MONDO:0018911,MedGen:C0342276,OMIM:PS125850,Orphanet:552|Human Phenotype Ontology:HP:0005965,Human Phenotype Ontology:HP:0005978,Human Phenotype Ontology:HP:0100652,MONDO:MONDO:0005148,MeSH:D003924,MedGen:C0011860,OMIM:125853;MONDO:MONDO:0030087,MedGen:C5394296,OMIM:618856;MONDO:MONDO:0014589,MedGen:C4225365,OMIM:616329,Orphanet:552;MONDO:MONDO:0011153,MedGen:C2931833,OMIM:601820,Orphanet:276580,Orphanet:276603;MONDO:MONDO:0012522,MedGen:C1864623,OMIM:610582,Orphanet:99886|MONDO:MONDO:0100165,MedGen:C5393570,OMIM:606176;MONDO:MONDO:0011153,MedGen:C2931833,OMIM:601820,Orphanet:276580,Orphanet:276603;MONDO:MONDO:0012522,MedGen:C1864623,OMIM:610582,Orphanet:99886","Maturity-onset diabetes of the young|Type 2 diabetes mellitus;Diabetes mellitus, permanent neonatal 2;Maturity-onset diabetes of the young type 13;Hyperinsulinemic hypoglycemia, familial, 2;Diabetes mellitus, transient neonatal, 3|Permanent neonatal diabetes mellitus 1;Hyperinsulinemic hypoglycemia, familial, 2;Diabetes mellitus, transient neonatal, 3",somatic;unknown,somatic,GRCh38,NC_000011.10,11,17387565,17387565,na,na,11p15.1,"criteria provided, multiple submitters, no conflicts",3,-,N,ClinGen:CA379773008,2,555940,17387565,C,T,-,-,-,-,-,-,SCV002505939|SCV002788911,-,-
546196,single nucleotide variant,NM_000352.6(ABCC8):c.2116+1G>A,6833,ABCC8,HGNC:59,Uncertain significance,1,-,1554924540,-,RCV000666201|RCV002251499|RCV002251500,"MONDO:MONDO:0009734,MedGen:C2931832,OMIM:256450,Orphanet:276575,Orphanet:276598|Human Phenotype Ontology:HP:0004904,MONDO:MONDO:0018911,MedGen:C0342276,OMIM:PS125850,Orphanet:552|Human Phenotype Ontology:HP:0008255,MONDO:MONDO:0020525,MedGen:C0342273","Hyperinsulinemic hypoglycemia, familial, 1|Maturity-onset diabetes of the young|Transitory neonatal diabetes mellitus",unknown,unknown,GRCh37,NC_000011.9,11,17449413,17449413,na,na,11p15.1,"criteria provided, single submitter",2,-,N,ClinGen:CA379814667,2,551206,17449413,C,T,-,-,-,-,-,-,SCV002522269|SCV002522270,-,-
546196,single nucleotide variant,NM_000352.6(ABCC8):c.2116+1G>A,6833,ABCC8,HGNC:59,Uncertain significance,1,-,1554924540,-,RCV000666201|RCV002251499|RCV002251500,"MONDO:MONDO:0009734,MedGen:C2931832,OMIM:256450,Orphanet:276575,Orphanet:276598|Human Phenotype Ontology:HP:0004904,MONDO:MONDO:0018911,MedGen:C0342276,OMIM:PS125850,Orphanet:552|Human Phenotype Ontology:HP:0008255,MONDO:MONDO:0020525,MedGen:C0342273","Hyperinsulinemic hypoglycemia, familial, 1|Maturity-onset diabetes of the young|Transitory neonatal diabetes mellitus",unknown,unknown,GRCh38,NC_000011.10,11,17427866,17427866,na,na,11p15.1,"criteria provided, single submitter",2,-,N,ClinGen:CA379814667,2,551206,17427866,C,T,-,-,-,-,-,-,SCV002522269|SCV002522270,-,-
546197,single nucleotide variant,NM_000352.6(ABCC8):c.2041-25G>A,6833,ABCC8,HGNC:59,Uncertain significance,0,-,1554924660,-,RCV000672137|RCV002267014|RCV002267013,"MONDO:MONDO:0009734,MedGen:C2931832,OMIM:256450,Orphanet:276575,Orphanet:276598|Human Phenotype Ontology:HP:0008255,MONDO:MONDO:0020525,MedGen:C0342273|Human Phenotype Ontology:HP:0004904,MONDO:MONDO:0018911,MedGen:C0342276,OMIM:PS125850,Orphanet:552","Hyperinsulinemic hypoglycemia, familial, 1|Transitory neonatal diabetes mellitus|Maturity-onset diabetes of the young",unknown,unknown,GRCh37,NC_000011.9,11,17449514,17449514,na,na,11p15.1,"criteria provided, single submitter",2,-,N,ClinGen:CA658822183,2,556172,17449514,C,T,-,-,-,-,-,-,SCV002522285|SCV002522287,-,-
546197,single nucleotide variant,NM_000352.6(ABCC8):c.2041-25G>A,6833,ABCC8,HGNC:59,Uncertain significance,0,-,1554924660,-,RCV000672137|RCV002267014|RCV002267013,"MONDO:MONDO:0009734,MedGen:C2931832,OMIM:256450,Orphanet:276575,Orphanet:276598|Human Phenotype Ontology:HP:0008255,MONDO:MONDO:0020525,MedGen:C0342273|Human Phenotype Ontology:HP:0004904,MONDO:MONDO:0018911,MedGen:C0342276,OMIM:PS125850,Orphanet:552","Hyperinsulinemic hypoglycemia, familial, 1|Transitory neonatal diabetes mellitus|Maturity-onset diabetes of the young",unknown,unknown,GRCh38,NC_000011.10,11,17427967,17427967,na,na,11p15.1,"criteria provided, single submitter",2,-,N,ClinGen:CA658822183,2,556172,17427967,C,T,-,-,-,-,-,-,SCV002522285|SCV002522287,-,-
546198,single nucleotide variant,NM_000352.6(ABCC8):c.1970G>A (p.Arg657Gln),6833,ABCC8,HGNC:59,Uncertain significance,0,"Jul 25, 2024",755707550,-,RCV000668087|RCV002467983|RCV002267005|RCV002267004|RCV002485544|RCV002509497|RCV002530735|RCV004957980,"MONDO:MONDO:0009734,MedGen:C2931832,OMIM:256450,Orphanet:276575,Orphanet:276598|Human Phenotype Ontology:HP:0005965,Human Phenotype Ontology:HP:0005978,Human Phenotype Ontology:HP:0100652,MONDO:MONDO:0005148,MeSH:D003924,MedGen:C0011860,OMIM:125853|Human Phenotype Ontology:HP:0008255,MONDO:MONDO:0020525,MedGen:C0342273|Human Phenotype Ontology:HP:0004904,MONDO:MONDO:0018911,MedGen:C0342276,OMIM:PS125850,Orphanet:552|MONDO:MONDO:0009415,MedGen:C0271714,OMIM:240800;Human Phenotype Ontology:HP:0005965,Human Phenotype Ontology:HP:0005978,Human Phenotype Ontology:HP:0100652,MONDO:MONDO:0005148,MeSH:D003924,MedGen:C0011860,OMIM:125853;MONDO:MONDO:0030088,MedGen:C5394303,OMIM:618857;MONDO:MONDO:0009734,MedGen:C2931832,OMIM:256450,Orphanet:276575,Orphanet:276598;MONDO:MONDO:0012480,MedGen:C1835887,OMIM:610374,Orphanet:99886|MedGen:CN169374|MedGen:C3661900|MeSH:D030342,MedGen:C0950123","Hyperinsulinemic hypoglycemia, familial, 1|Type 2 diabetes mellitus|Transitory neonatal diabetes mellitus|Maturity-onset diabetes of the young|Leucine-induced hypoglycemia;Type 2 diabetes mellitus;Diabetes mellitus, permanent neonatal 3;Hyperinsulinemic hypoglycemia, familial, 1;Diabetes mellitus, transient neonatal, 2|not specified|not provided|Inborn genetic diseases",germline;unknown,germline,GRCh37,NC_000011.9,11,17449906,17449906,na,na,11p15.1,"criteria provided, multiple submitters, no conflicts",7,-,N,ClinGen:CA5903361,2,552764,17449906,C,T,-,-,-,-,-,-,SCV002522294|SCV002522298|SCV002764310|SCV002779364|SCV002819772|SCV003440252|SCV005452633,-,-
546198,single nucleotide variant,NM_000352.6(ABCC8):c.1970G>A (p.Arg657Gln),6833,ABCC8,HGNC:59,Uncertain significance,0,"Jul 25, 2024",755707550,-,RCV000668087|RCV002467983|RCV002267005|RCV002267004|RCV002485544|RCV002509497|RCV002530735|RCV004957980,"MONDO:MONDO:0009734,MedGen:C2931832,OMIM:256450,Orphanet:276575,Orphanet:276598|Human Phenotype Ontology:HP:0005965,Human Phenotype Ontology:HP:0005978,Human Phenotype Ontology:HP:0100652,MONDO:MONDO:0005148,MeSH:D003924,MedGen:C0011860,OMIM:125853|Human Phenotype Ontology:HP:0008255,MONDO:MONDO:0020525,MedGen:C0342273|Human Phenotype Ontology:HP:0004904,MONDO:MONDO:0018911,MedGen:C0342276,OMIM:PS125850,Orphanet:552|MONDO:MONDO:0009415,MedGen:C0271714,OMIM:240800;Human Phenotype Ontology:HP:0005965,Human Phenotype Ontology:HP:0005978,Human Phenotype Ontology:HP:0100652,MONDO:MONDO:0005148,MeSH:D003924,MedGen:C0011860,OMIM:125853;MONDO:MONDO:0030088,MedGen:C5394303,OMIM:618857;MONDO:MONDO:0009734,MedGen:C2931832,OMIM:256450,Orphanet:276575,Orphanet:276598;MONDO:MONDO:0012480,MedGen:C1835887,OMIM:610374,Orphanet:99886|MedGen:CN169374|MedGen:C3661900|MeSH:D030342,MedGen:C0950123","Hyperinsulinemic hypoglycemia, familial, 1|Type 2 diabetes mellitus|Transitory neonatal diabetes mellitus|Maturity-onset diabetes of the young|Leucine-induced hypoglycemia;Type 2 diabetes mellitus;Diabetes mellitus, permanent neonatal 3;Hyperinsulinemic hypoglycemia, familial, 1;Diabetes mellitus, transient neonatal, 2|not specified|not provided|Inborn genetic diseases",germline;unknown,germline,GRCh38,NC_000011.10,11,17428359,17428359,na,na,11p15.1,"criteria provided, multiple submitters, no conflicts",7,-,N,ClinGen:CA5903361,2,552764,17428359,C,T,-,-,-,-,-,-,SCV002522294|SCV002522298|SCV002764310|SCV002779364|SCV002819772|SCV003440252|SCV005452633,-,-
546200,single nucleotide variant,NM_000352.6(ABCC8):c.1536C>G (p.Tyr512Ter),6833,ABCC8,HGNC:59,Likely pathogenic,1,"Jan 16, 2018",765090096,-,RCV000672131,"MONDO:MONDO:0009734,MedGen:C2931832,OMIM:256450,Orphanet:276575,Orphanet:276598","Hyperinsulinemic hypoglycemia, familial, 1",unknown,unknown,GRCh37,NC_000011.9,11,17464361,17464361,na,na,11p15.1,no assertion criteria provided,1,-,N,ClinGen:CA379766519,2,556167,17464361,G,C,-,-,-,-,-,-,SCV000797198,-,-
546200,single nucleotide variant,NM_000352.6(ABCC8):c.1536C>G (p.Tyr512Ter),6833,ABCC8,HGNC:59,Likely pathogenic,1,"Jan 16, 2018",765090096,-,RCV000672131,"MONDO:MONDO:0009734,MedGen:C2931832,OMIM:256450,Orphanet:276575,Orphanet:276598","Hyperinsulinemic hypoglycemia, familial, 1",unknown,unknown,GRCh38,NC_000011.10,11,17442814,17442814,na,na,11p15.1,no assertion criteria provided,1,-,N,ClinGen:CA379766519,2,556167,17442814,G,C,-,-,-,-,-,-,SCV000797198,-,-
546201,single nucleotide variant,NM_000525.4(KCNJ11):c.292G>A (p.Gly98Ser),3767,KCNJ11,HGNC:6257,Uncertain significance,0,"May 21, 2022",1554901851,-,RCV002226724|RCV002493090|RCV005430556,"Human Phenotype Ontology:HP:0004904,MONDO:MONDO:0018911,MedGen:C0342276,OMIM:PS125850,Orphanet:552|Human Phenotype Ontology:HP:0005965,Human Phenotype Ontology:HP:0005978,Human Phenotype Ontology:HP:0100652,MONDO:MONDO:0005148,MeSH:D003924,MedGen:C0011860,OMIM:125853;MONDO:MONDO:0030087,MedGen:C5394296,OMIM:618856;MONDO:MONDO:0014589,MedGen:C4225365,OMIM:616329,Orphanet:552;MONDO:MONDO:0011153,MedGen:C2931833,OMIM:601820,Orphanet:276580,Orphanet:276603;MONDO:MONDO:0012522,MedGen:C1864623,OMIM:610582,Orphanet:99886|MONDO:MONDO:0100165,MedGen:C5393570,OMIM:606176;MONDO:MONDO:0011153,MedGen:C2931833,OMIM:601820,Orphanet:276580,Orphanet:276603;MONDO:MONDO:0012522,MedGen:C1864623,OMIM:610582,Orphanet:99886","Maturity-onset diabetes of the young|Type 2 diabetes mellitus;Diabetes mellitus, permanent neonatal 2;Maturity-onset diabetes of the young type 13;Hyperinsulinemic hypoglycemia, familial, 2;Diabetes mellitus, transient neonatal, 3|Permanent neonatal diabetes mellitus 1;Hyperinsulinemic hypoglycemia, familial, 2;Diabetes mellitus, transient neonatal, 3",somatic;unknown,somatic,GRCh37,NC_000011.9,11,17409347,17409347,na,na,11p15.1,"criteria provided, multiple submitters, no conflicts",3,-,N,ClinGen:CA379774702,2,551926,17409347,C,T,-,-,-,-,-,-,SCV002505429|SCV002775988,-,-
546201,single nucleotide variant,NM_000525.4(KCNJ11):c.292G>A (p.Gly98Ser),3767,KCNJ11,HGNC:6257,Uncertain significance,0,"May 21, 2022",1554901851,-,RCV002226724|RCV002493090|RCV005430556,"Human Phenotype Ontology:HP:0004904,MONDO:MONDO:0018911,MedGen:C0342276,OMIM:PS125850,Orphanet:552|Human Phenotype Ontology:HP:0005965,Human Phenotype Ontology:HP:0005978,Human Phenotype Ontology:HP:0100652,MONDO:MONDO:0005148,MeSH:D003924,MedGen:C0011860,OMIM:125853;MONDO:MONDO:0030087,MedGen:C5394296,OMIM:618856;MONDO:MONDO:0014589,MedGen:C4225365,OMIM:616329,Orphanet:552;MONDO:MONDO:0011153,MedGen:C2931833,OMIM:601820,Orphanet:276580,Orphanet:276603;MONDO:MONDO:0012522,MedGen:C1864623,OMIM:610582,Orphanet:99886|MONDO:MONDO:0100165,MedGen:C5393570,OMIM:606176;MONDO:MONDO:0011153,MedGen:C2931833,OMIM:601820,Orphanet:276580,Orphanet:276603;MONDO:MONDO:0012522,MedGen:C1864623,OMIM:610582,Orphanet:99886","Maturity-onset diabetes of the young|Type 2 diabetes mellitus;Diabetes mellitus, permanent neonatal 2;Maturity-onset diabetes of the young type 13;Hyperinsulinemic hypoglycemia, familial, 2;Diabetes mellitus, transient neonatal, 3|Permanent neonatal diabetes mellitus 1;Hyperinsulinemic hypoglycemia, familial, 2;Diabetes mellitus, transient neonatal, 3",somatic;unknown,somatic,GRCh38,NC_000011.10,11,17387800,17387800,na,na,11p15.1,"criteria provided, multiple submitters, no conflicts",3,-,N,ClinGen:CA379774702,2,551926,17387800,C,T,-,-,-,-,-,-,SCV002505429|SCV002775988,-,-
546203,single nucleotide variant,NM_000352.6(ABCC8):c.1467+1G>T,6833,ABCC8,HGNC:59,Uncertain significance,1,-,1554933415,-,RCV000672183|RCV002252208|RCV002252207,"MONDO:MONDO:0009734,MedGen:C2931832,OMIM:256450,Orphanet:276575,Orphanet:276598|Human Phenotype Ontology:HP:0008255,MONDO:MONDO:0020525,MedGen:C0342273|Human Phenotype Ontology:HP:0004904,MONDO:MONDO:0018911,MedGen:C0342276,OMIM:PS125850,Orphanet:552","Hyperinsulinemic hypoglycemia, familial, 1|Transitory neonatal diabetes mellitus|Maturity-onset diabetes of the young",paternal;unknown,germline,GRCh37,NC_000011.9,11,17464724,17464724,na,na,11p15.1,"criteria provided, single submitter",3,-,N,ClinGen:CA379766854,2,556210,17464724,C,A,-,-,-,-,-,-,SCV002522409|SCV002522410,-,-
546203,single nucleotide variant,NM_000352.6(ABCC8):c.1467+1G>T,6833,ABCC8,HGNC:59,Uncertain significance,1,-,1554933415,-,RCV000672183|RCV002252208|RCV002252207,"MONDO:MONDO:0009734,MedGen:C2931832,OMIM:256450,Orphanet:276575,Orphanet:276598|Human Phenotype Ontology:HP:0008255,MONDO:MONDO:0020525,MedGen:C0342273|Human Phenotype Ontology:HP:0004904,MONDO:MONDO:0018911,MedGen:C0342276,OMIM:PS125850,Orphanet:552","Hyperinsulinemic hypoglycemia, familial, 1|Transitory neonatal diabetes mellitus|Maturity-onset diabetes of the young",paternal;unknown,germline,GRCh38,NC_000011.10,11,17443177,17443177,na,na,11p15.1,"criteria provided, single submitter",3,-,N,ClinGen:CA379766854,2,556210,17443177,C,A,-,-,-,-,-,-,SCV002522409|SCV002522410,-,-
546205,Deletion,NM_000352.6(ABCC8):c.1347_1348del (p.Ile450fs),6833,ABCC8,HGNC:59,Pathogenic,1,"Jul 07, 2023",1554933565,-,RCV000674705|RCV002253561|RCV001816682|RCV004556815,"MONDO:MONDO:0009734,MedGen:C2931832,OMIM:256450,Orphanet:276575,Orphanet:276598|Human Phenotype Ontology:HP:0004904,MONDO:MONDO:0018911,MedGen:C0342276,OMIM:PS125850,Orphanet:552|MedGen:C3661900|MONDO:MONDO:0016391,MedGen:C0158981,Orphanet:224","Hyperinsulinemic hypoglycemia, familial, 1|Maturity-onset diabetes of the young|not provided|Neonatal diabetes mellitus",germline;unknown,germline,GRCh37,NC_000011.9,11,17464844,17464845,na,na,11p15.1,"criteria provided, multiple submitters, no conflicts",4,-,N,ClinGen:CA658821544,2,558438,17464843,ATC,A,-,-,-,-,-,-,SCV002067529|SCV002108012,-,-
546205,Deletion,NM_000352.6(ABCC8):c.1347_1348del (p.Ile450fs),6833,ABCC8,HGNC:59,Pathogenic,1,"Jul 07, 2023",1554933565,-,RCV000674705|RCV002253561|RCV001816682|RCV004556815,"MONDO:MONDO:0009734,MedGen:C2931832,OMIM:256450,Orphanet:276575,Orphanet:276598|Human Phenotype Ontology:HP:0004904,MONDO:MONDO:0018911,MedGen:C0342276,OMIM:PS125850,Orphanet:552|MedGen:C3661900|MONDO:MONDO:0016391,MedGen:C0158981,Orphanet:224","Hyperinsulinemic hypoglycemia, familial, 1|Maturity-onset diabetes of the young|not provided|Neonatal diabetes mellitus",germline;unknown,germline,GRCh38,NC_000011.10,11,17443297,17443298,na,na,11p15.1,"criteria provided, multiple submitters, no conflicts",4,-,N,ClinGen:CA658821544,2,558438,17443296,ATC,A,-,-,-,-,-,-,SCV002067529|SCV002108012,-,-
546207,single nucleotide variant,NM_000352.6(ABCC8):c.917G>A (p.Arg306His),6833,ABCC8,HGNC:59,Likely pathogenic,1,"Apr 06, 2024",1409900082,-,RCV000669163|RCV002531219,"MONDO:MONDO:0009734,MedGen:C2931832,OMIM:256450,Orphanet:276575,Orphanet:276598|MedGen:C3661900","Hyperinsulinemic hypoglycemia, familial, 1|not provided",germline;unknown,germline,GRCh37,NC_000011.9,11,17482129,17482129,na,na,11p15.1,"criteria provided, single submitter",2,-,N,ClinGen:CA379776919,2,553663,17482129,C,T,-,-,-,-,-,-,SCV003439584,-,-
546207,single nucleotide variant,NM_000352.6(ABCC8):c.917G>A (p.Arg306His),6833,ABCC8,HGNC:59,Likely pathogenic,1,"Apr 06, 2024",1409900082,-,RCV000669163|RCV002531219,"MONDO:MONDO:0009734,MedGen:C2931832,OMIM:256450,Orphanet:276575,Orphanet:276598|MedGen:C3661900","Hyperinsulinemic hypoglycemia, familial, 1|not provided",germline;unknown,germline,GRCh38,NC_000011.10,11,17460582,17460582,na,na,11p15.1,"criteria provided, single submitter",2,-,N,ClinGen:CA379776919,2,553663,17460582,C,T,-,-,-,-,-,-,SCV003439584,-,-
546208,single nucleotide variant,NM_000352.6(ABCC8):c.4607C>T (p.Ala1536Val),6833,ABCC8,HGNC:59,Uncertain significance,0,"Aug 08, 2022",745918247,-,RCV000672538|RCV000710392,"MONDO:MONDO:0009734,MedGen:C2931832,OMIM:256450,Orphanet:276575,Orphanet:276598|MedGen:C3661900","Hyperinsulinemic hypoglycemia, familial, 1|not provided",germline;unknown,germline,GRCh37,NC_000011.9,11,17415245,17415245,na,na,11p15.1,"criteria provided, multiple submitters, no conflicts",3,-,N,ClinGen:CA5902421,2,556519,17415245,G,A,-,-,-,-,-,-,SCV000840604|SCV003439612,-,-
546208,single nucleotide variant,NM_000352.6(ABCC8):c.4607C>T (p.Ala1536Val),6833,ABCC8,HGNC:59,Uncertain significance,0,"Aug 08, 2022",745918247,-,RCV000672538|RCV000710392,"MONDO:MONDO:0009734,MedGen:C2931832,OMIM:256450,Orphanet:276575,Orphanet:276598|MedGen:C3661900","Hyperinsulinemic hypoglycemia, familial, 1|not provided",germline;unknown,germline,GRCh38,NC_000011.10,11,17393698,17393698,na,na,11p15.1,"criteria provided, multiple submitters, no conflicts",3,-,N,ClinGen:CA5902421,2,556519,17393698,G,A,-,-,-,-,-,-,SCV000840604|SCV003439612,-,-
546209,Insertion,NM_000352.6(ABCC8):c.4026_4027insC (p.Lys1343fs),6833,ABCC8,HGNC:59,Uncertain significance,1,-,1554905787,-,RCV000673172|RCV002245570|RCV002245571,"MONDO:MONDO:0009734,MedGen:C2931832,OMIM:256450,Orphanet:276575,Orphanet:276598|Human Phenotype Ontology:HP:0004904,MONDO:MONDO:0018911,MedGen:C0342276,OMIM:PS125850,Orphanet:552|Human Phenotype Ontology:HP:0008255,MONDO:MONDO:0020525,MedGen:C0342273","Hyperinsulinemic hypoglycemia, familial, 1|Maturity-onset diabetes of the young|Transitory neonatal diabetes mellitus",somatic;unknown,somatic,GRCh37,NC_000011.9,11,17418555,17418556,na,na,11p15.1,"criteria provided, single submitter",2,-,N,ClinGen:CA658822170,2,557081,17418555,T,TG,-,-,-,-,-,-,SCV002513506|SCV002513508,-,-
546209,Insertion,NM_000352.6(ABCC8):c.4026_4027insC (p.Lys1343fs),6833,ABCC8,HGNC:59,Uncertain significance,1,-,1554905787,-,RCV000673172|RCV002245570|RCV002245571,"MONDO:MONDO:0009734,MedGen:C2931832,OMIM:256450,Orphanet:276575,Orphanet:276598|Human Phenotype Ontology:HP:0004904,MONDO:MONDO:0018911,MedGen:C0342276,OMIM:PS125850,Orphanet:552|Human Phenotype Ontology:HP:0008255,MONDO:MONDO:0020525,MedGen:C0342273","Hyperinsulinemic hypoglycemia, familial, 1|Maturity-onset diabetes of the young|Transitory neonatal diabetes mellitus",somatic;unknown,somatic,GRCh38,NC_000011.10,11,17397008,17397009,na,na,11p15.1,"criteria provided, single submitter",2,-,N,ClinGen:CA658822170,2,557081,17397008,T,TG,-,-,-,-,-,-,SCV002513506|SCV002513508,-,-
546211,single nucleotide variant,NM_000352.6(ABCC8):c.3868-1G>A,6833,ABCC8,HGNC:59,Pathogenic/Likely pathogenic,1,"May 19, 2025",766431403,-,RCV000667948|RCV001220536|RCV002246134|RCV003459592|RCV004556811|RCV005049641|RCV005418286,"MONDO:MONDO:0009734,MedGen:C2931832,OMIM:256450,Orphanet:276575,Orphanet:276598|MedGen:C3661900|Human Phenotype Ontology:HP:0004904,MONDO:MONDO:0018911,MedGen:C0342276,OMIM:PS125850,Orphanet:552|Human Phenotype Ontology:HP:0005965,Human Phenotype Ontology:HP:0005978,Human Phenotype Ontology:HP:0100652,MONDO:MONDO:0005148,MeSH:D003924,MedGen:C0011860,OMIM:125853|MONDO:MONDO:0016391,MedGen:C0158981,Orphanet:224|MONDO:MONDO:0009415,MedGen:C0271714,OMIM:240800;Human Phenotype Ontology:HP:0005965,Human Phenotype Ontology:HP:0005978,Human Phenotype Ontology:HP:0100652,MONDO:MONDO:0005148,MeSH:D003924,MedGen:C0011860,OMIM:125853;MONDO:MONDO:0030088,MedGen:C5394303,OMIM:618857;MONDO:MONDO:0009734,MedGen:C2931832,OMIM:256450,Orphanet:276575,Orphanet:276598;MONDO:MONDO:0012480,MedGen:C1835887,OMIM:610374,Orphanet:99886|MONDO:MONDO:0017182,MedGen:C3888018,Orphanet:276525","Hyperinsulinemic hypoglycemia, familial, 1|not provided|Maturity-onset diabetes of the young|Type 2 diabetes mellitus|Neonatal diabetes mellitus|Leucine-induced hypoglycemia;Type 2 diabetes mellitus;Diabetes mellitus, permanent neonatal 3;Hyperinsulinemic hypoglycemia, familial, 1;Diabetes mellitus, transient neonatal, 2|Familial hyperinsulinism",germline;unknown,germline,GRCh37,NC_000011.9,11,17418861,17418861,na,na,11p15.1,"criteria provided, multiple submitters, no conflicts",7,-,N,ClinGen:CA5902656,2,552652,17418861,C,T,-,-,-,-,-,-,SCV001392531|SCV004026520|SCV004207939|SCV005681078|SCV006085921,-,-
546211,single nucleotide variant,NM_000352.6(ABCC8):c.3868-1G>A,6833,ABCC8,HGNC:59,Pathogenic/Likely pathogenic,1,"May 19, 2025",766431403,-,RCV000667948|RCV001220536|RCV002246134|RCV003459592|RCV004556811|RCV005049641|RCV005418286,"MONDO:MONDO:0009734,MedGen:C2931832,OMIM:256450,Orphanet:276575,Orphanet:276598|MedGen:C3661900|Human Phenotype Ontology:HP:0004904,MONDO:MONDO:0018911,MedGen:C0342276,OMIM:PS125850,Orphanet:552|Human Phenotype Ontology:HP:0005965,Human Phenotype Ontology:HP:0005978,Human Phenotype Ontology:HP:0100652,MONDO:MONDO:0005148,MeSH:D003924,MedGen:C0011860,OMIM:125853|MONDO:MONDO:0016391,MedGen:C0158981,Orphanet:224|MONDO:MONDO:0009415,MedGen:C0271714,OMIM:240800;Human Phenotype Ontology:HP:0005965,Human Phenotype Ontology:HP:0005978,Human Phenotype Ontology:HP:0100652,MONDO:MONDO:0005148,MeSH:D003924,MedGen:C0011860,OMIM:125853;MONDO:MONDO:0030088,MedGen:C5394303,OMIM:618857;MONDO:MONDO:0009734,MedGen:C2931832,OMIM:256450,Orphanet:276575,Orphanet:276598;MONDO:MONDO:0012480,MedGen:C1835887,OMIM:610374,Orphanet:99886|MONDO:MONDO:0017182,MedGen:C3888018,Orphanet:276525","Hyperinsulinemic hypoglycemia, familial, 1|not provided|Maturity-onset diabetes of the young|Type 2 diabetes mellitus|Neonatal diabetes mellitus|Leucine-induced hypoglycemia;Type 2 diabetes mellitus;Diabetes mellitus, permanent neonatal 3;Hyperinsulinemic hypoglycemia, familial, 1;Diabetes mellitus, transient neonatal, 2|Familial hyperinsulinism",germline;unknown,germline,GRCh38,NC_000011.10,11,17397314,17397314,na,na,11p15.1,"criteria provided, multiple submitters, no conflicts",7,-,N,ClinGen:CA5902656,2,552652,17397314,C,T,-,-,-,-,-,-,SCV001392531|SCV004026520|SCV004207939|SCV005681078|SCV006085921,-,-
546212,single nucleotide variant,NM_000352.6(ABCC8):c.691T>C (p.Trp231Arg),6833,ABCC8,HGNC:59,Uncertain significance,0,"Mar 22, 2024",1554942704,-,RCV000666524|RCV002253549|RCV002253548|RCV004526738,"MONDO:MONDO:0009734,MedGen:C2931832,OMIM:256450,Orphanet:276575,Orphanet:276598|Human Phenotype Ontology:HP:0008255,MONDO:MONDO:0020525,MedGen:C0342273|Human Phenotype Ontology:HP:0004904,MONDO:MONDO:0018911,MedGen:C0342276,OMIM:PS125850,Orphanet:552|MedGen:CN169374","Hyperinsulinemic hypoglycemia, familial, 1|Transitory neonatal diabetes mellitus|Maturity-onset diabetes of the young|not specified",germline;unknown,germline,GRCh37,NC_000011.9,11,17483261,17483261,na,na,11p15.1,"criteria provided, multiple submitters, no conflicts",3,-,N,ClinGen:CA379778693,2,551459,17483261,A,G,-,-,-,-,-,-,SCV002522654|SCV002522657|SCV005039222,-,-
546212,single nucleotide variant,NM_000352.6(ABCC8):c.691T>C (p.Trp231Arg),6833,ABCC8,HGNC:59,Uncertain significance,0,"Mar 22, 2024",1554942704,-,RCV000666524|RCV002253549|RCV002253548|RCV004526738,"MONDO:MONDO:0009734,MedGen:C2931832,OMIM:256450,Orphanet:276575,Orphanet:276598|Human Phenotype Ontology:HP:0008255,MONDO:MONDO:0020525,MedGen:C0342273|Human Phenotype Ontology:HP:0004904,MONDO:MONDO:0018911,MedGen:C0342276,OMIM:PS125850,Orphanet:552|MedGen:CN169374","Hyperinsulinemic hypoglycemia, familial, 1|Transitory neonatal diabetes mellitus|Maturity-onset diabetes of the young|not specified",germline;unknown,germline,GRCh38,NC_000011.10,11,17461714,17461714,na,na,11p15.1,"criteria provided, multiple submitters, no conflicts",3,-,N,ClinGen:CA379778693,2,551459,17461714,A,G,-,-,-,-,-,-,SCV002522654|SCV002522657|SCV005039222,-,-
546213,single nucleotide variant,NM_000352.6(ABCC8):c.3557+1G>T,6833,ABCC8,HGNC:59,Conflicting classifications of pathogenicity,1,"Sep 03, 2023",1554910610,-,RCV000666549|RCV002245547|RCV002245546|RCV003565437,"MONDO:MONDO:0009734,MedGen:C2931832,OMIM:256450,Orphanet:276575,Orphanet:276598|Human Phenotype Ontology:HP:0008255,MONDO:MONDO:0020525,MedGen:C0342273|Human Phenotype Ontology:HP:0004904,MONDO:MONDO:0018911,MedGen:C0342276,OMIM:PS125850,Orphanet:552|MedGen:C3661900","Hyperinsulinemic hypoglycemia, familial, 1|Transitory neonatal diabetes mellitus|Maturity-onset diabetes of the young|not provided",germline;somatic;unknown,germline/somatic,GRCh37,NC_000011.9,11,17426058,17426058,na,na,11p15.1,"criteria provided, conflicting classifications",3,-,N,ClinGen:CA379797269,2,551478,17426058,C,A,-,-,-,-,-,-,SCV002515418|SCV002515419|SCV004320357,-,-
546213,single nucleotide variant,NM_000352.6(ABCC8):c.3557+1G>T,6833,ABCC8,HGNC:59,Conflicting classifications of pathogenicity,1,"Sep 03, 2023",1554910610,-,RCV000666549|RCV002245547|RCV002245546|RCV003565437,"MONDO:MONDO:0009734,MedGen:C2931832,OMIM:256450,Orphanet:276575,Orphanet:276598|Human Phenotype Ontology:HP:0008255,MONDO:MONDO:0020525,MedGen:C0342273|Human Phenotype Ontology:HP:0004904,MONDO:MONDO:0018911,MedGen:C0342276,OMIM:PS125850,Orphanet:552|MedGen:C3661900","Hyperinsulinemic hypoglycemia, familial, 1|Transitory neonatal diabetes mellitus|Maturity-onset diabetes of the young|not provided",germline;somatic;unknown,germline/somatic,GRCh38,NC_000011.10,11,17404511,17404511,na,na,11p15.1,"criteria provided, conflicting classifications",3,-,N,ClinGen:CA379797269,2,551478,17404511,C,A,-,-,-,-,-,-,SCV002515418|SCV002515419|SCV004320357,-,-
546215,Duplication,NM_000352.6(ABCC8):c.369_370dup (p.Tyr124fs),6833,ABCC8,HGNC:59,Conflicting classifications of pathogenicity,1,"Nov 24, 2021",1554946437,-,RCV000664728|RCV002254170|RCV002254169|RCV003465437,"MONDO:MONDO:0009734,MedGen:C2931832,OMIM:256450,Orphanet:276575,Orphanet:276598|Human Phenotype Ontology:HP:0008255,MONDO:MONDO:0020525,MedGen:C0342273|Human Phenotype Ontology:HP:0004904,MONDO:MONDO:0018911,MedGen:C0342276,OMIM:PS125850,Orphanet:552|Human Phenotype Ontology:HP:0005965,Human Phenotype Ontology:HP:0005978,Human Phenotype Ontology:HP:0100652,MONDO:MONDO:0005148,MeSH:D003924,MedGen:C0011860,OMIM:125853","Hyperinsulinemic hypoglycemia, familial, 1|Transitory neonatal diabetes mellitus|Maturity-onset diabetes of the young|Type 2 diabetes mellitus",unknown,unknown,GRCh37,NC_000011.9,11,17491689,17491690,na,na,11p15.1,"criteria provided, conflicting classifications",3,-,N,ClinGen:CA658821546,2,550095,17491689,T,TAG,-,-,-,-,-,-,SCV002524085|SCV002524086|SCV004205778,-,-
546215,Duplication,NM_000352.6(ABCC8):c.369_370dup (p.Tyr124fs),6833,ABCC8,HGNC:59,Conflicting classifications of pathogenicity,1,"Nov 24, 2021",1554946437,-,RCV000664728|RCV002254170|RCV002254169|RCV003465437,"MONDO:MONDO:0009734,MedGen:C2931832,OMIM:256450,Orphanet:276575,Orphanet:276598|Human Phenotype Ontology:HP:0008255,MONDO:MONDO:0020525,MedGen:C0342273|Human Phenotype Ontology:HP:0004904,MONDO:MONDO:0018911,MedGen:C0342276,OMIM:PS125850,Orphanet:552|Human Phenotype Ontology:HP:0005965,Human Phenotype Ontology:HP:0005978,Human Phenotype Ontology:HP:0100652,MONDO:MONDO:0005148,MeSH:D003924,MedGen:C0011860,OMIM:125853","Hyperinsulinemic hypoglycemia, familial, 1|Transitory neonatal diabetes mellitus|Maturity-onset diabetes of the young|Type 2 diabetes mellitus",unknown,unknown,GRCh38,NC_000011.10,11,17470142,17470143,na,na,11p15.1,"criteria provided, conflicting classifications",3,-,N,ClinGen:CA658821546,2,550095,17470142,T,TAG,-,-,-,-,-,-,SCV002524085|SCV002524086|SCV004205778,-,-
546216,single nucleotide variant,NM_000352.6(ABCC8):c.250G>A (p.Val84Ile),6833,ABCC8,HGNC:59,Conflicting classifications of pathogenicity,1,"Jun 12, 2023",775776658,-,RCV000670385|RCV002531249|RCV003317330|RCV004026113|RCV004735737,"MONDO:MONDO:0009734,MedGen:C2931832,OMIM:256450,Orphanet:276575,Orphanet:276598|MedGen:C3661900|MedGen:CN169374|MONDO:MONDO:0015967,MedGen:C3888631,Orphanet:183625|","Hyperinsulinemic hypoglycemia, familial, 1|not provided|not specified|Monogenic diabetes|ABCC8-related disorder",germline;unknown,germline,GRCh37,NC_000011.9,11,17496473,17496473,na,na,11p15.1,"criteria provided, conflicting classifications",6,-,N,ClinGen:CA5903942,2,554707,17496473,C,T,-,-,-,-,-,-,SCV002500255|SCV002764324|SCV003233990|SCV004100827,-,-
546216,single nucleotide variant,NM_000352.6(ABCC8):c.250G>A (p.Val84Ile),6833,ABCC8,HGNC:59,Conflicting classifications of pathogenicity,1,"Jun 12, 2023",775776658,-,RCV000670385|RCV002531249|RCV003317330|RCV004026113|RCV004735737,"MONDO:MONDO:0009734,MedGen:C2931832,OMIM:256450,Orphanet:276575,Orphanet:276598|MedGen:C3661900|MedGen:CN169374|MONDO:MONDO:0015967,MedGen:C3888631,Orphanet:183625|","Hyperinsulinemic hypoglycemia, familial, 1|not provided|not specified|Monogenic diabetes|ABCC8-related disorder",germline;unknown,germline,GRCh38,NC_000011.10,11,17474926,17474926,na,na,11p15.1,"criteria provided, conflicting classifications",6,-,N,ClinGen:CA5903942,2,554707,17474926,C,T,-,-,-,-,-,-,SCV002500255|SCV002764324|SCV003233990|SCV004100827,-,-
546218,Duplication,NM_000352.6(ABCC8):c.126_146dup (p.Thr43_Ile49dup),6833,ABCC8,HGNC:59,Uncertain significance,0,-,1554949190,-,RCV000673824|RCV002254175|RCV002254312,"MONDO:MONDO:0009734,MedGen:C2931832,OMIM:256450,Orphanet:276575,Orphanet:276598|Human Phenotype Ontology:HP:0008255,MONDO:MONDO:0020525,MedGen:C0342273|Human Phenotype Ontology:HP:0004904,MONDO:MONDO:0018911,MedGen:C0342276,OMIM:PS125850,Orphanet:552","Hyperinsulinemic hypoglycemia, familial, 1|Transitory neonatal diabetes mellitus|Maturity-onset diabetes of the young",unknown,unknown,GRCh37,NC_000011.9,11,17498177,17498178,na,na,11p15.1,"criteria provided, single submitter",2,-,N,ClinGen:CA658821547,2,557656,17498177,A,AATGAAGAGGATGGGGAAGGTG,-,-,-,-,-,-,SCV002522695|SCV002522697,-,-
546218,Duplication,NM_000352.6(ABCC8):c.126_146dup (p.Thr43_Ile49dup),6833,ABCC8,HGNC:59,Uncertain significance,0,-,1554949190,-,RCV000673824|RCV002254175|RCV002254312,"MONDO:MONDO:0009734,MedGen:C2931832,OMIM:256450,Orphanet:276575,Orphanet:276598|Human Phenotype Ontology:HP:0008255,MONDO:MONDO:0020525,MedGen:C0342273|Human Phenotype Ontology:HP:0004904,MONDO:MONDO:0018911,MedGen:C0342276,OMIM:PS125850,Orphanet:552","Hyperinsulinemic hypoglycemia, familial, 1|Transitory neonatal diabetes mellitus|Maturity-onset diabetes of the young",unknown,unknown,GRCh38,NC_000011.10,11,17476630,17476631,na,na,11p15.1,"criteria provided, single submitter",2,-,N,ClinGen:CA658821547,2,557656,17476630,A,AATGAAGAGGATGGGGAAGGTG,-,-,-,-,-,-,SCV002522695|SCV002522697,-,-
546221,Deletion,NM_000352.6(ABCC8):c.115_123del (p.Leu39_Phe41del),6833,ABCC8,HGNC:59,Uncertain significance,0,-,1554949238,-,RCV000672599|RCV002254309|RCV002253558,"MONDO:MONDO:0009734,MedGen:C2931832,OMIM:256450,Orphanet:276575,Orphanet:276598|Human Phenotype Ontology:HP:0008255,MONDO:MONDO:0020525,MedGen:C0342273|Human Phenotype Ontology:HP:0004904,MONDO:MONDO:0018911,MedGen:C0342276,OMIM:PS125850,Orphanet:552","Hyperinsulinemic hypoglycemia, familial, 1|Transitory neonatal diabetes mellitus|Maturity-onset diabetes of the young",unknown,unknown,GRCh37,NC_000011.9,11,17498201,17498209,na,na,11p15.1,"criteria provided, single submitter",2,-,N,ClinGen:CA658821548,2,556577,17498200,TGAAGAGTAG,T,-,-,-,-,-,-,SCV002522699|SCV002522702,-,-
546221,Deletion,NM_000352.6(ABCC8):c.115_123del (p.Leu39_Phe41del),6833,ABCC8,HGNC:59,Uncertain significance,0,-,1554949238,-,RCV000672599|RCV002254309|RCV002253558,"MONDO:MONDO:0009734,MedGen:C2931832,OMIM:256450,Orphanet:276575,Orphanet:276598|Human Phenotype Ontology:HP:0008255,MONDO:MONDO:0020525,MedGen:C0342273|Human Phenotype Ontology:HP:0004904,MONDO:MONDO:0018911,MedGen:C0342276,OMIM:PS125850,Orphanet:552","Hyperinsulinemic hypoglycemia, familial, 1|Transitory neonatal diabetes mellitus|Maturity-onset diabetes of the young",unknown,unknown,GRCh38,NC_000011.10,11,17476654,17476662,na,na,11p15.1,"criteria provided, single submitter",2,-,N,ClinGen:CA658821548,2,556577,17476653,TGAAGAGTAG,T,-,-,-,-,-,-,SCV002522699|SCV002522702,-,-
546230,Deletion,NM_000352.6(ABCC8):c.3557+1del,6833,ABCC8,HGNC:59,Uncertain significance,1,-,1554910616,-,RCV000671561|RCV002245564|RCV002245563,"MONDO:MONDO:0009734,MedGen:C2931832,OMIM:256450,Orphanet:276575,Orphanet:276598|Human Phenotype Ontology:HP:0008255,MONDO:MONDO:0020525,MedGen:C0342273|Human Phenotype Ontology:HP:0004904,MONDO:MONDO:0018911,MedGen:C0342276,OMIM:PS125850,Orphanet:552","Hyperinsulinemic hypoglycemia, familial, 1|Transitory neonatal diabetes mellitus|Maturity-onset diabetes of the young",somatic;unknown,somatic,GRCh37,NC_000011.9,11,17426058,17426058,na,na,11p15.1,"criteria provided, single submitter",2,-,N,ClinGen:CA658822173,2,555696,17426057,AC,A,-,-,-,-,-,-,SCV002515415|SCV002515416,-,-
546230,Deletion,NM_000352.6(ABCC8):c.3557+1del,6833,ABCC8,HGNC:59,Uncertain significance,1,-,1554910616,-,RCV000671561|RCV002245564|RCV002245563,"MONDO:MONDO:0009734,MedGen:C2931832,OMIM:256450,Orphanet:276575,Orphanet:276598|Human Phenotype Ontology:HP:0008255,MONDO:MONDO:0020525,MedGen:C0342273|Human Phenotype Ontology:HP:0004904,MONDO:MONDO:0018911,MedGen:C0342276,OMIM:PS125850,Orphanet:552","Hyperinsulinemic hypoglycemia, familial, 1|Transitory neonatal diabetes mellitus|Maturity-onset diabetes of the young",somatic;unknown,somatic,GRCh38,NC_000011.10,11,17404511,17404511,na,na,11p15.1,"criteria provided, single submitter",2,-,N,ClinGen:CA658822173,2,555696,17404510,AC,A,-,-,-,-,-,-,SCV002515415|SCV002515416,-,-
546232,Duplication,NM_000352.6(ABCC8):c.3553_3557dup (p.Arg1186fs),6833,ABCC8,HGNC:59,Uncertain significance,1,-,1554910621,-,RCV000671141|RCV002245562|RCV002245561,"MONDO:MONDO:0009734,MedGen:C2931832,OMIM:256450,Orphanet:276575,Orphanet:276598|Human Phenotype Ontology:HP:0008255,MONDO:MONDO:0020525,MedGen:C0342273|Human Phenotype Ontology:HP:0004904,MONDO:MONDO:0018911,MedGen:C0342276,OMIM:PS125850,Orphanet:552","Hyperinsulinemic hypoglycemia, familial, 1|Transitory neonatal diabetes mellitus|Maturity-onset diabetes of the young",somatic;unknown,somatic,GRCh37,NC_000011.9,11,17426058,17426059,na,na,11p15.1,"criteria provided, single submitter",2,-,N,ClinGen:CA658822174,2,555340,17426058,C,CCTGGA,-,-,-,-,-,-,SCV002515420|SCV002515421,-,-
546232,Duplication,NM_000352.6(ABCC8):c.3553_3557dup (p.Arg1186fs),6833,ABCC8,HGNC:59,Uncertain significance,1,-,1554910621,-,RCV000671141|RCV002245562|RCV002245561,"MONDO:MONDO:0009734,MedGen:C2931832,OMIM:256450,Orphanet:276575,Orphanet:276598|Human Phenotype Ontology:HP:0008255,MONDO:MONDO:0020525,MedGen:C0342273|Human Phenotype Ontology:HP:0004904,MONDO:MONDO:0018911,MedGen:C0342276,OMIM:PS125850,Orphanet:552","Hyperinsulinemic hypoglycemia, familial, 1|Transitory neonatal diabetes mellitus|Maturity-onset diabetes of the young",somatic;unknown,somatic,GRCh38,NC_000011.10,11,17404511,17404512,na,na,11p15.1,"criteria provided, single submitter",2,-,N,ClinGen:CA658822174,2,555340,17404511,C,CCTGGA,-,-,-,-,-,-,SCV002515420|SCV002515421,-,-
546245,Deletion,NM_000352.6(ABCC8):c.3470_3472del (p.Ser1157del),6833,ABCC8,HGNC:59,Uncertain significance,0,-,1554910736,-,RCV000674231|RCV002245578|RCV002245579|RCV005606699,"MONDO:MONDO:0009734,MedGen:C2931832,OMIM:256450,Orphanet:276575,Orphanet:276598|Human Phenotype Ontology:HP:0004904,MONDO:MONDO:0018911,MedGen:C0342276,OMIM:PS125850,Orphanet:552|Human Phenotype Ontology:HP:0008255,MONDO:MONDO:0020525,MedGen:C0342273|","Hyperinsulinemic hypoglycemia, familial, 1|Maturity-onset diabetes of the young|Transitory neonatal diabetes mellitus|Hereditary hyperinsulinism",germline;somatic;unknown,germline/somatic,GRCh37,NC_000011.9,11,17426144,17426146,na,na,11p15.1,"criteria provided, single submitter",3,-,N,ClinGen:CA658822175,2,558019,17426143,TAGG,T,-,-,-,-,-,-,SCV002515441|SCV002515442,-,-
546245,Deletion,NM_000352.6(ABCC8):c.3470_3472del (p.Ser1157del),6833,ABCC8,HGNC:59,Uncertain significance,0,-,1554910736,-,RCV000674231|RCV002245578|RCV002245579|RCV005606699,"MONDO:MONDO:0009734,MedGen:C2931832,OMIM:256450,Orphanet:276575,Orphanet:276598|Human Phenotype Ontology:HP:0004904,MONDO:MONDO:0018911,MedGen:C0342276,OMIM:PS125850,Orphanet:552|Human Phenotype Ontology:HP:0008255,MONDO:MONDO:0020525,MedGen:C0342273|","Hyperinsulinemic hypoglycemia, familial, 1|Maturity-onset diabetes of the young|Transitory neonatal diabetes mellitus|Hereditary hyperinsulinism",germline;somatic;unknown,germline/somatic,GRCh38,NC_000011.10,11,17404597,17404599,na,na,11p15.1,"criteria provided, single submitter",3,-,N,ClinGen:CA658822175,2,558019,17404596,TAGG,T,-,-,-,-,-,-,SCV002515441|SCV002515442,-,-
546251,Microsatellite,NM_000352.6(ABCC8):c.3448_3449del (p.Val1150fs),6833,ABCC8,HGNC:59,Conflicting classifications of pathogenicity,1,"May 05, 2024",1263082097,-,RCV000664917|RCV001251334|RCV002245076|RCV002245077|RCV005049633,"MONDO:MONDO:0009734,MedGen:C2931832,OMIM:256450,Orphanet:276575,Orphanet:276598|MONDO:MONDO:0017182,MedGen:C3888018,Orphanet:276525|Human Phenotype Ontology:HP:0004904,MONDO:MONDO:0018911,MedGen:C0342276,OMIM:PS125850,Orphanet:552|Human Phenotype Ontology:HP:0008255,MONDO:MONDO:0020525,MedGen:C0342273|MONDO:MONDO:0009415,MedGen:C0271714,OMIM:240800;Human Phenotype Ontology:HP:0005965,Human Phenotype Ontology:HP:0005978,Human Phenotype Ontology:HP:0100652,MONDO:MONDO:0005148,MeSH:D003924,MedGen:C0011860,OMIM:125853;MONDO:MONDO:0030088,MedGen:C5394303,OMIM:618857;MONDO:MONDO:0009734,MedGen:C2931832,OMIM:256450,Orphanet:276575,Orphanet:276598;MONDO:MONDO:0012480,MedGen:C1835887,OMIM:610374,Orphanet:99886","Hyperinsulinemic hypoglycemia, familial, 1|Familial hyperinsulinism|Maturity-onset diabetes of the young|Transitory neonatal diabetes mellitus|Leucine-induced hypoglycemia;Type 2 diabetes mellitus;Diabetes mellitus, permanent neonatal 3;Hyperinsulinemic hypoglycemia, familial, 1;Diabetes mellitus, transient neonatal, 2",germline;somatic;unknown,germline/somatic,GRCh37,NC_000011.9,11,17426167,17426168,na,na,11p15.1,"criteria provided, conflicting classifications",4,-,N,ClinGen:CA658822176,2,550226,17426166,GAC,G,-,-,-,-,-,-,SCV001426896|SCV002515449|SCV002515451|SCV005676284,-,-
546251,Microsatellite,NM_000352.6(ABCC8):c.3448_3449del (p.Val1150fs),6833,ABCC8,HGNC:59,Conflicting classifications of pathogenicity,1,"May 05, 2024",1263082097,-,RCV000664917|RCV001251334|RCV002245076|RCV002245077|RCV005049633,"MONDO:MONDO:0009734,MedGen:C2931832,OMIM:256450,Orphanet:276575,Orphanet:276598|MONDO:MONDO:0017182,MedGen:C3888018,Orphanet:276525|Human Phenotype Ontology:HP:0004904,MONDO:MONDO:0018911,MedGen:C0342276,OMIM:PS125850,Orphanet:552|Human Phenotype Ontology:HP:0008255,MONDO:MONDO:0020525,MedGen:C0342273|MONDO:MONDO:0009415,MedGen:C0271714,OMIM:240800;Human Phenotype Ontology:HP:0005965,Human Phenotype Ontology:HP:0005978,Human Phenotype Ontology:HP:0100652,MONDO:MONDO:0005148,MeSH:D003924,MedGen:C0011860,OMIM:125853;MONDO:MONDO:0030088,MedGen:C5394303,OMIM:618857;MONDO:MONDO:0009734,MedGen:C2931832,OMIM:256450,Orphanet:276575,Orphanet:276598;MONDO:MONDO:0012480,MedGen:C1835887,OMIM:610374,Orphanet:99886","Hyperinsulinemic hypoglycemia, familial, 1|Familial hyperinsulinism|Maturity-onset diabetes of the young|Transitory neonatal diabetes mellitus|Leucine-induced hypoglycemia;Type 2 diabetes mellitus;Diabetes mellitus, permanent neonatal 3;Hyperinsulinemic hypoglycemia, familial, 1;Diabetes mellitus, transient neonatal, 2",germline;somatic;unknown,germline/somatic,GRCh38,NC_000011.10,11,17404620,17404621,na,na,11p15.1,"criteria provided, conflicting classifications",4,-,N,ClinGen:CA658822176,2,550226,17404619,GAC,G,-,-,-,-,-,-,SCV001426896|SCV002515449|SCV002515451|SCV005676284,-,-
546259,single nucleotide variant,NM_000352.6(ABCC8):c.2694+3G>A,6833,ABCC8,HGNC:59,Uncertain significance,0,-,1554914779,-,RCV000665506|RCV002251497|RCV002251498,"MONDO:MONDO:0009734,MedGen:C2931832,OMIM:256450,Orphanet:276575,Orphanet:276598|Human Phenotype Ontology:HP:0004904,MONDO:MONDO:0018911,MedGen:C0342276,OMIM:PS125850,Orphanet:552|Human Phenotype Ontology:HP:0008255,MONDO:MONDO:0020525,MedGen:C0342273","Hyperinsulinemic hypoglycemia, familial, 1|Maturity-onset diabetes of the young|Transitory neonatal diabetes mellitus",unknown,unknown,GRCh37,NC_000011.9,11,17432060,17432060,na,na,11p15.1,"criteria provided, single submitter",2,-,N,ClinGen:CA658822180,2,550692,17432060,C,T,-,-,-,-,-,-,SCV002522136|SCV002522137,-,-
546259,single nucleotide variant,NM_000352.6(ABCC8):c.2694+3G>A,6833,ABCC8,HGNC:59,Uncertain significance,0,-,1554914779,-,RCV000665506|RCV002251497|RCV002251498,"MONDO:MONDO:0009734,MedGen:C2931832,OMIM:256450,Orphanet:276575,Orphanet:276598|Human Phenotype Ontology:HP:0004904,MONDO:MONDO:0018911,MedGen:C0342276,OMIM:PS125850,Orphanet:552|Human Phenotype Ontology:HP:0008255,MONDO:MONDO:0020525,MedGen:C0342273","Hyperinsulinemic hypoglycemia, familial, 1|Maturity-onset diabetes of the young|Transitory neonatal diabetes mellitus",unknown,unknown,GRCh38,NC_000011.10,11,17410513,17410513,na,na,11p15.1,"criteria provided, single submitter",2,-,N,ClinGen:CA658822180,2,550692,17410513,C,T,-,-,-,-,-,-,SCV002522136|SCV002522137,-,-
546272,single nucleotide variant,NM_000352.6(ABCC8):c.2694+1G>C,6833,ABCC8,HGNC:59,Uncertain significance,1,-,774574576,-,RCV000667835|RCV002251504|RCV002251503,"MONDO:MONDO:0009734,MedGen:C2931832,OMIM:256450,Orphanet:276575,Orphanet:276598|Human Phenotype Ontology:HP:0008255,MONDO:MONDO:0020525,MedGen:C0342273|Human Phenotype Ontology:HP:0004904,MONDO:MONDO:0018911,MedGen:C0342276,OMIM:PS125850,Orphanet:552","Hyperinsulinemic hypoglycemia, familial, 1|Transitory neonatal diabetes mellitus|Maturity-onset diabetes of the young",unknown,unknown,GRCh37,NC_000011.9,11,17432062,17432062,na,na,11p15.1,"criteria provided, single submitter",2,-,N,ClinGen:CA379805875,2,552551,17432062,C,G,-,-,-,-,-,-,SCV002522138|SCV002522140,-,-
546272,single nucleotide variant,NM_000352.6(ABCC8):c.2694+1G>C,6833,ABCC8,HGNC:59,Uncertain significance,1,-,774574576,-,RCV000667835|RCV002251504|RCV002251503,"MONDO:MONDO:0009734,MedGen:C2931832,OMIM:256450,Orphanet:276575,Orphanet:276598|Human Phenotype Ontology:HP:0008255,MONDO:MONDO:0020525,MedGen:C0342273|Human Phenotype Ontology:HP:0004904,MONDO:MONDO:0018911,MedGen:C0342276,OMIM:PS125850,Orphanet:552","Hyperinsulinemic hypoglycemia, familial, 1|Transitory neonatal diabetes mellitus|Maturity-onset diabetes of the young",unknown,unknown,GRCh38,NC_000011.10,11,17410515,17410515,na,na,11p15.1,"criteria provided, single submitter",2,-,N,ClinGen:CA379805875,2,552551,17410515,C,G,-,-,-,-,-,-,SCV002522138|SCV002522140,-,-
546275,single nucleotide variant,NM_000352.6(ABCC8):c.2475+19G>A,6833,ABCC8,HGNC:59,Uncertain significance,0,-,373894772,-,RCV000672364|RCV002251748|RCV002251749,"MONDO:MONDO:0009734,MedGen:C2931832,OMIM:256450,Orphanet:276575,Orphanet:276598|Human Phenotype Ontology:HP:0004904,MONDO:MONDO:0018911,MedGen:C0342276,OMIM:PS125850,Orphanet:552|Human Phenotype Ontology:HP:0008255,MONDO:MONDO:0020525,MedGen:C0342273","Hyperinsulinemic hypoglycemia, familial, 1|Maturity-onset diabetes of the young|Transitory neonatal diabetes mellitus",unknown,unknown,GRCh37,NC_000011.9,11,17434922,17434922,na,na,11p15.1,"criteria provided, single submitter",2,-,N,ClinGen:CA5903125,2,556366,17434922,C,T,-,-,-,-,-,-,SCV002522157|SCV002522158,-,-
546275,single nucleotide variant,NM_000352.6(ABCC8):c.2475+19G>A,6833,ABCC8,HGNC:59,Uncertain significance,0,-,373894772,-,RCV000672364|RCV002251748|RCV002251749,"MONDO:MONDO:0009734,MedGen:C2931832,OMIM:256450,Orphanet:276575,Orphanet:276598|Human Phenotype Ontology:HP:0004904,MONDO:MONDO:0018911,MedGen:C0342276,OMIM:PS125850,Orphanet:552|Human Phenotype Ontology:HP:0008255,MONDO:MONDO:0020525,MedGen:C0342273","Hyperinsulinemic hypoglycemia, familial, 1|Maturity-onset diabetes of the young|Transitory neonatal diabetes mellitus",unknown,unknown,GRCh38,NC_000011.10,11,17413375,17413375,na,na,11p15.1,"criteria provided, single submitter",2,-,N,ClinGen:CA5903125,2,556366,17413375,C,T,-,-,-,-,-,-,SCV002522157|SCV002522158,-,-
546276,single nucleotide variant,NM_000352.6(ABCC8):c.2041-12C>A,6833,ABCC8,HGNC:59,Conflicting classifications of pathogenicity,0,"Dec 16, 2024",201419039,-,RCV000670824|RCV002267009|RCV002060821|RCV002267008|RCV005049648|RCV005240434,"MONDO:MONDO:0009734,MedGen:C2931832,OMIM:256450,Orphanet:276575,Orphanet:276598|Human Phenotype Ontology:HP:0008255,MONDO:MONDO:0020525,MedGen:C0342273|MedGen:C3661900|Human Phenotype Ontology:HP:0004904,MONDO:MONDO:0018911,MedGen:C0342276,OMIM:PS125850,Orphanet:552|MONDO:MONDO:0009415,MedGen:C0271714,OMIM:240800;Human Phenotype Ontology:HP:0005965,Human Phenotype Ontology:HP:0005978,Human Phenotype Ontology:HP:0100652,MONDO:MONDO:0005148,MeSH:D003924,MedGen:C0011860,OMIM:125853;MONDO:MONDO:0030088,MedGen:C5394303,OMIM:618857;MONDO:MONDO:0009734,MedGen:C2931832,OMIM:256450,Orphanet:276575,Orphanet:276598;MONDO:MONDO:0012480,MedGen:C1835887,OMIM:610374,Orphanet:99886|MedGen:CN169374","Hyperinsulinemic hypoglycemia, familial, 1|Transitory neonatal diabetes mellitus|not provided|Maturity-onset diabetes of the young|Leucine-induced hypoglycemia;Type 2 diabetes mellitus;Diabetes mellitus, permanent neonatal 3;Hyperinsulinemic hypoglycemia, familial, 1;Diabetes mellitus, transient neonatal, 2|not specified",germline;unknown,germline,GRCh37,NC_000011.9,11,17449501,17449501,na,na,11p15.1,"criteria provided, conflicting classifications",6,-,N,ClinGen:CA597666161,2,555078,17449501,G,T,-,-,-,-,-,-,SCV002468255|SCV002522283|SCV002522284|SCV005325037|SCV005676374|SCV005883440,-,-
546276,single nucleotide variant,NM_000352.6(ABCC8):c.2041-12C>A,6833,ABCC8,HGNC:59,Conflicting classifications of pathogenicity,0,"Dec 16, 2024",201419039,-,RCV000670824|RCV002267009|RCV002060821|RCV002267008|RCV005049648|RCV005240434,"MONDO:MONDO:0009734,MedGen:C2931832,OMIM:256450,Orphanet:276575,Orphanet:276598|Human Phenotype Ontology:HP:0008255,MONDO:MONDO:0020525,MedGen:C0342273|MedGen:C3661900|Human Phenotype Ontology:HP:0004904,MONDO:MONDO:0018911,MedGen:C0342276,OMIM:PS125850,Orphanet:552|MONDO:MONDO:0009415,MedGen:C0271714,OMIM:240800;Human Phenotype Ontology:HP:0005965,Human Phenotype Ontology:HP:0005978,Human Phenotype Ontology:HP:0100652,MONDO:MONDO:0005148,MeSH:D003924,MedGen:C0011860,OMIM:125853;MONDO:MONDO:0030088,MedGen:C5394303,OMIM:618857;MONDO:MONDO:0009734,MedGen:C2931832,OMIM:256450,Orphanet:276575,Orphanet:276598;MONDO:MONDO:0012480,MedGen:C1835887,OMIM:610374,Orphanet:99886|MedGen:CN169374","Hyperinsulinemic hypoglycemia, familial, 1|Transitory neonatal diabetes mellitus|not provided|Maturity-onset diabetes of the young|Leucine-induced hypoglycemia;Type 2 diabetes mellitus;Diabetes mellitus, permanent neonatal 3;Hyperinsulinemic hypoglycemia, familial, 1;Diabetes mellitus, transient neonatal, 2|not specified",germline;unknown,germline,GRCh38,NC_000011.10,11,17427954,17427954,na,na,11p15.1,"criteria provided, conflicting classifications",6,-,N,ClinGen:CA597666161,2,555078,17427954,G,T,-,-,-,-,-,-,SCV002468255|SCV002522283|SCV002522284|SCV005325037|SCV005676374|SCV005883440,-,-
546279,single nucleotide variant,NM_000352.6(ABCC8):c.2041-21G>A,6833,ABCC8,HGNC:59,Pathogenic/Likely pathogenic,1,"Sep 22, 2025",746714109,-,RCV000669471|RCV001059343|RCV003278982|RCV003465492|RCV005357891|RCV005046882,"MONDO:MONDO:0009734,MedGen:C2931832,OMIM:256450,Orphanet:276575,Orphanet:276598|MedGen:C3661900|MeSH:D030342,MedGen:C0950123|Human Phenotype Ontology:HP:0005965,Human Phenotype Ontology:HP:0005978,Human Phenotype Ontology:HP:0100652,MONDO:MONDO:0005148,MeSH:D003924,MedGen:C0011860,OMIM:125853|MONDO:MONDO:0009415,MedGen:C0271714,OMIM:240800;MONDO:MONDO:0009734,MedGen:C2931832,OMIM:256450,Orphanet:276575,Orphanet:276598|MONDO:MONDO:0009415,MedGen:C0271714,OMIM:240800;Human Phenotype Ontology:HP:0005965,Human Phenotype Ontology:HP:0005978,Human Phenotype Ontology:HP:0100652,MONDO:MONDO:0005148,MeSH:D003924,MedGen:C0011860,OMIM:125853;MONDO:MONDO:0030088,MedGen:C5394303,OMIM:618857;MONDO:MONDO:0009734,MedGen:C2931832,OMIM:256450,Orphanet:276575,Orphanet:276598;MONDO:MONDO:0012480,MedGen:C1835887,OMIM:610374,Orphanet:99886","Hyperinsulinemic hypoglycemia, familial, 1|not provided|Inborn genetic diseases|Type 2 diabetes mellitus|Leucine-induced hypoglycemia;Hyperinsulinemic hypoglycemia, familial, 1|Leucine-induced hypoglycemia;Type 2 diabetes mellitus;Diabetes mellitus, permanent neonatal 3;Hyperinsulinemic hypoglycemia, familial, 1;Diabetes mellitus, transient neonatal, 2",germline;unknown,germline,GRCh37,NC_000011.9,11,17449510,17449510,na,na,11p15.1,"criteria provided, multiple submitters, no conflicts",10,-,N,ClinGen:CA5903322,2,553929,17449510,C,T,-,-,-,-,-,-,SCV001138233|SCV001223966|SCV003960587|SCV004026550|SCV004196951|SCV005676375|SCV005906390|SCV005920856|SCV006322204,-,-
546279,single nucleotide variant,NM_000352.6(ABCC8):c.2041-21G>A,6833,ABCC8,HGNC:59,Pathogenic/Likely pathogenic,1,"Sep 22, 2025",746714109,-,RCV000669471|RCV001059343|RCV003278982|RCV003465492|RCV005357891|RCV005046882,"MONDO:MONDO:0009734,MedGen:C2931832,OMIM:256450,Orphanet:276575,Orphanet:276598|MedGen:C3661900|MeSH:D030342,MedGen:C0950123|Human Phenotype Ontology:HP:0005965,Human Phenotype Ontology:HP:0005978,Human Phenotype Ontology:HP:0100652,MONDO:MONDO:0005148,MeSH:D003924,MedGen:C0011860,OMIM:125853|MONDO:MONDO:0009415,MedGen:C0271714,OMIM:240800;MONDO:MONDO:0009734,MedGen:C2931832,OMIM:256450,Orphanet:276575,Orphanet:276598|MONDO:MONDO:0009415,MedGen:C0271714,OMIM:240800;Human Phenotype Ontology:HP:0005965,Human Phenotype Ontology:HP:0005978,Human Phenotype Ontology:HP:0100652,MONDO:MONDO:0005148,MeSH:D003924,MedGen:C0011860,OMIM:125853;MONDO:MONDO:0030088,MedGen:C5394303,OMIM:618857;MONDO:MONDO:0009734,MedGen:C2931832,OMIM:256450,Orphanet:276575,Orphanet:276598;MONDO:MONDO:0012480,MedGen:C1835887,OMIM:610374,Orphanet:99886","Hyperinsulinemic hypoglycemia, familial, 1|not provided|Inborn genetic diseases|Type 2 diabetes mellitus|Leucine-induced hypoglycemia;Hyperinsulinemic hypoglycemia, familial, 1|Leucine-induced hypoglycemia;Type 2 diabetes mellitus;Diabetes mellitus, permanent neonatal 3;Hyperinsulinemic hypoglycemia, familial, 1;Diabetes mellitus, transient neonatal, 2",germline;unknown,germline,GRCh38,NC_000011.10,11,17427963,17427963,na,na,11p15.1,"criteria provided, multiple submitters, no conflicts",10,-,N,ClinGen:CA5903322,2,553929,17427963,C,T,-,-,-,-,-,-,SCV001138233|SCV001223966|SCV003960587|SCV004026550|SCV004196951|SCV005676375|SCV005906390|SCV005920856|SCV006322204,-,-
546285,Microsatellite,NM_000352.6(ABCC8):c.1817+2_1817+6del,6833,ABCC8,HGNC:59,Uncertain significance,1,-,1554926465,-,RCV000670304|RCV002267006|RCV002267007,"MONDO:MONDO:0009734,MedGen:C2931832,OMIM:256450,Orphanet:276575,Orphanet:276598|Human Phenotype Ontology:HP:0004904,MONDO:MONDO:0018911,MedGen:C0342276,OMIM:PS125850,Orphanet:552|Human Phenotype Ontology:HP:0008255,MONDO:MONDO:0020525,MedGen:C0342273","Hyperinsulinemic hypoglycemia, familial, 1|Maturity-onset diabetes of the young|Transitory neonatal diabetes mellitus",unknown,unknown,GRCh37,NC_000011.9,11,17452355,17452359,na,na,11p15.1,"criteria provided, single submitter",2,-,N,ClinGen:CA658822184,2,554631,17452354,CCCTCA,C,-,-,-,-,-,-,SCV002522341|SCV002522342,-,-
546285,Microsatellite,NM_000352.6(ABCC8):c.1817+2_1817+6del,6833,ABCC8,HGNC:59,Uncertain significance,1,-,1554926465,-,RCV000670304|RCV002267006|RCV002267007,"MONDO:MONDO:0009734,MedGen:C2931832,OMIM:256450,Orphanet:276575,Orphanet:276598|Human Phenotype Ontology:HP:0004904,MONDO:MONDO:0018911,MedGen:C0342276,OMIM:PS125850,Orphanet:552|Human Phenotype Ontology:HP:0008255,MONDO:MONDO:0020525,MedGen:C0342273","Hyperinsulinemic hypoglycemia, familial, 1|Maturity-onset diabetes of the young|Transitory neonatal diabetes mellitus",unknown,unknown,GRCh38,NC_000011.10,11,17430808,17430812,na,na,11p15.1,"criteria provided, single submitter",2,-,N,ClinGen:CA658822184,2,554631,17430807,CCCTCA,C,-,-,-,-,-,-,SCV002522341|SCV002522342,-,-
546288,single nucleotide variant,NM_000352.6(ABCC8):c.1817+1G>T,6833,ABCC8,HGNC:59,Uncertain significance,1,-,1554926476,-,RCV000665423|RCV002266999|RCV002267000,"MONDO:MONDO:0009734,MedGen:C2931832,OMIM:256450,Orphanet:276575,Orphanet:276598|Human Phenotype Ontology:HP:0004904,MONDO:MONDO:0018911,MedGen:C0342276,OMIM:PS125850,Orphanet:552|Human Phenotype Ontology:HP:0008255,MONDO:MONDO:0020525,MedGen:C0342273","Hyperinsulinemic hypoglycemia, familial, 1|Maturity-onset diabetes of the young|Transitory neonatal diabetes mellitus",somatic;unknown,somatic,GRCh37,NC_000011.9,11,17452360,17452360,na,na,11p15.1,"criteria provided, single submitter",2,-,N,ClinGen:CA379816857,2,550630,17452360,C,A,-,-,-,-,-,-,SCV002522343|SCV002522344,-,-
546288,single nucleotide variant,NM_000352.6(ABCC8):c.1817+1G>T,6833,ABCC8,HGNC:59,Uncertain significance,1,-,1554926476,-,RCV000665423|RCV002266999|RCV002267000,"MONDO:MONDO:0009734,MedGen:C2931832,OMIM:256450,Orphanet:276575,Orphanet:276598|Human Phenotype Ontology:HP:0004904,MONDO:MONDO:0018911,MedGen:C0342276,OMIM:PS125850,Orphanet:552|Human Phenotype Ontology:HP:0008255,MONDO:MONDO:0020525,MedGen:C0342273","Hyperinsulinemic hypoglycemia, familial, 1|Maturity-onset diabetes of the young|Transitory neonatal diabetes mellitus",somatic;unknown,somatic,GRCh38,NC_000011.10,11,17430813,17430813,na,na,11p15.1,"criteria provided, single submitter",2,-,N,ClinGen:CA379816857,2,550630,17430813,C,A,-,-,-,-,-,-,SCV002522343|SCV002522344,-,-
546291,single nucleotide variant,NM_000352.6(ABCC8):c.1576C>T (p.Arg526Cys),6833,ABCC8,HGNC:59,Pathogenic/Likely pathogenic,1,"Jan 14, 2026",751279984,-,RCV000669267|RCV001383751|RCV002477497|RCV003230568|RCV003459609,"MONDO:MONDO:0009734,MedGen:C2931832,OMIM:256450,Orphanet:276575,Orphanet:276598|MedGen:C3661900|MONDO:MONDO:0009415,MedGen:C0271714,OMIM:240800;Human Phenotype Ontology:HP:0005965,Human Phenotype Ontology:HP:0005978,Human Phenotype Ontology:HP:0100652,MONDO:MONDO:0005148,MeSH:D003924,MedGen:C0011860,OMIM:125853;MONDO:MONDO:0030088,MedGen:C5394303,OMIM:618857;MONDO:MONDO:0009734,MedGen:C2931832,OMIM:256450,Orphanet:276575,Orphanet:276598;MONDO:MONDO:0012480,MedGen:C1835887,OMIM:610374,Orphanet:99886|MONDO:MONDO:0017182,MedGen:C3888018,Orphanet:276525|Human Phenotype Ontology:HP:0005965,Human Phenotype Ontology:HP:0005978,Human Phenotype Ontology:HP:0100652,MONDO:MONDO:0005148,MeSH:D003924,MedGen:C0011860,OMIM:125853","Hyperinsulinemic hypoglycemia, familial, 1|not provided|Leucine-induced hypoglycemia;Type 2 diabetes mellitus;Diabetes mellitus, permanent neonatal 3;Hyperinsulinemic hypoglycemia, familial, 1;Diabetes mellitus, transient neonatal, 2|Familial hyperinsulinism|Type 2 diabetes mellitus",germline;unknown,germline,GRCh37,NC_000011.9,11,17464321,17464321,na,na,11p15.1,"criteria provided, multiple submitters, no conflicts",6,-,N,ClinGen:CA5903524,2,553752,17464321,G,A,-,-,-,-,-,-,SCV001583006|SCV002782571|SCV003928942|SCV004026561|SCV004195605,-,-
546291,single nucleotide variant,NM_000352.6(ABCC8):c.1576C>T (p.Arg526Cys),6833,ABCC8,HGNC:59,Pathogenic/Likely pathogenic,1,"Jan 14, 2026",751279984,-,RCV000669267|RCV001383751|RCV002477497|RCV003230568|RCV003459609,"MONDO:MONDO:0009734,MedGen:C2931832,OMIM:256450,Orphanet:276575,Orphanet:276598|MedGen:C3661900|MONDO:MONDO:0009415,MedGen:C0271714,OMIM:240800;Human Phenotype Ontology:HP:0005965,Human Phenotype Ontology:HP:0005978,Human Phenotype Ontology:HP:0100652,MONDO:MONDO:0005148,MeSH:D003924,MedGen:C0011860,OMIM:125853;MONDO:MONDO:0030088,MedGen:C5394303,OMIM:618857;MONDO:MONDO:0009734,MedGen:C2931832,OMIM:256450,Orphanet:276575,Orphanet:276598;MONDO:MONDO:0012480,MedGen:C1835887,OMIM:610374,Orphanet:99886|MONDO:MONDO:0017182,MedGen:C3888018,Orphanet:276525|Human Phenotype Ontology:HP:0005965,Human Phenotype Ontology:HP:0005978,Human Phenotype Ontology:HP:0100652,MONDO:MONDO:0005148,MeSH:D003924,MedGen:C0011860,OMIM:125853","Hyperinsulinemic hypoglycemia, familial, 1|not provided|Leucine-induced hypoglycemia;Type 2 diabetes mellitus;Diabetes mellitus, permanent neonatal 3;Hyperinsulinemic hypoglycemia, familial, 1;Diabetes mellitus, transient neonatal, 2|Familial hyperinsulinism|Type 2 diabetes mellitus",germline;unknown,germline,GRCh38,NC_000011.10,11,17442774,17442774,na,na,11p15.1,"criteria provided, multiple submitters, no conflicts",6,-,N,ClinGen:CA5903524,2,553752,17442774,G,A,-,-,-,-,-,-,SCV001583006|SCV002782571|SCV003928942|SCV004026561|SCV004195605,-,-
546293,single nucleotide variant,NM_000352.6(ABCC8):c.1484G>A (p.Arg495Gln),6833,ABCC8,HGNC:59,Conflicting classifications of pathogenicity,1,"Jul 16, 2025",1420601296,-,RCV000670691|RCV003140067|RCV003472129|RCV003155273|RCV005049647,"MONDO:MONDO:0009734,MedGen:C2931832,OMIM:256450,Orphanet:276575,Orphanet:276598|MedGen:C3661900|Human Phenotype Ontology:HP:0005965,Human Phenotype Ontology:HP:0005978,Human Phenotype Ontology:HP:0100652,MONDO:MONDO:0005148,MeSH:D003924,MedGen:C0011860,OMIM:125853|MedGen:CN169374|MONDO:MONDO:0009415,MedGen:C0271714,OMIM:240800;Human Phenotype Ontology:HP:0005965,Human Phenotype Ontology:HP:0005978,Human Phenotype Ontology:HP:0100652,MONDO:MONDO:0005148,MeSH:D003924,MedGen:C0011860,OMIM:125853;MONDO:MONDO:0030088,MedGen:C5394303,OMIM:618857;MONDO:MONDO:0009734,MedGen:C2931832,OMIM:256450,Orphanet:276575,Orphanet:276598;MONDO:MONDO:0012480,MedGen:C1835887,OMIM:610374,Orphanet:99886","Hyperinsulinemic hypoglycemia, familial, 1|not provided|Type 2 diabetes mellitus|not specified|Leucine-induced hypoglycemia;Type 2 diabetes mellitus;Diabetes mellitus, permanent neonatal 3;Hyperinsulinemic hypoglycemia, familial, 1;Diabetes mellitus, transient neonatal, 2",germline;maternal;unknown,germline,GRCh37,NC_000011.9,11,17464413,17464413,na,na,11p15.1,"criteria provided, conflicting classifications",7,-,N,ClinGen:CA379766680,2,554963,17464413,C,T,-,-,-,-,-,-,SCV003824368|SCV003844687|SCV004192310|SCV005676402|SCV007511205,-,-
546293,single nucleotide variant,NM_000352.6(ABCC8):c.1484G>A (p.Arg495Gln),6833,ABCC8,HGNC:59,Conflicting classifications of pathogenicity,1,"Jul 16, 2025",1420601296,-,RCV000670691|RCV003140067|RCV003472129|RCV003155273|RCV005049647,"MONDO:MONDO:0009734,MedGen:C2931832,OMIM:256450,Orphanet:276575,Orphanet:276598|MedGen:C3661900|Human Phenotype Ontology:HP:0005965,Human Phenotype Ontology:HP:0005978,Human Phenotype Ontology:HP:0100652,MONDO:MONDO:0005148,MeSH:D003924,MedGen:C0011860,OMIM:125853|MedGen:CN169374|MONDO:MONDO:0009415,MedGen:C0271714,OMIM:240800;Human Phenotype Ontology:HP:0005965,Human Phenotype Ontology:HP:0005978,Human Phenotype Ontology:HP:0100652,MONDO:MONDO:0005148,MeSH:D003924,MedGen:C0011860,OMIM:125853;MONDO:MONDO:0030088,MedGen:C5394303,OMIM:618857;MONDO:MONDO:0009734,MedGen:C2931832,OMIM:256450,Orphanet:276575,Orphanet:276598;MONDO:MONDO:0012480,MedGen:C1835887,OMIM:610374,Orphanet:99886","Hyperinsulinemic hypoglycemia, familial, 1|not provided|Type 2 diabetes mellitus|not specified|Leucine-induced hypoglycemia;Type 2 diabetes mellitus;Diabetes mellitus, permanent neonatal 3;Hyperinsulinemic hypoglycemia, familial, 1;Diabetes mellitus, transient neonatal, 2",germline;maternal;unknown,germline,GRCh38,NC_000011.10,11,17442866,17442866,na,na,11p15.1,"criteria provided, conflicting classifications",7,-,N,ClinGen:CA379766680,2,554963,17442866,C,T,-,-,-,-,-,-,SCV003824368|SCV003844687|SCV004192310|SCV005676402|SCV007511205,-,-
546296,single nucleotide variant,NM_000352.6(ABCC8):c.1012-2A>G,6833,ABCC8,HGNC:59,Uncertain significance,1,-,1554938866,-,RCV000666551|RCV002253551|RCV002253550,"MONDO:MONDO:0009734,MedGen:C2931832,OMIM:256450,Orphanet:276575,Orphanet:276598|Human Phenotype Ontology:HP:0008255,MONDO:MONDO:0020525,MedGen:C0342273|Human Phenotype Ontology:HP:0004904,MONDO:MONDO:0018911,MedGen:C0342276,OMIM:PS125850,Orphanet:552","Hyperinsulinemic hypoglycemia, familial, 1|Transitory neonatal diabetes mellitus|Maturity-onset diabetes of the young",unknown,unknown,GRCh37,NC_000011.9,11,17474832,17474832,na,na,11p15.1,"criteria provided, single submitter",2,-,N,ClinGen:CA379771545,2,551479,17474832,T,C,-,-,-,-,-,-,SCV002522577|SCV002522578,-,-
546296,single nucleotide variant,NM_000352.6(ABCC8):c.1012-2A>G,6833,ABCC8,HGNC:59,Uncertain significance,1,-,1554938866,-,RCV000666551|RCV002253551|RCV002253550,"MONDO:MONDO:0009734,MedGen:C2931832,OMIM:256450,Orphanet:276575,Orphanet:276598|Human Phenotype Ontology:HP:0008255,MONDO:MONDO:0020525,MedGen:C0342273|Human Phenotype Ontology:HP:0004904,MONDO:MONDO:0018911,MedGen:C0342276,OMIM:PS125850,Orphanet:552","Hyperinsulinemic hypoglycemia, familial, 1|Transitory neonatal diabetes mellitus|Maturity-onset diabetes of the young",unknown,unknown,GRCh38,NC_000011.10,11,17453285,17453285,na,na,11p15.1,"criteria provided, single submitter",2,-,N,ClinGen:CA379771545,2,551479,17453285,T,C,-,-,-,-,-,-,SCV002522577|SCV002522578,-,-
546301,single nucleotide variant,NM_000352.6(ABCC8):c.926C>G (p.Ala309Gly),6833,ABCC8,HGNC:59,Uncertain significance,0,"Jan 06, 2026",149347593,-,RCV000666406|RCV002253547|RCV002253546|RCV006463836,"MONDO:MONDO:0009734,MedGen:C2931832,OMIM:256450,Orphanet:276575,Orphanet:276598|Human Phenotype Ontology:HP:0008255,MONDO:MONDO:0020525,MedGen:C0342273|Human Phenotype Ontology:HP:0004904,MONDO:MONDO:0018911,MedGen:C0342276,OMIM:PS125850,Orphanet:552|MedGen:C3661900","Hyperinsulinemic hypoglycemia, familial, 1|Transitory neonatal diabetes mellitus|Maturity-onset diabetes of the young|not provided",germline;unknown,germline,GRCh37,NC_000011.9,11,17482120,17482120,na,na,11p15.1,"criteria provided, multiple submitters, no conflicts",3,-,N,ClinGen:CA5903726,2,551365,17482120,G,C,-,-,-,-,-,-,SCV002522548|SCV002522549|SCV007374307,-,-
546301,single nucleotide variant,NM_000352.6(ABCC8):c.926C>G (p.Ala309Gly),6833,ABCC8,HGNC:59,Uncertain significance,0,"Jan 06, 2026",149347593,-,RCV000666406|RCV002253547|RCV002253546|RCV006463836,"MONDO:MONDO:0009734,MedGen:C2931832,OMIM:256450,Orphanet:276575,Orphanet:276598|Human Phenotype Ontology:HP:0008255,MONDO:MONDO:0020525,MedGen:C0342273|Human Phenotype Ontology:HP:0004904,MONDO:MONDO:0018911,MedGen:C0342276,OMIM:PS125850,Orphanet:552|MedGen:C3661900","Hyperinsulinemic hypoglycemia, familial, 1|Transitory neonatal diabetes mellitus|Maturity-onset diabetes of the young|not provided",germline;unknown,germline,GRCh38,NC_000011.10,11,17460573,17460573,na,na,11p15.1,"criteria provided, multiple submitters, no conflicts",3,-,N,ClinGen:CA5903726,2,551365,17460573,G,C,-,-,-,-,-,-,SCV002522548|SCV002522549|SCV007374307,-,-
546306,Microsatellite,NM_000352.6(ABCC8):c.589TTC[1] (p.Phe198del),6833,ABCC8,HGNC:59,Uncertain significance,0,-,772409200,-,RCV000665287|RCV002253545|RCV002253544,"MONDO:MONDO:0009734,MedGen:C2931832,OMIM:256450,Orphanet:276575,Orphanet:276598|Human Phenotype Ontology:HP:0008255,MONDO:MONDO:0020525,MedGen:C0342273|Human Phenotype Ontology:HP:0004904,MONDO:MONDO:0018911,MedGen:C0342276,OMIM:PS125850,Orphanet:552","Hyperinsulinemic hypoglycemia, familial, 1|Transitory neonatal diabetes mellitus|Maturity-onset diabetes of the young",unknown,unknown,GRCh37,NC_000011.9,11,17483358,17483360,na,na,11p15.1,"criteria provided, single submitter",2,-,N,ClinGen:CA5903817,2,550521,17483357,TGAA,T,-,-,-,-,-,-,SCV002522668|SCV002522669,-,-
546306,Microsatellite,NM_000352.6(ABCC8):c.589TTC[1] (p.Phe198del),6833,ABCC8,HGNC:59,Uncertain significance,0,-,772409200,-,RCV000665287|RCV002253545|RCV002253544,"MONDO:MONDO:0009734,MedGen:C2931832,OMIM:256450,Orphanet:276575,Orphanet:276598|Human Phenotype Ontology:HP:0008255,MONDO:MONDO:0020525,MedGen:C0342273|Human Phenotype Ontology:HP:0004904,MONDO:MONDO:0018911,MedGen:C0342276,OMIM:PS125850,Orphanet:552","Hyperinsulinemic hypoglycemia, familial, 1|Transitory neonatal diabetes mellitus|Maturity-onset diabetes of the young",unknown,unknown,GRCh38,NC_000011.10,11,17461811,17461813,na,na,11p15.1,"criteria provided, single submitter",2,-,N,ClinGen:CA5903817,2,550521,17461810,TGAA,T,-,-,-,-,-,-,SCV002522668|SCV002522669,-,-
546309,Deletion,NM_000352.6(ABCC8):c.536_539del (p.Leu178_Tyr179insTer),6833,ABCC8,HGNC:59,Pathogenic,1,"May 09, 2024",770664202,-,RCV000665712|RCV001386145|RCV003472073|RCV005046855,"MONDO:MONDO:0009734,MedGen:C2931832,OMIM:256450,Orphanet:276575,Orphanet:276598|MedGen:C3661900|Human Phenotype Ontology:HP:0005965,Human Phenotype Ontology:HP:0005978,Human Phenotype Ontology:HP:0100652,MONDO:MONDO:0005148,MeSH:D003924,MedGen:C0011860,OMIM:125853|MONDO:MONDO:0009415,MedGen:C0271714,OMIM:240800;Human Phenotype Ontology:HP:0005965,Human Phenotype Ontology:HP:0005978,Human Phenotype Ontology:HP:0100652,MONDO:MONDO:0005148,MeSH:D003924,MedGen:C0011860,OMIM:125853;MONDO:MONDO:0030088,MedGen:C5394303,OMIM:618857;MONDO:MONDO:0009734,MedGen:C2931832,OMIM:256450,Orphanet:276575,Orphanet:276598;MONDO:MONDO:0012480,MedGen:C1835887,OMIM:610374,Orphanet:99886","Hyperinsulinemic hypoglycemia, familial, 1|not provided|Type 2 diabetes mellitus|Leucine-induced hypoglycemia;Type 2 diabetes mellitus;Diabetes mellitus, permanent neonatal 3;Hyperinsulinemic hypoglycemia, familial, 1;Diabetes mellitus, transient neonatal, 2",germline;unknown,germline,GRCh37,NC_000011.9,11,17485025,17485028,na,na,11p15.1,"criteria provided, multiple submitters, no conflicts",5,-,N,ClinGen:CA5903847,2,550846,17485024,CCCAT,C,-,-,-,-,-,-,SCV001586277|SCV004026578|SCV004203356|SCV005676104,-,-
546309,Deletion,NM_000352.6(ABCC8):c.536_539del (p.Leu178_Tyr179insTer),6833,ABCC8,HGNC:59,Pathogenic,1,"May 09, 2024",770664202,-,RCV000665712|RCV001386145|RCV003472073|RCV005046855,"MONDO:MONDO:0009734,MedGen:C2931832,OMIM:256450,Orphanet:276575,Orphanet:276598|MedGen:C3661900|Human Phenotype Ontology:HP:0005965,Human Phenotype Ontology:HP:0005978,Human Phenotype Ontology:HP:0100652,MONDO:MONDO:0005148,MeSH:D003924,MedGen:C0011860,OMIM:125853|MONDO:MONDO:0009415,MedGen:C0271714,OMIM:240800;Human Phenotype Ontology:HP:0005965,Human Phenotype Ontology:HP:0005978,Human Phenotype Ontology:HP:0100652,MONDO:MONDO:0005148,MeSH:D003924,MedGen:C0011860,OMIM:125853;MONDO:MONDO:0030088,MedGen:C5394303,OMIM:618857;MONDO:MONDO:0009734,MedGen:C2931832,OMIM:256450,Orphanet:276575,Orphanet:276598;MONDO:MONDO:0012480,MedGen:C1835887,OMIM:610374,Orphanet:99886","Hyperinsulinemic hypoglycemia, familial, 1|not provided|Type 2 diabetes mellitus|Leucine-induced hypoglycemia;Type 2 diabetes mellitus;Diabetes mellitus, permanent neonatal 3;Hyperinsulinemic hypoglycemia, familial, 1;Diabetes mellitus, transient neonatal, 2",germline;unknown,germline,GRCh38,NC_000011.10,11,17463478,17463481,na,na,11p15.1,"criteria provided, multiple submitters, no conflicts",5,-,N,ClinGen:CA5903847,2,550846,17463477,CCCAT,C,-,-,-,-,-,-,SCV001586277|SCV004026578|SCV004203356|SCV005676104,-,-
546311,single nucleotide variant,NM_000352.6(ABCC8):c.536A>G (p.Tyr179Cys),6833,ABCC8,HGNC:59,Pathogenic,1,"Jul 11, 2025",919281813,-,RCV000667913|RCV002530729|RCV005901455,"MONDO:MONDO:0009734,MedGen:C2931832,OMIM:256450,Orphanet:276575,Orphanet:276598|MedGen:C3661900|MONDO:MONDO:0017182,MedGen:C3888018,Orphanet:276525","Hyperinsulinemic hypoglycemia, familial, 1|not provided|Familial hyperinsulinism",germline;unknown,germline,GRCh37,NC_000011.9,11,17485028,17485028,na,na,11p15.1,"criteria provided, multiple submitters, no conflicts",3,-,N,ClinGen:CA218452824,2,552617,17485028,T,C,-,-,-,-,-,-,SCV003439710|SCV005726279,-,-
546311,single nucleotide variant,NM_000352.6(ABCC8):c.536A>G (p.Tyr179Cys),6833,ABCC8,HGNC:59,Pathogenic,1,"Jul 11, 2025",919281813,-,RCV000667913|RCV002530729|RCV005901455,"MONDO:MONDO:0009734,MedGen:C2931832,OMIM:256450,Orphanet:276575,Orphanet:276598|MedGen:C3661900|MONDO:MONDO:0017182,MedGen:C3888018,Orphanet:276525","Hyperinsulinemic hypoglycemia, familial, 1|not provided|Familial hyperinsulinism",germline;unknown,germline,GRCh38,NC_000011.10,11,17463481,17463481,na,na,11p15.1,"criteria provided, multiple submitters, no conflicts",3,-,N,ClinGen:CA218452824,2,552617,17463481,T,C,-,-,-,-,-,-,SCV003439710|SCV005726279,-,-
546313,single nucleotide variant,NM_000352.6(ABCC8):c.524T>A (p.Leu175Gln),6833,ABCC8,HGNC:59,Uncertain significance,0,"Apr 01, 2025",1554943599,-,RCV000673404|RCV002254174|RCV002254173|RCV003489794|RCV005861154,"MONDO:MONDO:0009734,MedGen:C2931832,OMIM:256450,Orphanet:276575,Orphanet:276598|Human Phenotype Ontology:HP:0008255,MONDO:MONDO:0020525,MedGen:C0342273|Human Phenotype Ontology:HP:0004904,MONDO:MONDO:0018911,MedGen:C0342276,OMIM:PS125850,Orphanet:552|MedGen:CN169374|MedGen:C3661900","Hyperinsulinemic hypoglycemia, familial, 1|Transitory neonatal diabetes mellitus|Maturity-onset diabetes of the young|not specified|not provided",germline;unknown,germline,GRCh37,NC_000011.9,11,17485040,17485040,na,na,11p15.1,"criteria provided, multiple submitters, no conflicts",5,-,N,ClinGen:CA379779965,2,557284,17485040,A,T,-,-,-,-,-,-,SCV002524055|SCV002524056|SCV004026580|SCV004241441|SCV006553638,-,-
546313,single nucleotide variant,NM_000352.6(ABCC8):c.524T>A (p.Leu175Gln),6833,ABCC8,HGNC:59,Uncertain significance,0,"Apr 01, 2025",1554943599,-,RCV000673404|RCV002254174|RCV002254173|RCV003489794|RCV005861154,"MONDO:MONDO:0009734,MedGen:C2931832,OMIM:256450,Orphanet:276575,Orphanet:276598|Human Phenotype Ontology:HP:0008255,MONDO:MONDO:0020525,MedGen:C0342273|Human Phenotype Ontology:HP:0004904,MONDO:MONDO:0018911,MedGen:C0342276,OMIM:PS125850,Orphanet:552|MedGen:CN169374|MedGen:C3661900","Hyperinsulinemic hypoglycemia, familial, 1|Transitory neonatal diabetes mellitus|Maturity-onset diabetes of the young|not specified|not provided",germline;unknown,germline,GRCh38,NC_000011.10,11,17463493,17463493,na,na,11p15.1,"criteria provided, multiple submitters, no conflicts",5,-,N,ClinGen:CA379779965,2,557284,17463493,A,T,-,-,-,-,-,-,SCV002524055|SCV002524056|SCV004026580|SCV004241441|SCV006553638,-,-
546319,single nucleotide variant,NM_000352.6(ABCC8):c.307C>T (p.His103Tyr),6833,ABCC8,HGNC:59,Uncertain significance,0,"Jul 31, 2024",751209734,-,RCV000669935|RCV004702292,"MONDO:MONDO:0009734,MedGen:C2931832,OMIM:256450,Orphanet:276575,Orphanet:276598|MedGen:CN169374","Hyperinsulinemic hypoglycemia, familial, 1|not specified",germline;unknown,germline,GRCh37,NC_000011.9,11,17491753,17491753,na,na,11p15.1,"criteria provided, single submitter",2,-,N,ClinGen:CA5903910,2,554321,17491753,G,A,-,-,-,-,-,-,SCV005202417,-,-
546319,single nucleotide variant,NM_000352.6(ABCC8):c.307C>T (p.His103Tyr),6833,ABCC8,HGNC:59,Uncertain significance,0,"Jul 31, 2024",751209734,-,RCV000669935|RCV004702292,"MONDO:MONDO:0009734,MedGen:C2931832,OMIM:256450,Orphanet:276575,Orphanet:276598|MedGen:CN169374","Hyperinsulinemic hypoglycemia, familial, 1|not specified",germline;unknown,germline,GRCh38,NC_000011.10,11,17470206,17470206,na,na,11p15.1,"criteria provided, single submitter",2,-,N,ClinGen:CA5903910,2,554321,17470206,G,A,-,-,-,-,-,-,SCV005202417,-,-
546326,single nucleotide variant,NM_000352.6(ABCC8):c.290+2T>C,6833,ABCC8,HGNC:59,Conflicting classifications of pathogenicity,1,"Oct 31, 2018",1554948310,-,RCV000667474|RCV000763235|RCV002254308|RCV002254307,"MONDO:MONDO:0009734,MedGen:C2931832,OMIM:256450,Orphanet:276575,Orphanet:276598|MONDO:MONDO:0009415,MedGen:C0271714,OMIM:240800;Human Phenotype Ontology:HP:0005965,Human Phenotype Ontology:HP:0005978,Human Phenotype Ontology:HP:0100652,MONDO:MONDO:0005148,MeSH:D003924,MedGen:C0011860,OMIM:125853;MONDO:MONDO:0009734,MedGen:C2931832,OMIM:256450,Orphanet:276575,Orphanet:276598;MONDO:MONDO:0012480,MedGen:C1835887,OMIM:610374,Orphanet:99886;MONDO:MONDO:0100164,MedGen:C1833104,OMIM:PS606176,Orphanet:99885|Human Phenotype Ontology:HP:0008255,MONDO:MONDO:0020525,MedGen:C0342273|Human Phenotype Ontology:HP:0004904,MONDO:MONDO:0018911,MedGen:C0342276,OMIM:PS125850,Orphanet:552","Hyperinsulinemic hypoglycemia, familial, 1|Leucine-induced hypoglycemia;Type 2 diabetes mellitus;Hyperinsulinemic hypoglycemia, familial, 1;Diabetes mellitus, transient neonatal, 2;Permanent neonatal diabetes mellitus|Transitory neonatal diabetes mellitus|Maturity-onset diabetes of the young",unknown,unknown,GRCh37,NC_000011.9,11,17496431,17496431,na,na,11p15.1,"criteria provided, conflicting classifications",3,-,N,ClinGen:CA379786978,2,552247,17496431,A,G,-,-,-,-,-,-,SCV000893868|SCV002524109|SCV002524111,-,-
546326,single nucleotide variant,NM_000352.6(ABCC8):c.290+2T>C,6833,ABCC8,HGNC:59,Conflicting classifications of pathogenicity,1,"Oct 31, 2018",1554948310,-,RCV000667474|RCV000763235|RCV002254308|RCV002254307,"MONDO:MONDO:0009734,MedGen:C2931832,OMIM:256450,Orphanet:276575,Orphanet:276598|MONDO:MONDO:0009415,MedGen:C0271714,OMIM:240800;Human Phenotype Ontology:HP:0005965,Human Phenotype Ontology:HP:0005978,Human Phenotype Ontology:HP:0100652,MONDO:MONDO:0005148,MeSH:D003924,MedGen:C0011860,OMIM:125853;MONDO:MONDO:0009734,MedGen:C2931832,OMIM:256450,Orphanet:276575,Orphanet:276598;MONDO:MONDO:0012480,MedGen:C1835887,OMIM:610374,Orphanet:99886;MONDO:MONDO:0100164,MedGen:C1833104,OMIM:PS606176,Orphanet:99885|Human Phenotype Ontology:HP:0008255,MONDO:MONDO:0020525,MedGen:C0342273|Human Phenotype Ontology:HP:0004904,MONDO:MONDO:0018911,MedGen:C0342276,OMIM:PS125850,Orphanet:552","Hyperinsulinemic hypoglycemia, familial, 1|Leucine-induced hypoglycemia;Type 2 diabetes mellitus;Hyperinsulinemic hypoglycemia, familial, 1;Diabetes mellitus, transient neonatal, 2;Permanent neonatal diabetes mellitus|Transitory neonatal diabetes mellitus|Maturity-onset diabetes of the young",unknown,unknown,GRCh38,NC_000011.10,11,17474884,17474884,na,na,11p15.1,"criteria provided, conflicting classifications",3,-,N,ClinGen:CA379786978,2,552247,17474884,A,G,-,-,-,-,-,-,SCV000893868|SCV002524109|SCV002524111,-,-
546330,single nucleotide variant,NM_000352.6(ABCC8):c.208G>C (p.Gly70Arg),6833,ABCC8,HGNC:59,Conflicting classifications of pathogenicity,1,"Mar 29, 2024",764349043,-,RCV000666377|RCV002051877|RCV003465451,"MONDO:MONDO:0009734,MedGen:C2931832,OMIM:256450,Orphanet:276575,Orphanet:276598|MONDO:MONDO:0016391,MedGen:C0158981,Orphanet:224|Human Phenotype Ontology:HP:0005965,Human Phenotype Ontology:HP:0005978,Human Phenotype Ontology:HP:0100652,MONDO:MONDO:0005148,MeSH:D003924,MedGen:C0011860,OMIM:125853","Hyperinsulinemic hypoglycemia, familial, 1|Neonatal diabetes mellitus|Type 2 diabetes mellitus",germline;unknown,germline,GRCh37,NC_000011.9,11,17496515,17496515,na,na,11p15.1,"criteria provided, conflicting classifications",3,-,N,ClinGen:CA379787961,2,551343,17496515,C,G,-,-,-,-,-,-,SCV002318414|SCV004207427,-,-
546330,single nucleotide variant,NM_000352.6(ABCC8):c.208G>C (p.Gly70Arg),6833,ABCC8,HGNC:59,Conflicting classifications of pathogenicity,1,"Mar 29, 2024",764349043,-,RCV000666377|RCV002051877|RCV003465451,"MONDO:MONDO:0009734,MedGen:C2931832,OMIM:256450,Orphanet:276575,Orphanet:276598|MONDO:MONDO:0016391,MedGen:C0158981,Orphanet:224|Human Phenotype Ontology:HP:0005965,Human Phenotype Ontology:HP:0005978,Human Phenotype Ontology:HP:0100652,MONDO:MONDO:0005148,MeSH:D003924,MedGen:C0011860,OMIM:125853","Hyperinsulinemic hypoglycemia, familial, 1|Neonatal diabetes mellitus|Type 2 diabetes mellitus",germline;unknown,germline,GRCh38,NC_000011.10,11,17474968,17474968,na,na,11p15.1,"criteria provided, conflicting classifications",3,-,N,ClinGen:CA379787961,2,551343,17474968,C,G,-,-,-,-,-,-,SCV002318414|SCV004207427,-,-
546341,single nucleotide variant,NM_000352.6(ABCC8):c.149-1G>A,6833,ABCC8,HGNC:59,Conflicting classifications of pathogenicity,1,"Nov 18, 2023",1554948445,-,RCV000666533|RCV002273822|RCV002254304|RCV004568501,"MONDO:MONDO:0009734,MedGen:C2931832,OMIM:256450,Orphanet:276575,Orphanet:276598|Human Phenotype Ontology:HP:0008255,MONDO:MONDO:0020525,MedGen:C0342273|Human Phenotype Ontology:HP:0004904,MONDO:MONDO:0018911,MedGen:C0342276,OMIM:PS125850,Orphanet:552|Human Phenotype Ontology:HP:0005965,Human Phenotype Ontology:HP:0005978,Human Phenotype Ontology:HP:0100652,MONDO:MONDO:0005148,MeSH:D003924,MedGen:C0011860,OMIM:125853","Hyperinsulinemic hypoglycemia, familial, 1|Transitory neonatal diabetes mellitus|Maturity-onset diabetes of the young|Type 2 diabetes mellitus",unknown,unknown,GRCh37,NC_000011.9,11,17496575,17496575,na,na,11p15.1,"criteria provided, conflicting classifications",3,-,N,ClinGen:CA379788741,2,551467,17496575,C,T,-,-,-,-,-,-,SCV002522688|SCV002522689|SCV005053802,-,-
546341,single nucleotide variant,NM_000352.6(ABCC8):c.149-1G>A,6833,ABCC8,HGNC:59,Conflicting classifications of pathogenicity,1,"Nov 18, 2023",1554948445,-,RCV000666533|RCV002273822|RCV002254304|RCV004568501,"MONDO:MONDO:0009734,MedGen:C2931832,OMIM:256450,Orphanet:276575,Orphanet:276598|Human Phenotype Ontology:HP:0008255,MONDO:MONDO:0020525,MedGen:C0342273|Human Phenotype Ontology:HP:0004904,MONDO:MONDO:0018911,MedGen:C0342276,OMIM:PS125850,Orphanet:552|Human Phenotype Ontology:HP:0005965,Human Phenotype Ontology:HP:0005978,Human Phenotype Ontology:HP:0100652,MONDO:MONDO:0005148,MeSH:D003924,MedGen:C0011860,OMIM:125853","Hyperinsulinemic hypoglycemia, familial, 1|Transitory neonatal diabetes mellitus|Maturity-onset diabetes of the young|Type 2 diabetes mellitus",unknown,unknown,GRCh38,NC_000011.10,11,17475028,17475028,na,na,11p15.1,"criteria provided, conflicting classifications",3,-,N,ClinGen:CA379788741,2,551467,17475028,C,T,-,-,-,-,-,-,SCV002522688|SCV002522689|SCV005053802,-,-
546345,single nucleotide variant,NM_000352.6(ABCC8):c.148+2T>G,6833,ABCC8,HGNC:59,Likely pathogenic,1,"May 06, 2022",1554949176,-,RCV000666829|RCV001855468,"MONDO:MONDO:0009734,MedGen:C2931832,OMIM:256450,Orphanet:276575,Orphanet:276598|MedGen:C3661900","Hyperinsulinemic hypoglycemia, familial, 1|not provided",germline;unknown,germline,GRCh37,NC_000011.9,11,17498174,17498174,na,na,11p15.1,"criteria provided, multiple submitters, no conflicts",3,-,N,ClinGen:CA379789720,2,551698,17498174,A,C,-,-,-,-,-,-,SCV002290961|SCV004171293,-,-
546345,single nucleotide variant,NM_000352.6(ABCC8):c.148+2T>G,6833,ABCC8,HGNC:59,Likely pathogenic,1,"May 06, 2022",1554949176,-,RCV000666829|RCV001855468,"MONDO:MONDO:0009734,MedGen:C2931832,OMIM:256450,Orphanet:276575,Orphanet:276598|MedGen:C3661900","Hyperinsulinemic hypoglycemia, familial, 1|not provided",germline;unknown,germline,GRCh38,NC_000011.10,11,17476627,17476627,na,na,11p15.1,"criteria provided, multiple submitters, no conflicts",3,-,N,ClinGen:CA379789720,2,551698,17476627,A,C,-,-,-,-,-,-,SCV002290961|SCV004171293,-,-
546348,single nucleotide variant,NM_000352.6(ABCC8):c.103C>T (p.Pro35Ser),6833,ABCC8,HGNC:59,Uncertain significance,0,"May 20, 2022",1183465672,-,RCV000666845|RCV002254305|RCV002254306|RCV002530699|RCV005606687,"MONDO:MONDO:0009734,MedGen:C2931832,OMIM:256450,Orphanet:276575,Orphanet:276598|Human Phenotype Ontology:HP:0004904,MONDO:MONDO:0018911,MedGen:C0342276,OMIM:PS125850,Orphanet:552|Human Phenotype Ontology:HP:0008255,MONDO:MONDO:0020525,MedGen:C0342273|MedGen:C3661900|","Hyperinsulinemic hypoglycemia, familial, 1|Maturity-onset diabetes of the young|Transitory neonatal diabetes mellitus|not provided|Hereditary hyperinsulinism",germline;unknown,germline,GRCh37,NC_000011.9,11,17498221,17498221,na,na,11p15.1,"criteria provided, multiple submitters, no conflicts",4,-,N,ClinGen:CA379789992,2,551713,17498221,G,A,-,-,-,-,-,-,SCV002524140|SCV002524141|SCV003195440,-,-
546348,single nucleotide variant,NM_000352.6(ABCC8):c.103C>T (p.Pro35Ser),6833,ABCC8,HGNC:59,Uncertain significance,0,"May 20, 2022",1183465672,-,RCV000666845|RCV002254305|RCV002254306|RCV002530699|RCV005606687,"MONDO:MONDO:0009734,MedGen:C2931832,OMIM:256450,Orphanet:276575,Orphanet:276598|Human Phenotype Ontology:HP:0004904,MONDO:MONDO:0018911,MedGen:C0342276,OMIM:PS125850,Orphanet:552|Human Phenotype Ontology:HP:0008255,MONDO:MONDO:0020525,MedGen:C0342273|MedGen:C3661900|","Hyperinsulinemic hypoglycemia, familial, 1|Maturity-onset diabetes of the young|Transitory neonatal diabetes mellitus|not provided|Hereditary hyperinsulinism",germline;unknown,germline,GRCh38,NC_000011.10,11,17476674,17476674,na,na,11p15.1,"criteria provided, multiple submitters, no conflicts",4,-,N,ClinGen:CA379789992,2,551713,17476674,G,A,-,-,-,-,-,-,SCV002524140|SCV002524141|SCV003195440,-,-
546350,single nucleotide variant,NM_000352.6(ABCC8):c.97G>T (p.Val33Leu),6833,ABCC8,HGNC:59,Uncertain significance,0,"Jan 31, 2024",768372267,-,RCV000667703|RCV005049639,"MONDO:MONDO:0009734,MedGen:C2931832,OMIM:256450,Orphanet:276575,Orphanet:276598|MONDO:MONDO:0009415,MedGen:C0271714,OMIM:240800;Human Phenotype Ontology:HP:0005965,Human Phenotype Ontology:HP:0005978,Human Phenotype Ontology:HP:0100652,MONDO:MONDO:0005148,MeSH:D003924,MedGen:C0011860,OMIM:125853;MONDO:MONDO:0030088,MedGen:C5394303,OMIM:618857;MONDO:MONDO:0009734,MedGen:C2931832,OMIM:256450,Orphanet:276575,Orphanet:276598;MONDO:MONDO:0012480,MedGen:C1835887,OMIM:610374,Orphanet:99886","Hyperinsulinemic hypoglycemia, familial, 1|Leucine-induced hypoglycemia;Type 2 diabetes mellitus;Diabetes mellitus, permanent neonatal 3;Hyperinsulinemic hypoglycemia, familial, 1;Diabetes mellitus, transient neonatal, 2",germline;unknown,germline,GRCh37,NC_000011.9,11,17498227,17498227,na,na,11p15.1,"criteria provided, single submitter",2,-,N,ClinGen:CA379790008,2,552443,17498227,C,A,-,-,-,-,-,-,SCV005676126,-,-
546350,single nucleotide variant,NM_000352.6(ABCC8):c.97G>T (p.Val33Leu),6833,ABCC8,HGNC:59,Uncertain significance,0,"Jan 31, 2024",768372267,-,RCV000667703|RCV005049639,"MONDO:MONDO:0009734,MedGen:C2931832,OMIM:256450,Orphanet:276575,Orphanet:276598|MONDO:MONDO:0009415,MedGen:C0271714,OMIM:240800;Human Phenotype Ontology:HP:0005965,Human Phenotype Ontology:HP:0005978,Human Phenotype Ontology:HP:0100652,MONDO:MONDO:0005148,MeSH:D003924,MedGen:C0011860,OMIM:125853;MONDO:MONDO:0030088,MedGen:C5394303,OMIM:618857;MONDO:MONDO:0009734,MedGen:C2931832,OMIM:256450,Orphanet:276575,Orphanet:276598;MONDO:MONDO:0012480,MedGen:C1835887,OMIM:610374,Orphanet:99886","Hyperinsulinemic hypoglycemia, familial, 1|Leucine-induced hypoglycemia;Type 2 diabetes mellitus;Diabetes mellitus, permanent neonatal 3;Hyperinsulinemic hypoglycemia, familial, 1;Diabetes mellitus, transient neonatal, 2",germline;unknown,germline,GRCh38,NC_000011.10,11,17476680,17476680,na,na,11p15.1,"criteria provided, single submitter",2,-,N,ClinGen:CA379790008,2,552443,17476680,C,A,-,-,-,-,-,-,SCV005676126,-,-
546452,single nucleotide variant,NM_000525.4(KCNJ11):c.853G>A (p.Val285Ile),3767,KCNJ11,HGNC:6257,Uncertain significance,0,"Oct 13, 2022",149667199,-,RCV002226726|RCV002493096|RCV002530727|RCV004735734|RCV005430578,"Human Phenotype Ontology:HP:0004904,MONDO:MONDO:0018911,MedGen:C0342276,OMIM:PS125850,Orphanet:552|Human Phenotype Ontology:HP:0005965,Human Phenotype Ontology:HP:0005978,Human Phenotype Ontology:HP:0100652,MONDO:MONDO:0005148,MeSH:D003924,MedGen:C0011860,OMIM:125853;MONDO:MONDO:0030087,MedGen:C5394296,OMIM:618856;MONDO:MONDO:0014589,MedGen:C4225365,OMIM:616329,Orphanet:552;MONDO:MONDO:0011153,MedGen:C2931833,OMIM:601820,Orphanet:276580,Orphanet:276603;MONDO:MONDO:0012522,MedGen:C1864623,OMIM:610582,Orphanet:99886|MedGen:C3661900||MONDO:MONDO:0100165,MedGen:C5393570,OMIM:606176;MONDO:MONDO:0011153,MedGen:C2931833,OMIM:601820,Orphanet:276580,Orphanet:276603;MONDO:MONDO:0012522,MedGen:C1864623,OMIM:610582,Orphanet:99886","Maturity-onset diabetes of the young|Type 2 diabetes mellitus;Diabetes mellitus, permanent neonatal 2;Maturity-onset diabetes of the young type 13;Hyperinsulinemic hypoglycemia, familial, 2;Diabetes mellitus, transient neonatal, 3|not provided|KCNJ11-related disorder|Permanent neonatal diabetes mellitus 1;Hyperinsulinemic hypoglycemia, familial, 2;Diabetes mellitus, transient neonatal, 3",germline;somatic;unknown,germline/somatic,GRCh37,NC_000011.9,11,17408786,17408786,na,na,11p15.1,"criteria provided, multiple submitters, no conflicts",5,-,N,ClinGen:CA5902232,2,552596,17408786,C,T,-,-,-,-,-,-,SCV002505430|SCV002793706|SCV003439572,-,-
546452,single nucleotide variant,NM_000525.4(KCNJ11):c.853G>A (p.Val285Ile),3767,KCNJ11,HGNC:6257,Uncertain significance,0,"Oct 13, 2022",149667199,-,RCV002226726|RCV002493096|RCV002530727|RCV004735734|RCV005430578,"Human Phenotype Ontology:HP:0004904,MONDO:MONDO:0018911,MedGen:C0342276,OMIM:PS125850,Orphanet:552|Human Phenotype Ontology:HP:0005965,Human Phenotype Ontology:HP:0005978,Human Phenotype Ontology:HP:0100652,MONDO:MONDO:0005148,MeSH:D003924,MedGen:C0011860,OMIM:125853;MONDO:MONDO:0030087,MedGen:C5394296,OMIM:618856;MONDO:MONDO:0014589,MedGen:C4225365,OMIM:616329,Orphanet:552;MONDO:MONDO:0011153,MedGen:C2931833,OMIM:601820,Orphanet:276580,Orphanet:276603;MONDO:MONDO:0012522,MedGen:C1864623,OMIM:610582,Orphanet:99886|MedGen:C3661900||MONDO:MONDO:0100165,MedGen:C5393570,OMIM:606176;MONDO:MONDO:0011153,MedGen:C2931833,OMIM:601820,Orphanet:276580,Orphanet:276603;MONDO:MONDO:0012522,MedGen:C1864623,OMIM:610582,Orphanet:99886","Maturity-onset diabetes of the young|Type 2 diabetes mellitus;Diabetes mellitus, permanent neonatal 2;Maturity-onset diabetes of the young type 13;Hyperinsulinemic hypoglycemia, familial, 2;Diabetes mellitus, transient neonatal, 3|not provided|KCNJ11-related disorder|Permanent neonatal diabetes mellitus 1;Hyperinsulinemic hypoglycemia, familial, 2;Diabetes mellitus, transient neonatal, 3",germline;somatic;unknown,germline/somatic,GRCh38,NC_000011.10,11,17387239,17387239,na,na,11p15.1,"criteria provided, multiple submitters, no conflicts",5,-,N,ClinGen:CA5902232,2,552596,17387239,C,T,-,-,-,-,-,-,SCV002505430|SCV002793706|SCV003439572,-,-
546454,Duplication,NM_000525.4(KCNJ11):c.765_771dup (p.Tyr258fs),3767,KCNJ11,HGNC:6257,Uncertain significance,1,-,1554901690,-,RCV002226727|RCV005430593,"Human Phenotype Ontology:HP:0004904,MONDO:MONDO:0018911,MedGen:C0342276,OMIM:PS125850,Orphanet:552|MONDO:MONDO:0012522,MedGen:C1864623,OMIM:610582,Orphanet:99886;MONDO:MONDO:0011153,MedGen:C2931833,OMIM:601820,Orphanet:276580,Orphanet:276603;MONDO:MONDO:0100165,MedGen:C5393570,OMIM:606176","Maturity-onset diabetes of the young|Diabetes mellitus, transient neonatal, 3;Hyperinsulinemic hypoglycemia, familial, 2;Permanent neonatal diabetes mellitus 1",somatic;unknown,somatic,GRCh37,NC_000011.9,11,17408867,17408868,na,na,11p15.1,"criteria provided, single submitter",2,-,N,ClinGen:CA658822453,2,553023,17408867,A,AGATGATC,-,-,-,-,-,-,SCV002505440,-,-
546454,Duplication,NM_000525.4(KCNJ11):c.765_771dup (p.Tyr258fs),3767,KCNJ11,HGNC:6257,Uncertain significance,1,-,1554901690,-,RCV002226727|RCV005430593,"Human Phenotype Ontology:HP:0004904,MONDO:MONDO:0018911,MedGen:C0342276,OMIM:PS125850,Orphanet:552|MONDO:MONDO:0012522,MedGen:C1864623,OMIM:610582,Orphanet:99886;MONDO:MONDO:0011153,MedGen:C2931833,OMIM:601820,Orphanet:276580,Orphanet:276603;MONDO:MONDO:0100165,MedGen:C5393570,OMIM:606176","Maturity-onset diabetes of the young|Diabetes mellitus, transient neonatal, 3;Hyperinsulinemic hypoglycemia, familial, 2;Permanent neonatal diabetes mellitus 1",somatic;unknown,somatic,GRCh38,NC_000011.10,11,17387320,17387321,na,na,11p15.1,"criteria provided, single submitter",2,-,N,ClinGen:CA658822453,2,553023,17387320,A,AGATGATC,-,-,-,-,-,-,SCV002505440,-,-
546456,single nucleotide variant,NM_000525.4(KCNJ11):c.617G>T (p.Arg206Leu),3767,KCNJ11,HGNC:6257,Likely risk allele,1,-,1554901747,-,RCV002227203|RCV005430723,"Human Phenotype Ontology:HP:0001943,Human Phenotype Ontology:HP:0003356,MONDO:MONDO:0004946,MedGen:C0020615|MONDO:MONDO:0012522,MedGen:C1864623,OMIM:610582,Orphanet:99886;MONDO:MONDO:0011153,MedGen:C2931833,OMIM:601820,Orphanet:276580,Orphanet:276603;MONDO:MONDO:0100165,MedGen:C5393570,OMIM:606176","Hypoglycemia|Diabetes mellitus, transient neonatal, 3;Hyperinsulinemic hypoglycemia, familial, 2;Permanent neonatal diabetes mellitus 1",somatic;unknown,somatic,GRCh37,NC_000011.9,11,17409022,17409022,na,na,11p15.1,"criteria provided, single submitter",2,-,N,ClinGen:CA379772137,2,556175,17409022,C,A,-,-,-,-,-,-,SCV002505938,-,-
546456,single nucleotide variant,NM_000525.4(KCNJ11):c.617G>T (p.Arg206Leu),3767,KCNJ11,HGNC:6257,Likely risk allele,1,-,1554901747,-,RCV002227203|RCV005430723,"Human Phenotype Ontology:HP:0001943,Human Phenotype Ontology:HP:0003356,MONDO:MONDO:0004946,MedGen:C0020615|MONDO:MONDO:0012522,MedGen:C1864623,OMIM:610582,Orphanet:99886;MONDO:MONDO:0011153,MedGen:C2931833,OMIM:601820,Orphanet:276580,Orphanet:276603;MONDO:MONDO:0100165,MedGen:C5393570,OMIM:606176","Hypoglycemia|Diabetes mellitus, transient neonatal, 3;Hyperinsulinemic hypoglycemia, familial, 2;Permanent neonatal diabetes mellitus 1",somatic;unknown,somatic,GRCh38,NC_000011.10,11,17387475,17387475,na,na,11p15.1,"criteria provided, single submitter",2,-,N,ClinGen:CA379772137,2,556175,17387475,C,A,-,-,-,-,-,-,SCV002505938,-,-
546458,Microsatellite,NM_000525.4(KCNJ11):c.363_366del (p.Leu122fs),3767,KCNJ11,HGNC:6257,Uncertain significance,1,-,1554901829,-,RCV002226733|RCV005430719,"Human Phenotype Ontology:HP:0004904,MONDO:MONDO:0018911,MedGen:C0342276,OMIM:PS125850,Orphanet:552|MONDO:MONDO:0012522,MedGen:C1864623,OMIM:610582,Orphanet:99886;MONDO:MONDO:0011153,MedGen:C2931833,OMIM:601820,Orphanet:276580,Orphanet:276603;MONDO:MONDO:0100165,MedGen:C5393570,OMIM:606176","Maturity-onset diabetes of the young|Diabetes mellitus, transient neonatal, 3;Hyperinsulinemic hypoglycemia, familial, 2;Permanent neonatal diabetes mellitus 1",somatic;unknown,somatic,GRCh37,NC_000011.9,11,17409273,17409276,na,na,11p15.1,"criteria provided, single submitter",2,-,N,ClinGen:CA658822455,2,556063,17409272,AAAGG,A,-,-,-,-,-,-,SCV002505447,-,-
546458,Microsatellite,NM_000525.4(KCNJ11):c.363_366del (p.Leu122fs),3767,KCNJ11,HGNC:6257,Uncertain significance,1,-,1554901829,-,RCV002226733|RCV005430719,"Human Phenotype Ontology:HP:0004904,MONDO:MONDO:0018911,MedGen:C0342276,OMIM:PS125850,Orphanet:552|MONDO:MONDO:0012522,MedGen:C1864623,OMIM:610582,Orphanet:99886;MONDO:MONDO:0011153,MedGen:C2931833,OMIM:601820,Orphanet:276580,Orphanet:276603;MONDO:MONDO:0100165,MedGen:C5393570,OMIM:606176","Maturity-onset diabetes of the young|Diabetes mellitus, transient neonatal, 3;Hyperinsulinemic hypoglycemia, familial, 2;Permanent neonatal diabetes mellitus 1",somatic;unknown,somatic,GRCh38,NC_000011.10,11,17387726,17387729,na,na,11p15.1,"criteria provided, single submitter",2,-,N,ClinGen:CA658822455,2,556063,17387725,AAAGG,A,-,-,-,-,-,-,SCV002505447,-,-
546460,single nucleotide variant,NM_000525.4(KCNJ11):c.302C>A (p.Ala101Asp),3767,KCNJ11,HGNC:6257,Conflicting classifications of pathogenicity,0,"Feb 14, 2024",1014454531,-,RCV002225710|RCV002226725|RCV003227823|RCV005046872|RCV005430570,"MedGen:C3661900|Human Phenotype Ontology:HP:0004904,MONDO:MONDO:0018911,MedGen:C0342276,OMIM:PS125850,Orphanet:552|MONDO:MONDO:0014589,MedGen:C4225365,OMIM:616329,Orphanet:552;MONDO:MONDO:0011153,MedGen:C2931833,OMIM:601820,Orphanet:276580,Orphanet:276603|Human Phenotype Ontology:HP:0005965,Human Phenotype Ontology:HP:0005978,Human Phenotype Ontology:HP:0100652,MONDO:MONDO:0005148,MeSH:D003924,MedGen:C0011860,OMIM:125853;MONDO:MONDO:0030087,MedGen:C5394296,OMIM:618856;MONDO:MONDO:0014589,MedGen:C4225365,OMIM:616329,Orphanet:552;MONDO:MONDO:0011153,MedGen:C2931833,OMIM:601820,Orphanet:276580,Orphanet:276603;MONDO:MONDO:0012522,MedGen:C1864623,OMIM:610582,Orphanet:99886|MONDO:MONDO:0100165,MedGen:C5393570,OMIM:606176;MONDO:MONDO:0011153,MedGen:C2931833,OMIM:601820,Orphanet:276580,Orphanet:276603;MONDO:MONDO:0012522,MedGen:C1864623,OMIM:610582,Orphanet:99886","not provided|Maturity-onset diabetes of the young|Maturity-onset diabetes of the young type 13;Hyperinsulinemic hypoglycemia, familial, 2|Type 2 diabetes mellitus;Diabetes mellitus, permanent neonatal 2;Maturity-onset diabetes of the young type 13;Hyperinsulinemic hypoglycemia, familial, 2;Diabetes mellitus, transient neonatal, 3|Permanent neonatal diabetes mellitus 1;Hyperinsulinemic hypoglycemia, familial, 2;Diabetes mellitus, transient neonatal, 3",germline;somatic;unknown,germline/somatic,GRCh37,NC_000011.9,11,17409337,17409337,na,na,11p15.1,"criteria provided, conflicting classifications",5,-,N,ClinGen:CA218400036,2,552375,17409337,G,T,-,-,-,-,-,-,SCV002504204|SCV002505414|SCV003925097|SCV005676627,-,-
546460,single nucleotide variant,NM_000525.4(KCNJ11):c.302C>A (p.Ala101Asp),3767,KCNJ11,HGNC:6257,Conflicting classifications of pathogenicity,0,"Feb 14, 2024",1014454531,-,RCV002225710|RCV002226725|RCV003227823|RCV005046872|RCV005430570,"MedGen:C3661900|Human Phenotype Ontology:HP:0004904,MONDO:MONDO:0018911,MedGen:C0342276,OMIM:PS125850,Orphanet:552|MONDO:MONDO:0014589,MedGen:C4225365,OMIM:616329,Orphanet:552;MONDO:MONDO:0011153,MedGen:C2931833,OMIM:601820,Orphanet:276580,Orphanet:276603|Human Phenotype Ontology:HP:0005965,Human Phenotype Ontology:HP:0005978,Human Phenotype Ontology:HP:0100652,MONDO:MONDO:0005148,MeSH:D003924,MedGen:C0011860,OMIM:125853;MONDO:MONDO:0030087,MedGen:C5394296,OMIM:618856;MONDO:MONDO:0014589,MedGen:C4225365,OMIM:616329,Orphanet:552;MONDO:MONDO:0011153,MedGen:C2931833,OMIM:601820,Orphanet:276580,Orphanet:276603;MONDO:MONDO:0012522,MedGen:C1864623,OMIM:610582,Orphanet:99886|MONDO:MONDO:0100165,MedGen:C5393570,OMIM:606176;MONDO:MONDO:0011153,MedGen:C2931833,OMIM:601820,Orphanet:276580,Orphanet:276603;MONDO:MONDO:0012522,MedGen:C1864623,OMIM:610582,Orphanet:99886","not provided|Maturity-onset diabetes of the young|Maturity-onset diabetes of the young type 13;Hyperinsulinemic hypoglycemia, familial, 2|Type 2 diabetes mellitus;Diabetes mellitus, permanent neonatal 2;Maturity-onset diabetes of the young type 13;Hyperinsulinemic hypoglycemia, familial, 2;Diabetes mellitus, transient neonatal, 3|Permanent neonatal diabetes mellitus 1;Hyperinsulinemic hypoglycemia, familial, 2;Diabetes mellitus, transient neonatal, 3",germline;somatic;unknown,germline/somatic,GRCh38,NC_000011.10,11,17387790,17387790,na,na,11p15.1,"criteria provided, conflicting classifications",5,-,N,ClinGen:CA218400036,2,552375,17387790,G,T,-,-,-,-,-,-,SCV002504204|SCV002505414|SCV003925097|SCV005676627,-,-
546464,Deletion,NM_000352.6(ABCC8):c.4685del (p.Pro1562fs),6833,ABCC8,HGNC:59,Uncertain significance,1,-,1554903370,-,RCV000665826|RCV002245080|RCV002245079,"MONDO:MONDO:0009734,MedGen:C2931832,OMIM:256450,Orphanet:276575,Orphanet:276598|Human Phenotype Ontology:HP:0008255,MONDO:MONDO:0020525,MedGen:C0342273|Human Phenotype Ontology:HP:0004904,MONDO:MONDO:0018911,MedGen:C0342276,OMIM:PS125850,Orphanet:552","Hyperinsulinemic hypoglycemia, familial, 1|Transitory neonatal diabetes mellitus|Maturity-onset diabetes of the young",somatic;unknown,somatic,GRCh37,NC_000011.9,11,17414599,17414599,na,na,11p15.1,"criteria provided, single submitter",2,-,N,ClinGen:CA658822458,2,550926,17414598,TG,T,-,-,-,-,-,-,SCV002512160|SCV002512161,-,-
546464,Deletion,NM_000352.6(ABCC8):c.4685del (p.Pro1562fs),6833,ABCC8,HGNC:59,Uncertain significance,1,-,1554903370,-,RCV000665826|RCV002245080|RCV002245079,"MONDO:MONDO:0009734,MedGen:C2931832,OMIM:256450,Orphanet:276575,Orphanet:276598|Human Phenotype Ontology:HP:0008255,MONDO:MONDO:0020525,MedGen:C0342273|Human Phenotype Ontology:HP:0004904,MONDO:MONDO:0018911,MedGen:C0342276,OMIM:PS125850,Orphanet:552","Hyperinsulinemic hypoglycemia, familial, 1|Transitory neonatal diabetes mellitus|Maturity-onset diabetes of the young",somatic;unknown,somatic,GRCh38,NC_000011.10,11,17393052,17393052,na,na,11p15.1,"criteria provided, single submitter",2,-,N,ClinGen:CA658822458,2,550926,17393051,TG,T,-,-,-,-,-,-,SCV002512160|SCV002512161,-,-
546465,single nucleotide variant,NM_000352.6(ABCC8):c.4612C>T (p.Arg1538Ter),6833,ABCC8,HGNC:59,Pathogenic/Likely pathogenic,1,"Dec 19, 2024",1411638309,-,RCV000672393|RCV001379884|RCV005046897,"MONDO:MONDO:0009734,MedGen:C2931832,OMIM:256450,Orphanet:276575,Orphanet:276598|MedGen:C3661900|MONDO:MONDO:0009415,MedGen:C0271714,OMIM:240800;Human Phenotype Ontology:HP:0005965,Human Phenotype Ontology:HP:0005978,Human Phenotype Ontology:HP:0100652,MONDO:MONDO:0005148,MeSH:D003924,MedGen:C0011860,OMIM:125853;MONDO:MONDO:0030088,MedGen:C5394303,OMIM:618857;MONDO:MONDO:0009734,MedGen:C2931832,OMIM:256450,Orphanet:276575,Orphanet:276598;MONDO:MONDO:0012480,MedGen:C1835887,OMIM:610374,Orphanet:99886","Hyperinsulinemic hypoglycemia, familial, 1|not provided|Leucine-induced hypoglycemia;Type 2 diabetes mellitus;Diabetes mellitus, permanent neonatal 3;Hyperinsulinemic hypoglycemia, familial, 1;Diabetes mellitus, transient neonatal, 2",germline;unknown,germline,GRCh37,NC_000011.9,11,17414672,17414672,na,na,11p15.1,"criteria provided, multiple submitters, no conflicts",4,-,N,ClinGen:CA379781523,2,556392,17414672,G,A,-,-,-,-,-,-,SCV001577769|SCV003924894|SCV005676648,-,-
546465,single nucleotide variant,NM_000352.6(ABCC8):c.4612C>T (p.Arg1538Ter),6833,ABCC8,HGNC:59,Pathogenic/Likely pathogenic,1,"Dec 19, 2024",1411638309,-,RCV000672393|RCV001379884|RCV005046897,"MONDO:MONDO:0009734,MedGen:C2931832,OMIM:256450,Orphanet:276575,Orphanet:276598|MedGen:C3661900|MONDO:MONDO:0009415,MedGen:C0271714,OMIM:240800;Human Phenotype Ontology:HP:0005965,Human Phenotype Ontology:HP:0005978,Human Phenotype Ontology:HP:0100652,MONDO:MONDO:0005148,MeSH:D003924,MedGen:C0011860,OMIM:125853;MONDO:MONDO:0030088,MedGen:C5394303,OMIM:618857;MONDO:MONDO:0009734,MedGen:C2931832,OMIM:256450,Orphanet:276575,Orphanet:276598;MONDO:MONDO:0012480,MedGen:C1835887,OMIM:610374,Orphanet:99886","Hyperinsulinemic hypoglycemia, familial, 1|not provided|Leucine-induced hypoglycemia;Type 2 diabetes mellitus;Diabetes mellitus, permanent neonatal 3;Hyperinsulinemic hypoglycemia, familial, 1;Diabetes mellitus, transient neonatal, 2",germline;unknown,germline,GRCh38,NC_000011.10,11,17393125,17393125,na,na,11p15.1,"criteria provided, multiple submitters, no conflicts",4,-,N,ClinGen:CA379781523,2,556392,17393125,G,A,-,-,-,-,-,-,SCV001577769|SCV003924894|SCV005676648,-,-
546468,single nucleotide variant,NM_000352.6(ABCC8):c.4563G>C (p.Lys1521Asn),6833,ABCC8,HGNC:59,Uncertain significance,0,"Nov 09, 2017",142272833,-,RCV000670686,"MONDO:MONDO:0009734,MedGen:C2931832,OMIM:256450,Orphanet:276575,Orphanet:276598","Hyperinsulinemic hypoglycemia, familial, 1",unknown,unknown,GRCh37,NC_000011.9,11,17415289,17415289,na,na,11p15.1,no assertion criteria provided,1,-,N,ClinGen:CA379782126,2,554959,17415289,C,G,-,-,-,-,-,-,SCV000795572,-,-
546468,single nucleotide variant,NM_000352.6(ABCC8):c.4563G>C (p.Lys1521Asn),6833,ABCC8,HGNC:59,Uncertain significance,0,"Nov 09, 2017",142272833,-,RCV000670686,"MONDO:MONDO:0009734,MedGen:C2931832,OMIM:256450,Orphanet:276575,Orphanet:276598","Hyperinsulinemic hypoglycemia, familial, 1",unknown,unknown,GRCh38,NC_000011.10,11,17393742,17393742,na,na,11p15.1,no assertion criteria provided,1,-,N,ClinGen:CA379782126,2,554959,17393742,C,G,-,-,-,-,-,-,SCV000795572,-,-
546471,single nucleotide variant,NM_000352.6(ABCC8):c.4412-13G>A,6833,ABCC8,HGNC:59,Pathogenic/Likely pathogenic,1,"Oct 09, 2024",1008906426,-,RCV000667182|RCV001387141|RCV002249395|RCV001835906|RCV002233099,"MONDO:MONDO:0009734,MedGen:C2931832,OMIM:256450,Orphanet:276575,Orphanet:276598|MedGen:C3661900|Human Phenotype Ontology:HP:0005965,Human Phenotype Ontology:HP:0005978,Human Phenotype Ontology:HP:0100652,MONDO:MONDO:0005148,MeSH:D003924,MedGen:C0011860,OMIM:125853||MONDO:MONDO:0017182,MedGen:C3888018,Orphanet:276525","Hyperinsulinemic hypoglycemia, familial, 1|not provided|Type 2 diabetes mellitus|Hereditary hyperinsulinism|Familial hyperinsulinism",germline;unknown,germline,GRCh37,NC_000011.9,11,17415959,17415959,na,na,11p15.1,"criteria provided, multiple submitters, no conflicts",10,-,N,ClinGen:CA5902472,2,551999,17415959,C,T,-,-,-,-,-,-,SCV001587690|SCV002511483|SCV002516203|SCV002759353|SCV004026568|SCV004196771|SCV004807890|SCV005400340,-,-
546471,single nucleotide variant,NM_000352.6(ABCC8):c.4412-13G>A,6833,ABCC8,HGNC:59,Pathogenic/Likely pathogenic,1,"Oct 09, 2024",1008906426,-,RCV000667182|RCV001387141|RCV002249395|RCV001835906|RCV002233099,"MONDO:MONDO:0009734,MedGen:C2931832,OMIM:256450,Orphanet:276575,Orphanet:276598|MedGen:C3661900|Human Phenotype Ontology:HP:0005965,Human Phenotype Ontology:HP:0005978,Human Phenotype Ontology:HP:0100652,MONDO:MONDO:0005148,MeSH:D003924,MedGen:C0011860,OMIM:125853||MONDO:MONDO:0017182,MedGen:C3888018,Orphanet:276525","Hyperinsulinemic hypoglycemia, familial, 1|not provided|Type 2 diabetes mellitus|Hereditary hyperinsulinism|Familial hyperinsulinism",germline;unknown,germline,GRCh38,NC_000011.10,11,17394412,17394412,na,na,11p15.1,"criteria provided, multiple submitters, no conflicts",10,-,N,ClinGen:CA5902472,2,551999,17394412,C,T,-,-,-,-,-,-,SCV001587690|SCV002511483|SCV002516203|SCV002759353|SCV004026568|SCV004196771|SCV004807890|SCV005400340,-,-
546473,Deletion,NM_000352.6(ABCC8):c.4322del (p.Pro1441fs),6833,ABCC8,HGNC:59,Pathogenic,1,"Sep 14, 2023",758844607,-,RCV000666204|RCV002245085|RCV001861751|RCV003465447|RCV004556810,"MONDO:MONDO:0009734,MedGen:C2931832,OMIM:256450,Orphanet:276575,Orphanet:276598|Human Phenotype Ontology:HP:0004904,MONDO:MONDO:0018911,MedGen:C0342276,OMIM:PS125850,Orphanet:552|MedGen:C3661900|Human Phenotype Ontology:HP:0005965,Human Phenotype Ontology:HP:0005978,Human Phenotype Ontology:HP:0100652,MONDO:MONDO:0005148,MeSH:D003924,MedGen:C0011860,OMIM:125853|MONDO:MONDO:0016391,MedGen:C0158981,Orphanet:224","Hyperinsulinemic hypoglycemia, familial, 1|Maturity-onset diabetes of the young|not provided|Type 2 diabetes mellitus|Neonatal diabetes mellitus",germline;unknown,germline,GRCh37,NC_000011.9,11,17416808,17416808,na,na,11p15.1,"criteria provided, multiple submitters, no conflicts",5,-,N,ClinGen:CA5902493,2,551208,17416807,AG,A,-,-,-,-,-,-,SCV002215989|SCV004026503|SCV004190413,-,-
546473,Deletion,NM_000352.6(ABCC8):c.4322del (p.Pro1441fs),6833,ABCC8,HGNC:59,Pathogenic,1,"Sep 14, 2023",758844607,-,RCV000666204|RCV002245085|RCV001861751|RCV003465447|RCV004556810,"MONDO:MONDO:0009734,MedGen:C2931832,OMIM:256450,Orphanet:276575,Orphanet:276598|Human Phenotype Ontology:HP:0004904,MONDO:MONDO:0018911,MedGen:C0342276,OMIM:PS125850,Orphanet:552|MedGen:C3661900|Human Phenotype Ontology:HP:0005965,Human Phenotype Ontology:HP:0005978,Human Phenotype Ontology:HP:0100652,MONDO:MONDO:0005148,MeSH:D003924,MedGen:C0011860,OMIM:125853|MONDO:MONDO:0016391,MedGen:C0158981,Orphanet:224","Hyperinsulinemic hypoglycemia, familial, 1|Maturity-onset diabetes of the young|not provided|Type 2 diabetes mellitus|Neonatal diabetes mellitus",germline;unknown,germline,GRCh38,NC_000011.10,11,17395261,17395261,na,na,11p15.1,"criteria provided, multiple submitters, no conflicts",5,-,N,ClinGen:CA5902493,2,551208,17395260,AG,A,-,-,-,-,-,-,SCV002215989|SCV004026503|SCV004190413,-,-
546477,Deletion,NM_000352.6(ABCC8):c.4275_4291del (p.Asp1427fs),6833,ABCC8,HGNC:59,Conflicting classifications of pathogenicity,1,"Sep 25, 2017",1554904904,-,RCV000664896|RCV001816667|RCV002245075|RCV002245074,"MONDO:MONDO:0009734,MedGen:C2931832,OMIM:256450,Orphanet:276575,Orphanet:276598|MedGen:C3661900|Human Phenotype Ontology:HP:0008255,MONDO:MONDO:0020525,MedGen:C0342273|Human Phenotype Ontology:HP:0004904,MONDO:MONDO:0018911,MedGen:C0342276,OMIM:PS125850,Orphanet:552","Hyperinsulinemic hypoglycemia, familial, 1|not provided|Transitory neonatal diabetes mellitus|Maturity-onset diabetes of the young",germline;somatic;unknown,germline/somatic,GRCh37,NC_000011.9,11,17417173,17417189,na,na,11p15.1,"criteria provided, conflicting classifications",3,-,N,ClinGen:CA658822168,2,550214,17417172,AAGAGGACGGGGTCCTGC,A,-,-,-,-,-,-,SCV002066889|SCV002513342|SCV002513343,-,-
546477,Deletion,NM_000352.6(ABCC8):c.4275_4291del (p.Asp1427fs),6833,ABCC8,HGNC:59,Conflicting classifications of pathogenicity,1,"Sep 25, 2017",1554904904,-,RCV000664896|RCV001816667|RCV002245075|RCV002245074,"MONDO:MONDO:0009734,MedGen:C2931832,OMIM:256450,Orphanet:276575,Orphanet:276598|MedGen:C3661900|Human Phenotype Ontology:HP:0008255,MONDO:MONDO:0020525,MedGen:C0342273|Human Phenotype Ontology:HP:0004904,MONDO:MONDO:0018911,MedGen:C0342276,OMIM:PS125850,Orphanet:552","Hyperinsulinemic hypoglycemia, familial, 1|not provided|Transitory neonatal diabetes mellitus|Maturity-onset diabetes of the young",germline;somatic;unknown,germline/somatic,GRCh38,NC_000011.10,11,17395626,17395642,na,na,11p15.1,"criteria provided, conflicting classifications",3,-,N,ClinGen:CA658822168,2,550214,17395625,AAGAGGACGGGGTCCTGC,A,-,-,-,-,-,-,SCV002066889|SCV002513342|SCV002513343,-,-
546482,single nucleotide variant,NM_000352.6(ABCC8):c.4253G>T (p.Arg1418Leu),6833,ABCC8,HGNC:59,Uncertain significance,0,"Apr 10, 2017",1446306735,-,RCV000666495,"MONDO:MONDO:0009734,MedGen:C2931832,OMIM:256450,Orphanet:276575,Orphanet:276598","Hyperinsulinemic hypoglycemia, familial, 1",unknown,unknown,GRCh37,NC_000011.9,11,17417211,17417211,na,na,11p15.1,no assertion criteria provided,1,-,N,ClinGen:CA379786696,2,551435,17417211,C,A,-,-,-,-,-,-,SCV000790800,-,-
546482,single nucleotide variant,NM_000352.6(ABCC8):c.4253G>T (p.Arg1418Leu),6833,ABCC8,HGNC:59,Uncertain significance,0,"Apr 10, 2017",1446306735,-,RCV000666495,"MONDO:MONDO:0009734,MedGen:C2931832,OMIM:256450,Orphanet:276575,Orphanet:276598","Hyperinsulinemic hypoglycemia, familial, 1",unknown,unknown,GRCh38,NC_000011.10,11,17395664,17395664,na,na,11p15.1,no assertion criteria provided,1,-,N,ClinGen:CA379786696,2,551435,17395664,C,A,-,-,-,-,-,-,SCV000790800,-,-
546485,Deletion,NM_000352.6(ABCC8):c.4115AGA[1] (p.Lys1373del),6833,ABCC8,HGNC:59,Uncertain significance,0,"Feb 21, 2025",1554905655,-,RCV000668891|RCV002245554|RCV002274085|RCV005240432,"MONDO:MONDO:0009734,MedGen:C2931832,OMIM:256450,Orphanet:276575,Orphanet:276598|Human Phenotype Ontology:HP:0004904,MONDO:MONDO:0018911,MedGen:C0342276,OMIM:PS125850,Orphanet:552|Human Phenotype Ontology:HP:0008255,MONDO:MONDO:0020525,MedGen:C0342273|MedGen:CN169374","Hyperinsulinemic hypoglycemia, familial, 1|Maturity-onset diabetes of the young|Transitory neonatal diabetes mellitus|not specified",germline;somatic;unknown,germline/somatic,GRCh37,NC_000011.9,11,17418462,17418465,na,na,11p15.1,"criteria provided, multiple submitters, no conflicts",3,-,N,ClinGen:CA658822169,2,553439,17418462,CCTT,C,-,-,-,-,-,-,SCV002513477|SCV002558789|SCV005885419,-,-
546485,Deletion,NM_000352.6(ABCC8):c.4115AGA[1] (p.Lys1373del),6833,ABCC8,HGNC:59,Uncertain significance,0,"Feb 21, 2025",1554905655,-,RCV000668891|RCV002245554|RCV002274085|RCV005240432,"MONDO:MONDO:0009734,MedGen:C2931832,OMIM:256450,Orphanet:276575,Orphanet:276598|Human Phenotype Ontology:HP:0004904,MONDO:MONDO:0018911,MedGen:C0342276,OMIM:PS125850,Orphanet:552|Human Phenotype Ontology:HP:0008255,MONDO:MONDO:0020525,MedGen:C0342273|MedGen:CN169374","Hyperinsulinemic hypoglycemia, familial, 1|Maturity-onset diabetes of the young|Transitory neonatal diabetes mellitus|not specified",germline;somatic;unknown,germline/somatic,GRCh38,NC_000011.10,11,17396916,17396918,na,na,11p15.1,"criteria provided, multiple submitters, no conflicts",3,-,N,ClinGen:CA658822169,2,553439,17396915,CCTT,C,-,-,-,-,-,-,SCV002513477|SCV002558789|SCV005885419,-,-
546488,Duplication,NM_000352.6(ABCC8):c.3759_3767dup (p.Ile1254_Ala1256dup),6833,ABCC8,HGNC:59,Uncertain significance,0,-,1554906427,-,RCV000669347|RCV002246136|RCV002246137,"MONDO:MONDO:0009734,MedGen:C2931832,OMIM:256450,Orphanet:276575,Orphanet:276598|Human Phenotype Ontology:HP:0004904,MONDO:MONDO:0018911,MedGen:C0342276,OMIM:PS125850,Orphanet:552|Human Phenotype Ontology:HP:0008255,MONDO:MONDO:0020525,MedGen:C0342273","Hyperinsulinemic hypoglycemia, familial, 1|Maturity-onset diabetes of the young|Transitory neonatal diabetes mellitus",somatic;unknown,somatic,GRCh37,NC_000011.9,11,17419330,17419331,na,na,11p15.1,"criteria provided, single submitter",2,-,N,ClinGen:CA658822172,2,553824,17419330,T,TGCACCGATG,-,-,-,-,-,-,SCV002513766|SCV002513767,-,-
546488,Duplication,NM_000352.6(ABCC8):c.3759_3767dup (p.Ile1254_Ala1256dup),6833,ABCC8,HGNC:59,Uncertain significance,0,-,1554906427,-,RCV000669347|RCV002246136|RCV002246137,"MONDO:MONDO:0009734,MedGen:C2931832,OMIM:256450,Orphanet:276575,Orphanet:276598|Human Phenotype Ontology:HP:0004904,MONDO:MONDO:0018911,MedGen:C0342276,OMIM:PS125850,Orphanet:552|Human Phenotype Ontology:HP:0008255,MONDO:MONDO:0020525,MedGen:C0342273","Hyperinsulinemic hypoglycemia, familial, 1|Maturity-onset diabetes of the young|Transitory neonatal diabetes mellitus",somatic;unknown,somatic,GRCh38,NC_000011.10,11,17397783,17397784,na,na,11p15.1,"criteria provided, single submitter",2,-,N,ClinGen:CA658822172,2,553824,17397783,T,TGCACCGATG,-,-,-,-,-,-,SCV002513766|SCV002513767,-,-
546493,single nucleotide variant,NM_000352.6(ABCC8):c.3754-1G>A,6833,ABCC8,HGNC:59,Conflicting classifications of pathogenicity,1,"Feb 20, 2024",1554906449,-,RCV000667898|RCV002246133|RCV002246132|RCV002530728|RCV004568512,"MONDO:MONDO:0009734,MedGen:C2931832,OMIM:256450,Orphanet:276575,Orphanet:276598|Human Phenotype Ontology:HP:0008255,MONDO:MONDO:0020525,MedGen:C0342273|Human Phenotype Ontology:HP:0004904,MONDO:MONDO:0018911,MedGen:C0342276,OMIM:PS125850,Orphanet:552|MedGen:C3661900|Human Phenotype Ontology:HP:0005965,Human Phenotype Ontology:HP:0005978,Human Phenotype Ontology:HP:0100652,MONDO:MONDO:0005148,MeSH:D003924,MedGen:C0011860,OMIM:125853","Hyperinsulinemic hypoglycemia, familial, 1|Transitory neonatal diabetes mellitus|Maturity-onset diabetes of the young|not provided|Type 2 diabetes mellitus",germline;somatic;unknown,germline/somatic,GRCh37,NC_000011.9,11,17419345,17419345,na,na,11p15.1,"criteria provided, conflicting classifications",4,-,N,ClinGen:CA379793715,2,552603,17419345,C,T,-,-,-,-,-,-,SCV002513770|SCV002513772|SCV003317311|SCV005058948,-,-
546493,single nucleotide variant,NM_000352.6(ABCC8):c.3754-1G>A,6833,ABCC8,HGNC:59,Conflicting classifications of pathogenicity,1,"Feb 20, 2024",1554906449,-,RCV000667898|RCV002246133|RCV002246132|RCV002530728|RCV004568512,"MONDO:MONDO:0009734,MedGen:C2931832,OMIM:256450,Orphanet:276575,Orphanet:276598|Human Phenotype Ontology:HP:0008255,MONDO:MONDO:0020525,MedGen:C0342273|Human Phenotype Ontology:HP:0004904,MONDO:MONDO:0018911,MedGen:C0342276,OMIM:PS125850,Orphanet:552|MedGen:C3661900|Human Phenotype Ontology:HP:0005965,Human Phenotype Ontology:HP:0005978,Human Phenotype Ontology:HP:0100652,MONDO:MONDO:0005148,MeSH:D003924,MedGen:C0011860,OMIM:125853","Hyperinsulinemic hypoglycemia, familial, 1|Transitory neonatal diabetes mellitus|Maturity-onset diabetes of the young|not provided|Type 2 diabetes mellitus",germline;somatic;unknown,germline/somatic,GRCh38,NC_000011.10,11,17397798,17397798,na,na,11p15.1,"criteria provided, conflicting classifications",4,-,N,ClinGen:CA379793715,2,552603,17397798,C,T,-,-,-,-,-,-,SCV002513770|SCV002513772|SCV003317311|SCV005058948,-,-
546495,single nucleotide variant,NM_000352.6(ABCC8):c.3754-2A>G,6833,ABCC8,HGNC:59,Uncertain significance,1,-,1554906450,-,RCV000674702|RCV002246138|RCV002246139,"MONDO:MONDO:0009734,MedGen:C2931832,OMIM:256450,Orphanet:276575,Orphanet:276598|Human Phenotype Ontology:HP:0004904,MONDO:MONDO:0018911,MedGen:C0342276,OMIM:PS125850,Orphanet:552|Human Phenotype Ontology:HP:0008255,MONDO:MONDO:0020525,MedGen:C0342273","Hyperinsulinemic hypoglycemia, familial, 1|Maturity-onset diabetes of the young|Transitory neonatal diabetes mellitus",somatic;unknown,somatic,GRCh37,NC_000011.9,11,17419346,17419346,na,na,11p15.1,"criteria provided, single submitter",2,-,N,ClinGen:CA379793722,2,558435,17419346,T,C,-,-,-,-,-,-,SCV002513771|SCV002513773,-,-
546495,single nucleotide variant,NM_000352.6(ABCC8):c.3754-2A>G,6833,ABCC8,HGNC:59,Uncertain significance,1,-,1554906450,-,RCV000674702|RCV002246138|RCV002246139,"MONDO:MONDO:0009734,MedGen:C2931832,OMIM:256450,Orphanet:276575,Orphanet:276598|Human Phenotype Ontology:HP:0004904,MONDO:MONDO:0018911,MedGen:C0342276,OMIM:PS125850,Orphanet:552|Human Phenotype Ontology:HP:0008255,MONDO:MONDO:0020525,MedGen:C0342273","Hyperinsulinemic hypoglycemia, familial, 1|Maturity-onset diabetes of the young|Transitory neonatal diabetes mellitus",somatic;unknown,somatic,GRCh38,NC_000011.10,11,17397799,17397799,na,na,11p15.1,"criteria provided, single submitter",2,-,N,ClinGen:CA379793722,2,558435,17397799,T,C,-,-,-,-,-,-,SCV002513771|SCV002513773,-,-
546497,single nucleotide variant,NM_000352.6(ABCC8):c.3399+1G>A,6833,ABCC8,HGNC:59,Conflicting classifications of pathogenicity,1,"Apr 17, 2023",1554911369,-,RCV000669304|RCV002245556|RCV002245555|RCV003472114,"MONDO:MONDO:0009734,MedGen:C2931832,OMIM:256450,Orphanet:276575,Orphanet:276598|Human Phenotype Ontology:HP:0008255,MONDO:MONDO:0020525,MedGen:C0342273|Human Phenotype Ontology:HP:0004904,MONDO:MONDO:0018911,MedGen:C0342276,OMIM:PS125850,Orphanet:552|Human Phenotype Ontology:HP:0005965,Human Phenotype Ontology:HP:0005978,Human Phenotype Ontology:HP:0100652,MONDO:MONDO:0005148,MeSH:D003924,MedGen:C0011860,OMIM:125853","Hyperinsulinemic hypoglycemia, familial, 1|Transitory neonatal diabetes mellitus|Maturity-onset diabetes of the young|Type 2 diabetes mellitus",somatic;unknown,somatic,GRCh37,NC_000011.9,11,17427040,17427040,na,na,11p15.1,"criteria provided, conflicting classifications",3,-,N,ClinGen:CA379799996,2,553787,17427040,C,T,-,-,-,-,-,-,SCV002515476|SCV002515477|SCV004201446,-,-
546497,single nucleotide variant,NM_000352.6(ABCC8):c.3399+1G>A,6833,ABCC8,HGNC:59,Conflicting classifications of pathogenicity,1,"Apr 17, 2023",1554911369,-,RCV000669304|RCV002245556|RCV002245555|RCV003472114,"MONDO:MONDO:0009734,MedGen:C2931832,OMIM:256450,Orphanet:276575,Orphanet:276598|Human Phenotype Ontology:HP:0008255,MONDO:MONDO:0020525,MedGen:C0342273|Human Phenotype Ontology:HP:0004904,MONDO:MONDO:0018911,MedGen:C0342276,OMIM:PS125850,Orphanet:552|Human Phenotype Ontology:HP:0005965,Human Phenotype Ontology:HP:0005978,Human Phenotype Ontology:HP:0100652,MONDO:MONDO:0005148,MeSH:D003924,MedGen:C0011860,OMIM:125853","Hyperinsulinemic hypoglycemia, familial, 1|Transitory neonatal diabetes mellitus|Maturity-onset diabetes of the young|Type 2 diabetes mellitus",somatic;unknown,somatic,GRCh38,NC_000011.10,11,17405493,17405493,na,na,11p15.1,"criteria provided, conflicting classifications",3,-,N,ClinGen:CA379799996,2,553787,17405493,C,T,-,-,-,-,-,-,SCV002515476|SCV002515477|SCV004201446,-,-
546499,Deletion,NM_000352.6(ABCC8):c.3151_3162+15del,6833,ABCC8,HGNC:59,Uncertain significance,1,-,1554912381,-,RCV000669042|RCV002250678|RCV002250677,"MONDO:MONDO:0009734,MedGen:C2931832,OMIM:256450,Orphanet:276575,Orphanet:276598|Human Phenotype Ontology:HP:0008255,MONDO:MONDO:0020525,MedGen:C0342273|Human Phenotype Ontology:HP:0004904,MONDO:MONDO:0018911,MedGen:C0342276,OMIM:PS125850,Orphanet:552","Hyperinsulinemic hypoglycemia, familial, 1|Transitory neonatal diabetes mellitus|Maturity-onset diabetes of the young",somatic;unknown,somatic,GRCh37,NC_000011.9,11,17428420,17428446,na,na,11p15.1,"criteria provided, single submitter",2,-,N,ClinGen:CA658822177,2,553564,17428419,GGGCCGCCAGTCACACCTGGCTGAGGGA,G,-,-,-,-,-,-,SCV002520754|SCV002520755,-,-
546499,Deletion,NM_000352.6(ABCC8):c.3151_3162+15del,6833,ABCC8,HGNC:59,Uncertain significance,1,-,1554912381,-,RCV000669042|RCV002250678|RCV002250677,"MONDO:MONDO:0009734,MedGen:C2931832,OMIM:256450,Orphanet:276575,Orphanet:276598|Human Phenotype Ontology:HP:0008255,MONDO:MONDO:0020525,MedGen:C0342273|Human Phenotype Ontology:HP:0004904,MONDO:MONDO:0018911,MedGen:C0342276,OMIM:PS125850,Orphanet:552","Hyperinsulinemic hypoglycemia, familial, 1|Transitory neonatal diabetes mellitus|Maturity-onset diabetes of the young",somatic;unknown,somatic,GRCh38,NC_000011.10,11,17406873,17406899,na,na,11p15.1,"criteria provided, single submitter",2,-,N,ClinGen:CA658822177,2,553564,17406872,GGGCCGCCAGTCACACCTGGCTGAGGGA,G,-,-,-,-,-,-,SCV002520754|SCV002520755,-,-
546501,single nucleotide variant,NM_000352.6(ABCC8):c.2666A>C (p.Lys889Thr),6833,ABCC8,HGNC:59,Conflicting classifications of pathogenicity,1,"Feb 03, 2025",761862121,-,RCV000675026|RCV001107830|RCV001102596|RCV001174391|RCV001805796|RCV003465540|RCV005046914|RCV005623356,"MONDO:MONDO:0009734,MedGen:C2931832,OMIM:256450,Orphanet:276575,Orphanet:276598|MONDO:MONDO:0100164,MedGen:C1833104,OMIM:PS606176,Orphanet:99885|MONDO:MONDO:0012480,MedGen:C1835887,OMIM:610374,Orphanet:99886|MONDO:MONDO:0015967,MedGen:C3888631,Orphanet:183625|MedGen:CN169374|Human Phenotype Ontology:HP:0005965,Human Phenotype Ontology:HP:0005978,Human Phenotype Ontology:HP:0100652,MONDO:MONDO:0005148,MeSH:D003924,MedGen:C0011860,OMIM:125853|MONDO:MONDO:0009415,MedGen:C0271714,OMIM:240800;Human Phenotype Ontology:HP:0005965,Human Phenotype Ontology:HP:0005978,Human Phenotype Ontology:HP:0100652,MONDO:MONDO:0005148,MeSH:D003924,MedGen:C0011860,OMIM:125853;MONDO:MONDO:0030088,MedGen:C5394303,OMIM:618857;MONDO:MONDO:0009734,MedGen:C2931832,OMIM:256450,Orphanet:276575,Orphanet:276598;MONDO:MONDO:0012480,MedGen:C1835887,OMIM:610374,Orphanet:99886|MedGen:C3661900","Hyperinsulinemic hypoglycemia, familial, 1|Permanent neonatal diabetes mellitus|Diabetes mellitus, transient neonatal, 2|Monogenic diabetes|not specified|Type 2 diabetes mellitus|Leucine-induced hypoglycemia;Type 2 diabetes mellitus;Diabetes mellitus, permanent neonatal 3;Hyperinsulinemic hypoglycemia, familial, 1;Diabetes mellitus, transient neonatal, 2|not provided",germline;unknown,germline,GRCh37,NC_000011.9,11,17432091,17432091,na,na,11p15.1,"criteria provided, conflicting classifications",9,-,N,ClinGen:CA5903060,2,558717,17432091,T,G,-,-,-,-,-,-,SCV001259281|SCV001265014|SCV001265015|SCV001337529|SCV002051416|SCV002066829|SCV004198433|SCV005442318|SCV005676331|SCV006303742,-,-
546501,single nucleotide variant,NM_000352.6(ABCC8):c.2666A>C (p.Lys889Thr),6833,ABCC8,HGNC:59,Conflicting classifications of pathogenicity,1,"Feb 03, 2025",761862121,-,RCV000675026|RCV001107830|RCV001102596|RCV001174391|RCV001805796|RCV003465540|RCV005046914|RCV005623356,"MONDO:MONDO:0009734,MedGen:C2931832,OMIM:256450,Orphanet:276575,Orphanet:276598|MONDO:MONDO:0100164,MedGen:C1833104,OMIM:PS606176,Orphanet:99885|MONDO:MONDO:0012480,MedGen:C1835887,OMIM:610374,Orphanet:99886|MONDO:MONDO:0015967,MedGen:C3888631,Orphanet:183625|MedGen:CN169374|Human Phenotype Ontology:HP:0005965,Human Phenotype Ontology:HP:0005978,Human Phenotype Ontology:HP:0100652,MONDO:MONDO:0005148,MeSH:D003924,MedGen:C0011860,OMIM:125853|MONDO:MONDO:0009415,MedGen:C0271714,OMIM:240800;Human Phenotype Ontology:HP:0005965,Human Phenotype Ontology:HP:0005978,Human Phenotype Ontology:HP:0100652,MONDO:MONDO:0005148,MeSH:D003924,MedGen:C0011860,OMIM:125853;MONDO:MONDO:0030088,MedGen:C5394303,OMIM:618857;MONDO:MONDO:0009734,MedGen:C2931832,OMIM:256450,Orphanet:276575,Orphanet:276598;MONDO:MONDO:0012480,MedGen:C1835887,OMIM:610374,Orphanet:99886|MedGen:C3661900","Hyperinsulinemic hypoglycemia, familial, 1|Permanent neonatal diabetes mellitus|Diabetes mellitus, transient neonatal, 2|Monogenic diabetes|not specified|Type 2 diabetes mellitus|Leucine-induced hypoglycemia;Type 2 diabetes mellitus;Diabetes mellitus, permanent neonatal 3;Hyperinsulinemic hypoglycemia, familial, 1;Diabetes mellitus, transient neonatal, 2|not provided",germline;unknown,germline,GRCh38,NC_000011.10,11,17410544,17410544,na,na,11p15.1,"criteria provided, conflicting classifications",9,-,N,ClinGen:CA5903060,2,558717,17410544,T,G,-,-,-,-,-,-,SCV001259281|SCV001265014|SCV001265015|SCV001337529|SCV002051416|SCV002066829|SCV004198433|SCV005442318|SCV005676331|SCV006303742,-,-
546503,Deletion,NM_000352.6(ABCC8):c.2454_2456del (p.Asp818_Gln819delinsGlu),6833,ABCC8,HGNC:59,Uncertain significance,0,-,1554916621,-,RCV000667679|RCV002251747|RCV002267003,"MONDO:MONDO:0009734,MedGen:C2931832,OMIM:256450,Orphanet:276575,Orphanet:276598|Human Phenotype Ontology:HP:0004904,MONDO:MONDO:0018911,MedGen:C0342276,OMIM:PS125850,Orphanet:552|Human Phenotype Ontology:HP:0008255,MONDO:MONDO:0020525,MedGen:C0342273","Hyperinsulinemic hypoglycemia, familial, 1|Maturity-onset diabetes of the young|Transitory neonatal diabetes mellitus",unknown,unknown,GRCh37,NC_000011.9,11,17434960,17434962,na,na,11p15.1,"criteria provided, single submitter",2,-,N,ClinGen:CA658822181,2,552425,17434959,CTGG,C,-,-,-,-,-,-,SCV002522160|SCV002522161,-,-
546503,Deletion,NM_000352.6(ABCC8):c.2454_2456del (p.Asp818_Gln819delinsGlu),6833,ABCC8,HGNC:59,Uncertain significance,0,-,1554916621,-,RCV000667679|RCV002251747|RCV002267003,"MONDO:MONDO:0009734,MedGen:C2931832,OMIM:256450,Orphanet:276575,Orphanet:276598|Human Phenotype Ontology:HP:0004904,MONDO:MONDO:0018911,MedGen:C0342276,OMIM:PS125850,Orphanet:552|Human Phenotype Ontology:HP:0008255,MONDO:MONDO:0020525,MedGen:C0342273","Hyperinsulinemic hypoglycemia, familial, 1|Maturity-onset diabetes of the young|Transitory neonatal diabetes mellitus",unknown,unknown,GRCh38,NC_000011.10,11,17413413,17413415,na,na,11p15.1,"criteria provided, single submitter",2,-,N,ClinGen:CA658822181,2,552425,17413412,CTGG,C,-,-,-,-,-,-,SCV002522160|SCV002522161,-,-
546505,single nucleotide variant,NM_000352.6(ABCC8):c.2222+1G>A,6833,ABCC8,HGNC:59,Conflicting classifications of pathogenicity,1,"Mar 15, 2024",1554923999,-,RCV000670459|RCV001036502|RCV002251507|RCV002251508|RCV003459616|RCV005046888,"MONDO:MONDO:0009734,MedGen:C2931832,OMIM:256450,Orphanet:276575,Orphanet:276598|MedGen:C3661900|Human Phenotype Ontology:HP:0004904,MONDO:MONDO:0018911,MedGen:C0342276,OMIM:PS125850,Orphanet:552|Human Phenotype Ontology:HP:0008255,MONDO:MONDO:0020525,MedGen:C0342273|Human Phenotype Ontology:HP:0005965,Human Phenotype Ontology:HP:0005978,Human Phenotype Ontology:HP:0100652,MONDO:MONDO:0005148,MeSH:D003924,MedGen:C0011860,OMIM:125853|MONDO:MONDO:0009415,MedGen:C0271714,OMIM:240800;Human Phenotype Ontology:HP:0005965,Human Phenotype Ontology:HP:0005978,Human Phenotype Ontology:HP:0100652,MONDO:MONDO:0005148,MeSH:D003924,MedGen:C0011860,OMIM:125853;MONDO:MONDO:0030088,MedGen:C5394303,OMIM:618857;MONDO:MONDO:0009734,MedGen:C2931832,OMIM:256450,Orphanet:276575,Orphanet:276598;MONDO:MONDO:0012480,MedGen:C1835887,OMIM:610374,Orphanet:99886","Hyperinsulinemic hypoglycemia, familial, 1|not provided|Maturity-onset diabetes of the young|Transitory neonatal diabetes mellitus|Type 2 diabetes mellitus|Leucine-induced hypoglycemia;Type 2 diabetes mellitus;Diabetes mellitus, permanent neonatal 3;Hyperinsulinemic hypoglycemia, familial, 1;Diabetes mellitus, transient neonatal, 2",germline;unknown,germline,GRCh37,NC_000011.9,11,17448595,17448595,na,na,11p15.1,"criteria provided, conflicting classifications",5,-,N,ClinGen:CA379813385,2,554770,17448595,C,T,-,-,-,-,-,-,SCV001199870|SCV002522238|SCV002522239|SCV004205883|SCV005676362,-,-
546505,single nucleotide variant,NM_000352.6(ABCC8):c.2222+1G>A,6833,ABCC8,HGNC:59,Conflicting classifications of pathogenicity,1,"Mar 15, 2024",1554923999,-,RCV000670459|RCV001036502|RCV002251507|RCV002251508|RCV003459616|RCV005046888,"MONDO:MONDO:0009734,MedGen:C2931832,OMIM:256450,Orphanet:276575,Orphanet:276598|MedGen:C3661900|Human Phenotype Ontology:HP:0004904,MONDO:MONDO:0018911,MedGen:C0342276,OMIM:PS125850,Orphanet:552|Human Phenotype Ontology:HP:0008255,MONDO:MONDO:0020525,MedGen:C0342273|Human Phenotype Ontology:HP:0005965,Human Phenotype Ontology:HP:0005978,Human Phenotype Ontology:HP:0100652,MONDO:MONDO:0005148,MeSH:D003924,MedGen:C0011860,OMIM:125853|MONDO:MONDO:0009415,MedGen:C0271714,OMIM:240800;Human Phenotype Ontology:HP:0005965,Human Phenotype Ontology:HP:0005978,Human Phenotype Ontology:HP:0100652,MONDO:MONDO:0005148,MeSH:D003924,MedGen:C0011860,OMIM:125853;MONDO:MONDO:0030088,MedGen:C5394303,OMIM:618857;MONDO:MONDO:0009734,MedGen:C2931832,OMIM:256450,Orphanet:276575,Orphanet:276598;MONDO:MONDO:0012480,MedGen:C1835887,OMIM:610374,Orphanet:99886","Hyperinsulinemic hypoglycemia, familial, 1|not provided|Maturity-onset diabetes of the young|Transitory neonatal diabetes mellitus|Type 2 diabetes mellitus|Leucine-induced hypoglycemia;Type 2 diabetes mellitus;Diabetes mellitus, permanent neonatal 3;Hyperinsulinemic hypoglycemia, familial, 1;Diabetes mellitus, transient neonatal, 2",germline;unknown,germline,GRCh38,NC_000011.10,11,17427048,17427048,na,na,11p15.1,"criteria provided, conflicting classifications",5,-,N,ClinGen:CA379813385,2,554770,17427048,C,T,-,-,-,-,-,-,SCV001199870|SCV002522238|SCV002522239|SCV004205883|SCV005676362,-,-
546507,single nucleotide variant,NM_000352.6(ABCC8):c.2180T>G (p.Leu727Arg),6833,ABCC8,HGNC:59,Conflicting classifications of pathogenicity,1,"Mar 07, 2023",1554924079,-,RCV000669371|RCV002251506|RCV002251505|RCV002531225,"MONDO:MONDO:0009734,MedGen:C2931832,OMIM:256450,Orphanet:276575,Orphanet:276598|Human Phenotype Ontology:HP:0008255,MONDO:MONDO:0020525,MedGen:C0342273|Human Phenotype Ontology:HP:0004904,MONDO:MONDO:0018911,MedGen:C0342276,OMIM:PS125850,Orphanet:552|MedGen:C3661900","Hyperinsulinemic hypoglycemia, familial, 1|Transitory neonatal diabetes mellitus|Maturity-onset diabetes of the young|not provided",germline;unknown,germline,GRCh37,NC_000011.9,11,17448638,17448638,na,na,11p15.1,"criteria provided, conflicting classifications",3,-,N,ClinGen:CA379813577,2,553845,17448638,A,C,-,-,-,-,-,-,SCV002522248|SCV002522250|SCV003440251,-,-
546507,single nucleotide variant,NM_000352.6(ABCC8):c.2180T>G (p.Leu727Arg),6833,ABCC8,HGNC:59,Conflicting classifications of pathogenicity,1,"Mar 07, 2023",1554924079,-,RCV000669371|RCV002251506|RCV002251505|RCV002531225,"MONDO:MONDO:0009734,MedGen:C2931832,OMIM:256450,Orphanet:276575,Orphanet:276598|Human Phenotype Ontology:HP:0008255,MONDO:MONDO:0020525,MedGen:C0342273|Human Phenotype Ontology:HP:0004904,MONDO:MONDO:0018911,MedGen:C0342276,OMIM:PS125850,Orphanet:552|MedGen:C3661900","Hyperinsulinemic hypoglycemia, familial, 1|Transitory neonatal diabetes mellitus|Maturity-onset diabetes of the young|not provided",germline;unknown,germline,GRCh38,NC_000011.10,11,17427091,17427091,na,na,11p15.1,"criteria provided, conflicting classifications",3,-,N,ClinGen:CA379813577,2,553845,17427091,A,C,-,-,-,-,-,-,SCV002522248|SCV002522250|SCV003440251,-,-
546511,single nucleotide variant,NM_000352.6(ABCC8):c.2116+1G>T,6833,ABCC8,HGNC:59,Pathogenic/Likely pathogenic,1,"Mar 11, 2024",1554924540,-,RCV000672727|RCV001816679|RCV003465516,"MONDO:MONDO:0009734,MedGen:C2931832,OMIM:256450,Orphanet:276575,Orphanet:276598|MedGen:C3661900|Human Phenotype Ontology:HP:0005965,Human Phenotype Ontology:HP:0005978,Human Phenotype Ontology:HP:0100652,MONDO:MONDO:0005148,MeSH:D003924,MedGen:C0011860,OMIM:125853","Hyperinsulinemic hypoglycemia, familial, 1|not provided|Type 2 diabetes mellitus",germline;unknown,germline,GRCh37,NC_000011.9,11,17449413,17449413,na,na,11p15.1,"criteria provided, multiple submitters, no conflicts",4,-,N,ClinGen:CA379814664,2,556689,17449413,C,A,-,-,-,-,-,-,SCV002065883|SCV002249680|SCV004205556,-,-
546511,single nucleotide variant,NM_000352.6(ABCC8):c.2116+1G>T,6833,ABCC8,HGNC:59,Pathogenic/Likely pathogenic,1,"Mar 11, 2024",1554924540,-,RCV000672727|RCV001816679|RCV003465516,"MONDO:MONDO:0009734,MedGen:C2931832,OMIM:256450,Orphanet:276575,Orphanet:276598|MedGen:C3661900|Human Phenotype Ontology:HP:0005965,Human Phenotype Ontology:HP:0005978,Human Phenotype Ontology:HP:0100652,MONDO:MONDO:0005148,MeSH:D003924,MedGen:C0011860,OMIM:125853","Hyperinsulinemic hypoglycemia, familial, 1|not provided|Type 2 diabetes mellitus",germline;unknown,germline,GRCh38,NC_000011.10,11,17427866,17427866,na,na,11p15.1,"criteria provided, multiple submitters, no conflicts",4,-,N,ClinGen:CA379814664,2,556689,17427866,C,A,-,-,-,-,-,-,SCV002065883|SCV002249680|SCV004205556,-,-
546517,single nucleotide variant,NM_000352.6(ABCC8):c.1508T>C (p.Leu503Pro),6833,ABCC8,HGNC:59,Conflicting classifications of pathogenicity,1,"Jan 06, 2025",1554933168,-,RCV000665950|RCV002267002|RCV002267001|RCV003459574|RCV004702280|RCV005049635,"MONDO:MONDO:0009734,MedGen:C2931832,OMIM:256450,Orphanet:276575,Orphanet:276598|Human Phenotype Ontology:HP:0008255,MONDO:MONDO:0020525,MedGen:C0342273|Human Phenotype Ontology:HP:0004904,MONDO:MONDO:0018911,MedGen:C0342276,OMIM:PS125850,Orphanet:552|Human Phenotype Ontology:HP:0005965,Human Phenotype Ontology:HP:0005978,Human Phenotype Ontology:HP:0100652,MONDO:MONDO:0005148,MeSH:D003924,MedGen:C0011860,OMIM:125853|MedGen:CN169374|MONDO:MONDO:0009415,MedGen:C0271714,OMIM:240800;Human Phenotype Ontology:HP:0005965,Human Phenotype Ontology:HP:0005978,Human Phenotype Ontology:HP:0100652,MONDO:MONDO:0005148,MeSH:D003924,MedGen:C0011860,OMIM:125853;MONDO:MONDO:0030088,MedGen:C5394303,OMIM:618857;MONDO:MONDO:0009734,MedGen:C2931832,OMIM:256450,Orphanet:276575,Orphanet:276598;MONDO:MONDO:0012480,MedGen:C1835887,OMIM:610374,Orphanet:99886","Hyperinsulinemic hypoglycemia, familial, 1|Transitory neonatal diabetes mellitus|Maturity-onset diabetes of the young|Type 2 diabetes mellitus|not specified|Leucine-induced hypoglycemia;Type 2 diabetes mellitus;Diabetes mellitus, permanent neonatal 3;Hyperinsulinemic hypoglycemia, familial, 1;Diabetes mellitus, transient neonatal, 2",germline;unknown,germline,GRCh37,NC_000011.9,11,17464389,17464389,na,na,11p15.1,"criteria provided, conflicting classifications",6,-,N,ClinGen:CA379766570,2,551001,17464389,A,G,-,-,-,-,-,-,SCV002522397|SCV002522398|SCV004204563|SCV005204327|SCV005676400|SCV006323414,-,-
546517,single nucleotide variant,NM_000352.6(ABCC8):c.1508T>C (p.Leu503Pro),6833,ABCC8,HGNC:59,Conflicting classifications of pathogenicity,1,"Jan 06, 2025",1554933168,-,RCV000665950|RCV002267002|RCV002267001|RCV003459574|RCV004702280|RCV005049635,"MONDO:MONDO:0009734,MedGen:C2931832,OMIM:256450,Orphanet:276575,Orphanet:276598|Human Phenotype Ontology:HP:0008255,MONDO:MONDO:0020525,MedGen:C0342273|Human Phenotype Ontology:HP:0004904,MONDO:MONDO:0018911,MedGen:C0342276,OMIM:PS125850,Orphanet:552|Human Phenotype Ontology:HP:0005965,Human Phenotype Ontology:HP:0005978,Human Phenotype Ontology:HP:0100652,MONDO:MONDO:0005148,MeSH:D003924,MedGen:C0011860,OMIM:125853|MedGen:CN169374|MONDO:MONDO:0009415,MedGen:C0271714,OMIM:240800;Human Phenotype Ontology:HP:0005965,Human Phenotype Ontology:HP:0005978,Human Phenotype Ontology:HP:0100652,MONDO:MONDO:0005148,MeSH:D003924,MedGen:C0011860,OMIM:125853;MONDO:MONDO:0030088,MedGen:C5394303,OMIM:618857;MONDO:MONDO:0009734,MedGen:C2931832,OMIM:256450,Orphanet:276575,Orphanet:276598;MONDO:MONDO:0012480,MedGen:C1835887,OMIM:610374,Orphanet:99886","Hyperinsulinemic hypoglycemia, familial, 1|Transitory neonatal diabetes mellitus|Maturity-onset diabetes of the young|Type 2 diabetes mellitus|not specified|Leucine-induced hypoglycemia;Type 2 diabetes mellitus;Diabetes mellitus, permanent neonatal 3;Hyperinsulinemic hypoglycemia, familial, 1;Diabetes mellitus, transient neonatal, 2",germline;unknown,germline,GRCh38,NC_000011.10,11,17442842,17442842,na,na,11p15.1,"criteria provided, conflicting classifications",6,-,N,ClinGen:CA379766570,2,551001,17442842,A,G,-,-,-,-,-,-,SCV002522397|SCV002522398|SCV004204563|SCV005204327|SCV005676400|SCV006323414,-,-
546522,single nucleotide variant,NM_000352.6(ABCC8):c.1177-1G>A,6833,ABCC8,HGNC:59,Conflicting classifications of pathogenicity,1,"Mar 08, 2024",1167993548,-,RCV000672967|RCV002254311|RCV002254310|RCV003660827|RCV005049650,"MONDO:MONDO:0009734,MedGen:C2931832,OMIM:256450,Orphanet:276575,Orphanet:276598|Human Phenotype Ontology:HP:0008255,MONDO:MONDO:0020525,MedGen:C0342273|Human Phenotype Ontology:HP:0004904,MONDO:MONDO:0018911,MedGen:C0342276,OMIM:PS125850,Orphanet:552|MedGen:C3661900|MONDO:MONDO:0009415,MedGen:C0271714,OMIM:240800;Human Phenotype Ontology:HP:0005965,Human Phenotype Ontology:HP:0005978,Human Phenotype Ontology:HP:0100652,MONDO:MONDO:0005148,MeSH:D003924,MedGen:C0011860,OMIM:125853;MONDO:MONDO:0030088,MedGen:C5394303,OMIM:618857;MONDO:MONDO:0009734,MedGen:C2931832,OMIM:256450,Orphanet:276575,Orphanet:276598;MONDO:MONDO:0012480,MedGen:C1835887,OMIM:610374,Orphanet:99886","Hyperinsulinemic hypoglycemia, familial, 1|Transitory neonatal diabetes mellitus|Maturity-onset diabetes of the young|not provided|Leucine-induced hypoglycemia;Type 2 diabetes mellitus;Diabetes mellitus, permanent neonatal 3;Hyperinsulinemic hypoglycemia, familial, 1;Diabetes mellitus, transient neonatal, 2",germline;unknown,germline,GRCh37,NC_000011.9,11,17470219,17470219,na,na,11p15.1,"criteria provided, conflicting classifications",4,-,N,ClinGen:CA379768836,2,556901,17470219,C,T,-,-,-,-,-,-,SCV002522595|SCV002522597|SCV004370596|SCV005676420,-,-
546522,single nucleotide variant,NM_000352.6(ABCC8):c.1177-1G>A,6833,ABCC8,HGNC:59,Conflicting classifications of pathogenicity,1,"Mar 08, 2024",1167993548,-,RCV000672967|RCV002254311|RCV002254310|RCV003660827|RCV005049650,"MONDO:MONDO:0009734,MedGen:C2931832,OMIM:256450,Orphanet:276575,Orphanet:276598|Human Phenotype Ontology:HP:0008255,MONDO:MONDO:0020525,MedGen:C0342273|Human Phenotype Ontology:HP:0004904,MONDO:MONDO:0018911,MedGen:C0342276,OMIM:PS125850,Orphanet:552|MedGen:C3661900|MONDO:MONDO:0009415,MedGen:C0271714,OMIM:240800;Human Phenotype Ontology:HP:0005965,Human Phenotype Ontology:HP:0005978,Human Phenotype Ontology:HP:0100652,MONDO:MONDO:0005148,MeSH:D003924,MedGen:C0011860,OMIM:125853;MONDO:MONDO:0030088,MedGen:C5394303,OMIM:618857;MONDO:MONDO:0009734,MedGen:C2931832,OMIM:256450,Orphanet:276575,Orphanet:276598;MONDO:MONDO:0012480,MedGen:C1835887,OMIM:610374,Orphanet:99886","Hyperinsulinemic hypoglycemia, familial, 1|Transitory neonatal diabetes mellitus|Maturity-onset diabetes of the young|not provided|Leucine-induced hypoglycemia;Type 2 diabetes mellitus;Diabetes mellitus, permanent neonatal 3;Hyperinsulinemic hypoglycemia, familial, 1;Diabetes mellitus, transient neonatal, 2",germline;unknown,germline,GRCh38,NC_000011.10,11,17448672,17448672,na,na,11p15.1,"criteria provided, conflicting classifications",4,-,N,ClinGen:CA379768836,2,556901,17448672,C,T,-,-,-,-,-,-,SCV002522595|SCV002522597|SCV004370596|SCV005676420,-,-
546524,single nucleotide variant,NM_000352.6(ABCC8):c.823-1G>A,6833,ABCC8,HGNC:59,Uncertain significance,1,-,1247430874,-,RCV000669420|RCV002253553|RCV002253552,"MONDO:MONDO:0009734,MedGen:C2931832,OMIM:256450,Orphanet:276575,Orphanet:276598|Human Phenotype Ontology:HP:0008255,MONDO:MONDO:0020525,MedGen:C0342273|Human Phenotype Ontology:HP:0004904,MONDO:MONDO:0018911,MedGen:C0342276,OMIM:PS125850,Orphanet:552","Hyperinsulinemic hypoglycemia, familial, 1|Transitory neonatal diabetes mellitus|Maturity-onset diabetes of the young",unknown,unknown,GRCh37,NC_000011.9,11,17482224,17482224,na,na,11p15.1,"criteria provided, single submitter",2,-,N,ClinGen:CA379777807,2,553886,17482224,C,T,-,-,-,-,-,-,SCV002522621|SCV002522622,-,-
546524,single nucleotide variant,NM_000352.6(ABCC8):c.823-1G>A,6833,ABCC8,HGNC:59,Uncertain significance,1,-,1247430874,-,RCV000669420|RCV002253553|RCV002253552,"MONDO:MONDO:0009734,MedGen:C2931832,OMIM:256450,Orphanet:276575,Orphanet:276598|Human Phenotype Ontology:HP:0008255,MONDO:MONDO:0020525,MedGen:C0342273|Human Phenotype Ontology:HP:0004904,MONDO:MONDO:0018911,MedGen:C0342276,OMIM:PS125850,Orphanet:552","Hyperinsulinemic hypoglycemia, familial, 1|Transitory neonatal diabetes mellitus|Maturity-onset diabetes of the young",unknown,unknown,GRCh38,NC_000011.10,11,17460677,17460677,na,na,11p15.1,"criteria provided, single submitter",2,-,N,ClinGen:CA379777807,2,553886,17460677,C,T,-,-,-,-,-,-,SCV002522621|SCV002522622,-,-
546528,single nucleotide variant,NM_000352.6(ABCC8):c.145A>T (p.Ile49Phe),6833,ABCC8,HGNC:59,Likely pathogenic,1,-,1554949196,-,RCV000671753|RCV002051878,"MONDO:MONDO:0009734,MedGen:C2931832,OMIM:256450,Orphanet:276575,Orphanet:276598|MONDO:MONDO:0016391,MedGen:C0158981,Orphanet:224","Hyperinsulinemic hypoglycemia, familial, 1|Neonatal diabetes mellitus",germline;unknown,germline,GRCh37,NC_000011.9,11,17498179,17498179,na,na,11p15.1,"criteria provided, single submitter",2,-,N,ClinGen:CA379789749,2,555848,17498179,T,A,-,-,-,-,-,-,SCV002318402,-,-
546528,single nucleotide variant,NM_000352.6(ABCC8):c.145A>T (p.Ile49Phe),6833,ABCC8,HGNC:59,Likely pathogenic,1,-,1554949196,-,RCV000671753|RCV002051878,"MONDO:MONDO:0009734,MedGen:C2931832,OMIM:256450,Orphanet:276575,Orphanet:276598|MONDO:MONDO:0016391,MedGen:C0158981,Orphanet:224","Hyperinsulinemic hypoglycemia, familial, 1|Neonatal diabetes mellitus",germline;unknown,germline,GRCh38,NC_000011.10,11,17476632,17476632,na,na,11p15.1,"criteria provided, single submitter",2,-,N,ClinGen:CA379789749,2,555848,17476632,T,A,-,-,-,-,-,-,SCV002318402,-,-
576348,single nucleotide variant,NM_000162.5(GCK):c.124G>C (p.Asp42His),2645,GCK,HGNC:4195,Uncertain significance/Uncertain risk allele,0,"Mar 06, 2018",1562719786,-,RCV000710053|RCV002464294,"MedGen:C3661900|Human Phenotype Ontology:HP:0004904,MONDO:MONDO:0018911,MedGen:C0342276,OMIM:PS125850,Orphanet:552",not provided|Maturity-onset diabetes of the young,unknown,unknown,GRCh37,NC_000007.13,7,44192984,44192984,na,na,7p13,"criteria provided, multiple submitters, no conflicts",2,-,N,ClinGen:CA367403461,2,585299,44192984,C,G,-,-,-,-,-,-,SCV000840433|SCV002605420,-,-
576348,single nucleotide variant,NM_000162.5(GCK):c.124G>C (p.Asp42His),2645,GCK,HGNC:4195,Uncertain significance/Uncertain risk allele,0,"Mar 06, 2018",1562719786,-,RCV000710053|RCV002464294,"MedGen:C3661900|Human Phenotype Ontology:HP:0004904,MONDO:MONDO:0018911,MedGen:C0342276,OMIM:PS125850,Orphanet:552",not provided|Maturity-onset diabetes of the young,unknown,unknown,GRCh38,NC_000007.14,7,44153385,44153385,na,na,7p13,"criteria provided, multiple submitters, no conflicts",2,-,N,ClinGen:CA367403461,2,585299,44153385,C,G,-,-,-,-,-,-,SCV000840433|SCV002605420,-,-
576976,single nucleotide variant,NM_000162.5(GCK):c.1364T>A (p.Val455Glu),2645,GCK,HGNC:4195,Likely pathogenic,1,"Jan 28, 2026",753795627,-,RCV000711767|RCV002469275|RCV003446380|RCV006454701,"MedGen:C3661900|MONDO:MONDO:0007453,MedGen:C0342277,OMIM:125851,Orphanet:552|MONDO:MONDO:0007452,MedGen:C1852093,OMIM:125850,Orphanet:552|MONDO:MONDO:0015967,MedGen:C3888631,Orphanet:183625",not provided|Maturity-onset diabetes of the young type 2|Maturity-onset diabetes of the young type 1|Monogenic diabetes,germline;unknown,germline,GRCh37,NC_000007.13,7,44184769,44184769,na,na,7p13,reviewed by expert panel,9,-,N,ClinGen:CA4239373,2,585916,44184769,A,T,-,-,-,-,-,-,SCV007338186,-,-
576976,single nucleotide variant,NM_000162.5(GCK):c.1364T>A (p.Val455Glu),2645,GCK,HGNC:4195,Likely pathogenic,1,"Jan 28, 2026",753795627,-,RCV000711767|RCV002469275|RCV003446380|RCV006454701,"MedGen:C3661900|MONDO:MONDO:0007453,MedGen:C0342277,OMIM:125851,Orphanet:552|MONDO:MONDO:0007452,MedGen:C1852093,OMIM:125850,Orphanet:552|MONDO:MONDO:0015967,MedGen:C3888631,Orphanet:183625",not provided|Maturity-onset diabetes of the young type 2|Maturity-onset diabetes of the young type 1|Monogenic diabetes,germline;unknown,germline,GRCh38,NC_000007.14,7,44145170,44145170,na,na,7p13,reviewed by expert panel,9,-,N,ClinGen:CA4239373,2,585916,44145170,A,T,-,-,-,-,-,-,SCV007338186,-,-
576977,single nucleotide variant,NM_000162.5(GCK):c.1327G>T (p.Glu443Ter),2645,GCK,HGNC:4195,Pathogenic,1,"Sep 01, 2023",1562711915,-,RCV000711766|RCV001844229|RCV002463729,"MedGen:C3661900|MONDO:MONDO:0015967,MedGen:C3888631,Orphanet:183625|Human Phenotype Ontology:HP:0004904,MONDO:MONDO:0018911,MedGen:C0342276,OMIM:PS125850,Orphanet:552",not provided|Monogenic diabetes|Maturity-onset diabetes of the young,germline;unknown,germline,GRCh37,NC_000007.13,7,44184806,44184806,na,na,7p13,reviewed by expert panel,5,-,N,ClinGen:CA367396996,2,585915,44184806,C,A,-,-,-,-,-,-,SCV004032112,-,-
576977,single nucleotide variant,NM_000162.5(GCK):c.1327G>T (p.Glu443Ter),2645,GCK,HGNC:4195,Pathogenic,1,"Sep 01, 2023",1562711915,-,RCV000711766|RCV001844229|RCV002463729,"MedGen:C3661900|MONDO:MONDO:0015967,MedGen:C3888631,Orphanet:183625|Human Phenotype Ontology:HP:0004904,MONDO:MONDO:0018911,MedGen:C0342276,OMIM:PS125850,Orphanet:552",not provided|Monogenic diabetes|Maturity-onset diabetes of the young,germline;unknown,germline,GRCh38,NC_000007.14,7,44145207,44145207,na,na,7p13,reviewed by expert panel,5,-,N,ClinGen:CA367396996,2,585915,44145207,C,A,-,-,-,-,-,-,SCV004032112,-,-
576978,single nucleotide variant,NM_000162.5(GCK):c.1310C>T (p.Thr437Ile),2645,GCK,HGNC:4195,Likely pathogenic,1,"Jan 28, 2024",1185622190,-,RCV000711765|RCV000764717|RCV003493719,"MedGen:C3661900|MONDO:MONDO:0100164,MedGen:C1833104,OMIM:PS606176,Orphanet:99885;Human Phenotype Ontology:HP:0005965,Human Phenotype Ontology:HP:0005978,Human Phenotype Ontology:HP:0100652,MONDO:MONDO:0005148,MeSH:D003924,MedGen:C0011860,OMIM:125853;MONDO:MONDO:0011236,MedGen:C1865290,OMIM:602485,Orphanet:79299;MONDO:MONDO:0007453,MedGen:C0342277,OMIM:125851,Orphanet:552|MONDO:MONDO:0015967,MedGen:C3888631,Orphanet:183625",not provided|Permanent neonatal diabetes mellitus;Type 2 diabetes mellitus;Hyperinsulinism due to glucokinase deficiency;Maturity-onset diabetes of the young type 2|Monogenic diabetes,germline;unknown,germline,GRCh37,NC_000007.13,7,44184823,44184823,na,na,7p13,reviewed by expert panel,4,-,N,ClinGen:CA367397075,2,585914,44184823,G,A,-,-,-,-,-,-,SCV004242353,-,-
576978,single nucleotide variant,NM_000162.5(GCK):c.1310C>T (p.Thr437Ile),2645,GCK,HGNC:4195,Likely pathogenic,1,"Jan 28, 2024",1185622190,-,RCV000711765|RCV000764717|RCV003493719,"MedGen:C3661900|MONDO:MONDO:0100164,MedGen:C1833104,OMIM:PS606176,Orphanet:99885;Human Phenotype Ontology:HP:0005965,Human Phenotype Ontology:HP:0005978,Human Phenotype Ontology:HP:0100652,MONDO:MONDO:0005148,MeSH:D003924,MedGen:C0011860,OMIM:125853;MONDO:MONDO:0011236,MedGen:C1865290,OMIM:602485,Orphanet:79299;MONDO:MONDO:0007453,MedGen:C0342277,OMIM:125851,Orphanet:552|MONDO:MONDO:0015967,MedGen:C3888631,Orphanet:183625",not provided|Permanent neonatal diabetes mellitus;Type 2 diabetes mellitus;Hyperinsulinism due to glucokinase deficiency;Maturity-onset diabetes of the young type 2|Monogenic diabetes,germline;unknown,germline,GRCh38,NC_000007.14,7,44145224,44145224,na,na,7p13,reviewed by expert panel,4,-,N,ClinGen:CA367397075,2,585914,44145224,G,A,-,-,-,-,-,-,SCV004242353,-,-
576979,single nucleotide variant,NM_000162.5(GCK):c.1280T>G (p.Val427Gly),2645,GCK,HGNC:4195,Uncertain significance,1,"Apr 27, 2024",1562712097,-,RCV000711762|RCV002463456|RCV004527395,"MedGen:C3661900|Human Phenotype Ontology:HP:0004904,MONDO:MONDO:0018911,MedGen:C0342276,OMIM:PS125850,Orphanet:552|MONDO:MONDO:0015967,MedGen:C3888631,Orphanet:183625",not provided|Maturity-onset diabetes of the young|Monogenic diabetes,germline;unknown,germline,GRCh37,NC_000007.13,7,44184853,44184853,na,na,7p13,reviewed by expert panel,3,-,N,ClinGen:CA367397199,2,585912,44184853,A,C,-,-,-,-,-,-,SCV005040670,-,-
576979,single nucleotide variant,NM_000162.5(GCK):c.1280T>G (p.Val427Gly),2645,GCK,HGNC:4195,Uncertain significance,1,"Apr 27, 2024",1562712097,-,RCV000711762|RCV002463456|RCV004527395,"MedGen:C3661900|Human Phenotype Ontology:HP:0004904,MONDO:MONDO:0018911,MedGen:C0342276,OMIM:PS125850,Orphanet:552|MONDO:MONDO:0015967,MedGen:C3888631,Orphanet:183625",not provided|Maturity-onset diabetes of the young|Monogenic diabetes,germline;unknown,germline,GRCh38,NC_000007.14,7,44145254,44145254,na,na,7p13,reviewed by expert panel,3,-,N,ClinGen:CA367397199,2,585912,44145254,A,C,-,-,-,-,-,-,SCV005040670,-,-
576980,single nucleotide variant,NM_000162.5(GCK):c.1174C>T (p.Arg392Cys),2645,GCK,HGNC:4195,Pathogenic,1,"Jul 16, 2023",1167124132,-,RCV000711758|RCV002285406|RCV003318504|RCV003420270,"MedGen:C3661900|MONDO:MONDO:0007453,MedGen:C0342277,OMIM:125851,Orphanet:552|MONDO:MONDO:0015967,MedGen:C3888631,Orphanet:183625|",not provided|Maturity-onset diabetes of the young type 2|Monogenic diabetes|GCK-related disorder,germline;unknown,germline,GRCh37,NC_000007.13,7,44185175,44185175,na,na,7p13,reviewed by expert panel,11,-,N,ClinGen:CA367398622,2,585909,44185175,G,A,-,-,-,-,-,-,SCV004022347,-,-
576980,single nucleotide variant,NM_000162.5(GCK):c.1174C>T (p.Arg392Cys),2645,GCK,HGNC:4195,Pathogenic,1,"Jul 16, 2023",1167124132,-,RCV000711758|RCV002285406|RCV003318504|RCV003420270,"MedGen:C3661900|MONDO:MONDO:0007453,MedGen:C0342277,OMIM:125851,Orphanet:552|MONDO:MONDO:0015967,MedGen:C3888631,Orphanet:183625|",not provided|Maturity-onset diabetes of the young type 2|Monogenic diabetes|GCK-related disorder,germline;unknown,germline,GRCh38,NC_000007.14,7,44145576,44145576,na,na,7p13,reviewed by expert panel,11,-,N,ClinGen:CA367398622,2,585909,44145576,G,A,-,-,-,-,-,-,SCV004022347,-,-
576981,single nucleotide variant,NM_000162.5(GCK):c.1129C>T (p.Arg377Cys),2645,GCK,HGNC:4195,Pathogenic,1,"Aug 08, 2023",1471992838,-,RCV000711757|RCV003325971|RCV005901795,"MedGen:C3661900|MONDO:MONDO:0015967,MedGen:C3888631,Orphanet:183625|MONDO:MONDO:0007453,MedGen:C0342277,OMIM:125851,Orphanet:552",not provided|Monogenic diabetes|Maturity-onset diabetes of the young type 2,germline,germline,GRCh37,NC_000007.13,7,44185220,44185220,na,na,7p13,reviewed by expert panel,5,-,N,ClinGen:CA367398826,2,585908,44185220,G,A,-,-,-,-,-,-,SCV004032092,-,-
576981,single nucleotide variant,NM_000162.5(GCK):c.1129C>T (p.Arg377Cys),2645,GCK,HGNC:4195,Pathogenic,1,"Aug 08, 2023",1471992838,-,RCV000711757|RCV003325971|RCV005901795,"MedGen:C3661900|MONDO:MONDO:0015967,MedGen:C3888631,Orphanet:183625|MONDO:MONDO:0007453,MedGen:C0342277,OMIM:125851,Orphanet:552",not provided|Monogenic diabetes|Maturity-onset diabetes of the young type 2,germline,germline,GRCh38,NC_000007.14,7,44145621,44145621,na,na,7p13,reviewed by expert panel,5,-,N,ClinGen:CA367398826,2,585908,44145621,G,A,-,-,-,-,-,-,SCV004032092,-,-
576982,Deletion,NM_000162.5(GCK):c.1054del (p.Ile351_Leu352insTer),2645,GCK,HGNC:4195,Likely pathogenic,1,"Mar 31, 2024",1562713041,-,RCV000711756|RCV002463728|RCV003993676,"MedGen:C3661900|Human Phenotype Ontology:HP:0004904,MONDO:MONDO:0018911,MedGen:C0342276,OMIM:PS125850,Orphanet:552|MONDO:MONDO:0015967,MedGen:C3888631,Orphanet:183625",not provided|Maturity-onset diabetes of the young|Monogenic diabetes,germline;unknown,germline,GRCh37,NC_000007.13,7,44185295,44185295,na,na,7p13,reviewed by expert panel,3,-,N,ClinGen:CA891843077,2,585907,44185294,AG,A,-,-,-,-,-,-,SCV004812205,-,-
576982,Deletion,NM_000162.5(GCK):c.1054del (p.Ile351_Leu352insTer),2645,GCK,HGNC:4195,Likely pathogenic,1,"Mar 31, 2024",1562713041,-,RCV000711756|RCV002463728|RCV003993676,"MedGen:C3661900|Human Phenotype Ontology:HP:0004904,MONDO:MONDO:0018911,MedGen:C0342276,OMIM:PS125850,Orphanet:552|MONDO:MONDO:0015967,MedGen:C3888631,Orphanet:183625",not provided|Maturity-onset diabetes of the young|Monogenic diabetes,germline;unknown,germline,GRCh38,NC_000007.14,7,44145696,44145696,na,na,7p13,reviewed by expert panel,3,-,N,ClinGen:CA891843077,2,585907,44145695,AG,A,-,-,-,-,-,-,SCV004812205,-,-
576983,single nucleotide variant,NM_000162.5(GCK):c.952G>A (p.Gly318Arg),2645,GCK,HGNC:4195,Pathogenic,1,"Jan 16, 2025",193922340,-,RCV000711789|RCV001805831|RCV004751675|RCV004797865|RCV004813133,"MedGen:C3661900|MONDO:MONDO:0015967,MedGen:C3888631,Orphanet:183625||MONDO:MONDO:0007453,MedGen:C0342277,OMIM:125851,Orphanet:552|MONDO:MONDO:0014317,MedGen:C3810350,OMIM:615715,Orphanet:401764",not provided|Monogenic diabetes|GCK-related disorder|Maturity-onset diabetes of the young type 2|Pancytopenia-developmental delay syndrome,germline;unknown,germline,GRCh37,NC_000007.13,7,44186129,44186129,na,na,7p13,reviewed by expert panel,11,-,N,ClinGen:CA367399913,2,585929,44186129,C,T,-,-,-,-,-,-,SCV005687804,-,-
576983,single nucleotide variant,NM_000162.5(GCK):c.952G>A (p.Gly318Arg),2645,GCK,HGNC:4195,Pathogenic,1,"Jan 16, 2025",193922340,-,RCV000711789|RCV001805831|RCV004751675|RCV004797865|RCV004813133,"MedGen:C3661900|MONDO:MONDO:0015967,MedGen:C3888631,Orphanet:183625||MONDO:MONDO:0007453,MedGen:C0342277,OMIM:125851,Orphanet:552|MONDO:MONDO:0014317,MedGen:C3810350,OMIM:615715,Orphanet:401764",not provided|Monogenic diabetes|GCK-related disorder|Maturity-onset diabetes of the young type 2|Pancytopenia-developmental delay syndrome,germline;unknown,germline,GRCh38,NC_000007.14,7,44146530,44146530,na,na,7p13,reviewed by expert panel,11,-,N,ClinGen:CA367399913,2,585929,44146530,C,T,-,-,-,-,-,-,SCV005687804,-,-
576984,single nucleotide variant,NM_000162.5(GCK):c.863+1G>A,2645,GCK,HGNC:4195,Pathogenic,1,"Feb 19, 2026",1376796469,-,RCV000711787|RCV001420913|RCV006605298|RCV005034335,"MedGen:C3661900|MONDO:MONDO:0007453,MedGen:C0342277,OMIM:125851,Orphanet:552|MONDO:MONDO:0015967,MedGen:C3888631,Orphanet:183625|Human Phenotype Ontology:HP:0005965,Human Phenotype Ontology:HP:0005978,Human Phenotype Ontology:HP:0100652,MONDO:MONDO:0005148,MeSH:D003924,MedGen:C0011860,OMIM:125853;MONDO:MONDO:0011236,MedGen:C1865290,OMIM:602485,Orphanet:79299;MONDO:MONDO:0007453,MedGen:C0342277,OMIM:125851,Orphanet:552;MONDO:MONDO:0100165,MedGen:C5393570,OMIM:606176",not provided|Maturity-onset diabetes of the young type 2|Monogenic diabetes|Type 2 diabetes mellitus;Hyperinsulinism due to glucokinase deficiency;Maturity-onset diabetes of the young type 2;Permanent neonatal diabetes mellitus 1,germline;unknown,germline,GRCh37,NC_000007.13,7,44187248,44187248,na,na,7p13,reviewed by expert panel,7,-,N,ClinGen:CA367400397,2,585928,44187248,C,T,-,-,-,-,-,-,SCV007496324,-,-
576984,single nucleotide variant,NM_000162.5(GCK):c.863+1G>A,2645,GCK,HGNC:4195,Pathogenic,1,"Feb 19, 2026",1376796469,-,RCV000711787|RCV001420913|RCV006605298|RCV005034335,"MedGen:C3661900|MONDO:MONDO:0007453,MedGen:C0342277,OMIM:125851,Orphanet:552|MONDO:MONDO:0015967,MedGen:C3888631,Orphanet:183625|Human Phenotype Ontology:HP:0005965,Human Phenotype Ontology:HP:0005978,Human Phenotype Ontology:HP:0100652,MONDO:MONDO:0005148,MeSH:D003924,MedGen:C0011860,OMIM:125853;MONDO:MONDO:0011236,MedGen:C1865290,OMIM:602485,Orphanet:79299;MONDO:MONDO:0007453,MedGen:C0342277,OMIM:125851,Orphanet:552;MONDO:MONDO:0100165,MedGen:C5393570,OMIM:606176",not provided|Maturity-onset diabetes of the young type 2|Monogenic diabetes|Type 2 diabetes mellitus;Hyperinsulinism due to glucokinase deficiency;Maturity-onset diabetes of the young type 2;Permanent neonatal diabetes mellitus 1,germline;unknown,germline,GRCh38,NC_000007.14,7,44147649,44147649,na,na,7p13,reviewed by expert panel,7,-,N,ClinGen:CA367400397,2,585928,44147649,C,T,-,-,-,-,-,-,SCV007496324,-,-
576985,single nucleotide variant,NM_000162.5(GCK):c.823C>T (p.Arg275Cys),2645,GCK,HGNC:4195,Pathogenic,1,"Sep 20, 2023",556436603,-,RCV000711786|RCV002227212|RCV003330319,"MedGen:C3661900|MONDO:MONDO:0007453,MedGen:C0342277,OMIM:125851,Orphanet:552|MONDO:MONDO:0015967,MedGen:C3888631,Orphanet:183625",not provided|Maturity-onset diabetes of the young type 2|Monogenic diabetes,germline;unknown,germline,GRCh37,NC_000007.13,7,44187289,44187289,na,na,7p13,reviewed by expert panel,4,-,N,ClinGen:CA4239519,2,585927,44187289,G,A,-,-,-,-,-,-,SCV004037462,-,-
576985,single nucleotide variant,NM_000162.5(GCK):c.823C>T (p.Arg275Cys),2645,GCK,HGNC:4195,Pathogenic,1,"Sep 20, 2023",556436603,-,RCV000711786|RCV002227212|RCV003330319,"MedGen:C3661900|MONDO:MONDO:0007453,MedGen:C0342277,OMIM:125851,Orphanet:552|MONDO:MONDO:0015967,MedGen:C3888631,Orphanet:183625",not provided|Maturity-onset diabetes of the young type 2|Monogenic diabetes,germline;unknown,germline,GRCh38,NC_000007.14,7,44147690,44147690,na,na,7p13,reviewed by expert panel,4,-,N,ClinGen:CA4239519,2,585927,44147690,G,A,-,-,-,-,-,-,SCV004037462,-,-
576986,single nucleotide variant,NM_000162.5(GCK):c.819T>A (p.Tyr273Ter),2645,GCK,HGNC:4195,Pathogenic/Likely pathogenic,1,"Nov 07, 2017",1562715296,-,RCV000711785|RCV002463732,"MedGen:C3661900|Human Phenotype Ontology:HP:0004904,MONDO:MONDO:0018911,MedGen:C0342276,OMIM:PS125850,Orphanet:552",not provided|Maturity-onset diabetes of the young,germline;unknown,germline,GRCh37,NC_000007.13,7,44187293,44187293,na,na,7p13,"criteria provided, multiple submitters, no conflicts",2,-,N,ClinGen:CA367400490,2,585926,44187293,A,T,-,-,-,-,-,-,SCV000842182|SCV002605053,-,-
576986,single nucleotide variant,NM_000162.5(GCK):c.819T>A (p.Tyr273Ter),2645,GCK,HGNC:4195,Pathogenic/Likely pathogenic,1,"Nov 07, 2017",1562715296,-,RCV000711785|RCV002463732,"MedGen:C3661900|Human Phenotype Ontology:HP:0004904,MONDO:MONDO:0018911,MedGen:C0342276,OMIM:PS125850,Orphanet:552",not provided|Maturity-onset diabetes of the young,germline;unknown,germline,GRCh38,NC_000007.14,7,44147694,44147694,na,na,7p13,"criteria provided, multiple submitters, no conflicts",2,-,N,ClinGen:CA367400490,2,585926,44147694,A,T,-,-,-,-,-,-,SCV000842182|SCV002605053,-,-
576987,single nucleotide variant,NM_000162.5(GCK):c.701A>G (p.Tyr234Cys),2645,GCK,HGNC:4195,Conflicting classifications of pathogenicity,1,"Mar 05, 2025",1562715620,-,RCV000711784|RCV002463731|RCV005407915,"MedGen:C3661900|Human Phenotype Ontology:HP:0004904,MONDO:MONDO:0018911,MedGen:C0342276,OMIM:PS125850,Orphanet:552|MedGen:CN169374",not provided|Maturity-onset diabetes of the young|not specified,germline;unknown,germline,GRCh37,NC_000007.13,7,44187411,44187411,na,na,7p13,"criteria provided, conflicting classifications",3,-,N,ClinGen:CA367400748,2,585925,44187411,T,C,-,-,-,-,-,-,SCV000842181|SCV002605133|SCV006072435,-,-
576987,single nucleotide variant,NM_000162.5(GCK):c.701A>G (p.Tyr234Cys),2645,GCK,HGNC:4195,Conflicting classifications of pathogenicity,1,"Mar 05, 2025",1562715620,-,RCV000711784|RCV002463731|RCV005407915,"MedGen:C3661900|Human Phenotype Ontology:HP:0004904,MONDO:MONDO:0018911,MedGen:C0342276,OMIM:PS125850,Orphanet:552|MedGen:CN169374",not provided|Maturity-onset diabetes of the young|not specified,germline;unknown,germline,GRCh38,NC_000007.14,7,44147812,44147812,na,na,7p13,"criteria provided, conflicting classifications",3,-,N,ClinGen:CA367400748,2,585925,44147812,T,C,-,-,-,-,-,-,SCV000842181|SCV002605133|SCV006072435,-,-
576988,single nucleotide variant,NM_000162.5(GCK):c.680-2A>G,2645,GCK,HGNC:4195,Pathogenic,1,"Feb 28, 2024",1562715657,-,RCV000711782|RCV002298750|RCV002360845|RCV004719971,"MedGen:C3661900|MONDO:MONDO:0015967,MedGen:C3888631,Orphanet:183625|Human Phenotype Ontology:HP:0004904,MONDO:MONDO:0018911,MedGen:C0342276,OMIM:PS125850,Orphanet:552|MONDO:MONDO:0007453,MedGen:C0342277,OMIM:125851,Orphanet:552",not provided|Monogenic diabetes|Maturity-onset diabetes of the young|Maturity-onset diabetes of the young type 2,germline;unknown,germline,GRCh37,NC_000007.13,7,44187434,44187434,na,na,7p13,reviewed by expert panel,8,-,N,ClinGen:CA367400799,2,585924,44187434,T,C,-,-,-,-,-,-,SCV004697920,-,-
576988,single nucleotide variant,NM_000162.5(GCK):c.680-2A>G,2645,GCK,HGNC:4195,Pathogenic,1,"Feb 28, 2024",1562715657,-,RCV000711782|RCV002298750|RCV002360845|RCV004719971,"MedGen:C3661900|MONDO:MONDO:0015967,MedGen:C3888631,Orphanet:183625|Human Phenotype Ontology:HP:0004904,MONDO:MONDO:0018911,MedGen:C0342276,OMIM:PS125850,Orphanet:552|MONDO:MONDO:0007453,MedGen:C0342277,OMIM:125851,Orphanet:552",not provided|Monogenic diabetes|Maturity-onset diabetes of the young|Maturity-onset diabetes of the young type 2,germline;unknown,germline,GRCh38,NC_000007.14,7,44147835,44147835,na,na,7p13,reviewed by expert panel,8,-,N,ClinGen:CA367400799,2,585924,44147835,T,C,-,-,-,-,-,-,SCV004697920,-,-
576989,single nucleotide variant,NM_000162.5(GCK):c.608T>C (p.Val203Ala),2645,GCK,HGNC:4195,Pathogenic,1,"Jul 31, 2023",1562717053,-,RCV000711780|RCV002352232|RCV002499286|RCV003155293,"MedGen:C3661900|Human Phenotype Ontology:HP:0004904,MONDO:MONDO:0018911,MedGen:C0342276,OMIM:PS125850,Orphanet:552|Human Phenotype Ontology:HP:0005965,Human Phenotype Ontology:HP:0005978,Human Phenotype Ontology:HP:0100652,MONDO:MONDO:0005148,MeSH:D003924,MedGen:C0011860,OMIM:125853;MONDO:MONDO:0011236,MedGen:C1865290,OMIM:602485,Orphanet:79299;MONDO:MONDO:0007453,MedGen:C0342277,OMIM:125851,Orphanet:552;MONDO:MONDO:0100165,MedGen:C5393570,OMIM:606176|MONDO:MONDO:0015967,MedGen:C3888631,Orphanet:183625",not provided|Maturity-onset diabetes of the young|Type 2 diabetes mellitus;Hyperinsulinism due to glucokinase deficiency;Maturity-onset diabetes of the young type 2;Permanent neonatal diabetes mellitus 1|Monogenic diabetes,germline;unknown,germline,GRCh37,NC_000007.13,7,44189430,44189430,na,na,7p13,reviewed by expert panel,9,-,N,ClinGen:CA367401366,2,585923,44189430,A,G,-,-,-,-,-,-,SCV004022344,-,-
576989,single nucleotide variant,NM_000162.5(GCK):c.608T>C (p.Val203Ala),2645,GCK,HGNC:4195,Pathogenic,1,"Jul 31, 2023",1562717053,-,RCV000711780|RCV002352232|RCV002499286|RCV003155293,"MedGen:C3661900|Human Phenotype Ontology:HP:0004904,MONDO:MONDO:0018911,MedGen:C0342276,OMIM:PS125850,Orphanet:552|Human Phenotype Ontology:HP:0005965,Human Phenotype Ontology:HP:0005978,Human Phenotype Ontology:HP:0100652,MONDO:MONDO:0005148,MeSH:D003924,MedGen:C0011860,OMIM:125853;MONDO:MONDO:0011236,MedGen:C1865290,OMIM:602485,Orphanet:79299;MONDO:MONDO:0007453,MedGen:C0342277,OMIM:125851,Orphanet:552;MONDO:MONDO:0100165,MedGen:C5393570,OMIM:606176|MONDO:MONDO:0015967,MedGen:C3888631,Orphanet:183625",not provided|Maturity-onset diabetes of the young|Type 2 diabetes mellitus;Hyperinsulinism due to glucokinase deficiency;Maturity-onset diabetes of the young type 2;Permanent neonatal diabetes mellitus 1|Monogenic diabetes,germline;unknown,germline,GRCh38,NC_000007.14,7,44149831,44149831,na,na,7p13,reviewed by expert panel,9,-,N,ClinGen:CA367401366,2,585923,44149831,A,G,-,-,-,-,-,-,SCV004022344,-,-
576990,single nucleotide variant,NM_000162.5(GCK):c.579+8G>A,2645,GCK,HGNC:4195,Conflicting classifications of pathogenicity,0,"Dec 31, 2018",1562717232,-,RCV000711777|RCV002463730,"MedGen:C3661900|Human Phenotype Ontology:HP:0004904,MONDO:MONDO:0018911,MedGen:C0342276,OMIM:PS125850,Orphanet:552",not provided|Maturity-onset diabetes of the young,germline;unknown,germline,GRCh37,NC_000007.13,7,44189560,44189560,na,na,7p13,"criteria provided, conflicting classifications",2,-,N,ClinGen:CA891843078,2,585922,44189560,C,T,-,-,-,-,-,-,SCV000842173|SCV002605203,-,-
576990,single nucleotide variant,NM_000162.5(GCK):c.579+8G>A,2645,GCK,HGNC:4195,Conflicting classifications of pathogenicity,0,"Dec 31, 2018",1562717232,-,RCV000711777|RCV002463730,"MedGen:C3661900|Human Phenotype Ontology:HP:0004904,MONDO:MONDO:0018911,MedGen:C0342276,OMIM:PS125850,Orphanet:552",not provided|Maturity-onset diabetes of the young,germline;unknown,germline,GRCh38,NC_000007.14,7,44149961,44149961,na,na,7p13,"criteria provided, conflicting classifications",2,-,N,ClinGen:CA891843078,2,585922,44149961,C,T,-,-,-,-,-,-,SCV000842173|SCV002605203,-,-
576991,single nucleotide variant,NM_000162.5(GCK):c.466C>T (p.His156Tyr),2645,GCK,HGNC:4195,Likely pathogenic,1,"Dec 08, 2023",1562718043,-,RCV000711775|RCV002464031|RCV003480802,"MedGen:C3661900|Human Phenotype Ontology:HP:0004904,MONDO:MONDO:0018911,MedGen:C0342276,OMIM:PS125850,Orphanet:552|MONDO:MONDO:0015967,MedGen:C3888631,Orphanet:183625",not provided|Maturity-onset diabetes of the young|Monogenic diabetes,germline;unknown,germline,GRCh37,NC_000007.13,7,44190572,44190572,na,na,7p13,reviewed by expert panel,4,-,N,ClinGen:CA367401892,2,585921,44190572,G,A,-,-,-,-,-,-,SCV004223872,-,-
576991,single nucleotide variant,NM_000162.5(GCK):c.466C>T (p.His156Tyr),2645,GCK,HGNC:4195,Likely pathogenic,1,"Dec 08, 2023",1562718043,-,RCV000711775|RCV002464031|RCV003480802,"MedGen:C3661900|Human Phenotype Ontology:HP:0004904,MONDO:MONDO:0018911,MedGen:C0342276,OMIM:PS125850,Orphanet:552|MONDO:MONDO:0015967,MedGen:C3888631,Orphanet:183625",not provided|Maturity-onset diabetes of the young|Monogenic diabetes,germline;unknown,germline,GRCh38,NC_000007.14,7,44150973,44150973,na,na,7p13,reviewed by expert panel,4,-,N,ClinGen:CA367401892,2,585921,44150973,G,A,-,-,-,-,-,-,SCV004223872,-,-
576992,single nucleotide variant,NM_000162.5(GCK):c.377T>C (p.Ile126Thr),2645,GCK,HGNC:4195,Uncertain significance,1,"Mar 31, 2024",1562718220,-,RCV000711773|RCV002464030|RCV003993678,"MedGen:C3661900|Human Phenotype Ontology:HP:0004904,MONDO:MONDO:0018911,MedGen:C0342276,OMIM:PS125850,Orphanet:552|MONDO:MONDO:0015967,MedGen:C3888631,Orphanet:183625",not provided|Maturity-onset diabetes of the young|Monogenic diabetes,germline;unknown,germline,GRCh37,NC_000007.13,7,44190661,44190661,na,na,7p13,reviewed by expert panel,3,-,N,ClinGen:CA367402185,2,585920,44190661,A,G,-,-,-,-,-,-,SCV004812204,-,-
576992,single nucleotide variant,NM_000162.5(GCK):c.377T>C (p.Ile126Thr),2645,GCK,HGNC:4195,Uncertain significance,1,"Mar 31, 2024",1562718220,-,RCV000711773|RCV002464030|RCV003993678,"MedGen:C3661900|Human Phenotype Ontology:HP:0004904,MONDO:MONDO:0018911,MedGen:C0342276,OMIM:PS125850,Orphanet:552|MONDO:MONDO:0015967,MedGen:C3888631,Orphanet:183625",not provided|Maturity-onset diabetes of the young|Monogenic diabetes,germline;unknown,germline,GRCh38,NC_000007.14,7,44151062,44151062,na,na,7p13,reviewed by expert panel,3,-,N,ClinGen:CA367402185,2,585920,44151062,A,G,-,-,-,-,-,-,SCV004812204,-,-
576993,single nucleotide variant,NM_000162.5(GCK):c.364C>G (p.Leu122Val),2645,GCK,HGNC:4195,Likely pathogenic,1,"Mar 11, 2024",1554335616,-,RCV000711772|RCV003993677,"MedGen:C3661900|MONDO:MONDO:0015967,MedGen:C3888631,Orphanet:183625",not provided|Monogenic diabetes,germline;unknown,germline,GRCh37,NC_000007.13,7,44190674,44190674,na,na,7p13,reviewed by expert panel,4,-,N,ClinGen:CA367402231,2,585919,44190674,G,C,-,-,-,-,-,-,SCV004812212,-,-
576993,single nucleotide variant,NM_000162.5(GCK):c.364C>G (p.Leu122Val),2645,GCK,HGNC:4195,Likely pathogenic,1,"Mar 11, 2024",1554335616,-,RCV000711772|RCV003993677,"MedGen:C3661900|MONDO:MONDO:0015967,MedGen:C3888631,Orphanet:183625",not provided|Monogenic diabetes,germline;unknown,germline,GRCh38,NC_000007.14,7,44151075,44151075,na,na,7p13,reviewed by expert panel,4,-,N,ClinGen:CA367402231,2,585919,44151075,G,C,-,-,-,-,-,-,SCV004812212,-,-
576994,single nucleotide variant,NM_000162.5(GCK):c.322T>C (p.Tyr108His),2645,GCK,HGNC:4195,Pathogenic,1,"Dec 15, 2023",193922292,-,RCV000711770|RCV003480801,"MedGen:C3661900|MONDO:MONDO:0015967,MedGen:C3888631,Orphanet:183625",not provided|Monogenic diabetes,germline;unknown,germline,GRCh37,NC_000007.13,7,44191911,44191911,na,na,7p13,reviewed by expert panel,4,-,N,ClinGen:CA367402690,2,585918,44191911,A,G,-,-,-,-,-,-,SCV004223870,-,-
576994,single nucleotide variant,NM_000162.5(GCK):c.322T>C (p.Tyr108His),2645,GCK,HGNC:4195,Pathogenic,1,"Dec 15, 2023",193922292,-,RCV000711770|RCV003480801,"MedGen:C3661900|MONDO:MONDO:0015967,MedGen:C3888631,Orphanet:183625",not provided|Monogenic diabetes,germline;unknown,germline,GRCh38,NC_000007.14,7,44152312,44152312,na,na,7p13,reviewed by expert panel,4,-,N,ClinGen:CA367402690,2,585918,44152312,A,G,-,-,-,-,-,-,SCV004223870,-,-
576995,single nucleotide variant,NM_000162.5(GCK):c.185T>C (p.Val62Ala),2645,GCK,HGNC:4195,Pathogenic,1,"Jul 25, 2024",1444739794,-,RCV000711769|RCV003480800,"MedGen:C3661900|MONDO:MONDO:0015967,MedGen:C3888631,Orphanet:183625",not provided|Monogenic diabetes,germline,germline,GRCh37,NC_000007.13,7,44192923,44192923,na,na,7p13,reviewed by expert panel,3,-,N,ClinGen:CA367403278,2,585917,44192923,A,G,-,-,-,-,-,-,SCV004223875,-,-
576995,single nucleotide variant,NM_000162.5(GCK):c.185T>C (p.Val62Ala),2645,GCK,HGNC:4195,Pathogenic,1,"Jul 25, 2024",1444739794,-,RCV000711769|RCV003480800,"MedGen:C3661900|MONDO:MONDO:0015967,MedGen:C3888631,Orphanet:183625",not provided|Monogenic diabetes,germline,germline,GRCh38,NC_000007.14,7,44153324,44153324,na,na,7p13,reviewed by expert panel,3,-,N,ClinGen:CA367403278,2,585917,44153324,A,G,-,-,-,-,-,-,SCV004223875,-,-
576996,single nucleotide variant,NM_000162.5(GCK):c.128G>C (p.Arg43Pro),2645,GCK,HGNC:4195,Likely pathogenic,1,"Jul 12, 2018",764232985,-,RCV000711764,MedGen:C3661900,not provided,germline,germline,GRCh37,NC_000007.13,7,44192980,44192980,na,na,7p13,"criteria provided, single submitter",1,-,N,ClinGen:CA367403448,2,585913,44192980,C,G,-,-,-,-,-,-,SCV000842158,-,-
576996,single nucleotide variant,NM_000162.5(GCK):c.128G>C (p.Arg43Pro),2645,GCK,HGNC:4195,Likely pathogenic,1,"Jul 12, 2018",764232985,-,RCV000711764,MedGen:C3661900,not provided,germline,germline,GRCh38,NC_000007.14,7,44153381,44153381,na,na,7p13,"criteria provided, single submitter",1,-,N,ClinGen:CA367403448,2,585913,44153381,C,G,-,-,-,-,-,-,SCV000842158,-,-
576997,single nucleotide variant,NM_000162.5(GCK):c.127C>T (p.Arg43Cys),2645,GCK,HGNC:4195,Pathogenic,1,"Aug 13, 2023",1486280029,-,RCV000711761|RCV002285407|RCV003325972|RCV004751674|RCV004819230|RCV005046971,"MedGen:C3661900|MONDO:MONDO:0007453,MedGen:C0342277,OMIM:125851,Orphanet:552|MONDO:MONDO:0015967,MedGen:C3888631,Orphanet:183625||MONDO:MONDO:0100165,MedGen:C5393570,OMIM:606176|Human Phenotype Ontology:HP:0005965,Human Phenotype Ontology:HP:0005978,Human Phenotype Ontology:HP:0100652,MONDO:MONDO:0005148,MeSH:D003924,MedGen:C0011860,OMIM:125853;MONDO:MONDO:0011236,MedGen:C1865290,OMIM:602485,Orphanet:79299;MONDO:MONDO:0007453,MedGen:C0342277,OMIM:125851,Orphanet:552;MONDO:MONDO:0100165,MedGen:C5393570,OMIM:606176",not provided|Maturity-onset diabetes of the young type 2|Monogenic diabetes|GCK-related disorder|Permanent neonatal diabetes mellitus 1|Type 2 diabetes mellitus;Hyperinsulinism due to glucokinase deficiency;Maturity-onset diabetes of the young type 2;Permanent neonatal diabetes mellitus 1,germline;unknown,germline,GRCh37,NC_000007.13,7,44192981,44192981,na,na,7p13,reviewed by expert panel,10,-,N,ClinGen:CA367403451,2,585911,44192981,G,A,-,-,-,-,-,-,SCV004032096,-,-
576997,single nucleotide variant,NM_000162.5(GCK):c.127C>T (p.Arg43Cys),2645,GCK,HGNC:4195,Pathogenic,1,"Aug 13, 2023",1486280029,-,RCV000711761|RCV002285407|RCV003325972|RCV004751674|RCV004819230|RCV005046971,"MedGen:C3661900|MONDO:MONDO:0007453,MedGen:C0342277,OMIM:125851,Orphanet:552|MONDO:MONDO:0015967,MedGen:C3888631,Orphanet:183625||MONDO:MONDO:0100165,MedGen:C5393570,OMIM:606176|Human Phenotype Ontology:HP:0005965,Human Phenotype Ontology:HP:0005978,Human Phenotype Ontology:HP:0100652,MONDO:MONDO:0005148,MeSH:D003924,MedGen:C0011860,OMIM:125853;MONDO:MONDO:0011236,MedGen:C1865290,OMIM:602485,Orphanet:79299;MONDO:MONDO:0007453,MedGen:C0342277,OMIM:125851,Orphanet:552;MONDO:MONDO:0100165,MedGen:C5393570,OMIM:606176",not provided|Maturity-onset diabetes of the young type 2|Monogenic diabetes|GCK-related disorder|Permanent neonatal diabetes mellitus 1|Type 2 diabetes mellitus;Hyperinsulinism due to glucokinase deficiency;Maturity-onset diabetes of the young type 2;Permanent neonatal diabetes mellitus 1,germline;unknown,germline,GRCh38,NC_000007.14,7,44153382,44153382,na,na,7p13,reviewed by expert panel,10,-,N,ClinGen:CA367403451,2,585911,44153382,G,A,-,-,-,-,-,-,SCV004032096,-,-
576998,single nucleotide variant,NM_000162.5(GCK):c.127C>A (p.Arg43Ser),2645,GCK,HGNC:4195,Pathogenic/Likely pathogenic,1,"Sep 01, 2024",1486280029,-,RCV000711760,MedGen:C3661900,not provided,germline,germline,GRCh37,NC_000007.13,7,44192981,44192981,na,na,7p13,"criteria provided, multiple submitters, no conflicts",2,-,N,ClinGen:CA367403453,2,585910,44192981,G,T,-,-,-,-,-,-,SCV000842154|SCV005835309,-,-
576998,single nucleotide variant,NM_000162.5(GCK):c.127C>A (p.Arg43Ser),2645,GCK,HGNC:4195,Pathogenic/Likely pathogenic,1,"Sep 01, 2024",1486280029,-,RCV000711760,MedGen:C3661900,not provided,germline,germline,GRCh38,NC_000007.14,7,44153382,44153382,na,na,7p13,"criteria provided, multiple submitters, no conflicts",2,-,N,ClinGen:CA367403453,2,585910,44153382,G,T,-,-,-,-,-,-,SCV000842154|SCV005835309,-,-
576999,single nucleotide variant,NM_000162.5(GCK):c.98T>C (p.Val33Ala),2645,GCK,HGNC:4195,Likely pathogenic,1,"Jun 27, 2025",1554335954,-,RCV000711790|RCV002285408|RCV005430860,"MedGen:C3661900|MONDO:MONDO:0007453,MedGen:C0342277,OMIM:125851,Orphanet:552|MONDO:MONDO:0015967,MedGen:C3888631,Orphanet:183625",not provided|Maturity-onset diabetes of the young type 2|Monogenic diabetes,germline,germline,GRCh37,NC_000007.13,7,44193010,44193010,na,na,7p13,reviewed by expert panel,4,-,N,ClinGen:CA367403604,2,585930,44193010,A,G,-,-,-,-,-,-,SCV006101110,-,-
576999,single nucleotide variant,NM_000162.5(GCK):c.98T>C (p.Val33Ala),2645,GCK,HGNC:4195,Likely pathogenic,1,"Jun 27, 2025",1554335954,-,RCV000711790|RCV002285408|RCV005430860,"MedGen:C3661900|MONDO:MONDO:0007453,MedGen:C0342277,OMIM:125851,Orphanet:552|MONDO:MONDO:0015967,MedGen:C3888631,Orphanet:183625",not provided|Maturity-onset diabetes of the young type 2|Monogenic diabetes,germline,germline,GRCh38,NC_000007.14,7,44153411,44153411,na,na,7p13,reviewed by expert panel,4,-,N,ClinGen:CA367403604,2,585930,44153411,A,G,-,-,-,-,-,-,SCV006101110,-,-
577172,single nucleotide variant,NM_000525.4(KCNJ11):c.989A>T (p.Tyr330Phe),3767,KCNJ11,HGNC:6257,Uncertain significance,0,"Mar 14, 2018",193929356,-,RCV000712162,MedGen:C3661900,not provided,germline,germline,GRCh37,NC_000011.9,11,17408650,17408650,na,na,11p15.1,"criteria provided, single submitter",1,-,N,ClinGen:CA379769506,2,586106,17408650,T,A,-,-,-,-,-,-,SCV000842587,-,-
577172,single nucleotide variant,NM_000525.4(KCNJ11):c.989A>T (p.Tyr330Phe),3767,KCNJ11,HGNC:6257,Uncertain significance,0,"Mar 14, 2018",193929356,-,RCV000712162,MedGen:C3661900,not provided,germline,germline,GRCh38,NC_000011.10,11,17387103,17387103,na,na,11p15.1,"criteria provided, single submitter",1,-,N,ClinGen:CA379769506,2,586106,17387103,T,A,-,-,-,-,-,-,SCV000842587,-,-
577173,single nucleotide variant,NM_000525.4(KCNJ11):c.774C>A (p.Tyr258Ter),3767,KCNJ11,HGNC:6257,Conflicting classifications of pathogenicity,1,"Aug 18, 2025",1564865232,-,RCV000712161|RCV001825420|RCV002226738,"MedGen:C3661900|MONDO:MONDO:0100164,MedGen:C1833104,OMIM:PS606176,Orphanet:99885|Human Phenotype Ontology:HP:0004904,MONDO:MONDO:0018911,MedGen:C0342276,OMIM:PS125850,Orphanet:552",not provided|Permanent neonatal diabetes mellitus|Maturity-onset diabetes of the young,germline;somatic,germline/somatic,GRCh37,NC_000011.9,11,17408865,17408865,na,na,11p15.1,"criteria provided, conflicting classifications",4,-,N,ClinGen:CA379770847,2,586105,17408865,G,T,-,-,-,-,-,-,SCV000842586|SCV002505416|SCV007473193,-,-
577173,single nucleotide variant,NM_000525.4(KCNJ11):c.774C>A (p.Tyr258Ter),3767,KCNJ11,HGNC:6257,Conflicting classifications of pathogenicity,1,"Aug 18, 2025",1564865232,-,RCV000712161|RCV001825420|RCV002226738,"MedGen:C3661900|MONDO:MONDO:0100164,MedGen:C1833104,OMIM:PS606176,Orphanet:99885|Human Phenotype Ontology:HP:0004904,MONDO:MONDO:0018911,MedGen:C0342276,OMIM:PS125850,Orphanet:552",not provided|Permanent neonatal diabetes mellitus|Maturity-onset diabetes of the young,germline;somatic,germline/somatic,GRCh38,NC_000011.10,11,17387318,17387318,na,na,11p15.1,"criteria provided, conflicting classifications",4,-,N,ClinGen:CA379770847,2,586105,17387318,G,T,-,-,-,-,-,-,SCV000842586|SCV002505416|SCV007473193,-,-
577174,single nucleotide variant,NM_000525.4(KCNJ11):c.541C>T (p.Leu181Phe),3767,KCNJ11,HGNC:6257,Uncertain significance,0,"May 09, 2018",1564865434,-,RCV000712159|RCV002227214,"MedGen:C3661900|Human Phenotype Ontology:HP:0004904,MONDO:MONDO:0018911,MedGen:C0342276,OMIM:PS125850,Orphanet:552",not provided|Maturity-onset diabetes of the young,germline;somatic,germline/somatic,GRCh37,NC_000011.9,11,17409098,17409098,na,na,11p15.1,"criteria provided, multiple submitters, no conflicts",2,-,N,ClinGen:CA379772866,2,586104,17409098,G,A,-,-,-,-,-,-,SCV000842584|SCV002506498,-,-
577174,single nucleotide variant,NM_000525.4(KCNJ11):c.541C>T (p.Leu181Phe),3767,KCNJ11,HGNC:6257,Uncertain significance,0,"May 09, 2018",1564865434,-,RCV000712159|RCV002227214,"MedGen:C3661900|Human Phenotype Ontology:HP:0004904,MONDO:MONDO:0018911,MedGen:C0342276,OMIM:PS125850,Orphanet:552",not provided|Maturity-onset diabetes of the young,germline;somatic,germline/somatic,GRCh38,NC_000011.10,11,17387551,17387551,na,na,11p15.1,"criteria provided, multiple submitters, no conflicts",2,-,N,ClinGen:CA379772866,2,586104,17387551,G,A,-,-,-,-,-,-,SCV000842584|SCV002506498,-,-
577175,single nucleotide variant,NM_000525.4(KCNJ11):c.245G>A (p.Ser82Asn),3767,KCNJ11,HGNC:6257,Uncertain significance,0,"Sep 20, 2017",1564865688,-,RCV000712158|RCV002227213,"MedGen:C3661900|Human Phenotype Ontology:HP:0004904,MONDO:MONDO:0018911,MedGen:C0342276,OMIM:PS125850,Orphanet:552",not provided|Maturity-onset diabetes of the young,germline;somatic,germline/somatic,GRCh37,NC_000011.9,11,17409394,17409394,na,na,11p15.1,"criteria provided, multiple submitters, no conflicts",2,-,N,ClinGen:CA379775148,2,586103,17409394,C,T,-,-,-,-,-,-,SCV000842583|SCV002506499,-,-
577175,single nucleotide variant,NM_000525.4(KCNJ11):c.245G>A (p.Ser82Asn),3767,KCNJ11,HGNC:6257,Uncertain significance,0,"Sep 20, 2017",1564865688,-,RCV000712158|RCV002227213,"MedGen:C3661900|Human Phenotype Ontology:HP:0004904,MONDO:MONDO:0018911,MedGen:C0342276,OMIM:PS125850,Orphanet:552",not provided|Maturity-onset diabetes of the young,germline;somatic,germline/somatic,GRCh38,NC_000011.10,11,17387847,17387847,na,na,11p15.1,"criteria provided, multiple submitters, no conflicts",2,-,N,ClinGen:CA379775148,2,586103,17387847,C,T,-,-,-,-,-,-,SCV000842583|SCV002506499,-,-
577176,single nucleotide variant,NM_000352.6(ABCC8):c.4613G>A (p.Arg1538Gln),6833,ABCC8,HGNC:59,Pathogenic/Likely pathogenic,1,"Nov 01, 2025",1564869850,-,RCV000710393|RCV002245621|RCV004556818|RCV004527754|RCV005418319,"MedGen:C3661900|Human Phenotype Ontology:HP:0004904,MONDO:MONDO:0018911,MedGen:C0342276,OMIM:PS125850,Orphanet:552|MONDO:MONDO:0016391,MedGen:C0158981,Orphanet:224||MONDO:MONDO:0017182,MedGen:C3888018,Orphanet:276525",not provided|Maturity-onset diabetes of the young|Neonatal diabetes mellitus|ABCC8-related disorder|Familial hyperinsulinism,germline;unknown,germline,GRCh37,NC_000011.9,11,17414671,17414671,na,na,11p15.1,"criteria provided, multiple submitters, no conflicts",8,-,N,ClinGen:CA379781519,2,585348,17414671,C,T,-,-,-,-,-,-,SCV000840605|SCV001795958|SCV002069063|SCV002242614|SCV004110072|SCV005051602|SCV006086198,-,-
577176,single nucleotide variant,NM_000352.6(ABCC8):c.4613G>A (p.Arg1538Gln),6833,ABCC8,HGNC:59,Pathogenic/Likely pathogenic,1,"Nov 01, 2025",1564869850,-,RCV000710393|RCV002245621|RCV004556818|RCV004527754|RCV005418319,"MedGen:C3661900|Human Phenotype Ontology:HP:0004904,MONDO:MONDO:0018911,MedGen:C0342276,OMIM:PS125850,Orphanet:552|MONDO:MONDO:0016391,MedGen:C0158981,Orphanet:224||MONDO:MONDO:0017182,MedGen:C3888018,Orphanet:276525",not provided|Maturity-onset diabetes of the young|Neonatal diabetes mellitus|ABCC8-related disorder|Familial hyperinsulinism,germline;unknown,germline,GRCh38,NC_000011.10,11,17393124,17393124,na,na,11p15.1,"criteria provided, multiple submitters, no conflicts",8,-,N,ClinGen:CA379781519,2,585348,17393124,C,T,-,-,-,-,-,-,SCV000840605|SCV001795958|SCV002069063|SCV002242614|SCV004110072|SCV005051602|SCV006086198,-,-
577177,single nucleotide variant,NM_000352.6(ABCC8):c.4268T>G (p.Ile1423Ser),6833,ABCC8,HGNC:59,Uncertain significance,0,"Sep 07, 2017",1564874456,-,RCV000710388|RCV002245619|RCV002245620,"MedGen:C3661900|Human Phenotype Ontology:HP:0004904,MONDO:MONDO:0018911,MedGen:C0342276,OMIM:PS125850,Orphanet:552|Human Phenotype Ontology:HP:0008255,MONDO:MONDO:0020525,MedGen:C0342273",not provided|Maturity-onset diabetes of the young|Transitory neonatal diabetes mellitus,germline;somatic,germline/somatic,GRCh37,NC_000011.9,11,17417196,17417196,na,na,11p15.1,"criteria provided, multiple submitters, no conflicts",2,-,N,ClinGen:CA379786589,2,585347,17417196,A,C,-,-,-,-,-,-,SCV000840598|SCV002513350|SCV002513351,-,-
577177,single nucleotide variant,NM_000352.6(ABCC8):c.4268T>G (p.Ile1423Ser),6833,ABCC8,HGNC:59,Uncertain significance,0,"Sep 07, 2017",1564874456,-,RCV000710388|RCV002245619|RCV002245620,"MedGen:C3661900|Human Phenotype Ontology:HP:0004904,MONDO:MONDO:0018911,MedGen:C0342276,OMIM:PS125850,Orphanet:552|Human Phenotype Ontology:HP:0008255,MONDO:MONDO:0020525,MedGen:C0342273",not provided|Maturity-onset diabetes of the young|Transitory neonatal diabetes mellitus,germline;somatic,germline/somatic,GRCh38,NC_000011.10,11,17395649,17395649,na,na,11p15.1,"criteria provided, multiple submitters, no conflicts",2,-,N,ClinGen:CA379786589,2,585347,17395649,A,C,-,-,-,-,-,-,SCV000840598|SCV002513350|SCV002513351,-,-
577178,single nucleotide variant,NM_000352.6(ABCC8):c.4136G>A (p.Arg1379His),6833,ABCC8,HGNC:59,Pathogenic/Likely pathogenic,1,"Mar 10, 2023",193922401,-,RCV000710386|RCV001249023|RCV002307604|RCV004535759,"MedGen:C3661900|MONDO:MONDO:0015967,MedGen:C3888631,Orphanet:183625|Human Phenotype Ontology:HP:0004904,MONDO:MONDO:0018911,MedGen:C0342276,OMIM:PS125850,Orphanet:552|",not provided|Monogenic diabetes|Maturity-onset diabetes of the young|ABCC8-related disorder,germline,germline,GRCh37,NC_000011.9,11,17417461,17417461,na,na,11p15.1,"criteria provided, multiple submitters, no conflicts",5,-,N,ClinGen:CA379788416,2,585346,17417461,C,T,-,-,-,-,-,-,SCV000840596|SCV001422930|SCV002065924|SCV002600570|SCV004117558,-,-
577178,single nucleotide variant,NM_000352.6(ABCC8):c.4136G>A (p.Arg1379His),6833,ABCC8,HGNC:59,Pathogenic/Likely pathogenic,1,"Mar 10, 2023",193922401,-,RCV000710386|RCV001249023|RCV002307604|RCV004535759,"MedGen:C3661900|MONDO:MONDO:0015967,MedGen:C3888631,Orphanet:183625|Human Phenotype Ontology:HP:0004904,MONDO:MONDO:0018911,MedGen:C0342276,OMIM:PS125850,Orphanet:552|",not provided|Monogenic diabetes|Maturity-onset diabetes of the young|ABCC8-related disorder,germline,germline,GRCh38,NC_000011.10,11,17395914,17395914,na,na,11p15.1,"criteria provided, multiple submitters, no conflicts",5,-,N,ClinGen:CA379788416,2,585346,17395914,C,T,-,-,-,-,-,-,SCV000840596|SCV001422930|SCV002065924|SCV002600570|SCV004117558,-,-
577179,single nucleotide variant,NM_000352.6(ABCC8):c.4119+18A>G,6833,ABCC8,HGNC:59,Conflicting classifications of pathogenicity,0,"Jan 31, 2026",75967811,-,RCV000710384|RCV002245618|RCV002245617,"MedGen:C3661900|Human Phenotype Ontology:HP:0008255,MONDO:MONDO:0020525,MedGen:C0342273|Human Phenotype Ontology:HP:0004904,MONDO:MONDO:0018911,MedGen:C0342276,OMIM:PS125850,Orphanet:552",not provided|Transitory neonatal diabetes mellitus|Maturity-onset diabetes of the young,germline;somatic,germline/somatic,GRCh37,NC_000011.9,11,17418445,17418445,na,na,11p15.1,"criteria provided, conflicting classifications",5,-,N,ClinGen:CA5902576,2,585345,17418445,T,C,-,-,-,-,-,-,SCV000840594|SCV001804961|SCV002050232|SCV002404493|SCV002513468|SCV002513472,-,-
577179,single nucleotide variant,NM_000352.6(ABCC8):c.4119+18A>G,6833,ABCC8,HGNC:59,Conflicting classifications of pathogenicity,0,"Jan 31, 2026",75967811,-,RCV000710384|RCV002245618|RCV002245617,"MedGen:C3661900|Human Phenotype Ontology:HP:0008255,MONDO:MONDO:0020525,MedGen:C0342273|Human Phenotype Ontology:HP:0004904,MONDO:MONDO:0018911,MedGen:C0342276,OMIM:PS125850,Orphanet:552",not provided|Transitory neonatal diabetes mellitus|Maturity-onset diabetes of the young,germline;somatic,germline/somatic,GRCh38,NC_000011.10,11,17396898,17396898,na,na,11p15.1,"criteria provided, conflicting classifications",5,-,N,ClinGen:CA5902576,2,585345,17396898,T,C,-,-,-,-,-,-,SCV000840594|SCV001804961|SCV002050232|SCV002404493|SCV002513468|SCV002513472,-,-
577180,single nucleotide variant,NM_000352.6(ABCC8):c.3203C>T (p.Thr1068Met),6833,ABCC8,HGNC:59,Conflicting classifications of pathogenicity,0,"Jan 20, 2026",139524121,-,RCV000710379|RCV000988490|RCV001104124|RCV001104429|RCV003226376|RCV005357959,"MedGen:C3661900|MONDO:MONDO:0009734,MedGen:C2931832,OMIM:256450,Orphanet:276575,Orphanet:276598|MONDO:MONDO:0100164,MedGen:C1833104,OMIM:PS606176,Orphanet:99885|MONDO:MONDO:0012480,MedGen:C1835887,OMIM:610374,Orphanet:99886|MedGen:CN169374|Human Phenotype Ontology:HP:0002092,Human Phenotype Ontology:HP:0006546,MONDO:MONDO:0015924,MeSH:D000081029,MedGen:C2973725,Orphanet:182090","not provided|Hyperinsulinemic hypoglycemia, familial, 1|Permanent neonatal diabetes mellitus|Diabetes mellitus, transient neonatal, 2|not specified|Pulmonary arterial hypertension",germline;unknown,germline,GRCh37,NC_000011.9,11,17428295,17428295,na,na,11p15.1,"criteria provided, conflicting classifications",8,-,N,ClinGen:CA5902886,2,585344,17428295,G,A,-,-,-,-,-,-,SCV000840589|SCV001019604|SCV001138232|SCV001260963|SCV001260964|SCV001261295|SCV001988336|SCV003922634|SCV004136030|SCV005917208,-,-
577180,single nucleotide variant,NM_000352.6(ABCC8):c.3203C>T (p.Thr1068Met),6833,ABCC8,HGNC:59,Conflicting classifications of pathogenicity,0,"Jan 20, 2026",139524121,-,RCV000710379|RCV000988490|RCV001104124|RCV001104429|RCV003226376|RCV005357959,"MedGen:C3661900|MONDO:MONDO:0009734,MedGen:C2931832,OMIM:256450,Orphanet:276575,Orphanet:276598|MONDO:MONDO:0100164,MedGen:C1833104,OMIM:PS606176,Orphanet:99885|MONDO:MONDO:0012480,MedGen:C1835887,OMIM:610374,Orphanet:99886|MedGen:CN169374|Human Phenotype Ontology:HP:0002092,Human Phenotype Ontology:HP:0006546,MONDO:MONDO:0015924,MeSH:D000081029,MedGen:C2973725,Orphanet:182090","not provided|Hyperinsulinemic hypoglycemia, familial, 1|Permanent neonatal diabetes mellitus|Diabetes mellitus, transient neonatal, 2|not specified|Pulmonary arterial hypertension",germline;unknown,germline,GRCh38,NC_000011.10,11,17406748,17406748,na,na,11p15.1,"criteria provided, conflicting classifications",8,-,N,ClinGen:CA5902886,2,585344,17406748,G,A,-,-,-,-,-,-,SCV000840589|SCV001019604|SCV001138232|SCV001260963|SCV001260964|SCV001261295|SCV001988336|SCV003922634|SCV004136030|SCV005917208,-,-
577181,single nucleotide variant,NM_000352.6(ABCC8):c.3107G>A (p.Trp1036Ter),6833,ABCC8,HGNC:59,Pathogenic/Likely pathogenic,1,"Mar 25, 2025",755259997,-,RCV000710378|RCV001174850|RCV002251514|RCV004556817|RCV003465648,"MedGen:C3661900|MONDO:MONDO:0009734,MedGen:C2931832,OMIM:256450,Orphanet:276575,Orphanet:276598|Human Phenotype Ontology:HP:0004904,MONDO:MONDO:0018911,MedGen:C0342276,OMIM:PS125850,Orphanet:552|MONDO:MONDO:0016391,MedGen:C0158981,Orphanet:224|Human Phenotype Ontology:HP:0005965,Human Phenotype Ontology:HP:0005978,Human Phenotype Ontology:HP:0100652,MONDO:MONDO:0005148,MeSH:D003924,MedGen:C0011860,OMIM:125853","not provided|Hyperinsulinemic hypoglycemia, familial, 1|Maturity-onset diabetes of the young|Neonatal diabetes mellitus|Type 2 diabetes mellitus",germline;unknown,germline,GRCh37,NC_000011.9,11,17428490,17428490,na,na,11p15.1,"criteria provided, multiple submitters, no conflicts",7,-,N,ClinGen:CA5902922,2,585343,17428490,C,T,-,-,-,-,-,-,SCV000840588|SCV001338240|SCV002233263|SCV004026532|SCV004208626|SCV006338283,-,-
577181,single nucleotide variant,NM_000352.6(ABCC8):c.3107G>A (p.Trp1036Ter),6833,ABCC8,HGNC:59,Pathogenic/Likely pathogenic,1,"Mar 25, 2025",755259997,-,RCV000710378|RCV001174850|RCV002251514|RCV004556817|RCV003465648,"MedGen:C3661900|MONDO:MONDO:0009734,MedGen:C2931832,OMIM:256450,Orphanet:276575,Orphanet:276598|Human Phenotype Ontology:HP:0004904,MONDO:MONDO:0018911,MedGen:C0342276,OMIM:PS125850,Orphanet:552|MONDO:MONDO:0016391,MedGen:C0158981,Orphanet:224|Human Phenotype Ontology:HP:0005965,Human Phenotype Ontology:HP:0005978,Human Phenotype Ontology:HP:0100652,MONDO:MONDO:0005148,MeSH:D003924,MedGen:C0011860,OMIM:125853","not provided|Hyperinsulinemic hypoglycemia, familial, 1|Maturity-onset diabetes of the young|Neonatal diabetes mellitus|Type 2 diabetes mellitus",germline;unknown,germline,GRCh38,NC_000011.10,11,17406943,17406943,na,na,11p15.1,"criteria provided, multiple submitters, no conflicts",7,-,N,ClinGen:CA5902922,2,585343,17406943,C,T,-,-,-,-,-,-,SCV000840588|SCV001338240|SCV002233263|SCV004026532|SCV004208626|SCV006338283,-,-
577182,single nucleotide variant,NM_000352.6(ABCC8):c.1220T>A (p.Leu407Gln),6833,ABCC8,HGNC:59,Uncertain significance,0,"Jan 11, 2018",1564955834,-,RCV000710371|RCV002254313|RCV002254527,"MedGen:C3661900|Human Phenotype Ontology:HP:0008255,MONDO:MONDO:0020525,MedGen:C0342273|Human Phenotype Ontology:HP:0004904,MONDO:MONDO:0018911,MedGen:C0342276,OMIM:PS125850,Orphanet:552",not provided|Transitory neonatal diabetes mellitus|Maturity-onset diabetes of the young,germline;unknown,germline,GRCh37,NC_000011.9,11,17470175,17470175,na,na,11p15.1,"criteria provided, multiple submitters, no conflicts",2,-,N,ClinGen:CA379768742,2,585341,17470175,A,T,-,-,-,-,-,-,SCV000840581|SCV002522603|SCV002522604,-,-
577182,single nucleotide variant,NM_000352.6(ABCC8):c.1220T>A (p.Leu407Gln),6833,ABCC8,HGNC:59,Uncertain significance,0,"Jan 11, 2018",1564955834,-,RCV000710371|RCV002254313|RCV002254527,"MedGen:C3661900|Human Phenotype Ontology:HP:0008255,MONDO:MONDO:0020525,MedGen:C0342273|Human Phenotype Ontology:HP:0004904,MONDO:MONDO:0018911,MedGen:C0342276,OMIM:PS125850,Orphanet:552",not provided|Transitory neonatal diabetes mellitus|Maturity-onset diabetes of the young,germline;unknown,germline,GRCh38,NC_000011.10,11,17448628,17448628,na,na,11p15.1,"criteria provided, multiple submitters, no conflicts",2,-,N,ClinGen:CA379768742,2,585341,17448628,A,T,-,-,-,-,-,-,SCV000840581|SCV002522603|SCV002522604,-,-
577183,single nucleotide variant,NM_000352.6(ABCC8):c.928G>A (p.Asp310Asn),6833,ABCC8,HGNC:59,Likely pathogenic,1,"Sep 12, 2024",769569410,-,RCV000710397|RCV001825411|RCV002255099|RCV003321726|RCV002499280|RCV004735763|RCV004782524,"MedGen:C3661900||Human Phenotype Ontology:HP:0005965,Human Phenotype Ontology:HP:0005978,Human Phenotype Ontology:HP:0100652,MONDO:MONDO:0005148,MeSH:D003924,MedGen:C0011860,OMIM:125853|MONDO:MONDO:0009734,MedGen:C2931832,OMIM:256450,Orphanet:276575,Orphanet:276598|MONDO:MONDO:0009734,MedGen:C2931832,OMIM:256450,Orphanet:276575,Orphanet:276598;MONDO:MONDO:0012480,MedGen:C1835887,OMIM:610374,Orphanet:99886;MONDO:MONDO:0009415,MedGen:C0271714,OMIM:240800;Human Phenotype Ontology:HP:0005965,Human Phenotype Ontology:HP:0005978,Human Phenotype Ontology:HP:0100652,MONDO:MONDO:0005148,MeSH:D003924,MedGen:C0011860,OMIM:125853;MONDO:MONDO:0030088,MedGen:C5394303,OMIM:618857||MONDO:MONDO:0017182,MedGen:C3888018,Orphanet:276525","not provided|Hereditary hyperinsulinism|Type 2 diabetes mellitus|Hyperinsulinemic hypoglycemia, familial, 1|Hyperinsulinemic hypoglycemia, familial, 1;Diabetes mellitus, transient neonatal, 2;Leucine-induced hypoglycemia;Type 2 diabetes mellitus;Diabetes mellitus, permanent neonatal 3|ABCC8-related disorder|Familial hyperinsulinism",germline;unknown,germline,GRCh37,NC_000011.9,11,17482118,17482118,na,na,11p15.1,"criteria provided, multiple submitters, no conflicts",11,-,N,ClinGen:CA5903724,2,585352,17482118,C,T,-,-,-,-,-,-,SCV000840609|SCV001394775|SCV002526400|SCV002814031|SCV004026573|SCV004196313|SCV005394523|SCV005416373|SCV006278138,-,-
577183,single nucleotide variant,NM_000352.6(ABCC8):c.928G>A (p.Asp310Asn),6833,ABCC8,HGNC:59,Likely pathogenic,1,"Sep 12, 2024",769569410,-,RCV000710397|RCV001825411|RCV002255099|RCV003321726|RCV002499280|RCV004735763|RCV004782524,"MedGen:C3661900||Human Phenotype Ontology:HP:0005965,Human Phenotype Ontology:HP:0005978,Human Phenotype Ontology:HP:0100652,MONDO:MONDO:0005148,MeSH:D003924,MedGen:C0011860,OMIM:125853|MONDO:MONDO:0009734,MedGen:C2931832,OMIM:256450,Orphanet:276575,Orphanet:276598|MONDO:MONDO:0009734,MedGen:C2931832,OMIM:256450,Orphanet:276575,Orphanet:276598;MONDO:MONDO:0012480,MedGen:C1835887,OMIM:610374,Orphanet:99886;MONDO:MONDO:0009415,MedGen:C0271714,OMIM:240800;Human Phenotype Ontology:HP:0005965,Human Phenotype Ontology:HP:0005978,Human Phenotype Ontology:HP:0100652,MONDO:MONDO:0005148,MeSH:D003924,MedGen:C0011860,OMIM:125853;MONDO:MONDO:0030088,MedGen:C5394303,OMIM:618857||MONDO:MONDO:0017182,MedGen:C3888018,Orphanet:276525","not provided|Hereditary hyperinsulinism|Type 2 diabetes mellitus|Hyperinsulinemic hypoglycemia, familial, 1|Hyperinsulinemic hypoglycemia, familial, 1;Diabetes mellitus, transient neonatal, 2;Leucine-induced hypoglycemia;Type 2 diabetes mellitus;Diabetes mellitus, permanent neonatal 3|ABCC8-related disorder|Familial hyperinsulinism",germline;unknown,germline,GRCh38,NC_000011.10,11,17460571,17460571,na,na,11p15.1,"criteria provided, multiple submitters, no conflicts",11,-,N,ClinGen:CA5903724,2,585352,17460571,C,T,-,-,-,-,-,-,SCV000840609|SCV001394775|SCV002526400|SCV002814031|SCV004026573|SCV004196313|SCV005394523|SCV005416373|SCV006278138,-,-
577184,single nucleotide variant,NM_000352.6(ABCC8):c.742C>T (p.Arg248Ter),6833,ABCC8,HGNC:59,Pathogenic,1,"Dec 17, 2025",72559730,-,RCV000710396|RCV001192814|RCV001825410|RCV002493256|RCV003465649,"MedGen:C3661900|MONDO:MONDO:0009734,MedGen:C2931832,OMIM:256450,Orphanet:276575,Orphanet:276598||MONDO:MONDO:0012480,MedGen:C1835887,OMIM:610374,Orphanet:99886;MONDO:MONDO:0009415,MedGen:C0271714,OMIM:240800;MONDO:MONDO:0009734,MedGen:C2931832,OMIM:256450,Orphanet:276575,Orphanet:276598;Human Phenotype Ontology:HP:0005965,Human Phenotype Ontology:HP:0005978,Human Phenotype Ontology:HP:0100652,MONDO:MONDO:0005148,MeSH:D003924,MedGen:C0011860,OMIM:125853;MONDO:MONDO:0030088,MedGen:C5394303,OMIM:618857|Human Phenotype Ontology:HP:0005965,Human Phenotype Ontology:HP:0005978,Human Phenotype Ontology:HP:0100652,MONDO:MONDO:0005148,MeSH:D003924,MedGen:C0011860,OMIM:125853","not provided|Hyperinsulinemic hypoglycemia, familial, 1|Hereditary hyperinsulinism|Diabetes mellitus, transient neonatal, 2;Leucine-induced hypoglycemia;Hyperinsulinemic hypoglycemia, familial, 1;Type 2 diabetes mellitus;Diabetes mellitus, permanent neonatal 3|Type 2 diabetes mellitus",germline;unknown,germline,GRCh37,NC_000011.9,11,17483210,17483210,na,na,11p15.1,"criteria provided, multiple submitters, no conflicts",8,-,N,ClinGen:CA218452045,2,585351,17483210,G,A,-,-,-,-,-,-,SCV000840608|SCV001361176|SCV001583009|SCV002802364|SCV004026575|SCV004199295|SCV006550987,-,-
577184,single nucleotide variant,NM_000352.6(ABCC8):c.742C>T (p.Arg248Ter),6833,ABCC8,HGNC:59,Pathogenic,1,"Dec 17, 2025",72559730,-,RCV000710396|RCV001192814|RCV001825410|RCV002493256|RCV003465649,"MedGen:C3661900|MONDO:MONDO:0009734,MedGen:C2931832,OMIM:256450,Orphanet:276575,Orphanet:276598||MONDO:MONDO:0012480,MedGen:C1835887,OMIM:610374,Orphanet:99886;MONDO:MONDO:0009415,MedGen:C0271714,OMIM:240800;MONDO:MONDO:0009734,MedGen:C2931832,OMIM:256450,Orphanet:276575,Orphanet:276598;Human Phenotype Ontology:HP:0005965,Human Phenotype Ontology:HP:0005978,Human Phenotype Ontology:HP:0100652,MONDO:MONDO:0005148,MeSH:D003924,MedGen:C0011860,OMIM:125853;MONDO:MONDO:0030088,MedGen:C5394303,OMIM:618857|Human Phenotype Ontology:HP:0005965,Human Phenotype Ontology:HP:0005978,Human Phenotype Ontology:HP:0100652,MONDO:MONDO:0005148,MeSH:D003924,MedGen:C0011860,OMIM:125853","not provided|Hyperinsulinemic hypoglycemia, familial, 1|Hereditary hyperinsulinism|Diabetes mellitus, transient neonatal, 2;Leucine-induced hypoglycemia;Hyperinsulinemic hypoglycemia, familial, 1;Type 2 diabetes mellitus;Diabetes mellitus, permanent neonatal 3|Type 2 diabetes mellitus",germline;unknown,germline,GRCh38,NC_000011.10,11,17461663,17461663,na,na,11p15.1,"criteria provided, multiple submitters, no conflicts",8,-,N,ClinGen:CA218452045,2,585351,17461663,G,A,-,-,-,-,-,-,SCV000840608|SCV001361176|SCV001583009|SCV002802364|SCV004026575|SCV004199295|SCV006550987,-,-
577185,single nucleotide variant,NM_000352.6(ABCC8):c.647G>A (p.Arg216His),6833,ABCC8,HGNC:59,Uncertain significance,0,"Jul 22, 2024",199702708,-,RCV000710395|RCV001830572|RCV002493255|RCV003336161|RCV004702369,"MedGen:C3661900||MONDO:MONDO:0009734,MedGen:C2931832,OMIM:256450,Orphanet:276575,Orphanet:276598;MONDO:MONDO:0012480,MedGen:C1835887,OMIM:610374,Orphanet:99886;MONDO:MONDO:0009415,MedGen:C0271714,OMIM:240800;Human Phenotype Ontology:HP:0005965,Human Phenotype Ontology:HP:0005978,Human Phenotype Ontology:HP:0100652,MONDO:MONDO:0005148,MeSH:D003924,MedGen:C0011860,OMIM:125853;MONDO:MONDO:0030088,MedGen:C5394303,OMIM:618857|MONDO:MONDO:0009734,MedGen:C2931832,OMIM:256450,Orphanet:276575,Orphanet:276598|MedGen:CN169374","not provided|Hereditary hyperinsulinism|Hyperinsulinemic hypoglycemia, familial, 1;Diabetes mellitus, transient neonatal, 2;Leucine-induced hypoglycemia;Type 2 diabetes mellitus;Diabetes mellitus, permanent neonatal 3|Hyperinsulinemic hypoglycemia, familial, 1|not specified",germline,germline,GRCh37,NC_000011.9,11,17483305,17483305,na,na,11p15.1,"criteria provided, multiple submitters, no conflicts",5,-,N,ClinGen:CA5903805,2,585350,17483305,C,T,-,-,-,-,-,-,SCV000840607|SCV002781132|SCV004046568|SCV005202986,-,-
577185,single nucleotide variant,NM_000352.6(ABCC8):c.647G>A (p.Arg216His),6833,ABCC8,HGNC:59,Uncertain significance,0,"Jul 22, 2024",199702708,-,RCV000710395|RCV001830572|RCV002493255|RCV003336161|RCV004702369,"MedGen:C3661900||MONDO:MONDO:0009734,MedGen:C2931832,OMIM:256450,Orphanet:276575,Orphanet:276598;MONDO:MONDO:0012480,MedGen:C1835887,OMIM:610374,Orphanet:99886;MONDO:MONDO:0009415,MedGen:C0271714,OMIM:240800;Human Phenotype Ontology:HP:0005965,Human Phenotype Ontology:HP:0005978,Human Phenotype Ontology:HP:0100652,MONDO:MONDO:0005148,MeSH:D003924,MedGen:C0011860,OMIM:125853;MONDO:MONDO:0030088,MedGen:C5394303,OMIM:618857|MONDO:MONDO:0009734,MedGen:C2931832,OMIM:256450,Orphanet:276575,Orphanet:276598|MedGen:CN169374","not provided|Hereditary hyperinsulinism|Hyperinsulinemic hypoglycemia, familial, 1;Diabetes mellitus, transient neonatal, 2;Leucine-induced hypoglycemia;Type 2 diabetes mellitus;Diabetes mellitus, permanent neonatal 3|Hyperinsulinemic hypoglycemia, familial, 1|not specified",germline,germline,GRCh38,NC_000011.10,11,17461758,17461758,na,na,11p15.1,"criteria provided, multiple submitters, no conflicts",5,-,N,ClinGen:CA5903805,2,585350,17461758,C,T,-,-,-,-,-,-,SCV000840607|SCV002781132|SCV004046568|SCV005202986,-,-
577186,single nucleotide variant,NM_000352.6(ABCC8):c.640G>A (p.Gly214Arg),6833,ABCC8,HGNC:59,Uncertain significance,0,"Jun 27, 2018",1274656446,-,RCV000710394|RCV001830571,MedGen:C3661900|,not provided|Hereditary hyperinsulinism,germline,germline,GRCh37,NC_000011.9,11,17483312,17483312,na,na,11p15.1,"criteria provided, single submitter",2,-,N,ClinGen:CA379778947,2,585349,17483312,C,T,-,-,-,-,-,-,SCV000840606,-,-
577186,single nucleotide variant,NM_000352.6(ABCC8):c.640G>A (p.Gly214Arg),6833,ABCC8,HGNC:59,Uncertain significance,0,"Jun 27, 2018",1274656446,-,RCV000710394|RCV001830571,MedGen:C3661900|,not provided|Hereditary hyperinsulinism,germline,germline,GRCh38,NC_000011.10,11,17461765,17461765,na,na,11p15.1,"criteria provided, single submitter",2,-,N,ClinGen:CA379778947,2,585349,17461765,C,T,-,-,-,-,-,-,SCV000840606,-,-
577187,single nucleotide variant,NM_000352.6(ABCC8):c.170A>G (p.Lys57Arg),6833,ABCC8,HGNC:59,Uncertain significance,0,"Aug 18, 2025",762919223,-,RCV000710374|RCV001825409|RCV002254177|RCV002254176,"MedGen:C3661900||Human Phenotype Ontology:HP:0008255,MONDO:MONDO:0020525,MedGen:C0342273|Human Phenotype Ontology:HP:0004904,MONDO:MONDO:0018911,MedGen:C0342276,OMIM:PS125850,Orphanet:552",not provided|Hereditary hyperinsulinism|Transitory neonatal diabetes mellitus|Maturity-onset diabetes of the young,germline;unknown,germline,GRCh37,NC_000011.9,11,17496553,17496553,na,na,11p15.1,"criteria provided, multiple submitters, no conflicts",4,-,N,ClinGen:CA5903953,2,585342,17496553,T,C,-,-,-,-,-,-,SCV000840584|SCV002524102|SCV002524106|SCV004559612,-,-
577187,single nucleotide variant,NM_000352.6(ABCC8):c.170A>G (p.Lys57Arg),6833,ABCC8,HGNC:59,Uncertain significance,0,"Aug 18, 2025",762919223,-,RCV000710374|RCV001825409|RCV002254177|RCV002254176,"MedGen:C3661900||Human Phenotype Ontology:HP:0008255,MONDO:MONDO:0020525,MedGen:C0342273|Human Phenotype Ontology:HP:0004904,MONDO:MONDO:0018911,MedGen:C0342276,OMIM:PS125850,Orphanet:552",not provided|Hereditary hyperinsulinism|Transitory neonatal diabetes mellitus|Maturity-onset diabetes of the young,germline;unknown,germline,GRCh38,NC_000011.10,11,17475006,17475006,na,na,11p15.1,"criteria provided, multiple submitters, no conflicts",4,-,N,ClinGen:CA5903953,2,585342,17475006,T,C,-,-,-,-,-,-,SCV000840584|SCV002524102|SCV002524106|SCV004559612,-,-
578489,single nucleotide variant,NM_000352.6(ABCC8):c.4051G>A (p.Val1351Met),6833,ABCC8,HGNC:59,Uncertain significance,0,"Apr 22, 2025",149331388,-,RCV000714711|RCV002245627|RCV002245628|RCV002249434|RCV002534528,"MONDO:MONDO:0017182,MedGen:C3888018,Orphanet:276525|Human Phenotype Ontology:HP:0004904,MONDO:MONDO:0018911,MedGen:C0342276,OMIM:PS125850,Orphanet:552|Human Phenotype Ontology:HP:0008255,MONDO:MONDO:0020525,MedGen:C0342273|MedGen:CN169374|MeSH:D030342,MedGen:C0950123",Familial hyperinsulinism|Maturity-onset diabetes of the young|Transitory neonatal diabetes mellitus|not specified|Inborn genetic diseases,germline;inherited;somatic,germline/somatic,GRCh37,NC_000011.9,11,17418531,17418531,na,na,11p15.1,"criteria provided, multiple submitters, no conflicts",4,-,N,ClinGen:CA5902593,2,587515,17418531,C,T,-,-,-,-,-,-,SCV000845437|SCV002513500|SCV002513502|SCV002516820|SCV003535620,-,-
578489,single nucleotide variant,NM_000352.6(ABCC8):c.4051G>A (p.Val1351Met),6833,ABCC8,HGNC:59,Uncertain significance,0,"Apr 22, 2025",149331388,-,RCV000714711|RCV002245627|RCV002245628|RCV002249434|RCV002534528,"MONDO:MONDO:0017182,MedGen:C3888018,Orphanet:276525|Human Phenotype Ontology:HP:0004904,MONDO:MONDO:0018911,MedGen:C0342276,OMIM:PS125850,Orphanet:552|Human Phenotype Ontology:HP:0008255,MONDO:MONDO:0020525,MedGen:C0342273|MedGen:CN169374|MeSH:D030342,MedGen:C0950123",Familial hyperinsulinism|Maturity-onset diabetes of the young|Transitory neonatal diabetes mellitus|not specified|Inborn genetic diseases,germline;inherited;somatic,germline/somatic,GRCh38,NC_000011.10,11,17396984,17396984,na,na,11p15.1,"criteria provided, multiple submitters, no conflicts",4,-,N,ClinGen:CA5902593,2,587515,17396984,C,T,-,-,-,-,-,-,SCV000845437|SCV002513500|SCV002513502|SCV002516820|SCV003535620,-,-
578490,single nucleotide variant,NM_000352.6(ABCC8):c.3346C>G (p.Pro1116Ala),6833,ABCC8,HGNC:59,Conflicting classifications of pathogenicity,1,"Aug 07, 2018",1564890766,-,RCV000714651|RCV002245625|RCV002245626,"MONDO:MONDO:0017182,MedGen:C3888018,Orphanet:276525|Human Phenotype Ontology:HP:0004904,MONDO:MONDO:0018911,MedGen:C0342276,OMIM:PS125850,Orphanet:552|Human Phenotype Ontology:HP:0008255,MONDO:MONDO:0020525,MedGen:C0342273",Familial hyperinsulinism|Maturity-onset diabetes of the young|Transitory neonatal diabetes mellitus,inherited;somatic,germline/somatic,GRCh37,NC_000011.9,11,17427094,17427094,na,na,11p15.1,"criteria provided, conflicting classifications",2,-,N,ClinGen:CA379800524,2,587475,17427094,G,C,-,-,-,-,-,-,SCV000845369|SCV002515480|SCV002515481,-,-
578490,single nucleotide variant,NM_000352.6(ABCC8):c.3346C>G (p.Pro1116Ala),6833,ABCC8,HGNC:59,Conflicting classifications of pathogenicity,1,"Aug 07, 2018",1564890766,-,RCV000714651|RCV002245625|RCV002245626,"MONDO:MONDO:0017182,MedGen:C3888018,Orphanet:276525|Human Phenotype Ontology:HP:0004904,MONDO:MONDO:0018911,MedGen:C0342276,OMIM:PS125850,Orphanet:552|Human Phenotype Ontology:HP:0008255,MONDO:MONDO:0020525,MedGen:C0342273",Familial hyperinsulinism|Maturity-onset diabetes of the young|Transitory neonatal diabetes mellitus,inherited;somatic,germline/somatic,GRCh38,NC_000011.10,11,17405547,17405547,na,na,11p15.1,"criteria provided, conflicting classifications",2,-,N,ClinGen:CA379800524,2,587475,17405547,G,C,-,-,-,-,-,-,SCV000845369|SCV002515480|SCV002515481,-,-
581204,Deletion,NM_000162.5(GCK):c.291del (p.Gln98fs),2645,GCK,HGNC:4195,Pathogenic/Likely pathogenic,1,"Jun 22, 2018",1562719029,-,RCV000721110|RCV002465757,"MedGen:C3661900|Human Phenotype Ontology:HP:0004904,MONDO:MONDO:0018911,MedGen:C0342276,OMIM:PS125850,Orphanet:552",not provided|Maturity-onset diabetes of the young,unknown,unknown,GRCh37,NC_000007.13,7,44191942,44191942,na,na,7p13,"criteria provided, multiple submitters, no conflicts",2,-,N,ClinGen:CA891843081,2,590262,44191941,GC,G,-,-,-,-,-,-,SCV000851989|SCV002605371,-,-
581204,Deletion,NM_000162.5(GCK):c.291del (p.Gln98fs),2645,GCK,HGNC:4195,Pathogenic/Likely pathogenic,1,"Jun 22, 2018",1562719029,-,RCV000721110|RCV002465757,"MedGen:C3661900|Human Phenotype Ontology:HP:0004904,MONDO:MONDO:0018911,MedGen:C0342276,OMIM:PS125850,Orphanet:552",not provided|Maturity-onset diabetes of the young,unknown,unknown,GRCh38,NC_000007.14,7,44152343,44152343,na,na,7p13,"criteria provided, multiple submitters, no conflicts",2,-,N,ClinGen:CA891843081,2,590262,44152342,GC,G,-,-,-,-,-,-,SCV000851989|SCV002605371,-,-
583111,single nucleotide variant,NM_000352.6(ABCC8):c.1882G>A (p.Glu628Lys),6833,ABCC8,HGNC:59,Uncertain significance,0,-,565662182,-,RCV000723284|RCV002267021|RCV002267020,"|Human Phenotype Ontology:HP:0008255,MONDO:MONDO:0020525,MedGen:C0342273|Human Phenotype Ontology:HP:0004904,MONDO:MONDO:0018911,MedGen:C0342276,OMIM:PS125850,Orphanet:552",ABCC8-related disorder|Transitory neonatal diabetes mellitus|Maturity-onset diabetes of the young,germline;unknown,germline,GRCh37,NC_000011.9,11,17450153,17450153,na,na,11p15.1,"criteria provided, single submitter",2,-,N,ClinGen:CA5903404,2,592095,17450153,C,T,-,-,-,-,-,-,SCV002522329|SCV002522330,-,-
583111,single nucleotide variant,NM_000352.6(ABCC8):c.1882G>A (p.Glu628Lys),6833,ABCC8,HGNC:59,Uncertain significance,0,-,565662182,-,RCV000723284|RCV002267021|RCV002267020,"|Human Phenotype Ontology:HP:0008255,MONDO:MONDO:0020525,MedGen:C0342273|Human Phenotype Ontology:HP:0004904,MONDO:MONDO:0018911,MedGen:C0342276,OMIM:PS125850,Orphanet:552",ABCC8-related disorder|Transitory neonatal diabetes mellitus|Maturity-onset diabetes of the young,germline;unknown,germline,GRCh38,NC_000011.10,11,17428606,17428606,na,na,11p15.1,"criteria provided, single submitter",2,-,N,ClinGen:CA5903404,2,592095,17428606,C,T,-,-,-,-,-,-,SCV002522329|SCV002522330,-,-
586039,single nucleotide variant,NM_000352.6(ABCC8):c.2539G>A (p.Ala847Thr),6833,ABCC8,HGNC:59,Uncertain significance,0,"May 17, 2023",561593131,-,RCV000730397|RCV002051889|RCV003320367|RCV004535834,"MedGen:C3661900|MONDO:MONDO:0009734,MedGen:C2931832,OMIM:256450,Orphanet:276575,Orphanet:276598|Human Phenotype Ontology:HP:0002092,Human Phenotype Ontology:HP:0006546,MONDO:MONDO:0015924,MeSH:D000081029,MedGen:C2973725,Orphanet:182090|","not provided|Hyperinsulinemic hypoglycemia, familial, 1|Pulmonary arterial hypertension|ABCC8-related disorder",germline,germline,GRCh37,NC_000011.9,11,17434230,17434230,na,na,11p15.1,"criteria provided, multiple submitters, no conflicts",4,-,N,ClinGen:CA5903099,2,594977,17434230,C,T,-,-,-,-,-,-,SCV000858130|SCV002318434|SCV004024541|SCV004117131,-,-
586039,single nucleotide variant,NM_000352.6(ABCC8):c.2539G>A (p.Ala847Thr),6833,ABCC8,HGNC:59,Uncertain significance,0,"May 17, 2023",561593131,-,RCV000730397|RCV002051889|RCV003320367|RCV004535834,"MedGen:C3661900|MONDO:MONDO:0009734,MedGen:C2931832,OMIM:256450,Orphanet:276575,Orphanet:276598|Human Phenotype Ontology:HP:0002092,Human Phenotype Ontology:HP:0006546,MONDO:MONDO:0015924,MeSH:D000081029,MedGen:C2973725,Orphanet:182090|","not provided|Hyperinsulinemic hypoglycemia, familial, 1|Pulmonary arterial hypertension|ABCC8-related disorder",germline,germline,GRCh38,NC_000011.10,11,17412683,17412683,na,na,11p15.1,"criteria provided, multiple submitters, no conflicts",4,-,N,ClinGen:CA5903099,2,594977,17412683,C,T,-,-,-,-,-,-,SCV000858130|SCV002318434|SCV004024541|SCV004117131,-,-
587845,single nucleotide variant,NM_000352.6(ABCC8):c.1874C>T (p.Ala625Val),6833,ABCC8,HGNC:59,Conflicting classifications of pathogenicity,0,"Jan 11, 2026",148709148,-,RCV000732728|RCV001174392|RCV001816804|RCV004027043|RCV004535858,"MedGen:C3661900|MONDO:MONDO:0015967,MedGen:C3888631,Orphanet:183625|MedGen:CN169374|MeSH:D030342,MedGen:C0950123|",not provided|Monogenic diabetes|not specified|Inborn genetic diseases|ABCC8-related disorder,germline;unknown,germline,GRCh37,NC_000011.9,11,17450161,17450161,na,na,11p15.1,"criteria provided, conflicting classifications",7,-,N,ClinGen:CA5903407,2,596784,17450161,G,A,-,-,-,-,-,-,SCV000860709|SCV001018587|SCV001337530|SCV002068278|SCV004910150|SCV005395017,-,-
587845,single nucleotide variant,NM_000352.6(ABCC8):c.1874C>T (p.Ala625Val),6833,ABCC8,HGNC:59,Conflicting classifications of pathogenicity,0,"Jan 11, 2026",148709148,-,RCV000732728|RCV001174392|RCV001816804|RCV004027043|RCV004535858,"MedGen:C3661900|MONDO:MONDO:0015967,MedGen:C3888631,Orphanet:183625|MedGen:CN169374|MeSH:D030342,MedGen:C0950123|",not provided|Monogenic diabetes|not specified|Inborn genetic diseases|ABCC8-related disorder,germline;unknown,germline,GRCh38,NC_000011.10,11,17428614,17428614,na,na,11p15.1,"criteria provided, conflicting classifications",7,-,N,ClinGen:CA5903407,2,596784,17428614,G,A,-,-,-,-,-,-,SCV000860709|SCV001018587|SCV001337530|SCV002068278|SCV004910150|SCV005395017,-,-
589381,single nucleotide variant,NM_000162.5(GCK):c.770G>A (p.Trp257Ter),2645,GCK,HGNC:4195,Pathogenic,1,"Jan 09, 2024",1562715426,-,RCV000734686|RCV002463737|RCV003987690,"MedGen:C3661900|Human Phenotype Ontology:HP:0004904,MONDO:MONDO:0018911,MedGen:C0342276,OMIM:PS125850,Orphanet:552|MONDO:MONDO:0007453,MedGen:C0342277,OMIM:125851,Orphanet:552",not provided|Maturity-onset diabetes of the young|Maturity-onset diabetes of the young type 2,germline;unknown,germline,GRCh37,NC_000007.13,7,44187342,44187342,na,na,7p13,"criteria provided, multiple submitters, no conflicts",4,-,N,ClinGen:CA367400595,2,598320,44187342,C,T,-,-,-,-,-,-,SCV000862845|SCV002217154|SCV002605072|SCV004804307,-,-
589381,single nucleotide variant,NM_000162.5(GCK):c.770G>A (p.Trp257Ter),2645,GCK,HGNC:4195,Pathogenic,1,"Jan 09, 2024",1562715426,-,RCV000734686|RCV002463737|RCV003987690,"MedGen:C3661900|Human Phenotype Ontology:HP:0004904,MONDO:MONDO:0018911,MedGen:C0342276,OMIM:PS125850,Orphanet:552|MONDO:MONDO:0007453,MedGen:C0342277,OMIM:125851,Orphanet:552",not provided|Maturity-onset diabetes of the young|Maturity-onset diabetes of the young type 2,germline;unknown,germline,GRCh38,NC_000007.14,7,44147743,44147743,na,na,7p13,"criteria provided, multiple submitters, no conflicts",4,-,N,ClinGen:CA367400595,2,598320,44147743,C,T,-,-,-,-,-,-,SCV000862845|SCV002217154|SCV002605072|SCV004804307,-,-
609049,single nucleotide variant,NM_000162.5(GCK):c.1113C>A (p.Cys371Ter),2645,GCK,HGNC:4195,Pathogenic,1,"Aug 09, 2023",556581174,-,RCV000754805|RCV001662802|RCV003325973,"MONDO:MONDO:0007453,MedGen:C0342277,OMIM:125851,Orphanet:552|MedGen:C3661900|MONDO:MONDO:0015967,MedGen:C3888631,Orphanet:183625",Maturity-onset diabetes of the young type 2|not provided|Monogenic diabetes,germline;unknown,germline,GRCh37,NC_000007.13,7,44185236,44185236,na,na,7p13,reviewed by expert panel,5,-,N,ClinGen:CA367398930,2,617645,44185236,G,T,-,-,-,-,-,-,SCV004032074,-,-
609049,single nucleotide variant,NM_000162.5(GCK):c.1113C>A (p.Cys371Ter),2645,GCK,HGNC:4195,Pathogenic,1,"Aug 09, 2023",556581174,-,RCV000754805|RCV001662802|RCV003325973,"MONDO:MONDO:0007453,MedGen:C0342277,OMIM:125851,Orphanet:552|MedGen:C3661900|MONDO:MONDO:0015967,MedGen:C3888631,Orphanet:183625",Maturity-onset diabetes of the young type 2|not provided|Monogenic diabetes,germline;unknown,germline,GRCh38,NC_000007.14,7,44145637,44145637,na,na,7p13,reviewed by expert panel,5,-,N,ClinGen:CA367398930,2,617645,44145637,G,T,-,-,-,-,-,-,SCV004032074,-,-
609050,single nucleotide variant,NM_000162.5(GCK):c.718A>G (p.Asn240Asp),2645,GCK,HGNC:4195,Conflicting classifications of pathogenicity,1,"Jun 08, 2017",1562715574,-,RCV000754808|RCV002463738,"MONDO:MONDO:0007453,MedGen:C0342277,OMIM:125851,Orphanet:552|Human Phenotype Ontology:HP:0004904,MONDO:MONDO:0018911,MedGen:C0342276,OMIM:PS125850,Orphanet:552",Maturity-onset diabetes of the young type 2|Maturity-onset diabetes of the young,germline;unknown,germline,GRCh37,NC_000007.13,7,44187394,44187394,na,na,7p13,"criteria provided, conflicting classifications",2,-,N,ClinGen:CA367400705,2,617647,44187394,T,C,-,-,-,-,-,-,SCV000882457|SCV002605112,-,-
609050,single nucleotide variant,NM_000162.5(GCK):c.718A>G (p.Asn240Asp),2645,GCK,HGNC:4195,Conflicting classifications of pathogenicity,1,"Jun 08, 2017",1562715574,-,RCV000754808|RCV002463738,"MONDO:MONDO:0007453,MedGen:C0342277,OMIM:125851,Orphanet:552|Human Phenotype Ontology:HP:0004904,MONDO:MONDO:0018911,MedGen:C0342276,OMIM:PS125850,Orphanet:552",Maturity-onset diabetes of the young type 2|Maturity-onset diabetes of the young,germline;unknown,germline,GRCh38,NC_000007.14,7,44147795,44147795,na,na,7p13,"criteria provided, conflicting classifications",2,-,N,ClinGen:CA367400705,2,617647,44147795,T,C,-,-,-,-,-,-,SCV000882457|SCV002605112,-,-
609051,single nucleotide variant,NM_000525.4(KCNJ11):c.697C>T (p.Leu233Phe),3767,KCNJ11,HGNC:6257,Likely pathogenic,1,"Feb 09, 2018",1564865302,-,RCV000754813,"MONDO:MONDO:0014589,MedGen:C4225365,OMIM:616329,Orphanet:552",Maturity-onset diabetes of the young type 13,germline,germline,GRCh37,NC_000011.9,11,17408942,17408942,na,na,11p15.1,"criteria provided, single submitter",1,-,N,ClinGen:CA379771407,2,617651,17408942,G,A,-,-,-,-,-,-,SCV000882463,-,-
609051,single nucleotide variant,NM_000525.4(KCNJ11):c.697C>T (p.Leu233Phe),3767,KCNJ11,HGNC:6257,Likely pathogenic,1,"Feb 09, 2018",1564865302,-,RCV000754813,"MONDO:MONDO:0014589,MedGen:C4225365,OMIM:616329,Orphanet:552",Maturity-onset diabetes of the young type 13,germline,germline,GRCh38,NC_000011.10,11,17387395,17387395,na,na,11p15.1,"criteria provided, single submitter",1,-,N,ClinGen:CA379771407,2,617651,17387395,G,A,-,-,-,-,-,-,SCV000882463,-,-
611361,single nucleotide variant,NM_000162.5(GCK):c.45+1G>T,2645,GCK,HGNC:4195,Pathogenic,1,"Aug 23, 2025",781260712,-,RCV000760157|RCV000992051,"MONDO:MONDO:0007453,MedGen:C0342277,OMIM:125851,Orphanet:552|MedGen:C3661900",Maturity-onset diabetes of the young type 2|not provided,germline;unknown,germline,GRCh37,NC_000007.13,7,44228507,44228507,na,na,7p13,"criteria provided, multiple submitters, no conflicts",4,-,N,ClinGen:CA4239791,2,619964,44228507,C,A,-,-,-,-,-,-,SCV000889974|SCV001144017|SCV001423045|SCV004295193,-,-
611361,single nucleotide variant,NM_000162.5(GCK):c.45+1G>T,2645,GCK,HGNC:4195,Pathogenic,1,"Aug 23, 2025",781260712,-,RCV000760157|RCV000992051,"MONDO:MONDO:0007453,MedGen:C0342277,OMIM:125851,Orphanet:552|MedGen:C3661900",Maturity-onset diabetes of the young type 2|not provided,germline;unknown,germline,GRCh38,NC_000007.14,7,44188908,44188908,na,na,7p13,"criteria provided, multiple submitters, no conflicts",4,-,N,ClinGen:CA4239791,2,619964,44188908,C,A,-,-,-,-,-,-,SCV000889974|SCV001144017|SCV001423045|SCV004295193,-,-
612091,single nucleotide variant,NM_000352.6(ABCC8):c.1243G>A (p.Gly415Arg),6833,ABCC8,HGNC:59,Conflicting classifications of pathogenicity,1,"Apr 10, 2018",1564955779,-,RCV000761254|RCV002254315|RCV002254314,"MONDO:MONDO:0009734,MedGen:C2931832,OMIM:256450,Orphanet:276575,Orphanet:276598|Human Phenotype Ontology:HP:0008255,MONDO:MONDO:0020525,MedGen:C0342273|Human Phenotype Ontology:HP:0004904,MONDO:MONDO:0018911,MedGen:C0342276,OMIM:PS125850,Orphanet:552","Hyperinsulinemic hypoglycemia, familial, 1|Transitory neonatal diabetes mellitus|Maturity-onset diabetes of the young",germline;unknown,germline,GRCh37,NC_000011.9,11,17470152,17470152,na,na,11p15.1,"criteria provided, conflicting classifications",2,-,N,ClinGen:CA379768689,2,623149,17470152,C,T,-,-,-,-,-,-,SCV000891211|SCV002522605|SCV002522606,-,-
612091,single nucleotide variant,NM_000352.6(ABCC8):c.1243G>A (p.Gly415Arg),6833,ABCC8,HGNC:59,Conflicting classifications of pathogenicity,1,"Apr 10, 2018",1564955779,-,RCV000761254|RCV002254315|RCV002254314,"MONDO:MONDO:0009734,MedGen:C2931832,OMIM:256450,Orphanet:276575,Orphanet:276598|Human Phenotype Ontology:HP:0008255,MONDO:MONDO:0020525,MedGen:C0342273|Human Phenotype Ontology:HP:0004904,MONDO:MONDO:0018911,MedGen:C0342276,OMIM:PS125850,Orphanet:552","Hyperinsulinemic hypoglycemia, familial, 1|Transitory neonatal diabetes mellitus|Maturity-onset diabetes of the young",germline;unknown,germline,GRCh38,NC_000011.10,11,17448605,17448605,na,na,11p15.1,"criteria provided, conflicting classifications",2,-,N,ClinGen:CA379768689,2,623149,17448605,C,T,-,-,-,-,-,-,SCV000891211|SCV002522605|SCV002522606,-,-
619858,single nucleotide variant,NM_000162.5(GCK):c.148C>T (p.His50Tyr),2645,GCK,HGNC:4195,Pathogenic/Likely pathogenic,1,"Aug 24, 2017",1562719705,-,RCV000778070|RCV001816832|RCV002332563,"MONDO:MONDO:0007453,MedGen:C0342277,OMIM:125851,Orphanet:552|MedGen:C3661900|Human Phenotype Ontology:HP:0004904,MONDO:MONDO:0018911,MedGen:C0342276,OMIM:PS125850,Orphanet:552",Maturity-onset diabetes of the young type 2|not provided|Maturity-onset diabetes of the young,germline;unknown,germline,GRCh37,NC_000007.13,7,44192960,44192960,na,na,7p13,"criteria provided, multiple submitters, no conflicts",3,-,N,ClinGen:CA367403394,2,631495,44192960,G,A,-,-,-,-,-,-,SCV000902454|SCV002072074|SCV002601607,-,-
619858,single nucleotide variant,NM_000162.5(GCK):c.148C>T (p.His50Tyr),2645,GCK,HGNC:4195,Pathogenic/Likely pathogenic,1,"Aug 24, 2017",1562719705,-,RCV000778070|RCV001816832|RCV002332563,"MONDO:MONDO:0007453,MedGen:C0342277,OMIM:125851,Orphanet:552|MedGen:C3661900|Human Phenotype Ontology:HP:0004904,MONDO:MONDO:0018911,MedGen:C0342276,OMIM:PS125850,Orphanet:552",Maturity-onset diabetes of the young type 2|not provided|Maturity-onset diabetes of the young,germline;unknown,germline,GRCh38,NC_000007.14,7,44153361,44153361,na,na,7p13,"criteria provided, multiple submitters, no conflicts",3,-,N,ClinGen:CA367403394,2,631495,44153361,G,A,-,-,-,-,-,-,SCV000902454|SCV002072074|SCV002601607,-,-
620396,single nucleotide variant,NM_000352.6(ABCC8):c.343A>G (p.Met115Val),6833,ABCC8,HGNC:59,Conflicting classifications of pathogenicity,1,"Dec 23, 2025",146695489,-,RCV001105013|RCV001869139|RCV002265884|RCV003448345|RCV005860145,"MONDO:MONDO:0100164,MedGen:C1833104,OMIM:PS606176,Orphanet:99885|MedGen:C3661900|MedGen:CN169374|MONDO:MONDO:0030088,MedGen:C5394303,OMIM:618857;MONDO:MONDO:0009734,MedGen:C2931832,OMIM:256450,Orphanet:276575,Orphanet:276598|MONDO:MONDO:0009734,MedGen:C2931832,OMIM:256450,Orphanet:276575,Orphanet:276598","Permanent neonatal diabetes mellitus|not provided|not specified|Diabetes mellitus, permanent neonatal 3;Hyperinsulinemic hypoglycemia, familial, 1|Hyperinsulinemic hypoglycemia, familial, 1",germline;inherited,germline,GRCh37,NC_000011.9,11,17491717,17491717,na,na,11p15.1,"criteria provided, conflicting classifications",5,-,N,ClinGen:CA5903905,2,632057,17491717,T,C,-,-,-,-,-,-,SCV001261927|SCV002290618|SCV002547983|SCV004176193|SCV006551872,-,-
620396,single nucleotide variant,NM_000352.6(ABCC8):c.343A>G (p.Met115Val),6833,ABCC8,HGNC:59,Conflicting classifications of pathogenicity,1,"Dec 23, 2025",146695489,-,RCV001105013|RCV001869139|RCV002265884|RCV003448345|RCV005860145,"MONDO:MONDO:0100164,MedGen:C1833104,OMIM:PS606176,Orphanet:99885|MedGen:C3661900|MedGen:CN169374|MONDO:MONDO:0030088,MedGen:C5394303,OMIM:618857;MONDO:MONDO:0009734,MedGen:C2931832,OMIM:256450,Orphanet:276575,Orphanet:276598|MONDO:MONDO:0009734,MedGen:C2931832,OMIM:256450,Orphanet:276575,Orphanet:276598","Permanent neonatal diabetes mellitus|not provided|not specified|Diabetes mellitus, permanent neonatal 3;Hyperinsulinemic hypoglycemia, familial, 1|Hyperinsulinemic hypoglycemia, familial, 1",germline;inherited,germline,GRCh38,NC_000011.10,11,17470170,17470170,na,na,11p15.1,"criteria provided, conflicting classifications",5,-,N,ClinGen:CA5903905,2,632057,17470170,T,C,-,-,-,-,-,-,SCV001261927|SCV002290618|SCV002547983|SCV004176193|SCV006551872,-,-
621346,single nucleotide variant,NM_000352.6(ABCC8):c.3641G>A (p.Arg1214Gln),6833,ABCC8,HGNC:59,Pathogenic/Likely pathogenic,1,"Nov 26, 2025",367850779,-,RCV000779674|RCV001290313|RCV001388601|RCV001277187|RCV002501017|RCV003467307,"MONDO:MONDO:0017182,MedGen:C3888018,Orphanet:276525|MONDO:MONDO:0009734,MedGen:C2931832,OMIM:256450,Orphanet:276575,Orphanet:276598|MedGen:C3661900||MONDO:MONDO:0009734,MedGen:C2931832,OMIM:256450,Orphanet:276575,Orphanet:276598;MONDO:MONDO:0012480,MedGen:C1835887,OMIM:610374,Orphanet:99886;MONDO:MONDO:0009415,MedGen:C0271714,OMIM:240800;Human Phenotype Ontology:HP:0005965,Human Phenotype Ontology:HP:0005978,Human Phenotype Ontology:HP:0100652,MONDO:MONDO:0005148,MeSH:D003924,MedGen:C0011860,OMIM:125853;MONDO:MONDO:0030088,MedGen:C5394303,OMIM:618857|Human Phenotype Ontology:HP:0005965,Human Phenotype Ontology:HP:0005978,Human Phenotype Ontology:HP:0100652,MONDO:MONDO:0005148,MeSH:D003924,MedGen:C0011860,OMIM:125853","Familial hyperinsulinism|Hyperinsulinemic hypoglycemia, familial, 1|not provided|Hereditary hyperinsulinism|Hyperinsulinemic hypoglycemia, familial, 1;Diabetes mellitus, transient neonatal, 2;Leucine-induced hypoglycemia;Type 2 diabetes mellitus;Diabetes mellitus, permanent neonatal 3|Type 2 diabetes mellitus",germline;inherited;maternal;unknown,germline,GRCh37,NC_000011.9,11,17424217,17424217,na,na,11p15.1,"criteria provided, multiple submitters, no conflicts",9,-,N,ClinGen:CA5902755,2,632619,17424217,C,T,-,-,-,-,-,-,SCV000916394|SCV001478360|SCV001589657|SCV002600280|SCV002807947|SCV004026522|SCV004192421|SCV007113967,-,-
621346,single nucleotide variant,NM_000352.6(ABCC8):c.3641G>A (p.Arg1214Gln),6833,ABCC8,HGNC:59,Pathogenic/Likely pathogenic,1,"Nov 26, 2025",367850779,-,RCV000779674|RCV001290313|RCV001388601|RCV001277187|RCV002501017|RCV003467307,"MONDO:MONDO:0017182,MedGen:C3888018,Orphanet:276525|MONDO:MONDO:0009734,MedGen:C2931832,OMIM:256450,Orphanet:276575,Orphanet:276598|MedGen:C3661900||MONDO:MONDO:0009734,MedGen:C2931832,OMIM:256450,Orphanet:276575,Orphanet:276598;MONDO:MONDO:0012480,MedGen:C1835887,OMIM:610374,Orphanet:99886;MONDO:MONDO:0009415,MedGen:C0271714,OMIM:240800;Human Phenotype Ontology:HP:0005965,Human Phenotype Ontology:HP:0005978,Human Phenotype Ontology:HP:0100652,MONDO:MONDO:0005148,MeSH:D003924,MedGen:C0011860,OMIM:125853;MONDO:MONDO:0030088,MedGen:C5394303,OMIM:618857|Human Phenotype Ontology:HP:0005965,Human Phenotype Ontology:HP:0005978,Human Phenotype Ontology:HP:0100652,MONDO:MONDO:0005148,MeSH:D003924,MedGen:C0011860,OMIM:125853","Familial hyperinsulinism|Hyperinsulinemic hypoglycemia, familial, 1|not provided|Hereditary hyperinsulinism|Hyperinsulinemic hypoglycemia, familial, 1;Diabetes mellitus, transient neonatal, 2;Leucine-induced hypoglycemia;Type 2 diabetes mellitus;Diabetes mellitus, permanent neonatal 3|Type 2 diabetes mellitus",germline;inherited;maternal;unknown,germline,GRCh38,NC_000011.10,11,17402670,17402670,na,na,11p15.1,"criteria provided, multiple submitters, no conflicts",9,-,N,ClinGen:CA5902755,2,632619,17402670,C,T,-,-,-,-,-,-,SCV000916394|SCV001478360|SCV001589657|SCV002600280|SCV002807947|SCV004026522|SCV004192421|SCV007113967,-,-
621347,single nucleotide variant,NM_000352.6(ABCC8):c.2693G>A (p.Trp898Ter),6833,ABCC8,HGNC:59,Pathogenic/Likely pathogenic,1,"Jan 05, 2026",1382448285,-,RCV000780809|RCV001280725|RCV001830672|RCV003321734|RCV005047042|RCV003467313|RCV004545800,"MONDO:MONDO:0017182,MedGen:C3888018,Orphanet:276525|MedGen:C3661900||MONDO:MONDO:0009734,MedGen:C2931832,OMIM:256450,Orphanet:276575,Orphanet:276598|MONDO:MONDO:0009734,MedGen:C2931832,OMIM:256450,Orphanet:276575,Orphanet:276598;MONDO:MONDO:0012480,MedGen:C1835887,OMIM:610374,Orphanet:99886;MONDO:MONDO:0009415,MedGen:C0271714,OMIM:240800;Human Phenotype Ontology:HP:0005965,Human Phenotype Ontology:HP:0005978,Human Phenotype Ontology:HP:0100652,MONDO:MONDO:0005148,MeSH:D003924,MedGen:C0011860,OMIM:125853;MONDO:MONDO:0030088,MedGen:C5394303,OMIM:618857|Human Phenotype Ontology:HP:0005965,Human Phenotype Ontology:HP:0005978,Human Phenotype Ontology:HP:0100652,MONDO:MONDO:0005148,MeSH:D003924,MedGen:C0011860,OMIM:125853|","Familial hyperinsulinism|not provided|Hereditary hyperinsulinism|Hyperinsulinemic hypoglycemia, familial, 1|Hyperinsulinemic hypoglycemia, familial, 1;Diabetes mellitus, transient neonatal, 2;Leucine-induced hypoglycemia;Type 2 diabetes mellitus;Diabetes mellitus, permanent neonatal 3|Type 2 diabetes mellitus|ABCC8-related disorder",germline;unknown,germline,GRCh37,NC_000011.9,11,17432064,17432064,na,na,11p15.1,"criteria provided, multiple submitters, no conflicts",8,-,N,ClinGen:CA379805891,2,633028,17432064,C,T,-,-,-,-,-,-,SCV000918371|SCV001468039|SCV003439578|SCV004026539|SCV004046430|SCV004200131|SCV005676327,-,-
621347,single nucleotide variant,NM_000352.6(ABCC8):c.2693G>A (p.Trp898Ter),6833,ABCC8,HGNC:59,Pathogenic/Likely pathogenic,1,"Jan 05, 2026",1382448285,-,RCV000780809|RCV001280725|RCV001830672|RCV003321734|RCV005047042|RCV003467313|RCV004545800,"MONDO:MONDO:0017182,MedGen:C3888018,Orphanet:276525|MedGen:C3661900||MONDO:MONDO:0009734,MedGen:C2931832,OMIM:256450,Orphanet:276575,Orphanet:276598|MONDO:MONDO:0009734,MedGen:C2931832,OMIM:256450,Orphanet:276575,Orphanet:276598;MONDO:MONDO:0012480,MedGen:C1835887,OMIM:610374,Orphanet:99886;MONDO:MONDO:0009415,MedGen:C0271714,OMIM:240800;Human Phenotype Ontology:HP:0005965,Human Phenotype Ontology:HP:0005978,Human Phenotype Ontology:HP:0100652,MONDO:MONDO:0005148,MeSH:D003924,MedGen:C0011860,OMIM:125853;MONDO:MONDO:0030088,MedGen:C5394303,OMIM:618857|Human Phenotype Ontology:HP:0005965,Human Phenotype Ontology:HP:0005978,Human Phenotype Ontology:HP:0100652,MONDO:MONDO:0005148,MeSH:D003924,MedGen:C0011860,OMIM:125853|","Familial hyperinsulinism|not provided|Hereditary hyperinsulinism|Hyperinsulinemic hypoglycemia, familial, 1|Hyperinsulinemic hypoglycemia, familial, 1;Diabetes mellitus, transient neonatal, 2;Leucine-induced hypoglycemia;Type 2 diabetes mellitus;Diabetes mellitus, permanent neonatal 3|Type 2 diabetes mellitus|ABCC8-related disorder",germline;unknown,germline,GRCh38,NC_000011.10,11,17410517,17410517,na,na,11p15.1,"criteria provided, multiple submitters, no conflicts",8,-,N,ClinGen:CA379805891,2,633028,17410517,C,T,-,-,-,-,-,-,SCV000918371|SCV001468039|SCV003439578|SCV004026539|SCV004046430|SCV004200131|SCV005676327,-,-
621348,single nucleotide variant,NM_000352.6(ABCC8):c.892C>T (p.Arg298Cys),6833,ABCC8,HGNC:59,Uncertain significance,0,"Nov 06, 2025",144705160,-,RCV000780805|RCV001311739|RCV001276286|RCV002535684|RCV002493426|RCV003994115,"MedGen:CN169374|MedGen:C3661900||MeSH:D030342,MedGen:C0950123|MONDO:MONDO:0009734,MedGen:C2931832,OMIM:256450,Orphanet:276575,Orphanet:276598;MONDO:MONDO:0012480,MedGen:C1835887,OMIM:610374,Orphanet:99886;MONDO:MONDO:0009415,MedGen:C0271714,OMIM:240800;Human Phenotype Ontology:HP:0005965,Human Phenotype Ontology:HP:0005978,Human Phenotype Ontology:HP:0100652,MONDO:MONDO:0005148,MeSH:D003924,MedGen:C0011860,OMIM:125853;MONDO:MONDO:0030088,MedGen:C5394303,OMIM:618857|Human Phenotype Ontology:HP:0004904,MONDO:MONDO:0018911,MedGen:C0342276,OMIM:PS125850,Orphanet:552","not specified|not provided|Hereditary hyperinsulinism|Inborn genetic diseases|Hyperinsulinemic hypoglycemia, familial, 1;Diabetes mellitus, transient neonatal, 2;Leucine-induced hypoglycemia;Type 2 diabetes mellitus;Diabetes mellitus, permanent neonatal 3|Maturity-onset diabetes of the young",germline,germline,GRCh37,NC_000011.9,11,17482154,17482154,na,na,11p15.1,"criteria provided, multiple submitters, no conflicts",9,-,N,ClinGen:CA5903733,2,633025,17482154,G,A,-,-,-,-,-,-,SCV000918367|SCV001502031|SCV001986306|SCV002069792|SCV002776979|SCV003496281|SCV003706043|SCV004812430,-,-
621348,single nucleotide variant,NM_000352.6(ABCC8):c.892C>T (p.Arg298Cys),6833,ABCC8,HGNC:59,Uncertain significance,0,"Nov 06, 2025",144705160,-,RCV000780805|RCV001311739|RCV001276286|RCV002535684|RCV002493426|RCV003994115,"MedGen:CN169374|MedGen:C3661900||MeSH:D030342,MedGen:C0950123|MONDO:MONDO:0009734,MedGen:C2931832,OMIM:256450,Orphanet:276575,Orphanet:276598;MONDO:MONDO:0012480,MedGen:C1835887,OMIM:610374,Orphanet:99886;MONDO:MONDO:0009415,MedGen:C0271714,OMIM:240800;Human Phenotype Ontology:HP:0005965,Human Phenotype Ontology:HP:0005978,Human Phenotype Ontology:HP:0100652,MONDO:MONDO:0005148,MeSH:D003924,MedGen:C0011860,OMIM:125853;MONDO:MONDO:0030088,MedGen:C5394303,OMIM:618857|Human Phenotype Ontology:HP:0004904,MONDO:MONDO:0018911,MedGen:C0342276,OMIM:PS125850,Orphanet:552","not specified|not provided|Hereditary hyperinsulinism|Inborn genetic diseases|Hyperinsulinemic hypoglycemia, familial, 1;Diabetes mellitus, transient neonatal, 2;Leucine-induced hypoglycemia;Type 2 diabetes mellitus;Diabetes mellitus, permanent neonatal 3|Maturity-onset diabetes of the young",germline,germline,GRCh38,NC_000011.10,11,17460607,17460607,na,na,11p15.1,"criteria provided, multiple submitters, no conflicts",9,-,N,ClinGen:CA5903733,2,633025,17460607,G,A,-,-,-,-,-,-,SCV000918367|SCV001502031|SCV001986306|SCV002069792|SCV002776979|SCV003496281|SCV003706043|SCV004812430,-,-
621349,single nucleotide variant,NM_000352.6(ABCC8):c.695G>A (p.Trp232Ter),6833,ABCC8,HGNC:59,Pathogenic,1,"Jan 31, 2024",1564977373,-,RCV000780807|RCV000988492|RCV001816835|RCV002253608|RCV003467312|RCV004556820,"MONDO:MONDO:0017182,MedGen:C3888018,Orphanet:276525|MONDO:MONDO:0009734,MedGen:C2931832,OMIM:256450,Orphanet:276575,Orphanet:276598|MedGen:C3661900|Human Phenotype Ontology:HP:0004904,MONDO:MONDO:0018911,MedGen:C0342276,OMIM:PS125850,Orphanet:552|Human Phenotype Ontology:HP:0005965,Human Phenotype Ontology:HP:0005978,Human Phenotype Ontology:HP:0100652,MONDO:MONDO:0005148,MeSH:D003924,MedGen:C0011860,OMIM:125853|MONDO:MONDO:0016391,MedGen:C0158981,Orphanet:224","Familial hyperinsulinism|Hyperinsulinemic hypoglycemia, familial, 1|not provided|Maturity-onset diabetes of the young|Type 2 diabetes mellitus|Neonatal diabetes mellitus",germline;unknown,germline,GRCh37,NC_000011.9,11,17483257,17483257,na,na,11p15.1,"criteria provided, multiple submitters, no conflicts",6,-,N,ClinGen:CA379778669,2,633027,17483257,C,T,-,-,-,-,-,-,SCV000918369|SCV001138236|SCV002069629|SCV002244780|SCV004199587,-,-
621349,single nucleotide variant,NM_000352.6(ABCC8):c.695G>A (p.Trp232Ter),6833,ABCC8,HGNC:59,Pathogenic,1,"Jan 31, 2024",1564977373,-,RCV000780807|RCV000988492|RCV001816835|RCV002253608|RCV003467312|RCV004556820,"MONDO:MONDO:0017182,MedGen:C3888018,Orphanet:276525|MONDO:MONDO:0009734,MedGen:C2931832,OMIM:256450,Orphanet:276575,Orphanet:276598|MedGen:C3661900|Human Phenotype Ontology:HP:0004904,MONDO:MONDO:0018911,MedGen:C0342276,OMIM:PS125850,Orphanet:552|Human Phenotype Ontology:HP:0005965,Human Phenotype Ontology:HP:0005978,Human Phenotype Ontology:HP:0100652,MONDO:MONDO:0005148,MeSH:D003924,MedGen:C0011860,OMIM:125853|MONDO:MONDO:0016391,MedGen:C0158981,Orphanet:224","Familial hyperinsulinism|Hyperinsulinemic hypoglycemia, familial, 1|not provided|Maturity-onset diabetes of the young|Type 2 diabetes mellitus|Neonatal diabetes mellitus",germline;unknown,germline,GRCh38,NC_000011.10,11,17461710,17461710,na,na,11p15.1,"criteria provided, multiple submitters, no conflicts",6,-,N,ClinGen:CA379778669,2,633027,17461710,C,T,-,-,-,-,-,-,SCV000918369|SCV001138236|SCV002069629|SCV002244780|SCV004199587,-,-
621807,single nucleotide variant,NM_000352.6(ABCC8):c.1176+2T>C,6833,ABCC8,HGNC:59,Pathogenic/Likely pathogenic,1,"Mar 17, 2024",750586210,-,RCV000780806|RCV001037178|RCV001272243|RCV003461054|RCV003321733|RCV004584412|RCV005047041,"MONDO:MONDO:0017182,MedGen:C3888018,Orphanet:276525|MedGen:C3661900||Human Phenotype Ontology:HP:0005965,Human Phenotype Ontology:HP:0005978,Human Phenotype Ontology:HP:0100652,MONDO:MONDO:0005148,MeSH:D003924,MedGen:C0011860,OMIM:125853|MONDO:MONDO:0009734,MedGen:C2931832,OMIM:256450,Orphanet:276575,Orphanet:276598||MONDO:MONDO:0009734,MedGen:C2931832,OMIM:256450,Orphanet:276575,Orphanet:276598;MONDO:MONDO:0012480,MedGen:C1835887,OMIM:610374,Orphanet:99886;MONDO:MONDO:0009415,MedGen:C0271714,OMIM:240800;Human Phenotype Ontology:HP:0005965,Human Phenotype Ontology:HP:0005978,Human Phenotype Ontology:HP:0100652,MONDO:MONDO:0005148,MeSH:D003924,MedGen:C0011860,OMIM:125853;MONDO:MONDO:0030088,MedGen:C5394303,OMIM:618857","Familial hyperinsulinism|not provided|Hereditary hyperinsulinism|Type 2 diabetes mellitus|Hyperinsulinemic hypoglycemia, familial, 1|See cases|Hyperinsulinemic hypoglycemia, familial, 1;Diabetes mellitus, transient neonatal, 2;Leucine-induced hypoglycemia;Type 2 diabetes mellitus;Diabetes mellitus, permanent neonatal 3",germline;unknown,germline,GRCh37,NC_000011.9,11,17474664,17474664,na,na,11p15.1,"criteria provided, multiple submitters, no conflicts",8,-,N,ClinGen:CA5903665,2,633026,17474664,A,G,-,-,-,-,-,-,SCV000918368|SCV001200578|SCV002018606|SCV002577980|SCV004026567|SCV004193741|SCV005676421,-,-
621807,single nucleotide variant,NM_000352.6(ABCC8):c.1176+2T>C,6833,ABCC8,HGNC:59,Pathogenic/Likely pathogenic,1,"Mar 17, 2024",750586210,-,RCV000780806|RCV001037178|RCV001272243|RCV003461054|RCV003321733|RCV004584412|RCV005047041,"MONDO:MONDO:0017182,MedGen:C3888018,Orphanet:276525|MedGen:C3661900||Human Phenotype Ontology:HP:0005965,Human Phenotype Ontology:HP:0005978,Human Phenotype Ontology:HP:0100652,MONDO:MONDO:0005148,MeSH:D003924,MedGen:C0011860,OMIM:125853|MONDO:MONDO:0009734,MedGen:C2931832,OMIM:256450,Orphanet:276575,Orphanet:276598||MONDO:MONDO:0009734,MedGen:C2931832,OMIM:256450,Orphanet:276575,Orphanet:276598;MONDO:MONDO:0012480,MedGen:C1835887,OMIM:610374,Orphanet:99886;MONDO:MONDO:0009415,MedGen:C0271714,OMIM:240800;Human Phenotype Ontology:HP:0005965,Human Phenotype Ontology:HP:0005978,Human Phenotype Ontology:HP:0100652,MONDO:MONDO:0005148,MeSH:D003924,MedGen:C0011860,OMIM:125853;MONDO:MONDO:0030088,MedGen:C5394303,OMIM:618857","Familial hyperinsulinism|not provided|Hereditary hyperinsulinism|Type 2 diabetes mellitus|Hyperinsulinemic hypoglycemia, familial, 1|See cases|Hyperinsulinemic hypoglycemia, familial, 1;Diabetes mellitus, transient neonatal, 2;Leucine-induced hypoglycemia;Type 2 diabetes mellitus;Diabetes mellitus, permanent neonatal 3",germline;unknown,germline,GRCh38,NC_000011.10,11,17453117,17453117,na,na,11p15.1,"criteria provided, multiple submitters, no conflicts",8,-,N,ClinGen:CA5903665,2,633026,17453117,A,G,-,-,-,-,-,-,SCV000918368|SCV001200578|SCV002018606|SCV002577980|SCV004026567|SCV004193741|SCV005676421,-,-
639829,single nucleotide variant,NM_000525.4(KCNJ11):c.901C>T (p.Arg301Cys),3767,KCNJ11,HGNC:6257,Conflicting classifications of pathogenicity,1,"Jun 13, 2025",377091338,-,RCV000795944|RCV002227218|RCV005047067|RCV005432425,"MedGen:C3661900|Human Phenotype Ontology:HP:0004904,MONDO:MONDO:0018911,MedGen:C0342276,OMIM:PS125850,Orphanet:552|Human Phenotype Ontology:HP:0005965,Human Phenotype Ontology:HP:0005978,Human Phenotype Ontology:HP:0100652,MONDO:MONDO:0005148,MeSH:D003924,MedGen:C0011860,OMIM:125853;MONDO:MONDO:0011153,MedGen:C2931833,OMIM:601820,Orphanet:276580,Orphanet:276603;MONDO:MONDO:0012522,MedGen:C1864623,OMIM:610582,Orphanet:99886;MONDO:MONDO:0030087,MedGen:C5394296,OMIM:618856;MONDO:MONDO:0014589,MedGen:C4225365,OMIM:616329,Orphanet:552|MONDO:MONDO:0017182,MedGen:C3888018,Orphanet:276525","not provided|Maturity-onset diabetes of the young|Type 2 diabetes mellitus;Hyperinsulinemic hypoglycemia, familial, 2;Diabetes mellitus, transient neonatal, 3;Diabetes mellitus, permanent neonatal 2;Maturity-onset diabetes of the young type 13|Familial hyperinsulinism",germline;somatic,germline/somatic,GRCh37,NC_000011.9,11,17408738,17408738,na,na,11p15.1,"criteria provided, conflicting classifications",4,-,N,ClinGen:CA5902226,2,642470,17408738,G,A,-,-,-,-,-,-,SCV000935425|SCV002506513|SCV005676605|SCV006102442,-,-
639829,single nucleotide variant,NM_000525.4(KCNJ11):c.901C>T (p.Arg301Cys),3767,KCNJ11,HGNC:6257,Conflicting classifications of pathogenicity,1,"Jun 13, 2025",377091338,-,RCV000795944|RCV002227218|RCV005047067|RCV005432425,"MedGen:C3661900|Human Phenotype Ontology:HP:0004904,MONDO:MONDO:0018911,MedGen:C0342276,OMIM:PS125850,Orphanet:552|Human Phenotype Ontology:HP:0005965,Human Phenotype Ontology:HP:0005978,Human Phenotype Ontology:HP:0100652,MONDO:MONDO:0005148,MeSH:D003924,MedGen:C0011860,OMIM:125853;MONDO:MONDO:0011153,MedGen:C2931833,OMIM:601820,Orphanet:276580,Orphanet:276603;MONDO:MONDO:0012522,MedGen:C1864623,OMIM:610582,Orphanet:99886;MONDO:MONDO:0030087,MedGen:C5394296,OMIM:618856;MONDO:MONDO:0014589,MedGen:C4225365,OMIM:616329,Orphanet:552|MONDO:MONDO:0017182,MedGen:C3888018,Orphanet:276525","not provided|Maturity-onset diabetes of the young|Type 2 diabetes mellitus;Hyperinsulinemic hypoglycemia, familial, 2;Diabetes mellitus, transient neonatal, 3;Diabetes mellitus, permanent neonatal 2;Maturity-onset diabetes of the young type 13|Familial hyperinsulinism",germline;somatic,germline/somatic,GRCh38,NC_000011.10,11,17387191,17387191,na,na,11p15.1,"criteria provided, conflicting classifications",4,-,N,ClinGen:CA5902226,2,642470,17387191,G,A,-,-,-,-,-,-,SCV000935425|SCV002506513|SCV005676605|SCV006102442,-,-
639830,single nucleotide variant,NM_000352.6(ABCC8):c.496C>T (p.Gln166Ter),6833,ABCC8,HGNC:59,Pathogenic/Likely pathogenic,1,"Mar 06, 2024",1591896370,-,RCV000807622|RCV005049702,"MedGen:C3661900|Human Phenotype Ontology:HP:0005965,Human Phenotype Ontology:HP:0005978,Human Phenotype Ontology:HP:0100652,MONDO:MONDO:0005148,MeSH:D003924,MedGen:C0011860,OMIM:125853;MONDO:MONDO:0009734,MedGen:C2931832,OMIM:256450,Orphanet:276575,Orphanet:276598;MONDO:MONDO:0009415,MedGen:C0271714,OMIM:240800;MONDO:MONDO:0012480,MedGen:C1835887,OMIM:610374,Orphanet:99886;MONDO:MONDO:0030088,MedGen:C5394303,OMIM:618857","not provided|Type 2 diabetes mellitus;Hyperinsulinemic hypoglycemia, familial, 1;Leucine-induced hypoglycemia;Diabetes mellitus, transient neonatal, 2;Diabetes mellitus, permanent neonatal 3",germline,germline,GRCh37,NC_000011.9,11,17485068,17485068,na,na,11p15.1,"criteria provided, multiple submitters, no conflicts",2,-,N,ClinGen:CA379780030,2,652127,17485068,G,A,-,-,-,-,-,-,SCV000947685|SCV005676106,-,-
639830,single nucleotide variant,NM_000352.6(ABCC8):c.496C>T (p.Gln166Ter),6833,ABCC8,HGNC:59,Pathogenic/Likely pathogenic,1,"Mar 06, 2024",1591896370,-,RCV000807622|RCV005049702,"MedGen:C3661900|Human Phenotype Ontology:HP:0005965,Human Phenotype Ontology:HP:0005978,Human Phenotype Ontology:HP:0100652,MONDO:MONDO:0005148,MeSH:D003924,MedGen:C0011860,OMIM:125853;MONDO:MONDO:0009734,MedGen:C2931832,OMIM:256450,Orphanet:276575,Orphanet:276598;MONDO:MONDO:0009415,MedGen:C0271714,OMIM:240800;MONDO:MONDO:0012480,MedGen:C1835887,OMIM:610374,Orphanet:99886;MONDO:MONDO:0030088,MedGen:C5394303,OMIM:618857","not provided|Type 2 diabetes mellitus;Hyperinsulinemic hypoglycemia, familial, 1;Leucine-induced hypoglycemia;Diabetes mellitus, transient neonatal, 2;Diabetes mellitus, permanent neonatal 3",germline,germline,GRCh38,NC_000011.10,11,17463521,17463521,na,na,11p15.1,"criteria provided, multiple submitters, no conflicts",2,-,N,ClinGen:CA379780030,2,652127,17463521,G,A,-,-,-,-,-,-,SCV000947685|SCV005676106,-,-
639831,single nucleotide variant,NM_000352.6(ABCC8):c.152G>A (p.Trp51Ter),6833,ABCC8,HGNC:59,Conflicting classifications of pathogenicity,1,"Feb 28, 2022",1591928988,-,RCV000814291|RCV002273827|RCV002254319,"MedGen:C3661900|Human Phenotype Ontology:HP:0008255,MONDO:MONDO:0020525,MedGen:C0342273|Human Phenotype Ontology:HP:0004904,MONDO:MONDO:0018911,MedGen:C0342276,OMIM:PS125850,Orphanet:552",not provided|Transitory neonatal diabetes mellitus|Maturity-onset diabetes of the young,germline;unknown,germline,GRCh37,NC_000011.9,11,17496571,17496571,na,na,11p15.1,"criteria provided, conflicting classifications",2,-,N,ClinGen:CA379788703,2,657643,17496571,C,T,-,-,-,-,-,-,SCV000954694|SCV002522685|SCV002522686,-,-
639831,single nucleotide variant,NM_000352.6(ABCC8):c.152G>A (p.Trp51Ter),6833,ABCC8,HGNC:59,Conflicting classifications of pathogenicity,1,"Feb 28, 2022",1591928988,-,RCV000814291|RCV002273827|RCV002254319,"MedGen:C3661900|Human Phenotype Ontology:HP:0008255,MONDO:MONDO:0020525,MedGen:C0342273|Human Phenotype Ontology:HP:0004904,MONDO:MONDO:0018911,MedGen:C0342276,OMIM:PS125850,Orphanet:552",not provided|Transitory neonatal diabetes mellitus|Maturity-onset diabetes of the young,germline;unknown,germline,GRCh38,NC_000011.10,11,17475024,17475024,na,na,11p15.1,"criteria provided, conflicting classifications",2,-,N,ClinGen:CA379788703,2,657643,17475024,C,T,-,-,-,-,-,-,SCV000954694|SCV002522685|SCV002522686,-,-
652167,single nucleotide variant,NM_000352.6(ABCC8):c.3753+2C>T,6833,ABCC8,HGNC:59,Conflicting classifications of pathogenicity,1,"Mar 18, 2025",760196276,-,RCV000810827|RCV001830770|RCV002246141|RCV002246140|RCV004702442,"MedGen:C3661900||Human Phenotype Ontology:HP:0008255,MONDO:MONDO:0020525,MedGen:C0342273|Human Phenotype Ontology:HP:0004904,MONDO:MONDO:0018911,MedGen:C0342276,OMIM:PS125850,Orphanet:552|MONDO:MONDO:0017182,MedGen:C3888018,Orphanet:276525",not provided|Hereditary hyperinsulinism|Transitory neonatal diabetes mellitus|Maturity-onset diabetes of the young|Familial hyperinsulinism,germline;somatic,germline/somatic,GRCh37,NC_000011.9,11,17419884,17419884,na,na,11p15.1,"criteria provided, conflicting classifications",5,-,N,ClinGen:CA5902722,2,654797,17419884,G,A,-,-,-,-,-,-,SCV000951063|SCV005203722|SCV006334287,-,-
652167,single nucleotide variant,NM_000352.6(ABCC8):c.3753+2C>T,6833,ABCC8,HGNC:59,Conflicting classifications of pathogenicity,1,"Mar 18, 2025",760196276,-,RCV000810827|RCV001830770|RCV002246141|RCV002246140|RCV004702442,"MedGen:C3661900||Human Phenotype Ontology:HP:0008255,MONDO:MONDO:0020525,MedGen:C0342273|Human Phenotype Ontology:HP:0004904,MONDO:MONDO:0018911,MedGen:C0342276,OMIM:PS125850,Orphanet:552|MONDO:MONDO:0017182,MedGen:C3888018,Orphanet:276525",not provided|Hereditary hyperinsulinism|Transitory neonatal diabetes mellitus|Maturity-onset diabetes of the young|Familial hyperinsulinism,germline;somatic,germline/somatic,GRCh38,NC_000011.10,11,17398337,17398337,na,na,11p15.1,"criteria provided, conflicting classifications",5,-,N,ClinGen:CA5902722,2,654797,17398337,G,A,-,-,-,-,-,-,SCV000951063|SCV005203722|SCV006334287,-,-
652317,single nucleotide variant,NM_000352.6(ABCC8):c.2921-1G>A,6833,ABCC8,HGNC:59,Conflicting classifications of pathogenicity,1,"May 27, 2024",772682942,-,RCV000797020|RCV002251516|RCV003321738|RCV004556823,"MedGen:C3661900|Human Phenotype Ontology:HP:0004904,MONDO:MONDO:0018911,MedGen:C0342276,OMIM:PS125850,Orphanet:552|MONDO:MONDO:0009734,MedGen:C2931832,OMIM:256450,Orphanet:276575,Orphanet:276598|MONDO:MONDO:0016391,MedGen:C0158981,Orphanet:224","not provided|Maturity-onset diabetes of the young|Hyperinsulinemic hypoglycemia, familial, 1|Neonatal diabetes mellitus",germline;unknown,germline,GRCh37,NC_000011.9,11,17428677,17428677,na,na,11p15.1,"criteria provided, conflicting classifications",3,-,N,ClinGen:CA5902969,2,643339,17428677,C,T,-,-,-,-,-,-,SCV000936558|SCV002521942|SCV002521943|SCV004026535,-,-
652317,single nucleotide variant,NM_000352.6(ABCC8):c.2921-1G>A,6833,ABCC8,HGNC:59,Conflicting classifications of pathogenicity,1,"May 27, 2024",772682942,-,RCV000797020|RCV002251516|RCV003321738|RCV004556823,"MedGen:C3661900|Human Phenotype Ontology:HP:0004904,MONDO:MONDO:0018911,MedGen:C0342276,OMIM:PS125850,Orphanet:552|MONDO:MONDO:0009734,MedGen:C2931832,OMIM:256450,Orphanet:276575,Orphanet:276598|MONDO:MONDO:0016391,MedGen:C0158981,Orphanet:224","not provided|Maturity-onset diabetes of the young|Hyperinsulinemic hypoglycemia, familial, 1|Neonatal diabetes mellitus",germline;unknown,germline,GRCh38,NC_000011.10,11,17407130,17407130,na,na,11p15.1,"criteria provided, conflicting classifications",3,-,N,ClinGen:CA5902969,2,643339,17407130,C,T,-,-,-,-,-,-,SCV000936558|SCV002521942|SCV002521943|SCV004026535,-,-
662423,single nucleotide variant,NM_000162.5(GCK):c.1020-327C>A,2645,GCK,HGNC:4195,Benign,0,"Jun 14, 2018",887688,-,RCV000828885,MedGen:C3661900,not provided,germline,germline,GRCh37,NC_000007.13,7,44185656,44185656,na,na,7p13,"criteria provided, single submitter",1,-,N,ClinGen:CA4239453,2,669786,44185656,G,T,-,-,-,-,-,-,SCV000970588,-,-
662423,single nucleotide variant,NM_000162.5(GCK):c.1020-327C>A,2645,GCK,HGNC:4195,Benign,0,"Jun 14, 2018",887688,-,RCV000828885,MedGen:C3661900,not provided,germline,germline,GRCh38,NC_000007.14,7,44146057,44146057,na,na,7p13,"criteria provided, single submitter",1,-,N,ClinGen:CA4239453,2,669786,44146057,G,T,-,-,-,-,-,-,SCV000970588,-,-
662425,single nucleotide variant,NM_000162.5(GCK):c.679+38T>C,2645,GCK,HGNC:4195,Benign,0,"Jun 20, 2018",2268574,-,RCV000832813,MedGen:C3661900,not provided,germline,germline,GRCh37,NC_000007.13,7,44189321,44189321,na,na,7p13,"criteria provided, single submitter",1,-,N,ClinGen:CA4239556,2,673534,44189321,A,G,-,-,-,-,-,-,SCV000974569,-,-
662425,single nucleotide variant,NM_000162.5(GCK):c.679+38T>C,2645,GCK,HGNC:4195,Benign,0,"Jun 20, 2018",2268574,-,RCV000832813,MedGen:C3661900,not provided,germline,germline,GRCh38,NC_000007.14,7,44149722,44149722,na,na,7p13,"criteria provided, single submitter",1,-,N,ClinGen:CA4239556,2,673534,44149722,A,G,-,-,-,-,-,-,SCV000974569,-,-
662432,single nucleotide variant,NM_000162.5(GCK):c.483+87A>C,2645,GCK,HGNC:4195,Benign,0,"Jun 20, 2018",2268573,-,RCV000836326,MedGen:C3661900,not provided,germline,germline,GRCh37,NC_000007.13,7,44190468,44190468,na,na,7p13,"criteria provided, single submitter",1,-,N,ClinGen:CA15501226,2,676858,44190468,T,G,-,-,-,-,-,-,SCV000978170,-,-
662432,single nucleotide variant,NM_000162.5(GCK):c.483+87A>C,2645,GCK,HGNC:4195,Benign,0,"Jun 20, 2018",2268573,-,RCV000836326,MedGen:C3661900,not provided,germline,germline,GRCh38,NC_000007.14,7,44150869,44150869,na,na,7p13,"criteria provided, single submitter",1,-,N,ClinGen:CA15501226,2,676858,44150869,T,G,-,-,-,-,-,-,SCV000978170,-,-
662433,single nucleotide variant,NM_000162.5(GCK):c.46-6080G>A,2645,GCK,HGNC:4195,Benign,0,"Jun 14, 2018",1799831,-,RCV000835590,MedGen:C3661900,not provided,germline,germline,GRCh37,NC_000007.13,7,44199142,44199142,na,na,7p13,"criteria provided, single submitter",1,-,N,ClinGen:CA12612269,2,676190,44199142,C,T,-,-,-,-,-,-,SCV000977384,-,-
662433,single nucleotide variant,NM_000162.5(GCK):c.46-6080G>A,2645,GCK,HGNC:4195,Benign,0,"Jun 14, 2018",1799831,-,RCV000835590,MedGen:C3661900,not provided,germline,germline,GRCh38,NC_000007.14,7,44159543,44159543,na,na,7p13,"criteria provided, single submitter",1,-,N,ClinGen:CA12612269,2,676190,44159543,C,T,-,-,-,-,-,-,SCV000977384,-,-
662936,single nucleotide variant,NM_000162.5(GCK):c.1253+49G>A,2645,GCK,HGNC:4195,Benign,0,"Jun 14, 2018",13306387,-,RCV000833675,MedGen:C3661900,not provided,germline,germline,GRCh37,NC_000007.13,7,44185047,44185047,na,na,7p13,"criteria provided, single submitter",1,-,N,ClinGen:CA4239396,2,674359,44185047,C,T,-,-,-,-,-,-,SCV000975439,-,-
662936,single nucleotide variant,NM_000162.5(GCK):c.1253+49G>A,2645,GCK,HGNC:4195,Benign,0,"Jun 14, 2018",13306387,-,RCV000833675,MedGen:C3661900,not provided,germline,germline,GRCh38,NC_000007.14,7,44145448,44145448,na,na,7p13,"criteria provided, single submitter",1,-,N,ClinGen:CA4239396,2,674359,44145448,C,T,-,-,-,-,-,-,SCV000975439,-,-
662944,Deletion,NM_000162.5(GCK):c.1019+275del,2645,GCK,HGNC:4195,Benign,0,"Jun 14, 2018",5883890,-,RCV000828882|RCV002463742,"MedGen:C3661900|Human Phenotype Ontology:HP:0004904,MONDO:MONDO:0018911,MedGen:C0342276,OMIM:PS125850,Orphanet:552",not provided|Maturity-onset diabetes of the young,germline;unknown,germline,GRCh37,NC_000007.13,7,44185787,44185787,na,na,7p13,"criteria provided, multiple submitters, no conflicts",2,-,N,ClinGen:CA4239464,2,669783,44185786,GC,G,-,-,-,-,-,-,SCV000970585|SCV002605115,-,-
662944,Deletion,NM_000162.5(GCK):c.1019+275del,2645,GCK,HGNC:4195,Benign,0,"Jun 14, 2018",5883890,-,RCV000828882|RCV002463742,"MedGen:C3661900|Human Phenotype Ontology:HP:0004904,MONDO:MONDO:0018911,MedGen:C0342276,OMIM:PS125850,Orphanet:552",not provided|Maturity-onset diabetes of the young,germline;unknown,germline,GRCh38,NC_000007.14,7,44146188,44146188,na,na,7p13,"criteria provided, multiple submitters, no conflicts",2,-,N,ClinGen:CA4239464,2,669783,44146187,GC,G,-,-,-,-,-,-,SCV000970585|SCV002605115,-,-
662946,single nucleotide variant,NM_000162.5(GCK):c.1019+257G>C,2645,GCK,HGNC:4195,Benign,0,"Jun 14, 2018",887687,-,RCV000828875,MedGen:C3661900,not provided,germline,germline,GRCh37,NC_000007.13,7,44185805,44185805,na,na,7p13,"criteria provided, single submitter",1,-,N,ClinGen:CA12505476,2,669776,44185805,C,G,-,-,-,-,-,-,SCV000970578,-,-
662946,single nucleotide variant,NM_000162.5(GCK):c.1019+257G>C,2645,GCK,HGNC:4195,Benign,0,"Jun 14, 2018",887687,-,RCV000828875,MedGen:C3661900,not provided,germline,germline,GRCh38,NC_000007.14,7,44146206,44146206,na,na,7p13,"criteria provided, single submitter",1,-,N,ClinGen:CA12505476,2,669776,44146206,C,G,-,-,-,-,-,-,SCV000970578,-,-
662948,single nucleotide variant,NM_000162.5(GCK):c.864-105G>A,2645,GCK,HGNC:4195,Benign/Likely benign,0,"Jun 14, 2018",139242745,-,RCV000837378|RCV002463745,"MedGen:C3661900|Human Phenotype Ontology:HP:0004904,MONDO:MONDO:0018911,MedGen:C0342276,OMIM:PS125850,Orphanet:552",not provided|Maturity-onset diabetes of the young,germline;unknown,germline,GRCh37,NC_000007.13,7,44186322,44186322,na,na,7p13,"criteria provided, multiple submitters, no conflicts",3,-,N,ClinGen:CA157914675,2,677815,44186322,C,T,-,-,-,-,-,-,SCV000979231|SCV002605130|SCV005227295,-,-
662948,single nucleotide variant,NM_000162.5(GCK):c.864-105G>A,2645,GCK,HGNC:4195,Benign/Likely benign,0,"Jun 14, 2018",139242745,-,RCV000837378|RCV002463745,"MedGen:C3661900|Human Phenotype Ontology:HP:0004904,MONDO:MONDO:0018911,MedGen:C0342276,OMIM:PS125850,Orphanet:552",not provided|Maturity-onset diabetes of the young,germline;unknown,germline,GRCh38,NC_000007.14,7,44146723,44146723,na,na,7p13,"criteria provided, multiple submitters, no conflicts",3,-,N,ClinGen:CA157914675,2,677815,44146723,C,T,-,-,-,-,-,-,SCV000979231|SCV002605130|SCV005227295,-,-
662949,single nucleotide variant,NM_000162.5(GCK):c.208+17G>A,2645,GCK,HGNC:4195,Benign/Likely benign,0,"Aug 26, 2025",199822205,-,RCV000828155|RCV002465791|RCV002501162,"MedGen:C3661900|Human Phenotype Ontology:HP:0004904,MONDO:MONDO:0018911,MedGen:C0342276,OMIM:PS125850,Orphanet:552|Human Phenotype Ontology:HP:0005965,Human Phenotype Ontology:HP:0005978,Human Phenotype Ontology:HP:0100652,MONDO:MONDO:0005148,MeSH:D003924,MedGen:C0011860,OMIM:125853;MONDO:MONDO:0011236,MedGen:C1865290,OMIM:602485,Orphanet:79299;MONDO:MONDO:0007453,MedGen:C0342277,OMIM:125851,Orphanet:552;MONDO:MONDO:0100165,MedGen:C5393570,OMIM:606176",not provided|Maturity-onset diabetes of the young|Type 2 diabetes mellitus;Hyperinsulinism due to glucokinase deficiency;Maturity-onset diabetes of the young type 2;Permanent neonatal diabetes mellitus 1,germline;unknown,germline,GRCh37,NC_000007.13,7,44192883,44192883,na,na,7p13,"criteria provided, multiple submitters, no conflicts",4,-,N,ClinGen:CA4239702,2,669148,44192883,C,T,-,-,-,-,-,-,SCV000969837|SCV002444586|SCV002605375|SCV002806342,-,-
662949,single nucleotide variant,NM_000162.5(GCK):c.208+17G>A,2645,GCK,HGNC:4195,Benign/Likely benign,0,"Aug 26, 2025",199822205,-,RCV000828155|RCV002465791|RCV002501162,"MedGen:C3661900|Human Phenotype Ontology:HP:0004904,MONDO:MONDO:0018911,MedGen:C0342276,OMIM:PS125850,Orphanet:552|Human Phenotype Ontology:HP:0005965,Human Phenotype Ontology:HP:0005978,Human Phenotype Ontology:HP:0100652,MONDO:MONDO:0005148,MeSH:D003924,MedGen:C0011860,OMIM:125853;MONDO:MONDO:0011236,MedGen:C1865290,OMIM:602485,Orphanet:79299;MONDO:MONDO:0007453,MedGen:C0342277,OMIM:125851,Orphanet:552;MONDO:MONDO:0100165,MedGen:C5393570,OMIM:606176",not provided|Maturity-onset diabetes of the young|Type 2 diabetes mellitus;Hyperinsulinism due to glucokinase deficiency;Maturity-onset diabetes of the young type 2;Permanent neonatal diabetes mellitus 1,germline;unknown,germline,GRCh38,NC_000007.14,7,44153284,44153284,na,na,7p13,"criteria provided, multiple submitters, no conflicts",4,-,N,ClinGen:CA4239702,2,669148,44153284,C,T,-,-,-,-,-,-,SCV000969837|SCV002444586|SCV002605375|SCV002806342,-,-
662951,single nucleotide variant,NM_000162.5(GCK):c.209-236G>T,2645,GCK,HGNC:4195,Benign,0,"Jun 20, 2018",2971677,-,RCV000836325|RCV002464335|RCV005904351|RCV005904350,"MedGen:C3661900|Human Phenotype Ontology:HP:0004904,MONDO:MONDO:0018911,MedGen:C0342276,OMIM:PS125850,Orphanet:552|MedGen:C0242379|MedGen:C0279663",not provided|Maturity-onset diabetes of the young|Lung cancer|Ovarian serous cystadenocarcinoma,germline;not applicable;unknown,germline,GRCh37,NC_000007.13,7,44192260,44192260,na,na,7p13,"criteria provided, multiple submitters, no conflicts",3,-,N,ClinGen:CA16298596,2,676857,44192260,C,A,-,-,-,-,-,-,SCV000978169|SCV002605374,-,-
662951,single nucleotide variant,NM_000162.5(GCK):c.209-236G>T,2645,GCK,HGNC:4195,Benign,0,"Jun 20, 2018",2971677,-,RCV000836325|RCV002464335|RCV005904351|RCV005904350,"MedGen:C3661900|Human Phenotype Ontology:HP:0004904,MONDO:MONDO:0018911,MedGen:C0342276,OMIM:PS125850,Orphanet:552|MedGen:C0242379|MedGen:C0279663",not provided|Maturity-onset diabetes of the young|Lung cancer|Ovarian serous cystadenocarcinoma,germline;not applicable;unknown,germline,GRCh38,NC_000007.14,7,44152661,44152661,na,na,7p13,"criteria provided, multiple submitters, no conflicts",3,-,N,ClinGen:CA16298596,2,676857,44152661,C,A,-,-,-,-,-,-,SCV000978169|SCV002605374,-,-
662953,single nucleotide variant,NM_000162.5(GCK):c.46-4521C>A,2645,GCK,HGNC:4195,Benign,0,"Jun 14, 2018",2070971,-,RCV000843827|RCV002463747,"MedGen:C3661900|Human Phenotype Ontology:HP:0004904,MONDO:MONDO:0018911,MedGen:C0342276,OMIM:PS125850,Orphanet:552",not provided|Maturity-onset diabetes of the young,germline;unknown,germline,GRCh37,NC_000007.13,7,44197583,44197583,na,na,7p13,"criteria provided, multiple submitters, no conflicts",2,-,N,ClinGen:CA12612268,2,683652,44197583,G,T,-,-,-,-,-,-,SCV000985871|SCV002605177,-,-
662953,single nucleotide variant,NM_000162.5(GCK):c.46-4521C>A,2645,GCK,HGNC:4195,Benign,0,"Jun 14, 2018",2070971,-,RCV000843827|RCV002463747,"MedGen:C3661900|Human Phenotype Ontology:HP:0004904,MONDO:MONDO:0018911,MedGen:C0342276,OMIM:PS125850,Orphanet:552",not provided|Maturity-onset diabetes of the young,germline;unknown,germline,GRCh38,NC_000007.14,7,44157984,44157984,na,na,7p13,"criteria provided, multiple submitters, no conflicts",2,-,N,ClinGen:CA12612268,2,683652,44157984,G,T,-,-,-,-,-,-,SCV000985871|SCV002605177,-,-
662955,single nucleotide variant,NM_000162.5(GCK):c.46-4952G>A,2645,GCK,HGNC:4195,Benign/Likely benign,0,"Jun 16, 2018",76178320,-,RCV000833145|RCV002463744,"MedGen:C3661900|Human Phenotype Ontology:HP:0004904,MONDO:MONDO:0018911,MedGen:C0342276,OMIM:PS125850,Orphanet:552",not provided|Maturity-onset diabetes of the young,germline;unknown,germline,GRCh37,NC_000007.13,7,44198014,44198014,na,na,7p13,"criteria provided, multiple submitters, no conflicts",2,-,N,ClinGen:CA157924687,2,673856,44198014,C,T,-,-,-,-,-,-,SCV000974904|SCV002605179,-,-
662955,single nucleotide variant,NM_000162.5(GCK):c.46-4952G>A,2645,GCK,HGNC:4195,Benign/Likely benign,0,"Jun 16, 2018",76178320,-,RCV000833145|RCV002463744,"MedGen:C3661900|Human Phenotype Ontology:HP:0004904,MONDO:MONDO:0018911,MedGen:C0342276,OMIM:PS125850,Orphanet:552",not provided|Maturity-onset diabetes of the young,germline;unknown,germline,GRCh38,NC_000007.14,7,44158415,44158415,na,na,7p13,"criteria provided, multiple submitters, no conflicts",2,-,N,ClinGen:CA157924687,2,673856,44158415,C,T,-,-,-,-,-,-,SCV000974904|SCV002605179,-,-
662957,single nucleotide variant,NM_000162.5(GCK):c.46-4438C>T,2645,GCK,HGNC:4195,Benign/Likely benign,0,"Jun 14, 2018",41282712,-,RCV000832331|RCV002463743,"MedGen:C3661900|Human Phenotype Ontology:HP:0004904,MONDO:MONDO:0018911,MedGen:C0342276,OMIM:PS125850,Orphanet:552",not provided|Maturity-onset diabetes of the young,germline;unknown,germline,GRCh37,NC_000007.13,7,44197500,44197500,na,na,7p13,"criteria provided, multiple submitters, no conflicts",3,-,N,ClinGen:CA157924267,2,673066,44197500,G,A,-,-,-,-,-,-,SCV000974086|SCV002605185|SCV005227301,-,-
662957,single nucleotide variant,NM_000162.5(GCK):c.46-4438C>T,2645,GCK,HGNC:4195,Benign/Likely benign,0,"Jun 14, 2018",41282712,-,RCV000832331|RCV002463743,"MedGen:C3661900|Human Phenotype Ontology:HP:0004904,MONDO:MONDO:0018911,MedGen:C0342276,OMIM:PS125850,Orphanet:552",not provided|Maturity-onset diabetes of the young,germline;unknown,germline,GRCh38,NC_000007.14,7,44157901,44157901,na,na,7p13,"criteria provided, multiple submitters, no conflicts",3,-,N,ClinGen:CA157924267,2,673066,44157901,G,A,-,-,-,-,-,-,SCV000974086|SCV002605185|SCV005227301,-,-
662969,Duplication,NM_000162.5(GCK):c.46-5883dup,2645,GCK,HGNC:4195,Benign/Likely benign,0,"Jun 14, 2018",61641319,-,RCV000843826|RCV002463746,"MedGen:C3661900|Human Phenotype Ontology:HP:0004904,MONDO:MONDO:0018911,MedGen:C0342276,OMIM:PS125850,Orphanet:552",not provided|Maturity-onset diabetes of the young,germline;unknown,germline,GRCh37,NC_000007.13,7,44198944,44198945,na,na,7p13,"criteria provided, multiple submitters, no conflicts",2,-,N,ClinGen:CA157925507,2,683651,44198944,G,GC,-,-,-,-,-,-,SCV000985870|SCV002605180,-,-
662969,Duplication,NM_000162.5(GCK):c.46-5883dup,2645,GCK,HGNC:4195,Benign/Likely benign,0,"Jun 14, 2018",61641319,-,RCV000843826|RCV002463746,"MedGen:C3661900|Human Phenotype Ontology:HP:0004904,MONDO:MONDO:0018911,MedGen:C0342276,OMIM:PS125850,Orphanet:552",not provided|Maturity-onset diabetes of the young,germline;unknown,germline,GRCh38,NC_000007.14,7,44159345,44159346,na,na,7p13,"criteria provided, multiple submitters, no conflicts",2,-,N,ClinGen:CA157925507,2,683651,44159345,G,GC,-,-,-,-,-,-,SCV000985870|SCV002605180,-,-
662973,Duplication,NM_000162.5(GCK):c.46-5908dup,2645,GCK,HGNC:4195,Benign,0,"Jun 14, 2018",60650959,-,RCV000828863,MedGen:CN517202,not provided,germline,germline,GRCh37,NC_000007.13,7,44198967,44198968,na,na,7p13,"criteria provided, single submitter",1,-,N,ClinGen:CA157925586,2,669765,44198967,T,TG,-,-,-,-,-,-,SCV000970565,-,-
662973,Duplication,NM_000162.5(GCK):c.46-5908dup,2645,GCK,HGNC:4195,Benign,0,"Jun 14, 2018",60650959,-,RCV000828863,MedGen:CN517202,not provided,germline,germline,GRCh38,NC_000007.14,7,44159368,44159369,na,na,7p13,"criteria provided, single submitter",1,-,N,ClinGen:CA157925586,2,669765,44159368,T,TG,-,-,-,-,-,-,SCV000970565,-,-
682320,single nucleotide variant,NM_000525.4(KCNJ11):c.365T>C (p.Leu122Pro),3767,KCNJ11,HGNC:6257,Conflicting classifications of pathogenicity,1,"Aug 21, 2019",1591695840,-,RCV000855725|RCV002226743,"MONDO:MONDO:0011153,MedGen:C2931833,OMIM:601820,Orphanet:276580,Orphanet:276603|Human Phenotype Ontology:HP:0004904,MONDO:MONDO:0018911,MedGen:C0342276,OMIM:PS125850,Orphanet:552","Hyperinsulinemic hypoglycemia, familial, 2|Maturity-onset diabetes of the young",germline;somatic,germline/somatic,GRCh37,NC_000011.9,11,17409274,17409274,na,na,11p15.1,"criteria provided, conflicting classifications",2,-,N,ClinGen:CA379774149,2,694392,17409274,A,G,-,-,-,-,-,-,SCV000998753|SCV002505448,-,-
682320,single nucleotide variant,NM_000525.4(KCNJ11):c.365T>C (p.Leu122Pro),3767,KCNJ11,HGNC:6257,Conflicting classifications of pathogenicity,1,"Aug 21, 2019",1591695840,-,RCV000855725|RCV002226743,"MONDO:MONDO:0011153,MedGen:C2931833,OMIM:601820,Orphanet:276580,Orphanet:276603|Human Phenotype Ontology:HP:0004904,MONDO:MONDO:0018911,MedGen:C0342276,OMIM:PS125850,Orphanet:552","Hyperinsulinemic hypoglycemia, familial, 2|Maturity-onset diabetes of the young",germline;somatic,germline/somatic,GRCh38,NC_000011.10,11,17387727,17387727,na,na,11p15.1,"criteria provided, conflicting classifications",2,-,N,ClinGen:CA379774149,2,694392,17387727,A,G,-,-,-,-,-,-,SCV000998753|SCV002505448,-,-
692969,single nucleotide variant,NM_000352.6(ABCC8):c.4360C>T (p.Leu1454=),6833,ABCC8,HGNC:59,Conflicting classifications of pathogenicity,0,"Jan 22, 2024",544133684,-,RCV000873281|RCV002245718|RCV002245717,"MedGen:C3661900|Human Phenotype Ontology:HP:0008255,MONDO:MONDO:0020525,MedGen:C0342273|Human Phenotype Ontology:HP:0004904,MONDO:MONDO:0018911,MedGen:C0342276,OMIM:PS125850,Orphanet:552",not provided|Transitory neonatal diabetes mellitus|Maturity-onset diabetes of the young,germline;somatic,germline/somatic,GRCh37,NC_000011.9,11,17416770,17416770,na,na,11p15.1,"criteria provided, conflicting classifications",2,-,N,ClinGen:CA5902486,2,703596,17416770,G,A,-,-,-,-,-,-,SCV001015244|SCV002513320|SCV002513321,-,-
692969,single nucleotide variant,NM_000352.6(ABCC8):c.4360C>T (p.Leu1454=),6833,ABCC8,HGNC:59,Conflicting classifications of pathogenicity,0,"Jan 22, 2024",544133684,-,RCV000873281|RCV002245718|RCV002245717,"MedGen:C3661900|Human Phenotype Ontology:HP:0008255,MONDO:MONDO:0020525,MedGen:C0342273|Human Phenotype Ontology:HP:0004904,MONDO:MONDO:0018911,MedGen:C0342276,OMIM:PS125850,Orphanet:552",not provided|Transitory neonatal diabetes mellitus|Maturity-onset diabetes of the young,germline;somatic,germline/somatic,GRCh38,NC_000011.10,11,17395223,17395223,na,na,11p15.1,"criteria provided, conflicting classifications",2,-,N,ClinGen:CA5902486,2,703596,17395223,G,A,-,-,-,-,-,-,SCV001015244|SCV002513320|SCV002513321,-,-
692970,single nucleotide variant,NM_000352.6(ABCC8):c.3516C>T (p.Ile1172=),6833,ABCC8,HGNC:59,Likely benign,0,"Dec 28, 2025",142155036,-,RCV000877386|RCV002454050|RCV004541763,"MedGen:C3661900|MeSH:D030342,MedGen:C0950123|",not provided|Inborn genetic diseases|ABCC8-related disorder,germline,germline,GRCh37,NC_000011.9,11,17426100,17426100,na,na,11p15.1,"criteria provided, multiple submitters, no conflicts",3,-,N,ClinGen:CA218417245,2,706690,17426100,G,A,-,-,-,-,-,-,SCV001020117|SCV002614643,-,-
692970,single nucleotide variant,NM_000352.6(ABCC8):c.3516C>T (p.Ile1172=),6833,ABCC8,HGNC:59,Likely benign,0,"Dec 28, 2025",142155036,-,RCV000877386|RCV002454050|RCV004541763,"MedGen:C3661900|MeSH:D030342,MedGen:C0950123|",not provided|Inborn genetic diseases|ABCC8-related disorder,germline,germline,GRCh38,NC_000011.10,11,17404553,17404553,na,na,11p15.1,"criteria provided, multiple submitters, no conflicts",3,-,N,ClinGen:CA218417245,2,706690,17404553,G,A,-,-,-,-,-,-,SCV001020117|SCV002614643,-,-
692971,single nucleotide variant,NM_000352.6(ABCC8):c.3111C>T (p.Thr1037=),6833,ABCC8,HGNC:59,Conflicting classifications of pathogenicity,0,"Jan 09, 2026",201662945,-,RCV000877387|RCV001274295|RCV002251527|RCV002251526|RCV003169205|RCV004530869,"MedGen:C3661900||Human Phenotype Ontology:HP:0008255,MONDO:MONDO:0020525,MedGen:C0342273|Human Phenotype Ontology:HP:0004904,MONDO:MONDO:0018911,MedGen:C0342276,OMIM:PS125850,Orphanet:552|MeSH:D030342,MedGen:C0950123|",not provided|Hereditary hyperinsulinism|Transitory neonatal diabetes mellitus|Maturity-onset diabetes of the young|Inborn genetic diseases|ABCC8-related disorder,germline;somatic,germline/somatic,GRCh37,NC_000011.9,11,17428486,17428486,na,na,11p15.1,"criteria provided, conflicting classifications",5,-,N,ClinGen:CA5902920,2,706691,17428486,G,A,-,-,-,-,-,-,SCV001020118|SCV002520762|SCV002520763|SCV003911338,-,-
692971,single nucleotide variant,NM_000352.6(ABCC8):c.3111C>T (p.Thr1037=),6833,ABCC8,HGNC:59,Conflicting classifications of pathogenicity,0,"Jan 09, 2026",201662945,-,RCV000877387|RCV001274295|RCV002251527|RCV002251526|RCV003169205|RCV004530869,"MedGen:C3661900||Human Phenotype Ontology:HP:0008255,MONDO:MONDO:0020525,MedGen:C0342273|Human Phenotype Ontology:HP:0004904,MONDO:MONDO:0018911,MedGen:C0342276,OMIM:PS125850,Orphanet:552|MeSH:D030342,MedGen:C0950123|",not provided|Hereditary hyperinsulinism|Transitory neonatal diabetes mellitus|Maturity-onset diabetes of the young|Inborn genetic diseases|ABCC8-related disorder,germline;somatic,germline/somatic,GRCh38,NC_000011.10,11,17406939,17406939,na,na,11p15.1,"criteria provided, conflicting classifications",5,-,N,ClinGen:CA5902920,2,706691,17406939,G,A,-,-,-,-,-,-,SCV001020118|SCV002520762|SCV002520763|SCV003911338,-,-
692972,single nucleotide variant,NM_000352.6(ABCC8):c.2958G>A (p.Ser986=),6833,ABCC8,HGNC:59,Conflicting classifications of pathogenicity,0,"Feb 04, 2026",58820146,-,RCV000871676|RCV001107178|RCV001107176|RCV001107177|RCV001277194|RCV001817009|RCV002251524|RCV002251525|RCV003169172,"MedGen:C3661900|MONDO:MONDO:0009734,MedGen:C2931832,OMIM:256450,Orphanet:276575,Orphanet:276598|MONDO:MONDO:0012480,MedGen:C1835887,OMIM:610374,Orphanet:99886|MONDO:MONDO:0100164,MedGen:C1833104,OMIM:PS606176,Orphanet:99885||MedGen:CN169374|Human Phenotype Ontology:HP:0004904,MONDO:MONDO:0018911,MedGen:C0342276,OMIM:PS125850,Orphanet:552|Human Phenotype Ontology:HP:0008255,MONDO:MONDO:0020525,MedGen:C0342273|MeSH:D030342,MedGen:C0950123","not provided|Hyperinsulinemic hypoglycemia, familial, 1|Diabetes mellitus, transient neonatal, 2|Permanent neonatal diabetes mellitus|Hereditary hyperinsulinism|not specified|Maturity-onset diabetes of the young|Transitory neonatal diabetes mellitus|Inborn genetic diseases",germline;unknown,germline,GRCh37,NC_000011.9,11,17428639,17428639,na,na,11p15.1,"criteria provided, conflicting classifications",8,-,N,ClinGen:CA5902962,2,702557,17428639,C,T,-,-,-,-,-,-,SCV001013366|SCV001142886|SCV001264313|SCV001264314|SCV001264315|SCV001803913|SCV002069758|SCV002521934|SCV002521935|SCV003911334,-,-
692972,single nucleotide variant,NM_000352.6(ABCC8):c.2958G>A (p.Ser986=),6833,ABCC8,HGNC:59,Conflicting classifications of pathogenicity,0,"Feb 04, 2026",58820146,-,RCV000871676|RCV001107178|RCV001107176|RCV001107177|RCV001277194|RCV001817009|RCV002251524|RCV002251525|RCV003169172,"MedGen:C3661900|MONDO:MONDO:0009734,MedGen:C2931832,OMIM:256450,Orphanet:276575,Orphanet:276598|MONDO:MONDO:0012480,MedGen:C1835887,OMIM:610374,Orphanet:99886|MONDO:MONDO:0100164,MedGen:C1833104,OMIM:PS606176,Orphanet:99885||MedGen:CN169374|Human Phenotype Ontology:HP:0004904,MONDO:MONDO:0018911,MedGen:C0342276,OMIM:PS125850,Orphanet:552|Human Phenotype Ontology:HP:0008255,MONDO:MONDO:0020525,MedGen:C0342273|MeSH:D030342,MedGen:C0950123","not provided|Hyperinsulinemic hypoglycemia, familial, 1|Diabetes mellitus, transient neonatal, 2|Permanent neonatal diabetes mellitus|Hereditary hyperinsulinism|not specified|Maturity-onset diabetes of the young|Transitory neonatal diabetes mellitus|Inborn genetic diseases",germline;unknown,germline,GRCh38,NC_000011.10,11,17407092,17407092,na,na,11p15.1,"criteria provided, conflicting classifications",8,-,N,ClinGen:CA5902962,2,702557,17407092,C,T,-,-,-,-,-,-,SCV001013366|SCV001142886|SCV001264313|SCV001264314|SCV001264315|SCV001803913|SCV002069758|SCV002521934|SCV002521935|SCV003911334,-,-
692973,single nucleotide variant,NM_000352.6(ABCC8):c.102G>A (p.Val34=),6833,ABCC8,HGNC:59,Conflicting classifications of pathogenicity,0,"Feb 04, 2026",189746511,-,RCV001253883|RCV001835350|RCV002254340|RCV002254339|RCV003166579|RCV003317468,"MedGen:C3661900||Human Phenotype Ontology:HP:0008255,MONDO:MONDO:0020525,MedGen:C0342273|Human Phenotype Ontology:HP:0004904,MONDO:MONDO:0018911,MedGen:C0342276,OMIM:PS125850,Orphanet:552|MeSH:D030342,MedGen:C0950123|MedGen:CN169374",not provided|Hereditary hyperinsulinism|Transitory neonatal diabetes mellitus|Maturity-onset diabetes of the young|Inborn genetic diseases|not specified,germline;unknown,germline,GRCh37,NC_000011.9,11,17498222,17498222,na,na,11p15.1,"criteria provided, conflicting classifications",6,-,N,ClinGen:CA5903982,2,976552,17498222,C,T,-,-,-,-,-,-,SCV001429762|SCV002524142|SCV002524143|SCV003911336|SCV004020579|SCV004563893,-,-
692973,single nucleotide variant,NM_000352.6(ABCC8):c.102G>A (p.Val34=),6833,ABCC8,HGNC:59,Conflicting classifications of pathogenicity,0,"Feb 04, 2026",189746511,-,RCV001253883|RCV001835350|RCV002254340|RCV002254339|RCV003166579|RCV003317468,"MedGen:C3661900||Human Phenotype Ontology:HP:0008255,MONDO:MONDO:0020525,MedGen:C0342273|Human Phenotype Ontology:HP:0004904,MONDO:MONDO:0018911,MedGen:C0342276,OMIM:PS125850,Orphanet:552|MeSH:D030342,MedGen:C0950123|MedGen:CN169374",not provided|Hereditary hyperinsulinism|Transitory neonatal diabetes mellitus|Maturity-onset diabetes of the young|Inborn genetic diseases|not specified,germline;unknown,germline,GRCh38,NC_000011.10,11,17476675,17476675,na,na,11p15.1,"criteria provided, conflicting classifications",6,-,N,ClinGen:CA5903982,2,976552,17476675,C,T,-,-,-,-,-,-,SCV001429762|SCV002524142|SCV002524143|SCV003911336|SCV004020579|SCV004563893,-,-
695500,single nucleotide variant,NM_000352.6(ABCC8):c.1818-6G>A,6833,ABCC8,HGNC:59,Conflicting classifications of pathogenicity,0,"Jan 14, 2026",368708177,-,RCV000873971|RCV001274302|RCV001817028|RCV002267035|RCV002267034,"MedGen:C3661900||MedGen:CN169374|Human Phenotype Ontology:HP:0008255,MONDO:MONDO:0020525,MedGen:C0342273|Human Phenotype Ontology:HP:0004904,MONDO:MONDO:0018911,MedGen:C0342276,OMIM:PS125850,Orphanet:552",not provided|Hereditary hyperinsulinism|not specified|Transitory neonatal diabetes mellitus|Maturity-onset diabetes of the young,germline;unknown,germline,GRCh37,NC_000011.9,11,17450223,17450223,na,na,11p15.1,"criteria provided, conflicting classifications",5,-,N,ClinGen:CA5903421,2,704069,17450223,C,T,-,-,-,-,-,-,SCV001016074|SCV002066199|SCV002522335|SCV002522336|SCV004025811,-,-
695500,single nucleotide variant,NM_000352.6(ABCC8):c.1818-6G>A,6833,ABCC8,HGNC:59,Conflicting classifications of pathogenicity,0,"Jan 14, 2026",368708177,-,RCV000873971|RCV001274302|RCV001817028|RCV002267035|RCV002267034,"MedGen:C3661900||MedGen:CN169374|Human Phenotype Ontology:HP:0008255,MONDO:MONDO:0020525,MedGen:C0342273|Human Phenotype Ontology:HP:0004904,MONDO:MONDO:0018911,MedGen:C0342276,OMIM:PS125850,Orphanet:552",not provided|Hereditary hyperinsulinism|not specified|Transitory neonatal diabetes mellitus|Maturity-onset diabetes of the young,germline;unknown,germline,GRCh38,NC_000011.10,11,17428676,17428676,na,na,11p15.1,"criteria provided, conflicting classifications",5,-,N,ClinGen:CA5903421,2,704069,17428676,C,T,-,-,-,-,-,-,SCV001016074|SCV002066199|SCV002522335|SCV002522336|SCV004025811,-,-
695501,single nucleotide variant,NM_000352.6(ABCC8):c.291-8C>T,6833,ABCC8,HGNC:59,Conflicting classifications of pathogenicity,0,"Dec 06, 2025",370095966,-,RCV000877378|RCV002254178|RCV002254179,"MedGen:C3661900|Human Phenotype Ontology:HP:0004904,MONDO:MONDO:0018911,MedGen:C0342276,OMIM:PS125850,Orphanet:552|Human Phenotype Ontology:HP:0008255,MONDO:MONDO:0020525,MedGen:C0342273",not provided|Maturity-onset diabetes of the young|Transitory neonatal diabetes mellitus,germline;unknown,germline,GRCh37,NC_000011.9,11,17491777,17491777,na,na,11p15.1,"criteria provided, conflicting classifications",2,-,N,ClinGen:CA5903916,2,706684,17491777,G,A,-,-,-,-,-,-,SCV001020108|SCV002524105|SCV002524107,-,-
695501,single nucleotide variant,NM_000352.6(ABCC8):c.291-8C>T,6833,ABCC8,HGNC:59,Conflicting classifications of pathogenicity,0,"Dec 06, 2025",370095966,-,RCV000877378|RCV002254178|RCV002254179,"MedGen:C3661900|Human Phenotype Ontology:HP:0004904,MONDO:MONDO:0018911,MedGen:C0342276,OMIM:PS125850,Orphanet:552|Human Phenotype Ontology:HP:0008255,MONDO:MONDO:0020525,MedGen:C0342273",not provided|Maturity-onset diabetes of the young|Transitory neonatal diabetes mellitus,germline;unknown,germline,GRCh38,NC_000011.10,11,17470230,17470230,na,na,11p15.1,"criteria provided, conflicting classifications",2,-,N,ClinGen:CA5903916,2,706684,17470230,G,A,-,-,-,-,-,-,SCV001020108|SCV002524105|SCV002524107,-,-
700080,single nucleotide variant,NM_000162.5(GCK):c.834C>T (p.Asp278=),2645,GCK,HGNC:4195,Benign/Likely benign,0,"Sep 09, 2025",200071687,-,RCV000948767|RCV002463754|RCV002489298|RCV003960598|RCV005236469,"MedGen:C3661900|Human Phenotype Ontology:HP:0004904,MONDO:MONDO:0018911,MedGen:C0342276,OMIM:PS125850,Orphanet:552|Human Phenotype Ontology:HP:0005965,Human Phenotype Ontology:HP:0005978,Human Phenotype Ontology:HP:0100652,MONDO:MONDO:0005148,MeSH:D003924,MedGen:C0011860,OMIM:125853;MONDO:MONDO:0011236,MedGen:C1865290,OMIM:602485,Orphanet:79299;MONDO:MONDO:0007453,MedGen:C0342277,OMIM:125851,Orphanet:552;MONDO:MONDO:0100165,MedGen:C5393570,OMIM:606176||MedGen:CN169374",not provided|Maturity-onset diabetes of the young|Type 2 diabetes mellitus;Hyperinsulinism due to glucokinase deficiency;Maturity-onset diabetes of the young type 2;Permanent neonatal diabetes mellitus 1|GCK-related disorder|not specified,germline;unknown,germline,GRCh37,NC_000007.13,7,44187278,44187278,na,na,7p13,"criteria provided, multiple submitters, no conflicts",7,-,N,ClinGen:CA4239517,2,769711,44187278,G,A,-,-,-,-,-,-,SCV001094989|SCV001144037|SCV002605044|SCV002802894|SCV005589874|SCV005882990,-,-
700080,single nucleotide variant,NM_000162.5(GCK):c.834C>T (p.Asp278=),2645,GCK,HGNC:4195,Benign/Likely benign,0,"Sep 09, 2025",200071687,-,RCV000948767|RCV002463754|RCV002489298|RCV003960598|RCV005236469,"MedGen:C3661900|Human Phenotype Ontology:HP:0004904,MONDO:MONDO:0018911,MedGen:C0342276,OMIM:PS125850,Orphanet:552|Human Phenotype Ontology:HP:0005965,Human Phenotype Ontology:HP:0005978,Human Phenotype Ontology:HP:0100652,MONDO:MONDO:0005148,MeSH:D003924,MedGen:C0011860,OMIM:125853;MONDO:MONDO:0011236,MedGen:C1865290,OMIM:602485,Orphanet:79299;MONDO:MONDO:0007453,MedGen:C0342277,OMIM:125851,Orphanet:552;MONDO:MONDO:0100165,MedGen:C5393570,OMIM:606176||MedGen:CN169374",not provided|Maturity-onset diabetes of the young|Type 2 diabetes mellitus;Hyperinsulinism due to glucokinase deficiency;Maturity-onset diabetes of the young type 2;Permanent neonatal diabetes mellitus 1|GCK-related disorder|not specified,germline;unknown,germline,GRCh38,NC_000007.14,7,44147679,44147679,na,na,7p13,"criteria provided, multiple submitters, no conflicts",7,-,N,ClinGen:CA4239517,2,769711,44147679,G,A,-,-,-,-,-,-,SCV001094989|SCV001144037|SCV002605044|SCV002802894|SCV005589874|SCV005882990,-,-
701679,single nucleotide variant,NM_000352.6(ABCC8):c.4703G>A (p.Arg1568Gln),6833,ABCC8,HGNC:59,Conflicting classifications of pathogenicity,0,"Jan 26, 2026",374743072,-,RCV000945706|RCV001274284|RCV002245780|RCV002245781|RCV004698523,"MedGen:C3661900||Human Phenotype Ontology:HP:0004904,MONDO:MONDO:0018911,MedGen:C0342276,OMIM:PS125850,Orphanet:552|Human Phenotype Ontology:HP:0008255,MONDO:MONDO:0020525,MedGen:C0342273|MONDO:MONDO:0009415,MedGen:C0271714,OMIM:240800",not provided|Hereditary hyperinsulinism|Maturity-onset diabetes of the young|Transitory neonatal diabetes mellitus|Leucine-induced hypoglycemia,germline;somatic,germline/somatic,GRCh37,NC_000011.9,11,17414581,17414581,na,na,11p15.1,"criteria provided, conflicting classifications",4,-,N,ClinGen:CA5902380,2,767064,17414581,C,T,-,-,-,-,-,-,SCV001091751|SCV002512162|SCV002512163|SCV005200358,-,-
701679,single nucleotide variant,NM_000352.6(ABCC8):c.4703G>A (p.Arg1568Gln),6833,ABCC8,HGNC:59,Conflicting classifications of pathogenicity,0,"Jan 26, 2026",374743072,-,RCV000945706|RCV001274284|RCV002245780|RCV002245781|RCV004698523,"MedGen:C3661900||Human Phenotype Ontology:HP:0004904,MONDO:MONDO:0018911,MedGen:C0342276,OMIM:PS125850,Orphanet:552|Human Phenotype Ontology:HP:0008255,MONDO:MONDO:0020525,MedGen:C0342273|MONDO:MONDO:0009415,MedGen:C0271714,OMIM:240800",not provided|Hereditary hyperinsulinism|Maturity-onset diabetes of the young|Transitory neonatal diabetes mellitus|Leucine-induced hypoglycemia,germline;somatic,germline/somatic,GRCh38,NC_000011.10,11,17393034,17393034,na,na,11p15.1,"criteria provided, conflicting classifications",4,-,N,ClinGen:CA5902380,2,767064,17393034,C,T,-,-,-,-,-,-,SCV001091751|SCV002512162|SCV002512163|SCV005200358,-,-
701680,single nucleotide variant,NM_000352.6(ABCC8):c.1368C>T (p.Leu456=),6833,ABCC8,HGNC:59,Conflicting classifications of pathogenicity,0,"Feb 18, 2025",775001123,-,RCV000952428|RCV001276284|RCV002253710|RCV002253711|RCV005236477,"MedGen:C3661900||Human Phenotype Ontology:HP:0004904,MONDO:MONDO:0018911,MedGen:C0342276,OMIM:PS125850,Orphanet:552|Human Phenotype Ontology:HP:0008255,MONDO:MONDO:0020525,MedGen:C0342273|MedGen:CN169374",not provided|Hereditary hyperinsulinism|Maturity-onset diabetes of the young|Transitory neonatal diabetes mellitus|not specified,germline;unknown,germline,GRCh37,NC_000011.9,11,17464824,17464824,na,na,11p15.1,"criteria provided, conflicting classifications",4,-,N,ClinGen:CA5903596,2,772791,17464824,G,A,-,-,-,-,-,-,SCV001098933|SCV002522425|SCV002522426|SCV005886049,-,-
701680,single nucleotide variant,NM_000352.6(ABCC8):c.1368C>T (p.Leu456=),6833,ABCC8,HGNC:59,Conflicting classifications of pathogenicity,0,"Feb 18, 2025",775001123,-,RCV000952428|RCV001276284|RCV002253710|RCV002253711|RCV005236477,"MedGen:C3661900||Human Phenotype Ontology:HP:0004904,MONDO:MONDO:0018911,MedGen:C0342276,OMIM:PS125850,Orphanet:552|Human Phenotype Ontology:HP:0008255,MONDO:MONDO:0020525,MedGen:C0342273|MedGen:CN169374",not provided|Hereditary hyperinsulinism|Maturity-onset diabetes of the young|Transitory neonatal diabetes mellitus|not specified,germline;unknown,germline,GRCh38,NC_000011.10,11,17443277,17443277,na,na,11p15.1,"criteria provided, conflicting classifications",4,-,N,ClinGen:CA5903596,2,772791,17443277,G,A,-,-,-,-,-,-,SCV001098933|SCV002522425|SCV002522426|SCV005886049,-,-
722533,single nucleotide variant,NM_000162.5(GCK):c.609G>A (p.Val203=),2645,GCK,HGNC:4195,Conflicting classifications of pathogenicity,0,"Sep 11, 2025",776703291,-,RCV000884437|RCV002463748|RCV003920612|RCV005036247,"MedGen:C3661900|Human Phenotype Ontology:HP:0004904,MONDO:MONDO:0018911,MedGen:C0342276,OMIM:PS125850,Orphanet:552||MONDO:MONDO:0011236,MedGen:C1865290,OMIM:602485,Orphanet:79299;MONDO:MONDO:0007453,MedGen:C0342277,OMIM:125851,Orphanet:552;MONDO:MONDO:0100165,MedGen:C5393570,OMIM:606176;Human Phenotype Ontology:HP:0005965,Human Phenotype Ontology:HP:0005978,Human Phenotype Ontology:HP:0100652,MONDO:MONDO:0005148,MeSH:D003924,MedGen:C0011860,OMIM:125853",not provided|Maturity-onset diabetes of the young|GCK-related disorder|Hyperinsulinism due to glucokinase deficiency;Maturity-onset diabetes of the young type 2;Permanent neonatal diabetes mellitus 1;Type 2 diabetes mellitus,germline;unknown,germline,GRCh37,NC_000007.13,7,44189429,44189429,na,na,7p13,"criteria provided, conflicting classifications",4,-,N,ClinGen:CA4239570,2,712469,44189429,C,T,-,-,-,-,-,-,SCV001027819|SCV002605196|SCV005668351,-,-
722533,single nucleotide variant,NM_000162.5(GCK):c.609G>A (p.Val203=),2645,GCK,HGNC:4195,Conflicting classifications of pathogenicity,0,"Sep 11, 2025",776703291,-,RCV000884437|RCV002463748|RCV003920612|RCV005036247,"MedGen:C3661900|Human Phenotype Ontology:HP:0004904,MONDO:MONDO:0018911,MedGen:C0342276,OMIM:PS125850,Orphanet:552||MONDO:MONDO:0011236,MedGen:C1865290,OMIM:602485,Orphanet:79299;MONDO:MONDO:0007453,MedGen:C0342277,OMIM:125851,Orphanet:552;MONDO:MONDO:0100165,MedGen:C5393570,OMIM:606176;Human Phenotype Ontology:HP:0005965,Human Phenotype Ontology:HP:0005978,Human Phenotype Ontology:HP:0100652,MONDO:MONDO:0005148,MeSH:D003924,MedGen:C0011860,OMIM:125853",not provided|Maturity-onset diabetes of the young|GCK-related disorder|Hyperinsulinism due to glucokinase deficiency;Maturity-onset diabetes of the young type 2;Permanent neonatal diabetes mellitus 1;Type 2 diabetes mellitus,germline;unknown,germline,GRCh38,NC_000007.14,7,44149830,44149830,na,na,7p13,"criteria provided, conflicting classifications",4,-,N,ClinGen:CA4239570,2,712469,44149830,C,T,-,-,-,-,-,-,SCV001027819|SCV002605196|SCV005668351,-,-
736143,single nucleotide variant,NM_000162.5(GCK):c.849C>T (p.Asn283=),2645,GCK,HGNC:4195,Likely benign,0,"Nov 16, 2024",199851776,-,RCV000895058|RCV002463749,"MedGen:C3661900|Human Phenotype Ontology:HP:0004904,MONDO:MONDO:0018911,MedGen:C0342276,OMIM:PS125850,Orphanet:552",not provided|Maturity-onset diabetes of the young,germline;unknown,germline,GRCh37,NC_000007.13,7,44187263,44187263,na,na,7p13,"criteria provided, multiple submitters, no conflicts",3,-,N,ClinGen:CA157915565,2,721536,44187263,G,A,-,-,-,-,-,-,SCV001039076|SCV002605036|SCV004156832,-,-
736143,single nucleotide variant,NM_000162.5(GCK):c.849C>T (p.Asn283=),2645,GCK,HGNC:4195,Likely benign,0,"Nov 16, 2024",199851776,-,RCV000895058|RCV002463749,"MedGen:C3661900|Human Phenotype Ontology:HP:0004904,MONDO:MONDO:0018911,MedGen:C0342276,OMIM:PS125850,Orphanet:552",not provided|Maturity-onset diabetes of the young,germline;unknown,germline,GRCh38,NC_000007.14,7,44147664,44147664,na,na,7p13,"criteria provided, multiple submitters, no conflicts",3,-,N,ClinGen:CA157915565,2,721536,44147664,G,A,-,-,-,-,-,-,SCV001039076|SCV002605036|SCV004156832,-,-
736144,single nucleotide variant,NM_000162.5(GCK):c.561C>T (p.Asp187=),2645,GCK,HGNC:4195,Benign/Likely benign,0,"Dec 31, 2019",754722633,-,RCV000900557|RCV002463750,"MedGen:C3661900|Human Phenotype Ontology:HP:0004904,MONDO:MONDO:0018911,MedGen:C0342276,OMIM:PS125850,Orphanet:552",not provided|Maturity-onset diabetes of the young,germline;unknown,germline,GRCh37,NC_000007.13,7,44189586,44189586,na,na,7p13,"criteria provided, multiple submitters, no conflicts",2,-,N,ClinGen:CA4239605,2,726351,44189586,G,A,-,-,-,-,-,-,SCV001044882|SCV002605216,-,-
736144,single nucleotide variant,NM_000162.5(GCK):c.561C>T (p.Asp187=),2645,GCK,HGNC:4195,Benign/Likely benign,0,"Dec 31, 2019",754722633,-,RCV000900557|RCV002463750,"MedGen:C3661900|Human Phenotype Ontology:HP:0004904,MONDO:MONDO:0018911,MedGen:C0342276,OMIM:PS125850,Orphanet:552",not provided|Maturity-onset diabetes of the young,germline;unknown,germline,GRCh38,NC_000007.14,7,44149987,44149987,na,na,7p13,"criteria provided, multiple submitters, no conflicts",2,-,N,ClinGen:CA4239605,2,726351,44149987,G,A,-,-,-,-,-,-,SCV001044882|SCV002605216,-,-
737884,single nucleotide variant,NM_000525.4(KCNJ11):c.1062C>T (p.Ser354=),3767,KCNJ11,HGNC:6257,Conflicting classifications of pathogenicity,0,"Oct 05, 2017",1591694628,-,RCV000896907|RCV002227226,"MedGen:C3661900|Human Phenotype Ontology:HP:0004904,MONDO:MONDO:0018911,MedGen:C0342276,OMIM:PS125850,Orphanet:552",not provided|Maturity-onset diabetes of the young,germline;somatic,germline/somatic,GRCh37,NC_000011.9,11,17408577,17408577,na,na,11p15.1,"criteria provided, conflicting classifications",2,-,N,ClinGen:CA473515152,2,723182,17408577,G,A,-,-,-,-,-,-,SCV001041020|SCV002506497,-,-
737884,single nucleotide variant,NM_000525.4(KCNJ11):c.1062C>T (p.Ser354=),3767,KCNJ11,HGNC:6257,Conflicting classifications of pathogenicity,0,"Oct 05, 2017",1591694628,-,RCV000896907|RCV002227226,"MedGen:C3661900|Human Phenotype Ontology:HP:0004904,MONDO:MONDO:0018911,MedGen:C0342276,OMIM:PS125850,Orphanet:552",not provided|Maturity-onset diabetes of the young,germline;somatic,germline/somatic,GRCh38,NC_000011.10,11,17387030,17387030,na,na,11p15.1,"criteria provided, conflicting classifications",2,-,N,ClinGen:CA473515152,2,723182,17387030,G,A,-,-,-,-,-,-,SCV001041020|SCV002506497,-,-
737885,single nucleotide variant,NM_000525.4(KCNJ11):c.27C>T (p.Pro9=),3767,KCNJ11,HGNC:6257,Conflicting classifications of pathogenicity,0,"Jul 13, 2025",374134161,-,RCV000904573|RCV001274283|RCV002434198|RCV002226744,"MedGen:C3661900|MONDO:MONDO:0100164,MedGen:C1833104,OMIM:PS606176,Orphanet:99885|MeSH:D030342,MedGen:C0950123|Human Phenotype Ontology:HP:0004904,MONDO:MONDO:0018911,MedGen:C0342276,OMIM:PS125850,Orphanet:552",not provided|Permanent neonatal diabetes mellitus|Inborn genetic diseases|Maturity-onset diabetes of the young,germline;somatic,germline/somatic,GRCh37,NC_000011.9,11,17409612,17409612,na,na,11p15.1,"criteria provided, conflicting classifications",5,-,N,ClinGen:CA5902347,2,729862,17409612,G,A,-,-,-,-,-,-,SCV001049096|SCV002505417|SCV002747405|SCV004563640,-,-
737885,single nucleotide variant,NM_000525.4(KCNJ11):c.27C>T (p.Pro9=),3767,KCNJ11,HGNC:6257,Conflicting classifications of pathogenicity,0,"Jul 13, 2025",374134161,-,RCV000904573|RCV001274283|RCV002434198|RCV002226744,"MedGen:C3661900|MONDO:MONDO:0100164,MedGen:C1833104,OMIM:PS606176,Orphanet:99885|MeSH:D030342,MedGen:C0950123|Human Phenotype Ontology:HP:0004904,MONDO:MONDO:0018911,MedGen:C0342276,OMIM:PS125850,Orphanet:552",not provided|Permanent neonatal diabetes mellitus|Inborn genetic diseases|Maturity-onset diabetes of the young,germline;somatic,germline/somatic,GRCh38,NC_000011.10,11,17388065,17388065,na,na,11p15.1,"criteria provided, conflicting classifications",5,-,N,ClinGen:CA5902347,2,729862,17388065,G,A,-,-,-,-,-,-,SCV001049096|SCV002505417|SCV002747405|SCV004563640,-,-
737886,single nucleotide variant,NM_000352.6(ABCC8):c.3081G>T (p.Val1027=),6833,ABCC8,HGNC:59,Likely benign,0,"Apr 21, 2021",745860035,-,RCV000897395,MedGen:C3661900,not provided,germline,germline,GRCh37,NC_000011.9,11,17428516,17428516,na,na,11p15.1,"criteria provided, single submitter",1,-,N,ClinGen:CA473515861,2,723617,17428516,C,A,-,-,-,-,-,-,SCV001041536,-,-
737886,single nucleotide variant,NM_000352.6(ABCC8):c.3081G>T (p.Val1027=),6833,ABCC8,HGNC:59,Likely benign,0,"Apr 21, 2021",745860035,-,RCV000897395,MedGen:C3661900,not provided,germline,germline,GRCh38,NC_000011.10,11,17406969,17406969,na,na,11p15.1,"criteria provided, single submitter",1,-,N,ClinGen:CA473515861,2,723617,17406969,C,A,-,-,-,-,-,-,SCV001041536,-,-
737887,single nucleotide variant,NM_000352.6(ABCC8):c.3039G>A (p.Ser1013=),6833,ABCC8,HGNC:59,Conflicting classifications of pathogenicity,0,"Jan 28, 2026",17846762,-,RCV000907113|RCV001274296|RCV002251530|RCV002251529,"MedGen:C3661900||Human Phenotype Ontology:HP:0008255,MONDO:MONDO:0020525,MedGen:C0342273|Human Phenotype Ontology:HP:0004904,MONDO:MONDO:0018911,MedGen:C0342276,OMIM:PS125850,Orphanet:552",not provided|Hereditary hyperinsulinism|Transitory neonatal diabetes mellitus|Maturity-onset diabetes of the young,germline;unknown,germline,GRCh37,NC_000011.9,11,17428558,17428558,na,na,11p15.1,"criteria provided, conflicting classifications",3,-,N,ClinGen:CA5902932,2,732046,17428558,C,T,-,-,-,-,-,-,SCV001051799|SCV002521922|SCV002521925,-,-
737887,single nucleotide variant,NM_000352.6(ABCC8):c.3039G>A (p.Ser1013=),6833,ABCC8,HGNC:59,Conflicting classifications of pathogenicity,0,"Jan 28, 2026",17846762,-,RCV000907113|RCV001274296|RCV002251530|RCV002251529,"MedGen:C3661900||Human Phenotype Ontology:HP:0008255,MONDO:MONDO:0020525,MedGen:C0342273|Human Phenotype Ontology:HP:0004904,MONDO:MONDO:0018911,MedGen:C0342276,OMIM:PS125850,Orphanet:552",not provided|Hereditary hyperinsulinism|Transitory neonatal diabetes mellitus|Maturity-onset diabetes of the young,germline;unknown,germline,GRCh38,NC_000011.10,11,17407011,17407011,na,na,11p15.1,"criteria provided, conflicting classifications",3,-,N,ClinGen:CA5902932,2,732046,17407011,C,T,-,-,-,-,-,-,SCV001051799|SCV002521922|SCV002521925,-,-
737888,single nucleotide variant,NM_000352.6(ABCC8):c.1668C>T (p.Leu556=),6833,ABCC8,HGNC:59,Conflicting classifications of pathogenicity,0,"Nov 21, 2024",1287759139,-,RCV000901951|RCV002267037|RCV002267038,"MedGen:C3661900|Human Phenotype Ontology:HP:0004904,MONDO:MONDO:0018911,MedGen:C0342276,OMIM:PS125850,Orphanet:552|Human Phenotype Ontology:HP:0008255,MONDO:MONDO:0020525,MedGen:C0342273",not provided|Maturity-onset diabetes of the young|Transitory neonatal diabetes mellitus,germline;unknown,germline,GRCh37,NC_000011.9,11,17453754,17453754,na,na,11p15.1,"criteria provided, conflicting classifications",2,-,N,ClinGen:CA473302967,2,727590,17453754,G,A,-,-,-,-,-,-,SCV001046349|SCV002522363|SCV002522364,-,-
737888,single nucleotide variant,NM_000352.6(ABCC8):c.1668C>T (p.Leu556=),6833,ABCC8,HGNC:59,Conflicting classifications of pathogenicity,0,"Nov 21, 2024",1287759139,-,RCV000901951|RCV002267037|RCV002267038,"MedGen:C3661900|Human Phenotype Ontology:HP:0004904,MONDO:MONDO:0018911,MedGen:C0342276,OMIM:PS125850,Orphanet:552|Human Phenotype Ontology:HP:0008255,MONDO:MONDO:0020525,MedGen:C0342273",not provided|Maturity-onset diabetes of the young|Transitory neonatal diabetes mellitus,germline;unknown,germline,GRCh38,NC_000011.10,11,17432207,17432207,na,na,11p15.1,"criteria provided, conflicting classifications",2,-,N,ClinGen:CA473302967,2,727590,17432207,G,A,-,-,-,-,-,-,SCV001046349|SCV002522363|SCV002522364,-,-
737889,single nucleotide variant,NM_000352.6(ABCC8):c.945C>T (p.Ala315=),6833,ABCC8,HGNC:59,Conflicting classifications of pathogenicity,0,"Feb 04, 2026",138521721,-,RCV000905546|RCV001818785|RCV001836006|RCV002259544|RCV002260106|RCV003372912,"MedGen:C3661900|MedGen:CN169374||Human Phenotype Ontology:HP:0004904,MONDO:MONDO:0018911,MedGen:C0342276,OMIM:PS125850,Orphanet:552|Human Phenotype Ontology:HP:0008255,MONDO:MONDO:0020525,MedGen:C0342273|MeSH:D030342,MedGen:C0950123",not provided|not specified|Hereditary hyperinsulinism|Maturity-onset diabetes of the young|Transitory neonatal diabetes mellitus|Inborn genetic diseases,germline;unknown,germline,GRCh37,NC_000011.9,11,17482101,17482101,na,na,11p15.1,"criteria provided, conflicting classifications",6,-,N,ClinGen:CA5903719,2,730708,17482101,G,A,-,-,-,-,-,-,SCV001050133|SCV002069781|SCV002522561|SCV002522562|SCV004094568|SCV004813556,-,-
737889,single nucleotide variant,NM_000352.6(ABCC8):c.945C>T (p.Ala315=),6833,ABCC8,HGNC:59,Conflicting classifications of pathogenicity,0,"Feb 04, 2026",138521721,-,RCV000905546|RCV001818785|RCV001836006|RCV002259544|RCV002260106|RCV003372912,"MedGen:C3661900|MedGen:CN169374||Human Phenotype Ontology:HP:0004904,MONDO:MONDO:0018911,MedGen:C0342276,OMIM:PS125850,Orphanet:552|Human Phenotype Ontology:HP:0008255,MONDO:MONDO:0020525,MedGen:C0342273|MeSH:D030342,MedGen:C0950123",not provided|not specified|Hereditary hyperinsulinism|Maturity-onset diabetes of the young|Transitory neonatal diabetes mellitus|Inborn genetic diseases,germline;unknown,germline,GRCh38,NC_000011.10,11,17460554,17460554,na,na,11p15.1,"criteria provided, conflicting classifications",6,-,N,ClinGen:CA5903719,2,730708,17460554,G,A,-,-,-,-,-,-,SCV001050133|SCV002069781|SCV002522561|SCV002522562|SCV004094568|SCV004813556,-,-
737890,single nucleotide variant,NM_000352.6(ABCC8):c.393C>T (p.Asn131=),6833,ABCC8,HGNC:59,Conflicting classifications of pathogenicity,0,"Nov 08, 2025",372524091,-,RCV000901645|RCV002254529|RCV002254180|RCV004028517,"MedGen:C3661900|Human Phenotype Ontology:HP:0008255,MONDO:MONDO:0020525,MedGen:C0342273|Human Phenotype Ontology:HP:0004904,MONDO:MONDO:0018911,MedGen:C0342276,OMIM:PS125850,Orphanet:552|MeSH:D030342,MedGen:C0950123",not provided|Transitory neonatal diabetes mellitus|Maturity-onset diabetes of the young|Inborn genetic diseases,germline;unknown,germline,GRCh37,NC_000011.9,11,17491667,17491667,na,na,11p15.1,"criteria provided, conflicting classifications",3,-,N,ClinGen:CA5903895,2,727320,17491667,G,A,-,-,-,-,-,-,SCV001046026|SCV002524080|SCV002525872|SCV005034643,-,-
737890,single nucleotide variant,NM_000352.6(ABCC8):c.393C>T (p.Asn131=),6833,ABCC8,HGNC:59,Conflicting classifications of pathogenicity,0,"Nov 08, 2025",372524091,-,RCV000901645|RCV002254529|RCV002254180|RCV004028517,"MedGen:C3661900|Human Phenotype Ontology:HP:0008255,MONDO:MONDO:0020525,MedGen:C0342273|Human Phenotype Ontology:HP:0004904,MONDO:MONDO:0018911,MedGen:C0342276,OMIM:PS125850,Orphanet:552|MeSH:D030342,MedGen:C0950123",not provided|Transitory neonatal diabetes mellitus|Maturity-onset diabetes of the young|Inborn genetic diseases,germline;unknown,germline,GRCh38,NC_000011.10,11,17470120,17470120,na,na,11p15.1,"criteria provided, conflicting classifications",3,-,N,ClinGen:CA5903895,2,727320,17470120,G,A,-,-,-,-,-,-,SCV001046026|SCV002524080|SCV002525872|SCV005034643,-,-
737891,single nucleotide variant,NM_000352.6(ABCC8):c.234C>A (p.Thr78=),6833,ABCC8,HGNC:59,Conflicting classifications of pathogenicity,0,"Mar 14, 2023",1591928554,-,RCV000901808|RCV002254323|RCV002254322,"MedGen:C3661900|Human Phenotype Ontology:HP:0008255,MONDO:MONDO:0020525,MedGen:C0342273|Human Phenotype Ontology:HP:0004904,MONDO:MONDO:0018911,MedGen:C0342276,OMIM:PS125850,Orphanet:552",not provided|Transitory neonatal diabetes mellitus|Maturity-onset diabetes of the young,germline;unknown,germline,GRCh37,NC_000011.9,11,17496489,17496489,na,na,11p15.1,"criteria provided, conflicting classifications",2,-,N,ClinGen:CA473301950,2,727466,17496489,G,T,-,-,-,-,-,-,SCV001046196|SCV002524138|SCV002524139,-,-
737891,single nucleotide variant,NM_000352.6(ABCC8):c.234C>A (p.Thr78=),6833,ABCC8,HGNC:59,Conflicting classifications of pathogenicity,0,"Mar 14, 2023",1591928554,-,RCV000901808|RCV002254323|RCV002254322,"MedGen:C3661900|Human Phenotype Ontology:HP:0008255,MONDO:MONDO:0020525,MedGen:C0342273|Human Phenotype Ontology:HP:0004904,MONDO:MONDO:0018911,MedGen:C0342276,OMIM:PS125850,Orphanet:552",not provided|Transitory neonatal diabetes mellitus|Maturity-onset diabetes of the young,germline;unknown,germline,GRCh38,NC_000011.10,11,17474942,17474942,na,na,11p15.1,"criteria provided, conflicting classifications",2,-,N,ClinGen:CA473301950,2,727466,17474942,G,T,-,-,-,-,-,-,SCV001046196|SCV002524138|SCV002524139,-,-
750650,single nucleotide variant,NM_000162.5(GCK):c.1233C>G (p.Ser411=),2645,GCK,HGNC:4195,Benign/Likely benign,0,"May 01, 2024",755112715,-,RCV000912194|RCV002372534|RCV003950759|RCV004689927,"MedGen:C3661900|Human Phenotype Ontology:HP:0004904,MONDO:MONDO:0018911,MedGen:C0342276,OMIM:PS125850,Orphanet:552||MedGen:CN169374",not provided|Maturity-onset diabetes of the young|GCK-related disorder|not specified,germline;unknown,germline,GRCh37,NC_000007.13,7,44185116,44185116,na,na,7p13,"criteria provided, multiple submitters, no conflicts",5,-,N,ClinGen:CA4239411,2,736532,44185116,G,C,-,-,-,-,-,-,SCV001057288|SCV002605059|SCV002668178|SCV005186106,-,-
750650,single nucleotide variant,NM_000162.5(GCK):c.1233C>G (p.Ser411=),2645,GCK,HGNC:4195,Benign/Likely benign,0,"May 01, 2024",755112715,-,RCV000912194|RCV002372534|RCV003950759|RCV004689927,"MedGen:C3661900|Human Phenotype Ontology:HP:0004904,MONDO:MONDO:0018911,MedGen:C0342276,OMIM:PS125850,Orphanet:552||MedGen:CN169374",not provided|Maturity-onset diabetes of the young|GCK-related disorder|not specified,germline;unknown,germline,GRCh38,NC_000007.14,7,44145517,44145517,na,na,7p13,"criteria provided, multiple submitters, no conflicts",5,-,N,ClinGen:CA4239411,2,736532,44145517,G,C,-,-,-,-,-,-,SCV001057288|SCV002605059|SCV002668178|SCV005186106,-,-
750651,single nucleotide variant,NM_000162.5(GCK):c.1068G>T (p.Gly356=),2645,GCK,HGNC:4195,Conflicting classifications of pathogenicity,0,"May 03, 2024",369103069,-,RCV000924600|RCV002463752,"MedGen:C3661900|Human Phenotype Ontology:HP:0004904,MONDO:MONDO:0018911,MedGen:C0342276,OMIM:PS125850,Orphanet:552",not provided|Maturity-onset diabetes of the young,germline;unknown,germline,GRCh37,NC_000007.13,7,44185281,44185281,na,na,7p13,"criteria provided, conflicting classifications",3,-,N,ClinGen:CA157913696,2,747852,44185281,C,A,-,-,-,-,-,-,SCV001070117|SCV002605102|SCV005622074,-,-
750651,single nucleotide variant,NM_000162.5(GCK):c.1068G>T (p.Gly356=),2645,GCK,HGNC:4195,Conflicting classifications of pathogenicity,0,"May 03, 2024",369103069,-,RCV000924600|RCV002463752,"MedGen:C3661900|Human Phenotype Ontology:HP:0004904,MONDO:MONDO:0018911,MedGen:C0342276,OMIM:PS125850,Orphanet:552",not provided|Maturity-onset diabetes of the young,germline;unknown,germline,GRCh38,NC_000007.14,7,44145682,44145682,na,na,7p13,"criteria provided, conflicting classifications",3,-,N,ClinGen:CA157913696,2,747852,44145682,C,A,-,-,-,-,-,-,SCV001070117|SCV002605102|SCV005622074,-,-
750652,single nucleotide variant,NM_000162.5(GCK):c.909G>T (p.Arg303=),2645,GCK,HGNC:4195,Likely benign,0,"May 14, 2018",1583594459,-,RCV000917731|RCV002463751,"MedGen:C3661900|Human Phenotype Ontology:HP:0004904,MONDO:MONDO:0018911,MedGen:C0342276,OMIM:PS125850,Orphanet:552",not provided|Maturity-onset diabetes of the young,germline;unknown,germline,GRCh37,NC_000007.13,7,44186172,44186172,na,na,7p13,"criteria provided, multiple submitters, no conflicts",2,-,N,ClinGen:CA454608013,2,741560,44186172,C,A,-,-,-,-,-,-,SCV001063021|SCV002605127,-,-
750652,single nucleotide variant,NM_000162.5(GCK):c.909G>T (p.Arg303=),2645,GCK,HGNC:4195,Likely benign,0,"May 14, 2018",1583594459,-,RCV000917731|RCV002463751,"MedGen:C3661900|Human Phenotype Ontology:HP:0004904,MONDO:MONDO:0018911,MedGen:C0342276,OMIM:PS125850,Orphanet:552",not provided|Maturity-onset diabetes of the young,germline;unknown,germline,GRCh38,NC_000007.14,7,44146573,44146573,na,na,7p13,"criteria provided, multiple submitters, no conflicts",2,-,N,ClinGen:CA454608013,2,741560,44146573,C,A,-,-,-,-,-,-,SCV001063021|SCV002605127,-,-
750653,single nucleotide variant,NM_000162.5(GCK):c.348C>T (p.Thr116=),2645,GCK,HGNC:4195,Benign/Likely benign,0,"Dec 16, 2024",770145567,-,RCV000916659|RCV002464033|RCV005236437,"MedGen:C3661900|Human Phenotype Ontology:HP:0004904,MONDO:MONDO:0018911,MedGen:C0342276,OMIM:PS125850,Orphanet:552|MedGen:CN169374",not provided|Maturity-onset diabetes of the young|not specified,germline;unknown,germline,GRCh37,NC_000007.13,7,44191885,44191885,na,na,7p13,"criteria provided, multiple submitters, no conflicts",3,-,N,ClinGen:CA4239670,2,740581,44191885,G,A,-,-,-,-,-,-,SCV001061905|SCV002605304|SCV005883402,-,-
750653,single nucleotide variant,NM_000162.5(GCK):c.348C>T (p.Thr116=),2645,GCK,HGNC:4195,Benign/Likely benign,0,"Dec 16, 2024",770145567,-,RCV000916659|RCV002464033|RCV005236437,"MedGen:C3661900|Human Phenotype Ontology:HP:0004904,MONDO:MONDO:0018911,MedGen:C0342276,OMIM:PS125850,Orphanet:552|MedGen:CN169374",not provided|Maturity-onset diabetes of the young|not specified,germline;unknown,germline,GRCh38,NC_000007.14,7,44152286,44152286,na,na,7p13,"criteria provided, multiple submitters, no conflicts",3,-,N,ClinGen:CA4239670,2,740581,44152286,G,A,-,-,-,-,-,-,SCV001061905|SCV002605304|SCV005883402,-,-
752573,single nucleotide variant,NM_000525.4(KCNJ11):c.936C>T (p.Gly312=),3767,KCNJ11,HGNC:6257,Conflicting classifications of pathogenicity,0,"Jan 27, 2025",139445409,-,RCV000918620|RCV001553586|RCV002226746,"MedGen:C3661900|MedGen:CN169374|Human Phenotype Ontology:HP:0004904,MONDO:MONDO:0018911,MedGen:C0342276,OMIM:PS125850,Orphanet:552",not provided|not specified|Maturity-onset diabetes of the young,germline;somatic,germline/somatic,GRCh37,NC_000011.9,11,17408703,17408703,na,na,11p15.1,"criteria provided, conflicting classifications",3,-,N,ClinGen:CA5902216,2,742370,17408703,G,A,-,-,-,-,-,-,SCV001063936|SCV001774489|SCV002505431,-,-
752573,single nucleotide variant,NM_000525.4(KCNJ11):c.936C>T (p.Gly312=),3767,KCNJ11,HGNC:6257,Conflicting classifications of pathogenicity,0,"Jan 27, 2025",139445409,-,RCV000918620|RCV001553586|RCV002226746,"MedGen:C3661900|MedGen:CN169374|Human Phenotype Ontology:HP:0004904,MONDO:MONDO:0018911,MedGen:C0342276,OMIM:PS125850,Orphanet:552",not provided|not specified|Maturity-onset diabetes of the young,germline;somatic,germline/somatic,GRCh38,NC_000011.10,11,17387156,17387156,na,na,11p15.1,"criteria provided, conflicting classifications",3,-,N,ClinGen:CA5902216,2,742370,17387156,G,A,-,-,-,-,-,-,SCV001063936|SCV001774489|SCV002505431,-,-
752574,single nucleotide variant,NM_000525.4(KCNJ11):c.894C>T (p.Thr298=),3767,KCNJ11,HGNC:6257,Conflicting classifications of pathogenicity,0,"Dec 07, 2024",933392379,-,RCV000912862|RCV001273745|RCV002226745|RCV003387947,"MedGen:C3661900|MONDO:MONDO:0100164,MedGen:C1833104,OMIM:PS606176,Orphanet:99885|Human Phenotype Ontology:HP:0004904,MONDO:MONDO:0018911,MedGen:C0342276,OMIM:PS125850,Orphanet:552|MedGen:CN169374",not provided|Permanent neonatal diabetes mellitus|Maturity-onset diabetes of the young|not specified,germline;somatic,germline/somatic,GRCh37,NC_000011.9,11,17408745,17408745,na,na,11p15.1,"criteria provided, conflicting classifications",4,-,N,ClinGen:CA218399464,2,737130,17408745,G,A,-,-,-,-,-,-,SCV001057987|SCV002505418|SCV004099858,-,-
752574,single nucleotide variant,NM_000525.4(KCNJ11):c.894C>T (p.Thr298=),3767,KCNJ11,HGNC:6257,Conflicting classifications of pathogenicity,0,"Dec 07, 2024",933392379,-,RCV000912862|RCV001273745|RCV002226745|RCV003387947,"MedGen:C3661900|MONDO:MONDO:0100164,MedGen:C1833104,OMIM:PS606176,Orphanet:99885|Human Phenotype Ontology:HP:0004904,MONDO:MONDO:0018911,MedGen:C0342276,OMIM:PS125850,Orphanet:552|MedGen:CN169374",not provided|Permanent neonatal diabetes mellitus|Maturity-onset diabetes of the young|not specified,germline;somatic,germline/somatic,GRCh38,NC_000011.10,11,17387198,17387198,na,na,11p15.1,"criteria provided, conflicting classifications",4,-,N,ClinGen:CA218399464,2,737130,17387198,G,A,-,-,-,-,-,-,SCV001057987|SCV002505418|SCV004099858,-,-
752575,single nucleotide variant,NM_000525.4(KCNJ11):c.309C>T (p.Ser103=),3767,KCNJ11,HGNC:6257,Benign,0,"Jan 25, 2026",376773562,-,RCV000927606|RCV001826932|RCV004782602,"MedGen:C3661900|MONDO:MONDO:0100164,MedGen:C1833104,OMIM:PS606176,Orphanet:99885|MedGen:CN169374",not provided|Permanent neonatal diabetes mellitus|not specified,germline,germline,GRCh37,NC_000011.9,11,17409330,17409330,na,na,11p15.1,"criteria provided, multiple submitters, no conflicts",3,-,N,ClinGen:CA5902304,2,750621,17409330,G,A,-,-,-,-,-,-,SCV001073194|SCV005394871,-,-
752575,single nucleotide variant,NM_000525.4(KCNJ11):c.309C>T (p.Ser103=),3767,KCNJ11,HGNC:6257,Benign,0,"Jan 25, 2026",376773562,-,RCV000927606|RCV001826932|RCV004782602,"MedGen:C3661900|MONDO:MONDO:0100164,MedGen:C1833104,OMIM:PS606176,Orphanet:99885|MedGen:CN169374",not provided|Permanent neonatal diabetes mellitus|not specified,germline,germline,GRCh38,NC_000011.10,11,17387783,17387783,na,na,11p15.1,"criteria provided, multiple submitters, no conflicts",3,-,N,ClinGen:CA5902304,2,750621,17387783,G,A,-,-,-,-,-,-,SCV001073194|SCV005394871,-,-
752576,single nucleotide variant,NM_000352.6(ABCC8):c.4656G>A (p.Lys1552=),6833,ABCC8,HGNC:59,Conflicting classifications of pathogenicity,0,"Jan 31, 2026",145386421,-,RCV000922224|RCV001274285|RCV001818873|RCV002245738|RCV002245739|RCV002332889,"MedGen:C3661900||MedGen:CN169374|Human Phenotype Ontology:HP:0004904,MONDO:MONDO:0018911,MedGen:C0342276,OMIM:PS125850,Orphanet:552|Human Phenotype Ontology:HP:0008255,MONDO:MONDO:0020525,MedGen:C0342273|MeSH:D030342,MedGen:C0950123",not provided|Hereditary hyperinsulinism|not specified|Maturity-onset diabetes of the young|Transitory neonatal diabetes mellitus|Inborn genetic diseases,germline;somatic,germline/somatic,GRCh37,NC_000011.9,11,17414628,17414628,na,na,11p15.1,"criteria provided, conflicting classifications",6,-,N,ClinGen:CA5902389,2,745661,17414628,C,T,-,-,-,-,-,-,SCV001067649|SCV002066568|SCV002512158|SCV002512159|SCV002633711|SCV005888422,-,-
752576,single nucleotide variant,NM_000352.6(ABCC8):c.4656G>A (p.Lys1552=),6833,ABCC8,HGNC:59,Conflicting classifications of pathogenicity,0,"Jan 31, 2026",145386421,-,RCV000922224|RCV001274285|RCV001818873|RCV002245738|RCV002245739|RCV002332889,"MedGen:C3661900||MedGen:CN169374|Human Phenotype Ontology:HP:0004904,MONDO:MONDO:0018911,MedGen:C0342276,OMIM:PS125850,Orphanet:552|Human Phenotype Ontology:HP:0008255,MONDO:MONDO:0020525,MedGen:C0342273|MeSH:D030342,MedGen:C0950123",not provided|Hereditary hyperinsulinism|not specified|Maturity-onset diabetes of the young|Transitory neonatal diabetes mellitus|Inborn genetic diseases,germline;somatic,germline/somatic,GRCh38,NC_000011.10,11,17393081,17393081,na,na,11p15.1,"criteria provided, conflicting classifications",6,-,N,ClinGen:CA5902389,2,745661,17393081,C,T,-,-,-,-,-,-,SCV001067649|SCV002066568|SCV002512158|SCV002512159|SCV002633711|SCV005888422,-,-
752577,single nucleotide variant,NM_000352.6(ABCC8):c.4227C>T (p.Ile1409=),6833,ABCC8,HGNC:59,Conflicting classifications of pathogenicity,0,"Nov 17, 2025",146584228,-,RCV000919958|RCV001274289|RCV002245735|RCV002245734|RCV002332884|RCV004533538,"MedGen:C3661900||Human Phenotype Ontology:HP:0008255,MONDO:MONDO:0020525,MedGen:C0342273|Human Phenotype Ontology:HP:0004904,MONDO:MONDO:0018911,MedGen:C0342276,OMIM:PS125850,Orphanet:552|MeSH:D030342,MedGen:C0950123|",not provided|Hereditary hyperinsulinism|Transitory neonatal diabetes mellitus|Maturity-onset diabetes of the young|Inborn genetic diseases|ABCC8-related disorder,germline;somatic,germline/somatic,GRCh37,NC_000011.9,11,17417237,17417237,na,na,11p15.1,"criteria provided, conflicting classifications",5,-,N,ClinGen:CA5902527,2,743591,17417237,G,A,-,-,-,-,-,-,SCV001065315|SCV002513437|SCV002513438|SCV002632782,-,-
752577,single nucleotide variant,NM_000352.6(ABCC8):c.4227C>T (p.Ile1409=),6833,ABCC8,HGNC:59,Conflicting classifications of pathogenicity,0,"Nov 17, 2025",146584228,-,RCV000919958|RCV001274289|RCV002245735|RCV002245734|RCV002332884|RCV004533538,"MedGen:C3661900||Human Phenotype Ontology:HP:0008255,MONDO:MONDO:0020525,MedGen:C0342273|Human Phenotype Ontology:HP:0004904,MONDO:MONDO:0018911,MedGen:C0342276,OMIM:PS125850,Orphanet:552|MeSH:D030342,MedGen:C0950123|",not provided|Hereditary hyperinsulinism|Transitory neonatal diabetes mellitus|Maturity-onset diabetes of the young|Inborn genetic diseases|ABCC8-related disorder,germline;somatic,germline/somatic,GRCh38,NC_000011.10,11,17395690,17395690,na,na,11p15.1,"criteria provided, conflicting classifications",5,-,N,ClinGen:CA5902527,2,743591,17395690,G,A,-,-,-,-,-,-,SCV001065315|SCV002513437|SCV002513438|SCV002632782,-,-
752578,single nucleotide variant,NM_000352.6(ABCC8):c.4089C>T (p.His1363=),6833,ABCC8,HGNC:59,Conflicting classifications of pathogenicity,0,"Feb 11, 2024",1211875269,-,RCV000923346|RCV002245741|RCV002245740,"MedGen:C3661900|Human Phenotype Ontology:HP:0008255,MONDO:MONDO:0020525,MedGen:C0342273|Human Phenotype Ontology:HP:0004904,MONDO:MONDO:0018911,MedGen:C0342276,OMIM:PS125850,Orphanet:552",not provided|Transitory neonatal diabetes mellitus|Maturity-onset diabetes of the young,germline;somatic,germline/somatic,GRCh37,NC_000011.9,11,17418493,17418493,na,na,11p15.1,"criteria provided, conflicting classifications",2,-,N,ClinGen:CA473298455,2,746718,17418493,G,A,-,-,-,-,-,-,SCV001068816|SCV002513490|SCV002513492,-,-
752578,single nucleotide variant,NM_000352.6(ABCC8):c.4089C>T (p.His1363=),6833,ABCC8,HGNC:59,Conflicting classifications of pathogenicity,0,"Feb 11, 2024",1211875269,-,RCV000923346|RCV002245741|RCV002245740,"MedGen:C3661900|Human Phenotype Ontology:HP:0008255,MONDO:MONDO:0020525,MedGen:C0342273|Human Phenotype Ontology:HP:0004904,MONDO:MONDO:0018911,MedGen:C0342276,OMIM:PS125850,Orphanet:552",not provided|Transitory neonatal diabetes mellitus|Maturity-onset diabetes of the young,germline;somatic,germline/somatic,GRCh38,NC_000011.10,11,17396946,17396946,na,na,11p15.1,"criteria provided, conflicting classifications",2,-,N,ClinGen:CA473298455,2,746718,17396946,G,A,-,-,-,-,-,-,SCV001068816|SCV002513490|SCV002513492,-,-
752579,single nucleotide variant,NM_000352.6(ABCC8):c.3618C>T (p.Thr1206=),6833,ABCC8,HGNC:59,Conflicting classifications of pathogenicity,0,"Dec 22, 2025",775134825,-,RCV000916636|RCV002245733|RCV002245732|RCV004543439|RCV006455173,"MedGen:C3661900|Human Phenotype Ontology:HP:0008255,MONDO:MONDO:0020525,MedGen:C0342273|Human Phenotype Ontology:HP:0004904,MONDO:MONDO:0018911,MedGen:C0342276,OMIM:PS125850,Orphanet:552||MedGen:CN169374",not provided|Transitory neonatal diabetes mellitus|Maturity-onset diabetes of the young|ABCC8-related disorder|not specified,germline;somatic,germline/somatic,GRCh37,NC_000011.9,11,17424240,17424240,na,na,11p15.1,"criteria provided, conflicting classifications",4,-,N,ClinGen:CA5902757,2,740559,17424240,G,A,-,-,-,-,-,-,SCV001061882|SCV002515399|SCV002515400|SCV007339954,-,-
752579,single nucleotide variant,NM_000352.6(ABCC8):c.3618C>T (p.Thr1206=),6833,ABCC8,HGNC:59,Conflicting classifications of pathogenicity,0,"Dec 22, 2025",775134825,-,RCV000916636|RCV002245733|RCV002245732|RCV004543439|RCV006455173,"MedGen:C3661900|Human Phenotype Ontology:HP:0008255,MONDO:MONDO:0020525,MedGen:C0342273|Human Phenotype Ontology:HP:0004904,MONDO:MONDO:0018911,MedGen:C0342276,OMIM:PS125850,Orphanet:552||MedGen:CN169374",not provided|Transitory neonatal diabetes mellitus|Maturity-onset diabetes of the young|ABCC8-related disorder|not specified,germline;somatic,germline/somatic,GRCh38,NC_000011.10,11,17402693,17402693,na,na,11p15.1,"criteria provided, conflicting classifications",4,-,N,ClinGen:CA5902757,2,740559,17402693,G,A,-,-,-,-,-,-,SCV001061882|SCV002515399|SCV002515400|SCV007339954,-,-
752580,single nucleotide variant,NM_000352.6(ABCC8):c.3573G>A (p.Leu1191=),6833,ABCC8,HGNC:59,Conflicting classifications of pathogenicity,0,"Feb 14, 2024",1038735802,-,RCV000921187|RCV002245736|RCV002245737,"MedGen:C3661900|Human Phenotype Ontology:HP:0004904,MONDO:MONDO:0018911,MedGen:C0342276,OMIM:PS125850,Orphanet:552|Human Phenotype Ontology:HP:0008255,MONDO:MONDO:0020525,MedGen:C0342273",not provided|Maturity-onset diabetes of the young|Transitory neonatal diabetes mellitus,germline;somatic,germline/somatic,GRCh37,NC_000011.9,11,17424285,17424285,na,na,11p15.1,"criteria provided, conflicting classifications",2,-,N,ClinGen:CA218415565,2,744707,17424285,C,T,-,-,-,-,-,-,SCV001066584|SCV002515405|SCV002515406,-,-
752580,single nucleotide variant,NM_000352.6(ABCC8):c.3573G>A (p.Leu1191=),6833,ABCC8,HGNC:59,Conflicting classifications of pathogenicity,0,"Feb 14, 2024",1038735802,-,RCV000921187|RCV002245736|RCV002245737,"MedGen:C3661900|Human Phenotype Ontology:HP:0004904,MONDO:MONDO:0018911,MedGen:C0342276,OMIM:PS125850,Orphanet:552|Human Phenotype Ontology:HP:0008255,MONDO:MONDO:0020525,MedGen:C0342273",not provided|Maturity-onset diabetes of the young|Transitory neonatal diabetes mellitus,germline;somatic,germline/somatic,GRCh38,NC_000011.10,11,17402738,17402738,na,na,11p15.1,"criteria provided, conflicting classifications",2,-,N,ClinGen:CA218415565,2,744707,17402738,C,T,-,-,-,-,-,-,SCV001066584|SCV002515405|SCV002515406,-,-
752581,single nucleotide variant,NM_000352.6(ABCC8):c.3099G>A (p.Leu1033=),6833,ABCC8,HGNC:59,Conflicting classifications of pathogenicity,0,"Mar 20, 2024",200693100,-,RCV000916588|RCV001836013|RCV002274108|RCV002251531,"MedGen:C3661900||Human Phenotype Ontology:HP:0004904,MONDO:MONDO:0018911,MedGen:C0342276,OMIM:PS125850,Orphanet:552|Human Phenotype Ontology:HP:0008255,MONDO:MONDO:0020525,MedGen:C0342273",not provided|Hereditary hyperinsulinism|Maturity-onset diabetes of the young|Transitory neonatal diabetes mellitus,germline;unknown,germline,GRCh37,NC_000011.9,11,17428498,17428498,na,na,11p15.1,"criteria provided, conflicting classifications",3,-,N,ClinGen:CA5902925,2,740515,17428498,C,T,-,-,-,-,-,-,SCV001061833|SCV002521912|SCV002521913,-,-
752581,single nucleotide variant,NM_000352.6(ABCC8):c.3099G>A (p.Leu1033=),6833,ABCC8,HGNC:59,Conflicting classifications of pathogenicity,0,"Mar 20, 2024",200693100,-,RCV000916588|RCV001836013|RCV002274108|RCV002251531,"MedGen:C3661900||Human Phenotype Ontology:HP:0004904,MONDO:MONDO:0018911,MedGen:C0342276,OMIM:PS125850,Orphanet:552|Human Phenotype Ontology:HP:0008255,MONDO:MONDO:0020525,MedGen:C0342273",not provided|Hereditary hyperinsulinism|Maturity-onset diabetes of the young|Transitory neonatal diabetes mellitus,germline;unknown,germline,GRCh38,NC_000011.10,11,17406951,17406951,na,na,11p15.1,"criteria provided, conflicting classifications",3,-,N,ClinGen:CA5902925,2,740515,17406951,C,T,-,-,-,-,-,-,SCV001061833|SCV002521912|SCV002521913,-,-
752582,single nucleotide variant,NM_000352.6(ABCC8):c.3087C>T (p.Ile1029=),6833,ABCC8,HGNC:59,Likely benign,0,"Aug 03, 2023",376413488,-,RCV000917811,MedGen:C3661900,not provided,germline,germline,GRCh37,NC_000011.9,11,17428510,17428510,na,na,11p15.1,"criteria provided, single submitter",1,-,N,ClinGen:CA473515846,2,741633,17428510,G,A,-,-,-,-,-,-,SCV001063103,-,-
752582,single nucleotide variant,NM_000352.6(ABCC8):c.3087C>T (p.Ile1029=),6833,ABCC8,HGNC:59,Likely benign,0,"Aug 03, 2023",376413488,-,RCV000917811,MedGen:C3661900,not provided,germline,germline,GRCh38,NC_000011.10,11,17406963,17406963,na,na,11p15.1,"criteria provided, single submitter",1,-,N,ClinGen:CA473515846,2,741633,17406963,G,A,-,-,-,-,-,-,SCV001063103,-,-
752583,single nucleotide variant,NM_000352.6(ABCC8):c.1767G>T (p.Pro589=),6833,ABCC8,HGNC:59,Likely benign,0,"Jan 24, 2026",550788491,-,RCV000921676,MedGen:C3661900,not provided,germline,germline,GRCh37,NC_000011.9,11,17452411,17452411,na,na,11p15.1,"criteria provided, single submitter",1,-,N,ClinGen:CA473302846,2,745167,17452411,C,A,-,-,-,-,-,-,SCV001067086,-,-
752583,single nucleotide variant,NM_000352.6(ABCC8):c.1767G>T (p.Pro589=),6833,ABCC8,HGNC:59,Likely benign,0,"Jan 24, 2026",550788491,-,RCV000921676,MedGen:C3661900,not provided,germline,germline,GRCh38,NC_000011.10,11,17430864,17430864,na,na,11p15.1,"criteria provided, single submitter",1,-,N,ClinGen:CA473302846,2,745167,17430864,C,A,-,-,-,-,-,-,SCV001067086,-,-
752584,single nucleotide variant,NM_000352.6(ABCC8):c.1716G>T (p.Ser572=),6833,ABCC8,HGNC:59,Likely benign,0,"Jun 09, 2023",750619309,-,RCV000926355|RCV001832092,MedGen:C3661900|,not provided|Hereditary hyperinsulinism,germline,germline,GRCh37,NC_000011.9,11,17452462,17452462,na,na,11p15.1,"criteria provided, single submitter",2,-,N,ClinGen:CA473302885,2,749473,17452462,C,A,-,-,-,-,-,-,SCV001071915,-,-
752584,single nucleotide variant,NM_000352.6(ABCC8):c.1716G>T (p.Ser572=),6833,ABCC8,HGNC:59,Likely benign,0,"Jun 09, 2023",750619309,-,RCV000926355|RCV001832092,MedGen:C3661900|,not provided|Hereditary hyperinsulinism,germline,germline,GRCh38,NC_000011.10,11,17430915,17430915,na,na,11p15.1,"criteria provided, single submitter",2,-,N,ClinGen:CA473302885,2,749473,17430915,C,A,-,-,-,-,-,-,SCV001071915,-,-
752585,single nucleotide variant,NM_000352.6(ABCC8):c.1536C>T (p.Tyr512=),6833,ABCC8,HGNC:59,Likely benign,0,"Nov 25, 2025",765090096,-,RCV000912138|RCV001274305|RCV004533498,MedGen:C3661900||,not provided|Hereditary hyperinsulinism|ABCC8-related disorder,germline,germline,GRCh37,NC_000011.9,11,17464361,17464361,na,na,11p15.1,"criteria provided, single submitter",3,-,N,ClinGen:CA5903537,2,736485,17464361,G,A,-,-,-,-,-,-,SCV001057229,-,-
752585,single nucleotide variant,NM_000352.6(ABCC8):c.1536C>T (p.Tyr512=),6833,ABCC8,HGNC:59,Likely benign,0,"Nov 25, 2025",765090096,-,RCV000912138|RCV001274305|RCV004533498,MedGen:C3661900||,not provided|Hereditary hyperinsulinism|ABCC8-related disorder,germline,germline,GRCh38,NC_000011.10,11,17442814,17442814,na,na,11p15.1,"criteria provided, single submitter",3,-,N,ClinGen:CA5903537,2,736485,17442814,G,A,-,-,-,-,-,-,SCV001057229,-,-
752586,single nucleotide variant,NM_000352.6(ABCC8):c.487G>A (p.Gly163Ser),6833,ABCC8,HGNC:59,Conflicting classifications of pathogenicity,0,"Feb 02, 2026",574487898,-,RCV000926623|RCV001276287|RCV002254182|RCV002254181|RCV004528322,"MedGen:C3661900||Human Phenotype Ontology:HP:0008255,MONDO:MONDO:0020525,MedGen:C0342273|Human Phenotype Ontology:HP:0004904,MONDO:MONDO:0018911,MedGen:C0342276,OMIM:PS125850,Orphanet:552|",not provided|Hereditary hyperinsulinism|Transitory neonatal diabetes mellitus|Maturity-onset diabetes of the young|ABCC8-related disorder,germline;unknown,germline,GRCh37,NC_000011.9,11,17485077,17485077,na,na,11p15.1,"criteria provided, conflicting classifications",5,-,N,ClinGen:CA5903863,2,749718,17485077,C,T,-,-,-,-,-,-,SCV001072186|SCV002524071|SCV002524072|SCV004106275|SCV007333076,-,-
752586,single nucleotide variant,NM_000352.6(ABCC8):c.487G>A (p.Gly163Ser),6833,ABCC8,HGNC:59,Conflicting classifications of pathogenicity,0,"Feb 02, 2026",574487898,-,RCV000926623|RCV001276287|RCV002254182|RCV002254181|RCV004528322,"MedGen:C3661900||Human Phenotype Ontology:HP:0008255,MONDO:MONDO:0020525,MedGen:C0342273|Human Phenotype Ontology:HP:0004904,MONDO:MONDO:0018911,MedGen:C0342276,OMIM:PS125850,Orphanet:552|",not provided|Hereditary hyperinsulinism|Transitory neonatal diabetes mellitus|Maturity-onset diabetes of the young|ABCC8-related disorder,germline;unknown,germline,GRCh38,NC_000011.10,11,17463530,17463530,na,na,11p15.1,"criteria provided, conflicting classifications",5,-,N,ClinGen:CA5903863,2,749718,17463530,C,T,-,-,-,-,-,-,SCV001072186|SCV002524071|SCV002524072|SCV004106275|SCV007333076,-,-
759683,single nucleotide variant,NM_000162.5(GCK):c.363+9C>T,2645,GCK,HGNC:4195,Conflicting classifications of pathogenicity,0,"Mar 10, 2025",200985182,-,RCV000925313|RCV001164297|RCV001164298|RCV001159381|RCV001164296|RCV001818885|RCV002464346,"MedGen:C3661900|MONDO:MONDO:0007453,MedGen:C0342277,OMIM:125851,Orphanet:552|MONDO:MONDO:0100164,MedGen:C1833104,OMIM:PS606176,Orphanet:99885|MONDO:MONDO:0011236,MedGen:C1865290,OMIM:602485,Orphanet:79299||MedGen:CN169374|Human Phenotype Ontology:HP:0004904,MONDO:MONDO:0018911,MedGen:C0342276,OMIM:PS125850,Orphanet:552","not provided|Maturity-onset diabetes of the young type 2|Permanent neonatal diabetes mellitus|Hyperinsulinism due to glucokinase deficiency|Transient Neonatal Diabetes, Recessive|not specified|Maturity-onset diabetes of the young",germline;unknown,germline,GRCh37,NC_000007.13,7,44191861,44191861,na,na,7p13,"criteria provided, conflicting classifications",5,-,N,ClinGen:CA4239665,2,748518,44191861,G,A,-,-,-,-,-,-,SCV001070847|SCV001321090|SCV001326411|SCV001326412|SCV001326413|SCV001477255|SCV002066828|SCV002605302,-,-
759683,single nucleotide variant,NM_000162.5(GCK):c.363+9C>T,2645,GCK,HGNC:4195,Conflicting classifications of pathogenicity,0,"Mar 10, 2025",200985182,-,RCV000925313|RCV001164297|RCV001164298|RCV001159381|RCV001164296|RCV001818885|RCV002464346,"MedGen:C3661900|MONDO:MONDO:0007453,MedGen:C0342277,OMIM:125851,Orphanet:552|MONDO:MONDO:0100164,MedGen:C1833104,OMIM:PS606176,Orphanet:99885|MONDO:MONDO:0011236,MedGen:C1865290,OMIM:602485,Orphanet:79299||MedGen:CN169374|Human Phenotype Ontology:HP:0004904,MONDO:MONDO:0018911,MedGen:C0342276,OMIM:PS125850,Orphanet:552","not provided|Maturity-onset diabetes of the young type 2|Permanent neonatal diabetes mellitus|Hyperinsulinism due to glucokinase deficiency|Transient Neonatal Diabetes, Recessive|not specified|Maturity-onset diabetes of the young",germline;unknown,germline,GRCh38,NC_000007.14,7,44152262,44152262,na,na,7p13,"criteria provided, conflicting classifications",5,-,N,ClinGen:CA4239665,2,748518,44152262,G,A,-,-,-,-,-,-,SCV001070847|SCV001321090|SCV001326411|SCV001326412|SCV001326413|SCV001477255|SCV002066828|SCV002605302,-,-
760029,single nucleotide variant,NM_000352.6(ABCC8):c.822+9G>A,6833,ABCC8,HGNC:59,Conflicting classifications of pathogenicity,0,"Aug 06, 2022",1007498516,-,RCV000918669|RCV002253689|RCV002260113,"MedGen:C3661900|Human Phenotype Ontology:HP:0008255,MONDO:MONDO:0020525,MedGen:C0342273|Human Phenotype Ontology:HP:0004904,MONDO:MONDO:0018911,MedGen:C0342276,OMIM:PS125850,Orphanet:552",not provided|Transitory neonatal diabetes mellitus|Maturity-onset diabetes of the young,germline;unknown,germline,GRCh37,NC_000011.9,11,17483121,17483121,na,na,11p15.1,"criteria provided, conflicting classifications",2,-,N,ClinGen:CA218451948,2,742413,17483121,C,T,-,-,-,-,-,-,SCV001063988|SCV002522629|SCV002522630,-,-
760029,single nucleotide variant,NM_000352.6(ABCC8):c.822+9G>A,6833,ABCC8,HGNC:59,Conflicting classifications of pathogenicity,0,"Aug 06, 2022",1007498516,-,RCV000918669|RCV002253689|RCV002260113,"MedGen:C3661900|Human Phenotype Ontology:HP:0008255,MONDO:MONDO:0020525,MedGen:C0342273|Human Phenotype Ontology:HP:0004904,MONDO:MONDO:0018911,MedGen:C0342276,OMIM:PS125850,Orphanet:552",not provided|Transitory neonatal diabetes mellitus|Maturity-onset diabetes of the young,germline;unknown,germline,GRCh38,NC_000011.10,11,17461574,17461574,na,na,11p15.1,"criteria provided, conflicting classifications",2,-,N,ClinGen:CA218451948,2,742413,17461574,C,T,-,-,-,-,-,-,SCV001063988|SCV002522629|SCV002522630,-,-
768320,single nucleotide variant,NM_000525.4(KCNJ11):c.762G>A (p.Pro254=),3767,KCNJ11,HGNC:6257,Conflicting classifications of pathogenicity,0,"Mar 11, 2024",761931092,-,RCV000941892|RCV002227229,"MedGen:C3661900|Human Phenotype Ontology:HP:0004904,MONDO:MONDO:0018911,MedGen:C0342276,OMIM:PS125850,Orphanet:552",not provided|Maturity-onset diabetes of the young,germline;somatic,germline/somatic,GRCh37,NC_000011.9,11,17408877,17408877,na,na,11p15.1,"criteria provided, conflicting classifications",2,-,N,ClinGen:CA5902251,2,763632,17408877,C,T,-,-,-,-,-,-,SCV001087795|SCV002506496,-,-
768320,single nucleotide variant,NM_000525.4(KCNJ11):c.762G>A (p.Pro254=),3767,KCNJ11,HGNC:6257,Conflicting classifications of pathogenicity,0,"Mar 11, 2024",761931092,-,RCV000941892|RCV002227229,"MedGen:C3661900|Human Phenotype Ontology:HP:0004904,MONDO:MONDO:0018911,MedGen:C0342276,OMIM:PS125850,Orphanet:552",not provided|Maturity-onset diabetes of the young,germline;somatic,germline/somatic,GRCh38,NC_000011.10,11,17387330,17387330,na,na,11p15.1,"criteria provided, conflicting classifications",2,-,N,ClinGen:CA5902251,2,763632,17387330,C,T,-,-,-,-,-,-,SCV001087795|SCV002506496,-,-
768321,single nucleotide variant,NM_000525.4(KCNJ11):c.36C>T (p.Tyr12=),3767,KCNJ11,HGNC:6257,Likely benign,0,"Jun 14, 2023",104894236,-,RCV000929329|RCV001826939,"MedGen:C3661900|MONDO:MONDO:0100164,MedGen:C1833104,OMIM:PS606176,Orphanet:99885",not provided|Permanent neonatal diabetes mellitus,germline,germline,GRCh37,NC_000011.9,11,17409603,17409603,na,na,11p15.1,"criteria provided, single submitter",2,-,N,ClinGen:CA5902346,2,752205,17409603,G,A,-,-,-,-,-,-,SCV001074958,-,-
768321,single nucleotide variant,NM_000525.4(KCNJ11):c.36C>T (p.Tyr12=),3767,KCNJ11,HGNC:6257,Likely benign,0,"Jun 14, 2023",104894236,-,RCV000929329|RCV001826939,"MedGen:C3661900|MONDO:MONDO:0100164,MedGen:C1833104,OMIM:PS606176,Orphanet:99885",not provided|Permanent neonatal diabetes mellitus,germline,germline,GRCh38,NC_000011.10,11,17388056,17388056,na,na,11p15.1,"criteria provided, single submitter",2,-,N,ClinGen:CA5902346,2,752205,17388056,G,A,-,-,-,-,-,-,SCV001074958,-,-
768322,single nucleotide variant,NM_000352.6(ABCC8):c.4653G>A (p.Leu1551=),6833,ABCC8,HGNC:59,Conflicting classifications of pathogenicity,0,"Sep 08, 2023",17846721,-,RCV000929296|RCV002245743|RCV002245744,"MedGen:C3661900|Human Phenotype Ontology:HP:0004904,MONDO:MONDO:0018911,MedGen:C0342276,OMIM:PS125850,Orphanet:552|Human Phenotype Ontology:HP:0008255,MONDO:MONDO:0020525,MedGen:C0342273",not provided|Maturity-onset diabetes of the young|Transitory neonatal diabetes mellitus,germline;somatic,germline/somatic,GRCh37,NC_000011.9,11,17414631,17414631,na,na,11p15.1,"criteria provided, conflicting classifications",2,-,N,ClinGen:CA5902390,2,752172,17414631,C,T,-,-,-,-,-,-,SCV001074924|SCV002512156|SCV002512157,-,-
768322,single nucleotide variant,NM_000352.6(ABCC8):c.4653G>A (p.Leu1551=),6833,ABCC8,HGNC:59,Conflicting classifications of pathogenicity,0,"Sep 08, 2023",17846721,-,RCV000929296|RCV002245743|RCV002245744,"MedGen:C3661900|Human Phenotype Ontology:HP:0004904,MONDO:MONDO:0018911,MedGen:C0342276,OMIM:PS125850,Orphanet:552|Human Phenotype Ontology:HP:0008255,MONDO:MONDO:0020525,MedGen:C0342273",not provided|Maturity-onset diabetes of the young|Transitory neonatal diabetes mellitus,germline;somatic,germline/somatic,GRCh38,NC_000011.10,11,17393084,17393084,na,na,11p15.1,"criteria provided, conflicting classifications",2,-,N,ClinGen:CA5902390,2,752172,17393084,C,T,-,-,-,-,-,-,SCV001074924|SCV002512156|SCV002512157,-,-
768323,single nucleotide variant,NM_000352.6(ABCC8):c.4581C>T (p.Phe1527=),6833,ABCC8,HGNC:59,Conflicting classifications of pathogenicity,0,"Mar 13, 2024",773042150,-,RCV000944003|RCV001274286|RCV002245771|RCV002245772|RCV004029751,"MedGen:C3661900||Human Phenotype Ontology:HP:0004904,MONDO:MONDO:0018911,MedGen:C0342276,OMIM:PS125850,Orphanet:552|Human Phenotype Ontology:HP:0008255,MONDO:MONDO:0020525,MedGen:C0342273|MeSH:D030342,MedGen:C0950123",not provided|Hereditary hyperinsulinism|Maturity-onset diabetes of the young|Transitory neonatal diabetes mellitus|Inborn genetic diseases,germline;somatic,germline/somatic,GRCh37,NC_000011.9,11,17415271,17415271,na,na,11p15.1,"criteria provided, conflicting classifications",4,-,N,ClinGen:CA5902426,2,765572,17415271,G,A,-,-,-,-,-,-,SCV001089963|SCV002512176|SCV002512177|SCV005034610,-,-
768323,single nucleotide variant,NM_000352.6(ABCC8):c.4581C>T (p.Phe1527=),6833,ABCC8,HGNC:59,Conflicting classifications of pathogenicity,0,"Mar 13, 2024",773042150,-,RCV000944003|RCV001274286|RCV002245771|RCV002245772|RCV004029751,"MedGen:C3661900||Human Phenotype Ontology:HP:0004904,MONDO:MONDO:0018911,MedGen:C0342276,OMIM:PS125850,Orphanet:552|Human Phenotype Ontology:HP:0008255,MONDO:MONDO:0020525,MedGen:C0342273|MeSH:D030342,MedGen:C0950123",not provided|Hereditary hyperinsulinism|Maturity-onset diabetes of the young|Transitory neonatal diabetes mellitus|Inborn genetic diseases,germline;somatic,germline/somatic,GRCh38,NC_000011.10,11,17393724,17393724,na,na,11p15.1,"criteria provided, conflicting classifications",4,-,N,ClinGen:CA5902426,2,765572,17393724,G,A,-,-,-,-,-,-,SCV001089963|SCV002512176|SCV002512177|SCV005034610,-,-
768324,single nucleotide variant,NM_000352.6(ABCC8):c.4464G>A (p.Leu1488=),6833,ABCC8,HGNC:59,Conflicting classifications of pathogenicity,0,"Jan 28, 2026",374880588,-,RCV000931586|RCV001818900|RCV002245752|RCV002245751|RCV003169353,"MedGen:C3661900|MedGen:CN169374|Human Phenotype Ontology:HP:0008255,MONDO:MONDO:0020525,MedGen:C0342273|Human Phenotype Ontology:HP:0004904,MONDO:MONDO:0018911,MedGen:C0342276,OMIM:PS125850,Orphanet:552|MeSH:D030342,MedGen:C0950123",not provided|not specified|Transitory neonatal diabetes mellitus|Maturity-onset diabetes of the young|Inborn genetic diseases,germline;somatic,germline/somatic,GRCh37,NC_000011.9,11,17415894,17415894,na,na,11p15.1,"criteria provided, conflicting classifications",4,-,N,ClinGen:CA5902469,2,754271,17415894,C,T,-,-,-,-,-,-,SCV001077255|SCV002071718|SCV002513292|SCV002513293|SCV003911335,-,-
768324,single nucleotide variant,NM_000352.6(ABCC8):c.4464G>A (p.Leu1488=),6833,ABCC8,HGNC:59,Conflicting classifications of pathogenicity,0,"Jan 28, 2026",374880588,-,RCV000931586|RCV001818900|RCV002245752|RCV002245751|RCV003169353,"MedGen:C3661900|MedGen:CN169374|Human Phenotype Ontology:HP:0008255,MONDO:MONDO:0020525,MedGen:C0342273|Human Phenotype Ontology:HP:0004904,MONDO:MONDO:0018911,MedGen:C0342276,OMIM:PS125850,Orphanet:552|MeSH:D030342,MedGen:C0950123",not provided|not specified|Transitory neonatal diabetes mellitus|Maturity-onset diabetes of the young|Inborn genetic diseases,germline;somatic,germline/somatic,GRCh38,NC_000011.10,11,17394347,17394347,na,na,11p15.1,"criteria provided, conflicting classifications",4,-,N,ClinGen:CA5902469,2,754271,17394347,C,T,-,-,-,-,-,-,SCV001077255|SCV002071718|SCV002513292|SCV002513293|SCV003911335,-,-
768325,single nucleotide variant,NM_000352.6(ABCC8):c.4296C>T (p.Ser1432=),6833,ABCC8,HGNC:59,Conflicting classifications of pathogenicity,0,"Aug 10, 2025",752222583,-,RCV000942332|RCV001274288|RCV002245769|RCV002245768,"MedGen:C3661900||Human Phenotype Ontology:HP:0008255,MONDO:MONDO:0020525,MedGen:C0342273|Human Phenotype Ontology:HP:0004904,MONDO:MONDO:0018911,MedGen:C0342276,OMIM:PS125850,Orphanet:552",not provided|Hereditary hyperinsulinism|Transitory neonatal diabetes mellitus|Maturity-onset diabetes of the young,germline;somatic,germline/somatic,GRCh37,NC_000011.9,11,17417168,17417168,na,na,11p15.1,"criteria provided, conflicting classifications",3,-,N,ClinGen:CA5902520,2,764032,17417168,G,A,-,-,-,-,-,-,SCV001088254|SCV002513340|SCV002513341,-,-
768325,single nucleotide variant,NM_000352.6(ABCC8):c.4296C>T (p.Ser1432=),6833,ABCC8,HGNC:59,Conflicting classifications of pathogenicity,0,"Aug 10, 2025",752222583,-,RCV000942332|RCV001274288|RCV002245769|RCV002245768,"MedGen:C3661900||Human Phenotype Ontology:HP:0008255,MONDO:MONDO:0020525,MedGen:C0342273|Human Phenotype Ontology:HP:0004904,MONDO:MONDO:0018911,MedGen:C0342276,OMIM:PS125850,Orphanet:552",not provided|Hereditary hyperinsulinism|Transitory neonatal diabetes mellitus|Maturity-onset diabetes of the young,germline;somatic,germline/somatic,GRCh38,NC_000011.10,11,17395621,17395621,na,na,11p15.1,"criteria provided, conflicting classifications",3,-,N,ClinGen:CA5902520,2,764032,17395621,G,A,-,-,-,-,-,-,SCV001088254|SCV002513340|SCV002513341,-,-
768326,single nucleotide variant,NM_000352.6(ABCC8):c.4140C>T (p.Thr1380=),6833,ABCC8,HGNC:59,Conflicting classifications of pathogenicity,0,"Dec 08, 2023",574684578,-,RCV000932845|RCV001277182|RCV002245755|RCV002245754|RCV004029597,"MedGen:C3661900||Human Phenotype Ontology:HP:0008255,MONDO:MONDO:0020525,MedGen:C0342273|Human Phenotype Ontology:HP:0004904,MONDO:MONDO:0018911,MedGen:C0342276,OMIM:PS125850,Orphanet:552|MeSH:D030342,MedGen:C0950123",not provided|Hereditary hyperinsulinism|Transitory neonatal diabetes mellitus|Maturity-onset diabetes of the young|Inborn genetic diseases,germline;somatic,germline/somatic,GRCh37,NC_000011.9,11,17417457,17417457,na,na,11p15.1,"criteria provided, conflicting classifications",4,-,N,ClinGen:CA5902552,2,755421,17417457,G,A,-,-,-,-,-,-,SCV001078533|SCV002513460|SCV005034518,-,-
768326,single nucleotide variant,NM_000352.6(ABCC8):c.4140C>T (p.Thr1380=),6833,ABCC8,HGNC:59,Conflicting classifications of pathogenicity,0,"Dec 08, 2023",574684578,-,RCV000932845|RCV001277182|RCV002245755|RCV002245754|RCV004029597,"MedGen:C3661900||Human Phenotype Ontology:HP:0008255,MONDO:MONDO:0020525,MedGen:C0342273|Human Phenotype Ontology:HP:0004904,MONDO:MONDO:0018911,MedGen:C0342276,OMIM:PS125850,Orphanet:552|MeSH:D030342,MedGen:C0950123",not provided|Hereditary hyperinsulinism|Transitory neonatal diabetes mellitus|Maturity-onset diabetes of the young|Inborn genetic diseases,germline;somatic,germline/somatic,GRCh38,NC_000011.10,11,17395910,17395910,na,na,11p15.1,"criteria provided, conflicting classifications",4,-,N,ClinGen:CA5902552,2,755421,17395910,G,A,-,-,-,-,-,-,SCV001078533|SCV002513460|SCV005034518,-,-
768327,single nucleotide variant,NM_000352.6(ABCC8):c.4095T>C (p.Asn1365=),6833,ABCC8,HGNC:59,Conflicting classifications of pathogenicity,0,"Feb 23, 2024",1207446214,-,RCV000944956|RCV002245778|RCV002245777,"MedGen:C3661900|Human Phenotype Ontology:HP:0008255,MONDO:MONDO:0020525,MedGen:C0342273|Human Phenotype Ontology:HP:0004904,MONDO:MONDO:0018911,MedGen:C0342276,OMIM:PS125850,Orphanet:552",not provided|Transitory neonatal diabetes mellitus|Maturity-onset diabetes of the young,germline;somatic,germline/somatic,GRCh37,NC_000011.9,11,17418487,17418487,na,na,11p15.1,"criteria provided, conflicting classifications",2,-,N,ClinGen:CA473298448,2,766442,17418487,A,G,-,-,-,-,-,-,SCV001090939|SCV002513486|SCV002513487,-,-
768327,single nucleotide variant,NM_000352.6(ABCC8):c.4095T>C (p.Asn1365=),6833,ABCC8,HGNC:59,Conflicting classifications of pathogenicity,0,"Feb 23, 2024",1207446214,-,RCV000944956|RCV002245778|RCV002245777,"MedGen:C3661900|Human Phenotype Ontology:HP:0008255,MONDO:MONDO:0020525,MedGen:C0342273|Human Phenotype Ontology:HP:0004904,MONDO:MONDO:0018911,MedGen:C0342276,OMIM:PS125850,Orphanet:552",not provided|Transitory neonatal diabetes mellitus|Maturity-onset diabetes of the young,germline;somatic,germline/somatic,GRCh38,NC_000011.10,11,17396940,17396940,na,na,11p15.1,"criteria provided, conflicting classifications",2,-,N,ClinGen:CA473298448,2,766442,17396940,A,G,-,-,-,-,-,-,SCV001090939|SCV002513486|SCV002513487,-,-
768328,single nucleotide variant,NM_000352.6(ABCC8):c.4077G>A (p.Pro1359=),6833,ABCC8,HGNC:59,Conflicting classifications of pathogenicity,0,"Dec 20, 2025",547430068,-,RCV000941649|RCV001103945|RCV001104229|RCV001104228|RCV002245767|RCV002245766,"MedGen:C3661900|MONDO:MONDO:0012480,MedGen:C1835887,OMIM:610374,Orphanet:99886|MONDO:MONDO:0009734,MedGen:C2931832,OMIM:256450,Orphanet:276575,Orphanet:276598|MONDO:MONDO:0100164,MedGen:C1833104,OMIM:PS606176,Orphanet:99885|Human Phenotype Ontology:HP:0008255,MONDO:MONDO:0020525,MedGen:C0342273|Human Phenotype Ontology:HP:0004904,MONDO:MONDO:0018911,MedGen:C0342276,OMIM:PS125850,Orphanet:552","not provided|Diabetes mellitus, transient neonatal, 2|Hyperinsulinemic hypoglycemia, familial, 1|Permanent neonatal diabetes mellitus|Transitory neonatal diabetes mellitus|Maturity-onset diabetes of the young",germline;somatic,germline/somatic,GRCh37,NC_000011.9,11,17418505,17418505,na,na,11p15.1,"criteria provided, conflicting classifications",3,-,N,ClinGen:CA5902589,2,763411,17418505,C,T,-,-,-,-,-,-,SCV001087542|SCV001260767|SCV001261078|SCV001261079|SCV002513495|SCV002513498,-,-
768328,single nucleotide variant,NM_000352.6(ABCC8):c.4077G>A (p.Pro1359=),6833,ABCC8,HGNC:59,Conflicting classifications of pathogenicity,0,"Dec 20, 2025",547430068,-,RCV000941649|RCV001103945|RCV001104229|RCV001104228|RCV002245767|RCV002245766,"MedGen:C3661900|MONDO:MONDO:0012480,MedGen:C1835887,OMIM:610374,Orphanet:99886|MONDO:MONDO:0009734,MedGen:C2931832,OMIM:256450,Orphanet:276575,Orphanet:276598|MONDO:MONDO:0100164,MedGen:C1833104,OMIM:PS606176,Orphanet:99885|Human Phenotype Ontology:HP:0008255,MONDO:MONDO:0020525,MedGen:C0342273|Human Phenotype Ontology:HP:0004904,MONDO:MONDO:0018911,MedGen:C0342276,OMIM:PS125850,Orphanet:552","not provided|Diabetes mellitus, transient neonatal, 2|Hyperinsulinemic hypoglycemia, familial, 1|Permanent neonatal diabetes mellitus|Transitory neonatal diabetes mellitus|Maturity-onset diabetes of the young",germline;somatic,germline/somatic,GRCh38,NC_000011.10,11,17396958,17396958,na,na,11p15.1,"criteria provided, conflicting classifications",3,-,N,ClinGen:CA5902589,2,763411,17396958,C,T,-,-,-,-,-,-,SCV001087542|SCV001260767|SCV001261078|SCV001261079|SCV002513495|SCV002513498,-,-
768329,single nucleotide variant,NM_000352.6(ABCC8):c.3960C>T (p.Thr1320=),6833,ABCC8,HGNC:59,Conflicting classifications of pathogenicity,0,"Jan 20, 2026",137868047,-,RCV000944938|RCV001274290|RCV001818922|RCV002246149|RCV002246148,"MedGen:C3661900||MedGen:CN169374|Human Phenotype Ontology:HP:0008255,MONDO:MONDO:0020525,MedGen:C0342273|Human Phenotype Ontology:HP:0004904,MONDO:MONDO:0018911,MedGen:C0342276,OMIM:PS125850,Orphanet:552",not provided|Hereditary hyperinsulinism|not specified|Transitory neonatal diabetes mellitus|Maturity-onset diabetes of the young,germline;somatic,germline/somatic,GRCh37,NC_000011.9,11,17418768,17418768,na,na,11p15.1,"criteria provided, conflicting classifications",5,-,N,ClinGen:CA5902634,2,766424,17418768,G,A,-,-,-,-,-,-,SCV001090921|SCV002072368|SCV002513525|SCV002513526|SCV005890401,-,-
768329,single nucleotide variant,NM_000352.6(ABCC8):c.3960C>T (p.Thr1320=),6833,ABCC8,HGNC:59,Conflicting classifications of pathogenicity,0,"Jan 20, 2026",137868047,-,RCV000944938|RCV001274290|RCV001818922|RCV002246149|RCV002246148,"MedGen:C3661900||MedGen:CN169374|Human Phenotype Ontology:HP:0008255,MONDO:MONDO:0020525,MedGen:C0342273|Human Phenotype Ontology:HP:0004904,MONDO:MONDO:0018911,MedGen:C0342276,OMIM:PS125850,Orphanet:552",not provided|Hereditary hyperinsulinism|not specified|Transitory neonatal diabetes mellitus|Maturity-onset diabetes of the young,germline;somatic,germline/somatic,GRCh38,NC_000011.10,11,17397221,17397221,na,na,11p15.1,"criteria provided, conflicting classifications",5,-,N,ClinGen:CA5902634,2,766424,17397221,G,A,-,-,-,-,-,-,SCV001090921|SCV002072368|SCV002513525|SCV002513526|SCV005890401,-,-
768330,single nucleotide variant,NM_000352.6(ABCC8):c.3918C>G (p.Leu1306=),6833,ABCC8,HGNC:59,Benign,0,"Jan 26, 2026",372186045,-,RCV000944279|RCV001274291|RCV004543530,MedGen:C3661900||,not provided|Hereditary hyperinsulinism|ABCC8-related disorder,germline,germline,GRCh37,NC_000011.9,11,17418810,17418810,na,na,11p15.1,"criteria provided, single submitter",3,-,N,ClinGen:CA5902647,2,765816,17418810,G,C,-,-,-,-,-,-,SCV001090245,-,-
768330,single nucleotide variant,NM_000352.6(ABCC8):c.3918C>G (p.Leu1306=),6833,ABCC8,HGNC:59,Benign,0,"Jan 26, 2026",372186045,-,RCV000944279|RCV001274291|RCV004543530,MedGen:C3661900||,not provided|Hereditary hyperinsulinism|ABCC8-related disorder,germline,germline,GRCh38,NC_000011.10,11,17397263,17397263,na,na,11p15.1,"criteria provided, single submitter",3,-,N,ClinGen:CA5902647,2,765816,17397263,G,C,-,-,-,-,-,-,SCV001090245,-,-
768331,single nucleotide variant,NM_000352.6(ABCC8):c.3681C>T (p.Leu1227=),6833,ABCC8,HGNC:59,Likely benign,0,"Jun 16, 2023",370636988,-,RCV000943994,MedGen:C3661900,not provided,germline,germline,GRCh37,NC_000011.9,11,17419958,17419958,na,na,11p15.1,"criteria provided, single submitter",1,-,N,ClinGen:CA5902730,2,765563,17419958,G,A,-,-,-,-,-,-,SCV001089954,-,-
768331,single nucleotide variant,NM_000352.6(ABCC8):c.3681C>T (p.Leu1227=),6833,ABCC8,HGNC:59,Likely benign,0,"Jun 16, 2023",370636988,-,RCV000943994,MedGen:C3661900,not provided,germline,germline,GRCh38,NC_000011.10,11,17398411,17398411,na,na,11p15.1,"criteria provided, single submitter",1,-,N,ClinGen:CA5902730,2,765563,17398411,G,A,-,-,-,-,-,-,SCV001089954,-,-
768332,single nucleotide variant,NM_000352.6(ABCC8):c.3513C>T (p.Ala1171=),6833,ABCC8,HGNC:59,Likely benign,0,"Oct 18, 2025",778961697,-,RCV000942840|RCV002454163|RCV002502887,"MedGen:C3661900|MeSH:D030342,MedGen:C0950123|MONDO:MONDO:0012480,MedGen:C1835887,OMIM:610374,Orphanet:99886;MONDO:MONDO:0009734,MedGen:C2931832,OMIM:256450,Orphanet:276575,Orphanet:276598;Human Phenotype Ontology:HP:0005965,Human Phenotype Ontology:HP:0005978,Human Phenotype Ontology:HP:0100652,MONDO:MONDO:0005148,MeSH:D003924,MedGen:C0011860,OMIM:125853;MONDO:MONDO:0009415,MedGen:C0271714,OMIM:240800;MONDO:MONDO:0030088,MedGen:C5394303,OMIM:618857","not provided|Inborn genetic diseases|Diabetes mellitus, transient neonatal, 2;Hyperinsulinemic hypoglycemia, familial, 1;Type 2 diabetes mellitus;Leucine-induced hypoglycemia;Diabetes mellitus, permanent neonatal 3",germline;unknown,germline,GRCh37,NC_000011.9,11,17426103,17426103,na,na,11p15.1,"criteria provided, multiple submitters, no conflicts",3,-,N,ClinGen:CA5902790,2,764491,17426103,G,A,-,-,-,-,-,-,SCV001088775|SCV002613079|SCV002805218,-,-
768332,single nucleotide variant,NM_000352.6(ABCC8):c.3513C>T (p.Ala1171=),6833,ABCC8,HGNC:59,Likely benign,0,"Oct 18, 2025",778961697,-,RCV000942840|RCV002454163|RCV002502887,"MedGen:C3661900|MeSH:D030342,MedGen:C0950123|MONDO:MONDO:0012480,MedGen:C1835887,OMIM:610374,Orphanet:99886;MONDO:MONDO:0009734,MedGen:C2931832,OMIM:256450,Orphanet:276575,Orphanet:276598;Human Phenotype Ontology:HP:0005965,Human Phenotype Ontology:HP:0005978,Human Phenotype Ontology:HP:0100652,MONDO:MONDO:0005148,MeSH:D003924,MedGen:C0011860,OMIM:125853;MONDO:MONDO:0009415,MedGen:C0271714,OMIM:240800;MONDO:MONDO:0030088,MedGen:C5394303,OMIM:618857","not provided|Inborn genetic diseases|Diabetes mellitus, transient neonatal, 2;Hyperinsulinemic hypoglycemia, familial, 1;Type 2 diabetes mellitus;Leucine-induced hypoglycemia;Diabetes mellitus, permanent neonatal 3",germline;unknown,germline,GRCh38,NC_000011.10,11,17404556,17404556,na,na,11p15.1,"criteria provided, multiple submitters, no conflicts",3,-,N,ClinGen:CA5902790,2,764491,17404556,G,A,-,-,-,-,-,-,SCV001088775|SCV002613079|SCV002805218,-,-
768333,single nucleotide variant,NM_000352.6(ABCC8):c.3228G>T (p.Val1076=),6833,ABCC8,HGNC:59,Conflicting classifications of pathogenicity,0,"Jun 05, 2023",368587840,-,RCV000928377|RCV002250699|RCV002250700,"MedGen:C3661900|Human Phenotype Ontology:HP:0004904,MONDO:MONDO:0018911,MedGen:C0342276,OMIM:PS125850,Orphanet:552|Human Phenotype Ontology:HP:0008255,MONDO:MONDO:0020525,MedGen:C0342273",not provided|Maturity-onset diabetes of the young|Transitory neonatal diabetes mellitus,germline;somatic,germline/somatic,GRCh37,NC_000011.9,11,17428270,17428270,na,na,11p15.1,"criteria provided, conflicting classifications",2,-,N,ClinGen:CA218422512,2,751328,17428270,C,A,-,-,-,-,-,-,SCV001073987|SCV002520746|SCV002520747,-,-
768333,single nucleotide variant,NM_000352.6(ABCC8):c.3228G>T (p.Val1076=),6833,ABCC8,HGNC:59,Conflicting classifications of pathogenicity,0,"Jun 05, 2023",368587840,-,RCV000928377|RCV002250699|RCV002250700,"MedGen:C3661900|Human Phenotype Ontology:HP:0004904,MONDO:MONDO:0018911,MedGen:C0342276,OMIM:PS125850,Orphanet:552|Human Phenotype Ontology:HP:0008255,MONDO:MONDO:0020525,MedGen:C0342273",not provided|Maturity-onset diabetes of the young|Transitory neonatal diabetes mellitus,germline;somatic,germline/somatic,GRCh38,NC_000011.10,11,17406723,17406723,na,na,11p15.1,"criteria provided, conflicting classifications",2,-,N,ClinGen:CA218422512,2,751328,17406723,C,A,-,-,-,-,-,-,SCV001073987|SCV002520746|SCV002520747,-,-
768334,single nucleotide variant,NM_000352.6(ABCC8):c.3129G>A (p.Leu1043=),6833,ABCC8,HGNC:59,Conflicting classifications of pathogenicity,0,"Jun 15, 2018",1591744434,-,RCV000930743|RCV002250701|RCV002250702,"MedGen:C3661900|Human Phenotype Ontology:HP:0004904,MONDO:MONDO:0018911,MedGen:C0342276,OMIM:PS125850,Orphanet:552|Human Phenotype Ontology:HP:0008255,MONDO:MONDO:0020525,MedGen:C0342273",not provided|Maturity-onset diabetes of the young|Transitory neonatal diabetes mellitus,germline;somatic,germline/somatic,GRCh37,NC_000011.9,11,17428468,17428468,na,na,11p15.1,"criteria provided, conflicting classifications",2,-,N,ClinGen:CA473516130,2,753498,17428468,C,T,-,-,-,-,-,-,SCV001076400|SCV002520758|SCV002520759,-,-
768334,single nucleotide variant,NM_000352.6(ABCC8):c.3129G>A (p.Leu1043=),6833,ABCC8,HGNC:59,Conflicting classifications of pathogenicity,0,"Jun 15, 2018",1591744434,-,RCV000930743|RCV002250701|RCV002250702,"MedGen:C3661900|Human Phenotype Ontology:HP:0004904,MONDO:MONDO:0018911,MedGen:C0342276,OMIM:PS125850,Orphanet:552|Human Phenotype Ontology:HP:0008255,MONDO:MONDO:0020525,MedGen:C0342273",not provided|Maturity-onset diabetes of the young|Transitory neonatal diabetes mellitus,germline;somatic,germline/somatic,GRCh38,NC_000011.10,11,17406921,17406921,na,na,11p15.1,"criteria provided, conflicting classifications",2,-,N,ClinGen:CA473516130,2,753498,17406921,C,T,-,-,-,-,-,-,SCV001076400|SCV002520758|SCV002520759,-,-
768335,single nucleotide variant,NM_000352.6(ABCC8):c.2880C>T (p.Ser960=),6833,ABCC8,HGNC:59,Conflicting classifications of pathogenicity,0,"May 22, 2025",774603418,-,RCV000932188|RCV002251533|RCV002251532,"MedGen:C3661900|Human Phenotype Ontology:HP:0008255,MONDO:MONDO:0020525,MedGen:C0342273|Human Phenotype Ontology:HP:0004904,MONDO:MONDO:0018911,MedGen:C0342276,OMIM:PS125850,Orphanet:552",not provided|Transitory neonatal diabetes mellitus|Maturity-onset diabetes of the young,germline;unknown,germline,GRCh37,NC_000011.9,11,17428941,17428941,na,na,11p15.1,"criteria provided, conflicting classifications",2,-,N,ClinGen:CA5902993,2,754833,17428941,G,A,-,-,-,-,-,-,SCV001077868|SCV002521944|SCV002521945,-,-
768335,single nucleotide variant,NM_000352.6(ABCC8):c.2880C>T (p.Ser960=),6833,ABCC8,HGNC:59,Conflicting classifications of pathogenicity,0,"May 22, 2025",774603418,-,RCV000932188|RCV002251533|RCV002251532,"MedGen:C3661900|Human Phenotype Ontology:HP:0008255,MONDO:MONDO:0020525,MedGen:C0342273|Human Phenotype Ontology:HP:0004904,MONDO:MONDO:0018911,MedGen:C0342276,OMIM:PS125850,Orphanet:552",not provided|Transitory neonatal diabetes mellitus|Maturity-onset diabetes of the young,germline;unknown,germline,GRCh38,NC_000011.10,11,17407394,17407394,na,na,11p15.1,"criteria provided, conflicting classifications",2,-,N,ClinGen:CA5902993,2,754833,17407394,G,A,-,-,-,-,-,-,SCV001077868|SCV002521944|SCV002521945,-,-
768336,single nucleotide variant,NM_000352.6(ABCC8):c.2235C>T (p.Ser745=),6833,ABCC8,HGNC:59,Conflicting classifications of pathogenicity,0,"Nov 16, 2025",200708414,-,RCV000930271|RCV001826948,MedGen:C3661900|,not provided|Hereditary hyperinsulinism,germline,germline,GRCh37,NC_000011.9,11,17438497,17438497,na,na,11p15.1,"criteria provided, conflicting classifications",3,-,N,ClinGen:CA5903253,2,753067,17438497,G,A,-,-,-,-,-,-,SCV001075921|SCV003925956,-,-
768336,single nucleotide variant,NM_000352.6(ABCC8):c.2235C>T (p.Ser745=),6833,ABCC8,HGNC:59,Conflicting classifications of pathogenicity,0,"Nov 16, 2025",200708414,-,RCV000930271|RCV001826948,MedGen:C3661900|,not provided|Hereditary hyperinsulinism,germline,germline,GRCh38,NC_000011.10,11,17416950,17416950,na,na,11p15.1,"criteria provided, conflicting classifications",3,-,N,ClinGen:CA5903253,2,753067,17416950,G,A,-,-,-,-,-,-,SCV001075921|SCV003925956,-,-
768337,single nucleotide variant,NM_000352.6(ABCC8):c.2163G>A (p.Ser721=),6833,ABCC8,HGNC:59,Likely benign,0,"Aug 05, 2024",201724038,-,RCV000939940|RCV001832144,MedGen:C3661900|,not provided|Hereditary hyperinsulinism,germline,germline,GRCh37,NC_000011.9,11,17448655,17448655,na,na,11p15.1,"criteria provided, single submitter",2,-,N,ClinGen:CA5903287,2,761859,17448655,C,T,-,-,-,-,-,-,SCV001085796,-,-
768337,single nucleotide variant,NM_000352.6(ABCC8):c.2163G>A (p.Ser721=),6833,ABCC8,HGNC:59,Likely benign,0,"Aug 05, 2024",201724038,-,RCV000939940|RCV001832144,MedGen:C3661900|,not provided|Hereditary hyperinsulinism,germline,germline,GRCh38,NC_000011.10,11,17427108,17427108,na,na,11p15.1,"criteria provided, single submitter",2,-,N,ClinGen:CA5903287,2,761859,17427108,C,T,-,-,-,-,-,-,SCV001085796,-,-
768338,single nucleotide variant,NM_000352.6(ABCC8):c.2094C>T (p.Asn698=),6833,ABCC8,HGNC:59,Conflicting classifications of pathogenicity,0,"Jan 24, 2026",757172850,-,RCV000941847|RCV002251535|RCV002251534,"MedGen:C3661900|Human Phenotype Ontology:HP:0008255,MONDO:MONDO:0020525,MedGen:C0342273|Human Phenotype Ontology:HP:0004904,MONDO:MONDO:0018911,MedGen:C0342276,OMIM:PS125850,Orphanet:552",not provided|Transitory neonatal diabetes mellitus|Maturity-onset diabetes of the young,germline;unknown,germline,GRCh37,NC_000011.9,11,17449436,17449436,na,na,11p15.1,"criteria provided, conflicting classifications",2,-,N,ClinGen:CA5903317,2,763590,17449436,G,A,-,-,-,-,-,-,SCV001087749|SCV002522273|SCV002522274,-,-
768338,single nucleotide variant,NM_000352.6(ABCC8):c.2094C>T (p.Asn698=),6833,ABCC8,HGNC:59,Conflicting classifications of pathogenicity,0,"Jan 24, 2026",757172850,-,RCV000941847|RCV002251535|RCV002251534,"MedGen:C3661900|Human Phenotype Ontology:HP:0008255,MONDO:MONDO:0020525,MedGen:C0342273|Human Phenotype Ontology:HP:0004904,MONDO:MONDO:0018911,MedGen:C0342276,OMIM:PS125850,Orphanet:552",not provided|Transitory neonatal diabetes mellitus|Maturity-onset diabetes of the young,germline;unknown,germline,GRCh38,NC_000011.10,11,17427889,17427889,na,na,11p15.1,"criteria provided, conflicting classifications",2,-,N,ClinGen:CA5903317,2,763590,17427889,G,A,-,-,-,-,-,-,SCV001087749|SCV002522273|SCV002522274,-,-
768339,single nucleotide variant,NM_000352.6(ABCC8):c.2022T>C (p.Ala674=),6833,ABCC8,HGNC:59,Conflicting classifications of pathogenicity,0,"Jan 31, 2024",371724951,-,RCV000930474|RCV002267045|RCV002267044,"MedGen:C3661900|Human Phenotype Ontology:HP:0008255,MONDO:MONDO:0020525,MedGen:C0342273|Human Phenotype Ontology:HP:0004904,MONDO:MONDO:0018911,MedGen:C0342276,OMIM:PS125850,Orphanet:552",not provided|Transitory neonatal diabetes mellitus|Maturity-onset diabetes of the young,germline;unknown,germline,GRCh37,NC_000011.9,11,17449854,17449854,na,na,11p15.1,"criteria provided, conflicting classifications",2,-,N,ClinGen:CA218441369,2,753254,17449854,A,G,-,-,-,-,-,-,SCV001076128|SCV002522286|SCV002522288,-,-
768339,single nucleotide variant,NM_000352.6(ABCC8):c.2022T>C (p.Ala674=),6833,ABCC8,HGNC:59,Conflicting classifications of pathogenicity,0,"Jan 31, 2024",371724951,-,RCV000930474|RCV002267045|RCV002267044,"MedGen:C3661900|Human Phenotype Ontology:HP:0008255,MONDO:MONDO:0020525,MedGen:C0342273|Human Phenotype Ontology:HP:0004904,MONDO:MONDO:0018911,MedGen:C0342276,OMIM:PS125850,Orphanet:552",not provided|Transitory neonatal diabetes mellitus|Maturity-onset diabetes of the young,germline;unknown,germline,GRCh38,NC_000011.10,11,17428307,17428307,na,na,11p15.1,"criteria provided, conflicting classifications",2,-,N,ClinGen:CA218441369,2,753254,17428307,A,G,-,-,-,-,-,-,SCV001076128|SCV002522286|SCV002522288,-,-
768340,single nucleotide variant,NM_000352.6(ABCC8):c.1998G>C (p.Leu666=),6833,ABCC8,HGNC:59,Conflicting classifications of pathogenicity,0,"Jan 14, 2025",1191652273,-,RCV000928875|RCV002267040|RCV002267041|RCV005236446,"MedGen:C3661900|Human Phenotype Ontology:HP:0004904,MONDO:MONDO:0018911,MedGen:C0342276,OMIM:PS125850,Orphanet:552|Human Phenotype Ontology:HP:0008255,MONDO:MONDO:0020525,MedGen:C0342273|MedGen:CN169374",not provided|Maturity-onset diabetes of the young|Transitory neonatal diabetes mellitus|not specified,germline;unknown,germline,GRCh37,NC_000011.9,11,17449878,17449878,na,na,11p15.1,"criteria provided, conflicting classifications",3,-,N,ClinGen:CA473516114,2,751779,17449878,C,G,-,-,-,-,-,-,SCV001074496|SCV002522289|SCV002522290|SCV005887260,-,-
768340,single nucleotide variant,NM_000352.6(ABCC8):c.1998G>C (p.Leu666=),6833,ABCC8,HGNC:59,Conflicting classifications of pathogenicity,0,"Jan 14, 2025",1191652273,-,RCV000928875|RCV002267040|RCV002267041|RCV005236446,"MedGen:C3661900|Human Phenotype Ontology:HP:0004904,MONDO:MONDO:0018911,MedGen:C0342276,OMIM:PS125850,Orphanet:552|Human Phenotype Ontology:HP:0008255,MONDO:MONDO:0020525,MedGen:C0342273|MedGen:CN169374",not provided|Maturity-onset diabetes of the young|Transitory neonatal diabetes mellitus|not specified,germline;unknown,germline,GRCh38,NC_000011.10,11,17428331,17428331,na,na,11p15.1,"criteria provided, conflicting classifications",3,-,N,ClinGen:CA473516114,2,751779,17428331,C,G,-,-,-,-,-,-,SCV001074496|SCV002522289|SCV002522290|SCV005887260,-,-
768341,single nucleotide variant,NM_000352.6(ABCC8):c.1980C>T (p.Thr660=),6833,ABCC8,HGNC:59,Conflicting classifications of pathogenicity,0,"Jan 21, 2024",766374930,-,RCV000931580|RCV002267047|RCV002267046,"MedGen:C3661900|Human Phenotype Ontology:HP:0008255,MONDO:MONDO:0020525,MedGen:C0342273|Human Phenotype Ontology:HP:0004904,MONDO:MONDO:0018911,MedGen:C0342276,OMIM:PS125850,Orphanet:552",not provided|Transitory neonatal diabetes mellitus|Maturity-onset diabetes of the young,germline;unknown,germline,GRCh37,NC_000011.9,11,17449896,17449896,na,na,11p15.1,"criteria provided, conflicting classifications",2,-,N,ClinGen:CA5903356,2,754265,17449896,G,A,-,-,-,-,-,-,SCV001077249|SCV002522296|SCV002522297,-,-
768341,single nucleotide variant,NM_000352.6(ABCC8):c.1980C>T (p.Thr660=),6833,ABCC8,HGNC:59,Conflicting classifications of pathogenicity,0,"Jan 21, 2024",766374930,-,RCV000931580|RCV002267047|RCV002267046,"MedGen:C3661900|Human Phenotype Ontology:HP:0008255,MONDO:MONDO:0020525,MedGen:C0342273|Human Phenotype Ontology:HP:0004904,MONDO:MONDO:0018911,MedGen:C0342276,OMIM:PS125850,Orphanet:552",not provided|Transitory neonatal diabetes mellitus|Maturity-onset diabetes of the young,germline;unknown,germline,GRCh38,NC_000011.10,11,17428349,17428349,na,na,11p15.1,"criteria provided, conflicting classifications",2,-,N,ClinGen:CA5903356,2,754265,17428349,G,A,-,-,-,-,-,-,SCV001077249|SCV002522296|SCV002522297,-,-
768342,single nucleotide variant,NM_000352.6(ABCC8):c.1644G>T (p.Thr548=),6833,ABCC8,HGNC:59,Conflicting classifications of pathogenicity,0,"Jan 16, 2026",565996783,-,RCV000928907|RCV001274303|RCV002267043|RCV002267042|RCV003307705,"MedGen:C3661900||Human Phenotype Ontology:HP:0008255,MONDO:MONDO:0020525,MedGen:C0342273|Human Phenotype Ontology:HP:0004904,MONDO:MONDO:0018911,MedGen:C0342276,OMIM:PS125850,Orphanet:552|MeSH:D030342,MedGen:C0950123",not provided|Hereditary hyperinsulinism|Transitory neonatal diabetes mellitus|Maturity-onset diabetes of the young|Inborn genetic diseases,germline;unknown,germline,GRCh37,NC_000011.9,11,17453778,17453778,na,na,11p15.1,"criteria provided, conflicting classifications",4,-,N,ClinGen:CA5903498,2,751807,17453778,C,A,-,-,-,-,-,-,SCV001074529|SCV002522367|SCV002522368|SCV003997095,-,-
768342,single nucleotide variant,NM_000352.6(ABCC8):c.1644G>T (p.Thr548=),6833,ABCC8,HGNC:59,Conflicting classifications of pathogenicity,0,"Jan 16, 2026",565996783,-,RCV000928907|RCV001274303|RCV002267043|RCV002267042|RCV003307705,"MedGen:C3661900||Human Phenotype Ontology:HP:0008255,MONDO:MONDO:0020525,MedGen:C0342273|Human Phenotype Ontology:HP:0004904,MONDO:MONDO:0018911,MedGen:C0342276,OMIM:PS125850,Orphanet:552|MeSH:D030342,MedGen:C0950123",not provided|Hereditary hyperinsulinism|Transitory neonatal diabetes mellitus|Maturity-onset diabetes of the young|Inborn genetic diseases,germline;unknown,germline,GRCh38,NC_000011.10,11,17432231,17432231,na,na,11p15.1,"criteria provided, conflicting classifications",4,-,N,ClinGen:CA5903498,2,751807,17432231,C,A,-,-,-,-,-,-,SCV001074529|SCV002522367|SCV002522368|SCV003997095,-,-
768343,single nucleotide variant,NM_000352.6(ABCC8):c.1512C>T (p.Arg504=),6833,ABCC8,HGNC:59,Conflicting classifications of pathogenicity,0,"Feb 03, 2024",148811815,-,RCV000941561|RCV001274306|RCV001818914|RCV002267052|RCV002267051,"MedGen:C3661900||MedGen:CN169374|Human Phenotype Ontology:HP:0008255,MONDO:MONDO:0020525,MedGen:C0342273|Human Phenotype Ontology:HP:0004904,MONDO:MONDO:0018911,MedGen:C0342276,OMIM:PS125850,Orphanet:552",not provided|Hereditary hyperinsulinism|not specified|Transitory neonatal diabetes mellitus|Maturity-onset diabetes of the young,germline;unknown,germline,GRCh37,NC_000011.9,11,17464385,17464385,na,na,11p15.1,"criteria provided, conflicting classifications",4,-,N,ClinGen:CA5903543,2,763333,17464385,G,A,-,-,-,-,-,-,SCV001087451|SCV002066837|SCV002522395|SCV002522396,-,-
768343,single nucleotide variant,NM_000352.6(ABCC8):c.1512C>T (p.Arg504=),6833,ABCC8,HGNC:59,Conflicting classifications of pathogenicity,0,"Feb 03, 2024",148811815,-,RCV000941561|RCV001274306|RCV001818914|RCV002267052|RCV002267051,"MedGen:C3661900||MedGen:CN169374|Human Phenotype Ontology:HP:0008255,MONDO:MONDO:0020525,MedGen:C0342273|Human Phenotype Ontology:HP:0004904,MONDO:MONDO:0018911,MedGen:C0342276,OMIM:PS125850,Orphanet:552",not provided|Hereditary hyperinsulinism|not specified|Transitory neonatal diabetes mellitus|Maturity-onset diabetes of the young,germline;unknown,germline,GRCh38,NC_000011.10,11,17442838,17442838,na,na,11p15.1,"criteria provided, conflicting classifications",4,-,N,ClinGen:CA5903543,2,763333,17442838,G,A,-,-,-,-,-,-,SCV001087451|SCV002066837|SCV002522395|SCV002522396,-,-
768344,single nucleotide variant,NM_000352.6(ABCC8):c.1428C>T (p.Phe476=),6833,ABCC8,HGNC:59,Likely benign,0,"Feb 19, 2024",867541142,-,RCV000930042,MedGen:C3661900,not provided,germline,germline,GRCh37,NC_000011.9,11,17464764,17464764,na,na,11p15.1,"criteria provided, single submitter",1,-,N,ClinGen:CA218446004,2,752862,17464764,G,A,-,-,-,-,-,-,SCV001075683,-,-
768344,single nucleotide variant,NM_000352.6(ABCC8):c.1428C>T (p.Phe476=),6833,ABCC8,HGNC:59,Likely benign,0,"Feb 19, 2024",867541142,-,RCV000930042,MedGen:C3661900,not provided,germline,germline,GRCh38,NC_000011.10,11,17443217,17443217,na,na,11p15.1,"criteria provided, single submitter",1,-,N,ClinGen:CA218446004,2,752862,17443217,G,A,-,-,-,-,-,-,SCV001075683,-,-
768345,single nucleotide variant,NM_000352.6(ABCC8):c.1416T>C (p.Pro472=),6833,ABCC8,HGNC:59,Conflicting classifications of pathogenicity,0,"Nov 19, 2024",1391155490,-,RCV000930076|RCV002253696|RCV002253695|RCV005056690,"MedGen:C3661900|Human Phenotype Ontology:HP:0008255,MONDO:MONDO:0020525,MedGen:C0342273|Human Phenotype Ontology:HP:0004904,MONDO:MONDO:0018911,MedGen:C0342276,OMIM:PS125850,Orphanet:552|MedGen:CN169374",not provided|Transitory neonatal diabetes mellitus|Maturity-onset diabetes of the young|not specified,germline;unknown,germline,GRCh37,NC_000011.9,11,17464776,17464776,na,na,11p15.1,"criteria provided, conflicting classifications",3,-,N,ClinGen:CA473298644,2,752893,17464776,A,G,-,-,-,-,-,-,SCV001075718|SCV002522419|SCV002522420|SCV005726597,-,-
768345,single nucleotide variant,NM_000352.6(ABCC8):c.1416T>C (p.Pro472=),6833,ABCC8,HGNC:59,Conflicting classifications of pathogenicity,0,"Nov 19, 2024",1391155490,-,RCV000930076|RCV002253696|RCV002253695|RCV005056690,"MedGen:C3661900|Human Phenotype Ontology:HP:0008255,MONDO:MONDO:0020525,MedGen:C0342273|Human Phenotype Ontology:HP:0004904,MONDO:MONDO:0018911,MedGen:C0342276,OMIM:PS125850,Orphanet:552|MedGen:CN169374",not provided|Transitory neonatal diabetes mellitus|Maturity-onset diabetes of the young|not specified,germline;unknown,germline,GRCh38,NC_000011.10,11,17443229,17443229,na,na,11p15.1,"criteria provided, conflicting classifications",3,-,N,ClinGen:CA473298644,2,752893,17443229,A,G,-,-,-,-,-,-,SCV001075718|SCV002522419|SCV002522420|SCV005726597,-,-
768346,single nucleotide variant,NM_000352.6(ABCC8):c.1095C>T (p.Ala365=),6833,ABCC8,HGNC:59,Conflicting classifications of pathogenicity,0,"Feb 02, 2024",1256418853,-,RCV000929723|RCV001276285|RCV002290980|RCV002253694,"MedGen:C3661900||Human Phenotype Ontology:HP:0004904,MONDO:MONDO:0018911,MedGen:C0342276,OMIM:PS125850,Orphanet:552|Human Phenotype Ontology:HP:0008255,MONDO:MONDO:0020525,MedGen:C0342273",not provided|Hereditary hyperinsulinism|Maturity-onset diabetes of the young|Transitory neonatal diabetes mellitus,germline;unknown,germline,GRCh37,NC_000011.9,11,17474747,17474747,na,na,11p15.1,"criteria provided, conflicting classifications",3,-,N,ClinGen:CA473299869,2,752571,17474747,G,A,-,-,-,-,-,-,SCV001075359|SCV002522583|SCV002522584,-,-
768346,single nucleotide variant,NM_000352.6(ABCC8):c.1095C>T (p.Ala365=),6833,ABCC8,HGNC:59,Conflicting classifications of pathogenicity,0,"Feb 02, 2024",1256418853,-,RCV000929723|RCV001276285|RCV002290980|RCV002253694,"MedGen:C3661900||Human Phenotype Ontology:HP:0004904,MONDO:MONDO:0018911,MedGen:C0342276,OMIM:PS125850,Orphanet:552|Human Phenotype Ontology:HP:0008255,MONDO:MONDO:0020525,MedGen:C0342273",not provided|Hereditary hyperinsulinism|Maturity-onset diabetes of the young|Transitory neonatal diabetes mellitus,germline;unknown,germline,GRCh38,NC_000011.10,11,17453200,17453200,na,na,11p15.1,"criteria provided, conflicting classifications",3,-,N,ClinGen:CA473299869,2,752571,17453200,G,A,-,-,-,-,-,-,SCV001075359|SCV002522583|SCV002522584,-,-
768347,single nucleotide variant,NM_000352.6(ABCC8):c.1002C>T (p.Phe334=),6833,ABCC8,HGNC:59,Conflicting classifications of pathogenicity,0,"Jul 18, 2025",763978514,-,RCV000930796|RCV002259546|RCV002259545,"MedGen:C3661900|Human Phenotype Ontology:HP:0008255,MONDO:MONDO:0020525,MedGen:C0342273|Human Phenotype Ontology:HP:0004904,MONDO:MONDO:0018911,MedGen:C0342276,OMIM:PS125850,Orphanet:552",not provided|Transitory neonatal diabetes mellitus|Maturity-onset diabetes of the young,germline;unknown,germline,GRCh37,NC_000011.9,11,17482044,17482044,na,na,11p15.1,"criteria provided, conflicting classifications",2,-,N,ClinGen:CA5903703,2,753548,17482044,G,A,-,-,-,-,-,-,SCV001076453|SCV002522573|SCV002522574,-,-
768347,single nucleotide variant,NM_000352.6(ABCC8):c.1002C>T (p.Phe334=),6833,ABCC8,HGNC:59,Conflicting classifications of pathogenicity,0,"Jul 18, 2025",763978514,-,RCV000930796|RCV002259546|RCV002259545,"MedGen:C3661900|Human Phenotype Ontology:HP:0008255,MONDO:MONDO:0020525,MedGen:C0342273|Human Phenotype Ontology:HP:0004904,MONDO:MONDO:0018911,MedGen:C0342276,OMIM:PS125850,Orphanet:552",not provided|Transitory neonatal diabetes mellitus|Maturity-onset diabetes of the young,germline;unknown,germline,GRCh38,NC_000011.10,11,17460497,17460497,na,na,11p15.1,"criteria provided, conflicting classifications",2,-,N,ClinGen:CA5903703,2,753548,17460497,G,A,-,-,-,-,-,-,SCV001076453|SCV002522573|SCV002522574,-,-
768348,single nucleotide variant,NM_000352.6(ABCC8):c.987G>A (p.Lys329=),6833,ABCC8,HGNC:59,Conflicting classifications of pathogenicity,0,"Aug 11, 2018",1216809389,-,RCV000943897|RCV002253702|RCV002253703,"MedGen:C3661900|Human Phenotype Ontology:HP:0004904,MONDO:MONDO:0018911,MedGen:C0342276,OMIM:PS125850,Orphanet:552|Human Phenotype Ontology:HP:0008255,MONDO:MONDO:0020525,MedGen:C0342273",not provided|Maturity-onset diabetes of the young|Transitory neonatal diabetes mellitus,germline;unknown,germline,GRCh37,NC_000011.9,11,17482059,17482059,na,na,11p15.1,"criteria provided, conflicting classifications",2,-,N,ClinGen:CA473300495,2,765476,17482059,C,T,-,-,-,-,-,-,SCV001089854|SCV002522569|SCV002522570,-,-
768348,single nucleotide variant,NM_000352.6(ABCC8):c.987G>A (p.Lys329=),6833,ABCC8,HGNC:59,Conflicting classifications of pathogenicity,0,"Aug 11, 2018",1216809389,-,RCV000943897|RCV002253702|RCV002253703,"MedGen:C3661900|Human Phenotype Ontology:HP:0004904,MONDO:MONDO:0018911,MedGen:C0342276,OMIM:PS125850,Orphanet:552|Human Phenotype Ontology:HP:0008255,MONDO:MONDO:0020525,MedGen:C0342273",not provided|Maturity-onset diabetes of the young|Transitory neonatal diabetes mellitus,germline;unknown,germline,GRCh38,NC_000011.10,11,17460512,17460512,na,na,11p15.1,"criteria provided, conflicting classifications",2,-,N,ClinGen:CA473300495,2,765476,17460512,C,T,-,-,-,-,-,-,SCV001089854|SCV002522569|SCV002522570,-,-
768349,single nucleotide variant,NM_000352.6(ABCC8):c.813C>T (p.Asp271=),6833,ABCC8,HGNC:59,Conflicting classifications of pathogenicity,0,"Jul 08, 2025",569222899,-,RCV000943032|RCV002253701|RCV002260116,"MedGen:C3661900|Human Phenotype Ontology:HP:0004904,MONDO:MONDO:0018911,MedGen:C0342276,OMIM:PS125850,Orphanet:552|Human Phenotype Ontology:HP:0008255,MONDO:MONDO:0020525,MedGen:C0342273",not provided|Maturity-onset diabetes of the young|Transitory neonatal diabetes mellitus,germline;unknown,germline,GRCh37,NC_000011.9,11,17483139,17483139,na,na,11p15.1,"criteria provided, conflicting classifications",2,-,N,ClinGen:CA5903772,2,764674,17483139,G,A,-,-,-,-,-,-,SCV001088971|SCV002522633|SCV002522635,-,-
768349,single nucleotide variant,NM_000352.6(ABCC8):c.813C>T (p.Asp271=),6833,ABCC8,HGNC:59,Conflicting classifications of pathogenicity,0,"Jul 08, 2025",569222899,-,RCV000943032|RCV002253701|RCV002260116,"MedGen:C3661900|Human Phenotype Ontology:HP:0004904,MONDO:MONDO:0018911,MedGen:C0342276,OMIM:PS125850,Orphanet:552|Human Phenotype Ontology:HP:0008255,MONDO:MONDO:0020525,MedGen:C0342273",not provided|Maturity-onset diabetes of the young|Transitory neonatal diabetes mellitus,germline;unknown,germline,GRCh38,NC_000011.10,11,17461592,17461592,na,na,11p15.1,"criteria provided, conflicting classifications",2,-,N,ClinGen:CA5903772,2,764674,17461592,G,A,-,-,-,-,-,-,SCV001088971|SCV002522633|SCV002522635,-,-
768350,single nucleotide variant,NM_000352.6(ABCC8):c.735C>T (p.Ile245=),6833,ABCC8,HGNC:59,Conflicting classifications of pathogenicity,0,"Jan 19, 2026",535141079,-,RCV000942194|RCV002253700|RCV002253699,"MedGen:C3661900|Human Phenotype Ontology:HP:0008255,MONDO:MONDO:0020525,MedGen:C0342273|Human Phenotype Ontology:HP:0004904,MONDO:MONDO:0018911,MedGen:C0342276,OMIM:PS125850,Orphanet:552",not provided|Transitory neonatal diabetes mellitus|Maturity-onset diabetes of the young,germline;unknown,germline,GRCh37,NC_000011.9,11,17483217,17483217,na,na,11p15.1,"criteria provided, conflicting classifications",2,-,N,ClinGen:CA5903791,2,763901,17483217,G,A,-,-,-,-,-,-,SCV001088114|SCV002522643|SCV002522644,-,-
768350,single nucleotide variant,NM_000352.6(ABCC8):c.735C>T (p.Ile245=),6833,ABCC8,HGNC:59,Conflicting classifications of pathogenicity,0,"Jan 19, 2026",535141079,-,RCV000942194|RCV002253700|RCV002253699,"MedGen:C3661900|Human Phenotype Ontology:HP:0008255,MONDO:MONDO:0020525,MedGen:C0342273|Human Phenotype Ontology:HP:0004904,MONDO:MONDO:0018911,MedGen:C0342276,OMIM:PS125850,Orphanet:552",not provided|Transitory neonatal diabetes mellitus|Maturity-onset diabetes of the young,germline;unknown,germline,GRCh38,NC_000011.10,11,17461670,17461670,na,na,11p15.1,"criteria provided, conflicting classifications",2,-,N,ClinGen:CA5903791,2,763901,17461670,G,A,-,-,-,-,-,-,SCV001088114|SCV002522643|SCV002522644,-,-
768351,single nucleotide variant,NM_000352.6(ABCC8):c.639G>C (p.Leu213=),6833,ABCC8,HGNC:59,Likely benign,0,"Nov 01, 2022",1483834388,-,RCV000942132|RCV005614464,MedGen:C3661900|,not provided|Hereditary hyperinsulinism,germline,germline,GRCh37,NC_000011.9,11,17483313,17483313,na,na,11p15.1,"criteria provided, single submitter",2,-,N,ClinGen:CA473516231,2,763847,17483313,C,G,-,-,-,-,-,-,SCV001088049,-,-
768351,single nucleotide variant,NM_000352.6(ABCC8):c.639G>C (p.Leu213=),6833,ABCC8,HGNC:59,Likely benign,0,"Nov 01, 2022",1483834388,-,RCV000942132|RCV005614464,MedGen:C3661900|,not provided|Hereditary hyperinsulinism,germline,germline,GRCh38,NC_000011.10,11,17461766,17461766,na,na,11p15.1,"criteria provided, single submitter",2,-,N,ClinGen:CA473516231,2,763847,17461766,C,G,-,-,-,-,-,-,SCV001088049,-,-
768352,single nucleotide variant,NM_000352.6(ABCC8):c.546G>A (p.Leu182=),6833,ABCC8,HGNC:59,Conflicting classifications of pathogenicity,0,"Aug 22, 2018",1591896019,-,RCV000944869|RCV002254188|RCV002254187,"MedGen:C3661900|Human Phenotype Ontology:HP:0008255,MONDO:MONDO:0020525,MedGen:C0342273|Human Phenotype Ontology:HP:0004904,MONDO:MONDO:0018911,MedGen:C0342276,OMIM:PS125850,Orphanet:552",not provided|Transitory neonatal diabetes mellitus|Maturity-onset diabetes of the young,germline;unknown,germline,GRCh37,NC_000011.9,11,17485018,17485018,na,na,11p15.1,"criteria provided, conflicting classifications",2,-,N,ClinGen:CA473301033,2,766359,17485018,C,T,-,-,-,-,-,-,SCV001090851|SCV002522681|SCV002522682,-,-
768352,single nucleotide variant,NM_000352.6(ABCC8):c.546G>A (p.Leu182=),6833,ABCC8,HGNC:59,Conflicting classifications of pathogenicity,0,"Aug 22, 2018",1591896019,-,RCV000944869|RCV002254188|RCV002254187,"MedGen:C3661900|Human Phenotype Ontology:HP:0008255,MONDO:MONDO:0020525,MedGen:C0342273|Human Phenotype Ontology:HP:0004904,MONDO:MONDO:0018911,MedGen:C0342276,OMIM:PS125850,Orphanet:552",not provided|Transitory neonatal diabetes mellitus|Maturity-onset diabetes of the young,germline;unknown,germline,GRCh38,NC_000011.10,11,17463471,17463471,na,na,11p15.1,"criteria provided, conflicting classifications",2,-,N,ClinGen:CA473301033,2,766359,17463471,C,T,-,-,-,-,-,-,SCV001090851|SCV002522681|SCV002522682,-,-
768353,single nucleotide variant,NM_000352.6(ABCC8):c.513C>T (p.Leu171=),6833,ABCC8,HGNC:59,Conflicting classifications of pathogenicity,0,"Feb 24, 2024",767395738,-,RCV000943598|RCV002254186|RCV002254185,"MedGen:C3661900|Human Phenotype Ontology:HP:0008255,MONDO:MONDO:0020525,MedGen:C0342273|Human Phenotype Ontology:HP:0004904,MONDO:MONDO:0018911,MedGen:C0342276,OMIM:PS125850,Orphanet:552",not provided|Transitory neonatal diabetes mellitus|Maturity-onset diabetes of the young,germline;unknown,germline,GRCh37,NC_000011.9,11,17485051,17485051,na,na,11p15.1,"criteria provided, conflicting classifications",2,-,N,ClinGen:CA5903852,2,765203,17485051,G,A,-,-,-,-,-,-,SCV001089550|SCV002524057|SCV002524058,-,-
768353,single nucleotide variant,NM_000352.6(ABCC8):c.513C>T (p.Leu171=),6833,ABCC8,HGNC:59,Conflicting classifications of pathogenicity,0,"Feb 24, 2024",767395738,-,RCV000943598|RCV002254186|RCV002254185,"MedGen:C3661900|Human Phenotype Ontology:HP:0008255,MONDO:MONDO:0020525,MedGen:C0342273|Human Phenotype Ontology:HP:0004904,MONDO:MONDO:0018911,MedGen:C0342276,OMIM:PS125850,Orphanet:552",not provided|Transitory neonatal diabetes mellitus|Maturity-onset diabetes of the young,germline;unknown,germline,GRCh38,NC_000011.10,11,17463504,17463504,na,na,11p15.1,"criteria provided, conflicting classifications",2,-,N,ClinGen:CA5903852,2,765203,17463504,G,A,-,-,-,-,-,-,SCV001089550|SCV002524057|SCV002524058,-,-
768354,single nucleotide variant,NM_000352.6(ABCC8):c.510C>T (p.Cys170=),6833,ABCC8,HGNC:59,Conflicting classifications of pathogenicity,0,"Nov 17, 2023",752679178,-,RCV000928347|RCV002254324|RCV001818891|RCV002254183,"MedGen:C3661900|Human Phenotype Ontology:HP:0008255,MONDO:MONDO:0020525,MedGen:C0342273|MedGen:CN169374|Human Phenotype Ontology:HP:0004904,MONDO:MONDO:0018911,MedGen:C0342276,OMIM:PS125850,Orphanet:552",not provided|Transitory neonatal diabetes mellitus|not specified|Maturity-onset diabetes of the young,germline;unknown,germline,GRCh37,NC_000011.9,11,17485054,17485054,na,na,11p15.1,"criteria provided, conflicting classifications",3,-,N,ClinGen:CA5903853,2,751300,17485054,G,A,-,-,-,-,-,-,SCV001073957|SCV002069803|SCV002524061|SCV002524062,-,-
768354,single nucleotide variant,NM_000352.6(ABCC8):c.510C>T (p.Cys170=),6833,ABCC8,HGNC:59,Conflicting classifications of pathogenicity,0,"Nov 17, 2023",752679178,-,RCV000928347|RCV002254324|RCV001818891|RCV002254183,"MedGen:C3661900|Human Phenotype Ontology:HP:0008255,MONDO:MONDO:0020525,MedGen:C0342273|MedGen:CN169374|Human Phenotype Ontology:HP:0004904,MONDO:MONDO:0018911,MedGen:C0342276,OMIM:PS125850,Orphanet:552",not provided|Transitory neonatal diabetes mellitus|not specified|Maturity-onset diabetes of the young,germline;unknown,germline,GRCh38,NC_000011.10,11,17463507,17463507,na,na,11p15.1,"criteria provided, conflicting classifications",3,-,N,ClinGen:CA5903853,2,751300,17463507,G,A,-,-,-,-,-,-,SCV001073957|SCV002069803|SCV002524061|SCV002524062,-,-
768355,single nucleotide variant,NM_000352.6(ABCC8):c.495G>A (p.Ser165=),6833,ABCC8,HGNC:59,Conflicting classifications of pathogenicity,0,"Oct 06, 2025",369136858,-,RCV000934068|RCV001826970|RCV002254184|RCV002254325,"MedGen:C3661900||Human Phenotype Ontology:HP:0008255,MONDO:MONDO:0020525,MedGen:C0342273|Human Phenotype Ontology:HP:0004904,MONDO:MONDO:0018911,MedGen:C0342276,OMIM:PS125850,Orphanet:552",not provided|Hereditary hyperinsulinism|Transitory neonatal diabetes mellitus|Maturity-onset diabetes of the young,germline;unknown,germline,GRCh37,NC_000011.9,11,17485069,17485069,na,na,11p15.1,"criteria provided, conflicting classifications",4,-,N,ClinGen:CA5903859,2,756559,17485069,C,T,-,-,-,-,-,-,SCV001079782|SCV002524069|SCV002524070|SCV005333114,-,-
768355,single nucleotide variant,NM_000352.6(ABCC8):c.495G>A (p.Ser165=),6833,ABCC8,HGNC:59,Conflicting classifications of pathogenicity,0,"Oct 06, 2025",369136858,-,RCV000934068|RCV001826970|RCV002254184|RCV002254325,"MedGen:C3661900||Human Phenotype Ontology:HP:0008255,MONDO:MONDO:0020525,MedGen:C0342273|Human Phenotype Ontology:HP:0004904,MONDO:MONDO:0018911,MedGen:C0342276,OMIM:PS125850,Orphanet:552",not provided|Hereditary hyperinsulinism|Transitory neonatal diabetes mellitus|Maturity-onset diabetes of the young,germline;unknown,germline,GRCh38,NC_000011.10,11,17463522,17463522,na,na,11p15.1,"criteria provided, conflicting classifications",4,-,N,ClinGen:CA5903859,2,756559,17463522,C,T,-,-,-,-,-,-,SCV001079782|SCV002524069|SCV002524070|SCV005333114,-,-
768356,single nucleotide variant,NM_000352.6(ABCC8):c.297C>T (p.Thr99=),6833,ABCC8,HGNC:59,Likely benign,0,"Mar 25, 2023",906180828,-,RCV000944278,MedGen:C3661900,not provided,germline,germline,GRCh37,NC_000011.9,11,17491763,17491763,na,na,11p15.1,"criteria provided, single submitter",1,-,N,ClinGen:CA473301707,2,765815,17491763,G,A,-,-,-,-,-,-,SCV001090244,-,-
768356,single nucleotide variant,NM_000352.6(ABCC8):c.297C>T (p.Thr99=),6833,ABCC8,HGNC:59,Likely benign,0,"Mar 25, 2023",906180828,-,RCV000944278,MedGen:C3661900,not provided,germline,germline,GRCh38,NC_000011.10,11,17470216,17470216,na,na,11p15.1,"criteria provided, single submitter",1,-,N,ClinGen:CA473301707,2,765815,17470216,G,A,-,-,-,-,-,-,SCV001090244,-,-
775322,single nucleotide variant,NM_000162.5(GCK):c.46-4621C>T,2645,GCK,HGNC:4195,Benign/Likely benign,0,"Aug 22, 2018",1562722328,-,RCV000943404|RCV002463753,"MedGen:C3661900|Human Phenotype Ontology:HP:0004904,MONDO:MONDO:0018911,MedGen:C0342276,OMIM:PS125850,Orphanet:552",not provided|Maturity-onset diabetes of the young,germline;unknown,germline,GRCh37,NC_000007.13,7,44197683,44197683,na,na,7p13,"criteria provided, multiple submitters, no conflicts",2,-,N,ClinGen:CA367404403,2,765029,44197683,G,A,-,-,-,-,-,-,SCV001089350|SCV002605178,-,-
775322,single nucleotide variant,NM_000162.5(GCK):c.46-4621C>T,2645,GCK,HGNC:4195,Benign/Likely benign,0,"Aug 22, 2018",1562722328,-,RCV000943404|RCV002463753,"MedGen:C3661900|Human Phenotype Ontology:HP:0004904,MONDO:MONDO:0018911,MedGen:C0342276,OMIM:PS125850,Orphanet:552",not provided|Maturity-onset diabetes of the young,germline;unknown,germline,GRCh38,NC_000007.14,7,44158084,44158084,na,na,7p13,"criteria provided, multiple submitters, no conflicts",2,-,N,ClinGen:CA367404403,2,765029,44158084,G,A,-,-,-,-,-,-,SCV001089350|SCV002605178,-,-
775634,Deletion,NM_000352.6(ABCC8):c.4307+9del,6833,ABCC8,HGNC:59,Conflicting classifications of pathogenicity,0,"Nov 08, 2023",1564874257,-,RCV000930214|RCV002245745|RCV002245746,"MedGen:C3661900|Human Phenotype Ontology:HP:0004904,MONDO:MONDO:0018911,MedGen:C0342276,OMIM:PS125850,Orphanet:552|Human Phenotype Ontology:HP:0008255,MONDO:MONDO:0020525,MedGen:C0342273",not provided|Maturity-onset diabetes of the young|Transitory neonatal diabetes mellitus,germline;somatic,germline/somatic,GRCh37,NC_000011.9,11,17417148,17417148,na,na,11p15.1,"criteria provided, conflicting classifications",2,-,N,ClinGen:CA597904404,2,753016,17417147,TG,T,-,-,-,-,-,-,SCV001075860|SCV002513338|SCV002513339,-,-
775634,Deletion,NM_000352.6(ABCC8):c.4307+9del,6833,ABCC8,HGNC:59,Conflicting classifications of pathogenicity,0,"Nov 08, 2023",1564874257,-,RCV000930214|RCV002245745|RCV002245746,"MedGen:C3661900|Human Phenotype Ontology:HP:0004904,MONDO:MONDO:0018911,MedGen:C0342276,OMIM:PS125850,Orphanet:552|Human Phenotype Ontology:HP:0008255,MONDO:MONDO:0020525,MedGen:C0342273",not provided|Maturity-onset diabetes of the young|Transitory neonatal diabetes mellitus,germline;somatic,germline/somatic,GRCh38,NC_000011.10,11,17395601,17395601,na,na,11p15.1,"criteria provided, conflicting classifications",2,-,N,ClinGen:CA597904404,2,753016,17395600,TG,T,-,-,-,-,-,-,SCV001075860|SCV002513338|SCV002513339,-,-
775636,single nucleotide variant,NM_000352.6(ABCC8):c.3868-5C>T,6833,ABCC8,HGNC:59,Conflicting classifications of pathogenicity,0,"Feb 05, 2024",1591715618,-,RCV000943838|RCV002246146|RCV002246147,"MedGen:C3661900|Human Phenotype Ontology:HP:0004904,MONDO:MONDO:0018911,MedGen:C0342276,OMIM:PS125850,Orphanet:552|Human Phenotype Ontology:HP:0008255,MONDO:MONDO:0020525,MedGen:C0342273",not provided|Maturity-onset diabetes of the young|Transitory neonatal diabetes mellitus,germline;somatic,germline/somatic,GRCh37,NC_000011.9,11,17418865,17418865,na,na,11p15.1,"criteria provided, conflicting classifications",2,-,N,ClinGen:CA915947967,2,765419,17418865,G,A,-,-,-,-,-,-,SCV001089793|SCV002513537|SCV002513761,-,-
775636,single nucleotide variant,NM_000352.6(ABCC8):c.3868-5C>T,6833,ABCC8,HGNC:59,Conflicting classifications of pathogenicity,0,"Feb 05, 2024",1591715618,-,RCV000943838|RCV002246146|RCV002246147,"MedGen:C3661900|Human Phenotype Ontology:HP:0004904,MONDO:MONDO:0018911,MedGen:C0342276,OMIM:PS125850,Orphanet:552|Human Phenotype Ontology:HP:0008255,MONDO:MONDO:0020525,MedGen:C0342273",not provided|Maturity-onset diabetes of the young|Transitory neonatal diabetes mellitus,germline;somatic,germline/somatic,GRCh38,NC_000011.10,11,17397318,17397318,na,na,11p15.1,"criteria provided, conflicting classifications",2,-,N,ClinGen:CA915947967,2,765419,17397318,G,A,-,-,-,-,-,-,SCV001089793|SCV002513537|SCV002513761,-,-
775638,single nucleotide variant,NM_000352.6(ABCC8):c.3754-6C>T,6833,ABCC8,HGNC:59,Conflicting classifications of pathogenicity,0,"Mar 28, 2022",1591717230,-,RCV000929224|RCV002246142|RCV002246143,"MedGen:C3661900|Human Phenotype Ontology:HP:0004904,MONDO:MONDO:0018911,MedGen:C0342276,OMIM:PS125850,Orphanet:552|Human Phenotype Ontology:HP:0008255,MONDO:MONDO:0020525,MedGen:C0342273",not provided|Maturity-onset diabetes of the young|Transitory neonatal diabetes mellitus,germline;somatic,germline/somatic,GRCh37,NC_000011.9,11,17419350,17419350,na,na,11p15.1,"criteria provided, conflicting classifications",2,-,N,ClinGen:CA915947968,2,752104,17419350,G,A,-,-,-,-,-,-,SCV001074850|SCV002513774|SCV002513775,-,-
775638,single nucleotide variant,NM_000352.6(ABCC8):c.3754-6C>T,6833,ABCC8,HGNC:59,Conflicting classifications of pathogenicity,0,"Mar 28, 2022",1591717230,-,RCV000929224|RCV002246142|RCV002246143,"MedGen:C3661900|Human Phenotype Ontology:HP:0004904,MONDO:MONDO:0018911,MedGen:C0342276,OMIM:PS125850,Orphanet:552|Human Phenotype Ontology:HP:0008255,MONDO:MONDO:0020525,MedGen:C0342273",not provided|Maturity-onset diabetes of the young|Transitory neonatal diabetes mellitus,germline;somatic,germline/somatic,GRCh38,NC_000011.10,11,17397803,17397803,na,na,11p15.1,"criteria provided, conflicting classifications",2,-,N,ClinGen:CA915947968,2,752104,17397803,G,A,-,-,-,-,-,-,SCV001074850|SCV002513774|SCV002513775,-,-
775644,single nucleotide variant,NM_000352.6(ABCC8):c.2291+7C>A,6833,ABCC8,HGNC:59,Likely benign,0,"Aug 18, 2018",770152618,-,RCV000944494,MedGen:C3661900,not provided,germline,germline,GRCh37,NC_000011.9,11,17436844,17436844,na,na,11p15.1,"criteria provided, single submitter",1,-,N,ClinGen:CA5903219,2,766011,17436844,G,T,-,-,-,-,-,-,SCV001090464,-,-
775644,single nucleotide variant,NM_000352.6(ABCC8):c.2291+7C>A,6833,ABCC8,HGNC:59,Likely benign,0,"Aug 18, 2018",770152618,-,RCV000944494,MedGen:C3661900,not provided,germline,germline,GRCh38,NC_000011.10,11,17415297,17415297,na,na,11p15.1,"criteria provided, single submitter",1,-,N,ClinGen:CA5903219,2,766011,17415297,G,T,-,-,-,-,-,-,SCV001090464,-,-
775647,single nucleotide variant,NM_000352.6(ABCC8):c.1923+10C>T,6833,ABCC8,HGNC:59,Conflicting classifications of pathogenicity,0,"Dec 13, 2023",775087598,-,RCV000941559|RCV002267049|RCV002267050,"MedGen:C3661900|Human Phenotype Ontology:HP:0004904,MONDO:MONDO:0018911,MedGen:C0342276,OMIM:PS125850,Orphanet:552|Human Phenotype Ontology:HP:0008255,MONDO:MONDO:0020525,MedGen:C0342273",not provided|Maturity-onset diabetes of the young|Transitory neonatal diabetes mellitus,germline;unknown,germline,GRCh37,NC_000011.9,11,17450102,17450102,na,na,11p15.1,"criteria provided, conflicting classifications",2,-,N,ClinGen:CA5903394,2,763331,17450102,G,A,-,-,-,-,-,-,SCV001087449|SCV002522307|SCV002522308,-,-
775647,single nucleotide variant,NM_000352.6(ABCC8):c.1923+10C>T,6833,ABCC8,HGNC:59,Conflicting classifications of pathogenicity,0,"Dec 13, 2023",775087598,-,RCV000941559|RCV002267049|RCV002267050,"MedGen:C3661900|Human Phenotype Ontology:HP:0004904,MONDO:MONDO:0018911,MedGen:C0342276,OMIM:PS125850,Orphanet:552|Human Phenotype Ontology:HP:0008255,MONDO:MONDO:0020525,MedGen:C0342273",not provided|Maturity-onset diabetes of the young|Transitory neonatal diabetes mellitus,germline;unknown,germline,GRCh38,NC_000011.10,11,17428555,17428555,na,na,11p15.1,"criteria provided, conflicting classifications",2,-,N,ClinGen:CA5903394,2,763331,17428555,G,A,-,-,-,-,-,-,SCV001087449|SCV002522307|SCV002522308,-,-
775759,single nucleotide variant,NM_000352.6(ABCC8):c.4546-4G>A,6833,ABCC8,HGNC:59,Conflicting classifications of pathogenicity,0,"Dec 31, 2025",770984647,-,RCV000944862|RCV002245776|RCV002245775,"MedGen:C3661900|Human Phenotype Ontology:HP:0008255,MONDO:MONDO:0020525,MedGen:C0342273|Human Phenotype Ontology:HP:0004904,MONDO:MONDO:0018911,MedGen:C0342276,OMIM:PS125850,Orphanet:552",not provided|Transitory neonatal diabetes mellitus|Maturity-onset diabetes of the young,germline;somatic,germline/somatic,GRCh37,NC_000011.9,11,17415310,17415310,na,na,11p15.1,"criteria provided, conflicting classifications",2,-,N,ClinGen:CA5902428,2,766352,17415310,C,T,-,-,-,-,-,-,SCV001090844|SCV002512181|SCV002512184,-,-
775759,single nucleotide variant,NM_000352.6(ABCC8):c.4546-4G>A,6833,ABCC8,HGNC:59,Conflicting classifications of pathogenicity,0,"Dec 31, 2025",770984647,-,RCV000944862|RCV002245776|RCV002245775,"MedGen:C3661900|Human Phenotype Ontology:HP:0008255,MONDO:MONDO:0020525,MedGen:C0342273|Human Phenotype Ontology:HP:0004904,MONDO:MONDO:0018911,MedGen:C0342276,OMIM:PS125850,Orphanet:552",not provided|Transitory neonatal diabetes mellitus|Maturity-onset diabetes of the young,germline;somatic,germline/somatic,GRCh38,NC_000011.10,11,17393763,17393763,na,na,11p15.1,"criteria provided, conflicting classifications",2,-,N,ClinGen:CA5902428,2,766352,17393763,C,T,-,-,-,-,-,-,SCV001090844|SCV002512181|SCV002512184,-,-
775764,single nucleotide variant,NM_000352.6(ABCC8):c.4546-8C>T,6833,ABCC8,HGNC:59,Conflicting classifications of pathogenicity,0,"Oct 22, 2023",1273503048,-,RCV000930895|RCV002245749|RCV002245748,"MedGen:C3661900|Human Phenotype Ontology:HP:0008255,MONDO:MONDO:0020525,MedGen:C0342273|Human Phenotype Ontology:HP:0004904,MONDO:MONDO:0018911,MedGen:C0342276,OMIM:PS125850,Orphanet:552",not provided|Transitory neonatal diabetes mellitus|Maturity-onset diabetes of the young,germline;somatic,germline/somatic,GRCh37,NC_000011.9,11,17415314,17415314,na,na,11p15.1,"criteria provided, conflicting classifications",2,-,N,ClinGen:CA597664758,2,753639,17415314,G,A,-,-,-,-,-,-,SCV001076554|SCV002512185|SCV002512186,-,-
775764,single nucleotide variant,NM_000352.6(ABCC8):c.4546-8C>T,6833,ABCC8,HGNC:59,Conflicting classifications of pathogenicity,0,"Oct 22, 2023",1273503048,-,RCV000930895|RCV002245749|RCV002245748,"MedGen:C3661900|Human Phenotype Ontology:HP:0008255,MONDO:MONDO:0020525,MedGen:C0342273|Human Phenotype Ontology:HP:0004904,MONDO:MONDO:0018911,MedGen:C0342276,OMIM:PS125850,Orphanet:552",not provided|Transitory neonatal diabetes mellitus|Maturity-onset diabetes of the young,germline;somatic,germline/somatic,GRCh38,NC_000011.10,11,17393767,17393767,na,na,11p15.1,"criteria provided, conflicting classifications",2,-,N,ClinGen:CA597664758,2,753639,17393767,G,A,-,-,-,-,-,-,SCV001076554|SCV002512185|SCV002512186,-,-
775770,single nucleotide variant,NM_000352.6(ABCC8):c.1467+9C>T,6833,ABCC8,HGNC:59,Conflicting classifications of pathogenicity,0,"Apr 06, 2021",774224706,-,RCV000928712|RCV002252268|RCV002253693,"MedGen:C3661900|Human Phenotype Ontology:HP:0008255,MONDO:MONDO:0020525,MedGen:C0342273|Human Phenotype Ontology:HP:0004904,MONDO:MONDO:0018911,MedGen:C0342276,OMIM:PS125850,Orphanet:552",not provided|Transitory neonatal diabetes mellitus|Maturity-onset diabetes of the young,germline;unknown,germline,GRCh37,NC_000011.9,11,17464716,17464716,na,na,11p15.1,"criteria provided, conflicting classifications",2,-,N,ClinGen:CA5903577,2,751625,17464716,G,A,-,-,-,-,-,-,SCV001074327|SCV002522405|SCV002522406,-,-
775770,single nucleotide variant,NM_000352.6(ABCC8):c.1467+9C>T,6833,ABCC8,HGNC:59,Conflicting classifications of pathogenicity,0,"Apr 06, 2021",774224706,-,RCV000928712|RCV002252268|RCV002253693,"MedGen:C3661900|Human Phenotype Ontology:HP:0008255,MONDO:MONDO:0020525,MedGen:C0342273|Human Phenotype Ontology:HP:0004904,MONDO:MONDO:0018911,MedGen:C0342276,OMIM:PS125850,Orphanet:552",not provided|Transitory neonatal diabetes mellitus|Maturity-onset diabetes of the young,germline;unknown,germline,GRCh38,NC_000011.10,11,17443169,17443169,na,na,11p15.1,"criteria provided, conflicting classifications",2,-,N,ClinGen:CA5903577,2,751625,17443169,G,A,-,-,-,-,-,-,SCV001074327|SCV002522405|SCV002522406,-,-
775807,single nucleotide variant,NM_000352.6(ABCC8):c.4608+10C>T,6833,ABCC8,HGNC:59,Conflicting classifications of pathogenicity,0,"Jan 28, 2026",754304889,-,RCV000939780|RCV002245760|RCV002245761,"MedGen:C3661900|Human Phenotype Ontology:HP:0004904,MONDO:MONDO:0018911,MedGen:C0342276,OMIM:PS125850,Orphanet:552|Human Phenotype Ontology:HP:0008255,MONDO:MONDO:0020525,MedGen:C0342273",not provided|Maturity-onset diabetes of the young|Transitory neonatal diabetes mellitus,germline;somatic,germline/somatic,GRCh37,NC_000011.9,11,17415234,17415234,na,na,11p15.1,"criteria provided, conflicting classifications",2,-,N,ClinGen:CA5902418,2,761711,17415234,G,A,-,-,-,-,-,-,SCV001085631|SCV002512170|SCV002512171,-,-
775807,single nucleotide variant,NM_000352.6(ABCC8):c.4608+10C>T,6833,ABCC8,HGNC:59,Conflicting classifications of pathogenicity,0,"Jan 28, 2026",754304889,-,RCV000939780|RCV002245760|RCV002245761,"MedGen:C3661900|Human Phenotype Ontology:HP:0004904,MONDO:MONDO:0018911,MedGen:C0342276,OMIM:PS125850,Orphanet:552|Human Phenotype Ontology:HP:0008255,MONDO:MONDO:0020525,MedGen:C0342273",not provided|Maturity-onset diabetes of the young|Transitory neonatal diabetes mellitus,germline;somatic,germline/somatic,GRCh38,NC_000011.10,11,17393687,17393687,na,na,11p15.1,"criteria provided, conflicting classifications",2,-,N,ClinGen:CA5902418,2,761711,17393687,G,A,-,-,-,-,-,-,SCV001085631|SCV002512170|SCV002512171,-,-
775809,single nucleotide variant,NM_000352.6(ABCC8):c.4412-4T>G,6833,ABCC8,HGNC:59,Conflicting classifications of pathogenicity,0,"Jan 19, 2026",1476016104,-,RCV000941637|RCV002245764|RCV002245765|RCV003227877|RCV006453490,"MedGen:C3661900|Human Phenotype Ontology:HP:0004904,MONDO:MONDO:0018911,MedGen:C0342276,OMIM:PS125850,Orphanet:552|Human Phenotype Ontology:HP:0008255,MONDO:MONDO:0020525,MedGen:C0342273|MONDO:MONDO:0009734,MedGen:C2931832,OMIM:256450,Orphanet:276575,Orphanet:276598|MedGen:CN169374","not provided|Maturity-onset diabetes of the young|Transitory neonatal diabetes mellitus|Hyperinsulinemic hypoglycemia, familial, 1|not specified",germline;somatic,germline/somatic,GRCh37,NC_000011.9,11,17415950,17415950,na,na,11p15.1,"criteria provided, conflicting classifications",4,-,N,ClinGen:CA597664782,2,763399,17415950,A,C,-,-,-,-,-,-,SCV001087530|SCV002513308|SCV002513309|SCV003925176|SCV007336343,-,-
775809,single nucleotide variant,NM_000352.6(ABCC8):c.4412-4T>G,6833,ABCC8,HGNC:59,Conflicting classifications of pathogenicity,0,"Jan 19, 2026",1476016104,-,RCV000941637|RCV002245764|RCV002245765|RCV003227877|RCV006453490,"MedGen:C3661900|Human Phenotype Ontology:HP:0004904,MONDO:MONDO:0018911,MedGen:C0342276,OMIM:PS125850,Orphanet:552|Human Phenotype Ontology:HP:0008255,MONDO:MONDO:0020525,MedGen:C0342273|MONDO:MONDO:0009734,MedGen:C2931832,OMIM:256450,Orphanet:276575,Orphanet:276598|MedGen:CN169374","not provided|Maturity-onset diabetes of the young|Transitory neonatal diabetes mellitus|Hyperinsulinemic hypoglycemia, familial, 1|not specified",germline;somatic,germline/somatic,GRCh38,NC_000011.10,11,17394403,17394403,na,na,11p15.1,"criteria provided, conflicting classifications",4,-,N,ClinGen:CA597664782,2,763399,17394403,A,C,-,-,-,-,-,-,SCV001087530|SCV002513308|SCV002513309|SCV003925176|SCV007336343,-,-
775810,single nucleotide variant,NM_000352.6(ABCC8):c.3753+10A>G,6833,ABCC8,HGNC:59,Conflicting classifications of pathogenicity,0,"Jul 16, 2018",1591718533,-,RCV000935815|RCV002246145|RCV002246144,"MedGen:C3661900|Human Phenotype Ontology:HP:0008255,MONDO:MONDO:0020525,MedGen:C0342273|Human Phenotype Ontology:HP:0004904,MONDO:MONDO:0018911,MedGen:C0342276,OMIM:PS125850,Orphanet:552",not provided|Transitory neonatal diabetes mellitus|Maturity-onset diabetes of the young,germline;somatic,germline/somatic,GRCh37,NC_000011.9,11,17419876,17419876,na,na,11p15.1,"criteria provided, conflicting classifications",2,-,N,ClinGen:CA915947969,2,758125,17419876,T,C,-,-,-,-,-,-,SCV001081568|SCV002513776|SCV002513777,-,-
775810,single nucleotide variant,NM_000352.6(ABCC8):c.3753+10A>G,6833,ABCC8,HGNC:59,Conflicting classifications of pathogenicity,0,"Jul 16, 2018",1591718533,-,RCV000935815|RCV002246145|RCV002246144,"MedGen:C3661900|Human Phenotype Ontology:HP:0008255,MONDO:MONDO:0020525,MedGen:C0342273|Human Phenotype Ontology:HP:0004904,MONDO:MONDO:0018911,MedGen:C0342276,OMIM:PS125850,Orphanet:552",not provided|Transitory neonatal diabetes mellitus|Maturity-onset diabetes of the young,germline;somatic,germline/somatic,GRCh38,NC_000011.10,11,17398329,17398329,na,na,11p15.1,"criteria provided, conflicting classifications",2,-,N,ClinGen:CA915947969,2,758125,17398329,T,C,-,-,-,-,-,-,SCV001081568|SCV002513776|SCV002513777,-,-
775812,single nucleotide variant,NM_000352.6(ABCC8):c.579+9G>A,6833,ABCC8,HGNC:59,Conflicting classifications of pathogenicity,0,"Nov 22, 2023",776165640,-,RCV000931377|RCV002253697|RCV002287451,"MedGen:C3661900|Human Phenotype Ontology:HP:0008255,MONDO:MONDO:0020525,MedGen:C0342273|Human Phenotype Ontology:HP:0004904,MONDO:MONDO:0018911,MedGen:C0342276,OMIM:PS125850,Orphanet:552",not provided|Transitory neonatal diabetes mellitus|Maturity-onset diabetes of the young,germline;unknown,germline,GRCh37,NC_000011.9,11,17484976,17484976,na,na,11p15.1,"criteria provided, conflicting classifications",2,-,N,ClinGen:CA5903842,2,754084,17484976,C,T,-,-,-,-,-,-,SCV001077043|SCV002522670|SCV002578109,-,-
775812,single nucleotide variant,NM_000352.6(ABCC8):c.579+9G>A,6833,ABCC8,HGNC:59,Conflicting classifications of pathogenicity,0,"Nov 22, 2023",776165640,-,RCV000931377|RCV002253697|RCV002287451,"MedGen:C3661900|Human Phenotype Ontology:HP:0008255,MONDO:MONDO:0020525,MedGen:C0342273|Human Phenotype Ontology:HP:0004904,MONDO:MONDO:0018911,MedGen:C0342276,OMIM:PS125850,Orphanet:552",not provided|Transitory neonatal diabetes mellitus|Maturity-onset diabetes of the young,germline;unknown,germline,GRCh38,NC_000011.10,11,17463429,17463429,na,na,11p15.1,"criteria provided, conflicting classifications",2,-,N,ClinGen:CA5903842,2,754084,17463429,C,T,-,-,-,-,-,-,SCV001077043|SCV002522670|SCV002578109,-,-
777940,single nucleotide variant,NM_000352.6(ABCC8):c.2291+8G>A,6833,ABCC8,HGNC:59,Conflicting classifications of pathogenicity,0,"Dec 30, 2025",748169568,-,RCV000957477|RCV002251537|RCV002251538|RCV006455240,"MedGen:C3661900|Human Phenotype Ontology:HP:0004904,MONDO:MONDO:0018911,MedGen:C0342276,OMIM:PS125850,Orphanet:552|Human Phenotype Ontology:HP:0008255,MONDO:MONDO:0020525,MedGen:C0342273|MedGen:CN169374",not provided|Maturity-onset diabetes of the young|Transitory neonatal diabetes mellitus|not specified,germline;unknown,germline,GRCh37,NC_000011.9,11,17436843,17436843,na,na,11p15.1,"criteria provided, conflicting classifications",3,-,N,ClinGen:CA5903217,2,777066,17436843,C,T,-,-,-,-,-,-,SCV001104281|SCV002522213|SCV002522214|SCV007339806,-,-
777940,single nucleotide variant,NM_000352.6(ABCC8):c.2291+8G>A,6833,ABCC8,HGNC:59,Conflicting classifications of pathogenicity,0,"Dec 30, 2025",748169568,-,RCV000957477|RCV002251537|RCV002251538|RCV006455240,"MedGen:C3661900|Human Phenotype Ontology:HP:0004904,MONDO:MONDO:0018911,MedGen:C0342276,OMIM:PS125850,Orphanet:552|Human Phenotype Ontology:HP:0008255,MONDO:MONDO:0020525,MedGen:C0342273|MedGen:CN169374",not provided|Maturity-onset diabetes of the young|Transitory neonatal diabetes mellitus|not specified,germline;unknown,germline,GRCh38,NC_000011.10,11,17415296,17415296,na,na,11p15.1,"criteria provided, conflicting classifications",3,-,N,ClinGen:CA5903217,2,777066,17415296,C,T,-,-,-,-,-,-,SCV001104281|SCV002522213|SCV002522214|SCV007339806,-,-
782870,single nucleotide variant,NM_000162.5(GCK):c.726G>A (p.Glu242=),2645,GCK,HGNC:4195,Likely benign,0,"May 09, 2023",373582283,-,RCV000976692|RCV002463755,"MedGen:C3661900|Human Phenotype Ontology:HP:0004904,MONDO:MONDO:0018911,MedGen:C0342276,OMIM:PS125850,Orphanet:552",not provided|Maturity-onset diabetes of the young,germline;unknown,germline,GRCh37,NC_000007.13,7,44187386,44187386,na,na,7p13,"criteria provided, multiple submitters, no conflicts",2,-,N,ClinGen:CA4239534,2,793508,44187386,C,T,-,-,-,-,-,-,SCV001124599|SCV002605111,-,-
782870,single nucleotide variant,NM_000162.5(GCK):c.726G>A (p.Glu242=),2645,GCK,HGNC:4195,Likely benign,0,"May 09, 2023",373582283,-,RCV000976692|RCV002463755,"MedGen:C3661900|Human Phenotype Ontology:HP:0004904,MONDO:MONDO:0018911,MedGen:C0342276,OMIM:PS125850,Orphanet:552",not provided|Maturity-onset diabetes of the young,germline;unknown,germline,GRCh38,NC_000007.14,7,44147787,44147787,na,na,7p13,"criteria provided, multiple submitters, no conflicts",2,-,N,ClinGen:CA4239534,2,793508,44147787,C,T,-,-,-,-,-,-,SCV001124599|SCV002605111,-,-
783916,single nucleotide variant,NM_000525.4(KCNJ11):c.1077G>A (p.Leu359=),3767,KCNJ11,HGNC:6257,Conflicting classifications of pathogenicity,0,"Feb 15, 2024",777788092,-,RCV000978580|RCV002227234,"MedGen:C3661900|Human Phenotype Ontology:HP:0004904,MONDO:MONDO:0018911,MedGen:C0342276,OMIM:PS125850,Orphanet:552",not provided|Maturity-onset diabetes of the young,germline;somatic,germline/somatic,GRCh37,NC_000011.9,11,17408562,17408562,na,na,11p15.1,"criteria provided, conflicting classifications",2,-,N,ClinGen:CA5902189,2,795264,17408562,C,T,-,-,-,-,-,-,SCV001126510|SCV002506493,-,-
783916,single nucleotide variant,NM_000525.4(KCNJ11):c.1077G>A (p.Leu359=),3767,KCNJ11,HGNC:6257,Conflicting classifications of pathogenicity,0,"Feb 15, 2024",777788092,-,RCV000978580|RCV002227234,"MedGen:C3661900|Human Phenotype Ontology:HP:0004904,MONDO:MONDO:0018911,MedGen:C0342276,OMIM:PS125850,Orphanet:552",not provided|Maturity-onset diabetes of the young,germline;somatic,germline/somatic,GRCh38,NC_000011.10,11,17387015,17387015,na,na,11p15.1,"criteria provided, conflicting classifications",2,-,N,ClinGen:CA5902189,2,795264,17387015,C,T,-,-,-,-,-,-,SCV001126510|SCV002506493,-,-
783917,single nucleotide variant,NM_000525.4(KCNJ11):c.912C>T (p.Tyr304=),3767,KCNJ11,HGNC:6257,Conflicting classifications of pathogenicity,0,"Feb 07, 2024",372471215,-,RCV000983206|RCV002227235,"MedGen:C3661900|Human Phenotype Ontology:HP:0004904,MONDO:MONDO:0018911,MedGen:C0342276,OMIM:PS125850,Orphanet:552",not provided|Maturity-onset diabetes of the young,germline;somatic,germline/somatic,GRCh37,NC_000011.9,11,17408727,17408727,na,na,11p15.1,"criteria provided, conflicting classifications",2,-,N,ClinGen:CA5902222,2,799596,17408727,G,A,-,-,-,-,-,-,SCV001131226|SCV002506494,-,-
783917,single nucleotide variant,NM_000525.4(KCNJ11):c.912C>T (p.Tyr304=),3767,KCNJ11,HGNC:6257,Conflicting classifications of pathogenicity,0,"Feb 07, 2024",372471215,-,RCV000983206|RCV002227235,"MedGen:C3661900|Human Phenotype Ontology:HP:0004904,MONDO:MONDO:0018911,MedGen:C0342276,OMIM:PS125850,Orphanet:552",not provided|Maturity-onset diabetes of the young,germline;somatic,germline/somatic,GRCh38,NC_000011.10,11,17387180,17387180,na,na,11p15.1,"criteria provided, conflicting classifications",2,-,N,ClinGen:CA5902222,2,799596,17387180,G,A,-,-,-,-,-,-,SCV001131226|SCV002506494,-,-
783918,single nucleotide variant,NM_000525.4(KCNJ11):c.819C>T (p.Ser273=),3767,KCNJ11,HGNC:6257,Conflicting classifications of pathogenicity,0,"Sep 09, 2025",202238153,-,RCV000975599|RCV001105474|RCV001105476|RCV001105475|RCV001273746,"MedGen:C3661900|MONDO:MONDO:0012522,MedGen:C1864623,OMIM:610582,Orphanet:99886|MONDO:MONDO:0011153,MedGen:C2931833,OMIM:601820,Orphanet:276580,Orphanet:276603|MONDO:MONDO:0014589,MedGen:C4225365,OMIM:616329,Orphanet:552|MONDO:MONDO:0100164,MedGen:C1833104,OMIM:PS606176,Orphanet:99885","not provided|Diabetes mellitus, transient neonatal, 3|Hyperinsulinemic hypoglycemia, familial, 2|Maturity-onset diabetes of the young type 13|Permanent neonatal diabetes mellitus",germline;unknown,germline,GRCh37,NC_000011.9,11,17408820,17408820,na,na,11p15.1,"criteria provided, conflicting classifications",4,-,N,ClinGen:CA5902239,2,792496,17408820,G,A,-,-,-,-,-,-,SCV001123487|SCV001262442|SCV001262443|SCV001262444|SCV004698176,-,-
783918,single nucleotide variant,NM_000525.4(KCNJ11):c.819C>T (p.Ser273=),3767,KCNJ11,HGNC:6257,Conflicting classifications of pathogenicity,0,"Sep 09, 2025",202238153,-,RCV000975599|RCV001105474|RCV001105476|RCV001105475|RCV001273746,"MedGen:C3661900|MONDO:MONDO:0012522,MedGen:C1864623,OMIM:610582,Orphanet:99886|MONDO:MONDO:0011153,MedGen:C2931833,OMIM:601820,Orphanet:276580,Orphanet:276603|MONDO:MONDO:0014589,MedGen:C4225365,OMIM:616329,Orphanet:552|MONDO:MONDO:0100164,MedGen:C1833104,OMIM:PS606176,Orphanet:99885","not provided|Diabetes mellitus, transient neonatal, 3|Hyperinsulinemic hypoglycemia, familial, 2|Maturity-onset diabetes of the young type 13|Permanent neonatal diabetes mellitus",germline;unknown,germline,GRCh38,NC_000011.10,11,17387273,17387273,na,na,11p15.1,"criteria provided, conflicting classifications",4,-,N,ClinGen:CA5902239,2,792496,17387273,G,A,-,-,-,-,-,-,SCV001123487|SCV001262442|SCV001262443|SCV001262444|SCV004698176,-,-
783919,single nucleotide variant,NM_000525.4(KCNJ11):c.579C>T (p.His193=),3767,KCNJ11,HGNC:6257,Conflicting classifications of pathogenicity,0,"Oct 09, 2024",762089425,-,RCV000979325|RCV002226748|RCV001832266|RCV004986723,"MedGen:C3661900|Human Phenotype Ontology:HP:0004904,MONDO:MONDO:0018911,MedGen:C0342276,OMIM:PS125850,Orphanet:552|MONDO:MONDO:0100164,MedGen:C1833104,OMIM:PS606176,Orphanet:99885|MeSH:D030342,MedGen:C0950123",not provided|Maturity-onset diabetes of the young|Permanent neonatal diabetes mellitus|Inborn genetic diseases,germline;somatic,germline/somatic,GRCh37,NC_000011.9,11,17409060,17409060,na,na,11p15.1,"criteria provided, conflicting classifications",4,-,N,ClinGen:CA5902276,2,795972,17409060,G,A,-,-,-,-,-,-,SCV001127266|SCV002505420|SCV005602512,-,-
783919,single nucleotide variant,NM_000525.4(KCNJ11):c.579C>T (p.His193=),3767,KCNJ11,HGNC:6257,Conflicting classifications of pathogenicity,0,"Oct 09, 2024",762089425,-,RCV000979325|RCV002226748|RCV001832266|RCV004986723,"MedGen:C3661900|Human Phenotype Ontology:HP:0004904,MONDO:MONDO:0018911,MedGen:C0342276,OMIM:PS125850,Orphanet:552|MONDO:MONDO:0100164,MedGen:C1833104,OMIM:PS606176,Orphanet:99885|MeSH:D030342,MedGen:C0950123",not provided|Maturity-onset diabetes of the young|Permanent neonatal diabetes mellitus|Inborn genetic diseases,germline;somatic,germline/somatic,GRCh38,NC_000011.10,11,17387513,17387513,na,na,11p15.1,"criteria provided, conflicting classifications",4,-,N,ClinGen:CA5902276,2,795972,17387513,G,A,-,-,-,-,-,-,SCV001127266|SCV002505420|SCV005602512,-,-
783920,single nucleotide variant,NM_000525.4(KCNJ11):c.561G>A (p.Ala187=),3767,KCNJ11,HGNC:6257,Conflicting classifications of pathogenicity,0,"May 14, 2025",1260020267,-,RCV000976447|RCV001827073|RCV002226747|RCV005582483,"MedGen:C3661900|MONDO:MONDO:0100164,MedGen:C1833104,OMIM:PS606176,Orphanet:99885|Human Phenotype Ontology:HP:0004904,MONDO:MONDO:0018911,MedGen:C0342276,OMIM:PS125850,Orphanet:552|MeSH:D030342,MedGen:C0950123",not provided|Permanent neonatal diabetes mellitus|Maturity-onset diabetes of the young|Inborn genetic diseases,germline;somatic,germline/somatic,GRCh37,NC_000011.9,11,17409078,17409078,na,na,11p15.1,"criteria provided, conflicting classifications",4,-,N,ClinGen:CA473515468,2,793271,17409078,C,T,-,-,-,-,-,-,SCV001124349|SCV002505419|SCV006256309,-,-
783920,single nucleotide variant,NM_000525.4(KCNJ11):c.561G>A (p.Ala187=),3767,KCNJ11,HGNC:6257,Conflicting classifications of pathogenicity,0,"May 14, 2025",1260020267,-,RCV000976447|RCV001827073|RCV002226747|RCV005582483,"MedGen:C3661900|MONDO:MONDO:0100164,MedGen:C1833104,OMIM:PS606176,Orphanet:99885|Human Phenotype Ontology:HP:0004904,MONDO:MONDO:0018911,MedGen:C0342276,OMIM:PS125850,Orphanet:552|MeSH:D030342,MedGen:C0950123",not provided|Permanent neonatal diabetes mellitus|Maturity-onset diabetes of the young|Inborn genetic diseases,germline;somatic,germline/somatic,GRCh38,NC_000011.10,11,17387531,17387531,na,na,11p15.1,"criteria provided, conflicting classifications",4,-,N,ClinGen:CA473515468,2,793271,17387531,C,T,-,-,-,-,-,-,SCV001124349|SCV002505419|SCV006256309,-,-
783921,single nucleotide variant,NM_000525.4(KCNJ11):c.480C>T (p.Asn160=),3767,KCNJ11,HGNC:6257,Conflicting classifications of pathogenicity,0,"Dec 22, 2023",568688504,-,RCV000975565|RCV002227233,"MedGen:C3661900|Human Phenotype Ontology:HP:0004904,MONDO:MONDO:0018911,MedGen:C0342276,OMIM:PS125850,Orphanet:552",not provided|Maturity-onset diabetes of the young,germline;somatic,germline/somatic,GRCh37,NC_000011.9,11,17409159,17409159,na,na,11p15.1,"criteria provided, conflicting classifications",2,-,N,ClinGen:CA5902287,2,792463,17409159,G,A,-,-,-,-,-,-,SCV001123451|SCV002506495,-,-
783921,single nucleotide variant,NM_000525.4(KCNJ11):c.480C>T (p.Asn160=),3767,KCNJ11,HGNC:6257,Conflicting classifications of pathogenicity,0,"Dec 22, 2023",568688504,-,RCV000975565|RCV002227233,"MedGen:C3661900|Human Phenotype Ontology:HP:0004904,MONDO:MONDO:0018911,MedGen:C0342276,OMIM:PS125850,Orphanet:552",not provided|Maturity-onset diabetes of the young,germline;somatic,germline/somatic,GRCh38,NC_000011.10,11,17387612,17387612,na,na,11p15.1,"criteria provided, conflicting classifications",2,-,N,ClinGen:CA5902287,2,792463,17387612,G,A,-,-,-,-,-,-,SCV001123451|SCV002506495,-,-
783922,single nucleotide variant,NM_000525.4(KCNJ11):c.291C>T (p.His97=),3767,KCNJ11,HGNC:6257,Conflicting classifications of pathogenicity,0,"Mar 16, 2025",371886780,-,RCV000981311|RCV001819687|RCV002226749,"MedGen:C3661900|MedGen:CN169374|Human Phenotype Ontology:HP:0004904,MONDO:MONDO:0018911,MedGen:C0342276,OMIM:PS125850,Orphanet:552",not provided|not specified|Maturity-onset diabetes of the young,germline;somatic,germline/somatic,GRCh37,NC_000011.9,11,17409348,17409348,na,na,11p15.1,"criteria provided, conflicting classifications",3,-,N,ClinGen:CA5902310,2,797832,17409348,G,A,-,-,-,-,-,-,SCV001129280|SCV002070638|SCV002505421,-,-
783922,single nucleotide variant,NM_000525.4(KCNJ11):c.291C>T (p.His97=),3767,KCNJ11,HGNC:6257,Conflicting classifications of pathogenicity,0,"Mar 16, 2025",371886780,-,RCV000981311|RCV001819687|RCV002226749,"MedGen:C3661900|MedGen:CN169374|Human Phenotype Ontology:HP:0004904,MONDO:MONDO:0018911,MedGen:C0342276,OMIM:PS125850,Orphanet:552",not provided|not specified|Maturity-onset diabetes of the young,germline;somatic,germline/somatic,GRCh38,NC_000011.10,11,17387801,17387801,na,na,11p15.1,"criteria provided, conflicting classifications",3,-,N,ClinGen:CA5902310,2,797832,17387801,G,A,-,-,-,-,-,-,SCV001129280|SCV002070638|SCV002505421,-,-
783923,single nucleotide variant,NM_000352.6(ABCC8):c.4239G>A (p.Pro1413=),6833,ABCC8,HGNC:59,Conflicting classifications of pathogenicity,0,"Feb 23, 2024",373478721,-,RCV000978173|RCV002245801|RCV001832256|RCV002245802|RCV003279174,"MedGen:C3661900|Human Phenotype Ontology:HP:0004904,MONDO:MONDO:0018911,MedGen:C0342276,OMIM:PS125850,Orphanet:552||Human Phenotype Ontology:HP:0008255,MONDO:MONDO:0020525,MedGen:C0342273|MeSH:D030342,MedGen:C0950123",not provided|Maturity-onset diabetes of the young|Hereditary hyperinsulinism|Transitory neonatal diabetes mellitus|Inborn genetic diseases,germline;somatic,germline/somatic,GRCh37,NC_000011.9,11,17417225,17417225,na,na,11p15.1,"criteria provided, conflicting classifications",4,-,N,ClinGen:CA5902526,2,794885,17417225,C,T,-,-,-,-,-,-,SCV001126099|SCV002513435|SCV002513436|SCV004009394,-,-
783923,single nucleotide variant,NM_000352.6(ABCC8):c.4239G>A (p.Pro1413=),6833,ABCC8,HGNC:59,Conflicting classifications of pathogenicity,0,"Feb 23, 2024",373478721,-,RCV000978173|RCV002245801|RCV001832256|RCV002245802|RCV003279174,"MedGen:C3661900|Human Phenotype Ontology:HP:0004904,MONDO:MONDO:0018911,MedGen:C0342276,OMIM:PS125850,Orphanet:552||Human Phenotype Ontology:HP:0008255,MONDO:MONDO:0020525,MedGen:C0342273|MeSH:D030342,MedGen:C0950123",not provided|Maturity-onset diabetes of the young|Hereditary hyperinsulinism|Transitory neonatal diabetes mellitus|Inborn genetic diseases,germline;somatic,germline/somatic,GRCh38,NC_000011.10,11,17395678,17395678,na,na,11p15.1,"criteria provided, conflicting classifications",4,-,N,ClinGen:CA5902526,2,794885,17395678,C,T,-,-,-,-,-,-,SCV001126099|SCV002513435|SCV002513436|SCV004009394,-,-
783924,single nucleotide variant,NM_000352.6(ABCC8):c.4194C>T (p.Phe1398=),6833,ABCC8,HGNC:59,Conflicting classifications of pathogenicity,0,"Jan 06, 2026",746249607,-,RCV000977675|RCV002245798|RCV002245797,"MedGen:C3661900|Human Phenotype Ontology:HP:0008255,MONDO:MONDO:0020525,MedGen:C0342273|Human Phenotype Ontology:HP:0004904,MONDO:MONDO:0018911,MedGen:C0342276,OMIM:PS125850,Orphanet:552",not provided|Transitory neonatal diabetes mellitus|Maturity-onset diabetes of the young,germline;somatic,germline/somatic,GRCh37,NC_000011.9,11,17417403,17417403,na,na,11p15.1,"criteria provided, conflicting classifications",2,-,N,ClinGen:CA5902543,2,794422,17417403,G,A,-,-,-,-,-,-,SCV001125594|SCV002513450|SCV002513451,-,-
783924,single nucleotide variant,NM_000352.6(ABCC8):c.4194C>T (p.Phe1398=),6833,ABCC8,HGNC:59,Conflicting classifications of pathogenicity,0,"Jan 06, 2026",746249607,-,RCV000977675|RCV002245798|RCV002245797,"MedGen:C3661900|Human Phenotype Ontology:HP:0008255,MONDO:MONDO:0020525,MedGen:C0342273|Human Phenotype Ontology:HP:0004904,MONDO:MONDO:0018911,MedGen:C0342276,OMIM:PS125850,Orphanet:552",not provided|Transitory neonatal diabetes mellitus|Maturity-onset diabetes of the young,germline;somatic,germline/somatic,GRCh38,NC_000011.10,11,17395856,17395856,na,na,11p15.1,"criteria provided, conflicting classifications",2,-,N,ClinGen:CA5902543,2,794422,17395856,G,A,-,-,-,-,-,-,SCV001125594|SCV002513450|SCV002513451,-,-
783925,single nucleotide variant,NM_000352.6(ABCC8):c.4116G>A (p.Gln1372=),6833,ABCC8,HGNC:59,Conflicting classifications of pathogenicity,0,"Aug 31, 2024",562715858,-,RCV000976702|RCV001107566|RCV001103944|RCV001107565|RCV002274109|RCV001819151|RCV001832236|RCV002274110|RCV004543645|RCV004958342,"MedGen:C3661900|MONDO:MONDO:0009734,MedGen:C2931832,OMIM:256450,Orphanet:276575,Orphanet:276598|MONDO:MONDO:0012480,MedGen:C1835887,OMIM:610374,Orphanet:99886|MONDO:MONDO:0100164,MedGen:C1833104,OMIM:PS606176,Orphanet:99885|Human Phenotype Ontology:HP:0004904,MONDO:MONDO:0018911,MedGen:C0342276,OMIM:PS125850,Orphanet:552|MedGen:CN169374||Human Phenotype Ontology:HP:0008255,MONDO:MONDO:0020525,MedGen:C0342273||MeSH:D030342,MedGen:C0950123","not provided|Hyperinsulinemic hypoglycemia, familial, 1|Diabetes mellitus, transient neonatal, 2|Permanent neonatal diabetes mellitus|Maturity-onset diabetes of the young|not specified|Hereditary hyperinsulinism|Transitory neonatal diabetes mellitus|ABCC8-related disorder|Inborn genetic diseases",germline;unknown,germline,GRCh37,NC_000011.9,11,17418466,17418466,na,na,11p15.1,"criteria provided, conflicting classifications",7,-,N,ClinGen:CA5902581,2,793518,17418466,C,T,-,-,-,-,-,-,SCV001124609|SCV001260766|SCV001264726|SCV001264727|SCV002069747|SCV002558805|SCV002558806|SCV005458554,-,-
783925,single nucleotide variant,NM_000352.6(ABCC8):c.4116G>A (p.Gln1372=),6833,ABCC8,HGNC:59,Conflicting classifications of pathogenicity,0,"Aug 31, 2024",562715858,-,RCV000976702|RCV001107566|RCV001103944|RCV001107565|RCV002274109|RCV001819151|RCV001832236|RCV002274110|RCV004543645|RCV004958342,"MedGen:C3661900|MONDO:MONDO:0009734,MedGen:C2931832,OMIM:256450,Orphanet:276575,Orphanet:276598|MONDO:MONDO:0012480,MedGen:C1835887,OMIM:610374,Orphanet:99886|MONDO:MONDO:0100164,MedGen:C1833104,OMIM:PS606176,Orphanet:99885|Human Phenotype Ontology:HP:0004904,MONDO:MONDO:0018911,MedGen:C0342276,OMIM:PS125850,Orphanet:552|MedGen:CN169374||Human Phenotype Ontology:HP:0008255,MONDO:MONDO:0020525,MedGen:C0342273||MeSH:D030342,MedGen:C0950123","not provided|Hyperinsulinemic hypoglycemia, familial, 1|Diabetes mellitus, transient neonatal, 2|Permanent neonatal diabetes mellitus|Maturity-onset diabetes of the young|not specified|Hereditary hyperinsulinism|Transitory neonatal diabetes mellitus|ABCC8-related disorder|Inborn genetic diseases",germline;unknown,germline,GRCh38,NC_000011.10,11,17396919,17396919,na,na,11p15.1,"criteria provided, conflicting classifications",7,-,N,ClinGen:CA5902581,2,793518,17396919,C,T,-,-,-,-,-,-,SCV001124609|SCV001260766|SCV001264726|SCV001264727|SCV002069747|SCV002558805|SCV002558806|SCV005458554,-,-
783926,single nucleotide variant,NM_000352.6(ABCC8):c.4062C>T (p.Asp1354=),6833,ABCC8,HGNC:59,Conflicting classifications of pathogenicity,0,"Oct 14, 2023",1591714060,-,RCV000981902|RCV002245812|RCV002245811,"MedGen:C3661900|Human Phenotype Ontology:HP:0008255,MONDO:MONDO:0020525,MedGen:C0342273|Human Phenotype Ontology:HP:0004904,MONDO:MONDO:0018911,MedGen:C0342276,OMIM:PS125850,Orphanet:552",not provided|Transitory neonatal diabetes mellitus|Maturity-onset diabetes of the young,germline;somatic,germline/somatic,GRCh37,NC_000011.9,11,17418520,17418520,na,na,11p15.1,"criteria provided, conflicting classifications",2,-,N,ClinGen:CA473298537,2,798361,17418520,G,A,-,-,-,-,-,-,SCV001129911|SCV002513499|SCV002513501,-,-
783926,single nucleotide variant,NM_000352.6(ABCC8):c.4062C>T (p.Asp1354=),6833,ABCC8,HGNC:59,Conflicting classifications of pathogenicity,0,"Oct 14, 2023",1591714060,-,RCV000981902|RCV002245812|RCV002245811,"MedGen:C3661900|Human Phenotype Ontology:HP:0008255,MONDO:MONDO:0020525,MedGen:C0342273|Human Phenotype Ontology:HP:0004904,MONDO:MONDO:0018911,MedGen:C0342276,OMIM:PS125850,Orphanet:552",not provided|Transitory neonatal diabetes mellitus|Maturity-onset diabetes of the young,germline;somatic,germline/somatic,GRCh38,NC_000011.10,11,17396973,17396973,na,na,11p15.1,"criteria provided, conflicting classifications",2,-,N,ClinGen:CA473298537,2,798361,17396973,G,A,-,-,-,-,-,-,SCV001129911|SCV002513499|SCV002513501,-,-
783927,single nucleotide variant,NM_000352.6(ABCC8):c.3996G>A (p.Ser1332=),6833,ABCC8,HGNC:59,Conflicting classifications of pathogenicity,0,"Sep 27, 2025",746146690,-,RCV000980241|RCV002245810|RCV002245809,"MedGen:C3661900|Human Phenotype Ontology:HP:0008255,MONDO:MONDO:0020525,MedGen:C0342273|Human Phenotype Ontology:HP:0004904,MONDO:MONDO:0018911,MedGen:C0342276,OMIM:PS125850,Orphanet:552",not provided|Transitory neonatal diabetes mellitus|Maturity-onset diabetes of the young,germline;somatic,germline/somatic,GRCh37,NC_000011.9,11,17418586,17418586,na,na,11p15.1,"criteria provided, conflicting classifications",2,-,N,ClinGen:CA5902600,2,796817,17418586,C,T,-,-,-,-,-,-,SCV001128191|SCV002513512|SCV002513514,-,-
783927,single nucleotide variant,NM_000352.6(ABCC8):c.3996G>A (p.Ser1332=),6833,ABCC8,HGNC:59,Conflicting classifications of pathogenicity,0,"Sep 27, 2025",746146690,-,RCV000980241|RCV002245810|RCV002245809,"MedGen:C3661900|Human Phenotype Ontology:HP:0008255,MONDO:MONDO:0020525,MedGen:C0342273|Human Phenotype Ontology:HP:0004904,MONDO:MONDO:0018911,MedGen:C0342276,OMIM:PS125850,Orphanet:552",not provided|Transitory neonatal diabetes mellitus|Maturity-onset diabetes of the young,germline;somatic,germline/somatic,GRCh38,NC_000011.10,11,17397039,17397039,na,na,11p15.1,"criteria provided, conflicting classifications",2,-,N,ClinGen:CA5902600,2,796817,17397039,C,T,-,-,-,-,-,-,SCV001128191|SCV002513512|SCV002513514,-,-
783928,single nucleotide variant,NM_000352.6(ABCC8):c.3513C>A (p.Ala1171=),6833,ABCC8,HGNC:59,Conflicting classifications of pathogenicity,0,"Dec 02, 2023",778961697,-,RCV000983080|RCV002245815|RCV002245814,"MedGen:C3661900|Human Phenotype Ontology:HP:0008255,MONDO:MONDO:0020525,MedGen:C0342273|Human Phenotype Ontology:HP:0004904,MONDO:MONDO:0018911,MedGen:C0342276,OMIM:PS125850,Orphanet:552",not provided|Transitory neonatal diabetes mellitus|Maturity-onset diabetes of the young,germline;somatic,germline/somatic,GRCh37,NC_000011.9,11,17426103,17426103,na,na,11p15.1,"criteria provided, conflicting classifications",2,-,N,ClinGen:CA5902791,2,799478,17426103,G,T,-,-,-,-,-,-,SCV001131099|SCV002515435|SCV002515436,-,-
783928,single nucleotide variant,NM_000352.6(ABCC8):c.3513C>A (p.Ala1171=),6833,ABCC8,HGNC:59,Conflicting classifications of pathogenicity,0,"Dec 02, 2023",778961697,-,RCV000983080|RCV002245815|RCV002245814,"MedGen:C3661900|Human Phenotype Ontology:HP:0008255,MONDO:MONDO:0020525,MedGen:C0342273|Human Phenotype Ontology:HP:0004904,MONDO:MONDO:0018911,MedGen:C0342276,OMIM:PS125850,Orphanet:552",not provided|Transitory neonatal diabetes mellitus|Maturity-onset diabetes of the young,germline;somatic,germline/somatic,GRCh38,NC_000011.10,11,17404556,17404556,na,na,11p15.1,"criteria provided, conflicting classifications",2,-,N,ClinGen:CA5902791,2,799478,17404556,G,T,-,-,-,-,-,-,SCV001131099|SCV002515435|SCV002515436,-,-
783929,single nucleotide variant,NM_000352.6(ABCC8):c.3439C>T (p.Leu1147=),6833,ABCC8,HGNC:59,Conflicting classifications of pathogenicity,0,"Dec 26, 2025",372257088,-,RCV000978801|RCV001274293|RCV002245806|RCV002245805,"MedGen:C3661900||Human Phenotype Ontology:HP:0008255,MONDO:MONDO:0020525,MedGen:C0342273|Human Phenotype Ontology:HP:0004904,MONDO:MONDO:0018911,MedGen:C0342276,OMIM:PS125850,Orphanet:552",not provided|Hereditary hyperinsulinism|Transitory neonatal diabetes mellitus|Maturity-onset diabetes of the young,germline;somatic,germline/somatic,GRCh37,NC_000011.9,11,17426177,17426177,na,na,11p15.1,"criteria provided, conflicting classifications",4,-,N,ClinGen:CA5902805,2,795473,17426177,G,A,-,-,-,-,-,-,SCV001126735|SCV002515450|SCV002515452|SCV004136028,-,-
783929,single nucleotide variant,NM_000352.6(ABCC8):c.3439C>T (p.Leu1147=),6833,ABCC8,HGNC:59,Conflicting classifications of pathogenicity,0,"Dec 26, 2025",372257088,-,RCV000978801|RCV001274293|RCV002245806|RCV002245805,"MedGen:C3661900||Human Phenotype Ontology:HP:0008255,MONDO:MONDO:0020525,MedGen:C0342273|Human Phenotype Ontology:HP:0004904,MONDO:MONDO:0018911,MedGen:C0342276,OMIM:PS125850,Orphanet:552",not provided|Hereditary hyperinsulinism|Transitory neonatal diabetes mellitus|Maturity-onset diabetes of the young,germline;somatic,germline/somatic,GRCh38,NC_000011.10,11,17404630,17404630,na,na,11p15.1,"criteria provided, conflicting classifications",4,-,N,ClinGen:CA5902805,2,795473,17404630,G,A,-,-,-,-,-,-,SCV001126735|SCV002515450|SCV002515452|SCV004136028,-,-
783930,single nucleotide variant,NM_000352.6(ABCC8):c.3339G>A (p.Glu1113=),6833,ABCC8,HGNC:59,Conflicting classifications of pathogenicity,0,"Aug 01, 2023",757191246,-,RCV000978790|RCV002250707|RCV002250708,"MedGen:C3661900|Human Phenotype Ontology:HP:0004904,MONDO:MONDO:0018911,MedGen:C0342276,OMIM:PS125850,Orphanet:552|Human Phenotype Ontology:HP:0008255,MONDO:MONDO:0020525,MedGen:C0342273",not provided|Maturity-onset diabetes of the young|Transitory neonatal diabetes mellitus,germline;somatic,germline/somatic,GRCh37,NC_000011.9,11,17427101,17427101,na,na,11p15.1,"criteria provided, conflicting classifications",2,-,N,ClinGen:CA5902850,2,795462,17427101,C,T,-,-,-,-,-,-,SCV001126724|SCV002520730|SCV002520731,-,-
783930,single nucleotide variant,NM_000352.6(ABCC8):c.3339G>A (p.Glu1113=),6833,ABCC8,HGNC:59,Conflicting classifications of pathogenicity,0,"Aug 01, 2023",757191246,-,RCV000978790|RCV002250707|RCV002250708,"MedGen:C3661900|Human Phenotype Ontology:HP:0004904,MONDO:MONDO:0018911,MedGen:C0342276,OMIM:PS125850,Orphanet:552|Human Phenotype Ontology:HP:0008255,MONDO:MONDO:0020525,MedGen:C0342273",not provided|Maturity-onset diabetes of the young|Transitory neonatal diabetes mellitus,germline;somatic,germline/somatic,GRCh38,NC_000011.10,11,17405554,17405554,na,na,11p15.1,"criteria provided, conflicting classifications",2,-,N,ClinGen:CA5902850,2,795462,17405554,C,T,-,-,-,-,-,-,SCV001126724|SCV002520730|SCV002520731,-,-
783931,single nucleotide variant,NM_000352.6(ABCC8):c.3318A>G (p.Leu1106=),6833,ABCC8,HGNC:59,Likely benign,0,"Jul 17, 2023",750430789,-,RCV000977508,MedGen:C3661900,not provided,germline,germline,GRCh37,NC_000011.9,11,17428180,17428180,na,na,11p15.1,"criteria provided, single submitter",1,-,N,ClinGen:CA5902870,2,794266,17428180,T,C,-,-,-,-,-,-,SCV001125425,-,-
783931,single nucleotide variant,NM_000352.6(ABCC8):c.3318A>G (p.Leu1106=),6833,ABCC8,HGNC:59,Likely benign,0,"Jul 17, 2023",750430789,-,RCV000977508,MedGen:C3661900,not provided,germline,germline,GRCh38,NC_000011.10,11,17406633,17406633,na,na,11p15.1,"criteria provided, single submitter",1,-,N,ClinGen:CA5902870,2,794266,17406633,T,C,-,-,-,-,-,-,SCV001125425,-,-
783932,single nucleotide variant,NM_000352.6(ABCC8):c.3309G>T (p.Arg1103=),6833,ABCC8,HGNC:59,Likely benign,0,"Dec 27, 2021",1321810156,-,RCV000979500|RCV001827092,MedGen:C3661900|,not provided|Hereditary hyperinsulinism,germline,germline,GRCh37,NC_000011.9,11,17428189,17428189,na,na,11p15.1,"criteria provided, single submitter",2,-,N,ClinGen:CA473300224,2,796134,17428189,C,A,-,-,-,-,-,-,SCV001127444,-,-
783932,single nucleotide variant,NM_000352.6(ABCC8):c.3309G>T (p.Arg1103=),6833,ABCC8,HGNC:59,Likely benign,0,"Dec 27, 2021",1321810156,-,RCV000979500|RCV001827092,MedGen:C3661900|,not provided|Hereditary hyperinsulinism,germline,germline,GRCh38,NC_000011.10,11,17406642,17406642,na,na,11p15.1,"criteria provided, single submitter",2,-,N,ClinGen:CA473300224,2,796134,17406642,C,A,-,-,-,-,-,-,SCV001127444,-,-
783933,single nucleotide variant,NM_000352.6(ABCC8):c.3243G>A (p.Thr1081=),6833,ABCC8,HGNC:59,Conflicting classifications of pathogenicity,0,"Sep 12, 2025",771538281,-,RCV000975926|RCV001104123|RCV001104122|RCV001104121|RCV002250706|RCV002250705|RCV005408112,"MedGen:C3661900|MONDO:MONDO:0012480,MedGen:C1835887,OMIM:610374,Orphanet:99886|MONDO:MONDO:0100164,MedGen:C1833104,OMIM:PS606176,Orphanet:99885|MONDO:MONDO:0009734,MedGen:C2931832,OMIM:256450,Orphanet:276575,Orphanet:276598|Human Phenotype Ontology:HP:0008255,MONDO:MONDO:0020525,MedGen:C0342273|Human Phenotype Ontology:HP:0004904,MONDO:MONDO:0018911,MedGen:C0342276,OMIM:PS125850,Orphanet:552|MedGen:CN169374","not provided|Diabetes mellitus, transient neonatal, 2|Permanent neonatal diabetes mellitus|Hyperinsulinemic hypoglycemia, familial, 1|Transitory neonatal diabetes mellitus|Maturity-onset diabetes of the young|not specified",germline;somatic,germline/somatic,GRCh37,NC_000011.9,11,17428255,17428255,na,na,11p15.1,"criteria provided, conflicting classifications",4,-,N,ClinGen:CA473515827,2,792785,17428255,C,T,-,-,-,-,-,-,SCV001123819|SCV001260960|SCV001260961|SCV001260962|SCV002520744|SCV002520745|SCV006073530,-,-
783933,single nucleotide variant,NM_000352.6(ABCC8):c.3243G>A (p.Thr1081=),6833,ABCC8,HGNC:59,Conflicting classifications of pathogenicity,0,"Sep 12, 2025",771538281,-,RCV000975926|RCV001104123|RCV001104122|RCV001104121|RCV002250706|RCV002250705|RCV005408112,"MedGen:C3661900|MONDO:MONDO:0012480,MedGen:C1835887,OMIM:610374,Orphanet:99886|MONDO:MONDO:0100164,MedGen:C1833104,OMIM:PS606176,Orphanet:99885|MONDO:MONDO:0009734,MedGen:C2931832,OMIM:256450,Orphanet:276575,Orphanet:276598|Human Phenotype Ontology:HP:0008255,MONDO:MONDO:0020525,MedGen:C0342273|Human Phenotype Ontology:HP:0004904,MONDO:MONDO:0018911,MedGen:C0342276,OMIM:PS125850,Orphanet:552|MedGen:CN169374","not provided|Diabetes mellitus, transient neonatal, 2|Permanent neonatal diabetes mellitus|Hyperinsulinemic hypoglycemia, familial, 1|Transitory neonatal diabetes mellitus|Maturity-onset diabetes of the young|not specified",germline;somatic,germline/somatic,GRCh38,NC_000011.10,11,17406708,17406708,na,na,11p15.1,"criteria provided, conflicting classifications",4,-,N,ClinGen:CA473515827,2,792785,17406708,C,T,-,-,-,-,-,-,SCV001123819|SCV001260960|SCV001260961|SCV001260962|SCV002520744|SCV002520745|SCV006073530,-,-
783934,single nucleotide variant,NM_000352.6(ABCC8):c.3174C>T (p.Leu1058=),6833,ABCC8,HGNC:59,Conflicting classifications of pathogenicity,0,"Dec 19, 2024",778240883,-,RCV000975697|RCV002250704|RCV002250703,"MedGen:C3661900|Human Phenotype Ontology:HP:0008255,MONDO:MONDO:0020525,MedGen:C0342273|Human Phenotype Ontology:HP:0004904,MONDO:MONDO:0018911,MedGen:C0342276,OMIM:PS125850,Orphanet:552",not provided|Transitory neonatal diabetes mellitus|Maturity-onset diabetes of the young,germline;somatic,germline/somatic,GRCh37,NC_000011.9,11,17428324,17428324,na,na,11p15.1,"criteria provided, conflicting classifications",2,-,N,ClinGen:CA5902894,2,792576,17428324,G,A,-,-,-,-,-,-,SCV001123586|SCV002520750|SCV002520751,-,-
783934,single nucleotide variant,NM_000352.6(ABCC8):c.3174C>T (p.Leu1058=),6833,ABCC8,HGNC:59,Conflicting classifications of pathogenicity,0,"Dec 19, 2024",778240883,-,RCV000975697|RCV002250704|RCV002250703,"MedGen:C3661900|Human Phenotype Ontology:HP:0008255,MONDO:MONDO:0020525,MedGen:C0342273|Human Phenotype Ontology:HP:0004904,MONDO:MONDO:0018911,MedGen:C0342276,OMIM:PS125850,Orphanet:552",not provided|Transitory neonatal diabetes mellitus|Maturity-onset diabetes of the young,germline;somatic,germline/somatic,GRCh38,NC_000011.10,11,17406777,17406777,na,na,11p15.1,"criteria provided, conflicting classifications",2,-,N,ClinGen:CA5902894,2,792576,17406777,G,A,-,-,-,-,-,-,SCV001123586|SCV002520750|SCV002520751,-,-
783935,single nucleotide variant,NM_000352.6(ABCC8):c.3018C>T (p.Ser1006=),6833,ABCC8,HGNC:59,Likely benign,0,"Jan 20, 2026",149279510,-,RCV000979487,MedGen:C3661900,not provided,germline,germline,GRCh37,NC_000011.9,11,17428579,17428579,na,na,11p15.1,"criteria provided, single submitter",1,-,N,ClinGen:CA5902942,2,796121,17428579,G,A,-,-,-,-,-,-,SCV001127431,-,-
783935,single nucleotide variant,NM_000352.6(ABCC8):c.3018C>T (p.Ser1006=),6833,ABCC8,HGNC:59,Likely benign,0,"Jan 20, 2026",149279510,-,RCV000979487,MedGen:C3661900,not provided,germline,germline,GRCh38,NC_000011.10,11,17407032,17407032,na,na,11p15.1,"criteria provided, single submitter",1,-,N,ClinGen:CA5902942,2,796121,17407032,G,A,-,-,-,-,-,-,SCV001127431,-,-
783936,single nucleotide variant,NM_000352.6(ABCC8):c.2709G>A (p.Lys903=),6833,ABCC8,HGNC:59,Conflicting classifications of pathogenicity,0,"Oct 24, 2018",1591749128,-,RCV000976973|RCV002251540|RCV002251539,"MedGen:C3661900|Human Phenotype Ontology:HP:0008255,MONDO:MONDO:0020525,MedGen:C0342273|Human Phenotype Ontology:HP:0004904,MONDO:MONDO:0018911,MedGen:C0342276,OMIM:PS125850,Orphanet:552",not provided|Transitory neonatal diabetes mellitus|Maturity-onset diabetes of the young,germline;unknown,germline,GRCh37,NC_000011.9,11,17430050,17430050,na,na,11p15.1,"criteria provided, conflicting classifications",2,-,N,ClinGen:CA473300646,2,793770,17430050,C,T,-,-,-,-,-,-,SCV001124884|SCV002521958|SCV002521961,-,-
783936,single nucleotide variant,NM_000352.6(ABCC8):c.2709G>A (p.Lys903=),6833,ABCC8,HGNC:59,Conflicting classifications of pathogenicity,0,"Oct 24, 2018",1591749128,-,RCV000976973|RCV002251540|RCV002251539,"MedGen:C3661900|Human Phenotype Ontology:HP:0008255,MONDO:MONDO:0020525,MedGen:C0342273|Human Phenotype Ontology:HP:0004904,MONDO:MONDO:0018911,MedGen:C0342276,OMIM:PS125850,Orphanet:552",not provided|Transitory neonatal diabetes mellitus|Maturity-onset diabetes of the young,germline;unknown,germline,GRCh38,NC_000011.10,11,17408503,17408503,na,na,11p15.1,"criteria provided, conflicting classifications",2,-,N,ClinGen:CA473300646,2,793770,17408503,C,T,-,-,-,-,-,-,SCV001124884|SCV002521958|SCV002521961,-,-
783937,single nucleotide variant,NM_000352.6(ABCC8):c.2178A>G (p.Ala726=),6833,ABCC8,HGNC:59,Conflicting classifications of pathogenicity,0,"Jan 06, 2026",747902103,-,RCV000978833|RCV002251541|RCV001832262|RCV002251757|RCV002427416,"MedGen:C3661900|Human Phenotype Ontology:HP:0004904,MONDO:MONDO:0018911,MedGen:C0342276,OMIM:PS125850,Orphanet:552||Human Phenotype Ontology:HP:0008255,MONDO:MONDO:0020525,MedGen:C0342273|MeSH:D030342,MedGen:C0950123",not provided|Maturity-onset diabetes of the young|Hereditary hyperinsulinism|Transitory neonatal diabetes mellitus|Inborn genetic diseases,germline;unknown,germline,GRCh37,NC_000011.9,11,17448640,17448640,na,na,11p15.1,"criteria provided, conflicting classifications",4,-,N,ClinGen:CA5903280,2,795504,17448640,T,C,-,-,-,-,-,-,SCV001126767|SCV002522249|SCV002522252|SCV002731451,-,-
783937,single nucleotide variant,NM_000352.6(ABCC8):c.2178A>G (p.Ala726=),6833,ABCC8,HGNC:59,Conflicting classifications of pathogenicity,0,"Jan 06, 2026",747902103,-,RCV000978833|RCV002251541|RCV001832262|RCV002251757|RCV002427416,"MedGen:C3661900|Human Phenotype Ontology:HP:0004904,MONDO:MONDO:0018911,MedGen:C0342276,OMIM:PS125850,Orphanet:552||Human Phenotype Ontology:HP:0008255,MONDO:MONDO:0020525,MedGen:C0342273|MeSH:D030342,MedGen:C0950123",not provided|Maturity-onset diabetes of the young|Hereditary hyperinsulinism|Transitory neonatal diabetes mellitus|Inborn genetic diseases,germline;unknown,germline,GRCh38,NC_000011.10,11,17427093,17427093,na,na,11p15.1,"criteria provided, conflicting classifications",4,-,N,ClinGen:CA5903280,2,795504,17427093,T,C,-,-,-,-,-,-,SCV001126767|SCV002522249|SCV002522252|SCV002731451,-,-
783938,single nucleotide variant,NM_000352.6(ABCC8):c.2169T>C (p.Leu723=),6833,ABCC8,HGNC:59,Conflicting classifications of pathogenicity,0,"Sep 16, 2025",1591794603,-,RCV000975347|RCV002267053|RCV002251756,"MedGen:C3661900|Human Phenotype Ontology:HP:0008255,MONDO:MONDO:0020525,MedGen:C0342273|Human Phenotype Ontology:HP:0004904,MONDO:MONDO:0018911,MedGen:C0342276,OMIM:PS125850,Orphanet:552",not provided|Transitory neonatal diabetes mellitus|Maturity-onset diabetes of the young,germline;unknown,germline,GRCh37,NC_000011.9,11,17448649,17448649,na,na,11p15.1,"criteria provided, conflicting classifications",2,-,N,ClinGen:CA473302444,2,792256,17448649,A,G,-,-,-,-,-,-,SCV001123230|SCV002522254|SCV002522255,-,-
783938,single nucleotide variant,NM_000352.6(ABCC8):c.2169T>C (p.Leu723=),6833,ABCC8,HGNC:59,Conflicting classifications of pathogenicity,0,"Sep 16, 2025",1591794603,-,RCV000975347|RCV002267053|RCV002251756,"MedGen:C3661900|Human Phenotype Ontology:HP:0008255,MONDO:MONDO:0020525,MedGen:C0342273|Human Phenotype Ontology:HP:0004904,MONDO:MONDO:0018911,MedGen:C0342276,OMIM:PS125850,Orphanet:552",not provided|Transitory neonatal diabetes mellitus|Maturity-onset diabetes of the young,germline;unknown,germline,GRCh38,NC_000011.10,11,17427102,17427102,na,na,11p15.1,"criteria provided, conflicting classifications",2,-,N,ClinGen:CA473302444,2,792256,17427102,A,G,-,-,-,-,-,-,SCV001123230|SCV002522254|SCV002522255,-,-
783939,single nucleotide variant,NM_000352.6(ABCC8):c.2163G>C (p.Ser721=),6833,ABCC8,HGNC:59,Conflicting classifications of pathogenicity,0,"May 14, 2023",201724038,-,RCV000978251|RCV002267056|RCV002271342,"MedGen:C3661900|Human Phenotype Ontology:HP:0004904,MONDO:MONDO:0018911,MedGen:C0342276,OMIM:PS125850,Orphanet:552|Human Phenotype Ontology:HP:0008255,MONDO:MONDO:0020525,MedGen:C0342273",not provided|Maturity-onset diabetes of the young|Transitory neonatal diabetes mellitus,germline;unknown,germline,GRCh37,NC_000011.9,11,17448655,17448655,na,na,11p15.1,"criteria provided, conflicting classifications",2,-,N,ClinGen:CA473302453,2,794956,17448655,C,G,-,-,-,-,-,-,SCV001126179|SCV002522256|SCV002522257,-,-
783939,single nucleotide variant,NM_000352.6(ABCC8):c.2163G>C (p.Ser721=),6833,ABCC8,HGNC:59,Conflicting classifications of pathogenicity,0,"May 14, 2023",201724038,-,RCV000978251|RCV002267056|RCV002271342,"MedGen:C3661900|Human Phenotype Ontology:HP:0004904,MONDO:MONDO:0018911,MedGen:C0342276,OMIM:PS125850,Orphanet:552|Human Phenotype Ontology:HP:0008255,MONDO:MONDO:0020525,MedGen:C0342273",not provided|Maturity-onset diabetes of the young|Transitory neonatal diabetes mellitus,germline;unknown,germline,GRCh38,NC_000011.10,11,17427108,17427108,na,na,11p15.1,"criteria provided, conflicting classifications",2,-,N,ClinGen:CA473302453,2,794956,17427108,C,G,-,-,-,-,-,-,SCV001126179|SCV002522256|SCV002522257,-,-
783940,single nucleotide variant,NM_000352.6(ABCC8):c.1938G>A (p.Val646=),6833,ABCC8,HGNC:59,Conflicting classifications of pathogenicity,0,"Nov 06, 2023",1591797830,-,RCV000975540|RCV002267055|RCV002267054,"MedGen:C3661900|Human Phenotype Ontology:HP:0008255,MONDO:MONDO:0020525,MedGen:C0342273|Human Phenotype Ontology:HP:0004904,MONDO:MONDO:0018911,MedGen:C0342276,OMIM:PS125850,Orphanet:552",not provided|Transitory neonatal diabetes mellitus|Maturity-onset diabetes of the young,germline;unknown,germline,GRCh37,NC_000011.9,11,17449938,17449938,na,na,11p15.1,"criteria provided, conflicting classifications",2,-,N,ClinGen:CA473516200,2,792439,17449938,C,T,-,-,-,-,-,-,SCV001123426|SCV002522299|SCV002522300,-,-
783940,single nucleotide variant,NM_000352.6(ABCC8):c.1938G>A (p.Val646=),6833,ABCC8,HGNC:59,Conflicting classifications of pathogenicity,0,"Nov 06, 2023",1591797830,-,RCV000975540|RCV002267055|RCV002267054,"MedGen:C3661900|Human Phenotype Ontology:HP:0008255,MONDO:MONDO:0020525,MedGen:C0342273|Human Phenotype Ontology:HP:0004904,MONDO:MONDO:0018911,MedGen:C0342276,OMIM:PS125850,Orphanet:552",not provided|Transitory neonatal diabetes mellitus|Maturity-onset diabetes of the young,germline;unknown,germline,GRCh38,NC_000011.10,11,17428391,17428391,na,na,11p15.1,"criteria provided, conflicting classifications",2,-,N,ClinGen:CA473516200,2,792439,17428391,C,T,-,-,-,-,-,-,SCV001123426|SCV002522299|SCV002522300,-,-
783941,single nucleotide variant,NM_000352.6(ABCC8):c.1704G>A (p.Glu568=),6833,ABCC8,HGNC:59,Conflicting classifications of pathogenicity,0,"Jan 11, 2026",745652559,-,RCV000978720|RCV002267058|RCV002267057|RCV006287317,"MedGen:C3661900|Human Phenotype Ontology:HP:0008255,MONDO:MONDO:0020525,MedGen:C0342273|Human Phenotype Ontology:HP:0004904,MONDO:MONDO:0018911,MedGen:C0342276,OMIM:PS125850,Orphanet:552|MeSH:D030342,MedGen:C0950123",not provided|Transitory neonatal diabetes mellitus|Maturity-onset diabetes of the young|Inborn genetic diseases,germline;unknown,germline,GRCh37,NC_000011.9,11,17452474,17452474,na,na,11p15.1,"criteria provided, conflicting classifications",3,-,N,ClinGen:CA5903466,2,795401,17452474,C,T,-,-,-,-,-,-,SCV001126653|SCV002522355|SCV002522356|SCV007157056,-,-
783941,single nucleotide variant,NM_000352.6(ABCC8):c.1704G>A (p.Glu568=),6833,ABCC8,HGNC:59,Conflicting classifications of pathogenicity,0,"Jan 11, 2026",745652559,-,RCV000978720|RCV002267058|RCV002267057|RCV006287317,"MedGen:C3661900|Human Phenotype Ontology:HP:0008255,MONDO:MONDO:0020525,MedGen:C0342273|Human Phenotype Ontology:HP:0004904,MONDO:MONDO:0018911,MedGen:C0342276,OMIM:PS125850,Orphanet:552|MeSH:D030342,MedGen:C0950123",not provided|Transitory neonatal diabetes mellitus|Maturity-onset diabetes of the young|Inborn genetic diseases,germline;unknown,germline,GRCh38,NC_000011.10,11,17430927,17430927,na,na,11p15.1,"criteria provided, conflicting classifications",3,-,N,ClinGen:CA5903466,2,795401,17430927,C,T,-,-,-,-,-,-,SCV001126653|SCV002522355|SCV002522356|SCV007157056,-,-
783942,single nucleotide variant,NM_000352.6(ABCC8):c.1617T>C (p.Tyr539=),6833,ABCC8,HGNC:59,Likely benign,0,"Oct 11, 2021",1591832463,-,RCV000983321|RCV005606743,MedGen:C3661900|,not provided|Hereditary hyperinsulinism,germline,germline,GRCh37,NC_000011.9,11,17464280,17464280,na,na,11p15.1,"criteria provided, single submitter",2,-,N,ClinGen:CA473298413,2,799705,17464280,A,G,-,-,-,-,-,-,SCV001131342,-,-
783942,single nucleotide variant,NM_000352.6(ABCC8):c.1617T>C (p.Tyr539=),6833,ABCC8,HGNC:59,Likely benign,0,"Oct 11, 2021",1591832463,-,RCV000983321|RCV005606743,MedGen:C3661900|,not provided|Hereditary hyperinsulinism,germline,germline,GRCh38,NC_000011.10,11,17442733,17442733,na,na,11p15.1,"criteria provided, single submitter",2,-,N,ClinGen:CA473298413,2,799705,17442733,A,G,-,-,-,-,-,-,SCV001131342,-,-
783943,single nucleotide variant,NM_000352.6(ABCC8):c.1548C>T (p.Asn516=),6833,ABCC8,HGNC:59,Conflicting classifications of pathogenicity,0,"Mar 29, 2024",776590557,-,RCV000978839|RCV002267060|RCV002267059,"MedGen:C3661900|Human Phenotype Ontology:HP:0008255,MONDO:MONDO:0020525,MedGen:C0342273|Human Phenotype Ontology:HP:0004904,MONDO:MONDO:0018911,MedGen:C0342276,OMIM:PS125850,Orphanet:552",not provided|Transitory neonatal diabetes mellitus|Maturity-onset diabetes of the young,germline;unknown,germline,GRCh37,NC_000011.9,11,17464349,17464349,na,na,11p15.1,"criteria provided, conflicting classifications",2,-,N,ClinGen:CA5903535,2,795510,17464349,G,A,-,-,-,-,-,-,SCV001126773|SCV002522391|SCV002522392,-,-
783943,single nucleotide variant,NM_000352.6(ABCC8):c.1548C>T (p.Asn516=),6833,ABCC8,HGNC:59,Conflicting classifications of pathogenicity,0,"Mar 29, 2024",776590557,-,RCV000978839|RCV002267060|RCV002267059,"MedGen:C3661900|Human Phenotype Ontology:HP:0008255,MONDO:MONDO:0020525,MedGen:C0342273|Human Phenotype Ontology:HP:0004904,MONDO:MONDO:0018911,MedGen:C0342276,OMIM:PS125850,Orphanet:552",not provided|Transitory neonatal diabetes mellitus|Maturity-onset diabetes of the young,germline;unknown,germline,GRCh38,NC_000011.10,11,17442802,17442802,na,na,11p15.1,"criteria provided, conflicting classifications",2,-,N,ClinGen:CA5903535,2,795510,17442802,G,A,-,-,-,-,-,-,SCV001126773|SCV002522391|SCV002522392,-,-
783944,single nucleotide variant,NM_000352.6(ABCC8):c.1296C>T (p.Phe432=),6833,ABCC8,HGNC:59,Conflicting classifications of pathogenicity,0,"Aug 22, 2022",1591845922,-,RCV000983177|RCV002252277|RCV002252276,"MedGen:C3661900|Human Phenotype Ontology:HP:0008255,MONDO:MONDO:0020525,MedGen:C0342273|Human Phenotype Ontology:HP:0004904,MONDO:MONDO:0018911,MedGen:C0342276,OMIM:PS125850,Orphanet:552",not provided|Transitory neonatal diabetes mellitus|Maturity-onset diabetes of the young,germline;unknown,germline,GRCh37,NC_000011.9,11,17470099,17470099,na,na,11p15.1,"criteria provided, conflicting classifications",2,-,N,ClinGen:CA473299155,2,799568,17470099,G,A,-,-,-,-,-,-,SCV001131197|SCV002522440|SCV002522441,-,-
783944,single nucleotide variant,NM_000352.6(ABCC8):c.1296C>T (p.Phe432=),6833,ABCC8,HGNC:59,Conflicting classifications of pathogenicity,0,"Aug 22, 2022",1591845922,-,RCV000983177|RCV002252277|RCV002252276,"MedGen:C3661900|Human Phenotype Ontology:HP:0008255,MONDO:MONDO:0020525,MedGen:C0342273|Human Phenotype Ontology:HP:0004904,MONDO:MONDO:0018911,MedGen:C0342276,OMIM:PS125850,Orphanet:552",not provided|Transitory neonatal diabetes mellitus|Maturity-onset diabetes of the young,germline;unknown,germline,GRCh38,NC_000011.10,11,17448552,17448552,na,na,11p15.1,"criteria provided, conflicting classifications",2,-,N,ClinGen:CA473299155,2,799568,17448552,G,A,-,-,-,-,-,-,SCV001131197|SCV002522440|SCV002522441,-,-
783945,single nucleotide variant,NM_000352.6(ABCC8):c.1071C>G (p.Val357=),6833,ABCC8,HGNC:59,Conflicting classifications of pathogenicity,0,"Dec 13, 2023",747552453,-,RCV000976698|RCV002259547|RCV002259548,"MedGen:C3661900|Human Phenotype Ontology:HP:0004904,MONDO:MONDO:0018911,MedGen:C0342276,OMIM:PS125850,Orphanet:552|Human Phenotype Ontology:HP:0008255,MONDO:MONDO:0020525,MedGen:C0342273",not provided|Maturity-onset diabetes of the young|Transitory neonatal diabetes mellitus,germline;unknown,germline,GRCh37,NC_000011.9,11,17474771,17474771,na,na,11p15.1,"criteria provided, conflicting classifications",2,-,N,ClinGen:CA5903676,2,793514,17474771,G,C,-,-,-,-,-,-,SCV001124605|SCV002522581|SCV002522582,-,-
783945,single nucleotide variant,NM_000352.6(ABCC8):c.1071C>G (p.Val357=),6833,ABCC8,HGNC:59,Conflicting classifications of pathogenicity,0,"Dec 13, 2023",747552453,-,RCV000976698|RCV002259547|RCV002259548,"MedGen:C3661900|Human Phenotype Ontology:HP:0004904,MONDO:MONDO:0018911,MedGen:C0342276,OMIM:PS125850,Orphanet:552|Human Phenotype Ontology:HP:0008255,MONDO:MONDO:0020525,MedGen:C0342273",not provided|Maturity-onset diabetes of the young|Transitory neonatal diabetes mellitus,germline;unknown,germline,GRCh38,NC_000011.10,11,17453224,17453224,na,na,11p15.1,"criteria provided, conflicting classifications",2,-,N,ClinGen:CA5903676,2,793514,17453224,G,C,-,-,-,-,-,-,SCV001124605|SCV002522581|SCV002522582,-,-
783946,single nucleotide variant,NM_000352.6(ABCC8):c.993C>T (p.Asn331=),6833,ABCC8,HGNC:59,Conflicting classifications of pathogenicity,0,"Sep 09, 2022",752188418,-,RCV000982707|RCV002253756|RCV002253755,"MedGen:C3661900|Human Phenotype Ontology:HP:0008255,MONDO:MONDO:0020525,MedGen:C0342273|Human Phenotype Ontology:HP:0004904,MONDO:MONDO:0018911,MedGen:C0342276,OMIM:PS125850,Orphanet:552",not provided|Transitory neonatal diabetes mellitus|Maturity-onset diabetes of the young,germline;unknown,germline,GRCh37,NC_000011.9,11,17482053,17482053,na,na,11p15.1,"criteria provided, conflicting classifications",2,-,N,ClinGen:CA5903708,2,799128,17482053,G,A,-,-,-,-,-,-,SCV001130724|SCV002522571|SCV002522572,-,-
783946,single nucleotide variant,NM_000352.6(ABCC8):c.993C>T (p.Asn331=),6833,ABCC8,HGNC:59,Conflicting classifications of pathogenicity,0,"Sep 09, 2022",752188418,-,RCV000982707|RCV002253756|RCV002253755,"MedGen:C3661900|Human Phenotype Ontology:HP:0008255,MONDO:MONDO:0020525,MedGen:C0342273|Human Phenotype Ontology:HP:0004904,MONDO:MONDO:0018911,MedGen:C0342276,OMIM:PS125850,Orphanet:552",not provided|Transitory neonatal diabetes mellitus|Maturity-onset diabetes of the young,germline;unknown,germline,GRCh38,NC_000011.10,11,17460506,17460506,na,na,11p15.1,"criteria provided, conflicting classifications",2,-,N,ClinGen:CA5903708,2,799128,17460506,G,A,-,-,-,-,-,-,SCV001130724|SCV002522571|SCV002522572,-,-
783947,single nucleotide variant,NM_000352.6(ABCC8):c.954G>A (p.Leu318=),6833,ABCC8,HGNC:59,Likely benign,0,"Dec 14, 2018",771014822,-,RCV000980391,MedGen:C3661900,not provided,germline,germline,GRCh37,NC_000011.9,11,17482092,17482092,na,na,11p15.1,"criteria provided, single submitter",1,-,N,ClinGen:CA473300531,2,796961,17482092,C,T,-,-,-,-,-,-,SCV001128344,-,-
783947,single nucleotide variant,NM_000352.6(ABCC8):c.954G>A (p.Leu318=),6833,ABCC8,HGNC:59,Likely benign,0,"Dec 14, 2018",771014822,-,RCV000980391,MedGen:C3661900,not provided,germline,germline,GRCh38,NC_000011.10,11,17460545,17460545,na,na,11p15.1,"criteria provided, single submitter",1,-,N,ClinGen:CA473300531,2,796961,17460545,C,T,-,-,-,-,-,-,SCV001128344,-,-
783948,single nucleotide variant,NM_000352.6(ABCC8):c.951A>G (p.Pro317=),6833,ABCC8,HGNC:59,Conflicting classifications of pathogenicity,0,"Feb 14, 2023",1591885314,-,RCV000978269|RCV002253754|RCV002253753,"MedGen:C3661900|Human Phenotype Ontology:HP:0008255,MONDO:MONDO:0020525,MedGen:C0342273|Human Phenotype Ontology:HP:0004904,MONDO:MONDO:0018911,MedGen:C0342276,OMIM:PS125850,Orphanet:552",not provided|Transitory neonatal diabetes mellitus|Maturity-onset diabetes of the young,germline;unknown,germline,GRCh37,NC_000011.9,11,17482095,17482095,na,na,11p15.1,"criteria provided, conflicting classifications",2,-,N,ClinGen:CA473300537,2,794971,17482095,T,C,-,-,-,-,-,-,SCV001126197|SCV002522565|SCV002522566,-,-
783948,single nucleotide variant,NM_000352.6(ABCC8):c.951A>G (p.Pro317=),6833,ABCC8,HGNC:59,Conflicting classifications of pathogenicity,0,"Feb 14, 2023",1591885314,-,RCV000978269|RCV002253754|RCV002253753,"MedGen:C3661900|Human Phenotype Ontology:HP:0008255,MONDO:MONDO:0020525,MedGen:C0342273|Human Phenotype Ontology:HP:0004904,MONDO:MONDO:0018911,MedGen:C0342276,OMIM:PS125850,Orphanet:552",not provided|Transitory neonatal diabetes mellitus|Maturity-onset diabetes of the young,germline;unknown,germline,GRCh38,NC_000011.10,11,17460548,17460548,na,na,11p15.1,"criteria provided, conflicting classifications",2,-,N,ClinGen:CA473300537,2,794971,17460548,T,C,-,-,-,-,-,-,SCV001126197|SCV002522565|SCV002522566,-,-
783949,single nucleotide variant,NM_000352.6(ABCC8):c.627C>T (p.Asp209=),6833,ABCC8,HGNC:59,Likely benign,0,"Dec 21, 2025",80356640,-,RCV000979514,MedGen:C3661900,not provided,germline,germline,GRCh37,NC_000011.9,11,17483325,17483325,na,na,11p15.1,"criteria provided, single submitter",1,-,N,ClinGen:CA5903810,2,796148,17483325,G,A,-,-,-,-,-,-,SCV001127458,-,-
783949,single nucleotide variant,NM_000352.6(ABCC8):c.627C>T (p.Asp209=),6833,ABCC8,HGNC:59,Likely benign,0,"Dec 21, 2025",80356640,-,RCV000979514,MedGen:C3661900,not provided,germline,germline,GRCh38,NC_000011.10,11,17461778,17461778,na,na,11p15.1,"criteria provided, single submitter",1,-,N,ClinGen:CA5903810,2,796148,17461778,G,A,-,-,-,-,-,-,SCV001127458,-,-
783950,single nucleotide variant,NM_000352.6(ABCC8):c.552C>T (p.Leu184=),6833,ABCC8,HGNC:59,Conflicting classifications of pathogenicity,0,"Nov 28, 2025",151211613,-,RCV000978587|RCV002254190|RCV002254189|RCV005418940,"MedGen:C3661900|Human Phenotype Ontology:HP:0008255,MONDO:MONDO:0020525,MedGen:C0342273|Human Phenotype Ontology:HP:0004904,MONDO:MONDO:0018911,MedGen:C0342276,OMIM:PS125850,Orphanet:552|MedGen:CN169374",not provided|Transitory neonatal diabetes mellitus|Maturity-onset diabetes of the young|not specified,germline;inherited;unknown,germline,GRCh37,NC_000011.9,11,17485012,17485012,na,na,11p15.1,"criteria provided, conflicting classifications",4,-,N,ClinGen:CA5903845,2,795271,17485012,G,A,-,-,-,-,-,-,SCV001126517|SCV002522677|SCV002522678|SCV005878134|SCV006085852,-,-
783950,single nucleotide variant,NM_000352.6(ABCC8):c.552C>T (p.Leu184=),6833,ABCC8,HGNC:59,Conflicting classifications of pathogenicity,0,"Nov 28, 2025",151211613,-,RCV000978587|RCV002254190|RCV002254189|RCV005418940,"MedGen:C3661900|Human Phenotype Ontology:HP:0008255,MONDO:MONDO:0020525,MedGen:C0342273|Human Phenotype Ontology:HP:0004904,MONDO:MONDO:0018911,MedGen:C0342276,OMIM:PS125850,Orphanet:552|MedGen:CN169374",not provided|Transitory neonatal diabetes mellitus|Maturity-onset diabetes of the young|not specified,germline;inherited;unknown,germline,GRCh38,NC_000011.10,11,17463465,17463465,na,na,11p15.1,"criteria provided, conflicting classifications",4,-,N,ClinGen:CA5903845,2,795271,17463465,G,A,-,-,-,-,-,-,SCV001126517|SCV002522677|SCV002522678|SCV005878134|SCV006085852,-,-
783951,single nucleotide variant,NM_000352.6(ABCC8):c.405G>C (p.Leu135=),6833,ABCC8,HGNC:59,Conflicting classifications of pathogenicity,0,"Dec 11, 2018",1591916038,-,RCV000982386|RCV002254194|RCV002254193,"MedGen:C3661900|Human Phenotype Ontology:HP:0008255,MONDO:MONDO:0020525,MedGen:C0342273|Human Phenotype Ontology:HP:0004904,MONDO:MONDO:0018911,MedGen:C0342276,OMIM:PS125850,Orphanet:552",not provided|Transitory neonatal diabetes mellitus|Maturity-onset diabetes of the young,germline;unknown,germline,GRCh37,NC_000011.9,11,17491655,17491655,na,na,11p15.1,"criteria provided, conflicting classifications",2,-,N,ClinGen:CA473301517,2,798819,17491655,C,G,-,-,-,-,-,-,SCV001130400|SCV002524083|SCV002524084,-,-
783951,single nucleotide variant,NM_000352.6(ABCC8):c.405G>C (p.Leu135=),6833,ABCC8,HGNC:59,Conflicting classifications of pathogenicity,0,"Dec 11, 2018",1591916038,-,RCV000982386|RCV002254194|RCV002254193,"MedGen:C3661900|Human Phenotype Ontology:HP:0008255,MONDO:MONDO:0020525,MedGen:C0342273|Human Phenotype Ontology:HP:0004904,MONDO:MONDO:0018911,MedGen:C0342276,OMIM:PS125850,Orphanet:552",not provided|Transitory neonatal diabetes mellitus|Maturity-onset diabetes of the young,germline;unknown,germline,GRCh38,NC_000011.10,11,17470108,17470108,na,na,11p15.1,"criteria provided, conflicting classifications",2,-,N,ClinGen:CA473301517,2,798819,17470108,C,G,-,-,-,-,-,-,SCV001130400|SCV002524083|SCV002524084,-,-
783952,single nucleotide variant,NM_000352.6(ABCC8):c.165C>T (p.Ser55=),6833,ABCC8,HGNC:59,Conflicting classifications of pathogenicity,0,"Feb 14, 2024",1591928903,-,RCV000982368|RCV002254326|RCV002254327,"MedGen:C3661900|Human Phenotype Ontology:HP:0004904,MONDO:MONDO:0018911,MedGen:C0342276,OMIM:PS125850,Orphanet:552|Human Phenotype Ontology:HP:0008255,MONDO:MONDO:0020525,MedGen:C0342273",not provided|Maturity-onset diabetes of the young|Transitory neonatal diabetes mellitus,germline;unknown,germline,GRCh37,NC_000011.9,11,17496558,17496558,na,na,11p15.1,"criteria provided, conflicting classifications",2,-,N,ClinGen:CA473302019,2,798801,17496558,G,A,-,-,-,-,-,-,SCV001130382|SCV002522683|SCV002522684,-,-
783952,single nucleotide variant,NM_000352.6(ABCC8):c.165C>T (p.Ser55=),6833,ABCC8,HGNC:59,Conflicting classifications of pathogenicity,0,"Feb 14, 2024",1591928903,-,RCV000982368|RCV002254326|RCV002254327,"MedGen:C3661900|Human Phenotype Ontology:HP:0004904,MONDO:MONDO:0018911,MedGen:C0342276,OMIM:PS125850,Orphanet:552|Human Phenotype Ontology:HP:0008255,MONDO:MONDO:0020525,MedGen:C0342273",not provided|Maturity-onset diabetes of the young|Transitory neonatal diabetes mellitus,germline;unknown,germline,GRCh38,NC_000011.10,11,17475011,17475011,na,na,11p15.1,"criteria provided, conflicting classifications",2,-,N,ClinGen:CA473302019,2,798801,17475011,G,A,-,-,-,-,-,-,SCV001130382|SCV002522683|SCV002522684,-,-
783953,single nucleotide variant,NM_000352.6(ABCC8):c.108C>T (p.His36=),6833,ABCC8,HGNC:59,Conflicting classifications of pathogenicity,0,"Feb 17, 2024",757935183,-,RCV000983735|RCV002253758|RCV002253757|RCV004030085,"MedGen:C3661900|Human Phenotype Ontology:HP:0008255,MONDO:MONDO:0020525,MedGen:C0342273|Human Phenotype Ontology:HP:0004904,MONDO:MONDO:0018911,MedGen:C0342276,OMIM:PS125850,Orphanet:552|MeSH:D030342,MedGen:C0950123",not provided|Transitory neonatal diabetes mellitus|Maturity-onset diabetes of the young|Inborn genetic diseases,germline;unknown,germline,GRCh37,NC_000011.9,11,17498216,17498216,na,na,11p15.1,"criteria provided, conflicting classifications",3,-,N,ClinGen:CA5903980,2,800100,17498216,G,A,-,-,-,-,-,-,SCV001131761|SCV002524051|SCV002524052|SCV005034514,-,-
783953,single nucleotide variant,NM_000352.6(ABCC8):c.108C>T (p.His36=),6833,ABCC8,HGNC:59,Conflicting classifications of pathogenicity,0,"Feb 17, 2024",757935183,-,RCV000983735|RCV002253758|RCV002253757|RCV004030085,"MedGen:C3661900|Human Phenotype Ontology:HP:0008255,MONDO:MONDO:0020525,MedGen:C0342273|Human Phenotype Ontology:HP:0004904,MONDO:MONDO:0018911,MedGen:C0342276,OMIM:PS125850,Orphanet:552|MeSH:D030342,MedGen:C0950123",not provided|Transitory neonatal diabetes mellitus|Maturity-onset diabetes of the young|Inborn genetic diseases,germline;unknown,germline,GRCh38,NC_000011.10,11,17476669,17476669,na,na,11p15.1,"criteria provided, conflicting classifications",3,-,N,ClinGen:CA5903980,2,800100,17476669,G,A,-,-,-,-,-,-,SCV001131761|SCV002524051|SCV002524052|SCV005034514,-,-
783954,single nucleotide variant,NM_000352.6(ABCC8):c.45C>T (p.Tyr15=),6833,ABCC8,HGNC:59,Conflicting classifications of pathogenicity,0,"Oct 05, 2023",758231286,-,RCV000981425|RCV002254191|RCV002254192,"MedGen:C3661900|Human Phenotype Ontology:HP:0004904,MONDO:MONDO:0018911,MedGen:C0342276,OMIM:PS125850,Orphanet:552|Human Phenotype Ontology:HP:0008255,MONDO:MONDO:0020525,MedGen:C0342273",not provided|Maturity-onset diabetes of the young|Transitory neonatal diabetes mellitus,germline;unknown,germline,GRCh37,NC_000011.9,11,17498279,17498279,na,na,11p15.1,"criteria provided, conflicting classifications",2,-,N,ClinGen:CA5903997,2,797937,17498279,G,A,-,-,-,-,-,-,SCV001129397|SCV002524148|SCV002524149,-,-
783954,single nucleotide variant,NM_000352.6(ABCC8):c.45C>T (p.Tyr15=),6833,ABCC8,HGNC:59,Conflicting classifications of pathogenicity,0,"Oct 05, 2023",758231286,-,RCV000981425|RCV002254191|RCV002254192,"MedGen:C3661900|Human Phenotype Ontology:HP:0004904,MONDO:MONDO:0018911,MedGen:C0342276,OMIM:PS125850,Orphanet:552|Human Phenotype Ontology:HP:0008255,MONDO:MONDO:0020525,MedGen:C0342273",not provided|Maturity-onset diabetes of the young|Transitory neonatal diabetes mellitus,germline;unknown,germline,GRCh38,NC_000011.10,11,17476732,17476732,na,na,11p15.1,"criteria provided, conflicting classifications",2,-,N,ClinGen:CA5903997,2,797937,17476732,G,A,-,-,-,-,-,-,SCV001129397|SCV002524148|SCV002524149,-,-
787646,single nucleotide variant,NM_000352.6(ABCC8):c.4199-6A>G,6833,ABCC8,HGNC:59,Conflicting classifications of pathogenicity,0,"Dec 01, 2021",1591710040,-,RCV000978000|RCV002245800|RCV002245799,"MedGen:C3661900|Human Phenotype Ontology:HP:0008255,MONDO:MONDO:0020525,MedGen:C0342273|Human Phenotype Ontology:HP:0004904,MONDO:MONDO:0018911,MedGen:C0342276,OMIM:PS125850,Orphanet:552",not provided|Transitory neonatal diabetes mellitus|Maturity-onset diabetes of the young,germline;somatic,germline/somatic,GRCh37,NC_000011.9,11,17417271,17417271,na,na,11p15.1,"criteria provided, conflicting classifications",2,-,N,ClinGen:CA915947966,2,794723,17417271,T,C,-,-,-,-,-,-,SCV001125924|SCV002513442|SCV002513444,-,-
787646,single nucleotide variant,NM_000352.6(ABCC8):c.4199-6A>G,6833,ABCC8,HGNC:59,Conflicting classifications of pathogenicity,0,"Dec 01, 2021",1591710040,-,RCV000978000|RCV002245800|RCV002245799,"MedGen:C3661900|Human Phenotype Ontology:HP:0008255,MONDO:MONDO:0020525,MedGen:C0342273|Human Phenotype Ontology:HP:0004904,MONDO:MONDO:0018911,MedGen:C0342276,OMIM:PS125850,Orphanet:552",not provided|Transitory neonatal diabetes mellitus|Maturity-onset diabetes of the young,germline;somatic,germline/somatic,GRCh38,NC_000011.10,11,17395724,17395724,na,na,11p15.1,"criteria provided, conflicting classifications",2,-,N,ClinGen:CA915947966,2,794723,17395724,T,C,-,-,-,-,-,-,SCV001125924|SCV002513442|SCV002513444,-,-
787648,single nucleotide variant,NM_000352.6(ABCC8):c.3650+9C>A,6833,ABCC8,HGNC:59,Conflicting classifications of pathogenicity,0,"Jun 23, 2023",1591730796,-,RCV000978860|RCV002245808|RCV002245807,"MedGen:C3661900|Human Phenotype Ontology:HP:0008255,MONDO:MONDO:0020525,MedGen:C0342273|Human Phenotype Ontology:HP:0004904,MONDO:MONDO:0018911,MedGen:C0342276,OMIM:PS125850,Orphanet:552",not provided|Transitory neonatal diabetes mellitus|Maturity-onset diabetes of the young,germline;somatic,germline/somatic,GRCh37,NC_000011.9,11,17424199,17424199,na,na,11p15.1,"criteria provided, conflicting classifications",2,-,N,ClinGen:CA915947970,2,795528,17424199,G,T,-,-,-,-,-,-,SCV001126794|SCV002515393|SCV002515394,-,-
787648,single nucleotide variant,NM_000352.6(ABCC8):c.3650+9C>A,6833,ABCC8,HGNC:59,Conflicting classifications of pathogenicity,0,"Jun 23, 2023",1591730796,-,RCV000978860|RCV002245808|RCV002245807,"MedGen:C3661900|Human Phenotype Ontology:HP:0008255,MONDO:MONDO:0020525,MedGen:C0342273|Human Phenotype Ontology:HP:0004904,MONDO:MONDO:0018911,MedGen:C0342276,OMIM:PS125850,Orphanet:552",not provided|Transitory neonatal diabetes mellitus|Maturity-onset diabetes of the young,germline;somatic,germline/somatic,GRCh38,NC_000011.10,11,17402652,17402652,na,na,11p15.1,"criteria provided, conflicting classifications",2,-,N,ClinGen:CA915947970,2,795528,17402652,G,T,-,-,-,-,-,-,SCV001126794|SCV002515393|SCV002515394,-,-
787650,Deletion,NM_000352.6(ABCC8):c.2694+9del,6833,ABCC8,HGNC:59,Conflicting classifications of pathogenicity,0,"Feb 25, 2024",1564898910,-,RCV000979400|RCV002251543|RCV002251542,"MedGen:C3661900|Human Phenotype Ontology:HP:0008255,MONDO:MONDO:0020525,MedGen:C0342273|Human Phenotype Ontology:HP:0004904,MONDO:MONDO:0018911,MedGen:C0342276,OMIM:PS125850,Orphanet:552",not provided|Transitory neonatal diabetes mellitus|Maturity-onset diabetes of the young,germline;unknown,germline,GRCh37,NC_000011.9,11,17432054,17432054,na,na,11p15.1,"criteria provided, conflicting classifications",2,-,N,ClinGen:CA915947971,2,796041,17432053,TC,T,-,-,-,-,-,-,SCV001127342|SCV002522133|SCV002522134,-,-
787650,Deletion,NM_000352.6(ABCC8):c.2694+9del,6833,ABCC8,HGNC:59,Conflicting classifications of pathogenicity,0,"Feb 25, 2024",1564898910,-,RCV000979400|RCV002251543|RCV002251542,"MedGen:C3661900|Human Phenotype Ontology:HP:0008255,MONDO:MONDO:0020525,MedGen:C0342273|Human Phenotype Ontology:HP:0004904,MONDO:MONDO:0018911,MedGen:C0342276,OMIM:PS125850,Orphanet:552",not provided|Transitory neonatal diabetes mellitus|Maturity-onset diabetes of the young,germline;unknown,germline,GRCh38,NC_000011.10,11,17410507,17410507,na,na,11p15.1,"criteria provided, conflicting classifications",2,-,N,ClinGen:CA915947971,2,796041,17410506,TC,T,-,-,-,-,-,-,SCV001127342|SCV002522133|SCV002522134,-,-
787726,single nucleotide variant,NM_000352.6(ABCC8):c.2391-6C>T,6833,ABCC8,HGNC:59,Conflicting classifications of pathogenicity,0,"Feb 04, 2026",556416038,-,RCV000981142|RCV001274298|RCV002251545|RCV002251544|RCV003396568,"MedGen:C3661900||Human Phenotype Ontology:HP:0008255,MONDO:MONDO:0020525,MedGen:C0342273|Human Phenotype Ontology:HP:0004904,MONDO:MONDO:0018911,MedGen:C0342276,OMIM:PS125850,Orphanet:552|MedGen:CN169374",not provided|Hereditary hyperinsulinism|Transitory neonatal diabetes mellitus|Maturity-onset diabetes of the young|not specified,germline;unknown,germline,GRCh37,NC_000011.9,11,17435031,17435031,na,na,11p15.1,"criteria provided, conflicting classifications",4,-,N,ClinGen:CA5903151,2,797672,17435031,G,A,-,-,-,-,-,-,SCV001129109|SCV002522205|SCV002522206|SCV004122726,-,-
787726,single nucleotide variant,NM_000352.6(ABCC8):c.2391-6C>T,6833,ABCC8,HGNC:59,Conflicting classifications of pathogenicity,0,"Feb 04, 2026",556416038,-,RCV000981142|RCV001274298|RCV002251545|RCV002251544|RCV003396568,"MedGen:C3661900||Human Phenotype Ontology:HP:0008255,MONDO:MONDO:0020525,MedGen:C0342273|Human Phenotype Ontology:HP:0004904,MONDO:MONDO:0018911,MedGen:C0342276,OMIM:PS125850,Orphanet:552|MedGen:CN169374",not provided|Hereditary hyperinsulinism|Transitory neonatal diabetes mellitus|Maturity-onset diabetes of the young|not specified,germline;unknown,germline,GRCh38,NC_000011.10,11,17413484,17413484,na,na,11p15.1,"criteria provided, conflicting classifications",4,-,N,ClinGen:CA5903151,2,797672,17413484,G,A,-,-,-,-,-,-,SCV001129109|SCV002522205|SCV002522206|SCV004122726,-,-
787728,single nucleotide variant,NM_000352.6(ABCC8):c.1012-6C>T,6833,ABCC8,HGNC:59,Conflicting classifications of pathogenicity,0,"Oct 31, 2022",764178736,-,RCV000978200|RCV002253752|RCV002253751,"MedGen:C3661900|Human Phenotype Ontology:HP:0008255,MONDO:MONDO:0020525,MedGen:C0342273|Human Phenotype Ontology:HP:0004904,MONDO:MONDO:0018911,MedGen:C0342276,OMIM:PS125850,Orphanet:552",not provided|Transitory neonatal diabetes mellitus|Maturity-onset diabetes of the young,germline;unknown,germline,GRCh37,NC_000011.9,11,17474836,17474836,na,na,11p15.1,"criteria provided, conflicting classifications",2,-,N,ClinGen:CA5903685,2,794910,17474836,G,A,-,-,-,-,-,-,SCV001126126|SCV002522575|SCV002522576,-,-
787728,single nucleotide variant,NM_000352.6(ABCC8):c.1012-6C>T,6833,ABCC8,HGNC:59,Conflicting classifications of pathogenicity,0,"Oct 31, 2022",764178736,-,RCV000978200|RCV002253752|RCV002253751,"MedGen:C3661900|Human Phenotype Ontology:HP:0008255,MONDO:MONDO:0020525,MedGen:C0342273|Human Phenotype Ontology:HP:0004904,MONDO:MONDO:0018911,MedGen:C0342276,OMIM:PS125850,Orphanet:552",not provided|Transitory neonatal diabetes mellitus|Maturity-onset diabetes of the young,germline;unknown,germline,GRCh38,NC_000011.10,11,17453289,17453289,na,na,11p15.1,"criteria provided, conflicting classifications",2,-,N,ClinGen:CA5903685,2,794910,17453289,G,A,-,-,-,-,-,-,SCV001126126|SCV002522575|SCV002522576,-,-
787730,single nucleotide variant,NM_000352.6(ABCC8):c.1818-7C>T,6833,ABCC8,HGNC:59,Conflicting classifications of pathogenicity,0,"Jun 27, 2025",17846731,-,RCV000983430|RCV001832296|RCV002267062|RCV002267061|RCV005408114,"MedGen:C3661900||Human Phenotype Ontology:HP:0008255,MONDO:MONDO:0020525,MedGen:C0342273|Human Phenotype Ontology:HP:0004904,MONDO:MONDO:0018911,MedGen:C0342276,OMIM:PS125850,Orphanet:552|MedGen:CN169374",not provided|Hereditary hyperinsulinism|Transitory neonatal diabetes mellitus|Maturity-onset diabetes of the young|not specified,germline;unknown,germline,GRCh37,NC_000011.9,11,17450224,17450224,na,na,11p15.1,"criteria provided, conflicting classifications",4,-,N,ClinGen:CA5903423,2,799811,17450224,G,A,-,-,-,-,-,-,SCV001131452|SCV002522339|SCV002522340|SCV006073551,-,-
787730,single nucleotide variant,NM_000352.6(ABCC8):c.1818-7C>T,6833,ABCC8,HGNC:59,Conflicting classifications of pathogenicity,0,"Jun 27, 2025",17846731,-,RCV000983430|RCV001832296|RCV002267062|RCV002267061|RCV005408114,"MedGen:C3661900||Human Phenotype Ontology:HP:0008255,MONDO:MONDO:0020525,MedGen:C0342273|Human Phenotype Ontology:HP:0004904,MONDO:MONDO:0018911,MedGen:C0342276,OMIM:PS125850,Orphanet:552|MedGen:CN169374",not provided|Hereditary hyperinsulinism|Transitory neonatal diabetes mellitus|Maturity-onset diabetes of the young|not specified,germline;unknown,germline,GRCh38,NC_000011.10,11,17428677,17428677,na,na,11p15.1,"criteria provided, conflicting classifications",4,-,N,ClinGen:CA5903423,2,799811,17428677,G,A,-,-,-,-,-,-,SCV001131452|SCV002522339|SCV002522340|SCV006073551,-,-
787732,single nucleotide variant,NM_000352.6(ABCC8):c.413-5G>C,6833,ABCC8,HGNC:59,Likely benign,0,"Nov 09, 2023",186946111,-,RCV000979573|RCV002479148,"MedGen:C3661900|MONDO:MONDO:0012480,MedGen:C1835887,OMIM:610374,Orphanet:99886;MONDO:MONDO:0009734,MedGen:C2931832,OMIM:256450,Orphanet:276575,Orphanet:276598;Human Phenotype Ontology:HP:0005965,Human Phenotype Ontology:HP:0005978,Human Phenotype Ontology:HP:0100652,MONDO:MONDO:0005148,MeSH:D003924,MedGen:C0011860,OMIM:125853;MONDO:MONDO:0009415,MedGen:C0271714,OMIM:240800;MONDO:MONDO:0030088,MedGen:C5394303,OMIM:618857","not provided|Diabetes mellitus, transient neonatal, 2;Hyperinsulinemic hypoglycemia, familial, 1;Type 2 diabetes mellitus;Leucine-induced hypoglycemia;Diabetes mellitus, permanent neonatal 3",germline;unknown,germline,GRCh37,NC_000011.9,11,17485156,17485156,na,na,11p15.1,"criteria provided, multiple submitters, no conflicts",2,-,N,ClinGen:CA597669354,2,796203,17485156,C,G,-,-,-,-,-,-,SCV001127518|SCV002797245,-,-
787732,single nucleotide variant,NM_000352.6(ABCC8):c.413-5G>C,6833,ABCC8,HGNC:59,Likely benign,0,"Nov 09, 2023",186946111,-,RCV000979573|RCV002479148,"MedGen:C3661900|MONDO:MONDO:0012480,MedGen:C1835887,OMIM:610374,Orphanet:99886;MONDO:MONDO:0009734,MedGen:C2931832,OMIM:256450,Orphanet:276575,Orphanet:276598;Human Phenotype Ontology:HP:0005965,Human Phenotype Ontology:HP:0005978,Human Phenotype Ontology:HP:0100652,MONDO:MONDO:0005148,MeSH:D003924,MedGen:C0011860,OMIM:125853;MONDO:MONDO:0009415,MedGen:C0271714,OMIM:240800;MONDO:MONDO:0030088,MedGen:C5394303,OMIM:618857","not provided|Diabetes mellitus, transient neonatal, 2;Hyperinsulinemic hypoglycemia, familial, 1;Type 2 diabetes mellitus;Leucine-induced hypoglycemia;Diabetes mellitus, permanent neonatal 3",germline;unknown,germline,GRCh38,NC_000011.10,11,17463609,17463609,na,na,11p15.1,"criteria provided, multiple submitters, no conflicts",2,-,N,ClinGen:CA597669354,2,796203,17463609,C,G,-,-,-,-,-,-,SCV001127518|SCV002797245,-,-
789751,single nucleotide variant,NM_000525.4(KCNJ11):c.28G>C (p.Glu10Gln),3767,KCNJ11,HGNC:6257,Likely benign,0,"May 28, 2019",587783667,-,RCV000986133,MedGen:CN517202,not provided,unknown,unknown,GRCh37,NC_000011.9,11,17409611,17409611,na,na,11p15.1,"criteria provided, single submitter",1,-,N,ClinGen:CA379777702,2,801368,17409611,C,G,-,-,-,-,-,-,SCV001135028,-,-
789751,single nucleotide variant,NM_000525.4(KCNJ11):c.28G>C (p.Glu10Gln),3767,KCNJ11,HGNC:6257,Likely benign,0,"May 28, 2019",587783667,-,RCV000986133,MedGen:CN517202,not provided,unknown,unknown,GRCh38,NC_000011.10,11,17388064,17388064,na,na,11p15.1,"criteria provided, single submitter",1,-,N,ClinGen:CA379777702,2,801368,17388064,C,G,-,-,-,-,-,-,SCV001135028,-,-
790723,Duplication,NM_000162.5(GCK):c.1031_1034dup (p.Lys346fs),2645,GCK,HGNC:4195,Pathogenic/Likely pathogenic,1,"May 28, 2019",1583592247,-,RCV000987866|RCV002463756,"MONDO:MONDO:0007453,MedGen:C0342277,OMIM:125851,Orphanet:552|Human Phenotype Ontology:HP:0004904,MONDO:MONDO:0018911,MedGen:C0342276,OMIM:PS125850,Orphanet:552",Maturity-onset diabetes of the young type 2|Maturity-onset diabetes of the young,unknown,unknown,GRCh37,NC_000007.13,7,44185314,44185315,na,na,7p13,"criteria provided, multiple submitters, no conflicts",2,-,N,ClinGen:CA915944916,2,802307,44185314,G,GCGGT,-,-,-,-,-,-,SCV001137350|SCV002605097,-,-
790723,Duplication,NM_000162.5(GCK):c.1031_1034dup (p.Lys346fs),2645,GCK,HGNC:4195,Pathogenic/Likely pathogenic,1,"May 28, 2019",1583592247,-,RCV000987866|RCV002463756,"MONDO:MONDO:0007453,MedGen:C0342277,OMIM:125851,Orphanet:552|Human Phenotype Ontology:HP:0004904,MONDO:MONDO:0018911,MedGen:C0342276,OMIM:PS125850,Orphanet:552",Maturity-onset diabetes of the young type 2|Maturity-onset diabetes of the young,unknown,unknown,GRCh38,NC_000007.14,7,44145715,44145716,na,na,7p13,"criteria provided, multiple submitters, no conflicts",2,-,N,ClinGen:CA915944916,2,802307,44145715,G,GCGGT,-,-,-,-,-,-,SCV001137350|SCV002605097,-,-
790724,single nucleotide variant,NM_000162.5(GCK):c.836A>G (p.Glu279Gly),2645,GCK,HGNC:4195,Conflicting classifications of pathogenicity,1,"Jun 01, 2024",143484733,-,RCV000987867|RCV002463757|RCV002488077|RCV002549691,"MONDO:MONDO:0007453,MedGen:C0342277,OMIM:125851,Orphanet:552|Human Phenotype Ontology:HP:0004904,MONDO:MONDO:0018911,MedGen:C0342276,OMIM:PS125850,Orphanet:552|Human Phenotype Ontology:HP:0005965,Human Phenotype Ontology:HP:0005978,Human Phenotype Ontology:HP:0100652,MONDO:MONDO:0005148,MeSH:D003924,MedGen:C0011860,OMIM:125853;MONDO:MONDO:0011236,MedGen:C1865290,OMIM:602485,Orphanet:79299;MONDO:MONDO:0007453,MedGen:C0342277,OMIM:125851,Orphanet:552;MONDO:MONDO:0100165,MedGen:C5393570,OMIM:606176|MedGen:C3661900",Maturity-onset diabetes of the young type 2|Maturity-onset diabetes of the young|Type 2 diabetes mellitus;Hyperinsulinism due to glucokinase deficiency;Maturity-onset diabetes of the young type 2;Permanent neonatal diabetes mellitus 1|not provided,germline;unknown,germline,GRCh37,NC_000007.13,7,44187276,44187276,na,na,7p13,"criteria provided, conflicting classifications",5,-,N,ClinGen:CA4239516,2,802308,44187276,T,C,-,-,-,-,-,-,SCV001137351|SCV001422833|SCV002605040|SCV002790576|SCV003265920,-,-
790724,single nucleotide variant,NM_000162.5(GCK):c.836A>G (p.Glu279Gly),2645,GCK,HGNC:4195,Conflicting classifications of pathogenicity,1,"Jun 01, 2024",143484733,-,RCV000987867|RCV002463757|RCV002488077|RCV002549691,"MONDO:MONDO:0007453,MedGen:C0342277,OMIM:125851,Orphanet:552|Human Phenotype Ontology:HP:0004904,MONDO:MONDO:0018911,MedGen:C0342276,OMIM:PS125850,Orphanet:552|Human Phenotype Ontology:HP:0005965,Human Phenotype Ontology:HP:0005978,Human Phenotype Ontology:HP:0100652,MONDO:MONDO:0005148,MeSH:D003924,MedGen:C0011860,OMIM:125853;MONDO:MONDO:0011236,MedGen:C1865290,OMIM:602485,Orphanet:79299;MONDO:MONDO:0007453,MedGen:C0342277,OMIM:125851,Orphanet:552;MONDO:MONDO:0100165,MedGen:C5393570,OMIM:606176|MedGen:C3661900",Maturity-onset diabetes of the young type 2|Maturity-onset diabetes of the young|Type 2 diabetes mellitus;Hyperinsulinism due to glucokinase deficiency;Maturity-onset diabetes of the young type 2;Permanent neonatal diabetes mellitus 1|not provided,germline;unknown,germline,GRCh38,NC_000007.14,7,44147677,44147677,na,na,7p13,"criteria provided, conflicting classifications",5,-,N,ClinGen:CA4239516,2,802308,44147677,T,C,-,-,-,-,-,-,SCV001137351|SCV001422833|SCV002605040|SCV002790576|SCV003265920,-,-
790725,single nucleotide variant,NM_000162.5(GCK):c.183C>A (p.Tyr61Ter),2645,GCK,HGNC:4195,Pathogenic,1,"Jul 07, 2025",780612692,-,RCV000987868|RCV002409317|RCV002549692,"MONDO:MONDO:0007453,MedGen:C0342277,OMIM:125851,Orphanet:552|Human Phenotype Ontology:HP:0004904,MONDO:MONDO:0018911,MedGen:C0342276,OMIM:PS125850,Orphanet:552|MedGen:C3661900",Maturity-onset diabetes of the young type 2|Maturity-onset diabetes of the young|not provided,germline;unknown,germline,GRCh37,NC_000007.13,7,44192925,44192925,na,na,7p13,"criteria provided, multiple submitters, no conflicts",8,-,N,ClinGen:CA367403288,2,802309,44192925,G,T,-,-,-,-,-,-,SCV001137352|SCV002562164|SCV002710949|SCV003439956|SCV005621940|SCV006325216|SCV006555818|SCV007126836,-,-
790725,single nucleotide variant,NM_000162.5(GCK):c.183C>A (p.Tyr61Ter),2645,GCK,HGNC:4195,Pathogenic,1,"Jul 07, 2025",780612692,-,RCV000987868|RCV002409317|RCV002549692,"MONDO:MONDO:0007453,MedGen:C0342277,OMIM:125851,Orphanet:552|Human Phenotype Ontology:HP:0004904,MONDO:MONDO:0018911,MedGen:C0342276,OMIM:PS125850,Orphanet:552|MedGen:C3661900",Maturity-onset diabetes of the young type 2|Maturity-onset diabetes of the young|not provided,germline;unknown,germline,GRCh38,NC_000007.14,7,44153326,44153326,na,na,7p13,"criteria provided, multiple submitters, no conflicts",8,-,N,ClinGen:CA367403288,2,802309,44153326,G,T,-,-,-,-,-,-,SCV001137352|SCV002562164|SCV002710949|SCV003439956|SCV005621940|SCV006325216|SCV006555818|SCV007126836,-,-
791118,single nucleotide variant,NM_000352.6(ABCC8):c.3578A>T (p.Asp1193Val),6833,ABCC8,HGNC:59,Conflicting classifications of pathogenicity,0,"Oct 09, 2025",139486832,-,RCV000988489|RCV001819694|RCV002488079|RCV002549713,"MONDO:MONDO:0009734,MedGen:C2931832,OMIM:256450,Orphanet:276575,Orphanet:276598|MedGen:CN169374|MONDO:MONDO:0012480,MedGen:C1835887,OMIM:610374,Orphanet:99886;MONDO:MONDO:0009734,MedGen:C2931832,OMIM:256450,Orphanet:276575,Orphanet:276598;Human Phenotype Ontology:HP:0005965,Human Phenotype Ontology:HP:0005978,Human Phenotype Ontology:HP:0100652,MONDO:MONDO:0005148,MeSH:D003924,MedGen:C0011860,OMIM:125853;MONDO:MONDO:0009415,MedGen:C0271714,OMIM:240800;MONDO:MONDO:0030088,MedGen:C5394303,OMIM:618857|MedGen:C3661900","Hyperinsulinemic hypoglycemia, familial, 1|not specified|Diabetes mellitus, transient neonatal, 2;Hyperinsulinemic hypoglycemia, familial, 1;Type 2 diabetes mellitus;Leucine-induced hypoglycemia;Diabetes mellitus, permanent neonatal 3|not provided",germline;unknown,germline,GRCh37,NC_000011.9,11,17424280,17424280,na,na,11p15.1,"criteria provided, conflicting classifications",7,-,N,ClinGen:CA5902762,2,802658,17424280,T,A,-,-,-,-,-,-,SCV001138231|SCV001548541|SCV002060082|SCV002069175|SCV002103459|SCV002788584|SCV003281298,-,-
791118,single nucleotide variant,NM_000352.6(ABCC8):c.3578A>T (p.Asp1193Val),6833,ABCC8,HGNC:59,Conflicting classifications of pathogenicity,0,"Oct 09, 2025",139486832,-,RCV000988489|RCV001819694|RCV002488079|RCV002549713,"MONDO:MONDO:0009734,MedGen:C2931832,OMIM:256450,Orphanet:276575,Orphanet:276598|MedGen:CN169374|MONDO:MONDO:0012480,MedGen:C1835887,OMIM:610374,Orphanet:99886;MONDO:MONDO:0009734,MedGen:C2931832,OMIM:256450,Orphanet:276575,Orphanet:276598;Human Phenotype Ontology:HP:0005965,Human Phenotype Ontology:HP:0005978,Human Phenotype Ontology:HP:0100652,MONDO:MONDO:0005148,MeSH:D003924,MedGen:C0011860,OMIM:125853;MONDO:MONDO:0009415,MedGen:C0271714,OMIM:240800;MONDO:MONDO:0030088,MedGen:C5394303,OMIM:618857|MedGen:C3661900","Hyperinsulinemic hypoglycemia, familial, 1|not specified|Diabetes mellitus, transient neonatal, 2;Hyperinsulinemic hypoglycemia, familial, 1;Type 2 diabetes mellitus;Leucine-induced hypoglycemia;Diabetes mellitus, permanent neonatal 3|not provided",germline;unknown,germline,GRCh38,NC_000011.10,11,17402733,17402733,na,na,11p15.1,"criteria provided, conflicting classifications",7,-,N,ClinGen:CA5902762,2,802658,17402733,T,A,-,-,-,-,-,-,SCV001138231|SCV001548541|SCV002060082|SCV002069175|SCV002103459|SCV002788584|SCV003281298,-,-
791119,single nucleotide variant,NM_000352.6(ABCC8):c.1337T>C (p.Ile446Thr),6833,ABCC8,HGNC:59,Uncertain significance,0,"May 28, 2019",765529676,-,RCV000988491|RCV002252285|RCV002252286,"MONDO:MONDO:0009734,MedGen:C2931832,OMIM:256450,Orphanet:276575,Orphanet:276598|Human Phenotype Ontology:HP:0004904,MONDO:MONDO:0018911,MedGen:C0342276,OMIM:PS125850,Orphanet:552|Human Phenotype Ontology:HP:0008255,MONDO:MONDO:0020525,MedGen:C0342273","Hyperinsulinemic hypoglycemia, familial, 1|Maturity-onset diabetes of the young|Transitory neonatal diabetes mellitus",unknown,unknown,GRCh37,NC_000011.9,11,17464855,17464855,na,na,11p15.1,"criteria provided, multiple submitters, no conflicts",2,-,N,ClinGen:CA5903601,2,802659,17464855,A,G,-,-,-,-,-,-,SCV001138235|SCV002522429|SCV002522430,-,-
791119,single nucleotide variant,NM_000352.6(ABCC8):c.1337T>C (p.Ile446Thr),6833,ABCC8,HGNC:59,Uncertain significance,0,"May 28, 2019",765529676,-,RCV000988491|RCV002252285|RCV002252286,"MONDO:MONDO:0009734,MedGen:C2931832,OMIM:256450,Orphanet:276575,Orphanet:276598|Human Phenotype Ontology:HP:0004904,MONDO:MONDO:0018911,MedGen:C0342276,OMIM:PS125850,Orphanet:552|Human Phenotype Ontology:HP:0008255,MONDO:MONDO:0020525,MedGen:C0342273","Hyperinsulinemic hypoglycemia, familial, 1|Maturity-onset diabetes of the young|Transitory neonatal diabetes mellitus",unknown,unknown,GRCh38,NC_000011.10,11,17443308,17443308,na,na,11p15.1,"criteria provided, multiple submitters, no conflicts",2,-,N,ClinGen:CA5903601,2,802659,17443308,A,G,-,-,-,-,-,-,SCV001138235|SCV002522429|SCV002522430,-,-
791120,single nucleotide variant,NM_000352.6(ABCC8):c.602C>T (p.Pro201Leu),6833,ABCC8,HGNC:59,Conflicting classifications of pathogenicity,0,"Oct 27, 2025",933815442,-,RCV000988493|RCV002549714|RCV006453502,"MONDO:MONDO:0009734,MedGen:C2931832,OMIM:256450,Orphanet:276575,Orphanet:276598|MedGen:C3661900|MedGen:CN169374","Hyperinsulinemic hypoglycemia, familial, 1|not provided|not specified",germline;unknown,germline,GRCh37,NC_000011.9,11,17483350,17483350,na,na,11p15.1,"criteria provided, conflicting classifications",3,-,N,ClinGen:CA379779280,2,802660,17483350,G,A,-,-,-,-,-,-,SCV001138238|SCV003473290|SCV007338055,-,-
791120,single nucleotide variant,NM_000352.6(ABCC8):c.602C>T (p.Pro201Leu),6833,ABCC8,HGNC:59,Conflicting classifications of pathogenicity,0,"Oct 27, 2025",933815442,-,RCV000988493|RCV002549714|RCV006453502,"MONDO:MONDO:0009734,MedGen:C2931832,OMIM:256450,Orphanet:276575,Orphanet:276598|MedGen:C3661900|MedGen:CN169374","Hyperinsulinemic hypoglycemia, familial, 1|not provided|not specified",germline;unknown,germline,GRCh38,NC_000011.10,11,17461803,17461803,na,na,11p15.1,"criteria provided, conflicting classifications",3,-,N,ClinGen:CA379779280,2,802660,17461803,G,A,-,-,-,-,-,-,SCV001138238|SCV003473290|SCV007338055,-,-
791121,Deletion,NM_000352.6(ABCC8):c.598del (p.Thr200fs),6833,ABCC8,HGNC:59,Conflicting classifications of pathogenicity,1,"May 28, 2019",1591890137,-,RCV000988494|RCV002253761|RCV002253760,"MONDO:MONDO:0009734,MedGen:C2931832,OMIM:256450,Orphanet:276575,Orphanet:276598|Human Phenotype Ontology:HP:0008255,MONDO:MONDO:0020525,MedGen:C0342273|Human Phenotype Ontology:HP:0004904,MONDO:MONDO:0018911,MedGen:C0342276,OMIM:PS125850,Orphanet:552","Hyperinsulinemic hypoglycemia, familial, 1|Transitory neonatal diabetes mellitus|Maturity-onset diabetes of the young",unknown,unknown,GRCh37,NC_000011.9,11,17483354,17483354,na,na,11p15.1,"criteria provided, conflicting classifications",2,-,N,ClinGen:CA915948112,2,802661,17483353,GT,G,-,-,-,-,-,-,SCV001138239|SCV002522666|SCV002522667,-,-
791121,Deletion,NM_000352.6(ABCC8):c.598del (p.Thr200fs),6833,ABCC8,HGNC:59,Conflicting classifications of pathogenicity,1,"May 28, 2019",1591890137,-,RCV000988494|RCV002253761|RCV002253760,"MONDO:MONDO:0009734,MedGen:C2931832,OMIM:256450,Orphanet:276575,Orphanet:276598|Human Phenotype Ontology:HP:0008255,MONDO:MONDO:0020525,MedGen:C0342273|Human Phenotype Ontology:HP:0004904,MONDO:MONDO:0018911,MedGen:C0342276,OMIM:PS125850,Orphanet:552","Hyperinsulinemic hypoglycemia, familial, 1|Transitory neonatal diabetes mellitus|Maturity-onset diabetes of the young",unknown,unknown,GRCh38,NC_000011.10,11,17461807,17461807,na,na,11p15.1,"criteria provided, conflicting classifications",2,-,N,ClinGen:CA915948112,2,802661,17461806,GT,G,-,-,-,-,-,-,SCV001138239|SCV002522666|SCV002522667,-,-
792671,single nucleotide variant,NM_000162.5(GCK):c.622G>A (p.Ala208Thr),2645,GCK,HGNC:4195,Pathogenic,1,"Feb 11, 2025",1476637197,-,RCV000991306|RCV003318505,"MONDO:MONDO:0007453,MedGen:C0342277,OMIM:125851,Orphanet:552|MONDO:MONDO:0015967,MedGen:C3888631,Orphanet:183625",Maturity-onset diabetes of the young type 2|Monogenic diabetes,germline,germline,GRCh37,NC_000007.13,7,44189416,44189416,na,na,7p13,reviewed by expert panel,2,-,N,ClinGen:CA367401322,2,804344,44189416,C,T,-,-,-,-,-,-,SCV004022331,-,-
792671,single nucleotide variant,NM_000162.5(GCK):c.622G>A (p.Ala208Thr),2645,GCK,HGNC:4195,Pathogenic,1,"Feb 11, 2025",1476637197,-,RCV000991306|RCV003318505,"MONDO:MONDO:0007453,MedGen:C0342277,OMIM:125851,Orphanet:552|MONDO:MONDO:0015967,MedGen:C3888631,Orphanet:183625",Maturity-onset diabetes of the young type 2|Monogenic diabetes,germline,germline,GRCh38,NC_000007.14,7,44149817,44149817,na,na,7p13,reviewed by expert panel,2,-,N,ClinGen:CA367401322,2,804344,44149817,C,T,-,-,-,-,-,-,SCV004022331,-,-
793214,Deletion,NM_000162.5(GCK):c.1350_1361del (p.Leu451_Ala454del),2645,GCK,HGNC:4195,Uncertain significance,0,"Nov 02, 2018",1583590383,-,RCV000992047|RCV002287452,"MedGen:C3661900|Human Phenotype Ontology:HP:0004904,MONDO:MONDO:0018911,MedGen:C0342276,OMIM:PS125850,Orphanet:552",not provided|Maturity-onset diabetes of the young,germline;unknown,germline,GRCh37,NC_000007.13,7,44184772,44184783,na,na,7p13,"criteria provided, multiple submitters, no conflicts",2,-,N,ClinGen:CA915944914,2,804843,44184771,CGCCGAGACCAGG,C,-,-,-,-,-,-,SCV001144011|SCV002577628,-,-
793214,Deletion,NM_000162.5(GCK):c.1350_1361del (p.Leu451_Ala454del),2645,GCK,HGNC:4195,Uncertain significance,0,"Nov 02, 2018",1583590383,-,RCV000992047|RCV002287452,"MedGen:C3661900|Human Phenotype Ontology:HP:0004904,MONDO:MONDO:0018911,MedGen:C0342276,OMIM:PS125850,Orphanet:552",not provided|Maturity-onset diabetes of the young,germline;unknown,germline,GRCh38,NC_000007.14,7,44145173,44145184,na,na,7p13,"criteria provided, multiple submitters, no conflicts",2,-,N,ClinGen:CA915944914,2,804843,44145172,CGCCGAGACCAGG,C,-,-,-,-,-,-,SCV001144011|SCV002577628,-,-
793215,Deletion,NM_000162.5(GCK):c.1360del (p.Ala454fs),2645,GCK,HGNC:4195,Pathogenic,1,"Jun 22, 2023",1583590393,-,RCV000992048|RCV002287453|RCV003313161,"MedGen:C3661900|Human Phenotype Ontology:HP:0004904,MONDO:MONDO:0018911,MedGen:C0342276,OMIM:PS125850,Orphanet:552|MONDO:MONDO:0015967,MedGen:C3888631,Orphanet:183625",not provided|Maturity-onset diabetes of the young|Monogenic diabetes,germline;unknown,germline,GRCh37,NC_000007.13,7,44184773,44184773,na,na,7p13,reviewed by expert panel,3,-,N,ClinGen:CA915944915,2,804844,44184772,GC,G,-,-,-,-,-,-,SCV004012127,-,-
793215,Deletion,NM_000162.5(GCK):c.1360del (p.Ala454fs),2645,GCK,HGNC:4195,Pathogenic,1,"Jun 22, 2023",1583590393,-,RCV000992048|RCV002287453|RCV003313161,"MedGen:C3661900|Human Phenotype Ontology:HP:0004904,MONDO:MONDO:0018911,MedGen:C0342276,OMIM:PS125850,Orphanet:552|MONDO:MONDO:0015967,MedGen:C3888631,Orphanet:183625",not provided|Maturity-onset diabetes of the young|Monogenic diabetes,germline;unknown,germline,GRCh38,NC_000007.14,7,44145174,44145174,na,na,7p13,reviewed by expert panel,3,-,N,ClinGen:CA915944915,2,804844,44145173,GC,G,-,-,-,-,-,-,SCV004012127,-,-
793216,single nucleotide variant,NM_000162.5(GCK):c.1340G>C (p.Arg447Pro),2645,GCK,HGNC:4195,Likely pathogenic,1,"Mar 10, 2025",1131691416,-,RCV000992046|RCV002290505|RCV005036262,"MedGen:C3661900|MONDO:MONDO:0007453,MedGen:C0342277,OMIM:125851,Orphanet:552|Human Phenotype Ontology:HP:0005965,Human Phenotype Ontology:HP:0005978,Human Phenotype Ontology:HP:0100652,MONDO:MONDO:0005148,MeSH:D003924,MedGen:C0011860,OMIM:125853;MONDO:MONDO:0011236,MedGen:C1865290,OMIM:602485,Orphanet:79299;MONDO:MONDO:0007453,MedGen:C0342277,OMIM:125851,Orphanet:552;MONDO:MONDO:0100165,MedGen:C5393570,OMIM:606176",not provided|Maturity-onset diabetes of the young type 2|Type 2 diabetes mellitus;Hyperinsulinism due to glucokinase deficiency;Maturity-onset diabetes of the young type 2;Permanent neonatal diabetes mellitus 1,germline;unknown,germline,GRCh37,NC_000007.13,7,44184793,44184793,na,na,7p13,"criteria provided, multiple submitters, no conflicts",5,-,N,ClinGen:CA367396939,2,804842,44184793,C,G,-,-,-,-,-,-,SCV001144010|SCV002580327|SCV004813481|SCV005201992|SCV005666174,-,-
793216,single nucleotide variant,NM_000162.5(GCK):c.1340G>C (p.Arg447Pro),2645,GCK,HGNC:4195,Likely pathogenic,1,"Mar 10, 2025",1131691416,-,RCV000992046|RCV002290505|RCV005036262,"MedGen:C3661900|MONDO:MONDO:0007453,MedGen:C0342277,OMIM:125851,Orphanet:552|Human Phenotype Ontology:HP:0005965,Human Phenotype Ontology:HP:0005978,Human Phenotype Ontology:HP:0100652,MONDO:MONDO:0005148,MeSH:D003924,MedGen:C0011860,OMIM:125853;MONDO:MONDO:0011236,MedGen:C1865290,OMIM:602485,Orphanet:79299;MONDO:MONDO:0007453,MedGen:C0342277,OMIM:125851,Orphanet:552;MONDO:MONDO:0100165,MedGen:C5393570,OMIM:606176",not provided|Maturity-onset diabetes of the young type 2|Type 2 diabetes mellitus;Hyperinsulinism due to glucokinase deficiency;Maturity-onset diabetes of the young type 2;Permanent neonatal diabetes mellitus 1,germline;unknown,germline,GRCh38,NC_000007.14,7,44145194,44145194,na,na,7p13,"criteria provided, multiple submitters, no conflicts",5,-,N,ClinGen:CA367396939,2,804842,44145194,C,G,-,-,-,-,-,-,SCV001144010|SCV002580327|SCV004813481|SCV005201992|SCV005666174,-,-
793217,single nucleotide variant,NM_000162.5(GCK):c.1265G>C (p.Arg422Pro),2645,GCK,HGNC:4195,Conflicting classifications of pathogenicity,1,"Mar 24, 2025",1010302320,-,RCV000992044|RCV003883526,"MedGen:C3661900|MONDO:MONDO:0007453,MedGen:C0342277,OMIM:125851,Orphanet:552",not provided|Maturity-onset diabetes of the young type 2,germline;unknown,germline,GRCh37,NC_000007.13,7,44184868,44184868,na,na,7p13,"criteria provided, conflicting classifications",3,-,N,ClinGen:CA367397268,2,804841,44184868,C,G,-,-,-,-,-,-,SCV001144008|SCV004698074|SCV007412108,-,-
793217,single nucleotide variant,NM_000162.5(GCK):c.1265G>C (p.Arg422Pro),2645,GCK,HGNC:4195,Conflicting classifications of pathogenicity,1,"Mar 24, 2025",1010302320,-,RCV000992044|RCV003883526,"MedGen:C3661900|MONDO:MONDO:0007453,MedGen:C0342277,OMIM:125851,Orphanet:552",not provided|Maturity-onset diabetes of the young type 2,germline;unknown,germline,GRCh38,NC_000007.14,7,44145269,44145269,na,na,7p13,"criteria provided, conflicting classifications",3,-,N,ClinGen:CA367397268,2,804841,44145269,C,G,-,-,-,-,-,-,SCV001144008|SCV004698074|SCV007412108,-,-
793218,single nucleotide variant,NM_000162.5(GCK):c.1247A>C (p.His416Pro),2645,GCK,HGNC:4195,Likely pathogenic,1,"Jan 07, 2026",1583591303,-,RCV000992042|RCV002463762|RCV006454709,"MedGen:C3661900|Human Phenotype Ontology:HP:0004904,MONDO:MONDO:0018911,MedGen:C0342276,OMIM:PS125850,Orphanet:552|MONDO:MONDO:0015967,MedGen:C3888631,Orphanet:183625",not provided|Maturity-onset diabetes of the young|Monogenic diabetes,germline;unknown,germline,GRCh37,NC_000007.13,7,44185102,44185102,na,na,7p13,reviewed by expert panel,4,-,N,ClinGen:CA367398218,2,804839,44185102,T,G,-,-,-,-,-,-,SCV007338205,-,-
793218,single nucleotide variant,NM_000162.5(GCK):c.1247A>C (p.His416Pro),2645,GCK,HGNC:4195,Likely pathogenic,1,"Jan 07, 2026",1583591303,-,RCV000992042|RCV002463762|RCV006454709,"MedGen:C3661900|Human Phenotype Ontology:HP:0004904,MONDO:MONDO:0018911,MedGen:C0342276,OMIM:PS125850,Orphanet:552|MONDO:MONDO:0015967,MedGen:C3888631,Orphanet:183625",not provided|Maturity-onset diabetes of the young|Monogenic diabetes,germline;unknown,germline,GRCh38,NC_000007.14,7,44145503,44145503,na,na,7p13,reviewed by expert panel,4,-,N,ClinGen:CA367398218,2,804839,44145503,T,G,-,-,-,-,-,-,SCV007338205,-,-
793219,single nucleotide variant,NM_000162.5(GCK):c.1156C>G (p.Leu386Val),2645,GCK,HGNC:4195,Pathogenic,1,"Apr 28, 2024",1583591700,-,RCV000992039|RCV002463761|RCV004527404,"MedGen:C3661900|Human Phenotype Ontology:HP:0004904,MONDO:MONDO:0018911,MedGen:C0342276,OMIM:PS125850,Orphanet:552|MONDO:MONDO:0015967,MedGen:C3888631,Orphanet:183625",not provided|Maturity-onset diabetes of the young|Monogenic diabetes,germline;unknown,germline,GRCh37,NC_000007.13,7,44185193,44185193,na,na,7p13,reviewed by expert panel,4,-,N,ClinGen:CA367398705,2,804837,44185193,G,C,-,-,-,-,-,-,SCV005040690,-,-
793219,single nucleotide variant,NM_000162.5(GCK):c.1156C>G (p.Leu386Val),2645,GCK,HGNC:4195,Pathogenic,1,"Apr 28, 2024",1583591700,-,RCV000992039|RCV002463761|RCV004527404,"MedGen:C3661900|Human Phenotype Ontology:HP:0004904,MONDO:MONDO:0018911,MedGen:C0342276,OMIM:PS125850,Orphanet:552|MONDO:MONDO:0015967,MedGen:C3888631,Orphanet:183625",not provided|Maturity-onset diabetes of the young|Monogenic diabetes,germline;unknown,germline,GRCh38,NC_000007.14,7,44145594,44145594,na,na,7p13,reviewed by expert panel,4,-,N,ClinGen:CA367398705,2,804837,44145594,G,C,-,-,-,-,-,-,SCV005040690,-,-
793220,single nucleotide variant,NM_000162.5(GCK):c.1151C>T (p.Ala384Val),2645,GCK,HGNC:4195,Likely pathogenic,1,"Jun 06, 2025",1583591747,-,RCV000992038|RCV002463760|RCV003396574|RCV005417385,"MedGen:C3661900|Human Phenotype Ontology:HP:0004904,MONDO:MONDO:0018911,MedGen:C0342276,OMIM:PS125850,Orphanet:552||MONDO:MONDO:0015967,MedGen:C3888631,Orphanet:183625",not provided|Maturity-onset diabetes of the young|GCK-related disorder|Monogenic diabetes,germline;unknown,germline,GRCh37,NC_000007.13,7,44185198,44185198,na,na,7p13,reviewed by expert panel,5,-,N,ClinGen:CA367398721,2,804836,44185198,G,A,-,-,-,-,-,-,SCV006084769,-,-
793220,single nucleotide variant,NM_000162.5(GCK):c.1151C>T (p.Ala384Val),2645,GCK,HGNC:4195,Likely pathogenic,1,"Jun 06, 2025",1583591747,-,RCV000992038|RCV002463760|RCV003396574|RCV005417385,"MedGen:C3661900|Human Phenotype Ontology:HP:0004904,MONDO:MONDO:0018911,MedGen:C0342276,OMIM:PS125850,Orphanet:552||MONDO:MONDO:0015967,MedGen:C3888631,Orphanet:183625",not provided|Maturity-onset diabetes of the young|GCK-related disorder|Monogenic diabetes,germline;unknown,germline,GRCh38,NC_000007.14,7,44145599,44145599,na,na,7p13,reviewed by expert panel,5,-,N,ClinGen:CA367398721,2,804836,44145599,G,A,-,-,-,-,-,-,SCV006084769,-,-
793221,single nucleotide variant,NM_000162.5(GCK):c.1146C>A (p.Cys382Ter),2645,GCK,HGNC:4195,Pathogenic,1,"Jul 30, 2023",1583591809,-,RCV000992037|RCV002463759|RCV003318507,"MedGen:C3661900|Human Phenotype Ontology:HP:0004904,MONDO:MONDO:0018911,MedGen:C0342276,OMIM:PS125850,Orphanet:552|MONDO:MONDO:0015967,MedGen:C3888631,Orphanet:183625",not provided|Maturity-onset diabetes of the young|Monogenic diabetes,germline;unknown,germline,GRCh37,NC_000007.13,7,44185203,44185203,na,na,7p13,reviewed by expert panel,4,-,N,ClinGen:CA367398741,2,804835,44185203,G,T,-,-,-,-,-,-,SCV004022343,-,-
793221,single nucleotide variant,NM_000162.5(GCK):c.1146C>A (p.Cys382Ter),2645,GCK,HGNC:4195,Pathogenic,1,"Jul 30, 2023",1583591809,-,RCV000992037|RCV002463759|RCV003318507,"MedGen:C3661900|Human Phenotype Ontology:HP:0004904,MONDO:MONDO:0018911,MedGen:C0342276,OMIM:PS125850,Orphanet:552|MONDO:MONDO:0015967,MedGen:C3888631,Orphanet:183625",not provided|Maturity-onset diabetes of the young|Monogenic diabetes,germline;unknown,germline,GRCh38,NC_000007.14,7,44145604,44145604,na,na,7p13,reviewed by expert panel,4,-,N,ClinGen:CA367398741,2,804835,44145604,G,T,-,-,-,-,-,-,SCV004022343,-,-
793222,single nucleotide variant,NM_000162.5(GCK):c.1136C>T (p.Ala379Val),2645,GCK,HGNC:4195,Likely pathogenic,1,"Aug 01, 2023",193922265,-,RCV000992036|RCV003883165,"MedGen:C3661900|MONDO:MONDO:0015967,MedGen:C3888631,Orphanet:183625",not provided|Monogenic diabetes,germline,germline,GRCh37,NC_000007.13,7,44185213,44185213,na,na,7p13,reviewed by expert panel,3,-,N,ClinGen:CA367398790,2,804834,44185213,G,A,-,-,-,-,-,-,SCV004697903,-,-
793222,single nucleotide variant,NM_000162.5(GCK):c.1136C>T (p.Ala379Val),2645,GCK,HGNC:4195,Likely pathogenic,1,"Aug 01, 2023",193922265,-,RCV000992036|RCV003883165,"MedGen:C3661900|MONDO:MONDO:0015967,MedGen:C3888631,Orphanet:183625",not provided|Monogenic diabetes,germline,germline,GRCh38,NC_000007.14,7,44145614,44145614,na,na,7p13,reviewed by expert panel,3,-,N,ClinGen:CA367398790,2,804834,44145614,G,A,-,-,-,-,-,-,SCV004697903,-,-
793223,single nucleotide variant,NM_000162.5(GCK):c.1123T>C (p.Ser375Pro),2645,GCK,HGNC:4195,Uncertain significance,0,"May 20, 2025",1454408814,-,RCV000992035|RCV005418947,MedGen:C3661900|MedGen:CN169374,not provided|not specified,germline,germline,GRCh37,NC_000007.13,7,44185226,44185226,na,na,7p13,"criteria provided, multiple submitters, no conflicts",3,-,N,ClinGen:CA367398853,2,804833,44185226,A,G,-,-,-,-,-,-,SCV001143999|SCV005835275|SCV006085677,-,-
793223,single nucleotide variant,NM_000162.5(GCK):c.1123T>C (p.Ser375Pro),2645,GCK,HGNC:4195,Uncertain significance,0,"May 20, 2025",1454408814,-,RCV000992035|RCV005418947,MedGen:C3661900|MedGen:CN169374,not provided|not specified,germline,germline,GRCh38,NC_000007.14,7,44145627,44145627,na,na,7p13,"criteria provided, multiple submitters, no conflicts",3,-,N,ClinGen:CA367398853,2,804833,44145627,A,G,-,-,-,-,-,-,SCV001143999|SCV005835275|SCV006085677,-,-
793224,single nucleotide variant,NM_000162.5(GCK):c.1064T>C (p.Leu355Pro),2645,GCK,HGNC:4195,Uncertain significance,1,"Jul 18, 2023",1583592156,-,RCV000992034|RCV001290631|RCV003318506|RCV002463758,"MedGen:C3661900|MedGen:CN169374|MONDO:MONDO:0015967,MedGen:C3888631,Orphanet:183625|Human Phenotype Ontology:HP:0004904,MONDO:MONDO:0018911,MedGen:C0342276,OMIM:PS125850,Orphanet:552",not provided|not specified|Monogenic diabetes|Maturity-onset diabetes of the young,germline;unknown,germline,GRCh37,NC_000007.13,7,44185285,44185285,na,na,7p13,reviewed by expert panel,4,-,N,ClinGen:CA367399180,2,804832,44185285,A,G,-,-,-,-,-,-,SCV004022330,-,-
793224,single nucleotide variant,NM_000162.5(GCK):c.1064T>C (p.Leu355Pro),2645,GCK,HGNC:4195,Uncertain significance,1,"Jul 18, 2023",1583592156,-,RCV000992034|RCV001290631|RCV003318506|RCV002463758,"MedGen:C3661900|MedGen:CN169374|MONDO:MONDO:0015967,MedGen:C3888631,Orphanet:183625|Human Phenotype Ontology:HP:0004904,MONDO:MONDO:0018911,MedGen:C0342276,OMIM:PS125850,Orphanet:552",not provided|not specified|Monogenic diabetes|Maturity-onset diabetes of the young,germline;unknown,germline,GRCh38,NC_000007.14,7,44145686,44145686,na,na,7p13,reviewed by expert panel,4,-,N,ClinGen:CA367399180,2,804832,44145686,A,G,-,-,-,-,-,-,SCV004022330,-,-
793225,single nucleotide variant,NM_000162.5(GCK):c.943C>T (p.Leu315Phe),2645,GCK,HGNC:4195,Conflicting classifications of pathogenicity,1,"May 24, 2019",1583594350,-,RCV000992071|RCV002463769,"MedGen:C3661900|Human Phenotype Ontology:HP:0004904,MONDO:MONDO:0018911,MedGen:C0342276,OMIM:PS125850,Orphanet:552",not provided|Maturity-onset diabetes of the young,germline;unknown,germline,GRCh37,NC_000007.13,7,44186138,44186138,na,na,7p13,"criteria provided, conflicting classifications",2,-,N,ClinGen:CA367399944,2,804863,44186138,G,A,-,-,-,-,-,-,SCV001144043|SCV002605123,-,-
793225,single nucleotide variant,NM_000162.5(GCK):c.943C>T (p.Leu315Phe),2645,GCK,HGNC:4195,Conflicting classifications of pathogenicity,1,"May 24, 2019",1583594350,-,RCV000992071|RCV002463769,"MedGen:C3661900|Human Phenotype Ontology:HP:0004904,MONDO:MONDO:0018911,MedGen:C0342276,OMIM:PS125850,Orphanet:552",not provided|Maturity-onset diabetes of the young,germline;unknown,germline,GRCh38,NC_000007.14,7,44146539,44146539,na,na,7p13,"criteria provided, conflicting classifications",2,-,N,ClinGen:CA367399944,2,804863,44146539,G,A,-,-,-,-,-,-,SCV001144043|SCV002605123,-,-
793226,single nucleotide variant,NM_000162.5(GCK):c.904G>C (p.Val302Leu),2645,GCK,HGNC:4195,Conflicting classifications of pathogenicity,1,"Aug 12, 2024",1583594501,-,RCV000992069,MedGen:C3661900,not provided,germline;unknown,germline,GRCh37,NC_000007.13,7,44186177,44186177,na,na,7p13,"criteria provided, conflicting classifications",2,-,N,ClinGen:CA367400061,2,804862,44186177,C,G,-,-,-,-,-,-,SCV001144041|SCV005848217,-,-
793226,single nucleotide variant,NM_000162.5(GCK):c.904G>C (p.Val302Leu),2645,GCK,HGNC:4195,Conflicting classifications of pathogenicity,1,"Aug 12, 2024",1583594501,-,RCV000992069,MedGen:C3661900,not provided,germline;unknown,germline,GRCh38,NC_000007.14,7,44146578,44146578,na,na,7p13,"criteria provided, conflicting classifications",2,-,N,ClinGen:CA367400061,2,804862,44146578,C,G,-,-,-,-,-,-,SCV001144041|SCV005848217,-,-
793227,Deletion,NM_000162.5(GCK):c.854del (p.Gly285fs),2645,GCK,HGNC:4195,Conflicting classifications of pathogenicity,1,"Jan 17, 2019",1583596063,-,RCV000992067|RCV002463768,"MedGen:C3661900|Human Phenotype Ontology:HP:0004904,MONDO:MONDO:0018911,MedGen:C0342276,OMIM:PS125850,Orphanet:552",not provided|Maturity-onset diabetes of the young,germline;unknown,germline,GRCh37,NC_000007.13,7,44187258,44187258,na,na,7p13,"criteria provided, conflicting classifications",2,-,N,ClinGen:CA915944917,2,804860,44187257,AC,A,-,-,-,-,-,-,SCV001144039|SCV002605038,-,-
793227,Deletion,NM_000162.5(GCK):c.854del (p.Gly285fs),2645,GCK,HGNC:4195,Conflicting classifications of pathogenicity,1,"Jan 17, 2019",1583596063,-,RCV000992067|RCV002463768,"MedGen:C3661900|Human Phenotype Ontology:HP:0004904,MONDO:MONDO:0018911,MedGen:C0342276,OMIM:PS125850,Orphanet:552",not provided|Maturity-onset diabetes of the young,germline;unknown,germline,GRCh38,NC_000007.14,7,44147659,44147659,na,na,7p13,"criteria provided, conflicting classifications",2,-,N,ClinGen:CA915944917,2,804860,44147658,AC,A,-,-,-,-,-,-,SCV001144039|SCV002605038,-,-
793228,Deletion,NM_000162.5(GCK):c.848del (p.Asn283fs),2645,GCK,HGNC:4195,Conflicting classifications of pathogenicity,1,"Apr 11, 2019",1583596119,-,RCV000992066|RCV002463767,"MedGen:C3661900|Human Phenotype Ontology:HP:0004904,MONDO:MONDO:0018911,MedGen:C0342276,OMIM:PS125850,Orphanet:552",not provided|Maturity-onset diabetes of the young,germline;unknown,germline,GRCh37,NC_000007.13,7,44187264,44187264,na,na,7p13,"criteria provided, conflicting classifications",2,-,N,ClinGen:CA915944918,2,804859,44187263,GT,G,-,-,-,-,-,-,SCV001144038|SCV002605042,-,-
793228,Deletion,NM_000162.5(GCK):c.848del (p.Asn283fs),2645,GCK,HGNC:4195,Conflicting classifications of pathogenicity,1,"Apr 11, 2019",1583596119,-,RCV000992066|RCV002463767,"MedGen:C3661900|Human Phenotype Ontology:HP:0004904,MONDO:MONDO:0018911,MedGen:C0342276,OMIM:PS125850,Orphanet:552",not provided|Maturity-onset diabetes of the young,germline;unknown,germline,GRCh38,NC_000007.14,7,44147665,44147665,na,na,7p13,"criteria provided, conflicting classifications",2,-,N,ClinGen:CA915944918,2,804859,44147664,GT,G,-,-,-,-,-,-,SCV001144038|SCV002605042,-,-
793229,single nucleotide variant,NM_000162.5(GCK):c.809T>C (p.Leu270Pro),2645,GCK,HGNC:4195,Uncertain significance/Uncertain risk allele,0,"Mar 27, 2024",1583596227,-,RCV000992064|RCV002463766,"MedGen:C3661900|Human Phenotype Ontology:HP:0004904,MONDO:MONDO:0018911,MedGen:C0342276,OMIM:PS125850,Orphanet:552",not provided|Maturity-onset diabetes of the young,germline;unknown,germline,GRCh37,NC_000007.13,7,44187303,44187303,na,na,7p13,"criteria provided, multiple submitters, no conflicts",4,-,N,ClinGen:CA367400510,2,804858,44187303,A,G,-,-,-,-,-,-,SCV001144035|SCV002605058|SCV004319294|SCV005388294,-,-
793229,single nucleotide variant,NM_000162.5(GCK):c.809T>C (p.Leu270Pro),2645,GCK,HGNC:4195,Uncertain significance/Uncertain risk allele,0,"Mar 27, 2024",1583596227,-,RCV000992064|RCV002463766,"MedGen:C3661900|Human Phenotype Ontology:HP:0004904,MONDO:MONDO:0018911,MedGen:C0342276,OMIM:PS125850,Orphanet:552",not provided|Maturity-onset diabetes of the young,germline;unknown,germline,GRCh38,NC_000007.14,7,44147704,44147704,na,na,7p13,"criteria provided, multiple submitters, no conflicts",4,-,N,ClinGen:CA367400510,2,804858,44147704,A,G,-,-,-,-,-,-,SCV001144035|SCV002605058|SCV004319294|SCV005388294,-,-
793230,single nucleotide variant,NM_000162.5(GCK):c.772G>T (p.Gly258Cys),2645,GCK,HGNC:4195,Uncertain significance,0,"Oct 21, 2024",1583596378,-,RCV000992063,MedGen:C3661900,not provided,germline,germline,GRCh37,NC_000007.13,7,44187340,44187340,na,na,7p13,"criteria provided, multiple submitters, no conflicts",2,-,N,ClinGen:CA367400587,2,804857,44187340,C,A,-,-,-,-,-,-,SCV001144034|SCV005835024,-,-
793230,single nucleotide variant,NM_000162.5(GCK):c.772G>T (p.Gly258Cys),2645,GCK,HGNC:4195,Uncertain significance,0,"Oct 21, 2024",1583596378,-,RCV000992063,MedGen:C3661900,not provided,germline,germline,GRCh38,NC_000007.14,7,44147741,44147741,na,na,7p13,"criteria provided, multiple submitters, no conflicts",2,-,N,ClinGen:CA367400587,2,804857,44147741,C,A,-,-,-,-,-,-,SCV001144034|SCV005835024,-,-
793231,single nucleotide variant,NM_000162.5(GCK):c.737G>C (p.Gly246Ala),2645,GCK,HGNC:4195,Likely pathogenic,1,"Dec 02, 2023",1583596522,-,RCV000992062|RCV002382224|RCV003446565,"MedGen:C3661900|Human Phenotype Ontology:HP:0004904,MONDO:MONDO:0018911,MedGen:C0342276,OMIM:PS125850,Orphanet:552|MONDO:MONDO:0015967,MedGen:C3888631,Orphanet:183625",not provided|Maturity-onset diabetes of the young|Monogenic diabetes,germline;unknown,germline,GRCh37,NC_000007.13,7,44187375,44187375,na,na,7p13,reviewed by expert panel,6,-,N,ClinGen:CA367400661,2,804856,44187375,C,G,-,-,-,-,-,-,SCV004174237,-,-
793231,single nucleotide variant,NM_000162.5(GCK):c.737G>C (p.Gly246Ala),2645,GCK,HGNC:4195,Likely pathogenic,1,"Dec 02, 2023",1583596522,-,RCV000992062|RCV002382224|RCV003446565,"MedGen:C3661900|Human Phenotype Ontology:HP:0004904,MONDO:MONDO:0018911,MedGen:C0342276,OMIM:PS125850,Orphanet:552|MONDO:MONDO:0015967,MedGen:C3888631,Orphanet:183625",not provided|Maturity-onset diabetes of the young|Monogenic diabetes,germline;unknown,germline,GRCh38,NC_000007.14,7,44147776,44147776,na,na,7p13,reviewed by expert panel,6,-,N,ClinGen:CA367400661,2,804856,44147776,C,G,-,-,-,-,-,-,SCV004174237,-,-
793232,single nucleotide variant,NM_000162.5(GCK):c.734A>G (p.Glu245Gly),2645,GCK,HGNC:4195,Conflicting classifications of pathogenicity,1,"Feb 03, 2020",1583596546,-,RCV000992061|RCV002463765,"MedGen:C3661900|Human Phenotype Ontology:HP:0004904,MONDO:MONDO:0018911,MedGen:C0342276,OMIM:PS125850,Orphanet:552",not provided|Maturity-onset diabetes of the young,unknown,unknown,GRCh37,NC_000007.13,7,44187378,44187378,na,na,7p13,"criteria provided, conflicting classifications",2,-,N,ClinGen:CA367400669,2,804855,44187378,T,C,-,-,-,-,-,-,SCV001144032|SCV002605109,-,-
793232,single nucleotide variant,NM_000162.5(GCK):c.734A>G (p.Glu245Gly),2645,GCK,HGNC:4195,Conflicting classifications of pathogenicity,1,"Feb 03, 2020",1583596546,-,RCV000992061|RCV002463765,"MedGen:C3661900|Human Phenotype Ontology:HP:0004904,MONDO:MONDO:0018911,MedGen:C0342276,OMIM:PS125850,Orphanet:552",not provided|Maturity-onset diabetes of the young,unknown,unknown,GRCh38,NC_000007.14,7,44147779,44147779,na,na,7p13,"criteria provided, conflicting classifications",2,-,N,ClinGen:CA367400669,2,804855,44147779,T,C,-,-,-,-,-,-,SCV001144032|SCV002605109,-,-
793233,Deletion,NM_000162.5(GCK):c.638_640del (p.Cys213del),2645,GCK,HGNC:4195,Uncertain significance,0,"Jun 02, 2025",1583599241,-,RCV000992059|RCV002463764|RCV005417386,"MedGen:C3661900|Human Phenotype Ontology:HP:0004904,MONDO:MONDO:0018911,MedGen:C0342276,OMIM:PS125850,Orphanet:552|MONDO:MONDO:0015967,MedGen:C3888631,Orphanet:183625",not provided|Maturity-onset diabetes of the young|Monogenic diabetes,germline;unknown,germline,GRCh37,NC_000007.13,7,44189398,44189400,na,na,7p13,reviewed by expert panel,4,-,N,ClinGen:CA915944919,2,804853,44189397,TAGC,T,-,-,-,-,-,-,SCV006084772,-,-
793233,Deletion,NM_000162.5(GCK):c.638_640del (p.Cys213del),2645,GCK,HGNC:4195,Uncertain significance,0,"Jun 02, 2025",1583599241,-,RCV000992059|RCV002463764|RCV005417386,"MedGen:C3661900|Human Phenotype Ontology:HP:0004904,MONDO:MONDO:0018911,MedGen:C0342276,OMIM:PS125850,Orphanet:552|MONDO:MONDO:0015967,MedGen:C3888631,Orphanet:183625",not provided|Maturity-onset diabetes of the young|Monogenic diabetes,germline;unknown,germline,GRCh38,NC_000007.14,7,44149799,44149801,na,na,7p13,reviewed by expert panel,4,-,N,ClinGen:CA915944919,2,804853,44149798,TAGC,T,-,-,-,-,-,-,SCV006084772,-,-
793234,single nucleotide variant,NM_000162.5(GCK):c.629T>C (p.Met210Thr),2645,GCK,HGNC:4195,Pathogenic,1,"Jan 18, 2024",80356654,-,RCV000992058|RCV003493767|RCV003117664|RCV005036263,"MedGen:C3661900|MONDO:MONDO:0015967,MedGen:C3888631,Orphanet:183625|MONDO:MONDO:0007453,MedGen:C0342277,OMIM:125851,Orphanet:552|Human Phenotype Ontology:HP:0005965,Human Phenotype Ontology:HP:0005978,Human Phenotype Ontology:HP:0100652,MONDO:MONDO:0005148,MeSH:D003924,MedGen:C0011860,OMIM:125853;MONDO:MONDO:0011236,MedGen:C1865290,OMIM:602485,Orphanet:79299;MONDO:MONDO:0007453,MedGen:C0342277,OMIM:125851,Orphanet:552;MONDO:MONDO:0100165,MedGen:C5393570,OMIM:606176",not provided|Monogenic diabetes|Maturity-onset diabetes of the young type 2|Type 2 diabetes mellitus;Hyperinsulinism due to glucokinase deficiency;Maturity-onset diabetes of the young type 2;Permanent neonatal diabetes mellitus 1,germline,germline,GRCh37,NC_000007.13,7,44189409,44189409,na,na,7p13,reviewed by expert panel,7,-,N,ClinGen:CA367401300,2,804852,44189409,A,G,-,-,-,-,-,-,SCV004242367,-,-
793234,single nucleotide variant,NM_000162.5(GCK):c.629T>C (p.Met210Thr),2645,GCK,HGNC:4195,Pathogenic,1,"Jan 18, 2024",80356654,-,RCV000992058|RCV003493767|RCV003117664|RCV005036263,"MedGen:C3661900|MONDO:MONDO:0015967,MedGen:C3888631,Orphanet:183625|MONDO:MONDO:0007453,MedGen:C0342277,OMIM:125851,Orphanet:552|Human Phenotype Ontology:HP:0005965,Human Phenotype Ontology:HP:0005978,Human Phenotype Ontology:HP:0100652,MONDO:MONDO:0005148,MeSH:D003924,MedGen:C0011860,OMIM:125853;MONDO:MONDO:0011236,MedGen:C1865290,OMIM:602485,Orphanet:79299;MONDO:MONDO:0007453,MedGen:C0342277,OMIM:125851,Orphanet:552;MONDO:MONDO:0100165,MedGen:C5393570,OMIM:606176",not provided|Monogenic diabetes|Maturity-onset diabetes of the young type 2|Type 2 diabetes mellitus;Hyperinsulinism due to glucokinase deficiency;Maturity-onset diabetes of the young type 2;Permanent neonatal diabetes mellitus 1,germline,germline,GRCh38,NC_000007.14,7,44149810,44149810,na,na,7p13,reviewed by expert panel,7,-,N,ClinGen:CA367401300,2,804852,44149810,A,G,-,-,-,-,-,-,SCV004242367,-,-
793235,single nucleotide variant,NM_000162.5(GCK):c.626C>T (p.Thr209Met),2645,GCK,HGNC:4195,Pathogenic,1,"Jun 27, 2025",1583599303,-,RCV000992057|RCV002265919|RCV002354899,"MedGen:C3661900|MONDO:MONDO:0015967,MedGen:C3888631,Orphanet:183625|Human Phenotype Ontology:HP:0004904,MONDO:MONDO:0018911,MedGen:C0342276,OMIM:PS125850,Orphanet:552",not provided|Monogenic diabetes|Maturity-onset diabetes of the young,germline;unknown,germline,GRCh37,NC_000007.13,7,44189412,44189412,na,na,7p13,reviewed by expert panel,6,-,N,ClinGen:CA367401309,2,804851,44189412,G,A,-,-,-,-,-,-,SCV006101112,-,-
793235,single nucleotide variant,NM_000162.5(GCK):c.626C>T (p.Thr209Met),2645,GCK,HGNC:4195,Pathogenic,1,"Jun 27, 2025",1583599303,-,RCV000992057|RCV002265919|RCV002354899,"MedGen:C3661900|MONDO:MONDO:0015967,MedGen:C3888631,Orphanet:183625|Human Phenotype Ontology:HP:0004904,MONDO:MONDO:0018911,MedGen:C0342276,OMIM:PS125850,Orphanet:552",not provided|Monogenic diabetes|Maturity-onset diabetes of the young,germline;unknown,germline,GRCh38,NC_000007.14,7,44149813,44149813,na,na,7p13,reviewed by expert panel,6,-,N,ClinGen:CA367401309,2,804851,44149813,G,A,-,-,-,-,-,-,SCV006101112,-,-
793236,single nucleotide variant,NM_000162.5(GCK):c.571C>G (p.Arg191Gly),2645,GCK,HGNC:4195,Uncertain significance,0,"May 28, 2019",1085307455,-,RCV000992056,MedGen:C3661900,not provided,germline,germline,GRCh37,NC_000007.13,7,44189576,44189576,na,na,7p13,"criteria provided, single submitter",1,-,N,ClinGen:CA367401531,2,804850,44189576,G,C,-,-,-,-,-,-,SCV001144024,-,-
793236,single nucleotide variant,NM_000162.5(GCK):c.571C>G (p.Arg191Gly),2645,GCK,HGNC:4195,Uncertain significance,0,"May 28, 2019",1085307455,-,RCV000992056,MedGen:C3661900,not provided,germline,germline,GRCh38,NC_000007.14,7,44149977,44149977,na,na,7p13,"criteria provided, single submitter",1,-,N,ClinGen:CA367401531,2,804850,44149977,G,C,-,-,-,-,-,-,SCV001144024,-,-
793237,single nucleotide variant,NM_000162.5(GCK):c.562G>A (p.Ala188Thr),2645,GCK,HGNC:4195,Pathogenic,1,"Jan 10, 2026",751279776,-,RCV000992055|RCV001248939|RCV004017770,"MedGen:C3661900|MONDO:MONDO:0007453,MedGen:C0342277,OMIM:125851,Orphanet:552|Human Phenotype Ontology:HP:0004904,MONDO:MONDO:0018911,MedGen:C0342276,OMIM:PS125850,Orphanet:552",not provided|Maturity-onset diabetes of the young type 2|Maturity-onset diabetes of the young,germline;unknown,germline,GRCh37,NC_000007.13,7,44189585,44189585,na,na,7p13,"criteria provided, multiple submitters, no conflicts",11,-,N,ClinGen:CA4239604,2,804849,44189585,C,T,-,-,-,-,-,-,SCV001144023|SCV001422718|SCV002067433|SCV002562179|SCV002573171|SCV003439965|SCV004848488|SCV005202001|SCV005417496|SCV006240545|SCV007333165,-,-
793237,single nucleotide variant,NM_000162.5(GCK):c.562G>A (p.Ala188Thr),2645,GCK,HGNC:4195,Pathogenic,1,"Jan 10, 2026",751279776,-,RCV000992055|RCV001248939|RCV004017770,"MedGen:C3661900|MONDO:MONDO:0007453,MedGen:C0342277,OMIM:125851,Orphanet:552|Human Phenotype Ontology:HP:0004904,MONDO:MONDO:0018911,MedGen:C0342276,OMIM:PS125850,Orphanet:552",not provided|Maturity-onset diabetes of the young type 2|Maturity-onset diabetes of the young,germline;unknown,germline,GRCh38,NC_000007.14,7,44149986,44149986,na,na,7p13,"criteria provided, multiple submitters, no conflicts",11,-,N,ClinGen:CA4239604,2,804849,44149986,C,T,-,-,-,-,-,-,SCV001144023|SCV001422718|SCV002067433|SCV002562179|SCV002573171|SCV003439965|SCV004848488|SCV005202001|SCV005417496|SCV006240545|SCV007333165,-,-
793238,single nucleotide variant,NM_000162.5(GCK):c.554T>G (p.Leu185Arg),2645,GCK,HGNC:4195,Conflicting classifications of pathogenicity,1,"Apr 03, 2024",1583599749,-,RCV000992054|RCV002346196,"MedGen:C3661900|Human Phenotype Ontology:HP:0004904,MONDO:MONDO:0018911,MedGen:C0342276,OMIM:PS125850,Orphanet:552",not provided|Maturity-onset diabetes of the young,germline;unknown,germline,GRCh37,NC_000007.13,7,44189593,44189593,na,na,7p13,"criteria provided, conflicting classifications",3,-,N,ClinGen:CA367401582,2,804848,44189593,A,C,-,-,-,-,-,-,SCV001144022|SCV002605217|SCV002654032,-,-
793238,single nucleotide variant,NM_000162.5(GCK):c.554T>G (p.Leu185Arg),2645,GCK,HGNC:4195,Conflicting classifications of pathogenicity,1,"Apr 03, 2024",1583599749,-,RCV000992054|RCV002346196,"MedGen:C3661900|Human Phenotype Ontology:HP:0004904,MONDO:MONDO:0018911,MedGen:C0342276,OMIM:PS125850,Orphanet:552",not provided|Maturity-onset diabetes of the young,germline;unknown,germline,GRCh38,NC_000007.14,7,44149994,44149994,na,na,7p13,"criteria provided, conflicting classifications",3,-,N,ClinGen:CA367401582,2,804848,44149994,A,C,-,-,-,-,-,-,SCV001144022|SCV002605217|SCV002654032,-,-
793239,single nucleotide variant,NM_000162.5(GCK):c.387C>A (p.Cys129Ter),2645,GCK,HGNC:4195,Pathogenic,1,"Feb 11, 2019",1583601365,-,RCV000992050|RCV002464034,"MedGen:C3661900|Human Phenotype Ontology:HP:0004904,MONDO:MONDO:0018911,MedGen:C0342276,OMIM:PS125850,Orphanet:552",not provided|Maturity-onset diabetes of the young,germline;unknown,germline,GRCh37,NC_000007.13,7,44190651,44190651,na,na,7p13,"criteria provided, multiple submitters, no conflicts",2,-,N,ClinGen:CA367402154,2,804846,44190651,G,T,-,-,-,-,-,-,SCV001144016|SCV002605271,-,-
793239,single nucleotide variant,NM_000162.5(GCK):c.387C>A (p.Cys129Ter),2645,GCK,HGNC:4195,Pathogenic,1,"Feb 11, 2019",1583601365,-,RCV000992050|RCV002464034,"MedGen:C3661900|Human Phenotype Ontology:HP:0004904,MONDO:MONDO:0018911,MedGen:C0342276,OMIM:PS125850,Orphanet:552",not provided|Maturity-onset diabetes of the young,germline;unknown,germline,GRCh38,NC_000007.14,7,44151052,44151052,na,na,7p13,"criteria provided, multiple submitters, no conflicts",2,-,N,ClinGen:CA367402154,2,804846,44151052,G,T,-,-,-,-,-,-,SCV001144016|SCV002605271,-,-
793240,single nucleotide variant,NM_000162.5(GCK):c.301G>A (p.Val101Met),2645,GCK,HGNC:4195,Uncertain significance,0,"Mar 08, 2024",762922697,-,RCV000992049|RCV001249063|RCV002489469,"MedGen:C3661900|MONDO:MONDO:0007453,MedGen:C0342277,OMIM:125851,Orphanet:552|Human Phenotype Ontology:HP:0005965,Human Phenotype Ontology:HP:0005978,Human Phenotype Ontology:HP:0100652,MONDO:MONDO:0005148,MeSH:D003924,MedGen:C0011860,OMIM:125853;MONDO:MONDO:0011236,MedGen:C1865290,OMIM:602485,Orphanet:79299;MONDO:MONDO:0007453,MedGen:C0342277,OMIM:125851,Orphanet:552;MONDO:MONDO:0100165,MedGen:C5393570,OMIM:606176",not provided|Maturity-onset diabetes of the young type 2|Type 2 diabetes mellitus;Hyperinsulinism due to glucokinase deficiency;Maturity-onset diabetes of the young type 2;Permanent neonatal diabetes mellitus 1,germline;unknown,germline,GRCh37,NC_000007.13,7,44191932,44191932,na,na,7p13,"criteria provided, multiple submitters, no conflicts",4,-,N,ClinGen:CA4239679,2,804845,44191932,C,T,-,-,-,-,-,-,SCV001144014|SCV001423010|SCV002249230|SCV002783428,-,-
793240,single nucleotide variant,NM_000162.5(GCK):c.301G>A (p.Val101Met),2645,GCK,HGNC:4195,Uncertain significance,0,"Mar 08, 2024",762922697,-,RCV000992049|RCV001249063|RCV002489469,"MedGen:C3661900|MONDO:MONDO:0007453,MedGen:C0342277,OMIM:125851,Orphanet:552|Human Phenotype Ontology:HP:0005965,Human Phenotype Ontology:HP:0005978,Human Phenotype Ontology:HP:0100652,MONDO:MONDO:0005148,MeSH:D003924,MedGen:C0011860,OMIM:125853;MONDO:MONDO:0011236,MedGen:C1865290,OMIM:602485,Orphanet:79299;MONDO:MONDO:0007453,MedGen:C0342277,OMIM:125851,Orphanet:552;MONDO:MONDO:0100165,MedGen:C5393570,OMIM:606176",not provided|Maturity-onset diabetes of the young type 2|Type 2 diabetes mellitus;Hyperinsulinism due to glucokinase deficiency;Maturity-onset diabetes of the young type 2;Permanent neonatal diabetes mellitus 1,germline;unknown,germline,GRCh38,NC_000007.14,7,44152333,44152333,na,na,7p13,"criteria provided, multiple submitters, no conflicts",4,-,N,ClinGen:CA4239679,2,804845,44152333,C,T,-,-,-,-,-,-,SCV001144014|SCV001423010|SCV002249230|SCV002783428,-,-
793241,single nucleotide variant,NM_000162.5(GCK):c.121A>G (p.Met41Val),2645,GCK,HGNC:4195,Conflicting classifications of pathogenicity,1,"Aug 05, 2019",1583604693,-,RCV000992040|RCV002464351,"MedGen:C3661900|Human Phenotype Ontology:HP:0004904,MONDO:MONDO:0018911,MedGen:C0342276,OMIM:PS125850,Orphanet:552",not provided|Maturity-onset diabetes of the young,germline;unknown,germline,GRCh37,NC_000007.13,7,44192987,44192987,na,na,7p13,"criteria provided, conflicting classifications",2,-,N,ClinGen:CA367403472,2,804838,44192987,T,C,-,-,-,-,-,-,SCV001144004|SCV002605419,-,-
793241,single nucleotide variant,NM_000162.5(GCK):c.121A>G (p.Met41Val),2645,GCK,HGNC:4195,Conflicting classifications of pathogenicity,1,"Aug 05, 2019",1583604693,-,RCV000992040|RCV002464351,"MedGen:C3661900|Human Phenotype Ontology:HP:0004904,MONDO:MONDO:0018911,MedGen:C0342276,OMIM:PS125850,Orphanet:552",not provided|Maturity-onset diabetes of the young,germline;unknown,germline,GRCh38,NC_000007.14,7,44153388,44153388,na,na,7p13,"criteria provided, conflicting classifications",2,-,N,ClinGen:CA367403472,2,804838,44153388,T,C,-,-,-,-,-,-,SCV001144004|SCV002605419,-,-
793242,single nucleotide variant,NM_000162.5(GCK):c.70C>T (p.Gln24Ter),2645,GCK,HGNC:4195,Pathogenic,1,"Aug 15, 2021",1281712444,-,RCV000992060|RCV002363516,"MedGen:C3661900|Human Phenotype Ontology:HP:0004904,MONDO:MONDO:0018911,MedGen:C0342276,OMIM:PS125850,Orphanet:552",not provided|Maturity-onset diabetes of the young,germline;unknown,germline,GRCh37,NC_000007.13,7,44193038,44193038,na,na,7p13,"criteria provided, multiple submitters, no conflicts",4,-,N,ClinGen:CA367403752,2,804854,44193038,G,A,-,-,-,-,-,-,SCV001144030|SCV002243828|SCV002605429|SCV002663115,-,-
793242,single nucleotide variant,NM_000162.5(GCK):c.70C>T (p.Gln24Ter),2645,GCK,HGNC:4195,Pathogenic,1,"Aug 15, 2021",1281712444,-,RCV000992060|RCV002363516,"MedGen:C3661900|Human Phenotype Ontology:HP:0004904,MONDO:MONDO:0018911,MedGen:C0342276,OMIM:PS125850,Orphanet:552",not provided|Maturity-onset diabetes of the young,germline;unknown,germline,GRCh38,NC_000007.14,7,44153439,44153439,na,na,7p13,"criteria provided, multiple submitters, no conflicts",4,-,N,ClinGen:CA367403752,2,804854,44153439,G,A,-,-,-,-,-,-,SCV001144030|SCV002243828|SCV002605429|SCV002663115,-,-
793379,single nucleotide variant,NM_000525.4(KCNJ11):c.874G>A (p.Glu292Lys),3767,KCNJ11,HGNC:6257,Conflicting classifications of pathogenicity,1,"Nov 29, 2022",1174593640,-,RCV000992254|RCV001827134|RCV002227238,"MedGen:C3661900|MONDO:MONDO:0100164,MedGen:C1833104,OMIM:PS606176,Orphanet:99885|Human Phenotype Ontology:HP:0004904,MONDO:MONDO:0018911,MedGen:C0342276,OMIM:PS125850,Orphanet:552",not provided|Permanent neonatal diabetes mellitus|Maturity-onset diabetes of the young,germline;somatic,germline/somatic,GRCh37,NC_000011.9,11,17408765,17408765,na,na,11p15.1,"criteria provided, conflicting classifications",4,-,N,ClinGen:CA379770173,2,804977,17408765,C,T,-,-,-,-,-,-,SCV001144384|SCV002505955|SCV004295357,-,-
793379,single nucleotide variant,NM_000525.4(KCNJ11):c.874G>A (p.Glu292Lys),3767,KCNJ11,HGNC:6257,Conflicting classifications of pathogenicity,1,"Nov 29, 2022",1174593640,-,RCV000992254|RCV001827134|RCV002227238,"MedGen:C3661900|MONDO:MONDO:0100164,MedGen:C1833104,OMIM:PS606176,Orphanet:99885|Human Phenotype Ontology:HP:0004904,MONDO:MONDO:0018911,MedGen:C0342276,OMIM:PS125850,Orphanet:552",not provided|Permanent neonatal diabetes mellitus|Maturity-onset diabetes of the young,germline;somatic,germline/somatic,GRCh38,NC_000011.10,11,17387218,17387218,na,na,11p15.1,"criteria provided, conflicting classifications",4,-,N,ClinGen:CA379770173,2,804977,17387218,C,T,-,-,-,-,-,-,SCV001144384|SCV002505955|SCV004295357,-,-
793380,single nucleotide variant,NM_000525.4(KCNJ11):c.406C>A (p.Arg136Ser),3767,KCNJ11,HGNC:6257,Conflicting classifications of pathogenicity,1,"May 23, 2024",766891274,-,RCV000992252|RCV002227237|RCV005047171,"MedGen:C3661900|Human Phenotype Ontology:HP:0005965,Human Phenotype Ontology:HP:0005978,Human Phenotype Ontology:HP:0100652,MONDO:MONDO:0005148,MeSH:D003924,MedGen:C0011860,OMIM:125853|MONDO:MONDO:0012522,MedGen:C1864623,OMIM:610582,Orphanet:99886;MONDO:MONDO:0011153,MedGen:C2931833,OMIM:601820,Orphanet:276580,Orphanet:276603;Human Phenotype Ontology:HP:0005965,Human Phenotype Ontology:HP:0005978,Human Phenotype Ontology:HP:0100652,MONDO:MONDO:0005148,MeSH:D003924,MedGen:C0011860,OMIM:125853;MONDO:MONDO:0030087,MedGen:C5394296,OMIM:618856;MONDO:MONDO:0014589,MedGen:C4225365,OMIM:616329,Orphanet:552","not provided|Type 2 diabetes mellitus|Diabetes mellitus, transient neonatal, 3;Hyperinsulinemic hypoglycemia, familial, 2;Type 2 diabetes mellitus;Diabetes mellitus, permanent neonatal 2;Maturity-onset diabetes of the young type 13",germline;somatic,germline/somatic,GRCh37,NC_000011.9,11,17409233,17409233,na,na,11p15.1,"criteria provided, conflicting classifications",3,-,N,ClinGen:CA379773977,2,804976,17409233,G,T,-,-,-,-,-,-,SCV001144381|SCV002506501|SCV005676624,-,-
793380,single nucleotide variant,NM_000525.4(KCNJ11):c.406C>A (p.Arg136Ser),3767,KCNJ11,HGNC:6257,Conflicting classifications of pathogenicity,1,"May 23, 2024",766891274,-,RCV000992252|RCV002227237|RCV005047171,"MedGen:C3661900|Human Phenotype Ontology:HP:0005965,Human Phenotype Ontology:HP:0005978,Human Phenotype Ontology:HP:0100652,MONDO:MONDO:0005148,MeSH:D003924,MedGen:C0011860,OMIM:125853|MONDO:MONDO:0012522,MedGen:C1864623,OMIM:610582,Orphanet:99886;MONDO:MONDO:0011153,MedGen:C2931833,OMIM:601820,Orphanet:276580,Orphanet:276603;Human Phenotype Ontology:HP:0005965,Human Phenotype Ontology:HP:0005978,Human Phenotype Ontology:HP:0100652,MONDO:MONDO:0005148,MeSH:D003924,MedGen:C0011860,OMIM:125853;MONDO:MONDO:0030087,MedGen:C5394296,OMIM:618856;MONDO:MONDO:0014589,MedGen:C4225365,OMIM:616329,Orphanet:552","not provided|Type 2 diabetes mellitus|Diabetes mellitus, transient neonatal, 3;Hyperinsulinemic hypoglycemia, familial, 2;Type 2 diabetes mellitus;Diabetes mellitus, permanent neonatal 2;Maturity-onset diabetes of the young type 13",germline;somatic,germline/somatic,GRCh38,NC_000011.10,11,17387686,17387686,na,na,11p15.1,"criteria provided, conflicting classifications",3,-,N,ClinGen:CA379773977,2,804976,17387686,G,T,-,-,-,-,-,-,SCV001144381|SCV002506501|SCV005676624,-,-
793381,single nucleotide variant,NM_000352.6(ABCC8):c.4733G>A (p.Arg1578His),6833,ABCC8,HGNC:59,Conflicting classifications of pathogenicity,0,"Nov 19, 2024",143557848,-,RCV000991473|RCV002245824|RCV002245823|RCV001819698|RCV001832302|RCV005047167,"MedGen:C3661900|Human Phenotype Ontology:HP:0008255,MONDO:MONDO:0020525,MedGen:C0342273|Human Phenotype Ontology:HP:0004904,MONDO:MONDO:0018911,MedGen:C0342276,OMIM:PS125850,Orphanet:552|MedGen:CN169374||MONDO:MONDO:0012480,MedGen:C1835887,OMIM:610374,Orphanet:99886;MONDO:MONDO:0009734,MedGen:C2931832,OMIM:256450,Orphanet:276575,Orphanet:276598;Human Phenotype Ontology:HP:0005965,Human Phenotype Ontology:HP:0005978,Human Phenotype Ontology:HP:0100652,MONDO:MONDO:0005148,MeSH:D003924,MedGen:C0011860,OMIM:125853;MONDO:MONDO:0009415,MedGen:C0271714,OMIM:240800;MONDO:MONDO:0030088,MedGen:C5394303,OMIM:618857","not provided|Transitory neonatal diabetes mellitus|Maturity-onset diabetes of the young|not specified|Hereditary hyperinsulinism|Diabetes mellitus, transient neonatal, 2;Hyperinsulinemic hypoglycemia, familial, 1;Type 2 diabetes mellitus;Leucine-induced hypoglycemia;Diabetes mellitus, permanent neonatal 3",germline;somatic,germline/somatic,GRCh37,NC_000011.9,11,17414551,17414551,na,na,11p15.1,"criteria provided, conflicting classifications",7,-,N,ClinGen:CA5902374,2,804493,17414551,C,T,-,-,-,-,-,-,SCV001142891|SCV002003927|SCV002069473|SCV002512148|SCV002512151|SCV005676642|SCV005717826,-,-
793381,single nucleotide variant,NM_000352.6(ABCC8):c.4733G>A (p.Arg1578His),6833,ABCC8,HGNC:59,Conflicting classifications of pathogenicity,0,"Nov 19, 2024",143557848,-,RCV000991473|RCV002245824|RCV002245823|RCV001819698|RCV001832302|RCV005047167,"MedGen:C3661900|Human Phenotype Ontology:HP:0008255,MONDO:MONDO:0020525,MedGen:C0342273|Human Phenotype Ontology:HP:0004904,MONDO:MONDO:0018911,MedGen:C0342276,OMIM:PS125850,Orphanet:552|MedGen:CN169374||MONDO:MONDO:0012480,MedGen:C1835887,OMIM:610374,Orphanet:99886;MONDO:MONDO:0009734,MedGen:C2931832,OMIM:256450,Orphanet:276575,Orphanet:276598;Human Phenotype Ontology:HP:0005965,Human Phenotype Ontology:HP:0005978,Human Phenotype Ontology:HP:0100652,MONDO:MONDO:0005148,MeSH:D003924,MedGen:C0011860,OMIM:125853;MONDO:MONDO:0009415,MedGen:C0271714,OMIM:240800;MONDO:MONDO:0030088,MedGen:C5394303,OMIM:618857","not provided|Transitory neonatal diabetes mellitus|Maturity-onset diabetes of the young|not specified|Hereditary hyperinsulinism|Diabetes mellitus, transient neonatal, 2;Hyperinsulinemic hypoglycemia, familial, 1;Type 2 diabetes mellitus;Leucine-induced hypoglycemia;Diabetes mellitus, permanent neonatal 3",germline;somatic,germline/somatic,GRCh38,NC_000011.10,11,17393004,17393004,na,na,11p15.1,"criteria provided, conflicting classifications",7,-,N,ClinGen:CA5902374,2,804493,17393004,C,T,-,-,-,-,-,-,SCV001142891|SCV002003927|SCV002069473|SCV002512148|SCV002512151|SCV005676642|SCV005717826,-,-
793382,single nucleotide variant,NM_000352.6(ABCC8):c.3784G>A (p.Ala1262Thr),6833,ABCC8,HGNC:59,Conflicting classifications of pathogenicity,1,"Jan 20, 2026",1266053680,-,RCV000991472|RCV003329118|RCV004577347,"MedGen:C3661900|Human Phenotype Ontology:HP:0004904,MONDO:MONDO:0018911,MedGen:C0342276,OMIM:PS125850,Orphanet:552|MONDO:MONDO:0009734,MedGen:C2931832,OMIM:256450,Orphanet:276575,Orphanet:276598","not provided|Maturity-onset diabetes of the young|Hyperinsulinemic hypoglycemia, familial, 1",germline;maternal;unknown,germline,GRCh37,NC_000011.9,11,17419314,17419314,na,na,11p15.1,"criteria provided, conflicting classifications",4,-,N,ClinGen:CA379793539,2,804492,17419314,C,T,-,-,-,-,-,-,SCV001142889|SCV001400597|SCV004031467|SCV005042595,-,-
793382,single nucleotide variant,NM_000352.6(ABCC8):c.3784G>A (p.Ala1262Thr),6833,ABCC8,HGNC:59,Conflicting classifications of pathogenicity,1,"Jan 20, 2026",1266053680,-,RCV000991472|RCV003329118|RCV004577347,"MedGen:C3661900|Human Phenotype Ontology:HP:0004904,MONDO:MONDO:0018911,MedGen:C0342276,OMIM:PS125850,Orphanet:552|MONDO:MONDO:0009734,MedGen:C2931832,OMIM:256450,Orphanet:276575,Orphanet:276598","not provided|Maturity-onset diabetes of the young|Hyperinsulinemic hypoglycemia, familial, 1",germline;maternal;unknown,germline,GRCh38,NC_000011.10,11,17397767,17397767,na,na,11p15.1,"criteria provided, conflicting classifications",4,-,N,ClinGen:CA379793539,2,804492,17397767,C,T,-,-,-,-,-,-,SCV001142889|SCV001400597|SCV004031467|SCV005042595,-,-
793383,single nucleotide variant,NM_000352.6(ABCC8):c.3413C>T (p.Thr1138Met),6833,ABCC8,HGNC:59,Uncertain significance,0,"Sep 01, 2024",201351976,-,RCV000991471|RCV001277190|RCV001819697|RCV002488083,"MedGen:C3661900||MedGen:CN169374|MONDO:MONDO:0012480,MedGen:C1835887,OMIM:610374,Orphanet:99886;MONDO:MONDO:0009734,MedGen:C2931832,OMIM:256450,Orphanet:276575,Orphanet:276598;Human Phenotype Ontology:HP:0005965,Human Phenotype Ontology:HP:0005978,Human Phenotype Ontology:HP:0100652,MONDO:MONDO:0005148,MeSH:D003924,MedGen:C0011860,OMIM:125853;MONDO:MONDO:0009415,MedGen:C0271714,OMIM:240800;MONDO:MONDO:0030088,MedGen:C5394303,OMIM:618857","not provided|Hereditary hyperinsulinism|not specified|Diabetes mellitus, transient neonatal, 2;Hyperinsulinemic hypoglycemia, familial, 1;Type 2 diabetes mellitus;Leucine-induced hypoglycemia;Diabetes mellitus, permanent neonatal 3",germline;unknown,germline,GRCh37,NC_000011.9,11,17426203,17426203,na,na,11p15.1,"criteria provided, multiple submitters, no conflicts",7,-,N,ClinGen:CA5902811,2,804491,17426203,G,A,-,-,-,-,-,-,SCV001142887|SCV001986305|SCV002070464|SCV002555820|SCV002784172|SCV005835805,-,-
793383,single nucleotide variant,NM_000352.6(ABCC8):c.3413C>T (p.Thr1138Met),6833,ABCC8,HGNC:59,Uncertain significance,0,"Sep 01, 2024",201351976,-,RCV000991471|RCV001277190|RCV001819697|RCV002488083,"MedGen:C3661900||MedGen:CN169374|MONDO:MONDO:0012480,MedGen:C1835887,OMIM:610374,Orphanet:99886;MONDO:MONDO:0009734,MedGen:C2931832,OMIM:256450,Orphanet:276575,Orphanet:276598;Human Phenotype Ontology:HP:0005965,Human Phenotype Ontology:HP:0005978,Human Phenotype Ontology:HP:0100652,MONDO:MONDO:0005148,MeSH:D003924,MedGen:C0011860,OMIM:125853;MONDO:MONDO:0009415,MedGen:C0271714,OMIM:240800;MONDO:MONDO:0030088,MedGen:C5394303,OMIM:618857","not provided|Hereditary hyperinsulinism|not specified|Diabetes mellitus, transient neonatal, 2;Hyperinsulinemic hypoglycemia, familial, 1;Type 2 diabetes mellitus;Leucine-induced hypoglycemia;Diabetes mellitus, permanent neonatal 3",germline;unknown,germline,GRCh38,NC_000011.10,11,17404656,17404656,na,na,11p15.1,"criteria provided, multiple submitters, no conflicts",7,-,N,ClinGen:CA5902811,2,804491,17404656,G,A,-,-,-,-,-,-,SCV001142887|SCV001986305|SCV002070464|SCV002555820|SCV002784172|SCV005835805,-,-
793384,single nucleotide variant,NM_000352.6(ABCC8):c.2146G>A (p.Gly716Ser),6833,ABCC8,HGNC:59,Conflicting classifications of pathogenicity,1,"Jan 24, 2026",1591794677,-,RCV000991470|RCV002267064|RCV002267063,"MedGen:C3661900|Human Phenotype Ontology:HP:0008255,MONDO:MONDO:0020525,MedGen:C0342273|Human Phenotype Ontology:HP:0004904,MONDO:MONDO:0018911,MedGen:C0342276,OMIM:PS125850,Orphanet:552",not provided|Transitory neonatal diabetes mellitus|Maturity-onset diabetes of the young,germline;unknown,germline,GRCh37,NC_000011.9,11,17448672,17448672,na,na,11p15.1,"criteria provided, conflicting classifications",3,-,N,ClinGen:CA379813710,2,804490,17448672,C,T,-,-,-,-,-,-,SCV001142885|SCV002522258|SCV002522259|SCV007374395,-,-
793384,single nucleotide variant,NM_000352.6(ABCC8):c.2146G>A (p.Gly716Ser),6833,ABCC8,HGNC:59,Conflicting classifications of pathogenicity,1,"Jan 24, 2026",1591794677,-,RCV000991470|RCV002267064|RCV002267063,"MedGen:C3661900|Human Phenotype Ontology:HP:0008255,MONDO:MONDO:0020525,MedGen:C0342273|Human Phenotype Ontology:HP:0004904,MONDO:MONDO:0018911,MedGen:C0342276,OMIM:PS125850,Orphanet:552",not provided|Transitory neonatal diabetes mellitus|Maturity-onset diabetes of the young,germline;unknown,germline,GRCh38,NC_000011.10,11,17427125,17427125,na,na,11p15.1,"criteria provided, conflicting classifications",3,-,N,ClinGen:CA379813710,2,804490,17427125,C,T,-,-,-,-,-,-,SCV001142885|SCV002522258|SCV002522259|SCV007374395,-,-
793385,single nucleotide variant,NM_000352.6(ABCC8):c.1421A>G (p.Gln474Arg),6833,ABCC8,HGNC:59,Conflicting classifications of pathogenicity,1,"Mar 26, 2024",1591834223,-,RCV000991469|RCV002252290|RCV002253762|RCV004528325,"MedGen:C3661900|Human Phenotype Ontology:HP:0008255,MONDO:MONDO:0020525,MedGen:C0342273|Human Phenotype Ontology:HP:0004904,MONDO:MONDO:0018911,MedGen:C0342276,OMIM:PS125850,Orphanet:552|",not provided|Transitory neonatal diabetes mellitus|Maturity-onset diabetes of the young|ABCC8-related disorder,germline;unknown,germline,GRCh37,NC_000011.9,11,17464771,17464771,na,na,11p15.1,"criteria provided, conflicting classifications",4,-,N,ClinGen:CA379767055,2,804489,17464771,T,C,-,-,-,-,-,-,SCV001142883|SCV002522417|SCV002522418|SCV004111585|SCV005835806,-,-
793385,single nucleotide variant,NM_000352.6(ABCC8):c.1421A>G (p.Gln474Arg),6833,ABCC8,HGNC:59,Conflicting classifications of pathogenicity,1,"Mar 26, 2024",1591834223,-,RCV000991469|RCV002252290|RCV002253762|RCV004528325,"MedGen:C3661900|Human Phenotype Ontology:HP:0008255,MONDO:MONDO:0020525,MedGen:C0342273|Human Phenotype Ontology:HP:0004904,MONDO:MONDO:0018911,MedGen:C0342276,OMIM:PS125850,Orphanet:552|",not provided|Transitory neonatal diabetes mellitus|Maturity-onset diabetes of the young|ABCC8-related disorder,germline;unknown,germline,GRCh38,NC_000011.10,11,17443224,17443224,na,na,11p15.1,"criteria provided, conflicting classifications",4,-,N,ClinGen:CA379767055,2,804489,17443224,T,C,-,-,-,-,-,-,SCV001142883|SCV002522417|SCV002522418|SCV004111585|SCV005835806,-,-
793386,single nucleotide variant,NM_000352.6(ABCC8):c.1106A>G (p.Gln369Arg),6833,ABCC8,HGNC:59,Uncertain significance,0,"Jun 04, 2019",756808492,-,RCV000991468|RCV002260128|RCV002260127,"MedGen:C3661900|Human Phenotype Ontology:HP:0008255,MONDO:MONDO:0020525,MedGen:C0342273|Human Phenotype Ontology:HP:0004904,MONDO:MONDO:0018911,MedGen:C0342276,OMIM:PS125850,Orphanet:552",not provided|Transitory neonatal diabetes mellitus|Maturity-onset diabetes of the young,germline;unknown,germline,GRCh37,NC_000011.9,11,17474736,17474736,na,na,11p15.1,"criteria provided, multiple submitters, no conflicts",2,-,N,ClinGen:CA5903671,2,804488,17474736,T,C,-,-,-,-,-,-,SCV001142882|SCV002522587|SCV002522588,-,-
793386,single nucleotide variant,NM_000352.6(ABCC8):c.1106A>G (p.Gln369Arg),6833,ABCC8,HGNC:59,Uncertain significance,0,"Jun 04, 2019",756808492,-,RCV000991468|RCV002260128|RCV002260127,"MedGen:C3661900|Human Phenotype Ontology:HP:0008255,MONDO:MONDO:0020525,MedGen:C0342273|Human Phenotype Ontology:HP:0004904,MONDO:MONDO:0018911,MedGen:C0342276,OMIM:PS125850,Orphanet:552",not provided|Transitory neonatal diabetes mellitus|Maturity-onset diabetes of the young,germline;unknown,germline,GRCh38,NC_000011.10,11,17453189,17453189,na,na,11p15.1,"criteria provided, multiple submitters, no conflicts",2,-,N,ClinGen:CA5903671,2,804488,17453189,T,C,-,-,-,-,-,-,SCV001142882|SCV002522587|SCV002522588,-,-
794027,single nucleotide variant,NM_000162.5(GCK):c.1253+3G>T,2645,GCK,HGNC:4195,Uncertain significance/Uncertain risk allele,0,"Apr 10, 2024",911506580,-,RCV000992043|RCV002463763|RCV005047170,"MedGen:C3661900|Human Phenotype Ontology:HP:0004904,MONDO:MONDO:0018911,MedGen:C0342276,OMIM:PS125850,Orphanet:552|Human Phenotype Ontology:HP:0005965,Human Phenotype Ontology:HP:0005978,Human Phenotype Ontology:HP:0100652,MONDO:MONDO:0005148,MeSH:D003924,MedGen:C0011860,OMIM:125853;MONDO:MONDO:0011236,MedGen:C1865290,OMIM:602485,Orphanet:79299;MONDO:MONDO:0007453,MedGen:C0342277,OMIM:125851,Orphanet:552;MONDO:MONDO:0100165,MedGen:C5393570,OMIM:606176",not provided|Maturity-onset diabetes of the young|Type 2 diabetes mellitus;Hyperinsulinism due to glucokinase deficiency;Maturity-onset diabetes of the young type 2;Permanent neonatal diabetes mellitus 1,germline;unknown,germline,GRCh37,NC_000007.13,7,44185093,44185093,na,na,7p13,"criteria provided, multiple submitters, no conflicts",3,-,N,ClinGen:CA157913329,2,804840,44185093,C,A,-,-,-,-,-,-,SCV001144007|SCV002605030|SCV005668329,-,-
794027,single nucleotide variant,NM_000162.5(GCK):c.1253+3G>T,2645,GCK,HGNC:4195,Uncertain significance/Uncertain risk allele,0,"Apr 10, 2024",911506580,-,RCV000992043|RCV002463763|RCV005047170,"MedGen:C3661900|Human Phenotype Ontology:HP:0004904,MONDO:MONDO:0018911,MedGen:C0342276,OMIM:PS125850,Orphanet:552|Human Phenotype Ontology:HP:0005965,Human Phenotype Ontology:HP:0005978,Human Phenotype Ontology:HP:0100652,MONDO:MONDO:0005148,MeSH:D003924,MedGen:C0011860,OMIM:125853;MONDO:MONDO:0011236,MedGen:C1865290,OMIM:602485,Orphanet:79299;MONDO:MONDO:0007453,MedGen:C0342277,OMIM:125851,Orphanet:552;MONDO:MONDO:0100165,MedGen:C5393570,OMIM:606176",not provided|Maturity-onset diabetes of the young|Type 2 diabetes mellitus;Hyperinsulinism due to glucokinase deficiency;Maturity-onset diabetes of the young type 2;Permanent neonatal diabetes mellitus 1,germline;unknown,germline,GRCh38,NC_000007.14,7,44145494,44145494,na,na,7p13,"criteria provided, multiple submitters, no conflicts",3,-,N,ClinGen:CA157913329,2,804840,44145494,C,A,-,-,-,-,-,-,SCV001144007|SCV002605030|SCV005668329,-,-
794028,single nucleotide variant,NM_000162.5(GCK):c.864-1G>A,2645,GCK,HGNC:4195,Pathogenic,1,"Nov 24, 2025",1167675604,-,RCV000992068|RCV004702561|RCV006256218,"MedGen:C3661900|MONDO:MONDO:0007453,MedGen:C0342277,OMIM:125851,Orphanet:552|MONDO:MONDO:0015967,MedGen:C3888631,Orphanet:183625",not provided|Maturity-onset diabetes of the young type 2|Monogenic diabetes,germline;unknown,germline,GRCh37,NC_000007.13,7,44186218,44186218,na,na,7p13,reviewed by expert panel,5,-,N,ClinGen:CA367400278,2,804861,44186218,C,T,-,-,-,-,-,-,SCV007107109,-,-
794028,single nucleotide variant,NM_000162.5(GCK):c.864-1G>A,2645,GCK,HGNC:4195,Pathogenic,1,"Nov 24, 2025",1167675604,-,RCV000992068|RCV004702561|RCV006256218,"MedGen:C3661900|MONDO:MONDO:0007453,MedGen:C0342277,OMIM:125851,Orphanet:552|MONDO:MONDO:0015967,MedGen:C3888631,Orphanet:183625",not provided|Maturity-onset diabetes of the young type 2|Monogenic diabetes,germline;unknown,germline,GRCh38,NC_000007.14,7,44146619,44146619,na,na,7p13,reviewed by expert panel,5,-,N,ClinGen:CA367400278,2,804861,44146619,C,T,-,-,-,-,-,-,SCV007107109,-,-
794029,Deletion,NM_000162.5(GCK):c.483+2_483+16del,2645,GCK,HGNC:4195,Pathogenic/Likely pathogenic,1,"Sep 28, 2024",1583601110,-,RCV000992052|RCV002286425|RCV003106086,"MedGen:C3661900|MONDO:MONDO:0007453,MedGen:C0342277,OMIM:125851,Orphanet:552|Human Phenotype Ontology:HP:0004904,MONDO:MONDO:0018911,MedGen:C0342276,OMIM:PS125850,Orphanet:552",not provided|Maturity-onset diabetes of the young type 2|Maturity-onset diabetes of the young,germline;unknown,germline,GRCh37,NC_000007.13,7,44190539,44190553,na,na,7p13,"criteria provided, multiple submitters, no conflicts",5,-,N,"ClinGen:CA915944920,OMIM:138079.0006",3,804847,44190538,CCCTCCACCCGGCCCA,C,-,-,-,-,-,-,SCV001144018|SCV002758760|SCV005202003|SCV005835122,-,-
794029,Deletion,NM_000162.5(GCK):c.483+2_483+16del,2645,GCK,HGNC:4195,Pathogenic/Likely pathogenic,1,"Sep 28, 2024",1583601110,-,RCV000992052|RCV002286425|RCV003106086,"MedGen:C3661900|MONDO:MONDO:0007453,MedGen:C0342277,OMIM:125851,Orphanet:552|Human Phenotype Ontology:HP:0004904,MONDO:MONDO:0018911,MedGen:C0342276,OMIM:PS125850,Orphanet:552",not provided|Maturity-onset diabetes of the young type 2|Maturity-onset diabetes of the young,germline;unknown,germline,GRCh38,NC_000007.14,7,44150940,44150954,na,na,7p13,"criteria provided, multiple submitters, no conflicts",5,-,N,"ClinGen:CA915944920,OMIM:138079.0006",3,804847,44150939,CCCTCCACCCGGCCCA,C,-,-,-,-,-,-,SCV001144018|SCV002758760|SCV005202003|SCV005835122,-,-
796041,single nucleotide variant,NM_000162.5(GCK):c.755G>T (p.Cys252Phe),2645,GCK,HGNC:4195,Conflicting classifications of pathogenicity,1,"Apr 01, 2022",1372204515,-,RCV000998793,MedGen:C3661900,not provided,germline,germline,GRCh37,NC_000007.13,7,44187357,44187357,na,na,7p13,"criteria provided, conflicting classifications",2,-,N,ClinGen:CA367400622,2,810090,44187357,C,A,-,-,-,-,-,-,SCV001155072|SCV002164000,-,-
796041,single nucleotide variant,NM_000162.5(GCK):c.755G>T (p.Cys252Phe),2645,GCK,HGNC:4195,Conflicting classifications of pathogenicity,1,"Apr 01, 2022",1372204515,-,RCV000998793,MedGen:C3661900,not provided,germline,germline,GRCh38,NC_000007.14,7,44147758,44147758,na,na,7p13,"criteria provided, conflicting classifications",2,-,N,ClinGen:CA367400622,2,810090,44147758,C,A,-,-,-,-,-,-,SCV001155072|SCV002164000,-,-
796541,single nucleotide variant,NM_000352.6(ABCC8):c.765C>T (p.Ile255=),6833,ABCC8,HGNC:59,Likely benign,0,"Feb 25, 2024",753335564,-,RCV000994577|RCV002489487,"MedGen:C3661900|MONDO:MONDO:0012480,MedGen:C1835887,OMIM:610374,Orphanet:99886;MONDO:MONDO:0009734,MedGen:C2931832,OMIM:256450,Orphanet:276575,Orphanet:276598;Human Phenotype Ontology:HP:0005965,Human Phenotype Ontology:HP:0005978,Human Phenotype Ontology:HP:0100652,MONDO:MONDO:0005148,MeSH:D003924,MedGen:C0011860,OMIM:125853;MONDO:MONDO:0009415,MedGen:C0271714,OMIM:240800;MONDO:MONDO:0030088,MedGen:C5394303,OMIM:618857","not provided|Diabetes mellitus, transient neonatal, 2;Hyperinsulinemic hypoglycemia, familial, 1;Type 2 diabetes mellitus;Leucine-induced hypoglycemia;Diabetes mellitus, permanent neonatal 3",germline;unknown,germline,GRCh37,NC_000011.9,11,17483187,17483187,na,na,11p15.1,"criteria provided, multiple submitters, no conflicts",3,-,N,ClinGen:CA5903779,2,806626,17483187,G,A,-,-,-,-,-,-,SCV001148194|SCV001639989|SCV002795435,-,-
796541,single nucleotide variant,NM_000352.6(ABCC8):c.765C>T (p.Ile255=),6833,ABCC8,HGNC:59,Likely benign,0,"Feb 25, 2024",753335564,-,RCV000994577|RCV002489487,"MedGen:C3661900|MONDO:MONDO:0012480,MedGen:C1835887,OMIM:610374,Orphanet:99886;MONDO:MONDO:0009734,MedGen:C2931832,OMIM:256450,Orphanet:276575,Orphanet:276598;Human Phenotype Ontology:HP:0005965,Human Phenotype Ontology:HP:0005978,Human Phenotype Ontology:HP:0100652,MONDO:MONDO:0005148,MeSH:D003924,MedGen:C0011860,OMIM:125853;MONDO:MONDO:0009415,MedGen:C0271714,OMIM:240800;MONDO:MONDO:0030088,MedGen:C5394303,OMIM:618857","not provided|Diabetes mellitus, transient neonatal, 2;Hyperinsulinemic hypoglycemia, familial, 1;Type 2 diabetes mellitus;Leucine-induced hypoglycemia;Diabetes mellitus, permanent neonatal 3",germline;unknown,germline,GRCh38,NC_000011.10,11,17461640,17461640,na,na,11p15.1,"criteria provided, multiple submitters, no conflicts",3,-,N,ClinGen:CA5903779,2,806626,17461640,G,A,-,-,-,-,-,-,SCV001148194|SCV001639989|SCV002795435,-,-
798639,single nucleotide variant,NM_000352.6(ABCC8):c.4438A>G (p.Asn1480Asp),6833,ABCC8,HGNC:59,Conflicting classifications of pathogenicity,1,"Jan 17, 2020",1591705863,-,RCV000995473|RCV002245828|RCV002245827,"MONDO:MONDO:0009734,MedGen:C2931832,OMIM:256450,Orphanet:276575,Orphanet:276598|Human Phenotype Ontology:HP:0008255,MONDO:MONDO:0020525,MedGen:C0342273|Human Phenotype Ontology:HP:0004904,MONDO:MONDO:0018911,MedGen:C0342276,OMIM:PS125850,Orphanet:552","Hyperinsulinemic hypoglycemia, familial, 1|Transitory neonatal diabetes mellitus|Maturity-onset diabetes of the young",de novo;somatic,germline/somatic,GRCh37,NC_000011.9,11,17415920,17415920,na,na,11p15.1,"criteria provided, conflicting classifications",2,-,N,ClinGen:CA379783602,2,807357,17415920,T,C,-,-,-,-,-,-,SCV001149658|SCV002513304|SCV002513305,-,-
798639,single nucleotide variant,NM_000352.6(ABCC8):c.4438A>G (p.Asn1480Asp),6833,ABCC8,HGNC:59,Conflicting classifications of pathogenicity,1,"Jan 17, 2020",1591705863,-,RCV000995473|RCV002245828|RCV002245827,"MONDO:MONDO:0009734,MedGen:C2931832,OMIM:256450,Orphanet:276575,Orphanet:276598|Human Phenotype Ontology:HP:0008255,MONDO:MONDO:0020525,MedGen:C0342273|Human Phenotype Ontology:HP:0004904,MONDO:MONDO:0018911,MedGen:C0342276,OMIM:PS125850,Orphanet:552","Hyperinsulinemic hypoglycemia, familial, 1|Transitory neonatal diabetes mellitus|Maturity-onset diabetes of the young",de novo;somatic,germline/somatic,GRCh38,NC_000011.10,11,17394373,17394373,na,na,11p15.1,"criteria provided, conflicting classifications",2,-,N,ClinGen:CA379783602,2,807357,17394373,T,C,-,-,-,-,-,-,SCV001149658|SCV002513304|SCV002513305,-,-
806284,Deletion,NM_000162.3(GCK):c.1255_1264delTTCAAGGAGC,2645,GCK,HGNC:4195,Likely pathogenic,1,"Jun 20, 2023",2096270755,-,RCV001008916|RCV002463772|RCV003313165,"MedGen:C3661900|Human Phenotype Ontology:HP:0004904,MONDO:MONDO:0018911,MedGen:C0342276,OMIM:PS125850,Orphanet:552|MONDO:MONDO:0015967,MedGen:C3888631,Orphanet:183625",not provided|Maturity-onset diabetes of the young|Monogenic diabetes,germline;unknown,germline,GRCh37,NC_000007.13,7,44184869,44184878,na,na,7p13,reviewed by expert panel,3,-,N,ClinGen:CA915948961,2,817706,44184868,CGCTCCTTGAA,C,-,-,-,-,-,-,SCV004012125,-,-
806284,Deletion,NM_000162.3(GCK):c.1255_1264delTTCAAGGAGC,2645,GCK,HGNC:4195,Likely pathogenic,1,"Jun 20, 2023",2096270755,-,RCV001008916|RCV002463772|RCV003313165,"MedGen:C3661900|Human Phenotype Ontology:HP:0004904,MONDO:MONDO:0018911,MedGen:C0342276,OMIM:PS125850,Orphanet:552|MONDO:MONDO:0015967,MedGen:C3888631,Orphanet:183625",not provided|Maturity-onset diabetes of the young|Monogenic diabetes,germline;unknown,germline,GRCh38,NC_000007.14,7,44145270,44145279,na,na,7p13,reviewed by expert panel,3,-,N,ClinGen:CA915948961,2,817706,44145269,CGCTCCTTGAA,C,-,-,-,-,-,-,SCV004012125,-,-
818721,single nucleotide variant,NM_000352.6(ABCC8):c.4325A>T (p.Glu1442Val),6833,ABCC8,HGNC:59,Conflicting classifications of pathogenicity,0,"Jun 04, 2025",562680077,-,RCV001030758|RCV002245835|RCV002245834|RCV003736960,"MONDO:MONDO:0009734,MedGen:C2931832,OMIM:256450,Orphanet:276575,Orphanet:276598|Human Phenotype Ontology:HP:0008255,MONDO:MONDO:0020525,MedGen:C0342273|Human Phenotype Ontology:HP:0004904,MONDO:MONDO:0018911,MedGen:C0342276,OMIM:PS125850,Orphanet:552|MedGen:C3661900","Hyperinsulinemic hypoglycemia, familial, 1|Transitory neonatal diabetes mellitus|Maturity-onset diabetes of the young|not provided",germline;somatic,germline/somatic,GRCh37,NC_000011.9,11,17416805,17416805,na,na,11p15.1,"criteria provided, conflicting classifications",3,-,N,ClinGen:CA5902491,2,830318,17416805,T,A,-,-,-,-,-,-,SCV001190088|SCV002513327|SCV002513328|SCV004554383,-,-
818721,single nucleotide variant,NM_000352.6(ABCC8):c.4325A>T (p.Glu1442Val),6833,ABCC8,HGNC:59,Conflicting classifications of pathogenicity,0,"Jun 04, 2025",562680077,-,RCV001030758|RCV002245835|RCV002245834|RCV003736960,"MONDO:MONDO:0009734,MedGen:C2931832,OMIM:256450,Orphanet:276575,Orphanet:276598|Human Phenotype Ontology:HP:0008255,MONDO:MONDO:0020525,MedGen:C0342273|Human Phenotype Ontology:HP:0004904,MONDO:MONDO:0018911,MedGen:C0342276,OMIM:PS125850,Orphanet:552|MedGen:C3661900","Hyperinsulinemic hypoglycemia, familial, 1|Transitory neonatal diabetes mellitus|Maturity-onset diabetes of the young|not provided",germline;somatic,germline/somatic,GRCh38,NC_000011.10,11,17395258,17395258,na,na,11p15.1,"criteria provided, conflicting classifications",3,-,N,ClinGen:CA5902491,2,830318,17395258,T,A,-,-,-,-,-,-,SCV001190088|SCV002513327|SCV002513328|SCV004554383,-,-
820343,Deletion,NC_000011.10:g.(?_17416920)_(17432254_?)del,6833,ABCC8,HGNC:59,Pathogenic,1,"Sep 07, 2019",-1,-,RCV001033767,MedGen:C3661900,not provided,germline,germline,GRCh37,NC_000011.9,11,17438467,17453801,na,na,11p15.1,"criteria provided, single submitter",1,-,N,-,2,833318,-1,na,na,-,-,-,-,-,-,SCV001197074,-,-
838133,single nucleotide variant,NM_000525.4(KCNJ11):c.902G>C (p.Arg301Pro),3767,KCNJ11,HGNC:6257,Conflicting classifications of pathogenicity,1,"Dec 20, 2019",74339576,-,RCV001051419|RCV001174375,"MedGen:C3661900|MONDO:MONDO:0015967,MedGen:C3888631,Orphanet:183625",not provided|Monogenic diabetes,germline;unknown,germline,GRCh37,NC_000011.9,11,17408737,17408737,na,na,11p15.1,"criteria provided, conflicting classifications",2,-,N,ClinGen:CA379770011,2,847800,17408737,C,G,-,-,-,-,-,-,SCV001215572|SCV001337513,-,-
838133,single nucleotide variant,NM_000525.4(KCNJ11):c.902G>C (p.Arg301Pro),3767,KCNJ11,HGNC:6257,Conflicting classifications of pathogenicity,1,"Dec 20, 2019",74339576,-,RCV001051419|RCV001174375,"MedGen:C3661900|MONDO:MONDO:0015967,MedGen:C3888631,Orphanet:183625",not provided|Monogenic diabetes,germline;unknown,germline,GRCh38,NC_000011.10,11,17387190,17387190,na,na,11p15.1,"criteria provided, conflicting classifications",2,-,N,ClinGen:CA379770011,2,847800,17387190,C,G,-,-,-,-,-,-,SCV001215572|SCV001337513,-,-
838134,Deletion,NM_000352.6(ABCC8):c.3082del (p.Ala1028fs),6833,ABCC8,HGNC:59,Conflicting classifications of pathogenicity,1,"Jan 27, 2024",1954568421,-,RCV001049178|RCV002251550|RCV002251549|RCV004570170,"MedGen:C3661900|Human Phenotype Ontology:HP:0008255,MONDO:MONDO:0020525,MedGen:C0342273|Human Phenotype Ontology:HP:0004904,MONDO:MONDO:0018911,MedGen:C0342276,OMIM:PS125850,Orphanet:552|Human Phenotype Ontology:HP:0005965,Human Phenotype Ontology:HP:0005978,Human Phenotype Ontology:HP:0100652,MONDO:MONDO:0005148,MeSH:D003924,MedGen:C0011860,OMIM:125853",not provided|Transitory neonatal diabetes mellitus|Maturity-onset diabetes of the young|Type 2 diabetes mellitus,germline;unknown,germline,GRCh37,NC_000011.9,11,17428515,17428515,na,na,11p15.1,"criteria provided, conflicting classifications",3,-,N,ClinGen:CA916083235,2,845991,17428514,GC,G,-,-,-,-,-,-,SCV001213214|SCV002521918|SCV002521919|SCV005060805,-,-
838134,Deletion,NM_000352.6(ABCC8):c.3082del (p.Ala1028fs),6833,ABCC8,HGNC:59,Conflicting classifications of pathogenicity,1,"Jan 27, 2024",1954568421,-,RCV001049178|RCV002251550|RCV002251549|RCV004570170,"MedGen:C3661900|Human Phenotype Ontology:HP:0008255,MONDO:MONDO:0020525,MedGen:C0342273|Human Phenotype Ontology:HP:0004904,MONDO:MONDO:0018911,MedGen:C0342276,OMIM:PS125850,Orphanet:552|Human Phenotype Ontology:HP:0005965,Human Phenotype Ontology:HP:0005978,Human Phenotype Ontology:HP:0100652,MONDO:MONDO:0005148,MeSH:D003924,MedGen:C0011860,OMIM:125853",not provided|Transitory neonatal diabetes mellitus|Maturity-onset diabetes of the young|Type 2 diabetes mellitus,germline;unknown,germline,GRCh38,NC_000011.10,11,17406968,17406968,na,na,11p15.1,"criteria provided, conflicting classifications",3,-,N,ClinGen:CA916083235,2,845991,17406967,GC,G,-,-,-,-,-,-,SCV001213214|SCV002521918|SCV002521919|SCV005060805,-,-
838135,Microsatellite,NM_000352.6(ABCC8):c.2277_2280del (p.Asp760fs),6833,ABCC8,HGNC:59,Conflicting classifications of pathogenicity,1,"Mar 15, 2019",1955018104,-,RCV001037797|RCV002251548|RCV002251547,"MedGen:C3661900|Human Phenotype Ontology:HP:0008255,MONDO:MONDO:0020525,MedGen:C0342273|Human Phenotype Ontology:HP:0004904,MONDO:MONDO:0018911,MedGen:C0342276,OMIM:PS125850,Orphanet:552",not provided|Transitory neonatal diabetes mellitus|Maturity-onset diabetes of the young,germline;unknown,germline,GRCh37,NC_000011.9,11,17436862,17436865,na,na,11p15.1,"criteria provided, conflicting classifications",2,-,N,ClinGen:CA916083236,2,836622,17436861,AGTCG,A,-,-,-,-,-,-,SCV001201229|SCV002522220|SCV002522221,-,-
838135,Microsatellite,NM_000352.6(ABCC8):c.2277_2280del (p.Asp760fs),6833,ABCC8,HGNC:59,Conflicting classifications of pathogenicity,1,"Mar 15, 2019",1955018104,-,RCV001037797|RCV002251548|RCV002251547,"MedGen:C3661900|Human Phenotype Ontology:HP:0008255,MONDO:MONDO:0020525,MedGen:C0342273|Human Phenotype Ontology:HP:0004904,MONDO:MONDO:0018911,MedGen:C0342276,OMIM:PS125850,Orphanet:552",not provided|Transitory neonatal diabetes mellitus|Maturity-onset diabetes of the young,germline;unknown,germline,GRCh38,NC_000011.10,11,17415315,17415318,na,na,11p15.1,"criteria provided, conflicting classifications",2,-,N,ClinGen:CA916083236,2,836622,17415314,AGTCG,A,-,-,-,-,-,-,SCV001201229|SCV002522220|SCV002522221,-,-
838136,single nucleotide variant,NM_000352.6(ABCC8):c.2236G>T (p.Glu746Ter),6833,ABCC8,HGNC:59,Pathogenic/Likely pathogenic,1,"Jun 03, 2024",753296261,-,RCV001051901|RCV003467766|RCV005049747,"MedGen:C3661900|Human Phenotype Ontology:HP:0005965,Human Phenotype Ontology:HP:0005978,Human Phenotype Ontology:HP:0100652,MONDO:MONDO:0005148,MeSH:D003924,MedGen:C0011860,OMIM:125853|MONDO:MONDO:0009415,MedGen:C0271714,OMIM:240800;Human Phenotype Ontology:HP:0005965,Human Phenotype Ontology:HP:0005978,Human Phenotype Ontology:HP:0100652,MONDO:MONDO:0005148,MeSH:D003924,MedGen:C0011860,OMIM:125853;MONDO:MONDO:0009734,MedGen:C2931832,OMIM:256450,Orphanet:276575,Orphanet:276598;MONDO:MONDO:0030088,MedGen:C5394303,OMIM:618857;MONDO:MONDO:0012480,MedGen:C1835887,OMIM:610374,Orphanet:99886","not provided|Type 2 diabetes mellitus|Leucine-induced hypoglycemia;Type 2 diabetes mellitus;Hyperinsulinemic hypoglycemia, familial, 1;Diabetes mellitus, permanent neonatal 3;Diabetes mellitus, transient neonatal, 2",germline;unknown,germline,GRCh37,NC_000011.9,11,17438496,17438496,na,na,11p15.1,"criteria provided, multiple submitters, no conflicts",3,-,N,ClinGen:CA379811263,2,848198,17438496,C,A,-,-,-,-,-,-,SCV001216083|SCV004196015|SCV005676360,-,-
838136,single nucleotide variant,NM_000352.6(ABCC8):c.2236G>T (p.Glu746Ter),6833,ABCC8,HGNC:59,Pathogenic/Likely pathogenic,1,"Jun 03, 2024",753296261,-,RCV001051901|RCV003467766|RCV005049747,"MedGen:C3661900|Human Phenotype Ontology:HP:0005965,Human Phenotype Ontology:HP:0005978,Human Phenotype Ontology:HP:0100652,MONDO:MONDO:0005148,MeSH:D003924,MedGen:C0011860,OMIM:125853|MONDO:MONDO:0009415,MedGen:C0271714,OMIM:240800;Human Phenotype Ontology:HP:0005965,Human Phenotype Ontology:HP:0005978,Human Phenotype Ontology:HP:0100652,MONDO:MONDO:0005148,MeSH:D003924,MedGen:C0011860,OMIM:125853;MONDO:MONDO:0009734,MedGen:C2931832,OMIM:256450,Orphanet:276575,Orphanet:276598;MONDO:MONDO:0030088,MedGen:C5394303,OMIM:618857;MONDO:MONDO:0012480,MedGen:C1835887,OMIM:610374,Orphanet:99886","not provided|Type 2 diabetes mellitus|Leucine-induced hypoglycemia;Type 2 diabetes mellitus;Hyperinsulinemic hypoglycemia, familial, 1;Diabetes mellitus, permanent neonatal 3;Diabetes mellitus, transient neonatal, 2",germline;unknown,germline,GRCh38,NC_000011.10,11,17416949,17416949,na,na,11p15.1,"criteria provided, multiple submitters, no conflicts",3,-,N,ClinGen:CA379811263,2,848198,17416949,C,A,-,-,-,-,-,-,SCV001216083|SCV004196015|SCV005676360,-,-
838137,single nucleotide variant,NM_000352.6(ABCC8):c.382G>A (p.Glu128Lys),6833,ABCC8,HGNC:59,Pathogenic/Likely pathogenic,1,"Dec 29, 2023",781617345,-,RCV001058712|RCV001832528|RCV002497433|RCV003321793|RCV003462576,"MedGen:C3661900||MONDO:MONDO:0009415,MedGen:C0271714,OMIM:240800;Human Phenotype Ontology:HP:0005965,Human Phenotype Ontology:HP:0005978,Human Phenotype Ontology:HP:0100652,MONDO:MONDO:0005148,MeSH:D003924,MedGen:C0011860,OMIM:125853;MONDO:MONDO:0009734,MedGen:C2931832,OMIM:256450,Orphanet:276575,Orphanet:276598;MONDO:MONDO:0030088,MedGen:C5394303,OMIM:618857;MONDO:MONDO:0012480,MedGen:C1835887,OMIM:610374,Orphanet:99886|MONDO:MONDO:0009734,MedGen:C2931832,OMIM:256450,Orphanet:276575,Orphanet:276598|Human Phenotype Ontology:HP:0005965,Human Phenotype Ontology:HP:0005978,Human Phenotype Ontology:HP:0100652,MONDO:MONDO:0005148,MeSH:D003924,MedGen:C0011860,OMIM:125853","not provided|Hereditary hyperinsulinism|Leucine-induced hypoglycemia;Type 2 diabetes mellitus;Hyperinsulinemic hypoglycemia, familial, 1;Diabetes mellitus, permanent neonatal 3;Diabetes mellitus, transient neonatal, 2|Hyperinsulinemic hypoglycemia, familial, 1|Type 2 diabetes mellitus",germline;unknown,germline,GRCh37,NC_000011.9,11,17491678,17491678,na,na,11p15.1,"criteria provided, multiple submitters, no conflicts",6,-,N,ClinGen:CA5903897,2,853822,17491678,C,T,-,-,-,-,-,-,SCV001223303|SCV002783450|SCV004026582|SCV004205667|SCV005325039,-,-
838137,single nucleotide variant,NM_000352.6(ABCC8):c.382G>A (p.Glu128Lys),6833,ABCC8,HGNC:59,Pathogenic/Likely pathogenic,1,"Dec 29, 2023",781617345,-,RCV001058712|RCV001832528|RCV002497433|RCV003321793|RCV003462576,"MedGen:C3661900||MONDO:MONDO:0009415,MedGen:C0271714,OMIM:240800;Human Phenotype Ontology:HP:0005965,Human Phenotype Ontology:HP:0005978,Human Phenotype Ontology:HP:0100652,MONDO:MONDO:0005148,MeSH:D003924,MedGen:C0011860,OMIM:125853;MONDO:MONDO:0009734,MedGen:C2931832,OMIM:256450,Orphanet:276575,Orphanet:276598;MONDO:MONDO:0030088,MedGen:C5394303,OMIM:618857;MONDO:MONDO:0012480,MedGen:C1835887,OMIM:610374,Orphanet:99886|MONDO:MONDO:0009734,MedGen:C2931832,OMIM:256450,Orphanet:276575,Orphanet:276598|Human Phenotype Ontology:HP:0005965,Human Phenotype Ontology:HP:0005978,Human Phenotype Ontology:HP:0100652,MONDO:MONDO:0005148,MeSH:D003924,MedGen:C0011860,OMIM:125853","not provided|Hereditary hyperinsulinism|Leucine-induced hypoglycemia;Type 2 diabetes mellitus;Hyperinsulinemic hypoglycemia, familial, 1;Diabetes mellitus, permanent neonatal 3;Diabetes mellitus, transient neonatal, 2|Hyperinsulinemic hypoglycemia, familial, 1|Type 2 diabetes mellitus",germline;unknown,germline,GRCh38,NC_000011.10,11,17470131,17470131,na,na,11p15.1,"criteria provided, multiple submitters, no conflicts",6,-,N,ClinGen:CA5903897,2,853822,17470131,C,T,-,-,-,-,-,-,SCV001223303|SCV002783450|SCV004026582|SCV004205667|SCV005325039,-,-
859612,single nucleotide variant,NM_000162.5(GCK):c.1248C>T (p.His416=),2645,GCK,HGNC:4195,Likely benign,0,"Nov 11, 2024",766653778,-,RCV001093386|RCV002463775,"MedGen:C3661900|Human Phenotype Ontology:HP:0004904,MONDO:MONDO:0018911,MedGen:C0342276,OMIM:PS125850,Orphanet:552",not provided|Maturity-onset diabetes of the young,germline;unknown,germline,GRCh37,NC_000007.13,7,44185101,44185101,na,na,7p13,"criteria provided, multiple submitters, no conflicts",3,-,N,ClinGen:CA4239410,2,872750,44185101,G,A,-,-,-,-,-,-,SCV001250337|SCV002605039|SCV005712880,-,-
859612,single nucleotide variant,NM_000162.5(GCK):c.1248C>T (p.His416=),2645,GCK,HGNC:4195,Likely benign,0,"Nov 11, 2024",766653778,-,RCV001093386|RCV002463775,"MedGen:C3661900|Human Phenotype Ontology:HP:0004904,MONDO:MONDO:0018911,MedGen:C0342276,OMIM:PS125850,Orphanet:552",not provided|Maturity-onset diabetes of the young,germline;unknown,germline,GRCh38,NC_000007.14,7,44145502,44145502,na,na,7p13,"criteria provided, multiple submitters, no conflicts",3,-,N,ClinGen:CA4239410,2,872750,44145502,G,A,-,-,-,-,-,-,SCV001250337|SCV002605039|SCV005712880,-,-
859613,single nucleotide variant,NM_000162.5(GCK):c.1130G>T (p.Arg377Leu),2645,GCK,HGNC:4195,Likely pathogenic,1,"Nov 24, 2023",193922264,-,RCV001093387|RCV003331042|RCV003330325,"MedGen:C3661900|MedGen:CN169374|MONDO:MONDO:0015967,MedGen:C3888631,Orphanet:183625",not provided|not specified|Monogenic diabetes,germline,germline,GRCh37,NC_000007.13,7,44185219,44185219,na,na,7p13,reviewed by expert panel,3,-,N,ClinGen:CA367398811,2,872751,44185219,C,A,-,-,-,-,-,-,SCV004037463,-,-
859613,single nucleotide variant,NM_000162.5(GCK):c.1130G>T (p.Arg377Leu),2645,GCK,HGNC:4195,Likely pathogenic,1,"Nov 24, 2023",193922264,-,RCV001093387|RCV003331042|RCV003330325,"MedGen:C3661900|MedGen:CN169374|MONDO:MONDO:0015967,MedGen:C3888631,Orphanet:183625",not provided|not specified|Monogenic diabetes,germline,germline,GRCh38,NC_000007.14,7,44145620,44145620,na,na,7p13,reviewed by expert panel,3,-,N,ClinGen:CA367398811,2,872751,44145620,C,A,-,-,-,-,-,-,SCV004037463,-,-
859614,single nucleotide variant,NM_000162.5(GCK):c.307A>T (p.Thr103Ser),2645,GCK,HGNC:4195,Conflicting classifications of pathogenicity,1,"Nov 01, 2018",2096281726,-,RCV001093388|RCV002464385,"MedGen:C3661900|Human Phenotype Ontology:HP:0004904,MONDO:MONDO:0018911,MedGen:C0342276,OMIM:PS125850,Orphanet:552",not provided|Maturity-onset diabetes of the young,germline;unknown,germline,GRCh37,NC_000007.13,7,44191926,44191926,na,na,7p13,"criteria provided, conflicting classifications",2,-,N,ClinGen:CA367402757,2,872752,44191926,T,A,-,-,-,-,-,-,SCV001250339|SCV002605300,-,-
859614,single nucleotide variant,NM_000162.5(GCK):c.307A>T (p.Thr103Ser),2645,GCK,HGNC:4195,Conflicting classifications of pathogenicity,1,"Nov 01, 2018",2096281726,-,RCV001093388|RCV002464385,"MedGen:C3661900|Human Phenotype Ontology:HP:0004904,MONDO:MONDO:0018911,MedGen:C0342276,OMIM:PS125850,Orphanet:552",not provided|Maturity-onset diabetes of the young,germline;unknown,germline,GRCh38,NC_000007.14,7,44152327,44152327,na,na,7p13,"criteria provided, conflicting classifications",2,-,N,ClinGen:CA367402757,2,872752,44152327,T,A,-,-,-,-,-,-,SCV001250339|SCV002605300,-,-
859851,single nucleotide variant,NM_000352.6(ABCC8):c.2368G>T (p.Glu790Ter),6833,ABCC8,HGNC:59,Pathogenic,1,"Jul 01, 2020",1317396512,-,RCV001090230,MedGen:C3661900,not provided,germline,germline,GRCh37,NC_000011.9,11,17436081,17436081,na,na,11p15.1,"criteria provided, single submitter",1,-,N,ClinGen:CA379809122,2,870666,17436081,C,A,-,-,-,-,-,-,SCV001245635,-,-
859851,single nucleotide variant,NM_000352.6(ABCC8):c.2368G>T (p.Glu790Ter),6833,ABCC8,HGNC:59,Pathogenic,1,"Jul 01, 2020",1317396512,-,RCV001090230,MedGen:C3661900,not provided,germline,germline,GRCh38,NC_000011.10,11,17414534,17414534,na,na,11p15.1,"criteria provided, single submitter",1,-,N,ClinGen:CA379809122,2,870666,17414534,C,A,-,-,-,-,-,-,SCV001245635,-,-
867601,single nucleotide variant,NM_000525.4(KCNJ11):c.*1415G>A,3767,KCNJ11,HGNC:6257,Uncertain significance,0,"Jan 13, 2018",955060881,-,RCV001103209|RCV001103211|RCV001103210,"MONDO:MONDO:0014589,MedGen:C4225365,OMIM:616329,Orphanet:552|MONDO:MONDO:0012522,MedGen:C1864623,OMIM:610582,Orphanet:99886|MONDO:MONDO:0011153,MedGen:C2931833,OMIM:601820,Orphanet:276580,Orphanet:276603","Maturity-onset diabetes of the young type 13|Diabetes mellitus, transient neonatal, 3|Hyperinsulinemic hypoglycemia, familial, 2",germline,germline,GRCh37,NC_000011.9,11,17407051,17407051,na,na,11p15.1,"criteria provided, single submitter",1,-,N,ClinGen:CA218398048,2,877473,17407051,C,T,-,-,-,-,-,-,SCV001259934|SCV001259935|SCV001259936,-,-
867601,single nucleotide variant,NM_000525.4(KCNJ11):c.*1415G>A,3767,KCNJ11,HGNC:6257,Uncertain significance,0,"Jan 13, 2018",955060881,-,RCV001103209|RCV001103211|RCV001103210,"MONDO:MONDO:0014589,MedGen:C4225365,OMIM:616329,Orphanet:552|MONDO:MONDO:0012522,MedGen:C1864623,OMIM:610582,Orphanet:99886|MONDO:MONDO:0011153,MedGen:C2931833,OMIM:601820,Orphanet:276580,Orphanet:276603","Maturity-onset diabetes of the young type 13|Diabetes mellitus, transient neonatal, 3|Hyperinsulinemic hypoglycemia, familial, 2",germline,germline,GRCh38,NC_000011.10,11,17385504,17385504,na,na,11p15.1,"criteria provided, single submitter",1,-,N,ClinGen:CA218398048,2,877473,17385504,C,T,-,-,-,-,-,-,SCV001259934|SCV001259935|SCV001259936,-,-
867602,single nucleotide variant,NM_000525.4(KCNJ11):c.*1220G>A,3767,KCNJ11,HGNC:6257,Uncertain significance,0,"Jan 13, 2018",1457465996,-,RCV001103212|RCV001105126|RCV001105127|RCV002227242,"MONDO:MONDO:0012522,MedGen:C1864623,OMIM:610582,Orphanet:99886|MONDO:MONDO:0011153,MedGen:C2931833,OMIM:601820,Orphanet:276580,Orphanet:276603|MONDO:MONDO:0014589,MedGen:C4225365,OMIM:616329,Orphanet:552|Human Phenotype Ontology:HP:0004904,MONDO:MONDO:0018911,MedGen:C0342276,OMIM:PS125850,Orphanet:552","Diabetes mellitus, transient neonatal, 3|Hyperinsulinemic hypoglycemia, familial, 2|Maturity-onset diabetes of the young type 13|Maturity-onset diabetes of the young",germline;somatic,germline/somatic,GRCh37,NC_000011.9,11,17407246,17407246,na,na,11p15.1,"criteria provided, multiple submitters, no conflicts",2,-,N,ClinGen:CA674171420,2,877474,17407246,C,T,-,-,-,-,-,-,SCV001259937|SCV001262047|SCV001262048|SCV002505953,-,-
867602,single nucleotide variant,NM_000525.4(KCNJ11):c.*1220G>A,3767,KCNJ11,HGNC:6257,Uncertain significance,0,"Jan 13, 2018",1457465996,-,RCV001103212|RCV001105126|RCV001105127|RCV002227242,"MONDO:MONDO:0012522,MedGen:C1864623,OMIM:610582,Orphanet:99886|MONDO:MONDO:0011153,MedGen:C2931833,OMIM:601820,Orphanet:276580,Orphanet:276603|MONDO:MONDO:0014589,MedGen:C4225365,OMIM:616329,Orphanet:552|Human Phenotype Ontology:HP:0004904,MONDO:MONDO:0018911,MedGen:C0342276,OMIM:PS125850,Orphanet:552","Diabetes mellitus, transient neonatal, 3|Hyperinsulinemic hypoglycemia, familial, 2|Maturity-onset diabetes of the young type 13|Maturity-onset diabetes of the young",germline;somatic,germline/somatic,GRCh38,NC_000011.10,11,17385699,17385699,na,na,11p15.1,"criteria provided, multiple submitters, no conflicts",2,-,N,ClinGen:CA674171420,2,877474,17385699,C,T,-,-,-,-,-,-,SCV001259937|SCV001262047|SCV001262048|SCV002505953,-,-
867603,single nucleotide variant,NM_000525.4(KCNJ11):c.*1037G>T,3767,KCNJ11,HGNC:6257,Uncertain significance,0,"Jan 12, 2018",767140617,-,RCV001106247|RCV001106248|RCV001106249|RCV002226756,"MONDO:MONDO:0011153,MedGen:C2931833,OMIM:601820,Orphanet:276580,Orphanet:276603|MONDO:MONDO:0012522,MedGen:C1864623,OMIM:610582,Orphanet:99886|MONDO:MONDO:0014589,MedGen:C4225365,OMIM:616329,Orphanet:552|Human Phenotype Ontology:HP:0004904,MONDO:MONDO:0018911,MedGen:C0342276,OMIM:PS125850,Orphanet:552","Hyperinsulinemic hypoglycemia, familial, 2|Diabetes mellitus, transient neonatal, 3|Maturity-onset diabetes of the young type 13|Maturity-onset diabetes of the young",germline;somatic,germline/somatic,GRCh37,NC_000011.9,11,17407429,17407429,na,na,11p15.1,"criteria provided, multiple submitters, no conflicts",2,-,N,ClinGen:CA218398270,2,879076,17407429,C,A,-,-,-,-,-,-,SCV001263292|SCV001263293|SCV001263294|SCV002505401,-,-
867603,single nucleotide variant,NM_000525.4(KCNJ11):c.*1037G>T,3767,KCNJ11,HGNC:6257,Uncertain significance,0,"Jan 12, 2018",767140617,-,RCV001106247|RCV001106248|RCV001106249|RCV002226756,"MONDO:MONDO:0011153,MedGen:C2931833,OMIM:601820,Orphanet:276580,Orphanet:276603|MONDO:MONDO:0012522,MedGen:C1864623,OMIM:610582,Orphanet:99886|MONDO:MONDO:0014589,MedGen:C4225365,OMIM:616329,Orphanet:552|Human Phenotype Ontology:HP:0004904,MONDO:MONDO:0018911,MedGen:C0342276,OMIM:PS125850,Orphanet:552","Hyperinsulinemic hypoglycemia, familial, 2|Diabetes mellitus, transient neonatal, 3|Maturity-onset diabetes of the young type 13|Maturity-onset diabetes of the young",germline;somatic,germline/somatic,GRCh38,NC_000011.10,11,17385882,17385882,na,na,11p15.1,"criteria provided, multiple submitters, no conflicts",2,-,N,ClinGen:CA218398270,2,879076,17385882,C,A,-,-,-,-,-,-,SCV001263292|SCV001263293|SCV001263294|SCV002505401,-,-
867604,single nucleotide variant,NM_000525.4(KCNJ11):c.*849C>G,3767,KCNJ11,HGNC:6257,Uncertain significance,0,"Jan 12, 2018",1272490539,-,RCV001108473|RCV001108475|RCV001108474|RCV002271621,"MONDO:MONDO:0014589,MedGen:C4225365,OMIM:616329,Orphanet:552|MONDO:MONDO:0012522,MedGen:C1864623,OMIM:610582,Orphanet:99886|MONDO:MONDO:0011153,MedGen:C2931833,OMIM:601820,Orphanet:276580,Orphanet:276603|Human Phenotype Ontology:HP:0004904,MONDO:MONDO:0018911,MedGen:C0342276,OMIM:PS125850,Orphanet:552","Maturity-onset diabetes of the young type 13|Diabetes mellitus, transient neonatal, 3|Hyperinsulinemic hypoglycemia, familial, 2|Maturity-onset diabetes of the young",germline;unknown,germline,GRCh37,NC_000011.9,11,17407617,17407617,na,na,11p15.1,"criteria provided, multiple submitters, no conflicts",2,-,N,ClinGen:CA674171663,2,880301,17407617,G,C,-,-,-,-,-,-,SCV001265708|SCV001265709|SCV001265710|SCV002505403,-,-
867604,single nucleotide variant,NM_000525.4(KCNJ11):c.*849C>G,3767,KCNJ11,HGNC:6257,Uncertain significance,0,"Jan 12, 2018",1272490539,-,RCV001108473|RCV001108475|RCV001108474|RCV002271621,"MONDO:MONDO:0014589,MedGen:C4225365,OMIM:616329,Orphanet:552|MONDO:MONDO:0012522,MedGen:C1864623,OMIM:610582,Orphanet:99886|MONDO:MONDO:0011153,MedGen:C2931833,OMIM:601820,Orphanet:276580,Orphanet:276603|Human Phenotype Ontology:HP:0004904,MONDO:MONDO:0018911,MedGen:C0342276,OMIM:PS125850,Orphanet:552","Maturity-onset diabetes of the young type 13|Diabetes mellitus, transient neonatal, 3|Hyperinsulinemic hypoglycemia, familial, 2|Maturity-onset diabetes of the young",germline;unknown,germline,GRCh38,NC_000011.10,11,17386070,17386070,na,na,11p15.1,"criteria provided, multiple submitters, no conflicts",2,-,N,ClinGen:CA674171663,2,880301,17386070,G,C,-,-,-,-,-,-,SCV001265708|SCV001265709|SCV001265710|SCV002505403,-,-
867605,single nucleotide variant,NM_000525.4(KCNJ11):c.*848A>G,3767,KCNJ11,HGNC:6257,Conflicting classifications of pathogenicity,0,"Jan 12, 2018",5206,-,RCV001103290|RCV001103291|RCV001108476|RCV002227243,"MONDO:MONDO:0011153,MedGen:C2931833,OMIM:601820,Orphanet:276580,Orphanet:276603|MONDO:MONDO:0012522,MedGen:C1864623,OMIM:610582,Orphanet:99886|MONDO:MONDO:0014589,MedGen:C4225365,OMIM:616329,Orphanet:552|Human Phenotype Ontology:HP:0004904,MONDO:MONDO:0018911,MedGen:C0342276,OMIM:PS125850,Orphanet:552","Hyperinsulinemic hypoglycemia, familial, 2|Diabetes mellitus, transient neonatal, 3|Maturity-onset diabetes of the young type 13|Maturity-onset diabetes of the young",germline;somatic,germline/somatic,GRCh37,NC_000011.9,11,17407618,17407618,na,na,11p15.1,"criteria provided, conflicting classifications",2,-,N,ClinGen:CA218398414,2,877518,17407618,T,C,-,-,-,-,-,-,SCV001260029|SCV001260030|SCV001265711|SCV002505952,-,-
867605,single nucleotide variant,NM_000525.4(KCNJ11):c.*848A>G,3767,KCNJ11,HGNC:6257,Conflicting classifications of pathogenicity,0,"Jan 12, 2018",5206,-,RCV001103290|RCV001103291|RCV001108476|RCV002227243,"MONDO:MONDO:0011153,MedGen:C2931833,OMIM:601820,Orphanet:276580,Orphanet:276603|MONDO:MONDO:0012522,MedGen:C1864623,OMIM:610582,Orphanet:99886|MONDO:MONDO:0014589,MedGen:C4225365,OMIM:616329,Orphanet:552|Human Phenotype Ontology:HP:0004904,MONDO:MONDO:0018911,MedGen:C0342276,OMIM:PS125850,Orphanet:552","Hyperinsulinemic hypoglycemia, familial, 2|Diabetes mellitus, transient neonatal, 3|Maturity-onset diabetes of the young type 13|Maturity-onset diabetes of the young",germline;somatic,germline/somatic,GRCh38,NC_000011.10,11,17386071,17386071,na,na,11p15.1,"criteria provided, conflicting classifications",2,-,N,ClinGen:CA218398414,2,877518,17386071,T,C,-,-,-,-,-,-,SCV001260029|SCV001260030|SCV001265711|SCV002505952,-,-
867606,single nucleotide variant,NM_000525.4(KCNJ11):c.*842C>G,3767,KCNJ11,HGNC:6257,Uncertain significance,0,"Jan 13, 2018",1591693562,-,RCV001103293|RCV001103292|RCV001103294|RCV002227244,"MONDO:MONDO:0014589,MedGen:C4225365,OMIM:616329,Orphanet:552|MONDO:MONDO:0011153,MedGen:C2931833,OMIM:601820,Orphanet:276580,Orphanet:276603|MONDO:MONDO:0012522,MedGen:C1864623,OMIM:610582,Orphanet:99886|Human Phenotype Ontology:HP:0004904,MONDO:MONDO:0018911,MedGen:C0342276,OMIM:PS125850,Orphanet:552","Maturity-onset diabetes of the young type 13|Hyperinsulinemic hypoglycemia, familial, 2|Diabetes mellitus, transient neonatal, 3|Maturity-onset diabetes of the young",germline;somatic,germline/somatic,GRCh37,NC_000011.9,11,17407624,17407624,na,na,11p15.1,"criteria provided, multiple submitters, no conflicts",2,-,N,ClinGen:CA1139661840,2,877519,17407624,G,C,-,-,-,-,-,-,SCV001260031|SCV001260032|SCV001260033|SCV002505951,-,-
867606,single nucleotide variant,NM_000525.4(KCNJ11):c.*842C>G,3767,KCNJ11,HGNC:6257,Uncertain significance,0,"Jan 13, 2018",1591693562,-,RCV001103293|RCV001103292|RCV001103294|RCV002227244,"MONDO:MONDO:0014589,MedGen:C4225365,OMIM:616329,Orphanet:552|MONDO:MONDO:0011153,MedGen:C2931833,OMIM:601820,Orphanet:276580,Orphanet:276603|MONDO:MONDO:0012522,MedGen:C1864623,OMIM:610582,Orphanet:99886|Human Phenotype Ontology:HP:0004904,MONDO:MONDO:0018911,MedGen:C0342276,OMIM:PS125850,Orphanet:552","Maturity-onset diabetes of the young type 13|Hyperinsulinemic hypoglycemia, familial, 2|Diabetes mellitus, transient neonatal, 3|Maturity-onset diabetes of the young",germline;somatic,germline/somatic,GRCh38,NC_000011.10,11,17386077,17386077,na,na,11p15.1,"criteria provided, multiple submitters, no conflicts",2,-,N,ClinGen:CA1139661840,2,877519,17386077,G,C,-,-,-,-,-,-,SCV001260031|SCV001260032|SCV001260033|SCV002505951,-,-
867607,single nucleotide variant,NM_000525.4(KCNJ11):c.*766G>A,3767,KCNJ11,HGNC:6257,Conflicting classifications of pathogenicity,0,"May 01, 2023",193101892,-,RCV001103295|RCV001103296|RCV001103297|RCV002227245|RCV002281159,"MONDO:MONDO:0011153,MedGen:C2931833,OMIM:601820,Orphanet:276580,Orphanet:276603|MONDO:MONDO:0012522,MedGen:C1864623,OMIM:610582,Orphanet:99886|MONDO:MONDO:0014589,MedGen:C4225365,OMIM:616329,Orphanet:552|Human Phenotype Ontology:HP:0004904,MONDO:MONDO:0018911,MedGen:C0342276,OMIM:PS125850,Orphanet:552|MedGen:C3661900","Hyperinsulinemic hypoglycemia, familial, 2|Diabetes mellitus, transient neonatal, 3|Maturity-onset diabetes of the young type 13|Maturity-onset diabetes of the young|not provided",germline;somatic,germline/somatic,GRCh37,NC_000011.9,11,17407700,17407700,na,na,11p15.1,"criteria provided, conflicting classifications",4,-,N,ClinGen:CA218398459,2,877520,17407700,C,T,-,-,-,-,-,-,SCV001260034|SCV001260035|SCV001260036|SCV002505950|SCV002569617|SCV004136020,-,-
867607,single nucleotide variant,NM_000525.4(KCNJ11):c.*766G>A,3767,KCNJ11,HGNC:6257,Conflicting classifications of pathogenicity,0,"May 01, 2023",193101892,-,RCV001103295|RCV001103296|RCV001103297|RCV002227245|RCV002281159,"MONDO:MONDO:0011153,MedGen:C2931833,OMIM:601820,Orphanet:276580,Orphanet:276603|MONDO:MONDO:0012522,MedGen:C1864623,OMIM:610582,Orphanet:99886|MONDO:MONDO:0014589,MedGen:C4225365,OMIM:616329,Orphanet:552|Human Phenotype Ontology:HP:0004904,MONDO:MONDO:0018911,MedGen:C0342276,OMIM:PS125850,Orphanet:552|MedGen:C3661900","Hyperinsulinemic hypoglycemia, familial, 2|Diabetes mellitus, transient neonatal, 3|Maturity-onset diabetes of the young type 13|Maturity-onset diabetes of the young|not provided",germline;somatic,germline/somatic,GRCh38,NC_000011.10,11,17386153,17386153,na,na,11p15.1,"criteria provided, conflicting classifications",4,-,N,ClinGen:CA218398459,2,877520,17386153,C,T,-,-,-,-,-,-,SCV001260034|SCV001260035|SCV001260036|SCV002505950|SCV002569617|SCV004136020,-,-
867608,single nucleotide variant,NM_000525.4(KCNJ11):c.1172G>A (p.Ter391=),3767,KCNJ11,HGNC:6257,Conflicting classifications of pathogenicity,0,"Dec 26, 2025",1450567888,-,RCV001103461|RCV001105387|RCV001105388|RCV002226753|RCV003718322,"MONDO:MONDO:0012522,MedGen:C1864623,OMIM:610582,Orphanet:99886|MONDO:MONDO:0011153,MedGen:C2931833,OMIM:601820,Orphanet:276580,Orphanet:276603|MONDO:MONDO:0014589,MedGen:C4225365,OMIM:616329,Orphanet:552|Human Phenotype Ontology:HP:0004904,MONDO:MONDO:0018911,MedGen:C0342276,OMIM:PS125850,Orphanet:552|MedGen:C3661900","Diabetes mellitus, transient neonatal, 3|Hyperinsulinemic hypoglycemia, familial, 2|Maturity-onset diabetes of the young type 13|Maturity-onset diabetes of the young|not provided",germline;somatic,germline/somatic,GRCh37,NC_000011.9,11,17408467,17408467,na,na,11p15.1,"criteria provided, conflicting classifications",3,-,N,ClinGen:CA473514897,2,877617,17408467,C,T,-,-,-,-,-,-,SCV001260226|SCV001262346|SCV001262347|SCV002505398|SCV004515731,-,-
867608,single nucleotide variant,NM_000525.4(KCNJ11):c.1172G>A (p.Ter391=),3767,KCNJ11,HGNC:6257,Conflicting classifications of pathogenicity,0,"Dec 26, 2025",1450567888,-,RCV001103461|RCV001105387|RCV001105388|RCV002226753|RCV003718322,"MONDO:MONDO:0012522,MedGen:C1864623,OMIM:610582,Orphanet:99886|MONDO:MONDO:0011153,MedGen:C2931833,OMIM:601820,Orphanet:276580,Orphanet:276603|MONDO:MONDO:0014589,MedGen:C4225365,OMIM:616329,Orphanet:552|Human Phenotype Ontology:HP:0004904,MONDO:MONDO:0018911,MedGen:C0342276,OMIM:PS125850,Orphanet:552|MedGen:C3661900","Diabetes mellitus, transient neonatal, 3|Hyperinsulinemic hypoglycemia, familial, 2|Maturity-onset diabetes of the young type 13|Maturity-onset diabetes of the young|not provided",germline;somatic,germline/somatic,GRCh38,NC_000011.10,11,17386920,17386920,na,na,11p15.1,"criteria provided, conflicting classifications",3,-,N,ClinGen:CA473514897,2,877617,17386920,C,T,-,-,-,-,-,-,SCV001260226|SCV001262346|SCV001262347|SCV002505398|SCV004515731,-,-
867609,single nucleotide variant,NM_000525.4(KCNJ11):c.451G>A (p.Val151Met),3767,KCNJ11,HGNC:6257,Conflicting classifications of pathogenicity,0,"Nov 26, 2024",529884745,-,RCV001103639|RCV001103640|RCV001108793|RCV002227246|RCV005056889,"MONDO:MONDO:0011153,MedGen:C2931833,OMIM:601820,Orphanet:276580,Orphanet:276603|MONDO:MONDO:0012522,MedGen:C1864623,OMIM:610582,Orphanet:99886|MONDO:MONDO:0014589,MedGen:C4225365,OMIM:616329,Orphanet:552|Human Phenotype Ontology:HP:0005965,Human Phenotype Ontology:HP:0005978,Human Phenotype Ontology:HP:0100652,MONDO:MONDO:0005148,MeSH:D003924,MedGen:C0011860,OMIM:125853|MedGen:CN169374","Hyperinsulinemic hypoglycemia, familial, 2|Diabetes mellitus, transient neonatal, 3|Maturity-onset diabetes of the young type 13|Type 2 diabetes mellitus|not specified",germline;somatic,germline/somatic,GRCh37,NC_000011.9,11,17409188,17409188,na,na,11p15.1,"criteria provided, conflicting classifications",3,-,N,ClinGen:CA5902288,2,877702,17409188,C,T,-,-,-,-,-,-,SCV001260430|SCV001260431|SCV001266074|SCV002505949|SCV005725711,-,-
867609,single nucleotide variant,NM_000525.4(KCNJ11):c.451G>A (p.Val151Met),3767,KCNJ11,HGNC:6257,Conflicting classifications of pathogenicity,0,"Nov 26, 2024",529884745,-,RCV001103639|RCV001103640|RCV001108793|RCV002227246|RCV005056889,"MONDO:MONDO:0011153,MedGen:C2931833,OMIM:601820,Orphanet:276580,Orphanet:276603|MONDO:MONDO:0012522,MedGen:C1864623,OMIM:610582,Orphanet:99886|MONDO:MONDO:0014589,MedGen:C4225365,OMIM:616329,Orphanet:552|Human Phenotype Ontology:HP:0005965,Human Phenotype Ontology:HP:0005978,Human Phenotype Ontology:HP:0100652,MONDO:MONDO:0005148,MeSH:D003924,MedGen:C0011860,OMIM:125853|MedGen:CN169374","Hyperinsulinemic hypoglycemia, familial, 2|Diabetes mellitus, transient neonatal, 3|Maturity-onset diabetes of the young type 13|Type 2 diabetes mellitus|not specified",germline;somatic,germline/somatic,GRCh38,NC_000011.10,11,17387641,17387641,na,na,11p15.1,"criteria provided, conflicting classifications",3,-,N,ClinGen:CA5902288,2,877702,17387641,C,T,-,-,-,-,-,-,SCV001260430|SCV001260431|SCV001266074|SCV002505949|SCV005725711,-,-
867610,single nucleotide variant,NM_000525.4(KCNJ11):c.156G>A (p.Gln52=),3767,KCNJ11,HGNC:6257,Uncertain significance,0,"Mar 16, 2018",1953591194,-,RCV001103643|RCV001103641|RCV001103642|RCV002226754,"MONDO:MONDO:0014589,MedGen:C4225365,OMIM:616329,Orphanet:552|MONDO:MONDO:0011153,MedGen:C2931833,OMIM:601820,Orphanet:276580,Orphanet:276603|MONDO:MONDO:0012522,MedGen:C1864623,OMIM:610582,Orphanet:99886|Human Phenotype Ontology:HP:0004904,MONDO:MONDO:0018911,MedGen:C0342276,OMIM:PS125850,Orphanet:552","Maturity-onset diabetes of the young type 13|Hyperinsulinemic hypoglycemia, familial, 2|Diabetes mellitus, transient neonatal, 3|Maturity-onset diabetes of the young",germline;somatic,germline/somatic,GRCh37,NC_000011.9,11,17409483,17409483,na,na,11p15.1,"criteria provided, multiple submitters, no conflicts",2,-,N,ClinGen:CA473515967,2,877703,17409483,C,T,-,-,-,-,-,-,SCV001260432|SCV001260433|SCV001260434|SCV002505642,-,-
867610,single nucleotide variant,NM_000525.4(KCNJ11):c.156G>A (p.Gln52=),3767,KCNJ11,HGNC:6257,Uncertain significance,0,"Mar 16, 2018",1953591194,-,RCV001103643|RCV001103641|RCV001103642|RCV002226754,"MONDO:MONDO:0014589,MedGen:C4225365,OMIM:616329,Orphanet:552|MONDO:MONDO:0011153,MedGen:C2931833,OMIM:601820,Orphanet:276580,Orphanet:276603|MONDO:MONDO:0012522,MedGen:C1864623,OMIM:610582,Orphanet:99886|Human Phenotype Ontology:HP:0004904,MONDO:MONDO:0018911,MedGen:C0342276,OMIM:PS125850,Orphanet:552","Maturity-onset diabetes of the young type 13|Hyperinsulinemic hypoglycemia, familial, 2|Diabetes mellitus, transient neonatal, 3|Maturity-onset diabetes of the young",germline;somatic,germline/somatic,GRCh38,NC_000011.10,11,17387936,17387936,na,na,11p15.1,"criteria provided, multiple submitters, no conflicts",2,-,N,ClinGen:CA473515967,2,877703,17387936,C,T,-,-,-,-,-,-,SCV001260432|SCV001260433|SCV001260434|SCV002505642,-,-
867611,single nucleotide variant,NM_000525.4(KCNJ11):c.91C>T (p.Arg31Trp),3767,KCNJ11,HGNC:6257,Uncertain significance,0,"Dec 15, 2021",757621300,-,RCV001105581|RCV001105583|RCV001105582|RCV001856419|RCV002227247,"MONDO:MONDO:0011153,MedGen:C2931833,OMIM:601820,Orphanet:276580,Orphanet:276603|MONDO:MONDO:0014589,MedGen:C4225365,OMIM:616329,Orphanet:552|MONDO:MONDO:0012522,MedGen:C1864623,OMIM:610582,Orphanet:99886|MedGen:C3661900|Human Phenotype Ontology:HP:0004904,MONDO:MONDO:0018911,MedGen:C0342276,OMIM:PS125850,Orphanet:552","Hyperinsulinemic hypoglycemia, familial, 2|Maturity-onset diabetes of the young type 13|Diabetes mellitus, transient neonatal, 3|not provided|Maturity-onset diabetes of the young",germline;somatic,germline/somatic,GRCh37,NC_000011.9,11,17409548,17409548,na,na,11p15.1,"criteria provided, multiple submitters, no conflicts",3,-,N,ClinGen:CA5902335,2,878730,17409548,G,A,-,-,-,-,-,-,SCV001262565|SCV001262566|SCV001262567|SCV002209959|SCV002506469,-,-
867611,single nucleotide variant,NM_000525.4(KCNJ11):c.91C>T (p.Arg31Trp),3767,KCNJ11,HGNC:6257,Uncertain significance,0,"Dec 15, 2021",757621300,-,RCV001105581|RCV001105583|RCV001105582|RCV001856419|RCV002227247,"MONDO:MONDO:0011153,MedGen:C2931833,OMIM:601820,Orphanet:276580,Orphanet:276603|MONDO:MONDO:0014589,MedGen:C4225365,OMIM:616329,Orphanet:552|MONDO:MONDO:0012522,MedGen:C1864623,OMIM:610582,Orphanet:99886|MedGen:C3661900|Human Phenotype Ontology:HP:0004904,MONDO:MONDO:0018911,MedGen:C0342276,OMIM:PS125850,Orphanet:552","Hyperinsulinemic hypoglycemia, familial, 2|Maturity-onset diabetes of the young type 13|Diabetes mellitus, transient neonatal, 3|not provided|Maturity-onset diabetes of the young",germline;somatic,germline/somatic,GRCh38,NC_000011.10,11,17388001,17388001,na,na,11p15.1,"criteria provided, multiple submitters, no conflicts",3,-,N,ClinGen:CA5902335,2,878730,17388001,G,A,-,-,-,-,-,-,SCV001262565|SCV001262566|SCV001262567|SCV002209959|SCV002506469,-,-
867612,single nucleotide variant,NM_000525.4(KCNJ11):c.-37C>T,3767,KCNJ11,HGNC:6257,Uncertain significance,0,"Jan 13, 2018",753392628,-,RCV001106735|RCV001106733|RCV001106734|RCV002271620,"MONDO:MONDO:0014589,MedGen:C4225365,OMIM:616329,Orphanet:552|MONDO:MONDO:0012522,MedGen:C1864623,OMIM:610582,Orphanet:99886|MONDO:MONDO:0011153,MedGen:C2931833,OMIM:601820,Orphanet:276580,Orphanet:276603|Human Phenotype Ontology:HP:0004904,MONDO:MONDO:0018911,MedGen:C0342276,OMIM:PS125850,Orphanet:552","Maturity-onset diabetes of the young type 13|Diabetes mellitus, transient neonatal, 3|Hyperinsulinemic hypoglycemia, familial, 2|Maturity-onset diabetes of the young",germline;unknown,germline,GRCh37,NC_000011.9,11,17409675,17409675,na,na,11p15.1,"criteria provided, multiple submitters, no conflicts",2,-,N,ClinGen:CA5902357,2,879326,17409675,G,A,-,-,-,-,-,-,SCV001263828|SCV001263829|SCV001263830|SCV002505402,-,-
867612,single nucleotide variant,NM_000525.4(KCNJ11):c.-37C>T,3767,KCNJ11,HGNC:6257,Uncertain significance,0,"Jan 13, 2018",753392628,-,RCV001106735|RCV001106733|RCV001106734|RCV002271620,"MONDO:MONDO:0014589,MedGen:C4225365,OMIM:616329,Orphanet:552|MONDO:MONDO:0012522,MedGen:C1864623,OMIM:610582,Orphanet:99886|MONDO:MONDO:0011153,MedGen:C2931833,OMIM:601820,Orphanet:276580,Orphanet:276603|Human Phenotype Ontology:HP:0004904,MONDO:MONDO:0018911,MedGen:C0342276,OMIM:PS125850,Orphanet:552","Maturity-onset diabetes of the young type 13|Diabetes mellitus, transient neonatal, 3|Hyperinsulinemic hypoglycemia, familial, 2|Maturity-onset diabetes of the young",germline;unknown,germline,GRCh38,NC_000011.10,11,17388128,17388128,na,na,11p15.1,"criteria provided, multiple submitters, no conflicts",2,-,N,ClinGen:CA5902357,2,879326,17388128,G,A,-,-,-,-,-,-,SCV001263828|SCV001263829|SCV001263830|SCV002505402,-,-
867613,single nucleotide variant,NM_000525.4(KCNJ11):c.-424C>T,3767,KCNJ11,HGNC:6257,Uncertain significance,0,"Jan 12, 2018",1953601577,-,RCV001103738|RCV001103739|RCV001103740|RCV002226755,"MONDO:MONDO:0011153,MedGen:C2931833,OMIM:601820,Orphanet:276580,Orphanet:276603|MONDO:MONDO:0014589,MedGen:C4225365,OMIM:616329,Orphanet:552|MONDO:MONDO:0012522,MedGen:C1864623,OMIM:610582,Orphanet:99886|Human Phenotype Ontology:HP:0004904,MONDO:MONDO:0018911,MedGen:C0342276,OMIM:PS125850,Orphanet:552","Hyperinsulinemic hypoglycemia, familial, 2|Maturity-onset diabetes of the young type 13|Diabetes mellitus, transient neonatal, 3|Maturity-onset diabetes of the young",germline;somatic,germline/somatic,GRCh37,NC_000011.9,11,17410062,17410062,na,na,11p15.1,"criteria provided, multiple submitters, no conflicts",2,-,N,ClinGen:CA1139661845,2,877742,17410062,G,A,-,-,-,-,-,-,SCV001260543|SCV001260544|SCV001260545|SCV002505400,-,-
867613,single nucleotide variant,NM_000525.4(KCNJ11):c.-424C>T,3767,KCNJ11,HGNC:6257,Uncertain significance,0,"Jan 12, 2018",1953601577,-,RCV001103738|RCV001103739|RCV001103740|RCV002226755,"MONDO:MONDO:0011153,MedGen:C2931833,OMIM:601820,Orphanet:276580,Orphanet:276603|MONDO:MONDO:0014589,MedGen:C4225365,OMIM:616329,Orphanet:552|MONDO:MONDO:0012522,MedGen:C1864623,OMIM:610582,Orphanet:99886|Human Phenotype Ontology:HP:0004904,MONDO:MONDO:0018911,MedGen:C0342276,OMIM:PS125850,Orphanet:552","Hyperinsulinemic hypoglycemia, familial, 2|Maturity-onset diabetes of the young type 13|Diabetes mellitus, transient neonatal, 3|Maturity-onset diabetes of the young",germline;somatic,germline/somatic,GRCh38,NC_000011.10,11,17388515,17388515,na,na,11p15.1,"criteria provided, multiple submitters, no conflicts",2,-,N,ClinGen:CA1139661845,2,877742,17388515,G,A,-,-,-,-,-,-,SCV001260543|SCV001260544|SCV001260545|SCV002505400,-,-
867614,single nucleotide variant,NM_000352.6(ABCC8):c.4410C>T (p.Leu1470=),6833,ABCC8,HGNC:59,Conflicting classifications of pathogenicity,0,"Jun 24, 2025",369810811,-,RCV001105777|RCV001105778|RCV001105779|RCV002245856|RCV002245855|RCV003405315|RCV005432581,"MONDO:MONDO:0100164,MedGen:C1833104,OMIM:PS606176,Orphanet:99885|MONDO:MONDO:0009734,MedGen:C2931832,OMIM:256450,Orphanet:276575,Orphanet:276598|MONDO:MONDO:0012480,MedGen:C1835887,OMIM:610374,Orphanet:99886|Human Phenotype Ontology:HP:0008255,MONDO:MONDO:0020525,MedGen:C0342273|Human Phenotype Ontology:HP:0004904,MONDO:MONDO:0018911,MedGen:C0342276,OMIM:PS125850,Orphanet:552|MedGen:C3661900|MedGen:CN169374","Permanent neonatal diabetes mellitus|Hyperinsulinemic hypoglycemia, familial, 1|Diabetes mellitus, transient neonatal, 2|Transitory neonatal diabetes mellitus|Maturity-onset diabetes of the young|not provided|not specified",germline;somatic,germline/somatic,GRCh37,NC_000011.9,11,17416720,17416720,na,na,11p15.1,"criteria provided, conflicting classifications",4,-,N,ClinGen:CA5902484,2,878824,17416720,G,A,-,-,-,-,-,-,SCV001262779|SCV001262780|SCV001262781|SCV002513312|SCV002513313|SCV004136025|SCV006103146,-,-
867614,single nucleotide variant,NM_000352.6(ABCC8):c.4410C>T (p.Leu1470=),6833,ABCC8,HGNC:59,Conflicting classifications of pathogenicity,0,"Jun 24, 2025",369810811,-,RCV001105777|RCV001105778|RCV001105779|RCV002245856|RCV002245855|RCV003405315|RCV005432581,"MONDO:MONDO:0100164,MedGen:C1833104,OMIM:PS606176,Orphanet:99885|MONDO:MONDO:0009734,MedGen:C2931832,OMIM:256450,Orphanet:276575,Orphanet:276598|MONDO:MONDO:0012480,MedGen:C1835887,OMIM:610374,Orphanet:99886|Human Phenotype Ontology:HP:0008255,MONDO:MONDO:0020525,MedGen:C0342273|Human Phenotype Ontology:HP:0004904,MONDO:MONDO:0018911,MedGen:C0342276,OMIM:PS125850,Orphanet:552|MedGen:C3661900|MedGen:CN169374","Permanent neonatal diabetes mellitus|Hyperinsulinemic hypoglycemia, familial, 1|Diabetes mellitus, transient neonatal, 2|Transitory neonatal diabetes mellitus|Maturity-onset diabetes of the young|not provided|not specified",germline;somatic,germline/somatic,GRCh38,NC_000011.10,11,17395173,17395173,na,na,11p15.1,"criteria provided, conflicting classifications",4,-,N,ClinGen:CA5902484,2,878824,17395173,G,A,-,-,-,-,-,-,SCV001262779|SCV001262780|SCV001262781|SCV002513312|SCV002513313|SCV004136025|SCV006103146,-,-
867615,single nucleotide variant,NM_000352.6(ABCC8):c.4366A>G (p.Ile1456Val),6833,ABCC8,HGNC:59,Uncertain significance,0,"Jan 13, 2018",1953847411,-,RCV001105780|RCV001106891|RCV001106892|RCV002245858|RCV002245857,"MONDO:MONDO:0012480,MedGen:C1835887,OMIM:610374,Orphanet:99886|MONDO:MONDO:0100164,MedGen:C1833104,OMIM:PS606176,Orphanet:99885|MONDO:MONDO:0009734,MedGen:C2931832,OMIM:256450,Orphanet:276575,Orphanet:276598|Human Phenotype Ontology:HP:0008255,MONDO:MONDO:0020525,MedGen:C0342273|Human Phenotype Ontology:HP:0004904,MONDO:MONDO:0018911,MedGen:C0342276,OMIM:PS125850,Orphanet:552","Diabetes mellitus, transient neonatal, 2|Permanent neonatal diabetes mellitus|Hyperinsulinemic hypoglycemia, familial, 1|Transitory neonatal diabetes mellitus|Maturity-onset diabetes of the young",germline;somatic,germline/somatic,GRCh37,NC_000011.9,11,17416764,17416764,na,na,11p15.1,"criteria provided, multiple submitters, no conflicts",2,-,N,ClinGen:CA379785372,2,878825,17416764,T,C,-,-,-,-,-,-,SCV001262782|SCV001264006|SCV001264007|SCV002513316|SCV002513317,-,-
867615,single nucleotide variant,NM_000352.6(ABCC8):c.4366A>G (p.Ile1456Val),6833,ABCC8,HGNC:59,Uncertain significance,0,"Jan 13, 2018",1953847411,-,RCV001105780|RCV001106891|RCV001106892|RCV002245858|RCV002245857,"MONDO:MONDO:0012480,MedGen:C1835887,OMIM:610374,Orphanet:99886|MONDO:MONDO:0100164,MedGen:C1833104,OMIM:PS606176,Orphanet:99885|MONDO:MONDO:0009734,MedGen:C2931832,OMIM:256450,Orphanet:276575,Orphanet:276598|Human Phenotype Ontology:HP:0008255,MONDO:MONDO:0020525,MedGen:C0342273|Human Phenotype Ontology:HP:0004904,MONDO:MONDO:0018911,MedGen:C0342276,OMIM:PS125850,Orphanet:552","Diabetes mellitus, transient neonatal, 2|Permanent neonatal diabetes mellitus|Hyperinsulinemic hypoglycemia, familial, 1|Transitory neonatal diabetes mellitus|Maturity-onset diabetes of the young",germline;somatic,germline/somatic,GRCh38,NC_000011.10,11,17395217,17395217,na,na,11p15.1,"criteria provided, multiple submitters, no conflicts",2,-,N,ClinGen:CA379785372,2,878825,17395217,T,C,-,-,-,-,-,-,SCV001262782|SCV001264006|SCV001264007|SCV002513316|SCV002513317,-,-
867616,single nucleotide variant,NM_000352.6(ABCC8):c.3982C>A (p.Leu1328Ile),6833,ABCC8,HGNC:59,Uncertain significance,0,"Jan 13, 2018",774965446,-,RCV001107002|RCV001107003|RCV001107004,"MONDO:MONDO:0100164,MedGen:C1833104,OMIM:PS606176,Orphanet:99885|MONDO:MONDO:0009734,MedGen:C2931832,OMIM:256450,Orphanet:276575,Orphanet:276598|MONDO:MONDO:0012480,MedGen:C1835887,OMIM:610374,Orphanet:99886","Permanent neonatal diabetes mellitus|Hyperinsulinemic hypoglycemia, familial, 1|Diabetes mellitus, transient neonatal, 2",germline,germline,GRCh37,NC_000011.9,11,17418746,17418746,na,na,11p15.1,"criteria provided, single submitter",1,-,N,ClinGen:CA5902629,2,879471,17418746,G,T,-,-,-,-,-,-,SCV001264127|SCV001264128|SCV001264129,-,-
867616,single nucleotide variant,NM_000352.6(ABCC8):c.3982C>A (p.Leu1328Ile),6833,ABCC8,HGNC:59,Uncertain significance,0,"Jan 13, 2018",774965446,-,RCV001107002|RCV001107003|RCV001107004,"MONDO:MONDO:0100164,MedGen:C1833104,OMIM:PS606176,Orphanet:99885|MONDO:MONDO:0009734,MedGen:C2931832,OMIM:256450,Orphanet:276575,Orphanet:276598|MONDO:MONDO:0012480,MedGen:C1835887,OMIM:610374,Orphanet:99886","Permanent neonatal diabetes mellitus|Hyperinsulinemic hypoglycemia, familial, 1|Diabetes mellitus, transient neonatal, 2",germline,germline,GRCh38,NC_000011.10,11,17397199,17397199,na,na,11p15.1,"criteria provided, single submitter",1,-,N,ClinGen:CA5902629,2,879471,17397199,G,T,-,-,-,-,-,-,SCV001264127|SCV001264128|SCV001264129,-,-
867617,single nucleotide variant,NM_000352.6(ABCC8):c.3877T>G (p.Tyr1293Asp),6833,ABCC8,HGNC:59,Uncertain significance,0,"Dec 27, 2024",368710356,-,RCV001107656|RCV001107655|RCV001107657|RCV002290602|RCV001772324,"MONDO:MONDO:0012480,MedGen:C1835887,OMIM:610374,Orphanet:99886|MONDO:MONDO:0100164,MedGen:C1833104,OMIM:PS606176,Orphanet:99885|MONDO:MONDO:0009734,MedGen:C2931832,OMIM:256450,Orphanet:276575,Orphanet:276598|Human Phenotype Ontology:HP:0005965,Human Phenotype Ontology:HP:0005978,Human Phenotype Ontology:HP:0100652,MONDO:MONDO:0005148,MeSH:D003924,MedGen:C0011860,OMIM:125853|MedGen:C3661900","Diabetes mellitus, transient neonatal, 2|Permanent neonatal diabetes mellitus|Hyperinsulinemic hypoglycemia, familial, 1|Type 2 diabetes mellitus|not provided",germline,germline,GRCh37,NC_000011.9,11,17418851,17418851,na,na,11p15.1,"criteria provided, multiple submitters, no conflicts",4,-,N,ClinGen:CA5902654,2,879829,17418851,A,C,-,-,-,-,-,-,SCV001264830|SCV001264831|SCV001264832|SCV001992151|SCV002580675|SCV003467586,-,-
867617,single nucleotide variant,NM_000352.6(ABCC8):c.3877T>G (p.Tyr1293Asp),6833,ABCC8,HGNC:59,Uncertain significance,0,"Dec 27, 2024",368710356,-,RCV001107656|RCV001107655|RCV001107657|RCV002290602|RCV001772324,"MONDO:MONDO:0012480,MedGen:C1835887,OMIM:610374,Orphanet:99886|MONDO:MONDO:0100164,MedGen:C1833104,OMIM:PS606176,Orphanet:99885|MONDO:MONDO:0009734,MedGen:C2931832,OMIM:256450,Orphanet:276575,Orphanet:276598|Human Phenotype Ontology:HP:0005965,Human Phenotype Ontology:HP:0005978,Human Phenotype Ontology:HP:0100652,MONDO:MONDO:0005148,MeSH:D003924,MedGen:C0011860,OMIM:125853|MedGen:C3661900","Diabetes mellitus, transient neonatal, 2|Permanent neonatal diabetes mellitus|Hyperinsulinemic hypoglycemia, familial, 1|Type 2 diabetes mellitus|not provided",germline,germline,GRCh38,NC_000011.10,11,17397304,17397304,na,na,11p15.1,"criteria provided, multiple submitters, no conflicts",4,-,N,ClinGen:CA5902654,2,879829,17397304,A,C,-,-,-,-,-,-,SCV001264830|SCV001264831|SCV001264832|SCV001992151|SCV002580675|SCV003467586,-,-
867618,single nucleotide variant,NM_000352.6(ABCC8):c.3462C>T (p.Ala1154=),6833,ABCC8,HGNC:59,Conflicting classifications of pathogenicity,0,"Jul 28, 2024",540122589,-,RCV001107095|RCV001107094|RCV001107096|RCV001435820|RCV001278394|RCV002245860|RCV002245859|RCV004960457,"MONDO:MONDO:0012480,MedGen:C1835887,OMIM:610374,Orphanet:99886|MONDO:MONDO:0009734,MedGen:C2931832,OMIM:256450,Orphanet:276575,Orphanet:276598|MONDO:MONDO:0100164,MedGen:C1833104,OMIM:PS606176,Orphanet:99885|MedGen:C3661900||Human Phenotype Ontology:HP:0008255,MONDO:MONDO:0020525,MedGen:C0342273|Human Phenotype Ontology:HP:0004904,MONDO:MONDO:0018911,MedGen:C0342276,OMIM:PS125850,Orphanet:552|MeSH:D030342,MedGen:C0950123","Diabetes mellitus, transient neonatal, 2|Hyperinsulinemic hypoglycemia, familial, 1|Permanent neonatal diabetes mellitus|not provided|Hereditary hyperinsulinism|Transitory neonatal diabetes mellitus|Maturity-onset diabetes of the young|Inborn genetic diseases",germline;somatic,germline/somatic,GRCh37,NC_000011.9,11,17426154,17426154,na,na,11p15.1,"criteria provided, conflicting classifications",5,-,N,ClinGen:CA5902801,2,879518,17426154,G,A,-,-,-,-,-,-,SCV001264224|SCV001264225|SCV001264226|SCV001638649|SCV002515443|SCV002515444|SCV005455306,-,-
867618,single nucleotide variant,NM_000352.6(ABCC8):c.3462C>T (p.Ala1154=),6833,ABCC8,HGNC:59,Conflicting classifications of pathogenicity,0,"Jul 28, 2024",540122589,-,RCV001107095|RCV001107094|RCV001107096|RCV001435820|RCV001278394|RCV002245860|RCV002245859|RCV004960457,"MONDO:MONDO:0012480,MedGen:C1835887,OMIM:610374,Orphanet:99886|MONDO:MONDO:0009734,MedGen:C2931832,OMIM:256450,Orphanet:276575,Orphanet:276598|MONDO:MONDO:0100164,MedGen:C1833104,OMIM:PS606176,Orphanet:99885|MedGen:C3661900||Human Phenotype Ontology:HP:0008255,MONDO:MONDO:0020525,MedGen:C0342273|Human Phenotype Ontology:HP:0004904,MONDO:MONDO:0018911,MedGen:C0342276,OMIM:PS125850,Orphanet:552|MeSH:D030342,MedGen:C0950123","Diabetes mellitus, transient neonatal, 2|Hyperinsulinemic hypoglycemia, familial, 1|Permanent neonatal diabetes mellitus|not provided|Hereditary hyperinsulinism|Transitory neonatal diabetes mellitus|Maturity-onset diabetes of the young|Inborn genetic diseases",germline;somatic,germline/somatic,GRCh38,NC_000011.10,11,17404607,17404607,na,na,11p15.1,"criteria provided, conflicting classifications",5,-,N,ClinGen:CA5902801,2,879518,17404607,G,A,-,-,-,-,-,-,SCV001264224|SCV001264225|SCV001264226|SCV001638649|SCV002515443|SCV002515444|SCV005455306,-,-
867619,single nucleotide variant,NM_000352.6(ABCC8):c.3076C>T (p.Leu1026=),6833,ABCC8,HGNC:59,Conflicting classifications of pathogenicity,0,"Jun 15, 2021",1354438772,-,RCV001104432|RCV001104430|RCV001104431|RCV001487786,"MONDO:MONDO:0100164,MedGen:C1833104,OMIM:PS606176,Orphanet:99885|MONDO:MONDO:0012480,MedGen:C1835887,OMIM:610374,Orphanet:99886|MONDO:MONDO:0009734,MedGen:C2931832,OMIM:256450,Orphanet:276575,Orphanet:276598|MedGen:C3661900","Permanent neonatal diabetes mellitus|Diabetes mellitus, transient neonatal, 2|Hyperinsulinemic hypoglycemia, familial, 1|not provided",germline,germline,GRCh37,NC_000011.9,11,17428521,17428521,na,na,11p15.1,"criteria provided, conflicting classifications",2,-,N,ClinGen:CA473515872,2,878111,17428521,G,A,-,-,-,-,-,-,SCV001261296|SCV001261297|SCV001261298|SCV001692283,-,-
867619,single nucleotide variant,NM_000352.6(ABCC8):c.3076C>T (p.Leu1026=),6833,ABCC8,HGNC:59,Conflicting classifications of pathogenicity,0,"Jun 15, 2021",1354438772,-,RCV001104432|RCV001104430|RCV001104431|RCV001487786,"MONDO:MONDO:0100164,MedGen:C1833104,OMIM:PS606176,Orphanet:99885|MONDO:MONDO:0012480,MedGen:C1835887,OMIM:610374,Orphanet:99886|MONDO:MONDO:0009734,MedGen:C2931832,OMIM:256450,Orphanet:276575,Orphanet:276598|MedGen:C3661900","Permanent neonatal diabetes mellitus|Diabetes mellitus, transient neonatal, 2|Hyperinsulinemic hypoglycemia, familial, 1|not provided",germline,germline,GRCh38,NC_000011.10,11,17406974,17406974,na,na,11p15.1,"criteria provided, conflicting classifications",2,-,N,ClinGen:CA473515872,2,878111,17406974,G,A,-,-,-,-,-,-,SCV001261296|SCV001261297|SCV001261298|SCV001692283,-,-
867620,single nucleotide variant,NM_000352.6(ABCC8):c.2217G>T (p.Trp739Cys),6833,ABCC8,HGNC:59,Uncertain significance,0,"Aug 16, 2023",1331539684,-,RCV001107928|RCV001107929|RCV001107930|RCV002251555|RCV002482193|RCV002251554,"MONDO:MONDO:0012480,MedGen:C1835887,OMIM:610374,Orphanet:99886|MONDO:MONDO:0009734,MedGen:C2931832,OMIM:256450,Orphanet:276575,Orphanet:276598|MONDO:MONDO:0100164,MedGen:C1833104,OMIM:PS606176,Orphanet:99885|Human Phenotype Ontology:HP:0008255,MONDO:MONDO:0020525,MedGen:C0342273|MONDO:MONDO:0009734,MedGen:C2931832,OMIM:256450,Orphanet:276575,Orphanet:276598;MONDO:MONDO:0009415,MedGen:C0271714,OMIM:240800;MONDO:MONDO:0030088,MedGen:C5394303,OMIM:618857;MONDO:MONDO:0012480,MedGen:C1835887,OMIM:610374,Orphanet:99886;Human Phenotype Ontology:HP:0005965,Human Phenotype Ontology:HP:0005978,Human Phenotype Ontology:HP:0100652,MONDO:MONDO:0005148,MeSH:D003924,MedGen:C0011860,OMIM:125853|Human Phenotype Ontology:HP:0004904,MONDO:MONDO:0018911,MedGen:C0342276,OMIM:PS125850,Orphanet:552","Diabetes mellitus, transient neonatal, 2|Hyperinsulinemic hypoglycemia, familial, 1|Permanent neonatal diabetes mellitus|Transitory neonatal diabetes mellitus|Hyperinsulinemic hypoglycemia, familial, 1;Leucine-induced hypoglycemia;Diabetes mellitus, permanent neonatal 3;Diabetes mellitus, transient neonatal, 2;Type 2 diabetes mellitus|Maturity-onset diabetes of the young",germline;unknown,germline,GRCh37,NC_000011.9,11,17448601,17448601,na,na,11p15.1,"criteria provided, multiple submitters, no conflicts",4,-,N,ClinGen:CA379813412,2,879979,17448601,C,A,-,-,-,-,-,-,SCV001265116|SCV001265117|SCV001265118|SCV002522240|SCV002522241|SCV002777003|SCV004026543,-,-
867620,single nucleotide variant,NM_000352.6(ABCC8):c.2217G>T (p.Trp739Cys),6833,ABCC8,HGNC:59,Uncertain significance,0,"Aug 16, 2023",1331539684,-,RCV001107928|RCV001107929|RCV001107930|RCV002251555|RCV002482193|RCV002251554,"MONDO:MONDO:0012480,MedGen:C1835887,OMIM:610374,Orphanet:99886|MONDO:MONDO:0009734,MedGen:C2931832,OMIM:256450,Orphanet:276575,Orphanet:276598|MONDO:MONDO:0100164,MedGen:C1833104,OMIM:PS606176,Orphanet:99885|Human Phenotype Ontology:HP:0008255,MONDO:MONDO:0020525,MedGen:C0342273|MONDO:MONDO:0009734,MedGen:C2931832,OMIM:256450,Orphanet:276575,Orphanet:276598;MONDO:MONDO:0009415,MedGen:C0271714,OMIM:240800;MONDO:MONDO:0030088,MedGen:C5394303,OMIM:618857;MONDO:MONDO:0012480,MedGen:C1835887,OMIM:610374,Orphanet:99886;Human Phenotype Ontology:HP:0005965,Human Phenotype Ontology:HP:0005978,Human Phenotype Ontology:HP:0100652,MONDO:MONDO:0005148,MeSH:D003924,MedGen:C0011860,OMIM:125853|Human Phenotype Ontology:HP:0004904,MONDO:MONDO:0018911,MedGen:C0342276,OMIM:PS125850,Orphanet:552","Diabetes mellitus, transient neonatal, 2|Hyperinsulinemic hypoglycemia, familial, 1|Permanent neonatal diabetes mellitus|Transitory neonatal diabetes mellitus|Hyperinsulinemic hypoglycemia, familial, 1;Leucine-induced hypoglycemia;Diabetes mellitus, permanent neonatal 3;Diabetes mellitus, transient neonatal, 2;Type 2 diabetes mellitus|Maturity-onset diabetes of the young",germline;unknown,germline,GRCh38,NC_000011.10,11,17427054,17427054,na,na,11p15.1,"criteria provided, multiple submitters, no conflicts",4,-,N,ClinGen:CA379813412,2,879979,17427054,C,A,-,-,-,-,-,-,SCV001265116|SCV001265117|SCV001265118|SCV002522240|SCV002522241|SCV002777003|SCV004026543,-,-
867621,single nucleotide variant,NM_000352.6(ABCC8):c.2206G>T (p.Ala736Ser),6833,ABCC8,HGNC:59,Uncertain significance,0,"Oct 14, 2022",191697443,-,RCV001102695|RCV001102696|RCV001107931|RCV002251553|RCV002251552|RCV004528385|RCV002482184,"MONDO:MONDO:0012480,MedGen:C1835887,OMIM:610374,Orphanet:99886|MONDO:MONDO:0100164,MedGen:C1833104,OMIM:PS606176,Orphanet:99885|MONDO:MONDO:0009734,MedGen:C2931832,OMIM:256450,Orphanet:276575,Orphanet:276598|Human Phenotype Ontology:HP:0008255,MONDO:MONDO:0020525,MedGen:C0342273|Human Phenotype Ontology:HP:0004904,MONDO:MONDO:0018911,MedGen:C0342276,OMIM:PS125850,Orphanet:552||MONDO:MONDO:0009734,MedGen:C2931832,OMIM:256450,Orphanet:276575,Orphanet:276598;MONDO:MONDO:0009415,MedGen:C0271714,OMIM:240800;MONDO:MONDO:0030088,MedGen:C5394303,OMIM:618857;MONDO:MONDO:0012480,MedGen:C1835887,OMIM:610374,Orphanet:99886;Human Phenotype Ontology:HP:0005965,Human Phenotype Ontology:HP:0005978,Human Phenotype Ontology:HP:0100652,MONDO:MONDO:0005148,MeSH:D003924,MedGen:C0011860,OMIM:125853","Diabetes mellitus, transient neonatal, 2|Permanent neonatal diabetes mellitus|Hyperinsulinemic hypoglycemia, familial, 1|Transitory neonatal diabetes mellitus|Maturity-onset diabetes of the young|ABCC8-related disorder|Hyperinsulinemic hypoglycemia, familial, 1;Leucine-induced hypoglycemia;Diabetes mellitus, permanent neonatal 3;Diabetes mellitus, transient neonatal, 2;Type 2 diabetes mellitus",germline;unknown,germline,GRCh37,NC_000011.9,11,17448612,17448612,na,na,11p15.1,"criteria provided, multiple submitters, no conflicts",4,-,N,ClinGen:CA5903271,2,877185,17448612,C,A,-,-,-,-,-,-,SCV001259380|SCV001259381|SCV001265119|SCV002522243|SCV002522245|SCV002786700|SCV004106713,-,-
867621,single nucleotide variant,NM_000352.6(ABCC8):c.2206G>T (p.Ala736Ser),6833,ABCC8,HGNC:59,Uncertain significance,0,"Oct 14, 2022",191697443,-,RCV001102695|RCV001102696|RCV001107931|RCV002251553|RCV002251552|RCV004528385|RCV002482184,"MONDO:MONDO:0012480,MedGen:C1835887,OMIM:610374,Orphanet:99886|MONDO:MONDO:0100164,MedGen:C1833104,OMIM:PS606176,Orphanet:99885|MONDO:MONDO:0009734,MedGen:C2931832,OMIM:256450,Orphanet:276575,Orphanet:276598|Human Phenotype Ontology:HP:0008255,MONDO:MONDO:0020525,MedGen:C0342273|Human Phenotype Ontology:HP:0004904,MONDO:MONDO:0018911,MedGen:C0342276,OMIM:PS125850,Orphanet:552||MONDO:MONDO:0009734,MedGen:C2931832,OMIM:256450,Orphanet:276575,Orphanet:276598;MONDO:MONDO:0009415,MedGen:C0271714,OMIM:240800;MONDO:MONDO:0030088,MedGen:C5394303,OMIM:618857;MONDO:MONDO:0012480,MedGen:C1835887,OMIM:610374,Orphanet:99886;Human Phenotype Ontology:HP:0005965,Human Phenotype Ontology:HP:0005978,Human Phenotype Ontology:HP:0100652,MONDO:MONDO:0005148,MeSH:D003924,MedGen:C0011860,OMIM:125853","Diabetes mellitus, transient neonatal, 2|Permanent neonatal diabetes mellitus|Hyperinsulinemic hypoglycemia, familial, 1|Transitory neonatal diabetes mellitus|Maturity-onset diabetes of the young|ABCC8-related disorder|Hyperinsulinemic hypoglycemia, familial, 1;Leucine-induced hypoglycemia;Diabetes mellitus, permanent neonatal 3;Diabetes mellitus, transient neonatal, 2;Type 2 diabetes mellitus",germline;unknown,germline,GRCh38,NC_000011.10,11,17427065,17427065,na,na,11p15.1,"criteria provided, multiple submitters, no conflicts",4,-,N,ClinGen:CA5903271,2,877185,17427065,C,A,-,-,-,-,-,-,SCV001259380|SCV001259381|SCV001265119|SCV002522243|SCV002522245|SCV002786700|SCV004106713,-,-
867622,single nucleotide variant,NM_000352.6(ABCC8):c.2163G>T (p.Ser721=),6833,ABCC8,HGNC:59,Uncertain significance,0,"Jan 13, 2018",201724038,-,RCV001102701|RCV001102700|RCV001102702,"MONDO:MONDO:0012480,MedGen:C1835887,OMIM:610374,Orphanet:99886|MONDO:MONDO:0009734,MedGen:C2931832,OMIM:256450,Orphanet:276575,Orphanet:276598|MONDO:MONDO:0100164,MedGen:C1833104,OMIM:PS606176,Orphanet:99885","Diabetes mellitus, transient neonatal, 2|Hyperinsulinemic hypoglycemia, familial, 1|Permanent neonatal diabetes mellitus",germline,germline,GRCh37,NC_000011.9,11,17448655,17448655,na,na,11p15.1,"criteria provided, single submitter",1,-,N,ClinGen:CA473302452,2,877186,17448655,C,A,-,-,-,-,-,-,SCV001259385|SCV001259386|SCV001259387,-,-
867622,single nucleotide variant,NM_000352.6(ABCC8):c.2163G>T (p.Ser721=),6833,ABCC8,HGNC:59,Uncertain significance,0,"Jan 13, 2018",201724038,-,RCV001102701|RCV001102700|RCV001102702,"MONDO:MONDO:0012480,MedGen:C1835887,OMIM:610374,Orphanet:99886|MONDO:MONDO:0009734,MedGen:C2931832,OMIM:256450,Orphanet:276575,Orphanet:276598|MONDO:MONDO:0100164,MedGen:C1833104,OMIM:PS606176,Orphanet:99885","Diabetes mellitus, transient neonatal, 2|Hyperinsulinemic hypoglycemia, familial, 1|Permanent neonatal diabetes mellitus",germline,germline,GRCh38,NC_000011.10,11,17427108,17427108,na,na,11p15.1,"criteria provided, single submitter",1,-,N,ClinGen:CA473302452,2,877186,17427108,C,A,-,-,-,-,-,-,SCV001259385|SCV001259386|SCV001259387,-,-
867623,single nucleotide variant,NM_000352.6(ABCC8):c.1643C>T (p.Thr548Met),6833,ABCC8,HGNC:59,Conflicting classifications of pathogenicity,0,"Dec 14, 2023",763794263,-,RCV001104714|RCV001104713|RCV001104715|RCV002555031,"MONDO:MONDO:0009734,MedGen:C2931832,OMIM:256450,Orphanet:276575,Orphanet:276598|MONDO:MONDO:0100164,MedGen:C1833104,OMIM:PS606176,Orphanet:99885|MONDO:MONDO:0012480,MedGen:C1835887,OMIM:610374,Orphanet:99886|MedGen:C3661900","Hyperinsulinemic hypoglycemia, familial, 1|Permanent neonatal diabetes mellitus|Diabetes mellitus, transient neonatal, 2|not provided",germline,germline,GRCh37,NC_000011.9,11,17453779,17453779,na,na,11p15.1,"criteria provided, conflicting classifications",2,-,N,ClinGen:CA5903500,2,878288,17453779,G,A,-,-,-,-,-,-,SCV001261599|SCV001261600|SCV001261601|SCV003520518,-,-
867623,single nucleotide variant,NM_000352.6(ABCC8):c.1643C>T (p.Thr548Met),6833,ABCC8,HGNC:59,Conflicting classifications of pathogenicity,0,"Dec 14, 2023",763794263,-,RCV001104714|RCV001104713|RCV001104715|RCV002555031,"MONDO:MONDO:0009734,MedGen:C2931832,OMIM:256450,Orphanet:276575,Orphanet:276598|MONDO:MONDO:0100164,MedGen:C1833104,OMIM:PS606176,Orphanet:99885|MONDO:MONDO:0012480,MedGen:C1835887,OMIM:610374,Orphanet:99886|MedGen:C3661900","Hyperinsulinemic hypoglycemia, familial, 1|Permanent neonatal diabetes mellitus|Diabetes mellitus, transient neonatal, 2|not provided",germline,germline,GRCh38,NC_000011.10,11,17432232,17432232,na,na,11p15.1,"criteria provided, conflicting classifications",2,-,N,ClinGen:CA5903500,2,878288,17432232,G,A,-,-,-,-,-,-,SCV001261599|SCV001261600|SCV001261601|SCV003520518,-,-
867624,single nucleotide variant,NM_000352.6(ABCC8):c.1282C>G (p.Leu428Val),6833,ABCC8,HGNC:59,Uncertain significance,0,"Mar 16, 2018",1956631543,-,RCV001102899|RCV001108122|RCV001108123|RCV002252318|RCV002253768,"MONDO:MONDO:0100164,MedGen:C1833104,OMIM:PS606176,Orphanet:99885|MONDO:MONDO:0009734,MedGen:C2931832,OMIM:256450,Orphanet:276575,Orphanet:276598|MONDO:MONDO:0012480,MedGen:C1835887,OMIM:610374,Orphanet:99886|Human Phenotype Ontology:HP:0008255,MONDO:MONDO:0020525,MedGen:C0342273|Human Phenotype Ontology:HP:0004904,MONDO:MONDO:0018911,MedGen:C0342276,OMIM:PS125850,Orphanet:552","Permanent neonatal diabetes mellitus|Hyperinsulinemic hypoglycemia, familial, 1|Diabetes mellitus, transient neonatal, 2|Transitory neonatal diabetes mellitus|Maturity-onset diabetes of the young",germline;unknown,germline,GRCh37,NC_000011.9,11,17470113,17470113,na,na,11p15.1,"criteria provided, multiple submitters, no conflicts",2,-,N,ClinGen:CA379768604,2,877308,17470113,G,C,-,-,-,-,-,-,SCV001259598|SCV001265323|SCV001265324|SCV002522442|SCV002522443,-,-
867624,single nucleotide variant,NM_000352.6(ABCC8):c.1282C>G (p.Leu428Val),6833,ABCC8,HGNC:59,Uncertain significance,0,"Mar 16, 2018",1956631543,-,RCV001102899|RCV001108122|RCV001108123|RCV002252318|RCV002253768,"MONDO:MONDO:0100164,MedGen:C1833104,OMIM:PS606176,Orphanet:99885|MONDO:MONDO:0009734,MedGen:C2931832,OMIM:256450,Orphanet:276575,Orphanet:276598|MONDO:MONDO:0012480,MedGen:C1835887,OMIM:610374,Orphanet:99886|Human Phenotype Ontology:HP:0008255,MONDO:MONDO:0020525,MedGen:C0342273|Human Phenotype Ontology:HP:0004904,MONDO:MONDO:0018911,MedGen:C0342276,OMIM:PS125850,Orphanet:552","Permanent neonatal diabetes mellitus|Hyperinsulinemic hypoglycemia, familial, 1|Diabetes mellitus, transient neonatal, 2|Transitory neonatal diabetes mellitus|Maturity-onset diabetes of the young",germline;unknown,germline,GRCh38,NC_000011.10,11,17448566,17448566,na,na,11p15.1,"criteria provided, multiple submitters, no conflicts",2,-,N,ClinGen:CA379768604,2,877308,17448566,G,C,-,-,-,-,-,-,SCV001259598|SCV001265323|SCV001265324|SCV002522442|SCV002522443,-,-
867625,single nucleotide variant,NM_000352.6(ABCC8):c.1269C>A (p.Ile423=),6833,ABCC8,HGNC:59,Conflicting classifications of pathogenicity,0,"Mar 22, 2024",370169777,-,RCV001102901|RCV001102900|RCV001102902|RCV001279196|RCV005049769,"MONDO:MONDO:0009734,MedGen:C2931832,OMIM:256450,Orphanet:276575,Orphanet:276598|MONDO:MONDO:0100164,MedGen:C1833104,OMIM:PS606176,Orphanet:99885|MONDO:MONDO:0012480,MedGen:C1835887,OMIM:610374,Orphanet:99886||MONDO:MONDO:0009734,MedGen:C2931832,OMIM:256450,Orphanet:276575,Orphanet:276598;MONDO:MONDO:0009415,MedGen:C0271714,OMIM:240800;MONDO:MONDO:0030088,MedGen:C5394303,OMIM:618857;MONDO:MONDO:0012480,MedGen:C1835887,OMIM:610374,Orphanet:99886;Human Phenotype Ontology:HP:0005965,Human Phenotype Ontology:HP:0005978,Human Phenotype Ontology:HP:0100652,MONDO:MONDO:0005148,MeSH:D003924,MedGen:C0011860,OMIM:125853","Hyperinsulinemic hypoglycemia, familial, 1|Permanent neonatal diabetes mellitus|Diabetes mellitus, transient neonatal, 2|Hereditary hyperinsulinism|Hyperinsulinemic hypoglycemia, familial, 1;Leucine-induced hypoglycemia;Diabetes mellitus, permanent neonatal 3;Diabetes mellitus, transient neonatal, 2;Type 2 diabetes mellitus",germline,germline,GRCh37,NC_000011.9,11,17470126,17470126,na,na,11p15.1,"criteria provided, conflicting classifications",3,-,N,ClinGen:CA5903634,2,877309,17470126,G,T,-,-,-,-,-,-,SCV001259599|SCV001259600|SCV001259601|SCV005676415,-,-
867625,single nucleotide variant,NM_000352.6(ABCC8):c.1269C>A (p.Ile423=),6833,ABCC8,HGNC:59,Conflicting classifications of pathogenicity,0,"Mar 22, 2024",370169777,-,RCV001102901|RCV001102900|RCV001102902|RCV001279196|RCV005049769,"MONDO:MONDO:0009734,MedGen:C2931832,OMIM:256450,Orphanet:276575,Orphanet:276598|MONDO:MONDO:0100164,MedGen:C1833104,OMIM:PS606176,Orphanet:99885|MONDO:MONDO:0012480,MedGen:C1835887,OMIM:610374,Orphanet:99886||MONDO:MONDO:0009734,MedGen:C2931832,OMIM:256450,Orphanet:276575,Orphanet:276598;MONDO:MONDO:0009415,MedGen:C0271714,OMIM:240800;MONDO:MONDO:0030088,MedGen:C5394303,OMIM:618857;MONDO:MONDO:0012480,MedGen:C1835887,OMIM:610374,Orphanet:99886;Human Phenotype Ontology:HP:0005965,Human Phenotype Ontology:HP:0005978,Human Phenotype Ontology:HP:0100652,MONDO:MONDO:0005148,MeSH:D003924,MedGen:C0011860,OMIM:125853","Hyperinsulinemic hypoglycemia, familial, 1|Permanent neonatal diabetes mellitus|Diabetes mellitus, transient neonatal, 2|Hereditary hyperinsulinism|Hyperinsulinemic hypoglycemia, familial, 1;Leucine-induced hypoglycemia;Diabetes mellitus, permanent neonatal 3;Diabetes mellitus, transient neonatal, 2;Type 2 diabetes mellitus",germline,germline,GRCh38,NC_000011.10,11,17448579,17448579,na,na,11p15.1,"criteria provided, conflicting classifications",3,-,N,ClinGen:CA5903634,2,877309,17448579,G,T,-,-,-,-,-,-,SCV001259599|SCV001259600|SCV001259601|SCV005676415,-,-
867626,single nucleotide variant,NM_000352.6(ABCC8):c.1215C>T (p.Ser405=),6833,ABCC8,HGNC:59,Uncertain significance,0,"Jan 12, 2018",1956635063,-,RCV001102905|RCV001104819|RCV001104820|RCV002254335|RCV002254334,"MONDO:MONDO:0012480,MedGen:C1835887,OMIM:610374,Orphanet:99886|MONDO:MONDO:0100164,MedGen:C1833104,OMIM:PS606176,Orphanet:99885|MONDO:MONDO:0009734,MedGen:C2931832,OMIM:256450,Orphanet:276575,Orphanet:276598|Human Phenotype Ontology:HP:0008255,MONDO:MONDO:0020525,MedGen:C0342273|Human Phenotype Ontology:HP:0004904,MONDO:MONDO:0018911,MedGen:C0342276,OMIM:PS125850,Orphanet:552","Diabetes mellitus, transient neonatal, 2|Permanent neonatal diabetes mellitus|Hyperinsulinemic hypoglycemia, familial, 1|Transitory neonatal diabetes mellitus|Maturity-onset diabetes of the young",germline;unknown,germline,GRCh37,NC_000011.9,11,17470180,17470180,na,na,11p15.1,"criteria provided, multiple submitters, no conflicts",2,-,N,ClinGen:CA473299257,2,877310,17470180,G,A,-,-,-,-,-,-,SCV001259605|SCV001261712|SCV001261713|SCV002522601|SCV002522602,-,-
867626,single nucleotide variant,NM_000352.6(ABCC8):c.1215C>T (p.Ser405=),6833,ABCC8,HGNC:59,Uncertain significance,0,"Jan 12, 2018",1956635063,-,RCV001102905|RCV001104819|RCV001104820|RCV002254335|RCV002254334,"MONDO:MONDO:0012480,MedGen:C1835887,OMIM:610374,Orphanet:99886|MONDO:MONDO:0100164,MedGen:C1833104,OMIM:PS606176,Orphanet:99885|MONDO:MONDO:0009734,MedGen:C2931832,OMIM:256450,Orphanet:276575,Orphanet:276598|Human Phenotype Ontology:HP:0008255,MONDO:MONDO:0020525,MedGen:C0342273|Human Phenotype Ontology:HP:0004904,MONDO:MONDO:0018911,MedGen:C0342276,OMIM:PS125850,Orphanet:552","Diabetes mellitus, transient neonatal, 2|Permanent neonatal diabetes mellitus|Hyperinsulinemic hypoglycemia, familial, 1|Transitory neonatal diabetes mellitus|Maturity-onset diabetes of the young",germline;unknown,germline,GRCh38,NC_000011.10,11,17448633,17448633,na,na,11p15.1,"criteria provided, multiple submitters, no conflicts",2,-,N,ClinGen:CA473299257,2,877310,17448633,G,A,-,-,-,-,-,-,SCV001259605|SCV001261712|SCV001261713|SCV002522601|SCV002522602,-,-
867627,single nucleotide variant,NM_000352.6(ABCC8):c.933G>C (p.Leu311=),6833,ABCC8,HGNC:59,Conflicting classifications of pathogenicity,0,"Jan 28, 2026",776498313,-,RCV001105965|RCV001105966|RCV001105967|RCV002259549|RCV002287473|RCV003698828,"MONDO:MONDO:0009734,MedGen:C2931832,OMIM:256450,Orphanet:276575,Orphanet:276598|MONDO:MONDO:0012480,MedGen:C1835887,OMIM:610374,Orphanet:99886|MONDO:MONDO:0100164,MedGen:C1833104,OMIM:PS606176,Orphanet:99885|Human Phenotype Ontology:HP:0008255,MONDO:MONDO:0020525,MedGen:C0342273|Human Phenotype Ontology:HP:0004904,MONDO:MONDO:0018911,MedGen:C0342276,OMIM:PS125850,Orphanet:552|MedGen:C3661900","Hyperinsulinemic hypoglycemia, familial, 1|Diabetes mellitus, transient neonatal, 2|Permanent neonatal diabetes mellitus|Transitory neonatal diabetes mellitus|Maturity-onset diabetes of the young|not provided",germline;unknown,germline,GRCh37,NC_000011.9,11,17482113,17482113,na,na,11p15.1,"criteria provided, conflicting classifications",3,-,N,ClinGen:CA5903722,2,878930,17482113,C,G,-,-,-,-,-,-,SCV001262989|SCV001262990|SCV001262991|SCV002522558|SCV002522559|SCV004455230,-,-
867627,single nucleotide variant,NM_000352.6(ABCC8):c.933G>C (p.Leu311=),6833,ABCC8,HGNC:59,Conflicting classifications of pathogenicity,0,"Jan 28, 2026",776498313,-,RCV001105965|RCV001105966|RCV001105967|RCV002259549|RCV002287473|RCV003698828,"MONDO:MONDO:0009734,MedGen:C2931832,OMIM:256450,Orphanet:276575,Orphanet:276598|MONDO:MONDO:0012480,MedGen:C1835887,OMIM:610374,Orphanet:99886|MONDO:MONDO:0100164,MedGen:C1833104,OMIM:PS606176,Orphanet:99885|Human Phenotype Ontology:HP:0008255,MONDO:MONDO:0020525,MedGen:C0342273|Human Phenotype Ontology:HP:0004904,MONDO:MONDO:0018911,MedGen:C0342276,OMIM:PS125850,Orphanet:552|MedGen:C3661900","Hyperinsulinemic hypoglycemia, familial, 1|Diabetes mellitus, transient neonatal, 2|Permanent neonatal diabetes mellitus|Transitory neonatal diabetes mellitus|Maturity-onset diabetes of the young|not provided",germline;unknown,germline,GRCh38,NC_000011.10,11,17460566,17460566,na,na,11p15.1,"criteria provided, conflicting classifications",3,-,N,ClinGen:CA5903722,2,878930,17460566,C,G,-,-,-,-,-,-,SCV001262989|SCV001262990|SCV001262991|SCV002522558|SCV002522559|SCV004455230,-,-
867628,single nucleotide variant,NM_000352.6(ABCC8):c.787T>G (p.Tyr263Asp),6833,ABCC8,HGNC:59,Uncertain significance,0,"Mar 04, 2024",778892038,-,RCV001108199|RCV001108198|RCV001108200|RCV002489754,"MONDO:MONDO:0012480,MedGen:C1835887,OMIM:610374,Orphanet:99886|MONDO:MONDO:0009734,MedGen:C2931832,OMIM:256450,Orphanet:276575,Orphanet:276598|MONDO:MONDO:0100164,MedGen:C1833104,OMIM:PS606176,Orphanet:99885|MONDO:MONDO:0009734,MedGen:C2931832,OMIM:256450,Orphanet:276575,Orphanet:276598;MONDO:MONDO:0009415,MedGen:C0271714,OMIM:240800;MONDO:MONDO:0030088,MedGen:C5394303,OMIM:618857;MONDO:MONDO:0012480,MedGen:C1835887,OMIM:610374,Orphanet:99886;Human Phenotype Ontology:HP:0005965,Human Phenotype Ontology:HP:0005978,Human Phenotype Ontology:HP:0100652,MONDO:MONDO:0005148,MeSH:D003924,MedGen:C0011860,OMIM:125853","Diabetes mellitus, transient neonatal, 2|Hyperinsulinemic hypoglycemia, familial, 1|Permanent neonatal diabetes mellitus|Hyperinsulinemic hypoglycemia, familial, 1;Leucine-induced hypoglycemia;Diabetes mellitus, permanent neonatal 3;Diabetes mellitus, transient neonatal, 2;Type 2 diabetes mellitus",germline,germline,GRCh37,NC_000011.9,11,17483165,17483165,na,na,11p15.1,"criteria provided, multiple submitters, no conflicts",2,-,N,ClinGen:CA5903778,2,880150,17483165,A,C,-,-,-,-,-,-,SCV001265410|SCV001265411|SCV001265412|SCV002775947,-,-
867628,single nucleotide variant,NM_000352.6(ABCC8):c.787T>G (p.Tyr263Asp),6833,ABCC8,HGNC:59,Uncertain significance,0,"Mar 04, 2024",778892038,-,RCV001108199|RCV001108198|RCV001108200|RCV002489754,"MONDO:MONDO:0012480,MedGen:C1835887,OMIM:610374,Orphanet:99886|MONDO:MONDO:0009734,MedGen:C2931832,OMIM:256450,Orphanet:276575,Orphanet:276598|MONDO:MONDO:0100164,MedGen:C1833104,OMIM:PS606176,Orphanet:99885|MONDO:MONDO:0009734,MedGen:C2931832,OMIM:256450,Orphanet:276575,Orphanet:276598;MONDO:MONDO:0009415,MedGen:C0271714,OMIM:240800;MONDO:MONDO:0030088,MedGen:C5394303,OMIM:618857;MONDO:MONDO:0012480,MedGen:C1835887,OMIM:610374,Orphanet:99886;Human Phenotype Ontology:HP:0005965,Human Phenotype Ontology:HP:0005978,Human Phenotype Ontology:HP:0100652,MONDO:MONDO:0005148,MeSH:D003924,MedGen:C0011860,OMIM:125853","Diabetes mellitus, transient neonatal, 2|Hyperinsulinemic hypoglycemia, familial, 1|Permanent neonatal diabetes mellitus|Hyperinsulinemic hypoglycemia, familial, 1;Leucine-induced hypoglycemia;Diabetes mellitus, permanent neonatal 3;Diabetes mellitus, transient neonatal, 2;Type 2 diabetes mellitus",germline,germline,GRCh38,NC_000011.10,11,17461618,17461618,na,na,11p15.1,"criteria provided, multiple submitters, no conflicts",2,-,N,ClinGen:CA5903778,2,880150,17461618,A,C,-,-,-,-,-,-,SCV001265410|SCV001265411|SCV001265412|SCV002775947,-,-
867629,single nucleotide variant,NM_000352.6(ABCC8):c.734T>C (p.Ile245Thr),6833,ABCC8,HGNC:59,Uncertain significance,0,"Jan 13, 2018",1433841842,-,RCV001103000|RCV001103001|RCV001108201|RCV002253770|RCV002253769,"MONDO:MONDO:0009734,MedGen:C2931832,OMIM:256450,Orphanet:276575,Orphanet:276598|MONDO:MONDO:0012480,MedGen:C1835887,OMIM:610374,Orphanet:99886|MONDO:MONDO:0100164,MedGen:C1833104,OMIM:PS606176,Orphanet:99885|Human Phenotype Ontology:HP:0008255,MONDO:MONDO:0020525,MedGen:C0342273|Human Phenotype Ontology:HP:0004904,MONDO:MONDO:0018911,MedGen:C0342276,OMIM:PS125850,Orphanet:552","Hyperinsulinemic hypoglycemia, familial, 1|Diabetes mellitus, transient neonatal, 2|Permanent neonatal diabetes mellitus|Transitory neonatal diabetes mellitus|Maturity-onset diabetes of the young",germline;unknown,germline,GRCh37,NC_000011.9,11,17483218,17483218,na,na,11p15.1,"criteria provided, multiple submitters, no conflicts",2,-,N,ClinGen:CA379778450,2,877361,17483218,A,G,-,-,-,-,-,-,SCV001259709|SCV001259710|SCV001265413|SCV002522645|SCV002522646,-,-
867629,single nucleotide variant,NM_000352.6(ABCC8):c.734T>C (p.Ile245Thr),6833,ABCC8,HGNC:59,Uncertain significance,0,"Jan 13, 2018",1433841842,-,RCV001103000|RCV001103001|RCV001108201|RCV002253770|RCV002253769,"MONDO:MONDO:0009734,MedGen:C2931832,OMIM:256450,Orphanet:276575,Orphanet:276598|MONDO:MONDO:0012480,MedGen:C1835887,OMIM:610374,Orphanet:99886|MONDO:MONDO:0100164,MedGen:C1833104,OMIM:PS606176,Orphanet:99885|Human Phenotype Ontology:HP:0008255,MONDO:MONDO:0020525,MedGen:C0342273|Human Phenotype Ontology:HP:0004904,MONDO:MONDO:0018911,MedGen:C0342276,OMIM:PS125850,Orphanet:552","Hyperinsulinemic hypoglycemia, familial, 1|Diabetes mellitus, transient neonatal, 2|Permanent neonatal diabetes mellitus|Transitory neonatal diabetes mellitus|Maturity-onset diabetes of the young",germline;unknown,germline,GRCh38,NC_000011.10,11,17461671,17461671,na,na,11p15.1,"criteria provided, multiple submitters, no conflicts",2,-,N,ClinGen:CA379778450,2,877361,17461671,A,G,-,-,-,-,-,-,SCV001259709|SCV001259710|SCV001265413|SCV002522645|SCV002522646,-,-
867630,single nucleotide variant,NM_000352.6(ABCC8):c.723C>T (p.His241=),6833,ABCC8,HGNC:59,Conflicting classifications of pathogenicity,0,"Apr 25, 2024",147276708,-,RCV001103003|RCV001103002|RCV001103004|RCV002069716|RCV002253772|RCV002253771|RCV004659350,"MONDO:MONDO:0012480,MedGen:C1835887,OMIM:610374,Orphanet:99886|MONDO:MONDO:0009734,MedGen:C2931832,OMIM:256450,Orphanet:276575,Orphanet:276598|MONDO:MONDO:0100164,MedGen:C1833104,OMIM:PS606176,Orphanet:99885|MedGen:C3661900|Human Phenotype Ontology:HP:0008255,MONDO:MONDO:0020525,MedGen:C0342273|Human Phenotype Ontology:HP:0004904,MONDO:MONDO:0018911,MedGen:C0342276,OMIM:PS125850,Orphanet:552|MeSH:D030342,MedGen:C0950123","Diabetes mellitus, transient neonatal, 2|Hyperinsulinemic hypoglycemia, familial, 1|Permanent neonatal diabetes mellitus|not provided|Transitory neonatal diabetes mellitus|Maturity-onset diabetes of the young|Inborn genetic diseases",germline;unknown,germline,GRCh37,NC_000011.9,11,17483229,17483229,na,na,11p15.1,"criteria provided, conflicting classifications",4,-,N,ClinGen:CA5903793,2,877362,17483229,G,A,-,-,-,-,-,-,SCV001259711|SCV001259712|SCV001259713|SCV002379524|SCV002522649|SCV002522650|SCV005150243,-,-
867630,single nucleotide variant,NM_000352.6(ABCC8):c.723C>T (p.His241=),6833,ABCC8,HGNC:59,Conflicting classifications of pathogenicity,0,"Apr 25, 2024",147276708,-,RCV001103003|RCV001103002|RCV001103004|RCV002069716|RCV002253772|RCV002253771|RCV004659350,"MONDO:MONDO:0012480,MedGen:C1835887,OMIM:610374,Orphanet:99886|MONDO:MONDO:0009734,MedGen:C2931832,OMIM:256450,Orphanet:276575,Orphanet:276598|MONDO:MONDO:0100164,MedGen:C1833104,OMIM:PS606176,Orphanet:99885|MedGen:C3661900|Human Phenotype Ontology:HP:0008255,MONDO:MONDO:0020525,MedGen:C0342273|Human Phenotype Ontology:HP:0004904,MONDO:MONDO:0018911,MedGen:C0342276,OMIM:PS125850,Orphanet:552|MeSH:D030342,MedGen:C0950123","Diabetes mellitus, transient neonatal, 2|Hyperinsulinemic hypoglycemia, familial, 1|Permanent neonatal diabetes mellitus|not provided|Transitory neonatal diabetes mellitus|Maturity-onset diabetes of the young|Inborn genetic diseases",germline;unknown,germline,GRCh38,NC_000011.10,11,17461682,17461682,na,na,11p15.1,"criteria provided, conflicting classifications",4,-,N,ClinGen:CA5903793,2,877362,17461682,G,A,-,-,-,-,-,-,SCV001259711|SCV001259712|SCV001259713|SCV002379524|SCV002522649|SCV002522650|SCV005150243,-,-
867631,single nucleotide variant,NM_000352.6(ABCC8):c.621C>T (p.Pro207=),6833,ABCC8,HGNC:59,Conflicting classifications of pathogenicity,0,"Oct 17, 2023",765043940,-,RCV001103005|RCV001103006|RCV001103007|RCV001492855,"MONDO:MONDO:0009734,MedGen:C2931832,OMIM:256450,Orphanet:276575,Orphanet:276598|MONDO:MONDO:0100164,MedGen:C1833104,OMIM:PS606176,Orphanet:99885|MONDO:MONDO:0012480,MedGen:C1835887,OMIM:610374,Orphanet:99886|MedGen:C3661900","Hyperinsulinemic hypoglycemia, familial, 1|Permanent neonatal diabetes mellitus|Diabetes mellitus, transient neonatal, 2|not provided",germline,germline,GRCh37,NC_000011.9,11,17483331,17483331,na,na,11p15.1,"criteria provided, conflicting classifications",2,-,N,ClinGen:CA5903811,2,877363,17483331,G,A,-,-,-,-,-,-,SCV001259714|SCV001259715|SCV001259716|SCV001697475,-,-
867631,single nucleotide variant,NM_000352.6(ABCC8):c.621C>T (p.Pro207=),6833,ABCC8,HGNC:59,Conflicting classifications of pathogenicity,0,"Oct 17, 2023",765043940,-,RCV001103005|RCV001103006|RCV001103007|RCV001492855,"MONDO:MONDO:0009734,MedGen:C2931832,OMIM:256450,Orphanet:276575,Orphanet:276598|MONDO:MONDO:0100164,MedGen:C1833104,OMIM:PS606176,Orphanet:99885|MONDO:MONDO:0012480,MedGen:C1835887,OMIM:610374,Orphanet:99886|MedGen:C3661900","Hyperinsulinemic hypoglycemia, familial, 1|Permanent neonatal diabetes mellitus|Diabetes mellitus, transient neonatal, 2|not provided",germline,germline,GRCh38,NC_000011.10,11,17461784,17461784,na,na,11p15.1,"criteria provided, conflicting classifications",2,-,N,ClinGen:CA5903811,2,877363,17461784,G,A,-,-,-,-,-,-,SCV001259714|SCV001259715|SCV001259716|SCV001697475,-,-
867632,single nucleotide variant,NM_000352.6(ABCC8):c.620C>T (p.Pro207Leu),6833,ABCC8,HGNC:59,Uncertain significance,0,"May 14, 2024",750165947,-,RCV001104905|RCV001104907|RCV001104906|RCV002253774|RCV002253773|RCV005047311,"MONDO:MONDO:0012480,MedGen:C1835887,OMIM:610374,Orphanet:99886|MONDO:MONDO:0100164,MedGen:C1833104,OMIM:PS606176,Orphanet:99885|MONDO:MONDO:0009734,MedGen:C2931832,OMIM:256450,Orphanet:276575,Orphanet:276598|Human Phenotype Ontology:HP:0008255,MONDO:MONDO:0020525,MedGen:C0342273|Human Phenotype Ontology:HP:0004904,MONDO:MONDO:0018911,MedGen:C0342276,OMIM:PS125850,Orphanet:552|MONDO:MONDO:0009734,MedGen:C2931832,OMIM:256450,Orphanet:276575,Orphanet:276598;MONDO:MONDO:0009415,MedGen:C0271714,OMIM:240800;MONDO:MONDO:0030088,MedGen:C5394303,OMIM:618857;MONDO:MONDO:0012480,MedGen:C1835887,OMIM:610374,Orphanet:99886;Human Phenotype Ontology:HP:0005965,Human Phenotype Ontology:HP:0005978,Human Phenotype Ontology:HP:0100652,MONDO:MONDO:0005148,MeSH:D003924,MedGen:C0011860,OMIM:125853","Diabetes mellitus, transient neonatal, 2|Permanent neonatal diabetes mellitus|Hyperinsulinemic hypoglycemia, familial, 1|Transitory neonatal diabetes mellitus|Maturity-onset diabetes of the young|Hyperinsulinemic hypoglycemia, familial, 1;Leucine-induced hypoglycemia;Diabetes mellitus, permanent neonatal 3;Diabetes mellitus, transient neonatal, 2;Type 2 diabetes mellitus",germline;unknown,germline,GRCh37,NC_000011.9,11,17483332,17483332,na,na,11p15.1,"criteria provided, multiple submitters, no conflicts",3,-,N,ClinGen:CA5903812,2,878388,17483332,G,A,-,-,-,-,-,-,SCV001261811|SCV001261812|SCV001261813|SCV002522661|SCV002522662|SCV005676099,-,-
867632,single nucleotide variant,NM_000352.6(ABCC8):c.620C>T (p.Pro207Leu),6833,ABCC8,HGNC:59,Uncertain significance,0,"May 14, 2024",750165947,-,RCV001104905|RCV001104907|RCV001104906|RCV002253774|RCV002253773|RCV005047311,"MONDO:MONDO:0012480,MedGen:C1835887,OMIM:610374,Orphanet:99886|MONDO:MONDO:0100164,MedGen:C1833104,OMIM:PS606176,Orphanet:99885|MONDO:MONDO:0009734,MedGen:C2931832,OMIM:256450,Orphanet:276575,Orphanet:276598|Human Phenotype Ontology:HP:0008255,MONDO:MONDO:0020525,MedGen:C0342273|Human Phenotype Ontology:HP:0004904,MONDO:MONDO:0018911,MedGen:C0342276,OMIM:PS125850,Orphanet:552|MONDO:MONDO:0009734,MedGen:C2931832,OMIM:256450,Orphanet:276575,Orphanet:276598;MONDO:MONDO:0009415,MedGen:C0271714,OMIM:240800;MONDO:MONDO:0030088,MedGen:C5394303,OMIM:618857;MONDO:MONDO:0012480,MedGen:C1835887,OMIM:610374,Orphanet:99886;Human Phenotype Ontology:HP:0005965,Human Phenotype Ontology:HP:0005978,Human Phenotype Ontology:HP:0100652,MONDO:MONDO:0005148,MeSH:D003924,MedGen:C0011860,OMIM:125853","Diabetes mellitus, transient neonatal, 2|Permanent neonatal diabetes mellitus|Hyperinsulinemic hypoglycemia, familial, 1|Transitory neonatal diabetes mellitus|Maturity-onset diabetes of the young|Hyperinsulinemic hypoglycemia, familial, 1;Leucine-induced hypoglycemia;Diabetes mellitus, permanent neonatal 3;Diabetes mellitus, transient neonatal, 2;Type 2 diabetes mellitus",germline;unknown,germline,GRCh38,NC_000011.10,11,17461785,17461785,na,na,11p15.1,"criteria provided, multiple submitters, no conflicts",3,-,N,ClinGen:CA5903812,2,878388,17461785,G,A,-,-,-,-,-,-,SCV001261811|SCV001261812|SCV001261813|SCV002522661|SCV002522662|SCV005676099,-,-
867633,single nucleotide variant,NM_000352.6(ABCC8):c.587T>A (p.Ile196Asn),6833,ABCC8,HGNC:59,Uncertain significance,0,"Jun 14, 2024",1957204723,-,RCV001104908|RCV001104909|RCV001104910|RCV002253776|RCV002253775|RCV004702640,"MONDO:MONDO:0100164,MedGen:C1833104,OMIM:PS606176,Orphanet:99885|MONDO:MONDO:0009734,MedGen:C2931832,OMIM:256450,Orphanet:276575,Orphanet:276598|MONDO:MONDO:0012480,MedGen:C1835887,OMIM:610374,Orphanet:99886|Human Phenotype Ontology:HP:0008255,MONDO:MONDO:0020525,MedGen:C0342273|Human Phenotype Ontology:HP:0004904,MONDO:MONDO:0018911,MedGen:C0342276,OMIM:PS125850,Orphanet:552|MedGen:CN169374","Permanent neonatal diabetes mellitus|Hyperinsulinemic hypoglycemia, familial, 1|Diabetes mellitus, transient neonatal, 2|Transitory neonatal diabetes mellitus|Maturity-onset diabetes of the young|not specified",germline;unknown,germline,GRCh37,NC_000011.9,11,17483365,17483365,na,na,11p15.1,"criteria provided, multiple submitters, no conflicts",3,-,N,ClinGen:CA379779450,2,878389,17483365,A,T,-,-,-,-,-,-,SCV001261814|SCV001261815|SCV001261816|SCV002522671|SCV002522672|SCV005205211,-,-
867633,single nucleotide variant,NM_000352.6(ABCC8):c.587T>A (p.Ile196Asn),6833,ABCC8,HGNC:59,Uncertain significance,0,"Jun 14, 2024",1957204723,-,RCV001104908|RCV001104909|RCV001104910|RCV002253776|RCV002253775|RCV004702640,"MONDO:MONDO:0100164,MedGen:C1833104,OMIM:PS606176,Orphanet:99885|MONDO:MONDO:0009734,MedGen:C2931832,OMIM:256450,Orphanet:276575,Orphanet:276598|MONDO:MONDO:0012480,MedGen:C1835887,OMIM:610374,Orphanet:99886|Human Phenotype Ontology:HP:0008255,MONDO:MONDO:0020525,MedGen:C0342273|Human Phenotype Ontology:HP:0004904,MONDO:MONDO:0018911,MedGen:C0342276,OMIM:PS125850,Orphanet:552|MedGen:CN169374","Permanent neonatal diabetes mellitus|Hyperinsulinemic hypoglycemia, familial, 1|Diabetes mellitus, transient neonatal, 2|Transitory neonatal diabetes mellitus|Maturity-onset diabetes of the young|not specified",germline;unknown,germline,GRCh38,NC_000011.10,11,17461818,17461818,na,na,11p15.1,"criteria provided, multiple submitters, no conflicts",3,-,N,ClinGen:CA379779450,2,878389,17461818,A,T,-,-,-,-,-,-,SCV001261814|SCV001261815|SCV001261816|SCV002522671|SCV002522672|SCV005205211,-,-
867634,single nucleotide variant,NM_000352.6(ABCC8):c.507C>T (p.Phe169=),6833,ABCC8,HGNC:59,Conflicting classifications of pathogenicity,0,"Jan 09, 2026",755745806,-,RCV001106071|RCV001108306|RCV001108307|RCV001419039|RCV002254199|RCV002254198,"MONDO:MONDO:0009734,MedGen:C2931832,OMIM:256450,Orphanet:276575,Orphanet:276598|MONDO:MONDO:0100164,MedGen:C1833104,OMIM:PS606176,Orphanet:99885|MONDO:MONDO:0012480,MedGen:C1835887,OMIM:610374,Orphanet:99886|MedGen:C3661900|Human Phenotype Ontology:HP:0008255,MONDO:MONDO:0020525,MedGen:C0342273|Human Phenotype Ontology:HP:0004904,MONDO:MONDO:0018911,MedGen:C0342276,OMIM:PS125850,Orphanet:552","Hyperinsulinemic hypoglycemia, familial, 1|Permanent neonatal diabetes mellitus|Diabetes mellitus, transient neonatal, 2|not provided|Transitory neonatal diabetes mellitus|Maturity-onset diabetes of the young",germline;unknown,germline,GRCh37,NC_000011.9,11,17485057,17485057,na,na,11p15.1,"criteria provided, conflicting classifications",3,-,N,ClinGen:CA5903854,2,878978,17485057,G,A,-,-,-,-,-,-,SCV001263102|SCV001265527|SCV001265528|SCV001621284|SCV002524065|SCV002524066,-,-
867634,single nucleotide variant,NM_000352.6(ABCC8):c.507C>T (p.Phe169=),6833,ABCC8,HGNC:59,Conflicting classifications of pathogenicity,0,"Jan 09, 2026",755745806,-,RCV001106071|RCV001108306|RCV001108307|RCV001419039|RCV002254199|RCV002254198,"MONDO:MONDO:0009734,MedGen:C2931832,OMIM:256450,Orphanet:276575,Orphanet:276598|MONDO:MONDO:0100164,MedGen:C1833104,OMIM:PS606176,Orphanet:99885|MONDO:MONDO:0012480,MedGen:C1835887,OMIM:610374,Orphanet:99886|MedGen:C3661900|Human Phenotype Ontology:HP:0008255,MONDO:MONDO:0020525,MedGen:C0342273|Human Phenotype Ontology:HP:0004904,MONDO:MONDO:0018911,MedGen:C0342276,OMIM:PS125850,Orphanet:552","Hyperinsulinemic hypoglycemia, familial, 1|Permanent neonatal diabetes mellitus|Diabetes mellitus, transient neonatal, 2|not provided|Transitory neonatal diabetes mellitus|Maturity-onset diabetes of the young",germline;unknown,germline,GRCh38,NC_000011.10,11,17463510,17463510,na,na,11p15.1,"criteria provided, conflicting classifications",3,-,N,ClinGen:CA5903854,2,878978,17463510,G,A,-,-,-,-,-,-,SCV001263102|SCV001265527|SCV001265528|SCV001621284|SCV002524065|SCV002524066,-,-
867635,single nucleotide variant,NM_000352.6(ABCC8):c.74G>T (p.Gly25Val),6833,ABCC8,HGNC:59,Uncertain significance,0,"Apr 27, 2017",763302648,-,RCV001108382|RCV001108381|RCV001108383|RCV002254201|RCV002254200,"MONDO:MONDO:0100164,MedGen:C1833104,OMIM:PS606176,Orphanet:99885|MONDO:MONDO:0009734,MedGen:C2931832,OMIM:256450,Orphanet:276575,Orphanet:276598|MONDO:MONDO:0012480,MedGen:C1835887,OMIM:610374,Orphanet:99886|Human Phenotype Ontology:HP:0008255,MONDO:MONDO:0020525,MedGen:C0342273|Human Phenotype Ontology:HP:0004904,MONDO:MONDO:0018911,MedGen:C0342276,OMIM:PS125850,Orphanet:552","Permanent neonatal diabetes mellitus|Hyperinsulinemic hypoglycemia, familial, 1|Diabetes mellitus, transient neonatal, 2|Transitory neonatal diabetes mellitus|Maturity-onset diabetes of the young",germline;unknown,germline,GRCh37,NC_000011.9,11,17498250,17498250,na,na,11p15.1,"criteria provided, multiple submitters, no conflicts",2,-,N,ClinGen:CA5903988,2,880248,17498250,C,A,-,-,-,-,-,-,SCV001265610|SCV001265611|SCV001265612|SCV002524146|SCV002524147,-,-
867635,single nucleotide variant,NM_000352.6(ABCC8):c.74G>T (p.Gly25Val),6833,ABCC8,HGNC:59,Uncertain significance,0,"Apr 27, 2017",763302648,-,RCV001108382|RCV001108381|RCV001108383|RCV002254201|RCV002254200,"MONDO:MONDO:0100164,MedGen:C1833104,OMIM:PS606176,Orphanet:99885|MONDO:MONDO:0009734,MedGen:C2931832,OMIM:256450,Orphanet:276575,Orphanet:276598|MONDO:MONDO:0012480,MedGen:C1835887,OMIM:610374,Orphanet:99886|Human Phenotype Ontology:HP:0008255,MONDO:MONDO:0020525,MedGen:C0342273|Human Phenotype Ontology:HP:0004904,MONDO:MONDO:0018911,MedGen:C0342276,OMIM:PS125850,Orphanet:552","Permanent neonatal diabetes mellitus|Hyperinsulinemic hypoglycemia, familial, 1|Diabetes mellitus, transient neonatal, 2|Transitory neonatal diabetes mellitus|Maturity-onset diabetes of the young",germline;unknown,germline,GRCh38,NC_000011.10,11,17476703,17476703,na,na,11p15.1,"criteria provided, multiple submitters, no conflicts",2,-,N,ClinGen:CA5903988,2,880248,17476703,C,A,-,-,-,-,-,-,SCV001265610|SCV001265611|SCV001265612|SCV002524146|SCV002524147,-,-
868624,single nucleotide variant,NM_000352.6(ABCC8):c.4545+9T>C,6833,ABCC8,HGNC:59,Conflicting classifications of pathogenicity,0,"Jul 24, 2025",775018351,-,RCV001103832|RCV001103833|RCV001103834|RCV001856404|RCV005913684,"MONDO:MONDO:0100164,MedGen:C1833104,OMIM:PS606176,Orphanet:99885|MONDO:MONDO:0009734,MedGen:C2931832,OMIM:256450,Orphanet:276575,Orphanet:276598|MONDO:MONDO:0012480,MedGen:C1835887,OMIM:610374,Orphanet:99886|MedGen:C3661900|MedGen:CN169374","Permanent neonatal diabetes mellitus|Hyperinsulinemic hypoglycemia, familial, 1|Diabetes mellitus, transient neonatal, 2|not provided|not specified",germline;unknown,germline,GRCh37,NC_000011.9,11,17415804,17415804,na,na,11p15.1,"criteria provided, conflicting classifications",4,-,N,ClinGen:CA5902449,2,877783,17415804,A,G,-,-,-,-,-,-,SCV001260645|SCV001260646|SCV001260647|SCV002132609|SCV004698141|SCV007094029,-,-
868624,single nucleotide variant,NM_000352.6(ABCC8):c.4545+9T>C,6833,ABCC8,HGNC:59,Conflicting classifications of pathogenicity,0,"Jul 24, 2025",775018351,-,RCV001103832|RCV001103833|RCV001103834|RCV001856404|RCV005913684,"MONDO:MONDO:0100164,MedGen:C1833104,OMIM:PS606176,Orphanet:99885|MONDO:MONDO:0009734,MedGen:C2931832,OMIM:256450,Orphanet:276575,Orphanet:276598|MONDO:MONDO:0012480,MedGen:C1835887,OMIM:610374,Orphanet:99886|MedGen:C3661900|MedGen:CN169374","Permanent neonatal diabetes mellitus|Hyperinsulinemic hypoglycemia, familial, 1|Diabetes mellitus, transient neonatal, 2|not provided|not specified",germline;unknown,germline,GRCh38,NC_000011.10,11,17394257,17394257,na,na,11p15.1,"criteria provided, conflicting classifications",4,-,N,ClinGen:CA5902449,2,877783,17394257,A,G,-,-,-,-,-,-,SCV001260645|SCV001260646|SCV001260647|SCV002132609|SCV004698141|SCV007094029,-,-
868625,single nucleotide variant,NM_000352.6(ABCC8):c.3650+4C>G,6833,ABCC8,HGNC:59,Conflicting classifications of pathogenicity,0,"Dec 31, 2024",374315114,-,RCV001104036|RCV001104038|RCV001104037|RCV001277872|RCV002276625|RCV004538324|RCV005236603,"MONDO:MONDO:0009734,MedGen:C2931832,OMIM:256450,Orphanet:276575,Orphanet:276598|MONDO:MONDO:0100164,MedGen:C1833104,OMIM:PS606176,Orphanet:99885|MONDO:MONDO:0012480,MedGen:C1835887,OMIM:610374,Orphanet:99886||MedGen:C3661900||MedGen:CN169374","Hyperinsulinemic hypoglycemia, familial, 1|Permanent neonatal diabetes mellitus|Diabetes mellitus, transient neonatal, 2|Hereditary hyperinsulinism|not provided|ABCC8-related disorder|not specified",germline,germline,GRCh37,NC_000011.9,11,17424204,17424204,na,na,11p15.1,"criteria provided, conflicting classifications",5,-,N,ClinGen:CA5902752,2,877890,17424204,G,C,-,-,-,-,-,-,SCV001260863|SCV001260864|SCV001260865|SCV002567405|SCV005884454,-,-
868625,single nucleotide variant,NM_000352.6(ABCC8):c.3650+4C>G,6833,ABCC8,HGNC:59,Conflicting classifications of pathogenicity,0,"Dec 31, 2024",374315114,-,RCV001104036|RCV001104038|RCV001104037|RCV001277872|RCV002276625|RCV004538324|RCV005236603,"MONDO:MONDO:0009734,MedGen:C2931832,OMIM:256450,Orphanet:276575,Orphanet:276598|MONDO:MONDO:0100164,MedGen:C1833104,OMIM:PS606176,Orphanet:99885|MONDO:MONDO:0012480,MedGen:C1835887,OMIM:610374,Orphanet:99886||MedGen:C3661900||MedGen:CN169374","Hyperinsulinemic hypoglycemia, familial, 1|Permanent neonatal diabetes mellitus|Diabetes mellitus, transient neonatal, 2|Hereditary hyperinsulinism|not provided|ABCC8-related disorder|not specified",germline,germline,GRCh38,NC_000011.10,11,17402657,17402657,na,na,11p15.1,"criteria provided, conflicting classifications",5,-,N,ClinGen:CA5902752,2,877890,17402657,G,C,-,-,-,-,-,-,SCV001260863|SCV001260864|SCV001260865|SCV002567405|SCV005884454,-,-
868626,single nucleotide variant,NM_000352.6(ABCC8):c.1924-9C>T,6833,ABCC8,HGNC:59,Conflicting classifications of pathogenicity,0,"Jan 27, 2026",1218098329,-,RCV001108015|RCV001108016|RCV001108017|RCV002069765|RCV002267077|RCV002267076,"MONDO:MONDO:0012480,MedGen:C1835887,OMIM:610374,Orphanet:99886|MONDO:MONDO:0009734,MedGen:C2931832,OMIM:256450,Orphanet:276575,Orphanet:276598|MONDO:MONDO:0100164,MedGen:C1833104,OMIM:PS606176,Orphanet:99885|MedGen:C3661900|Human Phenotype Ontology:HP:0008255,MONDO:MONDO:0020525,MedGen:C0342273|Human Phenotype Ontology:HP:0004904,MONDO:MONDO:0018911,MedGen:C0342276,OMIM:PS125850,Orphanet:552","Diabetes mellitus, transient neonatal, 2|Hyperinsulinemic hypoglycemia, familial, 1|Permanent neonatal diabetes mellitus|not provided|Transitory neonatal diabetes mellitus|Maturity-onset diabetes of the young",germline;unknown,germline,GRCh37,NC_000011.9,11,17449961,17449961,na,na,11p15.1,"criteria provided, conflicting classifications",3,-,N,ClinGen:CA597904337,2,880040,17449961,G,A,-,-,-,-,-,-,SCV001265209|SCV001265210|SCV001265211|SCV002398138|SCV002522303|SCV002522304,-,-
868626,single nucleotide variant,NM_000352.6(ABCC8):c.1924-9C>T,6833,ABCC8,HGNC:59,Conflicting classifications of pathogenicity,0,"Jan 27, 2026",1218098329,-,RCV001108015|RCV001108016|RCV001108017|RCV002069765|RCV002267077|RCV002267076,"MONDO:MONDO:0012480,MedGen:C1835887,OMIM:610374,Orphanet:99886|MONDO:MONDO:0009734,MedGen:C2931832,OMIM:256450,Orphanet:276575,Orphanet:276598|MONDO:MONDO:0100164,MedGen:C1833104,OMIM:PS606176,Orphanet:99885|MedGen:C3661900|Human Phenotype Ontology:HP:0008255,MONDO:MONDO:0020525,MedGen:C0342273|Human Phenotype Ontology:HP:0004904,MONDO:MONDO:0018911,MedGen:C0342276,OMIM:PS125850,Orphanet:552","Diabetes mellitus, transient neonatal, 2|Hyperinsulinemic hypoglycemia, familial, 1|Permanent neonatal diabetes mellitus|not provided|Transitory neonatal diabetes mellitus|Maturity-onset diabetes of the young",germline;unknown,germline,GRCh38,NC_000011.10,11,17428414,17428414,na,na,11p15.1,"criteria provided, conflicting classifications",3,-,N,ClinGen:CA597904337,2,880040,17428414,G,A,-,-,-,-,-,-,SCV001265209|SCV001265210|SCV001265211|SCV002398138|SCV002522303|SCV002522304,-,-
868627,single nucleotide variant,NM_000352.6(ABCC8):c.1630+8C>T,6833,ABCC8,HGNC:59,Conflicting classifications of pathogenicity,0,"Jan 11, 2026",200053398,-,RCV001104717|RCV001104718|RCV001104716|RCV001417995|RCV001819811|RCV002267075|RCV002267074,"MONDO:MONDO:0100164,MedGen:C1833104,OMIM:PS606176,Orphanet:99885|MONDO:MONDO:0009734,MedGen:C2931832,OMIM:256450,Orphanet:276575,Orphanet:276598|MONDO:MONDO:0012480,MedGen:C1835887,OMIM:610374,Orphanet:99886|MedGen:C3661900|MedGen:CN169374|Human Phenotype Ontology:HP:0008255,MONDO:MONDO:0020525,MedGen:C0342273|Human Phenotype Ontology:HP:0004904,MONDO:MONDO:0018911,MedGen:C0342276,OMIM:PS125850,Orphanet:552","Permanent neonatal diabetes mellitus|Hyperinsulinemic hypoglycemia, familial, 1|Diabetes mellitus, transient neonatal, 2|not provided|not specified|Transitory neonatal diabetes mellitus|Maturity-onset diabetes of the young",germline;unknown,germline,GRCh37,NC_000011.9,11,17464259,17464259,na,na,11p15.1,"criteria provided, conflicting classifications",5,-,N,ClinGen:CA5903511,2,878289,17464259,G,A,-,-,-,-,-,-,SCV001261602|SCV001261603|SCV001261604|SCV001620214|SCV002069940|SCV002522373|SCV002522374|SCV006073575,-,-
868627,single nucleotide variant,NM_000352.6(ABCC8):c.1630+8C>T,6833,ABCC8,HGNC:59,Conflicting classifications of pathogenicity,0,"Jan 11, 2026",200053398,-,RCV001104717|RCV001104718|RCV001104716|RCV001417995|RCV001819811|RCV002267075|RCV002267074,"MONDO:MONDO:0100164,MedGen:C1833104,OMIM:PS606176,Orphanet:99885|MONDO:MONDO:0009734,MedGen:C2931832,OMIM:256450,Orphanet:276575,Orphanet:276598|MONDO:MONDO:0012480,MedGen:C1835887,OMIM:610374,Orphanet:99886|MedGen:C3661900|MedGen:CN169374|Human Phenotype Ontology:HP:0008255,MONDO:MONDO:0020525,MedGen:C0342273|Human Phenotype Ontology:HP:0004904,MONDO:MONDO:0018911,MedGen:C0342276,OMIM:PS125850,Orphanet:552","Permanent neonatal diabetes mellitus|Hyperinsulinemic hypoglycemia, familial, 1|Diabetes mellitus, transient neonatal, 2|not provided|not specified|Transitory neonatal diabetes mellitus|Maturity-onset diabetes of the young",germline;unknown,germline,GRCh38,NC_000011.10,11,17442712,17442712,na,na,11p15.1,"criteria provided, conflicting classifications",5,-,N,ClinGen:CA5903511,2,878289,17442712,G,A,-,-,-,-,-,-,SCV001261602|SCV001261603|SCV001261604|SCV001620214|SCV002069940|SCV002522373|SCV002522374|SCV006073575,-,-
868628,single nucleotide variant,NM_000352.6(ABCC8):c.580-7C>A,6833,ABCC8,HGNC:59,Conflicting classifications of pathogenicity,0,"Feb 22, 2024",771196330,-,RCV001106070|RCV001104911|RCV001104912|RCV002254196|RCV002254197|RCV002555034|RCV005913688,"MONDO:MONDO:0100164,MedGen:C1833104,OMIM:PS606176,Orphanet:99885|MONDO:MONDO:0009734,MedGen:C2931832,OMIM:256450,Orphanet:276575,Orphanet:276598|MONDO:MONDO:0012480,MedGen:C1835887,OMIM:610374,Orphanet:99886|Human Phenotype Ontology:HP:0004904,MONDO:MONDO:0018911,MedGen:C0342276,OMIM:PS125850,Orphanet:552|Human Phenotype Ontology:HP:0008255,MONDO:MONDO:0020525,MedGen:C0342273|MedGen:C3661900|MedGen:C1261473","Permanent neonatal diabetes mellitus|Hyperinsulinemic hypoglycemia, familial, 1|Diabetes mellitus, transient neonatal, 2|Maturity-onset diabetes of the young|Transitory neonatal diabetes mellitus|not provided|Sarcoma",germline;not applicable;unknown,germline,GRCh37,NC_000011.9,11,17483379,17483379,na,na,11p15.1,"criteria provided, conflicting classifications",4,-,N,ClinGen:CA5903823,2,878390,17483379,G,T,-,-,-,-,-,-,SCV001261817|SCV001261818|SCV001263101|SCV002522675|SCV002522676|SCV003484413,-,-
868628,single nucleotide variant,NM_000352.6(ABCC8):c.580-7C>A,6833,ABCC8,HGNC:59,Conflicting classifications of pathogenicity,0,"Feb 22, 2024",771196330,-,RCV001106070|RCV001104911|RCV001104912|RCV002254196|RCV002254197|RCV002555034|RCV005913688,"MONDO:MONDO:0100164,MedGen:C1833104,OMIM:PS606176,Orphanet:99885|MONDO:MONDO:0009734,MedGen:C2931832,OMIM:256450,Orphanet:276575,Orphanet:276598|MONDO:MONDO:0012480,MedGen:C1835887,OMIM:610374,Orphanet:99886|Human Phenotype Ontology:HP:0004904,MONDO:MONDO:0018911,MedGen:C0342276,OMIM:PS125850,Orphanet:552|Human Phenotype Ontology:HP:0008255,MONDO:MONDO:0020525,MedGen:C0342273|MedGen:C3661900|MedGen:C1261473","Permanent neonatal diabetes mellitus|Hyperinsulinemic hypoglycemia, familial, 1|Diabetes mellitus, transient neonatal, 2|Maturity-onset diabetes of the young|Transitory neonatal diabetes mellitus|not provided|Sarcoma",germline;not applicable;unknown,germline,GRCh38,NC_000011.10,11,17461832,17461832,na,na,11p15.1,"criteria provided, conflicting classifications",4,-,N,ClinGen:CA5903823,2,878390,17461832,G,T,-,-,-,-,-,-,SCV001261817|SCV001261818|SCV001263101|SCV002522675|SCV002522676|SCV003484413,-,-
868629,single nucleotide variant,NM_000352.6(ABCC8):c.148+3G>A,6833,ABCC8,HGNC:59,Uncertain significance,0,"Jan 13, 2018",996321405,-,RCV001106168|RCV001106169|RCV001106170|RCV002254336|RCV002253777,"MONDO:MONDO:0012480,MedGen:C1835887,OMIM:610374,Orphanet:99886|MONDO:MONDO:0100164,MedGen:C1833104,OMIM:PS606176,Orphanet:99885|MONDO:MONDO:0009734,MedGen:C2931832,OMIM:256450,Orphanet:276575,Orphanet:276598|Human Phenotype Ontology:HP:0004904,MONDO:MONDO:0018911,MedGen:C0342276,OMIM:PS125850,Orphanet:552|Human Phenotype Ontology:HP:0008255,MONDO:MONDO:0020525,MedGen:C0342273","Diabetes mellitus, transient neonatal, 2|Permanent neonatal diabetes mellitus|Hyperinsulinemic hypoglycemia, familial, 1|Maturity-onset diabetes of the young|Transitory neonatal diabetes mellitus",germline;unknown,germline,GRCh37,NC_000011.9,11,17498173,17498173,na,na,11p15.1,"criteria provided, multiple submitters, no conflicts",2,-,N,ClinGen:CA218463846,2,879032,17498173,C,T,-,-,-,-,-,-,SCV001263207|SCV001263208|SCV001263209|SCV002522692|SCV002522693,-,-
868629,single nucleotide variant,NM_000352.6(ABCC8):c.148+3G>A,6833,ABCC8,HGNC:59,Uncertain significance,0,"Jan 13, 2018",996321405,-,RCV001106168|RCV001106169|RCV001106170|RCV002254336|RCV002253777,"MONDO:MONDO:0012480,MedGen:C1835887,OMIM:610374,Orphanet:99886|MONDO:MONDO:0100164,MedGen:C1833104,OMIM:PS606176,Orphanet:99885|MONDO:MONDO:0009734,MedGen:C2931832,OMIM:256450,Orphanet:276575,Orphanet:276598|Human Phenotype Ontology:HP:0004904,MONDO:MONDO:0018911,MedGen:C0342276,OMIM:PS125850,Orphanet:552|Human Phenotype Ontology:HP:0008255,MONDO:MONDO:0020525,MedGen:C0342273","Diabetes mellitus, transient neonatal, 2|Permanent neonatal diabetes mellitus|Hyperinsulinemic hypoglycemia, familial, 1|Maturity-onset diabetes of the young|Transitory neonatal diabetes mellitus",germline;unknown,germline,GRCh38,NC_000011.10,11,17476626,17476626,na,na,11p15.1,"criteria provided, multiple submitters, no conflicts",2,-,N,ClinGen:CA218463846,2,879032,17476626,C,T,-,-,-,-,-,-,SCV001263207|SCV001263208|SCV001263209|SCV002522692|SCV002522693,-,-
898116,single nucleotide variant,NM_000162.5(GCK):c.1262A>G (p.Glu421Gly),2645,GCK,HGNC:4195,Uncertain significance,0,"Apr 27, 2017",1257648811,-,RCV001162073|RCV001164091|RCV001162074|RCV001162075,"MONDO:MONDO:0100164,MedGen:C1833104,OMIM:PS606176,Orphanet:99885|MONDO:MONDO:0011236,MedGen:C1865290,OMIM:602485,Orphanet:79299|MONDO:MONDO:0007453,MedGen:C0342277,OMIM:125851,Orphanet:552|","Permanent neonatal diabetes mellitus|Hyperinsulinism due to glucokinase deficiency|Maturity-onset diabetes of the young type 2|Transient Neonatal Diabetes, Recessive",germline,germline,GRCh37,NC_000007.13,7,44184871,44184871,na,na,7p13,"criteria provided, single submitter",1,-,N,ClinGen:CA367397281,2,910353,44184871,T,C,-,-,-,-,-,-,SCV001324004|SCV001324005|SCV001324006|SCV001326192,-,-
898116,single nucleotide variant,NM_000162.5(GCK):c.1262A>G (p.Glu421Gly),2645,GCK,HGNC:4195,Uncertain significance,0,"Apr 27, 2017",1257648811,-,RCV001162073|RCV001164091|RCV001162074|RCV001162075,"MONDO:MONDO:0100164,MedGen:C1833104,OMIM:PS606176,Orphanet:99885|MONDO:MONDO:0011236,MedGen:C1865290,OMIM:602485,Orphanet:79299|MONDO:MONDO:0007453,MedGen:C0342277,OMIM:125851,Orphanet:552|","Permanent neonatal diabetes mellitus|Hyperinsulinism due to glucokinase deficiency|Maturity-onset diabetes of the young type 2|Transient Neonatal Diabetes, Recessive",germline,germline,GRCh38,NC_000007.14,7,44145272,44145272,na,na,7p13,"criteria provided, single submitter",1,-,N,ClinGen:CA367397281,2,910353,44145272,T,C,-,-,-,-,-,-,SCV001324004|SCV001324005|SCV001324006|SCV001326192,-,-
898117,single nucleotide variant,NM_000162.5(GCK):c.1120G>T (p.Val374Leu),2645,GCK,HGNC:4195,Uncertain significance,0,"Apr 27, 2017",1415041911,-,RCV001159189|RCV001159191|RCV001159188|RCV001159190,"MONDO:MONDO:0007453,MedGen:C0342277,OMIM:125851,Orphanet:552|MONDO:MONDO:0011236,MedGen:C1865290,OMIM:602485,Orphanet:79299|MONDO:MONDO:0100164,MedGen:C1833104,OMIM:PS606176,Orphanet:99885|","Maturity-onset diabetes of the young type 2|Hyperinsulinism due to glucokinase deficiency|Permanent neonatal diabetes mellitus|Transient Neonatal Diabetes, Recessive",germline,germline,GRCh37,NC_000007.13,7,44185229,44185229,na,na,7p13,"criteria provided, single submitter",1,-,N,ClinGen:CA367398872,2,908614,44185229,C,A,-,-,-,-,-,-,SCV001320878|SCV001320879|SCV001320880|SCV001320881,-,-
898117,single nucleotide variant,NM_000162.5(GCK):c.1120G>T (p.Val374Leu),2645,GCK,HGNC:4195,Uncertain significance,0,"Apr 27, 2017",1415041911,-,RCV001159189|RCV001159191|RCV001159188|RCV001159190,"MONDO:MONDO:0007453,MedGen:C0342277,OMIM:125851,Orphanet:552|MONDO:MONDO:0011236,MedGen:C1865290,OMIM:602485,Orphanet:79299|MONDO:MONDO:0100164,MedGen:C1833104,OMIM:PS606176,Orphanet:99885|","Maturity-onset diabetes of the young type 2|Hyperinsulinism due to glucokinase deficiency|Permanent neonatal diabetes mellitus|Transient Neonatal Diabetes, Recessive",germline,germline,GRCh38,NC_000007.14,7,44145630,44145630,na,na,7p13,"criteria provided, single submitter",1,-,N,ClinGen:CA367398872,2,908614,44145630,C,A,-,-,-,-,-,-,SCV001320878|SCV001320879|SCV001320880|SCV001320881,-,-
898118,single nucleotide variant,NM_000162.5(GCK):c.1024A>C (p.Thr342Pro),2645,GCK,HGNC:4195,Benign,0,"Feb 02, 2024",1000236360,-,RCV001159192|RCV001159193|RCV001159194|RCV001160541|RCV002483905|RCV003493804,"MONDO:MONDO:0011236,MedGen:C1865290,OMIM:602485,Orphanet:79299|MONDO:MONDO:0100164,MedGen:C1833104,OMIM:PS606176,Orphanet:99885|MONDO:MONDO:0007453,MedGen:C0342277,OMIM:125851,Orphanet:552||Human Phenotype Ontology:HP:0005965,Human Phenotype Ontology:HP:0005978,Human Phenotype Ontology:HP:0100652,MONDO:MONDO:0005148,MeSH:D003924,MedGen:C0011860,OMIM:125853;MONDO:MONDO:0011236,MedGen:C1865290,OMIM:602485,Orphanet:79299;MONDO:MONDO:0007453,MedGen:C0342277,OMIM:125851,Orphanet:552;MONDO:MONDO:0100165,MedGen:C5393570,OMIM:606176|MONDO:MONDO:0015967,MedGen:C3888631,Orphanet:183625","Hyperinsulinism due to glucokinase deficiency|Permanent neonatal diabetes mellitus|Maturity-onset diabetes of the young type 2|Transient Neonatal Diabetes, Recessive|Type 2 diabetes mellitus;Hyperinsulinism due to glucokinase deficiency;Maturity-onset diabetes of the young type 2;Permanent neonatal diabetes mellitus 1|Monogenic diabetes",germline;unknown,germline,GRCh37,NC_000007.13,7,44185325,44185325,na,na,7p13,reviewed by expert panel,4,-,N,ClinGen:CA157913750,2,908615,44185325,T,G,-,-,-,-,-,-,SCV004242356,-,-
898118,single nucleotide variant,NM_000162.5(GCK):c.1024A>C (p.Thr342Pro),2645,GCK,HGNC:4195,Benign,0,"Feb 02, 2024",1000236360,-,RCV001159192|RCV001159193|RCV001159194|RCV001160541|RCV002483905|RCV003493804,"MONDO:MONDO:0011236,MedGen:C1865290,OMIM:602485,Orphanet:79299|MONDO:MONDO:0100164,MedGen:C1833104,OMIM:PS606176,Orphanet:99885|MONDO:MONDO:0007453,MedGen:C0342277,OMIM:125851,Orphanet:552||Human Phenotype Ontology:HP:0005965,Human Phenotype Ontology:HP:0005978,Human Phenotype Ontology:HP:0100652,MONDO:MONDO:0005148,MeSH:D003924,MedGen:C0011860,OMIM:125853;MONDO:MONDO:0011236,MedGen:C1865290,OMIM:602485,Orphanet:79299;MONDO:MONDO:0007453,MedGen:C0342277,OMIM:125851,Orphanet:552;MONDO:MONDO:0100165,MedGen:C5393570,OMIM:606176|MONDO:MONDO:0015967,MedGen:C3888631,Orphanet:183625","Hyperinsulinism due to glucokinase deficiency|Permanent neonatal diabetes mellitus|Maturity-onset diabetes of the young type 2|Transient Neonatal Diabetes, Recessive|Type 2 diabetes mellitus;Hyperinsulinism due to glucokinase deficiency;Maturity-onset diabetes of the young type 2;Permanent neonatal diabetes mellitus 1|Monogenic diabetes",germline;unknown,germline,GRCh38,NC_000007.14,7,44145726,44145726,na,na,7p13,reviewed by expert panel,4,-,N,ClinGen:CA157913750,2,908615,44145726,T,G,-,-,-,-,-,-,SCV004242356,-,-
898119,single nucleotide variant,NM_000162.5(GCK):c.792C>A (p.Gly264=),2645,GCK,HGNC:4195,Uncertain significance,0,"Apr 27, 2017",754094813,-,RCV001160543|RCV001160545|RCV001160542|RCV001160544,"MONDO:MONDO:0011236,MedGen:C1865290,OMIM:602485,Orphanet:79299||MONDO:MONDO:0100164,MedGen:C1833104,OMIM:PS606176,Orphanet:99885|MONDO:MONDO:0007453,MedGen:C0342277,OMIM:125851,Orphanet:552","Hyperinsulinism due to glucokinase deficiency|Transient Neonatal Diabetes, Recessive|Permanent neonatal diabetes mellitus|Maturity-onset diabetes of the young type 2",germline,germline,GRCh37,NC_000007.13,7,44187320,44187320,na,na,7p13,"criteria provided, single submitter",1,-,N,ClinGen:CA454608684,2,909471,44187320,G,T,-,-,-,-,-,-,SCV001322346|SCV001322347|SCV001322348|SCV001322349,-,-
898119,single nucleotide variant,NM_000162.5(GCK):c.792C>A (p.Gly264=),2645,GCK,HGNC:4195,Uncertain significance,0,"Apr 27, 2017",754094813,-,RCV001160543|RCV001160545|RCV001160542|RCV001160544,"MONDO:MONDO:0011236,MedGen:C1865290,OMIM:602485,Orphanet:79299||MONDO:MONDO:0100164,MedGen:C1833104,OMIM:PS606176,Orphanet:99885|MONDO:MONDO:0007453,MedGen:C0342277,OMIM:125851,Orphanet:552","Hyperinsulinism due to glucokinase deficiency|Transient Neonatal Diabetes, Recessive|Permanent neonatal diabetes mellitus|Maturity-onset diabetes of the young type 2",germline,germline,GRCh38,NC_000007.14,7,44147721,44147721,na,na,7p13,"criteria provided, single submitter",1,-,N,ClinGen:CA454608684,2,909471,44147721,G,T,-,-,-,-,-,-,SCV001322346|SCV001322347|SCV001322348|SCV001322349,-,-
898120,single nucleotide variant,NM_000162.5(GCK):c.675C>T (p.Ile225=),2645,GCK,HGNC:4195,Uncertain significance,0,"Apr 27, 2017",772754004,-,RCV001162163|RCV001162162|RCV001162164|RCV001162161,"|MONDO:MONDO:0100164,MedGen:C1833104,OMIM:PS606176,Orphanet:99885|MONDO:MONDO:0007453,MedGen:C0342277,OMIM:125851,Orphanet:552|MONDO:MONDO:0011236,MedGen:C1865290,OMIM:602485,Orphanet:79299","Transient Neonatal Diabetes, Recessive|Permanent neonatal diabetes mellitus|Maturity-onset diabetes of the young type 2|Hyperinsulinism due to glucokinase deficiency",germline,germline,GRCh37,NC_000007.13,7,44189363,44189363,na,na,7p13,"criteria provided, single submitter",1,-,N,ClinGen:CA4239562,2,910410,44189363,G,A,-,-,-,-,-,-,SCV001324096|SCV001324097|SCV001324098|SCV001324099,-,-
898120,single nucleotide variant,NM_000162.5(GCK):c.675C>T (p.Ile225=),2645,GCK,HGNC:4195,Uncertain significance,0,"Apr 27, 2017",772754004,-,RCV001162163|RCV001162162|RCV001162164|RCV001162161,"|MONDO:MONDO:0100164,MedGen:C1833104,OMIM:PS606176,Orphanet:99885|MONDO:MONDO:0007453,MedGen:C0342277,OMIM:125851,Orphanet:552|MONDO:MONDO:0011236,MedGen:C1865290,OMIM:602485,Orphanet:79299","Transient Neonatal Diabetes, Recessive|Permanent neonatal diabetes mellitus|Maturity-onset diabetes of the young type 2|Hyperinsulinism due to glucokinase deficiency",germline,germline,GRCh38,NC_000007.14,7,44149764,44149764,na,na,7p13,"criteria provided, single submitter",1,-,N,ClinGen:CA4239562,2,910410,44149764,G,A,-,-,-,-,-,-,SCV001324096|SCV001324097|SCV001324098|SCV001324099,-,-
898121,single nucleotide variant,NM_000162.5(GCK):c.649G>A (p.Asp217Asn),2645,GCK,HGNC:4195,Benign,0,"Aug 13, 2023",147065275,-,RCV001164187|RCV001164188|RCV001164189|RCV001164190|RCV001315293|RCV002468180|RCV004629472|RCV003325990,"MONDO:MONDO:0007453,MedGen:C0342277,OMIM:125851,Orphanet:552||MONDO:MONDO:0100164,MedGen:C1833104,OMIM:PS606176,Orphanet:99885|MONDO:MONDO:0011236,MedGen:C1865290,OMIM:602485,Orphanet:79299|MedGen:C3661900|Human Phenotype Ontology:HP:0005965,Human Phenotype Ontology:HP:0005978,Human Phenotype Ontology:HP:0100652,MONDO:MONDO:0005148,MeSH:D003924,MedGen:C0011860,OMIM:125853;MONDO:MONDO:0011236,MedGen:C1865290,OMIM:602485,Orphanet:79299;MONDO:MONDO:0007453,MedGen:C0342277,OMIM:125851,Orphanet:552;MONDO:MONDO:0100165,MedGen:C5393570,OMIM:606176|Human Phenotype Ontology:HP:0004904,MONDO:MONDO:0018911,MedGen:C0342276,OMIM:PS125850,Orphanet:552|MONDO:MONDO:0015967,MedGen:C3888631,Orphanet:183625","Maturity-onset diabetes of the young type 2|Transient Neonatal Diabetes, Recessive|Permanent neonatal diabetes mellitus|Hyperinsulinism due to glucokinase deficiency|not provided|Type 2 diabetes mellitus;Hyperinsulinism due to glucokinase deficiency;Maturity-onset diabetes of the young type 2;Permanent neonatal diabetes mellitus 1|Maturity-onset diabetes of the young|Monogenic diabetes",germline,germline,GRCh37,NC_000007.13,7,44189389,44189389,na,na,7p13,reviewed by expert panel,6,-,N,ClinGen:CA4239564,2,911631,44189389,C,T,-,-,-,-,-,-,SCV004032090,-,-
898121,single nucleotide variant,NM_000162.5(GCK):c.649G>A (p.Asp217Asn),2645,GCK,HGNC:4195,Benign,0,"Aug 13, 2023",147065275,-,RCV001164187|RCV001164188|RCV001164189|RCV001164190|RCV001315293|RCV002468180|RCV004629472|RCV003325990,"MONDO:MONDO:0007453,MedGen:C0342277,OMIM:125851,Orphanet:552||MONDO:MONDO:0100164,MedGen:C1833104,OMIM:PS606176,Orphanet:99885|MONDO:MONDO:0011236,MedGen:C1865290,OMIM:602485,Orphanet:79299|MedGen:C3661900|Human Phenotype Ontology:HP:0005965,Human Phenotype Ontology:HP:0005978,Human Phenotype Ontology:HP:0100652,MONDO:MONDO:0005148,MeSH:D003924,MedGen:C0011860,OMIM:125853;MONDO:MONDO:0011236,MedGen:C1865290,OMIM:602485,Orphanet:79299;MONDO:MONDO:0007453,MedGen:C0342277,OMIM:125851,Orphanet:552;MONDO:MONDO:0100165,MedGen:C5393570,OMIM:606176|Human Phenotype Ontology:HP:0004904,MONDO:MONDO:0018911,MedGen:C0342276,OMIM:PS125850,Orphanet:552|MONDO:MONDO:0015967,MedGen:C3888631,Orphanet:183625","Maturity-onset diabetes of the young type 2|Transient Neonatal Diabetes, Recessive|Permanent neonatal diabetes mellitus|Hyperinsulinism due to glucokinase deficiency|not provided|Type 2 diabetes mellitus;Hyperinsulinism due to glucokinase deficiency;Maturity-onset diabetes of the young type 2;Permanent neonatal diabetes mellitus 1|Maturity-onset diabetes of the young|Monogenic diabetes",germline,germline,GRCh38,NC_000007.14,7,44149790,44149790,na,na,7p13,reviewed by expert panel,6,-,N,ClinGen:CA4239564,2,911631,44149790,C,T,-,-,-,-,-,-,SCV004032090,-,-
898122,single nucleotide variant,NM_000162.5(GCK):c.435C>G (p.Pro145=),2645,GCK,HGNC:4195,Conflicting classifications of pathogenicity,0,"Dec 23, 2024",773281783,-,RCV001162264|RCV001160653|RCV001160654|RCV001160655|RCV002464036|RCV004998671|RCV005056964,"|MONDO:MONDO:0100164,MedGen:C1833104,OMIM:PS606176,Orphanet:99885|MONDO:MONDO:0007453,MedGen:C0342277,OMIM:125851,Orphanet:552|MONDO:MONDO:0011236,MedGen:C1865290,OMIM:602485,Orphanet:79299|Human Phenotype Ontology:HP:0004904,MONDO:MONDO:0018911,MedGen:C0342276,OMIM:PS125850,Orphanet:552|MedGen:CN169374|MedGen:C3661900","Transient Neonatal Diabetes, Recessive|Permanent neonatal diabetes mellitus|Maturity-onset diabetes of the young type 2|Hyperinsulinism due to glucokinase deficiency|Maturity-onset diabetes of the young|not specified|not provided",germline;unknown,germline,GRCh37,NC_000007.13,7,44190603,44190603,na,na,7p13,"criteria provided, conflicting classifications",4,-,N,ClinGen:CA4239632,2,909540,44190603,G,C,-,-,-,-,-,-,SCV001322468|SCV001322469|SCV001322470|SCV001324209|SCV002605284|SCV005622453|SCV005721117,-,-
898122,single nucleotide variant,NM_000162.5(GCK):c.435C>G (p.Pro145=),2645,GCK,HGNC:4195,Conflicting classifications of pathogenicity,0,"Dec 23, 2024",773281783,-,RCV001162264|RCV001160653|RCV001160654|RCV001160655|RCV002464036|RCV004998671|RCV005056964,"|MONDO:MONDO:0100164,MedGen:C1833104,OMIM:PS606176,Orphanet:99885|MONDO:MONDO:0007453,MedGen:C0342277,OMIM:125851,Orphanet:552|MONDO:MONDO:0011236,MedGen:C1865290,OMIM:602485,Orphanet:79299|Human Phenotype Ontology:HP:0004904,MONDO:MONDO:0018911,MedGen:C0342276,OMIM:PS125850,Orphanet:552|MedGen:CN169374|MedGen:C3661900","Transient Neonatal Diabetes, Recessive|Permanent neonatal diabetes mellitus|Maturity-onset diabetes of the young type 2|Hyperinsulinism due to glucokinase deficiency|Maturity-onset diabetes of the young|not specified|not provided",germline;unknown,germline,GRCh38,NC_000007.14,7,44151004,44151004,na,na,7p13,"criteria provided, conflicting classifications",4,-,N,ClinGen:CA4239632,2,909540,44151004,G,C,-,-,-,-,-,-,SCV001322468|SCV001322469|SCV001322470|SCV001324209|SCV002605284|SCV005622453|SCV005721117,-,-
898123,single nucleotide variant,NM_000162.5(GCK):c.10G>A (p.Asp4Asn),2645,GCK,HGNC:4195,Likely benign,0,"Dec 08, 2023",202091228,-,RCV001164412|RCV001164411|RCV001164413|RCV001164414|RCV002483920|RCV003480976|RCV003558733,"MONDO:MONDO:0011236,MedGen:C1865290,OMIM:602485,Orphanet:79299|MONDO:MONDO:0100164,MedGen:C1833104,OMIM:PS606176,Orphanet:99885|MONDO:MONDO:0007453,MedGen:C0342277,OMIM:125851,Orphanet:552||Human Phenotype Ontology:HP:0005965,Human Phenotype Ontology:HP:0005978,Human Phenotype Ontology:HP:0100652,MONDO:MONDO:0005148,MeSH:D003924,MedGen:C0011860,OMIM:125853;MONDO:MONDO:0011236,MedGen:C1865290,OMIM:602485,Orphanet:79299;MONDO:MONDO:0007453,MedGen:C0342277,OMIM:125851,Orphanet:552;MONDO:MONDO:0100165,MedGen:C5393570,OMIM:606176|MONDO:MONDO:0015967,MedGen:C3888631,Orphanet:183625|MedGen:C3661900","Hyperinsulinism due to glucokinase deficiency|Permanent neonatal diabetes mellitus|Maturity-onset diabetes of the young type 2|Transient Neonatal Diabetes, Recessive|Type 2 diabetes mellitus;Hyperinsulinism due to glucokinase deficiency;Maturity-onset diabetes of the young type 2;Permanent neonatal diabetes mellitus 1|Monogenic diabetes|not provided",germline,germline,GRCh37,NC_000007.13,7,44228543,44228543,na,na,7p13,reviewed by expert panel,4,-,N,ClinGen:CA4239800,2,911766,44228543,C,T,-,-,-,-,-,-,SCV004223877,-,-
898123,single nucleotide variant,NM_000162.5(GCK):c.10G>A (p.Asp4Asn),2645,GCK,HGNC:4195,Likely benign,0,"Dec 08, 2023",202091228,-,RCV001164412|RCV001164411|RCV001164413|RCV001164414|RCV002483920|RCV003480976|RCV003558733,"MONDO:MONDO:0011236,MedGen:C1865290,OMIM:602485,Orphanet:79299|MONDO:MONDO:0100164,MedGen:C1833104,OMIM:PS606176,Orphanet:99885|MONDO:MONDO:0007453,MedGen:C0342277,OMIM:125851,Orphanet:552||Human Phenotype Ontology:HP:0005965,Human Phenotype Ontology:HP:0005978,Human Phenotype Ontology:HP:0100652,MONDO:MONDO:0005148,MeSH:D003924,MedGen:C0011860,OMIM:125853;MONDO:MONDO:0011236,MedGen:C1865290,OMIM:602485,Orphanet:79299;MONDO:MONDO:0007453,MedGen:C0342277,OMIM:125851,Orphanet:552;MONDO:MONDO:0100165,MedGen:C5393570,OMIM:606176|MONDO:MONDO:0015967,MedGen:C3888631,Orphanet:183625|MedGen:C3661900","Hyperinsulinism due to glucokinase deficiency|Permanent neonatal diabetes mellitus|Maturity-onset diabetes of the young type 2|Transient Neonatal Diabetes, Recessive|Type 2 diabetes mellitus;Hyperinsulinism due to glucokinase deficiency;Maturity-onset diabetes of the young type 2;Permanent neonatal diabetes mellitus 1|Monogenic diabetes|not provided",germline,germline,GRCh38,NC_000007.14,7,44188944,44188944,na,na,7p13,reviewed by expert panel,4,-,N,ClinGen:CA4239800,2,911766,44188944,C,T,-,-,-,-,-,-,SCV004223877,-,-
898124,single nucleotide variant,NM_000162.5(GCK):c.-84C>G,2645,GCK,HGNC:4195,Benign,0,"Jun 26, 2018",13306391,-,RCV001159476|RCV001164415|RCV001164416|RCV001164417|RCV001683742|RCV002319664,"|MONDO:MONDO:0011236,MedGen:C1865290,OMIM:602485,Orphanet:79299|MONDO:MONDO:0007453,MedGen:C0342277,OMIM:125851,Orphanet:552|MONDO:MONDO:0100164,MedGen:C1833104,OMIM:PS606176,Orphanet:99885|MedGen:C3661900|Human Phenotype Ontology:HP:0004904,MONDO:MONDO:0018911,MedGen:C0342276,OMIM:PS125850,Orphanet:552","Transient Neonatal Diabetes, Recessive|Hyperinsulinism due to glucokinase deficiency|Maturity-onset diabetes of the young type 2|Permanent neonatal diabetes mellitus|not provided|Maturity-onset diabetes of the young",germline;unknown,germline,GRCh37,NC_000007.13,7,44228636,44228636,na,na,7p13,"criteria provided, multiple submitters, no conflicts",3,-,N,ClinGen:CA12561146,2,908803,44228636,G,C,-,-,-,-,-,-,SCV001321193|SCV001326539|SCV001326540|SCV001326541|SCV001904356|SCV002604932,-,-
898124,single nucleotide variant,NM_000162.5(GCK):c.-84C>G,2645,GCK,HGNC:4195,Benign,0,"Jun 26, 2018",13306391,-,RCV001159476|RCV001164415|RCV001164416|RCV001164417|RCV001683742|RCV002319664,"|MONDO:MONDO:0011236,MedGen:C1865290,OMIM:602485,Orphanet:79299|MONDO:MONDO:0007453,MedGen:C0342277,OMIM:125851,Orphanet:552|MONDO:MONDO:0100164,MedGen:C1833104,OMIM:PS606176,Orphanet:99885|MedGen:C3661900|Human Phenotype Ontology:HP:0004904,MONDO:MONDO:0018911,MedGen:C0342276,OMIM:PS125850,Orphanet:552","Transient Neonatal Diabetes, Recessive|Hyperinsulinism due to glucokinase deficiency|Maturity-onset diabetes of the young type 2|Permanent neonatal diabetes mellitus|not provided|Maturity-onset diabetes of the young",germline;unknown,germline,GRCh38,NC_000007.14,7,44189037,44189037,na,na,7p13,"criteria provided, multiple submitters, no conflicts",3,-,N,ClinGen:CA12561146,2,908803,44189037,G,C,-,-,-,-,-,-,SCV001321193|SCV001326539|SCV001326540|SCV001326541|SCV001904356|SCV002604932,-,-
898125,single nucleotide variant,NM_000162.5(GCK):c.-102G>C,2645,GCK,HGNC:4195,Uncertain significance,0,"Jan 13, 2018",781377703,-,RCV001159480|RCV001159477|RCV001159478|RCV001159479,"|MONDO:MONDO:0011236,MedGen:C1865290,OMIM:602485,Orphanet:79299|MONDO:MONDO:0100164,MedGen:C1833104,OMIM:PS606176,Orphanet:99885|MONDO:MONDO:0007453,MedGen:C0342277,OMIM:125851,Orphanet:552","Transient Neonatal Diabetes, Recessive|Hyperinsulinism due to glucokinase deficiency|Permanent neonatal diabetes mellitus|Maturity-onset diabetes of the young type 2",germline,germline,GRCh37,NC_000007.13,7,44228654,44228654,na,na,7p13,"criteria provided, single submitter",1,-,N,ClinGen:CA157884457,2,908804,44228654,C,G,-,-,-,-,-,-,SCV001321194|SCV001321195|SCV001321196|SCV001321197,-,-
898125,single nucleotide variant,NM_000162.5(GCK):c.-102G>C,2645,GCK,HGNC:4195,Uncertain significance,0,"Jan 13, 2018",781377703,-,RCV001159480|RCV001159477|RCV001159478|RCV001159479,"|MONDO:MONDO:0011236,MedGen:C1865290,OMIM:602485,Orphanet:79299|MONDO:MONDO:0100164,MedGen:C1833104,OMIM:PS606176,Orphanet:99885|MONDO:MONDO:0007453,MedGen:C0342277,OMIM:125851,Orphanet:552","Transient Neonatal Diabetes, Recessive|Hyperinsulinism due to glucokinase deficiency|Permanent neonatal diabetes mellitus|Maturity-onset diabetes of the young type 2",germline,germline,GRCh38,NC_000007.14,7,44189055,44189055,na,na,7p13,"criteria provided, single submitter",1,-,N,ClinGen:CA157884457,2,908804,44189055,C,G,-,-,-,-,-,-,SCV001321194|SCV001321195|SCV001321196|SCV001321197,-,-
898126,single nucleotide variant,NM_000162.5(GCK):c.-137C>G,2645,GCK,HGNC:4195,Conflicting classifications of pathogenicity,0,"Jan 13, 2018",2096324530,-,RCV001160843|RCV001160845|RCV001160842|RCV001160844|RCV002463780,"MONDO:MONDO:0100164,MedGen:C1833104,OMIM:PS606176,Orphanet:99885||MONDO:MONDO:0011236,MedGen:C1865290,OMIM:602485,Orphanet:79299|MONDO:MONDO:0007453,MedGen:C0342277,OMIM:125851,Orphanet:552|Human Phenotype Ontology:HP:0004904,MONDO:MONDO:0018911,MedGen:C0342276,OMIM:PS125850,Orphanet:552","Permanent neonatal diabetes mellitus|Transient Neonatal Diabetes, Recessive|Hyperinsulinism due to glucokinase deficiency|Maturity-onset diabetes of the young type 2|Maturity-onset diabetes of the young",germline;unknown,germline,GRCh37,NC_000007.13,7,44228689,44228689,na,na,7p13,"criteria provided, conflicting classifications",2,-,N,ClinGen:CA1139660052,2,909651,44228689,G,C,-,-,-,-,-,-,SCV001322673|SCV001322674|SCV001322675|SCV001322676|SCV002605016,-,-
898126,single nucleotide variant,NM_000162.5(GCK):c.-137C>G,2645,GCK,HGNC:4195,Conflicting classifications of pathogenicity,0,"Jan 13, 2018",2096324530,-,RCV001160843|RCV001160845|RCV001160842|RCV001160844|RCV002463780,"MONDO:MONDO:0100164,MedGen:C1833104,OMIM:PS606176,Orphanet:99885||MONDO:MONDO:0011236,MedGen:C1865290,OMIM:602485,Orphanet:79299|MONDO:MONDO:0007453,MedGen:C0342277,OMIM:125851,Orphanet:552|Human Phenotype Ontology:HP:0004904,MONDO:MONDO:0018911,MedGen:C0342276,OMIM:PS125850,Orphanet:552","Permanent neonatal diabetes mellitus|Transient Neonatal Diabetes, Recessive|Hyperinsulinism due to glucokinase deficiency|Maturity-onset diabetes of the young type 2|Maturity-onset diabetes of the young",germline;unknown,germline,GRCh38,NC_000007.14,7,44189090,44189090,na,na,7p13,"criteria provided, conflicting classifications",2,-,N,ClinGen:CA1139660052,2,909651,44189090,G,C,-,-,-,-,-,-,SCV001322673|SCV001322674|SCV001322675|SCV001322676|SCV002605016,-,-
898127,single nucleotide variant,NM_000162.5(GCK):c.-215A>G,2645,GCK,HGNC:4195,Benign/Likely benign,0,"Apr 18, 2018",13306390,-,RCV001162463|RCV001160846|RCV001160847|RCV001160848|RCV001819863|RCV002319666,"|MONDO:MONDO:0011236,MedGen:C1865290,OMIM:602485,Orphanet:79299|MONDO:MONDO:0100164,MedGen:C1833104,OMIM:PS606176,Orphanet:99885|MONDO:MONDO:0007453,MedGen:C0342277,OMIM:125851,Orphanet:552|MedGen:CN169374|Human Phenotype Ontology:HP:0004904,MONDO:MONDO:0018911,MedGen:C0342276,OMIM:PS125850,Orphanet:552","Transient Neonatal Diabetes, Recessive|Hyperinsulinism due to glucokinase deficiency|Permanent neonatal diabetes mellitus|Maturity-onset diabetes of the young type 2|not specified|Maturity-onset diabetes of the young",germline;unknown,germline,GRCh37,NC_000007.13,7,44228767,44228767,na,na,7p13,"criteria provided, multiple submitters, no conflicts",3,-,N,ClinGen:CA157884552,2,909652,44228767,T,C,-,-,-,-,-,-,SCV001322677|SCV001322678|SCV001322679|SCV001324416|SCV002066317|SCV002604933,-,-
898127,single nucleotide variant,NM_000162.5(GCK):c.-215A>G,2645,GCK,HGNC:4195,Benign/Likely benign,0,"Apr 18, 2018",13306390,-,RCV001162463|RCV001160846|RCV001160847|RCV001160848|RCV001819863|RCV002319666,"|MONDO:MONDO:0011236,MedGen:C1865290,OMIM:602485,Orphanet:79299|MONDO:MONDO:0100164,MedGen:C1833104,OMIM:PS606176,Orphanet:99885|MONDO:MONDO:0007453,MedGen:C0342277,OMIM:125851,Orphanet:552|MedGen:CN169374|Human Phenotype Ontology:HP:0004904,MONDO:MONDO:0018911,MedGen:C0342276,OMIM:PS125850,Orphanet:552","Transient Neonatal Diabetes, Recessive|Hyperinsulinism due to glucokinase deficiency|Permanent neonatal diabetes mellitus|Maturity-onset diabetes of the young type 2|not specified|Maturity-onset diabetes of the young",germline;unknown,germline,GRCh38,NC_000007.14,7,44189168,44189168,na,na,7p13,"criteria provided, multiple submitters, no conflicts",3,-,N,ClinGen:CA157884552,2,909652,44189168,T,C,-,-,-,-,-,-,SCV001322677|SCV001322678|SCV001322679|SCV001324416|SCV002066317|SCV002604933,-,-
898128,single nucleotide variant,NM_000162.5(GCK):c.-217C>G,2645,GCK,HGNC:4195,Benign/Likely benign,0,"Jun 19, 2019",73691419,-,RCV001162465|RCV001162467|RCV001162464|RCV001162466|RCV001556742|RCV002319667,"MONDO:MONDO:0100164,MedGen:C1833104,OMIM:PS606176,Orphanet:99885||MONDO:MONDO:0011236,MedGen:C1865290,OMIM:602485,Orphanet:79299|MONDO:MONDO:0007453,MedGen:C0342277,OMIM:125851,Orphanet:552|MedGen:C3661900|Human Phenotype Ontology:HP:0004904,MONDO:MONDO:0018911,MedGen:C0342276,OMIM:PS125850,Orphanet:552","Permanent neonatal diabetes mellitus|Transient Neonatal Diabetes, Recessive|Hyperinsulinism due to glucokinase deficiency|Maturity-onset diabetes of the young type 2|not provided|Maturity-onset diabetes of the young",germline;unknown,germline,GRCh37,NC_000007.13,7,44228769,44228769,na,na,7p13,"criteria provided, multiple submitters, no conflicts",3,-,N,ClinGen:CA157884558,2,910585,44228769,G,C,-,-,-,-,-,-,SCV001324417|SCV001324418|SCV001324419|SCV001324420|SCV001778377|SCV002604934,-,-
898128,single nucleotide variant,NM_000162.5(GCK):c.-217C>G,2645,GCK,HGNC:4195,Benign/Likely benign,0,"Jun 19, 2019",73691419,-,RCV001162465|RCV001162467|RCV001162464|RCV001162466|RCV001556742|RCV002319667,"MONDO:MONDO:0100164,MedGen:C1833104,OMIM:PS606176,Orphanet:99885||MONDO:MONDO:0011236,MedGen:C1865290,OMIM:602485,Orphanet:79299|MONDO:MONDO:0007453,MedGen:C0342277,OMIM:125851,Orphanet:552|MedGen:C3661900|Human Phenotype Ontology:HP:0004904,MONDO:MONDO:0018911,MedGen:C0342276,OMIM:PS125850,Orphanet:552","Permanent neonatal diabetes mellitus|Transient Neonatal Diabetes, Recessive|Hyperinsulinism due to glucokinase deficiency|Maturity-onset diabetes of the young type 2|not provided|Maturity-onset diabetes of the young",germline;unknown,germline,GRCh38,NC_000007.14,7,44189170,44189170,na,na,7p13,"criteria provided, multiple submitters, no conflicts",3,-,N,ClinGen:CA157884558,2,910585,44189170,G,C,-,-,-,-,-,-,SCV001324417|SCV001324418|SCV001324419|SCV001324420|SCV001778377|SCV002604934,-,-
898129,single nucleotide variant,NM_000162.5(GCK):c.-267G>T,2645,GCK,HGNC:4195,Benign/Likely benign,0,"Sep 29, 2018",59914952,-,RCV001162468|RCV001162469|RCV001162470|RCV001164511|RCV001560308|RCV002319668,"MONDO:MONDO:0011236,MedGen:C1865290,OMIM:602485,Orphanet:79299|MONDO:MONDO:0100164,MedGen:C1833104,OMIM:PS606176,Orphanet:99885|MONDO:MONDO:0007453,MedGen:C0342277,OMIM:125851,Orphanet:552||MedGen:C3661900|Human Phenotype Ontology:HP:0004904,MONDO:MONDO:0018911,MedGen:C0342276,OMIM:PS125850,Orphanet:552","Hyperinsulinism due to glucokinase deficiency|Permanent neonatal diabetes mellitus|Maturity-onset diabetes of the young type 2|Transient Neonatal Diabetes, Recessive|not provided|Maturity-onset diabetes of the young",germline;unknown,germline,GRCh37,NC_000007.13,7,44228819,44228819,na,na,7p13,"criteria provided, multiple submitters, no conflicts",3,-,N,ClinGen:CA157884629,2,910586,44228819,C,A,-,-,-,-,-,-,SCV001324421|SCV001324422|SCV001324423|SCV001326643|SCV001782693|SCV002604931,-,-
898129,single nucleotide variant,NM_000162.5(GCK):c.-267G>T,2645,GCK,HGNC:4195,Benign/Likely benign,0,"Sep 29, 2018",59914952,-,RCV001162468|RCV001162469|RCV001162470|RCV001164511|RCV001560308|RCV002319668,"MONDO:MONDO:0011236,MedGen:C1865290,OMIM:602485,Orphanet:79299|MONDO:MONDO:0100164,MedGen:C1833104,OMIM:PS606176,Orphanet:99885|MONDO:MONDO:0007453,MedGen:C0342277,OMIM:125851,Orphanet:552||MedGen:C3661900|Human Phenotype Ontology:HP:0004904,MONDO:MONDO:0018911,MedGen:C0342276,OMIM:PS125850,Orphanet:552","Hyperinsulinism due to glucokinase deficiency|Permanent neonatal diabetes mellitus|Maturity-onset diabetes of the young type 2|Transient Neonatal Diabetes, Recessive|not provided|Maturity-onset diabetes of the young",germline;unknown,germline,GRCh38,NC_000007.14,7,44189220,44189220,na,na,7p13,"criteria provided, multiple submitters, no conflicts",3,-,N,ClinGen:CA157884629,2,910586,44189220,C,A,-,-,-,-,-,-,SCV001324421|SCV001324422|SCV001324423|SCV001326643|SCV001782693|SCV002604931,-,-
898130,single nucleotide variant,NM_000162.5(GCK):c.-279C>T,2645,GCK,HGNC:4195,Conflicting classifications of pathogenicity,0,"Jan 13, 2018",997877536,-,RCV001164512|RCV001164513|RCV001164514|RCV001164515|RCV002463784,"MONDO:MONDO:0100164,MedGen:C1833104,OMIM:PS606176,Orphanet:99885|MONDO:MONDO:0011236,MedGen:C1865290,OMIM:602485,Orphanet:79299|MONDO:MONDO:0007453,MedGen:C0342277,OMIM:125851,Orphanet:552||Human Phenotype Ontology:HP:0004904,MONDO:MONDO:0018911,MedGen:C0342276,OMIM:PS125850,Orphanet:552","Permanent neonatal diabetes mellitus|Hyperinsulinism due to glucokinase deficiency|Maturity-onset diabetes of the young type 2|Transient Neonatal Diabetes, Recessive|Maturity-onset diabetes of the young",germline;unknown,germline,GRCh37,NC_000007.13,7,44228831,44228831,na,na,7p13,"criteria provided, conflicting classifications",2,-,N,ClinGen:CA157884637,2,911818,44228831,G,A,-,-,-,-,-,-,SCV001326644|SCV001326645|SCV001326646|SCV001326647|SCV002605020,-,-
898130,single nucleotide variant,NM_000162.5(GCK):c.-279C>T,2645,GCK,HGNC:4195,Conflicting classifications of pathogenicity,0,"Jan 13, 2018",997877536,-,RCV001164512|RCV001164513|RCV001164514|RCV001164515|RCV002463784,"MONDO:MONDO:0100164,MedGen:C1833104,OMIM:PS606176,Orphanet:99885|MONDO:MONDO:0011236,MedGen:C1865290,OMIM:602485,Orphanet:79299|MONDO:MONDO:0007453,MedGen:C0342277,OMIM:125851,Orphanet:552||Human Phenotype Ontology:HP:0004904,MONDO:MONDO:0018911,MedGen:C0342276,OMIM:PS125850,Orphanet:552","Permanent neonatal diabetes mellitus|Hyperinsulinism due to glucokinase deficiency|Maturity-onset diabetes of the young type 2|Transient Neonatal Diabetes, Recessive|Maturity-onset diabetes of the young",germline;unknown,germline,GRCh38,NC_000007.14,7,44189232,44189232,na,na,7p13,"criteria provided, conflicting classifications",2,-,N,ClinGen:CA157884637,2,911818,44189232,G,A,-,-,-,-,-,-,SCV001326644|SCV001326645|SCV001326646|SCV001326647|SCV002605020,-,-
898131,single nucleotide variant,NM_000162.5(GCK):c.-396C>G,2645,GCK,HGNC:4195,Conflicting classifications of pathogenicity,0,"Jan 13, 2018",2096324894,-,RCV001159580|RCV001164518|RCV001164516|RCV001164517|RCV002463779,"MONDO:MONDO:0007453,MedGen:C0342277,OMIM:125851,Orphanet:552|MONDO:MONDO:0100164,MedGen:C1833104,OMIM:PS606176,Orphanet:99885|MONDO:MONDO:0011236,MedGen:C1865290,OMIM:602485,Orphanet:79299||Human Phenotype Ontology:HP:0004904,MONDO:MONDO:0018911,MedGen:C0342276,OMIM:PS125850,Orphanet:552","Maturity-onset diabetes of the young type 2|Permanent neonatal diabetes mellitus|Hyperinsulinism due to glucokinase deficiency|Transient Neonatal Diabetes, Recessive|Maturity-onset diabetes of the young",germline;unknown,germline,GRCh37,NC_000007.13,7,44228948,44228948,na,na,7p13,"criteria provided, conflicting classifications",2,-,N,ClinGen:CA1139660053,2,908862,44228948,G,C,-,-,-,-,-,-,SCV001321299|SCV001326648|SCV001326649|SCV001326650|SCV002605021,-,-
898131,single nucleotide variant,NM_000162.5(GCK):c.-396C>G,2645,GCK,HGNC:4195,Conflicting classifications of pathogenicity,0,"Jan 13, 2018",2096324894,-,RCV001159580|RCV001164518|RCV001164516|RCV001164517|RCV002463779,"MONDO:MONDO:0007453,MedGen:C0342277,OMIM:125851,Orphanet:552|MONDO:MONDO:0100164,MedGen:C1833104,OMIM:PS606176,Orphanet:99885|MONDO:MONDO:0011236,MedGen:C1865290,OMIM:602485,Orphanet:79299||Human Phenotype Ontology:HP:0004904,MONDO:MONDO:0018911,MedGen:C0342276,OMIM:PS125850,Orphanet:552","Maturity-onset diabetes of the young type 2|Permanent neonatal diabetes mellitus|Hyperinsulinism due to glucokinase deficiency|Transient Neonatal Diabetes, Recessive|Maturity-onset diabetes of the young",germline;unknown,germline,GRCh38,NC_000007.14,7,44189349,44189349,na,na,7p13,"criteria provided, conflicting classifications",2,-,N,ClinGen:CA1139660053,2,908862,44189349,G,C,-,-,-,-,-,-,SCV001321299|SCV001326648|SCV001326649|SCV001326650|SCV002605021,-,-
898132,single nucleotide variant,NM_000162.5(GCK):c.-449G>A,2645,GCK,HGNC:4195,Uncertain significance,0,"Jan 12, 2018",1375544246,-,RCV001159582|RCV001159581|RCV001159583|RCV001159584,"|MONDO:MONDO:0007453,MedGen:C0342277,OMIM:125851,Orphanet:552|MONDO:MONDO:0011236,MedGen:C1865290,OMIM:602485,Orphanet:79299|MONDO:MONDO:0100164,MedGen:C1833104,OMIM:PS606176,Orphanet:99885","Transient Neonatal Diabetes, Recessive|Maturity-onset diabetes of the young type 2|Hyperinsulinism due to glucokinase deficiency|Permanent neonatal diabetes mellitus",germline,germline,GRCh37,NC_000007.13,7,44229001,44229001,na,na,7p13,"criteria provided, single submitter",1,-,N,ClinGen:CA838795253,2,908863,44229001,C,T,-,-,-,-,-,-,SCV001321300|SCV001321301|SCV001321302|SCV001321303,-,-
898132,single nucleotide variant,NM_000162.5(GCK):c.-449G>A,2645,GCK,HGNC:4195,Uncertain significance,0,"Jan 12, 2018",1375544246,-,RCV001159582|RCV001159581|RCV001159583|RCV001159584,"|MONDO:MONDO:0007453,MedGen:C0342277,OMIM:125851,Orphanet:552|MONDO:MONDO:0011236,MedGen:C1865290,OMIM:602485,Orphanet:79299|MONDO:MONDO:0100164,MedGen:C1833104,OMIM:PS606176,Orphanet:99885","Transient Neonatal Diabetes, Recessive|Maturity-onset diabetes of the young type 2|Hyperinsulinism due to glucokinase deficiency|Permanent neonatal diabetes mellitus",germline,germline,GRCh38,NC_000007.14,7,44189402,44189402,na,na,7p13,"criteria provided, single submitter",1,-,N,ClinGen:CA838795253,2,908863,44189402,C,T,-,-,-,-,-,-,SCV001321300|SCV001321301|SCV001321302|SCV001321303,-,-
898133,single nucleotide variant,NM_000162.5(GCK):c.-455A>G,2645,GCK,HGNC:4195,Conflicting classifications of pathogenicity,0,"Jul 20, 2018",140894490,-,RCV001160968|RCV001160967|RCV001160969|RCV001162557|RCV001819864|RCV002463781|RCV003963100,"|MONDO:MONDO:0011236,MedGen:C1865290,OMIM:602485,Orphanet:79299|MONDO:MONDO:0100164,MedGen:C1833104,OMIM:PS606176,Orphanet:99885|MONDO:MONDO:0007453,MedGen:C0342277,OMIM:125851,Orphanet:552|MedGen:CN169374|Human Phenotype Ontology:HP:0004904,MONDO:MONDO:0018911,MedGen:C0342276,OMIM:PS125850,Orphanet:552|","Transient Neonatal Diabetes, Recessive|Hyperinsulinism due to glucokinase deficiency|Permanent neonatal diabetes mellitus|Maturity-onset diabetes of the young type 2|not specified|Maturity-onset diabetes of the young|GCK-related disorder",germline;unknown,germline,GRCh37,NC_000007.13,7,44229007,44229007,na,na,7p13,"criteria provided, conflicting classifications",4,-,N,ClinGen:CA157884761,2,909717,44229007,T,C,-,-,-,-,-,-,SCV001322806|SCV001322807|SCV001322808|SCV001324514|SCV002069899|SCV002605026,-,-
898133,single nucleotide variant,NM_000162.5(GCK):c.-455A>G,2645,GCK,HGNC:4195,Conflicting classifications of pathogenicity,0,"Jul 20, 2018",140894490,-,RCV001160968|RCV001160967|RCV001160969|RCV001162557|RCV001819864|RCV002463781|RCV003963100,"|MONDO:MONDO:0011236,MedGen:C1865290,OMIM:602485,Orphanet:79299|MONDO:MONDO:0100164,MedGen:C1833104,OMIM:PS606176,Orphanet:99885|MONDO:MONDO:0007453,MedGen:C0342277,OMIM:125851,Orphanet:552|MedGen:CN169374|Human Phenotype Ontology:HP:0004904,MONDO:MONDO:0018911,MedGen:C0342276,OMIM:PS125850,Orphanet:552|","Transient Neonatal Diabetes, Recessive|Hyperinsulinism due to glucokinase deficiency|Permanent neonatal diabetes mellitus|Maturity-onset diabetes of the young type 2|not specified|Maturity-onset diabetes of the young|GCK-related disorder",germline;unknown,germline,GRCh38,NC_000007.14,7,44189408,44189408,na,na,7p13,"criteria provided, conflicting classifications",4,-,N,ClinGen:CA157884761,2,909717,44189408,T,C,-,-,-,-,-,-,SCV001322806|SCV001322807|SCV001322808|SCV001324514|SCV002069899|SCV002605026,-,-
898134,single nucleotide variant,NM_000162.5(GCK):c.-456G>A,2645,GCK,HGNC:4195,Conflicting classifications of pathogenicity,0,"Jan 13, 2018",757266656,-,RCV001162558|RCV001162559|RCV001162560|RCV001162561|RCV002463782,"MONDO:MONDO:0011236,MedGen:C1865290,OMIM:602485,Orphanet:79299|MONDO:MONDO:0100164,MedGen:C1833104,OMIM:PS606176,Orphanet:99885||MONDO:MONDO:0007453,MedGen:C0342277,OMIM:125851,Orphanet:552|Human Phenotype Ontology:HP:0004904,MONDO:MONDO:0018911,MedGen:C0342276,OMIM:PS125850,Orphanet:552","Hyperinsulinism due to glucokinase deficiency|Permanent neonatal diabetes mellitus|Transient Neonatal Diabetes, Recessive|Maturity-onset diabetes of the young type 2|Maturity-onset diabetes of the young",germline;unknown,germline,GRCh37,NC_000007.13,7,44229008,44229008,na,na,7p13,"criteria provided, conflicting classifications",2,-,N,ClinGen:CA157884762,2,910637,44229008,C,T,-,-,-,-,-,-,SCV001324515|SCV001324516|SCV001324517|SCV001324518|SCV002605027,-,-
898134,single nucleotide variant,NM_000162.5(GCK):c.-456G>A,2645,GCK,HGNC:4195,Conflicting classifications of pathogenicity,0,"Jan 13, 2018",757266656,-,RCV001162558|RCV001162559|RCV001162560|RCV001162561|RCV002463782,"MONDO:MONDO:0011236,MedGen:C1865290,OMIM:602485,Orphanet:79299|MONDO:MONDO:0100164,MedGen:C1833104,OMIM:PS606176,Orphanet:99885||MONDO:MONDO:0007453,MedGen:C0342277,OMIM:125851,Orphanet:552|Human Phenotype Ontology:HP:0004904,MONDO:MONDO:0018911,MedGen:C0342276,OMIM:PS125850,Orphanet:552","Hyperinsulinism due to glucokinase deficiency|Permanent neonatal diabetes mellitus|Transient Neonatal Diabetes, Recessive|Maturity-onset diabetes of the young type 2|Maturity-onset diabetes of the young",germline;unknown,germline,GRCh38,NC_000007.14,7,44189409,44189409,na,na,7p13,"criteria provided, conflicting classifications",2,-,N,ClinGen:CA157884762,2,910637,44189409,C,T,-,-,-,-,-,-,SCV001324515|SCV001324516|SCV001324517|SCV001324518|SCV002605027,-,-
900365,single nucleotide variant,NM_000162.5(GCK):c.1253+12C>T,2645,GCK,HGNC:4195,Conflicting classifications of pathogenicity,0,"Jan 12, 2018",768491249,-,RCV001164092|RCV001164094|RCV001164093|RCV001164095|RCV002463783,"MONDO:MONDO:0100164,MedGen:C1833104,OMIM:PS606176,Orphanet:99885||MONDO:MONDO:0007453,MedGen:C0342277,OMIM:125851,Orphanet:552|MONDO:MONDO:0011236,MedGen:C1865290,OMIM:602485,Orphanet:79299|Human Phenotype Ontology:HP:0004904,MONDO:MONDO:0018911,MedGen:C0342276,OMIM:PS125850,Orphanet:552","Permanent neonatal diabetes mellitus|Transient Neonatal Diabetes, Recessive|Maturity-onset diabetes of the young type 2|Hyperinsulinism due to glucokinase deficiency|Maturity-onset diabetes of the young",germline;unknown,germline,GRCh37,NC_000007.13,7,44185084,44185084,na,na,7p13,"criteria provided, conflicting classifications",2,-,N,ClinGen:CA4239406,2,911565,44185084,G,A,-,-,-,-,-,-,SCV001326193|SCV001326194|SCV001326195|SCV001326196|SCV002605022,-,-
900365,single nucleotide variant,NM_000162.5(GCK):c.1253+12C>T,2645,GCK,HGNC:4195,Conflicting classifications of pathogenicity,0,"Jan 12, 2018",768491249,-,RCV001164092|RCV001164094|RCV001164093|RCV001164095|RCV002463783,"MONDO:MONDO:0100164,MedGen:C1833104,OMIM:PS606176,Orphanet:99885||MONDO:MONDO:0007453,MedGen:C0342277,OMIM:125851,Orphanet:552|MONDO:MONDO:0011236,MedGen:C1865290,OMIM:602485,Orphanet:79299|Human Phenotype Ontology:HP:0004904,MONDO:MONDO:0018911,MedGen:C0342276,OMIM:PS125850,Orphanet:552","Permanent neonatal diabetes mellitus|Transient Neonatal Diabetes, Recessive|Maturity-onset diabetes of the young type 2|Hyperinsulinism due to glucokinase deficiency|Maturity-onset diabetes of the young",germline;unknown,germline,GRCh38,NC_000007.14,7,44145485,44145485,na,na,7p13,"criteria provided, conflicting classifications",2,-,N,ClinGen:CA4239406,2,911565,44145485,G,A,-,-,-,-,-,-,SCV001326193|SCV001326194|SCV001326195|SCV001326196|SCV002605022,-,-
900366,single nucleotide variant,NM_000162.5(GCK):c.680-14G>C,2645,GCK,HGNC:4195,Conflicting classifications of pathogenicity,0,"Dec 11, 2024",577968084,-,RCV001160546|RCV001160547|RCV001160548|RCV001162160|RCV002464399|RCV002558521|RCV005236645,"MONDO:MONDO:0007453,MedGen:C0342277,OMIM:125851,Orphanet:552||MONDO:MONDO:0100164,MedGen:C1833104,OMIM:PS606176,Orphanet:99885|MONDO:MONDO:0011236,MedGen:C1865290,OMIM:602485,Orphanet:79299|Human Phenotype Ontology:HP:0004904,MONDO:MONDO:0018911,MedGen:C0342276,OMIM:PS125850,Orphanet:552|MedGen:C3661900|MedGen:CN169374","Maturity-onset diabetes of the young type 2|Transient Neonatal Diabetes, Recessive|Permanent neonatal diabetes mellitus|Hyperinsulinism due to glucokinase deficiency|Maturity-onset diabetes of the young|not provided|not specified",germline;unknown,germline,GRCh37,NC_000007.13,7,44187446,44187446,na,na,7p13,"criteria provided, conflicting classifications",4,-,N,ClinGen:CA4239541,2,909472,44187446,C,G,-,-,-,-,-,-,SCV001322350|SCV001322351|SCV001322352|SCV001324095|SCV002758756|SCV003032269|SCV005884117,-,-
900366,single nucleotide variant,NM_000162.5(GCK):c.680-14G>C,2645,GCK,HGNC:4195,Conflicting classifications of pathogenicity,0,"Dec 11, 2024",577968084,-,RCV001160546|RCV001160547|RCV001160548|RCV001162160|RCV002464399|RCV002558521|RCV005236645,"MONDO:MONDO:0007453,MedGen:C0342277,OMIM:125851,Orphanet:552||MONDO:MONDO:0100164,MedGen:C1833104,OMIM:PS606176,Orphanet:99885|MONDO:MONDO:0011236,MedGen:C1865290,OMIM:602485,Orphanet:79299|Human Phenotype Ontology:HP:0004904,MONDO:MONDO:0018911,MedGen:C0342276,OMIM:PS125850,Orphanet:552|MedGen:C3661900|MedGen:CN169374","Maturity-onset diabetes of the young type 2|Transient Neonatal Diabetes, Recessive|Permanent neonatal diabetes mellitus|Hyperinsulinism due to glucokinase deficiency|Maturity-onset diabetes of the young|not provided|not specified",germline;unknown,germline,GRCh38,NC_000007.14,7,44147847,44147847,na,na,7p13,"criteria provided, conflicting classifications",4,-,N,ClinGen:CA4239541,2,909472,44147847,C,G,-,-,-,-,-,-,SCV001322350|SCV001322351|SCV001322352|SCV001324095|SCV002758756|SCV003032269|SCV005884117,-,-
900367,single nucleotide variant,NM_000162.5(GCK):c.580-11C>T,2645,GCK,HGNC:4195,Uncertain significance/Uncertain risk allele,0,"Jan 12, 2018",370016334,-,RCV001159291|RCV001159292|RCV001159290|RCV001160648|RCV002463778,"MONDO:MONDO:0011236,MedGen:C1865290,OMIM:602485,Orphanet:79299|MONDO:MONDO:0007453,MedGen:C0342277,OMIM:125851,Orphanet:552|MONDO:MONDO:0100164,MedGen:C1833104,OMIM:PS606176,Orphanet:99885||Human Phenotype Ontology:HP:0004904,MONDO:MONDO:0018911,MedGen:C0342276,OMIM:PS125850,Orphanet:552","Hyperinsulinism due to glucokinase deficiency|Maturity-onset diabetes of the young type 2|Permanent neonatal diabetes mellitus|Transient Neonatal Diabetes, Recessive|Maturity-onset diabetes of the young",germline;unknown,germline,GRCh37,NC_000007.13,7,44189469,44189469,na,na,7p13,"criteria provided, multiple submitters, no conflicts",2,-,N,ClinGen:CA4239575,2,908684,44189469,G,A,-,-,-,-,-,-,SCV001320988|SCV001320989|SCV001320990|SCV001322463|SCV002605202,-,-
900367,single nucleotide variant,NM_000162.5(GCK):c.580-11C>T,2645,GCK,HGNC:4195,Uncertain significance/Uncertain risk allele,0,"Jan 12, 2018",370016334,-,RCV001159291|RCV001159292|RCV001159290|RCV001160648|RCV002463778,"MONDO:MONDO:0011236,MedGen:C1865290,OMIM:602485,Orphanet:79299|MONDO:MONDO:0007453,MedGen:C0342277,OMIM:125851,Orphanet:552|MONDO:MONDO:0100164,MedGen:C1833104,OMIM:PS606176,Orphanet:99885||Human Phenotype Ontology:HP:0004904,MONDO:MONDO:0018911,MedGen:C0342276,OMIM:PS125850,Orphanet:552","Hyperinsulinism due to glucokinase deficiency|Maturity-onset diabetes of the young type 2|Permanent neonatal diabetes mellitus|Transient Neonatal Diabetes, Recessive|Maturity-onset diabetes of the young",germline;unknown,germline,GRCh38,NC_000007.14,7,44149870,44149870,na,na,7p13,"criteria provided, multiple submitters, no conflicts",2,-,N,ClinGen:CA4239575,2,908684,44149870,G,A,-,-,-,-,-,-,SCV001320988|SCV001320989|SCV001320990|SCV001322463|SCV002605202,-,-
900368,single nucleotide variant,NM_000162.5(GCK):c.483+3G>A,2645,GCK,HGNC:4195,Conflicting classifications of pathogenicity,0,"Jan 06, 2025",1311596702,-,RCV001160650|RCV001160652|RCV001160649|RCV001160651|RCV002032487|RCV002464035|RCV005036430,"MONDO:MONDO:0100164,MedGen:C1833104,OMIM:PS606176,Orphanet:99885||MONDO:MONDO:0011236,MedGen:C1865290,OMIM:602485,Orphanet:79299|MONDO:MONDO:0007453,MedGen:C0342277,OMIM:125851,Orphanet:552|MedGen:C3661900|Human Phenotype Ontology:HP:0004904,MONDO:MONDO:0018911,MedGen:C0342276,OMIM:PS125850,Orphanet:552|Human Phenotype Ontology:HP:0005965,Human Phenotype Ontology:HP:0005978,Human Phenotype Ontology:HP:0100652,MONDO:MONDO:0005148,MeSH:D003924,MedGen:C0011860,OMIM:125853;MONDO:MONDO:0011236,MedGen:C1865290,OMIM:602485,Orphanet:79299;MONDO:MONDO:0007453,MedGen:C0342277,OMIM:125851,Orphanet:552;MONDO:MONDO:0100165,MedGen:C5393570,OMIM:606176","Permanent neonatal diabetes mellitus|Transient Neonatal Diabetes, Recessive|Hyperinsulinism due to glucokinase deficiency|Maturity-onset diabetes of the young type 2|not provided|Maturity-onset diabetes of the young|Type 2 diabetes mellitus;Hyperinsulinism due to glucokinase deficiency;Maturity-onset diabetes of the young type 2;Permanent neonatal diabetes mellitus 1",germline;unknown,germline,GRCh37,NC_000007.13,7,44190552,44190552,na,na,7p13,"criteria provided, conflicting classifications",4,-,N,ClinGen:CA573798233,2,909539,44190552,C,T,-,-,-,-,-,-,SCV001322464|SCV001322465|SCV001322466|SCV001322467|SCV002257204|SCV002605238|SCV005668354,-,-
900368,single nucleotide variant,NM_000162.5(GCK):c.483+3G>A,2645,GCK,HGNC:4195,Conflicting classifications of pathogenicity,0,"Jan 06, 2025",1311596702,-,RCV001160650|RCV001160652|RCV001160649|RCV001160651|RCV002032487|RCV002464035|RCV005036430,"MONDO:MONDO:0100164,MedGen:C1833104,OMIM:PS606176,Orphanet:99885||MONDO:MONDO:0011236,MedGen:C1865290,OMIM:602485,Orphanet:79299|MONDO:MONDO:0007453,MedGen:C0342277,OMIM:125851,Orphanet:552|MedGen:C3661900|Human Phenotype Ontology:HP:0004904,MONDO:MONDO:0018911,MedGen:C0342276,OMIM:PS125850,Orphanet:552|Human Phenotype Ontology:HP:0005965,Human Phenotype Ontology:HP:0005978,Human Phenotype Ontology:HP:0100652,MONDO:MONDO:0005148,MeSH:D003924,MedGen:C0011860,OMIM:125853;MONDO:MONDO:0011236,MedGen:C1865290,OMIM:602485,Orphanet:79299;MONDO:MONDO:0007453,MedGen:C0342277,OMIM:125851,Orphanet:552;MONDO:MONDO:0100165,MedGen:C5393570,OMIM:606176","Permanent neonatal diabetes mellitus|Transient Neonatal Diabetes, Recessive|Hyperinsulinism due to glucokinase deficiency|Maturity-onset diabetes of the young type 2|not provided|Maturity-onset diabetes of the young|Type 2 diabetes mellitus;Hyperinsulinism due to glucokinase deficiency;Maturity-onset diabetes of the young type 2;Permanent neonatal diabetes mellitus 1",germline;unknown,germline,GRCh38,NC_000007.14,7,44150953,44150953,na,na,7p13,"criteria provided, conflicting classifications",4,-,N,ClinGen:CA573798233,2,909539,44150953,C,T,-,-,-,-,-,-,SCV001322464|SCV001322465|SCV001322466|SCV001322467|SCV002257204|SCV002605238|SCV005668354,-,-
903578,Deletion,NM_000525.4(KCNJ11):c.238del (p.Leu80fs),3767,KCNJ11,HGNC:6257,Conflicting classifications of pathogenicity,1,"May 03, 2020",1953589834,-,RCV001169960|RCV002227249,"MedGen:C3661900|Human Phenotype Ontology:HP:0004904,MONDO:MONDO:0018911,MedGen:C0342276,OMIM:PS125850,Orphanet:552",not provided|Maturity-onset diabetes of the young,somatic;unknown,somatic,GRCh37,NC_000011.9,11,17409401,17409401,na,na,11p15.1,"criteria provided, conflicting classifications",2,-,N,ClinGen:CA1139661843,2,915359,17409400,AG,A,-,-,-,-,-,-,SCV001251669|SCV002506492,-,-
903578,Deletion,NM_000525.4(KCNJ11):c.238del (p.Leu80fs),3767,KCNJ11,HGNC:6257,Conflicting classifications of pathogenicity,1,"May 03, 2020",1953589834,-,RCV001169960|RCV002227249,"MedGen:C3661900|Human Phenotype Ontology:HP:0004904,MONDO:MONDO:0018911,MedGen:C0342276,OMIM:PS125850,Orphanet:552",not provided|Maturity-onset diabetes of the young,somatic;unknown,somatic,GRCh38,NC_000011.10,11,17387854,17387854,na,na,11p15.1,"criteria provided, conflicting classifications",2,-,N,ClinGen:CA1139661843,2,915359,17387853,AG,A,-,-,-,-,-,-,SCV001251669|SCV002506492,-,-
904271,Deletion,NM_000162.5(GCK):c.1254-20_1312del,2645,GCK,HGNC:4195,Uncertain significance,1,-,2096270578,-,RCV001171548|RCV002287476,"MONDO:MONDO:0007453,MedGen:C0342277,OMIM:125851,Orphanet:552|Human Phenotype Ontology:HP:0004904,MONDO:MONDO:0018911,MedGen:C0342276,OMIM:PS125850,Orphanet:552",Maturity-onset diabetes of the young type 2|Maturity-onset diabetes of the young,de novo;unknown,germline,GRCh37,NC_000007.13,7,44184821,44184899,na,na,7p13,"criteria provided, single submitter",2,-,N,ClinGen:CA1139660054,2,916047,44184820,AAGGTGATCTCGCAGCTGGGCGTCAGCCTGCGCACGCTGGCATGGAACCGCTCCTTGAAGCTGGGCAGAAGAGAAGCAGG,A,-,-,-,-,-,-,SCV002577632,-,-
904271,Deletion,NM_000162.5(GCK):c.1254-20_1312del,2645,GCK,HGNC:4195,Uncertain significance,1,-,2096270578,-,RCV001171548|RCV002287476,"MONDO:MONDO:0007453,MedGen:C0342277,OMIM:125851,Orphanet:552|Human Phenotype Ontology:HP:0004904,MONDO:MONDO:0018911,MedGen:C0342276,OMIM:PS125850,Orphanet:552",Maturity-onset diabetes of the young type 2|Maturity-onset diabetes of the young,de novo;unknown,germline,GRCh38,NC_000007.14,7,44145222,44145300,na,na,7p13,"criteria provided, single submitter",2,-,N,ClinGen:CA1139660054,2,916047,44145221,AAGGTGATCTCGCAGCTGGGCGTCAGCCTGCGCACGCTGGCATGGAACCGCTCCTTGAAGCTGGGCAGAAGAGAAGCAGG,A,-,-,-,-,-,-,SCV002577632,-,-
905789,single nucleotide variant,NM_000525.4(KCNJ11):c.1044G>C (p.Gln348His),3767,KCNJ11,HGNC:6257,Uncertain significance,0,"Oct 05, 2021",745379486,-,RCV001174373|RCV002227252|RCV002505753,"MONDO:MONDO:0015967,MedGen:C3888631,Orphanet:183625|Human Phenotype Ontology:HP:0008255,MONDO:MONDO:0020525,MedGen:C0342273|MONDO:MONDO:0012522,MedGen:C1864623,OMIM:610582,Orphanet:99886;MONDO:MONDO:0011153,MedGen:C2931833,OMIM:601820,Orphanet:276580,Orphanet:276603;Human Phenotype Ontology:HP:0005965,Human Phenotype Ontology:HP:0005978,Human Phenotype Ontology:HP:0100652,MONDO:MONDO:0005148,MeSH:D003924,MedGen:C0011860,OMIM:125853;MONDO:MONDO:0014589,MedGen:C4225365,OMIM:616329,Orphanet:552;MONDO:MONDO:0030087,MedGen:C5394296,OMIM:618856","Monogenic diabetes|Transitory neonatal diabetes mellitus|Diabetes mellitus, transient neonatal, 3;Hyperinsulinemic hypoglycemia, familial, 2;Type 2 diabetes mellitus;Maturity-onset diabetes of the young type 13;Diabetes mellitus, permanent neonatal 2",somatic;unknown,somatic,GRCh37,NC_000011.9,11,17408595,17408595,na,na,11p15.1,"criteria provided, multiple submitters, no conflicts",3,-,N,ClinGen:CA5902193,2,917414,17408595,C,G,-,-,-,-,-,-,SCV001337511|SCV002505473|SCV002816376,-,-
905789,single nucleotide variant,NM_000525.4(KCNJ11):c.1044G>C (p.Gln348His),3767,KCNJ11,HGNC:6257,Uncertain significance,0,"Oct 05, 2021",745379486,-,RCV001174373|RCV002227252|RCV002505753,"MONDO:MONDO:0015967,MedGen:C3888631,Orphanet:183625|Human Phenotype Ontology:HP:0008255,MONDO:MONDO:0020525,MedGen:C0342273|MONDO:MONDO:0012522,MedGen:C1864623,OMIM:610582,Orphanet:99886;MONDO:MONDO:0011153,MedGen:C2931833,OMIM:601820,Orphanet:276580,Orphanet:276603;Human Phenotype Ontology:HP:0005965,Human Phenotype Ontology:HP:0005978,Human Phenotype Ontology:HP:0100652,MONDO:MONDO:0005148,MeSH:D003924,MedGen:C0011860,OMIM:125853;MONDO:MONDO:0014589,MedGen:C4225365,OMIM:616329,Orphanet:552;MONDO:MONDO:0030087,MedGen:C5394296,OMIM:618856","Monogenic diabetes|Transitory neonatal diabetes mellitus|Diabetes mellitus, transient neonatal, 3;Hyperinsulinemic hypoglycemia, familial, 2;Type 2 diabetes mellitus;Maturity-onset diabetes of the young type 13;Diabetes mellitus, permanent neonatal 2",somatic;unknown,somatic,GRCh38,NC_000011.10,11,17387048,17387048,na,na,11p15.1,"criteria provided, multiple submitters, no conflicts",3,-,N,ClinGen:CA5902193,2,917414,17387048,C,G,-,-,-,-,-,-,SCV001337511|SCV002505473|SCV002816376,-,-
905790,single nucleotide variant,NM_000352.6(ABCC8):c.1127C>T (p.Ser376Phe),6833,ABCC8,HGNC:59,Uncertain significance,0,"Jul 06, 2018",777461294,-,RCV001174395|RCV002260148|RCV002260147,"MONDO:MONDO:0015967,MedGen:C3888631,Orphanet:183625|Human Phenotype Ontology:HP:0008255,MONDO:MONDO:0020525,MedGen:C0342273|Human Phenotype Ontology:HP:0004904,MONDO:MONDO:0018911,MedGen:C0342276,OMIM:PS125850,Orphanet:552",Monogenic diabetes|Transitory neonatal diabetes mellitus|Maturity-onset diabetes of the young,unknown,unknown,GRCh37,NC_000011.9,11,17474715,17474715,na,na,11p15.1,"criteria provided, multiple submitters, no conflicts",2,-,N,ClinGen:CA5903669,2,917422,17474715,G,A,-,-,-,-,-,-,SCV001337533|SCV002522589|SCV002522590,-,-
905790,single nucleotide variant,NM_000352.6(ABCC8):c.1127C>T (p.Ser376Phe),6833,ABCC8,HGNC:59,Uncertain significance,0,"Jul 06, 2018",777461294,-,RCV001174395|RCV002260148|RCV002260147,"MONDO:MONDO:0015967,MedGen:C3888631,Orphanet:183625|Human Phenotype Ontology:HP:0008255,MONDO:MONDO:0020525,MedGen:C0342273|Human Phenotype Ontology:HP:0004904,MONDO:MONDO:0018911,MedGen:C0342276,OMIM:PS125850,Orphanet:552",Monogenic diabetes|Transitory neonatal diabetes mellitus|Maturity-onset diabetes of the young,unknown,unknown,GRCh38,NC_000011.10,11,17453168,17453168,na,na,11p15.1,"criteria provided, multiple submitters, no conflicts",2,-,N,ClinGen:CA5903669,2,917422,17453168,G,A,-,-,-,-,-,-,SCV001337533|SCV002522589|SCV002522590,-,-
906390,single nucleotide variant,NM_000162.5(GCK):c.772G>A (p.Gly258Ser),2645,GCK,HGNC:4195,Conflicting classifications of pathogenicity,1,"Oct 02, 2021",1583596378,-,RCV001175327|RCV001556494,"Human Phenotype Ontology:HP:0000819,Human Phenotype Ontology:HP:0004908,Human Phenotype Ontology:HP:0008217,Human Phenotype Ontology:HP:0008234,Human Phenotype Ontology:HP:0008260,MONDO:MONDO:0005015,MedGen:C0011849|MedGen:C3661900",Diabetes mellitus|not provided,germline;paternal,germline,GRCh37,NC_000007.13,7,44187340,44187340,na,na,7p13,"criteria provided, conflicting classifications",3,-,N,ClinGen:CA367400589,2,918070,44187340,C,T,-,-,-,-,-,-,SCV001778085|SCV002170878,-,-
906390,single nucleotide variant,NM_000162.5(GCK):c.772G>A (p.Gly258Ser),2645,GCK,HGNC:4195,Conflicting classifications of pathogenicity,1,"Oct 02, 2021",1583596378,-,RCV001175327|RCV001556494,"Human Phenotype Ontology:HP:0000819,Human Phenotype Ontology:HP:0004908,Human Phenotype Ontology:HP:0008217,Human Phenotype Ontology:HP:0008234,Human Phenotype Ontology:HP:0008260,MONDO:MONDO:0005015,MedGen:C0011849|MedGen:C3661900",Diabetes mellitus|not provided,germline;paternal,germline,GRCh38,NC_000007.14,7,44147741,44147741,na,na,7p13,"criteria provided, conflicting classifications",3,-,N,ClinGen:CA367400589,2,918070,44147741,C,T,-,-,-,-,-,-,SCV001778085|SCV002170878,-,-
920296,single nucleotide variant,NM_000352.6(ABCC8):c.3399+6G>A,6833,ABCC8,HGNC:59,Uncertain significance,0,"Feb 03, 2020",1954472209,-,RCV001195785|RCV002245867|RCV002245866,"MONDO:MONDO:0100164,MedGen:C1833104,OMIM:PS606176,Orphanet:99885|Human Phenotype Ontology:HP:0008255,MONDO:MONDO:0020525,MedGen:C0342273|Human Phenotype Ontology:HP:0004904,MONDO:MONDO:0018911,MedGen:C0342276,OMIM:PS125850,Orphanet:552",Permanent neonatal diabetes mellitus|Transitory neonatal diabetes mellitus|Maturity-onset diabetes of the young,somatic;unknown,somatic,GRCh37,NC_000011.9,11,17427035,17427035,na,na,11p15.1,"criteria provided, multiple submitters, no conflicts",2,-,N,ClinGen:CA1139661851,2,930255,17427035,C,T,-,-,-,-,-,-,SCV001366205|SCV002515457|SCV002515459,-,-
920296,single nucleotide variant,NM_000352.6(ABCC8):c.3399+6G>A,6833,ABCC8,HGNC:59,Uncertain significance,0,"Feb 03, 2020",1954472209,-,RCV001195785|RCV002245867|RCV002245866,"MONDO:MONDO:0100164,MedGen:C1833104,OMIM:PS606176,Orphanet:99885|Human Phenotype Ontology:HP:0008255,MONDO:MONDO:0020525,MedGen:C0342273|Human Phenotype Ontology:HP:0004904,MONDO:MONDO:0018911,MedGen:C0342276,OMIM:PS125850,Orphanet:552",Permanent neonatal diabetes mellitus|Transitory neonatal diabetes mellitus|Maturity-onset diabetes of the young,somatic;unknown,somatic,GRCh38,NC_000011.10,11,17405488,17405488,na,na,11p15.1,"criteria provided, multiple submitters, no conflicts",2,-,N,ClinGen:CA1139661851,2,930255,17405488,C,T,-,-,-,-,-,-,SCV001366205|SCV002515457|SCV002515459,-,-
926156,Deletion,NM_000525.4(KCNJ11):c.152_158del (p.Glu51fs),3767,KCNJ11,HGNC:6257,Conflicting classifications of pathogenicity,1,"Feb 02, 2024",1953591118,-,RCV001218438|RCV001828735|RCV002227255,"MedGen:C3661900|MONDO:MONDO:0100164,MedGen:C1833104,OMIM:PS606176,Orphanet:99885|Human Phenotype Ontology:HP:0004904,MONDO:MONDO:0018911,MedGen:C0342276,OMIM:PS125850,Orphanet:552",not provided|Permanent neonatal diabetes mellitus|Maturity-onset diabetes of the young,germline;somatic,germline/somatic,GRCh37,NC_000011.9,11,17409481,17409487,na,na,11p15.1,"criteria provided, conflicting classifications",3,-,N,ClinGen:CA1139661844,2,947372,17409480,GCCCTGCT,G,-,-,-,-,-,-,SCV001390320|SCV002506462,-,-
926156,Deletion,NM_000525.4(KCNJ11):c.152_158del (p.Glu51fs),3767,KCNJ11,HGNC:6257,Conflicting classifications of pathogenicity,1,"Feb 02, 2024",1953591118,-,RCV001218438|RCV001828735|RCV002227255,"MedGen:C3661900|MONDO:MONDO:0100164,MedGen:C1833104,OMIM:PS606176,Orphanet:99885|Human Phenotype Ontology:HP:0004904,MONDO:MONDO:0018911,MedGen:C0342276,OMIM:PS125850,Orphanet:552",not provided|Permanent neonatal diabetes mellitus|Maturity-onset diabetes of the young,germline;somatic,germline/somatic,GRCh38,NC_000011.10,11,17387934,17387940,na,na,11p15.1,"criteria provided, conflicting classifications",3,-,N,ClinGen:CA1139661844,2,947372,17387933,GCCCTGCT,G,-,-,-,-,-,-,SCV001390320|SCV002506462,-,-
935441,Deletion,NM_000352.6(ABCC8):c.3378del (p.Asp1127fs),6833,ABCC8,HGNC:59,Conflicting classifications of pathogenicity,1,"Sep 15, 2021",1954474111,-,RCV001209370|RCV002245873|RCV002245874,"MedGen:C3661900|Human Phenotype Ontology:HP:0004904,MONDO:MONDO:0018911,MedGen:C0342276,OMIM:PS125850,Orphanet:552|Human Phenotype Ontology:HP:0008255,MONDO:MONDO:0020525,MedGen:C0342273",not provided|Maturity-onset diabetes of the young|Transitory neonatal diabetes mellitus,germline;somatic,germline/somatic,GRCh37,NC_000011.9,11,17427062,17427062,na,na,11p15.1,"criteria provided, conflicting classifications",2,-,N,ClinGen:CA1139661852,2,939893,17427061,CA,C,-,-,-,-,-,-,SCV001380801|SCV002515478|SCV002515479,-,-
935441,Deletion,NM_000352.6(ABCC8):c.3378del (p.Asp1127fs),6833,ABCC8,HGNC:59,Conflicting classifications of pathogenicity,1,"Sep 15, 2021",1954474111,-,RCV001209370|RCV002245873|RCV002245874,"MedGen:C3661900|Human Phenotype Ontology:HP:0004904,MONDO:MONDO:0018911,MedGen:C0342276,OMIM:PS125850,Orphanet:552|Human Phenotype Ontology:HP:0008255,MONDO:MONDO:0020525,MedGen:C0342273",not provided|Maturity-onset diabetes of the young|Transitory neonatal diabetes mellitus,germline;somatic,germline/somatic,GRCh38,NC_000011.10,11,17405515,17405515,na,na,11p15.1,"criteria provided, conflicting classifications",2,-,N,ClinGen:CA1139661852,2,939893,17405514,CA,C,-,-,-,-,-,-,SCV001380801|SCV002515478|SCV002515479,-,-
935442,single nucleotide variant,NM_000352.6(ABCC8):c.2971C>T (p.Gln991Ter),6833,ABCC8,HGNC:59,Conflicting classifications of pathogenicity,1,"May 29, 2019",1954577994,-,RCV001206341|RCV002251559|RCV002251558,"MedGen:C3661900|Human Phenotype Ontology:HP:0008255,MONDO:MONDO:0020525,MedGen:C0342273|Human Phenotype Ontology:HP:0004904,MONDO:MONDO:0018911,MedGen:C0342276,OMIM:PS125850,Orphanet:552",not provided|Transitory neonatal diabetes mellitus|Maturity-onset diabetes of the young,germline;unknown,germline,GRCh37,NC_000011.9,11,17428626,17428626,na,na,11p15.1,"criteria provided, conflicting classifications",2,-,N,ClinGen:CA379804123,2,937351,17428626,G,A,-,-,-,-,-,-,SCV001377645|SCV002521932|SCV002521933,-,-
935442,single nucleotide variant,NM_000352.6(ABCC8):c.2971C>T (p.Gln991Ter),6833,ABCC8,HGNC:59,Conflicting classifications of pathogenicity,1,"May 29, 2019",1954577994,-,RCV001206341|RCV002251559|RCV002251558,"MedGen:C3661900|Human Phenotype Ontology:HP:0008255,MONDO:MONDO:0020525,MedGen:C0342273|Human Phenotype Ontology:HP:0004904,MONDO:MONDO:0018911,MedGen:C0342276,OMIM:PS125850,Orphanet:552",not provided|Transitory neonatal diabetes mellitus|Maturity-onset diabetes of the young,germline;unknown,germline,GRCh38,NC_000011.10,11,17407079,17407079,na,na,11p15.1,"criteria provided, conflicting classifications",2,-,N,ClinGen:CA379804123,2,937351,17407079,G,A,-,-,-,-,-,-,SCV001377645|SCV002521932|SCV002521933,-,-
935443,single nucleotide variant,NM_000352.6(ABCC8):c.2764C>T (p.Gln922Ter),6833,ABCC8,HGNC:59,Conflicting classifications of pathogenicity,1,"Mar 18, 2023",1954644972,-,RCV001208911|RCV002251561|RCV002251562,"MedGen:C3661900|Human Phenotype Ontology:HP:0004904,MONDO:MONDO:0018911,MedGen:C0342276,OMIM:PS125850,Orphanet:552|Human Phenotype Ontology:HP:0008255,MONDO:MONDO:0020525,MedGen:C0342273",not provided|Maturity-onset diabetes of the young|Transitory neonatal diabetes mellitus,germline;unknown,germline,GRCh37,NC_000011.9,11,17429995,17429995,na,na,11p15.1,"criteria provided, conflicting classifications",2,-,N,ClinGen:CA379805188,2,939498,17429995,G,A,-,-,-,-,-,-,SCV001380325|SCV002521954|SCV002521955,-,-
935443,single nucleotide variant,NM_000352.6(ABCC8):c.2764C>T (p.Gln922Ter),6833,ABCC8,HGNC:59,Conflicting classifications of pathogenicity,1,"Mar 18, 2023",1954644972,-,RCV001208911|RCV002251561|RCV002251562,"MedGen:C3661900|Human Phenotype Ontology:HP:0004904,MONDO:MONDO:0018911,MedGen:C0342276,OMIM:PS125850,Orphanet:552|Human Phenotype Ontology:HP:0008255,MONDO:MONDO:0020525,MedGen:C0342273",not provided|Maturity-onset diabetes of the young|Transitory neonatal diabetes mellitus,germline;unknown,germline,GRCh38,NC_000011.10,11,17408448,17408448,na,na,11p15.1,"criteria provided, conflicting classifications",2,-,N,ClinGen:CA379805188,2,939498,17408448,G,A,-,-,-,-,-,-,SCV001380325|SCV002521954|SCV002521955,-,-
935444,single nucleotide variant,NM_000352.6(ABCC8):c.35C>A (p.Ser12Ter),6833,ABCC8,HGNC:59,Pathogenic,1,"Oct 15, 2021",1283621955,-,RCV001212753|RCV001779134,"MedGen:C3661900|MONDO:MONDO:0017182,MedGen:C3888018,Orphanet:276525",not provided|Familial hyperinsulinism,germline,germline,GRCh37,NC_000011.9,11,17498289,17498289,na,na,11p15.1,"criteria provided, multiple submitters, no conflicts",2,-,N,ClinGen:CA379790231,2,942720,17498289,G,T,-,-,-,-,-,-,SCV001384348|SCV002014918,-,-
935444,single nucleotide variant,NM_000352.6(ABCC8):c.35C>A (p.Ser12Ter),6833,ABCC8,HGNC:59,Pathogenic,1,"Oct 15, 2021",1283621955,-,RCV001212753|RCV001779134,"MedGen:C3661900|MONDO:MONDO:0017182,MedGen:C3888018,Orphanet:276525",not provided|Familial hyperinsulinism,germline,germline,GRCh38,NC_000011.10,11,17476742,17476742,na,na,11p15.1,"criteria provided, multiple submitters, no conflicts",2,-,N,ClinGen:CA379790231,2,942720,17476742,G,T,-,-,-,-,-,-,SCV001384348|SCV002014918,-,-
940208,single nucleotide variant,NM_000352.6(ABCC8):c.4199-2A>G,6833,ABCC8,HGNC:59,Conflicting classifications of pathogenicity,1,"Sep 28, 2019",1953885548,-,RCV002245872|RCV002245871|RCV001204869,"Human Phenotype Ontology:HP:0008255,MONDO:MONDO:0020525,MedGen:C0342273|Human Phenotype Ontology:HP:0004904,MONDO:MONDO:0018911,MedGen:C0342276,OMIM:PS125850,Orphanet:552|MedGen:C3661900",Transitory neonatal diabetes mellitus|Maturity-onset diabetes of the young|not provided,germline;somatic,germline/somatic,GRCh37,NC_000011.9,11,17417267,17417267,na,na,11p15.1,"criteria provided, conflicting classifications",2,-,N,ClinGen:CA379787565,2,936132,17417267,T,C,-,-,-,-,-,-,SCV001376097|SCV002513441|SCV002513443,-,-
940208,single nucleotide variant,NM_000352.6(ABCC8):c.4199-2A>G,6833,ABCC8,HGNC:59,Conflicting classifications of pathogenicity,1,"Sep 28, 2019",1953885548,-,RCV002245872|RCV002245871|RCV001204869,"Human Phenotype Ontology:HP:0008255,MONDO:MONDO:0020525,MedGen:C0342273|Human Phenotype Ontology:HP:0004904,MONDO:MONDO:0018911,MedGen:C0342276,OMIM:PS125850,Orphanet:552|MedGen:C3661900",Transitory neonatal diabetes mellitus|Maturity-onset diabetes of the young|not provided,germline;somatic,germline/somatic,GRCh38,NC_000011.10,11,17395720,17395720,na,na,11p15.1,"criteria provided, conflicting classifications",2,-,N,ClinGen:CA379787565,2,936132,17395720,T,C,-,-,-,-,-,-,SCV001376097|SCV002513441|SCV002513443,-,-
947365,Deletion,NM_000352.6(ABCC8):c.4477del (p.Arg1493fs),6833,ABCC8,HGNC:59,Conflicting classifications of pathogenicity,1,"Dec 05, 2024",1953791177,-,RCV001238672|RCV002245896|RCV002245895|RCV003469448,"MedGen:C3661900|Human Phenotype Ontology:HP:0008255,MONDO:MONDO:0020525,MedGen:C0342273|Human Phenotype Ontology:HP:0004904,MONDO:MONDO:0018911,MedGen:C0342276,OMIM:PS125850,Orphanet:552|Human Phenotype Ontology:HP:0005965,Human Phenotype Ontology:HP:0005978,Human Phenotype Ontology:HP:0100652,MONDO:MONDO:0005148,MeSH:D003924,MedGen:C0011860,OMIM:125853",not provided|Transitory neonatal diabetes mellitus|Maturity-onset diabetes of the young|Type 2 diabetes mellitus,germline;somatic;unknown,germline/somatic,GRCh37,NC_000011.9,11,17415881,17415881,na,na,11p15.1,"criteria provided, conflicting classifications",4,-,N,ClinGen:CA1139661847,2,964449,17415880,CG,C,-,-,-,-,-,-,SCV001411497|SCV002513286|SCV002513287|SCV004205415|SCV006321987,-,-
947365,Deletion,NM_000352.6(ABCC8):c.4477del (p.Arg1493fs),6833,ABCC8,HGNC:59,Conflicting classifications of pathogenicity,1,"Dec 05, 2024",1953791177,-,RCV001238672|RCV002245896|RCV002245895|RCV003469448,"MedGen:C3661900|Human Phenotype Ontology:HP:0008255,MONDO:MONDO:0020525,MedGen:C0342273|Human Phenotype Ontology:HP:0004904,MONDO:MONDO:0018911,MedGen:C0342276,OMIM:PS125850,Orphanet:552|Human Phenotype Ontology:HP:0005965,Human Phenotype Ontology:HP:0005978,Human Phenotype Ontology:HP:0100652,MONDO:MONDO:0005148,MeSH:D003924,MedGen:C0011860,OMIM:125853",not provided|Transitory neonatal diabetes mellitus|Maturity-onset diabetes of the young|Type 2 diabetes mellitus,germline;somatic;unknown,germline/somatic,GRCh38,NC_000011.10,11,17394334,17394334,na,na,11p15.1,"criteria provided, conflicting classifications",4,-,N,ClinGen:CA1139661847,2,964449,17394333,CG,C,-,-,-,-,-,-,SCV001411497|SCV002513286|SCV002513287|SCV004205415|SCV006321987,-,-
947366,single nucleotide variant,NM_000352.6(ABCC8):c.1536C>A (p.Tyr512Ter),6833,ABCC8,HGNC:59,Pathogenic,1,"Sep 28, 2019",765090096,-,RCV001233266|RCV005909102,MedGen:C3661900|MedGen:CN377704,not provided|Uterine corpus endometrial carcinoma,germline;not applicable,germline,GRCh37,NC_000011.9,11,17464361,17464361,na,na,11p15.1,"criteria provided, single submitter",2,-,N,ClinGen:CA379766520,2,959844,17464361,G,T,-,-,-,-,-,-,SCV001405852,-,-
947366,single nucleotide variant,NM_000352.6(ABCC8):c.1536C>A (p.Tyr512Ter),6833,ABCC8,HGNC:59,Pathogenic,1,"Sep 28, 2019",765090096,-,RCV001233266|RCV005909102,MedGen:C3661900|MedGen:CN377704,not provided|Uterine corpus endometrial carcinoma,germline;not applicable,germline,GRCh38,NC_000011.10,11,17442814,17442814,na,na,11p15.1,"criteria provided, single submitter",2,-,N,ClinGen:CA379766520,2,959844,17442814,G,T,-,-,-,-,-,-,SCV001405852,-,-
947367,Deletion,NM_000352.6(ABCC8):c.725del (p.Lys242fs),6833,ABCC8,HGNC:59,Conflicting classifications of pathogenicity,1,"May 27, 2024",1957196622,-,RCV002253787|RCV001231242|RCV002253786,"Human Phenotype Ontology:HP:0008255,MONDO:MONDO:0020525,MedGen:C0342273|MedGen:C3661900|Human Phenotype Ontology:HP:0004904,MONDO:MONDO:0018911,MedGen:C0342276,OMIM:PS125850,Orphanet:552",Transitory neonatal diabetes mellitus|not provided|Maturity-onset diabetes of the young,germline;unknown,germline,GRCh37,NC_000011.9,11,17483227,17483227,na,na,11p15.1,"criteria provided, conflicting classifications",3,-,N,ClinGen:CA1139661837,2,958131,17483226,CT,C,-,-,-,-,-,-,SCV001403755|SCV002049074|SCV002522647|SCV002522648,-,-
947367,Deletion,NM_000352.6(ABCC8):c.725del (p.Lys242fs),6833,ABCC8,HGNC:59,Conflicting classifications of pathogenicity,1,"May 27, 2024",1957196622,-,RCV002253787|RCV001231242|RCV002253786,"Human Phenotype Ontology:HP:0008255,MONDO:MONDO:0020525,MedGen:C0342273|MedGen:C3661900|Human Phenotype Ontology:HP:0004904,MONDO:MONDO:0018911,MedGen:C0342276,OMIM:PS125850,Orphanet:552",Transitory neonatal diabetes mellitus|not provided|Maturity-onset diabetes of the young,germline;unknown,germline,GRCh38,NC_000011.10,11,17461680,17461680,na,na,11p15.1,"criteria provided, conflicting classifications",3,-,N,ClinGen:CA1139661837,2,958131,17461679,CT,C,-,-,-,-,-,-,SCV001403755|SCV002049074|SCV002522647|SCV002522648,-,-
956429,Indel,NM_000352.6(ABCC8):c.4138_4140delinsCA (p.Thr1380fs),6833,ABCC8,HGNC:59,Conflicting classifications of pathogenicity,1,"Jul 03, 2025",1953899672,-,RCV001243298|RCV002245900|RCV003469465|RCV003770283|RCV005633987,"MedGen:C3661900|Human Phenotype Ontology:HP:0004904,MONDO:MONDO:0018911,MedGen:C0342276,OMIM:PS125850,Orphanet:552|Human Phenotype Ontology:HP:0005965,Human Phenotype Ontology:HP:0005978,Human Phenotype Ontology:HP:0100652,MONDO:MONDO:0005148,MeSH:D003924,MedGen:C0011860,OMIM:125853|MONDO:MONDO:0012480,MedGen:C1835887,OMIM:610374,Orphanet:99886|MONDO:MONDO:0009734,MedGen:C2931832,OMIM:256450,Orphanet:276575,Orphanet:276598","not provided|Maturity-onset diabetes of the young|Type 2 diabetes mellitus|Diabetes mellitus, transient neonatal, 2|Hyperinsulinemic hypoglycemia, familial, 1",germline;somatic;unknown,germline/somatic,GRCh37,NC_000011.9,11,17417457,17417459,na,na,11p15.1,"criteria provided, conflicting classifications",5,-,N,ClinGen:CA1139661848,2,968215,17417457,GGT,TG,-,-,-,-,-,-,SCV001416445|SCV002023930|SCV002513463|SCV002558792|SCV004192483|SCV006323081,-,-
956429,Indel,NM_000352.6(ABCC8):c.4138_4140delinsCA (p.Thr1380fs),6833,ABCC8,HGNC:59,Conflicting classifications of pathogenicity,1,"Jul 03, 2025",1953899672,-,RCV001243298|RCV002245900|RCV003469465|RCV003770283|RCV005633987,"MedGen:C3661900|Human Phenotype Ontology:HP:0004904,MONDO:MONDO:0018911,MedGen:C0342276,OMIM:PS125850,Orphanet:552|Human Phenotype Ontology:HP:0005965,Human Phenotype Ontology:HP:0005978,Human Phenotype Ontology:HP:0100652,MONDO:MONDO:0005148,MeSH:D003924,MedGen:C0011860,OMIM:125853|MONDO:MONDO:0012480,MedGen:C1835887,OMIM:610374,Orphanet:99886|MONDO:MONDO:0009734,MedGen:C2931832,OMIM:256450,Orphanet:276575,Orphanet:276598","not provided|Maturity-onset diabetes of the young|Type 2 diabetes mellitus|Diabetes mellitus, transient neonatal, 2|Hyperinsulinemic hypoglycemia, familial, 1",germline;somatic;unknown,germline/somatic,GRCh38,NC_000011.10,11,17395910,17395912,na,na,11p15.1,"criteria provided, conflicting classifications",5,-,N,ClinGen:CA1139661848,2,968215,17395910,GGT,TG,-,-,-,-,-,-,SCV001416445|SCV002023930|SCV002513463|SCV002558792|SCV004192483|SCV006323081,-,-
956430,single nucleotide variant,NM_000352.6(ABCC8):c.2057T>C (p.Phe686Ser),6833,ABCC8,HGNC:59,Pathogenic,1,"Feb 23, 2024",1159625966,-,RCV001243690,MedGen:C3661900,not provided,germline,germline,GRCh37,NC_000011.9,11,17449473,17449473,na,na,11p15.1,"criteria provided, single submitter",1,-,N,ClinGen:CA379814914,2,968535,17449473,A,G,-,-,-,-,-,-,SCV001416864,-,-
956430,single nucleotide variant,NM_000352.6(ABCC8):c.2057T>C (p.Phe686Ser),6833,ABCC8,HGNC:59,Pathogenic,1,"Feb 23, 2024",1159625966,-,RCV001243690,MedGen:C3661900,not provided,germline,germline,GRCh38,NC_000011.10,11,17427926,17427926,na,na,11p15.1,"criteria provided, single submitter",1,-,N,ClinGen:CA379814914,2,968535,17427926,A,G,-,-,-,-,-,-,SCV001416864,-,-
959982,single nucleotide variant,NM_000352.6(ABCC8):c.2117-2A>T,6833,ABCC8,HGNC:59,Pathogenic,1,"Jun 30, 2025",1476853180,-,RCV001236937|RCV001290585|RCV003321815|RCV004528430|RCV004570600,"MedGen:C3661900|MONDO:MONDO:0017182,MedGen:C3888018,Orphanet:276525|MONDO:MONDO:0009734,MedGen:C2931832,OMIM:256450,Orphanet:276575,Orphanet:276598||Human Phenotype Ontology:HP:0005965,Human Phenotype Ontology:HP:0005978,Human Phenotype Ontology:HP:0100652,MONDO:MONDO:0005148,MeSH:D003924,MedGen:C0011860,OMIM:125853","not provided|Familial hyperinsulinism|Hyperinsulinemic hypoglycemia, familial, 1|ABCC8-related disorder|Type 2 diabetes mellitus",germline;unknown,germline,GRCh37,NC_000011.9,11,17448703,17448703,na,na,11p15.1,"criteria provided, multiple submitters, no conflicts",7,-,N,ClinGen:CA379813843,2,962983,17448703,T,A,-,-,-,-,-,-,SCV001409678|SCV001478669|SCV004026547|SCV004112093|SCV004136031|SCV005054812|SCV006323192,-,-
959982,single nucleotide variant,NM_000352.6(ABCC8):c.2117-2A>T,6833,ABCC8,HGNC:59,Pathogenic,1,"Jun 30, 2025",1476853180,-,RCV001236937|RCV001290585|RCV003321815|RCV004528430|RCV004570600,"MedGen:C3661900|MONDO:MONDO:0017182,MedGen:C3888018,Orphanet:276525|MONDO:MONDO:0009734,MedGen:C2931832,OMIM:256450,Orphanet:276575,Orphanet:276598||Human Phenotype Ontology:HP:0005965,Human Phenotype Ontology:HP:0005978,Human Phenotype Ontology:HP:0100652,MONDO:MONDO:0005148,MeSH:D003924,MedGen:C0011860,OMIM:125853","not provided|Familial hyperinsulinism|Hyperinsulinemic hypoglycemia, familial, 1|ABCC8-related disorder|Type 2 diabetes mellitus",germline;unknown,germline,GRCh38,NC_000011.10,11,17427156,17427156,na,na,11p15.1,"criteria provided, multiple submitters, no conflicts",7,-,N,ClinGen:CA379813843,2,962983,17427156,T,A,-,-,-,-,-,-,SCV001409678|SCV001478669|SCV004026547|SCV004112093|SCV004136031|SCV005054812|SCV006323192,-,-
961068,single nucleotide variant,NM_000162.5(GCK):c.1133C>G (p.Ala378Gly),2645,GCK,HGNC:4195,Likely pathogenic,1,"Aug 07, 2023",193929374,-,RCV001879746|RCV001248986|RCV003325991,"MedGen:C3661900|MONDO:MONDO:0007453,MedGen:C0342277,OMIM:125851,Orphanet:552|MONDO:MONDO:0015967,MedGen:C3888631,Orphanet:183625",not provided|Maturity-onset diabetes of the young type 2|Monogenic diabetes,germline,germline,GRCh37,NC_000007.13,7,44185216,44185216,na,na,7p13,reviewed by expert panel,3,-,N,ClinGen:CA367398802,2,972776,44185216,G,C,-,-,-,-,-,-,SCV004032081,-,-
961068,single nucleotide variant,NM_000162.5(GCK):c.1133C>G (p.Ala378Gly),2645,GCK,HGNC:4195,Likely pathogenic,1,"Aug 07, 2023",193929374,-,RCV001879746|RCV001248986|RCV003325991,"MedGen:C3661900|MONDO:MONDO:0007453,MedGen:C0342277,OMIM:125851,Orphanet:552|MONDO:MONDO:0015967,MedGen:C3888631,Orphanet:183625",not provided|Maturity-onset diabetes of the young type 2|Monogenic diabetes,germline,germline,GRCh38,NC_000007.14,7,44145617,44145617,na,na,7p13,reviewed by expert panel,3,-,N,ClinGen:CA367398802,2,972776,44145617,G,C,-,-,-,-,-,-,SCV004032081,-,-
961069,single nucleotide variant,NM_000162.5(GCK):c.1019G>T (p.Ser340Ile),2645,GCK,HGNC:4195,Conflicting classifications of pathogenicity,1,"Aug 02, 2022",1376631949,-,RCV001751508|RCV001248989,"MedGen:C3661900|MONDO:MONDO:0007453,MedGen:C0342277,OMIM:125851,Orphanet:552",not provided|Maturity-onset diabetes of the young type 2,germline,germline,GRCh37,NC_000007.13,7,44186062,44186062,na,na,7p13,"criteria provided, conflicting classifications",3,-,N,ClinGen:CA367399683,2,972778,44186062,C,A,-,-,-,-,-,-,SCV001422832|SCV001986065|SCV002562149,-,-
961069,single nucleotide variant,NM_000162.5(GCK):c.1019G>T (p.Ser340Ile),2645,GCK,HGNC:4195,Conflicting classifications of pathogenicity,1,"Aug 02, 2022",1376631949,-,RCV001751508|RCV001248989,"MedGen:C3661900|MONDO:MONDO:0007453,MedGen:C0342277,OMIM:125851,Orphanet:552",not provided|Maturity-onset diabetes of the young type 2,germline,germline,GRCh38,NC_000007.14,7,44146463,44146463,na,na,7p13,"criteria provided, conflicting classifications",3,-,N,ClinGen:CA367399683,2,972778,44146463,C,A,-,-,-,-,-,-,SCV001422832|SCV001986065|SCV002562149,-,-
961070,single nucleotide variant,NM_000162.5(GCK):c.773G>A (p.Gly258Asp),2645,GCK,HGNC:4195,Conflicting classifications of pathogenicity,1,"Jan 22, 2020",747662793,-,RCV001248985|RCV002463790,"MONDO:MONDO:0007453,MedGen:C0342277,OMIM:125851,Orphanet:552|Human Phenotype Ontology:HP:0004904,MONDO:MONDO:0018911,MedGen:C0342276,OMIM:PS125850,Orphanet:552",Maturity-onset diabetes of the young type 2|Maturity-onset diabetes of the young,germline;unknown,germline,GRCh37,NC_000007.13,7,44187339,44187339,na,na,7p13,"criteria provided, conflicting classifications",2,-,N,ClinGen:CA4239526,2,972775,44187339,C,T,-,-,-,-,-,-,SCV001422827|SCV002605073,-,-
961070,single nucleotide variant,NM_000162.5(GCK):c.773G>A (p.Gly258Asp),2645,GCK,HGNC:4195,Conflicting classifications of pathogenicity,1,"Jan 22, 2020",747662793,-,RCV001248985|RCV002463790,"MONDO:MONDO:0007453,MedGen:C0342277,OMIM:125851,Orphanet:552|Human Phenotype Ontology:HP:0004904,MONDO:MONDO:0018911,MedGen:C0342276,OMIM:PS125850,Orphanet:552",Maturity-onset diabetes of the young type 2|Maturity-onset diabetes of the young,germline;unknown,germline,GRCh38,NC_000007.14,7,44147740,44147740,na,na,7p13,"criteria provided, conflicting classifications",2,-,N,ClinGen:CA4239526,2,972775,44147740,C,T,-,-,-,-,-,-,SCV001422827|SCV002605073,-,-
961071,single nucleotide variant,NM_000162.5(GCK):c.716A>G (p.Gln239Arg),2645,GCK,HGNC:4195,Uncertain significance,0,"Jun 19, 2024",764146649,-,RCV001249058|RCV005038011,"MONDO:MONDO:0007453,MedGen:C0342277,OMIM:125851,Orphanet:552|MONDO:MONDO:0011236,MedGen:C1865290,OMIM:602485,Orphanet:79299;Human Phenotype Ontology:HP:0005965,Human Phenotype Ontology:HP:0005978,Human Phenotype Ontology:HP:0100652,MONDO:MONDO:0005148,MeSH:D003924,MedGen:C0011860,OMIM:125853;MONDO:MONDO:0007453,MedGen:C0342277,OMIM:125851,Orphanet:552;MONDO:MONDO:0100165,MedGen:C5393570,OMIM:606176",Maturity-onset diabetes of the young type 2|Hyperinsulinism due to glucokinase deficiency;Type 2 diabetes mellitus;Maturity-onset diabetes of the young type 2;Permanent neonatal diabetes mellitus 1,germline,germline,GRCh37,NC_000007.13,7,44187396,44187396,na,na,7p13,"criteria provided, multiple submitters, no conflicts",2,-,N,ClinGen:CA4239535,2,972804,44187396,T,C,-,-,-,-,-,-,SCV001423005|SCV005668348,-,-
961071,single nucleotide variant,NM_000162.5(GCK):c.716A>G (p.Gln239Arg),2645,GCK,HGNC:4195,Uncertain significance,0,"Jun 19, 2024",764146649,-,RCV001249058|RCV005038011,"MONDO:MONDO:0007453,MedGen:C0342277,OMIM:125851,Orphanet:552|MONDO:MONDO:0011236,MedGen:C1865290,OMIM:602485,Orphanet:79299;Human Phenotype Ontology:HP:0005965,Human Phenotype Ontology:HP:0005978,Human Phenotype Ontology:HP:0100652,MONDO:MONDO:0005148,MeSH:D003924,MedGen:C0011860,OMIM:125853;MONDO:MONDO:0007453,MedGen:C0342277,OMIM:125851,Orphanet:552;MONDO:MONDO:0100165,MedGen:C5393570,OMIM:606176",Maturity-onset diabetes of the young type 2|Hyperinsulinism due to glucokinase deficiency;Type 2 diabetes mellitus;Maturity-onset diabetes of the young type 2;Permanent neonatal diabetes mellitus 1,germline,germline,GRCh38,NC_000007.14,7,44147797,44147797,na,na,7p13,"criteria provided, multiple submitters, no conflicts",2,-,N,ClinGen:CA4239535,2,972804,44147797,T,C,-,-,-,-,-,-,SCV001423005|SCV005668348,-,-
961072,single nucleotide variant,NM_000162.5(GCK):c.709G>A (p.Glu237Lys),2645,GCK,HGNC:4195,Uncertain significance/Uncertain risk allele,0,"Jan 22, 2020",1176858193,-,RCV001249059|RCV002463791,"MONDO:MONDO:0007453,MedGen:C0342277,OMIM:125851,Orphanet:552|Human Phenotype Ontology:HP:0004904,MONDO:MONDO:0018911,MedGen:C0342276,OMIM:PS125850,Orphanet:552",Maturity-onset diabetes of the young type 2|Maturity-onset diabetes of the young,germline;unknown,germline,GRCh37,NC_000007.13,7,44187403,44187403,na,na,7p13,"criteria provided, multiple submitters, no conflicts",2,-,N,ClinGen:CA367400730,2,972805,44187403,C,T,-,-,-,-,-,-,SCV001423006|SCV002605113,-,-
961072,single nucleotide variant,NM_000162.5(GCK):c.709G>A (p.Glu237Lys),2645,GCK,HGNC:4195,Uncertain significance/Uncertain risk allele,0,"Jan 22, 2020",1176858193,-,RCV001249059|RCV002463791,"MONDO:MONDO:0007453,MedGen:C0342277,OMIM:125851,Orphanet:552|Human Phenotype Ontology:HP:0004904,MONDO:MONDO:0018911,MedGen:C0342276,OMIM:PS125850,Orphanet:552",Maturity-onset diabetes of the young type 2|Maturity-onset diabetes of the young,germline;unknown,germline,GRCh38,NC_000007.14,7,44147804,44147804,na,na,7p13,"criteria provided, multiple submitters, no conflicts",2,-,N,ClinGen:CA367400730,2,972805,44147804,C,T,-,-,-,-,-,-,SCV001423006|SCV002605113,-,-
961073,single nucleotide variant,NM_000162.5(GCK):c.577G>C (p.Gly193Arg),2645,GCK,HGNC:4195,Uncertain significance,0,"Jan 22, 2020",376050856,-,RCV001249060,"MONDO:MONDO:0007453,MedGen:C0342277,OMIM:125851,Orphanet:552",Maturity-onset diabetes of the young type 2,germline,germline,GRCh37,NC_000007.13,7,44189570,44189570,na,na,7p13,"criteria provided, single submitter",1,-,N,ClinGen:CA4239599,2,972806,44189570,C,G,-,-,-,-,-,-,SCV001423007,-,-
961073,single nucleotide variant,NM_000162.5(GCK):c.577G>C (p.Gly193Arg),2645,GCK,HGNC:4195,Uncertain significance,0,"Jan 22, 2020",376050856,-,RCV001249060,"MONDO:MONDO:0007453,MedGen:C0342277,OMIM:125851,Orphanet:552",Maturity-onset diabetes of the young type 2,germline,germline,GRCh38,NC_000007.14,7,44149971,44149971,na,na,7p13,"criteria provided, single submitter",1,-,N,ClinGen:CA4239599,2,972806,44149971,C,G,-,-,-,-,-,-,SCV001423007,-,-
961074,single nucleotide variant,NM_000162.5(GCK):c.394G>A (p.Asp132Asn),2645,GCK,HGNC:4195,Uncertain significance,0,"Feb 15, 2024",762419802,-,RCV001249061|RCV003230652|RCV002499437,"MONDO:MONDO:0007453,MedGen:C0342277,OMIM:125851,Orphanet:552|MedGen:CN169374|MONDO:MONDO:0011236,MedGen:C1865290,OMIM:602485,Orphanet:79299;Human Phenotype Ontology:HP:0005965,Human Phenotype Ontology:HP:0005978,Human Phenotype Ontology:HP:0100652,MONDO:MONDO:0005148,MeSH:D003924,MedGen:C0011860,OMIM:125853;MONDO:MONDO:0007453,MedGen:C0342277,OMIM:125851,Orphanet:552;MONDO:MONDO:0100165,MedGen:C5393570,OMIM:606176",Maturity-onset diabetes of the young type 2|not specified|Hyperinsulinism due to glucokinase deficiency;Type 2 diabetes mellitus;Maturity-onset diabetes of the young type 2;Permanent neonatal diabetes mellitus 1,germline,germline,GRCh37,NC_000007.13,7,44190644,44190644,na,na,7p13,"criteria provided, multiple submitters, no conflicts",3,-,N,ClinGen:CA4239636,2,972807,44190644,C,T,-,-,-,-,-,-,SCV001423008|SCV002802113|SCV003928821,-,-
961074,single nucleotide variant,NM_000162.5(GCK):c.394G>A (p.Asp132Asn),2645,GCK,HGNC:4195,Uncertain significance,0,"Feb 15, 2024",762419802,-,RCV001249061|RCV003230652|RCV002499437,"MONDO:MONDO:0007453,MedGen:C0342277,OMIM:125851,Orphanet:552|MedGen:CN169374|MONDO:MONDO:0011236,MedGen:C1865290,OMIM:602485,Orphanet:79299;Human Phenotype Ontology:HP:0005965,Human Phenotype Ontology:HP:0005978,Human Phenotype Ontology:HP:0100652,MONDO:MONDO:0005148,MeSH:D003924,MedGen:C0011860,OMIM:125853;MONDO:MONDO:0007453,MedGen:C0342277,OMIM:125851,Orphanet:552;MONDO:MONDO:0100165,MedGen:C5393570,OMIM:606176",Maturity-onset diabetes of the young type 2|not specified|Hyperinsulinism due to glucokinase deficiency;Type 2 diabetes mellitus;Maturity-onset diabetes of the young type 2;Permanent neonatal diabetes mellitus 1,germline,germline,GRCh38,NC_000007.14,7,44151045,44151045,na,na,7p13,"criteria provided, multiple submitters, no conflicts",3,-,N,ClinGen:CA4239636,2,972807,44151045,C,T,-,-,-,-,-,-,SCV001423008|SCV002802113|SCV003928821,-,-
961075,single nucleotide variant,NM_000162.5(GCK):c.316C>T (p.Gln106Ter),2645,GCK,HGNC:4195,Pathogenic/Likely pathogenic,1,"Nov 04, 2023",2096281702,-,RCV001249069|RCV002464038|RCV003558760,"MONDO:MONDO:0007453,MedGen:C0342277,OMIM:125851,Orphanet:552|Human Phenotype Ontology:HP:0004904,MONDO:MONDO:0018911,MedGen:C0342276,OMIM:PS125850,Orphanet:552|MedGen:C3661900",Maturity-onset diabetes of the young type 2|Maturity-onset diabetes of the young|not provided,germline;unknown,germline,GRCh37,NC_000007.13,7,44191917,44191917,na,na,7p13,"criteria provided, multiple submitters, no conflicts",5,-,N,ClinGen:CA367402719,2,972812,44191917,G,A,-,-,-,-,-,-,SCV001423017|SCV002562168|SCV002605308|SCV004295188|SCV004848497,-,-
961075,single nucleotide variant,NM_000162.5(GCK):c.316C>T (p.Gln106Ter),2645,GCK,HGNC:4195,Pathogenic/Likely pathogenic,1,"Nov 04, 2023",2096281702,-,RCV001249069|RCV002464038|RCV003558760,"MONDO:MONDO:0007453,MedGen:C0342277,OMIM:125851,Orphanet:552|Human Phenotype Ontology:HP:0004904,MONDO:MONDO:0018911,MedGen:C0342276,OMIM:PS125850,Orphanet:552|MedGen:C3661900",Maturity-onset diabetes of the young type 2|Maturity-onset diabetes of the young|not provided,germline;unknown,germline,GRCh38,NC_000007.14,7,44152318,44152318,na,na,7p13,"criteria provided, multiple submitters, no conflicts",5,-,N,ClinGen:CA367402719,2,972812,44152318,G,A,-,-,-,-,-,-,SCV001423017|SCV002562168|SCV002605308|SCV004295188|SCV004848497,-,-
961076,single nucleotide variant,NM_000162.5(GCK):c.207A>G (p.Ser69=),2645,GCK,HGNC:4195,Conflicting classifications of pathogenicity,1,"Nov 01, 2022",779548342,-,RCV001249064|RCV001289435|RCV001819955|RCV002465855,"MONDO:MONDO:0007453,MedGen:C0342277,OMIM:125851,Orphanet:552|MedGen:C3661900|MedGen:CN169374|Human Phenotype Ontology:HP:0004904,MONDO:MONDO:0018911,MedGen:C0342276,OMIM:PS125850,Orphanet:552",Maturity-onset diabetes of the young type 2|not provided|not specified|Maturity-onset diabetes of the young,germline;unknown,germline,GRCh37,NC_000007.13,7,44192901,44192901,na,na,7p13,"criteria provided, conflicting classifications",5,-,N,ClinGen:CA4239705,2,972808,44192901,T,C,-,-,-,-,-,-,SCV001423011|SCV001477252|SCV002067277|SCV002605378|SCV004037044,-,-
961076,single nucleotide variant,NM_000162.5(GCK):c.207A>G (p.Ser69=),2645,GCK,HGNC:4195,Conflicting classifications of pathogenicity,1,"Nov 01, 2022",779548342,-,RCV001249064|RCV001289435|RCV001819955|RCV002465855,"MONDO:MONDO:0007453,MedGen:C0342277,OMIM:125851,Orphanet:552|MedGen:C3661900|MedGen:CN169374|Human Phenotype Ontology:HP:0004904,MONDO:MONDO:0018911,MedGen:C0342276,OMIM:PS125850,Orphanet:552",Maturity-onset diabetes of the young type 2|not provided|not specified|Maturity-onset diabetes of the young,germline;unknown,germline,GRCh38,NC_000007.14,7,44153302,44153302,na,na,7p13,"criteria provided, conflicting classifications",5,-,N,ClinGen:CA4239705,2,972808,44153302,T,C,-,-,-,-,-,-,SCV001423011|SCV001477252|SCV002067277|SCV002605378|SCV004037044,-,-
961077,single nucleotide variant,NM_000162.5(GCK):c.203G>A (p.Gly68Asp),2645,GCK,HGNC:4195,Likely benign,0,"Dec 08, 2023",373418736,-,RCV001248984|RCV003481036|RCV005094178,"MONDO:MONDO:0007453,MedGen:C0342277,OMIM:125851,Orphanet:552|MONDO:MONDO:0015967,MedGen:C3888631,Orphanet:183625|MedGen:C3661900",Maturity-onset diabetes of the young type 2|Monogenic diabetes|not provided,germline,germline,GRCh37,NC_000007.13,7,44192905,44192905,na,na,7p13,reviewed by expert panel,3,-,N,ClinGen:CA157919943,2,972774,44192905,C,T,-,-,-,-,-,-,SCV004223874,-,-
961077,single nucleotide variant,NM_000162.5(GCK):c.203G>A (p.Gly68Asp),2645,GCK,HGNC:4195,Likely benign,0,"Dec 08, 2023",373418736,-,RCV001248984|RCV003481036|RCV005094178,"MONDO:MONDO:0007453,MedGen:C0342277,OMIM:125851,Orphanet:552|MONDO:MONDO:0015967,MedGen:C3888631,Orphanet:183625|MedGen:C3661900",Maturity-onset diabetes of the young type 2|Monogenic diabetes|not provided,germline,germline,GRCh38,NC_000007.14,7,44153306,44153306,na,na,7p13,reviewed by expert panel,3,-,N,ClinGen:CA157919943,2,972774,44153306,C,T,-,-,-,-,-,-,SCV004223874,-,-
961078,single nucleotide variant,NM_000162.5(GCK):c.107G>A (p.Arg36Gln),2645,GCK,HGNC:4195,Uncertain significance,0,"Mar 23, 2026",193922261,-,RCV001249065|RCV001879749|RCV002485984|RCV002464037|RCV006635964,"MONDO:MONDO:0007453,MedGen:C0342277,OMIM:125851,Orphanet:552|MedGen:C3661900|Human Phenotype Ontology:HP:0005965,Human Phenotype Ontology:HP:0005978,Human Phenotype Ontology:HP:0100652,MONDO:MONDO:0005148,MeSH:D003924,MedGen:C0011860,OMIM:125853;MONDO:MONDO:0007453,MedGen:C0342277,OMIM:125851,Orphanet:552;MONDO:MONDO:0011236,MedGen:C1865290,OMIM:602485,Orphanet:79299;MONDO:MONDO:0100165,MedGen:C5393570,OMIM:606176|Human Phenotype Ontology:HP:0004904,MONDO:MONDO:0018911,MedGen:C0342276,OMIM:PS125850,Orphanet:552|MONDO:MONDO:0015967,MedGen:C3888631,Orphanet:183625",Maturity-onset diabetes of the young type 2|not provided|Type 2 diabetes mellitus;Maturity-onset diabetes of the young type 2;Hyperinsulinism due to glucokinase deficiency;Permanent neonatal diabetes mellitus 1|Maturity-onset diabetes of the young|Monogenic diabetes,germline;unknown,germline,GRCh37,NC_000007.13,7,44193001,44193001,na,na,7p13,reviewed by expert panel,5,-,N,ClinGen:CA367403564,2,972809,44193001,C,T,-,-,-,-,-,-,SCV007520545,-,-
961078,single nucleotide variant,NM_000162.5(GCK):c.107G>A (p.Arg36Gln),2645,GCK,HGNC:4195,Uncertain significance,0,"Mar 23, 2026",193922261,-,RCV001249065|RCV001879749|RCV002485984|RCV002464037|RCV006635964,"MONDO:MONDO:0007453,MedGen:C0342277,OMIM:125851,Orphanet:552|MedGen:C3661900|Human Phenotype Ontology:HP:0005965,Human Phenotype Ontology:HP:0005978,Human Phenotype Ontology:HP:0100652,MONDO:MONDO:0005148,MeSH:D003924,MedGen:C0011860,OMIM:125853;MONDO:MONDO:0007453,MedGen:C0342277,OMIM:125851,Orphanet:552;MONDO:MONDO:0011236,MedGen:C1865290,OMIM:602485,Orphanet:79299;MONDO:MONDO:0100165,MedGen:C5393570,OMIM:606176|Human Phenotype Ontology:HP:0004904,MONDO:MONDO:0018911,MedGen:C0342276,OMIM:PS125850,Orphanet:552|MONDO:MONDO:0015967,MedGen:C3888631,Orphanet:183625",Maturity-onset diabetes of the young type 2|not provided|Type 2 diabetes mellitus;Maturity-onset diabetes of the young type 2;Hyperinsulinism due to glucokinase deficiency;Permanent neonatal diabetes mellitus 1|Maturity-onset diabetes of the young|Monogenic diabetes,germline;unknown,germline,GRCh38,NC_000007.14,7,44153402,44153402,na,na,7p13,reviewed by expert panel,5,-,N,ClinGen:CA367403564,2,972809,44153402,C,T,-,-,-,-,-,-,SCV007520545,-,-
961285,single nucleotide variant,NM_000162.5(GCK):c.1085C>T (p.Thr362Ile),2645,GCK,HGNC:4195,Uncertain significance/Uncertain risk allele,0,"Nov 27, 2019",2096271812,-,RCV001249301|RCV001751510|RCV002463792,"MONDO:MONDO:0100164,MedGen:C1833104,OMIM:PS606176,Orphanet:99885;Human Phenotype Ontology:HP:0005965,Human Phenotype Ontology:HP:0005978,Human Phenotype Ontology:HP:0100652,MONDO:MONDO:0005148,MeSH:D003924,MedGen:C0011860,OMIM:125853;MONDO:MONDO:0007453,MedGen:C0342277,OMIM:125851,Orphanet:552|MedGen:C3661900|Human Phenotype Ontology:HP:0004904,MONDO:MONDO:0018911,MedGen:C0342276,OMIM:PS125850,Orphanet:552",Permanent neonatal diabetes mellitus;Type 2 diabetes mellitus;Maturity-onset diabetes of the young type 2|not provided|Maturity-onset diabetes of the young,germline;maternal;unknown,germline,GRCh37,NC_000007.13,7,44185264,44185264,na,na,7p13,"criteria provided, multiple submitters, no conflicts",3,-,N,ClinGen:CA367399081,2,972983,44185264,G,A,-,-,-,-,-,-,SCV001985242|SCV002758748,-,-
961285,single nucleotide variant,NM_000162.5(GCK):c.1085C>T (p.Thr362Ile),2645,GCK,HGNC:4195,Uncertain significance/Uncertain risk allele,0,"Nov 27, 2019",2096271812,-,RCV001249301|RCV001751510|RCV002463792,"MONDO:MONDO:0100164,MedGen:C1833104,OMIM:PS606176,Orphanet:99885;Human Phenotype Ontology:HP:0005965,Human Phenotype Ontology:HP:0005978,Human Phenotype Ontology:HP:0100652,MONDO:MONDO:0005148,MeSH:D003924,MedGen:C0011860,OMIM:125853;MONDO:MONDO:0007453,MedGen:C0342277,OMIM:125851,Orphanet:552|MedGen:C3661900|Human Phenotype Ontology:HP:0004904,MONDO:MONDO:0018911,MedGen:C0342276,OMIM:PS125850,Orphanet:552",Permanent neonatal diabetes mellitus;Type 2 diabetes mellitus;Maturity-onset diabetes of the young type 2|not provided|Maturity-onset diabetes of the young,germline;maternal;unknown,germline,GRCh38,NC_000007.14,7,44145665,44145665,na,na,7p13,"criteria provided, multiple submitters, no conflicts",3,-,N,ClinGen:CA367399081,2,972983,44145665,G,A,-,-,-,-,-,-,SCV001985242|SCV002758748,-,-
961569,Deletion,NM_000162.5(GCK):c.1148del (p.Ser383fs),2645,GCK,HGNC:4195,Pathogenic,1,"Mar 12, 2024",2096271597,-,RCV001249585|RCV002463793|RCV003883169,"MONDO:MONDO:0007453,MedGen:C0342277,OMIM:125851,Orphanet:552|Human Phenotype Ontology:HP:0004904,MONDO:MONDO:0018911,MedGen:C0342276,OMIM:PS125850,Orphanet:552|MONDO:MONDO:0015967,MedGen:C3888631,Orphanet:183625",Maturity-onset diabetes of the young type 2|Maturity-onset diabetes of the young|Monogenic diabetes,germline;unknown,germline,GRCh37,NC_000007.13,7,44185201,44185201,na,na,7p13,reviewed by expert panel,3,-,N,ClinGen:CA1139660056,2,973191,44185200,CG,C,-,-,-,-,-,-,SCV004697908,-,-
961569,Deletion,NM_000162.5(GCK):c.1148del (p.Ser383fs),2645,GCK,HGNC:4195,Pathogenic,1,"Mar 12, 2024",2096271597,-,RCV001249585|RCV002463793|RCV003883169,"MONDO:MONDO:0007453,MedGen:C0342277,OMIM:125851,Orphanet:552|Human Phenotype Ontology:HP:0004904,MONDO:MONDO:0018911,MedGen:C0342276,OMIM:PS125850,Orphanet:552|MONDO:MONDO:0015967,MedGen:C3888631,Orphanet:183625",Maturity-onset diabetes of the young type 2|Maturity-onset diabetes of the young|Monogenic diabetes,germline;unknown,germline,GRCh38,NC_000007.14,7,44145602,44145602,na,na,7p13,reviewed by expert panel,3,-,N,ClinGen:CA1139660056,2,973191,44145601,CG,C,-,-,-,-,-,-,SCV004697908,-,-
961866,Duplication,NM_000352.6(ABCC8):c.526dup (p.Val176fs),6833,ABCC8,HGNC:59,Conflicting classifications of pathogenicity,1,-,1847952281,-,RCV001250143|RCV002254206|RCV002254205,"MONDO:MONDO:0009734,MedGen:C2931832,OMIM:256450,Orphanet:276575,Orphanet:276598|Human Phenotype Ontology:HP:0008255,MONDO:MONDO:0020525,MedGen:C0342273|Human Phenotype Ontology:HP:0004904,MONDO:MONDO:0018911,MedGen:C0342276,OMIM:PS125850,Orphanet:552","Hyperinsulinemic hypoglycemia, familial, 1|Transitory neonatal diabetes mellitus|Maturity-onset diabetes of the young",germline;unknown,germline,GRCh37,NC_000011.9,11,17485037,17485038,na,na,11p15.1,"criteria provided, conflicting classifications",2,-,N,ClinGen:CA1139661838,2,973521,17485037,A,AC,-,-,-,-,-,-,SCV001424348|SCV002524053|SCV002524054,-,-
961866,Duplication,NM_000352.6(ABCC8):c.526dup (p.Val176fs),6833,ABCC8,HGNC:59,Conflicting classifications of pathogenicity,1,-,1847952281,-,RCV001250143|RCV002254206|RCV002254205,"MONDO:MONDO:0009734,MedGen:C2931832,OMIM:256450,Orphanet:276575,Orphanet:276598|Human Phenotype Ontology:HP:0008255,MONDO:MONDO:0020525,MedGen:C0342273|Human Phenotype Ontology:HP:0004904,MONDO:MONDO:0018911,MedGen:C0342276,OMIM:PS125850,Orphanet:552","Hyperinsulinemic hypoglycemia, familial, 1|Transitory neonatal diabetes mellitus|Maturity-onset diabetes of the young",germline;unknown,germline,GRCh38,NC_000011.10,11,17463490,17463491,na,na,11p15.1,"criteria provided, conflicting classifications",2,-,N,ClinGen:CA1139661838,2,973521,17463490,A,AC,-,-,-,-,-,-,SCV001424348|SCV002524053|SCV002524054,-,-
964289,Indel,NM_000162.5(GCK):c.529_530delinsTT (p.Glu177Leu),2645,GCK,HGNC:4195,Uncertain significance/Uncertain risk allele,0,"Nov 26, 2019",2096278772,-,RCV001253516|RCV002463794,"MONDO:MONDO:0007453,MedGen:C0342277,OMIM:125851,Orphanet:552|Human Phenotype Ontology:HP:0004904,MONDO:MONDO:0018911,MedGen:C0342276,OMIM:PS125850,Orphanet:552",Maturity-onset diabetes of the young type 2|Maturity-onset diabetes of the young,germline;unknown,germline,GRCh37,NC_000007.13,7,44189617,44189618,na,na,7p13,"criteria provided, multiple submitters, no conflicts",2,-,N,ClinGen:CA1139660058,2,976272,44189617,TC,AA,-,-,-,-,-,-,SCV001429260|SCV002605224,-,-
964289,Indel,NM_000162.5(GCK):c.529_530delinsTT (p.Glu177Leu),2645,GCK,HGNC:4195,Uncertain significance/Uncertain risk allele,0,"Nov 26, 2019",2096278772,-,RCV001253516|RCV002463794,"MONDO:MONDO:0007453,MedGen:C0342277,OMIM:125851,Orphanet:552|Human Phenotype Ontology:HP:0004904,MONDO:MONDO:0018911,MedGen:C0342276,OMIM:PS125850,Orphanet:552",Maturity-onset diabetes of the young type 2|Maturity-onset diabetes of the young,germline;unknown,germline,GRCh38,NC_000007.14,7,44150018,44150019,na,na,7p13,"criteria provided, multiple submitters, no conflicts",2,-,N,ClinGen:CA1139660058,2,976272,44150018,TC,AA,-,-,-,-,-,-,SCV001429260|SCV002605224,-,-
964290,single nucleotide variant,NM_000162.5(GCK):c.214G>C (p.Gly72Arg),2645,GCK,HGNC:4195,Pathogenic,1,"Apr 17, 2025",193922289,-,RCV001253600|RCV003546683,"MONDO:MONDO:0007453,MedGen:C0342277,OMIM:125851,Orphanet:552|MedGen:C3661900",Maturity-onset diabetes of the young type 2|not provided,germline,germline,GRCh37,NC_000007.13,7,44192019,44192019,na,na,7p13,"criteria provided, multiple submitters, no conflicts",3,-,N,ClinGen:CA367403112,2,976334,44192019,C,G,-,-,-,-,-,-,SCV001429409|SCV004252717|SCV005419003,-,-
964290,single nucleotide variant,NM_000162.5(GCK):c.214G>C (p.Gly72Arg),2645,GCK,HGNC:4195,Pathogenic,1,"Apr 17, 2025",193922289,-,RCV001253600|RCV003546683,"MONDO:MONDO:0007453,MedGen:C0342277,OMIM:125851,Orphanet:552|MedGen:C3661900",Maturity-onset diabetes of the young type 2|not provided,germline,germline,GRCh38,NC_000007.14,7,44152420,44152420,na,na,7p13,"criteria provided, multiple submitters, no conflicts",3,-,N,ClinGen:CA367403112,2,976334,44152420,C,G,-,-,-,-,-,-,SCV001429409|SCV004252717|SCV005419003,-,-
964291,single nucleotide variant,NM_000162.5(GCK):c.35A>G (p.Lys12Arg),2645,GCK,HGNC:4195,Uncertain significance,0,"May 28, 2021",777958777,-,RCV001252995,"MONDO:MONDO:0007453,MedGen:C0342277,OMIM:125851,Orphanet:552",Maturity-onset diabetes of the young type 2,paternal,germline,GRCh37,NC_000007.13,7,44228518,44228518,na,na,7p13,"criteria provided, single submitter",1,-,N,ClinGen:CA4239795,2,975874,44228518,T,C,-,-,-,-,-,-,SCV001428492,-,-
964291,single nucleotide variant,NM_000162.5(GCK):c.35A>G (p.Lys12Arg),2645,GCK,HGNC:4195,Uncertain significance,0,"May 28, 2021",777958777,-,RCV001252995,"MONDO:MONDO:0007453,MedGen:C0342277,OMIM:125851,Orphanet:552",Maturity-onset diabetes of the young type 2,paternal,germline,GRCh38,NC_000007.14,7,44188919,44188919,na,na,7p13,"criteria provided, single submitter",1,-,N,ClinGen:CA4239795,2,975874,44188919,T,C,-,-,-,-,-,-,SCV001428492,-,-
964358,single nucleotide variant,NM_000352.6(ABCC8):c.3454G>A (p.Ala1152Thr),6833,ABCC8,HGNC:59,Conflicting classifications of pathogenicity,1,"Feb 21, 2017",1954422814,-,RCV001253090|RCV002245903|RCV002245904,"MONDO:MONDO:0009415,MedGen:C0271714,OMIM:240800|Human Phenotype Ontology:HP:0004904,MONDO:MONDO:0018911,MedGen:C0342276,OMIM:PS125850,Orphanet:552|Human Phenotype Ontology:HP:0008255,MONDO:MONDO:0020525,MedGen:C0342273",Leucine-induced hypoglycemia|Maturity-onset diabetes of the young|Transitory neonatal diabetes mellitus,germline;somatic,germline/somatic,GRCh37,NC_000011.9,11,17426162,17426162,na,na,11p15.1,"criteria provided, conflicting classifications",2,-,N,ClinGen:CA379798316,2,975948,17426162,C,T,-,-,-,-,-,-,SCV001428617|SCV002515447|SCV002515448,-,-
964358,single nucleotide variant,NM_000352.6(ABCC8):c.3454G>A (p.Ala1152Thr),6833,ABCC8,HGNC:59,Conflicting classifications of pathogenicity,1,"Feb 21, 2017",1954422814,-,RCV001253090|RCV002245903|RCV002245904,"MONDO:MONDO:0009415,MedGen:C0271714,OMIM:240800|Human Phenotype Ontology:HP:0004904,MONDO:MONDO:0018911,MedGen:C0342276,OMIM:PS125850,Orphanet:552|Human Phenotype Ontology:HP:0008255,MONDO:MONDO:0020525,MedGen:C0342273",Leucine-induced hypoglycemia|Maturity-onset diabetes of the young|Transitory neonatal diabetes mellitus,germline;somatic,germline/somatic,GRCh38,NC_000011.10,11,17404615,17404615,na,na,11p15.1,"criteria provided, conflicting classifications",2,-,N,ClinGen:CA379798316,2,975948,17404615,C,T,-,-,-,-,-,-,SCV001428617|SCV002515447|SCV002515448,-,-
965842,single nucleotide variant,NM_000352.6(ABCC8):c.1453C>A (p.Gln485Lys),6833,ABCC8,HGNC:59,Uncertain significance,0,"Aug 31, 2020",1956391008,-,RCV001255527|RCV002252346|RCV002252345,"MedGen:CN169374|Human Phenotype Ontology:HP:0008255,MONDO:MONDO:0020525,MedGen:C0342273|Human Phenotype Ontology:HP:0004904,MONDO:MONDO:0018911,MedGen:C0342276,OMIM:PS125850,Orphanet:552",not specified|Transitory neonatal diabetes mellitus|Maturity-onset diabetes of the young,germline;unknown,germline,GRCh37,NC_000011.9,11,17464739,17464739,na,na,11p15.1,"criteria provided, multiple submitters, no conflicts",2,-,N,ClinGen:CA379766919,2,977713,17464739,G,T,-,-,-,-,-,-,SCV001431976|SCV002522411|SCV002522412,-,-
965842,single nucleotide variant,NM_000352.6(ABCC8):c.1453C>A (p.Gln485Lys),6833,ABCC8,HGNC:59,Uncertain significance,0,"Aug 31, 2020",1956391008,-,RCV001255527|RCV002252346|RCV002252345,"MedGen:CN169374|Human Phenotype Ontology:HP:0008255,MONDO:MONDO:0020525,MedGen:C0342273|Human Phenotype Ontology:HP:0004904,MONDO:MONDO:0018911,MedGen:C0342276,OMIM:PS125850,Orphanet:552",not specified|Transitory neonatal diabetes mellitus|Maturity-onset diabetes of the young,germline;unknown,germline,GRCh38,NC_000011.10,11,17443192,17443192,na,na,11p15.1,"criteria provided, multiple submitters, no conflicts",2,-,N,ClinGen:CA379766919,2,977713,17443192,G,T,-,-,-,-,-,-,SCV001431976|SCV002522411|SCV002522412,-,-
966053,single nucleotide variant,NM_000352.6(ABCC8):c.2557G>A (p.Asp853Asn),6833,ABCC8,HGNC:59,Conflicting classifications of pathogenicity,1,"Jun 06, 2020",1954765607,-,RCV001255854|RCV002251564|RCV002251762,"MONDO:MONDO:0009734,MedGen:C2931832,OMIM:256450,Orphanet:276575,Orphanet:276598|Human Phenotype Ontology:HP:0004904,MONDO:MONDO:0018911,MedGen:C0342276,OMIM:PS125850,Orphanet:552|Human Phenotype Ontology:HP:0008255,MONDO:MONDO:0020525,MedGen:C0342273","Hyperinsulinemic hypoglycemia, familial, 1|Maturity-onset diabetes of the young|Transitory neonatal diabetes mellitus",germline;unknown,germline,GRCh37,NC_000011.9,11,17432200,17432200,na,na,11p15.1,"criteria provided, conflicting classifications",2,-,N,ClinGen:CA379806753,2,977924,17432200,C,T,-,-,-,-,-,-,SCV001432259|SCV002522149|SCV002522150,-,-
966053,single nucleotide variant,NM_000352.6(ABCC8):c.2557G>A (p.Asp853Asn),6833,ABCC8,HGNC:59,Conflicting classifications of pathogenicity,1,"Jun 06, 2020",1954765607,-,RCV001255854|RCV002251564|RCV002251762,"MONDO:MONDO:0009734,MedGen:C2931832,OMIM:256450,Orphanet:276575,Orphanet:276598|Human Phenotype Ontology:HP:0004904,MONDO:MONDO:0018911,MedGen:C0342276,OMIM:PS125850,Orphanet:552|Human Phenotype Ontology:HP:0008255,MONDO:MONDO:0020525,MedGen:C0342273","Hyperinsulinemic hypoglycemia, familial, 1|Maturity-onset diabetes of the young|Transitory neonatal diabetes mellitus",germline;unknown,germline,GRCh38,NC_000011.10,11,17410653,17410653,na,na,11p15.1,"criteria provided, conflicting classifications",2,-,N,ClinGen:CA379806753,2,977924,17410653,C,T,-,-,-,-,-,-,SCV001432259|SCV002522149|SCV002522150,-,-
969253,single nucleotide variant,NM_000352.6(ABCC8):c.2977G>A (p.Ala993Thr),6833,ABCC8,HGNC:59,Uncertain significance,0,"Sep 14, 2022",148342166,-,RCV001260501|RCV002251566|RCV002251565|RCV003120514,"MONDO:MONDO:0009734,MedGen:C2931832,OMIM:256450,Orphanet:276575,Orphanet:276598|Human Phenotype Ontology:HP:0008255,MONDO:MONDO:0020525,MedGen:C0342273|Human Phenotype Ontology:HP:0004904,MONDO:MONDO:0018911,MedGen:C0342276,OMIM:PS125850,Orphanet:552|MedGen:C3661900","Hyperinsulinemic hypoglycemia, familial, 1|Transitory neonatal diabetes mellitus|Maturity-onset diabetes of the young|not provided",germline;unknown,germline,GRCh37,NC_000011.9,11,17428620,17428620,na,na,11p15.1,"criteria provided, multiple submitters, no conflicts",3,-,N,ClinGen:CA5902955,2,981170,17428620,C,T,-,-,-,-,-,-,SCV001437522|SCV002521930|SCV002521931|SCV003799871,-,-
969253,single nucleotide variant,NM_000352.6(ABCC8):c.2977G>A (p.Ala993Thr),6833,ABCC8,HGNC:59,Uncertain significance,0,"Sep 14, 2022",148342166,-,RCV001260501|RCV002251566|RCV002251565|RCV003120514,"MONDO:MONDO:0009734,MedGen:C2931832,OMIM:256450,Orphanet:276575,Orphanet:276598|Human Phenotype Ontology:HP:0008255,MONDO:MONDO:0020525,MedGen:C0342273|Human Phenotype Ontology:HP:0004904,MONDO:MONDO:0018911,MedGen:C0342276,OMIM:PS125850,Orphanet:552|MedGen:C3661900","Hyperinsulinemic hypoglycemia, familial, 1|Transitory neonatal diabetes mellitus|Maturity-onset diabetes of the young|not provided",germline;unknown,germline,GRCh38,NC_000011.10,11,17407073,17407073,na,na,11p15.1,"criteria provided, multiple submitters, no conflicts",3,-,N,ClinGen:CA5902955,2,981170,17407073,C,T,-,-,-,-,-,-,SCV001437522|SCV002521930|SCV002521931|SCV003799871,-,-
969738,single nucleotide variant,NM_000162.5(GCK):c.1178T>C (p.Met393Thr),2645,GCK,HGNC:4195,Pathogenic/Likely pathogenic/Likely risk allele,1,"Aug 08, 2024",2096271425,-,RCV001261199|RCV002463795|RCV005094244,"MONDO:MONDO:0007453,MedGen:C0342277,OMIM:125851,Orphanet:552|Human Phenotype Ontology:HP:0004904,MONDO:MONDO:0018911,MedGen:C0342276,OMIM:PS125850,Orphanet:552|MedGen:C3661900",Maturity-onset diabetes of the young type 2|Maturity-onset diabetes of the young|not provided,germline;unknown,germline,GRCh37,NC_000007.13,7,44185171,44185171,na,na,7p13,"criteria provided, multiple submitters, no conflicts",4,-,N,ClinGen:CA367398600,2,981653,44185171,A,G,-,-,-,-,-,-,SCV001438069|SCV002605079|SCV005077261|SCV005848216,-,-
969738,single nucleotide variant,NM_000162.5(GCK):c.1178T>C (p.Met393Thr),2645,GCK,HGNC:4195,Pathogenic/Likely pathogenic/Likely risk allele,1,"Aug 08, 2024",2096271425,-,RCV001261199|RCV002463795|RCV005094244,"MONDO:MONDO:0007453,MedGen:C0342277,OMIM:125851,Orphanet:552|Human Phenotype Ontology:HP:0004904,MONDO:MONDO:0018911,MedGen:C0342276,OMIM:PS125850,Orphanet:552|MedGen:C3661900",Maturity-onset diabetes of the young type 2|Maturity-onset diabetes of the young|not provided,germline;unknown,germline,GRCh38,NC_000007.14,7,44145572,44145572,na,na,7p13,"criteria provided, multiple submitters, no conflicts",4,-,N,ClinGen:CA367398600,2,981653,44145572,A,G,-,-,-,-,-,-,SCV001438069|SCV002605079|SCV005077261|SCV005848216,-,-
970859,single nucleotide variant,NM_000162.5(GCK):c.1154G>A (p.Gly385Glu),2645,GCK,HGNC:4195,Uncertain significance,1,"Jun 02, 2025",2096271537,-,RCV001262180|RCV002463796|RCV004699247|RCV005417388,"Human Phenotype Ontology:HP:0005965,Human Phenotype Ontology:HP:0005978,Human Phenotype Ontology:HP:0100652,MONDO:MONDO:0005148,MeSH:D003924,MedGen:C0011860,OMIM:125853|Human Phenotype Ontology:HP:0004904,MONDO:MONDO:0018911,MedGen:C0342276,OMIM:PS125850,Orphanet:552|MedGen:CN169374|MONDO:MONDO:0015967,MedGen:C3888631,Orphanet:183625",Type 2 diabetes mellitus|Maturity-onset diabetes of the young|not specified|Monogenic diabetes,germline;unknown,germline,GRCh37,NC_000007.13,7,44185195,44185195,na,na,7p13,reviewed by expert panel,4,-,N,ClinGen:CA367398712,2,982610,44185195,C,T,-,-,-,-,-,-,SCV006084764,-,-
970859,single nucleotide variant,NM_000162.5(GCK):c.1154G>A (p.Gly385Glu),2645,GCK,HGNC:4195,Uncertain significance,1,"Jun 02, 2025",2096271537,-,RCV001262180|RCV002463796|RCV004699247|RCV005417388,"Human Phenotype Ontology:HP:0005965,Human Phenotype Ontology:HP:0005978,Human Phenotype Ontology:HP:0100652,MONDO:MONDO:0005148,MeSH:D003924,MedGen:C0011860,OMIM:125853|Human Phenotype Ontology:HP:0004904,MONDO:MONDO:0018911,MedGen:C0342276,OMIM:PS125850,Orphanet:552|MedGen:CN169374|MONDO:MONDO:0015967,MedGen:C3888631,Orphanet:183625",Type 2 diabetes mellitus|Maturity-onset diabetes of the young|not specified|Monogenic diabetes,germline;unknown,germline,GRCh38,NC_000007.14,7,44145596,44145596,na,na,7p13,reviewed by expert panel,4,-,N,ClinGen:CA367398712,2,982610,44145596,C,T,-,-,-,-,-,-,SCV006084764,-,-
970930,single nucleotide variant,NM_000352.6(ABCC8):c.2062T>G (p.Trp688Gly),6833,ABCC8,HGNC:59,Conflicting classifications of pathogenicity,0,"Jan 01, 2019",1955658642,-,RCV001262625|RCV002251568|RCV002251567,"MONDO:MONDO:0009734,MedGen:C2931832,OMIM:256450,Orphanet:276575,Orphanet:276598|Human Phenotype Ontology:HP:0008255,MONDO:MONDO:0020525,MedGen:C0342273|Human Phenotype Ontology:HP:0004904,MONDO:MONDO:0018911,MedGen:C0342276,OMIM:PS125850,Orphanet:552","Hyperinsulinemic hypoglycemia, familial, 1|Transitory neonatal diabetes mellitus|Maturity-onset diabetes of the young",unknown,unknown,GRCh37,NC_000011.9,11,17449468,17449468,na,na,11p15.1,"criteria provided, conflicting classifications",2,-,N,ClinGen:CA379814895,2,982898,17449468,A,C,-,-,-,-,-,-,SCV001440563|SCV002522275|SCV002522276,-,-
970930,single nucleotide variant,NM_000352.6(ABCC8):c.2062T>G (p.Trp688Gly),6833,ABCC8,HGNC:59,Conflicting classifications of pathogenicity,0,"Jan 01, 2019",1955658642,-,RCV001262625|RCV002251568|RCV002251567,"MONDO:MONDO:0009734,MedGen:C2931832,OMIM:256450,Orphanet:276575,Orphanet:276598|Human Phenotype Ontology:HP:0008255,MONDO:MONDO:0020525,MedGen:C0342273|Human Phenotype Ontology:HP:0004904,MONDO:MONDO:0018911,MedGen:C0342276,OMIM:PS125850,Orphanet:552","Hyperinsulinemic hypoglycemia, familial, 1|Transitory neonatal diabetes mellitus|Maturity-onset diabetes of the young",unknown,unknown,GRCh38,NC_000011.10,11,17427921,17427921,na,na,11p15.1,"criteria provided, conflicting classifications",2,-,N,ClinGen:CA379814895,2,982898,17427921,A,C,-,-,-,-,-,-,SCV001440563|SCV002522275|SCV002522276,-,-
972570,single nucleotide variant,NM_000162.5(GCK):c.108G>A (p.Arg36=),2645,GCK,HGNC:4195,Benign/Likely benign,0,"Oct 23, 2020",754169218,-,RCV001264599|RCV002464039,"MedGen:CN169374|Human Phenotype Ontology:HP:0004904,MONDO:MONDO:0018911,MedGen:C0342276,OMIM:PS125850,Orphanet:552",not specified|Maturity-onset diabetes of the young,germline;unknown,germline,GRCh37,NC_000007.13,7,44193000,44193000,na,na,7p13,"criteria provided, multiple submitters, no conflicts",2,-,N,ClinGen:CA4239719,2,984522,44193000,C,T,-,-,-,-,-,-,SCV001442831|SCV002605423,-,-
972570,single nucleotide variant,NM_000162.5(GCK):c.108G>A (p.Arg36=),2645,GCK,HGNC:4195,Benign/Likely benign,0,"Oct 23, 2020",754169218,-,RCV001264599|RCV002464039,"MedGen:CN169374|Human Phenotype Ontology:HP:0004904,MONDO:MONDO:0018911,MedGen:C0342276,OMIM:PS125850,Orphanet:552",not specified|Maturity-onset diabetes of the young,germline;unknown,germline,GRCh38,NC_000007.14,7,44153401,44153401,na,na,7p13,"criteria provided, multiple submitters, no conflicts",2,-,N,ClinGen:CA4239719,2,984522,44153401,C,T,-,-,-,-,-,-,SCV001442831|SCV002605423,-,-
973601,single nucleotide variant,NM_000162.5(GCK):c.1219G>A (p.Gly407Ser),2645,GCK,HGNC:4195,Conflicting classifications of pathogenicity,1,"Dec 18, 2022",2096271295,-,RCV001266778|RCV002463797|RCV003558780,"MeSH:D030342,MedGen:C0950123|Human Phenotype Ontology:HP:0004904,MONDO:MONDO:0018911,MedGen:C0342276,OMIM:PS125850,Orphanet:552|MedGen:C3661900",Inborn genetic diseases|Maturity-onset diabetes of the young|not provided,germline;unknown,germline,GRCh37,NC_000007.13,7,44185130,44185130,na,na,7p13,"criteria provided, conflicting classifications",3,-,N,ClinGen:CA367398357,2,985725,44185130,C,T,-,-,-,-,-,-,SCV001444957|SCV002605077|SCV004295126,-,-
973601,single nucleotide variant,NM_000162.5(GCK):c.1219G>A (p.Gly407Ser),2645,GCK,HGNC:4195,Conflicting classifications of pathogenicity,1,"Dec 18, 2022",2096271295,-,RCV001266778|RCV002463797|RCV003558780,"MeSH:D030342,MedGen:C0950123|Human Phenotype Ontology:HP:0004904,MONDO:MONDO:0018911,MedGen:C0342276,OMIM:PS125850,Orphanet:552|MedGen:C3661900",Inborn genetic diseases|Maturity-onset diabetes of the young|not provided,germline;unknown,germline,GRCh38,NC_000007.14,7,44145531,44145531,na,na,7p13,"criteria provided, conflicting classifications",3,-,N,ClinGen:CA367398357,2,985725,44145531,C,T,-,-,-,-,-,-,SCV001444957|SCV002605077|SCV004295126,-,-
973602,single nucleotide variant,NM_000162.5(GCK):c.818A>T (p.Tyr273Phe),2645,GCK,HGNC:4195,Uncertain significance/Uncertain risk allele,0,"May 24, 2017",1182603872,-,RCV001266917|RCV002463799,"MeSH:D030342,MedGen:C0950123|Human Phenotype Ontology:HP:0004904,MONDO:MONDO:0018911,MedGen:C0342276,OMIM:PS125850,Orphanet:552",Inborn genetic diseases|Maturity-onset diabetes of the young,germline;unknown,germline,GRCh37,NC_000007.13,7,44187294,44187294,na,na,7p13,"criteria provided, multiple submitters, no conflicts",2,-,N,ClinGen:CA367400491,2,985817,44187294,T,A,-,-,-,-,-,-,SCV001445098|SCV002605056,-,-
973602,single nucleotide variant,NM_000162.5(GCK):c.818A>T (p.Tyr273Phe),2645,GCK,HGNC:4195,Uncertain significance/Uncertain risk allele,0,"May 24, 2017",1182603872,-,RCV001266917|RCV002463799,"MeSH:D030342,MedGen:C0950123|Human Phenotype Ontology:HP:0004904,MONDO:MONDO:0018911,MedGen:C0342276,OMIM:PS125850,Orphanet:552",Inborn genetic diseases|Maturity-onset diabetes of the young,germline;unknown,germline,GRCh38,NC_000007.14,7,44147695,44147695,na,na,7p13,"criteria provided, multiple submitters, no conflicts",2,-,N,ClinGen:CA367400491,2,985817,44147695,T,A,-,-,-,-,-,-,SCV001445098|SCV002605056,-,-
973790,single nucleotide variant,NM_000352.6(ABCC8):c.4078G>A (p.Val1360Met),6833,ABCC8,HGNC:59,Uncertain significance,0,"Apr 10, 2019",1953962707,-,RCV001266210|RCV002245909|RCV002245908,"MeSH:D030342,MedGen:C0950123|Human Phenotype Ontology:HP:0008255,MONDO:MONDO:0020525,MedGen:C0342273|Human Phenotype Ontology:HP:0004904,MONDO:MONDO:0018911,MedGen:C0342276,OMIM:PS125850,Orphanet:552",Inborn genetic diseases|Transitory neonatal diabetes mellitus|Maturity-onset diabetes of the young,germline;somatic,germline/somatic,GRCh37,NC_000011.9,11,17418504,17418504,na,na,11p15.1,"criteria provided, multiple submitters, no conflicts",2,-,N,ClinGen:CA379790474,2,985349,17418504,C,T,-,-,-,-,-,-,SCV001444382|SCV002513493|SCV002513494,-,-
973790,single nucleotide variant,NM_000352.6(ABCC8):c.4078G>A (p.Val1360Met),6833,ABCC8,HGNC:59,Uncertain significance,0,"Apr 10, 2019",1953962707,-,RCV001266210|RCV002245909|RCV002245908,"MeSH:D030342,MedGen:C0950123|Human Phenotype Ontology:HP:0008255,MONDO:MONDO:0020525,MedGen:C0342273|Human Phenotype Ontology:HP:0004904,MONDO:MONDO:0018911,MedGen:C0342276,OMIM:PS125850,Orphanet:552",Inborn genetic diseases|Transitory neonatal diabetes mellitus|Maturity-onset diabetes of the young,germline;somatic,germline/somatic,GRCh38,NC_000011.10,11,17396957,17396957,na,na,11p15.1,"criteria provided, multiple submitters, no conflicts",2,-,N,ClinGen:CA379790474,2,985349,17396957,C,T,-,-,-,-,-,-,SCV001444382|SCV002513493|SCV002513494,-,-
975794,single nucleotide variant,NM_000162.5(GCK):c.1033C>G (p.Arg345Gly),2645,GCK,HGNC:4195,Uncertain significance/Uncertain risk allele,0,"Apr 28, 2021",2096271919,-,RCV001269172|RCV001880174|RCV002463800,"MedGen:CN169374|MedGen:C3661900|Human Phenotype Ontology:HP:0004904,MONDO:MONDO:0018911,MedGen:C0342276,OMIM:PS125850,Orphanet:552",not specified|not provided|Maturity-onset diabetes of the young,germline;unknown,germline,GRCh37,NC_000007.13,7,44185316,44185316,na,na,7p13,"criteria provided, multiple submitters, no conflicts",3,-,N,ClinGen:CA367399354,2,987827,44185316,G,C,-,-,-,-,-,-,SCV001448456|SCV002109817|SCV002605098,-,-
975794,single nucleotide variant,NM_000162.5(GCK):c.1033C>G (p.Arg345Gly),2645,GCK,HGNC:4195,Uncertain significance/Uncertain risk allele,0,"Apr 28, 2021",2096271919,-,RCV001269172|RCV001880174|RCV002463800,"MedGen:CN169374|MedGen:C3661900|Human Phenotype Ontology:HP:0004904,MONDO:MONDO:0018911,MedGen:C0342276,OMIM:PS125850,Orphanet:552",not specified|not provided|Maturity-onset diabetes of the young,germline;unknown,germline,GRCh38,NC_000007.14,7,44145717,44145717,na,na,7p13,"criteria provided, multiple submitters, no conflicts",3,-,N,ClinGen:CA367399354,2,987827,44145717,G,C,-,-,-,-,-,-,SCV001448456|SCV002109817|SCV002605098,-,-
975795,single nucleotide variant,NM_000162.5(GCK):c.680-15C>A,2645,GCK,HGNC:4195,Conflicting classifications of pathogenicity,1,"Nov 25, 2023",369345791,-,RCV001269173|RCV001289441|RCV003329393,"MedGen:CN169374|MedGen:C3661900|Human Phenotype Ontology:HP:0004904,MONDO:MONDO:0018911,MedGen:C0342276,OMIM:PS125850,Orphanet:552",not specified|not provided|Maturity-onset diabetes of the young,germline;unknown,germline,GRCh37,NC_000007.13,7,44187447,44187447,na,na,7p13,"criteria provided, conflicting classifications",4,-,N,ClinGen:CA501189,2,987828,44187447,G,T,-,-,-,-,-,-,SCV001448457|SCV001477259|SCV004037053|SCV004671608,-,-
975795,single nucleotide variant,NM_000162.5(GCK):c.680-15C>A,2645,GCK,HGNC:4195,Conflicting classifications of pathogenicity,1,"Nov 25, 2023",369345791,-,RCV001269173|RCV001289441|RCV003329393,"MedGen:CN169374|MedGen:C3661900|Human Phenotype Ontology:HP:0004904,MONDO:MONDO:0018911,MedGen:C0342276,OMIM:PS125850,Orphanet:552",not specified|not provided|Maturity-onset diabetes of the young,germline;unknown,germline,GRCh38,NC_000007.14,7,44147848,44147848,na,na,7p13,"criteria provided, conflicting classifications",4,-,N,ClinGen:CA501189,2,987828,44147848,G,T,-,-,-,-,-,-,SCV001448457|SCV001477259|SCV004037053|SCV004671608,-,-
976872,Microsatellite,NM_000525.4(KCNJ11):c.889ACC[1] (p.Thr298del),3767,KCNJ11,HGNC:6257,Uncertain significance,1,-,1953574433,-,RCV001270679|RCV002226762,"MONDO:MONDO:0011153,MedGen:C2931833,OMIM:601820,Orphanet:276580,Orphanet:276603|Human Phenotype Ontology:HP:0004904,MONDO:MONDO:0018911,MedGen:C0342276,OMIM:PS125850,Orphanet:552","Hyperinsulinemic hypoglycemia, familial, 2|Maturity-onset diabetes of the young",germline;somatic,germline/somatic,GRCh37,NC_000011.9,11,17408745,17408747,na,na,11p15.1,"criteria provided, single submitter",2,-,N,"ClinGen:CA1955119161,OMIM:600937.0025",3,988945,17408744,GGGT,G,-,-,-,-,-,-,SCV002505450,-,-
976872,Microsatellite,NM_000525.4(KCNJ11):c.889ACC[1] (p.Thr298del),3767,KCNJ11,HGNC:6257,Uncertain significance,1,-,1953574433,-,RCV001270679|RCV002226762,"MONDO:MONDO:0011153,MedGen:C2931833,OMIM:601820,Orphanet:276580,Orphanet:276603|Human Phenotype Ontology:HP:0004904,MONDO:MONDO:0018911,MedGen:C0342276,OMIM:PS125850,Orphanet:552","Hyperinsulinemic hypoglycemia, familial, 2|Maturity-onset diabetes of the young",germline;somatic,germline/somatic,GRCh38,NC_000011.10,11,17387198,17387200,na,na,11p15.1,"criteria provided, single submitter",2,-,N,"ClinGen:CA1955119161,OMIM:600937.0025",3,988945,17387197,GGGT,G,-,-,-,-,-,-,SCV002505450,-,-
978877,single nucleotide variant,NM_000525.4(KCNJ11):c.1126G>T (p.Ala376Ser),3767,KCNJ11,HGNC:6257,Uncertain significance,0,-,1953567712,-,RCV001280331|RCV002226768,"MONDO:MONDO:0100164,MedGen:C1833104,OMIM:PS606176,Orphanet:99885|Human Phenotype Ontology:HP:0004904,MONDO:MONDO:0018911,MedGen:C0342276,OMIM:PS125850,Orphanet:552",Permanent neonatal diabetes mellitus|Maturity-onset diabetes of the young,germline;somatic,germline/somatic,GRCh37,NC_000011.9,11,17408513,17408513,na,na,11p15.1,"criteria provided, single submitter",2,-,N,ClinGen:CA379769204,2,992022,17408513,C,A,-,-,-,-,-,-,SCV002505480,-,-
978877,single nucleotide variant,NM_000525.4(KCNJ11):c.1126G>T (p.Ala376Ser),3767,KCNJ11,HGNC:6257,Uncertain significance,0,-,1953567712,-,RCV001280331|RCV002226768,"MONDO:MONDO:0100164,MedGen:C1833104,OMIM:PS606176,Orphanet:99885|Human Phenotype Ontology:HP:0004904,MONDO:MONDO:0018911,MedGen:C0342276,OMIM:PS125850,Orphanet:552",Permanent neonatal diabetes mellitus|Maturity-onset diabetes of the young,germline;somatic,germline/somatic,GRCh38,NC_000011.10,11,17386966,17386966,na,na,11p15.1,"criteria provided, single submitter",2,-,N,ClinGen:CA379769204,2,992022,17386966,C,A,-,-,-,-,-,-,SCV002505480,-,-
978878,single nucleotide variant,NM_000525.4(KCNJ11):c.1117G>A (p.Val373Met),3767,KCNJ11,HGNC:6257,Conflicting classifications of pathogenicity,0,"Apr 29, 2024",770375846,-,RCV001280332|RCV001431428|RCV002226769|RCV005040126,"MONDO:MONDO:0100164,MedGen:C1833104,OMIM:PS606176,Orphanet:99885|MedGen:C3661900|Human Phenotype Ontology:HP:0004904,MONDO:MONDO:0018911,MedGen:C0342276,OMIM:PS125850,Orphanet:552|MONDO:MONDO:0011153,MedGen:C2931833,OMIM:601820,Orphanet:276580,Orphanet:276603;MONDO:MONDO:0012522,MedGen:C1864623,OMIM:610582,Orphanet:99886;Human Phenotype Ontology:HP:0005965,Human Phenotype Ontology:HP:0005978,Human Phenotype Ontology:HP:0100652,MONDO:MONDO:0005148,MeSH:D003924,MedGen:C0011860,OMIM:125853;MONDO:MONDO:0014589,MedGen:C4225365,OMIM:616329,Orphanet:552;MONDO:MONDO:0030087,MedGen:C5394296,OMIM:618856","Permanent neonatal diabetes mellitus|not provided|Maturity-onset diabetes of the young|Hyperinsulinemic hypoglycemia, familial, 2;Diabetes mellitus, transient neonatal, 3;Type 2 diabetes mellitus;Maturity-onset diabetes of the young type 13;Diabetes mellitus, permanent neonatal 2",germline;somatic,germline/somatic,GRCh37,NC_000011.9,11,17408522,17408522,na,na,11p15.1,"criteria provided, conflicting classifications",4,-,N,ClinGen:CA5902175,2,992023,17408522,C,T,-,-,-,-,-,-,SCV001634185|SCV002505424|SCV005676595,-,-
978878,single nucleotide variant,NM_000525.4(KCNJ11):c.1117G>A (p.Val373Met),3767,KCNJ11,HGNC:6257,Conflicting classifications of pathogenicity,0,"Apr 29, 2024",770375846,-,RCV001280332|RCV001431428|RCV002226769|RCV005040126,"MONDO:MONDO:0100164,MedGen:C1833104,OMIM:PS606176,Orphanet:99885|MedGen:C3661900|Human Phenotype Ontology:HP:0004904,MONDO:MONDO:0018911,MedGen:C0342276,OMIM:PS125850,Orphanet:552|MONDO:MONDO:0011153,MedGen:C2931833,OMIM:601820,Orphanet:276580,Orphanet:276603;MONDO:MONDO:0012522,MedGen:C1864623,OMIM:610582,Orphanet:99886;Human Phenotype Ontology:HP:0005965,Human Phenotype Ontology:HP:0005978,Human Phenotype Ontology:HP:0100652,MONDO:MONDO:0005148,MeSH:D003924,MedGen:C0011860,OMIM:125853;MONDO:MONDO:0014589,MedGen:C4225365,OMIM:616329,Orphanet:552;MONDO:MONDO:0030087,MedGen:C5394296,OMIM:618856","Permanent neonatal diabetes mellitus|not provided|Maturity-onset diabetes of the young|Hyperinsulinemic hypoglycemia, familial, 2;Diabetes mellitus, transient neonatal, 3;Type 2 diabetes mellitus;Maturity-onset diabetes of the young type 13;Diabetes mellitus, permanent neonatal 2",germline;somatic,germline/somatic,GRCh38,NC_000011.10,11,17386975,17386975,na,na,11p15.1,"criteria provided, conflicting classifications",4,-,N,ClinGen:CA5902175,2,992023,17386975,C,T,-,-,-,-,-,-,SCV001634185|SCV002505424|SCV005676595,-,-
978879,single nucleotide variant,NM_000525.4(KCNJ11):c.1105C>T (p.Arg369Cys),3767,KCNJ11,HGNC:6257,Uncertain significance,0,-,371275937,-,RCV001280333|RCV002226770,"MONDO:MONDO:0100164,MedGen:C1833104,OMIM:PS606176,Orphanet:99885|Human Phenotype Ontology:HP:0004904,MONDO:MONDO:0018911,MedGen:C0342276,OMIM:PS125850,Orphanet:552",Permanent neonatal diabetes mellitus|Maturity-onset diabetes of the young,germline;somatic,germline/somatic,GRCh37,NC_000011.9,11,17408534,17408534,na,na,11p15.1,"criteria provided, single submitter",2,-,N,ClinGen:CA5902181,2,992024,17408534,G,A,-,-,-,-,-,-,SCV002505481,-,-
978879,single nucleotide variant,NM_000525.4(KCNJ11):c.1105C>T (p.Arg369Cys),3767,KCNJ11,HGNC:6257,Uncertain significance,0,-,371275937,-,RCV001280333|RCV002226770,"MONDO:MONDO:0100164,MedGen:C1833104,OMIM:PS606176,Orphanet:99885|Human Phenotype Ontology:HP:0004904,MONDO:MONDO:0018911,MedGen:C0342276,OMIM:PS125850,Orphanet:552",Permanent neonatal diabetes mellitus|Maturity-onset diabetes of the young,germline;somatic,germline/somatic,GRCh38,NC_000011.10,11,17386987,17386987,na,na,11p15.1,"criteria provided, single submitter",2,-,N,ClinGen:CA5902181,2,992024,17386987,G,A,-,-,-,-,-,-,SCV002505481,-,-
978880,single nucleotide variant,NM_000525.4(KCNJ11):c.1005C>A (p.Asn335Lys),3767,KCNJ11,HGNC:6257,Uncertain significance,0,-,1564864998,-,RCV001280334|RCV002226771,"MONDO:MONDO:0100164,MedGen:C1833104,OMIM:PS606176,Orphanet:99885|Human Phenotype Ontology:HP:0004904,MONDO:MONDO:0018911,MedGen:C0342276,OMIM:PS125850,Orphanet:552",Permanent neonatal diabetes mellitus|Maturity-onset diabetes of the young,germline;somatic,germline/somatic,GRCh37,NC_000011.9,11,17408634,17408634,na,na,11p15.1,"criteria provided, single submitter",2,-,N,ClinGen:CA379769440,2,992025,17408634,G,T,-,-,-,-,-,-,SCV002505482,-,-
978880,single nucleotide variant,NM_000525.4(KCNJ11):c.1005C>A (p.Asn335Lys),3767,KCNJ11,HGNC:6257,Uncertain significance,0,-,1564864998,-,RCV001280334|RCV002226771,"MONDO:MONDO:0100164,MedGen:C1833104,OMIM:PS606176,Orphanet:99885|Human Phenotype Ontology:HP:0004904,MONDO:MONDO:0018911,MedGen:C0342276,OMIM:PS125850,Orphanet:552",Permanent neonatal diabetes mellitus|Maturity-onset diabetes of the young,germline;somatic,germline/somatic,GRCh38,NC_000011.10,11,17387087,17387087,na,na,11p15.1,"criteria provided, single submitter",2,-,N,ClinGen:CA379769440,2,992025,17387087,G,T,-,-,-,-,-,-,SCV002505482,-,-
978881,single nucleotide variant,NM_000525.4(KCNJ11):c.905C>T (p.Thr302Ile),3767,KCNJ11,HGNC:6257,Uncertain significance,0,"Aug 26, 2021",761575495,-,RCV001280335|RCV002493504,"MONDO:MONDO:0100164,MedGen:C1833104,OMIM:PS606176,Orphanet:99885|MONDO:MONDO:0011153,MedGen:C2931833,OMIM:601820,Orphanet:276580,Orphanet:276603;MONDO:MONDO:0012522,MedGen:C1864623,OMIM:610582,Orphanet:99886;Human Phenotype Ontology:HP:0005965,Human Phenotype Ontology:HP:0005978,Human Phenotype Ontology:HP:0100652,MONDO:MONDO:0005148,MeSH:D003924,MedGen:C0011860,OMIM:125853;MONDO:MONDO:0014589,MedGen:C4225365,OMIM:616329,Orphanet:552;MONDO:MONDO:0030087,MedGen:C5394296,OMIM:618856","Permanent neonatal diabetes mellitus|Hyperinsulinemic hypoglycemia, familial, 2;Diabetes mellitus, transient neonatal, 3;Type 2 diabetes mellitus;Maturity-onset diabetes of the young type 13;Diabetes mellitus, permanent neonatal 2",germline;unknown,germline,GRCh37,NC_000011.9,11,17408734,17408734,na,na,11p15.1,"criteria provided, single submitter",2,-,N,ClinGen:CA5902223,2,992026,17408734,G,A,-,-,-,-,-,-,SCV002778458,-,-
978881,single nucleotide variant,NM_000525.4(KCNJ11):c.905C>T (p.Thr302Ile),3767,KCNJ11,HGNC:6257,Uncertain significance,0,"Aug 26, 2021",761575495,-,RCV001280335|RCV002493504,"MONDO:MONDO:0100164,MedGen:C1833104,OMIM:PS606176,Orphanet:99885|MONDO:MONDO:0011153,MedGen:C2931833,OMIM:601820,Orphanet:276580,Orphanet:276603;MONDO:MONDO:0012522,MedGen:C1864623,OMIM:610582,Orphanet:99886;Human Phenotype Ontology:HP:0005965,Human Phenotype Ontology:HP:0005978,Human Phenotype Ontology:HP:0100652,MONDO:MONDO:0005148,MeSH:D003924,MedGen:C0011860,OMIM:125853;MONDO:MONDO:0014589,MedGen:C4225365,OMIM:616329,Orphanet:552;MONDO:MONDO:0030087,MedGen:C5394296,OMIM:618856","Permanent neonatal diabetes mellitus|Hyperinsulinemic hypoglycemia, familial, 2;Diabetes mellitus, transient neonatal, 3;Type 2 diabetes mellitus;Maturity-onset diabetes of the young type 13;Diabetes mellitus, permanent neonatal 2",germline;unknown,germline,GRCh38,NC_000011.10,11,17387187,17387187,na,na,11p15.1,"criteria provided, single submitter",2,-,N,ClinGen:CA5902223,2,992026,17387187,G,A,-,-,-,-,-,-,SCV002778458,-,-
978882,single nucleotide variant,NM_000525.4(KCNJ11):c.684C>T (p.Gly228=),3767,KCNJ11,HGNC:6257,Conflicting classifications of pathogenicity,0,"Jan 25, 2024",746308356,-,RCV001280337|RCV001501184|RCV002226772,"MONDO:MONDO:0100164,MedGen:C1833104,OMIM:PS606176,Orphanet:99885|MedGen:C3661900|Human Phenotype Ontology:HP:0004904,MONDO:MONDO:0018911,MedGen:C0342276,OMIM:PS125850,Orphanet:552",Permanent neonatal diabetes mellitus|not provided|Maturity-onset diabetes of the young,germline;somatic,germline/somatic,GRCh37,NC_000011.9,11,17408955,17408955,na,na,11p15.1,"criteria provided, conflicting classifications",3,-,N,ClinGen:CA5902263,2,992027,17408955,G,A,-,-,-,-,-,-,SCV001705990|SCV002505425,-,-
978882,single nucleotide variant,NM_000525.4(KCNJ11):c.684C>T (p.Gly228=),3767,KCNJ11,HGNC:6257,Conflicting classifications of pathogenicity,0,"Jan 25, 2024",746308356,-,RCV001280337|RCV001501184|RCV002226772,"MONDO:MONDO:0100164,MedGen:C1833104,OMIM:PS606176,Orphanet:99885|MedGen:C3661900|Human Phenotype Ontology:HP:0004904,MONDO:MONDO:0018911,MedGen:C0342276,OMIM:PS125850,Orphanet:552",Permanent neonatal diabetes mellitus|not provided|Maturity-onset diabetes of the young,germline;somatic,germline/somatic,GRCh38,NC_000011.10,11,17387408,17387408,na,na,11p15.1,"criteria provided, conflicting classifications",3,-,N,ClinGen:CA5902263,2,992027,17387408,G,A,-,-,-,-,-,-,SCV001705990|SCV002505425,-,-
978883,single nucleotide variant,NM_000525.4(KCNJ11):c.636C>T (p.Ser212=),3767,KCNJ11,HGNC:6257,Conflicting classifications of pathogenicity,0,"Dec 03, 2023",759487287,-,RCV001280338|RCV001394327|RCV002226773,"MONDO:MONDO:0100164,MedGen:C1833104,OMIM:PS606176,Orphanet:99885|MedGen:C3661900|Human Phenotype Ontology:HP:0004904,MONDO:MONDO:0018911,MedGen:C0342276,OMIM:PS125850,Orphanet:552",Permanent neonatal diabetes mellitus|not provided|Maturity-onset diabetes of the young,germline;somatic,germline/somatic,GRCh37,NC_000011.9,11,17409003,17409003,na,na,11p15.1,"criteria provided, conflicting classifications",3,-,N,ClinGen:CA5902271,2,992028,17409003,G,A,-,-,-,-,-,-,SCV001596009|SCV002505426,-,-
978883,single nucleotide variant,NM_000525.4(KCNJ11):c.636C>T (p.Ser212=),3767,KCNJ11,HGNC:6257,Conflicting classifications of pathogenicity,0,"Dec 03, 2023",759487287,-,RCV001280338|RCV001394327|RCV002226773,"MONDO:MONDO:0100164,MedGen:C1833104,OMIM:PS606176,Orphanet:99885|MedGen:C3661900|Human Phenotype Ontology:HP:0004904,MONDO:MONDO:0018911,MedGen:C0342276,OMIM:PS125850,Orphanet:552",Permanent neonatal diabetes mellitus|not provided|Maturity-onset diabetes of the young,germline;somatic,germline/somatic,GRCh38,NC_000011.10,11,17387456,17387456,na,na,11p15.1,"criteria provided, conflicting classifications",3,-,N,ClinGen:CA5902271,2,992028,17387456,G,A,-,-,-,-,-,-,SCV001596009|SCV002505426,-,-
978884,single nucleotide variant,NM_000525.4(KCNJ11):c.568G>A (p.Ala190Thr),3767,KCNJ11,HGNC:6257,Conflicting classifications of pathogenicity,0,"Jan 28, 2026",77131926,-,RCV001280339|RCV001451232|RCV002226774|RCV004035507|RCV005040127,"MONDO:MONDO:0100164,MedGen:C1833104,OMIM:PS606176,Orphanet:99885|MedGen:C3661900|Human Phenotype Ontology:HP:0004904,MONDO:MONDO:0018911,MedGen:C0342276,OMIM:PS125850,Orphanet:552|MeSH:D030342,MedGen:C0950123|MONDO:MONDO:0011153,MedGen:C2931833,OMIM:601820,Orphanet:276580,Orphanet:276603;MONDO:MONDO:0012522,MedGen:C1864623,OMIM:610582,Orphanet:99886;Human Phenotype Ontology:HP:0005965,Human Phenotype Ontology:HP:0005978,Human Phenotype Ontology:HP:0100652,MONDO:MONDO:0005148,MeSH:D003924,MedGen:C0011860,OMIM:125853;MONDO:MONDO:0014589,MedGen:C4225365,OMIM:616329,Orphanet:552;MONDO:MONDO:0030087,MedGen:C5394296,OMIM:618856","Permanent neonatal diabetes mellitus|not provided|Maturity-onset diabetes of the young|Inborn genetic diseases|Hyperinsulinemic hypoglycemia, familial, 2;Diabetes mellitus, transient neonatal, 3;Type 2 diabetes mellitus;Maturity-onset diabetes of the young type 13;Diabetes mellitus, permanent neonatal 2",germline;somatic,germline/somatic,GRCh37,NC_000011.9,11,17409071,17409071,na,na,11p15.1,"criteria provided, conflicting classifications",6,-,N,ClinGen:CA5902282,2,992029,17409071,C,T,-,-,-,-,-,-,SCV001654859|SCV001993497|SCV002505409|SCV004889938|SCV005676620,-,-
978884,single nucleotide variant,NM_000525.4(KCNJ11):c.568G>A (p.Ala190Thr),3767,KCNJ11,HGNC:6257,Conflicting classifications of pathogenicity,0,"Jan 28, 2026",77131926,-,RCV001280339|RCV001451232|RCV002226774|RCV004035507|RCV005040127,"MONDO:MONDO:0100164,MedGen:C1833104,OMIM:PS606176,Orphanet:99885|MedGen:C3661900|Human Phenotype Ontology:HP:0004904,MONDO:MONDO:0018911,MedGen:C0342276,OMIM:PS125850,Orphanet:552|MeSH:D030342,MedGen:C0950123|MONDO:MONDO:0011153,MedGen:C2931833,OMIM:601820,Orphanet:276580,Orphanet:276603;MONDO:MONDO:0012522,MedGen:C1864623,OMIM:610582,Orphanet:99886;Human Phenotype Ontology:HP:0005965,Human Phenotype Ontology:HP:0005978,Human Phenotype Ontology:HP:0100652,MONDO:MONDO:0005148,MeSH:D003924,MedGen:C0011860,OMIM:125853;MONDO:MONDO:0014589,MedGen:C4225365,OMIM:616329,Orphanet:552;MONDO:MONDO:0030087,MedGen:C5394296,OMIM:618856","Permanent neonatal diabetes mellitus|not provided|Maturity-onset diabetes of the young|Inborn genetic diseases|Hyperinsulinemic hypoglycemia, familial, 2;Diabetes mellitus, transient neonatal, 3;Type 2 diabetes mellitus;Maturity-onset diabetes of the young type 13;Diabetes mellitus, permanent neonatal 2",germline;somatic,germline/somatic,GRCh38,NC_000011.10,11,17387524,17387524,na,na,11p15.1,"criteria provided, conflicting classifications",6,-,N,ClinGen:CA5902282,2,992029,17387524,C,T,-,-,-,-,-,-,SCV001654859|SCV001993497|SCV002505409|SCV004889938|SCV005676620,-,-
978885,single nucleotide variant,NM_000525.4(KCNJ11):c.558T>C (p.His186=),3767,KCNJ11,HGNC:6257,Conflicting classifications of pathogenicity,0,"Feb 08, 2023",1953583830,-,RCV001280340|RCV002069486|RCV002226775,"MONDO:MONDO:0100164,MedGen:C1833104,OMIM:PS606176,Orphanet:99885|MedGen:C3661900|Human Phenotype Ontology:HP:0004904,MONDO:MONDO:0018911,MedGen:C0342276,OMIM:PS125850,Orphanet:552",Permanent neonatal diabetes mellitus|not provided|Maturity-onset diabetes of the young,germline;somatic,germline/somatic,GRCh37,NC_000011.9,11,17409081,17409081,na,na,11p15.1,"criteria provided, conflicting classifications",3,-,N,ClinGen:CA473515471,2,992030,17409081,A,G,-,-,-,-,-,-,SCV002330049|SCV002505487,-,-
978885,single nucleotide variant,NM_000525.4(KCNJ11):c.558T>C (p.His186=),3767,KCNJ11,HGNC:6257,Conflicting classifications of pathogenicity,0,"Feb 08, 2023",1953583830,-,RCV001280340|RCV002069486|RCV002226775,"MONDO:MONDO:0100164,MedGen:C1833104,OMIM:PS606176,Orphanet:99885|MedGen:C3661900|Human Phenotype Ontology:HP:0004904,MONDO:MONDO:0018911,MedGen:C0342276,OMIM:PS125850,Orphanet:552",Permanent neonatal diabetes mellitus|not provided|Maturity-onset diabetes of the young,germline;somatic,germline/somatic,GRCh38,NC_000011.10,11,17387534,17387534,na,na,11p15.1,"criteria provided, conflicting classifications",3,-,N,ClinGen:CA473515471,2,992030,17387534,A,G,-,-,-,-,-,-,SCV002330049|SCV002505487,-,-
978886,single nucleotide variant,NM_000525.4(KCNJ11):c.309C>A (p.Ser103Arg),3767,KCNJ11,HGNC:6257,Uncertain significance,0,-,376773562,-,RCV001277851|RCV002227261,"MONDO:MONDO:0100164,MedGen:C1833104,OMIM:PS606176,Orphanet:99885|Human Phenotype Ontology:HP:0004904,MONDO:MONDO:0018911,MedGen:C0342276,OMIM:PS125850,Orphanet:552",Permanent neonatal diabetes mellitus|Maturity-onset diabetes of the young,germline;somatic,germline/somatic,GRCh37,NC_000011.9,11,17409330,17409330,na,na,11p15.1,"criteria provided, single submitter",2,-,N,ClinGen:CA5902305,2,989944,17409330,G,T,-,-,-,-,-,-,SCV002505474,-,-
978886,single nucleotide variant,NM_000525.4(KCNJ11):c.309C>A (p.Ser103Arg),3767,KCNJ11,HGNC:6257,Uncertain significance,0,-,376773562,-,RCV001277851|RCV002227261,"MONDO:MONDO:0100164,MedGen:C1833104,OMIM:PS606176,Orphanet:99885|Human Phenotype Ontology:HP:0004904,MONDO:MONDO:0018911,MedGen:C0342276,OMIM:PS125850,Orphanet:552",Permanent neonatal diabetes mellitus|Maturity-onset diabetes of the young,germline;somatic,germline/somatic,GRCh38,NC_000011.10,11,17387783,17387783,na,na,11p15.1,"criteria provided, single submitter",2,-,N,ClinGen:CA5902305,2,989944,17387783,G,T,-,-,-,-,-,-,SCV002505474,-,-
978887,single nucleotide variant,NM_000525.4(KCNJ11):c.285C>T (p.Phe95=),3767,KCNJ11,HGNC:6257,Conflicting classifications of pathogenicity,0,"Feb 16, 2024",774849547,-,RCV001277852|RCV001477885|RCV002226763,"MONDO:MONDO:0100164,MedGen:C1833104,OMIM:PS606176,Orphanet:99885|MedGen:C3661900|Human Phenotype Ontology:HP:0004904,MONDO:MONDO:0018911,MedGen:C0342276,OMIM:PS125850,Orphanet:552",Permanent neonatal diabetes mellitus|not provided|Maturity-onset diabetes of the young,germline;somatic,germline/somatic,GRCh37,NC_000011.9,11,17409354,17409354,na,na,11p15.1,"criteria provided, conflicting classifications",3,-,N,ClinGen:CA5902313,2,989945,17409354,G,A,-,-,-,-,-,-,SCV001682138|SCV002505422,-,-
978887,single nucleotide variant,NM_000525.4(KCNJ11):c.285C>T (p.Phe95=),3767,KCNJ11,HGNC:6257,Conflicting classifications of pathogenicity,0,"Feb 16, 2024",774849547,-,RCV001277852|RCV001477885|RCV002226763,"MONDO:MONDO:0100164,MedGen:C1833104,OMIM:PS606176,Orphanet:99885|MedGen:C3661900|Human Phenotype Ontology:HP:0004904,MONDO:MONDO:0018911,MedGen:C0342276,OMIM:PS125850,Orphanet:552",Permanent neonatal diabetes mellitus|not provided|Maturity-onset diabetes of the young,germline;somatic,germline/somatic,GRCh38,NC_000011.10,11,17387807,17387807,na,na,11p15.1,"criteria provided, conflicting classifications",3,-,N,ClinGen:CA5902313,2,989945,17387807,G,A,-,-,-,-,-,-,SCV001682138|SCV002505422,-,-
978888,single nucleotide variant,NM_000525.4(KCNJ11):c.186G>A (p.Thr62=),3767,KCNJ11,HGNC:6257,Conflicting classifications of pathogenicity,0,"Mar 14, 2024",748877741,-,RCV001277853|RCV001395415|RCV002226764,"MONDO:MONDO:0100164,MedGen:C1833104,OMIM:PS606176,Orphanet:99885|MedGen:C3661900|Human Phenotype Ontology:HP:0004904,MONDO:MONDO:0018911,MedGen:C0342276,OMIM:PS125850,Orphanet:552",Permanent neonatal diabetes mellitus|not provided|Maturity-onset diabetes of the young,germline;somatic,germline/somatic,GRCh37,NC_000011.9,11,17409453,17409453,na,na,11p15.1,"criteria provided, conflicting classifications",3,-,N,ClinGen:CA5902328,2,989946,17409453,C,T,-,-,-,-,-,-,SCV001597125|SCV002505423,-,-
978888,single nucleotide variant,NM_000525.4(KCNJ11):c.186G>A (p.Thr62=),3767,KCNJ11,HGNC:6257,Conflicting classifications of pathogenicity,0,"Mar 14, 2024",748877741,-,RCV001277853|RCV001395415|RCV002226764,"MONDO:MONDO:0100164,MedGen:C1833104,OMIM:PS606176,Orphanet:99885|MedGen:C3661900|Human Phenotype Ontology:HP:0004904,MONDO:MONDO:0018911,MedGen:C0342276,OMIM:PS125850,Orphanet:552",Permanent neonatal diabetes mellitus|not provided|Maturity-onset diabetes of the young,germline;somatic,germline/somatic,GRCh38,NC_000011.10,11,17387906,17387906,na,na,11p15.1,"criteria provided, conflicting classifications",3,-,N,ClinGen:CA5902328,2,989946,17387906,C,T,-,-,-,-,-,-,SCV001597125|SCV002505423,-,-
978889,single nucleotide variant,NM_000525.4(KCNJ11):c.49C>T (p.Leu17=),3767,KCNJ11,HGNC:6257,Conflicting classifications of pathogenicity,0,"May 17, 2023",1287370462,-,RCV001277855|RCV002227262|RCV002069413,"MONDO:MONDO:0100164,MedGen:C1833104,OMIM:PS606176,Orphanet:99885|Human Phenotype Ontology:HP:0008255,MONDO:MONDO:0020525,MedGen:C0342273|MedGen:C3661900",Permanent neonatal diabetes mellitus|Transitory neonatal diabetes mellitus|not provided,germline;somatic,germline/somatic,GRCh37,NC_000011.9,11,17409590,17409590,na,na,11p15.1,"criteria provided, conflicting classifications",3,-,N,ClinGen:CA473515723,2,989947,17409590,G,A,-,-,-,-,-,-,SCV002392823|SCV002505475,-,-
978889,single nucleotide variant,NM_000525.4(KCNJ11):c.49C>T (p.Leu17=),3767,KCNJ11,HGNC:6257,Conflicting classifications of pathogenicity,0,"May 17, 2023",1287370462,-,RCV001277855|RCV002227262|RCV002069413,"MONDO:MONDO:0100164,MedGen:C1833104,OMIM:PS606176,Orphanet:99885|Human Phenotype Ontology:HP:0008255,MONDO:MONDO:0020525,MedGen:C0342273|MedGen:C3661900",Permanent neonatal diabetes mellitus|Transitory neonatal diabetes mellitus|not provided,germline;somatic,germline/somatic,GRCh38,NC_000011.10,11,17388043,17388043,na,na,11p15.1,"criteria provided, conflicting classifications",3,-,N,ClinGen:CA473515723,2,989947,17388043,G,A,-,-,-,-,-,-,SCV002392823|SCV002505475,-,-
978890,single nucleotide variant,NM_000525.4(KCNJ11):c.10C>T (p.Arg4Cys),3767,KCNJ11,HGNC:6257,Uncertain significance,0,"Apr 06, 2024",543286136,-,RCV001277856|RCV002227263|RCV002486030|RCV005094301,"MONDO:MONDO:0100164,MedGen:C1833104,OMIM:PS606176,Orphanet:99885|Human Phenotype Ontology:HP:0004904,MONDO:MONDO:0018911,MedGen:C0342276,OMIM:PS125850,Orphanet:552|MONDO:MONDO:0011153,MedGen:C2931833,OMIM:601820,Orphanet:276580,Orphanet:276603;MONDO:MONDO:0012522,MedGen:C1864623,OMIM:610582,Orphanet:99886;Human Phenotype Ontology:HP:0005965,Human Phenotype Ontology:HP:0005978,Human Phenotype Ontology:HP:0100652,MONDO:MONDO:0005148,MeSH:D003924,MedGen:C0011860,OMIM:125853;MONDO:MONDO:0014589,MedGen:C4225365,OMIM:616329,Orphanet:552;MONDO:MONDO:0030087,MedGen:C5394296,OMIM:618856|MedGen:C3661900","Permanent neonatal diabetes mellitus|Maturity-onset diabetes of the young|Hyperinsulinemic hypoglycemia, familial, 2;Diabetes mellitus, transient neonatal, 3;Type 2 diabetes mellitus;Maturity-onset diabetes of the young type 13;Diabetes mellitus, permanent neonatal 2|not provided",germline;somatic;unknown,germline/somatic,GRCh37,NC_000011.9,11,17409629,17409629,na,na,11p15.1,"criteria provided, multiple submitters, no conflicts",4,-,N,ClinGen:CA5902349,2,989948,17409629,G,A,-,-,-,-,-,-,SCV002506491|SCV002777065|SCV005813484,-,-
978890,single nucleotide variant,NM_000525.4(KCNJ11):c.10C>T (p.Arg4Cys),3767,KCNJ11,HGNC:6257,Uncertain significance,0,"Apr 06, 2024",543286136,-,RCV001277856|RCV002227263|RCV002486030|RCV005094301,"MONDO:MONDO:0100164,MedGen:C1833104,OMIM:PS606176,Orphanet:99885|Human Phenotype Ontology:HP:0004904,MONDO:MONDO:0018911,MedGen:C0342276,OMIM:PS125850,Orphanet:552|MONDO:MONDO:0011153,MedGen:C2931833,OMIM:601820,Orphanet:276580,Orphanet:276603;MONDO:MONDO:0012522,MedGen:C1864623,OMIM:610582,Orphanet:99886;Human Phenotype Ontology:HP:0005965,Human Phenotype Ontology:HP:0005978,Human Phenotype Ontology:HP:0100652,MONDO:MONDO:0005148,MeSH:D003924,MedGen:C0011860,OMIM:125853;MONDO:MONDO:0014589,MedGen:C4225365,OMIM:616329,Orphanet:552;MONDO:MONDO:0030087,MedGen:C5394296,OMIM:618856|MedGen:C3661900","Permanent neonatal diabetes mellitus|Maturity-onset diabetes of the young|Hyperinsulinemic hypoglycemia, familial, 2;Diabetes mellitus, transient neonatal, 3;Type 2 diabetes mellitus;Maturity-onset diabetes of the young type 13;Diabetes mellitus, permanent neonatal 2|not provided",germline;somatic;unknown,germline/somatic,GRCh38,NC_000011.10,11,17388082,17388082,na,na,11p15.1,"criteria provided, multiple submitters, no conflicts",4,-,N,ClinGen:CA5902349,2,989948,17388082,G,A,-,-,-,-,-,-,SCV002506491|SCV002777065|SCV005813484,-,-
978891,single nucleotide variant,NM_000525.4(KCNJ11):c.-6G>A,3767,KCNJ11,HGNC:6257,Uncertain significance,0,"Apr 13, 2020",554874150,-,RCV001277857,"MONDO:MONDO:0100164,MedGen:C1833104,OMIM:PS606176,Orphanet:99885",Permanent neonatal diabetes mellitus,germline,germline,GRCh37,NC_000011.9,11,17409644,17409644,na,na,11p15.1,no assertion criteria provided,1,-,N,ClinGen:CA5902350,2,989949,17409644,C,T,-,-,-,-,-,-,SCV001464836,-,-
978891,single nucleotide variant,NM_000525.4(KCNJ11):c.-6G>A,3767,KCNJ11,HGNC:6257,Uncertain significance,0,"Apr 13, 2020",554874150,-,RCV001277857,"MONDO:MONDO:0100164,MedGen:C1833104,OMIM:PS606176,Orphanet:99885",Permanent neonatal diabetes mellitus,germline,germline,GRCh38,NC_000011.10,11,17388097,17388097,na,na,11p15.1,no assertion criteria provided,1,-,N,ClinGen:CA5902350,2,989949,17388097,C,T,-,-,-,-,-,-,SCV001464836,-,-
978892,single nucleotide variant,NM_000352.6(ABCC8):c.4713C>T (p.Ser1571=),6833,ABCC8,HGNC:59,Conflicting classifications of pathogenicity,0,"Jun 06, 2023",747402972,-,RCV001277858|RCV001428015|RCV002245914|RCV002245913,"|MedGen:C3661900|Human Phenotype Ontology:HP:0008255,MONDO:MONDO:0020525,MedGen:C0342273|Human Phenotype Ontology:HP:0004904,MONDO:MONDO:0018911,MedGen:C0342276,OMIM:PS125850,Orphanet:552",Hereditary hyperinsulinism|not provided|Transitory neonatal diabetes mellitus|Maturity-onset diabetes of the young,germline;somatic,germline/somatic,GRCh37,NC_000011.9,11,17414571,17414571,na,na,11p15.1,"criteria provided, conflicting classifications",3,-,N,ClinGen:CA5902378,2,989950,17414571,G,A,-,-,-,-,-,-,SCV001630707|SCV002512164|SCV002512165,-,-
978892,single nucleotide variant,NM_000352.6(ABCC8):c.4713C>T (p.Ser1571=),6833,ABCC8,HGNC:59,Conflicting classifications of pathogenicity,0,"Jun 06, 2023",747402972,-,RCV001277858|RCV001428015|RCV002245914|RCV002245913,"|MedGen:C3661900|Human Phenotype Ontology:HP:0008255,MONDO:MONDO:0020525,MedGen:C0342273|Human Phenotype Ontology:HP:0004904,MONDO:MONDO:0018911,MedGen:C0342276,OMIM:PS125850,Orphanet:552",Hereditary hyperinsulinism|not provided|Transitory neonatal diabetes mellitus|Maturity-onset diabetes of the young,germline;somatic,germline/somatic,GRCh38,NC_000011.10,11,17393024,17393024,na,na,11p15.1,"criteria provided, conflicting classifications",3,-,N,ClinGen:CA5902378,2,989950,17393024,G,A,-,-,-,-,-,-,SCV001630707|SCV002512164|SCV002512165,-,-
978893,single nucleotide variant,NM_000352.6(ABCC8):c.4545+4G>A,6833,ABCC8,HGNC:59,Uncertain significance,0,"Apr 10, 2020",760433463,-,RCV001277859,-,Hereditary hyperinsulinism,germline,germline,GRCh37,NC_000011.9,11,17415809,17415809,na,na,11p15.1,no assertion criteria provided,1,-,N,ClinGen:CA1139661846,2,989951,17415809,C,T,-,-,-,-,-,-,SCV001464838,-,-
978893,single nucleotide variant,NM_000352.6(ABCC8):c.4545+4G>A,6833,ABCC8,HGNC:59,Uncertain significance,0,"Apr 10, 2020",760433463,-,RCV001277859,-,Hereditary hyperinsulinism,germline,germline,GRCh38,NC_000011.10,11,17394262,17394262,na,na,11p15.1,no assertion criteria provided,1,-,N,ClinGen:CA1139661846,2,989951,17394262,C,T,-,-,-,-,-,-,SCV001464838,-,-
978894,single nucleotide variant,NM_000352.6(ABCC8):c.4527T>G (p.Ala1509=),6833,ABCC8,HGNC:59,Uncertain significance,0,-,1953787387,-,RCV001277860|RCV002245916|RCV002245915,"|Human Phenotype Ontology:HP:0008255,MONDO:MONDO:0020525,MedGen:C0342273|Human Phenotype Ontology:HP:0004904,MONDO:MONDO:0018911,MedGen:C0342276,OMIM:PS125850,Orphanet:552",Hereditary hyperinsulinism|Transitory neonatal diabetes mellitus|Maturity-onset diabetes of the young,germline;somatic,germline/somatic,GRCh37,NC_000011.9,11,17415831,17415831,na,na,11p15.1,"criteria provided, single submitter",2,-,N,ClinGen:CA473298063,2,989952,17415831,A,C,-,-,-,-,-,-,SCV002513049|SCV002513050,-,-
978894,single nucleotide variant,NM_000352.6(ABCC8):c.4527T>G (p.Ala1509=),6833,ABCC8,HGNC:59,Uncertain significance,0,-,1953787387,-,RCV001277860|RCV002245916|RCV002245915,"|Human Phenotype Ontology:HP:0008255,MONDO:MONDO:0020525,MedGen:C0342273|Human Phenotype Ontology:HP:0004904,MONDO:MONDO:0018911,MedGen:C0342276,OMIM:PS125850,Orphanet:552",Hereditary hyperinsulinism|Transitory neonatal diabetes mellitus|Maturity-onset diabetes of the young,germline;somatic,germline/somatic,GRCh38,NC_000011.10,11,17394284,17394284,na,na,11p15.1,"criteria provided, single submitter",2,-,N,ClinGen:CA473298063,2,989952,17394284,A,C,-,-,-,-,-,-,SCV002513049|SCV002513050,-,-
978895,single nucleotide variant,NM_000352.6(ABCC8):c.4285G>A (p.Val1429Ile),6833,ABCC8,HGNC:59,Uncertain significance,0,"May 17, 2022",755577144,-,RCV001277861|RCV002245918|RCV002245917|RCV002493468,"|Human Phenotype Ontology:HP:0008255,MONDO:MONDO:0020525,MedGen:C0342273|Human Phenotype Ontology:HP:0004904,MONDO:MONDO:0018911,MedGen:C0342276,OMIM:PS125850,Orphanet:552|MONDO:MONDO:0009734,MedGen:C2931832,OMIM:256450,Orphanet:276575,Orphanet:276598;MONDO:MONDO:0009415,MedGen:C0271714,OMIM:240800;MONDO:MONDO:0012480,MedGen:C1835887,OMIM:610374,Orphanet:99886;Human Phenotype Ontology:HP:0005965,Human Phenotype Ontology:HP:0005978,Human Phenotype Ontology:HP:0100652,MONDO:MONDO:0005148,MeSH:D003924,MedGen:C0011860,OMIM:125853;MONDO:MONDO:0030088,MedGen:C5394303,OMIM:618857","Hereditary hyperinsulinism|Transitory neonatal diabetes mellitus|Maturity-onset diabetes of the young|Hyperinsulinemic hypoglycemia, familial, 1;Leucine-induced hypoglycemia;Diabetes mellitus, transient neonatal, 2;Type 2 diabetes mellitus;Diabetes mellitus, permanent neonatal 3",germline;somatic;unknown,germline/somatic,GRCh37,NC_000011.9,11,17417179,17417179,na,na,11p15.1,"criteria provided, multiple submitters, no conflicts",3,-,N,ClinGen:CA5902521,2,989953,17417179,C,T,-,-,-,-,-,-,SCV002513344|SCV002513345|SCV002787373,-,-
978895,single nucleotide variant,NM_000352.6(ABCC8):c.4285G>A (p.Val1429Ile),6833,ABCC8,HGNC:59,Uncertain significance,0,"May 17, 2022",755577144,-,RCV001277861|RCV002245918|RCV002245917|RCV002493468,"|Human Phenotype Ontology:HP:0008255,MONDO:MONDO:0020525,MedGen:C0342273|Human Phenotype Ontology:HP:0004904,MONDO:MONDO:0018911,MedGen:C0342276,OMIM:PS125850,Orphanet:552|MONDO:MONDO:0009734,MedGen:C2931832,OMIM:256450,Orphanet:276575,Orphanet:276598;MONDO:MONDO:0009415,MedGen:C0271714,OMIM:240800;MONDO:MONDO:0012480,MedGen:C1835887,OMIM:610374,Orphanet:99886;Human Phenotype Ontology:HP:0005965,Human Phenotype Ontology:HP:0005978,Human Phenotype Ontology:HP:0100652,MONDO:MONDO:0005148,MeSH:D003924,MedGen:C0011860,OMIM:125853;MONDO:MONDO:0030088,MedGen:C5394303,OMIM:618857","Hereditary hyperinsulinism|Transitory neonatal diabetes mellitus|Maturity-onset diabetes of the young|Hyperinsulinemic hypoglycemia, familial, 1;Leucine-induced hypoglycemia;Diabetes mellitus, transient neonatal, 2;Type 2 diabetes mellitus;Diabetes mellitus, permanent neonatal 3",germline;somatic;unknown,germline/somatic,GRCh38,NC_000011.10,11,17395632,17395632,na,na,11p15.1,"criteria provided, multiple submitters, no conflicts",3,-,N,ClinGen:CA5902521,2,989953,17395632,C,T,-,-,-,-,-,-,SCV002513344|SCV002513345|SCV002787373,-,-
978896,single nucleotide variant,NM_000352.6(ABCC8):c.4281C>T (p.Asp1427=),6833,ABCC8,HGNC:59,Likely benign,0,"Feb 17, 2024",1334003978,-,RCV001277862|RCV001456569,|MedGen:C3661900,Hereditary hyperinsulinism|not provided,germline,germline,GRCh37,NC_000011.9,11,17417183,17417183,na,na,11p15.1,"criteria provided, single submitter",2,-,N,ClinGen:CA473298214,2,989954,17417183,G,A,-,-,-,-,-,-,SCV001660355,-,-
978896,single nucleotide variant,NM_000352.6(ABCC8):c.4281C>T (p.Asp1427=),6833,ABCC8,HGNC:59,Likely benign,0,"Feb 17, 2024",1334003978,-,RCV001277862|RCV001456569,|MedGen:C3661900,Hereditary hyperinsulinism|not provided,germline,germline,GRCh38,NC_000011.10,11,17395636,17395636,na,na,11p15.1,"criteria provided, single submitter",2,-,N,ClinGen:CA473298214,2,989954,17395636,G,A,-,-,-,-,-,-,SCV001660355,-,-
978897,single nucleotide variant,NM_000352.6(ABCC8):c.4203C>T (p.His1401=),6833,ABCC8,HGNC:59,Uncertain significance,0,-,1953885229,-,RCV001277863|RCV002245920|RCV002245919,"|Human Phenotype Ontology:HP:0008255,MONDO:MONDO:0020525,MedGen:C0342273|Human Phenotype Ontology:HP:0004904,MONDO:MONDO:0018911,MedGen:C0342276,OMIM:PS125850,Orphanet:552",Hereditary hyperinsulinism|Transitory neonatal diabetes mellitus|Maturity-onset diabetes of the young,germline;somatic,germline/somatic,GRCh37,NC_000011.9,11,17417261,17417261,na,na,11p15.1,"criteria provided, single submitter",2,-,N,ClinGen:CA473298273,2,989955,17417261,G,A,-,-,-,-,-,-,SCV002513439|SCV002513440,-,-
978897,single nucleotide variant,NM_000352.6(ABCC8):c.4203C>T (p.His1401=),6833,ABCC8,HGNC:59,Uncertain significance,0,-,1953885229,-,RCV001277863|RCV002245920|RCV002245919,"|Human Phenotype Ontology:HP:0008255,MONDO:MONDO:0020525,MedGen:C0342273|Human Phenotype Ontology:HP:0004904,MONDO:MONDO:0018911,MedGen:C0342276,OMIM:PS125850,Orphanet:552",Hereditary hyperinsulinism|Transitory neonatal diabetes mellitus|Maturity-onset diabetes of the young,germline;somatic,germline/somatic,GRCh38,NC_000011.10,11,17395714,17395714,na,na,11p15.1,"criteria provided, single submitter",2,-,N,ClinGen:CA473298273,2,989955,17395714,G,A,-,-,-,-,-,-,SCV002513439|SCV002513440,-,-
978898,single nucleotide variant,NM_000352.6(ABCC8):c.4124G>C (p.Gly1375Ala),6833,ABCC8,HGNC:59,Uncertain significance,0,-,1953901271,-,RCV001277864|RCV002245922|RCV002245921,"|Human Phenotype Ontology:HP:0008255,MONDO:MONDO:0020525,MedGen:C0342273|Human Phenotype Ontology:HP:0004904,MONDO:MONDO:0018911,MedGen:C0342276,OMIM:PS125850,Orphanet:552",Hereditary hyperinsulinism|Transitory neonatal diabetes mellitus|Maturity-onset diabetes of the young,germline;somatic,germline/somatic,GRCh37,NC_000011.9,11,17417473,17417473,na,na,11p15.1,"criteria provided, single submitter",2,-,N,ClinGen:CA379788591,2,989956,17417473,C,G,-,-,-,-,-,-,SCV002513464|SCV002513465,-,-
978898,single nucleotide variant,NM_000352.6(ABCC8):c.4124G>C (p.Gly1375Ala),6833,ABCC8,HGNC:59,Uncertain significance,0,-,1953901271,-,RCV001277864|RCV002245922|RCV002245921,"|Human Phenotype Ontology:HP:0008255,MONDO:MONDO:0020525,MedGen:C0342273|Human Phenotype Ontology:HP:0004904,MONDO:MONDO:0018911,MedGen:C0342276,OMIM:PS125850,Orphanet:552",Hereditary hyperinsulinism|Transitory neonatal diabetes mellitus|Maturity-onset diabetes of the young,germline;somatic,germline/somatic,GRCh38,NC_000011.10,11,17395926,17395926,na,na,11p15.1,"criteria provided, single submitter",2,-,N,ClinGen:CA379788591,2,989956,17395926,C,G,-,-,-,-,-,-,SCV002513464|SCV002513465,-,-
978899,single nucleotide variant,NM_000352.6(ABCC8):c.4119+10C>T,6833,ABCC8,HGNC:59,Conflicting classifications of pathogenicity,0,"Nov 06, 2023",201955628,-,RCV001277865|RCV001450846|RCV002245923|RCV002245924|RCV004538553,"|MedGen:C3661900|Human Phenotype Ontology:HP:0004904,MONDO:MONDO:0018911,MedGen:C0342276,OMIM:PS125850,Orphanet:552|Human Phenotype Ontology:HP:0008255,MONDO:MONDO:0020525,MedGen:C0342273|",Hereditary hyperinsulinism|not provided|Maturity-onset diabetes of the young|Transitory neonatal diabetes mellitus|ABCC8-related disorder,germline;somatic,germline/somatic,GRCh37,NC_000011.9,11,17418453,17418453,na,na,11p15.1,"criteria provided, conflicting classifications",4,-,N,ClinGen:CA218409491,2,989957,17418453,G,A,-,-,-,-,-,-,SCV001654464|SCV002513474|SCV002513475,-,-
978899,single nucleotide variant,NM_000352.6(ABCC8):c.4119+10C>T,6833,ABCC8,HGNC:59,Conflicting classifications of pathogenicity,0,"Nov 06, 2023",201955628,-,RCV001277865|RCV001450846|RCV002245923|RCV002245924|RCV004538553,"|MedGen:C3661900|Human Phenotype Ontology:HP:0004904,MONDO:MONDO:0018911,MedGen:C0342276,OMIM:PS125850,Orphanet:552|Human Phenotype Ontology:HP:0008255,MONDO:MONDO:0020525,MedGen:C0342273|",Hereditary hyperinsulinism|not provided|Maturity-onset diabetes of the young|Transitory neonatal diabetes mellitus|ABCC8-related disorder,germline;somatic,germline/somatic,GRCh38,NC_000011.10,11,17396906,17396906,na,na,11p15.1,"criteria provided, conflicting classifications",4,-,N,ClinGen:CA218409491,2,989957,17396906,G,A,-,-,-,-,-,-,SCV001654464|SCV002513474|SCV002513475,-,-
978900,single nucleotide variant,NM_000352.6(ABCC8):c.4104C>T (p.Ile1368=),6833,ABCC8,HGNC:59,Conflicting classifications of pathogenicity,0,"Jan 09, 2026",1345535328,-,RCV001277866|RCV001411378|RCV002245925|RCV002245926|RCV005050317,"|MedGen:C3661900|Human Phenotype Ontology:HP:0004904,MONDO:MONDO:0018911,MedGen:C0342276,OMIM:PS125850,Orphanet:552|Human Phenotype Ontology:HP:0008255,MONDO:MONDO:0020525,MedGen:C0342273|MONDO:MONDO:0009734,MedGen:C2931832,OMIM:256450,Orphanet:276575,Orphanet:276598;MONDO:MONDO:0009415,MedGen:C0271714,OMIM:240800;MONDO:MONDO:0012480,MedGen:C1835887,OMIM:610374,Orphanet:99886;Human Phenotype Ontology:HP:0005965,Human Phenotype Ontology:HP:0005978,Human Phenotype Ontology:HP:0100652,MONDO:MONDO:0005148,MeSH:D003924,MedGen:C0011860,OMIM:125853;MONDO:MONDO:0030088,MedGen:C5394303,OMIM:618857","Hereditary hyperinsulinism|not provided|Maturity-onset diabetes of the young|Transitory neonatal diabetes mellitus|Hyperinsulinemic hypoglycemia, familial, 1;Leucine-induced hypoglycemia;Diabetes mellitus, transient neonatal, 2;Type 2 diabetes mellitus;Diabetes mellitus, permanent neonatal 3",germline;somatic,germline/somatic,GRCh37,NC_000011.9,11,17418478,17418478,na,na,11p15.1,"criteria provided, conflicting classifications",4,-,N,ClinGen:CA473298438,2,989958,17418478,G,A,-,-,-,-,-,-,SCV001613441|SCV002513483|SCV002513484|SCV005683382,-,-
978900,single nucleotide variant,NM_000352.6(ABCC8):c.4104C>T (p.Ile1368=),6833,ABCC8,HGNC:59,Conflicting classifications of pathogenicity,0,"Jan 09, 2026",1345535328,-,RCV001277866|RCV001411378|RCV002245925|RCV002245926|RCV005050317,"|MedGen:C3661900|Human Phenotype Ontology:HP:0004904,MONDO:MONDO:0018911,MedGen:C0342276,OMIM:PS125850,Orphanet:552|Human Phenotype Ontology:HP:0008255,MONDO:MONDO:0020525,MedGen:C0342273|MONDO:MONDO:0009734,MedGen:C2931832,OMIM:256450,Orphanet:276575,Orphanet:276598;MONDO:MONDO:0009415,MedGen:C0271714,OMIM:240800;MONDO:MONDO:0012480,MedGen:C1835887,OMIM:610374,Orphanet:99886;Human Phenotype Ontology:HP:0005965,Human Phenotype Ontology:HP:0005978,Human Phenotype Ontology:HP:0100652,MONDO:MONDO:0005148,MeSH:D003924,MedGen:C0011860,OMIM:125853;MONDO:MONDO:0030088,MedGen:C5394303,OMIM:618857","Hereditary hyperinsulinism|not provided|Maturity-onset diabetes of the young|Transitory neonatal diabetes mellitus|Hyperinsulinemic hypoglycemia, familial, 1;Leucine-induced hypoglycemia;Diabetes mellitus, transient neonatal, 2;Type 2 diabetes mellitus;Diabetes mellitus, permanent neonatal 3",germline;somatic,germline/somatic,GRCh38,NC_000011.10,11,17396931,17396931,na,na,11p15.1,"criteria provided, conflicting classifications",4,-,N,ClinGen:CA473298438,2,989958,17396931,G,A,-,-,-,-,-,-,SCV001613441|SCV002513483|SCV002513484|SCV005683382,-,-
978901,single nucleotide variant,NM_000352.6(ABCC8):c.3988+19G>C,6833,ABCC8,HGNC:59,Conflicting classifications of pathogenicity,0,"Nov 28, 2025",576340695,-,RCV001277867|RCV002246152|RCV002246151|RCV002499466|RCV003738031,"|Human Phenotype Ontology:HP:0008255,MONDO:MONDO:0020525,MedGen:C0342273|Human Phenotype Ontology:HP:0004904,MONDO:MONDO:0018911,MedGen:C0342276,OMIM:PS125850,Orphanet:552|MONDO:MONDO:0009734,MedGen:C2931832,OMIM:256450,Orphanet:276575,Orphanet:276598;MONDO:MONDO:0009415,MedGen:C0271714,OMIM:240800;MONDO:MONDO:0012480,MedGen:C1835887,OMIM:610374,Orphanet:99886;Human Phenotype Ontology:HP:0005965,Human Phenotype Ontology:HP:0005978,Human Phenotype Ontology:HP:0100652,MONDO:MONDO:0005148,MeSH:D003924,MedGen:C0011860,OMIM:125853;MONDO:MONDO:0030088,MedGen:C5394303,OMIM:618857|MedGen:C3661900","Hereditary hyperinsulinism|Transitory neonatal diabetes mellitus|Maturity-onset diabetes of the young|Hyperinsulinemic hypoglycemia, familial, 1;Leucine-induced hypoglycemia;Diabetes mellitus, transient neonatal, 2;Type 2 diabetes mellitus;Diabetes mellitus, permanent neonatal 3|not provided",germline;somatic,germline/somatic,GRCh37,NC_000011.9,11,17418721,17418721,na,na,11p15.1,"criteria provided, conflicting classifications",4,-,N,ClinGen:CA5902623,2,989959,17418721,C,G,-,-,-,-,-,-,SCV002513519|SCV002513520|SCV002813485|SCV004557900,-,-
978901,single nucleotide variant,NM_000352.6(ABCC8):c.3988+19G>C,6833,ABCC8,HGNC:59,Conflicting classifications of pathogenicity,0,"Nov 28, 2025",576340695,-,RCV001277867|RCV002246152|RCV002246151|RCV002499466|RCV003738031,"|Human Phenotype Ontology:HP:0008255,MONDO:MONDO:0020525,MedGen:C0342273|Human Phenotype Ontology:HP:0004904,MONDO:MONDO:0018911,MedGen:C0342276,OMIM:PS125850,Orphanet:552|MONDO:MONDO:0009734,MedGen:C2931832,OMIM:256450,Orphanet:276575,Orphanet:276598;MONDO:MONDO:0009415,MedGen:C0271714,OMIM:240800;MONDO:MONDO:0012480,MedGen:C1835887,OMIM:610374,Orphanet:99886;Human Phenotype Ontology:HP:0005965,Human Phenotype Ontology:HP:0005978,Human Phenotype Ontology:HP:0100652,MONDO:MONDO:0005148,MeSH:D003924,MedGen:C0011860,OMIM:125853;MONDO:MONDO:0030088,MedGen:C5394303,OMIM:618857|MedGen:C3661900","Hereditary hyperinsulinism|Transitory neonatal diabetes mellitus|Maturity-onset diabetes of the young|Hyperinsulinemic hypoglycemia, familial, 1;Leucine-induced hypoglycemia;Diabetes mellitus, transient neonatal, 2;Type 2 diabetes mellitus;Diabetes mellitus, permanent neonatal 3|not provided",germline;somatic,germline/somatic,GRCh38,NC_000011.10,11,17397174,17397174,na,na,11p15.1,"criteria provided, conflicting classifications",4,-,N,ClinGen:CA5902623,2,989959,17397174,C,G,-,-,-,-,-,-,SCV002513519|SCV002513520|SCV002813485|SCV004557900,-,-
978902,single nucleotide variant,NM_000352.6(ABCC8):c.3984C>T (p.Leu1328=),6833,ABCC8,HGNC:59,Conflicting classifications of pathogenicity,0,"Jan 12, 2026",368419322,-,RCV001277868|RCV001463636|RCV002246153|RCV002246154|RCV002375322|RCV004526100,"|MedGen:C3661900|Human Phenotype Ontology:HP:0004904,MONDO:MONDO:0018911,MedGen:C0342276,OMIM:PS125850,Orphanet:552|Human Phenotype Ontology:HP:0008255,MONDO:MONDO:0020525,MedGen:C0342273|MeSH:D030342,MedGen:C0950123|MedGen:CN169374",Hereditary hyperinsulinism|not provided|Maturity-onset diabetes of the young|Transitory neonatal diabetes mellitus|Inborn genetic diseases|not specified,germline;somatic,germline/somatic,GRCh37,NC_000011.9,11,17418744,17418744,na,na,11p15.1,"criteria provided, conflicting classifications",5,-,N,ClinGen:CA5902628,2,989960,17418744,G,A,-,-,-,-,-,-,SCV001667583|SCV002513521|SCV002513522|SCV002625553|SCV005039939,-,-
978902,single nucleotide variant,NM_000352.6(ABCC8):c.3984C>T (p.Leu1328=),6833,ABCC8,HGNC:59,Conflicting classifications of pathogenicity,0,"Jan 12, 2026",368419322,-,RCV001277868|RCV001463636|RCV002246153|RCV002246154|RCV002375322|RCV004526100,"|MedGen:C3661900|Human Phenotype Ontology:HP:0004904,MONDO:MONDO:0018911,MedGen:C0342276,OMIM:PS125850,Orphanet:552|Human Phenotype Ontology:HP:0008255,MONDO:MONDO:0020525,MedGen:C0342273|MeSH:D030342,MedGen:C0950123|MedGen:CN169374",Hereditary hyperinsulinism|not provided|Maturity-onset diabetes of the young|Transitory neonatal diabetes mellitus|Inborn genetic diseases|not specified,germline;somatic,germline/somatic,GRCh38,NC_000011.10,11,17397197,17397197,na,na,11p15.1,"criteria provided, conflicting classifications",5,-,N,ClinGen:CA5902628,2,989960,17397197,G,A,-,-,-,-,-,-,SCV001667583|SCV002513521|SCV002513522|SCV002625553|SCV005039939,-,-
978903,single nucleotide variant,NM_000352.6(ABCC8):c.3661C>T (p.Arg1221Trp),6833,ABCC8,HGNC:59,Uncertain significance,0,"Sep 16, 2022",567382793,-,RCV001277869|RCV003227950,"|MONDO:MONDO:0009734,MedGen:C2931832,OMIM:256450,Orphanet:276575,Orphanet:276598","Hereditary hyperinsulinism|Hyperinsulinemic hypoglycemia, familial, 1",germline,germline,GRCh37,NC_000011.9,11,17419978,17419978,na,na,11p15.1,"criteria provided, single submitter",2,-,N,ClinGen:CA5902733,2,989961,17419978,G,A,-,-,-,-,-,-,SCV003925307,-,-
978903,single nucleotide variant,NM_000352.6(ABCC8):c.3661C>T (p.Arg1221Trp),6833,ABCC8,HGNC:59,Uncertain significance,0,"Sep 16, 2022",567382793,-,RCV001277869|RCV003227950,"|MONDO:MONDO:0009734,MedGen:C2931832,OMIM:256450,Orphanet:276575,Orphanet:276598","Hereditary hyperinsulinism|Hyperinsulinemic hypoglycemia, familial, 1",germline,germline,GRCh38,NC_000011.10,11,17398431,17398431,na,na,11p15.1,"criteria provided, single submitter",2,-,N,ClinGen:CA5902733,2,989961,17398431,G,A,-,-,-,-,-,-,SCV003925307,-,-
978904,single nucleotide variant,NM_000352.6(ABCC8):c.3654T>C (p.Tyr1218=),6833,ABCC8,HGNC:59,Conflicting classifications of pathogenicity,0,"Dec 30, 2025",769968875,-,RCV001277870|RCV001391926|RCV002245928|RCV002245927,"|MedGen:C3661900|Human Phenotype Ontology:HP:0008255,MONDO:MONDO:0020525,MedGen:C0342273|Human Phenotype Ontology:HP:0004904,MONDO:MONDO:0018911,MedGen:C0342276,OMIM:PS125850,Orphanet:552",Hereditary hyperinsulinism|not provided|Transitory neonatal diabetes mellitus|Maturity-onset diabetes of the young,germline;somatic,germline/somatic,GRCh37,NC_000011.9,11,17419985,17419985,na,na,11p15.1,"criteria provided, conflicting classifications",3,-,N,ClinGen:CA5902735,2,989962,17419985,A,G,-,-,-,-,-,-,SCV001593558|SCV002515389|SCV002515390,-,-
978904,single nucleotide variant,NM_000352.6(ABCC8):c.3654T>C (p.Tyr1218=),6833,ABCC8,HGNC:59,Conflicting classifications of pathogenicity,0,"Dec 30, 2025",769968875,-,RCV001277870|RCV001391926|RCV002245928|RCV002245927,"|MedGen:C3661900|Human Phenotype Ontology:HP:0008255,MONDO:MONDO:0020525,MedGen:C0342273|Human Phenotype Ontology:HP:0004904,MONDO:MONDO:0018911,MedGen:C0342276,OMIM:PS125850,Orphanet:552",Hereditary hyperinsulinism|not provided|Transitory neonatal diabetes mellitus|Maturity-onset diabetes of the young,germline;somatic,germline/somatic,GRCh38,NC_000011.10,11,17398438,17398438,na,na,11p15.1,"criteria provided, conflicting classifications",3,-,N,ClinGen:CA5902735,2,989962,17398438,A,G,-,-,-,-,-,-,SCV001593558|SCV002515389|SCV002515390,-,-
978905,single nucleotide variant,NM_000352.6(ABCC8):c.3651-4C>G,6833,ABCC8,HGNC:59,Conflicting classifications of pathogenicity,0,"Apr 26, 2023",1954058406,-,RCV001277871|RCV002245930|RCV002245929|RCV002542885,"|Human Phenotype Ontology:HP:0008255,MONDO:MONDO:0020525,MedGen:C0342273|Human Phenotype Ontology:HP:0004904,MONDO:MONDO:0018911,MedGen:C0342276,OMIM:PS125850,Orphanet:552|MedGen:C3661900",Hereditary hyperinsulinism|Transitory neonatal diabetes mellitus|Maturity-onset diabetes of the young|not provided,germline;somatic,germline/somatic,GRCh37,NC_000011.9,11,17419992,17419992,na,na,11p15.1,"criteria provided, conflicting classifications",3,-,N,ClinGen:CA1139661850,2,989963,17419992,G,C,-,-,-,-,-,-,SCV002515391|SCV002515392|SCV002964292,-,-
978905,single nucleotide variant,NM_000352.6(ABCC8):c.3651-4C>G,6833,ABCC8,HGNC:59,Conflicting classifications of pathogenicity,0,"Apr 26, 2023",1954058406,-,RCV001277871|RCV002245930|RCV002245929|RCV002542885,"|Human Phenotype Ontology:HP:0008255,MONDO:MONDO:0020525,MedGen:C0342273|Human Phenotype Ontology:HP:0004904,MONDO:MONDO:0018911,MedGen:C0342276,OMIM:PS125850,Orphanet:552|MedGen:C3661900",Hereditary hyperinsulinism|Transitory neonatal diabetes mellitus|Maturity-onset diabetes of the young|not provided,germline;somatic,germline/somatic,GRCh38,NC_000011.10,11,17398445,17398445,na,na,11p15.1,"criteria provided, conflicting classifications",3,-,N,ClinGen:CA1139661850,2,989963,17398445,G,C,-,-,-,-,-,-,SCV002515391|SCV002515392|SCV002964292,-,-
978906,single nucleotide variant,NM_000352.6(ABCC8):c.3649A>G (p.Arg1217Gly),6833,ABCC8,HGNC:59,Uncertain significance,0,"Mar 28, 2022",770028071,-,RCV001277873|RCV002245932|RCV002245931|RCV002493469,"|Human Phenotype Ontology:HP:0008255,MONDO:MONDO:0020525,MedGen:C0342273|Human Phenotype Ontology:HP:0004904,MONDO:MONDO:0018911,MedGen:C0342276,OMIM:PS125850,Orphanet:552|MONDO:MONDO:0009734,MedGen:C2931832,OMIM:256450,Orphanet:276575,Orphanet:276598;MONDO:MONDO:0009415,MedGen:C0271714,OMIM:240800;MONDO:MONDO:0012480,MedGen:C1835887,OMIM:610374,Orphanet:99886;Human Phenotype Ontology:HP:0005965,Human Phenotype Ontology:HP:0005978,Human Phenotype Ontology:HP:0100652,MONDO:MONDO:0005148,MeSH:D003924,MedGen:C0011860,OMIM:125853;MONDO:MONDO:0030088,MedGen:C5394303,OMIM:618857","Hereditary hyperinsulinism|Transitory neonatal diabetes mellitus|Maturity-onset diabetes of the young|Hyperinsulinemic hypoglycemia, familial, 1;Leucine-induced hypoglycemia;Diabetes mellitus, transient neonatal, 2;Type 2 diabetes mellitus;Diabetes mellitus, permanent neonatal 3",germline;somatic;unknown,germline/somatic,GRCh37,NC_000011.9,11,17424209,17424209,na,na,11p15.1,"criteria provided, multiple submitters, no conflicts",3,-,N,ClinGen:CA5902753,2,989964,17424209,T,C,-,-,-,-,-,-,SCV002515397|SCV002515398|SCV002780671,-,-
978906,single nucleotide variant,NM_000352.6(ABCC8):c.3649A>G (p.Arg1217Gly),6833,ABCC8,HGNC:59,Uncertain significance,0,"Mar 28, 2022",770028071,-,RCV001277873|RCV002245932|RCV002245931|RCV002493469,"|Human Phenotype Ontology:HP:0008255,MONDO:MONDO:0020525,MedGen:C0342273|Human Phenotype Ontology:HP:0004904,MONDO:MONDO:0018911,MedGen:C0342276,OMIM:PS125850,Orphanet:552|MONDO:MONDO:0009734,MedGen:C2931832,OMIM:256450,Orphanet:276575,Orphanet:276598;MONDO:MONDO:0009415,MedGen:C0271714,OMIM:240800;MONDO:MONDO:0012480,MedGen:C1835887,OMIM:610374,Orphanet:99886;Human Phenotype Ontology:HP:0005965,Human Phenotype Ontology:HP:0005978,Human Phenotype Ontology:HP:0100652,MONDO:MONDO:0005148,MeSH:D003924,MedGen:C0011860,OMIM:125853;MONDO:MONDO:0030088,MedGen:C5394303,OMIM:618857","Hereditary hyperinsulinism|Transitory neonatal diabetes mellitus|Maturity-onset diabetes of the young|Hyperinsulinemic hypoglycemia, familial, 1;Leucine-induced hypoglycemia;Diabetes mellitus, transient neonatal, 2;Type 2 diabetes mellitus;Diabetes mellitus, permanent neonatal 3",germline;somatic;unknown,germline/somatic,GRCh38,NC_000011.10,11,17402662,17402662,na,na,11p15.1,"criteria provided, multiple submitters, no conflicts",3,-,N,ClinGen:CA5902753,2,989964,17402662,T,C,-,-,-,-,-,-,SCV002515397|SCV002515398|SCV002780671,-,-
978907,single nucleotide variant,NM_000352.6(ABCC8):c.3502T>C (p.Leu1168=),6833,ABCC8,HGNC:59,Conflicting classifications of pathogenicity,0,"Feb 19, 2024",565968675,-,RCV001278392|RCV001426811|RCV002245937|RCV002245936,"|MedGen:C3661900|Human Phenotype Ontology:HP:0008255,MONDO:MONDO:0020525,MedGen:C0342273|Human Phenotype Ontology:HP:0004904,MONDO:MONDO:0018911,MedGen:C0342276,OMIM:PS125850,Orphanet:552",Hereditary hyperinsulinism|not provided|Transitory neonatal diabetes mellitus|Maturity-onset diabetes of the young,germline;somatic,germline/somatic,GRCh37,NC_000011.9,11,17426114,17426114,na,na,11p15.1,"criteria provided, conflicting classifications",3,-,N,ClinGen:CA218417282,2,990388,17426114,A,G,-,-,-,-,-,-,SCV001629472|SCV002515439|SCV002515440,-,-
978907,single nucleotide variant,NM_000352.6(ABCC8):c.3502T>C (p.Leu1168=),6833,ABCC8,HGNC:59,Conflicting classifications of pathogenicity,0,"Feb 19, 2024",565968675,-,RCV001278392|RCV001426811|RCV002245937|RCV002245936,"|MedGen:C3661900|Human Phenotype Ontology:HP:0008255,MONDO:MONDO:0020525,MedGen:C0342273|Human Phenotype Ontology:HP:0004904,MONDO:MONDO:0018911,MedGen:C0342276,OMIM:PS125850,Orphanet:552",Hereditary hyperinsulinism|not provided|Transitory neonatal diabetes mellitus|Maturity-onset diabetes of the young,germline;somatic,germline/somatic,GRCh38,NC_000011.10,11,17404567,17404567,na,na,11p15.1,"criteria provided, conflicting classifications",3,-,N,ClinGen:CA218417282,2,990388,17404567,A,G,-,-,-,-,-,-,SCV001629472|SCV002515439|SCV002515440,-,-
978908,single nucleotide variant,NM_000352.6(ABCC8):c.3493G>A (p.Val1165Met),6833,ABCC8,HGNC:59,Uncertain significance,0,"May 27, 2022",769818698,-,RCV001278393|RCV002504398|RCV004734086,"|MONDO:MONDO:0009734,MedGen:C2931832,OMIM:256450,Orphanet:276575,Orphanet:276598;MONDO:MONDO:0009415,MedGen:C0271714,OMIM:240800;MONDO:MONDO:0012480,MedGen:C1835887,OMIM:610374,Orphanet:99886;Human Phenotype Ontology:HP:0005965,Human Phenotype Ontology:HP:0005978,Human Phenotype Ontology:HP:0100652,MONDO:MONDO:0005148,MeSH:D003924,MedGen:C0011860,OMIM:125853;MONDO:MONDO:0030088,MedGen:C5394303,OMIM:618857|","Hereditary hyperinsulinism|Hyperinsulinemic hypoglycemia, familial, 1;Leucine-induced hypoglycemia;Diabetes mellitus, transient neonatal, 2;Type 2 diabetes mellitus;Diabetes mellitus, permanent neonatal 3|ABCC8-related disorder",germline;unknown,germline,GRCh37,NC_000011.9,11,17426123,17426123,na,na,11p15.1,"criteria provided, single submitter",3,-,N,ClinGen:CA5902795,2,990389,17426123,C,T,-,-,-,-,-,-,SCV002814892,-,-
978908,single nucleotide variant,NM_000352.6(ABCC8):c.3493G>A (p.Val1165Met),6833,ABCC8,HGNC:59,Uncertain significance,0,"May 27, 2022",769818698,-,RCV001278393|RCV002504398|RCV004734086,"|MONDO:MONDO:0009734,MedGen:C2931832,OMIM:256450,Orphanet:276575,Orphanet:276598;MONDO:MONDO:0009415,MedGen:C0271714,OMIM:240800;MONDO:MONDO:0012480,MedGen:C1835887,OMIM:610374,Orphanet:99886;Human Phenotype Ontology:HP:0005965,Human Phenotype Ontology:HP:0005978,Human Phenotype Ontology:HP:0100652,MONDO:MONDO:0005148,MeSH:D003924,MedGen:C0011860,OMIM:125853;MONDO:MONDO:0030088,MedGen:C5394303,OMIM:618857|","Hereditary hyperinsulinism|Hyperinsulinemic hypoglycemia, familial, 1;Leucine-induced hypoglycemia;Diabetes mellitus, transient neonatal, 2;Type 2 diabetes mellitus;Diabetes mellitus, permanent neonatal 3|ABCC8-related disorder",germline;unknown,germline,GRCh38,NC_000011.10,11,17404576,17404576,na,na,11p15.1,"criteria provided, single submitter",3,-,N,ClinGen:CA5902795,2,990389,17404576,C,T,-,-,-,-,-,-,SCV002814892,-,-
978909,single nucleotide variant,NM_000352.6(ABCC8):c.3399+12C>T,6833,ABCC8,HGNC:59,Conflicting classifications of pathogenicity,0,"Jan 18, 2026",372561049,-,RCV001278395|RCV002245939|RCV002245938|RCV003679056,"|Human Phenotype Ontology:HP:0008255,MONDO:MONDO:0020525,MedGen:C0342273|Human Phenotype Ontology:HP:0004904,MONDO:MONDO:0018911,MedGen:C0342276,OMIM:PS125850,Orphanet:552|MedGen:C3661900",Hereditary hyperinsulinism|Transitory neonatal diabetes mellitus|Maturity-onset diabetes of the young|not provided,germline;somatic,germline/somatic,GRCh37,NC_000011.9,11,17427029,17427029,na,na,11p15.1,"criteria provided, conflicting classifications",3,-,N,ClinGen:CA5902839,2,990390,17427029,G,A,-,-,-,-,-,-,SCV002515456|SCV002515458|SCV004403304,-,-
978909,single nucleotide variant,NM_000352.6(ABCC8):c.3399+12C>T,6833,ABCC8,HGNC:59,Conflicting classifications of pathogenicity,0,"Jan 18, 2026",372561049,-,RCV001278395|RCV002245939|RCV002245938|RCV003679056,"|Human Phenotype Ontology:HP:0008255,MONDO:MONDO:0020525,MedGen:C0342273|Human Phenotype Ontology:HP:0004904,MONDO:MONDO:0018911,MedGen:C0342276,OMIM:PS125850,Orphanet:552|MedGen:C3661900",Hereditary hyperinsulinism|Transitory neonatal diabetes mellitus|Maturity-onset diabetes of the young|not provided,germline;somatic,germline/somatic,GRCh38,NC_000011.10,11,17405482,17405482,na,na,11p15.1,"criteria provided, conflicting classifications",3,-,N,ClinGen:CA5902839,2,990390,17405482,G,A,-,-,-,-,-,-,SCV002515456|SCV002515458|SCV004403304,-,-
978910,single nucleotide variant,NM_000352.6(ABCC8):c.3329+7G>A,6833,ABCC8,HGNC:59,Conflicting classifications of pathogenicity,0,"Dec 28, 2025",776313489,-,RCV001278396|RCV001469794|RCV002250743|RCV002250742,"|MedGen:C3661900|Human Phenotype Ontology:HP:0008255,MONDO:MONDO:0020525,MedGen:C0342273|Human Phenotype Ontology:HP:0004904,MONDO:MONDO:0018911,MedGen:C0342276,OMIM:PS125850,Orphanet:552",Hereditary hyperinsulinism|not provided|Transitory neonatal diabetes mellitus|Maturity-onset diabetes of the young,germline;somatic,germline/somatic,GRCh37,NC_000011.9,11,17428162,17428162,na,na,11p15.1,"criteria provided, conflicting classifications",3,-,N,ClinGen:CA5902867,2,990391,17428162,C,T,-,-,-,-,-,-,SCV001673883|SCV002520732|SCV002520733,-,-
978910,single nucleotide variant,NM_000352.6(ABCC8):c.3329+7G>A,6833,ABCC8,HGNC:59,Conflicting classifications of pathogenicity,0,"Dec 28, 2025",776313489,-,RCV001278396|RCV001469794|RCV002250743|RCV002250742,"|MedGen:C3661900|Human Phenotype Ontology:HP:0008255,MONDO:MONDO:0020525,MedGen:C0342273|Human Phenotype Ontology:HP:0004904,MONDO:MONDO:0018911,MedGen:C0342276,OMIM:PS125850,Orphanet:552",Hereditary hyperinsulinism|not provided|Transitory neonatal diabetes mellitus|Maturity-onset diabetes of the young,germline;somatic,germline/somatic,GRCh38,NC_000011.10,11,17406615,17406615,na,na,11p15.1,"criteria provided, conflicting classifications",3,-,N,ClinGen:CA5902867,2,990391,17406615,C,T,-,-,-,-,-,-,SCV001673883|SCV002520732|SCV002520733,-,-
978911,single nucleotide variant,NM_000352.6(ABCC8):c.3308G>A (p.Arg1103Gln),6833,ABCC8,HGNC:59,Uncertain significance,0,"Mar 29, 2025",765913448,-,RCV001278397|RCV001760319|RCV002250745|RCV002250744|RCV004734087|RCV005040118,"|MedGen:C3661900|Human Phenotype Ontology:HP:0008255,MONDO:MONDO:0020525,MedGen:C0342273|Human Phenotype Ontology:HP:0004904,MONDO:MONDO:0018911,MedGen:C0342276,OMIM:PS125850,Orphanet:552||MONDO:MONDO:0009734,MedGen:C2931832,OMIM:256450,Orphanet:276575,Orphanet:276598;MONDO:MONDO:0009415,MedGen:C0271714,OMIM:240800;MONDO:MONDO:0012480,MedGen:C1835887,OMIM:610374,Orphanet:99886;Human Phenotype Ontology:HP:0005965,Human Phenotype Ontology:HP:0005978,Human Phenotype Ontology:HP:0100652,MONDO:MONDO:0005148,MeSH:D003924,MedGen:C0011860,OMIM:125853;MONDO:MONDO:0030088,MedGen:C5394303,OMIM:618857","Hereditary hyperinsulinism|not provided|Transitory neonatal diabetes mellitus|Maturity-onset diabetes of the young|ABCC8-related disorder|Hyperinsulinemic hypoglycemia, familial, 1;Leucine-induced hypoglycemia;Diabetes mellitus, transient neonatal, 2;Type 2 diabetes mellitus;Diabetes mellitus, permanent neonatal 3",germline;somatic,germline/somatic,GRCh37,NC_000011.9,11,17428190,17428190,na,na,11p15.1,"criteria provided, multiple submitters, no conflicts",6,-,N,ClinGen:CA5902871,2,990392,17428190,C,T,-,-,-,-,-,-,SCV001990727|SCV002520737|SCV002520739|SCV002956875|SCV005676292,-,-
978911,single nucleotide variant,NM_000352.6(ABCC8):c.3308G>A (p.Arg1103Gln),6833,ABCC8,HGNC:59,Uncertain significance,0,"Mar 29, 2025",765913448,-,RCV001278397|RCV001760319|RCV002250745|RCV002250744|RCV004734087|RCV005040118,"|MedGen:C3661900|Human Phenotype Ontology:HP:0008255,MONDO:MONDO:0020525,MedGen:C0342273|Human Phenotype Ontology:HP:0004904,MONDO:MONDO:0018911,MedGen:C0342276,OMIM:PS125850,Orphanet:552||MONDO:MONDO:0009734,MedGen:C2931832,OMIM:256450,Orphanet:276575,Orphanet:276598;MONDO:MONDO:0009415,MedGen:C0271714,OMIM:240800;MONDO:MONDO:0012480,MedGen:C1835887,OMIM:610374,Orphanet:99886;Human Phenotype Ontology:HP:0005965,Human Phenotype Ontology:HP:0005978,Human Phenotype Ontology:HP:0100652,MONDO:MONDO:0005148,MeSH:D003924,MedGen:C0011860,OMIM:125853;MONDO:MONDO:0030088,MedGen:C5394303,OMIM:618857","Hereditary hyperinsulinism|not provided|Transitory neonatal diabetes mellitus|Maturity-onset diabetes of the young|ABCC8-related disorder|Hyperinsulinemic hypoglycemia, familial, 1;Leucine-induced hypoglycemia;Diabetes mellitus, transient neonatal, 2;Type 2 diabetes mellitus;Diabetes mellitus, permanent neonatal 3",germline;somatic,germline/somatic,GRCh38,NC_000011.10,11,17406643,17406643,na,na,11p15.1,"criteria provided, multiple submitters, no conflicts",6,-,N,ClinGen:CA5902871,2,990392,17406643,C,T,-,-,-,-,-,-,SCV001990727|SCV002520737|SCV002520739|SCV002956875|SCV005676292,-,-
978912,single nucleotide variant,NM_000352.6(ABCC8):c.3172C>T (p.Leu1058Phe),6833,ABCC8,HGNC:59,Uncertain significance,0,-,1954549447,-,RCV001278398|RCV002250746|RCV002250747,"|Human Phenotype Ontology:HP:0004904,MONDO:MONDO:0018911,MedGen:C0342276,OMIM:PS125850,Orphanet:552|Human Phenotype Ontology:HP:0008255,MONDO:MONDO:0020525,MedGen:C0342273",Hereditary hyperinsulinism|Maturity-onset diabetes of the young|Transitory neonatal diabetes mellitus,germline;somatic,germline/somatic,GRCh37,NC_000011.9,11,17428326,17428326,na,na,11p15.1,"criteria provided, single submitter",2,-,N,ClinGen:CA379802989,2,990393,17428326,G,A,-,-,-,-,-,-,SCV002520752|SCV002520753,-,-
978912,single nucleotide variant,NM_000352.6(ABCC8):c.3172C>T (p.Leu1058Phe),6833,ABCC8,HGNC:59,Uncertain significance,0,-,1954549447,-,RCV001278398|RCV002250746|RCV002250747,"|Human Phenotype Ontology:HP:0004904,MONDO:MONDO:0018911,MedGen:C0342276,OMIM:PS125850,Orphanet:552|Human Phenotype Ontology:HP:0008255,MONDO:MONDO:0020525,MedGen:C0342273",Hereditary hyperinsulinism|Maturity-onset diabetes of the young|Transitory neonatal diabetes mellitus,germline;somatic,germline/somatic,GRCh38,NC_000011.10,11,17406779,17406779,na,na,11p15.1,"criteria provided, single submitter",2,-,N,ClinGen:CA379802989,2,990393,17406779,G,A,-,-,-,-,-,-,SCV002520752|SCV002520753,-,-
978913,single nucleotide variant,NM_000352.6(ABCC8):c.3147C>A (p.Asn1049Lys),6833,ABCC8,HGNC:59,Uncertain significance,0,"Apr 10, 2020",1317881086,-,RCV001278399,-,Hereditary hyperinsulinism,germline,germline,GRCh37,NC_000011.9,11,17428450,17428450,na,na,11p15.1,no assertion criteria provided,1,-,N,ClinGen:CA379803133,2,990394,17428450,G,T,-,-,-,-,-,-,SCV001465412,-,-
978913,single nucleotide variant,NM_000352.6(ABCC8):c.3147C>A (p.Asn1049Lys),6833,ABCC8,HGNC:59,Uncertain significance,0,"Apr 10, 2020",1317881086,-,RCV001278399,-,Hereditary hyperinsulinism,germline,germline,GRCh38,NC_000011.10,11,17406903,17406903,na,na,11p15.1,no assertion criteria provided,1,-,N,ClinGen:CA379803133,2,990394,17406903,G,T,-,-,-,-,-,-,SCV001465412,-,-
978914,single nucleotide variant,NM_000352.6(ABCC8):c.2938G>A (p.Glu980Lys),6833,ABCC8,HGNC:59,Uncertain significance,0,"Apr 25, 2024",1254230359,-,RCV001278401|RCV002251572|RCV002251571|RCV002504399|RCV002537792,"|Human Phenotype Ontology:HP:0008255,MONDO:MONDO:0020525,MedGen:C0342273|Human Phenotype Ontology:HP:0004904,MONDO:MONDO:0018911,MedGen:C0342276,OMIM:PS125850,Orphanet:552|MONDO:MONDO:0009734,MedGen:C2931832,OMIM:256450,Orphanet:276575,Orphanet:276598;MONDO:MONDO:0009415,MedGen:C0271714,OMIM:240800;MONDO:MONDO:0012480,MedGen:C1835887,OMIM:610374,Orphanet:99886;Human Phenotype Ontology:HP:0005965,Human Phenotype Ontology:HP:0005978,Human Phenotype Ontology:HP:0100652,MONDO:MONDO:0005148,MeSH:D003924,MedGen:C0011860,OMIM:125853;MONDO:MONDO:0030088,MedGen:C5394303,OMIM:618857|MeSH:D030342,MedGen:C0950123","Hereditary hyperinsulinism|Transitory neonatal diabetes mellitus|Maturity-onset diabetes of the young|Hyperinsulinemic hypoglycemia, familial, 1;Leucine-induced hypoglycemia;Diabetes mellitus, transient neonatal, 2;Type 2 diabetes mellitus;Diabetes mellitus, permanent neonatal 3|Inborn genetic diseases",germline;unknown,germline,GRCh37,NC_000011.9,11,17428659,17428659,na,na,11p15.1,"criteria provided, multiple submitters, no conflicts",4,-,N,ClinGen:CA379804331,2,990395,17428659,C,T,-,-,-,-,-,-,SCV002521936|SCV002521937|SCV002815800|SCV003573147,-,-
978914,single nucleotide variant,NM_000352.6(ABCC8):c.2938G>A (p.Glu980Lys),6833,ABCC8,HGNC:59,Uncertain significance,0,"Apr 25, 2024",1254230359,-,RCV001278401|RCV002251572|RCV002251571|RCV002504399|RCV002537792,"|Human Phenotype Ontology:HP:0008255,MONDO:MONDO:0020525,MedGen:C0342273|Human Phenotype Ontology:HP:0004904,MONDO:MONDO:0018911,MedGen:C0342276,OMIM:PS125850,Orphanet:552|MONDO:MONDO:0009734,MedGen:C2931832,OMIM:256450,Orphanet:276575,Orphanet:276598;MONDO:MONDO:0009415,MedGen:C0271714,OMIM:240800;MONDO:MONDO:0012480,MedGen:C1835887,OMIM:610374,Orphanet:99886;Human Phenotype Ontology:HP:0005965,Human Phenotype Ontology:HP:0005978,Human Phenotype Ontology:HP:0100652,MONDO:MONDO:0005148,MeSH:D003924,MedGen:C0011860,OMIM:125853;MONDO:MONDO:0030088,MedGen:C5394303,OMIM:618857|MeSH:D030342,MedGen:C0950123","Hereditary hyperinsulinism|Transitory neonatal diabetes mellitus|Maturity-onset diabetes of the young|Hyperinsulinemic hypoglycemia, familial, 1;Leucine-induced hypoglycemia;Diabetes mellitus, transient neonatal, 2;Type 2 diabetes mellitus;Diabetes mellitus, permanent neonatal 3|Inborn genetic diseases",germline;unknown,germline,GRCh38,NC_000011.10,11,17407112,17407112,na,na,11p15.1,"criteria provided, multiple submitters, no conflicts",4,-,N,ClinGen:CA379804331,2,990395,17407112,C,T,-,-,-,-,-,-,SCV002521936|SCV002521937|SCV002815800|SCV003573147,-,-
978915,single nucleotide variant,NM_000352.6(ABCC8):c.2869C>G (p.Arg957Gly),6833,ABCC8,HGNC:59,Uncertain significance,0,"Nov 16, 2024",761160857,-,RCV001278402|RCV002251573|RCV002251574|RCV002493475|RCV005094307,"|Human Phenotype Ontology:HP:0004904,MONDO:MONDO:0018911,MedGen:C0342276,OMIM:PS125850,Orphanet:552|Human Phenotype Ontology:HP:0008255,MONDO:MONDO:0020525,MedGen:C0342273|MONDO:MONDO:0009734,MedGen:C2931832,OMIM:256450,Orphanet:276575,Orphanet:276598;MONDO:MONDO:0009415,MedGen:C0271714,OMIM:240800;MONDO:MONDO:0012480,MedGen:C1835887,OMIM:610374,Orphanet:99886;Human Phenotype Ontology:HP:0005965,Human Phenotype Ontology:HP:0005978,Human Phenotype Ontology:HP:0100652,MONDO:MONDO:0005148,MeSH:D003924,MedGen:C0011860,OMIM:125853;MONDO:MONDO:0030088,MedGen:C5394303,OMIM:618857|MedGen:C3661900","Hereditary hyperinsulinism|Maturity-onset diabetes of the young|Transitory neonatal diabetes mellitus|Hyperinsulinemic hypoglycemia, familial, 1;Leucine-induced hypoglycemia;Diabetes mellitus, transient neonatal, 2;Type 2 diabetes mellitus;Diabetes mellitus, permanent neonatal 3|not provided",germline;unknown,germline,GRCh37,NC_000011.9,11,17428952,17428952,na,na,11p15.1,"criteria provided, multiple submitters, no conflicts",4,-,N,ClinGen:CA5902997,2,990396,17428952,G,C,-,-,-,-,-,-,SCV002521946|SCV002521947|SCV002777084|SCV005821318,-,-
978915,single nucleotide variant,NM_000352.6(ABCC8):c.2869C>G (p.Arg957Gly),6833,ABCC8,HGNC:59,Uncertain significance,0,"Nov 16, 2024",761160857,-,RCV001278402|RCV002251573|RCV002251574|RCV002493475|RCV005094307,"|Human Phenotype Ontology:HP:0004904,MONDO:MONDO:0018911,MedGen:C0342276,OMIM:PS125850,Orphanet:552|Human Phenotype Ontology:HP:0008255,MONDO:MONDO:0020525,MedGen:C0342273|MONDO:MONDO:0009734,MedGen:C2931832,OMIM:256450,Orphanet:276575,Orphanet:276598;MONDO:MONDO:0009415,MedGen:C0271714,OMIM:240800;MONDO:MONDO:0012480,MedGen:C1835887,OMIM:610374,Orphanet:99886;Human Phenotype Ontology:HP:0005965,Human Phenotype Ontology:HP:0005978,Human Phenotype Ontology:HP:0100652,MONDO:MONDO:0005148,MeSH:D003924,MedGen:C0011860,OMIM:125853;MONDO:MONDO:0030088,MedGen:C5394303,OMIM:618857|MedGen:C3661900","Hereditary hyperinsulinism|Maturity-onset diabetes of the young|Transitory neonatal diabetes mellitus|Hyperinsulinemic hypoglycemia, familial, 1;Leucine-induced hypoglycemia;Diabetes mellitus, transient neonatal, 2;Type 2 diabetes mellitus;Diabetes mellitus, permanent neonatal 3|not provided",germline;unknown,germline,GRCh38,NC_000011.10,11,17407405,17407405,na,na,11p15.1,"criteria provided, multiple submitters, no conflicts",4,-,N,ClinGen:CA5902997,2,990396,17407405,G,C,-,-,-,-,-,-,SCV002521946|SCV002521947|SCV002777084|SCV005821318,-,-
978916,single nucleotide variant,NM_000352.6(ABCC8):c.2753G>A (p.Arg918Lys),6833,ABCC8,HGNC:59,Uncertain significance,0,"Nov 29, 2021",748585974,-,RCV001278403|RCV002274176|RCV002493476|RCV002251575,"|Human Phenotype Ontology:HP:0008255,MONDO:MONDO:0020525,MedGen:C0342273|MONDO:MONDO:0009734,MedGen:C2931832,OMIM:256450,Orphanet:276575,Orphanet:276598;MONDO:MONDO:0009415,MedGen:C0271714,OMIM:240800;MONDO:MONDO:0012480,MedGen:C1835887,OMIM:610374,Orphanet:99886;Human Phenotype Ontology:HP:0005965,Human Phenotype Ontology:HP:0005978,Human Phenotype Ontology:HP:0100652,MONDO:MONDO:0005148,MeSH:D003924,MedGen:C0011860,OMIM:125853;MONDO:MONDO:0030088,MedGen:C5394303,OMIM:618857|Human Phenotype Ontology:HP:0004904,MONDO:MONDO:0018911,MedGen:C0342276,OMIM:PS125850,Orphanet:552","Hereditary hyperinsulinism|Transitory neonatal diabetes mellitus|Hyperinsulinemic hypoglycemia, familial, 1;Leucine-induced hypoglycemia;Diabetes mellitus, transient neonatal, 2;Type 2 diabetes mellitus;Diabetes mellitus, permanent neonatal 3|Maturity-onset diabetes of the young",germline;unknown,germline,GRCh37,NC_000011.9,11,17430006,17430006,na,na,11p15.1,"criteria provided, multiple submitters, no conflicts",3,-,N,ClinGen:CA5903031,2,990397,17430006,C,T,-,-,-,-,-,-,SCV002521957|SCV002521959|SCV002785659,-,-
978916,single nucleotide variant,NM_000352.6(ABCC8):c.2753G>A (p.Arg918Lys),6833,ABCC8,HGNC:59,Uncertain significance,0,"Nov 29, 2021",748585974,-,RCV001278403|RCV002274176|RCV002493476|RCV002251575,"|Human Phenotype Ontology:HP:0008255,MONDO:MONDO:0020525,MedGen:C0342273|MONDO:MONDO:0009734,MedGen:C2931832,OMIM:256450,Orphanet:276575,Orphanet:276598;MONDO:MONDO:0009415,MedGen:C0271714,OMIM:240800;MONDO:MONDO:0012480,MedGen:C1835887,OMIM:610374,Orphanet:99886;Human Phenotype Ontology:HP:0005965,Human Phenotype Ontology:HP:0005978,Human Phenotype Ontology:HP:0100652,MONDO:MONDO:0005148,MeSH:D003924,MedGen:C0011860,OMIM:125853;MONDO:MONDO:0030088,MedGen:C5394303,OMIM:618857|Human Phenotype Ontology:HP:0004904,MONDO:MONDO:0018911,MedGen:C0342276,OMIM:PS125850,Orphanet:552","Hereditary hyperinsulinism|Transitory neonatal diabetes mellitus|Hyperinsulinemic hypoglycemia, familial, 1;Leucine-induced hypoglycemia;Diabetes mellitus, transient neonatal, 2;Type 2 diabetes mellitus;Diabetes mellitus, permanent neonatal 3|Maturity-onset diabetes of the young",germline;unknown,germline,GRCh38,NC_000011.10,11,17408459,17408459,na,na,11p15.1,"criteria provided, multiple submitters, no conflicts",3,-,N,ClinGen:CA5903031,2,990397,17408459,C,T,-,-,-,-,-,-,SCV002521957|SCV002521959|SCV002785659,-,-
978917,single nucleotide variant,NM_000352.6(ABCC8):c.2648T>G (p.Val883Gly),6833,ABCC8,HGNC:59,Uncertain significance,0,-,1954760501,-,RCV001278404|RCV002251576|RCV002273843,"|Human Phenotype Ontology:HP:0004904,MONDO:MONDO:0018911,MedGen:C0342276,OMIM:PS125850,Orphanet:552|Human Phenotype Ontology:HP:0008255,MONDO:MONDO:0020525,MedGen:C0342273",Hereditary hyperinsulinism|Maturity-onset diabetes of the young|Transitory neonatal diabetes mellitus,germline;unknown,germline,GRCh37,NC_000011.9,11,17432109,17432109,na,na,11p15.1,"criteria provided, single submitter",2,-,N,ClinGen:CA379806184,2,990398,17432109,A,C,-,-,-,-,-,-,SCV002522143|SCV002522144,-,-
978917,single nucleotide variant,NM_000352.6(ABCC8):c.2648T>G (p.Val883Gly),6833,ABCC8,HGNC:59,Uncertain significance,0,-,1954760501,-,RCV001278404|RCV002251576|RCV002273843,"|Human Phenotype Ontology:HP:0004904,MONDO:MONDO:0018911,MedGen:C0342276,OMIM:PS125850,Orphanet:552|Human Phenotype Ontology:HP:0008255,MONDO:MONDO:0020525,MedGen:C0342273",Hereditary hyperinsulinism|Maturity-onset diabetes of the young|Transitory neonatal diabetes mellitus,germline;unknown,germline,GRCh38,NC_000011.10,11,17410562,17410562,na,na,11p15.1,"criteria provided, single submitter",2,-,N,ClinGen:CA379806184,2,990398,17410562,A,C,-,-,-,-,-,-,SCV002522143|SCV002522144,-,-
978918,single nucleotide variant,NM_000352.6(ABCC8):c.2574T>C (p.Ala858=),6833,ABCC8,HGNC:59,Uncertain significance,0,-,1954764675,-,RCV001278405|RCV002251577|RCV002251578,"|Human Phenotype Ontology:HP:0004904,MONDO:MONDO:0018911,MedGen:C0342276,OMIM:PS125850,Orphanet:552|Human Phenotype Ontology:HP:0008255,MONDO:MONDO:0020525,MedGen:C0342273",Hereditary hyperinsulinism|Maturity-onset diabetes of the young|Transitory neonatal diabetes mellitus,germline;unknown,germline,GRCh37,NC_000011.9,11,17432183,17432183,na,na,11p15.1,"criteria provided, single submitter",2,-,N,ClinGen:CA473301041,2,990399,17432183,A,G,-,-,-,-,-,-,SCV002522147|SCV002522148,-,-
978918,single nucleotide variant,NM_000352.6(ABCC8):c.2574T>C (p.Ala858=),6833,ABCC8,HGNC:59,Uncertain significance,0,-,1954764675,-,RCV001278405|RCV002251577|RCV002251578,"|Human Phenotype Ontology:HP:0004904,MONDO:MONDO:0018911,MedGen:C0342276,OMIM:PS125850,Orphanet:552|Human Phenotype Ontology:HP:0008255,MONDO:MONDO:0020525,MedGen:C0342273",Hereditary hyperinsulinism|Maturity-onset diabetes of the young|Transitory neonatal diabetes mellitus,germline;unknown,germline,GRCh38,NC_000011.10,11,17410636,17410636,na,na,11p15.1,"criteria provided, single submitter",2,-,N,ClinGen:CA473301041,2,990399,17410636,A,G,-,-,-,-,-,-,SCV002522147|SCV002522148,-,-
978919,single nucleotide variant,NM_000352.6(ABCC8):c.2556+9A>C,6833,ABCC8,HGNC:59,Uncertain significance,0,-,1954870052,-,RCV001278406|RCV002251764|RCV002251763,"|Human Phenotype Ontology:HP:0008255,MONDO:MONDO:0020525,MedGen:C0342273|Human Phenotype Ontology:HP:0004904,MONDO:MONDO:0018911,MedGen:C0342276,OMIM:PS125850,Orphanet:552",Hereditary hyperinsulinism|Transitory neonatal diabetes mellitus|Maturity-onset diabetes of the young,germline;unknown,germline,GRCh37,NC_000011.9,11,17434204,17434204,na,na,11p15.1,"criteria provided, single submitter",2,-,N,ClinGen:CA935532120,2,990400,17434204,T,G,-,-,-,-,-,-,SCV002522154|SCV002522155,-,-
978919,single nucleotide variant,NM_000352.6(ABCC8):c.2556+9A>C,6833,ABCC8,HGNC:59,Uncertain significance,0,-,1954870052,-,RCV001278406|RCV002251764|RCV002251763,"|Human Phenotype Ontology:HP:0008255,MONDO:MONDO:0020525,MedGen:C0342273|Human Phenotype Ontology:HP:0004904,MONDO:MONDO:0018911,MedGen:C0342276,OMIM:PS125850,Orphanet:552",Hereditary hyperinsulinism|Transitory neonatal diabetes mellitus|Maturity-onset diabetes of the young,germline;unknown,germline,GRCh38,NC_000011.10,11,17412657,17412657,na,na,11p15.1,"criteria provided, single submitter",2,-,N,ClinGen:CA935532120,2,990400,17412657,T,G,-,-,-,-,-,-,SCV002522154|SCV002522155,-,-
978920,single nucleotide variant,NM_000352.6(ABCC8):c.2544C>T (p.Asn848=),6833,ABCC8,HGNC:59,Conflicting classifications of pathogenicity,0,"Oct 01, 2025",144200345,-,RCV001278407|RCV001452421|RCV002250748|RCV002245940,"|MedGen:C3661900|Human Phenotype Ontology:HP:0008255,MONDO:MONDO:0020525,MedGen:C0342273|Human Phenotype Ontology:HP:0004904,MONDO:MONDO:0018911,MedGen:C0342276,OMIM:PS125850,Orphanet:552",Hereditary hyperinsulinism|not provided|Transitory neonatal diabetes mellitus|Maturity-onset diabetes of the young,germline;somatic,germline/somatic,GRCh37,NC_000011.9,11,17434225,17434225,na,na,11p15.1,"criteria provided, conflicting classifications",3,-,N,ClinGen:CA5903098,2,990401,17434225,G,A,-,-,-,-,-,-,SCV001656084|SCV002515463|SCV002515464,-,-
978920,single nucleotide variant,NM_000352.6(ABCC8):c.2544C>T (p.Asn848=),6833,ABCC8,HGNC:59,Conflicting classifications of pathogenicity,0,"Oct 01, 2025",144200345,-,RCV001278407|RCV001452421|RCV002250748|RCV002245940,"|MedGen:C3661900|Human Phenotype Ontology:HP:0008255,MONDO:MONDO:0020525,MedGen:C0342273|Human Phenotype Ontology:HP:0004904,MONDO:MONDO:0018911,MedGen:C0342276,OMIM:PS125850,Orphanet:552",Hereditary hyperinsulinism|not provided|Transitory neonatal diabetes mellitus|Maturity-onset diabetes of the young,germline;somatic,germline/somatic,GRCh38,NC_000011.10,11,17412678,17412678,na,na,11p15.1,"criteria provided, conflicting classifications",3,-,N,ClinGen:CA5903098,2,990401,17412678,G,A,-,-,-,-,-,-,SCV001656084|SCV002515463|SCV002515464,-,-
978921,single nucleotide variant,NM_000352.6(ABCC8):c.2538C>A (p.His846Gln),6833,ABCC8,HGNC:59,Uncertain significance,0,"Jun 14, 2024",73423037,-,RCV001278408|RCV004699257,|MedGen:CN169374,Hereditary hyperinsulinism|not specified,germline,germline,GRCh37,NC_000011.9,11,17434231,17434231,na,na,11p15.1,"criteria provided, single submitter",2,-,N,ClinGen:CA379807397,2,990402,17434231,G,T,-,-,-,-,-,-,SCV005204234,-,-
978921,single nucleotide variant,NM_000352.6(ABCC8):c.2538C>A (p.His846Gln),6833,ABCC8,HGNC:59,Uncertain significance,0,"Jun 14, 2024",73423037,-,RCV001278408|RCV004699257,|MedGen:CN169374,Hereditary hyperinsulinism|not specified,germline,germline,GRCh38,NC_000011.10,11,17412684,17412684,na,na,11p15.1,"criteria provided, single submitter",2,-,N,ClinGen:CA379807397,2,990402,17412684,G,T,-,-,-,-,-,-,SCV005204234,-,-
978922,single nucleotide variant,NM_000352.6(ABCC8):c.2391-5G>A,6833,ABCC8,HGNC:59,Conflicting classifications of pathogenicity,0,"Jan 17, 2026",370096884,-,RCV001278409|RCV001437239|RCV002267089|RCV002267088,"|MedGen:C3661900|Human Phenotype Ontology:HP:0008255,MONDO:MONDO:0020525,MedGen:C0342273|Human Phenotype Ontology:HP:0004904,MONDO:MONDO:0018911,MedGen:C0342276,OMIM:PS125850,Orphanet:552",Hereditary hyperinsulinism|not provided|Transitory neonatal diabetes mellitus|Maturity-onset diabetes of the young,germline;unknown,germline,GRCh37,NC_000011.9,11,17435030,17435030,na,na,11p15.1,"criteria provided, conflicting classifications",3,-,N,ClinGen:CA5903149,2,990403,17435030,C,T,-,-,-,-,-,-,SCV001640091|SCV002522165|SCV002522166,-,-
978922,single nucleotide variant,NM_000352.6(ABCC8):c.2391-5G>A,6833,ABCC8,HGNC:59,Conflicting classifications of pathogenicity,0,"Jan 17, 2026",370096884,-,RCV001278409|RCV001437239|RCV002267089|RCV002267088,"|MedGen:C3661900|Human Phenotype Ontology:HP:0008255,MONDO:MONDO:0020525,MedGen:C0342273|Human Phenotype Ontology:HP:0004904,MONDO:MONDO:0018911,MedGen:C0342276,OMIM:PS125850,Orphanet:552",Hereditary hyperinsulinism|not provided|Transitory neonatal diabetes mellitus|Maturity-onset diabetes of the young,germline;unknown,germline,GRCh38,NC_000011.10,11,17413483,17413483,na,na,11p15.1,"criteria provided, conflicting classifications",3,-,N,ClinGen:CA5903149,2,990403,17413483,C,T,-,-,-,-,-,-,SCV001640091|SCV002522165|SCV002522166,-,-
978923,single nucleotide variant,NM_000352.6(ABCC8):c.2285A>C (p.Asp762Ala),6833,ABCC8,HGNC:59,Uncertain significance,0,"Apr 10, 2020",771942551,-,RCV001278410,-,Hereditary hyperinsulinism,germline,germline,GRCh37,NC_000011.9,11,17436857,17436857,na,na,11p15.1,no assertion criteria provided,1,-,N,ClinGen:CA379810762,2,990404,17436857,T,G,-,-,-,-,-,-,SCV001465423,-,-
978923,single nucleotide variant,NM_000352.6(ABCC8):c.2285A>C (p.Asp762Ala),6833,ABCC8,HGNC:59,Uncertain significance,0,"Apr 10, 2020",771942551,-,RCV001278410,-,Hereditary hyperinsulinism,germline,germline,GRCh38,NC_000011.10,11,17415310,17415310,na,na,11p15.1,no assertion criteria provided,1,-,N,ClinGen:CA379810762,2,990404,17415310,T,G,-,-,-,-,-,-,SCV001465423,-,-
978924,single nucleotide variant,NM_000352.6(ABCC8):c.2259A>G (p.Pro753=),6833,ABCC8,HGNC:59,Conflicting classifications of pathogenicity,0,"Mar 18, 2023",1955020359,-,RCV001278411|RCV002251580|RCV002251579|RCV002542894,"|Human Phenotype Ontology:HP:0008255,MONDO:MONDO:0020525,MedGen:C0342273|Human Phenotype Ontology:HP:0004904,MONDO:MONDO:0018911,MedGen:C0342276,OMIM:PS125850,Orphanet:552|MedGen:C3661900",Hereditary hyperinsulinism|Transitory neonatal diabetes mellitus|Maturity-onset diabetes of the young|not provided,germline;unknown,germline,GRCh37,NC_000011.9,11,17436883,17436883,na,na,11p15.1,"criteria provided, conflicting classifications",3,-,N,ClinGen:CA473301754,2,990405,17436883,T,C,-,-,-,-,-,-,SCV002522222|SCV002522223|SCV003500779,-,-
978924,single nucleotide variant,NM_000352.6(ABCC8):c.2259A>G (p.Pro753=),6833,ABCC8,HGNC:59,Conflicting classifications of pathogenicity,0,"Mar 18, 2023",1955020359,-,RCV001278411|RCV002251580|RCV002251579|RCV002542894,"|Human Phenotype Ontology:HP:0008255,MONDO:MONDO:0020525,MedGen:C0342273|Human Phenotype Ontology:HP:0004904,MONDO:MONDO:0018911,MedGen:C0342276,OMIM:PS125850,Orphanet:552|MedGen:C3661900",Hereditary hyperinsulinism|Transitory neonatal diabetes mellitus|Maturity-onset diabetes of the young|not provided,germline;unknown,germline,GRCh38,NC_000011.10,11,17415336,17415336,na,na,11p15.1,"criteria provided, conflicting classifications",3,-,N,ClinGen:CA473301754,2,990405,17415336,T,C,-,-,-,-,-,-,SCV002522222|SCV002522223|SCV003500779,-,-
978925,single nucleotide variant,NM_000352.6(ABCC8):c.2222+12A>G,6833,ABCC8,HGNC:59,Conflicting classifications of pathogenicity,0,"Jan 28, 2026",534103042,-,RCV001278412|RCV002251581|RCV002251582|RCV002542895|RCV005057200,"|Human Phenotype Ontology:HP:0004904,MONDO:MONDO:0018911,MedGen:C0342276,OMIM:PS125850,Orphanet:552|Human Phenotype Ontology:HP:0008255,MONDO:MONDO:0020525,MedGen:C0342273|MedGen:C3661900|MedGen:CN169374",Hereditary hyperinsulinism|Maturity-onset diabetes of the young|Transitory neonatal diabetes mellitus|not provided|not specified,germline;unknown,germline,GRCh37,NC_000011.9,11,17448584,17448584,na,na,11p15.1,"criteria provided, conflicting classifications",4,-,N,ClinGen:CA5903264,2,990406,17448584,T,C,-,-,-,-,-,-,SCV002522236|SCV002522237|SCV003520776|SCV005726687,-,-
978925,single nucleotide variant,NM_000352.6(ABCC8):c.2222+12A>G,6833,ABCC8,HGNC:59,Conflicting classifications of pathogenicity,0,"Jan 28, 2026",534103042,-,RCV001278412|RCV002251581|RCV002251582|RCV002542895|RCV005057200,"|Human Phenotype Ontology:HP:0004904,MONDO:MONDO:0018911,MedGen:C0342276,OMIM:PS125850,Orphanet:552|Human Phenotype Ontology:HP:0008255,MONDO:MONDO:0020525,MedGen:C0342273|MedGen:C3661900|MedGen:CN169374",Hereditary hyperinsulinism|Maturity-onset diabetes of the young|Transitory neonatal diabetes mellitus|not provided|not specified,germline;unknown,germline,GRCh38,NC_000011.10,11,17427037,17427037,na,na,11p15.1,"criteria provided, conflicting classifications",4,-,N,ClinGen:CA5903264,2,990406,17427037,T,C,-,-,-,-,-,-,SCV002522236|SCV002522237|SCV003520776|SCV005726687,-,-
978926,single nucleotide variant,NM_000352.6(ABCC8):c.2209G>A (p.Val737Ile),6833,ABCC8,HGNC:59,Conflicting classifications of pathogenicity,0,"Feb 02, 2026",376206979,-,RCV001278413|RCV001466630|RCV002251584|RCV002251583|RCV005040119,"|MedGen:C3661900|Human Phenotype Ontology:HP:0008255,MONDO:MONDO:0020525,MedGen:C0342273|Human Phenotype Ontology:HP:0004904,MONDO:MONDO:0018911,MedGen:C0342276,OMIM:PS125850,Orphanet:552|MONDO:MONDO:0009734,MedGen:C2931832,OMIM:256450,Orphanet:276575,Orphanet:276598;MONDO:MONDO:0009415,MedGen:C0271714,OMIM:240800;MONDO:MONDO:0012480,MedGen:C1835887,OMIM:610374,Orphanet:99886;Human Phenotype Ontology:HP:0005965,Human Phenotype Ontology:HP:0005978,Human Phenotype Ontology:HP:0100652,MONDO:MONDO:0005148,MeSH:D003924,MedGen:C0011860,OMIM:125853;MONDO:MONDO:0030088,MedGen:C5394303,OMIM:618857","Hereditary hyperinsulinism|not provided|Transitory neonatal diabetes mellitus|Maturity-onset diabetes of the young|Hyperinsulinemic hypoglycemia, familial, 1;Leucine-induced hypoglycemia;Diabetes mellitus, transient neonatal, 2;Type 2 diabetes mellitus;Diabetes mellitus, permanent neonatal 3",germline;unknown,germline,GRCh37,NC_000011.9,11,17448609,17448609,na,na,11p15.1,"criteria provided, conflicting classifications",5,-,N,ClinGen:CA5903270,2,990407,17448609,C,T,-,-,-,-,-,-,SCV001670635|SCV002522242|SCV002522244|SCV005676363|SCV007130421,-,-
978926,single nucleotide variant,NM_000352.6(ABCC8):c.2209G>A (p.Val737Ile),6833,ABCC8,HGNC:59,Conflicting classifications of pathogenicity,0,"Feb 02, 2026",376206979,-,RCV001278413|RCV001466630|RCV002251584|RCV002251583|RCV005040119,"|MedGen:C3661900|Human Phenotype Ontology:HP:0008255,MONDO:MONDO:0020525,MedGen:C0342273|Human Phenotype Ontology:HP:0004904,MONDO:MONDO:0018911,MedGen:C0342276,OMIM:PS125850,Orphanet:552|MONDO:MONDO:0009734,MedGen:C2931832,OMIM:256450,Orphanet:276575,Orphanet:276598;MONDO:MONDO:0009415,MedGen:C0271714,OMIM:240800;MONDO:MONDO:0012480,MedGen:C1835887,OMIM:610374,Orphanet:99886;Human Phenotype Ontology:HP:0005965,Human Phenotype Ontology:HP:0005978,Human Phenotype Ontology:HP:0100652,MONDO:MONDO:0005148,MeSH:D003924,MedGen:C0011860,OMIM:125853;MONDO:MONDO:0030088,MedGen:C5394303,OMIM:618857","Hereditary hyperinsulinism|not provided|Transitory neonatal diabetes mellitus|Maturity-onset diabetes of the young|Hyperinsulinemic hypoglycemia, familial, 1;Leucine-induced hypoglycemia;Diabetes mellitus, transient neonatal, 2;Type 2 diabetes mellitus;Diabetes mellitus, permanent neonatal 3",germline;unknown,germline,GRCh38,NC_000011.10,11,17427062,17427062,na,na,11p15.1,"criteria provided, conflicting classifications",5,-,N,ClinGen:CA5903270,2,990407,17427062,C,T,-,-,-,-,-,-,SCV001670635|SCV002522242|SCV002522244|SCV005676363|SCV007130421,-,-
978927,single nucleotide variant,NM_000352.6(ABCC8):c.1923+3G>A,6833,ABCC8,HGNC:59,Uncertain significance,0,"Oct 15, 2024",374869130,-,RCV001278415|RCV002267091|RCV002267090|RCV002541682|RCV002493477|RCV004699258|RCV005094308,"|Human Phenotype Ontology:HP:0008255,MONDO:MONDO:0020525,MedGen:C0342273|Human Phenotype Ontology:HP:0004904,MONDO:MONDO:0018911,MedGen:C0342276,OMIM:PS125850,Orphanet:552|MeSH:D030342,MedGen:C0950123|MONDO:MONDO:0009734,MedGen:C2931832,OMIM:256450,Orphanet:276575,Orphanet:276598;MONDO:MONDO:0009415,MedGen:C0271714,OMIM:240800;MONDO:MONDO:0012480,MedGen:C1835887,OMIM:610374,Orphanet:99886;Human Phenotype Ontology:HP:0005965,Human Phenotype Ontology:HP:0005978,Human Phenotype Ontology:HP:0100652,MONDO:MONDO:0005148,MeSH:D003924,MedGen:C0011860,OMIM:125853;MONDO:MONDO:0030088,MedGen:C5394303,OMIM:618857|MedGen:CN169374|MedGen:C3661900","Hereditary hyperinsulinism|Transitory neonatal diabetes mellitus|Maturity-onset diabetes of the young|Inborn genetic diseases|Hyperinsulinemic hypoglycemia, familial, 1;Leucine-induced hypoglycemia;Diabetes mellitus, transient neonatal, 2;Type 2 diabetes mellitus;Diabetes mellitus, permanent neonatal 3|not specified|not provided",germline;unknown,germline,GRCh37,NC_000011.9,11,17450109,17450109,na,na,11p15.1,"criteria provided, multiple submitters, no conflicts",6,-,N,ClinGen:CA5903395,2,990408,17450109,C,T,-,-,-,-,-,-,SCV002522309|SCV002522310|SCV002793708|SCV003546435|SCV005204781|SCV005775326,-,-
978927,single nucleotide variant,NM_000352.6(ABCC8):c.1923+3G>A,6833,ABCC8,HGNC:59,Uncertain significance,0,"Oct 15, 2024",374869130,-,RCV001278415|RCV002267091|RCV002267090|RCV002541682|RCV002493477|RCV004699258|RCV005094308,"|Human Phenotype Ontology:HP:0008255,MONDO:MONDO:0020525,MedGen:C0342273|Human Phenotype Ontology:HP:0004904,MONDO:MONDO:0018911,MedGen:C0342276,OMIM:PS125850,Orphanet:552|MeSH:D030342,MedGen:C0950123|MONDO:MONDO:0009734,MedGen:C2931832,OMIM:256450,Orphanet:276575,Orphanet:276598;MONDO:MONDO:0009415,MedGen:C0271714,OMIM:240800;MONDO:MONDO:0012480,MedGen:C1835887,OMIM:610374,Orphanet:99886;Human Phenotype Ontology:HP:0005965,Human Phenotype Ontology:HP:0005978,Human Phenotype Ontology:HP:0100652,MONDO:MONDO:0005148,MeSH:D003924,MedGen:C0011860,OMIM:125853;MONDO:MONDO:0030088,MedGen:C5394303,OMIM:618857|MedGen:CN169374|MedGen:C3661900","Hereditary hyperinsulinism|Transitory neonatal diabetes mellitus|Maturity-onset diabetes of the young|Inborn genetic diseases|Hyperinsulinemic hypoglycemia, familial, 1;Leucine-induced hypoglycemia;Diabetes mellitus, transient neonatal, 2;Type 2 diabetes mellitus;Diabetes mellitus, permanent neonatal 3|not specified|not provided",germline;unknown,germline,GRCh38,NC_000011.10,11,17428562,17428562,na,na,11p15.1,"criteria provided, multiple submitters, no conflicts",6,-,N,ClinGen:CA5903395,2,990408,17428562,C,T,-,-,-,-,-,-,SCV002522309|SCV002522310|SCV002793708|SCV003546435|SCV005204781|SCV005775326,-,-
978928,single nucleotide variant,NM_000352.6(ABCC8):c.1849G>A (p.Ala617Thr),6833,ABCC8,HGNC:59,Uncertain significance,0,-,1955706366,-,RCV001279186|RCV002267092|RCV002267093,"|Human Phenotype Ontology:HP:0004904,MONDO:MONDO:0018911,MedGen:C0342276,OMIM:PS125850,Orphanet:552|Human Phenotype Ontology:HP:0008255,MONDO:MONDO:0020525,MedGen:C0342273",Hereditary hyperinsulinism|Maturity-onset diabetes of the young|Transitory neonatal diabetes mellitus,germline;unknown,germline,GRCh37,NC_000011.9,11,17450186,17450186,na,na,11p15.1,"criteria provided, single submitter",2,-,N,ClinGen:CA379815965,2,991047,17450186,C,T,-,-,-,-,-,-,SCV002522331|SCV002522332,-,-
978928,single nucleotide variant,NM_000352.6(ABCC8):c.1849G>A (p.Ala617Thr),6833,ABCC8,HGNC:59,Uncertain significance,0,-,1955706366,-,RCV001279186|RCV002267092|RCV002267093,"|Human Phenotype Ontology:HP:0004904,MONDO:MONDO:0018911,MedGen:C0342276,OMIM:PS125850,Orphanet:552|Human Phenotype Ontology:HP:0008255,MONDO:MONDO:0020525,MedGen:C0342273",Hereditary hyperinsulinism|Maturity-onset diabetes of the young|Transitory neonatal diabetes mellitus,germline;unknown,germline,GRCh38,NC_000011.10,11,17428639,17428639,na,na,11p15.1,"criteria provided, single submitter",2,-,N,ClinGen:CA379815965,2,991047,17428639,C,T,-,-,-,-,-,-,SCV002522331|SCV002522332,-,-
978929,single nucleotide variant,NM_000352.6(ABCC8):c.1833C>A (p.Ser611Arg),6833,ABCC8,HGNC:59,Uncertain significance,0,"Aug 14, 2020",763273046,-,RCV001279187,-,Hereditary hyperinsulinism,germline,germline,GRCh37,NC_000011.9,11,17450202,17450202,na,na,11p15.1,no assertion criteria provided,1,-,N,ClinGen:CA379816042,2,991048,17450202,G,T,-,-,-,-,-,-,SCV001466270,-,-
978929,single nucleotide variant,NM_000352.6(ABCC8):c.1833C>A (p.Ser611Arg),6833,ABCC8,HGNC:59,Uncertain significance,0,"Aug 14, 2020",763273046,-,RCV001279187,-,Hereditary hyperinsulinism,germline,germline,GRCh38,NC_000011.10,11,17428655,17428655,na,na,11p15.1,no assertion criteria provided,1,-,N,ClinGen:CA379816042,2,991048,17428655,G,T,-,-,-,-,-,-,SCV001466270,-,-
978930,single nucleotide variant,NM_000352.6(ABCC8):c.1672-20A>T,6833,ABCC8,HGNC:59,Conflicting classifications of pathogenicity,1,"Mar 11, 2025",931436550,-,RCV001279188|RCV002537835,|MedGen:C3661900,Hereditary hyperinsulinism|not provided,germline,germline,GRCh37,NC_000011.9,11,17452526,17452526,na,na,11p15.1,"criteria provided, conflicting classifications",3,-,N,ClinGen:CA218442800,2,991049,17452526,T,A,-,-,-,-,-,-,SCV002943853|SCV006326564,-,-
978930,single nucleotide variant,NM_000352.6(ABCC8):c.1672-20A>T,6833,ABCC8,HGNC:59,Conflicting classifications of pathogenicity,1,"Mar 11, 2025",931436550,-,RCV001279188|RCV002537835,|MedGen:C3661900,Hereditary hyperinsulinism|not provided,germline,germline,GRCh38,NC_000011.10,11,17430979,17430979,na,na,11p15.1,"criteria provided, conflicting classifications",3,-,N,ClinGen:CA218442800,2,991049,17430979,T,A,-,-,-,-,-,-,SCV002943853|SCV006326564,-,-
978931,single nucleotide variant,NM_000352.6(ABCC8):c.1666C>T (p.Leu556Phe),6833,ABCC8,HGNC:59,Uncertain significance,0,"Oct 28, 2021",1362268812,-,RCV001279189|RCV002267095|RCV002267094|RCV002499476,"|Human Phenotype Ontology:HP:0008255,MONDO:MONDO:0020525,MedGen:C0342273|Human Phenotype Ontology:HP:0004904,MONDO:MONDO:0018911,MedGen:C0342276,OMIM:PS125850,Orphanet:552|MONDO:MONDO:0009734,MedGen:C2931832,OMIM:256450,Orphanet:276575,Orphanet:276598;MONDO:MONDO:0009415,MedGen:C0271714,OMIM:240800;MONDO:MONDO:0012480,MedGen:C1835887,OMIM:610374,Orphanet:99886;Human Phenotype Ontology:HP:0005965,Human Phenotype Ontology:HP:0005978,Human Phenotype Ontology:HP:0100652,MONDO:MONDO:0005148,MeSH:D003924,MedGen:C0011860,OMIM:125853;MONDO:MONDO:0030088,MedGen:C5394303,OMIM:618857","Hereditary hyperinsulinism|Transitory neonatal diabetes mellitus|Maturity-onset diabetes of the young|Hyperinsulinemic hypoglycemia, familial, 1;Leucine-induced hypoglycemia;Diabetes mellitus, transient neonatal, 2;Type 2 diabetes mellitus;Diabetes mellitus, permanent neonatal 3",germline;somatic;unknown,germline/somatic,GRCh37,NC_000011.9,11,17453756,17453756,na,na,11p15.1,"criteria provided, multiple submitters, no conflicts",3,-,N,ClinGen:CA379817671,2,991050,17453756,G,A,-,-,-,-,-,-,SCV002522365|SCV002522366|SCV002787664,-,-
978931,single nucleotide variant,NM_000352.6(ABCC8):c.1666C>T (p.Leu556Phe),6833,ABCC8,HGNC:59,Uncertain significance,0,"Oct 28, 2021",1362268812,-,RCV001279189|RCV002267095|RCV002267094|RCV002499476,"|Human Phenotype Ontology:HP:0008255,MONDO:MONDO:0020525,MedGen:C0342273|Human Phenotype Ontology:HP:0004904,MONDO:MONDO:0018911,MedGen:C0342276,OMIM:PS125850,Orphanet:552|MONDO:MONDO:0009734,MedGen:C2931832,OMIM:256450,Orphanet:276575,Orphanet:276598;MONDO:MONDO:0009415,MedGen:C0271714,OMIM:240800;MONDO:MONDO:0012480,MedGen:C1835887,OMIM:610374,Orphanet:99886;Human Phenotype Ontology:HP:0005965,Human Phenotype Ontology:HP:0005978,Human Phenotype Ontology:HP:0100652,MONDO:MONDO:0005148,MeSH:D003924,MedGen:C0011860,OMIM:125853;MONDO:MONDO:0030088,MedGen:C5394303,OMIM:618857","Hereditary hyperinsulinism|Transitory neonatal diabetes mellitus|Maturity-onset diabetes of the young|Hyperinsulinemic hypoglycemia, familial, 1;Leucine-induced hypoglycemia;Diabetes mellitus, transient neonatal, 2;Type 2 diabetes mellitus;Diabetes mellitus, permanent neonatal 3",germline;somatic;unknown,germline/somatic,GRCh38,NC_000011.10,11,17432209,17432209,na,na,11p15.1,"criteria provided, multiple submitters, no conflicts",3,-,N,ClinGen:CA379817671,2,991050,17432209,G,A,-,-,-,-,-,-,SCV002522365|SCV002522366|SCV002787664,-,-
978932,single nucleotide variant,NM_000352.6(ABCC8):c.1483C>T (p.Arg495Trp),6833,ABCC8,HGNC:59,Uncertain significance,0,"Aug 30, 2021",775894336,-,RCV001279190|RCV002267097|RCV002267096|RCV001871563,"|Human Phenotype Ontology:HP:0008255,MONDO:MONDO:0020525,MedGen:C0342273|Human Phenotype Ontology:HP:0004904,MONDO:MONDO:0018911,MedGen:C0342276,OMIM:PS125850,Orphanet:552|MedGen:C3661900",Hereditary hyperinsulinism|Transitory neonatal diabetes mellitus|Maturity-onset diabetes of the young|not provided,germline;unknown,germline,GRCh37,NC_000011.9,11,17464414,17464414,na,na,11p15.1,"criteria provided, multiple submitters, no conflicts",3,-,N,ClinGen:CA5903552,2,991051,17464414,G,A,-,-,-,-,-,-,SCV002170766|SCV002522401|SCV002522402,-,-
978932,single nucleotide variant,NM_000352.6(ABCC8):c.1483C>T (p.Arg495Trp),6833,ABCC8,HGNC:59,Uncertain significance,0,"Aug 30, 2021",775894336,-,RCV001279190|RCV002267097|RCV002267096|RCV001871563,"|Human Phenotype Ontology:HP:0008255,MONDO:MONDO:0020525,MedGen:C0342273|Human Phenotype Ontology:HP:0004904,MONDO:MONDO:0018911,MedGen:C0342276,OMIM:PS125850,Orphanet:552|MedGen:C3661900",Hereditary hyperinsulinism|Transitory neonatal diabetes mellitus|Maturity-onset diabetes of the young|not provided,germline;unknown,germline,GRCh38,NC_000011.10,11,17442867,17442867,na,na,11p15.1,"criteria provided, multiple submitters, no conflicts",3,-,N,ClinGen:CA5903552,2,991051,17442867,G,A,-,-,-,-,-,-,SCV002170766|SCV002522401|SCV002522402,-,-
978933,single nucleotide variant,NM_000352.6(ABCC8):c.1457G>A (p.Arg486Gln),6833,ABCC8,HGNC:59,Uncertain significance,0,"Oct 17, 2024",376080397,-,RCV001279191|RCV001751541|RCV002468210|RCV002480910|RCV004800957,"|MedGen:C3661900|Human Phenotype Ontology:HP:0005965,Human Phenotype Ontology:HP:0005978,Human Phenotype Ontology:HP:0100652,MONDO:MONDO:0005148,MeSH:D003924,MedGen:C0011860,OMIM:125853|MONDO:MONDO:0009734,MedGen:C2931832,OMIM:256450,Orphanet:276575,Orphanet:276598;MONDO:MONDO:0009415,MedGen:C0271714,OMIM:240800;MONDO:MONDO:0012480,MedGen:C1835887,OMIM:610374,Orphanet:99886;Human Phenotype Ontology:HP:0005965,Human Phenotype Ontology:HP:0005978,Human Phenotype Ontology:HP:0100652,MONDO:MONDO:0005148,MeSH:D003924,MedGen:C0011860,OMIM:125853;MONDO:MONDO:0030088,MedGen:C5394303,OMIM:618857|MedGen:CN169374","Hereditary hyperinsulinism|not provided|Type 2 diabetes mellitus|Hyperinsulinemic hypoglycemia, familial, 1;Leucine-induced hypoglycemia;Diabetes mellitus, transient neonatal, 2;Type 2 diabetes mellitus;Diabetes mellitus, permanent neonatal 3|not specified",germline,germline,GRCh37,NC_000011.9,11,17464735,17464735,na,na,11p15.1,"criteria provided, multiple submitters, no conflicts",5,-,N,ClinGen:CA5903582,2,991052,17464735,C,T,-,-,-,-,-,-,SCV001995913|SCV002764293|SCV002780270|SCV005422757,-,-
978933,single nucleotide variant,NM_000352.6(ABCC8):c.1457G>A (p.Arg486Gln),6833,ABCC8,HGNC:59,Uncertain significance,0,"Oct 17, 2024",376080397,-,RCV001279191|RCV001751541|RCV002468210|RCV002480910|RCV004800957,"|MedGen:C3661900|Human Phenotype Ontology:HP:0005965,Human Phenotype Ontology:HP:0005978,Human Phenotype Ontology:HP:0100652,MONDO:MONDO:0005148,MeSH:D003924,MedGen:C0011860,OMIM:125853|MONDO:MONDO:0009734,MedGen:C2931832,OMIM:256450,Orphanet:276575,Orphanet:276598;MONDO:MONDO:0009415,MedGen:C0271714,OMIM:240800;MONDO:MONDO:0012480,MedGen:C1835887,OMIM:610374,Orphanet:99886;Human Phenotype Ontology:HP:0005965,Human Phenotype Ontology:HP:0005978,Human Phenotype Ontology:HP:0100652,MONDO:MONDO:0005148,MeSH:D003924,MedGen:C0011860,OMIM:125853;MONDO:MONDO:0030088,MedGen:C5394303,OMIM:618857|MedGen:CN169374","Hereditary hyperinsulinism|not provided|Type 2 diabetes mellitus|Hyperinsulinemic hypoglycemia, familial, 1;Leucine-induced hypoglycemia;Diabetes mellitus, transient neonatal, 2;Type 2 diabetes mellitus;Diabetes mellitus, permanent neonatal 3|not specified",germline,germline,GRCh38,NC_000011.10,11,17443188,17443188,na,na,11p15.1,"criteria provided, multiple submitters, no conflicts",5,-,N,ClinGen:CA5903582,2,991052,17443188,C,T,-,-,-,-,-,-,SCV001995913|SCV002764293|SCV002780270|SCV005422757,-,-
978934,single nucleotide variant,NM_000352.6(ABCC8):c.1433C>G (p.Ala478Gly),6833,ABCC8,HGNC:59,Uncertain significance,0,-,1956392066,-,RCV001279192|RCV002252355|RCV002253790,"|Human Phenotype Ontology:HP:0008255,MONDO:MONDO:0020525,MedGen:C0342273|Human Phenotype Ontology:HP:0004904,MONDO:MONDO:0018911,MedGen:C0342276,OMIM:PS125850,Orphanet:552",Hereditary hyperinsulinism|Transitory neonatal diabetes mellitus|Maturity-onset diabetes of the young,germline;unknown,germline,GRCh37,NC_000011.9,11,17464759,17464759,na,na,11p15.1,"criteria provided, single submitter",2,-,N,ClinGen:CA379767011,2,991053,17464759,G,C,-,-,-,-,-,-,SCV002522413|SCV002522414,-,-
978934,single nucleotide variant,NM_000352.6(ABCC8):c.1433C>G (p.Ala478Gly),6833,ABCC8,HGNC:59,Uncertain significance,0,-,1956392066,-,RCV001279192|RCV002252355|RCV002253790,"|Human Phenotype Ontology:HP:0008255,MONDO:MONDO:0020525,MedGen:C0342273|Human Phenotype Ontology:HP:0004904,MONDO:MONDO:0018911,MedGen:C0342276,OMIM:PS125850,Orphanet:552",Hereditary hyperinsulinism|Transitory neonatal diabetes mellitus|Maturity-onset diabetes of the young,germline;unknown,germline,GRCh38,NC_000011.10,11,17443212,17443212,na,na,11p15.1,"criteria provided, single submitter",2,-,N,ClinGen:CA379767011,2,991053,17443212,G,C,-,-,-,-,-,-,SCV002522413|SCV002522414,-,-
978935,single nucleotide variant,NM_000352.6(ABCC8):c.1412C>T (p.Ala471Val),6833,ABCC8,HGNC:59,Uncertain significance,0,"Jan 29, 2024",780283224,-,RCV001279193|RCV002486053|RCV003321819,"|MONDO:MONDO:0009734,MedGen:C2931832,OMIM:256450,Orphanet:276575,Orphanet:276598;MONDO:MONDO:0009415,MedGen:C0271714,OMIM:240800;MONDO:MONDO:0012480,MedGen:C1835887,OMIM:610374,Orphanet:99886;Human Phenotype Ontology:HP:0005965,Human Phenotype Ontology:HP:0005978,Human Phenotype Ontology:HP:0100652,MONDO:MONDO:0005148,MeSH:D003924,MedGen:C0011860,OMIM:125853;MONDO:MONDO:0030088,MedGen:C5394303,OMIM:618857|MONDO:MONDO:0009734,MedGen:C2931832,OMIM:256450,Orphanet:276575,Orphanet:276598","Hereditary hyperinsulinism|Hyperinsulinemic hypoglycemia, familial, 1;Leucine-induced hypoglycemia;Diabetes mellitus, transient neonatal, 2;Type 2 diabetes mellitus;Diabetes mellitus, permanent neonatal 3|Hyperinsulinemic hypoglycemia, familial, 1",germline,germline,GRCh37,NC_000011.9,11,17464780,17464780,na,na,11p15.1,"criteria provided, multiple submitters, no conflicts",3,-,N,ClinGen:CA5903588,2,991054,17464780,G,A,-,-,-,-,-,-,SCV002789926|SCV004026564,-,-
978935,single nucleotide variant,NM_000352.6(ABCC8):c.1412C>T (p.Ala471Val),6833,ABCC8,HGNC:59,Uncertain significance,0,"Jan 29, 2024",780283224,-,RCV001279193|RCV002486053|RCV003321819,"|MONDO:MONDO:0009734,MedGen:C2931832,OMIM:256450,Orphanet:276575,Orphanet:276598;MONDO:MONDO:0009415,MedGen:C0271714,OMIM:240800;MONDO:MONDO:0012480,MedGen:C1835887,OMIM:610374,Orphanet:99886;Human Phenotype Ontology:HP:0005965,Human Phenotype Ontology:HP:0005978,Human Phenotype Ontology:HP:0100652,MONDO:MONDO:0005148,MeSH:D003924,MedGen:C0011860,OMIM:125853;MONDO:MONDO:0030088,MedGen:C5394303,OMIM:618857|MONDO:MONDO:0009734,MedGen:C2931832,OMIM:256450,Orphanet:276575,Orphanet:276598","Hereditary hyperinsulinism|Hyperinsulinemic hypoglycemia, familial, 1;Leucine-induced hypoglycemia;Diabetes mellitus, transient neonatal, 2;Type 2 diabetes mellitus;Diabetes mellitus, permanent neonatal 3|Hyperinsulinemic hypoglycemia, familial, 1",germline,germline,GRCh38,NC_000011.10,11,17443233,17443233,na,na,11p15.1,"criteria provided, multiple submitters, no conflicts",3,-,N,ClinGen:CA5903588,2,991054,17443233,G,A,-,-,-,-,-,-,SCV002789926|SCV004026564,-,-
978936,single nucleotide variant,NM_000352.6(ABCC8):c.1407A>C (p.Leu469=),6833,ABCC8,HGNC:59,Conflicting classifications of pathogenicity,0,"Jan 24, 2026",751643248,-,RCV001279194|RCV001502516|RCV002253792|RCV002253791,"|MedGen:C3661900|Human Phenotype Ontology:HP:0008255,MONDO:MONDO:0020525,MedGen:C0342273|Human Phenotype Ontology:HP:0004904,MONDO:MONDO:0018911,MedGen:C0342276,OMIM:PS125850,Orphanet:552",Hereditary hyperinsulinism|not provided|Transitory neonatal diabetes mellitus|Maturity-onset diabetes of the young,germline;unknown,germline,GRCh37,NC_000011.9,11,17464785,17464785,na,na,11p15.1,"criteria provided, conflicting classifications",3,-,N,ClinGen:CA5903589,2,991055,17464785,T,G,-,-,-,-,-,-,SCV001707350|SCV002522421|SCV002522422,-,-
978936,single nucleotide variant,NM_000352.6(ABCC8):c.1407A>C (p.Leu469=),6833,ABCC8,HGNC:59,Conflicting classifications of pathogenicity,0,"Jan 24, 2026",751643248,-,RCV001279194|RCV001502516|RCV002253792|RCV002253791,"|MedGen:C3661900|Human Phenotype Ontology:HP:0008255,MONDO:MONDO:0020525,MedGen:C0342273|Human Phenotype Ontology:HP:0004904,MONDO:MONDO:0018911,MedGen:C0342276,OMIM:PS125850,Orphanet:552",Hereditary hyperinsulinism|not provided|Transitory neonatal diabetes mellitus|Maturity-onset diabetes of the young,germline;unknown,germline,GRCh38,NC_000011.10,11,17443238,17443238,na,na,11p15.1,"criteria provided, conflicting classifications",3,-,N,ClinGen:CA5903589,2,991055,17443238,T,G,-,-,-,-,-,-,SCV001707350|SCV002522421|SCV002522422,-,-
978937,single nucleotide variant,NM_000352.6(ABCC8):c.1261G>A (p.Val421Ile),6833,ABCC8,HGNC:59,Uncertain significance,0,"Jan 27, 2025",1591846104,-,RCV001279197|RCV002254344|RCV002254343|RCV005236758,"|Human Phenotype Ontology:HP:0008255,MONDO:MONDO:0020525,MedGen:C0342273|Human Phenotype Ontology:HP:0004904,MONDO:MONDO:0018911,MedGen:C0342276,OMIM:PS125850,Orphanet:552|MedGen:CN169374",Hereditary hyperinsulinism|Transitory neonatal diabetes mellitus|Maturity-onset diabetes of the young|not specified,germline;unknown,germline,GRCh37,NC_000011.9,11,17470134,17470134,na,na,11p15.1,"criteria provided, multiple submitters, no conflicts",3,-,N,ClinGen:CA379768648,2,991056,17470134,C,T,-,-,-,-,-,-,SCV002522607|SCV002522608|SCV005887007,-,-
978937,single nucleotide variant,NM_000352.6(ABCC8):c.1261G>A (p.Val421Ile),6833,ABCC8,HGNC:59,Uncertain significance,0,"Jan 27, 2025",1591846104,-,RCV001279197|RCV002254344|RCV002254343|RCV005236758,"|Human Phenotype Ontology:HP:0008255,MONDO:MONDO:0020525,MedGen:C0342273|Human Phenotype Ontology:HP:0004904,MONDO:MONDO:0018911,MedGen:C0342276,OMIM:PS125850,Orphanet:552|MedGen:CN169374",Hereditary hyperinsulinism|Transitory neonatal diabetes mellitus|Maturity-onset diabetes of the young|not specified,germline;unknown,germline,GRCh38,NC_000011.10,11,17448587,17448587,na,na,11p15.1,"criteria provided, multiple submitters, no conflicts",3,-,N,ClinGen:CA379768648,2,991056,17448587,C,T,-,-,-,-,-,-,SCV002522607|SCV002522608|SCV005887007,-,-
978938,single nucleotide variant,NM_000352.6(ABCC8):c.1024G>A (p.Gly342Arg),6833,ABCC8,HGNC:59,Uncertain significance,0,"Jun 11, 2024",763028380,-,RCV001279198|RCV002493490,"|MONDO:MONDO:0009734,MedGen:C2931832,OMIM:256450,Orphanet:276575,Orphanet:276598;MONDO:MONDO:0009415,MedGen:C0271714,OMIM:240800;MONDO:MONDO:0012480,MedGen:C1835887,OMIM:610374,Orphanet:99886;Human Phenotype Ontology:HP:0005965,Human Phenotype Ontology:HP:0005978,Human Phenotype Ontology:HP:0100652,MONDO:MONDO:0005148,MeSH:D003924,MedGen:C0011860,OMIM:125853;MONDO:MONDO:0030088,MedGen:C5394303,OMIM:618857","Hereditary hyperinsulinism|Hyperinsulinemic hypoglycemia, familial, 1;Leucine-induced hypoglycemia;Diabetes mellitus, transient neonatal, 2;Type 2 diabetes mellitus;Diabetes mellitus, permanent neonatal 3",germline,germline,GRCh37,NC_000011.9,11,17474818,17474818,na,na,11p15.1,"criteria provided, single submitter",2,-,N,ClinGen:CA5903681,2,991057,17474818,C,T,-,-,-,-,-,-,SCV002780451,-,-
978938,single nucleotide variant,NM_000352.6(ABCC8):c.1024G>A (p.Gly342Arg),6833,ABCC8,HGNC:59,Uncertain significance,0,"Jun 11, 2024",763028380,-,RCV001279198|RCV002493490,"|MONDO:MONDO:0009734,MedGen:C2931832,OMIM:256450,Orphanet:276575,Orphanet:276598;MONDO:MONDO:0009415,MedGen:C0271714,OMIM:240800;MONDO:MONDO:0012480,MedGen:C1835887,OMIM:610374,Orphanet:99886;Human Phenotype Ontology:HP:0005965,Human Phenotype Ontology:HP:0005978,Human Phenotype Ontology:HP:0100652,MONDO:MONDO:0005148,MeSH:D003924,MedGen:C0011860,OMIM:125853;MONDO:MONDO:0030088,MedGen:C5394303,OMIM:618857","Hereditary hyperinsulinism|Hyperinsulinemic hypoglycemia, familial, 1;Leucine-induced hypoglycemia;Diabetes mellitus, transient neonatal, 2;Type 2 diabetes mellitus;Diabetes mellitus, permanent neonatal 3",germline,germline,GRCh38,NC_000011.10,11,17453271,17453271,na,na,11p15.1,"criteria provided, single submitter",2,-,N,ClinGen:CA5903681,2,991057,17453271,C,T,-,-,-,-,-,-,SCV002780451,-,-
978939,single nucleotide variant,NM_000352.6(ABCC8):c.942C>T (p.Phe314=),6833,ABCC8,HGNC:59,Conflicting classifications of pathogenicity,0,"Oct 08, 2024",768582290,-,RCV001279199|RCV002254345|RCV001499250|RCV002253793,"|Human Phenotype Ontology:HP:0008255,MONDO:MONDO:0020525,MedGen:C0342273|MedGen:C3661900|Human Phenotype Ontology:HP:0004904,MONDO:MONDO:0018911,MedGen:C0342276,OMIM:PS125850,Orphanet:552",Hereditary hyperinsulinism|Transitory neonatal diabetes mellitus|not provided|Maturity-onset diabetes of the young,germline;unknown,germline,GRCh37,NC_000011.9,11,17482104,17482104,na,na,11p15.1,"criteria provided, conflicting classifications",3,-,N,ClinGen:CA5903721,2,991058,17482104,G,A,-,-,-,-,-,-,SCV001704009|SCV002522560|SCV002525851,-,-
978939,single nucleotide variant,NM_000352.6(ABCC8):c.942C>T (p.Phe314=),6833,ABCC8,HGNC:59,Conflicting classifications of pathogenicity,0,"Oct 08, 2024",768582290,-,RCV001279199|RCV002254345|RCV001499250|RCV002253793,"|Human Phenotype Ontology:HP:0008255,MONDO:MONDO:0020525,MedGen:C0342273|MedGen:C3661900|Human Phenotype Ontology:HP:0004904,MONDO:MONDO:0018911,MedGen:C0342276,OMIM:PS125850,Orphanet:552",Hereditary hyperinsulinism|Transitory neonatal diabetes mellitus|not provided|Maturity-onset diabetes of the young,germline;unknown,germline,GRCh38,NC_000011.10,11,17460557,17460557,na,na,11p15.1,"criteria provided, conflicting classifications",3,-,N,ClinGen:CA5903721,2,991058,17460557,G,A,-,-,-,-,-,-,SCV001704009|SCV002522560|SCV002525851,-,-
978940,single nucleotide variant,NM_000352.6(ABCC8):c.890G>A (p.Arg297Lys),6833,ABCC8,HGNC:59,Uncertain significance,0,"Apr 10, 2020",371802112,-,RCV001279200,-,Hereditary hyperinsulinism,germline,germline,GRCh37,NC_000011.9,11,17482156,17482156,na,na,11p15.1,no assertion criteria provided,1,-,N,ClinGen:CA379777216,2,991059,17482156,C,T,-,-,-,-,-,-,SCV001466283,-,-
978940,single nucleotide variant,NM_000352.6(ABCC8):c.890G>A (p.Arg297Lys),6833,ABCC8,HGNC:59,Uncertain significance,0,"Apr 10, 2020",371802112,-,RCV001279200,-,Hereditary hyperinsulinism,germline,germline,GRCh38,NC_000011.10,11,17460609,17460609,na,na,11p15.1,no assertion criteria provided,1,-,N,ClinGen:CA379777216,2,991059,17460609,C,T,-,-,-,-,-,-,SCV001466283,-,-
978941,single nucleotide variant,NM_000352.6(ABCC8):c.881C>A (p.Ala294Asp),6833,ABCC8,HGNC:59,Uncertain significance,0,-,1957153674,-,RCV001279201|RCV002259551|RCV002259550,"|Human Phenotype Ontology:HP:0008255,MONDO:MONDO:0020525,MedGen:C0342273|Human Phenotype Ontology:HP:0004904,MONDO:MONDO:0018911,MedGen:C0342276,OMIM:PS125850,Orphanet:552",Hereditary hyperinsulinism|Transitory neonatal diabetes mellitus|Maturity-onset diabetes of the young,germline;unknown,germline,GRCh37,NC_000011.9,11,17482165,17482165,na,na,11p15.1,"criteria provided, single submitter",2,-,N,ClinGen:CA379777328,2,991060,17482165,G,T,-,-,-,-,-,-,SCV002522554|SCV002522555,-,-
978941,single nucleotide variant,NM_000352.6(ABCC8):c.881C>A (p.Ala294Asp),6833,ABCC8,HGNC:59,Uncertain significance,0,-,1957153674,-,RCV001279201|RCV002259551|RCV002259550,"|Human Phenotype Ontology:HP:0008255,MONDO:MONDO:0020525,MedGen:C0342273|Human Phenotype Ontology:HP:0004904,MONDO:MONDO:0018911,MedGen:C0342276,OMIM:PS125850,Orphanet:552",Hereditary hyperinsulinism|Transitory neonatal diabetes mellitus|Maturity-onset diabetes of the young,germline;unknown,germline,GRCh38,NC_000011.10,11,17460618,17460618,na,na,11p15.1,"criteria provided, single submitter",2,-,N,ClinGen:CA379777328,2,991060,17460618,G,T,-,-,-,-,-,-,SCV002522554|SCV002522555,-,-
978942,single nucleotide variant,NM_000352.6(ABCC8):c.822+3C>T,6833,ABCC8,HGNC:59,Uncertain significance,0,"Aug 23, 2021",370697909,-,RCV001279203|RCV002253794|RCV002480911|RCV002253795,"|Human Phenotype Ontology:HP:0004904,MONDO:MONDO:0018911,MedGen:C0342276,OMIM:PS125850,Orphanet:552|MONDO:MONDO:0009734,MedGen:C2931832,OMIM:256450,Orphanet:276575,Orphanet:276598;MONDO:MONDO:0009415,MedGen:C0271714,OMIM:240800;MONDO:MONDO:0012480,MedGen:C1835887,OMIM:610374,Orphanet:99886;Human Phenotype Ontology:HP:0005965,Human Phenotype Ontology:HP:0005978,Human Phenotype Ontology:HP:0100652,MONDO:MONDO:0005148,MeSH:D003924,MedGen:C0011860,OMIM:125853;MONDO:MONDO:0030088,MedGen:C5394303,OMIM:618857|Human Phenotype Ontology:HP:0008255,MONDO:MONDO:0020525,MedGen:C0342273","Hereditary hyperinsulinism|Maturity-onset diabetes of the young|Hyperinsulinemic hypoglycemia, familial, 1;Leucine-induced hypoglycemia;Diabetes mellitus, transient neonatal, 2;Type 2 diabetes mellitus;Diabetes mellitus, permanent neonatal 3|Transitory neonatal diabetes mellitus",germline;unknown,germline,GRCh37,NC_000011.9,11,17483127,17483127,na,na,11p15.1,"criteria provided, multiple submitters, no conflicts",3,-,N,ClinGen:CA218451952,2,991061,17483127,G,A,-,-,-,-,-,-,SCV002522631|SCV002522632|SCV002789458,-,-
978942,single nucleotide variant,NM_000352.6(ABCC8):c.822+3C>T,6833,ABCC8,HGNC:59,Uncertain significance,0,"Aug 23, 2021",370697909,-,RCV001279203|RCV002253794|RCV002480911|RCV002253795,"|Human Phenotype Ontology:HP:0004904,MONDO:MONDO:0018911,MedGen:C0342276,OMIM:PS125850,Orphanet:552|MONDO:MONDO:0009734,MedGen:C2931832,OMIM:256450,Orphanet:276575,Orphanet:276598;MONDO:MONDO:0009415,MedGen:C0271714,OMIM:240800;MONDO:MONDO:0012480,MedGen:C1835887,OMIM:610374,Orphanet:99886;Human Phenotype Ontology:HP:0005965,Human Phenotype Ontology:HP:0005978,Human Phenotype Ontology:HP:0100652,MONDO:MONDO:0005148,MeSH:D003924,MedGen:C0011860,OMIM:125853;MONDO:MONDO:0030088,MedGen:C5394303,OMIM:618857|Human Phenotype Ontology:HP:0008255,MONDO:MONDO:0020525,MedGen:C0342273","Hereditary hyperinsulinism|Maturity-onset diabetes of the young|Hyperinsulinemic hypoglycemia, familial, 1;Leucine-induced hypoglycemia;Diabetes mellitus, transient neonatal, 2;Type 2 diabetes mellitus;Diabetes mellitus, permanent neonatal 3|Transitory neonatal diabetes mellitus",germline;unknown,germline,GRCh38,NC_000011.10,11,17461580,17461580,na,na,11p15.1,"criteria provided, multiple submitters, no conflicts",3,-,N,ClinGen:CA218451952,2,991061,17461580,G,A,-,-,-,-,-,-,SCV002522631|SCV002522632|SCV002789458,-,-
978943,single nucleotide variant,NM_000352.6(ABCC8):c.692G>C (p.Trp231Ser),6833,ABCC8,HGNC:59,Uncertain significance,0,"May 30, 2024",1057517139,-,RCV001279204|RCV002480912,"|MONDO:MONDO:0009734,MedGen:C2931832,OMIM:256450,Orphanet:276575,Orphanet:276598;MONDO:MONDO:0009415,MedGen:C0271714,OMIM:240800;MONDO:MONDO:0012480,MedGen:C1835887,OMIM:610374,Orphanet:99886;Human Phenotype Ontology:HP:0005965,Human Phenotype Ontology:HP:0005978,Human Phenotype Ontology:HP:0100652,MONDO:MONDO:0005148,MeSH:D003924,MedGen:C0011860,OMIM:125853;MONDO:MONDO:0030088,MedGen:C5394303,OMIM:618857","Hereditary hyperinsulinism|Hyperinsulinemic hypoglycemia, familial, 1;Leucine-induced hypoglycemia;Diabetes mellitus, transient neonatal, 2;Type 2 diabetes mellitus;Diabetes mellitus, permanent neonatal 3",germline,germline,GRCh37,NC_000011.9,11,17483260,17483260,na,na,11p15.1,"criteria provided, single submitter",2,-,N,ClinGen:CA379778687,2,991062,17483260,C,G,-,-,-,-,-,-,SCV002781333,-,-
978943,single nucleotide variant,NM_000352.6(ABCC8):c.692G>C (p.Trp231Ser),6833,ABCC8,HGNC:59,Uncertain significance,0,"May 30, 2024",1057517139,-,RCV001279204|RCV002480912,"|MONDO:MONDO:0009734,MedGen:C2931832,OMIM:256450,Orphanet:276575,Orphanet:276598;MONDO:MONDO:0009415,MedGen:C0271714,OMIM:240800;MONDO:MONDO:0012480,MedGen:C1835887,OMIM:610374,Orphanet:99886;Human Phenotype Ontology:HP:0005965,Human Phenotype Ontology:HP:0005978,Human Phenotype Ontology:HP:0100652,MONDO:MONDO:0005148,MeSH:D003924,MedGen:C0011860,OMIM:125853;MONDO:MONDO:0030088,MedGen:C5394303,OMIM:618857","Hereditary hyperinsulinism|Hyperinsulinemic hypoglycemia, familial, 1;Leucine-induced hypoglycemia;Diabetes mellitus, transient neonatal, 2;Type 2 diabetes mellitus;Diabetes mellitus, permanent neonatal 3",germline,germline,GRCh38,NC_000011.10,11,17461713,17461713,na,na,11p15.1,"criteria provided, single submitter",2,-,N,ClinGen:CA379778687,2,991062,17461713,C,G,-,-,-,-,-,-,SCV002781333,-,-
978944,single nucleotide variant,NM_000352.6(ABCC8):c.604A>T (p.Arg202Trp),6833,ABCC8,HGNC:59,Uncertain significance,0,"May 08, 2025",751446018,-,RCV001279205|RCV002253797|RCV002253796|RCV005094314,"|Human Phenotype Ontology:HP:0008255,MONDO:MONDO:0020525,MedGen:C0342273|Human Phenotype Ontology:HP:0004904,MONDO:MONDO:0018911,MedGen:C0342276,OMIM:PS125850,Orphanet:552|MedGen:C3661900",Hereditary hyperinsulinism|Transitory neonatal diabetes mellitus|Maturity-onset diabetes of the young|not provided,germline;unknown,germline,GRCh37,NC_000011.9,11,17483348,17483348,na,na,11p15.1,"criteria provided, multiple submitters, no conflicts",4,-,N,ClinGen:CA5903815,2,991063,17483348,T,A,-,-,-,-,-,-,SCV002522663|SCV002522664|SCV005813911|SCV007099270,-,-
978944,single nucleotide variant,NM_000352.6(ABCC8):c.604A>T (p.Arg202Trp),6833,ABCC8,HGNC:59,Uncertain significance,0,"May 08, 2025",751446018,-,RCV001279205|RCV002253797|RCV002253796|RCV005094314,"|Human Phenotype Ontology:HP:0008255,MONDO:MONDO:0020525,MedGen:C0342273|Human Phenotype Ontology:HP:0004904,MONDO:MONDO:0018911,MedGen:C0342276,OMIM:PS125850,Orphanet:552|MedGen:C3661900",Hereditary hyperinsulinism|Transitory neonatal diabetes mellitus|Maturity-onset diabetes of the young|not provided,germline;unknown,germline,GRCh38,NC_000011.10,11,17461801,17461801,na,na,11p15.1,"criteria provided, multiple submitters, no conflicts",4,-,N,ClinGen:CA5903815,2,991063,17461801,T,A,-,-,-,-,-,-,SCV002522663|SCV002522664|SCV005813911|SCV007099270,-,-
978945,single nucleotide variant,NM_000352.6(ABCC8):c.508T>G (p.Cys170Gly),6833,ABCC8,HGNC:59,Uncertain significance,0,-,1847954058,-,RCV001279206|RCV002254207|RCV002254208,"|Human Phenotype Ontology:HP:0004904,MONDO:MONDO:0018911,MedGen:C0342276,OMIM:PS125850,Orphanet:552|Human Phenotype Ontology:HP:0008255,MONDO:MONDO:0020525,MedGen:C0342273",Hereditary hyperinsulinism|Maturity-onset diabetes of the young|Transitory neonatal diabetes mellitus,germline;unknown,germline,GRCh37,NC_000011.9,11,17485056,17485056,na,na,11p15.1,"criteria provided, single submitter",2,-,N,ClinGen:CA379779996,2,991064,17485056,A,C,-,-,-,-,-,-,SCV002524063|SCV002524064,-,-
978945,single nucleotide variant,NM_000352.6(ABCC8):c.508T>G (p.Cys170Gly),6833,ABCC8,HGNC:59,Uncertain significance,0,-,1847954058,-,RCV001279206|RCV002254207|RCV002254208,"|Human Phenotype Ontology:HP:0004904,MONDO:MONDO:0018911,MedGen:C0342276,OMIM:PS125850,Orphanet:552|Human Phenotype Ontology:HP:0008255,MONDO:MONDO:0020525,MedGen:C0342273",Hereditary hyperinsulinism|Maturity-onset diabetes of the young|Transitory neonatal diabetes mellitus,germline;unknown,germline,GRCh38,NC_000011.10,11,17463509,17463509,na,na,11p15.1,"criteria provided, single submitter",2,-,N,ClinGen:CA379779996,2,991064,17463509,A,C,-,-,-,-,-,-,SCV002524063|SCV002524064,-,-
978946,single nucleotide variant,NM_000352.6(ABCC8):c.414C>T (p.Ala138=),6833,ABCC8,HGNC:59,Conflicting classifications of pathogenicity,0,"Sep 04, 2025",372766371,-,RCV001478315|RCV001824171|RCV002254210|RCV002254209,"MedGen:C3661900|MONDO:MONDO:0003847,MedGen:C0019247|Human Phenotype Ontology:HP:0008255,MONDO:MONDO:0020525,MedGen:C0342273|Human Phenotype Ontology:HP:0004904,MONDO:MONDO:0018911,MedGen:C0342276,OMIM:PS125850,Orphanet:552",not provided|Hereditary disease|Transitory neonatal diabetes mellitus|Maturity-onset diabetes of the young,germline;unknown,germline,GRCh37,NC_000011.9,11,17485150,17485150,na,na,11p15.1,"criteria provided, conflicting classifications",3,-,N,ClinGen:CA5903870,2,991065,17485150,G,A,-,-,-,-,-,-,SCV001682583|SCV002524078|SCV002524079,-,-
978946,single nucleotide variant,NM_000352.6(ABCC8):c.414C>T (p.Ala138=),6833,ABCC8,HGNC:59,Conflicting classifications of pathogenicity,0,"Sep 04, 2025",372766371,-,RCV001478315|RCV001824171|RCV002254210|RCV002254209,"MedGen:C3661900|MONDO:MONDO:0003847,MedGen:C0019247|Human Phenotype Ontology:HP:0008255,MONDO:MONDO:0020525,MedGen:C0342273|Human Phenotype Ontology:HP:0004904,MONDO:MONDO:0018911,MedGen:C0342276,OMIM:PS125850,Orphanet:552",not provided|Hereditary disease|Transitory neonatal diabetes mellitus|Maturity-onset diabetes of the young,germline;unknown,germline,GRCh38,NC_000011.10,11,17463603,17463603,na,na,11p15.1,"criteria provided, conflicting classifications",3,-,N,ClinGen:CA5903870,2,991065,17463603,G,A,-,-,-,-,-,-,SCV001682583|SCV002524078|SCV002524079,-,-
978947,single nucleotide variant,NM_000352.6(ABCC8):c.255G>A (p.Leu85=),6833,ABCC8,HGNC:59,Conflicting classifications of pathogenicity,0,"Jan 26, 2026",1323334420,-,RCV001279208|RCV002254347|RCV002254346|RCV002486054|RCV002542919,"|Human Phenotype Ontology:HP:0008255,MONDO:MONDO:0020525,MedGen:C0342273|Human Phenotype Ontology:HP:0004904,MONDO:MONDO:0018911,MedGen:C0342276,OMIM:PS125850,Orphanet:552|MONDO:MONDO:0009734,MedGen:C2931832,OMIM:256450,Orphanet:276575,Orphanet:276598;MONDO:MONDO:0009415,MedGen:C0271714,OMIM:240800;MONDO:MONDO:0012480,MedGen:C1835887,OMIM:610374,Orphanet:99886;Human Phenotype Ontology:HP:0005965,Human Phenotype Ontology:HP:0005978,Human Phenotype Ontology:HP:0100652,MONDO:MONDO:0005148,MeSH:D003924,MedGen:C0011860,OMIM:125853;MONDO:MONDO:0030088,MedGen:C5394303,OMIM:618857|MedGen:C3661900","Hereditary hyperinsulinism|Transitory neonatal diabetes mellitus|Maturity-onset diabetes of the young|Hyperinsulinemic hypoglycemia, familial, 1;Leucine-induced hypoglycemia;Diabetes mellitus, transient neonatal, 2;Type 2 diabetes mellitus;Diabetes mellitus, permanent neonatal 3|not provided",germline;unknown,germline,GRCh37,NC_000011.9,11,17496468,17496468,na,na,11p15.1,"criteria provided, conflicting classifications",4,-,N,ClinGen:CA473301935,2,991066,17496468,C,T,-,-,-,-,-,-,SCV002524136|SCV002524137|SCV002781733|SCV003290916,-,-
978947,single nucleotide variant,NM_000352.6(ABCC8):c.255G>A (p.Leu85=),6833,ABCC8,HGNC:59,Conflicting classifications of pathogenicity,0,"Jan 26, 2026",1323334420,-,RCV001279208|RCV002254347|RCV002254346|RCV002486054|RCV002542919,"|Human Phenotype Ontology:HP:0008255,MONDO:MONDO:0020525,MedGen:C0342273|Human Phenotype Ontology:HP:0004904,MONDO:MONDO:0018911,MedGen:C0342276,OMIM:PS125850,Orphanet:552|MONDO:MONDO:0009734,MedGen:C2931832,OMIM:256450,Orphanet:276575,Orphanet:276598;MONDO:MONDO:0009415,MedGen:C0271714,OMIM:240800;MONDO:MONDO:0012480,MedGen:C1835887,OMIM:610374,Orphanet:99886;Human Phenotype Ontology:HP:0005965,Human Phenotype Ontology:HP:0005978,Human Phenotype Ontology:HP:0100652,MONDO:MONDO:0005148,MeSH:D003924,MedGen:C0011860,OMIM:125853;MONDO:MONDO:0030088,MedGen:C5394303,OMIM:618857|MedGen:C3661900","Hereditary hyperinsulinism|Transitory neonatal diabetes mellitus|Maturity-onset diabetes of the young|Hyperinsulinemic hypoglycemia, familial, 1;Leucine-induced hypoglycemia;Diabetes mellitus, transient neonatal, 2;Type 2 diabetes mellitus;Diabetes mellitus, permanent neonatal 3|not provided",germline;unknown,germline,GRCh38,NC_000011.10,11,17474921,17474921,na,na,11p15.1,"criteria provided, conflicting classifications",4,-,N,ClinGen:CA473301935,2,991066,17474921,C,T,-,-,-,-,-,-,SCV002524136|SCV002524137|SCV002781733|SCV003290916,-,-
978948,single nucleotide variant,NM_000352.6(ABCC8):c.148+4A>T,6833,ABCC8,HGNC:59,Uncertain significance,0,-,763159607,-,RCV001279209|RCV002254348|RCV002253798,"|Human Phenotype Ontology:HP:0004904,MONDO:MONDO:0018911,MedGen:C0342276,OMIM:PS125850,Orphanet:552|Human Phenotype Ontology:HP:0008255,MONDO:MONDO:0020525,MedGen:C0342273",Hereditary hyperinsulinism|Maturity-onset diabetes of the young|Transitory neonatal diabetes mellitus,germline;unknown,germline,GRCh37,NC_000011.9,11,17498172,17498172,na,na,11p15.1,"criteria provided, single submitter",2,-,N,ClinGen:CA5903971,2,991067,17498172,T,A,-,-,-,-,-,-,SCV002522690|SCV002522691,-,-
978948,single nucleotide variant,NM_000352.6(ABCC8):c.148+4A>T,6833,ABCC8,HGNC:59,Uncertain significance,0,-,763159607,-,RCV001279209|RCV002254348|RCV002253798,"|Human Phenotype Ontology:HP:0004904,MONDO:MONDO:0018911,MedGen:C0342276,OMIM:PS125850,Orphanet:552|Human Phenotype Ontology:HP:0008255,MONDO:MONDO:0020525,MedGen:C0342273",Hereditary hyperinsulinism|Maturity-onset diabetes of the young|Transitory neonatal diabetes mellitus,germline;unknown,germline,GRCh38,NC_000011.10,11,17476625,17476625,na,na,11p15.1,"criteria provided, single submitter",2,-,N,ClinGen:CA5903971,2,991067,17476625,T,A,-,-,-,-,-,-,SCV002522690|SCV002522691,-,-
978949,single nucleotide variant,NM_000352.6(ABCC8):c.4C>A (p.Pro2Thr),6833,ABCC8,HGNC:59,Uncertain significance,0,"Nov 05, 2024",756552692,-,RCV001280387|RCV002486074|RCV004538561|RCV005094319,"|MONDO:MONDO:0009734,MedGen:C2931832,OMIM:256450,Orphanet:276575,Orphanet:276598;MONDO:MONDO:0009415,MedGen:C0271714,OMIM:240800;MONDO:MONDO:0012480,MedGen:C1835887,OMIM:610374,Orphanet:99886;Human Phenotype Ontology:HP:0005965,Human Phenotype Ontology:HP:0005978,Human Phenotype Ontology:HP:0100652,MONDO:MONDO:0005148,MeSH:D003924,MedGen:C0011860,OMIM:125853;MONDO:MONDO:0030088,MedGen:C5394303,OMIM:618857||MedGen:C3661900","Hereditary hyperinsulinism|Hyperinsulinemic hypoglycemia, familial, 1;Leucine-induced hypoglycemia;Diabetes mellitus, transient neonatal, 2;Type 2 diabetes mellitus;Diabetes mellitus, permanent neonatal 3|ABCC8-related disorder|not provided",germline;unknown,germline,GRCh37,NC_000011.9,11,17498320,17498320,na,na,11p15.1,"criteria provided, multiple submitters, no conflicts",4,-,N,ClinGen:CA379790485,2,992071,17498320,G,T,-,-,-,-,-,-,SCV002791435|SCV004116165|SCV005819699,-,-
978949,single nucleotide variant,NM_000352.6(ABCC8):c.4C>A (p.Pro2Thr),6833,ABCC8,HGNC:59,Uncertain significance,0,"Nov 05, 2024",756552692,-,RCV001280387|RCV002486074|RCV004538561|RCV005094319,"|MONDO:MONDO:0009734,MedGen:C2931832,OMIM:256450,Orphanet:276575,Orphanet:276598;MONDO:MONDO:0009415,MedGen:C0271714,OMIM:240800;MONDO:MONDO:0012480,MedGen:C1835887,OMIM:610374,Orphanet:99886;Human Phenotype Ontology:HP:0005965,Human Phenotype Ontology:HP:0005978,Human Phenotype Ontology:HP:0100652,MONDO:MONDO:0005148,MeSH:D003924,MedGen:C0011860,OMIM:125853;MONDO:MONDO:0030088,MedGen:C5394303,OMIM:618857||MedGen:C3661900","Hereditary hyperinsulinism|Hyperinsulinemic hypoglycemia, familial, 1;Leucine-induced hypoglycemia;Diabetes mellitus, transient neonatal, 2;Type 2 diabetes mellitus;Diabetes mellitus, permanent neonatal 3|ABCC8-related disorder|not provided",germline;unknown,germline,GRCh38,NC_000011.10,11,17476773,17476773,na,na,11p15.1,"criteria provided, multiple submitters, no conflicts",4,-,N,ClinGen:CA379790485,2,992071,17476773,G,T,-,-,-,-,-,-,SCV002791435|SCV004116165|SCV005819699,-,-
980162,Microsatellite,NM_000162.5(GCK):c.808CTG[1] (p.Leu271del),2645,GCK,HGNC:4195,Uncertain significance,0,"Dec 15, 2023",2096275478,-,RCV001280588|RCV002463801|RCV003481051,"MedGen:CN169374|Human Phenotype Ontology:HP:0004904,MONDO:MONDO:0018911,MedGen:C0342276,OMIM:PS125850,Orphanet:552|MONDO:MONDO:0015967,MedGen:C3888631,Orphanet:183625",not specified|Maturity-onset diabetes of the young|Monogenic diabetes,germline;unknown,germline,GRCh37,NC_000007.13,7,44187299,44187301,na,na,7p13,reviewed by expert panel,3,-,N,ClinGen:CA1703634895,2,992217,44187298,CCAG,C,-,-,-,-,-,-,SCV004223871,-,-
980162,Microsatellite,NM_000162.5(GCK):c.808CTG[1] (p.Leu271del),2645,GCK,HGNC:4195,Uncertain significance,0,"Dec 15, 2023",2096275478,-,RCV001280588|RCV002463801|RCV003481051,"MedGen:CN169374|Human Phenotype Ontology:HP:0004904,MONDO:MONDO:0018911,MedGen:C0342276,OMIM:PS125850,Orphanet:552|MONDO:MONDO:0015967,MedGen:C3888631,Orphanet:183625",not specified|Maturity-onset diabetes of the young|Monogenic diabetes,germline;unknown,germline,GRCh38,NC_000007.14,7,44147700,44147702,na,na,7p13,reviewed by expert panel,3,-,N,ClinGen:CA1703634895,2,992217,44147699,CCAG,C,-,-,-,-,-,-,SCV004223871,-,-
982645,Deletion,NM_000162.5(GCK):c.1284_1362del (p.Arg429fs),2645,GCK,HGNC:4195,Likely pathogenic,1,"Nov 03, 2023",2096270423,-,RCV001288978|RCV002287492|RCV003399058,"MedGen:C3661900|Human Phenotype Ontology:HP:0004904,MONDO:MONDO:0018911,MedGen:C0342276,OMIM:PS125850,Orphanet:552|MONDO:MONDO:0007453,MedGen:C0342277,OMIM:125851,Orphanet:552",not provided|Maturity-onset diabetes of the young|Maturity-onset diabetes of the young type 2,germline;unknown,germline,GRCh37,NC_000007.13,7,44184771,44184849,na,na,7p13,reviewed by expert panel,3,-,N,ClinGen:CA1139660051,2,995104,44184770,CCGCCGAGACCAGGGCCGCGCCCCGGCCACTGCCCTCCTCCGACTCGATGAAGGTGATCTCGCAGCTGGGCGTCAGCCTG,C,-,-,-,-,-,-,SCV004102854,-,-
982645,Deletion,NM_000162.5(GCK):c.1284_1362del (p.Arg429fs),2645,GCK,HGNC:4195,Likely pathogenic,1,"Nov 03, 2023",2096270423,-,RCV001288978|RCV002287492|RCV003399058,"MedGen:C3661900|Human Phenotype Ontology:HP:0004904,MONDO:MONDO:0018911,MedGen:C0342276,OMIM:PS125850,Orphanet:552|MONDO:MONDO:0007453,MedGen:C0342277,OMIM:125851,Orphanet:552",not provided|Maturity-onset diabetes of the young|Maturity-onset diabetes of the young type 2,germline;unknown,germline,GRCh38,NC_000007.14,7,44145172,44145250,na,na,7p13,reviewed by expert panel,3,-,N,ClinGen:CA1139660051,2,995104,44145171,CCGCCGAGACCAGGGCCGCGCCCCGGCCACTGCCCTCCTCCGACTCGATGAAGGTGATCTCGCAGCTGGGCGTCAGCCTG,C,-,-,-,-,-,-,SCV004102854,-,-
982646,Duplication,NM_000162.5(GCK):c.1280_1283dup (p.Arg429fs),2645,GCK,HGNC:4195,Likely pathogenic,1,"Nov 03, 2023",2096270699,-,RCV001288977|RCV002287491|RCV003399057,"MedGen:C3661900|Human Phenotype Ontology:HP:0004904,MONDO:MONDO:0018911,MedGen:C0342276,OMIM:PS125850,Orphanet:552|MONDO:MONDO:0007453,MedGen:C0342277,OMIM:125851,Orphanet:552",not provided|Maturity-onset diabetes of the young|Maturity-onset diabetes of the young type 2,germline;unknown,germline,GRCh37,NC_000007.13,7,44184849,44184850,na,na,7p13,reviewed by expert panel,3,-,N,ClinGen:CA1139660055,2,995103,44184849,G,GCGCA,-,-,-,-,-,-,SCV004102853,-,-
982646,Duplication,NM_000162.5(GCK):c.1280_1283dup (p.Arg429fs),2645,GCK,HGNC:4195,Likely pathogenic,1,"Nov 03, 2023",2096270699,-,RCV001288977|RCV002287491|RCV003399057,"MedGen:C3661900|Human Phenotype Ontology:HP:0004904,MONDO:MONDO:0018911,MedGen:C0342276,OMIM:PS125850,Orphanet:552|MONDO:MONDO:0007453,MedGen:C0342277,OMIM:125851,Orphanet:552",not provided|Maturity-onset diabetes of the young|Maturity-onset diabetes of the young type 2,germline;unknown,germline,GRCh38,NC_000007.14,7,44145250,44145251,na,na,7p13,reviewed by expert panel,3,-,N,ClinGen:CA1139660055,2,995103,44145250,G,GCGCA,-,-,-,-,-,-,SCV004102853,-,-
982647,single nucleotide variant,NM_000162.5(GCK):c.1190G>A (p.Arg397His),2645,GCK,HGNC:4195,Likely pathogenic,1,"Sep 08, 2023",193929375,-,RCV001288975|RCV003330326,"MedGen:C3661900|MONDO:MONDO:0007453,MedGen:C0342277,OMIM:125851,Orphanet:552",not provided|Maturity-onset diabetes of the young type 2,germline;unknown,germline,GRCh37,NC_000007.13,7,44185159,44185159,na,na,7p13,reviewed by expert panel,3,-,N,ClinGen:CA367398533,2,995102,44185159,C,T,-,-,-,-,-,-,SCV004037467,-,-
982647,single nucleotide variant,NM_000162.5(GCK):c.1190G>A (p.Arg397His),2645,GCK,HGNC:4195,Likely pathogenic,1,"Sep 08, 2023",193929375,-,RCV001288975|RCV003330326,"MedGen:C3661900|MONDO:MONDO:0007453,MedGen:C0342277,OMIM:125851,Orphanet:552",not provided|Maturity-onset diabetes of the young type 2,germline;unknown,germline,GRCh38,NC_000007.14,7,44145560,44145560,na,na,7p13,reviewed by expert panel,3,-,N,ClinGen:CA367398533,2,995102,44145560,C,T,-,-,-,-,-,-,SCV004037467,-,-
982648,single nucleotide variant,NM_000162.5(GCK):c.1163G>A (p.Gly388Asp),2645,GCK,HGNC:4195,Pathogenic,1,"Dec 02, 2023",2096271482,-,RCV001288974|RCV002322180|RCV003446686,"MedGen:C3661900|Human Phenotype Ontology:HP:0004904,MONDO:MONDO:0018911,MedGen:C0342276,OMIM:PS125850,Orphanet:552|MONDO:MONDO:0015967,MedGen:C3888631,Orphanet:183625",not provided|Maturity-onset diabetes of the young|Monogenic diabetes,germline;unknown,germline,GRCh37,NC_000007.13,7,44185186,44185186,na,na,7p13,reviewed by expert panel,7,-,N,ClinGen:CA367398670,2,995101,44185186,C,T,-,-,-,-,-,-,SCV004174247,-,-
982648,single nucleotide variant,NM_000162.5(GCK):c.1163G>A (p.Gly388Asp),2645,GCK,HGNC:4195,Pathogenic,1,"Dec 02, 2023",2096271482,-,RCV001288974|RCV002322180|RCV003446686,"MedGen:C3661900|Human Phenotype Ontology:HP:0004904,MONDO:MONDO:0018911,MedGen:C0342276,OMIM:PS125850,Orphanet:552|MONDO:MONDO:0015967,MedGen:C3888631,Orphanet:183625",not provided|Maturity-onset diabetes of the young|Monogenic diabetes,germline;unknown,germline,GRCh38,NC_000007.14,7,44145587,44145587,na,na,7p13,reviewed by expert panel,7,-,N,ClinGen:CA367398670,2,995101,44145587,C,T,-,-,-,-,-,-,SCV004174247,-,-
982649,single nucleotide variant,NM_000162.5(GCK):c.1150G>C (p.Ala384Pro),2645,GCK,HGNC:4195,Uncertain significance,0,"Jun 06, 2025",1376620210,-,RCV001288973|RCV005417389,"MedGen:C3661900|MONDO:MONDO:0015967,MedGen:C3888631,Orphanet:183625",not provided|Monogenic diabetes,germline;unknown,germline,GRCh37,NC_000007.13,7,44185199,44185199,na,na,7p13,reviewed by expert panel,2,-,N,ClinGen:CA367398729,2,995100,44185199,C,G,-,-,-,-,-,-,SCV006084767,-,-
982649,single nucleotide variant,NM_000162.5(GCK):c.1150G>C (p.Ala384Pro),2645,GCK,HGNC:4195,Uncertain significance,0,"Jun 06, 2025",1376620210,-,RCV001288973|RCV005417389,"MedGen:C3661900|MONDO:MONDO:0015967,MedGen:C3888631,Orphanet:183625",not provided|Monogenic diabetes,germline;unknown,germline,GRCh38,NC_000007.14,7,44145600,44145600,na,na,7p13,reviewed by expert panel,2,-,N,ClinGen:CA367398729,2,995100,44145600,C,G,-,-,-,-,-,-,SCV006084767,-,-
982650,single nucleotide variant,NM_000162.5(GCK):c.971T>G (p.Leu324Arg),2645,GCK,HGNC:4195,Uncertain significance,0,"Nov 12, 2019",193922341,-,RCV001288187,MedGen:C3661900,not provided,unknown,unknown,GRCh37,NC_000007.13,7,44186110,44186110,na,na,7p13,"criteria provided, single submitter",1,-,N,ClinGen:CA367399844,2,994615,44186110,A,C,-,-,-,-,-,-,SCV001475135,-,-
982650,single nucleotide variant,NM_000162.5(GCK):c.971T>G (p.Leu324Arg),2645,GCK,HGNC:4195,Uncertain significance,0,"Nov 12, 2019",193922341,-,RCV001288187,MedGen:C3661900,not provided,unknown,unknown,GRCh38,NC_000007.14,7,44146511,44146511,na,na,7p13,"criteria provided, single submitter",1,-,N,ClinGen:CA367399844,2,994615,44146511,A,C,-,-,-,-,-,-,SCV001475135,-,-
982651,single nucleotide variant,NM_000162.5(GCK):c.914T>G (p.Val305Gly),2645,GCK,HGNC:4195,Conflicting classifications of pathogenicity,1,"Apr 09, 2020",2096273846,-,RCV001288186|RCV002463805,"MedGen:C3661900|Human Phenotype Ontology:HP:0004904,MONDO:MONDO:0018911,MedGen:C0342276,OMIM:PS125850,Orphanet:552",not provided|Maturity-onset diabetes of the young,unknown,unknown,GRCh37,NC_000007.13,7,44186167,44186167,na,na,7p13,"criteria provided, conflicting classifications",2,-,N,ClinGen:CA367400034,2,994614,44186167,A,C,-,-,-,-,-,-,SCV001475133|SCV002605124,-,-
982651,single nucleotide variant,NM_000162.5(GCK):c.914T>G (p.Val305Gly),2645,GCK,HGNC:4195,Conflicting classifications of pathogenicity,1,"Apr 09, 2020",2096273846,-,RCV001288186|RCV002463805,"MedGen:C3661900|Human Phenotype Ontology:HP:0004904,MONDO:MONDO:0018911,MedGen:C0342276,OMIM:PS125850,Orphanet:552",not provided|Maturity-onset diabetes of the young,unknown,unknown,GRCh38,NC_000007.14,7,44146568,44146568,na,na,7p13,"criteria provided, conflicting classifications",2,-,N,ClinGen:CA367400034,2,994614,44146568,A,C,-,-,-,-,-,-,SCV001475133|SCV002605124,-,-
982652,single nucleotide variant,NM_000162.5(GCK):c.884G>A (p.Gly295Asp),2645,GCK,HGNC:4195,Likely pathogenic,1,"Nov 23, 2023",2096273902,-,RCV001288184|RCV002463804|RCV003331105,"MedGen:C3661900|Human Phenotype Ontology:HP:0004904,MONDO:MONDO:0018911,MedGen:C0342276,OMIM:PS125850,Orphanet:552|MONDO:MONDO:0015967,MedGen:C3888631,Orphanet:183625",not provided|Maturity-onset diabetes of the young|Monogenic diabetes,germline;unknown,germline,GRCh37,NC_000007.13,7,44186197,44186197,na,na,7p13,reviewed by expert panel,5,-,N,ClinGen:CA367400135,2,994613,44186197,C,T,-,-,-,-,-,-,SCV004174227,-,-
982652,single nucleotide variant,NM_000162.5(GCK):c.884G>A (p.Gly295Asp),2645,GCK,HGNC:4195,Likely pathogenic,1,"Nov 23, 2023",2096273902,-,RCV001288184|RCV002463804|RCV003331105,"MedGen:C3661900|Human Phenotype Ontology:HP:0004904,MONDO:MONDO:0018911,MedGen:C0342276,OMIM:PS125850,Orphanet:552|MONDO:MONDO:0015967,MedGen:C3888631,Orphanet:183625",not provided|Maturity-onset diabetes of the young|Monogenic diabetes,germline;unknown,germline,GRCh38,NC_000007.14,7,44146598,44146598,na,na,7p13,reviewed by expert panel,5,-,N,ClinGen:CA367400135,2,994613,44146598,C,T,-,-,-,-,-,-,SCV004174227,-,-
982653,single nucleotide variant,NM_000162.5(GCK):c.868G>A (p.Glu290Lys),2645,GCK,HGNC:4195,Conflicting classifications of pathogenicity,1,"Feb 28, 2020",1487194256,-,RCV001288183|RCV002463803,"MedGen:C3661900|Human Phenotype Ontology:HP:0004904,MONDO:MONDO:0018911,MedGen:C0342276,OMIM:PS125850,Orphanet:552",not provided|Maturity-onset diabetes of the young,unknown,unknown,GRCh37,NC_000007.13,7,44186213,44186213,na,na,7p13,"criteria provided, conflicting classifications",2,-,N,ClinGen:CA367400235,2,994612,44186213,C,T,-,-,-,-,-,-,SCV001475130|SCV002605131,-,-
982653,single nucleotide variant,NM_000162.5(GCK):c.868G>A (p.Glu290Lys),2645,GCK,HGNC:4195,Conflicting classifications of pathogenicity,1,"Feb 28, 2020",1487194256,-,RCV001288183|RCV002463803,"MedGen:C3661900|Human Phenotype Ontology:HP:0004904,MONDO:MONDO:0018911,MedGen:C0342276,OMIM:PS125850,Orphanet:552",not provided|Maturity-onset diabetes of the young,unknown,unknown,GRCh38,NC_000007.14,7,44146614,44146614,na,na,7p13,"criteria provided, conflicting classifications",2,-,N,ClinGen:CA367400235,2,994612,44146614,C,T,-,-,-,-,-,-,SCV001475130|SCV002605131,-,-
982654,single nucleotide variant,NM_000162.5(GCK):c.822C>A (p.Asp274Glu),2645,GCK,HGNC:4195,Likely pathogenic,1,"Sep 08, 2025",756251613,-,RCV001288182|RCV005401820,"MedGen:C3661900|MONDO:MONDO:0015967,MedGen:C3888631,Orphanet:183625",not provided|Monogenic diabetes,germline;unknown,germline,GRCh37,NC_000007.13,7,44187290,44187290,na,na,7p13,reviewed by expert panel,2,-,N,ClinGen:CA367400482,2,994611,44187290,G,T,-,-,-,-,-,-,SCV006059954,-,-
982654,single nucleotide variant,NM_000162.5(GCK):c.822C>A (p.Asp274Glu),2645,GCK,HGNC:4195,Likely pathogenic,1,"Sep 08, 2025",756251613,-,RCV001288182|RCV005401820,"MedGen:C3661900|MONDO:MONDO:0015967,MedGen:C3888631,Orphanet:183625",not provided|Monogenic diabetes,germline;unknown,germline,GRCh38,NC_000007.14,7,44147691,44147691,na,na,7p13,reviewed by expert panel,2,-,N,ClinGen:CA367400482,2,994611,44147691,G,T,-,-,-,-,-,-,SCV006059954,-,-
982655,single nucleotide variant,NM_000162.5(GCK):c.770G>C (p.Trp257Ser),2645,GCK,HGNC:4195,Uncertain significance,0,"Dec 27, 2019",1562715426,-,RCV001288181,MedGen:C3661900,not provided,unknown,unknown,GRCh37,NC_000007.13,7,44187342,44187342,na,na,7p13,"criteria provided, single submitter",1,-,N,ClinGen:CA367400594,2,994610,44187342,C,G,-,-,-,-,-,-,SCV001475128,-,-
982655,single nucleotide variant,NM_000162.5(GCK):c.770G>C (p.Trp257Ser),2645,GCK,HGNC:4195,Uncertain significance,0,"Dec 27, 2019",1562715426,-,RCV001288181,MedGen:C3661900,not provided,unknown,unknown,GRCh38,NC_000007.14,7,44147743,44147743,na,na,7p13,"criteria provided, single submitter",1,-,N,ClinGen:CA367400594,2,994610,44147743,C,G,-,-,-,-,-,-,SCV001475128,-,-
982656,single nucleotide variant,NM_000162.5(GCK):c.737G>A (p.Gly246Glu),2645,GCK,HGNC:4195,Likely pathogenic,1,"Jan 22, 2024",1583596522,-,RCV001289444|RCV002246277|RCV003493840,"MedGen:C3661900|MedGen:CN169374|MONDO:MONDO:0015967,MedGen:C3888631,Orphanet:183625",not provided|not specified|Monogenic diabetes,germline;unknown,germline,GRCh37,NC_000007.13,7,44187375,44187375,na,na,7p13,reviewed by expert panel,3,-,N,ClinGen:CA367400662,2,995373,44187375,C,T,-,-,-,-,-,-,SCV004242342,-,-
982656,single nucleotide variant,NM_000162.5(GCK):c.737G>A (p.Gly246Glu),2645,GCK,HGNC:4195,Likely pathogenic,1,"Jan 22, 2024",1583596522,-,RCV001289444|RCV002246277|RCV003493840,"MedGen:C3661900|MedGen:CN169374|MONDO:MONDO:0015967,MedGen:C3888631,Orphanet:183625",not provided|not specified|Monogenic diabetes,germline;unknown,germline,GRCh38,NC_000007.14,7,44147776,44147776,na,na,7p13,reviewed by expert panel,3,-,N,ClinGen:CA367400662,2,995373,44147776,C,T,-,-,-,-,-,-,SCV004242342,-,-
982657,single nucleotide variant,NM_000162.5(GCK):c.736G>A (p.Gly246Arg),2645,GCK,HGNC:4195,Pathogenic,1,"Dec 02, 2023",2096275721,-,RCV001289443|RCV002463807|RCV003446687,"MedGen:C3661900|Human Phenotype Ontology:HP:0004904,MONDO:MONDO:0018911,MedGen:C0342276,OMIM:PS125850,Orphanet:552|MONDO:MONDO:0015967,MedGen:C3888631,Orphanet:183625",not provided|Maturity-onset diabetes of the young|Monogenic diabetes,germline;unknown,germline,GRCh37,NC_000007.13,7,44187376,44187376,na,na,7p13,reviewed by expert panel,5,-,N,ClinGen:CA367400665,2,995372,44187376,C,T,-,-,-,-,-,-,SCV004174236,-,-
982657,single nucleotide variant,NM_000162.5(GCK):c.736G>A (p.Gly246Arg),2645,GCK,HGNC:4195,Pathogenic,1,"Dec 02, 2023",2096275721,-,RCV001289443|RCV002463807|RCV003446687,"MedGen:C3661900|Human Phenotype Ontology:HP:0004904,MONDO:MONDO:0018911,MedGen:C0342276,OMIM:PS125850,Orphanet:552|MONDO:MONDO:0015967,MedGen:C3888631,Orphanet:183625",not provided|Maturity-onset diabetes of the young|Monogenic diabetes,germline;unknown,germline,GRCh38,NC_000007.14,7,44147777,44147777,na,na,7p13,reviewed by expert panel,5,-,N,ClinGen:CA367400665,2,995372,44147777,C,T,-,-,-,-,-,-,SCV004174236,-,-
982658,Deletion,NM_000162.5(GCK):c.666del (p.Gly223fs),2645,GCK,HGNC:4195,Pathogenic/Likely pathogenic,1,"May 05, 2024",2096278285,-,RCV001289440|RCV002463806,"MedGen:C3661900|Human Phenotype Ontology:HP:0004904,MONDO:MONDO:0018911,MedGen:C0342276,OMIM:PS125850,Orphanet:552",not provided|Maturity-onset diabetes of the young,germline;unknown,germline,GRCh37,NC_000007.13,7,44189372,44189372,na,na,7p13,"criteria provided, multiple submitters, no conflicts",4,-,N,ClinGen:CA1139660057,2,995371,44189371,CG,C,-,-,-,-,-,-,SCV001477258|SCV002069654|SCV002605142|SCV005755625,-,-
982658,Deletion,NM_000162.5(GCK):c.666del (p.Gly223fs),2645,GCK,HGNC:4195,Pathogenic/Likely pathogenic,1,"May 05, 2024",2096278285,-,RCV001289440|RCV002463806,"MedGen:C3661900|Human Phenotype Ontology:HP:0004904,MONDO:MONDO:0018911,MedGen:C0342276,OMIM:PS125850,Orphanet:552",not provided|Maturity-onset diabetes of the young,germline;unknown,germline,GRCh38,NC_000007.14,7,44149773,44149773,na,na,7p13,"criteria provided, multiple submitters, no conflicts",4,-,N,ClinGen:CA1139660057,2,995371,44149772,CG,C,-,-,-,-,-,-,SCV001477258|SCV002069654|SCV002605142|SCV005755625,-,-
982659,single nucleotide variant,NM_000162.5(GCK):c.454T>C (p.Phe152Leu),2645,GCK,HGNC:4195,Pathogenic,1,"Apr 18, 2024",2096280050,-,RCV001289439|RCV002464040|RCV004527419,"MedGen:C3661900|Human Phenotype Ontology:HP:0004904,MONDO:MONDO:0018911,MedGen:C0342276,OMIM:PS125850,Orphanet:552|MONDO:MONDO:0015967,MedGen:C3888631,Orphanet:183625",not provided|Maturity-onset diabetes of the young|Monogenic diabetes,germline;unknown,germline,GRCh37,NC_000007.13,7,44190584,44190584,na,na,7p13,reviewed by expert panel,4,-,N,ClinGen:CA367401929,2,995370,44190584,A,G,-,-,-,-,-,-,SCV005040665,-,-
982659,single nucleotide variant,NM_000162.5(GCK):c.454T>C (p.Phe152Leu),2645,GCK,HGNC:4195,Pathogenic,1,"Apr 18, 2024",2096280050,-,RCV001289439|RCV002464040|RCV004527419,"MedGen:C3661900|Human Phenotype Ontology:HP:0004904,MONDO:MONDO:0018911,MedGen:C0342276,OMIM:PS125850,Orphanet:552|MONDO:MONDO:0015967,MedGen:C3888631,Orphanet:183625",not provided|Maturity-onset diabetes of the young|Monogenic diabetes,germline;unknown,germline,GRCh38,NC_000007.14,7,44150985,44150985,na,na,7p13,reviewed by expert panel,4,-,N,ClinGen:CA367401929,2,995370,44150985,A,G,-,-,-,-,-,-,SCV005040665,-,-
982660,single nucleotide variant,NM_000162.5(GCK):c.364-13G>A,2645,GCK,HGNC:4195,Conflicting classifications of pathogenicity,0,"Sep 02, 2024",372405219,-,RCV001289438|RCV003331107|RCV003106181,"MedGen:C3661900|MedGen:CN169374|Human Phenotype Ontology:HP:0004904,MONDO:MONDO:0018911,MedGen:C0342276,OMIM:PS125850,Orphanet:552",not provided|not specified|Maturity-onset diabetes of the young,germline;unknown,germline,GRCh37,NC_000007.13,7,44190687,44190687,na,na,7p13,"criteria provided, conflicting classifications",4,-,N,ClinGen:CA4239640,2,995369,44190687,C,T,-,-,-,-,-,-,SCV001477256|SCV002758758|SCV003030901|SCV004038227,-,-
982660,single nucleotide variant,NM_000162.5(GCK):c.364-13G>A,2645,GCK,HGNC:4195,Conflicting classifications of pathogenicity,0,"Sep 02, 2024",372405219,-,RCV001289438|RCV003331107|RCV003106181,"MedGen:C3661900|MedGen:CN169374|Human Phenotype Ontology:HP:0004904,MONDO:MONDO:0018911,MedGen:C0342276,OMIM:PS125850,Orphanet:552",not provided|not specified|Maturity-onset diabetes of the young,germline;unknown,germline,GRCh38,NC_000007.14,7,44151088,44151088,na,na,7p13,"criteria provided, conflicting classifications",4,-,N,ClinGen:CA4239640,2,995369,44151088,C,T,-,-,-,-,-,-,SCV001477256|SCV002758758|SCV003030901|SCV004038227,-,-
982661,single nucleotide variant,NM_000162.5(GCK):c.286G>T (p.Glu96Ter),2645,GCK,HGNC:4195,Pathogenic,1,"Dec 12, 2019",2096281776,-,RCV001289437|RCV002465863,"MedGen:C3661900|Human Phenotype Ontology:HP:0004904,MONDO:MONDO:0018911,MedGen:C0342276,OMIM:PS125850,Orphanet:552",not provided|Maturity-onset diabetes of the young,unknown,unknown,GRCh37,NC_000007.13,7,44191947,44191947,na,na,7p13,"criteria provided, multiple submitters, no conflicts",2,-,N,ClinGen:CA367402838,2,995368,44191947,C,A,-,-,-,-,-,-,SCV001477254|SCV002605370,-,-
982661,single nucleotide variant,NM_000162.5(GCK):c.286G>T (p.Glu96Ter),2645,GCK,HGNC:4195,Pathogenic,1,"Dec 12, 2019",2096281776,-,RCV001289437|RCV002465863,"MedGen:C3661900|Human Phenotype Ontology:HP:0004904,MONDO:MONDO:0018911,MedGen:C0342276,OMIM:PS125850,Orphanet:552",not provided|Maturity-onset diabetes of the young,unknown,unknown,GRCh38,NC_000007.14,7,44152348,44152348,na,na,7p13,"criteria provided, multiple submitters, no conflicts",2,-,N,ClinGen:CA367402838,2,995368,44152348,C,A,-,-,-,-,-,-,SCV001477254|SCV002605370,-,-
982662,single nucleotide variant,NM_000162.5(GCK):c.230T>C (p.Leu77Pro),2645,GCK,HGNC:4195,Likely pathogenic,1,"Jan 22, 2026",2096281827,-,RCV001289436|RCV006454725,"MedGen:C3661900|MONDO:MONDO:0015967,MedGen:C3888631,Orphanet:183625",not provided|Monogenic diabetes,germline;unknown,germline,GRCh37,NC_000007.13,7,44192003,44192003,na,na,7p13,reviewed by expert panel,2,-,N,ClinGen:CA367403052,2,995367,44192003,A,G,-,-,-,-,-,-,SCV007338191,-,-
982662,single nucleotide variant,NM_000162.5(GCK):c.230T>C (p.Leu77Pro),2645,GCK,HGNC:4195,Likely pathogenic,1,"Jan 22, 2026",2096281827,-,RCV001289436|RCV006454725,"MedGen:C3661900|MONDO:MONDO:0015967,MedGen:C3888631,Orphanet:183625",not provided|Monogenic diabetes,germline;unknown,germline,GRCh38,NC_000007.14,7,44152404,44152404,na,na,7p13,reviewed by expert panel,2,-,N,ClinGen:CA367403052,2,995367,44152404,A,G,-,-,-,-,-,-,SCV007338191,-,-
982663,Deletion,NM_000162.5(GCK):c.115_117del (p.Lys39del),2645,GCK,HGNC:4195,Conflicting classifications of pathogenicity,1,"Feb 01, 2026",2096283216,-,RCV001288972|RCV002227265|RCV002464439,"MedGen:C3661900|MONDO:MONDO:0007453,MedGen:C0342277,OMIM:125851,Orphanet:552|Human Phenotype Ontology:HP:0004904,MONDO:MONDO:0018911,MedGen:C0342276,OMIM:PS125850,Orphanet:552",not provided|Maturity-onset diabetes of the young type 2|Maturity-onset diabetes of the young,germline;maternal;unknown,germline,GRCh37,NC_000007.13,7,44192991,44192993,na,na,7p13,"criteria provided, conflicting classifications",5,-,N,ClinGen:CA1139660059,2,995099,44192990,CCTT,C,-,-,-,-,-,-,SCV001476447|SCV002204633|SCV002506587|SCV003926330,-,-
982663,Deletion,NM_000162.5(GCK):c.115_117del (p.Lys39del),2645,GCK,HGNC:4195,Conflicting classifications of pathogenicity,1,"Feb 01, 2026",2096283216,-,RCV001288972|RCV002227265|RCV002464439,"MedGen:C3661900|MONDO:MONDO:0007453,MedGen:C0342277,OMIM:125851,Orphanet:552|Human Phenotype Ontology:HP:0004904,MONDO:MONDO:0018911,MedGen:C0342276,OMIM:PS125850,Orphanet:552",not provided|Maturity-onset diabetes of the young type 2|Maturity-onset diabetes of the young,germline;maternal;unknown,germline,GRCh38,NC_000007.14,7,44153392,44153394,na,na,7p13,"criteria provided, conflicting classifications",5,-,N,ClinGen:CA1139660059,2,995099,44153391,CCTT,C,-,-,-,-,-,-,SCV001476447|SCV002204633|SCV002506587|SCV003926330,-,-
982755,single nucleotide variant,NM_000525.4(KCNJ11):c.346T>C (p.Ser116Pro),3767,KCNJ11,HGNC:6257,Uncertain significance,0,"Dec 16, 2020",1953587696,-,RCV001288658|RCV002227264,"MedGen:C3661900|Human Phenotype Ontology:HP:0004904,MONDO:MONDO:0018911,MedGen:C0342276,OMIM:PS125850,Orphanet:552",not provided|Maturity-onset diabetes of the young,somatic;unknown,somatic,GRCh37,NC_000011.9,11,17409293,17409293,na,na,11p15.1,"criteria provided, multiple submitters, no conflicts",2,-,N,ClinGen:CA379774284,2,994911,17409293,A,G,-,-,-,-,-,-,SCV001475933|SCV002506512,-,-
982755,single nucleotide variant,NM_000525.4(KCNJ11):c.346T>C (p.Ser116Pro),3767,KCNJ11,HGNC:6257,Uncertain significance,0,"Dec 16, 2020",1953587696,-,RCV001288658|RCV002227264,"MedGen:C3661900|Human Phenotype Ontology:HP:0004904,MONDO:MONDO:0018911,MedGen:C0342276,OMIM:PS125850,Orphanet:552",not provided|Maturity-onset diabetes of the young,somatic;unknown,somatic,GRCh38,NC_000011.10,11,17387746,17387746,na,na,11p15.1,"criteria provided, multiple submitters, no conflicts",2,-,N,ClinGen:CA379774284,2,994911,17387746,A,G,-,-,-,-,-,-,SCV001475933|SCV002506512,-,-
982756,single nucleotide variant,NM_000352.6(ABCC8):c.4274T>C (p.Leu1425Pro),6833,ABCC8,HGNC:59,Uncertain significance,0,"Jul 28, 2021",1953879871,-,RCV001288419|RCV002245942|RCV002245943,"MedGen:C3661900|Human Phenotype Ontology:HP:0004904,MONDO:MONDO:0018911,MedGen:C0342276,OMIM:PS125850,Orphanet:552|Human Phenotype Ontology:HP:0008255,MONDO:MONDO:0020525,MedGen:C0342273",not provided|Maturity-onset diabetes of the young|Transitory neonatal diabetes mellitus,somatic;unknown,somatic,GRCh37,NC_000011.9,11,17417190,17417190,na,na,11p15.1,"criteria provided, multiple submitters, no conflicts",2,-,N,ClinGen:CA379786551,2,994766,17417190,A,G,-,-,-,-,-,-,SCV001475501|SCV002513348|SCV002513349,-,-
982756,single nucleotide variant,NM_000352.6(ABCC8):c.4274T>C (p.Leu1425Pro),6833,ABCC8,HGNC:59,Uncertain significance,0,"Jul 28, 2021",1953879871,-,RCV001288419|RCV002245942|RCV002245943,"MedGen:C3661900|Human Phenotype Ontology:HP:0004904,MONDO:MONDO:0018911,MedGen:C0342276,OMIM:PS125850,Orphanet:552|Human Phenotype Ontology:HP:0008255,MONDO:MONDO:0020525,MedGen:C0342273",not provided|Maturity-onset diabetes of the young|Transitory neonatal diabetes mellitus,somatic;unknown,somatic,GRCh38,NC_000011.10,11,17395643,17395643,na,na,11p15.1,"criteria provided, multiple submitters, no conflicts",2,-,N,ClinGen:CA379786551,2,994766,17395643,A,G,-,-,-,-,-,-,SCV001475501|SCV002513348|SCV002513349,-,-
982757,Duplication,NM_000352.6(ABCC8):c.3872_3873dup (p.Asn1292fs),6833,ABCC8,HGNC:59,Conflicting classifications of pathogenicity,1,"Jan 22, 2020",1953988179,-,RCV001288418|RCV002246156|RCV002246155,"MedGen:C3661900|Human Phenotype Ontology:HP:0008255,MONDO:MONDO:0020525,MedGen:C0342273|Human Phenotype Ontology:HP:0004904,MONDO:MONDO:0018911,MedGen:C0342276,OMIM:PS125850,Orphanet:552",not provided|Transitory neonatal diabetes mellitus|Maturity-onset diabetes of the young,somatic;unknown,somatic,GRCh37,NC_000011.9,11,17418854,17418855,na,na,11p15.1,"criteria provided, conflicting classifications",2,-,N,ClinGen:CA1139661849,2,994765,17418854,T,TGG,-,-,-,-,-,-,SCV001475500|SCV002513532|SCV002513533,-,-
982757,Duplication,NM_000352.6(ABCC8):c.3872_3873dup (p.Asn1292fs),6833,ABCC8,HGNC:59,Conflicting classifications of pathogenicity,1,"Jan 22, 2020",1953988179,-,RCV001288418|RCV002246156|RCV002246155,"MedGen:C3661900|Human Phenotype Ontology:HP:0008255,MONDO:MONDO:0020525,MedGen:C0342273|Human Phenotype Ontology:HP:0004904,MONDO:MONDO:0018911,MedGen:C0342276,OMIM:PS125850,Orphanet:552",not provided|Transitory neonatal diabetes mellitus|Maturity-onset diabetes of the young,somatic;unknown,somatic,GRCh38,NC_000011.10,11,17397307,17397308,na,na,11p15.1,"criteria provided, conflicting classifications",2,-,N,ClinGen:CA1139661849,2,994765,17397307,T,TGG,-,-,-,-,-,-,SCV001475500|SCV002513532|SCV002513533,-,-
982758,single nucleotide variant,NM_000352.6(ABCC8):c.1919C>T (p.Ala640Val),6833,ABCC8,HGNC:59,Uncertain significance,0,"Dec 16, 2025",369049969,-,RCV001288416|RCV001830096|RCV002542993|RCV003321822|RCV004734093|RCV006455604,"MedGen:C3661900||MeSH:D030342,MedGen:C0950123|MONDO:MONDO:0009734,MedGen:C2931832,OMIM:256450,Orphanet:276575,Orphanet:276598||MedGen:CN169374","not provided|Hereditary hyperinsulinism|Inborn genetic diseases|Hyperinsulinemic hypoglycemia, familial, 1|ABCC8-related disorder|not specified",germline;unknown,germline,GRCh37,NC_000011.9,11,17450116,17450116,na,na,11p15.1,"criteria provided, multiple submitters, no conflicts",7,-,N,ClinGen:CA5903397,2,994764,17450116,G,A,-,-,-,-,-,-,SCV001475498|SCV003730003|SCV004026551|SCV006080190|SCV007339571,-,-
982758,single nucleotide variant,NM_000352.6(ABCC8):c.1919C>T (p.Ala640Val),6833,ABCC8,HGNC:59,Uncertain significance,0,"Dec 16, 2025",369049969,-,RCV001288416|RCV001830096|RCV002542993|RCV003321822|RCV004734093|RCV006455604,"MedGen:C3661900||MeSH:D030342,MedGen:C0950123|MONDO:MONDO:0009734,MedGen:C2931832,OMIM:256450,Orphanet:276575,Orphanet:276598||MedGen:CN169374","not provided|Hereditary hyperinsulinism|Inborn genetic diseases|Hyperinsulinemic hypoglycemia, familial, 1|ABCC8-related disorder|not specified",germline;unknown,germline,GRCh38,NC_000011.10,11,17428569,17428569,na,na,11p15.1,"criteria provided, multiple submitters, no conflicts",7,-,N,ClinGen:CA5903397,2,994764,17428569,G,A,-,-,-,-,-,-,SCV001475498|SCV003730003|SCV004026551|SCV006080190|SCV007339571,-,-
982759,Deletion,NM_000352.6(ABCC8):c.1818-7del,6833,ABCC8,HGNC:59,Conflicting classifications of pathogenicity,0,"Sep 15, 2023",1955709311,-,RCV001288415|RCV002267099|RCV002267098,"MedGen:C3661900|Human Phenotype Ontology:HP:0008255,MONDO:MONDO:0020525,MedGen:C0342273|Human Phenotype Ontology:HP:0004904,MONDO:MONDO:0018911,MedGen:C0342276,OMIM:PS125850,Orphanet:552",not provided|Transitory neonatal diabetes mellitus|Maturity-onset diabetes of the young,germline;unknown,germline,GRCh37,NC_000011.9,11,17450224,17450224,na,na,11p15.1,"criteria provided, conflicting classifications",3,-,N,ClinGen:CA1139661842,2,994763,17450223,CG,C,-,-,-,-,-,-,SCV001475497|SCV001662209|SCV002522337|SCV002522338,-,-
982759,Deletion,NM_000352.6(ABCC8):c.1818-7del,6833,ABCC8,HGNC:59,Conflicting classifications of pathogenicity,0,"Sep 15, 2023",1955709311,-,RCV001288415|RCV002267099|RCV002267098,"MedGen:C3661900|Human Phenotype Ontology:HP:0008255,MONDO:MONDO:0020525,MedGen:C0342273|Human Phenotype Ontology:HP:0004904,MONDO:MONDO:0018911,MedGen:C0342276,OMIM:PS125850,Orphanet:552",not provided|Transitory neonatal diabetes mellitus|Maturity-onset diabetes of the young,germline;unknown,germline,GRCh38,NC_000011.10,11,17428677,17428677,na,na,11p15.1,"criteria provided, conflicting classifications",3,-,N,ClinGen:CA1139661842,2,994763,17428676,CG,C,-,-,-,-,-,-,SCV001475497|SCV001662209|SCV002522337|SCV002522338,-,-
982760,single nucleotide variant,NM_000352.6(ABCC8):c.1178C>T (p.Thr393Ile),6833,ABCC8,HGNC:59,Uncertain significance,0,"Jan 30, 2020",377104807,-,RCV001288414|RCV001830095|RCV002253800|RCV002253799,"MedGen:C3661900||Human Phenotype Ontology:HP:0008255,MONDO:MONDO:0020525,MedGen:C0342273|Human Phenotype Ontology:HP:0004904,MONDO:MONDO:0018911,MedGen:C0342276,OMIM:PS125850,Orphanet:552",not provided|Hereditary hyperinsulinism|Transitory neonatal diabetes mellitus|Maturity-onset diabetes of the young,germline;unknown,germline,GRCh37,NC_000011.9,11,17470217,17470217,na,na,11p15.1,"criteria provided, multiple submitters, no conflicts",3,-,N,ClinGen:CA379768830,2,994762,17470217,G,A,-,-,-,-,-,-,SCV001475496|SCV002522599|SCV002522600,-,-
982760,single nucleotide variant,NM_000352.6(ABCC8):c.1178C>T (p.Thr393Ile),6833,ABCC8,HGNC:59,Uncertain significance,0,"Jan 30, 2020",377104807,-,RCV001288414|RCV001830095|RCV002253800|RCV002253799,"MedGen:C3661900||Human Phenotype Ontology:HP:0008255,MONDO:MONDO:0020525,MedGen:C0342273|Human Phenotype Ontology:HP:0004904,MONDO:MONDO:0018911,MedGen:C0342276,OMIM:PS125850,Orphanet:552",not provided|Hereditary hyperinsulinism|Transitory neonatal diabetes mellitus|Maturity-onset diabetes of the young,germline;unknown,germline,GRCh38,NC_000011.10,11,17448670,17448670,na,na,11p15.1,"criteria provided, multiple submitters, no conflicts",3,-,N,ClinGen:CA379768830,2,994762,17448670,G,A,-,-,-,-,-,-,SCV001475496|SCV002522599|SCV002522600,-,-
983968,single nucleotide variant,NM_000352.6(ABCC8):c.2521C>T (p.Arg841Ter),6833,ABCC8,HGNC:59,Pathogenic,1,"Aug 16, 2023",1484689392,-,RCV001290673|RCV001859230|RCV003321823|RCV003469507|RCV004556837,"MONDO:MONDO:0017182,MedGen:C3888018,Orphanet:276525|MedGen:C3661900|MONDO:MONDO:0009734,MedGen:C2931832,OMIM:256450,Orphanet:276575,Orphanet:276598|Human Phenotype Ontology:HP:0005965,Human Phenotype Ontology:HP:0005978,Human Phenotype Ontology:HP:0100652,MONDO:MONDO:0005148,MeSH:D003924,MedGen:C0011860,OMIM:125853|MONDO:MONDO:0016391,MedGen:C0158981,Orphanet:224","Familial hyperinsulinism|not provided|Hyperinsulinemic hypoglycemia, familial, 1|Type 2 diabetes mellitus|Neonatal diabetes mellitus",germline;unknown,germline,GRCh37,NC_000011.9,11,17434248,17434248,na,na,11p15.1,"criteria provided, multiple submitters, no conflicts",5,-,N,ClinGen:CA379807480,2,996301,17434248,G,A,-,-,-,-,-,-,SCV001478804|SCV002229297|SCV004026540|SCV004209191,-,-
983968,single nucleotide variant,NM_000352.6(ABCC8):c.2521C>T (p.Arg841Ter),6833,ABCC8,HGNC:59,Pathogenic,1,"Aug 16, 2023",1484689392,-,RCV001290673|RCV001859230|RCV003321823|RCV003469507|RCV004556837,"MONDO:MONDO:0017182,MedGen:C3888018,Orphanet:276525|MedGen:C3661900|MONDO:MONDO:0009734,MedGen:C2931832,OMIM:256450,Orphanet:276575,Orphanet:276598|Human Phenotype Ontology:HP:0005965,Human Phenotype Ontology:HP:0005978,Human Phenotype Ontology:HP:0100652,MONDO:MONDO:0005148,MeSH:D003924,MedGen:C0011860,OMIM:125853|MONDO:MONDO:0016391,MedGen:C0158981,Orphanet:224","Familial hyperinsulinism|not provided|Hyperinsulinemic hypoglycemia, familial, 1|Type 2 diabetes mellitus|Neonatal diabetes mellitus",germline;unknown,germline,GRCh38,NC_000011.10,11,17412701,17412701,na,na,11p15.1,"criteria provided, multiple submitters, no conflicts",5,-,N,ClinGen:CA379807480,2,996301,17412701,G,A,-,-,-,-,-,-,SCV001478804|SCV002229297|SCV004026540|SCV004209191,-,-
985614,single nucleotide variant,NM_000162.5(GCK):c.1309A>C (p.Thr437Pro),2645,GCK,HGNC:4195,Uncertain significance/Uncertain risk allele,0,"Feb 08, 2021",2096270595,-,RCV001293492|RCV002463808,"MedGen:CN169374|Human Phenotype Ontology:HP:0004904,MONDO:MONDO:0018911,MedGen:C0342276,OMIM:PS125850,Orphanet:552",not specified|Maturity-onset diabetes of the young,germline;unknown,germline,GRCh37,NC_000007.13,7,44184824,44184824,na,na,7p13,"criteria provided, multiple submitters, no conflicts",2,-,N,ClinGen:CA367397086,2,997872,44184824,T,G,-,-,-,-,-,-,SCV001482072|SCV002605052,-,-
985614,single nucleotide variant,NM_000162.5(GCK):c.1309A>C (p.Thr437Pro),2645,GCK,HGNC:4195,Uncertain significance/Uncertain risk allele,0,"Feb 08, 2021",2096270595,-,RCV001293492|RCV002463808,"MedGen:CN169374|Human Phenotype Ontology:HP:0004904,MONDO:MONDO:0018911,MedGen:C0342276,OMIM:PS125850,Orphanet:552",not specified|Maturity-onset diabetes of the young,germline;unknown,germline,GRCh38,NC_000007.14,7,44145225,44145225,na,na,7p13,"criteria provided, multiple submitters, no conflicts",2,-,N,ClinGen:CA367397086,2,997872,44145225,T,G,-,-,-,-,-,-,SCV001482072|SCV002605052,-,-
985615,single nucleotide variant,NM_000162.5(GCK):c.491T>C (p.Leu164Pro),2645,GCK,HGNC:4195,Pathogenic/Likely pathogenic,1,"Dec 05, 2025",2096278847,-,RCV001293474|RCV001871744|RCV003127763,"MONDO:MONDO:0007453,MedGen:C0342277,OMIM:125851,Orphanet:552|MedGen:C3661900|Human Phenotype Ontology:HP:0004904,MONDO:MONDO:0018911,MedGen:C0342276,OMIM:PS125850,Orphanet:552",Maturity-onset diabetes of the young type 2|not provided|Maturity-onset diabetes of the young,germline;unknown,germline,GRCh37,NC_000007.13,7,44189656,44189656,na,na,7p13,"criteria provided, multiple submitters, no conflicts",5,-,N,ClinGen:CA367401792,2,997861,44189656,A,G,-,-,-,-,-,-,SCV001482047|SCV002290851|SCV002605225|SCV002771534|SCV004035464,-,-
985615,single nucleotide variant,NM_000162.5(GCK):c.491T>C (p.Leu164Pro),2645,GCK,HGNC:4195,Pathogenic/Likely pathogenic,1,"Dec 05, 2025",2096278847,-,RCV001293474|RCV001871744|RCV003127763,"MONDO:MONDO:0007453,MedGen:C0342277,OMIM:125851,Orphanet:552|MedGen:C3661900|Human Phenotype Ontology:HP:0004904,MONDO:MONDO:0018911,MedGen:C0342276,OMIM:PS125850,Orphanet:552",Maturity-onset diabetes of the young type 2|not provided|Maturity-onset diabetes of the young,germline;unknown,germline,GRCh38,NC_000007.14,7,44150057,44150057,na,na,7p13,"criteria provided, multiple submitters, no conflicts",5,-,N,ClinGen:CA367401792,2,997861,44150057,A,G,-,-,-,-,-,-,SCV001482047|SCV002290851|SCV002605225|SCV002771534|SCV004035464,-,-
1015105,single nucleotide variant,NM_000352.6(ABCC8):c.4171T>G (p.Phe1391Val),6833,ABCC8,HGNC:59,Uncertain significance,0,"Nov 27, 2020",1953897394,-,RCV001327981|RCV002245965|RCV002245964,"MONDO:MONDO:0009734,MedGen:C2931832,OMIM:256450,Orphanet:276575,Orphanet:276598|Human Phenotype Ontology:HP:0008255,MONDO:MONDO:0020525,MedGen:C0342273|Human Phenotype Ontology:HP:0004904,MONDO:MONDO:0018911,MedGen:C0342276,OMIM:PS125850,Orphanet:552","Hyperinsulinemic hypoglycemia, familial, 1|Transitory neonatal diabetes mellitus|Maturity-onset diabetes of the young",germline;somatic,germline/somatic,GRCh37,NC_000011.9,11,17417426,17417426,na,na,11p15.1,"criteria provided, multiple submitters, no conflicts",2,-,N,ClinGen:CA379787990,2,1027359,17417426,A,C,-,-,-,-,-,-,SCV001513041|SCV002513452|SCV002513453,-,-
1015105,single nucleotide variant,NM_000352.6(ABCC8):c.4171T>G (p.Phe1391Val),6833,ABCC8,HGNC:59,Uncertain significance,0,"Nov 27, 2020",1953897394,-,RCV001327981|RCV002245965|RCV002245964,"MONDO:MONDO:0009734,MedGen:C2931832,OMIM:256450,Orphanet:276575,Orphanet:276598|Human Phenotype Ontology:HP:0008255,MONDO:MONDO:0020525,MedGen:C0342273|Human Phenotype Ontology:HP:0004904,MONDO:MONDO:0018911,MedGen:C0342276,OMIM:PS125850,Orphanet:552","Hyperinsulinemic hypoglycemia, familial, 1|Transitory neonatal diabetes mellitus|Maturity-onset diabetes of the young",germline;somatic,germline/somatic,GRCh38,NC_000011.10,11,17395879,17395879,na,na,11p15.1,"criteria provided, multiple submitters, no conflicts",2,-,N,ClinGen:CA379787990,2,1027359,17395879,A,C,-,-,-,-,-,-,SCV001513041|SCV002513452|SCV002513453,-,-
1016906,single nucleotide variant,NM_000162.5(GCK):c.415A>T (p.Met139Leu),2645,GCK,HGNC:4195,Uncertain significance,0,"Apr 20, 2022",368137186,-,RCV001329663|RCV002464449|RCV002476541,"Human Phenotype Ontology:HP:0005965,Human Phenotype Ontology:HP:0005978,Human Phenotype Ontology:HP:0100652,MONDO:MONDO:0005148,MeSH:D003924,MedGen:C0011860,OMIM:125853|Human Phenotype Ontology:HP:0004904,MONDO:MONDO:0018911,MedGen:C0342276,OMIM:PS125850,Orphanet:552|MONDO:MONDO:0011236,MedGen:C1865290,OMIM:602485,Orphanet:79299;MONDO:MONDO:0100165,MedGen:C5393570,OMIM:606176;Human Phenotype Ontology:HP:0005965,Human Phenotype Ontology:HP:0005978,Human Phenotype Ontology:HP:0100652,MONDO:MONDO:0005148,MeSH:D003924,MedGen:C0011860,OMIM:125853;MONDO:MONDO:0007453,MedGen:C0342277,OMIM:125851,Orphanet:552",Type 2 diabetes mellitus|Maturity-onset diabetes of the young|Hyperinsulinism due to glucokinase deficiency;Permanent neonatal diabetes mellitus 1;Type 2 diabetes mellitus;Maturity-onset diabetes of the young type 2,paternal;unknown,germline,GRCh37,NC_000007.13,7,44190623,44190623,na,na,7p13,"criteria provided, multiple submitters, no conflicts",3,-,N,ClinGen:CA4239635,2,1028584,44190623,T,A,-,-,-,-,-,-,SCV001521165|SCV002605287|SCV002779297,-,-
1016906,single nucleotide variant,NM_000162.5(GCK):c.415A>T (p.Met139Leu),2645,GCK,HGNC:4195,Uncertain significance,0,"Apr 20, 2022",368137186,-,RCV001329663|RCV002464449|RCV002476541,"Human Phenotype Ontology:HP:0005965,Human Phenotype Ontology:HP:0005978,Human Phenotype Ontology:HP:0100652,MONDO:MONDO:0005148,MeSH:D003924,MedGen:C0011860,OMIM:125853|Human Phenotype Ontology:HP:0004904,MONDO:MONDO:0018911,MedGen:C0342276,OMIM:PS125850,Orphanet:552|MONDO:MONDO:0011236,MedGen:C1865290,OMIM:602485,Orphanet:79299;MONDO:MONDO:0100165,MedGen:C5393570,OMIM:606176;Human Phenotype Ontology:HP:0005965,Human Phenotype Ontology:HP:0005978,Human Phenotype Ontology:HP:0100652,MONDO:MONDO:0005148,MeSH:D003924,MedGen:C0011860,OMIM:125853;MONDO:MONDO:0007453,MedGen:C0342277,OMIM:125851,Orphanet:552",Type 2 diabetes mellitus|Maturity-onset diabetes of the young|Hyperinsulinism due to glucokinase deficiency;Permanent neonatal diabetes mellitus 1;Type 2 diabetes mellitus;Maturity-onset diabetes of the young type 2,paternal;unknown,germline,GRCh38,NC_000007.14,7,44151024,44151024,na,na,7p13,"criteria provided, multiple submitters, no conflicts",3,-,N,ClinGen:CA4239635,2,1028584,44151024,T,A,-,-,-,-,-,-,SCV001521165|SCV002605287|SCV002779297,-,-
1017416,single nucleotide variant,NM_000525.4(KCNJ11):c.803A>T (p.Tyr268Phe),3767,KCNJ11,HGNC:6257,Uncertain significance,0,"Jun 21, 2019",1953576929,-,RCV001329965,"MONDO:MONDO:0012522,MedGen:C1864623,OMIM:610582,Orphanet:99886","Diabetes mellitus, transient neonatal, 3",unknown,unknown,GRCh37,NC_000011.9,11,17408836,17408836,na,na,11p15.1,"criteria provided, single submitter",1,-,N,ClinGen:CA379770599,2,1028816,17408836,T,A,-,-,-,-,-,-,SCV001521538,-,-
1017416,single nucleotide variant,NM_000525.4(KCNJ11):c.803A>T (p.Tyr268Phe),3767,KCNJ11,HGNC:6257,Uncertain significance,0,"Jun 21, 2019",1953576929,-,RCV001329965,"MONDO:MONDO:0012522,MedGen:C1864623,OMIM:610582,Orphanet:99886","Diabetes mellitus, transient neonatal, 3",unknown,unknown,GRCh38,NC_000011.10,11,17387289,17387289,na,na,11p15.1,"criteria provided, single submitter",1,-,N,ClinGen:CA379770599,2,1028816,17387289,T,A,-,-,-,-,-,-,SCV001521538,-,-
1017417,single nucleotide variant,NM_000525.4(KCNJ11):c.472A>T (p.Met158Leu),3767,KCNJ11,HGNC:6257,Uncertain significance,0,"Sep 22, 2024",1953585385,-,RCV001329963|RCV004762092,"MONDO:MONDO:0012522,MedGen:C1864623,OMIM:610582,Orphanet:99886|MONDO:MONDO:0030087,MedGen:C5394296,OMIM:618856","Diabetes mellitus, transient neonatal, 3|Diabetes mellitus, permanent neonatal 2",germline;unknown,germline,GRCh37,NC_000011.9,11,17409167,17409167,na,na,11p15.1,"criteria provided, multiple submitters, no conflicts",2,-,N,ClinGen:CA379773437,2,1028815,17409167,T,A,-,-,-,-,-,-,SCV001521536|SCV005374179,-,-
1017417,single nucleotide variant,NM_000525.4(KCNJ11):c.472A>T (p.Met158Leu),3767,KCNJ11,HGNC:6257,Uncertain significance,0,"Sep 22, 2024",1953585385,-,RCV001329963|RCV004762092,"MONDO:MONDO:0012522,MedGen:C1864623,OMIM:610582,Orphanet:99886|MONDO:MONDO:0030087,MedGen:C5394296,OMIM:618856","Diabetes mellitus, transient neonatal, 3|Diabetes mellitus, permanent neonatal 2",germline;unknown,germline,GRCh38,NC_000011.10,11,17387620,17387620,na,na,11p15.1,"criteria provided, multiple submitters, no conflicts",2,-,N,ClinGen:CA379773437,2,1028815,17387620,T,A,-,-,-,-,-,-,SCV001521536|SCV005374179,-,-
1017418,single nucleotide variant,NM_000352.6(ABCC8):c.3292C>T (p.Arg1098Cys),6833,ABCC8,HGNC:59,Likely benign,0,"Jan 30, 2024",150368331,-,RCV003726874,MedGen:C3661900,not provided,germline,germline,GRCh37,NC_000011.9,11,17428206,17428206,na,na,11p15.1,"criteria provided, single submitter",1,-,N,ClinGen:CA5902876,2,2903726,17428206,G,A,-,-,-,-,-,-,SCV004532372,-,-
1017418,single nucleotide variant,NM_000352.6(ABCC8):c.3292C>T (p.Arg1098Cys),6833,ABCC8,HGNC:59,Likely benign,0,"Jan 30, 2024",150368331,-,RCV003726874,MedGen:C3661900,not provided,germline,germline,GRCh38,NC_000011.10,11,17406659,17406659,na,na,11p15.1,"criteria provided, single submitter",1,-,N,ClinGen:CA5902876,2,2903726,17406659,G,A,-,-,-,-,-,-,SCV004532372,-,-
1017419,single nucleotide variant,NM_000352.6(ABCC8):c.1630+5G>T,6833,ABCC8,HGNC:59,Uncertain significance,0,"Jul 29, 2024",1956364777,-,RCV001329819|RCV004699312,"MONDO:MONDO:0009734,MedGen:C2931832,OMIM:256450,Orphanet:276575,Orphanet:276598|MedGen:CN169374","Hyperinsulinemic hypoglycemia, familial, 1|not specified",germline;unknown,germline,GRCh37,NC_000011.9,11,17464262,17464262,na,na,11p15.1,"criteria provided, multiple submitters, no conflicts",2,-,N,ClinGen:CA935532263,2,1028700,17464262,C,A,-,-,-,-,-,-,SCV001521359|SCV005202261,-,-
1017419,single nucleotide variant,NM_000352.6(ABCC8):c.1630+5G>T,6833,ABCC8,HGNC:59,Uncertain significance,0,"Jul 29, 2024",1956364777,-,RCV001329819|RCV004699312,"MONDO:MONDO:0009734,MedGen:C2931832,OMIM:256450,Orphanet:276575,Orphanet:276598|MedGen:CN169374","Hyperinsulinemic hypoglycemia, familial, 1|not specified",germline;unknown,germline,GRCh38,NC_000011.10,11,17442715,17442715,na,na,11p15.1,"criteria provided, multiple submitters, no conflicts",2,-,N,ClinGen:CA935532263,2,1028700,17442715,C,A,-,-,-,-,-,-,SCV001521359|SCV005202261,-,-
1017420,single nucleotide variant,NM_000352.6(ABCC8):c.1096C>T (p.Leu366Phe),6833,ABCC8,HGNC:59,Uncertain significance,0,"Feb 10, 2021",1956875186,-,RCV001329818|RCV001563593|RCV002253805|RCV002259552,"Human Phenotype Ontology:HP:0005965,Human Phenotype Ontology:HP:0005978,Human Phenotype Ontology:HP:0100652,MONDO:MONDO:0005148,MeSH:D003924,MedGen:C0011860,OMIM:125853|MONDO:MONDO:0009734,MedGen:C2931832,OMIM:256450,Orphanet:276575,Orphanet:276598|Human Phenotype Ontology:HP:0004904,MONDO:MONDO:0018911,MedGen:C0342276,OMIM:PS125850,Orphanet:552|Human Phenotype Ontology:HP:0008255,MONDO:MONDO:0020525,MedGen:C0342273","Type 2 diabetes mellitus|Hyperinsulinemic hypoglycemia, familial, 1|Maturity-onset diabetes of the young|Transitory neonatal diabetes mellitus",unknown,unknown,GRCh37,NC_000011.9,11,17474746,17474746,na,na,11p15.1,"criteria provided, multiple submitters, no conflicts",3,-,N,ClinGen:CA379770939,2,1028699,17474746,G,A,-,-,-,-,-,-,SCV001521358|SCV001786567|SCV002522585|SCV002522586,-,-
1017420,single nucleotide variant,NM_000352.6(ABCC8):c.1096C>T (p.Leu366Phe),6833,ABCC8,HGNC:59,Uncertain significance,0,"Feb 10, 2021",1956875186,-,RCV001329818|RCV001563593|RCV002253805|RCV002259552,"Human Phenotype Ontology:HP:0005965,Human Phenotype Ontology:HP:0005978,Human Phenotype Ontology:HP:0100652,MONDO:MONDO:0005148,MeSH:D003924,MedGen:C0011860,OMIM:125853|MONDO:MONDO:0009734,MedGen:C2931832,OMIM:256450,Orphanet:276575,Orphanet:276598|Human Phenotype Ontology:HP:0004904,MONDO:MONDO:0018911,MedGen:C0342276,OMIM:PS125850,Orphanet:552|Human Phenotype Ontology:HP:0008255,MONDO:MONDO:0020525,MedGen:C0342273","Type 2 diabetes mellitus|Hyperinsulinemic hypoglycemia, familial, 1|Maturity-onset diabetes of the young|Transitory neonatal diabetes mellitus",unknown,unknown,GRCh38,NC_000011.10,11,17453199,17453199,na,na,11p15.1,"criteria provided, multiple submitters, no conflicts",3,-,N,ClinGen:CA379770939,2,1028699,17453199,G,A,-,-,-,-,-,-,SCV001521358|SCV001786567|SCV002522585|SCV002522586,-,-
1020842,single nucleotide variant,NM_000525.4(KCNJ11):c.941G>A (p.Arg314His),3767,KCNJ11,HGNC:6257,Uncertain significance,0,"Oct 09, 2025",145935651,-,RCV001336920|RCV002226778|RCV002493733|RCV006466529,"MONDO:MONDO:0100165,MedGen:C5393570,OMIM:606176|Human Phenotype Ontology:HP:0004904,MONDO:MONDO:0018911,MedGen:C0342276,OMIM:PS125850,Orphanet:552|MONDO:MONDO:0014589,MedGen:C4225365,OMIM:616329,Orphanet:552;MONDO:MONDO:0012522,MedGen:C1864623,OMIM:610582,Orphanet:99886;MONDO:MONDO:0011153,MedGen:C2931833,OMIM:601820,Orphanet:276580,Orphanet:276603;MONDO:MONDO:0030087,MedGen:C5394296,OMIM:618856;Human Phenotype Ontology:HP:0005965,Human Phenotype Ontology:HP:0005978,Human Phenotype Ontology:HP:0100652,MONDO:MONDO:0005148,MeSH:D003924,MedGen:C0011860,OMIM:125853|MedGen:C3661900","Permanent neonatal diabetes mellitus 1|Maturity-onset diabetes of the young|Maturity-onset diabetes of the young type 13;Diabetes mellitus, transient neonatal, 3;Hyperinsulinemic hypoglycemia, familial, 2;Diabetes mellitus, permanent neonatal 2;Type 2 diabetes mellitus|not provided",germline;maternal;somatic,germline/somatic,GRCh37,NC_000011.9,11,17408698,17408698,na,na,11p15.1,"criteria provided, multiple submitters, no conflicts",4,-,N,ClinGen:CA5902214,2,1034248,17408698,C,T,-,-,-,-,-,-,SCV001530451|SCV002505451|SCV002784518|SCV007402523,-,-
1020842,single nucleotide variant,NM_000525.4(KCNJ11):c.941G>A (p.Arg314His),3767,KCNJ11,HGNC:6257,Uncertain significance,0,"Oct 09, 2025",145935651,-,RCV001336920|RCV002226778|RCV002493733|RCV006466529,"MONDO:MONDO:0100165,MedGen:C5393570,OMIM:606176|Human Phenotype Ontology:HP:0004904,MONDO:MONDO:0018911,MedGen:C0342276,OMIM:PS125850,Orphanet:552|MONDO:MONDO:0014589,MedGen:C4225365,OMIM:616329,Orphanet:552;MONDO:MONDO:0012522,MedGen:C1864623,OMIM:610582,Orphanet:99886;MONDO:MONDO:0011153,MedGen:C2931833,OMIM:601820,Orphanet:276580,Orphanet:276603;MONDO:MONDO:0030087,MedGen:C5394296,OMIM:618856;Human Phenotype Ontology:HP:0005965,Human Phenotype Ontology:HP:0005978,Human Phenotype Ontology:HP:0100652,MONDO:MONDO:0005148,MeSH:D003924,MedGen:C0011860,OMIM:125853|MedGen:C3661900","Permanent neonatal diabetes mellitus 1|Maturity-onset diabetes of the young|Maturity-onset diabetes of the young type 13;Diabetes mellitus, transient neonatal, 3;Hyperinsulinemic hypoglycemia, familial, 2;Diabetes mellitus, permanent neonatal 2;Type 2 diabetes mellitus|not provided",germline;maternal;somatic,germline/somatic,GRCh38,NC_000011.10,11,17387151,17387151,na,na,11p15.1,"criteria provided, multiple submitters, no conflicts",4,-,N,ClinGen:CA5902214,2,1034248,17387151,C,T,-,-,-,-,-,-,SCV001530451|SCV002505451|SCV002784518|SCV007402523,-,-
1020843,single nucleotide variant,NM_000525.4(KCNJ11):c.539C>A (p.Thr180Asn),3767,KCNJ11,HGNC:6257,Uncertain significance,0,"May 09, 2018",1953584002,-,RCV001336919|RCV002226777,"MONDO:MONDO:0012522,MedGen:C1864623,OMIM:610582,Orphanet:99886|Human Phenotype Ontology:HP:0004904,MONDO:MONDO:0018911,MedGen:C0342276,OMIM:PS125850,Orphanet:552","Diabetes mellitus, transient neonatal, 3|Maturity-onset diabetes of the young",maternal;somatic,germline/somatic,GRCh37,NC_000011.9,11,17409100,17409100,na,na,11p15.1,"criteria provided, multiple submitters, no conflicts",2,-,N,ClinGen:CA379772882,2,1034247,17409100,G,T,-,-,-,-,-,-,SCV001530450|SCV002505489,-,-
1020843,single nucleotide variant,NM_000525.4(KCNJ11):c.539C>A (p.Thr180Asn),3767,KCNJ11,HGNC:6257,Uncertain significance,0,"May 09, 2018",1953584002,-,RCV001336919|RCV002226777,"MONDO:MONDO:0012522,MedGen:C1864623,OMIM:610582,Orphanet:99886|Human Phenotype Ontology:HP:0004904,MONDO:MONDO:0018911,MedGen:C0342276,OMIM:PS125850,Orphanet:552","Diabetes mellitus, transient neonatal, 3|Maturity-onset diabetes of the young",maternal;somatic,germline/somatic,GRCh38,NC_000011.10,11,17387553,17387553,na,na,11p15.1,"criteria provided, multiple submitters, no conflicts",2,-,N,ClinGen:CA379772882,2,1034247,17387553,G,T,-,-,-,-,-,-,SCV001530450|SCV002505489,-,-
1020844,single nucleotide variant,NM_000352.6(ABCC8):c.3158G>A (p.Ser1053Asn),6833,ABCC8,HGNC:59,Uncertain significance,0,"Jan 20, 2024",767123465,-,RCV001336813|RCV005050338,"MONDO:MONDO:0009734,MedGen:C2931832,OMIM:256450,Orphanet:276575,Orphanet:276598|MONDO:MONDO:0012480,MedGen:C1835887,OMIM:610374,Orphanet:99886;MONDO:MONDO:0009734,MedGen:C2931832,OMIM:256450,Orphanet:276575,Orphanet:276598;MONDO:MONDO:0009415,MedGen:C0271714,OMIM:240800;MONDO:MONDO:0030088,MedGen:C5394303,OMIM:618857;Human Phenotype Ontology:HP:0005965,Human Phenotype Ontology:HP:0005978,Human Phenotype Ontology:HP:0100652,MONDO:MONDO:0005148,MeSH:D003924,MedGen:C0011860,OMIM:125853","Hyperinsulinemic hypoglycemia, familial, 1|Diabetes mellitus, transient neonatal, 2;Hyperinsulinemic hypoglycemia, familial, 1;Leucine-induced hypoglycemia;Diabetes mellitus, permanent neonatal 3;Type 2 diabetes mellitus",germline;maternal,germline,GRCh37,NC_000011.9,11,17428439,17428439,na,na,11p15.1,"criteria provided, multiple submitters, no conflicts",2,-,N,ClinGen:CA5902908,2,1034174,17428439,C,T,-,-,-,-,-,-,SCV001530310|SCV005676299,-,-
1020844,single nucleotide variant,NM_000352.6(ABCC8):c.3158G>A (p.Ser1053Asn),6833,ABCC8,HGNC:59,Uncertain significance,0,"Jan 20, 2024",767123465,-,RCV001336813|RCV005050338,"MONDO:MONDO:0009734,MedGen:C2931832,OMIM:256450,Orphanet:276575,Orphanet:276598|MONDO:MONDO:0012480,MedGen:C1835887,OMIM:610374,Orphanet:99886;MONDO:MONDO:0009734,MedGen:C2931832,OMIM:256450,Orphanet:276575,Orphanet:276598;MONDO:MONDO:0009415,MedGen:C0271714,OMIM:240800;MONDO:MONDO:0030088,MedGen:C5394303,OMIM:618857;Human Phenotype Ontology:HP:0005965,Human Phenotype Ontology:HP:0005978,Human Phenotype Ontology:HP:0100652,MONDO:MONDO:0005148,MeSH:D003924,MedGen:C0011860,OMIM:125853","Hyperinsulinemic hypoglycemia, familial, 1|Diabetes mellitus, transient neonatal, 2;Hyperinsulinemic hypoglycemia, familial, 1;Leucine-induced hypoglycemia;Diabetes mellitus, permanent neonatal 3;Type 2 diabetes mellitus",germline;maternal,germline,GRCh38,NC_000011.10,11,17406892,17406892,na,na,11p15.1,"criteria provided, multiple submitters, no conflicts",2,-,N,ClinGen:CA5902908,2,1034174,17406892,C,T,-,-,-,-,-,-,SCV001530310|SCV005676299,-,-
1028037,single nucleotide variant,NM_000162.5(GCK):c.762T>G (p.Asn254Lys),2645,GCK,HGNC:4195,Uncertain significance,0,"Oct 20, 2020",1554335141,-,RCV001349584,MedGen:C3661900,not provided,germline,germline,GRCh37,NC_000007.13,7,44187350,44187350,na,na,7p13,"criteria provided, single submitter",1,-,N,ClinGen:CA367400610,2,1045215,44187350,A,C,-,-,-,-,-,-,SCV001543935,-,-
1028037,single nucleotide variant,NM_000162.5(GCK):c.762T>G (p.Asn254Lys),2645,GCK,HGNC:4195,Uncertain significance,0,"Oct 20, 2020",1554335141,-,RCV001349584,MedGen:C3661900,not provided,germline,germline,GRCh38,NC_000007.14,7,44147751,44147751,na,na,7p13,"criteria provided, single submitter",1,-,N,ClinGen:CA367400610,2,1045215,44147751,A,C,-,-,-,-,-,-,SCV001543935,-,-
1036899,single nucleotide variant,NM_000352.6(ABCC8):c.11C>T (p.Ala4Val),6833,ABCC8,HGNC:59,Conflicting classifications of pathogenicity,1,"Mar 07, 2024",2133738359,-,RCV001353383|RCV004526116,"MONDO:MONDO:0009734,MedGen:C2931832,OMIM:256450,Orphanet:276575,Orphanet:276598|MedGen:CN169374","Hyperinsulinemic hypoglycemia, familial, 1|not specified",germline;unknown,germline,GRCh37,NC_000011.9,11,17498313,17498313,na,na,11p15.1,"criteria provided, conflicting classifications",2,-,N,ClinGen:CA379790450,2,1048784,17498313,G,A,-,-,-,-,-,-,SCV001548543|SCV005040065,-,-
1036899,single nucleotide variant,NM_000352.6(ABCC8):c.11C>T (p.Ala4Val),6833,ABCC8,HGNC:59,Conflicting classifications of pathogenicity,1,"Mar 07, 2024",2133738359,-,RCV001353383|RCV004526116,"MONDO:MONDO:0009734,MedGen:C2931832,OMIM:256450,Orphanet:276575,Orphanet:276598|MedGen:CN169374","Hyperinsulinemic hypoglycemia, familial, 1|not specified",germline;unknown,germline,GRCh38,NC_000011.10,11,17476766,17476766,na,na,11p15.1,"criteria provided, conflicting classifications",2,-,N,ClinGen:CA379790450,2,1048784,17476766,G,A,-,-,-,-,-,-,SCV001548543|SCV005040065,-,-
1036900,Deletion,NM_000352.6(ABCC8):c.2169_2171del (p.Leu724del),6833,ABCC8,HGNC:59,Conflicting classifications of pathogenicity,1,"May 27, 2024",760520781,-,RCV001353384|RCV003473877|RCV004556839,"MONDO:MONDO:0009734,MedGen:C2931832,OMIM:256450,Orphanet:276575,Orphanet:276598|Human Phenotype Ontology:HP:0005965,Human Phenotype Ontology:HP:0005978,Human Phenotype Ontology:HP:0100652,MONDO:MONDO:0005148,MeSH:D003924,MedGen:C0011860,OMIM:125853|MONDO:MONDO:0016391,MedGen:C0158981,Orphanet:224","Hyperinsulinemic hypoglycemia, familial, 1|Type 2 diabetes mellitus|Neonatal diabetes mellitus",germline;unknown,germline,GRCh37,NC_000011.9,11,17448647,17448649,na,na,11p15.1,"criteria provided, conflicting classifications",4,-,N,ClinGen:CA5903285,2,1048785,17448646,TAGA,T,-,-,-,-,-,-,SCV001548542|SCV002522251|SCV002522253|SCV002573176|SCV004203028,-,-
1036900,Deletion,NM_000352.6(ABCC8):c.2169_2171del (p.Leu724del),6833,ABCC8,HGNC:59,Conflicting classifications of pathogenicity,1,"May 27, 2024",760520781,-,RCV001353384|RCV003473877|RCV004556839,"MONDO:MONDO:0009734,MedGen:C2931832,OMIM:256450,Orphanet:276575,Orphanet:276598|Human Phenotype Ontology:HP:0005965,Human Phenotype Ontology:HP:0005978,Human Phenotype Ontology:HP:0100652,MONDO:MONDO:0005148,MeSH:D003924,MedGen:C0011860,OMIM:125853|MONDO:MONDO:0016391,MedGen:C0158981,Orphanet:224","Hyperinsulinemic hypoglycemia, familial, 1|Type 2 diabetes mellitus|Neonatal diabetes mellitus",germline;unknown,germline,GRCh38,NC_000011.10,11,17427100,17427102,na,na,11p15.1,"criteria provided, conflicting classifications",4,-,N,ClinGen:CA5903285,2,1048785,17427099,TAGA,T,-,-,-,-,-,-,SCV001548542|SCV002522251|SCV002522253|SCV002573176|SCV004203028,-,-
1053772,single nucleotide variant,NM_000525.4(KCNJ11):c.83C>T (p.Ala28Val),3767,KCNJ11,HGNC:6257,Uncertain significance,0,"Feb 22, 2024",754683593,-,RCV001375994|RCV005050360,"MONDO:MONDO:0011153,MedGen:C2931833,OMIM:601820,Orphanet:276580,Orphanet:276603|MONDO:MONDO:0014589,MedGen:C4225365,OMIM:616329,Orphanet:552;MONDO:MONDO:0012522,MedGen:C1864623,OMIM:610582,Orphanet:99886;MONDO:MONDO:0011153,MedGen:C2931833,OMIM:601820,Orphanet:276580,Orphanet:276603;MONDO:MONDO:0030087,MedGen:C5394296,OMIM:618856;Human Phenotype Ontology:HP:0005965,Human Phenotype Ontology:HP:0005978,Human Phenotype Ontology:HP:0100652,MONDO:MONDO:0005148,MeSH:D003924,MedGen:C0011860,OMIM:125853","Hyperinsulinemic hypoglycemia, familial, 2|Maturity-onset diabetes of the young type 13;Diabetes mellitus, transient neonatal, 3;Hyperinsulinemic hypoglycemia, familial, 2;Diabetes mellitus, permanent neonatal 2;Type 2 diabetes mellitus",germline;maternal,germline,GRCh37,NC_000011.9,11,17409556,17409556,na,na,11p15.1,"criteria provided, multiple submitters, no conflicts",2,-,N,ClinGen:CA5902338,2,1065467,17409556,G,A,-,-,-,-,-,-,SCV001572996|SCV005676636,-,-
1053772,single nucleotide variant,NM_000525.4(KCNJ11):c.83C>T (p.Ala28Val),3767,KCNJ11,HGNC:6257,Uncertain significance,0,"Feb 22, 2024",754683593,-,RCV001375994|RCV005050360,"MONDO:MONDO:0011153,MedGen:C2931833,OMIM:601820,Orphanet:276580,Orphanet:276603|MONDO:MONDO:0014589,MedGen:C4225365,OMIM:616329,Orphanet:552;MONDO:MONDO:0012522,MedGen:C1864623,OMIM:610582,Orphanet:99886;MONDO:MONDO:0011153,MedGen:C2931833,OMIM:601820,Orphanet:276580,Orphanet:276603;MONDO:MONDO:0030087,MedGen:C5394296,OMIM:618856;Human Phenotype Ontology:HP:0005965,Human Phenotype Ontology:HP:0005978,Human Phenotype Ontology:HP:0100652,MONDO:MONDO:0005148,MeSH:D003924,MedGen:C0011860,OMIM:125853","Hyperinsulinemic hypoglycemia, familial, 2|Maturity-onset diabetes of the young type 13;Diabetes mellitus, transient neonatal, 3;Hyperinsulinemic hypoglycemia, familial, 2;Diabetes mellitus, permanent neonatal 2;Type 2 diabetes mellitus",germline;maternal,germline,GRCh38,NC_000011.10,11,17388009,17388009,na,na,11p15.1,"criteria provided, multiple submitters, no conflicts",2,-,N,ClinGen:CA5902338,2,1065467,17388009,G,A,-,-,-,-,-,-,SCV001572996|SCV005676636,-,-
1053964,single nucleotide variant,NM_000352.6(ABCC8):c.4369G>A (p.Ala1457Thr),6833,ABCC8,HGNC:59,Pathogenic,1,"Jan 06, 2026",72559717,-,RCV001376163|RCV001820080,"MONDO:MONDO:0009734,MedGen:C2931832,OMIM:256450,Orphanet:276575,Orphanet:276598|MedGen:C3661900","Hyperinsulinemic hypoglycemia, familial, 1|not provided",germline;inherited,germline,GRCh37,NC_000011.9,11,17416761,17416761,na,na,11p15.1,"criteria provided, multiple submitters, no conflicts",3,-,N,ClinGen:CA218407557,2,1065615,17416761,C,T,-,-,-,-,-,-,SCV001573214|SCV002069036|SCV004295371,-,-
1053964,single nucleotide variant,NM_000352.6(ABCC8):c.4369G>A (p.Ala1457Thr),6833,ABCC8,HGNC:59,Pathogenic,1,"Jan 06, 2026",72559717,-,RCV001376163|RCV001820080,"MONDO:MONDO:0009734,MedGen:C2931832,OMIM:256450,Orphanet:276575,Orphanet:276598|MedGen:C3661900","Hyperinsulinemic hypoglycemia, familial, 1|not provided",germline;inherited,germline,GRCh38,NC_000011.10,11,17395214,17395214,na,na,11p15.1,"criteria provided, multiple submitters, no conflicts",3,-,N,ClinGen:CA218407557,2,1065615,17395214,C,T,-,-,-,-,-,-,SCV001573214|SCV002069036|SCV004295371,-,-
1055991,Duplication,NM_000525.4(KCNJ11):c.405dup (p.Arg136fs),3767,KCNJ11,HGNC:6257,Conflicting classifications of pathogenicity,1,"Jun 02, 2025",557160758,-,RCV001376863|RCV001831333|RCV003462943|RCV005634124|RCV005361581,"MedGen:C3661900|MONDO:MONDO:0100164,MedGen:C1833104,OMIM:PS606176,Orphanet:99885|Human Phenotype Ontology:HP:0005965,Human Phenotype Ontology:HP:0005978,Human Phenotype Ontology:HP:0100652,MONDO:MONDO:0005148,MeSH:D003924,MedGen:C0011860,OMIM:125853|MONDO:MONDO:0011153,MedGen:C2931833,OMIM:601820,Orphanet:276580,Orphanet:276603|MONDO:MONDO:0014589,MedGen:C4225365,OMIM:616329,Orphanet:552;MONDO:MONDO:0012522,MedGen:C1864623,OMIM:610582,Orphanet:99886;MONDO:MONDO:0011153,MedGen:C2931833,OMIM:601820,Orphanet:276580,Orphanet:276603;MONDO:MONDO:0030087,MedGen:C5394296,OMIM:618856","not provided|Permanent neonatal diabetes mellitus|Type 2 diabetes mellitus|Hyperinsulinemic hypoglycemia, familial, 2|Maturity-onset diabetes of the young type 13;Diabetes mellitus, transient neonatal, 3;Hyperinsulinemic hypoglycemia, familial, 2;Diabetes mellitus, permanent neonatal 2",germline;unknown,germline,GRCh37,NC_000011.9,11,17409233,17409234,na,na,11p15.1,"criteria provided, conflicting classifications",7,-,N,ClinGen:CA5902292,2,1065989,17409233,G,GC,-,-,-,-,-,-,SCV001574049|SCV002067293|SCV003830457|SCV004198071|SCV005918620|SCV006323095,-,-
1055991,Duplication,NM_000525.4(KCNJ11):c.405dup (p.Arg136fs),3767,KCNJ11,HGNC:6257,Conflicting classifications of pathogenicity,1,"Jun 02, 2025",557160758,-,RCV001376863|RCV001831333|RCV003462943|RCV005634124|RCV005361581,"MedGen:C3661900|MONDO:MONDO:0100164,MedGen:C1833104,OMIM:PS606176,Orphanet:99885|Human Phenotype Ontology:HP:0005965,Human Phenotype Ontology:HP:0005978,Human Phenotype Ontology:HP:0100652,MONDO:MONDO:0005148,MeSH:D003924,MedGen:C0011860,OMIM:125853|MONDO:MONDO:0011153,MedGen:C2931833,OMIM:601820,Orphanet:276580,Orphanet:276603|MONDO:MONDO:0014589,MedGen:C4225365,OMIM:616329,Orphanet:552;MONDO:MONDO:0012522,MedGen:C1864623,OMIM:610582,Orphanet:99886;MONDO:MONDO:0011153,MedGen:C2931833,OMIM:601820,Orphanet:276580,Orphanet:276603;MONDO:MONDO:0030087,MedGen:C5394296,OMIM:618856","not provided|Permanent neonatal diabetes mellitus|Type 2 diabetes mellitus|Hyperinsulinemic hypoglycemia, familial, 2|Maturity-onset diabetes of the young type 13;Diabetes mellitus, transient neonatal, 3;Hyperinsulinemic hypoglycemia, familial, 2;Diabetes mellitus, permanent neonatal 2",germline;unknown,germline,GRCh38,NC_000011.10,11,17387686,17387687,na,na,11p15.1,"criteria provided, conflicting classifications",7,-,N,ClinGen:CA5902292,2,1065989,17387686,G,GC,-,-,-,-,-,-,SCV001574049|SCV002067293|SCV003830457|SCV004198071|SCV005918620|SCV006323095,-,-
1055992,single nucleotide variant,NM_000352.6(ABCC8):c.4411+2T>C,6833,ABCC8,HGNC:59,Likely pathogenic,1,"Sep 20, 2020",1953843456,-,RCV001376840|RCV001826122,MedGen:C3661900|,not provided|Hereditary hyperinsulinism,germline,germline,GRCh37,NC_000011.9,11,17416717,17416717,na,na,11p15.1,"criteria provided, single submitter",2,-,N,ClinGen:CA379785064,2,1065979,17416717,A,G,-,-,-,-,-,-,SCV001574013,-,-
1055992,single nucleotide variant,NM_000352.6(ABCC8):c.4411+2T>C,6833,ABCC8,HGNC:59,Likely pathogenic,1,"Sep 20, 2020",1953843456,-,RCV001376840|RCV001826122,MedGen:C3661900|,not provided|Hereditary hyperinsulinism,germline,germline,GRCh38,NC_000011.10,11,17395170,17395170,na,na,11p15.1,"criteria provided, single submitter",2,-,N,ClinGen:CA379785064,2,1065979,17395170,A,G,-,-,-,-,-,-,SCV001574013,-,-
1055993,single nucleotide variant,NM_000352.6(ABCC8):c.4297G>A (p.Gly1433Ser),6833,ABCC8,HGNC:59,Pathogenic/Likely pathogenic,1,"Jul 25, 2023",781090024,-,RCV001376864|RCV003473896,"MedGen:C3661900|Human Phenotype Ontology:HP:0005965,Human Phenotype Ontology:HP:0005978,Human Phenotype Ontology:HP:0100652,MONDO:MONDO:0005148,MeSH:D003924,MedGen:C0011860,OMIM:125853",not provided|Type 2 diabetes mellitus,germline;unknown,germline,GRCh37,NC_000011.9,11,17417167,17417167,na,na,11p15.1,"criteria provided, multiple submitters, no conflicts",4,-,N,ClinGen:CA5902519,2,1065990,17417167,C,T,-,-,-,-,-,-,SCV001574050|SCV002069226|SCV004203924,-,-
1055993,single nucleotide variant,NM_000352.6(ABCC8):c.4297G>A (p.Gly1433Ser),6833,ABCC8,HGNC:59,Pathogenic/Likely pathogenic,1,"Jul 25, 2023",781090024,-,RCV001376864|RCV003473896,"MedGen:C3661900|Human Phenotype Ontology:HP:0005965,Human Phenotype Ontology:HP:0005978,Human Phenotype Ontology:HP:0100652,MONDO:MONDO:0005148,MeSH:D003924,MedGen:C0011860,OMIM:125853",not provided|Type 2 diabetes mellitus,germline;unknown,germline,GRCh38,NC_000011.10,11,17395620,17395620,na,na,11p15.1,"criteria provided, multiple submitters, no conflicts",4,-,N,ClinGen:CA5902519,2,1065990,17395620,C,T,-,-,-,-,-,-,SCV001574050|SCV002069226|SCV004203924,-,-
1055994,single nucleotide variant,NM_000352.6(ABCC8):c.3651-1G>C,6833,ABCC8,HGNC:59,Likely pathogenic,1,"Jul 29, 2023",768820409,-,RCV001377334|RCV003462948,"MedGen:C3661900|Human Phenotype Ontology:HP:0005965,Human Phenotype Ontology:HP:0005978,Human Phenotype Ontology:HP:0100652,MONDO:MONDO:0005148,MeSH:D003924,MedGen:C0011860,OMIM:125853",not provided|Type 2 diabetes mellitus,germline;unknown,germline,GRCh37,NC_000011.9,11,17419989,17419989,na,na,11p15.1,"criteria provided, multiple submitters, no conflicts",2,-,N,ClinGen:CA379794919,2,1066359,17419989,C,G,-,-,-,-,-,-,SCV001574641|SCV004198834,-,-
1055994,single nucleotide variant,NM_000352.6(ABCC8):c.3651-1G>C,6833,ABCC8,HGNC:59,Likely pathogenic,1,"Jul 29, 2023",768820409,-,RCV001377334|RCV003462948,"MedGen:C3661900|Human Phenotype Ontology:HP:0005965,Human Phenotype Ontology:HP:0005978,Human Phenotype Ontology:HP:0100652,MONDO:MONDO:0005148,MeSH:D003924,MedGen:C0011860,OMIM:125853",not provided|Type 2 diabetes mellitus,germline;unknown,germline,GRCh38,NC_000011.10,11,17398442,17398442,na,na,11p15.1,"criteria provided, multiple submitters, no conflicts",2,-,N,ClinGen:CA379794919,2,1066359,17398442,C,G,-,-,-,-,-,-,SCV001574641|SCV004198834,-,-
1055995,single nucleotide variant,NM_000352.6(ABCC8):c.2475+1G>A,6833,ABCC8,HGNC:59,Likely pathogenic,1,"Oct 05, 2023",772026262,-,RCV001376865,MedGen:C3661900,not provided,germline,germline,GRCh37,NC_000011.9,11,17434940,17434940,na,na,11p15.1,"criteria provided, multiple submitters, no conflicts",2,-,N,ClinGen:CA5903131,2,1065991,17434940,C,T,-,-,-,-,-,-,SCV001574051|SCV005326205,-,-
1055995,single nucleotide variant,NM_000352.6(ABCC8):c.2475+1G>A,6833,ABCC8,HGNC:59,Likely pathogenic,1,"Oct 05, 2023",772026262,-,RCV001376865,MedGen:C3661900,not provided,germline,germline,GRCh38,NC_000011.10,11,17413393,17413393,na,na,11p15.1,"criteria provided, multiple submitters, no conflicts",2,-,N,ClinGen:CA5903131,2,1065991,17413393,C,T,-,-,-,-,-,-,SCV001574051|SCV005326205,-,-
1055996,single nucleotide variant,NM_000352.6(ABCC8):c.148+2T>C,6833,ABCC8,HGNC:59,Conflicting classifications of pathogenicity,1,"Mar 16, 2023",1554949176,-,RCV001378992|RCV002253808|RCV001831363|RCV002253809|RCV003462957,"MedGen:C3661900|Human Phenotype Ontology:HP:0004904,MONDO:MONDO:0018911,MedGen:C0342276,OMIM:PS125850,Orphanet:552||Human Phenotype Ontology:HP:0008255,MONDO:MONDO:0020525,MedGen:C0342273|Human Phenotype Ontology:HP:0005965,Human Phenotype Ontology:HP:0005978,Human Phenotype Ontology:HP:0100652,MONDO:MONDO:0005148,MeSH:D003924,MedGen:C0011860,OMIM:125853",not provided|Maturity-onset diabetes of the young|Hereditary hyperinsulinism|Transitory neonatal diabetes mellitus|Type 2 diabetes mellitus,germline;unknown,germline,GRCh37,NC_000011.9,11,17498174,17498174,na,na,11p15.1,"criteria provided, conflicting classifications",4,-,N,ClinGen:CA379789722,2,1067664,17498174,A,G,-,-,-,-,-,-,SCV001576706|SCV002522694|SCV002522696|SCV004207901,-,-
1055996,single nucleotide variant,NM_000352.6(ABCC8):c.148+2T>C,6833,ABCC8,HGNC:59,Conflicting classifications of pathogenicity,1,"Mar 16, 2023",1554949176,-,RCV001378992|RCV002253808|RCV001831363|RCV002253809|RCV003462957,"MedGen:C3661900|Human Phenotype Ontology:HP:0004904,MONDO:MONDO:0018911,MedGen:C0342276,OMIM:PS125850,Orphanet:552||Human Phenotype Ontology:HP:0008255,MONDO:MONDO:0020525,MedGen:C0342273|Human Phenotype Ontology:HP:0005965,Human Phenotype Ontology:HP:0005978,Human Phenotype Ontology:HP:0100652,MONDO:MONDO:0005148,MeSH:D003924,MedGen:C0011860,OMIM:125853",not provided|Maturity-onset diabetes of the young|Hereditary hyperinsulinism|Transitory neonatal diabetes mellitus|Type 2 diabetes mellitus,germline;unknown,germline,GRCh38,NC_000011.10,11,17476627,17476627,na,na,11p15.1,"criteria provided, conflicting classifications",4,-,N,ClinGen:CA379789722,2,1067664,17476627,A,G,-,-,-,-,-,-,SCV001576706|SCV002522694|SCV002522696|SCV004207901,-,-
1061089,Duplication,NM_000162.5(GCK):c.359dup (p.Met121fs),2645,GCK,HGNC:4195,Pathogenic/Likely pathogenic,1,"Jan 17, 2022",2128822614,-,RCV001387680|RCV002290704,"MedGen:C3661900|MONDO:MONDO:0100165,MedGen:C5393570,OMIM:606176",not provided|Permanent neonatal diabetes mellitus 1,germline,germline,GRCh37,NC_000007.13,7,44191873,44191874,na,na,7p13,"criteria provided, multiple submitters, no conflicts",2,-,N,ClinGen:CA2499218896,2,1074406,44191873,C,CT,-,-,-,-,-,-,SCV001588352|SCV002580708,-,-
1061089,Duplication,NM_000162.5(GCK):c.359dup (p.Met121fs),2645,GCK,HGNC:4195,Pathogenic/Likely pathogenic,1,"Jan 17, 2022",2128822614,-,RCV001387680|RCV002290704,"MedGen:C3661900|MONDO:MONDO:0100165,MedGen:C5393570,OMIM:606176",not provided|Permanent neonatal diabetes mellitus 1,germline,germline,GRCh38,NC_000007.14,7,44152274,44152275,na,na,7p13,"criteria provided, multiple submitters, no conflicts",2,-,N,ClinGen:CA2499218896,2,1074406,44152274,C,CT,-,-,-,-,-,-,SCV001588352|SCV002580708,-,-
1062271,Insertion,NM_000352.6(ABCC8):c.3126_3127insAGGAACTG (p.Leu1043fs),6833,ABCC8,HGNC:59,Likely pathogenic,1,"Aug 16, 2023",766033867,-,RCV003322267,"MONDO:MONDO:0009734,MedGen:C2931832,OMIM:256450,Orphanet:276575,Orphanet:276598","Hyperinsulinemic hypoglycemia, familial, 1",germline,germline,GRCh37,NC_000011.9,11,17428470,17428471,na,na,11p15.1,"criteria provided, single submitter",1,-,N,ClinGen:CA5902914,2,2576206,17428470,G,GCAGTTCCT,-,-,-,-,-,-,SCV004026531,-,-
1062271,Insertion,NM_000352.6(ABCC8):c.3126_3127insAGGAACTG (p.Leu1043fs),6833,ABCC8,HGNC:59,Likely pathogenic,1,"Aug 16, 2023",766033867,-,RCV003322267,"MONDO:MONDO:0009734,MedGen:C2931832,OMIM:256450,Orphanet:276575,Orphanet:276598","Hyperinsulinemic hypoglycemia, familial, 1",germline,germline,GRCh38,NC_000011.10,11,17406923,17406924,na,na,11p15.1,"criteria provided, single submitter",1,-,N,ClinGen:CA5902914,2,2576206,17406923,G,GCAGTTCCT,-,-,-,-,-,-,SCV004026531,-,-
1062272,single nucleotide variant,NM_000352.6(ABCC8):c.3000C>A (p.Cys1000Ter),6833,ABCC8,HGNC:59,Pathogenic/Likely pathogenic,1,"Oct 09, 2024",192863214,-,RCV001388604|RCV003321835|RCV004801004,"MedGen:C3661900|MONDO:MONDO:0009734,MedGen:C2931832,OMIM:256450,Orphanet:276575,Orphanet:276598|MONDO:MONDO:0017182,MedGen:C3888018,Orphanet:276525","not provided|Hyperinsulinemic hypoglycemia, familial, 1|Familial hyperinsulinism",germline,germline,GRCh37,NC_000011.9,11,17428597,17428597,na,na,11p15.1,"criteria provided, multiple submitters, no conflicts",3,-,N,ClinGen:CA5902947,2,1075098,17428597,G,T,-,-,-,-,-,-,SCV001589661|SCV004026533|SCV005422507,-,-
1062272,single nucleotide variant,NM_000352.6(ABCC8):c.3000C>A (p.Cys1000Ter),6833,ABCC8,HGNC:59,Pathogenic/Likely pathogenic,1,"Oct 09, 2024",192863214,-,RCV001388604|RCV003321835|RCV004801004,"MedGen:C3661900|MONDO:MONDO:0009734,MedGen:C2931832,OMIM:256450,Orphanet:276575,Orphanet:276598|MONDO:MONDO:0017182,MedGen:C3888018,Orphanet:276525","not provided|Hyperinsulinemic hypoglycemia, familial, 1|Familial hyperinsulinism",germline,germline,GRCh38,NC_000011.10,11,17407050,17407050,na,na,11p15.1,"criteria provided, multiple submitters, no conflicts",3,-,N,ClinGen:CA5902947,2,1075098,17407050,G,T,-,-,-,-,-,-,SCV001589661|SCV004026533|SCV005422507,-,-
1062273,Duplication,NM_000352.6(ABCC8):c.2252_2253dup (p.Ser752fs),6833,ABCC8,HGNC:59,Pathogenic/Likely pathogenic,1,"Feb 02, 2024",2133487890,-,RCV001383791|RCV003469702,"MedGen:C3661900|Human Phenotype Ontology:HP:0005965,Human Phenotype Ontology:HP:0005978,Human Phenotype Ontology:HP:0100652,MONDO:MONDO:0005148,MeSH:D003924,MedGen:C0011860,OMIM:125853",not provided|Type 2 diabetes mellitus,germline;unknown,germline,GRCh37,NC_000011.9,11,17438478,17438479,na,na,11p15.1,"criteria provided, multiple submitters, no conflicts",2,-,N,ClinGen:CA2499220827,2,1071339,17438478,T,TGG,-,-,-,-,-,-,SCV001583058|SCV004193852,-,-
1062273,Duplication,NM_000352.6(ABCC8):c.2252_2253dup (p.Ser752fs),6833,ABCC8,HGNC:59,Pathogenic/Likely pathogenic,1,"Feb 02, 2024",2133487890,-,RCV001383791|RCV003469702,"MedGen:C3661900|Human Phenotype Ontology:HP:0005965,Human Phenotype Ontology:HP:0005978,Human Phenotype Ontology:HP:0100652,MONDO:MONDO:0005148,MeSH:D003924,MedGen:C0011860,OMIM:125853",not provided|Type 2 diabetes mellitus,germline;unknown,germline,GRCh38,NC_000011.10,11,17416931,17416932,na,na,11p15.1,"criteria provided, multiple submitters, no conflicts",2,-,N,ClinGen:CA2499220827,2,1071339,17416931,T,TGG,-,-,-,-,-,-,SCV001583058|SCV004193852,-,-
1062274,Inversion,NM_000352.6(ABCC8):c.2117-3_2117-2inv,6833,ABCC8,HGNC:59,Pathogenic,1,"Jul 16, 2020",-1,-,RCV001381963,MedGen:C3661900,not provided,germline,germline,GRCh37,NC_000011.9,11,17448703,17448704,na,na,11p15.1,"criteria provided, single submitter",1,-,N,ClinGen:CA2499220828,2,1069965,17448703,TG,CA,-,-,-,-,-,-,SCV001580540,-,-
1062274,Inversion,NM_000352.6(ABCC8):c.2117-3_2117-2inv,6833,ABCC8,HGNC:59,Pathogenic,1,"Jul 16, 2020",-1,-,RCV001381963,MedGen:C3661900,not provided,germline,germline,GRCh38,NC_000011.10,11,17427156,17427157,na,na,11p15.1,"criteria provided, single submitter",1,-,N,ClinGen:CA2499220828,2,1069965,17427156,TG,CA,-,-,-,-,-,-,SCV001580540,-,-
1062275,single nucleotide variant,NM_000352.6(ABCC8):c.2113C>T (p.Arg705Ter),6833,ABCC8,HGNC:59,Pathogenic,1,"Nov 07, 2025",751848086,-,RCV001386536|RCV003321834,"MedGen:C3661900|MONDO:MONDO:0009734,MedGen:C2931832,OMIM:256450,Orphanet:276575,Orphanet:276598","not provided|Hyperinsulinemic hypoglycemia, familial, 1",germline,germline,GRCh37,NC_000011.9,11,17449417,17449417,na,na,11p15.1,"criteria provided, multiple submitters, no conflicts",4,-,N,ClinGen:CA5903313,2,1073510,17449417,G,A,-,-,-,-,-,-,SCV001586797|SCV004026549|SCV005382229|SCV007108227,-,-
1062275,single nucleotide variant,NM_000352.6(ABCC8):c.2113C>T (p.Arg705Ter),6833,ABCC8,HGNC:59,Pathogenic,1,"Nov 07, 2025",751848086,-,RCV001386536|RCV003321834,"MedGen:C3661900|MONDO:MONDO:0009734,MedGen:C2931832,OMIM:256450,Orphanet:276575,Orphanet:276598","not provided|Hyperinsulinemic hypoglycemia, familial, 1",germline,germline,GRCh38,NC_000011.10,11,17427870,17427870,na,na,11p15.1,"criteria provided, multiple submitters, no conflicts",4,-,N,ClinGen:CA5903313,2,1073510,17427870,G,A,-,-,-,-,-,-,SCV001586797|SCV004026549|SCV005382229|SCV007108227,-,-
1062276,Deletion,NM_000352.6(ABCC8):c.1647del (p.Ile550fs),6833,ABCC8,HGNC:59,Pathogenic/Likely pathogenic,1,"Mar 02, 2022",2133554613,-,RCV001390075|RCV002493934,"MedGen:C3661900|MONDO:MONDO:0009415,MedGen:C0271714,OMIM:240800;MONDO:MONDO:0012480,MedGen:C1835887,OMIM:610374,Orphanet:99886;Human Phenotype Ontology:HP:0005965,Human Phenotype Ontology:HP:0005978,Human Phenotype Ontology:HP:0100652,MONDO:MONDO:0005148,MeSH:D003924,MedGen:C0011860,OMIM:125853;MONDO:MONDO:0009734,MedGen:C2931832,OMIM:256450,Orphanet:276575,Orphanet:276598;MONDO:MONDO:0030088,MedGen:C5394303,OMIM:618857","not provided|Leucine-induced hypoglycemia;Diabetes mellitus, transient neonatal, 2;Type 2 diabetes mellitus;Hyperinsulinemic hypoglycemia, familial, 1;Diabetes mellitus, permanent neonatal 3",germline;unknown,germline,GRCh37,NC_000011.9,11,17453775,17453775,na,na,11p15.1,"criteria provided, multiple submitters, no conflicts",2,-,N,ClinGen:CA2499220832,2,1076249,17453774,TG,T,-,-,-,-,-,-,SCV001591684|SCV002787634,-,-
1062276,Deletion,NM_000352.6(ABCC8):c.1647del (p.Ile550fs),6833,ABCC8,HGNC:59,Pathogenic/Likely pathogenic,1,"Mar 02, 2022",2133554613,-,RCV001390075|RCV002493934,"MedGen:C3661900|MONDO:MONDO:0009415,MedGen:C0271714,OMIM:240800;MONDO:MONDO:0012480,MedGen:C1835887,OMIM:610374,Orphanet:99886;Human Phenotype Ontology:HP:0005965,Human Phenotype Ontology:HP:0005978,Human Phenotype Ontology:HP:0100652,MONDO:MONDO:0005148,MeSH:D003924,MedGen:C0011860,OMIM:125853;MONDO:MONDO:0009734,MedGen:C2931832,OMIM:256450,Orphanet:276575,Orphanet:276598;MONDO:MONDO:0030088,MedGen:C5394303,OMIM:618857","not provided|Leucine-induced hypoglycemia;Diabetes mellitus, transient neonatal, 2;Type 2 diabetes mellitus;Hyperinsulinemic hypoglycemia, familial, 1;Diabetes mellitus, permanent neonatal 3",germline;unknown,germline,GRCh38,NC_000011.10,11,17432228,17432228,na,na,11p15.1,"criteria provided, multiple submitters, no conflicts",2,-,N,ClinGen:CA2499220832,2,1076249,17432227,TG,T,-,-,-,-,-,-,SCV001591684|SCV002787634,-,-
1062277,single nucleotide variant,NM_000352.6(ABCC8):c.1617T>A (p.Tyr539Ter),6833,ABCC8,HGNC:59,Pathogenic,1,"Aug 17, 2022",1591832463,-,RCV001380991|RCV001824961|RCV002267110|RCV003473930|RCV004556840,"MedGen:C3661900|MONDO:MONDO:0017182,MedGen:C3888018,Orphanet:276525|Human Phenotype Ontology:HP:0004904,MONDO:MONDO:0018911,MedGen:C0342276,OMIM:PS125850,Orphanet:552|Human Phenotype Ontology:HP:0005965,Human Phenotype Ontology:HP:0005978,Human Phenotype Ontology:HP:0100652,MONDO:MONDO:0005148,MeSH:D003924,MedGen:C0011860,OMIM:125853|MONDO:MONDO:0016391,MedGen:C0158981,Orphanet:224",not provided|Familial hyperinsulinism|Maturity-onset diabetes of the young|Type 2 diabetes mellitus|Neonatal diabetes mellitus,germline;unknown,germline,GRCh37,NC_000011.9,11,17464280,17464280,na,na,11p15.1,"criteria provided, multiple submitters, no conflicts",4,-,N,ClinGen:CA379766350,2,1069205,17464280,A,T,-,-,-,-,-,-,SCV001579234|SCV002074463|SCV004201017,-,-
1062277,single nucleotide variant,NM_000352.6(ABCC8):c.1617T>A (p.Tyr539Ter),6833,ABCC8,HGNC:59,Pathogenic,1,"Aug 17, 2022",1591832463,-,RCV001380991|RCV001824961|RCV002267110|RCV003473930|RCV004556840,"MedGen:C3661900|MONDO:MONDO:0017182,MedGen:C3888018,Orphanet:276525|Human Phenotype Ontology:HP:0004904,MONDO:MONDO:0018911,MedGen:C0342276,OMIM:PS125850,Orphanet:552|Human Phenotype Ontology:HP:0005965,Human Phenotype Ontology:HP:0005978,Human Phenotype Ontology:HP:0100652,MONDO:MONDO:0005148,MeSH:D003924,MedGen:C0011860,OMIM:125853|MONDO:MONDO:0016391,MedGen:C0158981,Orphanet:224",not provided|Familial hyperinsulinism|Maturity-onset diabetes of the young|Type 2 diabetes mellitus|Neonatal diabetes mellitus,germline;unknown,germline,GRCh38,NC_000011.10,11,17442733,17442733,na,na,11p15.1,"criteria provided, multiple submitters, no conflicts",4,-,N,ClinGen:CA379766350,2,1069205,17442733,A,T,-,-,-,-,-,-,SCV001579234|SCV002074463|SCV004201017,-,-
1062278,single nucleotide variant,NM_000352.6(ABCC8):c.1332G>T (p.Gln444His),6833,ABCC8,HGNC:59,Pathogenic/Likely pathogenic,1,"Jan 28, 2026",760062120,-,RCV001383753|RCV001826165|RCV002499797|RCV003469700|RCV004797943|RCV006261761,"MedGen:C3661900||MONDO:MONDO:0012480,MedGen:C1835887,OMIM:610374,Orphanet:99886;MONDO:MONDO:0009734,MedGen:C2931832,OMIM:256450,Orphanet:276575,Orphanet:276598;MONDO:MONDO:0009415,MedGen:C0271714,OMIM:240800;MONDO:MONDO:0030088,MedGen:C5394303,OMIM:618857;Human Phenotype Ontology:HP:0005965,Human Phenotype Ontology:HP:0005978,Human Phenotype Ontology:HP:0100652,MONDO:MONDO:0005148,MeSH:D003924,MedGen:C0011860,OMIM:125853|Human Phenotype Ontology:HP:0005965,Human Phenotype Ontology:HP:0005978,Human Phenotype Ontology:HP:0100652,MONDO:MONDO:0005148,MeSH:D003924,MedGen:C0011860,OMIM:125853||MONDO:MONDO:0009734,MedGen:C2931832,OMIM:256450,Orphanet:276575,Orphanet:276598","not provided|Hereditary hyperinsulinism|Diabetes mellitus, transient neonatal, 2;Hyperinsulinemic hypoglycemia, familial, 1;Leucine-induced hypoglycemia;Diabetes mellitus, permanent neonatal 3;Type 2 diabetes mellitus|Type 2 diabetes mellitus|See cases|Hyperinsulinemic hypoglycemia, familial, 1",germline;paternal;unknown,germline,GRCh37,NC_000011.9,11,17470063,17470063,na,na,11p15.1,"criteria provided, multiple submitters, no conflicts",6,-,N,ClinGen:CA379768482,2,1071311,17470063,C,A,-,-,-,-,-,-,SCV001583008|SCV002807703|SCV004195318|SCV005419377|SCV007113968,-,-
1062278,single nucleotide variant,NM_000352.6(ABCC8):c.1332G>T (p.Gln444His),6833,ABCC8,HGNC:59,Pathogenic/Likely pathogenic,1,"Jan 28, 2026",760062120,-,RCV001383753|RCV001826165|RCV002499797|RCV003469700|RCV004797943|RCV006261761,"MedGen:C3661900||MONDO:MONDO:0012480,MedGen:C1835887,OMIM:610374,Orphanet:99886;MONDO:MONDO:0009734,MedGen:C2931832,OMIM:256450,Orphanet:276575,Orphanet:276598;MONDO:MONDO:0009415,MedGen:C0271714,OMIM:240800;MONDO:MONDO:0030088,MedGen:C5394303,OMIM:618857;Human Phenotype Ontology:HP:0005965,Human Phenotype Ontology:HP:0005978,Human Phenotype Ontology:HP:0100652,MONDO:MONDO:0005148,MeSH:D003924,MedGen:C0011860,OMIM:125853|Human Phenotype Ontology:HP:0005965,Human Phenotype Ontology:HP:0005978,Human Phenotype Ontology:HP:0100652,MONDO:MONDO:0005148,MeSH:D003924,MedGen:C0011860,OMIM:125853||MONDO:MONDO:0009734,MedGen:C2931832,OMIM:256450,Orphanet:276575,Orphanet:276598","not provided|Hereditary hyperinsulinism|Diabetes mellitus, transient neonatal, 2;Hyperinsulinemic hypoglycemia, familial, 1;Leucine-induced hypoglycemia;Diabetes mellitus, permanent neonatal 3;Type 2 diabetes mellitus|Type 2 diabetes mellitus|See cases|Hyperinsulinemic hypoglycemia, familial, 1",germline;paternal;unknown,germline,GRCh38,NC_000011.10,11,17448516,17448516,na,na,11p15.1,"criteria provided, multiple submitters, no conflicts",6,-,N,ClinGen:CA379768482,2,1071311,17448516,C,A,-,-,-,-,-,-,SCV001583008|SCV002807703|SCV004195318|SCV005419377|SCV007113968,-,-
1062279,single nucleotide variant,NM_000352.6(ABCC8):c.790C>T (p.Gln264Ter),6833,ABCC8,HGNC:59,Pathogenic,1,"Sep 19, 2022",2133679133,-,RCV001385575,MedGen:C3661900,not provided,germline,germline,GRCh37,NC_000011.9,11,17483162,17483162,na,na,11p15.1,"criteria provided, single submitter",1,-,N,ClinGen:CA379778194,2,1072767,17483162,G,A,-,-,-,-,-,-,SCV001585470,-,-
1062279,single nucleotide variant,NM_000352.6(ABCC8):c.790C>T (p.Gln264Ter),6833,ABCC8,HGNC:59,Pathogenic,1,"Sep 19, 2022",2133679133,-,RCV001385575,MedGen:C3661900,not provided,germline,germline,GRCh38,NC_000011.10,11,17461615,17461615,na,na,11p15.1,"criteria provided, single submitter",1,-,N,ClinGen:CA379778194,2,1072767,17461615,G,A,-,-,-,-,-,-,SCV001585470,-,-
1062280,single nucleotide variant,NM_000352.6(ABCC8):c.428G>A (p.Trp143Ter),6833,ABCC8,HGNC:59,Pathogenic,1,"Jan 18, 2020",1395990892,-,RCV001386146,MedGen:C3661900,not provided,germline,germline,GRCh37,NC_000011.9,11,17485136,17485136,na,na,11p15.1,"criteria provided, single submitter",1,-,N,ClinGen:CA379780529,2,1073214,17485136,C,T,-,-,-,-,-,-,SCV001586278,-,-
1062280,single nucleotide variant,NM_000352.6(ABCC8):c.428G>A (p.Trp143Ter),6833,ABCC8,HGNC:59,Pathogenic,1,"Jan 18, 2020",1395990892,-,RCV001386146,MedGen:C3661900,not provided,germline,germline,GRCh38,NC_000011.10,11,17463589,17463589,na,na,11p15.1,"criteria provided, single submitter",1,-,N,ClinGen:CA379780529,2,1073214,17463589,C,T,-,-,-,-,-,-,SCV001586278,-,-
1062281,Deletion,NM_000352.6(ABCC8):c.333del (p.Met112fs),6833,ABCC8,HGNC:59,Pathogenic,1,"Mar 17, 2020",2133711362,-,RCV001385403,MedGen:C3661900,not provided,germline,germline,GRCh37,NC_000011.9,11,17491727,17491727,na,na,11p15.1,"criteria provided, single submitter",1,-,N,ClinGen:CA2499220834,2,1072639,17491726,TC,T,-,-,-,-,-,-,SCV001585239,-,-
1062281,Deletion,NM_000352.6(ABCC8):c.333del (p.Met112fs),6833,ABCC8,HGNC:59,Pathogenic,1,"Mar 17, 2020",2133711362,-,RCV001385403,MedGen:C3661900,not provided,germline,germline,GRCh38,NC_000011.10,11,17470180,17470180,na,na,11p15.1,"criteria provided, single submitter",1,-,N,ClinGen:CA2499220834,2,1072639,17470179,TC,T,-,-,-,-,-,-,SCV001585239,-,-
1062282,Deletion,NM_000352.6(ABCC8):c.148+1del,6833,ABCC8,HGNC:59,Pathogenic,1,"Jan 31, 2020",2133737085,-,RCV001383775,MedGen:C3661900,not provided,germline,germline,GRCh37,NC_000011.9,11,17498175,17498175,na,na,11p15.1,"criteria provided, single submitter",1,-,N,ClinGen:CA2499220838,2,1071327,17498174,AC,A,-,-,-,-,-,-,SCV001583041,-,-
1062282,Deletion,NM_000352.6(ABCC8):c.148+1del,6833,ABCC8,HGNC:59,Pathogenic,1,"Jan 31, 2020",2133737085,-,RCV001383775,MedGen:C3661900,not provided,germline,germline,GRCh38,NC_000011.10,11,17476628,17476628,na,na,11p15.1,"criteria provided, single submitter",1,-,N,ClinGen:CA2499220838,2,1071327,17476627,AC,A,-,-,-,-,-,-,SCV001583041,-,-
1062283,Deletion,NM_000352.6(ABCC8):c.8del (p.Leu3fs),6833,ABCC8,HGNC:59,Pathogenic,1,"Mar 08, 2023",940471335,-,RCV001386381,MedGen:C3661900,not provided,germline,germline,GRCh37,NC_000011.9,11,17498316,17498316,na,na,11p15.1,"criteria provided, single submitter",1,-,N,ClinGen:CA218464138,2,1073392,17498315,CA,C,-,-,-,-,-,-,SCV001586573,-,-
1062283,Deletion,NM_000352.6(ABCC8):c.8del (p.Leu3fs),6833,ABCC8,HGNC:59,Pathogenic,1,"Mar 08, 2023",940471335,-,RCV001386381,MedGen:C3661900,not provided,germline,germline,GRCh38,NC_000011.10,11,17476769,17476769,na,na,11p15.1,"criteria provided, single submitter",1,-,N,ClinGen:CA218464138,2,1073392,17476768,CA,C,-,-,-,-,-,-,SCV001586573,-,-
1065831,single nucleotide variant,NM_000162.5(GCK):c.397T>C (p.Phe133Leu),2645,GCK,HGNC:4195,Conflicting classifications of pathogenicity,1,"Jun 15, 2023",2128822093,-,RCV001391314|RCV001844289|RCV003558829,"Human Phenotype Ontology:HP:0004904,MONDO:MONDO:0018911,MedGen:C0342276,OMIM:PS125850,Orphanet:552|MedGen:CN169374|MedGen:C3661900",Maturity-onset diabetes of the young|not specified|not provided,germline;unknown,germline,GRCh37,NC_000007.13,7,44190641,44190641,na,na,7p13,"criteria provided, conflicting classifications",3,-,N,ClinGen:CA367402122,2,1077171,44190641,A,G,-,-,-,-,-,-,SCV001593278|SCV002103380|SCV004295181,-,-
1065831,single nucleotide variant,NM_000162.5(GCK):c.397T>C (p.Phe133Leu),2645,GCK,HGNC:4195,Conflicting classifications of pathogenicity,1,"Jun 15, 2023",2128822093,-,RCV001391314|RCV001844289|RCV003558829,"Human Phenotype Ontology:HP:0004904,MONDO:MONDO:0018911,MedGen:C0342276,OMIM:PS125850,Orphanet:552|MedGen:CN169374|MedGen:C3661900",Maturity-onset diabetes of the young|not specified|not provided,germline;unknown,germline,GRCh38,NC_000007.14,7,44151042,44151042,na,na,7p13,"criteria provided, conflicting classifications",3,-,N,ClinGen:CA367402122,2,1077171,44151042,A,G,-,-,-,-,-,-,SCV001593278|SCV002103380|SCV004295181,-,-
1077963,single nucleotide variant,NM_000525.4(KCNJ11):c.1161T>C (p.Asp387=),3767,KCNJ11,HGNC:6257,Likely benign,0,"Feb 13, 2019",2133378589,-,RCV001396777,MedGen:C3661900,not provided,germline,germline,GRCh37,NC_000011.9,11,17408478,17408478,na,na,11p15.1,"criteria provided, single submitter",1,-,N,ClinGen:CA473514925,2,1080948,17408478,A,G,-,-,-,-,-,-,SCV001598515,-,-
1077963,single nucleotide variant,NM_000525.4(KCNJ11):c.1161T>C (p.Asp387=),3767,KCNJ11,HGNC:6257,Likely benign,0,"Feb 13, 2019",2133378589,-,RCV001396777,MedGen:C3661900,not provided,germline,germline,GRCh38,NC_000011.10,11,17386931,17386931,na,na,11p15.1,"criteria provided, single submitter",1,-,N,ClinGen:CA473514925,2,1080948,17386931,A,G,-,-,-,-,-,-,SCV001598515,-,-
1077964,single nucleotide variant,NM_000525.4(KCNJ11):c.1116C>T (p.Ser372=),3767,KCNJ11,HGNC:6257,Likely benign,0,"May 05, 2025",753294641,-,RCV001396827|RCV005419116,MedGen:C3661900|MedGen:CN169374,not provided|not specified,germline,germline,GRCh37,NC_000011.9,11,17408523,17408523,na,na,11p15.1,"criteria provided, multiple submitters, no conflicts",2,-,N,ClinGen:CA5902177,2,1080991,17408523,G,A,-,-,-,-,-,-,SCV001598565|SCV006086186,-,-
1077964,single nucleotide variant,NM_000525.4(KCNJ11):c.1116C>T (p.Ser372=),3767,KCNJ11,HGNC:6257,Likely benign,0,"May 05, 2025",753294641,-,RCV001396827|RCV005419116,MedGen:C3661900|MedGen:CN169374,not provided|not specified,germline,germline,GRCh38,NC_000011.10,11,17386976,17386976,na,na,11p15.1,"criteria provided, multiple submitters, no conflicts",2,-,N,ClinGen:CA5902177,2,1080991,17386976,G,A,-,-,-,-,-,-,SCV001598565|SCV006086186,-,-
1077965,single nucleotide variant,NM_000525.4(KCNJ11):c.763C>T (p.Leu255=),3767,KCNJ11,HGNC:6257,Likely benign,0,"Aug 20, 2020",1953577938,-,RCV001410714,MedGen:C3661900,not provided,germline,germline,GRCh37,NC_000011.9,11,17408876,17408876,na,na,11p15.1,"criteria provided, single submitter",1,-,N,ClinGen:CA473515443,2,1091289,17408876,G,A,-,-,-,-,-,-,SCV001612765,-,-
1077965,single nucleotide variant,NM_000525.4(KCNJ11):c.763C>T (p.Leu255=),3767,KCNJ11,HGNC:6257,Likely benign,0,"Aug 20, 2020",1953577938,-,RCV001410714,MedGen:C3661900,not provided,germline,germline,GRCh38,NC_000011.10,11,17387329,17387329,na,na,11p15.1,"criteria provided, single submitter",1,-,N,ClinGen:CA473515443,2,1091289,17387329,G,A,-,-,-,-,-,-,SCV001612765,-,-
1077966,single nucleotide variant,NM_000525.4(KCNJ11):c.753G>C (p.Leu251=),3767,KCNJ11,HGNC:6257,Likely benign,0,"Jun 08, 2023",370638485,-,RCV001407908,MedGen:C3661900,not provided,germline,germline,GRCh37,NC_000011.9,11,17408886,17408886,na,na,11p15.1,"criteria provided, single submitter",1,-,N,ClinGen:CA5902254,2,1089154,17408886,C,G,-,-,-,-,-,-,SCV001609893,-,-
1077966,single nucleotide variant,NM_000525.4(KCNJ11):c.753G>C (p.Leu251=),3767,KCNJ11,HGNC:6257,Likely benign,0,"Jun 08, 2023",370638485,-,RCV001407908,MedGen:C3661900,not provided,germline,germline,GRCh38,NC_000011.10,11,17387339,17387339,na,na,11p15.1,"criteria provided, single submitter",1,-,N,ClinGen:CA5902254,2,1089154,17387339,C,G,-,-,-,-,-,-,SCV001609893,-,-
1077967,single nucleotide variant,NM_000525.4(KCNJ11):c.729C>T (p.Gly243=),3767,KCNJ11,HGNC:6257,Likely benign,0,"Oct 22, 2024",752411054,-,RCV001409700,MedGen:C3661900,not provided,germline,germline,GRCh37,NC_000011.9,11,17408910,17408910,na,na,11p15.1,"criteria provided, single submitter",1,-,N,ClinGen:CA5902258,2,1090516,17408910,G,A,-,-,-,-,-,-,SCV001611732,-,-
1077967,single nucleotide variant,NM_000525.4(KCNJ11):c.729C>T (p.Gly243=),3767,KCNJ11,HGNC:6257,Likely benign,0,"Oct 22, 2024",752411054,-,RCV001409700,MedGen:C3661900,not provided,germline,germline,GRCh38,NC_000011.10,11,17387363,17387363,na,na,11p15.1,"criteria provided, single submitter",1,-,N,ClinGen:CA5902258,2,1090516,17387363,G,A,-,-,-,-,-,-,SCV001611732,-,-
1077968,single nucleotide variant,NM_000525.4(KCNJ11):c.537G>A (p.Glu179=),3767,KCNJ11,HGNC:6257,Likely benign,0,"Sep 08, 2023",2133380098,-,RCV001419563,MedGen:C3661900,not provided,germline,germline,GRCh37,NC_000011.9,11,17409102,17409102,na,na,11p15.1,"criteria provided, single submitter",1,-,N,ClinGen:CA473515494,2,1097837,17409102,C,T,-,-,-,-,-,-,SCV001621822,-,-
1077968,single nucleotide variant,NM_000525.4(KCNJ11):c.537G>A (p.Glu179=),3767,KCNJ11,HGNC:6257,Likely benign,0,"Sep 08, 2023",2133380098,-,RCV001419563,MedGen:C3661900,not provided,germline,germline,GRCh38,NC_000011.10,11,17387555,17387555,na,na,11p15.1,"criteria provided, single submitter",1,-,N,ClinGen:CA473515494,2,1097837,17387555,C,T,-,-,-,-,-,-,SCV001621822,-,-
1077969,single nucleotide variant,NM_000525.4(KCNJ11):c.459C>T (p.Asn153=),3767,KCNJ11,HGNC:6257,Likely benign,0,"Mar 20, 2024",1249142709,-,RCV001414526,MedGen:C3661900,not provided,germline,germline,GRCh37,NC_000011.9,11,17409180,17409180,na,na,11p15.1,"criteria provided, single submitter",1,-,N,ClinGen:CA473515539,2,1094107,17409180,G,A,-,-,-,-,-,-,SCV001616665,-,-
1077969,single nucleotide variant,NM_000525.4(KCNJ11):c.459C>T (p.Asn153=),3767,KCNJ11,HGNC:6257,Likely benign,0,"Mar 20, 2024",1249142709,-,RCV001414526,MedGen:C3661900,not provided,germline,germline,GRCh38,NC_000011.10,11,17387633,17387633,na,na,11p15.1,"criteria provided, single submitter",1,-,N,ClinGen:CA473515539,2,1094107,17387633,G,A,-,-,-,-,-,-,SCV001616665,-,-
1077970,single nucleotide variant,NM_000525.4(KCNJ11):c.87C>G (p.Arg29=),3767,KCNJ11,HGNC:6257,Likely benign,0,"Oct 17, 2023",539327013,-,RCV001396434,MedGen:C3661900,not provided,germline,germline,GRCh37,NC_000011.9,11,17409552,17409552,na,na,11p15.1,"criteria provided, single submitter",1,-,N,ClinGen:CA218400177,2,1080713,17409552,G,C,-,-,-,-,-,-,SCV001598165,-,-
1077970,single nucleotide variant,NM_000525.4(KCNJ11):c.87C>G (p.Arg29=),3767,KCNJ11,HGNC:6257,Likely benign,0,"Oct 17, 2023",539327013,-,RCV001396434,MedGen:C3661900,not provided,germline,germline,GRCh38,NC_000011.10,11,17388005,17388005,na,na,11p15.1,"criteria provided, single submitter",1,-,N,ClinGen:CA218400177,2,1080713,17388005,G,C,-,-,-,-,-,-,SCV001598165,-,-
1077971,single nucleotide variant,NM_000352.6(ABCC8):c.4722C>T (p.Ala1574=),6833,ABCC8,HGNC:59,Likely benign,0,"Mar 19, 2024",1237790382,-,RCV001395963,MedGen:C3661900,not provided,germline,germline,GRCh37,NC_000011.9,11,17414562,17414562,na,na,11p15.1,"criteria provided, single submitter",1,-,N,ClinGen:CA473297928,2,1080359,17414562,G,A,-,-,-,-,-,-,SCV001597682,-,-
1077971,single nucleotide variant,NM_000352.6(ABCC8):c.4722C>T (p.Ala1574=),6833,ABCC8,HGNC:59,Likely benign,0,"Mar 19, 2024",1237790382,-,RCV001395963,MedGen:C3661900,not provided,germline,germline,GRCh38,NC_000011.10,11,17393015,17393015,na,na,11p15.1,"criteria provided, single submitter",1,-,N,ClinGen:CA473297928,2,1080359,17393015,G,A,-,-,-,-,-,-,SCV001597682,-,-
1077972,single nucleotide variant,NM_000352.6(ABCC8):c.4707G>A (p.Lys1569=),6833,ABCC8,HGNC:59,Likely benign,0,"Nov 24, 2023",192371917,-,RCV001419927,MedGen:C3661900,not provided,germline,germline,GRCh37,NC_000011.9,11,17414577,17414577,na,na,11p15.1,"criteria provided, single submitter",1,-,N,ClinGen:CA5902379,2,1098089,17414577,C,T,-,-,-,-,-,-,SCV001622195,-,-
1077972,single nucleotide variant,NM_000352.6(ABCC8):c.4707G>A (p.Lys1569=),6833,ABCC8,HGNC:59,Likely benign,0,"Nov 24, 2023",192371917,-,RCV001419927,MedGen:C3661900,not provided,germline,germline,GRCh38,NC_000011.10,11,17393030,17393030,na,na,11p15.1,"criteria provided, single submitter",1,-,N,ClinGen:CA5902379,2,1098089,17393030,C,T,-,-,-,-,-,-,SCV001622195,-,-
1077973,single nucleotide variant,NM_000352.6(ABCC8):c.4677C>T (p.Phe1559=),6833,ABCC8,HGNC:59,Likely benign,0,"Sep 03, 2024",771106160,-,RCV001414609|RCV002493977|RCV003479328,"MedGen:C3661900|MONDO:MONDO:0009415,MedGen:C0271714,OMIM:240800;MONDO:MONDO:0012480,MedGen:C1835887,OMIM:610374,Orphanet:99886;Human Phenotype Ontology:HP:0005965,Human Phenotype Ontology:HP:0005978,Human Phenotype Ontology:HP:0100652,MONDO:MONDO:0005148,MeSH:D003924,MedGen:C0011860,OMIM:125853;MONDO:MONDO:0009734,MedGen:C2931832,OMIM:256450,Orphanet:276575,Orphanet:276598;MONDO:MONDO:0030088,MedGen:C5394303,OMIM:618857|MedGen:CN169374","not provided|Leucine-induced hypoglycemia;Diabetes mellitus, transient neonatal, 2;Type 2 diabetes mellitus;Hyperinsulinemic hypoglycemia, familial, 1;Diabetes mellitus, permanent neonatal 3|not specified",germline;unknown,germline,GRCh37,NC_000011.9,11,17414607,17414607,na,na,11p15.1,"criteria provided, multiple submitters, no conflicts",3,-,N,ClinGen:CA5902385,2,1094174,17414607,G,A,-,-,-,-,-,-,SCV001616748|SCV002797923|SCV004222905,-,-
1077973,single nucleotide variant,NM_000352.6(ABCC8):c.4677C>T (p.Phe1559=),6833,ABCC8,HGNC:59,Likely benign,0,"Sep 03, 2024",771106160,-,RCV001414609|RCV002493977|RCV003479328,"MedGen:C3661900|MONDO:MONDO:0009415,MedGen:C0271714,OMIM:240800;MONDO:MONDO:0012480,MedGen:C1835887,OMIM:610374,Orphanet:99886;Human Phenotype Ontology:HP:0005965,Human Phenotype Ontology:HP:0005978,Human Phenotype Ontology:HP:0100652,MONDO:MONDO:0005148,MeSH:D003924,MedGen:C0011860,OMIM:125853;MONDO:MONDO:0009734,MedGen:C2931832,OMIM:256450,Orphanet:276575,Orphanet:276598;MONDO:MONDO:0030088,MedGen:C5394303,OMIM:618857|MedGen:CN169374","not provided|Leucine-induced hypoglycemia;Diabetes mellitus, transient neonatal, 2;Type 2 diabetes mellitus;Hyperinsulinemic hypoglycemia, familial, 1;Diabetes mellitus, permanent neonatal 3|not specified",germline;unknown,germline,GRCh38,NC_000011.10,11,17393060,17393060,na,na,11p15.1,"criteria provided, multiple submitters, no conflicts",3,-,N,ClinGen:CA5902385,2,1094174,17393060,G,A,-,-,-,-,-,-,SCV001616748|SCV002797923|SCV004222905,-,-
1077974,single nucleotide variant,NM_000352.6(ABCC8):c.4674G>A (p.Glu1558=),6833,ABCC8,HGNC:59,Likely benign,0,"May 21, 2023",2133390078,-,RCV001394261,MedGen:C3661900,not provided,germline,germline,GRCh37,NC_000011.9,11,17414610,17414610,na,na,11p15.1,"criteria provided, single submitter",1,-,N,ClinGen:CA473297953,2,1079112,17414610,C,T,-,-,-,-,-,-,SCV001595943,-,-
1077974,single nucleotide variant,NM_000352.6(ABCC8):c.4674G>A (p.Glu1558=),6833,ABCC8,HGNC:59,Likely benign,0,"May 21, 2023",2133390078,-,RCV001394261,MedGen:C3661900,not provided,germline,germline,GRCh38,NC_000011.10,11,17393063,17393063,na,na,11p15.1,"criteria provided, single submitter",1,-,N,ClinGen:CA473297953,2,1079112,17393063,C,T,-,-,-,-,-,-,SCV001595943,-,-
1077975,single nucleotide variant,NM_000352.6(ABCC8):c.4609-10C>T,6833,ABCC8,HGNC:59,Likely benign,0,"Feb 08, 2019",2133390334,-,RCV001395899,MedGen:C3661900,not provided,germline,germline,GRCh37,NC_000011.9,11,17414685,17414685,na,na,11p15.1,"criteria provided, single submitter",1,-,N,ClinGen:CA2499220819,2,1080302,17414685,G,A,-,-,-,-,-,-,SCV001597617,-,-
1077975,single nucleotide variant,NM_000352.6(ABCC8):c.4609-10C>T,6833,ABCC8,HGNC:59,Likely benign,0,"Feb 08, 2019",2133390334,-,RCV001395899,MedGen:C3661900,not provided,germline,germline,GRCh38,NC_000011.10,11,17393138,17393138,na,na,11p15.1,"criteria provided, single submitter",1,-,N,ClinGen:CA2499220819,2,1080302,17393138,G,A,-,-,-,-,-,-,SCV001597617,-,-
1077976,single nucleotide variant,NM_000352.6(ABCC8):c.4608+9C>G,6833,ABCC8,HGNC:59,Likely benign,0,"Nov 02, 2023",757297282,-,RCV001412310,MedGen:C3661900,not provided,germline,germline,GRCh37,NC_000011.9,11,17415235,17415235,na,na,11p15.1,"criteria provided, single submitter",1,-,N,ClinGen:CA5902419,2,1092452,17415235,G,C,-,-,-,-,-,-,SCV001614391,-,-
1077976,single nucleotide variant,NM_000352.6(ABCC8):c.4608+9C>G,6833,ABCC8,HGNC:59,Likely benign,0,"Nov 02, 2023",757297282,-,RCV001412310,MedGen:C3661900,not provided,germline,germline,GRCh38,NC_000011.10,11,17393688,17393688,na,na,11p15.1,"criteria provided, single submitter",1,-,N,ClinGen:CA5902419,2,1092452,17393688,G,C,-,-,-,-,-,-,SCV001614391,-,-
1077977,single nucleotide variant,NM_000352.6(ABCC8):c.4608+9C>A,6833,ABCC8,HGNC:59,Likely benign,0,"Jan 26, 2022",757297282,-,RCV001417214,MedGen:C3661900,not provided,germline,germline,GRCh37,NC_000011.9,11,17415235,17415235,na,na,11p15.1,"criteria provided, single submitter",1,-,N,ClinGen:CA2499220820,2,1096081,17415235,G,T,-,-,-,-,-,-,SCV001619412,-,-
1077977,single nucleotide variant,NM_000352.6(ABCC8):c.4608+9C>A,6833,ABCC8,HGNC:59,Likely benign,0,"Jan 26, 2022",757297282,-,RCV001417214,MedGen:C3661900,not provided,germline,germline,GRCh38,NC_000011.10,11,17393688,17393688,na,na,11p15.1,"criteria provided, single submitter",1,-,N,ClinGen:CA2499220820,2,1096081,17393688,G,T,-,-,-,-,-,-,SCV001619412,-,-
1077978,single nucleotide variant,NM_000352.6(ABCC8):c.4515C>T (p.Asp1505=),6833,ABCC8,HGNC:59,Likely benign,0,"Jan 06, 2025",751591418,-,RCV001406189|RCV004952874,"MedGen:C3661900|MeSH:D030342,MedGen:C0950123",not provided|Inborn genetic diseases,germline,germline,GRCh37,NC_000011.9,11,17415843,17415843,na,na,11p15.1,"criteria provided, multiple submitters, no conflicts",2,-,N,ClinGen:CA5902458,2,1087902,17415843,G,A,-,-,-,-,-,-,SCV001608139|SCV005452147,-,-
1077978,single nucleotide variant,NM_000352.6(ABCC8):c.4515C>T (p.Asp1505=),6833,ABCC8,HGNC:59,Likely benign,0,"Jan 06, 2025",751591418,-,RCV001406189|RCV004952874,"MedGen:C3661900|MeSH:D030342,MedGen:C0950123",not provided|Inborn genetic diseases,germline,germline,GRCh38,NC_000011.10,11,17394296,17394296,na,na,11p15.1,"criteria provided, multiple submitters, no conflicts",2,-,N,ClinGen:CA5902458,2,1087902,17394296,G,A,-,-,-,-,-,-,SCV001608139|SCV005452147,-,-
1077979,single nucleotide variant,NM_000352.6(ABCC8):c.4476C>T (p.Ala1492=),6833,ABCC8,HGNC:59,Likely benign,0,"Jan 18, 2026",776110275,-,RCV001409717,MedGen:C3661900,not provided,germline,germline,GRCh37,NC_000011.9,11,17415882,17415882,na,na,11p15.1,"criteria provided, single submitter",1,-,N,ClinGen:CA5902467,2,1090533,17415882,G,A,-,-,-,-,-,-,SCV001611749,-,-
1077979,single nucleotide variant,NM_000352.6(ABCC8):c.4476C>T (p.Ala1492=),6833,ABCC8,HGNC:59,Likely benign,0,"Jan 18, 2026",776110275,-,RCV001409717,MedGen:C3661900,not provided,germline,germline,GRCh38,NC_000011.10,11,17394335,17394335,na,na,11p15.1,"criteria provided, single submitter",1,-,N,ClinGen:CA5902467,2,1090533,17394335,G,A,-,-,-,-,-,-,SCV001611749,-,-
1077980,single nucleotide variant,NM_000352.6(ABCC8):c.4392G>A (p.Lys1464=),6833,ABCC8,HGNC:59,Likely benign,0,"Jun 03, 2021",2133398226,-,RCV001418690,MedGen:C3661900,not provided,germline,germline,GRCh37,NC_000011.9,11,17416738,17416738,na,na,11p15.1,"criteria provided, single submitter",1,-,N,ClinGen:CA473298144,2,1097214,17416738,C,T,-,-,-,-,-,-,SCV001620924,-,-
1077980,single nucleotide variant,NM_000352.6(ABCC8):c.4392G>A (p.Lys1464=),6833,ABCC8,HGNC:59,Likely benign,0,"Jun 03, 2021",2133398226,-,RCV001418690,MedGen:C3661900,not provided,germline,germline,GRCh38,NC_000011.10,11,17395191,17395191,na,na,11p15.1,"criteria provided, single submitter",1,-,N,ClinGen:CA473298144,2,1097214,17395191,C,T,-,-,-,-,-,-,SCV001620924,-,-
1077981,single nucleotide variant,NM_000352.6(ABCC8):c.4389G>A (p.Val1463=),6833,ABCC8,HGNC:59,Likely benign,0,"Aug 10, 2023",1014389339,-,RCV001396539,MedGen:C3661900,not provided,germline,germline,GRCh37,NC_000011.9,11,17416741,17416741,na,na,11p15.1,"criteria provided, single submitter",1,-,N,ClinGen:CA218407543,2,1080815,17416741,C,T,-,-,-,-,-,-,SCV001598270,-,-
1077981,single nucleotide variant,NM_000352.6(ABCC8):c.4389G>A (p.Val1463=),6833,ABCC8,HGNC:59,Likely benign,0,"Aug 10, 2023",1014389339,-,RCV001396539,MedGen:C3661900,not provided,germline,germline,GRCh38,NC_000011.10,11,17395194,17395194,na,na,11p15.1,"criteria provided, single submitter",1,-,N,ClinGen:CA218407543,2,1080815,17395194,C,T,-,-,-,-,-,-,SCV001598270,-,-
1077982,single nucleotide variant,NM_000352.6(ABCC8):c.4284C>T (p.Pro1428=),6833,ABCC8,HGNC:59,Likely benign,0,"Jan 22, 2026",986616476,-,RCV001418427|RCV004540292,MedGen:C3661900|,not provided|ABCC8-related disorder,germline,germline,GRCh37,NC_000011.9,11,17417180,17417180,na,na,11p15.1,"criteria provided, single submitter",2,-,N,ClinGen:CA218407947,2,1096994,17417180,G,A,-,-,-,-,-,-,SCV001620655,-,-
1077982,single nucleotide variant,NM_000352.6(ABCC8):c.4284C>T (p.Pro1428=),6833,ABCC8,HGNC:59,Likely benign,0,"Jan 22, 2026",986616476,-,RCV001418427|RCV004540292,MedGen:C3661900|,not provided|ABCC8-related disorder,germline,germline,GRCh38,NC_000011.10,11,17395633,17395633,na,na,11p15.1,"criteria provided, single submitter",2,-,N,ClinGen:CA218407947,2,1096994,17395633,G,A,-,-,-,-,-,-,SCV001620655,-,-
1077983,single nucleotide variant,NM_000352.6(ABCC8):c.4161C>T (p.Phe1387=),6833,ABCC8,HGNC:59,Likely benign,0,"Oct 07, 2020",2133402417,-,RCV001405279,MedGen:C3661900,not provided,germline,germline,GRCh37,NC_000011.9,11,17417436,17417436,na,na,11p15.1,"criteria provided, single submitter",1,-,N,ClinGen:CA473298297,2,1087240,17417436,G,A,-,-,-,-,-,-,SCV001607197,-,-
1077983,single nucleotide variant,NM_000352.6(ABCC8):c.4161C>T (p.Phe1387=),6833,ABCC8,HGNC:59,Likely benign,0,"Oct 07, 2020",2133402417,-,RCV001405279,MedGen:C3661900,not provided,germline,germline,GRCh38,NC_000011.10,11,17395889,17395889,na,na,11p15.1,"criteria provided, single submitter",1,-,N,ClinGen:CA473298297,2,1087240,17395889,G,A,-,-,-,-,-,-,SCV001607197,-,-
1077984,single nucleotide variant,NM_000352.6(ABCC8):c.4155C>A (p.Ser1385=),6833,ABCC8,HGNC:59,Likely benign,0,"Jul 03, 2023",1007114942,-,RCV001411422,MedGen:C3661900,not provided,germline,germline,GRCh37,NC_000011.9,11,17417442,17417442,na,na,11p15.1,"criteria provided, single submitter",1,-,N,ClinGen:CA473298302,2,1091791,17417442,G,T,-,-,-,-,-,-,SCV001613485,-,-
1077984,single nucleotide variant,NM_000352.6(ABCC8):c.4155C>A (p.Ser1385=),6833,ABCC8,HGNC:59,Likely benign,0,"Jul 03, 2023",1007114942,-,RCV001411422,MedGen:C3661900,not provided,germline,germline,GRCh38,NC_000011.10,11,17395895,17395895,na,na,11p15.1,"criteria provided, single submitter",1,-,N,ClinGen:CA473298302,2,1091791,17395895,G,T,-,-,-,-,-,-,SCV001613485,-,-
1077985,single nucleotide variant,NM_000352.6(ABCC8):c.4140C>G (p.Thr1380=),6833,ABCC8,HGNC:59,Benign/Likely benign,0,"Nov 14, 2024",574684578,-,RCV001408049|RCV004797944,"MedGen:C3661900|MONDO:MONDO:0978299,MedGen:C6012723,OMIM:621196","not provided|Maturity-onset diabetes of the young, type 12",de novo;germline,germline,GRCh37,NC_000011.9,11,17417457,17417457,na,na,11p15.1,"criteria provided, multiple submitters, no conflicts",2,-,N,ClinGen:CA5902553,2,1089284,17417457,G,C,-,-,-,-,-,-,SCV001610036|SCV005419184,-,-
1077985,single nucleotide variant,NM_000352.6(ABCC8):c.4140C>G (p.Thr1380=),6833,ABCC8,HGNC:59,Benign/Likely benign,0,"Nov 14, 2024",574684578,-,RCV001408049|RCV004797944,"MedGen:C3661900|MONDO:MONDO:0978299,MedGen:C6012723,OMIM:621196","not provided|Maturity-onset diabetes of the young, type 12",de novo;germline,germline,GRCh38,NC_000011.10,11,17395910,17395910,na,na,11p15.1,"criteria provided, multiple submitters, no conflicts",2,-,N,ClinGen:CA5902553,2,1089284,17395910,G,C,-,-,-,-,-,-,SCV001610036|SCV005419184,-,-
1077986,single nucleotide variant,NM_000352.6(ABCC8):c.4101C>T (p.Leu1367=),6833,ABCC8,HGNC:59,Likely benign,0,"Dec 03, 2023",1213265524,-,RCV001408066,MedGen:C3661900,not provided,germline,germline,GRCh37,NC_000011.9,11,17418481,17418481,na,na,11p15.1,"criteria provided, single submitter",1,-,N,ClinGen:CA473298441,2,1089301,17418481,G,A,-,-,-,-,-,-,SCV001610053,-,-
1077986,single nucleotide variant,NM_000352.6(ABCC8):c.4101C>T (p.Leu1367=),6833,ABCC8,HGNC:59,Likely benign,0,"Dec 03, 2023",1213265524,-,RCV001408066,MedGen:C3661900,not provided,germline,germline,GRCh38,NC_000011.10,11,17396934,17396934,na,na,11p15.1,"criteria provided, single submitter",1,-,N,ClinGen:CA473298441,2,1089301,17396934,G,A,-,-,-,-,-,-,SCV001610053,-,-
1077987,single nucleotide variant,NM_000352.6(ABCC8):c.3927G>A (p.Gly1309=),6833,ABCC8,HGNC:59,Likely benign,0,"Aug 18, 2022",1409484250,-,RCV001400446,MedGen:C3661900,not provided,germline,germline,GRCh37,NC_000011.9,11,17418801,17418801,na,na,11p15.1,"criteria provided, single submitter",1,-,N,ClinGen:CA473298671,2,1083707,17418801,C,T,-,-,-,-,-,-,SCV001602250,-,-
1077987,single nucleotide variant,NM_000352.6(ABCC8):c.3927G>A (p.Gly1309=),6833,ABCC8,HGNC:59,Likely benign,0,"Aug 18, 2022",1409484250,-,RCV001400446,MedGen:C3661900,not provided,germline,germline,GRCh38,NC_000011.10,11,17397254,17397254,na,na,11p15.1,"criteria provided, single submitter",1,-,N,ClinGen:CA473298671,2,1083707,17397254,C,T,-,-,-,-,-,-,SCV001602250,-,-
1077988,single nucleotide variant,NM_000352.6(ABCC8):c.3909C>T (p.Asp1303=),6833,ABCC8,HGNC:59,Likely benign,0,"Oct 23, 2023",1015622529,-,RCV001399556|RCV004037803,"MedGen:C3661900|MeSH:D030342,MedGen:C0950123",not provided|Inborn genetic diseases,germline,germline,GRCh37,NC_000011.9,11,17418819,17418819,na,na,11p15.1,"criteria provided, multiple submitters, no conflicts",2,-,N,ClinGen:CA218410051,2,1083030,17418819,G,A,-,-,-,-,-,-,SCV001601346|SCV005034517,-,-
1077988,single nucleotide variant,NM_000352.6(ABCC8):c.3909C>T (p.Asp1303=),6833,ABCC8,HGNC:59,Likely benign,0,"Oct 23, 2023",1015622529,-,RCV001399556|RCV004037803,"MedGen:C3661900|MeSH:D030342,MedGen:C0950123",not provided|Inborn genetic diseases,germline,germline,GRCh38,NC_000011.10,11,17397272,17397272,na,na,11p15.1,"criteria provided, multiple submitters, no conflicts",2,-,N,ClinGen:CA218410051,2,1083030,17397272,G,A,-,-,-,-,-,-,SCV001601346|SCV005034517,-,-
1077989,single nucleotide variant,NM_000352.6(ABCC8):c.3868-4A>G,6833,ABCC8,HGNC:59,Likely benign,0,"Nov 13, 2023",1953988886,-,RCV001393312,MedGen:C3661900,not provided,germline,germline,GRCh37,NC_000011.9,11,17418864,17418864,na,na,11p15.1,"criteria provided, single submitter",1,-,N,ClinGen:CA1955124097,2,1078383,17418864,T,C,-,-,-,-,-,-,SCV001594973,-,-
1077989,single nucleotide variant,NM_000352.6(ABCC8):c.3868-4A>G,6833,ABCC8,HGNC:59,Likely benign,0,"Nov 13, 2023",1953988886,-,RCV001393312,MedGen:C3661900,not provided,germline,germline,GRCh38,NC_000011.10,11,17397317,17397317,na,na,11p15.1,"criteria provided, single submitter",1,-,N,ClinGen:CA1955124097,2,1078383,17397317,T,C,-,-,-,-,-,-,SCV001594973,-,-
1077990,single nucleotide variant,NM_000352.6(ABCC8):c.3867+7G>C,6833,ABCC8,HGNC:59,Likely benign,0,"May 05, 2020",372198547,-,RCV001412017|RCV004531254,MedGen:C3661900|,not provided|ABCC8-related disorder,germline,germline,GRCh37,NC_000011.9,11,17419224,17419224,na,na,11p15.1,"criteria provided, single submitter",2,-,N,ClinGen:CA2499220816,2,1092255,17419224,C,G,-,-,-,-,-,-,SCV001614089,-,-
1077990,single nucleotide variant,NM_000352.6(ABCC8):c.3867+7G>C,6833,ABCC8,HGNC:59,Likely benign,0,"May 05, 2020",372198547,-,RCV001412017|RCV004531254,MedGen:C3661900|,not provided|ABCC8-related disorder,germline,germline,GRCh38,NC_000011.10,11,17397677,17397677,na,na,11p15.1,"criteria provided, single submitter",2,-,N,ClinGen:CA2499220816,2,1092255,17397677,C,G,-,-,-,-,-,-,SCV001614089,-,-
1077991,single nucleotide variant,NM_000352.6(ABCC8):c.3855C>T (p.Thr1285=),6833,ABCC8,HGNC:59,Likely benign,0,"Jan 19, 2024",56924677,-,RCV001405231,MedGen:C3661900,not provided,germline,germline,GRCh37,NC_000011.9,11,17419243,17419243,na,na,11p15.1,"criteria provided, single submitter",1,-,N,ClinGen:CA5902683,2,1087195,17419243,G,A,-,-,-,-,-,-,SCV001607149,-,-
1077991,single nucleotide variant,NM_000352.6(ABCC8):c.3855C>T (p.Thr1285=),6833,ABCC8,HGNC:59,Likely benign,0,"Jan 19, 2024",56924677,-,RCV001405231,MedGen:C3661900,not provided,germline,germline,GRCh38,NC_000011.10,11,17397696,17397696,na,na,11p15.1,"criteria provided, single submitter",1,-,N,ClinGen:CA5902683,2,1087195,17397696,G,A,-,-,-,-,-,-,SCV001607149,-,-
1077992,single nucleotide variant,NM_000352.6(ABCC8):c.3762C>T (p.Ile1254=),6833,ABCC8,HGNC:59,Likely benign,0,"May 19, 2025",761017115,-,RCV001392850,MedGen:C3661900,not provided,germline,germline,GRCh37,NC_000011.9,11,17419336,17419336,na,na,11p15.1,"criteria provided, single submitter",1,-,N,ClinGen:CA5902695,2,1078051,17419336,G,A,-,-,-,-,-,-,SCV001594499,-,-
1077992,single nucleotide variant,NM_000352.6(ABCC8):c.3762C>T (p.Ile1254=),6833,ABCC8,HGNC:59,Likely benign,0,"May 19, 2025",761017115,-,RCV001392850,MedGen:C3661900,not provided,germline,germline,GRCh38,NC_000011.10,11,17397789,17397789,na,na,11p15.1,"criteria provided, single submitter",1,-,N,ClinGen:CA5902695,2,1078051,17397789,G,A,-,-,-,-,-,-,SCV001594499,-,-
1077993,single nucleotide variant,NM_000352.6(ABCC8):c.3754-8C>T,6833,ABCC8,HGNC:59,Likely benign,0,"Nov 29, 2019",2133411706,-,RCV001411093,MedGen:C3661900,not provided,germline,germline,GRCh37,NC_000011.9,11,17419352,17419352,na,na,11p15.1,"criteria provided, single submitter",1,-,N,ClinGen:CA2499220817,2,1091555,17419352,G,A,-,-,-,-,-,-,SCV001613150,-,-
1077993,single nucleotide variant,NM_000352.6(ABCC8):c.3754-8C>T,6833,ABCC8,HGNC:59,Likely benign,0,"Nov 29, 2019",2133411706,-,RCV001411093,MedGen:C3661900,not provided,germline,germline,GRCh38,NC_000011.10,11,17397805,17397805,na,na,11p15.1,"criteria provided, single submitter",1,-,N,ClinGen:CA2499220817,2,1091555,17397805,G,A,-,-,-,-,-,-,SCV001613150,-,-
1077994,single nucleotide variant,NM_000352.6(ABCC8):c.3717C>T (p.Phe1239=),6833,ABCC8,HGNC:59,Likely benign,0,"Feb 29, 2020",1210628924,-,RCV001397302,MedGen:C3661900,not provided,germline,germline,GRCh37,NC_000011.9,11,17419922,17419922,na,na,11p15.1,"criteria provided, single submitter",1,-,N,ClinGen:CA473298996,2,1081348,17419922,G,A,-,-,-,-,-,-,SCV001599047,-,-
1077994,single nucleotide variant,NM_000352.6(ABCC8):c.3717C>T (p.Phe1239=),6833,ABCC8,HGNC:59,Likely benign,0,"Feb 29, 2020",1210628924,-,RCV001397302,MedGen:C3661900,not provided,germline,germline,GRCh38,NC_000011.10,11,17398375,17398375,na,na,11p15.1,"criteria provided, single submitter",1,-,N,ClinGen:CA473298996,2,1081348,17398375,G,A,-,-,-,-,-,-,SCV001599047,-,-
1077995,single nucleotide variant,NM_000352.6(ABCC8):c.3564G>A (p.Leu1188=),6833,ABCC8,HGNC:59,Likely benign,0,"May 11, 2022",751836972,-,RCV001398204,MedGen:C3661900,not provided,germline,germline,GRCh37,NC_000011.9,11,17424294,17424294,na,na,11p15.1,"criteria provided, single submitter",1,-,N,ClinGen:CA5902765,2,1082033,17424294,C,T,-,-,-,-,-,-,SCV001599971,-,-
1077995,single nucleotide variant,NM_000352.6(ABCC8):c.3564G>A (p.Leu1188=),6833,ABCC8,HGNC:59,Likely benign,0,"May 11, 2022",751836972,-,RCV001398204,MedGen:C3661900,not provided,germline,germline,GRCh38,NC_000011.10,11,17402747,17402747,na,na,11p15.1,"criteria provided, single submitter",1,-,N,ClinGen:CA5902765,2,1082033,17402747,C,T,-,-,-,-,-,-,SCV001599971,-,-
1077996,single nucleotide variant,NM_000352.6(ABCC8):c.3492C>T (p.Leu1164=),6833,ABCC8,HGNC:59,Likely benign,0,"Aug 19, 2025",376769951,-,RCV001417601,MedGen:C3661900,not provided,germline,germline,GRCh37,NC_000011.9,11,17426124,17426124,na,na,11p15.1,"criteria provided, single submitter",1,-,N,ClinGen:CA5902796,2,1096363,17426124,G,A,-,-,-,-,-,-,SCV001619806,-,-
1077996,single nucleotide variant,NM_000352.6(ABCC8):c.3492C>T (p.Leu1164=),6833,ABCC8,HGNC:59,Likely benign,0,"Aug 19, 2025",376769951,-,RCV001417601,MedGen:C3661900,not provided,germline,germline,GRCh38,NC_000011.10,11,17404577,17404577,na,na,11p15.1,"criteria provided, single submitter",1,-,N,ClinGen:CA5902796,2,1096363,17404577,G,A,-,-,-,-,-,-,SCV001619806,-,-
1077997,single nucleotide variant,NM_000352.6(ABCC8):c.3489C>T (p.Phe1163=),6833,ABCC8,HGNC:59,Likely benign,0,"Dec 21, 2019",1456297535,-,RCV001395157,MedGen:C3661900,not provided,germline,germline,GRCh37,NC_000011.9,11,17426127,17426127,na,na,11p15.1,"criteria provided, single submitter",1,-,N,ClinGen:CA473299663,2,1079764,17426127,G,A,-,-,-,-,-,-,SCV001596859,-,-
1077997,single nucleotide variant,NM_000352.6(ABCC8):c.3489C>T (p.Phe1163=),6833,ABCC8,HGNC:59,Likely benign,0,"Dec 21, 2019",1456297535,-,RCV001395157,MedGen:C3661900,not provided,germline,germline,GRCh38,NC_000011.10,11,17404580,17404580,na,na,11p15.1,"criteria provided, single submitter",1,-,N,ClinGen:CA473299663,2,1079764,17404580,G,A,-,-,-,-,-,-,SCV001596859,-,-
1077998,single nucleotide variant,NM_000352.6(ABCC8):c.3456C>A (p.Ala1152=),6833,ABCC8,HGNC:59,Likely benign,0,"Dec 06, 2024",1044800524,-,RCV001402090|RCV005237785,MedGen:C3661900|MedGen:CN169374,not provided|not specified,germline,germline,GRCh37,NC_000011.9,11,17426160,17426160,na,na,11p15.1,"criteria provided, multiple submitters, no conflicts",2,-,N,ClinGen:CA218417373,2,1084891,17426160,G,T,-,-,-,-,-,-,SCV001603934|SCV005883147,-,-
1077998,single nucleotide variant,NM_000352.6(ABCC8):c.3456C>A (p.Ala1152=),6833,ABCC8,HGNC:59,Likely benign,0,"Dec 06, 2024",1044800524,-,RCV001402090|RCV005237785,MedGen:C3661900|MedGen:CN169374,not provided|not specified,germline,germline,GRCh38,NC_000011.10,11,17404613,17404613,na,na,11p15.1,"criteria provided, multiple submitters, no conflicts",2,-,N,ClinGen:CA218417373,2,1084891,17404613,G,T,-,-,-,-,-,-,SCV001603934|SCV005883147,-,-
1077999,single nucleotide variant,NM_000352.6(ABCC8):c.3243G>T (p.Thr1081=),6833,ABCC8,HGNC:59,Likely benign,0,"Feb 05, 2022",771538281,-,RCV001417356,MedGen:C3661900,not provided,germline,germline,GRCh37,NC_000011.9,11,17428255,17428255,na,na,11p15.1,"criteria provided, single submitter",1,-,N,ClinGen:CA5902879,2,1096214,17428255,C,A,-,-,-,-,-,-,SCV001619556,-,-
1077999,single nucleotide variant,NM_000352.6(ABCC8):c.3243G>T (p.Thr1081=),6833,ABCC8,HGNC:59,Likely benign,0,"Feb 05, 2022",771538281,-,RCV001417356,MedGen:C3661900,not provided,germline,germline,GRCh38,NC_000011.10,11,17406708,17406708,na,na,11p15.1,"criteria provided, single submitter",1,-,N,ClinGen:CA5902879,2,1096214,17406708,C,A,-,-,-,-,-,-,SCV001619556,-,-
1078000,single nucleotide variant,NM_000352.6(ABCC8):c.3231G>A (p.Leu1077=),6833,ABCC8,HGNC:59,Likely benign,0,"Aug 25, 2022",2133445595,-,RCV001399907,MedGen:C3661900,not provided,germline,germline,GRCh37,NC_000011.9,11,17428267,17428267,na,na,11p15.1,"criteria provided, single submitter",1,-,N,ClinGen:CA473515848,2,1083278,17428267,C,T,-,-,-,-,-,-,SCV001601708,-,-
1078000,single nucleotide variant,NM_000352.6(ABCC8):c.3231G>A (p.Leu1077=),6833,ABCC8,HGNC:59,Likely benign,0,"Aug 25, 2022",2133445595,-,RCV001399907,MedGen:C3661900,not provided,germline,germline,GRCh38,NC_000011.10,11,17406720,17406720,na,na,11p15.1,"criteria provided, single submitter",1,-,N,ClinGen:CA473515848,2,1083278,17406720,C,T,-,-,-,-,-,-,SCV001601708,-,-
1078001,single nucleotide variant,NM_000352.6(ABCC8):c.3204G>C (p.Thr1068=),6833,ABCC8,HGNC:59,Likely benign,0,"Dec 23, 2025",760793070,-,RCV001403045,MedGen:C3661900,not provided,germline,germline,GRCh37,NC_000011.9,11,17428294,17428294,na,na,11p15.1,"criteria provided, single submitter",1,-,N,ClinGen:CA5902884,2,1085587,17428294,C,G,-,-,-,-,-,-,SCV001604906,-,-
1078001,single nucleotide variant,NM_000352.6(ABCC8):c.3204G>C (p.Thr1068=),6833,ABCC8,HGNC:59,Likely benign,0,"Dec 23, 2025",760793070,-,RCV001403045,MedGen:C3661900,not provided,germline,germline,GRCh38,NC_000011.10,11,17406747,17406747,na,na,11p15.1,"criteria provided, single submitter",1,-,N,ClinGen:CA5902884,2,1085587,17406747,C,G,-,-,-,-,-,-,SCV001604906,-,-
1078002,single nucleotide variant,NM_000352.6(ABCC8):c.3117C>T (p.Ser1039=),6833,ABCC8,HGNC:59,Likely benign,0,"Jan 16, 2024",199723884,-,RCV001408852,MedGen:C3661900,not provided,germline,germline,GRCh37,NC_000011.9,11,17428480,17428480,na,na,11p15.1,"criteria provided, single submitter",1,-,N,ClinGen:CA5902918,2,1089885,17428480,G,A,-,-,-,-,-,-,SCV001610862,-,-
1078002,single nucleotide variant,NM_000352.6(ABCC8):c.3117C>T (p.Ser1039=),6833,ABCC8,HGNC:59,Likely benign,0,"Jan 16, 2024",199723884,-,RCV001408852,MedGen:C3661900,not provided,germline,germline,GRCh38,NC_000011.10,11,17406933,17406933,na,na,11p15.1,"criteria provided, single submitter",1,-,N,ClinGen:CA5902918,2,1089885,17406933,G,A,-,-,-,-,-,-,SCV001610862,-,-
1078003,single nucleotide variant,NM_000352.6(ABCC8):c.3033C>A (p.Leu1011=),6833,ABCC8,HGNC:59,Likely benign,0,"Oct 16, 2022",1366552614,-,RCV001406676,MedGen:C3661900,not provided,germline,germline,GRCh37,NC_000011.9,11,17428564,17428564,na,na,11p15.1,"criteria provided, single submitter",1,-,N,ClinGen:CA473515955,2,1088266,17428564,G,T,-,-,-,-,-,-,SCV001608632,-,-
1078003,single nucleotide variant,NM_000352.6(ABCC8):c.3033C>A (p.Leu1011=),6833,ABCC8,HGNC:59,Likely benign,0,"Oct 16, 2022",1366552614,-,RCV001406676,MedGen:C3661900,not provided,germline,germline,GRCh38,NC_000011.10,11,17407017,17407017,na,na,11p15.1,"criteria provided, single submitter",1,-,N,ClinGen:CA473515955,2,1088266,17407017,G,T,-,-,-,-,-,-,SCV001608632,-,-
1078004,single nucleotide variant,NM_000352.6(ABCC8):c.2921-10C>T,6833,ABCC8,HGNC:59,Likely benign,0,"Jan 11, 2026",774744232,-,RCV001392351,MedGen:C3661900,not provided,germline,germline,GRCh37,NC_000011.9,11,17428686,17428686,na,na,11p15.1,"criteria provided, single submitter",1,-,N,ClinGen:CA5902972,2,1077679,17428686,G,A,-,-,-,-,-,-,SCV001593993,-,-
1078004,single nucleotide variant,NM_000352.6(ABCC8):c.2921-10C>T,6833,ABCC8,HGNC:59,Likely benign,0,"Jan 11, 2026",774744232,-,RCV001392351,MedGen:C3661900,not provided,germline,germline,GRCh38,NC_000011.10,11,17407139,17407139,na,na,11p15.1,"criteria provided, single submitter",1,-,N,ClinGen:CA5902972,2,1077679,17407139,G,A,-,-,-,-,-,-,SCV001593993,-,-
1078005,single nucleotide variant,NM_000352.6(ABCC8):c.2835G>A (p.Glu945=),6833,ABCC8,HGNC:59,Likely benign,0,"Jan 01, 2025",754757951,-,RCV001402561,MedGen:C3661900,not provided,germline,germline,GRCh37,NC_000011.9,11,17428986,17428986,na,na,11p15.1,"criteria provided, multiple submitters, no conflicts",2,-,N,ClinGen:CA5903002,2,1085237,17428986,C,T,-,-,-,-,-,-,SCV001604412|SCV005891032,-,-
1078005,single nucleotide variant,NM_000352.6(ABCC8):c.2835G>A (p.Glu945=),6833,ABCC8,HGNC:59,Likely benign,0,"Jan 01, 2025",754757951,-,RCV001402561,MedGen:C3661900,not provided,germline,germline,GRCh38,NC_000011.10,11,17407439,17407439,na,na,11p15.1,"criteria provided, multiple submitters, no conflicts",2,-,N,ClinGen:CA5903002,2,1085237,17407439,C,T,-,-,-,-,-,-,SCV001604412|SCV005891032,-,-
1078006,single nucleotide variant,NM_000352.6(ABCC8):c.2811G>A (p.Glu937=),6833,ABCC8,HGNC:59,Likely benign,0,"Jul 03, 2020",756734449,-,RCV001398689,MedGen:C3661900,not provided,germline,germline,GRCh37,NC_000011.9,11,17429948,17429948,na,na,11p15.1,"criteria provided, single submitter",1,-,N,ClinGen:CA5903024,2,1082408,17429948,C,T,-,-,-,-,-,-,SCV001600463,-,-
1078006,single nucleotide variant,NM_000352.6(ABCC8):c.2811G>A (p.Glu937=),6833,ABCC8,HGNC:59,Likely benign,0,"Jul 03, 2020",756734449,-,RCV001398689,MedGen:C3661900,not provided,germline,germline,GRCh38,NC_000011.10,11,17408401,17408401,na,na,11p15.1,"criteria provided, single submitter",1,-,N,ClinGen:CA5903024,2,1082408,17408401,C,T,-,-,-,-,-,-,SCV001600463,-,-
1078007,single nucleotide variant,NM_000352.6(ABCC8):c.2751G>A (p.Gln917=),6833,ABCC8,HGNC:59,Conflicting classifications of pathogenicity,0,"Apr 28, 2024",769982482,-,RCV001403954|RCV005040276,"MedGen:C3661900|MONDO:MONDO:0009415,MedGen:C0271714,OMIM:240800;MONDO:MONDO:0012480,MedGen:C1835887,OMIM:610374,Orphanet:99886;Human Phenotype Ontology:HP:0005965,Human Phenotype Ontology:HP:0005978,Human Phenotype Ontology:HP:0100652,MONDO:MONDO:0005148,MeSH:D003924,MedGen:C0011860,OMIM:125853;MONDO:MONDO:0009734,MedGen:C2931832,OMIM:256450,Orphanet:276575,Orphanet:276598;MONDO:MONDO:0030088,MedGen:C5394303,OMIM:618857","not provided|Leucine-induced hypoglycemia;Diabetes mellitus, transient neonatal, 2;Type 2 diabetes mellitus;Hyperinsulinemic hypoglycemia, familial, 1;Diabetes mellitus, permanent neonatal 3",germline,germline,GRCh37,NC_000011.9,11,17430008,17430008,na,na,11p15.1,"criteria provided, conflicting classifications",2,-,N,ClinGen:CA5903032,2,1086257,17430008,C,T,-,-,-,-,-,-,SCV001605841|SCV005676324,-,-
1078007,single nucleotide variant,NM_000352.6(ABCC8):c.2751G>A (p.Gln917=),6833,ABCC8,HGNC:59,Conflicting classifications of pathogenicity,0,"Apr 28, 2024",769982482,-,RCV001403954|RCV005040276,"MedGen:C3661900|MONDO:MONDO:0009415,MedGen:C0271714,OMIM:240800;MONDO:MONDO:0012480,MedGen:C1835887,OMIM:610374,Orphanet:99886;Human Phenotype Ontology:HP:0005965,Human Phenotype Ontology:HP:0005978,Human Phenotype Ontology:HP:0100652,MONDO:MONDO:0005148,MeSH:D003924,MedGen:C0011860,OMIM:125853;MONDO:MONDO:0009734,MedGen:C2931832,OMIM:256450,Orphanet:276575,Orphanet:276598;MONDO:MONDO:0030088,MedGen:C5394303,OMIM:618857","not provided|Leucine-induced hypoglycemia;Diabetes mellitus, transient neonatal, 2;Type 2 diabetes mellitus;Hyperinsulinemic hypoglycemia, familial, 1;Diabetes mellitus, permanent neonatal 3",germline,germline,GRCh38,NC_000011.10,11,17408461,17408461,na,na,11p15.1,"criteria provided, conflicting classifications",2,-,N,ClinGen:CA5903032,2,1086257,17408461,C,T,-,-,-,-,-,-,SCV001605841|SCV005676324,-,-
1078008,single nucleotide variant,NM_000352.6(ABCC8):c.2685T>C (p.His895=),6833,ABCC8,HGNC:59,Likely benign,0,"Aug 28, 2022",2133460865,-,RCV001407124,MedGen:C3661900,not provided,germline,germline,GRCh37,NC_000011.9,11,17432072,17432072,na,na,11p15.1,"criteria provided, single submitter",1,-,N,ClinGen:CA473300860,2,1088590,17432072,A,G,-,-,-,-,-,-,SCV001609091,-,-
1078008,single nucleotide variant,NM_000352.6(ABCC8):c.2685T>C (p.His895=),6833,ABCC8,HGNC:59,Likely benign,0,"Aug 28, 2022",2133460865,-,RCV001407124,MedGen:C3661900,not provided,germline,germline,GRCh38,NC_000011.10,11,17410525,17410525,na,na,11p15.1,"criteria provided, single submitter",1,-,N,ClinGen:CA473300860,2,1088590,17410525,A,G,-,-,-,-,-,-,SCV001609091,-,-
1078009,single nucleotide variant,NM_000352.6(ABCC8):c.2646A>G (p.Thr882=),6833,ABCC8,HGNC:59,Likely benign,0,"Oct 24, 2023",2133461092,-,RCV001395198,MedGen:C3661900,not provided,germline,germline,GRCh37,NC_000011.9,11,17432111,17432111,na,na,11p15.1,"criteria provided, single submitter",1,-,N,ClinGen:CA473300933,2,1079805,17432111,T,C,-,-,-,-,-,-,SCV001596900,-,-
1078009,single nucleotide variant,NM_000352.6(ABCC8):c.2646A>G (p.Thr882=),6833,ABCC8,HGNC:59,Likely benign,0,"Oct 24, 2023",2133461092,-,RCV001395198,MedGen:C3661900,not provided,germline,germline,GRCh38,NC_000011.10,11,17410564,17410564,na,na,11p15.1,"criteria provided, single submitter",1,-,N,ClinGen:CA473300933,2,1079805,17410564,T,C,-,-,-,-,-,-,SCV001596900,-,-
1078010,single nucleotide variant,NM_000352.6(ABCC8):c.2433C>T (p.Ile811=),6833,ABCC8,HGNC:59,Likely benign,0,"May 15, 2024",766830060,-,RCV001397655,MedGen:C3661900,not provided,germline,germline,GRCh37,NC_000011.9,11,17434983,17434983,na,na,11p15.1,"criteria provided, single submitter",1,-,N,ClinGen:CA5903140,2,1081601,17434983,G,A,-,-,-,-,-,-,SCV001599414,-,-
1078010,single nucleotide variant,NM_000352.6(ABCC8):c.2433C>T (p.Ile811=),6833,ABCC8,HGNC:59,Likely benign,0,"May 15, 2024",766830060,-,RCV001397655,MedGen:C3661900,not provided,germline,germline,GRCh38,NC_000011.10,11,17413436,17413436,na,na,11p15.1,"criteria provided, single submitter",1,-,N,ClinGen:CA5903140,2,1081601,17413436,G,A,-,-,-,-,-,-,SCV001599414,-,-
1078011,single nucleotide variant,NM_000352.6(ABCC8):c.2403C>A (p.Val801=),6833,ABCC8,HGNC:59,Conflicting classifications of pathogenicity,0,"Mar 07, 2024",148863748,-,RCV001411991|RCV005050377,"MedGen:C3661900|MONDO:MONDO:0009415,MedGen:C0271714,OMIM:240800;MONDO:MONDO:0012480,MedGen:C1835887,OMIM:610374,Orphanet:99886;Human Phenotype Ontology:HP:0005965,Human Phenotype Ontology:HP:0005978,Human Phenotype Ontology:HP:0100652,MONDO:MONDO:0005148,MeSH:D003924,MedGen:C0011860,OMIM:125853;MONDO:MONDO:0009734,MedGen:C2931832,OMIM:256450,Orphanet:276575,Orphanet:276598;MONDO:MONDO:0030088,MedGen:C5394303,OMIM:618857","not provided|Leucine-induced hypoglycemia;Diabetes mellitus, transient neonatal, 2;Type 2 diabetes mellitus;Hyperinsulinemic hypoglycemia, familial, 1;Diabetes mellitus, permanent neonatal 3",germline,germline,GRCh37,NC_000011.9,11,17435013,17435013,na,na,11p15.1,"criteria provided, conflicting classifications",2,-,N,ClinGen:CA5903146,2,1092233,17435013,G,T,-,-,-,-,-,-,SCV001614063|SCV005676347,-,-
1078011,single nucleotide variant,NM_000352.6(ABCC8):c.2403C>A (p.Val801=),6833,ABCC8,HGNC:59,Conflicting classifications of pathogenicity,0,"Mar 07, 2024",148863748,-,RCV001411991|RCV005050377,"MedGen:C3661900|MONDO:MONDO:0009415,MedGen:C0271714,OMIM:240800;MONDO:MONDO:0012480,MedGen:C1835887,OMIM:610374,Orphanet:99886;Human Phenotype Ontology:HP:0005965,Human Phenotype Ontology:HP:0005978,Human Phenotype Ontology:HP:0100652,MONDO:MONDO:0005148,MeSH:D003924,MedGen:C0011860,OMIM:125853;MONDO:MONDO:0009734,MedGen:C2931832,OMIM:256450,Orphanet:276575,Orphanet:276598;MONDO:MONDO:0030088,MedGen:C5394303,OMIM:618857","not provided|Leucine-induced hypoglycemia;Diabetes mellitus, transient neonatal, 2;Type 2 diabetes mellitus;Hyperinsulinemic hypoglycemia, familial, 1;Diabetes mellitus, permanent neonatal 3",germline,germline,GRCh38,NC_000011.10,11,17413466,17413466,na,na,11p15.1,"criteria provided, conflicting classifications",2,-,N,ClinGen:CA5903146,2,1092233,17413466,G,T,-,-,-,-,-,-,SCV001614063|SCV005676347,-,-
1078012,single nucleotide variant,NM_000352.6(ABCC8):c.2319G>A (p.Ser773=),6833,ABCC8,HGNC:59,Likely benign,0,"Jan 06, 2026",766321878,-,RCV001414657,MedGen:C3661900,not provided,germline,germline,GRCh37,NC_000011.9,11,17436130,17436130,na,na,11p15.1,"criteria provided, single submitter",1,-,N,ClinGen:CA5903184,2,1094216,17436130,C,T,-,-,-,-,-,-,SCV001616797,-,-
1078012,single nucleotide variant,NM_000352.6(ABCC8):c.2319G>A (p.Ser773=),6833,ABCC8,HGNC:59,Likely benign,0,"Jan 06, 2026",766321878,-,RCV001414657,MedGen:C3661900,not provided,germline,germline,GRCh38,NC_000011.10,11,17414583,17414583,na,na,11p15.1,"criteria provided, single submitter",1,-,N,ClinGen:CA5903184,2,1094216,17414583,C,T,-,-,-,-,-,-,SCV001616797,-,-
1078013,single nucleotide variant,NM_000352.6(ABCC8):c.2316T>G (p.Ala772=),6833,ABCC8,HGNC:59,Likely benign,0,"Feb 18, 2021",759574974,-,RCV001393007,MedGen:C3661900,not provided,germline,germline,GRCh37,NC_000011.9,11,17436133,17436133,na,na,11p15.1,"criteria provided, single submitter",1,-,N,ClinGen:CA5903185,2,1078201,17436133,A,C,-,-,-,-,-,-,SCV001594656,-,-
1078013,single nucleotide variant,NM_000352.6(ABCC8):c.2316T>G (p.Ala772=),6833,ABCC8,HGNC:59,Likely benign,0,"Feb 18, 2021",759574974,-,RCV001393007,MedGen:C3661900,not provided,germline,germline,GRCh38,NC_000011.10,11,17414586,17414586,na,na,11p15.1,"criteria provided, single submitter",1,-,N,ClinGen:CA5903185,2,1078201,17414586,A,C,-,-,-,-,-,-,SCV001594656,-,-
1078014,single nucleotide variant,NM_000352.6(ABCC8):c.2304C>T (p.Pro768=),6833,ABCC8,HGNC:59,Likely benign,0,"Dec 19, 2025",199541853,-,RCV001404554|RCV002499862|RCV005520525,"MedGen:C3661900|MONDO:MONDO:0009415,MedGen:C0271714,OMIM:240800;MONDO:MONDO:0012480,MedGen:C1835887,OMIM:610374,Orphanet:99886;Human Phenotype Ontology:HP:0005965,Human Phenotype Ontology:HP:0005978,Human Phenotype Ontology:HP:0100652,MONDO:MONDO:0005148,MeSH:D003924,MedGen:C0011860,OMIM:125853;MONDO:MONDO:0009734,MedGen:C2931832,OMIM:256450,Orphanet:276575,Orphanet:276598;MONDO:MONDO:0030088,MedGen:C5394303,OMIM:618857|MeSH:D030342,MedGen:C0950123","not provided|Leucine-induced hypoglycemia;Diabetes mellitus, transient neonatal, 2;Type 2 diabetes mellitus;Hyperinsulinemic hypoglycemia, familial, 1;Diabetes mellitus, permanent neonatal 3|Inborn genetic diseases",germline;unknown,germline,GRCh37,NC_000011.9,11,17436145,17436145,na,na,11p15.1,"criteria provided, multiple submitters, no conflicts",3,-,N,ClinGen:CA5903187,2,1086716,17436145,G,A,-,-,-,-,-,-,SCV001606456|SCV002811879|SCV006197952,-,-
1078014,single nucleotide variant,NM_000352.6(ABCC8):c.2304C>T (p.Pro768=),6833,ABCC8,HGNC:59,Likely benign,0,"Dec 19, 2025",199541853,-,RCV001404554|RCV002499862|RCV005520525,"MedGen:C3661900|MONDO:MONDO:0009415,MedGen:C0271714,OMIM:240800;MONDO:MONDO:0012480,MedGen:C1835887,OMIM:610374,Orphanet:99886;Human Phenotype Ontology:HP:0005965,Human Phenotype Ontology:HP:0005978,Human Phenotype Ontology:HP:0100652,MONDO:MONDO:0005148,MeSH:D003924,MedGen:C0011860,OMIM:125853;MONDO:MONDO:0009734,MedGen:C2931832,OMIM:256450,Orphanet:276575,Orphanet:276598;MONDO:MONDO:0030088,MedGen:C5394303,OMIM:618857|MeSH:D030342,MedGen:C0950123","not provided|Leucine-induced hypoglycemia;Diabetes mellitus, transient neonatal, 2;Type 2 diabetes mellitus;Hyperinsulinemic hypoglycemia, familial, 1;Diabetes mellitus, permanent neonatal 3|Inborn genetic diseases",germline;unknown,germline,GRCh38,NC_000011.10,11,17414598,17414598,na,na,11p15.1,"criteria provided, multiple submitters, no conflicts",3,-,N,ClinGen:CA5903187,2,1086716,17414598,G,A,-,-,-,-,-,-,SCV001606456|SCV002811879|SCV006197952,-,-
1078015,single nucleotide variant,NM_000352.6(ABCC8):c.2274G>A (p.Ala758=),6833,ABCC8,HGNC:59,Likely benign,0,"Oct 09, 2023",761258571,-,RCV001418570,MedGen:C3661900,not provided,germline,germline,GRCh37,NC_000011.9,11,17436868,17436868,na,na,11p15.1,"criteria provided, single submitter",1,-,N,ClinGen:CA5903225,2,1097104,17436868,C,T,-,-,-,-,-,-,SCV001620800,-,-
1078015,single nucleotide variant,NM_000352.6(ABCC8):c.2274G>A (p.Ala758=),6833,ABCC8,HGNC:59,Likely benign,0,"Oct 09, 2023",761258571,-,RCV001418570,MedGen:C3661900,not provided,germline,germline,GRCh38,NC_000011.10,11,17415321,17415321,na,na,11p15.1,"criteria provided, single submitter",1,-,N,ClinGen:CA5903225,2,1097104,17415321,C,T,-,-,-,-,-,-,SCV001620800,-,-
1078016,single nucleotide variant,NM_000352.6(ABCC8):c.2133C>T (p.Ile711=),6833,ABCC8,HGNC:59,Likely benign,0,"Jun 07, 2023",1212155948,-,RCV001398555,MedGen:C3661900,not provided,germline,germline,GRCh37,NC_000011.9,11,17448685,17448685,na,na,11p15.1,"criteria provided, single submitter",1,-,N,ClinGen:CA473302512,2,1082282,17448685,G,A,-,-,-,-,-,-,SCV001600329,-,-
1078016,single nucleotide variant,NM_000352.6(ABCC8):c.2133C>T (p.Ile711=),6833,ABCC8,HGNC:59,Likely benign,0,"Jun 07, 2023",1212155948,-,RCV001398555,MedGen:C3661900,not provided,germline,germline,GRCh38,NC_000011.10,11,17427138,17427138,na,na,11p15.1,"criteria provided, single submitter",1,-,N,ClinGen:CA473302512,2,1082282,17427138,G,A,-,-,-,-,-,-,SCV001600329,-,-
1078017,single nucleotide variant,NM_000352.6(ABCC8):c.2043C>T (p.Ile681=),6833,ABCC8,HGNC:59,Likely benign,0,"Sep 10, 2020",2133535667,-,RCV001394326|RCV005606827,MedGen:C3661900|,not provided|Hereditary hyperinsulinism,germline,germline,GRCh37,NC_000011.9,11,17449487,17449487,na,na,11p15.1,"criteria provided, single submitter",2,-,N,ClinGen:CA473302663,2,1079170,17449487,G,A,-,-,-,-,-,-,SCV001596008,-,-
1078017,single nucleotide variant,NM_000352.6(ABCC8):c.2043C>T (p.Ile681=),6833,ABCC8,HGNC:59,Likely benign,0,"Sep 10, 2020",2133535667,-,RCV001394326|RCV005606827,MedGen:C3661900|,not provided|Hereditary hyperinsulinism,germline,germline,GRCh38,NC_000011.10,11,17427940,17427940,na,na,11p15.1,"criteria provided, single submitter",2,-,N,ClinGen:CA473302663,2,1079170,17427940,G,A,-,-,-,-,-,-,SCV001596008,-,-
1078018,single nucleotide variant,NM_000352.6(ABCC8):c.1950T>G (p.Arg650=),6833,ABCC8,HGNC:59,Likely benign,0,"Jan 25, 2021",772259601,-,RCV001417284,MedGen:C3661900,not provided,germline,germline,GRCh37,NC_000011.9,11,17449926,17449926,na,na,11p15.1,"criteria provided, single submitter",1,-,N,ClinGen:CA473516193,2,1096146,17449926,A,C,-,-,-,-,-,-,SCV001619482,-,-
1078018,single nucleotide variant,NM_000352.6(ABCC8):c.1950T>G (p.Arg650=),6833,ABCC8,HGNC:59,Likely benign,0,"Jan 25, 2021",772259601,-,RCV001417284,MedGen:C3661900,not provided,germline,germline,GRCh38,NC_000011.10,11,17428379,17428379,na,na,11p15.1,"criteria provided, single submitter",1,-,N,ClinGen:CA473516193,2,1096146,17428379,A,C,-,-,-,-,-,-,SCV001619482,-,-
1078019,single nucleotide variant,NM_000352.6(ABCC8):c.1926C>T (p.Pro642=),6833,ABCC8,HGNC:59,Likely benign,0,"Jan 15, 2021",75376282,-,RCV001402114,MedGen:C3661900,not provided,germline,germline,GRCh37,NC_000011.9,11,17449950,17449950,na,na,11p15.1,"criteria provided, single submitter",1,-,N,ClinGen:CA473516210,2,1084912,17449950,G,A,-,-,-,-,-,-,SCV001603958,-,-
1078019,single nucleotide variant,NM_000352.6(ABCC8):c.1926C>T (p.Pro642=),6833,ABCC8,HGNC:59,Likely benign,0,"Jan 15, 2021",75376282,-,RCV001402114,MedGen:C3661900,not provided,germline,germline,GRCh38,NC_000011.10,11,17428403,17428403,na,na,11p15.1,"criteria provided, single submitter",1,-,N,ClinGen:CA473516210,2,1084912,17428403,G,A,-,-,-,-,-,-,SCV001603958,-,-
1078020,single nucleotide variant,NM_000352.6(ABCC8):c.1911G>A (p.Lys637=),6833,ABCC8,HGNC:59,Likely benign,0,"Jan 12, 2021",2133539197,-,RCV001403599,MedGen:C3661900,not provided,germline,germline,GRCh37,NC_000011.9,11,17450124,17450124,na,na,11p15.1,"criteria provided, single submitter",1,-,N,ClinGen:CA473516529,2,1086021,17450124,C,T,-,-,-,-,-,-,SCV001605472,-,-
1078020,single nucleotide variant,NM_000352.6(ABCC8):c.1911G>A (p.Lys637=),6833,ABCC8,HGNC:59,Likely benign,0,"Jan 12, 2021",2133539197,-,RCV001403599,MedGen:C3661900,not provided,germline,germline,GRCh38,NC_000011.10,11,17428577,17428577,na,na,11p15.1,"criteria provided, single submitter",1,-,N,ClinGen:CA473516529,2,1086021,17428577,C,T,-,-,-,-,-,-,SCV001605472,-,-
1078021,single nucleotide variant,NM_000352.6(ABCC8):c.1860T>G (p.Arg620=),6833,ABCC8,HGNC:59,Likely benign,0,"Jan 24, 2024",745600400,-,RCV001391897,MedGen:C3661900,not provided,germline,germline,GRCh37,NC_000011.9,11,17450175,17450175,na,na,11p15.1,"criteria provided, single submitter",1,-,N,ClinGen:CA5903410,2,1077326,17450175,A,C,-,-,-,-,-,-,SCV001593529,-,-
1078021,single nucleotide variant,NM_000352.6(ABCC8):c.1860T>G (p.Arg620=),6833,ABCC8,HGNC:59,Likely benign,0,"Jan 24, 2024",745600400,-,RCV001391897,MedGen:C3661900,not provided,germline,germline,GRCh38,NC_000011.10,11,17428628,17428628,na,na,11p15.1,"criteria provided, single submitter",1,-,N,ClinGen:CA5903410,2,1077326,17428628,A,C,-,-,-,-,-,-,SCV001593529,-,-
1078022,single nucleotide variant,NM_000352.6(ABCC8):c.1851A>G (p.Ala617=),6833,ABCC8,HGNC:59,Likely benign,0,"May 07, 2020",2133539762,-,RCV001392496,MedGen:C3661900,not provided,germline,germline,GRCh37,NC_000011.9,11,17450184,17450184,na,na,11p15.1,"criteria provided, single submitter",1,-,N,ClinGen:CA473516567,2,1077817,17450184,T,C,-,-,-,-,-,-,SCV001594139,-,-
1078022,single nucleotide variant,NM_000352.6(ABCC8):c.1851A>G (p.Ala617=),6833,ABCC8,HGNC:59,Likely benign,0,"May 07, 2020",2133539762,-,RCV001392496,MedGen:C3661900,not provided,germline,germline,GRCh38,NC_000011.10,11,17428637,17428637,na,na,11p15.1,"criteria provided, single submitter",1,-,N,ClinGen:CA473516567,2,1077817,17428637,T,C,-,-,-,-,-,-,SCV001594139,-,-
1078023,single nucleotide variant,NM_000352.6(ABCC8):c.1845C>T (p.Ser615=),6833,ABCC8,HGNC:59,Likely benign,0,"Jul 16, 2023",763650219,-,RCV001394282,MedGen:C3661900,not provided,germline,germline,GRCh37,NC_000011.9,11,17450190,17450190,na,na,11p15.1,"criteria provided, single submitter",1,-,N,ClinGen:CA5903413,2,1079131,17450190,G,A,-,-,-,-,-,-,SCV001595964,-,-
1078023,single nucleotide variant,NM_000352.6(ABCC8):c.1845C>T (p.Ser615=),6833,ABCC8,HGNC:59,Likely benign,0,"Jul 16, 2023",763650219,-,RCV001394282,MedGen:C3661900,not provided,germline,germline,GRCh38,NC_000011.10,11,17428643,17428643,na,na,11p15.1,"criteria provided, single submitter",1,-,N,ClinGen:CA5903413,2,1079131,17428643,G,A,-,-,-,-,-,-,SCV001595964,-,-
1078024,single nucleotide variant,NM_000352.6(ABCC8):c.1821G>A (p.Val607=),6833,ABCC8,HGNC:59,Likely benign,0,"Jun 26, 2021",2133540043,-,RCV001408369,MedGen:C3661900,not provided,germline,germline,GRCh37,NC_000011.9,11,17450214,17450214,na,na,11p15.1,"criteria provided, single submitter",1,-,N,ClinGen:CA473516583,2,1089509,17450214,C,T,-,-,-,-,-,-,SCV001610368,-,-
1078024,single nucleotide variant,NM_000352.6(ABCC8):c.1821G>A (p.Val607=),6833,ABCC8,HGNC:59,Likely benign,0,"Jun 26, 2021",2133540043,-,RCV001408369,MedGen:C3661900,not provided,germline,germline,GRCh38,NC_000011.10,11,17428667,17428667,na,na,11p15.1,"criteria provided, single submitter",1,-,N,ClinGen:CA473516583,2,1089509,17428667,C,T,-,-,-,-,-,-,SCV001610368,-,-
1078025,single nucleotide variant,NM_000352.6(ABCC8):c.1817+7G>A,6833,ABCC8,HGNC:59,Likely benign,0,"Apr 18, 2019",748084178,-,RCV001417629,MedGen:C3661900,not provided,germline,germline,GRCh37,NC_000011.9,11,17452354,17452354,na,na,11p15.1,"criteria provided, single submitter",1,-,N,ClinGen:CA5903448,2,1096389,17452354,C,T,-,-,-,-,-,-,SCV001619834,-,-
1078025,single nucleotide variant,NM_000352.6(ABCC8):c.1817+7G>A,6833,ABCC8,HGNC:59,Likely benign,0,"Apr 18, 2019",748084178,-,RCV001417629,MedGen:C3661900,not provided,germline,germline,GRCh38,NC_000011.10,11,17430807,17430807,na,na,11p15.1,"criteria provided, single submitter",1,-,N,ClinGen:CA5903448,2,1096389,17430807,C,T,-,-,-,-,-,-,SCV001619834,-,-
1078026,single nucleotide variant,NM_000352.6(ABCC8):c.1803C>T (p.Val601=),6833,ABCC8,HGNC:59,Likely benign,0,"Feb 24, 2023",1955813039,-,RCV001413768,MedGen:C3661900,not provided,germline,germline,GRCh37,NC_000011.9,11,17452375,17452375,na,na,11p15.1,"criteria provided, single submitter",1,-,N,ClinGen:CA473302785,2,1093578,17452375,G,A,-,-,-,-,-,-,SCV001615888,-,-
1078026,single nucleotide variant,NM_000352.6(ABCC8):c.1803C>T (p.Val601=),6833,ABCC8,HGNC:59,Likely benign,0,"Feb 24, 2023",1955813039,-,RCV001413768,MedGen:C3661900,not provided,germline,germline,GRCh38,NC_000011.10,11,17430828,17430828,na,na,11p15.1,"criteria provided, single submitter",1,-,N,ClinGen:CA473302785,2,1093578,17430828,G,A,-,-,-,-,-,-,SCV001615888,-,-
1078027,single nucleotide variant,NM_000352.6(ABCC8):c.1764A>T (p.Thr588=),6833,ABCC8,HGNC:59,Likely benign,0,"Jan 04, 2024",764095167,-,RCV001403901|RCV004037993,"MedGen:C3661900|MeSH:D030342,MedGen:C0950123",not provided|Inborn genetic diseases,germline,germline,GRCh37,NC_000011.9,11,17452414,17452414,na,na,11p15.1,"criteria provided, multiple submitters, no conflicts",2,-,N,ClinGen:CA5903458,2,1086206,17452414,T,A,-,-,-,-,-,-,SCV001605787|SCV005034516,-,-
1078027,single nucleotide variant,NM_000352.6(ABCC8):c.1764A>T (p.Thr588=),6833,ABCC8,HGNC:59,Likely benign,0,"Jan 04, 2024",764095167,-,RCV001403901|RCV004037993,"MedGen:C3661900|MeSH:D030342,MedGen:C0950123",not provided|Inborn genetic diseases,germline,germline,GRCh38,NC_000011.10,11,17430867,17430867,na,na,11p15.1,"criteria provided, multiple submitters, no conflicts",2,-,N,ClinGen:CA5903458,2,1086206,17430867,T,A,-,-,-,-,-,-,SCV001605787|SCV005034516,-,-
1078028,single nucleotide variant,NM_000352.6(ABCC8):c.1620C>T (p.Thr540=),6833,ABCC8,HGNC:59,Likely benign,0,"Jun 14, 2025",199822807,-,RCV001392006,MedGen:C3661900,not provided,germline,germline,GRCh37,NC_000011.9,11,17464277,17464277,na,na,11p15.1,"criteria provided, single submitter",1,-,N,ClinGen:CA5903515,2,1077428,17464277,G,A,-,-,-,-,-,-,SCV001593639,-,-
1078028,single nucleotide variant,NM_000352.6(ABCC8):c.1620C>T (p.Thr540=),6833,ABCC8,HGNC:59,Likely benign,0,"Jun 14, 2025",199822807,-,RCV001392006,MedGen:C3661900,not provided,germline,germline,GRCh38,NC_000011.10,11,17442730,17442730,na,na,11p15.1,"criteria provided, single submitter",1,-,N,ClinGen:CA5903515,2,1077428,17442730,G,A,-,-,-,-,-,-,SCV001593639,-,-
1078029,single nucleotide variant,NM_000352.6(ABCC8):c.1587G>A (p.Glu529=),6833,ABCC8,HGNC:59,Likely benign,0,"Jul 25, 2023",2133595398,-,RCV001407569,MedGen:C3661900,not provided,germline,germline,GRCh37,NC_000011.9,11,17464310,17464310,na,na,11p15.1,"criteria provided, single submitter",1,-,N,ClinGen:CA473298440,2,1088917,17464310,C,T,-,-,-,-,-,-,SCV001609546,-,-
1078029,single nucleotide variant,NM_000352.6(ABCC8):c.1587G>A (p.Glu529=),6833,ABCC8,HGNC:59,Likely benign,0,"Jul 25, 2023",2133595398,-,RCV001407569,MedGen:C3661900,not provided,germline,germline,GRCh38,NC_000011.10,11,17442763,17442763,na,na,11p15.1,"criteria provided, single submitter",1,-,N,ClinGen:CA473298440,2,1088917,17442763,C,T,-,-,-,-,-,-,SCV001609546,-,-
1078030,single nucleotide variant,NM_000352.6(ABCC8):c.1551C>T (p.Ile517=),6833,ABCC8,HGNC:59,Likely benign,0,"Sep 23, 2024",1279186188,-,RCV001409779,MedGen:C3661900,not provided,germline,germline,GRCh37,NC_000011.9,11,17464346,17464346,na,na,11p15.1,"criteria provided, single submitter",1,-,N,ClinGen:CA473298490,2,1090593,17464346,G,A,-,-,-,-,-,-,SCV001611812,-,-
1078030,single nucleotide variant,NM_000352.6(ABCC8):c.1551C>T (p.Ile517=),6833,ABCC8,HGNC:59,Likely benign,0,"Sep 23, 2024",1279186188,-,RCV001409779,MedGen:C3661900,not provided,germline,germline,GRCh38,NC_000011.10,11,17442799,17442799,na,na,11p15.1,"criteria provided, single submitter",1,-,N,ClinGen:CA473298490,2,1090593,17442799,G,A,-,-,-,-,-,-,SCV001611812,-,-
1078031,single nucleotide variant,NM_000352.6(ABCC8):c.1500C>T (p.Asn500=),6833,ABCC8,HGNC:59,Likely benign,0,"Oct 21, 2025",779078905,-,RCV001396433,MedGen:C3661900,not provided,germline,germline,GRCh37,NC_000011.9,11,17464397,17464397,na,na,11p15.1,"criteria provided, single submitter",1,-,N,ClinGen:CA5903549,2,1080712,17464397,G,A,-,-,-,-,-,-,SCV001598164,-,-
1078031,single nucleotide variant,NM_000352.6(ABCC8):c.1500C>T (p.Asn500=),6833,ABCC8,HGNC:59,Likely benign,0,"Oct 21, 2025",779078905,-,RCV001396433,MedGen:C3661900,not provided,germline,germline,GRCh38,NC_000011.10,11,17442850,17442850,na,na,11p15.1,"criteria provided, single submitter",1,-,N,ClinGen:CA5903549,2,1080712,17442850,G,A,-,-,-,-,-,-,SCV001598164,-,-
1078032,single nucleotide variant,NM_000352.6(ABCC8):c.1468-10A>G,6833,ABCC8,HGNC:59,Likely benign,0,"Feb 22, 2024",769767231,-,RCV001408407,MedGen:C3661900,not provided,germline,germline,GRCh37,NC_000011.9,11,17464439,17464439,na,na,11p15.1,"criteria provided, single submitter",1,-,N,ClinGen:CA5903554,2,1089543,17464439,T,C,-,-,-,-,-,-,SCV001610407,-,-
1078032,single nucleotide variant,NM_000352.6(ABCC8):c.1468-10A>G,6833,ABCC8,HGNC:59,Likely benign,0,"Feb 22, 2024",769767231,-,RCV001408407,MedGen:C3661900,not provided,germline,germline,GRCh38,NC_000011.10,11,17442892,17442892,na,na,11p15.1,"criteria provided, single submitter",1,-,N,ClinGen:CA5903554,2,1089543,17442892,T,C,-,-,-,-,-,-,SCV001610407,-,-
1078033,single nucleotide variant,NM_000352.6(ABCC8):c.1269C>T (p.Ile423=),6833,ABCC8,HGNC:59,Conflicting classifications of pathogenicity,0,"Dec 23, 2025",370169777,-,RCV001393853|RCV002253811|RCV002254350,"MedGen:C3661900|Human Phenotype Ontology:HP:0004904,MONDO:MONDO:0018911,MedGen:C0342276,OMIM:PS125850,Orphanet:552|Human Phenotype Ontology:HP:0008255,MONDO:MONDO:0020525,MedGen:C0342273",not provided|Maturity-onset diabetes of the young|Transitory neonatal diabetes mellitus,germline;unknown,germline,GRCh37,NC_000011.9,11,17470126,17470126,na,na,11p15.1,"criteria provided, conflicting classifications",2,-,N,ClinGen:CA5903633,2,1078817,17470126,G,A,-,-,-,-,-,-,SCV001595530|SCV002522609|SCV002522610,-,-
1078033,single nucleotide variant,NM_000352.6(ABCC8):c.1269C>T (p.Ile423=),6833,ABCC8,HGNC:59,Conflicting classifications of pathogenicity,0,"Dec 23, 2025",370169777,-,RCV001393853|RCV002253811|RCV002254350,"MedGen:C3661900|Human Phenotype Ontology:HP:0004904,MONDO:MONDO:0018911,MedGen:C0342276,OMIM:PS125850,Orphanet:552|Human Phenotype Ontology:HP:0008255,MONDO:MONDO:0020525,MedGen:C0342273",not provided|Maturity-onset diabetes of the young|Transitory neonatal diabetes mellitus,germline;unknown,germline,GRCh38,NC_000011.10,11,17448579,17448579,na,na,11p15.1,"criteria provided, conflicting classifications",2,-,N,ClinGen:CA5903633,2,1078817,17448579,G,A,-,-,-,-,-,-,SCV001595530|SCV002522609|SCV002522610,-,-
1078034,single nucleotide variant,NM_000352.6(ABCC8):c.1242T>C (p.Ala414=),6833,ABCC8,HGNC:59,Likely benign,0,"Jan 11, 2024",563592305,-,RCV001391892|RCV001820090,MedGen:C3661900|MedGen:CN169374,not provided|not specified,germline,germline,GRCh37,NC_000011.9,11,17470153,17470153,na,na,11p15.1,"criteria provided, multiple submitters, no conflicts",2,-,N,ClinGen:CA5903638,2,1077321,17470153,A,G,-,-,-,-,-,-,SCV001593524|SCV002065075,-,-
1078034,single nucleotide variant,NM_000352.6(ABCC8):c.1242T>C (p.Ala414=),6833,ABCC8,HGNC:59,Likely benign,0,"Jan 11, 2024",563592305,-,RCV001391892|RCV001820090,MedGen:C3661900|MedGen:CN169374,not provided|not specified,germline,germline,GRCh38,NC_000011.10,11,17448606,17448606,na,na,11p15.1,"criteria provided, multiple submitters, no conflicts",2,-,N,ClinGen:CA5903638,2,1077321,17448606,A,G,-,-,-,-,-,-,SCV001593524|SCV002065075,-,-
1078035,single nucleotide variant,NM_000352.6(ABCC8):c.1008C>A (p.Pro336=),6833,ABCC8,HGNC:59,Likely benign,0,"Oct 27, 2020",1199327855,-,RCV001407232,MedGen:C3661900,not provided,germline,germline,GRCh37,NC_000011.9,11,17482038,17482038,na,na,11p15.1,"criteria provided, single submitter",1,-,N,ClinGen:CA501149,2,1088694,17482038,G,T,-,-,-,-,-,-,SCV001609199,-,-
1078035,single nucleotide variant,NM_000352.6(ABCC8):c.1008C>A (p.Pro336=),6833,ABCC8,HGNC:59,Likely benign,0,"Oct 27, 2020",1199327855,-,RCV001407232,MedGen:C3661900,not provided,germline,germline,GRCh38,NC_000011.10,11,17460491,17460491,na,na,11p15.1,"criteria provided, single submitter",1,-,N,ClinGen:CA501149,2,1088694,17460491,G,T,-,-,-,-,-,-,SCV001609199,-,-
1078036,single nucleotide variant,NM_000352.6(ABCC8):c.990G>A (p.Glu330=),6833,ABCC8,HGNC:59,Likely benign,0,"Oct 26, 2022",45522932,-,RCV001402240,MedGen:C3661900,not provided,germline,germline,GRCh37,NC_000011.9,11,17482056,17482056,na,na,11p15.1,"criteria provided, single submitter",1,-,N,ClinGen:CA5903709,2,1085032,17482056,C,T,-,-,-,-,-,-,SCV001604085,-,-
1078036,single nucleotide variant,NM_000352.6(ABCC8):c.990G>A (p.Glu330=),6833,ABCC8,HGNC:59,Likely benign,0,"Oct 26, 2022",45522932,-,RCV001402240,MedGen:C3661900,not provided,germline,germline,GRCh38,NC_000011.10,11,17460509,17460509,na,na,11p15.1,"criteria provided, single submitter",1,-,N,ClinGen:CA5903709,2,1085032,17460509,C,T,-,-,-,-,-,-,SCV001604085,-,-
1078037,single nucleotide variant,NM_000352.6(ABCC8):c.741G>A (p.Leu247=),6833,ABCC8,HGNC:59,Likely benign,0,"Jul 24, 2025",2133679465,-,RCV001410141|RCV005692341,"MedGen:C3661900|MeSH:D030342,MedGen:C0950123",not provided|Inborn genetic diseases,germline,germline,GRCh37,NC_000011.9,11,17483211,17483211,na,na,11p15.1,"criteria provided, multiple submitters, no conflicts",2,-,N,ClinGen:CA473516315,2,1090855,17483211,C,T,-,-,-,-,-,-,SCV001612184|SCV006382540,-,-
1078037,single nucleotide variant,NM_000352.6(ABCC8):c.741G>A (p.Leu247=),6833,ABCC8,HGNC:59,Likely benign,0,"Jul 24, 2025",2133679465,-,RCV001410141|RCV005692341,"MedGen:C3661900|MeSH:D030342,MedGen:C0950123",not provided|Inborn genetic diseases,germline,germline,GRCh38,NC_000011.10,11,17461664,17461664,na,na,11p15.1,"criteria provided, multiple submitters, no conflicts",2,-,N,ClinGen:CA473516315,2,1090855,17461664,C,T,-,-,-,-,-,-,SCV001612184|SCV006382540,-,-
1078038,single nucleotide variant,NM_000352.6(ABCC8):c.645A>G (p.Val215=),6833,ABCC8,HGNC:59,Likely benign,0,"Nov 15, 2022",759728510,-,RCV001402224,MedGen:C3661900,not provided,germline,germline,GRCh37,NC_000011.9,11,17483307,17483307,na,na,11p15.1,"criteria provided, single submitter",1,-,N,ClinGen:CA5903807,2,1085016,17483307,T,C,-,-,-,-,-,-,SCV001604069,-,-
1078038,single nucleotide variant,NM_000352.6(ABCC8):c.645A>G (p.Val215=),6833,ABCC8,HGNC:59,Likely benign,0,"Nov 15, 2022",759728510,-,RCV001402224,MedGen:C3661900,not provided,germline,germline,GRCh38,NC_000011.10,11,17461760,17461760,na,na,11p15.1,"criteria provided, single submitter",1,-,N,ClinGen:CA5903807,2,1085016,17461760,T,C,-,-,-,-,-,-,SCV001604069,-,-
1078039,single nucleotide variant,NM_000352.6(ABCC8):c.621C>A (p.Pro207=),6833,ABCC8,HGNC:59,Likely benign,0,"Nov 20, 2023",765043940,-,RCV001394889|RCV002357309,"MedGen:C3661900|MeSH:D030342,MedGen:C0950123",not provided|Inborn genetic diseases,germline,germline,GRCh37,NC_000011.9,11,17483331,17483331,na,na,11p15.1,"criteria provided, multiple submitters, no conflicts",2,-,N,ClinGen:CA218452149,2,1079558,17483331,G,T,-,-,-,-,-,-,SCV001596582|SCV002655095,-,-
1078039,single nucleotide variant,NM_000352.6(ABCC8):c.621C>A (p.Pro207=),6833,ABCC8,HGNC:59,Likely benign,0,"Nov 20, 2023",765043940,-,RCV001394889|RCV002357309,"MedGen:C3661900|MeSH:D030342,MedGen:C0950123",not provided|Inborn genetic diseases,germline,germline,GRCh38,NC_000011.10,11,17461784,17461784,na,na,11p15.1,"criteria provided, multiple submitters, no conflicts",2,-,N,ClinGen:CA218452149,2,1079558,17461784,G,T,-,-,-,-,-,-,SCV001596582|SCV002655095,-,-
1078040,single nucleotide variant,NM_000352.6(ABCC8):c.534C>T (p.Leu178=),6833,ABCC8,HGNC:59,Likely benign,0,"Nov 29, 2023",2133687056,-,RCV001395993,MedGen:C3661900,not provided,germline,germline,GRCh37,NC_000011.9,11,17485030,17485030,na,na,11p15.1,"criteria provided, single submitter",1,-,N,ClinGen:CA473301057,2,1080386,17485030,G,A,-,-,-,-,-,-,SCV001597713,-,-
1078040,single nucleotide variant,NM_000352.6(ABCC8):c.534C>T (p.Leu178=),6833,ABCC8,HGNC:59,Likely benign,0,"Nov 29, 2023",2133687056,-,RCV001395993,MedGen:C3661900,not provided,germline,germline,GRCh38,NC_000011.10,11,17463483,17463483,na,na,11p15.1,"criteria provided, single submitter",1,-,N,ClinGen:CA473301057,2,1080386,17463483,G,A,-,-,-,-,-,-,SCV001597713,-,-
1078041,single nucleotide variant,NM_000352.6(ABCC8):c.504C>T (p.Arg168=),6833,ABCC8,HGNC:59,Likely benign,0,"Feb 01, 2026",139224499,-,RCV001396458,MedGen:C3661900,not provided,germline,germline,GRCh37,NC_000011.9,11,17485060,17485060,na,na,11p15.1,"criteria provided, single submitter",1,-,N,ClinGen:CA5903856,2,1080737,17485060,G,A,-,-,-,-,-,-,SCV001598189,-,-
1078041,single nucleotide variant,NM_000352.6(ABCC8):c.504C>T (p.Arg168=),6833,ABCC8,HGNC:59,Likely benign,0,"Feb 01, 2026",139224499,-,RCV001396458,MedGen:C3661900,not provided,germline,germline,GRCh38,NC_000011.10,11,17463513,17463513,na,na,11p15.1,"criteria provided, single submitter",1,-,N,ClinGen:CA5903856,2,1080737,17463513,G,A,-,-,-,-,-,-,SCV001598189,-,-
1078042,single nucleotide variant,NM_000352.6(ABCC8):c.420G>T (p.Leu140=),6833,ABCC8,HGNC:59,Likely benign,0,"Jan 31, 2024",1399568824,-,RCV001410742,MedGen:C3661900,not provided,germline,germline,GRCh37,NC_000011.9,11,17485144,17485144,na,na,11p15.1,"criteria provided, single submitter",1,-,N,ClinGen:CA473301159,2,1091317,17485144,C,A,-,-,-,-,-,-,SCV001612793,-,-
1078042,single nucleotide variant,NM_000352.6(ABCC8):c.420G>T (p.Leu140=),6833,ABCC8,HGNC:59,Likely benign,0,"Jan 31, 2024",1399568824,-,RCV001410742,MedGen:C3661900,not provided,germline,germline,GRCh38,NC_000011.10,11,17463597,17463597,na,na,11p15.1,"criteria provided, single submitter",1,-,N,ClinGen:CA473301159,2,1091317,17463597,C,A,-,-,-,-,-,-,SCV001612793,-,-
1078043,single nucleotide variant,NM_000352.6(ABCC8):c.412+8A>G,6833,ABCC8,HGNC:59,Likely benign,0,"Dec 31, 2023",2133710710,-,RCV001416306,MedGen:C3661900,not provided,germline,germline,GRCh37,NC_000011.9,11,17491640,17491640,na,na,11p15.1,"criteria provided, single submitter",1,-,N,ClinGen:CA2499220833,2,1095410,17491640,T,C,-,-,-,-,-,-,SCV001618485,-,-
1078043,single nucleotide variant,NM_000352.6(ABCC8):c.412+8A>G,6833,ABCC8,HGNC:59,Likely benign,0,"Dec 31, 2023",2133710710,-,RCV001416306,MedGen:C3661900,not provided,germline,germline,GRCh38,NC_000011.10,11,17470093,17470093,na,na,11p15.1,"criteria provided, single submitter",1,-,N,ClinGen:CA2499220833,2,1095410,17470093,T,C,-,-,-,-,-,-,SCV001618485,-,-
1078044,single nucleotide variant,NM_000352.6(ABCC8):c.406C>T (p.Leu136=),6833,ABCC8,HGNC:59,Likely benign,0,"Mar 27, 2020",2133710797,-,RCV001414697,MedGen:C3661900,not provided,germline,germline,GRCh37,NC_000011.9,11,17491654,17491654,na,na,11p15.1,"criteria provided, single submitter",1,-,N,ClinGen:CA473301513,2,1094256,17491654,G,A,-,-,-,-,-,-,SCV001616837,-,-
1078044,single nucleotide variant,NM_000352.6(ABCC8):c.406C>T (p.Leu136=),6833,ABCC8,HGNC:59,Likely benign,0,"Mar 27, 2020",2133710797,-,RCV001414697,MedGen:C3661900,not provided,germline,germline,GRCh38,NC_000011.10,11,17470107,17470107,na,na,11p15.1,"criteria provided, single submitter",1,-,N,ClinGen:CA473301513,2,1094256,17470107,G,A,-,-,-,-,-,-,SCV001616837,-,-
1078045,single nucleotide variant,NM_000352.6(ABCC8):c.360C>T (p.Ser120=),6833,ABCC8,HGNC:59,Likely benign,0,"Jul 13, 2023",1374113973,-,RCV001402664,MedGen:C3661900,not provided,germline,germline,GRCh37,NC_000011.9,11,17491700,17491700,na,na,11p15.1,"criteria provided, single submitter",1,-,N,ClinGen:CA473301581,2,1085334,17491700,G,A,-,-,-,-,-,-,SCV001604515,-,-
1078045,single nucleotide variant,NM_000352.6(ABCC8):c.360C>T (p.Ser120=),6833,ABCC8,HGNC:59,Likely benign,0,"Jul 13, 2023",1374113973,-,RCV001402664,MedGen:C3661900,not provided,germline,germline,GRCh38,NC_000011.10,11,17470153,17470153,na,na,11p15.1,"criteria provided, single submitter",1,-,N,ClinGen:CA473301581,2,1085334,17470153,G,A,-,-,-,-,-,-,SCV001604515,-,-
1078046,single nucleotide variant,NM_000352.6(ABCC8):c.306C>T (p.His102=),6833,ABCC8,HGNC:59,Likely benign,0,"Oct 08, 2023",759952645,-,RCV001395578,MedGen:C3661900,not provided,germline,germline,GRCh37,NC_000011.9,11,17491754,17491754,na,na,11p15.1,"criteria provided, single submitter",1,-,N,ClinGen:CA473301698,2,1080074,17491754,G,A,-,-,-,-,-,-,SCV001597292,-,-
1078046,single nucleotide variant,NM_000352.6(ABCC8):c.306C>T (p.His102=),6833,ABCC8,HGNC:59,Likely benign,0,"Oct 08, 2023",759952645,-,RCV001395578,MedGen:C3661900,not provided,germline,germline,GRCh38,NC_000011.10,11,17470207,17470207,na,na,11p15.1,"criteria provided, single submitter",1,-,N,ClinGen:CA473301698,2,1080074,17470207,G,A,-,-,-,-,-,-,SCV001597292,-,-
1078047,single nucleotide variant,NM_000352.6(ABCC8):c.273G>A (p.Glu91=),6833,ABCC8,HGNC:59,Likely benign,0,"Feb 25, 2024",1363642618,-,RCV001393240,MedGen:C3661900,not provided,germline,germline,GRCh37,NC_000011.9,11,17496450,17496450,na,na,11p15.1,"criteria provided, single submitter",1,-,N,ClinGen:CA473301924,2,1078318,17496450,C,T,-,-,-,-,-,-,SCV001594900,-,-
1078047,single nucleotide variant,NM_000352.6(ABCC8):c.273G>A (p.Glu91=),6833,ABCC8,HGNC:59,Likely benign,0,"Feb 25, 2024",1363642618,-,RCV001393240,MedGen:C3661900,not provided,germline,germline,GRCh38,NC_000011.10,11,17474903,17474903,na,na,11p15.1,"criteria provided, single submitter",1,-,N,ClinGen:CA473301924,2,1078318,17474903,C,T,-,-,-,-,-,-,SCV001594900,-,-
1078048,single nucleotide variant,NM_000352.6(ABCC8):c.258G>A (p.Val86=),6833,ABCC8,HGNC:59,Likely benign,0,"Sep 29, 2021",755833610,-,RCV001409783,MedGen:C3661900,not provided,germline,germline,GRCh37,NC_000011.9,11,17496465,17496465,na,na,11p15.1,"criteria provided, single submitter",1,-,N,ClinGen:CA5903940,2,1090597,17496465,C,T,-,-,-,-,-,-,SCV001611816,-,-
1078048,single nucleotide variant,NM_000352.6(ABCC8):c.258G>A (p.Val86=),6833,ABCC8,HGNC:59,Likely benign,0,"Sep 29, 2021",755833610,-,RCV001409783,MedGen:C3661900,not provided,germline,germline,GRCh38,NC_000011.10,11,17474918,17474918,na,na,11p15.1,"criteria provided, single submitter",1,-,N,ClinGen:CA5903940,2,1090597,17474918,C,T,-,-,-,-,-,-,SCV001611816,-,-
1078049,single nucleotide variant,NM_000352.6(ABCC8):c.252C>G (p.Val84=),6833,ABCC8,HGNC:59,Likely benign,0,"Dec 05, 2023",771819362,-,RCV001408755,MedGen:C3661900,not provided,germline,germline,GRCh37,NC_000011.9,11,17496471,17496471,na,na,11p15.1,"criteria provided, single submitter",1,-,N,ClinGen:CA5903941,2,1089800,17496471,G,C,-,-,-,-,-,-,SCV001610762,-,-
1078049,single nucleotide variant,NM_000352.6(ABCC8):c.252C>G (p.Val84=),6833,ABCC8,HGNC:59,Likely benign,0,"Dec 05, 2023",771819362,-,RCV001408755,MedGen:C3661900,not provided,germline,germline,GRCh38,NC_000011.10,11,17474924,17474924,na,na,11p15.1,"criteria provided, single submitter",1,-,N,ClinGen:CA5903941,2,1089800,17474924,G,C,-,-,-,-,-,-,SCV001610762,-,-
1078050,single nucleotide variant,NM_000352.6(ABCC8):c.234C>T (p.Thr78=),6833,ABCC8,HGNC:59,Likely benign,0,"Aug 23, 2020",1591928554,-,RCV001400922,MedGen:C3661900,not provided,germline,germline,GRCh37,NC_000011.9,11,17496489,17496489,na,na,11p15.1,"criteria provided, single submitter",1,-,N,ClinGen:CA473301948,2,1084051,17496489,G,A,-,-,-,-,-,-,SCV001602733,-,-
1078050,single nucleotide variant,NM_000352.6(ABCC8):c.234C>T (p.Thr78=),6833,ABCC8,HGNC:59,Likely benign,0,"Aug 23, 2020",1591928554,-,RCV001400922,MedGen:C3661900,not provided,germline,germline,GRCh38,NC_000011.10,11,17474942,17474942,na,na,11p15.1,"criteria provided, single submitter",1,-,N,ClinGen:CA473301948,2,1084051,17474942,G,A,-,-,-,-,-,-,SCV001602733,-,-
1078051,single nucleotide variant,NM_000352.6(ABCC8):c.228C>T (p.Ile76=),6833,ABCC8,HGNC:59,Likely benign,0,"Oct 22, 2023",773812588,-,RCV001408775,MedGen:C3661900,not provided,germline,germline,GRCh37,NC_000011.9,11,17496495,17496495,na,na,11p15.1,"criteria provided, single submitter",1,-,N,ClinGen:CA5903944,2,1089818,17496495,G,A,-,-,-,-,-,-,SCV001610783,-,-
1078051,single nucleotide variant,NM_000352.6(ABCC8):c.228C>T (p.Ile76=),6833,ABCC8,HGNC:59,Likely benign,0,"Oct 22, 2023",773812588,-,RCV001408775,MedGen:C3661900,not provided,germline,germline,GRCh38,NC_000011.10,11,17474948,17474948,na,na,11p15.1,"criteria provided, single submitter",1,-,N,ClinGen:CA5903944,2,1089818,17474948,G,A,-,-,-,-,-,-,SCV001610783,-,-
1078052,single nucleotide variant,NM_000352.6(ABCC8):c.201T>C (p.His67=),6833,ABCC8,HGNC:59,Likely benign,0,"Oct 01, 2020",1433641979,-,RCV001397800,MedGen:C3661900,not provided,germline,germline,GRCh37,NC_000011.9,11,17496522,17496522,na,na,11p15.1,"criteria provided, single submitter",1,-,N,ClinGen:CA473301970,2,1081733,17496522,A,G,-,-,-,-,-,-,SCV001599560,-,-
1078052,single nucleotide variant,NM_000352.6(ABCC8):c.201T>C (p.His67=),6833,ABCC8,HGNC:59,Likely benign,0,"Oct 01, 2020",1433641979,-,RCV001397800,MedGen:C3661900,not provided,germline,germline,GRCh38,NC_000011.10,11,17474975,17474975,na,na,11p15.1,"criteria provided, single submitter",1,-,N,ClinGen:CA473301970,2,1081733,17474975,A,G,-,-,-,-,-,-,SCV001599560,-,-
1078053,single nucleotide variant,NM_000352.6(ABCC8):c.168C>T (p.Ser56=),6833,ABCC8,HGNC:59,Likely benign,0,"Apr 14, 2022",1848683459,-,RCV001414578,MedGen:C3661900,not provided,germline,germline,GRCh37,NC_000011.9,11,17496555,17496555,na,na,11p15.1,"criteria provided, single submitter",1,-,N,ClinGen:CA473302014,2,1094148,17496555,G,A,-,-,-,-,-,-,SCV001616717,-,-
1078053,single nucleotide variant,NM_000352.6(ABCC8):c.168C>T (p.Ser56=),6833,ABCC8,HGNC:59,Likely benign,0,"Apr 14, 2022",1848683459,-,RCV001414578,MedGen:C3661900,not provided,germline,germline,GRCh38,NC_000011.10,11,17475008,17475008,na,na,11p15.1,"criteria provided, single submitter",1,-,N,ClinGen:CA473302014,2,1094148,17475008,G,A,-,-,-,-,-,-,SCV001616717,-,-
1078054,single nucleotide variant,NM_000352.6(ABCC8):c.144C>T (p.Phe48=),6833,ABCC8,HGNC:59,Likely benign,0,"Aug 23, 2020",1591934251,-,RCV001400920,MedGen:C3661900,not provided,germline,germline,GRCh37,NC_000011.9,11,17498180,17498180,na,na,11p15.1,"criteria provided, single submitter",1,-,N,ClinGen:CA473302191,2,1084049,17498180,G,A,-,-,-,-,-,-,SCV001602731,-,-
1078054,single nucleotide variant,NM_000352.6(ABCC8):c.144C>T (p.Phe48=),6833,ABCC8,HGNC:59,Likely benign,0,"Aug 23, 2020",1591934251,-,RCV001400920,MedGen:C3661900,not provided,germline,germline,GRCh38,NC_000011.10,11,17476633,17476633,na,na,11p15.1,"criteria provided, single submitter",1,-,N,ClinGen:CA473302191,2,1084049,17476633,G,A,-,-,-,-,-,-,SCV001602731,-,-
1078055,single nucleotide variant,NM_000352.6(ABCC8):c.135C>T (p.Pro45=),6833,ABCC8,HGNC:59,Likely benign,0,"Jan 29, 2024",763901452,-,RCV001396780,MedGen:C3661900,not provided,germline,germline,GRCh37,NC_000011.9,11,17498189,17498189,na,na,11p15.1,"criteria provided, single submitter",1,-,N,ClinGen:CA5903975,2,1080951,17498189,G,A,-,-,-,-,-,-,SCV001598518,-,-
1078055,single nucleotide variant,NM_000352.6(ABCC8):c.135C>T (p.Pro45=),6833,ABCC8,HGNC:59,Likely benign,0,"Jan 29, 2024",763901452,-,RCV001396780,MedGen:C3661900,not provided,germline,germline,GRCh38,NC_000011.10,11,17476642,17476642,na,na,11p15.1,"criteria provided, single submitter",1,-,N,ClinGen:CA5903975,2,1080951,17476642,G,A,-,-,-,-,-,-,SCV001598518,-,-
1078056,single nucleotide variant,NM_000352.6(ABCC8):c.63C>T (p.Val21=),6833,ABCC8,HGNC:59,Likely benign,0,"Jun 05, 2023",1848805383,-,RCV001407169,MedGen:C3661900,not provided,germline,germline,GRCh37,NC_000011.9,11,17498261,17498261,na,na,11p15.1,"criteria provided, single submitter",1,-,N,ClinGen:CA473302263,2,1088635,17498261,G,A,-,-,-,-,-,-,SCV001609136,-,-
1078056,single nucleotide variant,NM_000352.6(ABCC8):c.63C>T (p.Val21=),6833,ABCC8,HGNC:59,Likely benign,0,"Jun 05, 2023",1848805383,-,RCV001407169,MedGen:C3661900,not provided,germline,germline,GRCh38,NC_000011.10,11,17476714,17476714,na,na,11p15.1,"criteria provided, single submitter",1,-,N,ClinGen:CA473302263,2,1088635,17476714,G,A,-,-,-,-,-,-,SCV001609136,-,-
1087523,single nucleotide variant,NM_000162.5(GCK):c.1139A>C (p.His380Pro),2645,GCK,HGNC:4195,Pathogenic,1,"Sep 19, 2023",2128819280,-,RCV002322436|RCV003330328|RCV003388013|RCV006467061,"Human Phenotype Ontology:HP:0004904,MONDO:MONDO:0018911,MedGen:C0342276,OMIM:PS125850,Orphanet:552|MONDO:MONDO:0015967,MedGen:C3888631,Orphanet:183625|MONDO:MONDO:0007453,MedGen:C0342277,OMIM:125851,Orphanet:552|MedGen:C3661900",Maturity-onset diabetes of the young|Monogenic diabetes|Maturity-onset diabetes of the young type 2|not provided,germline,germline,GRCh37,NC_000007.13,7,44185210,44185210,na,na,7p13,reviewed by expert panel,4,-,N,ClinGen:CA367398780,2,1098819,44185210,T,G,-,-,-,-,-,-,SCV004037469,-,-
1087523,single nucleotide variant,NM_000162.5(GCK):c.1139A>C (p.His380Pro),2645,GCK,HGNC:4195,Pathogenic,1,"Sep 19, 2023",2128819280,-,RCV002322436|RCV003330328|RCV003388013|RCV006467061,"Human Phenotype Ontology:HP:0004904,MONDO:MONDO:0018911,MedGen:C0342276,OMIM:PS125850,Orphanet:552|MONDO:MONDO:0015967,MedGen:C3888631,Orphanet:183625|MONDO:MONDO:0007453,MedGen:C0342277,OMIM:125851,Orphanet:552|MedGen:C3661900",Maturity-onset diabetes of the young|Monogenic diabetes|Maturity-onset diabetes of the young type 2|not provided,germline,germline,GRCh38,NC_000007.14,7,44145611,44145611,na,na,7p13,reviewed by expert panel,4,-,N,ClinGen:CA367398780,2,1098819,44145611,T,G,-,-,-,-,-,-,SCV004037469,-,-
1087531,Deletion,NM_000352.6(ABCC8):c.4288del (p.Leu1430fs),6833,ABCC8,HGNC:59,Pathogenic/Likely pathogenic,1,"Feb 27, 2024",2133400786,-,RCV001420806|RCV004570997,"MONDO:MONDO:0017182,MedGen:C3888018,Orphanet:276525|Human Phenotype Ontology:HP:0005965,Human Phenotype Ontology:HP:0005978,Human Phenotype Ontology:HP:0100652,MONDO:MONDO:0005148,MeSH:D003924,MedGen:C0011860,OMIM:125853",Familial hyperinsulinism|Type 2 diabetes mellitus,germline;unknown,germline,GRCh37,NC_000011.9,11,17417176,17417176,na,na,11p15.1,"criteria provided, multiple submitters, no conflicts",2,-,N,ClinGen:CA2499220822,2,1098777,17417175,AG,A,-,-,-,-,-,-,SCV001623180|SCV005058790,-,-
1087531,Deletion,NM_000352.6(ABCC8):c.4288del (p.Leu1430fs),6833,ABCC8,HGNC:59,Pathogenic/Likely pathogenic,1,"Feb 27, 2024",2133400786,-,RCV001420806|RCV004570997,"MONDO:MONDO:0017182,MedGen:C3888018,Orphanet:276525|Human Phenotype Ontology:HP:0005965,Human Phenotype Ontology:HP:0005978,Human Phenotype Ontology:HP:0100652,MONDO:MONDO:0005148,MeSH:D003924,MedGen:C0011860,OMIM:125853",Familial hyperinsulinism|Type 2 diabetes mellitus,germline;unknown,germline,GRCh38,NC_000011.10,11,17395629,17395629,na,na,11p15.1,"criteria provided, multiple submitters, no conflicts",2,-,N,ClinGen:CA2499220822,2,1098777,17395628,AG,A,-,-,-,-,-,-,SCV001623180|SCV005058790,-,-
1099620,single nucleotide variant,NM_000525.4(KCNJ11):c.1086C>T (p.Ala362=),3767,KCNJ11,HGNC:6257,Likely benign,0,"Mar 03, 2020",2133378851,-,RCV001440181,MedGen:C3661900,not provided,germline,germline,GRCh37,NC_000011.9,11,17408553,17408553,na,na,11p15.1,"criteria provided, single submitter",1,-,N,ClinGen:CA473515115,2,1112984,17408553,G,A,-,-,-,-,-,-,SCV001643085,-,-
1099620,single nucleotide variant,NM_000525.4(KCNJ11):c.1086C>T (p.Ala362=),3767,KCNJ11,HGNC:6257,Likely benign,0,"Mar 03, 2020",2133378851,-,RCV001440181,MedGen:C3661900,not provided,germline,germline,GRCh38,NC_000011.10,11,17387006,17387006,na,na,11p15.1,"criteria provided, single submitter",1,-,N,ClinGen:CA473515115,2,1112984,17387006,G,A,-,-,-,-,-,-,SCV001643085,-,-
1099621,single nucleotide variant,NM_000525.4(KCNJ11):c.1008C>T (p.Thr336=),3767,KCNJ11,HGNC:6257,Likely benign,0,"Aug 31, 2025",538566992,-,RCV001434658|RCV005652664,"MedGen:C3661900|MeSH:D030342,MedGen:C0950123",not provided|Inborn genetic diseases,germline,germline,GRCh37,NC_000011.9,11,17408631,17408631,na,na,11p15.1,"criteria provided, multiple submitters, no conflicts",2,-,N,ClinGen:CA5902202,2,1108964,17408631,G,A,-,-,-,-,-,-,SCV001637469|SCV006339181,-,-
1099621,single nucleotide variant,NM_000525.4(KCNJ11):c.1008C>T (p.Thr336=),3767,KCNJ11,HGNC:6257,Likely benign,0,"Aug 31, 2025",538566992,-,RCV001434658|RCV005652664,"MedGen:C3661900|MeSH:D030342,MedGen:C0950123",not provided|Inborn genetic diseases,germline,germline,GRCh38,NC_000011.10,11,17387084,17387084,na,na,11p15.1,"criteria provided, multiple submitters, no conflicts",2,-,N,ClinGen:CA5902202,2,1108964,17387084,G,A,-,-,-,-,-,-,SCV001637469|SCV006339181,-,-
1099622,single nucleotide variant,NM_000525.4(KCNJ11):c.969C>T (p.Asp323=),3767,KCNJ11,HGNC:6257,Conflicting classifications of pathogenicity,0,"Oct 04, 2023",1272384074,-,RCV001444645|RCV001820137,MedGen:C3661900|MedGen:CN169374,not provided|not specified,germline,germline,GRCh37,NC_000011.9,11,17408670,17408670,na,na,11p15.1,"criteria provided, conflicting classifications",2,-,N,ClinGen:CA473515265,2,1116310,17408670,G,A,-,-,-,-,-,-,SCV001647655|SCV002066434,-,-
1099622,single nucleotide variant,NM_000525.4(KCNJ11):c.969C>T (p.Asp323=),3767,KCNJ11,HGNC:6257,Conflicting classifications of pathogenicity,0,"Oct 04, 2023",1272384074,-,RCV001444645|RCV001820137,MedGen:C3661900|MedGen:CN169374,not provided|not specified,germline,germline,GRCh38,NC_000011.10,11,17387123,17387123,na,na,11p15.1,"criteria provided, conflicting classifications",2,-,N,ClinGen:CA473515265,2,1116310,17387123,G,A,-,-,-,-,-,-,SCV001647655|SCV002066434,-,-
1099623,single nucleotide variant,NM_000525.4(KCNJ11):c.882G>A (p.Thr294=),3767,KCNJ11,HGNC:6257,Likely benign,0,"Oct 17, 2023",115585638,-,RCV001439540|RCV002377715,"MedGen:C3661900|MeSH:D030342,MedGen:C0950123",not provided|Inborn genetic diseases,germline,germline,GRCh37,NC_000011.9,11,17408757,17408757,na,na,11p15.1,"criteria provided, multiple submitters, no conflicts",2,-,N,ClinGen:CA5902228,2,1112506,17408757,C,T,-,-,-,-,-,-,SCV001642432|SCV002683879,-,-
1099623,single nucleotide variant,NM_000525.4(KCNJ11):c.882G>A (p.Thr294=),3767,KCNJ11,HGNC:6257,Likely benign,0,"Oct 17, 2023",115585638,-,RCV001439540|RCV002377715,"MedGen:C3661900|MeSH:D030342,MedGen:C0950123",not provided|Inborn genetic diseases,germline,germline,GRCh38,NC_000011.10,11,17387210,17387210,na,na,11p15.1,"criteria provided, multiple submitters, no conflicts",2,-,N,ClinGen:CA5902228,2,1112506,17387210,C,T,-,-,-,-,-,-,SCV001642432|SCV002683879,-,-
1099624,single nucleotide variant,NM_000525.4(KCNJ11):c.849C>T (p.Ile283=),3767,KCNJ11,HGNC:6257,Likely benign,0,"Sep 27, 2023",745931687,-,RCV001432949,MedGen:C3661900,not provided,germline,germline,GRCh37,NC_000011.9,11,17408790,17408790,na,na,11p15.1,"criteria provided, single submitter",1,-,N,ClinGen:CA5902234,2,1107704,17408790,G,A,-,-,-,-,-,-,SCV001635732,-,-
1099624,single nucleotide variant,NM_000525.4(KCNJ11):c.849C>T (p.Ile283=),3767,KCNJ11,HGNC:6257,Likely benign,0,"Sep 27, 2023",745931687,-,RCV001432949,MedGen:C3661900,not provided,germline,germline,GRCh38,NC_000011.10,11,17387243,17387243,na,na,11p15.1,"criteria provided, single submitter",1,-,N,ClinGen:CA5902234,2,1107704,17387243,G,A,-,-,-,-,-,-,SCV001635732,-,-
1099625,single nucleotide variant,NM_000525.4(KCNJ11):c.630C>T (p.Ile210=),3767,KCNJ11,HGNC:6257,Likely benign,0,"Dec 01, 2021",1564865359,-,RCV001438415,MedGen:C3661900,not provided,germline,germline,GRCh37,NC_000011.9,11,17409009,17409009,na,na,11p15.1,"criteria provided, single submitter",1,-,N,ClinGen:CA473515681,2,1111744,17409009,G,A,-,-,-,-,-,-,SCV001641287,-,-
1099625,single nucleotide variant,NM_000525.4(KCNJ11):c.630C>T (p.Ile210=),3767,KCNJ11,HGNC:6257,Likely benign,0,"Dec 01, 2021",1564865359,-,RCV001438415,MedGen:C3661900,not provided,germline,germline,GRCh38,NC_000011.10,11,17387462,17387462,na,na,11p15.1,"criteria provided, single submitter",1,-,N,ClinGen:CA473515681,2,1111744,17387462,G,A,-,-,-,-,-,-,SCV001641287,-,-
1099626,single nucleotide variant,NM_000525.4(KCNJ11):c.621G>A (p.Lys207=),3767,KCNJ11,HGNC:6257,Likely benign,0,"Aug 18, 2023",772121211,-,RCV001426783,MedGen:C3661900,not provided,germline,germline,GRCh37,NC_000011.9,11,17409018,17409018,na,na,11p15.1,"criteria provided, single submitter",1,-,N,ClinGen:CA5902272,2,1103197,17409018,C,T,-,-,-,-,-,-,SCV001629444,-,-
1099626,single nucleotide variant,NM_000525.4(KCNJ11):c.621G>A (p.Lys207=),3767,KCNJ11,HGNC:6257,Likely benign,0,"Aug 18, 2023",772121211,-,RCV001426783,MedGen:C3661900,not provided,germline,germline,GRCh38,NC_000011.10,11,17387471,17387471,na,na,11p15.1,"criteria provided, single submitter",1,-,N,ClinGen:CA5902272,2,1103197,17387471,C,T,-,-,-,-,-,-,SCV001629444,-,-
1099627,single nucleotide variant,NM_000525.4(KCNJ11):c.615C>T (p.Leu205=),3767,KCNJ11,HGNC:6257,Likely benign,0,"Feb 06, 2020",2133379879,-,RCV001425447,MedGen:C3661900,not provided,germline,germline,GRCh37,NC_000011.9,11,17409024,17409024,na,na,11p15.1,"criteria provided, single submitter",1,-,N,ClinGen:CA473515687,2,1102228,17409024,G,A,-,-,-,-,-,-,SCV001628075,-,-
1099627,single nucleotide variant,NM_000525.4(KCNJ11):c.615C>T (p.Leu205=),3767,KCNJ11,HGNC:6257,Likely benign,0,"Feb 06, 2020",2133379879,-,RCV001425447,MedGen:C3661900,not provided,germline,germline,GRCh38,NC_000011.10,11,17387477,17387477,na,na,11p15.1,"criteria provided, single submitter",1,-,N,ClinGen:CA473515687,2,1102228,17387477,G,A,-,-,-,-,-,-,SCV001628075,-,-
1099628,single nucleotide variant,NM_000525.4(KCNJ11):c.462C>T (p.Ile154=),3767,KCNJ11,HGNC:6257,Likely benign,0,"Dec 06, 2024",145757832,-,RCV001430228|RCV005237808,MedGen:C3661900|MedGen:CN169374,not provided|not specified,germline,germline,GRCh37,NC_000011.9,11,17409177,17409177,na,na,11p15.1,"criteria provided, multiple submitters, no conflicts",2,-,N,ClinGen:CA218399904,2,1105732,17409177,G,A,-,-,-,-,-,-,SCV001632960|SCV005884870,-,-
1099628,single nucleotide variant,NM_000525.4(KCNJ11):c.462C>T (p.Ile154=),3767,KCNJ11,HGNC:6257,Likely benign,0,"Dec 06, 2024",145757832,-,RCV001430228|RCV005237808,MedGen:C3661900|MedGen:CN169374,not provided|not specified,germline,germline,GRCh38,NC_000011.10,11,17387630,17387630,na,na,11p15.1,"criteria provided, multiple submitters, no conflicts",2,-,N,ClinGen:CA218399904,2,1105732,17387630,G,A,-,-,-,-,-,-,SCV001632960|SCV005884870,-,-
1099629,single nucleotide variant,NM_000525.4(KCNJ11):c.450C>T (p.Ile150=),3767,KCNJ11,HGNC:6257,Likely benign,0,"Mar 16, 2024",761588360,-,RCV001443317|RCV002495622|RCV004526124,"MedGen:C3661900|MONDO:MONDO:0012522,MedGen:C1864623,OMIM:610582,Orphanet:99886;Human Phenotype Ontology:HP:0005965,Human Phenotype Ontology:HP:0005978,Human Phenotype Ontology:HP:0100652,MONDO:MONDO:0005148,MeSH:D003924,MedGen:C0011860,OMIM:125853;MONDO:MONDO:0030087,MedGen:C5394296,OMIM:618856;MONDO:MONDO:0011153,MedGen:C2931833,OMIM:601820,Orphanet:276580,Orphanet:276603;MONDO:MONDO:0014589,MedGen:C4225365,OMIM:616329,Orphanet:552|MedGen:CN169374","not provided|Diabetes mellitus, transient neonatal, 3;Type 2 diabetes mellitus;Diabetes mellitus, permanent neonatal 2;Hyperinsulinemic hypoglycemia, familial, 2;Maturity-onset diabetes of the young type 13|not specified",germline;unknown,germline,GRCh37,NC_000011.9,11,17409189,17409189,na,na,11p15.1,"criteria provided, multiple submitters, no conflicts",3,-,N,ClinGen:CA5902289,2,1115326,17409189,G,A,-,-,-,-,-,-,SCV001646287|SCV002808935|SCV005040057,-,-
1099629,single nucleotide variant,NM_000525.4(KCNJ11):c.450C>T (p.Ile150=),3767,KCNJ11,HGNC:6257,Likely benign,0,"Mar 16, 2024",761588360,-,RCV001443317|RCV002495622|RCV004526124,"MedGen:C3661900|MONDO:MONDO:0012522,MedGen:C1864623,OMIM:610582,Orphanet:99886;Human Phenotype Ontology:HP:0005965,Human Phenotype Ontology:HP:0005978,Human Phenotype Ontology:HP:0100652,MONDO:MONDO:0005148,MeSH:D003924,MedGen:C0011860,OMIM:125853;MONDO:MONDO:0030087,MedGen:C5394296,OMIM:618856;MONDO:MONDO:0011153,MedGen:C2931833,OMIM:601820,Orphanet:276580,Orphanet:276603;MONDO:MONDO:0014589,MedGen:C4225365,OMIM:616329,Orphanet:552|MedGen:CN169374","not provided|Diabetes mellitus, transient neonatal, 3;Type 2 diabetes mellitus;Diabetes mellitus, permanent neonatal 2;Hyperinsulinemic hypoglycemia, familial, 2;Maturity-onset diabetes of the young type 13|not specified",germline;unknown,germline,GRCh38,NC_000011.10,11,17387642,17387642,na,na,11p15.1,"criteria provided, multiple submitters, no conflicts",3,-,N,ClinGen:CA5902289,2,1115326,17387642,G,A,-,-,-,-,-,-,SCV001646287|SCV002808935|SCV005040057,-,-
1099630,single nucleotide variant,NM_000525.4(KCNJ11):c.336C>G (p.Thr112=),3767,KCNJ11,HGNC:6257,Likely benign,0,"Dec 08, 2019",2133380454,-,RCV001448575,MedGen:C3661900,not provided,germline,germline,GRCh37,NC_000011.9,11,17409303,17409303,na,na,11p15.1,"criteria provided, single submitter",1,-,N,ClinGen:CA473515759,2,1119201,17409303,G,C,-,-,-,-,-,-,SCV001651670,-,-
1099630,single nucleotide variant,NM_000525.4(KCNJ11):c.336C>G (p.Thr112=),3767,KCNJ11,HGNC:6257,Likely benign,0,"Dec 08, 2019",2133380454,-,RCV001448575,MedGen:C3661900,not provided,germline,germline,GRCh38,NC_000011.10,11,17387756,17387756,na,na,11p15.1,"criteria provided, single submitter",1,-,N,ClinGen:CA473515759,2,1119201,17387756,G,C,-,-,-,-,-,-,SCV001651670,-,-
1099631,single nucleotide variant,NM_000525.4(KCNJ11):c.168G>T (p.Leu56=),3767,KCNJ11,HGNC:6257,Likely benign,0,"Oct 19, 2023",1336022547,-,RCV001448997,MedGen:C3661900,not provided,germline,germline,GRCh37,NC_000011.9,11,17409471,17409471,na,na,11p15.1,"criteria provided, single submitter",1,-,N,ClinGen:CA473515942,2,1119530,17409471,C,A,-,-,-,-,-,-,SCV001652101,-,-
1099631,single nucleotide variant,NM_000525.4(KCNJ11):c.168G>T (p.Leu56=),3767,KCNJ11,HGNC:6257,Likely benign,0,"Oct 19, 2023",1336022547,-,RCV001448997,MedGen:C3661900,not provided,germline,germline,GRCh38,NC_000011.10,11,17387924,17387924,na,na,11p15.1,"criteria provided, single submitter",1,-,N,ClinGen:CA473515942,2,1119530,17387924,C,A,-,-,-,-,-,-,SCV001652101,-,-
1099632,Inversion,NM_000525.4(KCNJ11):c.66_67inv (p.Lys23Glu),3767,KCNJ11,HGNC:6257,Likely benign,0,"Mar 20, 2024",-1,-,RCV001434167|RCV002501532,"MedGen:C3661900|MONDO:MONDO:0012522,MedGen:C1864623,OMIM:610582,Orphanet:99886;Human Phenotype Ontology:HP:0005965,Human Phenotype Ontology:HP:0005978,Human Phenotype Ontology:HP:0100652,MONDO:MONDO:0005148,MeSH:D003924,MedGen:C0011860,OMIM:125853;MONDO:MONDO:0030087,MedGen:C5394296,OMIM:618856;MONDO:MONDO:0011153,MedGen:C2931833,OMIM:601820,Orphanet:276580,Orphanet:276603;MONDO:MONDO:0014589,MedGen:C4225365,OMIM:616329,Orphanet:552","not provided|Diabetes mellitus, transient neonatal, 3;Type 2 diabetes mellitus;Diabetes mellitus, permanent neonatal 2;Hyperinsulinemic hypoglycemia, familial, 2;Maturity-onset diabetes of the young type 13",germline;unknown,germline,GRCh37,NC_000011.9,11,17409572,17409573,na,na,11p15.1,"criteria provided, multiple submitters, no conflicts",2,-,N,ClinGen:CA2499220818,2,1108601,17409572,TG,CA,-,-,-,-,-,-,SCV001636970|SCV002808989,-,-
1099632,Inversion,NM_000525.4(KCNJ11):c.66_67inv (p.Lys23Glu),3767,KCNJ11,HGNC:6257,Likely benign,0,"Mar 20, 2024",-1,-,RCV001434167|RCV002501532,"MedGen:C3661900|MONDO:MONDO:0012522,MedGen:C1864623,OMIM:610582,Orphanet:99886;Human Phenotype Ontology:HP:0005965,Human Phenotype Ontology:HP:0005978,Human Phenotype Ontology:HP:0100652,MONDO:MONDO:0005148,MeSH:D003924,MedGen:C0011860,OMIM:125853;MONDO:MONDO:0030087,MedGen:C5394296,OMIM:618856;MONDO:MONDO:0011153,MedGen:C2931833,OMIM:601820,Orphanet:276580,Orphanet:276603;MONDO:MONDO:0014589,MedGen:C4225365,OMIM:616329,Orphanet:552","not provided|Diabetes mellitus, transient neonatal, 3;Type 2 diabetes mellitus;Diabetes mellitus, permanent neonatal 2;Hyperinsulinemic hypoglycemia, familial, 2;Maturity-onset diabetes of the young type 13",germline;unknown,germline,GRCh38,NC_000011.10,11,17388025,17388026,na,na,11p15.1,"criteria provided, multiple submitters, no conflicts",2,-,N,ClinGen:CA2499220818,2,1108601,17388025,TG,CA,-,-,-,-,-,-,SCV001636970|SCV002808989,-,-
1099633,single nucleotide variant,NM_000525.4(KCNJ11):c.57G>A (p.Glu19=),3767,KCNJ11,HGNC:6257,Likely benign,0,"May 14, 2023",748791717,-,RCV001427982,MedGen:C3661900,not provided,germline,germline,GRCh37,NC_000011.9,11,17409582,17409582,na,na,11p15.1,"criteria provided, single submitter",1,-,N,ClinGen:CA5902341,2,1104054,17409582,C,T,-,-,-,-,-,-,SCV001630673,-,-
1099633,single nucleotide variant,NM_000525.4(KCNJ11):c.57G>A (p.Glu19=),3767,KCNJ11,HGNC:6257,Likely benign,0,"May 14, 2023",748791717,-,RCV001427982,MedGen:C3661900,not provided,germline,germline,GRCh38,NC_000011.10,11,17388035,17388035,na,na,11p15.1,"criteria provided, single submitter",1,-,N,ClinGen:CA5902341,2,1104054,17388035,C,T,-,-,-,-,-,-,SCV001630673,-,-
1099634,single nucleotide variant,NM_000525.4(KCNJ11):c.27C>G (p.Pro9=),3767,KCNJ11,HGNC:6257,Likely benign,0,"Jun 04, 2020",374134161,-,RCV001433344,MedGen:C3661900,not provided,germline,germline,GRCh37,NC_000011.9,11,17409612,17409612,na,na,11p15.1,"criteria provided, single submitter",1,-,N,ClinGen:CA473515738,2,1108002,17409612,G,C,-,-,-,-,-,-,SCV001636133,-,-
1099634,single nucleotide variant,NM_000525.4(KCNJ11):c.27C>G (p.Pro9=),3767,KCNJ11,HGNC:6257,Likely benign,0,"Jun 04, 2020",374134161,-,RCV001433344,MedGen:C3661900,not provided,germline,germline,GRCh38,NC_000011.10,11,17388065,17388065,na,na,11p15.1,"criteria provided, single submitter",1,-,N,ClinGen:CA473515738,2,1108002,17388065,G,C,-,-,-,-,-,-,SCV001636133,-,-
1099635,single nucleotide variant,NM_000352.6(ABCC8):c.4569G>A (p.Val1523=),6833,ABCC8,HGNC:59,Likely benign,0,"Apr 06, 2024",1953753838,-,RCV001425501|RCV005040279,"MedGen:C3661900|MONDO:MONDO:0009415,MedGen:C0271714,OMIM:240800;MONDO:MONDO:0012480,MedGen:C1835887,OMIM:610374,Orphanet:99886;Human Phenotype Ontology:HP:0005965,Human Phenotype Ontology:HP:0005978,Human Phenotype Ontology:HP:0100652,MONDO:MONDO:0005148,MeSH:D003924,MedGen:C0011860,OMIM:125853;MONDO:MONDO:0009734,MedGen:C2931832,OMIM:256450,Orphanet:276575,Orphanet:276598;MONDO:MONDO:0030088,MedGen:C5394303,OMIM:618857","not provided|Leucine-induced hypoglycemia;Diabetes mellitus, transient neonatal, 2;Type 2 diabetes mellitus;Hyperinsulinemic hypoglycemia, familial, 1;Diabetes mellitus, permanent neonatal 3",germline,germline,GRCh37,NC_000011.9,11,17415283,17415283,na,na,11p15.1,"criteria provided, multiple submitters, no conflicts",2,-,N,ClinGen:CA473298037,2,1102279,17415283,C,T,-,-,-,-,-,-,SCV001628129|SCV005676650,-,-
1099635,single nucleotide variant,NM_000352.6(ABCC8):c.4569G>A (p.Val1523=),6833,ABCC8,HGNC:59,Likely benign,0,"Apr 06, 2024",1953753838,-,RCV001425501|RCV005040279,"MedGen:C3661900|MONDO:MONDO:0009415,MedGen:C0271714,OMIM:240800;MONDO:MONDO:0012480,MedGen:C1835887,OMIM:610374,Orphanet:99886;Human Phenotype Ontology:HP:0005965,Human Phenotype Ontology:HP:0005978,Human Phenotype Ontology:HP:0100652,MONDO:MONDO:0005148,MeSH:D003924,MedGen:C0011860,OMIM:125853;MONDO:MONDO:0009734,MedGen:C2931832,OMIM:256450,Orphanet:276575,Orphanet:276598;MONDO:MONDO:0030088,MedGen:C5394303,OMIM:618857","not provided|Leucine-induced hypoglycemia;Diabetes mellitus, transient neonatal, 2;Type 2 diabetes mellitus;Hyperinsulinemic hypoglycemia, familial, 1;Diabetes mellitus, permanent neonatal 3",germline,germline,GRCh38,NC_000011.10,11,17393736,17393736,na,na,11p15.1,"criteria provided, multiple submitters, no conflicts",2,-,N,ClinGen:CA473298037,2,1102279,17393736,C,T,-,-,-,-,-,-,SCV001628129|SCV005676650,-,-
1099636,single nucleotide variant,NM_000352.6(ABCC8):c.4431C>A (p.Gly1477=),6833,ABCC8,HGNC:59,Likely benign,0,"Oct 19, 2019",145673861,-,RCV001446360,MedGen:C3661900,not provided,germline,germline,GRCh37,NC_000011.9,11,17415927,17415927,na,na,11p15.1,"criteria provided, single submitter",1,-,N,ClinGen:CA473298115,2,1117574,17415927,G,T,-,-,-,-,-,-,SCV001649405,-,-
1099636,single nucleotide variant,NM_000352.6(ABCC8):c.4431C>A (p.Gly1477=),6833,ABCC8,HGNC:59,Likely benign,0,"Oct 19, 2019",145673861,-,RCV001446360,MedGen:C3661900,not provided,germline,germline,GRCh38,NC_000011.10,11,17394380,17394380,na,na,11p15.1,"criteria provided, single submitter",1,-,N,ClinGen:CA473298115,2,1117574,17394380,G,T,-,-,-,-,-,-,SCV001649405,-,-
1099637,single nucleotide variant,NM_000352.6(ABCC8):c.4419C>T (p.Ile1473=),6833,ABCC8,HGNC:59,Likely benign,0,"Sep 21, 2023",2133395390,-,RCV001441599,MedGen:C3661900,not provided,germline,germline,GRCh37,NC_000011.9,11,17415939,17415939,na,na,11p15.1,"criteria provided, single submitter",1,-,N,ClinGen:CA473298121,2,1114050,17415939,G,A,-,-,-,-,-,-,SCV001644530,-,-
1099637,single nucleotide variant,NM_000352.6(ABCC8):c.4419C>T (p.Ile1473=),6833,ABCC8,HGNC:59,Likely benign,0,"Sep 21, 2023",2133395390,-,RCV001441599,MedGen:C3661900,not provided,germline,germline,GRCh38,NC_000011.10,11,17394392,17394392,na,na,11p15.1,"criteria provided, single submitter",1,-,N,ClinGen:CA473298121,2,1114050,17394392,G,A,-,-,-,-,-,-,SCV001644530,-,-
1099638,single nucleotide variant,NM_000352.6(ABCC8):c.4411+8C>T,6833,ABCC8,HGNC:59,Likely benign,0,"May 24, 2019",2133398070,-,RCV001422169,MedGen:C3661900,not provided,germline,germline,GRCh37,NC_000011.9,11,17416711,17416711,na,na,11p15.1,"criteria provided, single submitter",1,-,N,ClinGen:CA2499220821,2,1099767,17416711,G,A,-,-,-,-,-,-,SCV001624712,-,-
1099638,single nucleotide variant,NM_000352.6(ABCC8):c.4411+8C>T,6833,ABCC8,HGNC:59,Likely benign,0,"May 24, 2019",2133398070,-,RCV001422169,MedGen:C3661900,not provided,germline,germline,GRCh38,NC_000011.10,11,17395164,17395164,na,na,11p15.1,"criteria provided, single submitter",1,-,N,ClinGen:CA2499220821,2,1099767,17395164,G,A,-,-,-,-,-,-,SCV001624712,-,-
1099639,single nucleotide variant,NM_000352.6(ABCC8):c.4407C>A (p.Gly1469=),6833,ABCC8,HGNC:59,Likely benign,0,"Jun 04, 2019",2133398118,-,RCV001449388,MedGen:C3661900,not provided,germline,germline,GRCh37,NC_000011.9,11,17416723,17416723,na,na,11p15.1,"criteria provided, single submitter",1,-,N,ClinGen:CA473298131,2,1119785,17416723,G,T,-,-,-,-,-,-,SCV001652503,-,-
1099639,single nucleotide variant,NM_000352.6(ABCC8):c.4407C>A (p.Gly1469=),6833,ABCC8,HGNC:59,Likely benign,0,"Jun 04, 2019",2133398118,-,RCV001449388,MedGen:C3661900,not provided,germline,germline,GRCh38,NC_000011.10,11,17395176,17395176,na,na,11p15.1,"criteria provided, single submitter",1,-,N,ClinGen:CA473298131,2,1119785,17395176,G,T,-,-,-,-,-,-,SCV001652503,-,-
1099640,single nucleotide variant,NM_000352.6(ABCC8):c.4389G>T (p.Val1463=),6833,ABCC8,HGNC:59,Likely benign,0,"Jun 03, 2021",1014389339,-,RCV001449516,MedGen:C3661900,not provided,germline,germline,GRCh37,NC_000011.9,11,17416741,17416741,na,na,11p15.1,"criteria provided, single submitter",1,-,N,ClinGen:CA473298145,2,1119900,17416741,C,A,-,-,-,-,-,-,SCV001652632,-,-
1099640,single nucleotide variant,NM_000352.6(ABCC8):c.4389G>T (p.Val1463=),6833,ABCC8,HGNC:59,Likely benign,0,"Jun 03, 2021",1014389339,-,RCV001449516,MedGen:C3661900,not provided,germline,germline,GRCh38,NC_000011.10,11,17395194,17395194,na,na,11p15.1,"criteria provided, single submitter",1,-,N,ClinGen:CA473298145,2,1119900,17395194,C,A,-,-,-,-,-,-,SCV001652632,-,-
1099641,single nucleotide variant,NM_000352.6(ABCC8):c.4368C>T (p.Ile1456=),6833,ABCC8,HGNC:59,Conflicting classifications of pathogenicity,0,"Jan 21, 2026",193922403,-,RCV001439630|RCV002286528|RCV002286527,"MedGen:C3661900|Human Phenotype Ontology:HP:0008255,MONDO:MONDO:0020525,MedGen:C0342273|Human Phenotype Ontology:HP:0004904,MONDO:MONDO:0018911,MedGen:C0342276,OMIM:PS125850,Orphanet:552",not provided|Transitory neonatal diabetes mellitus|Maturity-onset diabetes of the young,germline;unknown,germline,GRCh37,NC_000011.9,11,17416762,17416762,na,na,11p15.1,"criteria provided, conflicting classifications",2,-,N,ClinGen:CA5902485,2,1112579,17416762,G,A,-,-,-,-,-,-,SCV001642522|SCV002574788|SCV002574790,-,-
1099641,single nucleotide variant,NM_000352.6(ABCC8):c.4368C>T (p.Ile1456=),6833,ABCC8,HGNC:59,Conflicting classifications of pathogenicity,0,"Jan 21, 2026",193922403,-,RCV001439630|RCV002286528|RCV002286527,"MedGen:C3661900|Human Phenotype Ontology:HP:0008255,MONDO:MONDO:0020525,MedGen:C0342273|Human Phenotype Ontology:HP:0004904,MONDO:MONDO:0018911,MedGen:C0342276,OMIM:PS125850,Orphanet:552",not provided|Transitory neonatal diabetes mellitus|Maturity-onset diabetes of the young,germline;unknown,germline,GRCh38,NC_000011.10,11,17395215,17395215,na,na,11p15.1,"criteria provided, conflicting classifications",2,-,N,ClinGen:CA5902485,2,1112579,17395215,G,A,-,-,-,-,-,-,SCV001642522|SCV002574788|SCV002574790,-,-
1099642,single nucleotide variant,NM_000352.6(ABCC8):c.4307+8C>G,6833,ABCC8,HGNC:59,Likely benign,0,"Nov 17, 2023",1448472548,-,RCV001425321|RCV004531291,MedGen:C3661900|,not provided|ABCC8-related disorder,germline,germline,GRCh37,NC_000011.9,11,17417149,17417149,na,na,11p15.1,"criteria provided, single submitter",2,-,N,ClinGen:CA597904405,2,1102107,17417149,G,C,-,-,-,-,-,-,SCV001627948,-,-
1099642,single nucleotide variant,NM_000352.6(ABCC8):c.4307+8C>G,6833,ABCC8,HGNC:59,Likely benign,0,"Nov 17, 2023",1448472548,-,RCV001425321|RCV004531291,MedGen:C3661900|,not provided|ABCC8-related disorder,germline,germline,GRCh38,NC_000011.10,11,17395602,17395602,na,na,11p15.1,"criteria provided, single submitter",2,-,N,ClinGen:CA597904405,2,1102107,17395602,G,C,-,-,-,-,-,-,SCV001627948,-,-
1099643,single nucleotide variant,NM_000352.6(ABCC8):c.4284C>G (p.Pro1428=),6833,ABCC8,HGNC:59,Likely benign,0,"Sep 29, 2023",986616476,-,RCV001426772,MedGen:C3661900,not provided,germline,germline,GRCh37,NC_000011.9,11,17417180,17417180,na,na,11p15.1,"criteria provided, single submitter",1,-,N,ClinGen:CA473298213,2,1103186,17417180,G,C,-,-,-,-,-,-,SCV001629433,-,-
1099643,single nucleotide variant,NM_000352.6(ABCC8):c.4284C>G (p.Pro1428=),6833,ABCC8,HGNC:59,Likely benign,0,"Sep 29, 2023",986616476,-,RCV001426772,MedGen:C3661900,not provided,germline,germline,GRCh38,NC_000011.10,11,17395633,17395633,na,na,11p15.1,"criteria provided, single submitter",1,-,N,ClinGen:CA473298213,2,1103186,17395633,G,C,-,-,-,-,-,-,SCV001629433,-,-
1099644,single nucleotide variant,NM_000352.6(ABCC8):c.4152G>A (p.Lys1384=),6833,ABCC8,HGNC:59,Likely benign,0,"Jan 11, 2024",1250433233,-,RCV001442223|RCV002495618,"MedGen:C3661900|MONDO:MONDO:0009415,MedGen:C0271714,OMIM:240800;MONDO:MONDO:0012480,MedGen:C1835887,OMIM:610374,Orphanet:99886;Human Phenotype Ontology:HP:0005965,Human Phenotype Ontology:HP:0005978,Human Phenotype Ontology:HP:0100652,MONDO:MONDO:0005148,MeSH:D003924,MedGen:C0011860,OMIM:125853;MONDO:MONDO:0009734,MedGen:C2931832,OMIM:256450,Orphanet:276575,Orphanet:276598;MONDO:MONDO:0030088,MedGen:C5394303,OMIM:618857","not provided|Leucine-induced hypoglycemia;Diabetes mellitus, transient neonatal, 2;Type 2 diabetes mellitus;Hyperinsulinemic hypoglycemia, familial, 1;Diabetes mellitus, permanent neonatal 3",germline;unknown,germline,GRCh37,NC_000011.9,11,17417445,17417445,na,na,11p15.1,"criteria provided, multiple submitters, no conflicts",2,-,N,ClinGen:CA473298303,2,1114484,17417445,C,T,-,-,-,-,-,-,SCV001645169|SCV002796236,-,-
1099644,single nucleotide variant,NM_000352.6(ABCC8):c.4152G>A (p.Lys1384=),6833,ABCC8,HGNC:59,Likely benign,0,"Jan 11, 2024",1250433233,-,RCV001442223|RCV002495618,"MedGen:C3661900|MONDO:MONDO:0009415,MedGen:C0271714,OMIM:240800;MONDO:MONDO:0012480,MedGen:C1835887,OMIM:610374,Orphanet:99886;Human Phenotype Ontology:HP:0005965,Human Phenotype Ontology:HP:0005978,Human Phenotype Ontology:HP:0100652,MONDO:MONDO:0005148,MeSH:D003924,MedGen:C0011860,OMIM:125853;MONDO:MONDO:0009734,MedGen:C2931832,OMIM:256450,Orphanet:276575,Orphanet:276598;MONDO:MONDO:0030088,MedGen:C5394303,OMIM:618857","not provided|Leucine-induced hypoglycemia;Diabetes mellitus, transient neonatal, 2;Type 2 diabetes mellitus;Hyperinsulinemic hypoglycemia, familial, 1;Diabetes mellitus, permanent neonatal 3",germline;unknown,germline,GRCh38,NC_000011.10,11,17395898,17395898,na,na,11p15.1,"criteria provided, multiple submitters, no conflicts",2,-,N,ClinGen:CA473298303,2,1114484,17395898,C,T,-,-,-,-,-,-,SCV001645169|SCV002796236,-,-
1099645,single nucleotide variant,NM_000352.6(ABCC8):c.4149G>A (p.Gly1383=),6833,ABCC8,HGNC:59,Likely benign,0,"Jul 26, 2020",2133402516,-,RCV001423674,MedGen:C3661900,not provided,germline,germline,GRCh37,NC_000011.9,11,17417448,17417448,na,na,11p15.1,"criteria provided, single submitter",1,-,N,ClinGen:CA473298304,2,1100931,17417448,C,T,-,-,-,-,-,-,SCV001626255,-,-
1099645,single nucleotide variant,NM_000352.6(ABCC8):c.4149G>A (p.Gly1383=),6833,ABCC8,HGNC:59,Likely benign,0,"Jul 26, 2020",2133402516,-,RCV001423674,MedGen:C3661900,not provided,germline,germline,GRCh38,NC_000011.10,11,17395901,17395901,na,na,11p15.1,"criteria provided, single submitter",1,-,N,ClinGen:CA473298304,2,1100931,17395901,C,T,-,-,-,-,-,-,SCV001626255,-,-
1099646,single nucleotide variant,NM_000352.6(ABCC8):c.4059C>T (p.Tyr1353=),6833,ABCC8,HGNC:59,Likely benign,0,"Jan 27, 2026",374602183,-,RCV001439598|RCV004952897,"MedGen:C3661900|MeSH:D030342,MedGen:C0950123",not provided|Inborn genetic diseases,germline,germline,GRCh37,NC_000011.9,11,17418523,17418523,na,na,11p15.1,"criteria provided, multiple submitters, no conflicts",2,-,N,ClinGen:CA5902592,2,1112550,17418523,G,A,-,-,-,-,-,-,SCV001642490|SCV005456353,-,-
1099646,single nucleotide variant,NM_000352.6(ABCC8):c.4059C>T (p.Tyr1353=),6833,ABCC8,HGNC:59,Likely benign,0,"Jan 27, 2026",374602183,-,RCV001439598|RCV004952897,"MedGen:C3661900|MeSH:D030342,MedGen:C0950123",not provided|Inborn genetic diseases,germline,germline,GRCh38,NC_000011.10,11,17396976,17396976,na,na,11p15.1,"criteria provided, multiple submitters, no conflicts",2,-,N,ClinGen:CA5902592,2,1112550,17396976,G,A,-,-,-,-,-,-,SCV001642490|SCV005456353,-,-
1099647,single nucleotide variant,NM_000352.6(ABCC8):c.3988+14G>A,6833,ABCC8,HGNC:59,Likely benign,0,"Feb 08, 2021",770990642,-,RCV001435080,MedGen:C3661900,not provided,germline,germline,GRCh37,NC_000011.9,11,17418726,17418726,na,na,11p15.1,"criteria provided, single submitter",1,-,N,ClinGen:CA5902625,2,1109254,17418726,C,T,-,-,-,-,-,-,SCV001637899,-,-
1099647,single nucleotide variant,NM_000352.6(ABCC8):c.3988+14G>A,6833,ABCC8,HGNC:59,Likely benign,0,"Feb 08, 2021",770990642,-,RCV001435080,MedGen:C3661900,not provided,germline,germline,GRCh38,NC_000011.10,11,17397179,17397179,na,na,11p15.1,"criteria provided, single submitter",1,-,N,ClinGen:CA5902625,2,1109254,17397179,C,T,-,-,-,-,-,-,SCV001637899,-,-
1099648,single nucleotide variant,NM_000352.6(ABCC8):c.3759C>T (p.Tyr1253=),6833,ABCC8,HGNC:59,Likely benign,0,"Nov 13, 2025",1005064056,-,RCV001442249,MedGen:C3661900,not provided,germline,germline,GRCh37,NC_000011.9,11,17419339,17419339,na,na,11p15.1,"criteria provided, single submitter",1,-,N,ClinGen:CA218410660,2,1114497,17419339,G,A,-,-,-,-,-,-,SCV001645197,-,-
1099648,single nucleotide variant,NM_000352.6(ABCC8):c.3759C>T (p.Tyr1253=),6833,ABCC8,HGNC:59,Likely benign,0,"Nov 13, 2025",1005064056,-,RCV001442249,MedGen:C3661900,not provided,germline,germline,GRCh38,NC_000011.10,11,17397792,17397792,na,na,11p15.1,"criteria provided, single submitter",1,-,N,ClinGen:CA218410660,2,1114497,17397792,G,A,-,-,-,-,-,-,SCV001645197,-,-
1099649,single nucleotide variant,NM_000352.6(ABCC8):c.3723A>T (p.Thr1241=),6833,ABCC8,HGNC:59,Likely benign,0,"Aug 24, 2019",2133413704,-,RCV001440999,MedGen:C3661900,not provided,germline,germline,GRCh37,NC_000011.9,11,17419916,17419916,na,na,11p15.1,"criteria provided, single submitter",1,-,N,ClinGen:CA473298986,2,1113579,17419916,T,A,-,-,-,-,-,-,SCV001643916,-,-
1099649,single nucleotide variant,NM_000352.6(ABCC8):c.3723A>T (p.Thr1241=),6833,ABCC8,HGNC:59,Likely benign,0,"Aug 24, 2019",2133413704,-,RCV001440999,MedGen:C3661900,not provided,germline,germline,GRCh38,NC_000011.10,11,17398369,17398369,na,na,11p15.1,"criteria provided, single submitter",1,-,N,ClinGen:CA473298986,2,1113579,17398369,T,A,-,-,-,-,-,-,SCV001643916,-,-
1099650,single nucleotide variant,NM_000352.6(ABCC8):c.3606C>T (p.His1202=),6833,ABCC8,HGNC:59,Likely benign,0,"Dec 24, 2023",1288677984,-,RCV001448622,MedGen:C3661900,not provided,germline,germline,GRCh37,NC_000011.9,11,17424252,17424252,na,na,11p15.1,"criteria provided, single submitter",1,-,N,ClinGen:CA473299465,2,1119245,17424252,G,A,-,-,-,-,-,-,SCV001651718,-,-
1099650,single nucleotide variant,NM_000352.6(ABCC8):c.3606C>T (p.His1202=),6833,ABCC8,HGNC:59,Likely benign,0,"Dec 24, 2023",1288677984,-,RCV001448622,MedGen:C3661900,not provided,germline,germline,GRCh38,NC_000011.10,11,17402705,17402705,na,na,11p15.1,"criteria provided, single submitter",1,-,N,ClinGen:CA473299465,2,1119245,17402705,G,A,-,-,-,-,-,-,SCV001651718,-,-
1099651,single nucleotide variant,NM_000352.6(ABCC8):c.3603A>T (p.Ser1201=),6833,ABCC8,HGNC:59,Likely benign,0,"Apr 30, 2023",145874746,-,RCV001447141,MedGen:C3661900,not provided,germline,germline,GRCh37,NC_000011.9,11,17424255,17424255,na,na,11p15.1,"criteria provided, single submitter",1,-,N,ClinGen:CA473299467,2,1118129,17424255,T,A,-,-,-,-,-,-,SCV001650201,-,-
1099651,single nucleotide variant,NM_000352.6(ABCC8):c.3603A>T (p.Ser1201=),6833,ABCC8,HGNC:59,Likely benign,0,"Apr 30, 2023",145874746,-,RCV001447141,MedGen:C3661900,not provided,germline,germline,GRCh38,NC_000011.10,11,17402708,17402708,na,na,11p15.1,"criteria provided, single submitter",1,-,N,ClinGen:CA473299467,2,1118129,17402708,T,A,-,-,-,-,-,-,SCV001650201,-,-
1099652,single nucleotide variant,NM_000352.6(ABCC8):c.3558-10C>T,6833,ABCC8,HGNC:59,Likely benign,0,"Jan 19, 2024",767866373,-,RCV001447696,MedGen:C3661900,not provided,germline,germline,GRCh37,NC_000011.9,11,17424310,17424310,na,na,11p15.1,"criteria provided, single submitter",1,-,N,ClinGen:CA5902767,2,1118564,17424310,G,A,-,-,-,-,-,-,SCV001650766,-,-
1099652,single nucleotide variant,NM_000352.6(ABCC8):c.3558-10C>T,6833,ABCC8,HGNC:59,Likely benign,0,"Jan 19, 2024",767866373,-,RCV001447696,MedGen:C3661900,not provided,germline,germline,GRCh38,NC_000011.10,11,17402763,17402763,na,na,11p15.1,"criteria provided, single submitter",1,-,N,ClinGen:CA5902767,2,1118564,17402763,G,A,-,-,-,-,-,-,SCV001650766,-,-
1099653,single nucleotide variant,NM_000352.6(ABCC8):c.3537G>A (p.Lys1179=),6833,ABCC8,HGNC:59,Likely benign,0,"Nov 14, 2023",146574155,-,RCV001423601|RCV002456691,"MedGen:C3661900|MeSH:D030342,MedGen:C0950123",not provided|Inborn genetic diseases,germline,germline,GRCh37,NC_000011.9,11,17426079,17426079,na,na,11p15.1,"criteria provided, multiple submitters, no conflicts",2,-,N,ClinGen:CA5902786,2,1100859,17426079,C,T,-,-,-,-,-,-,SCV001626182|SCV002613639,-,-
1099653,single nucleotide variant,NM_000352.6(ABCC8):c.3537G>A (p.Lys1179=),6833,ABCC8,HGNC:59,Likely benign,0,"Nov 14, 2023",146574155,-,RCV001423601|RCV002456691,"MedGen:C3661900|MeSH:D030342,MedGen:C0950123",not provided|Inborn genetic diseases,germline,germline,GRCh38,NC_000011.10,11,17404532,17404532,na,na,11p15.1,"criteria provided, multiple submitters, no conflicts",2,-,N,ClinGen:CA5902786,2,1100859,17404532,C,T,-,-,-,-,-,-,SCV001626182|SCV002613639,-,-
1099654,single nucleotide variant,NM_000352.6(ABCC8):c.3414G>A (p.Thr1138=),6833,ABCC8,HGNC:59,Likely benign,0,"Oct 01, 2025",762412267,-,RCV001445410|RCV002476760,"MedGen:C3661900|MONDO:MONDO:0009415,MedGen:C0271714,OMIM:240800;MONDO:MONDO:0012480,MedGen:C1835887,OMIM:610374,Orphanet:99886;Human Phenotype Ontology:HP:0005965,Human Phenotype Ontology:HP:0005978,Human Phenotype Ontology:HP:0100652,MONDO:MONDO:0005148,MeSH:D003924,MedGen:C0011860,OMIM:125853;MONDO:MONDO:0009734,MedGen:C2931832,OMIM:256450,Orphanet:276575,Orphanet:276598;MONDO:MONDO:0030088,MedGen:C5394303,OMIM:618857","not provided|Leucine-induced hypoglycemia;Diabetes mellitus, transient neonatal, 2;Type 2 diabetes mellitus;Hyperinsulinemic hypoglycemia, familial, 1;Diabetes mellitus, permanent neonatal 3",germline;unknown,germline,GRCh37,NC_000011.9,11,17426202,17426202,na,na,11p15.1,"criteria provided, multiple submitters, no conflicts",2,-,N,ClinGen:CA5902809,2,1116855,17426202,C,T,-,-,-,-,-,-,SCV001648441|SCV002803183,-,-
1099654,single nucleotide variant,NM_000352.6(ABCC8):c.3414G>A (p.Thr1138=),6833,ABCC8,HGNC:59,Likely benign,0,"Oct 01, 2025",762412267,-,RCV001445410|RCV002476760,"MedGen:C3661900|MONDO:MONDO:0009415,MedGen:C0271714,OMIM:240800;MONDO:MONDO:0012480,MedGen:C1835887,OMIM:610374,Orphanet:99886;Human Phenotype Ontology:HP:0005965,Human Phenotype Ontology:HP:0005978,Human Phenotype Ontology:HP:0100652,MONDO:MONDO:0005148,MeSH:D003924,MedGen:C0011860,OMIM:125853;MONDO:MONDO:0009734,MedGen:C2931832,OMIM:256450,Orphanet:276575,Orphanet:276598;MONDO:MONDO:0030088,MedGen:C5394303,OMIM:618857","not provided|Leucine-induced hypoglycemia;Diabetes mellitus, transient neonatal, 2;Type 2 diabetes mellitus;Hyperinsulinemic hypoglycemia, familial, 1;Diabetes mellitus, permanent neonatal 3",germline;unknown,germline,GRCh38,NC_000011.10,11,17404655,17404655,na,na,11p15.1,"criteria provided, multiple submitters, no conflicts",2,-,N,ClinGen:CA5902809,2,1116855,17404655,C,T,-,-,-,-,-,-,SCV001648441|SCV002803183,-,-
1099655,single nucleotide variant,NM_000352.6(ABCC8):c.3189T>C (p.Tyr1063=),6833,ABCC8,HGNC:59,Likely benign,0,"Feb 07, 2024",751097386,-,RCV001439720,MedGen:C3661900,not provided,germline,germline,GRCh37,NC_000011.9,11,17428309,17428309,na,na,11p15.1,"criteria provided, single submitter",1,-,N,ClinGen:CA5902889,2,1112660,17428309,A,G,-,-,-,-,-,-,SCV001642614,-,-
1099655,single nucleotide variant,NM_000352.6(ABCC8):c.3189T>C (p.Tyr1063=),6833,ABCC8,HGNC:59,Likely benign,0,"Feb 07, 2024",751097386,-,RCV001439720,MedGen:C3661900,not provided,germline,germline,GRCh38,NC_000011.10,11,17406762,17406762,na,na,11p15.1,"criteria provided, single submitter",1,-,N,ClinGen:CA5902889,2,1112660,17406762,A,G,-,-,-,-,-,-,SCV001642614,-,-
1099656,single nucleotide variant,NM_000352.6(ABCC8):c.3081G>A (p.Val1027=),6833,ABCC8,HGNC:59,Conflicting classifications of pathogenicity,0,"Mar 01, 2024",745860035,-,RCV001430630|RCV002251589|RCV002251590,"MedGen:C3661900|Human Phenotype Ontology:HP:0004904,MONDO:MONDO:0018911,MedGen:C0342276,OMIM:PS125850,Orphanet:552|Human Phenotype Ontology:HP:0008255,MONDO:MONDO:0020525,MedGen:C0342273",not provided|Maturity-onset diabetes of the young|Transitory neonatal diabetes mellitus,germline;unknown,germline,GRCh37,NC_000011.9,11,17428516,17428516,na,na,11p15.1,"criteria provided, conflicting classifications",2,-,N,ClinGen:CA5902927,2,1106008,17428516,C,T,-,-,-,-,-,-,SCV001633373|SCV002521920|SCV002521921,-,-
1099656,single nucleotide variant,NM_000352.6(ABCC8):c.3081G>A (p.Val1027=),6833,ABCC8,HGNC:59,Conflicting classifications of pathogenicity,0,"Mar 01, 2024",745860035,-,RCV001430630|RCV002251589|RCV002251590,"MedGen:C3661900|Human Phenotype Ontology:HP:0004904,MONDO:MONDO:0018911,MedGen:C0342276,OMIM:PS125850,Orphanet:552|Human Phenotype Ontology:HP:0008255,MONDO:MONDO:0020525,MedGen:C0342273",not provided|Maturity-onset diabetes of the young|Transitory neonatal diabetes mellitus,germline;unknown,germline,GRCh38,NC_000011.10,11,17406969,17406969,na,na,11p15.1,"criteria provided, conflicting classifications",2,-,N,ClinGen:CA5902927,2,1106008,17406969,C,T,-,-,-,-,-,-,SCV001633373|SCV002521920|SCV002521921,-,-
1099657,single nucleotide variant,NM_000352.6(ABCC8):c.3078G>C (p.Leu1026=),6833,ABCC8,HGNC:59,Likely benign,0,"Jan 05, 2022",1954569008,-,RCV001435691,MedGen:C3661900,not provided,germline,germline,GRCh37,NC_000011.9,11,17428519,17428519,na,na,11p15.1,"criteria provided, single submitter",1,-,N,ClinGen:CA473515869,2,1109729,17428519,C,G,-,-,-,-,-,-,SCV001638517,-,-
1099657,single nucleotide variant,NM_000352.6(ABCC8):c.3078G>C (p.Leu1026=),6833,ABCC8,HGNC:59,Likely benign,0,"Jan 05, 2022",1954569008,-,RCV001435691,MedGen:C3661900,not provided,germline,germline,GRCh38,NC_000011.10,11,17406972,17406972,na,na,11p15.1,"criteria provided, single submitter",1,-,N,ClinGen:CA473515869,2,1109729,17406972,C,G,-,-,-,-,-,-,SCV001638517,-,-
1099658,single nucleotide variant,NM_000352.6(ABCC8):c.2916G>A (p.Glu972=),6833,ABCC8,HGNC:59,Likely benign,0,"Jan 12, 2026",1954592292,-,RCV001444952|RCV002506520,"MedGen:C3661900|MONDO:MONDO:0009415,MedGen:C0271714,OMIM:240800;MONDO:MONDO:0012480,MedGen:C1835887,OMIM:610374,Orphanet:99886;Human Phenotype Ontology:HP:0005965,Human Phenotype Ontology:HP:0005978,Human Phenotype Ontology:HP:0100652,MONDO:MONDO:0005148,MeSH:D003924,MedGen:C0011860,OMIM:125853;MONDO:MONDO:0009734,MedGen:C2931832,OMIM:256450,Orphanet:276575,Orphanet:276598;MONDO:MONDO:0030088,MedGen:C5394303,OMIM:618857","not provided|Leucine-induced hypoglycemia;Diabetes mellitus, transient neonatal, 2;Type 2 diabetes mellitus;Hyperinsulinemic hypoglycemia, familial, 1;Diabetes mellitus, permanent neonatal 3",germline;unknown,germline,GRCh37,NC_000011.9,11,17428905,17428905,na,na,11p15.1,"criteria provided, multiple submitters, no conflicts",2,-,N,ClinGen:CA473300312,2,1116523,17428905,C,T,-,-,-,-,-,-,SCV001647970|SCV002812028,-,-
1099658,single nucleotide variant,NM_000352.6(ABCC8):c.2916G>A (p.Glu972=),6833,ABCC8,HGNC:59,Likely benign,0,"Jan 12, 2026",1954592292,-,RCV001444952|RCV002506520,"MedGen:C3661900|MONDO:MONDO:0009415,MedGen:C0271714,OMIM:240800;MONDO:MONDO:0012480,MedGen:C1835887,OMIM:610374,Orphanet:99886;Human Phenotype Ontology:HP:0005965,Human Phenotype Ontology:HP:0005978,Human Phenotype Ontology:HP:0100652,MONDO:MONDO:0005148,MeSH:D003924,MedGen:C0011860,OMIM:125853;MONDO:MONDO:0009734,MedGen:C2931832,OMIM:256450,Orphanet:276575,Orphanet:276598;MONDO:MONDO:0030088,MedGen:C5394303,OMIM:618857","not provided|Leucine-induced hypoglycemia;Diabetes mellitus, transient neonatal, 2;Type 2 diabetes mellitus;Hyperinsulinemic hypoglycemia, familial, 1;Diabetes mellitus, permanent neonatal 3",germline;unknown,germline,GRCh38,NC_000011.10,11,17407358,17407358,na,na,11p15.1,"criteria provided, multiple submitters, no conflicts",2,-,N,ClinGen:CA473300312,2,1116523,17407358,C,T,-,-,-,-,-,-,SCV001647970|SCV002812028,-,-
1099659,single nucleotide variant,NM_000352.6(ABCC8):c.2888A>G (p.Asp963Gly),6833,ABCC8,HGNC:59,Conflicting classifications of pathogenicity,0,"Jun 21, 2024",538013271,-,RCV001445815|RCV004698547|RCV005040286,"MedGen:C3661900|MONDO:MONDO:0009415,MedGen:C0271714,OMIM:240800|MONDO:MONDO:0009415,MedGen:C0271714,OMIM:240800;MONDO:MONDO:0012480,MedGen:C1835887,OMIM:610374,Orphanet:99886;Human Phenotype Ontology:HP:0005965,Human Phenotype Ontology:HP:0005978,Human Phenotype Ontology:HP:0100652,MONDO:MONDO:0005148,MeSH:D003924,MedGen:C0011860,OMIM:125853;MONDO:MONDO:0009734,MedGen:C2931832,OMIM:256450,Orphanet:276575,Orphanet:276598;MONDO:MONDO:0030088,MedGen:C5394303,OMIM:618857","not provided|Leucine-induced hypoglycemia|Leucine-induced hypoglycemia;Diabetes mellitus, transient neonatal, 2;Type 2 diabetes mellitus;Hyperinsulinemic hypoglycemia, familial, 1;Diabetes mellitus, permanent neonatal 3",germline,germline,GRCh37,NC_000011.9,11,17428933,17428933,na,na,11p15.1,"criteria provided, conflicting classifications",3,-,N,ClinGen:CA5902988,2,1117160,17428933,T,C,-,-,-,-,-,-,SCV001648852|SCV005200275|SCV005676319,-,-
1099659,single nucleotide variant,NM_000352.6(ABCC8):c.2888A>G (p.Asp963Gly),6833,ABCC8,HGNC:59,Conflicting classifications of pathogenicity,0,"Jun 21, 2024",538013271,-,RCV001445815|RCV004698547|RCV005040286,"MedGen:C3661900|MONDO:MONDO:0009415,MedGen:C0271714,OMIM:240800|MONDO:MONDO:0009415,MedGen:C0271714,OMIM:240800;MONDO:MONDO:0012480,MedGen:C1835887,OMIM:610374,Orphanet:99886;Human Phenotype Ontology:HP:0005965,Human Phenotype Ontology:HP:0005978,Human Phenotype Ontology:HP:0100652,MONDO:MONDO:0005148,MeSH:D003924,MedGen:C0011860,OMIM:125853;MONDO:MONDO:0009734,MedGen:C2931832,OMIM:256450,Orphanet:276575,Orphanet:276598;MONDO:MONDO:0030088,MedGen:C5394303,OMIM:618857","not provided|Leucine-induced hypoglycemia|Leucine-induced hypoglycemia;Diabetes mellitus, transient neonatal, 2;Type 2 diabetes mellitus;Hyperinsulinemic hypoglycemia, familial, 1;Diabetes mellitus, permanent neonatal 3",germline,germline,GRCh38,NC_000011.10,11,17407386,17407386,na,na,11p15.1,"criteria provided, conflicting classifications",3,-,N,ClinGen:CA5902988,2,1117160,17407386,T,C,-,-,-,-,-,-,SCV001648852|SCV005200275|SCV005676319,-,-
1099660,single nucleotide variant,NM_000352.6(ABCC8):c.2883G>A (p.Ser961=),6833,ABCC8,HGNC:59,Likely benign,0,"Dec 06, 2025",556416269,-,RCV001427594|RCV002495587,"MedGen:C3661900|MONDO:MONDO:0009415,MedGen:C0271714,OMIM:240800;MONDO:MONDO:0012480,MedGen:C1835887,OMIM:610374,Orphanet:99886;Human Phenotype Ontology:HP:0005965,Human Phenotype Ontology:HP:0005978,Human Phenotype Ontology:HP:0100652,MONDO:MONDO:0005148,MeSH:D003924,MedGen:C0011860,OMIM:125853;MONDO:MONDO:0009734,MedGen:C2931832,OMIM:256450,Orphanet:276575,Orphanet:276598;MONDO:MONDO:0030088,MedGen:C5394303,OMIM:618857","not provided|Leucine-induced hypoglycemia;Diabetes mellitus, transient neonatal, 2;Type 2 diabetes mellitus;Hyperinsulinemic hypoglycemia, familial, 1;Diabetes mellitus, permanent neonatal 3",germline;unknown,germline,GRCh37,NC_000011.9,11,17428938,17428938,na,na,11p15.1,"criteria provided, multiple submitters, no conflicts",2,-,N,ClinGen:CA5902989,2,1103775,17428938,C,T,-,-,-,-,-,-,SCV001630278|SCV002795217,-,-
1099660,single nucleotide variant,NM_000352.6(ABCC8):c.2883G>A (p.Ser961=),6833,ABCC8,HGNC:59,Likely benign,0,"Dec 06, 2025",556416269,-,RCV001427594|RCV002495587,"MedGen:C3661900|MONDO:MONDO:0009415,MedGen:C0271714,OMIM:240800;MONDO:MONDO:0012480,MedGen:C1835887,OMIM:610374,Orphanet:99886;Human Phenotype Ontology:HP:0005965,Human Phenotype Ontology:HP:0005978,Human Phenotype Ontology:HP:0100652,MONDO:MONDO:0005148,MeSH:D003924,MedGen:C0011860,OMIM:125853;MONDO:MONDO:0009734,MedGen:C2931832,OMIM:256450,Orphanet:276575,Orphanet:276598;MONDO:MONDO:0030088,MedGen:C5394303,OMIM:618857","not provided|Leucine-induced hypoglycemia;Diabetes mellitus, transient neonatal, 2;Type 2 diabetes mellitus;Hyperinsulinemic hypoglycemia, familial, 1;Diabetes mellitus, permanent neonatal 3",germline;unknown,germline,GRCh38,NC_000011.10,11,17407391,17407391,na,na,11p15.1,"criteria provided, multiple submitters, no conflicts",2,-,N,ClinGen:CA5902989,2,1103775,17407391,C,T,-,-,-,-,-,-,SCV001630278|SCV002795217,-,-
1099661,single nucleotide variant,NM_000352.6(ABCC8):c.2856C>A (p.Pro952=),6833,ABCC8,HGNC:59,Likely benign,0,"Mar 26, 2021",1284352811,-,RCV001436644,MedGen:C3661900,not provided,germline,germline,GRCh37,NC_000011.9,11,17428965,17428965,na,na,11p15.1,"criteria provided, single submitter",1,-,N,ClinGen:CA473300386,2,1110440,17428965,G,T,-,-,-,-,-,-,SCV001639486,-,-
1099661,single nucleotide variant,NM_000352.6(ABCC8):c.2856C>A (p.Pro952=),6833,ABCC8,HGNC:59,Likely benign,0,"Mar 26, 2021",1284352811,-,RCV001436644,MedGen:C3661900,not provided,germline,germline,GRCh38,NC_000011.10,11,17407418,17407418,na,na,11p15.1,"criteria provided, single submitter",1,-,N,ClinGen:CA473300386,2,1110440,17407418,G,T,-,-,-,-,-,-,SCV001639486,-,-
1099662,single nucleotide variant,NM_000352.6(ABCC8):c.2679G>T (p.Leu893=),6833,ABCC8,HGNC:59,Likely benign,0,"Sep 04, 2022",1023939014,-,RCV001427544,MedGen:C3661900,not provided,germline,germline,GRCh37,NC_000011.9,11,17432078,17432078,na,na,11p15.1,"criteria provided, single submitter",1,-,N,ClinGen:CA473300869,2,1103731,17432078,C,A,-,-,-,-,-,-,SCV001630228,-,-
1099662,single nucleotide variant,NM_000352.6(ABCC8):c.2679G>T (p.Leu893=),6833,ABCC8,HGNC:59,Likely benign,0,"Sep 04, 2022",1023939014,-,RCV001427544,MedGen:C3661900,not provided,germline,germline,GRCh38,NC_000011.10,11,17410531,17410531,na,na,11p15.1,"criteria provided, single submitter",1,-,N,ClinGen:CA473300869,2,1103731,17410531,C,A,-,-,-,-,-,-,SCV001630228,-,-
1099663,single nucleotide variant,NM_000352.6(ABCC8):c.2653T>C (p.Leu885=),6833,ABCC8,HGNC:59,Likely benign,0,"Jun 24, 2019",2133461057,-,RCV001425809,MedGen:C3661900,not provided,germline,germline,GRCh37,NC_000011.9,11,17432104,17432104,na,na,11p15.1,"criteria provided, single submitter",1,-,N,ClinGen:CA473300921,2,1102470,17432104,A,G,-,-,-,-,-,-,SCV001628447,-,-
1099663,single nucleotide variant,NM_000352.6(ABCC8):c.2653T>C (p.Leu885=),6833,ABCC8,HGNC:59,Likely benign,0,"Jun 24, 2019",2133461057,-,RCV001425809,MedGen:C3661900,not provided,germline,germline,GRCh38,NC_000011.10,11,17410557,17410557,na,na,11p15.1,"criteria provided, single submitter",1,-,N,ClinGen:CA473300921,2,1102470,17410557,A,G,-,-,-,-,-,-,SCV001628447,-,-
1099664,single nucleotide variant,NM_000352.6(ABCC8):c.2557-4C>T,6833,ABCC8,HGNC:59,Likely benign,0,"May 10, 2019",2133461625,-,RCV001426681,MedGen:C3661900,not provided,germline,germline,GRCh37,NC_000011.9,11,17432204,17432204,na,na,11p15.1,"criteria provided, single submitter",1,-,N,ClinGen:CA2499220824,2,1103101,17432204,G,A,-,-,-,-,-,-,SCV001629341,-,-
1099664,single nucleotide variant,NM_000352.6(ABCC8):c.2557-4C>T,6833,ABCC8,HGNC:59,Likely benign,0,"May 10, 2019",2133461625,-,RCV001426681,MedGen:C3661900,not provided,germline,germline,GRCh38,NC_000011.10,11,17410657,17410657,na,na,11p15.1,"criteria provided, single submitter",1,-,N,ClinGen:CA2499220824,2,1103101,17410657,G,A,-,-,-,-,-,-,SCV001629341,-,-
1099665,single nucleotide variant,NM_000352.6(ABCC8):c.2505G>A (p.Gln835=),6833,ABCC8,HGNC:59,Likely benign,0,"Feb 29, 2020",2133470447,-,RCV001422270,MedGen:C3661900,not provided,germline,germline,GRCh37,NC_000011.9,11,17434264,17434264,na,na,11p15.1,"criteria provided, single submitter",1,-,N,ClinGen:CA473301276,2,1099864,17434264,C,T,-,-,-,-,-,-,SCV001624813,-,-
1099665,single nucleotide variant,NM_000352.6(ABCC8):c.2505G>A (p.Gln835=),6833,ABCC8,HGNC:59,Likely benign,0,"Feb 29, 2020",2133470447,-,RCV001422270,MedGen:C3661900,not provided,germline,germline,GRCh38,NC_000011.10,11,17412717,17412717,na,na,11p15.1,"criteria provided, single submitter",1,-,N,ClinGen:CA473301276,2,1099864,17412717,C,T,-,-,-,-,-,-,SCV001624813,-,-
1099666,single nucleotide variant,NM_000352.6(ABCC8):c.2487G>A (p.Leu829=),6833,ABCC8,HGNC:59,Likely benign,0,"Jan 28, 2026",550307286,-,RCV001423967,MedGen:C3661900,not provided,germline,germline,GRCh37,NC_000011.9,11,17434282,17434282,na,na,11p15.1,"criteria provided, multiple submitters, no conflicts",2,-,N,ClinGen:CA5903108,2,1101124,17434282,C,T,-,-,-,-,-,-,SCV001626558|SCV002544544,-,-
1099666,single nucleotide variant,NM_000352.6(ABCC8):c.2487G>A (p.Leu829=),6833,ABCC8,HGNC:59,Likely benign,0,"Jan 28, 2026",550307286,-,RCV001423967,MedGen:C3661900,not provided,germline,germline,GRCh38,NC_000011.10,11,17412735,17412735,na,na,11p15.1,"criteria provided, multiple submitters, no conflicts",2,-,N,ClinGen:CA5903108,2,1101124,17412735,C,T,-,-,-,-,-,-,SCV001626558|SCV002544544,-,-
1099667,single nucleotide variant,NM_000352.6(ABCC8):c.2418T>C (p.Ser806=),6833,ABCC8,HGNC:59,Likely benign,0,"Dec 02, 2023",2133473764,-,RCV001438892,MedGen:C3661900,not provided,germline,germline,GRCh37,NC_000011.9,11,17434998,17434998,na,na,11p15.1,"criteria provided, single submitter",1,-,N,ClinGen:CA473301477,2,1112089,17434998,A,G,-,-,-,-,-,-,SCV001641773,-,-
1099667,single nucleotide variant,NM_000352.6(ABCC8):c.2418T>C (p.Ser806=),6833,ABCC8,HGNC:59,Likely benign,0,"Dec 02, 2023",2133473764,-,RCV001438892,MedGen:C3661900,not provided,germline,germline,GRCh38,NC_000011.10,11,17413451,17413451,na,na,11p15.1,"criteria provided, single submitter",1,-,N,ClinGen:CA473301477,2,1112089,17413451,A,G,-,-,-,-,-,-,SCV001641773,-,-
1099668,single nucleotide variant,NM_000352.6(ABCC8):c.2301C>A (p.Gly767=),6833,ABCC8,HGNC:59,Likely benign,0,"Jul 03, 2021",1216991785,-,RCV001422622,MedGen:C3661900,not provided,germline,germline,GRCh37,NC_000011.9,11,17436148,17436148,na,na,11p15.1,"criteria provided, single submitter",1,-,N,ClinGen:CA473301663,2,1100107,17436148,G,T,-,-,-,-,-,-,SCV001625178,-,-
1099668,single nucleotide variant,NM_000352.6(ABCC8):c.2301C>A (p.Gly767=),6833,ABCC8,HGNC:59,Likely benign,0,"Jul 03, 2021",1216991785,-,RCV001422622,MedGen:C3661900,not provided,germline,germline,GRCh38,NC_000011.10,11,17414601,17414601,na,na,11p15.1,"criteria provided, single submitter",1,-,N,ClinGen:CA473301663,2,1100107,17414601,G,T,-,-,-,-,-,-,SCV001625178,-,-
1099669,single nucleotide variant,NM_000352.6(ABCC8):c.2262G>A (p.Glu754=),6833,ABCC8,HGNC:59,Likely benign,0,"Feb 22, 2019",2133482234,-,RCV001433765,MedGen:C3661900,not provided,germline,germline,GRCh37,NC_000011.9,11,17436880,17436880,na,na,11p15.1,"criteria provided, single submitter",1,-,N,ClinGen:CA473301749,2,1108300,17436880,C,T,-,-,-,-,-,-,SCV001636561,-,-
1099669,single nucleotide variant,NM_000352.6(ABCC8):c.2262G>A (p.Glu754=),6833,ABCC8,HGNC:59,Likely benign,0,"Feb 22, 2019",2133482234,-,RCV001433765,MedGen:C3661900,not provided,germline,germline,GRCh38,NC_000011.10,11,17415333,17415333,na,na,11p15.1,"criteria provided, single submitter",1,-,N,ClinGen:CA473301749,2,1108300,17415333,C,T,-,-,-,-,-,-,SCV001636561,-,-
1099670,single nucleotide variant,NM_001287174.3(ABCC8):c.2223-1G>T,6833,ABCC8,HGNC:59,Likely benign,0,"Oct 22, 2023",1040460617,-,RCV001422240,MedGen:C3661900,not provided,germline,germline,GRCh37,NC_000011.9,11,17438513,17438513,na,na,11p15.1,"criteria provided, single submitter",1,-,N,ClinGen:CA218431405,2,1099834,17438513,C,A,-,-,-,-,-,-,SCV001624783,-,-
1099670,single nucleotide variant,NM_001287174.3(ABCC8):c.2223-1G>T,6833,ABCC8,HGNC:59,Likely benign,0,"Oct 22, 2023",1040460617,-,RCV001422240,MedGen:C3661900,not provided,germline,germline,GRCh38,NC_000011.10,11,17416966,17416966,na,na,11p15.1,"criteria provided, single submitter",1,-,N,ClinGen:CA218431405,2,1099834,17416966,C,A,-,-,-,-,-,-,SCV001624783,-,-
1099671,single nucleotide variant,NM_000352.6(ABCC8):c.2151C>T (p.Cys717=),6833,ABCC8,HGNC:59,Likely benign,0,"Aug 05, 2022",776027296,-,RCV001422716,MedGen:C3661900,not provided,germline,germline,GRCh37,NC_000011.9,11,17448667,17448667,na,na,11p15.1,"criteria provided, single submitter",1,-,N,ClinGen:CA473302469,2,1100197,17448667,G,A,-,-,-,-,-,-,SCV001625272,-,-
1099671,single nucleotide variant,NM_000352.6(ABCC8):c.2151C>T (p.Cys717=),6833,ABCC8,HGNC:59,Likely benign,0,"Aug 05, 2022",776027296,-,RCV001422716,MedGen:C3661900,not provided,germline,germline,GRCh38,NC_000011.10,11,17427120,17427120,na,na,11p15.1,"criteria provided, single submitter",1,-,N,ClinGen:CA473302469,2,1100197,17427120,G,A,-,-,-,-,-,-,SCV001625272,-,-
1099672,single nucleotide variant,NM_000352.6(ABCC8):c.2091C>T (p.Ser697=),6833,ABCC8,HGNC:59,Likely benign,0,"Oct 12, 2019",2133535370,-,RCV001429812,MedGen:C3661900,not provided,germline,germline,GRCh37,NC_000011.9,11,17449439,17449439,na,na,11p15.1,"criteria provided, single submitter",1,-,N,ClinGen:CA473302587,2,1105431,17449439,G,A,-,-,-,-,-,-,SCV001632533,-,-
1099672,single nucleotide variant,NM_000352.6(ABCC8):c.2091C>T (p.Ser697=),6833,ABCC8,HGNC:59,Likely benign,0,"Oct 12, 2019",2133535370,-,RCV001429812,MedGen:C3661900,not provided,germline,germline,GRCh38,NC_000011.10,11,17427892,17427892,na,na,11p15.1,"criteria provided, single submitter",1,-,N,ClinGen:CA473302587,2,1105431,17427892,G,A,-,-,-,-,-,-,SCV001632533,-,-
1099673,single nucleotide variant,NM_000352.6(ABCC8):c.2070A>G (p.Pro690=),6833,ABCC8,HGNC:59,Likely benign,0,"Aug 18, 2023",1176345615,-,RCV001422243,MedGen:C3661900,not provided,germline,germline,GRCh37,NC_000011.9,11,17449460,17449460,na,na,11p15.1,"criteria provided, single submitter",1,-,N,ClinGen:CA473302623,2,1099837,17449460,T,C,-,-,-,-,-,-,SCV001624786,-,-
1099673,single nucleotide variant,NM_000352.6(ABCC8):c.2070A>G (p.Pro690=),6833,ABCC8,HGNC:59,Likely benign,0,"Aug 18, 2023",1176345615,-,RCV001422243,MedGen:C3661900,not provided,germline,germline,GRCh38,NC_000011.10,11,17427913,17427913,na,na,11p15.1,"criteria provided, single submitter",1,-,N,ClinGen:CA473302623,2,1099837,17427913,T,C,-,-,-,-,-,-,SCV001624786,-,-
1099674,single nucleotide variant,NM_000352.6(ABCC8):c.2067C>A (p.Thr689=),6833,ABCC8,HGNC:59,Likely benign,0,"Aug 09, 2020",1427395321,-,RCV001445172,MedGen:C3661900,not provided,germline,germline,GRCh37,NC_000011.9,11,17449463,17449463,na,na,11p15.1,"criteria provided, single submitter",1,-,N,ClinGen:CA473302631,2,1116715,17449463,G,T,-,-,-,-,-,-,SCV001648194,-,-
1099674,single nucleotide variant,NM_000352.6(ABCC8):c.2067C>A (p.Thr689=),6833,ABCC8,HGNC:59,Likely benign,0,"Aug 09, 2020",1427395321,-,RCV001445172,MedGen:C3661900,not provided,germline,germline,GRCh38,NC_000011.10,11,17427916,17427916,na,na,11p15.1,"criteria provided, single submitter",1,-,N,ClinGen:CA473302631,2,1116715,17427916,G,T,-,-,-,-,-,-,SCV001648194,-,-
1099675,single nucleotide variant,NM_000352.6(ABCC8):c.1924-4C>G,6833,ABCC8,HGNC:59,Likely benign,0,"Mar 26, 2021",763688900,-,RCV001444104,MedGen:C3661900,not provided,germline,germline,GRCh37,NC_000011.9,11,17449956,17449956,na,na,11p15.1,"criteria provided, single submitter",1,-,N,ClinGen:CA2499220829,2,1115894,17449956,G,C,-,-,-,-,-,-,SCV001647098,-,-
1099675,single nucleotide variant,NM_000352.6(ABCC8):c.1924-4C>G,6833,ABCC8,HGNC:59,Likely benign,0,"Mar 26, 2021",763688900,-,RCV001444104,MedGen:C3661900,not provided,germline,germline,GRCh38,NC_000011.10,11,17428409,17428409,na,na,11p15.1,"criteria provided, single submitter",1,-,N,ClinGen:CA2499220829,2,1115894,17428409,G,C,-,-,-,-,-,-,SCV001647098,-,-
1099676,single nucleotide variant,NM_000352.6(ABCC8):c.1923+9C>T,6833,ABCC8,HGNC:59,Likely benign,0,"May 29, 2021",2133539044,-,RCV001433007,MedGen:C3661900,not provided,germline,germline,GRCh37,NC_000011.9,11,17450103,17450103,na,na,11p15.1,"criteria provided, single submitter",1,-,N,ClinGen:CA2499220830,2,1107760,17450103,G,A,-,-,-,-,-,-,SCV001635790,-,-
1099676,single nucleotide variant,NM_000352.6(ABCC8):c.1923+9C>T,6833,ABCC8,HGNC:59,Likely benign,0,"May 29, 2021",2133539044,-,RCV001433007,MedGen:C3661900,not provided,germline,germline,GRCh38,NC_000011.10,11,17428556,17428556,na,na,11p15.1,"criteria provided, single submitter",1,-,N,ClinGen:CA2499220830,2,1107760,17428556,G,A,-,-,-,-,-,-,SCV001635790,-,-
1099677,single nucleotide variant,NM_000352.6(ABCC8):c.1830A>G (p.Leu610=),6833,ABCC8,HGNC:59,Likely benign,0,"Mar 09, 2023",150839950,-,RCV001435580,MedGen:C3661900,not provided,germline,germline,GRCh37,NC_000011.9,11,17450205,17450205,na,na,11p15.1,"criteria provided, single submitter",1,-,N,ClinGen:CA5903418,2,1109630,17450205,T,C,-,-,-,-,-,-,SCV001638406,-,-
1099677,single nucleotide variant,NM_000352.6(ABCC8):c.1830A>G (p.Leu610=),6833,ABCC8,HGNC:59,Likely benign,0,"Mar 09, 2023",150839950,-,RCV001435580,MedGen:C3661900,not provided,germline,germline,GRCh38,NC_000011.10,11,17428658,17428658,na,na,11p15.1,"criteria provided, single submitter",1,-,N,ClinGen:CA5903418,2,1109630,17428658,T,C,-,-,-,-,-,-,SCV001638406,-,-
1099678,single nucleotide variant,NM_000352.6(ABCC8):c.1824A>G (p.Gln608=),6833,ABCC8,HGNC:59,Likely benign,0,"Jul 26, 2022",2133540040,-,RCV001431149,MedGen:C3661900,not provided,germline,germline,GRCh37,NC_000011.9,11,17450211,17450211,na,na,11p15.1,"criteria provided, single submitter",1,-,N,ClinGen:CA473516580,2,1106400,17450211,T,C,-,-,-,-,-,-,SCV001633901,-,-
1099678,single nucleotide variant,NM_000352.6(ABCC8):c.1824A>G (p.Gln608=),6833,ABCC8,HGNC:59,Likely benign,0,"Jul 26, 2022",2133540040,-,RCV001431149,MedGen:C3661900,not provided,germline,germline,GRCh38,NC_000011.10,11,17428664,17428664,na,na,11p15.1,"criteria provided, single submitter",1,-,N,ClinGen:CA473516580,2,1106400,17428664,T,C,-,-,-,-,-,-,SCV001633901,-,-
1099679,single nucleotide variant,NM_000352.6(ABCC8):c.1800C>T (p.Thr600=),6833,ABCC8,HGNC:59,Likely benign,0,"Jan 21, 2025",371181016,-,RCV001432558|RCV002504713|RCV005372705,"MedGen:C3661900|MONDO:MONDO:0009415,MedGen:C0271714,OMIM:240800;MONDO:MONDO:0012480,MedGen:C1835887,OMIM:610374,Orphanet:99886;Human Phenotype Ontology:HP:0005965,Human Phenotype Ontology:HP:0005978,Human Phenotype Ontology:HP:0100652,MONDO:MONDO:0005148,MeSH:D003924,MedGen:C0011860,OMIM:125853;MONDO:MONDO:0009734,MedGen:C2931832,OMIM:256450,Orphanet:276575,Orphanet:276598;MONDO:MONDO:0030088,MedGen:C5394303,OMIM:618857|MeSH:D030342,MedGen:C0950123","not provided|Leucine-induced hypoglycemia;Diabetes mellitus, transient neonatal, 2;Type 2 diabetes mellitus;Hyperinsulinemic hypoglycemia, familial, 1;Diabetes mellitus, permanent neonatal 3|Inborn genetic diseases",germline;unknown,germline,GRCh37,NC_000011.9,11,17452378,17452378,na,na,11p15.1,"criteria provided, multiple submitters, no conflicts",3,-,N,ClinGen:CA5903451,2,1107444,17452378,G,A,-,-,-,-,-,-,SCV001635329|SCV002799245|SCV006037702,-,-
1099679,single nucleotide variant,NM_000352.6(ABCC8):c.1800C>T (p.Thr600=),6833,ABCC8,HGNC:59,Likely benign,0,"Jan 21, 2025",371181016,-,RCV001432558|RCV002504713|RCV005372705,"MedGen:C3661900|MONDO:MONDO:0009415,MedGen:C0271714,OMIM:240800;MONDO:MONDO:0012480,MedGen:C1835887,OMIM:610374,Orphanet:99886;Human Phenotype Ontology:HP:0005965,Human Phenotype Ontology:HP:0005978,Human Phenotype Ontology:HP:0100652,MONDO:MONDO:0005148,MeSH:D003924,MedGen:C0011860,OMIM:125853;MONDO:MONDO:0009734,MedGen:C2931832,OMIM:256450,Orphanet:276575,Orphanet:276598;MONDO:MONDO:0030088,MedGen:C5394303,OMIM:618857|MeSH:D030342,MedGen:C0950123","not provided|Leucine-induced hypoglycemia;Diabetes mellitus, transient neonatal, 2;Type 2 diabetes mellitus;Hyperinsulinemic hypoglycemia, familial, 1;Diabetes mellitus, permanent neonatal 3|Inborn genetic diseases",germline;unknown,germline,GRCh38,NC_000011.10,11,17430831,17430831,na,na,11p15.1,"criteria provided, multiple submitters, no conflicts",3,-,N,ClinGen:CA5903451,2,1107444,17430831,G,A,-,-,-,-,-,-,SCV001635329|SCV002799245|SCV006037702,-,-
1099680,single nucleotide variant,NM_000352.6(ABCC8):c.1779G>A (p.Leu593=),6833,ABCC8,HGNC:59,Likely benign,0,"Sep 08, 2023",538435990,-,RCV001443222,MedGen:C3661900,not provided,germline,germline,GRCh37,NC_000011.9,11,17452399,17452399,na,na,11p15.1,"criteria provided, single submitter",1,-,N,ClinGen:CA5903456,2,1115235,17452399,C,T,-,-,-,-,-,-,SCV001646191,-,-
1099680,single nucleotide variant,NM_000352.6(ABCC8):c.1779G>A (p.Leu593=),6833,ABCC8,HGNC:59,Likely benign,0,"Sep 08, 2023",538435990,-,RCV001443222,MedGen:C3661900,not provided,germline,germline,GRCh38,NC_000011.10,11,17430852,17430852,na,na,11p15.1,"criteria provided, single submitter",1,-,N,ClinGen:CA5903456,2,1115235,17430852,C,T,-,-,-,-,-,-,SCV001646191,-,-
1099681,single nucleotide variant,NM_000352.6(ABCC8):c.1671+8G>T,6833,ABCC8,HGNC:59,Likely benign,0,"Dec 21, 2023",962553311,-,RCV001434248,MedGen:C3661900,not provided,germline,germline,GRCh37,NC_000011.9,11,17453743,17453743,na,na,11p15.1,"criteria provided, single submitter",1,-,N,ClinGen:CA218443355,2,1108672,17453743,C,A,-,-,-,-,-,-,SCV001637053,-,-
1099681,single nucleotide variant,NM_000352.6(ABCC8):c.1671+8G>T,6833,ABCC8,HGNC:59,Likely benign,0,"Dec 21, 2023",962553311,-,RCV001434248,MedGen:C3661900,not provided,germline,germline,GRCh38,NC_000011.10,11,17432196,17432196,na,na,11p15.1,"criteria provided, single submitter",1,-,N,ClinGen:CA218443355,2,1108672,17432196,C,A,-,-,-,-,-,-,SCV001637053,-,-
1099682,single nucleotide variant,NM_000352.6(ABCC8):c.1602G>A (p.Arg534=),6833,ABCC8,HGNC:59,Likely benign,0,"Feb 19, 2020",1461602097,-,RCV001432606,MedGen:C3661900,not provided,germline,germline,GRCh37,NC_000011.9,11,17464295,17464295,na,na,11p15.1,"criteria provided, single submitter",1,-,N,ClinGen:CA473298420,2,1107489,17464295,C,T,-,-,-,-,-,-,SCV001635378,-,-
1099682,single nucleotide variant,NM_000352.6(ABCC8):c.1602G>A (p.Arg534=),6833,ABCC8,HGNC:59,Likely benign,0,"Feb 19, 2020",1461602097,-,RCV001432606,MedGen:C3661900,not provided,germline,germline,GRCh38,NC_000011.10,11,17442748,17442748,na,na,11p15.1,"criteria provided, single submitter",1,-,N,ClinGen:CA473298420,2,1107489,17442748,C,T,-,-,-,-,-,-,SCV001635378,-,-
1099683,single nucleotide variant,NM_000352.6(ABCC8):c.1530G>A (p.Lys510=),6833,ABCC8,HGNC:59,Likely benign,0,"Dec 07, 2025",762783893,-,RCV001435739,MedGen:C3661900,not provided,germline,germline,GRCh37,NC_000011.9,11,17464367,17464367,na,na,11p15.1,"criteria provided, single submitter",1,-,N,ClinGen:CA5903539,2,1109777,17464367,C,T,-,-,-,-,-,-,SCV001638565,-,-
1099683,single nucleotide variant,NM_000352.6(ABCC8):c.1530G>A (p.Lys510=),6833,ABCC8,HGNC:59,Likely benign,0,"Dec 07, 2025",762783893,-,RCV001435739,MedGen:C3661900,not provided,germline,germline,GRCh38,NC_000011.10,11,17442820,17442820,na,na,11p15.1,"criteria provided, single submitter",1,-,N,ClinGen:CA5903539,2,1109777,17442820,C,T,-,-,-,-,-,-,SCV001638565,-,-
1099684,single nucleotide variant,NM_000352.6(ABCC8):c.1476C>T (p.Ser492=),6833,ABCC8,HGNC:59,Likely benign,0,"Feb 11, 2020",1956374784,-,RCV001436581,MedGen:C3661900,not provided,germline,germline,GRCh37,NC_000011.9,11,17464421,17464421,na,na,11p15.1,"criteria provided, single submitter",1,-,N,ClinGen:CA473298532,2,1110383,17464421,G,A,-,-,-,-,-,-,SCV001639423,-,-
1099684,single nucleotide variant,NM_000352.6(ABCC8):c.1476C>T (p.Ser492=),6833,ABCC8,HGNC:59,Likely benign,0,"Feb 11, 2020",1956374784,-,RCV001436581,MedGen:C3661900,not provided,germline,germline,GRCh38,NC_000011.10,11,17442874,17442874,na,na,11p15.1,"criteria provided, single submitter",1,-,N,ClinGen:CA473298532,2,1110383,17442874,G,A,-,-,-,-,-,-,SCV001639423,-,-
1099685,single nucleotide variant,NM_000352.6(ABCC8):c.1468-4G>A,6833,ABCC8,HGNC:59,Likely benign,0,"Sep 28, 2022",2133596225,-,RCV001448644,MedGen:C3661900,not provided,germline,germline,GRCh37,NC_000011.9,11,17464433,17464433,na,na,11p15.1,"criteria provided, single submitter",1,-,N,ClinGen:CA2499220835,2,1119266,17464433,C,T,-,-,-,-,-,-,SCV001651740,-,-
1099685,single nucleotide variant,NM_000352.6(ABCC8):c.1468-4G>A,6833,ABCC8,HGNC:59,Likely benign,0,"Sep 28, 2022",2133596225,-,RCV001448644,MedGen:C3661900,not provided,germline,germline,GRCh38,NC_000011.10,11,17442886,17442886,na,na,11p15.1,"criteria provided, single submitter",1,-,N,ClinGen:CA2499220835,2,1119266,17442886,C,T,-,-,-,-,-,-,SCV001651740,-,-
1099686,single nucleotide variant,NM_000352.6(ABCC8):c.1281G>A (p.Gln427=),6833,ABCC8,HGNC:59,Likely benign,0,"Feb 08, 2024",112488640,-,RCV001425753|RCV002495581,"MedGen:C3661900|MONDO:MONDO:0009415,MedGen:C0271714,OMIM:240800;MONDO:MONDO:0012480,MedGen:C1835887,OMIM:610374,Orphanet:99886;Human Phenotype Ontology:HP:0005965,Human Phenotype Ontology:HP:0005978,Human Phenotype Ontology:HP:0100652,MONDO:MONDO:0005148,MeSH:D003924,MedGen:C0011860,OMIM:125853;MONDO:MONDO:0009734,MedGen:C2931832,OMIM:256450,Orphanet:276575,Orphanet:276598;MONDO:MONDO:0030088,MedGen:C5394303,OMIM:618857","not provided|Leucine-induced hypoglycemia;Diabetes mellitus, transient neonatal, 2;Type 2 diabetes mellitus;Hyperinsulinemic hypoglycemia, familial, 1;Diabetes mellitus, permanent neonatal 3",germline;unknown,germline,GRCh37,NC_000011.9,11,17470114,17470114,na,na,11p15.1,"criteria provided, multiple submitters, no conflicts",2,-,N,ClinGen:CA5903628,2,1102419,17470114,C,T,-,-,-,-,-,-,SCV001628391|SCV002802393,-,-
1099686,single nucleotide variant,NM_000352.6(ABCC8):c.1281G>A (p.Gln427=),6833,ABCC8,HGNC:59,Likely benign,0,"Feb 08, 2024",112488640,-,RCV001425753|RCV002495581,"MedGen:C3661900|MONDO:MONDO:0009415,MedGen:C0271714,OMIM:240800;MONDO:MONDO:0012480,MedGen:C1835887,OMIM:610374,Orphanet:99886;Human Phenotype Ontology:HP:0005965,Human Phenotype Ontology:HP:0005978,Human Phenotype Ontology:HP:0100652,MONDO:MONDO:0005148,MeSH:D003924,MedGen:C0011860,OMIM:125853;MONDO:MONDO:0009734,MedGen:C2931832,OMIM:256450,Orphanet:276575,Orphanet:276598;MONDO:MONDO:0030088,MedGen:C5394303,OMIM:618857","not provided|Leucine-induced hypoglycemia;Diabetes mellitus, transient neonatal, 2;Type 2 diabetes mellitus;Hyperinsulinemic hypoglycemia, familial, 1;Diabetes mellitus, permanent neonatal 3",germline;unknown,germline,GRCh38,NC_000011.10,11,17448567,17448567,na,na,11p15.1,"criteria provided, multiple submitters, no conflicts",2,-,N,ClinGen:CA5903628,2,1102419,17448567,C,T,-,-,-,-,-,-,SCV001628391|SCV002802393,-,-
1099687,Microsatellite,NM_000352.6(ABCC8):c.1177-53_1177-51del,6833,ABCC8,HGNC:59,Likely benign,0,"Nov 01, 2022",1271038564,-,RCV001430911,MedGen:C3661900,not provided,germline,germline,GRCh37,NC_000011.9,11,17470269,17470271,na,na,11p15.1,"criteria provided, multiple submitters, no conflicts",2,-,N,ClinGen:CA597667869,2,1106242,17470268,TCAC,T,-,-,-,-,-,-,SCV001633660|SCV002504351,-,-
1099687,Microsatellite,NM_000352.6(ABCC8):c.1177-53_1177-51del,6833,ABCC8,HGNC:59,Likely benign,0,"Nov 01, 2022",1271038564,-,RCV001430911,MedGen:C3661900,not provided,germline,germline,GRCh38,NC_000011.10,11,17448722,17448724,na,na,11p15.1,"criteria provided, multiple submitters, no conflicts",2,-,N,ClinGen:CA597667869,2,1106242,17448721,TCAC,T,-,-,-,-,-,-,SCV001633660|SCV002504351,-,-
1099688,single nucleotide variant,NM_000352.6(ABCC8):c.1159T>C (p.Leu387=),6833,ABCC8,HGNC:59,Likely benign,0,"May 06, 2019",2133641674,-,RCV001444564,MedGen:C3661900,not provided,germline,germline,GRCh37,NC_000011.9,11,17474683,17474683,na,na,11p15.1,"criteria provided, single submitter",1,-,N,ClinGen:CA473299752,2,1116232,17474683,A,G,-,-,-,-,-,-,SCV001647572,-,-
1099688,single nucleotide variant,NM_000352.6(ABCC8):c.1159T>C (p.Leu387=),6833,ABCC8,HGNC:59,Likely benign,0,"May 06, 2019",2133641674,-,RCV001444564,MedGen:C3661900,not provided,germline,germline,GRCh38,NC_000011.10,11,17453136,17453136,na,na,11p15.1,"criteria provided, single submitter",1,-,N,ClinGen:CA473299752,2,1116232,17453136,A,G,-,-,-,-,-,-,SCV001647572,-,-
1099689,single nucleotide variant,NM_000352.6(ABCC8):c.1068C>T (p.Tyr356=),6833,ABCC8,HGNC:59,Likely benign,0,"May 23, 2024",776713811,-,RCV001437928|RCV002501547|RCV004651655,"MedGen:C3661900|MONDO:MONDO:0009415,MedGen:C0271714,OMIM:240800;MONDO:MONDO:0012480,MedGen:C1835887,OMIM:610374,Orphanet:99886;Human Phenotype Ontology:HP:0005965,Human Phenotype Ontology:HP:0005978,Human Phenotype Ontology:HP:0100652,MONDO:MONDO:0005148,MeSH:D003924,MedGen:C0011860,OMIM:125853;MONDO:MONDO:0009734,MedGen:C2931832,OMIM:256450,Orphanet:276575,Orphanet:276598;MONDO:MONDO:0030088,MedGen:C5394303,OMIM:618857|MeSH:D030342,MedGen:C0950123","not provided|Leucine-induced hypoglycemia;Diabetes mellitus, transient neonatal, 2;Type 2 diabetes mellitus;Hyperinsulinemic hypoglycemia, familial, 1;Diabetes mellitus, permanent neonatal 3|Inborn genetic diseases",germline;unknown,germline,GRCh37,NC_000011.9,11,17474774,17474774,na,na,11p15.1,"criteria provided, multiple submitters, no conflicts",3,-,N,ClinGen:CA5903678,2,1111377,17474774,G,A,-,-,-,-,-,-,SCV001640794|SCV002804519|SCV005150339,-,-
1099689,single nucleotide variant,NM_000352.6(ABCC8):c.1068C>T (p.Tyr356=),6833,ABCC8,HGNC:59,Likely benign,0,"May 23, 2024",776713811,-,RCV001437928|RCV002501547|RCV004651655,"MedGen:C3661900|MONDO:MONDO:0009415,MedGen:C0271714,OMIM:240800;MONDO:MONDO:0012480,MedGen:C1835887,OMIM:610374,Orphanet:99886;Human Phenotype Ontology:HP:0005965,Human Phenotype Ontology:HP:0005978,Human Phenotype Ontology:HP:0100652,MONDO:MONDO:0005148,MeSH:D003924,MedGen:C0011860,OMIM:125853;MONDO:MONDO:0009734,MedGen:C2931832,OMIM:256450,Orphanet:276575,Orphanet:276598;MONDO:MONDO:0030088,MedGen:C5394303,OMIM:618857|MeSH:D030342,MedGen:C0950123","not provided|Leucine-induced hypoglycemia;Diabetes mellitus, transient neonatal, 2;Type 2 diabetes mellitus;Hyperinsulinemic hypoglycemia, familial, 1;Diabetes mellitus, permanent neonatal 3|Inborn genetic diseases",germline;unknown,germline,GRCh38,NC_000011.10,11,17453227,17453227,na,na,11p15.1,"criteria provided, multiple submitters, no conflicts",3,-,N,ClinGen:CA5903678,2,1111377,17453227,G,A,-,-,-,-,-,-,SCV001640794|SCV002804519|SCV005150339,-,-
1099690,single nucleotide variant,NM_000352.6(ABCC8):c.1065C>T (p.Ala355=),6833,ABCC8,HGNC:59,Likely benign,0,"Jan 31, 2019",2133642194,-,RCV001430184,MedGen:C3661900,not provided,germline,germline,GRCh37,NC_000011.9,11,17474777,17474777,na,na,11p15.1,"criteria provided, single submitter",1,-,N,ClinGen:CA473299940,2,1105690,17474777,G,A,-,-,-,-,-,-,SCV001632914,-,-
1099690,single nucleotide variant,NM_000352.6(ABCC8):c.1065C>T (p.Ala355=),6833,ABCC8,HGNC:59,Likely benign,0,"Jan 31, 2019",2133642194,-,RCV001430184,MedGen:C3661900,not provided,germline,germline,GRCh38,NC_000011.10,11,17453230,17453230,na,na,11p15.1,"criteria provided, single submitter",1,-,N,ClinGen:CA473299940,2,1105690,17453230,G,A,-,-,-,-,-,-,SCV001632914,-,-
1099691,single nucleotide variant,NM_000352.6(ABCC8):c.663C>T (p.Phe221=),6833,ABCC8,HGNC:59,Likely benign,0,"Mar 25, 2022",770293918,-,RCV001438745,MedGen:C3661900,not provided,germline,germline,GRCh37,NC_000011.9,11,17483289,17483289,na,na,11p15.1,"criteria provided, single submitter",1,-,N,ClinGen:CA218452106,2,1111951,17483289,G,A,-,-,-,-,-,-,SCV001641625,-,-
1099691,single nucleotide variant,NM_000352.6(ABCC8):c.663C>T (p.Phe221=),6833,ABCC8,HGNC:59,Likely benign,0,"Mar 25, 2022",770293918,-,RCV001438745,MedGen:C3661900,not provided,germline,germline,GRCh38,NC_000011.10,11,17461742,17461742,na,na,11p15.1,"criteria provided, single submitter",1,-,N,ClinGen:CA218452106,2,1111951,17461742,G,A,-,-,-,-,-,-,SCV001641625,-,-
1099692,single nucleotide variant,NM_000352.6(ABCC8):c.642G>A (p.Gly214=),6833,ABCC8,HGNC:59,Likely benign,0,"Aug 02, 2023",767485742,-,RCV001424823,MedGen:C3661900,not provided,germline,germline,GRCh37,NC_000011.9,11,17483310,17483310,na,na,11p15.1,"criteria provided, single submitter",1,-,N,ClinGen:CA5903808,2,1101746,17483310,C,T,-,-,-,-,-,-,SCV001627425,-,-
1099692,single nucleotide variant,NM_000352.6(ABCC8):c.642G>A (p.Gly214=),6833,ABCC8,HGNC:59,Likely benign,0,"Aug 02, 2023",767485742,-,RCV001424823,MedGen:C3661900,not provided,germline,germline,GRCh38,NC_000011.10,11,17461763,17461763,na,na,11p15.1,"criteria provided, single submitter",1,-,N,ClinGen:CA5903808,2,1101746,17461763,C,T,-,-,-,-,-,-,SCV001627425,-,-
1099693,single nucleotide variant,NM_000352.6(ABCC8):c.639G>A (p.Leu213=),6833,ABCC8,HGNC:59,Conflicting classifications of pathogenicity,0,"Jul 22, 2021",1483834388,-,RCV001438824|RCV002254351|RCV002253814|RCV002358981,"MedGen:C3661900|Human Phenotype Ontology:HP:0004904,MONDO:MONDO:0018911,MedGen:C0342276,OMIM:PS125850,Orphanet:552|Human Phenotype Ontology:HP:0008255,MONDO:MONDO:0020525,MedGen:C0342273|MeSH:D030342,MedGen:C0950123",not provided|Maturity-onset diabetes of the young|Transitory neonatal diabetes mellitus|Inborn genetic diseases,germline;unknown,germline,GRCh37,NC_000011.9,11,17483313,17483313,na,na,11p15.1,"criteria provided, conflicting classifications",3,-,N,ClinGen:CA473516232,2,1112025,17483313,C,T,-,-,-,-,-,-,SCV001641705|SCV002522659|SCV002522660|SCV002655600,-,-
1099693,single nucleotide variant,NM_000352.6(ABCC8):c.639G>A (p.Leu213=),6833,ABCC8,HGNC:59,Conflicting classifications of pathogenicity,0,"Jul 22, 2021",1483834388,-,RCV001438824|RCV002254351|RCV002253814|RCV002358981,"MedGen:C3661900|Human Phenotype Ontology:HP:0004904,MONDO:MONDO:0018911,MedGen:C0342276,OMIM:PS125850,Orphanet:552|Human Phenotype Ontology:HP:0008255,MONDO:MONDO:0020525,MedGen:C0342273|MeSH:D030342,MedGen:C0950123",not provided|Maturity-onset diabetes of the young|Transitory neonatal diabetes mellitus|Inborn genetic diseases,germline;unknown,germline,GRCh38,NC_000011.10,11,17461766,17461766,na,na,11p15.1,"criteria provided, conflicting classifications",3,-,N,ClinGen:CA473516232,2,1112025,17461766,C,T,-,-,-,-,-,-,SCV001641705|SCV002522659|SCV002522660|SCV002655600,-,-
1099694,single nucleotide variant,NM_000352.6(ABCC8):c.537T>C (p.Tyr179=),6833,ABCC8,HGNC:59,Likely benign,0,"May 06, 2024",761881203,-,RCV001435068,MedGen:C3661900,not provided,germline,germline,GRCh37,NC_000011.9,11,17485027,17485027,na,na,11p15.1,"criteria provided, single submitter",1,-,N,ClinGen:CA5903848,2,1109246,17485027,A,G,-,-,-,-,-,-,SCV001637886,-,-
1099694,single nucleotide variant,NM_000352.6(ABCC8):c.537T>C (p.Tyr179=),6833,ABCC8,HGNC:59,Likely benign,0,"May 06, 2024",761881203,-,RCV001435068,MedGen:C3661900,not provided,germline,germline,GRCh38,NC_000011.10,11,17463480,17463480,na,na,11p15.1,"criteria provided, single submitter",1,-,N,ClinGen:CA5903848,2,1109246,17463480,A,G,-,-,-,-,-,-,SCV001637886,-,-
1099695,single nucleotide variant,NM_000352.6(ABCC8):c.480C>T (p.His160=),6833,ABCC8,HGNC:59,Likely benign,0,"May 27, 2025",769858502,-,RCV001421225|RCV002488235|RCV005419125,"MedGen:C3661900|MONDO:MONDO:0009415,MedGen:C0271714,OMIM:240800;MONDO:MONDO:0012480,MedGen:C1835887,OMIM:610374,Orphanet:99886;Human Phenotype Ontology:HP:0005965,Human Phenotype Ontology:HP:0005978,Human Phenotype Ontology:HP:0100652,MONDO:MONDO:0005148,MeSH:D003924,MedGen:C0011860,OMIM:125853;MONDO:MONDO:0009734,MedGen:C2931832,OMIM:256450,Orphanet:276575,Orphanet:276598;MONDO:MONDO:0030088,MedGen:C5394303,OMIM:618857|MedGen:CN169374","not provided|Leucine-induced hypoglycemia;Diabetes mellitus, transient neonatal, 2;Type 2 diabetes mellitus;Hyperinsulinemic hypoglycemia, familial, 1;Diabetes mellitus, permanent neonatal 3|not specified",germline;unknown,germline,GRCh37,NC_000011.9,11,17485084,17485084,na,na,11p15.1,"criteria provided, multiple submitters, no conflicts",3,-,N,ClinGen:CA5903866,2,1099044,17485084,G,A,-,-,-,-,-,-,SCV001623747|SCV002803781|SCV006085585,-,-
1099695,single nucleotide variant,NM_000352.6(ABCC8):c.480C>T (p.His160=),6833,ABCC8,HGNC:59,Likely benign,0,"May 27, 2025",769858502,-,RCV001421225|RCV002488235|RCV005419125,"MedGen:C3661900|MONDO:MONDO:0009415,MedGen:C0271714,OMIM:240800;MONDO:MONDO:0012480,MedGen:C1835887,OMIM:610374,Orphanet:99886;Human Phenotype Ontology:HP:0005965,Human Phenotype Ontology:HP:0005978,Human Phenotype Ontology:HP:0100652,MONDO:MONDO:0005148,MeSH:D003924,MedGen:C0011860,OMIM:125853;MONDO:MONDO:0009734,MedGen:C2931832,OMIM:256450,Orphanet:276575,Orphanet:276598;MONDO:MONDO:0030088,MedGen:C5394303,OMIM:618857|MedGen:CN169374","not provided|Leucine-induced hypoglycemia;Diabetes mellitus, transient neonatal, 2;Type 2 diabetes mellitus;Hyperinsulinemic hypoglycemia, familial, 1;Diabetes mellitus, permanent neonatal 3|not specified",germline;unknown,germline,GRCh38,NC_000011.10,11,17463537,17463537,na,na,11p15.1,"criteria provided, multiple submitters, no conflicts",3,-,N,ClinGen:CA5903866,2,1099044,17463537,G,A,-,-,-,-,-,-,SCV001623747|SCV002803781|SCV006085585,-,-
1099696,single nucleotide variant,NM_000352.6(ABCC8):c.459G>A (p.Lys153=),6833,ABCC8,HGNC:59,Likely benign,0,"Dec 23, 2025",1847959301,-,RCV001445994,MedGen:C3661900,not provided,germline,germline,GRCh37,NC_000011.9,11,17485105,17485105,na,na,11p15.1,"criteria provided, single submitter",1,-,N,ClinGen:CA473301128,2,1117321,17485105,C,T,-,-,-,-,-,-,SCV001649036,-,-
1099696,single nucleotide variant,NM_000352.6(ABCC8):c.459G>A (p.Lys153=),6833,ABCC8,HGNC:59,Likely benign,0,"Dec 23, 2025",1847959301,-,RCV001445994,MedGen:C3661900,not provided,germline,germline,GRCh38,NC_000011.10,11,17463558,17463558,na,na,11p15.1,"criteria provided, single submitter",1,-,N,ClinGen:CA473301128,2,1117321,17463558,C,T,-,-,-,-,-,-,SCV001649036,-,-
1099697,single nucleotide variant,NM_000352.6(ABCC8):c.447C>T (p.Thr149=),6833,ABCC8,HGNC:59,Likely benign,0,"Jun 23, 2020",1847960688,-,RCV001426369,MedGen:C3661900,not provided,germline,germline,GRCh37,NC_000011.9,11,17485117,17485117,na,na,11p15.1,"criteria provided, single submitter",1,-,N,ClinGen:CA473301135,2,1102908,17485117,G,A,-,-,-,-,-,-,SCV001629020,-,-
1099697,single nucleotide variant,NM_000352.6(ABCC8):c.447C>T (p.Thr149=),6833,ABCC8,HGNC:59,Likely benign,0,"Jun 23, 2020",1847960688,-,RCV001426369,MedGen:C3661900,not provided,germline,germline,GRCh38,NC_000011.10,11,17463570,17463570,na,na,11p15.1,"criteria provided, single submitter",1,-,N,ClinGen:CA473301135,2,1102908,17463570,G,A,-,-,-,-,-,-,SCV001629020,-,-
1099698,single nucleotide variant,NM_000352.6(ABCC8):c.381C>T (p.Ile127=),6833,ABCC8,HGNC:59,Likely benign,0,"Jan 14, 2024",753235776,-,RCV001425282,MedGen:C3661900,not provided,germline,germline,GRCh37,NC_000011.9,11,17491679,17491679,na,na,11p15.1,"criteria provided, single submitter",1,-,N,ClinGen:CA5903898,2,1102084,17491679,G,A,-,-,-,-,-,-,SCV001627908,-,-
1099698,single nucleotide variant,NM_000352.6(ABCC8):c.381C>T (p.Ile127=),6833,ABCC8,HGNC:59,Likely benign,0,"Jan 14, 2024",753235776,-,RCV001425282,MedGen:C3661900,not provided,germline,germline,GRCh38,NC_000011.10,11,17470132,17470132,na,na,11p15.1,"criteria provided, single submitter",1,-,N,ClinGen:CA5903898,2,1102084,17470132,G,A,-,-,-,-,-,-,SCV001627908,-,-
1099699,single nucleotide variant,NM_000352.6(ABCC8):c.342C>T (p.Phe114=),6833,ABCC8,HGNC:59,Likely benign,0,"Aug 10, 2020",2133711281,-,RCV001428384,MedGen:C3661900,not provided,germline,germline,GRCh37,NC_000011.9,11,17491718,17491718,na,na,11p15.1,"criteria provided, single submitter",1,-,N,ClinGen:CA473301609,2,1104342,17491718,G,A,-,-,-,-,-,-,SCV001631082,-,-
1099699,single nucleotide variant,NM_000352.6(ABCC8):c.342C>T (p.Phe114=),6833,ABCC8,HGNC:59,Likely benign,0,"Aug 10, 2020",2133711281,-,RCV001428384,MedGen:C3661900,not provided,germline,germline,GRCh38,NC_000011.10,11,17470171,17470171,na,na,11p15.1,"criteria provided, single submitter",1,-,N,ClinGen:CA473301609,2,1104342,17470171,G,A,-,-,-,-,-,-,SCV001631082,-,-
1099700,single nucleotide variant,NM_000352.6(ABCC8):c.333G>A (p.Gly111=),6833,ABCC8,HGNC:59,Likely benign,0,"May 17, 2023",1410838503,-,RCV001445175,MedGen:C3661900,not provided,germline,germline,GRCh37,NC_000011.9,11,17491727,17491727,na,na,11p15.1,"criteria provided, single submitter",1,-,N,ClinGen:CA473301624,2,1116718,17491727,C,T,-,-,-,-,-,-,SCV001648197,-,-
1099700,single nucleotide variant,NM_000352.6(ABCC8):c.333G>A (p.Gly111=),6833,ABCC8,HGNC:59,Likely benign,0,"May 17, 2023",1410838503,-,RCV001445175,MedGen:C3661900,not provided,germline,germline,GRCh38,NC_000011.10,11,17470180,17470180,na,na,11p15.1,"criteria provided, single submitter",1,-,N,ClinGen:CA473301624,2,1116718,17470180,C,T,-,-,-,-,-,-,SCV001648197,-,-
1099701,single nucleotide variant,NM_000352.6(ABCC8):c.149-8C>T,6833,ABCC8,HGNC:59,Likely benign,0,"Mar 28, 2022",1480852254,-,RCV001440652,MedGen:C3661900,not provided,germline,germline,GRCh37,NC_000011.9,11,17496582,17496582,na,na,11p15.1,"criteria provided, single submitter",1,-,N,ClinGen:CA674205158,2,1113331,17496582,G,A,-,-,-,-,-,-,SCV001643563,-,-
1099701,single nucleotide variant,NM_000352.6(ABCC8):c.149-8C>T,6833,ABCC8,HGNC:59,Likely benign,0,"Mar 28, 2022",1480852254,-,RCV001440652,MedGen:C3661900,not provided,germline,germline,GRCh38,NC_000011.10,11,17475035,17475035,na,na,11p15.1,"criteria provided, single submitter",1,-,N,ClinGen:CA674205158,2,1113331,17475035,G,A,-,-,-,-,-,-,SCV001643563,-,-
1121161,single nucleotide variant,NM_000525.4(KCNJ11):c.1155T>C (p.Ser385=),3767,KCNJ11,HGNC:6257,Likely benign,0,"Sep 21, 2023",1057070401,-,RCV001470931,MedGen:C3661900,not provided,germline,germline,GRCh37,NC_000011.9,11,17408484,17408484,na,na,11p15.1,"criteria provided, single submitter",1,-,N,ClinGen:CA218399027,2,1135610,17408484,A,G,-,-,-,-,-,-,SCV001675030,-,-
1121161,single nucleotide variant,NM_000525.4(KCNJ11):c.1155T>C (p.Ser385=),3767,KCNJ11,HGNC:6257,Likely benign,0,"Sep 21, 2023",1057070401,-,RCV001470931,MedGen:C3661900,not provided,germline,germline,GRCh38,NC_000011.10,11,17386937,17386937,na,na,11p15.1,"criteria provided, single submitter",1,-,N,ClinGen:CA218399027,2,1135610,17386937,A,G,-,-,-,-,-,-,SCV001675030,-,-
1121162,single nucleotide variant,NM_000525.4(KCNJ11):c.918C>T (p.Ala306=),3767,KCNJ11,HGNC:6257,Likely benign,0,"Feb 24, 2025",377040874,-,RCV001461801|RCV002377780|RCV004533794,"MedGen:C3661900|MeSH:D030342,MedGen:C0950123|",not provided|Inborn genetic diseases|KCNJ11-related disorder,germline,germline,GRCh37,NC_000011.9,11,17408721,17408721,na,na,11p15.1,"criteria provided, multiple submitters, no conflicts",3,-,N,ClinGen:CA5902219,2,1128856,17408721,G,A,-,-,-,-,-,-,SCV001665709|SCV002687050,-,-
1121162,single nucleotide variant,NM_000525.4(KCNJ11):c.918C>T (p.Ala306=),3767,KCNJ11,HGNC:6257,Likely benign,0,"Feb 24, 2025",377040874,-,RCV001461801|RCV002377780|RCV004533794,"MedGen:C3661900|MeSH:D030342,MedGen:C0950123|",not provided|Inborn genetic diseases|KCNJ11-related disorder,germline,germline,GRCh38,NC_000011.10,11,17387174,17387174,na,na,11p15.1,"criteria provided, multiple submitters, no conflicts",3,-,N,ClinGen:CA5902219,2,1128856,17387174,G,A,-,-,-,-,-,-,SCV001665709|SCV002687050,-,-
1121163,single nucleotide variant,NM_000525.4(KCNJ11):c.795C>T (p.Ser265=),3767,KCNJ11,HGNC:6257,Likely benign,0,"Feb 20, 2020",2133379505,-,RCV001459802,MedGen:C3661900,not provided,germline,germline,GRCh37,NC_000011.9,11,17408844,17408844,na,na,11p15.1,"criteria provided, single submitter",1,-,N,ClinGen:CA473515413,2,1127410,17408844,G,A,-,-,-,-,-,-,SCV001663655,-,-
1121163,single nucleotide variant,NM_000525.4(KCNJ11):c.795C>T (p.Ser265=),3767,KCNJ11,HGNC:6257,Likely benign,0,"Feb 20, 2020",2133379505,-,RCV001459802,MedGen:C3661900,not provided,germline,germline,GRCh38,NC_000011.10,11,17387297,17387297,na,na,11p15.1,"criteria provided, single submitter",1,-,N,ClinGen:CA473515413,2,1127410,17387297,G,A,-,-,-,-,-,-,SCV001663655,-,-
1121164,single nucleotide variant,NM_000525.4(KCNJ11):c.792C>T (p.Asn264=),3767,KCNJ11,HGNC:6257,Likely benign,0,"Oct 14, 2020",1953577303,-,RCV001473897,MedGen:C3661900,not provided,germline,germline,GRCh37,NC_000011.9,11,17408847,17408847,na,na,11p15.1,"criteria provided, single submitter",1,-,N,ClinGen:CA473515414,2,1137770,17408847,G,A,-,-,-,-,-,-,SCV001678060,-,-
1121164,single nucleotide variant,NM_000525.4(KCNJ11):c.792C>T (p.Asn264=),3767,KCNJ11,HGNC:6257,Likely benign,0,"Oct 14, 2020",1953577303,-,RCV001473897,MedGen:C3661900,not provided,germline,germline,GRCh38,NC_000011.10,11,17387300,17387300,na,na,11p15.1,"criteria provided, single submitter",1,-,N,ClinGen:CA473515414,2,1137770,17387300,G,A,-,-,-,-,-,-,SCV001678060,-,-
1121165,single nucleotide variant,NM_000525.4(KCNJ11):c.567C>A (p.Ile189=),3767,KCNJ11,HGNC:6257,Likely benign,0,"Jun 09, 2024",114899765,-,RCV001471782,MedGen:C3661900,not provided,germline,germline,GRCh37,NC_000011.9,11,17409072,17409072,na,na,11p15.1,"criteria provided, single submitter",1,-,N,ClinGen:CA5902283,2,1136218,17409072,G,T,-,-,-,-,-,-,SCV001675898,-,-
1121165,single nucleotide variant,NM_000525.4(KCNJ11):c.567C>A (p.Ile189=),3767,KCNJ11,HGNC:6257,Likely benign,0,"Jun 09, 2024",114899765,-,RCV001471782,MedGen:C3661900,not provided,germline,germline,GRCh38,NC_000011.10,11,17387525,17387525,na,na,11p15.1,"criteria provided, single submitter",1,-,N,ClinGen:CA5902283,2,1136218,17387525,G,T,-,-,-,-,-,-,SCV001675898,-,-
1121166,single nucleotide variant,NM_000525.4(KCNJ11):c.357T>G (p.Ser119=),3767,KCNJ11,HGNC:6257,Likely benign,0,"Jun 03, 2020",1351801133,-,RCV001472188,MedGen:C3661900,not provided,germline,germline,GRCh37,NC_000011.9,11,17409282,17409282,na,na,11p15.1,"criteria provided, single submitter",1,-,N,ClinGen:CA473515637,2,1136523,17409282,A,C,-,-,-,-,-,-,SCV001676317,-,-
1121166,single nucleotide variant,NM_000525.4(KCNJ11):c.357T>G (p.Ser119=),3767,KCNJ11,HGNC:6257,Likely benign,0,"Jun 03, 2020",1351801133,-,RCV001472188,MedGen:C3661900,not provided,germline,germline,GRCh38,NC_000011.10,11,17387735,17387735,na,na,11p15.1,"criteria provided, single submitter",1,-,N,ClinGen:CA473515637,2,1136523,17387735,A,C,-,-,-,-,-,-,SCV001676317,-,-
1121167,single nucleotide variant,NM_000525.4(KCNJ11):c.298C>T (p.Leu100=),3767,KCNJ11,HGNC:6257,Likely benign,0,"Mar 15, 2022",1472779613,-,RCV001471632,MedGen:C3661900,not provided,germline,germline,GRCh37,NC_000011.9,11,17409341,17409341,na,na,11p15.1,"criteria provided, single submitter",1,-,N,ClinGen:CA473515786,2,1136080,17409341,G,A,-,-,-,-,-,-,SCV001675747,-,-
1121167,single nucleotide variant,NM_000525.4(KCNJ11):c.298C>T (p.Leu100=),3767,KCNJ11,HGNC:6257,Likely benign,0,"Mar 15, 2022",1472779613,-,RCV001471632,MedGen:C3661900,not provided,germline,germline,GRCh38,NC_000011.10,11,17387794,17387794,na,na,11p15.1,"criteria provided, single submitter",1,-,N,ClinGen:CA473515786,2,1136080,17387794,G,A,-,-,-,-,-,-,SCV001675747,-,-
1121168,single nucleotide variant,NM_000525.4(KCNJ11):c.258C>T (p.Phe86=),3767,KCNJ11,HGNC:6257,Likely benign,0,"Sep 12, 2024",754048558,-,RCV001451386,MedGen:C3661900,not provided,germline,germline,GRCh37,NC_000011.9,11,17409381,17409381,na,na,11p15.1,"criteria provided, single submitter",1,-,N,ClinGen:CA5902319,2,1121188,17409381,G,A,-,-,-,-,-,-,SCV001655013,-,-
1121168,single nucleotide variant,NM_000525.4(KCNJ11):c.258C>T (p.Phe86=),3767,KCNJ11,HGNC:6257,Likely benign,0,"Sep 12, 2024",754048558,-,RCV001451386,MedGen:C3661900,not provided,germline,germline,GRCh38,NC_000011.10,11,17387834,17387834,na,na,11p15.1,"criteria provided, single submitter",1,-,N,ClinGen:CA5902319,2,1121188,17387834,G,A,-,-,-,-,-,-,SCV001655013,-,-
1121169,single nucleotide variant,NM_000525.4(KCNJ11):c.252G>A (p.Leu84=),3767,KCNJ11,HGNC:6257,Likely benign,0,"Aug 20, 2020",2133380668,-,RCV001469146,MedGen:C3661900,not provided,germline,germline,GRCh37,NC_000011.9,11,17409387,17409387,na,na,11p15.1,"criteria provided, single submitter",1,-,N,ClinGen:CA473515811,2,1134305,17409387,C,T,-,-,-,-,-,-,SCV001673218,-,-
1121169,single nucleotide variant,NM_000525.4(KCNJ11):c.252G>A (p.Leu84=),3767,KCNJ11,HGNC:6257,Likely benign,0,"Aug 20, 2020",2133380668,-,RCV001469146,MedGen:C3661900,not provided,germline,germline,GRCh38,NC_000011.10,11,17387840,17387840,na,na,11p15.1,"criteria provided, single submitter",1,-,N,ClinGen:CA473515811,2,1134305,17387840,C,T,-,-,-,-,-,-,SCV001673218,-,-
1121170,single nucleotide variant,NM_000525.4(KCNJ11):c.99C>T (p.Ala33=),3767,KCNJ11,HGNC:6257,Likely benign,0,"Oct 15, 2021",1489389760,-,RCV001463240|RCV002501611,"MedGen:C3661900|MONDO:MONDO:0012522,MedGen:C1864623,OMIM:610582,Orphanet:99886;Human Phenotype Ontology:HP:0005965,Human Phenotype Ontology:HP:0005978,Human Phenotype Ontology:HP:0100652,MONDO:MONDO:0005148,MeSH:D003924,MedGen:C0011860,OMIM:125853;MONDO:MONDO:0030087,MedGen:C5394296,OMIM:618856;MONDO:MONDO:0011153,MedGen:C2931833,OMIM:601820,Orphanet:276580,Orphanet:276603;MONDO:MONDO:0014589,MedGen:C4225365,OMIM:616329,Orphanet:552","not provided|Diabetes mellitus, transient neonatal, 3;Type 2 diabetes mellitus;Diabetes mellitus, permanent neonatal 2;Hyperinsulinemic hypoglycemia, familial, 2;Maturity-onset diabetes of the young type 13",germline;unknown,germline,GRCh37,NC_000011.9,11,17409540,17409540,na,na,11p15.1,"criteria provided, multiple submitters, no conflicts",2,-,N,ClinGen:CA473516059,2,1129906,17409540,G,A,-,-,-,-,-,-,SCV001667178|SCV002805426,-,-
1121170,single nucleotide variant,NM_000525.4(KCNJ11):c.99C>T (p.Ala33=),3767,KCNJ11,HGNC:6257,Likely benign,0,"Oct 15, 2021",1489389760,-,RCV001463240|RCV002501611,"MedGen:C3661900|MONDO:MONDO:0012522,MedGen:C1864623,OMIM:610582,Orphanet:99886;Human Phenotype Ontology:HP:0005965,Human Phenotype Ontology:HP:0005978,Human Phenotype Ontology:HP:0100652,MONDO:MONDO:0005148,MeSH:D003924,MedGen:C0011860,OMIM:125853;MONDO:MONDO:0030087,MedGen:C5394296,OMIM:618856;MONDO:MONDO:0011153,MedGen:C2931833,OMIM:601820,Orphanet:276580,Orphanet:276603;MONDO:MONDO:0014589,MedGen:C4225365,OMIM:616329,Orphanet:552","not provided|Diabetes mellitus, transient neonatal, 3;Type 2 diabetes mellitus;Diabetes mellitus, permanent neonatal 2;Hyperinsulinemic hypoglycemia, familial, 2;Maturity-onset diabetes of the young type 13",germline;unknown,germline,GRCh38,NC_000011.10,11,17387993,17387993,na,na,11p15.1,"criteria provided, multiple submitters, no conflicts",2,-,N,ClinGen:CA473516059,2,1129906,17387993,G,A,-,-,-,-,-,-,SCV001667178|SCV002805426,-,-
1121171,single nucleotide variant,NM_000352.6(ABCC8):c.4374G>A (p.Gln1458=),6833,ABCC8,HGNC:59,Likely benign,0,"Aug 10, 2019",2133398398,-,RCV001454389,MedGen:C3661900,not provided,germline,germline,GRCh37,NC_000011.9,11,17416756,17416756,na,na,11p15.1,"criteria provided, single submitter",1,-,N,ClinGen:CA473298159,2,1123374,17416756,C,T,-,-,-,-,-,-,SCV001658113,-,-
1121171,single nucleotide variant,NM_000352.6(ABCC8):c.4374G>A (p.Gln1458=),6833,ABCC8,HGNC:59,Likely benign,0,"Aug 10, 2019",2133398398,-,RCV001454389,MedGen:C3661900,not provided,germline,germline,GRCh38,NC_000011.10,11,17395209,17395209,na,na,11p15.1,"criteria provided, single submitter",1,-,N,ClinGen:CA473298159,2,1123374,17395209,C,T,-,-,-,-,-,-,SCV001658113,-,-
1121172,single nucleotide variant,NM_000352.6(ABCC8):c.4359C>T (p.Ala1453=),6833,ABCC8,HGNC:59,Likely benign,0,"Feb 12, 2024",769435360,-,RCV001469911|RCV004533815,MedGen:C3661900|,not provided|ABCC8-related disorder,germline,germline,GRCh37,NC_000011.9,11,17416771,17416771,na,na,11p15.1,"criteria provided, multiple submitters, no conflicts",3,-,N,ClinGen:CA5902488,2,1134831,17416771,G,A,-,-,-,-,-,-,SCV001674000|SCV004136026,-,-
1121172,single nucleotide variant,NM_000352.6(ABCC8):c.4359C>T (p.Ala1453=),6833,ABCC8,HGNC:59,Likely benign,0,"Feb 12, 2024",769435360,-,RCV001469911|RCV004533815,MedGen:C3661900|,not provided|ABCC8-related disorder,germline,germline,GRCh38,NC_000011.10,11,17395224,17395224,na,na,11p15.1,"criteria provided, multiple submitters, no conflicts",3,-,N,ClinGen:CA5902488,2,1134831,17395224,G,A,-,-,-,-,-,-,SCV001674000|SCV004136026,-,-
1121173,single nucleotide variant,NM_000352.6(ABCC8):c.4307+10A>G,6833,ABCC8,HGNC:59,Likely benign,0,"Aug 23, 2020",994328816,-,RCV001464134,MedGen:C3661900,not provided,germline,germline,GRCh37,NC_000011.9,11,17417147,17417147,na,na,11p15.1,"criteria provided, single submitter",1,-,N,ClinGen:CA218407909,2,1130567,17417147,T,C,-,-,-,-,-,-,SCV001668099,-,-
1121173,single nucleotide variant,NM_000352.6(ABCC8):c.4307+10A>G,6833,ABCC8,HGNC:59,Likely benign,0,"Aug 23, 2020",994328816,-,RCV001464134,MedGen:C3661900,not provided,germline,germline,GRCh38,NC_000011.10,11,17395600,17395600,na,na,11p15.1,"criteria provided, single submitter",1,-,N,ClinGen:CA218407909,2,1130567,17395600,T,C,-,-,-,-,-,-,SCV001668099,-,-
1121174,single nucleotide variant,NM_000352.6(ABCC8):c.4257A>T (p.Ser1419=),6833,ABCC8,HGNC:59,Likely benign,0,"Jul 19, 2019",2133401058,-,RCV001464157,MedGen:C3661900,not provided,germline,germline,GRCh37,NC_000011.9,11,17417207,17417207,na,na,11p15.1,"criteria provided, single submitter",1,-,N,ClinGen:CA473298233,2,1130586,17417207,T,A,-,-,-,-,-,-,SCV001668122,-,-
1121174,single nucleotide variant,NM_000352.6(ABCC8):c.4257A>T (p.Ser1419=),6833,ABCC8,HGNC:59,Likely benign,0,"Jul 19, 2019",2133401058,-,RCV001464157,MedGen:C3661900,not provided,germline,germline,GRCh38,NC_000011.10,11,17395660,17395660,na,na,11p15.1,"criteria provided, single submitter",1,-,N,ClinGen:CA473298233,2,1130586,17395660,T,A,-,-,-,-,-,-,SCV001668122,-,-
1121175,single nucleotide variant,NM_000352.6(ABCC8):c.4122C>T (p.Ile1374=),6833,ABCC8,HGNC:59,Likely benign,0,"Mar 13, 2024",75218493,-,RCV001464501,MedGen:C3661900,not provided,germline,germline,GRCh37,NC_000011.9,11,17417475,17417475,na,na,11p15.1,"criteria provided, single submitter",1,-,N,ClinGen:CA5902556,2,1130828,17417475,G,A,-,-,-,-,-,-,SCV001668473,-,-
1121175,single nucleotide variant,NM_000352.6(ABCC8):c.4122C>T (p.Ile1374=),6833,ABCC8,HGNC:59,Likely benign,0,"Mar 13, 2024",75218493,-,RCV001464501,MedGen:C3661900,not provided,germline,germline,GRCh38,NC_000011.10,11,17395928,17395928,na,na,11p15.1,"criteria provided, single submitter",1,-,N,ClinGen:CA5902556,2,1130828,17395928,G,A,-,-,-,-,-,-,SCV001668473,-,-
1121176,single nucleotide variant,NM_000352.6(ABCC8):c.4119+7G>A,6833,ABCC8,HGNC:59,Likely benign,0,"Jan 26, 2026",753193265,-,RCV001470710,MedGen:C3661900,not provided,germline,germline,GRCh37,NC_000011.9,11,17418456,17418456,na,na,11p15.1,"criteria provided, single submitter",1,-,N,ClinGen:CA5902580,2,1135405,17418456,C,T,-,-,-,-,-,-,SCV001674809,-,-
1121176,single nucleotide variant,NM_000352.6(ABCC8):c.4119+7G>A,6833,ABCC8,HGNC:59,Likely benign,0,"Jan 26, 2026",753193265,-,RCV001470710,MedGen:C3661900,not provided,germline,germline,GRCh38,NC_000011.10,11,17396909,17396909,na,na,11p15.1,"criteria provided, single submitter",1,-,N,ClinGen:CA5902580,2,1135405,17396909,C,T,-,-,-,-,-,-,SCV001674809,-,-
1121177,single nucleotide variant,NM_000352.6(ABCC8):c.4038C>A (p.Ile1346=),6833,ABCC8,HGNC:59,Likely benign,0,"Jan 21, 2024",1363346196,-,RCV001467705,MedGen:C3661900,not provided,germline,germline,GRCh37,NC_000011.9,11,17418544,17418544,na,na,11p15.1,"criteria provided, single submitter",1,-,N,ClinGen:CA473298550,2,1133190,17418544,G,T,-,-,-,-,-,-,SCV001671733,-,-
1121177,single nucleotide variant,NM_000352.6(ABCC8):c.4038C>A (p.Ile1346=),6833,ABCC8,HGNC:59,Likely benign,0,"Jan 21, 2024",1363346196,-,RCV001467705,MedGen:C3661900,not provided,germline,germline,GRCh38,NC_000011.10,11,17396997,17396997,na,na,11p15.1,"criteria provided, single submitter",1,-,N,ClinGen:CA473298550,2,1133190,17396997,G,T,-,-,-,-,-,-,SCV001671733,-,-
1121178,single nucleotide variant,NM_000352.6(ABCC8):c.4032C>T (p.Ile1344=),6833,ABCC8,HGNC:59,Likely benign,0,"Jan 17, 2024",1230698351,-,RCV001474232,MedGen:C3661900,not provided,germline,germline,GRCh37,NC_000011.9,11,17418550,17418550,na,na,11p15.1,"criteria provided, single submitter",1,-,N,ClinGen:CA473298552,2,1138018,17418550,G,A,-,-,-,-,-,-,SCV001678400,-,-
1121178,single nucleotide variant,NM_000352.6(ABCC8):c.4032C>T (p.Ile1344=),6833,ABCC8,HGNC:59,Likely benign,0,"Jan 17, 2024",1230698351,-,RCV001474232,MedGen:C3661900,not provided,germline,germline,GRCh38,NC_000011.10,11,17397003,17397003,na,na,11p15.1,"criteria provided, single submitter",1,-,N,ClinGen:CA473298552,2,1138018,17397003,G,A,-,-,-,-,-,-,SCV001678400,-,-
1121179,single nucleotide variant,NM_000352.6(ABCC8):c.4023A>G (p.Gln1341=),6833,ABCC8,HGNC:59,Likely benign,0,"Nov 03, 2023",1015735730,-,RCV001465457,MedGen:C3661900,not provided,germline,germline,GRCh37,NC_000011.9,11,17418559,17418559,na,na,11p15.1,"criteria provided, single submitter",1,-,N,ClinGen:CA218409678,2,1131522,17418559,T,C,-,-,-,-,-,-,SCV001669443,-,-
1121179,single nucleotide variant,NM_000352.6(ABCC8):c.4023A>G (p.Gln1341=),6833,ABCC8,HGNC:59,Likely benign,0,"Nov 03, 2023",1015735730,-,RCV001465457,MedGen:C3661900,not provided,germline,germline,GRCh38,NC_000011.10,11,17397012,17397012,na,na,11p15.1,"criteria provided, single submitter",1,-,N,ClinGen:CA218409678,2,1131522,17397012,T,C,-,-,-,-,-,-,SCV001669443,-,-
1121180,single nucleotide variant,NM_000352.6(ABCC8):c.3988+11C>G,6833,ABCC8,HGNC:59,Likely benign,0,"Nov 24, 2021",1953979149,-,RCV001450531,MedGen:C3661900,not provided,germline,germline,GRCh37,NC_000011.9,11,17418729,17418729,na,na,11p15.1,"criteria provided, single submitter",1,-,N,ClinGen:CA935525909,2,1120566,17418729,G,C,-,-,-,-,-,-,SCV001654141,-,-
1121180,single nucleotide variant,NM_000352.6(ABCC8):c.3988+11C>G,6833,ABCC8,HGNC:59,Likely benign,0,"Nov 24, 2021",1953979149,-,RCV001450531,MedGen:C3661900,not provided,germline,germline,GRCh38,NC_000011.10,11,17397182,17397182,na,na,11p15.1,"criteria provided, single submitter",1,-,N,ClinGen:CA935525909,2,1120566,17397182,G,C,-,-,-,-,-,-,SCV001654141,-,-
1121181,single nucleotide variant,NM_000352.6(ABCC8):c.3945T>C (p.His1315=),6833,ABCC8,HGNC:59,Likely benign,0,"May 12, 2023",762899017,-,RCV001469401,MedGen:C3661900,not provided,germline,germline,GRCh37,NC_000011.9,11,17418783,17418783,na,na,11p15.1,"criteria provided, single submitter",1,-,N,ClinGen:CA5902638,2,1134453,17418783,A,G,-,-,-,-,-,-,SCV001673481,-,-
1121181,single nucleotide variant,NM_000352.6(ABCC8):c.3945T>C (p.His1315=),6833,ABCC8,HGNC:59,Likely benign,0,"May 12, 2023",762899017,-,RCV001469401,MedGen:C3661900,not provided,germline,germline,GRCh38,NC_000011.10,11,17397236,17397236,na,na,11p15.1,"criteria provided, single submitter",1,-,N,ClinGen:CA5902638,2,1134453,17397236,A,G,-,-,-,-,-,-,SCV001673481,-,-
1121182,single nucleotide variant,NM_000352.6(ABCC8):c.3885C>T (p.Asn1295=),6833,ABCC8,HGNC:59,Likely benign,0,"Jan 14, 2024",542157938,-,RCV001458095,MedGen:C3661900,not provided,germline,germline,GRCh37,NC_000011.9,11,17418843,17418843,na,na,11p15.1,"criteria provided, single submitter",1,-,N,ClinGen:CA5902653,2,1126165,17418843,G,A,-,-,-,-,-,-,SCV001661910,-,-
1121182,single nucleotide variant,NM_000352.6(ABCC8):c.3885C>T (p.Asn1295=),6833,ABCC8,HGNC:59,Likely benign,0,"Jan 14, 2024",542157938,-,RCV001458095,MedGen:C3661900,not provided,germline,germline,GRCh38,NC_000011.10,11,17397296,17397296,na,na,11p15.1,"criteria provided, single submitter",1,-,N,ClinGen:CA5902653,2,1126165,17397296,G,A,-,-,-,-,-,-,SCV001661910,-,-
1121183,single nucleotide variant,NM_000352.6(ABCC8):c.3783C>T (p.Ile1261=),6833,ABCC8,HGNC:59,Likely benign,0,"Jan 04, 2024",1489516654,-,RCV001464717,MedGen:C3661900,not provided,germline,germline,GRCh37,NC_000011.9,11,17419315,17419315,na,na,11p15.1,"criteria provided, single submitter",1,-,N,ClinGen:CA473298913,2,1131001,17419315,G,A,-,-,-,-,-,-,SCV001668691,-,-
1121183,single nucleotide variant,NM_000352.6(ABCC8):c.3783C>T (p.Ile1261=),6833,ABCC8,HGNC:59,Likely benign,0,"Jan 04, 2024",1489516654,-,RCV001464717,MedGen:C3661900,not provided,germline,germline,GRCh38,NC_000011.10,11,17397768,17397768,na,na,11p15.1,"criteria provided, single submitter",1,-,N,ClinGen:CA473298913,2,1131001,17397768,G,A,-,-,-,-,-,-,SCV001668691,-,-
1121184,single nucleotide variant,NM_000352.6(ABCC8):c.3732C>T (p.Asn1244=),6833,ABCC8,HGNC:59,Likely benign,0,"Dec 26, 2025",763659404,-,RCV001463689|RCV006457128,MedGen:C3661900|MedGen:CN169374,not provided|not specified,germline,germline,GRCh37,NC_000011.9,11,17419907,17419907,na,na,11p15.1,"criteria provided, multiple submitters, no conflicts",2,-,N,ClinGen:CA5902723,2,1130233,17419907,G,A,-,-,-,-,-,-,SCV001667636|SCV007341119,-,-
1121184,single nucleotide variant,NM_000352.6(ABCC8):c.3732C>T (p.Asn1244=),6833,ABCC8,HGNC:59,Likely benign,0,"Dec 26, 2025",763659404,-,RCV001463689|RCV006457128,MedGen:C3661900|MedGen:CN169374,not provided|not specified,germline,germline,GRCh38,NC_000011.10,11,17398360,17398360,na,na,11p15.1,"criteria provided, multiple submitters, no conflicts",2,-,N,ClinGen:CA5902723,2,1130233,17398360,G,A,-,-,-,-,-,-,SCV001667636|SCV007341119,-,-
1121185,single nucleotide variant,NM_000352.6(ABCC8):c.3729C>T (p.Ala1243=),6833,ABCC8,HGNC:59,Likely benign,0,"Dec 21, 2025",753473058,-,RCV001474919,MedGen:C3661900,not provided,germline,germline,GRCh37,NC_000011.9,11,17419910,17419910,na,na,11p15.1,"criteria provided, single submitter",1,-,N,ClinGen:CA5902724,2,1138548,17419910,G,A,-,-,-,-,-,-,SCV001679097,-,-
1121185,single nucleotide variant,NM_000352.6(ABCC8):c.3729C>T (p.Ala1243=),6833,ABCC8,HGNC:59,Likely benign,0,"Dec 21, 2025",753473058,-,RCV001474919,MedGen:C3661900,not provided,germline,germline,GRCh38,NC_000011.10,11,17398363,17398363,na,na,11p15.1,"criteria provided, single submitter",1,-,N,ClinGen:CA5902724,2,1138548,17398363,G,A,-,-,-,-,-,-,SCV001679097,-,-
1121186,single nucleotide variant,NM_000352.6(ABCC8):c.3714C>T (p.Leu1238=),6833,ABCC8,HGNC:59,Likely benign,0,"Jun 24, 2021",779489003,-,RCV001462787,MedGen:C3661900,not provided,germline,germline,GRCh37,NC_000011.9,11,17419925,17419925,na,na,11p15.1,"criteria provided, single submitter",1,-,N,ClinGen:CA473298998,2,1129577,17419925,G,A,-,-,-,-,-,-,SCV001666713,-,-
1121186,single nucleotide variant,NM_000352.6(ABCC8):c.3714C>T (p.Leu1238=),6833,ABCC8,HGNC:59,Likely benign,0,"Jun 24, 2021",779489003,-,RCV001462787,MedGen:C3661900,not provided,germline,germline,GRCh38,NC_000011.10,11,17398378,17398378,na,na,11p15.1,"criteria provided, single submitter",1,-,N,ClinGen:CA473298998,2,1129577,17398378,G,A,-,-,-,-,-,-,SCV001666713,-,-
1121187,single nucleotide variant,NM_000352.6(ABCC8):c.3612C>G (p.Ala1204=),6833,ABCC8,HGNC:59,Likely benign,0,"Dec 19, 2023",149861153,-,RCV001460046,MedGen:C3661900,not provided,germline,germline,GRCh37,NC_000011.9,11,17424246,17424246,na,na,11p15.1,"criteria provided, single submitter",1,-,N,ClinGen:CA218415542,2,1127572,17424246,G,C,-,-,-,-,-,-,SCV001663907,-,-
1121187,single nucleotide variant,NM_000352.6(ABCC8):c.3612C>G (p.Ala1204=),6833,ABCC8,HGNC:59,Likely benign,0,"Dec 19, 2023",149861153,-,RCV001460046,MedGen:C3661900,not provided,germline,germline,GRCh38,NC_000011.10,11,17402699,17402699,na,na,11p15.1,"criteria provided, single submitter",1,-,N,ClinGen:CA218415542,2,1127572,17402699,G,C,-,-,-,-,-,-,SCV001663907,-,-
1121188,single nucleotide variant,NM_000352.6(ABCC8):c.3603A>G (p.Ser1201=),6833,ABCC8,HGNC:59,Likely benign,0,"Dec 22, 2025",145874746,-,RCV001464699|RCV004699391,MedGen:C3661900|MedGen:CN169374,not provided|not specified,germline,germline,GRCh37,NC_000011.9,11,17424255,17424255,na,na,11p15.1,"criteria provided, multiple submitters, no conflicts",2,-,N,ClinGen:CA5902760,2,1130985,17424255,T,C,-,-,-,-,-,-,SCV001668673|SCV005204578,-,-
1121188,single nucleotide variant,NM_000352.6(ABCC8):c.3603A>G (p.Ser1201=),6833,ABCC8,HGNC:59,Likely benign,0,"Dec 22, 2025",145874746,-,RCV001464699|RCV004699391,MedGen:C3661900|MedGen:CN169374,not provided|not specified,germline,germline,GRCh38,NC_000011.10,11,17402708,17402708,na,na,11p15.1,"criteria provided, multiple submitters, no conflicts",2,-,N,ClinGen:CA5902760,2,1130985,17402708,T,C,-,-,-,-,-,-,SCV001668673|SCV005204578,-,-
1121189,single nucleotide variant,NM_000352.6(ABCC8):c.3579C>T (p.Asp1193=),6833,ABCC8,HGNC:59,Likely benign,0,"Apr 26, 2023",2133430587,-,RCV001466125,MedGen:C3661900,not provided,germline,germline,GRCh37,NC_000011.9,11,17424279,17424279,na,na,11p15.1,"criteria provided, single submitter",1,-,N,ClinGen:CA473299501,2,1132063,17424279,G,A,-,-,-,-,-,-,SCV001670124,-,-
1121189,single nucleotide variant,NM_000352.6(ABCC8):c.3579C>T (p.Asp1193=),6833,ABCC8,HGNC:59,Likely benign,0,"Apr 26, 2023",2133430587,-,RCV001466125,MedGen:C3661900,not provided,germline,germline,GRCh38,NC_000011.10,11,17402732,17402732,na,na,11p15.1,"criteria provided, single submitter",1,-,N,ClinGen:CA473299501,2,1132063,17402732,G,A,-,-,-,-,-,-,SCV001670124,-,-
1121190,single nucleotide variant,NM_000352.6(ABCC8):c.3366C>T (p.Asn1122=),6833,ABCC8,HGNC:59,Likely benign,0,"May 14, 2020",2133441940,-,RCV001474461,MedGen:C3661900,not provided,germline,germline,GRCh37,NC_000011.9,11,17427074,17427074,na,na,11p15.1,"criteria provided, single submitter",1,-,N,ClinGen:CA473300081,2,1138214,17427074,G,A,-,-,-,-,-,-,SCV001678631,-,-
1121190,single nucleotide variant,NM_000352.6(ABCC8):c.3366C>T (p.Asn1122=),6833,ABCC8,HGNC:59,Likely benign,0,"May 14, 2020",2133441940,-,RCV001474461,MedGen:C3661900,not provided,germline,germline,GRCh38,NC_000011.10,11,17405527,17405527,na,na,11p15.1,"criteria provided, single submitter",1,-,N,ClinGen:CA473300081,2,1138214,17405527,G,A,-,-,-,-,-,-,SCV001678631,-,-
1121191,single nucleotide variant,NM_000352.6(ABCC8):c.3361C>T (p.Leu1121=),6833,ABCC8,HGNC:59,Likely benign,0,"Feb 20, 2020",2133441964,-,RCV001471774,MedGen:C3661900,not provided,germline,germline,GRCh37,NC_000011.9,11,17427079,17427079,na,na,11p15.1,"criteria provided, single submitter",1,-,N,ClinGen:CA473300092,2,1136210,17427079,G,A,-,-,-,-,-,-,SCV001675890,-,-
1121191,single nucleotide variant,NM_000352.6(ABCC8):c.3361C>T (p.Leu1121=),6833,ABCC8,HGNC:59,Likely benign,0,"Feb 20, 2020",2133441964,-,RCV001471774,MedGen:C3661900,not provided,germline,germline,GRCh38,NC_000011.10,11,17405532,17405532,na,na,11p15.1,"criteria provided, single submitter",1,-,N,ClinGen:CA473300092,2,1136210,17405532,G,A,-,-,-,-,-,-,SCV001675890,-,-
1121192,single nucleotide variant,NM_000352.6(ABCC8):c.3171C>A (p.Thr1057=),6833,ABCC8,HGNC:59,Likely benign,0,"Aug 25, 2019",1251688793,-,RCV001464637,MedGen:C3661900,not provided,germline,germline,GRCh37,NC_000011.9,11,17428327,17428327,na,na,11p15.1,"criteria provided, single submitter",1,-,N,ClinGen:CA473516008,2,1130930,17428327,G,T,-,-,-,-,-,-,SCV001668611,-,-
1121192,single nucleotide variant,NM_000352.6(ABCC8):c.3171C>A (p.Thr1057=),6833,ABCC8,HGNC:59,Likely benign,0,"Aug 25, 2019",1251688793,-,RCV001464637,MedGen:C3661900,not provided,germline,germline,GRCh38,NC_000011.10,11,17406780,17406780,na,na,11p15.1,"criteria provided, single submitter",1,-,N,ClinGen:CA473516008,2,1130930,17406780,G,T,-,-,-,-,-,-,SCV001668611,-,-
1121193,single nucleotide variant,NM_000352.6(ABCC8):c.3114C>T (p.Asp1038=),6833,ABCC8,HGNC:59,Likely benign,0,"Oct 03, 2019",2133447045,-,RCV001457545,MedGen:C3661900,not provided,germline,germline,GRCh37,NC_000011.9,11,17428483,17428483,na,na,11p15.1,"criteria provided, single submitter",1,-,N,ClinGen:CA473516166,2,1125737,17428483,G,A,-,-,-,-,-,-,SCV001661348,-,-
1121193,single nucleotide variant,NM_000352.6(ABCC8):c.3114C>T (p.Asp1038=),6833,ABCC8,HGNC:59,Likely benign,0,"Oct 03, 2019",2133447045,-,RCV001457545,MedGen:C3661900,not provided,germline,germline,GRCh38,NC_000011.10,11,17406936,17406936,na,na,11p15.1,"criteria provided, single submitter",1,-,N,ClinGen:CA473516166,2,1125737,17406936,G,A,-,-,-,-,-,-,SCV001661348,-,-
1121194,single nucleotide variant,NM_000352.6(ABCC8):c.2973G>A (p.Gln991=),6833,ABCC8,HGNC:59,Likely benign,0,"Jul 21, 2023",369865194,-,RCV001456660|RCV005614609,MedGen:C3661900|,not provided|Hereditary hyperinsulinism,germline,germline,GRCh37,NC_000011.9,11,17428624,17428624,na,na,11p15.1,"criteria provided, single submitter",2,-,N,ClinGen:CA5902959,2,1125060,17428624,C,T,-,-,-,-,-,-,SCV001660446,-,-
1121194,single nucleotide variant,NM_000352.6(ABCC8):c.2973G>A (p.Gln991=),6833,ABCC8,HGNC:59,Likely benign,0,"Jul 21, 2023",369865194,-,RCV001456660|RCV005614609,MedGen:C3661900|,not provided|Hereditary hyperinsulinism,germline,germline,GRCh38,NC_000011.10,11,17407077,17407077,na,na,11p15.1,"criteria provided, single submitter",2,-,N,ClinGen:CA5902959,2,1125060,17407077,C,T,-,-,-,-,-,-,SCV001660446,-,-
1121195,single nucleotide variant,NM_000352.6(ABCC8):c.2953C>T (p.Leu985=),6833,ABCC8,HGNC:59,Likely benign,0,"Sep 21, 2023",2133448216,-,RCV001460981,MedGen:C3661900,not provided,germline,germline,GRCh37,NC_000011.9,11,17428644,17428644,na,na,11p15.1,"criteria provided, single submitter",1,-,N,ClinGen:CA473516116,2,1128253,17428644,G,A,-,-,-,-,-,-,SCV001664865,-,-
1121195,single nucleotide variant,NM_000352.6(ABCC8):c.2953C>T (p.Leu985=),6833,ABCC8,HGNC:59,Likely benign,0,"Sep 21, 2023",2133448216,-,RCV001460981,MedGen:C3661900,not provided,germline,germline,GRCh38,NC_000011.10,11,17407097,17407097,na,na,11p15.1,"criteria provided, single submitter",1,-,N,ClinGen:CA473516116,2,1128253,17407097,G,A,-,-,-,-,-,-,SCV001664865,-,-
1121196,single nucleotide variant,NM_000352.6(ABCC8):c.2949C>T (p.Asp983=),6833,ABCC8,HGNC:59,Likely benign,0,"Mar 18, 2024",2133448234,-,RCV001464301,MedGen:C3661900,not provided,germline,germline,GRCh37,NC_000011.9,11,17428648,17428648,na,na,11p15.1,"criteria provided, single submitter",1,-,N,ClinGen:CA473516121,2,1130722,17428648,G,A,-,-,-,-,-,-,SCV001668267,-,-
1121196,single nucleotide variant,NM_000352.6(ABCC8):c.2949C>T (p.Asp983=),6833,ABCC8,HGNC:59,Likely benign,0,"Mar 18, 2024",2133448234,-,RCV001464301,MedGen:C3661900,not provided,germline,germline,GRCh38,NC_000011.10,11,17407101,17407101,na,na,11p15.1,"criteria provided, single submitter",1,-,N,ClinGen:CA473516121,2,1130722,17407101,G,A,-,-,-,-,-,-,SCV001668267,-,-
1121197,single nucleotide variant,NM_000352.6(ABCC8):c.2820+7A>G,6833,ABCC8,HGNC:59,Likely benign,0,"Mar 11, 2024",752517462,-,RCV001468154,MedGen:C3661900,not provided,germline,germline,GRCh37,NC_000011.9,11,17429932,17429932,na,na,11p15.1,"criteria provided, single submitter",1,-,N,ClinGen:CA5903020,2,1133529,17429932,T,C,-,-,-,-,-,-,SCV001672193,-,-
1121197,single nucleotide variant,NM_000352.6(ABCC8):c.2820+7A>G,6833,ABCC8,HGNC:59,Likely benign,0,"Mar 11, 2024",752517462,-,RCV001468154,MedGen:C3661900,not provided,germline,germline,GRCh38,NC_000011.10,11,17408385,17408385,na,na,11p15.1,"criteria provided, single submitter",1,-,N,ClinGen:CA5903020,2,1133529,17408385,T,C,-,-,-,-,-,-,SCV001672193,-,-
1121198,single nucleotide variant,NM_000352.6(ABCC8):c.2451A>G (p.Gly817=),6833,ABCC8,HGNC:59,Likely benign,0,"Sep 16, 2020",2133473459,-,RCV001461159,MedGen:C3661900,not provided,germline,germline,GRCh37,NC_000011.9,11,17434965,17434965,na,na,11p15.1,"criteria provided, single submitter",1,-,N,ClinGen:CA473301432,2,1128416,17434965,T,C,-,-,-,-,-,-,SCV001665044,-,-
1121198,single nucleotide variant,NM_000352.6(ABCC8):c.2451A>G (p.Gly817=),6833,ABCC8,HGNC:59,Likely benign,0,"Sep 16, 2020",2133473459,-,RCV001461159,MedGen:C3661900,not provided,germline,germline,GRCh38,NC_000011.10,11,17413418,17413418,na,na,11p15.1,"criteria provided, single submitter",1,-,N,ClinGen:CA473301432,2,1128416,17413418,T,C,-,-,-,-,-,-,SCV001665044,-,-
1121199,single nucleotide variant,NM_000352.6(ABCC8):c.2412C>T (p.Ala804=),6833,ABCC8,HGNC:59,Likely benign,0,"Jul 06, 2019",2133473816,-,RCV001455258,MedGen:C3661900,not provided,germline,germline,GRCh37,NC_000011.9,11,17435004,17435004,na,na,11p15.1,"criteria provided, single submitter",1,-,N,ClinGen:CA473301480,2,1124011,17435004,G,A,-,-,-,-,-,-,SCV001659016,-,-
1121199,single nucleotide variant,NM_000352.6(ABCC8):c.2412C>T (p.Ala804=),6833,ABCC8,HGNC:59,Likely benign,0,"Jul 06, 2019",2133473816,-,RCV001455258,MedGen:C3661900,not provided,germline,germline,GRCh38,NC_000011.10,11,17413457,17413457,na,na,11p15.1,"criteria provided, single submitter",1,-,N,ClinGen:CA473301480,2,1124011,17413457,G,A,-,-,-,-,-,-,SCV001659016,-,-
1121200,single nucleotide variant,NM_000352.6(ABCC8):c.2390+8C>G,6833,ABCC8,HGNC:59,Likely benign,0,"Jul 24, 2019",2133478171,-,RCV001451346,MedGen:C3661900,not provided,germline,germline,GRCh37,NC_000011.9,11,17436051,17436051,na,na,11p15.1,"criteria provided, single submitter",1,-,N,ClinGen:CA2499220826,2,1121151,17436051,G,C,-,-,-,-,-,-,SCV001654973,-,-
1121200,single nucleotide variant,NM_000352.6(ABCC8):c.2390+8C>G,6833,ABCC8,HGNC:59,Likely benign,0,"Jul 24, 2019",2133478171,-,RCV001451346,MedGen:C3661900,not provided,germline,germline,GRCh38,NC_000011.10,11,17414504,17414504,na,na,11p15.1,"criteria provided, single submitter",1,-,N,ClinGen:CA2499220826,2,1121151,17414504,G,C,-,-,-,-,-,-,SCV001654973,-,-
1121201,single nucleotide variant,NM_000352.6(ABCC8):c.2390+7G>A,6833,ABCC8,HGNC:59,Likely benign,0,"Oct 04, 2023",1281849523,-,RCV001463827,MedGen:C3661900,not provided,germline,germline,GRCh37,NC_000011.9,11,17436052,17436052,na,na,11p15.1,"criteria provided, single submitter",1,-,N,ClinGen:CA597665614,2,1130363,17436052,C,T,-,-,-,-,-,-,SCV001667775,-,-
1121201,single nucleotide variant,NM_000352.6(ABCC8):c.2390+7G>A,6833,ABCC8,HGNC:59,Likely benign,0,"Oct 04, 2023",1281849523,-,RCV001463827,MedGen:C3661900,not provided,germline,germline,GRCh38,NC_000011.10,11,17414505,17414505,na,na,11p15.1,"criteria provided, single submitter",1,-,N,ClinGen:CA597665614,2,1130363,17414505,C,T,-,-,-,-,-,-,SCV001667775,-,-
1121202,single nucleotide variant,NM_000352.6(ABCC8):c.2291+7C>T,6833,ABCC8,HGNC:59,Conflicting classifications of pathogenicity,0,"Oct 06, 2023",770152618,-,RCV001470853|RCV002251591|RCV002251592,"MedGen:C3661900|Human Phenotype Ontology:HP:0004904,MONDO:MONDO:0018911,MedGen:C0342276,OMIM:PS125850,Orphanet:552|Human Phenotype Ontology:HP:0008255,MONDO:MONDO:0020525,MedGen:C0342273",not provided|Maturity-onset diabetes of the young|Transitory neonatal diabetes mellitus,germline;unknown,germline,GRCh37,NC_000011.9,11,17436844,17436844,na,na,11p15.1,"criteria provided, conflicting classifications",2,-,N,ClinGen:CA5903218,2,1135533,17436844,G,A,-,-,-,-,-,-,SCV001674952|SCV002522216|SCV002522217,-,-
1121202,single nucleotide variant,NM_000352.6(ABCC8):c.2291+7C>T,6833,ABCC8,HGNC:59,Conflicting classifications of pathogenicity,0,"Oct 06, 2023",770152618,-,RCV001470853|RCV002251591|RCV002251592,"MedGen:C3661900|Human Phenotype Ontology:HP:0004904,MONDO:MONDO:0018911,MedGen:C0342276,OMIM:PS125850,Orphanet:552|Human Phenotype Ontology:HP:0008255,MONDO:MONDO:0020525,MedGen:C0342273",not provided|Maturity-onset diabetes of the young|Transitory neonatal diabetes mellitus,germline;unknown,germline,GRCh38,NC_000011.10,11,17415297,17415297,na,na,11p15.1,"criteria provided, conflicting classifications",2,-,N,ClinGen:CA5903218,2,1135533,17415297,G,A,-,-,-,-,-,-,SCV001674952|SCV002522216|SCV002522217,-,-
1121203,single nucleotide variant,NM_000352.6(ABCC8):c.2281T>C (p.Leu761=),6833,ABCC8,HGNC:59,Likely benign,0,"Jan 11, 2022",760684989,-,RCV001469133,MedGen:C3661900,not provided,germline,germline,GRCh37,NC_000011.9,11,17436861,17436861,na,na,11p15.1,"criteria provided, single submitter",1,-,N,ClinGen:CA5903223,2,1134292,17436861,A,G,-,-,-,-,-,-,SCV001673205,-,-
1121203,single nucleotide variant,NM_000352.6(ABCC8):c.2281T>C (p.Leu761=),6833,ABCC8,HGNC:59,Likely benign,0,"Jan 11, 2022",760684989,-,RCV001469133,MedGen:C3661900,not provided,germline,germline,GRCh38,NC_000011.10,11,17415314,17415314,na,na,11p15.1,"criteria provided, single submitter",1,-,N,ClinGen:CA5903223,2,1134292,17415314,A,G,-,-,-,-,-,-,SCV001673205,-,-
1121204,single nucleotide variant,NM_000352.6(ABCC8):c.2263C>A (p.Arg755=),6833,ABCC8,HGNC:59,Likely benign,0,"Oct 11, 2022",748413285,-,RCV001468583,MedGen:C3661900,not provided,germline,germline,GRCh37,NC_000011.9,11,17436879,17436879,na,na,11p15.1,"criteria provided, single submitter",1,-,N,ClinGen:CA473301748,2,1133848,17436879,G,T,-,-,-,-,-,-,SCV001672641,-,-
1121204,single nucleotide variant,NM_000352.6(ABCC8):c.2263C>A (p.Arg755=),6833,ABCC8,HGNC:59,Likely benign,0,"Oct 11, 2022",748413285,-,RCV001468583,MedGen:C3661900,not provided,germline,germline,GRCh38,NC_000011.10,11,17415332,17415332,na,na,11p15.1,"criteria provided, single submitter",1,-,N,ClinGen:CA473301748,2,1133848,17415332,G,T,-,-,-,-,-,-,SCV001672641,-,-
1121205,single nucleotide variant,NM_000352.6(ABCC8):c.2226T>C (p.Leu742=),6833,ABCC8,HGNC:59,Likely benign,0,"Dec 06, 2025",757507467,-,RCV001469022|RCV002501622,"MedGen:C3661900|MONDO:MONDO:0012480,MedGen:C1835887,OMIM:610374,Orphanet:99886;MONDO:MONDO:0009734,MedGen:C2931832,OMIM:256450,Orphanet:276575,Orphanet:276598;MONDO:MONDO:0009415,MedGen:C0271714,OMIM:240800;MONDO:MONDO:0030088,MedGen:C5394303,OMIM:618857;Human Phenotype Ontology:HP:0005965,Human Phenotype Ontology:HP:0005978,Human Phenotype Ontology:HP:0100652,MONDO:MONDO:0005148,MeSH:D003924,MedGen:C0011860,OMIM:125853","not provided|Diabetes mellitus, transient neonatal, 2;Hyperinsulinemic hypoglycemia, familial, 1;Leucine-induced hypoglycemia;Diabetes mellitus, permanent neonatal 3;Type 2 diabetes mellitus",germline;unknown,germline,GRCh37,NC_000011.9,11,17438506,17438506,na,na,11p15.1,"criteria provided, multiple submitters, no conflicts",2,-,N,ClinGen:CA5903256,2,1134188,17438506,A,G,-,-,-,-,-,-,SCV001673094|SCV002802968,-,-
1121205,single nucleotide variant,NM_000352.6(ABCC8):c.2226T>C (p.Leu742=),6833,ABCC8,HGNC:59,Likely benign,0,"Dec 06, 2025",757507467,-,RCV001469022|RCV002501622,"MedGen:C3661900|MONDO:MONDO:0012480,MedGen:C1835887,OMIM:610374,Orphanet:99886;MONDO:MONDO:0009734,MedGen:C2931832,OMIM:256450,Orphanet:276575,Orphanet:276598;MONDO:MONDO:0009415,MedGen:C0271714,OMIM:240800;MONDO:MONDO:0030088,MedGen:C5394303,OMIM:618857;Human Phenotype Ontology:HP:0005965,Human Phenotype Ontology:HP:0005978,Human Phenotype Ontology:HP:0100652,MONDO:MONDO:0005148,MeSH:D003924,MedGen:C0011860,OMIM:125853","not provided|Diabetes mellitus, transient neonatal, 2;Hyperinsulinemic hypoglycemia, familial, 1;Leucine-induced hypoglycemia;Diabetes mellitus, permanent neonatal 3;Type 2 diabetes mellitus",germline;unknown,germline,GRCh38,NC_000011.10,11,17416959,17416959,na,na,11p15.1,"criteria provided, multiple submitters, no conflicts",2,-,N,ClinGen:CA5903256,2,1134188,17416959,A,G,-,-,-,-,-,-,SCV001673094|SCV002802968,-,-
1121206,single nucleotide variant,NM_000352.6(ABCC8):c.2178A>C (p.Ala726=),6833,ABCC8,HGNC:59,Likely benign,0,"Sep 16, 2020",747902103,-,RCV001464707,MedGen:C3661900,not provided,germline,germline,GRCh37,NC_000011.9,11,17448640,17448640,na,na,11p15.1,"criteria provided, single submitter",1,-,N,ClinGen:CA473302418,2,1130991,17448640,T,G,-,-,-,-,-,-,SCV001668681,-,-
1121206,single nucleotide variant,NM_000352.6(ABCC8):c.2178A>C (p.Ala726=),6833,ABCC8,HGNC:59,Likely benign,0,"Sep 16, 2020",747902103,-,RCV001464707,MedGen:C3661900,not provided,germline,germline,GRCh38,NC_000011.10,11,17427093,17427093,na,na,11p15.1,"criteria provided, single submitter",1,-,N,ClinGen:CA473302418,2,1130991,17427093,T,G,-,-,-,-,-,-,SCV001668681,-,-
1121207,single nucleotide variant,NM_000352.6(ABCC8):c.2175C>T (p.Ala725=),6833,ABCC8,HGNC:59,Likely benign,0,"Dec 14, 2025",140109097,-,RCV001463814,MedGen:C3661900,not provided,germline,germline,GRCh37,NC_000011.9,11,17448643,17448643,na,na,11p15.1,"criteria provided, single submitter",1,-,N,ClinGen:CA5903284,2,1130350,17448643,G,A,-,-,-,-,-,-,SCV001667762,-,-
1121207,single nucleotide variant,NM_000352.6(ABCC8):c.2175C>T (p.Ala725=),6833,ABCC8,HGNC:59,Likely benign,0,"Dec 14, 2025",140109097,-,RCV001463814,MedGen:C3661900,not provided,germline,germline,GRCh38,NC_000011.10,11,17427096,17427096,na,na,11p15.1,"criteria provided, single submitter",1,-,N,ClinGen:CA5903284,2,1130350,17427096,G,A,-,-,-,-,-,-,SCV001667762,-,-
1121208,single nucleotide variant,NM_000352.6(ABCC8):c.2031C>T (p.Cys677=),6833,ABCC8,HGNC:59,Likely benign,0,"May 30, 2023",1955681356,-,RCV001451275,MedGen:C3661900,not provided,germline,germline,GRCh37,NC_000011.9,11,17449845,17449845,na,na,11p15.1,"criteria provided, single submitter",1,-,N,ClinGen:CA473516032,2,1121083,17449845,G,A,-,-,-,-,-,-,SCV001654902,-,-
1121208,single nucleotide variant,NM_000352.6(ABCC8):c.2031C>T (p.Cys677=),6833,ABCC8,HGNC:59,Likely benign,0,"May 30, 2023",1955681356,-,RCV001451275,MedGen:C3661900,not provided,germline,germline,GRCh38,NC_000011.10,11,17428298,17428298,na,na,11p15.1,"criteria provided, single submitter",1,-,N,ClinGen:CA473516032,2,1121083,17428298,G,A,-,-,-,-,-,-,SCV001654902,-,-
1121209,single nucleotide variant,NM_000352.6(ABCC8):c.2013T>C (p.Asp671=),6833,ABCC8,HGNC:59,Likely benign,0,"Apr 27, 2019",2133537529,-,RCV001451308,MedGen:C3661900,not provided,germline,germline,GRCh37,NC_000011.9,11,17449863,17449863,na,na,11p15.1,"criteria provided, single submitter",1,-,N,ClinGen:CA473516077,2,1121115,17449863,A,G,-,-,-,-,-,-,SCV001654935,-,-
1121209,single nucleotide variant,NM_000352.6(ABCC8):c.2013T>C (p.Asp671=),6833,ABCC8,HGNC:59,Likely benign,0,"Apr 27, 2019",2133537529,-,RCV001451308,MedGen:C3661900,not provided,germline,germline,GRCh38,NC_000011.10,11,17428316,17428316,na,na,11p15.1,"criteria provided, single submitter",1,-,N,ClinGen:CA473516077,2,1121115,17428316,A,G,-,-,-,-,-,-,SCV001654935,-,-
1121210,single nucleotide variant,NM_000352.6(ABCC8):c.1929C>T (p.Leu643=),6833,ABCC8,HGNC:59,Likely benign,0,"Mar 03, 2020",2133538210,-,RCV001470867,MedGen:C3661900,not provided,germline,germline,GRCh37,NC_000011.9,11,17449947,17449947,na,na,11p15.1,"criteria provided, single submitter",1,-,N,ClinGen:CA473516206,2,1135547,17449947,G,A,-,-,-,-,-,-,SCV001674966,-,-
1121210,single nucleotide variant,NM_000352.6(ABCC8):c.1929C>T (p.Leu643=),6833,ABCC8,HGNC:59,Likely benign,0,"Mar 03, 2020",2133538210,-,RCV001470867,MedGen:C3661900,not provided,germline,germline,GRCh38,NC_000011.10,11,17428400,17428400,na,na,11p15.1,"criteria provided, single submitter",1,-,N,ClinGen:CA473516206,2,1135547,17428400,G,A,-,-,-,-,-,-,SCV001674966,-,-
1121211,single nucleotide variant,NM_000352.6(ABCC8):c.1828C>T (p.Leu610=),6833,ABCC8,HGNC:59,Likely benign,0,"Jan 26, 2026",2133540000,-,RCV001461871,MedGen:C3661900,not provided,germline,germline,GRCh37,NC_000011.9,11,17450207,17450207,na,na,11p15.1,"criteria provided, single submitter",1,-,N,ClinGen:CA473516578,2,1128913,17450207,G,A,-,-,-,-,-,-,SCV001665781,-,-
1121211,single nucleotide variant,NM_000352.6(ABCC8):c.1828C>T (p.Leu610=),6833,ABCC8,HGNC:59,Likely benign,0,"Jan 26, 2026",2133540000,-,RCV001461871,MedGen:C3661900,not provided,germline,germline,GRCh38,NC_000011.10,11,17428660,17428660,na,na,11p15.1,"criteria provided, single submitter",1,-,N,ClinGen:CA473516578,2,1128913,17428660,G,A,-,-,-,-,-,-,SCV001665781,-,-
1121212,single nucleotide variant,NM_000352.6(ABCC8):c.1767G>A (p.Pro589=),6833,ABCC8,HGNC:59,Conflicting classifications of pathogenicity,0,"Jan 24, 2024",550788491,-,RCV001468175|RCV002267115|RCV002267114|RCV002405099,"MedGen:C3661900|Human Phenotype Ontology:HP:0008255,MONDO:MONDO:0020525,MedGen:C0342273|Human Phenotype Ontology:HP:0004904,MONDO:MONDO:0018911,MedGen:C0342276,OMIM:PS125850,Orphanet:552|MeSH:D030342,MedGen:C0950123",not provided|Transitory neonatal diabetes mellitus|Maturity-onset diabetes of the young|Inborn genetic diseases,germline;unknown,germline,GRCh37,NC_000011.9,11,17452411,17452411,na,na,11p15.1,"criteria provided, conflicting classifications",3,-,N,ClinGen:CA218442697,2,1133548,17452411,C,T,-,-,-,-,-,-,SCV001672214|SCV002522345|SCV002522346|SCV002711795,-,-
1121212,single nucleotide variant,NM_000352.6(ABCC8):c.1767G>A (p.Pro589=),6833,ABCC8,HGNC:59,Conflicting classifications of pathogenicity,0,"Jan 24, 2024",550788491,-,RCV001468175|RCV002267115|RCV002267114|RCV002405099,"MedGen:C3661900|Human Phenotype Ontology:HP:0008255,MONDO:MONDO:0020525,MedGen:C0342273|Human Phenotype Ontology:HP:0004904,MONDO:MONDO:0018911,MedGen:C0342276,OMIM:PS125850,Orphanet:552|MeSH:D030342,MedGen:C0950123",not provided|Transitory neonatal diabetes mellitus|Maturity-onset diabetes of the young|Inborn genetic diseases,germline;unknown,germline,GRCh38,NC_000011.10,11,17430864,17430864,na,na,11p15.1,"criteria provided, conflicting classifications",3,-,N,ClinGen:CA218442697,2,1133548,17430864,C,T,-,-,-,-,-,-,SCV001672214|SCV002522345|SCV002522346|SCV002711795,-,-
1121213,single nucleotide variant,NM_000352.6(ABCC8):c.1683C>T (p.Gly561=),6833,ABCC8,HGNC:59,Likely benign,0,"Feb 28, 2024",770543163,-,RCV001458801,MedGen:C3661900,not provided,germline,germline,GRCh37,NC_000011.9,11,17452495,17452495,na,na,11p15.1,"criteria provided, single submitter",1,-,N,ClinGen:CA5903468,2,1126648,17452495,G,A,-,-,-,-,-,-,SCV001662630,-,-
1121213,single nucleotide variant,NM_000352.6(ABCC8):c.1683C>T (p.Gly561=),6833,ABCC8,HGNC:59,Likely benign,0,"Feb 28, 2024",770543163,-,RCV001458801,MedGen:C3661900,not provided,germline,germline,GRCh38,NC_000011.10,11,17430948,17430948,na,na,11p15.1,"criteria provided, single submitter",1,-,N,ClinGen:CA5903468,2,1126648,17430948,G,A,-,-,-,-,-,-,SCV001662630,-,-
1121214,single nucleotide variant,NM_000352.6(ABCC8):c.1677C>T (p.Phe559=),6833,ABCC8,HGNC:59,Likely benign,0,"Oct 25, 2022",772622250,-,RCV001460578,MedGen:C3661900,not provided,germline,germline,GRCh37,NC_000011.9,11,17452501,17452501,na,na,11p15.1,"criteria provided, single submitter",1,-,N,ClinGen:CA5903470,2,1127958,17452501,G,A,-,-,-,-,-,-,SCV001664455,-,-
1121214,single nucleotide variant,NM_000352.6(ABCC8):c.1677C>T (p.Phe559=),6833,ABCC8,HGNC:59,Likely benign,0,"Oct 25, 2022",772622250,-,RCV001460578,MedGen:C3661900,not provided,germline,germline,GRCh38,NC_000011.10,11,17430954,17430954,na,na,11p15.1,"criteria provided, single submitter",1,-,N,ClinGen:CA5903470,2,1127958,17430954,G,A,-,-,-,-,-,-,SCV001664455,-,-
1121215,single nucleotide variant,NM_000352.6(ABCC8):c.1662T>G (p.Ala554=),6833,ABCC8,HGNC:59,Likely benign,0,"Feb 24, 2022",368782953,-,RCV001466766|RCV002495685,"MedGen:C3661900|MONDO:MONDO:0012480,MedGen:C1835887,OMIM:610374,Orphanet:99886;MONDO:MONDO:0009734,MedGen:C2931832,OMIM:256450,Orphanet:276575,Orphanet:276598;MONDO:MONDO:0009415,MedGen:C0271714,OMIM:240800;MONDO:MONDO:0030088,MedGen:C5394303,OMIM:618857;Human Phenotype Ontology:HP:0005965,Human Phenotype Ontology:HP:0005978,Human Phenotype Ontology:HP:0100652,MONDO:MONDO:0005148,MeSH:D003924,MedGen:C0011860,OMIM:125853","not provided|Diabetes mellitus, transient neonatal, 2;Hyperinsulinemic hypoglycemia, familial, 1;Leucine-induced hypoglycemia;Diabetes mellitus, permanent neonatal 3;Type 2 diabetes mellitus",germline;unknown,germline,GRCh37,NC_000011.9,11,17453760,17453760,na,na,11p15.1,"criteria provided, multiple submitters, no conflicts",2,-,N,ClinGen:CA5903496,2,1132494,17453760,A,C,-,-,-,-,-,-,SCV001670775|SCV002800542,-,-
1121215,single nucleotide variant,NM_000352.6(ABCC8):c.1662T>G (p.Ala554=),6833,ABCC8,HGNC:59,Likely benign,0,"Feb 24, 2022",368782953,-,RCV001466766|RCV002495685,"MedGen:C3661900|MONDO:MONDO:0012480,MedGen:C1835887,OMIM:610374,Orphanet:99886;MONDO:MONDO:0009734,MedGen:C2931832,OMIM:256450,Orphanet:276575,Orphanet:276598;MONDO:MONDO:0009415,MedGen:C0271714,OMIM:240800;MONDO:MONDO:0030088,MedGen:C5394303,OMIM:618857;Human Phenotype Ontology:HP:0005965,Human Phenotype Ontology:HP:0005978,Human Phenotype Ontology:HP:0100652,MONDO:MONDO:0005148,MeSH:D003924,MedGen:C0011860,OMIM:125853","not provided|Diabetes mellitus, transient neonatal, 2;Hyperinsulinemic hypoglycemia, familial, 1;Leucine-induced hypoglycemia;Diabetes mellitus, permanent neonatal 3;Type 2 diabetes mellitus",germline;unknown,germline,GRCh38,NC_000011.10,11,17432213,17432213,na,na,11p15.1,"criteria provided, multiple submitters, no conflicts",2,-,N,ClinGen:CA5903496,2,1132494,17432213,A,C,-,-,-,-,-,-,SCV001670775|SCV002800542,-,-
1121216,single nucleotide variant,NM_000352.6(ABCC8):c.1560G>A (p.Thr520=),6833,ABCC8,HGNC:59,Likely benign,0,"Dec 14, 2023",771102562,-,RCV001459200,MedGen:C3661900,not provided,germline,germline,GRCh37,NC_000011.9,11,17464337,17464337,na,na,11p15.1,"criteria provided, single submitter",1,-,N,ClinGen:CA5903529,2,1126951,17464337,C,T,-,-,-,-,-,-,SCV001663038,-,-
1121216,single nucleotide variant,NM_000352.6(ABCC8):c.1560G>A (p.Thr520=),6833,ABCC8,HGNC:59,Likely benign,0,"Dec 14, 2023",771102562,-,RCV001459200,MedGen:C3661900,not provided,germline,germline,GRCh38,NC_000011.10,11,17442790,17442790,na,na,11p15.1,"criteria provided, single submitter",1,-,N,ClinGen:CA5903529,2,1126951,17442790,C,T,-,-,-,-,-,-,SCV001663038,-,-
1121217,single nucleotide variant,NM_000352.6(ABCC8):c.1392A>G (p.Ala464=),6833,ABCC8,HGNC:59,Likely benign,0,"May 21, 2020",781312990,-,RCV001465561,MedGen:C3661900,not provided,germline,germline,GRCh37,NC_000011.9,11,17464800,17464800,na,na,11p15.1,"criteria provided, single submitter",1,-,N,ClinGen:CA5903591,2,1131621,17464800,T,C,-,-,-,-,-,-,SCV001669550,-,-
1121217,single nucleotide variant,NM_000352.6(ABCC8):c.1392A>G (p.Ala464=),6833,ABCC8,HGNC:59,Likely benign,0,"May 21, 2020",781312990,-,RCV001465561,MedGen:C3661900,not provided,germline,germline,GRCh38,NC_000011.10,11,17443253,17443253,na,na,11p15.1,"criteria provided, single submitter",1,-,N,ClinGen:CA5903591,2,1131621,17443253,T,C,-,-,-,-,-,-,SCV001669550,-,-
1121218,single nucleotide variant,NM_000352.6(ABCC8):c.1332+7G>C,6833,ABCC8,HGNC:59,Likely benign,0,"Aug 08, 2023",1380934116,-,RCV001465912,MedGen:C3661900,not provided,germline,germline,GRCh37,NC_000011.9,11,17470056,17470056,na,na,11p15.1,"criteria provided, single submitter",1,-,N,ClinGen:CA597667798,2,1131867,17470056,C,G,-,-,-,-,-,-,SCV001669910,-,-
1121218,single nucleotide variant,NM_000352.6(ABCC8):c.1332+7G>C,6833,ABCC8,HGNC:59,Likely benign,0,"Aug 08, 2023",1380934116,-,RCV001465912,MedGen:C3661900,not provided,germline,germline,GRCh38,NC_000011.10,11,17448509,17448509,na,na,11p15.1,"criteria provided, single submitter",1,-,N,ClinGen:CA597667798,2,1131867,17448509,C,G,-,-,-,-,-,-,SCV001669910,-,-
1121219,single nucleotide variant,NM_000352.6(ABCC8):c.952C>T (p.Leu318=),6833,ABCC8,HGNC:59,Likely benign,0,"Nov 14, 2020",2133674471,-,RCV001467272,MedGen:C3661900,not provided,germline,germline,GRCh37,NC_000011.9,11,17482094,17482094,na,na,11p15.1,"criteria provided, single submitter",1,-,N,ClinGen:CA473300535,2,1132865,17482094,G,A,-,-,-,-,-,-,SCV001671295,-,-
1121219,single nucleotide variant,NM_000352.6(ABCC8):c.952C>T (p.Leu318=),6833,ABCC8,HGNC:59,Likely benign,0,"Nov 14, 2020",2133674471,-,RCV001467272,MedGen:C3661900,not provided,germline,germline,GRCh38,NC_000011.10,11,17460547,17460547,na,na,11p15.1,"criteria provided, single submitter",1,-,N,ClinGen:CA473300535,2,1132865,17460547,G,A,-,-,-,-,-,-,SCV001671295,-,-
1121220,single nucleotide variant,NM_000352.6(ABCC8):c.823-10C>T,6833,ABCC8,HGNC:59,Likely benign,0,"May 11, 2020",1276799856,-,RCV001462896,MedGen:C3661900,not provided,germline,germline,GRCh37,NC_000011.9,11,17482233,17482233,na,na,11p15.1,"criteria provided, single submitter",1,-,N,ClinGen:CA597904601,2,1129678,17482233,G,A,-,-,-,-,-,-,SCV001666824,-,-
1121220,single nucleotide variant,NM_000352.6(ABCC8):c.823-10C>T,6833,ABCC8,HGNC:59,Likely benign,0,"May 11, 2020",1276799856,-,RCV001462896,MedGen:C3661900,not provided,germline,germline,GRCh38,NC_000011.10,11,17460686,17460686,na,na,11p15.1,"criteria provided, single submitter",1,-,N,ClinGen:CA597904601,2,1129678,17460686,G,A,-,-,-,-,-,-,SCV001666824,-,-
1121221,single nucleotide variant,NM_000352.6(ABCC8):c.822+7G>A,6833,ABCC8,HGNC:59,Likely benign,0,"Apr 15, 2025",765890511,-,RCV001451928|RCV002476769|RCV005408909,"MedGen:C3661900|MONDO:MONDO:0009415,MedGen:C0271714,OMIM:240800;MONDO:MONDO:0012480,MedGen:C1835887,OMIM:610374,Orphanet:99886;Human Phenotype Ontology:HP:0005965,Human Phenotype Ontology:HP:0005978,Human Phenotype Ontology:HP:0100652,MONDO:MONDO:0005148,MeSH:D003924,MedGen:C0011860,OMIM:125853;MONDO:MONDO:0009734,MedGen:C2931832,OMIM:256450,Orphanet:276575,Orphanet:276598;MONDO:MONDO:0030088,MedGen:C5394303,OMIM:618857|MedGen:CN169374","not provided|Leucine-induced hypoglycemia;Diabetes mellitus, transient neonatal, 2;Type 2 diabetes mellitus;Hyperinsulinemic hypoglycemia, familial, 1;Diabetes mellitus, permanent neonatal 3|not specified",germline;unknown,germline,GRCh37,NC_000011.9,11,17483123,17483123,na,na,11p15.1,"criteria provided, multiple submitters, no conflicts",3,-,N,ClinGen:CA5903769,2,1121620,17483123,C,T,-,-,-,-,-,-,SCV001655569|SCV002801624|SCV006073577,-,-
1121221,single nucleotide variant,NM_000352.6(ABCC8):c.822+7G>A,6833,ABCC8,HGNC:59,Likely benign,0,"Apr 15, 2025",765890511,-,RCV001451928|RCV002476769|RCV005408909,"MedGen:C3661900|MONDO:MONDO:0009415,MedGen:C0271714,OMIM:240800;MONDO:MONDO:0012480,MedGen:C1835887,OMIM:610374,Orphanet:99886;Human Phenotype Ontology:HP:0005965,Human Phenotype Ontology:HP:0005978,Human Phenotype Ontology:HP:0100652,MONDO:MONDO:0005148,MeSH:D003924,MedGen:C0011860,OMIM:125853;MONDO:MONDO:0009734,MedGen:C2931832,OMIM:256450,Orphanet:276575,Orphanet:276598;MONDO:MONDO:0030088,MedGen:C5394303,OMIM:618857|MedGen:CN169374","not provided|Leucine-induced hypoglycemia;Diabetes mellitus, transient neonatal, 2;Type 2 diabetes mellitus;Hyperinsulinemic hypoglycemia, familial, 1;Diabetes mellitus, permanent neonatal 3|not specified",germline;unknown,germline,GRCh38,NC_000011.10,11,17461576,17461576,na,na,11p15.1,"criteria provided, multiple submitters, no conflicts",3,-,N,ClinGen:CA5903769,2,1121620,17461576,C,T,-,-,-,-,-,-,SCV001655569|SCV002801624|SCV006073577,-,-
1121222,single nucleotide variant,NM_000352.6(ABCC8):c.750C>A (p.Ile250=),6833,ABCC8,HGNC:59,Likely benign,0,"Jan 04, 2024",566527939,-,RCV001462303,MedGen:C3661900,not provided,germline,germline,GRCh37,NC_000011.9,11,17483202,17483202,na,na,11p15.1,"criteria provided, single submitter",1,-,N,ClinGen:CA5903786,2,1129213,17483202,G,T,-,-,-,-,-,-,SCV001666217,-,-
1121222,single nucleotide variant,NM_000352.6(ABCC8):c.750C>A (p.Ile250=),6833,ABCC8,HGNC:59,Likely benign,0,"Jan 04, 2024",566527939,-,RCV001462303,MedGen:C3661900,not provided,germline,germline,GRCh38,NC_000011.10,11,17461655,17461655,na,na,11p15.1,"criteria provided, single submitter",1,-,N,ClinGen:CA5903786,2,1129213,17461655,G,T,-,-,-,-,-,-,SCV001666217,-,-
1121223,single nucleotide variant,NM_000352.6(ABCC8):c.412+7G>A,6833,ABCC8,HGNC:59,Likely benign,0,"Apr 01, 2023",902557011,-,RCV001455691,MedGen:C3661900,not provided,germline,germline,GRCh37,NC_000011.9,11,17491641,17491641,na,na,11p15.1,"criteria provided, single submitter",1,-,N,ClinGen:CA218455851,2,1124339,17491641,C,T,-,-,-,-,-,-,SCV001659456,-,-
1121223,single nucleotide variant,NM_000352.6(ABCC8):c.412+7G>A,6833,ABCC8,HGNC:59,Likely benign,0,"Apr 01, 2023",902557011,-,RCV001455691,MedGen:C3661900,not provided,germline,germline,GRCh38,NC_000011.10,11,17470094,17470094,na,na,11p15.1,"criteria provided, single submitter",1,-,N,ClinGen:CA218455851,2,1124339,17470094,C,T,-,-,-,-,-,-,SCV001659456,-,-
1121224,single nucleotide variant,NM_000352.6(ABCC8):c.339G>A (p.Ala113=),6833,ABCC8,HGNC:59,Likely benign,0,"Jul 24, 2023",1161988958,-,RCV001450338,MedGen:C3661900,not provided,germline,germline,GRCh37,NC_000011.9,11,17491721,17491721,na,na,11p15.1,"criteria provided, single submitter",1,-,N,ClinGen:CA473301612,2,1120388,17491721,C,T,-,-,-,-,-,-,SCV001653943,-,-
1121224,single nucleotide variant,NM_000352.6(ABCC8):c.339G>A (p.Ala113=),6833,ABCC8,HGNC:59,Likely benign,0,"Jul 24, 2023",1161988958,-,RCV001450338,MedGen:C3661900,not provided,germline,germline,GRCh38,NC_000011.10,11,17470174,17470174,na,na,11p15.1,"criteria provided, single submitter",1,-,N,ClinGen:CA473301612,2,1120388,17470174,C,T,-,-,-,-,-,-,SCV001653943,-,-
1121225,single nucleotide variant,NM_000352.6(ABCC8):c.280C>T (p.Leu94=),6833,ABCC8,HGNC:59,Likely benign,0,"Mar 18, 2019",2133728329,-,RCV001465914,MedGen:C3661900,not provided,germline,germline,GRCh37,NC_000011.9,11,17496443,17496443,na,na,11p15.1,"criteria provided, single submitter",1,-,N,ClinGen:CA473301920,2,1131868,17496443,G,A,-,-,-,-,-,-,SCV001669912,-,-
1121225,single nucleotide variant,NM_000352.6(ABCC8):c.280C>T (p.Leu94=),6833,ABCC8,HGNC:59,Likely benign,0,"Mar 18, 2019",2133728329,-,RCV001465914,MedGen:C3661900,not provided,germline,germline,GRCh38,NC_000011.10,11,17474896,17474896,na,na,11p15.1,"criteria provided, single submitter",1,-,N,ClinGen:CA473301920,2,1131868,17474896,G,A,-,-,-,-,-,-,SCV001669912,-,-
1121226,single nucleotide variant,NM_000352.6(ABCC8):c.243G>A (p.Leu81=),6833,ABCC8,HGNC:59,Likely benign,0,"Dec 26, 2023",1192584588,-,RCV001453630,MedGen:C3661900,not provided,germline,germline,GRCh37,NC_000011.9,11,17496480,17496480,na,na,11p15.1,"criteria provided, single submitter",1,-,N,ClinGen:CA473301945,2,1122833,17496480,C,T,-,-,-,-,-,-,SCV001657326,-,-
1121226,single nucleotide variant,NM_000352.6(ABCC8):c.243G>A (p.Leu81=),6833,ABCC8,HGNC:59,Likely benign,0,"Dec 26, 2023",1192584588,-,RCV001453630,MedGen:C3661900,not provided,germline,germline,GRCh38,NC_000011.10,11,17474933,17474933,na,na,11p15.1,"criteria provided, single submitter",1,-,N,ClinGen:CA473301945,2,1122833,17474933,C,T,-,-,-,-,-,-,SCV001657326,-,-
1121227,single nucleotide variant,NM_000352.6(ABCC8):c.222G>T (p.Arg74=),6833,ABCC8,HGNC:59,Likely benign,0,"Sep 07, 2022",745544561,-,RCV001475813,MedGen:C3661900,not provided,germline,germline,GRCh37,NC_000011.9,11,17496501,17496501,na,na,11p15.1,"criteria provided, single submitter",1,-,N,ClinGen:CA5903945,2,1139214,17496501,C,A,-,-,-,-,-,-,SCV001680010,-,-
1121227,single nucleotide variant,NM_000352.6(ABCC8):c.222G>T (p.Arg74=),6833,ABCC8,HGNC:59,Likely benign,0,"Sep 07, 2022",745544561,-,RCV001475813,MedGen:C3661900,not provided,germline,germline,GRCh38,NC_000011.10,11,17474954,17474954,na,na,11p15.1,"criteria provided, single submitter",1,-,N,ClinGen:CA5903945,2,1139214,17474954,C,A,-,-,-,-,-,-,SCV001680010,-,-
1121228,Indel,NM_000352.6(ABCC8):c.148+9_148+10delinsTA,6833,ABCC8,HGNC:59,Likely benign,0,"Aug 24, 2020",2133737010,-,RCV001472697,MedGen:C3661900,not provided,germline,germline,GRCh37,NC_000011.9,11,17498166,17498167,na,na,11p15.1,"criteria provided, single submitter",1,-,N,ClinGen:CA2499220837,2,1136904,17498166,GC,TA,-,-,-,-,-,-,SCV001676833,-,-
1121228,Indel,NM_000352.6(ABCC8):c.148+9_148+10delinsTA,6833,ABCC8,HGNC:59,Likely benign,0,"Aug 24, 2020",2133737010,-,RCV001472697,MedGen:C3661900,not provided,germline,germline,GRCh38,NC_000011.10,11,17476619,17476620,na,na,11p15.1,"criteria provided, single submitter",1,-,N,ClinGen:CA2499220837,2,1136904,17476619,GC,TA,-,-,-,-,-,-,SCV001676833,-,-
1121229,single nucleotide variant,NM_000352.6(ABCC8):c.72C>T (p.Asn24=),6833,ABCC8,HGNC:59,Likely benign,0,"Dec 04, 2024",771075821,-,RCV001457523,MedGen:C3661900,not provided,germline,germline,GRCh37,NC_000011.9,11,17498252,17498252,na,na,11p15.1,"criteria provided, single submitter",1,-,N,ClinGen:CA5903989,2,1125717,17498252,G,A,-,-,-,-,-,-,SCV001661326,-,-
1121229,single nucleotide variant,NM_000352.6(ABCC8):c.72C>T (p.Asn24=),6833,ABCC8,HGNC:59,Likely benign,0,"Dec 04, 2024",771075821,-,RCV001457523,MedGen:C3661900,not provided,germline,germline,GRCh38,NC_000011.10,11,17476705,17476705,na,na,11p15.1,"criteria provided, single submitter",1,-,N,ClinGen:CA5903989,2,1125717,17476705,G,A,-,-,-,-,-,-,SCV001661326,-,-
1121230,single nucleotide variant,NM_000352.6(ABCC8):c.60G>A (p.Gly20=),6833,ABCC8,HGNC:59,Likely benign,0,"Apr 14, 2022",775688352,-,RCV001453474,MedGen:C3661900,not provided,germline,germline,GRCh37,NC_000011.9,11,17498264,17498264,na,na,11p15.1,"criteria provided, single submitter",1,-,N,ClinGen:CA473302276,2,1122685,17498264,C,T,-,-,-,-,-,-,SCV001657169,-,-
1121230,single nucleotide variant,NM_000352.6(ABCC8):c.60G>A (p.Gly20=),6833,ABCC8,HGNC:59,Likely benign,0,"Apr 14, 2022",775688352,-,RCV001453474,MedGen:C3661900,not provided,germline,germline,GRCh38,NC_000011.10,11,17476717,17476717,na,na,11p15.1,"criteria provided, single submitter",1,-,N,ClinGen:CA473302276,2,1122685,17476717,C,T,-,-,-,-,-,-,SCV001657169,-,-
1142014,single nucleotide variant,NM_000525.4(KCNJ11):c.885C>A (p.Gly295=),3767,KCNJ11,HGNC:6257,Likely benign,0,"Feb 06, 2024",2133379277,-,RCV001498619,MedGen:C3661900,not provided,germline,germline,GRCh37,NC_000011.9,11,17408754,17408754,na,na,11p15.1,"criteria provided, single submitter",1,-,N,ClinGen:CA473515368,2,1156077,17408754,G,T,-,-,-,-,-,-,SCV001703371,-,-
1142014,single nucleotide variant,NM_000525.4(KCNJ11):c.885C>A (p.Gly295=),3767,KCNJ11,HGNC:6257,Likely benign,0,"Feb 06, 2024",2133379277,-,RCV001498619,MedGen:C3661900,not provided,germline,germline,GRCh38,NC_000011.10,11,17387207,17387207,na,na,11p15.1,"criteria provided, single submitter",1,-,N,ClinGen:CA473515368,2,1156077,17387207,G,T,-,-,-,-,-,-,SCV001703371,-,-
1142015,single nucleotide variant,NM_000525.4(KCNJ11):c.867C>T (p.Gly289=),3767,KCNJ11,HGNC:6257,Likely benign,0,"Mar 13, 2024",573946686,-,RCV001494385,MedGen:C3661900,not provided,germline,germline,GRCh37,NC_000011.9,11,17408772,17408772,na,na,11p15.1,"criteria provided, single submitter",1,-,N,ClinGen:CA5902231,2,1152882,17408772,G,A,-,-,-,-,-,-,SCV001699040,-,-
1142015,single nucleotide variant,NM_000525.4(KCNJ11):c.867C>T (p.Gly289=),3767,KCNJ11,HGNC:6257,Likely benign,0,"Mar 13, 2024",573946686,-,RCV001494385,MedGen:C3661900,not provided,germline,germline,GRCh38,NC_000011.10,11,17387225,17387225,na,na,11p15.1,"criteria provided, single submitter",1,-,N,ClinGen:CA5902231,2,1152882,17387225,G,A,-,-,-,-,-,-,SCV001699040,-,-
1142016,single nucleotide variant,NM_000525.4(KCNJ11):c.828C>T (p.His276=),3767,KCNJ11,HGNC:6257,Likely benign,0,"Nov 24, 2023",764950479,-,RCV001486314,MedGen:C3661900,not provided,germline,germline,GRCh37,NC_000011.9,11,17408811,17408811,na,na,11p15.1,"criteria provided, single submitter",1,-,N,ClinGen:CA5902236,2,1146917,17408811,G,A,-,-,-,-,-,-,SCV001690770,-,-
1142016,single nucleotide variant,NM_000525.4(KCNJ11):c.828C>T (p.His276=),3767,KCNJ11,HGNC:6257,Likely benign,0,"Nov 24, 2023",764950479,-,RCV001486314,MedGen:C3661900,not provided,germline,germline,GRCh38,NC_000011.10,11,17387264,17387264,na,na,11p15.1,"criteria provided, single submitter",1,-,N,ClinGen:CA5902236,2,1146917,17387264,G,A,-,-,-,-,-,-,SCV001690770,-,-
1142017,single nucleotide variant,NM_000525.4(KCNJ11):c.714C>T (p.Ile238=),3767,KCNJ11,HGNC:6257,Likely benign,0,"Mar 28, 2020",1953579486,-,RCV001506108,MedGen:C3661900,not provided,germline,germline,GRCh37,NC_000011.9,11,17408925,17408925,na,na,11p15.1,"criteria provided, single submitter",1,-,N,ClinGen:CA473515594,2,1161555,17408925,G,A,-,-,-,-,-,-,SCV001711023,-,-
1142017,single nucleotide variant,NM_000525.4(KCNJ11):c.714C>T (p.Ile238=),3767,KCNJ11,HGNC:6257,Likely benign,0,"Mar 28, 2020",1953579486,-,RCV001506108,MedGen:C3661900,not provided,germline,germline,GRCh38,NC_000011.10,11,17387378,17387378,na,na,11p15.1,"criteria provided, single submitter",1,-,N,ClinGen:CA473515594,2,1161555,17387378,G,A,-,-,-,-,-,-,SCV001711023,-,-
1142018,single nucleotide variant,NM_000525.4(KCNJ11):c.690G>A (p.Val230=),3767,KCNJ11,HGNC:6257,Likely benign,0,"Jan 05, 2026",779320079,-,RCV001498621,MedGen:C3661900,not provided,germline,germline,GRCh37,NC_000011.9,11,17408949,17408949,na,na,11p15.1,"criteria provided, single submitter",1,-,N,ClinGen:CA5902262,2,1156079,17408949,C,T,-,-,-,-,-,-,SCV001703373,-,-
1142018,single nucleotide variant,NM_000525.4(KCNJ11):c.690G>A (p.Val230=),3767,KCNJ11,HGNC:6257,Likely benign,0,"Jan 05, 2026",779320079,-,RCV001498621,MedGen:C3661900,not provided,germline,germline,GRCh38,NC_000011.10,11,17387402,17387402,na,na,11p15.1,"criteria provided, single submitter",1,-,N,ClinGen:CA5902262,2,1156079,17387402,C,T,-,-,-,-,-,-,SCV001703373,-,-
1142019,single nucleotide variant,NM_000525.4(KCNJ11):c.663C>A (p.Arg221=),3767,KCNJ11,HGNC:6257,Likely benign,0,"Mar 23, 2020",2133379806,-,RCV001494623,MedGen:C3661900,not provided,germline,germline,GRCh37,NC_000011.9,11,17408976,17408976,na,na,11p15.1,"criteria provided, single submitter",1,-,N,ClinGen:CA473515660,2,1153078,17408976,G,T,-,-,-,-,-,-,SCV001699283,-,-
1142019,single nucleotide variant,NM_000525.4(KCNJ11):c.663C>A (p.Arg221=),3767,KCNJ11,HGNC:6257,Likely benign,0,"Mar 23, 2020",2133379806,-,RCV001494623,MedGen:C3661900,not provided,germline,germline,GRCh38,NC_000011.10,11,17387429,17387429,na,na,11p15.1,"criteria provided, single submitter",1,-,N,ClinGen:CA473515660,2,1153078,17387429,G,T,-,-,-,-,-,-,SCV001699283,-,-
1142020,single nucleotide variant,NM_000525.4(KCNJ11):c.405G>T (p.Gly135=),3767,KCNJ11,HGNC:6257,Likely benign,0,"Sep 17, 2023",752018515,-,RCV001486756,MedGen:C3661900,not provided,germline,germline,GRCh37,NC_000011.9,11,17409234,17409234,na,na,11p15.1,"criteria provided, single submitter",1,-,N,ClinGen:CA5902294,2,1147260,17409234,C,A,-,-,-,-,-,-,SCV001691231,-,-
1142020,single nucleotide variant,NM_000525.4(KCNJ11):c.405G>T (p.Gly135=),3767,KCNJ11,HGNC:6257,Likely benign,0,"Sep 17, 2023",752018515,-,RCV001486756,MedGen:C3661900,not provided,germline,germline,GRCh38,NC_000011.10,11,17387687,17387687,na,na,11p15.1,"criteria provided, single submitter",1,-,N,ClinGen:CA5902294,2,1147260,17387687,C,A,-,-,-,-,-,-,SCV001691231,-,-
1142021,single nucleotide variant,NM_000525.4(KCNJ11):c.279C>T (p.Ile93=),3767,KCNJ11,HGNC:6257,Likely benign,0,"Aug 23, 2023",142577961,-,RCV001488158,MedGen:C3661900,not provided,germline,germline,GRCh37,NC_000011.9,11,17409360,17409360,na,na,11p15.1,"criteria provided, single submitter",1,-,N,ClinGen:CA5902315,2,1148309,17409360,G,A,-,-,-,-,-,-,SCV001692665,-,-
1142021,single nucleotide variant,NM_000525.4(KCNJ11):c.279C>T (p.Ile93=),3767,KCNJ11,HGNC:6257,Likely benign,0,"Aug 23, 2023",142577961,-,RCV001488158,MedGen:C3661900,not provided,germline,germline,GRCh38,NC_000011.10,11,17387813,17387813,na,na,11p15.1,"criteria provided, single submitter",1,-,N,ClinGen:CA5902315,2,1148309,17387813,G,A,-,-,-,-,-,-,SCV001692665,-,-
1142022,single nucleotide variant,NM_000525.4(KCNJ11):c.174C>T (p.Asp58=),3767,KCNJ11,HGNC:6257,Conflicting classifications of pathogenicity,0,"May 15, 2023",1237212288,-,RCV001483057|RCV002227275,"MedGen:C3661900|Human Phenotype Ontology:HP:0004904,MONDO:MONDO:0018911,MedGen:C0342276,OMIM:PS125850,Orphanet:552",not provided|Maturity-onset diabetes of the young,germline;somatic,germline/somatic,GRCh37,NC_000011.9,11,17409465,17409465,na,na,11p15.1,"criteria provided, conflicting classifications",2,-,N,ClinGen:CA473515934,2,1144521,17409465,G,A,-,-,-,-,-,-,SCV001687439|SCV002506504,-,-
1142022,single nucleotide variant,NM_000525.4(KCNJ11):c.174C>T (p.Asp58=),3767,KCNJ11,HGNC:6257,Conflicting classifications of pathogenicity,0,"May 15, 2023",1237212288,-,RCV001483057|RCV002227275,"MedGen:C3661900|Human Phenotype Ontology:HP:0004904,MONDO:MONDO:0018911,MedGen:C0342276,OMIM:PS125850,Orphanet:552",not provided|Maturity-onset diabetes of the young,germline;somatic,germline/somatic,GRCh38,NC_000011.10,11,17387918,17387918,na,na,11p15.1,"criteria provided, conflicting classifications",2,-,N,ClinGen:CA473515934,2,1144521,17387918,G,A,-,-,-,-,-,-,SCV001687439|SCV002506504,-,-
1142023,single nucleotide variant,NM_000525.4(KCNJ11):c.129C>T (p.Asn43=),3767,KCNJ11,HGNC:6257,Likely benign,0,"Feb 22, 2023",1344671029,-,RCV001499480,MedGen:C3661900,not provided,germline,germline,GRCh37,NC_000011.9,11,17409510,17409510,na,na,11p15.1,"criteria provided, single submitter",1,-,N,ClinGen:CA473516014,2,1156696,17409510,G,A,-,-,-,-,-,-,SCV001704244,-,-
1142023,single nucleotide variant,NM_000525.4(KCNJ11):c.129C>T (p.Asn43=),3767,KCNJ11,HGNC:6257,Likely benign,0,"Feb 22, 2023",1344671029,-,RCV001499480,MedGen:C3661900,not provided,germline,germline,GRCh38,NC_000011.10,11,17387963,17387963,na,na,11p15.1,"criteria provided, single submitter",1,-,N,ClinGen:CA473516014,2,1156696,17387963,G,A,-,-,-,-,-,-,SCV001704244,-,-
1142024,single nucleotide variant,NM_000352.6(ABCC8):c.4719C>T (p.Phe1573=),6833,ABCC8,HGNC:59,Likely benign,0,"Mar 16, 2024",772045105,-,RCV001501106,MedGen:C3661900,not provided,germline,germline,GRCh37,NC_000011.9,11,17414565,17414565,na,na,11p15.1,"criteria provided, single submitter",1,-,N,ClinGen:CA5902377,2,1157880,17414565,G,A,-,-,-,-,-,-,SCV001705911,-,-
1142024,single nucleotide variant,NM_000352.6(ABCC8):c.4719C>T (p.Phe1573=),6833,ABCC8,HGNC:59,Likely benign,0,"Mar 16, 2024",772045105,-,RCV001501106,MedGen:C3661900,not provided,germline,germline,GRCh38,NC_000011.10,11,17393018,17393018,na,na,11p15.1,"criteria provided, single submitter",1,-,N,ClinGen:CA5902377,2,1157880,17393018,G,A,-,-,-,-,-,-,SCV001705911,-,-
1142025,single nucleotide variant,NM_000352.6(ABCC8):c.4659G>C (p.Arg1553=),6833,ABCC8,HGNC:59,Likely benign,0,"Oct 13, 2020",2133390140,-,RCV001489015,MedGen:C3661900,not provided,germline,germline,GRCh37,NC_000011.9,11,17414625,17414625,na,na,11p15.1,"criteria provided, single submitter",1,-,N,ClinGen:CA473297967,2,1148939,17414625,C,G,-,-,-,-,-,-,SCV001693549,-,-
1142025,single nucleotide variant,NM_000352.6(ABCC8):c.4659G>C (p.Arg1553=),6833,ABCC8,HGNC:59,Likely benign,0,"Oct 13, 2020",2133390140,-,RCV001489015,MedGen:C3661900,not provided,germline,germline,GRCh38,NC_000011.10,11,17393078,17393078,na,na,11p15.1,"criteria provided, single submitter",1,-,N,ClinGen:CA473297967,2,1148939,17393078,C,G,-,-,-,-,-,-,SCV001693549,-,-
1142026,single nucleotide variant,NM_000352.6(ABCC8):c.4425A>G (p.Thr1475=),6833,ABCC8,HGNC:59,Likely benign,0,"Apr 20, 2025",368134766,-,RCV001483468|RCV002495719|RCV004952934,"MedGen:C3661900|MONDO:MONDO:0012480,MedGen:C1835887,OMIM:610374,Orphanet:99886;MONDO:MONDO:0009734,MedGen:C2931832,OMIM:256450,Orphanet:276575,Orphanet:276598;MONDO:MONDO:0009415,MedGen:C0271714,OMIM:240800;MONDO:MONDO:0030088,MedGen:C5394303,OMIM:618857;Human Phenotype Ontology:HP:0005965,Human Phenotype Ontology:HP:0005978,Human Phenotype Ontology:HP:0100652,MONDO:MONDO:0005148,MeSH:D003924,MedGen:C0011860,OMIM:125853|MeSH:D030342,MedGen:C0950123","not provided|Diabetes mellitus, transient neonatal, 2;Hyperinsulinemic hypoglycemia, familial, 1;Leucine-induced hypoglycemia;Diabetes mellitus, permanent neonatal 3;Type 2 diabetes mellitus|Inborn genetic diseases",germline;unknown,germline,GRCh37,NC_000011.9,11,17415933,17415933,na,na,11p15.1,"criteria provided, multiple submitters, no conflicts",3,-,N,ClinGen:CA5902470,2,1144820,17415933,T,C,-,-,-,-,-,-,SCV001687860|SCV002798119|SCV005458758,-,-
1142026,single nucleotide variant,NM_000352.6(ABCC8):c.4425A>G (p.Thr1475=),6833,ABCC8,HGNC:59,Likely benign,0,"Apr 20, 2025",368134766,-,RCV001483468|RCV002495719|RCV004952934,"MedGen:C3661900|MONDO:MONDO:0012480,MedGen:C1835887,OMIM:610374,Orphanet:99886;MONDO:MONDO:0009734,MedGen:C2931832,OMIM:256450,Orphanet:276575,Orphanet:276598;MONDO:MONDO:0009415,MedGen:C0271714,OMIM:240800;MONDO:MONDO:0030088,MedGen:C5394303,OMIM:618857;Human Phenotype Ontology:HP:0005965,Human Phenotype Ontology:HP:0005978,Human Phenotype Ontology:HP:0100652,MONDO:MONDO:0005148,MeSH:D003924,MedGen:C0011860,OMIM:125853|MeSH:D030342,MedGen:C0950123","not provided|Diabetes mellitus, transient neonatal, 2;Hyperinsulinemic hypoglycemia, familial, 1;Leucine-induced hypoglycemia;Diabetes mellitus, permanent neonatal 3;Type 2 diabetes mellitus|Inborn genetic diseases",germline;unknown,germline,GRCh38,NC_000011.10,11,17394386,17394386,na,na,11p15.1,"criteria provided, multiple submitters, no conflicts",3,-,N,ClinGen:CA5902470,2,1144820,17394386,T,C,-,-,-,-,-,-,SCV001687860|SCV002798119|SCV005458758,-,-
1142027,single nucleotide variant,NM_000352.6(ABCC8):c.4413T>C (p.Asp1471=),6833,ABCC8,HGNC:59,Likely benign,0,"Aug 09, 2019",2133395419,-,RCV001483963,MedGen:C3661900,not provided,germline,germline,GRCh37,NC_000011.9,11,17415945,17415945,na,na,11p15.1,"criteria provided, single submitter",1,-,N,ClinGen:CA473298126,2,1145191,17415945,A,G,-,-,-,-,-,-,SCV001688370,-,-
1142027,single nucleotide variant,NM_000352.6(ABCC8):c.4413T>C (p.Asp1471=),6833,ABCC8,HGNC:59,Likely benign,0,"Aug 09, 2019",2133395419,-,RCV001483963,MedGen:C3661900,not provided,germline,germline,GRCh38,NC_000011.10,11,17394398,17394398,na,na,11p15.1,"criteria provided, single submitter",1,-,N,ClinGen:CA473298126,2,1145191,17394398,A,G,-,-,-,-,-,-,SCV001688370,-,-
1142028,single nucleotide variant,NM_000352.6(ABCC8):c.4411+9T>C,6833,ABCC8,HGNC:59,Likely benign,0,"Mar 02, 2024",754903921,-,RCV001500357,MedGen:C3661900,not provided,germline,germline,GRCh37,NC_000011.9,11,17416710,17416710,na,na,11p15.1,"criteria provided, single submitter",1,-,N,ClinGen:CA5902483,2,1157338,17416710,A,G,-,-,-,-,-,-,SCV001705142,-,-
1142028,single nucleotide variant,NM_000352.6(ABCC8):c.4411+9T>C,6833,ABCC8,HGNC:59,Likely benign,0,"Mar 02, 2024",754903921,-,RCV001500357,MedGen:C3661900,not provided,germline,germline,GRCh38,NC_000011.10,11,17395163,17395163,na,na,11p15.1,"criteria provided, single submitter",1,-,N,ClinGen:CA5902483,2,1157338,17395163,A,G,-,-,-,-,-,-,SCV001705142,-,-
1142029,single nucleotide variant,NM_000352.6(ABCC8):c.4396C>T (p.Leu1466=),6833,ABCC8,HGNC:59,Likely benign,0,"Jan 02, 2021",774418147,-,RCV001480689,MedGen:C3661900,not provided,germline,germline,GRCh37,NC_000011.9,11,17416734,17416734,na,na,11p15.1,"criteria provided, single submitter",1,-,N,ClinGen:CA218407538,2,1142774,17416734,G,A,-,-,-,-,-,-,SCV001685012,-,-
1142029,single nucleotide variant,NM_000352.6(ABCC8):c.4396C>T (p.Leu1466=),6833,ABCC8,HGNC:59,Likely benign,0,"Jan 02, 2021",774418147,-,RCV001480689,MedGen:C3661900,not provided,germline,germline,GRCh38,NC_000011.10,11,17395187,17395187,na,na,11p15.1,"criteria provided, single submitter",1,-,N,ClinGen:CA218407538,2,1142774,17395187,G,A,-,-,-,-,-,-,SCV001685012,-,-
1142030,single nucleotide variant,NM_000352.6(ABCC8):c.4344C>T (p.Ser1448=),6833,ABCC8,HGNC:59,Likely benign,0,"Oct 19, 2025",1156980364,-,RCV001478886,MedGen:C3661900,not provided,germline,germline,GRCh37,NC_000011.9,11,17416786,17416786,na,na,11p15.1,"criteria provided, single submitter",1,-,N,ClinGen:CA473298175,2,1141444,17416786,G,A,-,-,-,-,-,-,SCV001683163,-,-
1142030,single nucleotide variant,NM_000352.6(ABCC8):c.4344C>T (p.Ser1448=),6833,ABCC8,HGNC:59,Likely benign,0,"Oct 19, 2025",1156980364,-,RCV001478886,MedGen:C3661900,not provided,germline,germline,GRCh38,NC_000011.10,11,17395239,17395239,na,na,11p15.1,"criteria provided, single submitter",1,-,N,ClinGen:CA473298175,2,1141444,17395239,G,A,-,-,-,-,-,-,SCV001683163,-,-
1142031,single nucleotide variant,NM_000352.6(ABCC8):c.4236G>A (p.Leu1412=),6833,ABCC8,HGNC:59,Likely benign,0,"Mar 08, 2023",965734923,-,RCV001482196|RCV002495718,"MedGen:C3661900|MONDO:MONDO:0012480,MedGen:C1835887,OMIM:610374,Orphanet:99886;MONDO:MONDO:0009734,MedGen:C2931832,OMIM:256450,Orphanet:276575,Orphanet:276598;MONDO:MONDO:0009415,MedGen:C0271714,OMIM:240800;MONDO:MONDO:0030088,MedGen:C5394303,OMIM:618857;Human Phenotype Ontology:HP:0005965,Human Phenotype Ontology:HP:0005978,Human Phenotype Ontology:HP:0100652,MONDO:MONDO:0005148,MeSH:D003924,MedGen:C0011860,OMIM:125853","not provided|Diabetes mellitus, transient neonatal, 2;Hyperinsulinemic hypoglycemia, familial, 1;Leucine-induced hypoglycemia;Diabetes mellitus, permanent neonatal 3;Type 2 diabetes mellitus",germline;unknown,germline,GRCh37,NC_000011.9,11,17417228,17417228,na,na,11p15.1,"criteria provided, multiple submitters, no conflicts",2,-,N,ClinGen:CA218407984,2,1143901,17417228,C,T,-,-,-,-,-,-,SCV001686557|SCV002794705,-,-
1142031,single nucleotide variant,NM_000352.6(ABCC8):c.4236G>A (p.Leu1412=),6833,ABCC8,HGNC:59,Likely benign,0,"Mar 08, 2023",965734923,-,RCV001482196|RCV002495718,"MedGen:C3661900|MONDO:MONDO:0012480,MedGen:C1835887,OMIM:610374,Orphanet:99886;MONDO:MONDO:0009734,MedGen:C2931832,OMIM:256450,Orphanet:276575,Orphanet:276598;MONDO:MONDO:0009415,MedGen:C0271714,OMIM:240800;MONDO:MONDO:0030088,MedGen:C5394303,OMIM:618857;Human Phenotype Ontology:HP:0005965,Human Phenotype Ontology:HP:0005978,Human Phenotype Ontology:HP:0100652,MONDO:MONDO:0005148,MeSH:D003924,MedGen:C0011860,OMIM:125853","not provided|Diabetes mellitus, transient neonatal, 2;Hyperinsulinemic hypoglycemia, familial, 1;Leucine-induced hypoglycemia;Diabetes mellitus, permanent neonatal 3;Type 2 diabetes mellitus",germline;unknown,germline,GRCh38,NC_000011.10,11,17395681,17395681,na,na,11p15.1,"criteria provided, multiple submitters, no conflicts",2,-,N,ClinGen:CA218407984,2,1143901,17395681,C,T,-,-,-,-,-,-,SCV001686557|SCV002794705,-,-
1142032,single nucleotide variant,NM_000352.6(ABCC8):c.4191G>A (p.Thr1397=),6833,ABCC8,HGNC:59,Likely benign,0,"Jan 14, 2026",758767782,-,RCV001497014,MedGen:C3661900,not provided,germline,germline,GRCh37,NC_000011.9,11,17417406,17417406,na,na,11p15.1,"criteria provided, single submitter",1,-,N,ClinGen:CA5902544,2,1154885,17417406,C,T,-,-,-,-,-,-,SCV001701728,-,-
1142032,single nucleotide variant,NM_000352.6(ABCC8):c.4191G>A (p.Thr1397=),6833,ABCC8,HGNC:59,Likely benign,0,"Jan 14, 2026",758767782,-,RCV001497014,MedGen:C3661900,not provided,germline,germline,GRCh38,NC_000011.10,11,17395859,17395859,na,na,11p15.1,"criteria provided, single submitter",1,-,N,ClinGen:CA5902544,2,1154885,17395859,C,T,-,-,-,-,-,-,SCV001701728,-,-
1142033,single nucleotide variant,NM_000352.6(ABCC8):c.4131C>T (p.Cys1377=),6833,ABCC8,HGNC:59,Likely benign,0,"Nov 06, 2023",541612031,-,RCV001484851,MedGen:C3661900,not provided,germline,germline,GRCh37,NC_000011.9,11,17417466,17417466,na,na,11p15.1,"criteria provided, single submitter",1,-,N,ClinGen:CA5902554,2,1145806,17417466,G,A,-,-,-,-,-,-,SCV001689274,-,-
1142033,single nucleotide variant,NM_000352.6(ABCC8):c.4131C>T (p.Cys1377=),6833,ABCC8,HGNC:59,Likely benign,0,"Nov 06, 2023",541612031,-,RCV001484851,MedGen:C3661900,not provided,germline,germline,GRCh38,NC_000011.10,11,17395919,17395919,na,na,11p15.1,"criteria provided, single submitter",1,-,N,ClinGen:CA5902554,2,1145806,17395919,G,A,-,-,-,-,-,-,SCV001689274,-,-
1142034,single nucleotide variant,NM_000352.6(ABCC8):c.3963G>A (p.Glu1321=),6833,ABCC8,HGNC:59,Likely benign,0,"Aug 11, 2019",2133408497,-,RCV001503921,MedGen:C3661900,not provided,germline,germline,GRCh37,NC_000011.9,11,17418765,17418765,na,na,11p15.1,"criteria provided, single submitter",1,-,N,ClinGen:CA473298624,2,1159984,17418765,C,T,-,-,-,-,-,-,SCV001708782,-,-
1142034,single nucleotide variant,NM_000352.6(ABCC8):c.3963G>A (p.Glu1321=),6833,ABCC8,HGNC:59,Likely benign,0,"Aug 11, 2019",2133408497,-,RCV001503921,MedGen:C3661900,not provided,germline,germline,GRCh38,NC_000011.10,11,17397218,17397218,na,na,11p15.1,"criteria provided, single submitter",1,-,N,ClinGen:CA473298624,2,1159984,17397218,C,T,-,-,-,-,-,-,SCV001708782,-,-
1142035,single nucleotide variant,NM_000352.6(ABCC8):c.3948G>A (p.Gly1316=),6833,ABCC8,HGNC:59,Likely benign,0,"Aug 16, 2025",750535719,-,RCV001497650,MedGen:C3661900,not provided,germline,germline,GRCh37,NC_000011.9,11,17418780,17418780,na,na,11p15.1,"criteria provided, single submitter",1,-,N,ClinGen:CA5902637,2,1155343,17418780,C,T,-,-,-,-,-,-,SCV001702386,-,-
1142035,single nucleotide variant,NM_000352.6(ABCC8):c.3948G>A (p.Gly1316=),6833,ABCC8,HGNC:59,Likely benign,0,"Aug 16, 2025",750535719,-,RCV001497650,MedGen:C3661900,not provided,germline,germline,GRCh38,NC_000011.10,11,17397233,17397233,na,na,11p15.1,"criteria provided, single submitter",1,-,N,ClinGen:CA5902637,2,1155343,17397233,C,T,-,-,-,-,-,-,SCV001702386,-,-
1142036,single nucleotide variant,NM_000352.6(ABCC8):c.3868-6C>A,6833,ABCC8,HGNC:59,Likely benign,0,"May 08, 2025",751658705,-,RCV001494062|RCV005419155,MedGen:C3661900|MedGen:CN169374,not provided|not specified,germline,germline,GRCh37,NC_000011.9,11,17418866,17418866,na,na,11p15.1,"criteria provided, multiple submitters, no conflicts",2,-,N,ClinGen:CA5902657,2,1152653,17418866,G,T,-,-,-,-,-,-,SCV001698710|SCV006085319,-,-
1142036,single nucleotide variant,NM_000352.6(ABCC8):c.3868-6C>A,6833,ABCC8,HGNC:59,Likely benign,0,"May 08, 2025",751658705,-,RCV001494062|RCV005419155,MedGen:C3661900|MedGen:CN169374,not provided|not specified,germline,germline,GRCh38,NC_000011.10,11,17397319,17397319,na,na,11p15.1,"criteria provided, multiple submitters, no conflicts",2,-,N,ClinGen:CA5902657,2,1152653,17397319,G,T,-,-,-,-,-,-,SCV001698710|SCV006085319,-,-
1142037,single nucleotide variant,NM_000352.6(ABCC8):c.3822G>A (p.Glu1274=),6833,ABCC8,HGNC:59,Likely benign,0,"Sep 11, 2019",2133411157,-,RCV001495488,MedGen:C3661900,not provided,germline,germline,GRCh37,NC_000011.9,11,17419276,17419276,na,na,11p15.1,"criteria provided, single submitter",1,-,N,ClinGen:CA473298860,2,1153716,17419276,C,T,-,-,-,-,-,-,SCV001700170,-,-
1142037,single nucleotide variant,NM_000352.6(ABCC8):c.3822G>A (p.Glu1274=),6833,ABCC8,HGNC:59,Likely benign,0,"Sep 11, 2019",2133411157,-,RCV001495488,MedGen:C3661900,not provided,germline,germline,GRCh38,NC_000011.10,11,17397729,17397729,na,na,11p15.1,"criteria provided, single submitter",1,-,N,ClinGen:CA473298860,2,1153716,17397729,C,T,-,-,-,-,-,-,SCV001700170,-,-
1142038,single nucleotide variant,NM_000352.6(ABCC8):c.3660C>T (p.Ala1220=),6833,ABCC8,HGNC:59,Likely benign,0,"Jan 29, 2024",1954057293,-,RCV001485532,MedGen:C3661900,not provided,germline,germline,GRCh37,NC_000011.9,11,17419979,17419979,na,na,11p15.1,"criteria provided, single submitter",1,-,N,ClinGen:CA473299046,2,1146363,17419979,G,A,-,-,-,-,-,-,SCV001689968,-,-
1142038,single nucleotide variant,NM_000352.6(ABCC8):c.3660C>T (p.Ala1220=),6833,ABCC8,HGNC:59,Likely benign,0,"Jan 29, 2024",1954057293,-,RCV001485532,MedGen:C3661900,not provided,germline,germline,GRCh38,NC_000011.10,11,17398432,17398432,na,na,11p15.1,"criteria provided, single submitter",1,-,N,ClinGen:CA473299046,2,1146363,17398432,G,A,-,-,-,-,-,-,SCV001689968,-,-
1142039,Duplication,NM_000352.6(ABCC8):c.3650+6_3650+7dup,6833,ABCC8,HGNC:59,Likely benign,0,"Nov 24, 2023",1451699241,-,RCV001483496,MedGen:C3661900,not provided,germline,germline,GRCh37,NC_000011.9,11,17424200,17424201,na,na,11p15.1,"criteria provided, single submitter",1,-,N,ClinGen:CA597665143,2,1144844,17424200,A,ACT,-,-,-,-,-,-,SCV001687889,-,-
1142039,Duplication,NM_000352.6(ABCC8):c.3650+6_3650+7dup,6833,ABCC8,HGNC:59,Likely benign,0,"Nov 24, 2023",1451699241,-,RCV001483496,MedGen:C3661900,not provided,germline,germline,GRCh38,NC_000011.10,11,17402653,17402654,na,na,11p15.1,"criteria provided, single submitter",1,-,N,ClinGen:CA597665143,2,1144844,17402653,A,ACT,-,-,-,-,-,-,SCV001687889,-,-
1142040,single nucleotide variant,NM_000352.6(ABCC8):c.3594A>G (p.Pro1198=),6833,ABCC8,HGNC:59,Likely benign,0,"Jan 29, 2024",1242456806,-,RCV001483506,MedGen:C3661900,not provided,germline,germline,GRCh37,NC_000011.9,11,17424264,17424264,na,na,11p15.1,"criteria provided, single submitter",1,-,N,ClinGen:CA473299479,2,1144854,17424264,T,C,-,-,-,-,-,-,SCV001687900,-,-
1142040,single nucleotide variant,NM_000352.6(ABCC8):c.3594A>G (p.Pro1198=),6833,ABCC8,HGNC:59,Likely benign,0,"Jan 29, 2024",1242456806,-,RCV001483506,MedGen:C3661900,not provided,germline,germline,GRCh38,NC_000011.10,11,17402717,17402717,na,na,11p15.1,"criteria provided, single submitter",1,-,N,ClinGen:CA473299479,2,1144854,17402717,T,C,-,-,-,-,-,-,SCV001687900,-,-
1142041,single nucleotide variant,NM_000352.6(ABCC8):c.3557+7G>A,6833,ABCC8,HGNC:59,Likely benign,0,"Mar 29, 2020",2133438141,-,RCV001492441,MedGen:C3661900,not provided,germline,germline,GRCh37,NC_000011.9,11,17426052,17426052,na,na,11p15.1,"criteria provided, single submitter",1,-,N,ClinGen:CA2499220823,2,1151490,17426052,C,T,-,-,-,-,-,-,SCV001697053,-,-
1142041,single nucleotide variant,NM_000352.6(ABCC8):c.3557+7G>A,6833,ABCC8,HGNC:59,Likely benign,0,"Mar 29, 2020",2133438141,-,RCV001492441,MedGen:C3661900,not provided,germline,germline,GRCh38,NC_000011.10,11,17404505,17404505,na,na,11p15.1,"criteria provided, single submitter",1,-,N,ClinGen:CA2499220823,2,1151490,17404505,C,T,-,-,-,-,-,-,SCV001697053,-,-
1142042,single nucleotide variant,NM_000352.6(ABCC8):c.3486G>T (p.Val1162=),6833,ABCC8,HGNC:59,Likely benign,0,"Mar 09, 2021",151203959,-,RCV001492145,MedGen:C3661900,not provided,germline,germline,GRCh37,NC_000011.9,11,17426130,17426130,na,na,11p15.1,"criteria provided, single submitter",1,-,N,ClinGen:CA5902797,2,1151291,17426130,C,A,-,-,-,-,-,-,SCV001696751,-,-
1142042,single nucleotide variant,NM_000352.6(ABCC8):c.3486G>T (p.Val1162=),6833,ABCC8,HGNC:59,Likely benign,0,"Mar 09, 2021",151203959,-,RCV001492145,MedGen:C3661900,not provided,germline,germline,GRCh38,NC_000011.10,11,17404583,17404583,na,na,11p15.1,"criteria provided, single submitter",1,-,N,ClinGen:CA5902797,2,1151291,17404583,C,A,-,-,-,-,-,-,SCV001696751,-,-
1142043,single nucleotide variant,NM_000352.6(ABCC8):c.3465C>G (p.Val1155=),6833,ABCC8,HGNC:59,Likely benign,0,"Nov 01, 2025",368044193,-,RCV001491937,MedGen:C3661900,not provided,germline,germline,GRCh37,NC_000011.9,11,17426151,17426151,na,na,11p15.1,"criteria provided, single submitter",1,-,N,ClinGen:CA5902799,2,1151108,17426151,G,C,-,-,-,-,-,-,SCV001696542,-,-
1142043,single nucleotide variant,NM_000352.6(ABCC8):c.3465C>G (p.Val1155=),6833,ABCC8,HGNC:59,Likely benign,0,"Nov 01, 2025",368044193,-,RCV001491937,MedGen:C3661900,not provided,germline,germline,GRCh38,NC_000011.10,11,17404604,17404604,na,na,11p15.1,"criteria provided, single submitter",1,-,N,ClinGen:CA5902799,2,1151108,17404604,G,C,-,-,-,-,-,-,SCV001696542,-,-
1142044,single nucleotide variant,NM_000352.6(ABCC8):c.3396C>T (p.Asp1132=),6833,ABCC8,HGNC:59,Likely benign,0,"Oct 05, 2020",2133441796,-,RCV001483546,MedGen:C3661900,not provided,germline,germline,GRCh37,NC_000011.9,11,17427044,17427044,na,na,11p15.1,"criteria provided, single submitter",1,-,N,ClinGen:CA473300020,2,1144887,17427044,G,A,-,-,-,-,-,-,SCV001687940,-,-
1142044,single nucleotide variant,NM_000352.6(ABCC8):c.3396C>T (p.Asp1132=),6833,ABCC8,HGNC:59,Likely benign,0,"Oct 05, 2020",2133441796,-,RCV001483546,MedGen:C3661900,not provided,germline,germline,GRCh38,NC_000011.10,11,17405497,17405497,na,na,11p15.1,"criteria provided, single submitter",1,-,N,ClinGen:CA473300020,2,1144887,17405497,G,A,-,-,-,-,-,-,SCV001687940,-,-
1142045,single nucleotide variant,NM_000352.6(ABCC8):c.3329+8T>C,6833,ABCC8,HGNC:59,Likely benign,0,"Mar 21, 2023",912178241,-,RCV001484754,MedGen:C3661900,not provided,germline,germline,GRCh37,NC_000011.9,11,17428161,17428161,na,na,11p15.1,"criteria provided, single submitter",1,-,N,ClinGen:CA218419516,2,1145746,17428161,A,G,-,-,-,-,-,-,SCV001689177,-,-
1142045,single nucleotide variant,NM_000352.6(ABCC8):c.3329+8T>C,6833,ABCC8,HGNC:59,Likely benign,0,"Mar 21, 2023",912178241,-,RCV001484754,MedGen:C3661900,not provided,germline,germline,GRCh38,NC_000011.10,11,17406614,17406614,na,na,11p15.1,"criteria provided, single submitter",1,-,N,ClinGen:CA218419516,2,1145746,17406614,A,G,-,-,-,-,-,-,SCV001689177,-,-
1142046,single nucleotide variant,NM_000352.6(ABCC8):c.3270G>A (p.Leu1090=),6833,ABCC8,HGNC:59,Likely benign,0,"Jan 24, 2024",1054629799,-,RCV001489025,MedGen:C3661900,not provided,germline,germline,GRCh37,NC_000011.9,11,17428228,17428228,na,na,11p15.1,"criteria provided, single submitter",1,-,N,ClinGen:CA218419603,2,1148948,17428228,C,T,-,-,-,-,-,-,SCV001693559,-,-
1142046,single nucleotide variant,NM_000352.6(ABCC8):c.3270G>A (p.Leu1090=),6833,ABCC8,HGNC:59,Likely benign,0,"Jan 24, 2024",1054629799,-,RCV001489025,MedGen:C3661900,not provided,germline,germline,GRCh38,NC_000011.10,11,17406681,17406681,na,na,11p15.1,"criteria provided, single submitter",1,-,N,ClinGen:CA218419603,2,1148948,17406681,C,T,-,-,-,-,-,-,SCV001693559,-,-
1142047,single nucleotide variant,NM_000352.6(ABCC8):c.3168C>T (p.Cys1056=),6833,ABCC8,HGNC:59,Likely benign,0,"Mar 25, 2024",1799860,-,RCV001484854|RCV005050383,"MedGen:C3661900|MONDO:MONDO:0012480,MedGen:C1835887,OMIM:610374,Orphanet:99886;MONDO:MONDO:0009734,MedGen:C2931832,OMIM:256450,Orphanet:276575,Orphanet:276598;MONDO:MONDO:0009415,MedGen:C0271714,OMIM:240800;MONDO:MONDO:0030088,MedGen:C5394303,OMIM:618857;Human Phenotype Ontology:HP:0005965,Human Phenotype Ontology:HP:0005978,Human Phenotype Ontology:HP:0100652,MONDO:MONDO:0005148,MeSH:D003924,MedGen:C0011860,OMIM:125853","not provided|Diabetes mellitus, transient neonatal, 2;Hyperinsulinemic hypoglycemia, familial, 1;Leucine-induced hypoglycemia;Diabetes mellitus, permanent neonatal 3;Type 2 diabetes mellitus",germline,germline,GRCh37,NC_000011.9,11,17428330,17428330,na,na,11p15.1,"criteria provided, multiple submitters, no conflicts",2,-,N,ClinGen:CA218422644,2,1145809,17428330,G,A,-,-,-,-,-,-,SCV001689277|SCV005676297,-,-
1142047,single nucleotide variant,NM_000352.6(ABCC8):c.3168C>T (p.Cys1056=),6833,ABCC8,HGNC:59,Likely benign,0,"Mar 25, 2024",1799860,-,RCV001484854|RCV005050383,"MedGen:C3661900|MONDO:MONDO:0012480,MedGen:C1835887,OMIM:610374,Orphanet:99886;MONDO:MONDO:0009734,MedGen:C2931832,OMIM:256450,Orphanet:276575,Orphanet:276598;MONDO:MONDO:0009415,MedGen:C0271714,OMIM:240800;MONDO:MONDO:0030088,MedGen:C5394303,OMIM:618857;Human Phenotype Ontology:HP:0005965,Human Phenotype Ontology:HP:0005978,Human Phenotype Ontology:HP:0100652,MONDO:MONDO:0005148,MeSH:D003924,MedGen:C0011860,OMIM:125853","not provided|Diabetes mellitus, transient neonatal, 2;Hyperinsulinemic hypoglycemia, familial, 1;Leucine-induced hypoglycemia;Diabetes mellitus, permanent neonatal 3;Type 2 diabetes mellitus",germline,germline,GRCh38,NC_000011.10,11,17406783,17406783,na,na,11p15.1,"criteria provided, multiple submitters, no conflicts",2,-,N,ClinGen:CA218422644,2,1145809,17406783,G,A,-,-,-,-,-,-,SCV001689277|SCV005676297,-,-
1142048,single nucleotide variant,NM_000352.6(ABCC8):c.3142A>C (p.Arg1048=),6833,ABCC8,HGNC:59,Likely benign,0,"Feb 04, 2024",1387302006,-,RCV001495988|RCV002495752,"MedGen:C3661900|MONDO:MONDO:0012480,MedGen:C1835887,OMIM:610374,Orphanet:99886;MONDO:MONDO:0009734,MedGen:C2931832,OMIM:256450,Orphanet:276575,Orphanet:276598;MONDO:MONDO:0009415,MedGen:C0271714,OMIM:240800;MONDO:MONDO:0030088,MedGen:C5394303,OMIM:618857;Human Phenotype Ontology:HP:0005965,Human Phenotype Ontology:HP:0005978,Human Phenotype Ontology:HP:0100652,MONDO:MONDO:0005148,MeSH:D003924,MedGen:C0011860,OMIM:125853","not provided|Diabetes mellitus, transient neonatal, 2;Hyperinsulinemic hypoglycemia, familial, 1;Leucine-induced hypoglycemia;Diabetes mellitus, permanent neonatal 3;Type 2 diabetes mellitus",germline;unknown,germline,GRCh37,NC_000011.9,11,17428455,17428455,na,na,11p15.1,"criteria provided, multiple submitters, no conflicts",2,-,N,ClinGen:CA473516100,2,1154102,17428455,T,G,-,-,-,-,-,-,SCV001700679|SCV002796652,-,-
1142048,single nucleotide variant,NM_000352.6(ABCC8):c.3142A>C (p.Arg1048=),6833,ABCC8,HGNC:59,Likely benign,0,"Feb 04, 2024",1387302006,-,RCV001495988|RCV002495752,"MedGen:C3661900|MONDO:MONDO:0012480,MedGen:C1835887,OMIM:610374,Orphanet:99886;MONDO:MONDO:0009734,MedGen:C2931832,OMIM:256450,Orphanet:276575,Orphanet:276598;MONDO:MONDO:0009415,MedGen:C0271714,OMIM:240800;MONDO:MONDO:0030088,MedGen:C5394303,OMIM:618857;Human Phenotype Ontology:HP:0005965,Human Phenotype Ontology:HP:0005978,Human Phenotype Ontology:HP:0100652,MONDO:MONDO:0005148,MeSH:D003924,MedGen:C0011860,OMIM:125853","not provided|Diabetes mellitus, transient neonatal, 2;Hyperinsulinemic hypoglycemia, familial, 1;Leucine-induced hypoglycemia;Diabetes mellitus, permanent neonatal 3;Type 2 diabetes mellitus",germline;unknown,germline,GRCh38,NC_000011.10,11,17406908,17406908,na,na,11p15.1,"criteria provided, multiple submitters, no conflicts",2,-,N,ClinGen:CA473516100,2,1154102,17406908,T,G,-,-,-,-,-,-,SCV001700679|SCV002796652,-,-
1142049,single nucleotide variant,NM_000352.6(ABCC8):c.3102C>G (p.Ala1034=),6833,ABCC8,HGNC:59,Likely benign,0,"Mar 15, 2019",749093430,-,RCV001488134,MedGen:C3661900,not provided,germline,germline,GRCh37,NC_000011.9,11,17428495,17428495,na,na,11p15.1,"criteria provided, single submitter",1,-,N,ClinGen:CA5902924,2,1148288,17428495,G,C,-,-,-,-,-,-,SCV001692641,-,-
1142049,single nucleotide variant,NM_000352.6(ABCC8):c.3102C>G (p.Ala1034=),6833,ABCC8,HGNC:59,Likely benign,0,"Mar 15, 2019",749093430,-,RCV001488134,MedGen:C3661900,not provided,germline,germline,GRCh38,NC_000011.10,11,17406948,17406948,na,na,11p15.1,"criteria provided, single submitter",1,-,N,ClinGen:CA5902924,2,1148288,17406948,G,C,-,-,-,-,-,-,SCV001692641,-,-
1142050,single nucleotide variant,NM_000352.6(ABCC8):c.3063C>A (p.Leu1021=),6833,ABCC8,HGNC:59,Likely benign,0,"Jan 20, 2026",372504462,-,RCV001494133,MedGen:C3661900,not provided,germline,germline,GRCh37,NC_000011.9,11,17428534,17428534,na,na,11p15.1,"criteria provided, single submitter",1,-,N,ClinGen:CA218422956,2,1152720,17428534,G,T,-,-,-,-,-,-,SCV001698782,-,-
1142050,single nucleotide variant,NM_000352.6(ABCC8):c.3063C>A (p.Leu1021=),6833,ABCC8,HGNC:59,Likely benign,0,"Jan 20, 2026",372504462,-,RCV001494133,MedGen:C3661900,not provided,germline,germline,GRCh38,NC_000011.10,11,17406987,17406987,na,na,11p15.1,"criteria provided, single submitter",1,-,N,ClinGen:CA218422956,2,1152720,17406987,G,T,-,-,-,-,-,-,SCV001698782,-,-
1142051,single nucleotide variant,NM_000352.6(ABCC8):c.2982G>A (p.Glu994=),6833,ABCC8,HGNC:59,Likely benign,0,"Mar 17, 2020",763160961,-,RCV001496335,MedGen:C3661900,not provided,germline,germline,GRCh37,NC_000011.9,11,17428615,17428615,na,na,11p15.1,"criteria provided, single submitter",1,-,N,ClinGen:CA5902953,2,1154343,17428615,C,T,-,-,-,-,-,-,SCV001701033,-,-
1142051,single nucleotide variant,NM_000352.6(ABCC8):c.2982G>A (p.Glu994=),6833,ABCC8,HGNC:59,Likely benign,0,"Mar 17, 2020",763160961,-,RCV001496335,MedGen:C3661900,not provided,germline,germline,GRCh38,NC_000011.10,11,17407068,17407068,na,na,11p15.1,"criteria provided, single submitter",1,-,N,ClinGen:CA5902953,2,1154343,17407068,C,T,-,-,-,-,-,-,SCV001701033,-,-
1142052,single nucleotide variant,NM_000352.6(ABCC8):c.2889T>C (p.Asp963=),6833,ABCC8,HGNC:59,Likely benign,0,"Feb 11, 2022",1399055404,-,RCV001499592,MedGen:C3661900,not provided,germline,germline,GRCh37,NC_000011.9,11,17428932,17428932,na,na,11p15.1,"criteria provided, single submitter",1,-,N,ClinGen:CA473300343,2,1156801,17428932,A,G,-,-,-,-,-,-,SCV001704356,-,-
1142052,single nucleotide variant,NM_000352.6(ABCC8):c.2889T>C (p.Asp963=),6833,ABCC8,HGNC:59,Likely benign,0,"Feb 11, 2022",1399055404,-,RCV001499592,MedGen:C3661900,not provided,germline,germline,GRCh38,NC_000011.10,11,17407385,17407385,na,na,11p15.1,"criteria provided, single submitter",1,-,N,ClinGen:CA473300343,2,1156801,17407385,A,G,-,-,-,-,-,-,SCV001704356,-,-
1142053,single nucleotide variant,NM_000352.6(ABCC8):c.2775G>A (p.Glu925=),6833,ABCC8,HGNC:59,Likely benign,0,"May 12, 2022",2133452505,-,RCV001505188,MedGen:C3661900,not provided,germline,germline,GRCh37,NC_000011.9,11,17429984,17429984,na,na,11p15.1,"criteria provided, single submitter",1,-,N,ClinGen:CA473300548,2,1160890,17429984,C,T,-,-,-,-,-,-,SCV001710080,-,-
1142053,single nucleotide variant,NM_000352.6(ABCC8):c.2775G>A (p.Glu925=),6833,ABCC8,HGNC:59,Likely benign,0,"May 12, 2022",2133452505,-,RCV001505188,MedGen:C3661900,not provided,germline,germline,GRCh38,NC_000011.10,11,17408437,17408437,na,na,11p15.1,"criteria provided, single submitter",1,-,N,ClinGen:CA473300548,2,1160890,17408437,C,T,-,-,-,-,-,-,SCV001710080,-,-
1142054,single nucleotide variant,NM_000352.6(ABCC8):c.2655A>G (p.Leu885=),6833,ABCC8,HGNC:59,Likely benign,0,"Feb 01, 2022",1954760215,-,RCV001479750,MedGen:C3661900,not provided,germline,germline,GRCh37,NC_000011.9,11,17432102,17432102,na,na,11p15.1,"criteria provided, single submitter",1,-,N,ClinGen:CA473300916,2,1142083,17432102,T,C,-,-,-,-,-,-,SCV001684056,-,-
1142054,single nucleotide variant,NM_000352.6(ABCC8):c.2655A>G (p.Leu885=),6833,ABCC8,HGNC:59,Likely benign,0,"Feb 01, 2022",1954760215,-,RCV001479750,MedGen:C3661900,not provided,germline,germline,GRCh38,NC_000011.10,11,17410555,17410555,na,na,11p15.1,"criteria provided, single submitter",1,-,N,ClinGen:CA473300916,2,1142083,17410555,T,C,-,-,-,-,-,-,SCV001684056,-,-
1142055,single nucleotide variant,NM_000352.6(ABCC8):c.2652C>G (p.Val884=),6833,ABCC8,HGNC:59,Likely benign,0,"Jul 16, 2023",749936649,-,RCV001502609,MedGen:C3661900,not provided,germline,germline,GRCh37,NC_000011.9,11,17432105,17432105,na,na,11p15.1,"criteria provided, single submitter",1,-,N,ClinGen:CA5903062,2,1159015,17432105,G,C,-,-,-,-,-,-,SCV001707443,-,-
1142055,single nucleotide variant,NM_000352.6(ABCC8):c.2652C>G (p.Val884=),6833,ABCC8,HGNC:59,Likely benign,0,"Jul 16, 2023",749936649,-,RCV001502609,MedGen:C3661900,not provided,germline,germline,GRCh38,NC_000011.10,11,17410558,17410558,na,na,11p15.1,"criteria provided, single submitter",1,-,N,ClinGen:CA5903062,2,1159015,17410558,G,C,-,-,-,-,-,-,SCV001707443,-,-
1142056,single nucleotide variant,NM_000352.6(ABCC8):c.2634C>T (p.Asp878=),6833,ABCC8,HGNC:59,Likely benign,0,"Dec 23, 2025",754554936,-,RCV001487806|RCV002506564|RCV006287464,"MedGen:C3661900|MONDO:MONDO:0012480,MedGen:C1835887,OMIM:610374,Orphanet:99886;MONDO:MONDO:0009734,MedGen:C2931832,OMIM:256450,Orphanet:276575,Orphanet:276598;MONDO:MONDO:0009415,MedGen:C0271714,OMIM:240800;MONDO:MONDO:0030088,MedGen:C5394303,OMIM:618857;Human Phenotype Ontology:HP:0005965,Human Phenotype Ontology:HP:0005978,Human Phenotype Ontology:HP:0100652,MONDO:MONDO:0005148,MeSH:D003924,MedGen:C0011860,OMIM:125853|MeSH:D030342,MedGen:C0950123","not provided|Diabetes mellitus, transient neonatal, 2;Hyperinsulinemic hypoglycemia, familial, 1;Leucine-induced hypoglycemia;Diabetes mellitus, permanent neonatal 3;Type 2 diabetes mellitus|Inborn genetic diseases",germline;unknown,germline,GRCh37,NC_000011.9,11,17432123,17432123,na,na,11p15.1,"criteria provided, multiple submitters, no conflicts",3,-,N,ClinGen:CA5903066,2,1148077,17432123,G,A,-,-,-,-,-,-,SCV001692303|SCV002801140|SCV007157025,-,-
1142056,single nucleotide variant,NM_000352.6(ABCC8):c.2634C>T (p.Asp878=),6833,ABCC8,HGNC:59,Likely benign,0,"Dec 23, 2025",754554936,-,RCV001487806|RCV002506564|RCV006287464,"MedGen:C3661900|MONDO:MONDO:0012480,MedGen:C1835887,OMIM:610374,Orphanet:99886;MONDO:MONDO:0009734,MedGen:C2931832,OMIM:256450,Orphanet:276575,Orphanet:276598;MONDO:MONDO:0009415,MedGen:C0271714,OMIM:240800;MONDO:MONDO:0030088,MedGen:C5394303,OMIM:618857;Human Phenotype Ontology:HP:0005965,Human Phenotype Ontology:HP:0005978,Human Phenotype Ontology:HP:0100652,MONDO:MONDO:0005148,MeSH:D003924,MedGen:C0011860,OMIM:125853|MeSH:D030342,MedGen:C0950123","not provided|Diabetes mellitus, transient neonatal, 2;Hyperinsulinemic hypoglycemia, familial, 1;Leucine-induced hypoglycemia;Diabetes mellitus, permanent neonatal 3;Type 2 diabetes mellitus|Inborn genetic diseases",germline;unknown,germline,GRCh38,NC_000011.10,11,17410576,17410576,na,na,11p15.1,"criteria provided, multiple submitters, no conflicts",3,-,N,ClinGen:CA5903066,2,1148077,17410576,G,A,-,-,-,-,-,-,SCV001692303|SCV002801140|SCV007157025,-,-
1142057,single nucleotide variant,NM_000352.6(ABCC8):c.2619T>G (p.Leu873=),6833,ABCC8,HGNC:59,Likely benign,0,"Oct 14, 2025",756718678,-,RCV001494607|RCV005614648,MedGen:C3661900|,not provided|Hereditary hyperinsulinism,germline,germline,GRCh37,NC_000011.9,11,17432138,17432138,na,na,11p15.1,"criteria provided, single submitter",2,-,N,ClinGen:CA5903069,2,1153063,17432138,A,C,-,-,-,-,-,-,SCV001699267,-,-
1142057,single nucleotide variant,NM_000352.6(ABCC8):c.2619T>G (p.Leu873=),6833,ABCC8,HGNC:59,Likely benign,0,"Oct 14, 2025",756718678,-,RCV001494607|RCV005614648,MedGen:C3661900|,not provided|Hereditary hyperinsulinism,germline,germline,GRCh38,NC_000011.10,11,17410591,17410591,na,na,11p15.1,"criteria provided, single submitter",2,-,N,ClinGen:CA5903069,2,1153063,17410591,A,C,-,-,-,-,-,-,SCV001699267,-,-
1142058,single nucleotide variant,NM_000352.6(ABCC8):c.2526C>A (p.Ala842=),6833,ABCC8,HGNC:59,Likely benign,0,"Jan 18, 2024",760401293,-,RCV001490207,MedGen:C3661900,not provided,germline,germline,GRCh37,NC_000011.9,11,17434243,17434243,na,na,11p15.1,"criteria provided, multiple submitters, no conflicts",2,-,N,ClinGen:CA5903101,2,1149816,17434243,G,T,-,-,-,-,-,-,SCV001694766|SCV005221370,-,-
1142058,single nucleotide variant,NM_000352.6(ABCC8):c.2526C>A (p.Ala842=),6833,ABCC8,HGNC:59,Likely benign,0,"Jan 18, 2024",760401293,-,RCV001490207,MedGen:C3661900,not provided,germline,germline,GRCh38,NC_000011.10,11,17412696,17412696,na,na,11p15.1,"criteria provided, multiple submitters, no conflicts",2,-,N,ClinGen:CA5903101,2,1149816,17412696,G,T,-,-,-,-,-,-,SCV001694766|SCV005221370,-,-
1142059,single nucleotide variant,NM_000352.6(ABCC8):c.2391-8C>A,6833,ABCC8,HGNC:59,Likely benign,0,"Nov 14, 2020",1409319401,-,RCV001483074,MedGen:C3661900,not provided,germline,germline,GRCh37,NC_000011.9,11,17435033,17435033,na,na,11p15.1,"criteria provided, single submitter",1,-,N,ClinGen:CA597665570,2,1144538,17435033,G,T,-,-,-,-,-,-,SCV001687456,-,-
1142059,single nucleotide variant,NM_000352.6(ABCC8):c.2391-8C>A,6833,ABCC8,HGNC:59,Likely benign,0,"Nov 14, 2020",1409319401,-,RCV001483074,MedGen:C3661900,not provided,germline,germline,GRCh38,NC_000011.10,11,17413486,17413486,na,na,11p15.1,"criteria provided, single submitter",1,-,N,ClinGen:CA597665570,2,1144538,17413486,G,T,-,-,-,-,-,-,SCV001687456,-,-
1142060,single nucleotide variant,NM_000352.6(ABCC8):c.2391-9C>T,6833,ABCC8,HGNC:59,Likely benign,0,"Nov 27, 2024",780814554,-,RCV001481313,MedGen:C3661900,not provided,germline,germline,GRCh37,NC_000011.9,11,17435034,17435034,na,na,11p15.1,"criteria provided, single submitter",1,-,N,ClinGen:CA5903152,2,1143221,17435034,G,A,-,-,-,-,-,-,SCV001685655,-,-
1142060,single nucleotide variant,NM_000352.6(ABCC8):c.2391-9C>T,6833,ABCC8,HGNC:59,Likely benign,0,"Nov 27, 2024",780814554,-,RCV001481313,MedGen:C3661900,not provided,germline,germline,GRCh38,NC_000011.10,11,17413487,17413487,na,na,11p15.1,"criteria provided, single submitter",1,-,N,ClinGen:CA5903152,2,1143221,17413487,G,A,-,-,-,-,-,-,SCV001685655,-,-
1142061,single nucleotide variant,NM_000352.6(ABCC8):c.2382C>T (p.Asn794=),6833,ABCC8,HGNC:59,Likely benign,0,"Sep 30, 2020",760745030,-,RCV001502676,MedGen:C3661900,not provided,germline,germline,GRCh37,NC_000011.9,11,17436067,17436067,na,na,11p15.1,"criteria provided, single submitter",1,-,N,ClinGen:CA473301560,2,1159081,17436067,G,A,-,-,-,-,-,-,SCV001707510,-,-
1142061,single nucleotide variant,NM_000352.6(ABCC8):c.2382C>T (p.Asn794=),6833,ABCC8,HGNC:59,Likely benign,0,"Sep 30, 2020",760745030,-,RCV001502676,MedGen:C3661900,not provided,germline,germline,GRCh38,NC_000011.10,11,17414520,17414520,na,na,11p15.1,"criteria provided, single submitter",1,-,N,ClinGen:CA473301560,2,1159081,17414520,G,A,-,-,-,-,-,-,SCV001707510,-,-
1142062,single nucleotide variant,NM_000352.6(ABCC8):c.2319G>C (p.Ser773=),6833,ABCC8,HGNC:59,Likely benign,0,"Oct 28, 2024",766321878,-,RCV001493183|RCV002501689,"MedGen:C3661900|MONDO:MONDO:0012480,MedGen:C1835887,OMIM:610374,Orphanet:99886;MONDO:MONDO:0009734,MedGen:C2931832,OMIM:256450,Orphanet:276575,Orphanet:276598;MONDO:MONDO:0009415,MedGen:C0271714,OMIM:240800;MONDO:MONDO:0030088,MedGen:C5394303,OMIM:618857;Human Phenotype Ontology:HP:0005965,Human Phenotype Ontology:HP:0005978,Human Phenotype Ontology:HP:0100652,MONDO:MONDO:0005148,MeSH:D003924,MedGen:C0011860,OMIM:125853","not provided|Diabetes mellitus, transient neonatal, 2;Hyperinsulinemic hypoglycemia, familial, 1;Leucine-induced hypoglycemia;Diabetes mellitus, permanent neonatal 3;Type 2 diabetes mellitus",germline;unknown,germline,GRCh37,NC_000011.9,11,17436130,17436130,na,na,11p15.1,"criteria provided, multiple submitters, no conflicts",2,-,N,ClinGen:CA5903183,2,1152010,17436130,C,G,-,-,-,-,-,-,SCV001697805|SCV002804812,-,-
1142062,single nucleotide variant,NM_000352.6(ABCC8):c.2319G>C (p.Ser773=),6833,ABCC8,HGNC:59,Likely benign,0,"Oct 28, 2024",766321878,-,RCV001493183|RCV002501689,"MedGen:C3661900|MONDO:MONDO:0012480,MedGen:C1835887,OMIM:610374,Orphanet:99886;MONDO:MONDO:0009734,MedGen:C2931832,OMIM:256450,Orphanet:276575,Orphanet:276598;MONDO:MONDO:0009415,MedGen:C0271714,OMIM:240800;MONDO:MONDO:0030088,MedGen:C5394303,OMIM:618857;Human Phenotype Ontology:HP:0005965,Human Phenotype Ontology:HP:0005978,Human Phenotype Ontology:HP:0100652,MONDO:MONDO:0005148,MeSH:D003924,MedGen:C0011860,OMIM:125853","not provided|Diabetes mellitus, transient neonatal, 2;Hyperinsulinemic hypoglycemia, familial, 1;Leucine-induced hypoglycemia;Diabetes mellitus, permanent neonatal 3;Type 2 diabetes mellitus",germline;unknown,germline,GRCh38,NC_000011.10,11,17414583,17414583,na,na,11p15.1,"criteria provided, multiple submitters, no conflicts",2,-,N,ClinGen:CA5903183,2,1152010,17414583,C,G,-,-,-,-,-,-,SCV001697805|SCV002804812,-,-
1142063,single nucleotide variant,NM_000352.6(ABCC8):c.2222+8A>G,6833,ABCC8,HGNC:59,Likely benign,0,"Jan 20, 2026",200118912,-,RCV001490782,MedGen:C3661900,not provided,germline,germline,GRCh37,NC_000011.9,11,17448588,17448588,na,na,11p15.1,"criteria provided, single submitter",1,-,N,ClinGen:CA5903265,2,1150264,17448588,T,C,-,-,-,-,-,-,SCV001695354,-,-
1142063,single nucleotide variant,NM_000352.6(ABCC8):c.2222+8A>G,6833,ABCC8,HGNC:59,Likely benign,0,"Jan 20, 2026",200118912,-,RCV001490782,MedGen:C3661900,not provided,germline,germline,GRCh38,NC_000011.10,11,17427041,17427041,na,na,11p15.1,"criteria provided, single submitter",1,-,N,ClinGen:CA5903265,2,1150264,17427041,T,C,-,-,-,-,-,-,SCV001695354,-,-
1142064,single nucleotide variant,NM_000352.6(ABCC8):c.1869G>A (p.Gln623=),6833,ABCC8,HGNC:59,Likely benign,0,"Aug 16, 2023",1487225445,-,RCV001483566|RCV005606929,MedGen:C3661900|,not provided|Hereditary hyperinsulinism,germline,germline,GRCh37,NC_000011.9,11,17450166,17450166,na,na,11p15.1,"criteria provided, single submitter",2,-,N,ClinGen:CA473516558,2,1144907,17450166,C,T,-,-,-,-,-,-,SCV001687960,-,-
1142064,single nucleotide variant,NM_000352.6(ABCC8):c.1869G>A (p.Gln623=),6833,ABCC8,HGNC:59,Likely benign,0,"Aug 16, 2023",1487225445,-,RCV001483566|RCV005606929,MedGen:C3661900|,not provided|Hereditary hyperinsulinism,germline,germline,GRCh38,NC_000011.10,11,17428619,17428619,na,na,11p15.1,"criteria provided, single submitter",2,-,N,ClinGen:CA473516558,2,1144907,17428619,C,T,-,-,-,-,-,-,SCV001687960,-,-
1142065,single nucleotide variant,NM_000352.6(ABCC8):c.1866G>A (p.Glu622=),6833,ABCC8,HGNC:59,Likely benign,0,"Apr 06, 2023",2133539644,-,RCV001505554,MedGen:C3661900,not provided,germline,germline,GRCh37,NC_000011.9,11,17450169,17450169,na,na,11p15.1,"criteria provided, single submitter",1,-,N,ClinGen:CA473516559,2,1161157,17450169,C,T,-,-,-,-,-,-,SCV001710461,-,-
1142065,single nucleotide variant,NM_000352.6(ABCC8):c.1866G>A (p.Glu622=),6833,ABCC8,HGNC:59,Likely benign,0,"Apr 06, 2023",2133539644,-,RCV001505554,MedGen:C3661900,not provided,germline,germline,GRCh38,NC_000011.10,11,17428622,17428622,na,na,11p15.1,"criteria provided, single submitter",1,-,N,ClinGen:CA473516559,2,1161157,17428622,C,T,-,-,-,-,-,-,SCV001710461,-,-
1142066,single nucleotide variant,NM_000352.6(ABCC8):c.1857C>A (p.Ile619=),6833,ABCC8,HGNC:59,Likely benign,0,"Oct 19, 2020",2133539733,-,RCV001492524,MedGen:C3661900,not provided,germline,germline,GRCh37,NC_000011.9,11,17450178,17450178,na,na,11p15.1,"criteria provided, single submitter",1,-,N,ClinGen:CA473516564,2,1151566,17450178,G,T,-,-,-,-,-,-,SCV001697136,-,-
1142066,single nucleotide variant,NM_000352.6(ABCC8):c.1857C>A (p.Ile619=),6833,ABCC8,HGNC:59,Likely benign,0,"Oct 19, 2020",2133539733,-,RCV001492524,MedGen:C3661900,not provided,germline,germline,GRCh38,NC_000011.10,11,17428631,17428631,na,na,11p15.1,"criteria provided, single submitter",1,-,N,ClinGen:CA473516564,2,1151566,17428631,G,T,-,-,-,-,-,-,SCV001697136,-,-
1142067,single nucleotide variant,NM_000352.6(ABCC8):c.1842G>C (p.Leu614=),6833,ABCC8,HGNC:59,Likely benign,0,"Oct 26, 2023",776060408,-,RCV001484469,MedGen:C3661900,not provided,germline,germline,GRCh37,NC_000011.9,11,17450193,17450193,na,na,11p15.1,"criteria provided, single submitter",1,-,N,ClinGen:CA5903414,2,1145565,17450193,C,G,-,-,-,-,-,-,SCV001688887,-,-
1142067,single nucleotide variant,NM_000352.6(ABCC8):c.1842G>C (p.Leu614=),6833,ABCC8,HGNC:59,Likely benign,0,"Oct 26, 2023",776060408,-,RCV001484469,MedGen:C3661900,not provided,germline,germline,GRCh38,NC_000011.10,11,17428646,17428646,na,na,11p15.1,"criteria provided, single submitter",1,-,N,ClinGen:CA5903414,2,1145565,17428646,C,G,-,-,-,-,-,-,SCV001688887,-,-
1142068,single nucleotide variant,NM_000352.6(ABCC8):c.1817+8G>A,6833,ABCC8,HGNC:59,Likely benign,0,"Feb 22, 2024",781153278,-,RCV001496904,MedGen:C3661900,not provided,germline,germline,GRCh37,NC_000011.9,11,17452353,17452353,na,na,11p15.1,"criteria provided, single submitter",1,-,N,ClinGen:CA5903447,2,1154781,17452353,C,T,-,-,-,-,-,-,SCV001701618,-,-
1142068,single nucleotide variant,NM_000352.6(ABCC8):c.1817+8G>A,6833,ABCC8,HGNC:59,Likely benign,0,"Feb 22, 2024",781153278,-,RCV001496904,MedGen:C3661900,not provided,germline,germline,GRCh38,NC_000011.10,11,17430806,17430806,na,na,11p15.1,"criteria provided, single submitter",1,-,N,ClinGen:CA5903447,2,1154781,17430806,C,T,-,-,-,-,-,-,SCV001701618,-,-
1142069,single nucleotide variant,NM_000352.6(ABCC8):c.1581G>A (p.Arg527=),6833,ABCC8,HGNC:59,Likely benign,0,"Sep 08, 2023",750360514,-,RCV001492864|RCV002488293,"MedGen:C3661900|MONDO:MONDO:0012480,MedGen:C1835887,OMIM:610374,Orphanet:99886;MONDO:MONDO:0009734,MedGen:C2931832,OMIM:256450,Orphanet:276575,Orphanet:276598;MONDO:MONDO:0009415,MedGen:C0271714,OMIM:240800;MONDO:MONDO:0030088,MedGen:C5394303,OMIM:618857;Human Phenotype Ontology:HP:0005965,Human Phenotype Ontology:HP:0005978,Human Phenotype Ontology:HP:0100652,MONDO:MONDO:0005148,MeSH:D003924,MedGen:C0011860,OMIM:125853","not provided|Diabetes mellitus, transient neonatal, 2;Hyperinsulinemic hypoglycemia, familial, 1;Leucine-induced hypoglycemia;Diabetes mellitus, permanent neonatal 3;Type 2 diabetes mellitus",germline;unknown,germline,GRCh37,NC_000011.9,11,17464316,17464316,na,na,11p15.1,"criteria provided, multiple submitters, no conflicts",2,-,N,ClinGen:CA5903521,2,1151791,17464316,C,T,-,-,-,-,-,-,SCV001697484|SCV002800545,-,-
1142069,single nucleotide variant,NM_000352.6(ABCC8):c.1581G>A (p.Arg527=),6833,ABCC8,HGNC:59,Likely benign,0,"Sep 08, 2023",750360514,-,RCV001492864|RCV002488293,"MedGen:C3661900|MONDO:MONDO:0012480,MedGen:C1835887,OMIM:610374,Orphanet:99886;MONDO:MONDO:0009734,MedGen:C2931832,OMIM:256450,Orphanet:276575,Orphanet:276598;MONDO:MONDO:0009415,MedGen:C0271714,OMIM:240800;MONDO:MONDO:0030088,MedGen:C5394303,OMIM:618857;Human Phenotype Ontology:HP:0005965,Human Phenotype Ontology:HP:0005978,Human Phenotype Ontology:HP:0100652,MONDO:MONDO:0005148,MeSH:D003924,MedGen:C0011860,OMIM:125853","not provided|Diabetes mellitus, transient neonatal, 2;Hyperinsulinemic hypoglycemia, familial, 1;Leucine-induced hypoglycemia;Diabetes mellitus, permanent neonatal 3;Type 2 diabetes mellitus",germline;unknown,germline,GRCh38,NC_000011.10,11,17442769,17442769,na,na,11p15.1,"criteria provided, multiple submitters, no conflicts",2,-,N,ClinGen:CA5903521,2,1151791,17442769,C,T,-,-,-,-,-,-,SCV001697484|SCV002800545,-,-
1142070,single nucleotide variant,NM_000352.6(ABCC8):c.1527G>A (p.Leu509=),6833,ABCC8,HGNC:59,Likely benign,0,"Aug 28, 2019",765924728,-,RCV001482989,MedGen:C3661900,not provided,germline,germline,GRCh37,NC_000011.9,11,17464370,17464370,na,na,11p15.1,"criteria provided, single submitter",1,-,N,ClinGen:CA5903540,2,1144458,17464370,C,T,-,-,-,-,-,-,SCV001687370,-,-
1142070,single nucleotide variant,NM_000352.6(ABCC8):c.1527G>A (p.Leu509=),6833,ABCC8,HGNC:59,Likely benign,0,"Aug 28, 2019",765924728,-,RCV001482989,MedGen:C3661900,not provided,germline,germline,GRCh38,NC_000011.10,11,17442823,17442823,na,na,11p15.1,"criteria provided, single submitter",1,-,N,ClinGen:CA5903540,2,1144458,17442823,C,T,-,-,-,-,-,-,SCV001687370,-,-
1142071,single nucleotide variant,NM_000352.6(ABCC8):c.1467+8C>G,6833,ABCC8,HGNC:59,Likely benign,0,"Dec 01, 2023",1218507375,-,RCV001484514,MedGen:C3661900,not provided,germline,germline,GRCh37,NC_000011.9,11,17464717,17464717,na,na,11p15.1,"criteria provided, single submitter",1,-,N,ClinGen:CA2499220836,2,1145610,17464717,G,C,-,-,-,-,-,-,SCV001688933,-,-
1142071,single nucleotide variant,NM_000352.6(ABCC8):c.1467+8C>G,6833,ABCC8,HGNC:59,Likely benign,0,"Dec 01, 2023",1218507375,-,RCV001484514,MedGen:C3661900,not provided,germline,germline,GRCh38,NC_000011.10,11,17443170,17443170,na,na,11p15.1,"criteria provided, single submitter",1,-,N,ClinGen:CA2499220836,2,1145610,17443170,G,C,-,-,-,-,-,-,SCV001688933,-,-
1142072,single nucleotide variant,NM_000352.6(ABCC8):c.1455G>A (p.Gln485=),6833,ABCC8,HGNC:59,Likely benign,0,"Apr 08, 2022",2133597391,-,RCV001506787,MedGen:C3661900,not provided,germline,germline,GRCh37,NC_000011.9,11,17464737,17464737,na,na,11p15.1,"criteria provided, single submitter",1,-,N,ClinGen:CA473298592,2,1162023,17464737,C,T,-,-,-,-,-,-,SCV001711722,-,-
1142072,single nucleotide variant,NM_000352.6(ABCC8):c.1455G>A (p.Gln485=),6833,ABCC8,HGNC:59,Likely benign,0,"Apr 08, 2022",2133597391,-,RCV001506787,MedGen:C3661900,not provided,germline,germline,GRCh38,NC_000011.10,11,17443190,17443190,na,na,11p15.1,"criteria provided, single submitter",1,-,N,ClinGen:CA473298592,2,1162023,17443190,C,T,-,-,-,-,-,-,SCV001711722,-,-
1142073,single nucleotide variant,NM_000352.6(ABCC8):c.1272C>T (p.Asp424=),6833,ABCC8,HGNC:59,Likely benign,0,"Jan 23, 2020",2133617086,-,RCV001495085,MedGen:C3661900,not provided,germline,germline,GRCh37,NC_000011.9,11,17470123,17470123,na,na,11p15.1,"criteria provided, single submitter",1,-,N,ClinGen:CA473299184,2,1153428,17470123,G,A,-,-,-,-,-,-,SCV001699754,-,-
1142073,single nucleotide variant,NM_000352.6(ABCC8):c.1272C>T (p.Asp424=),6833,ABCC8,HGNC:59,Likely benign,0,"Jan 23, 2020",2133617086,-,RCV001495085,MedGen:C3661900,not provided,germline,germline,GRCh38,NC_000011.10,11,17448576,17448576,na,na,11p15.1,"criteria provided, single submitter",1,-,N,ClinGen:CA473299184,2,1153428,17448576,G,A,-,-,-,-,-,-,SCV001699754,-,-
1142074,single nucleotide variant,NM_000352.6(ABCC8):c.1203C>T (p.His401=),6833,ABCC8,HGNC:59,Likely benign,0,"Aug 11, 2023",1591846346,-,RCV001505638,MedGen:C3661900,not provided,germline,germline,GRCh37,NC_000011.9,11,17470192,17470192,na,na,11p15.1,"criteria provided, single submitter",1,-,N,ClinGen:CA473299281,2,1161239,17470192,G,A,-,-,-,-,-,-,SCV001710546,-,-
1142074,single nucleotide variant,NM_000352.6(ABCC8):c.1203C>T (p.His401=),6833,ABCC8,HGNC:59,Likely benign,0,"Aug 11, 2023",1591846346,-,RCV001505638,MedGen:C3661900,not provided,germline,germline,GRCh38,NC_000011.10,11,17448645,17448645,na,na,11p15.1,"criteria provided, single submitter",1,-,N,ClinGen:CA473299281,2,1161239,17448645,G,A,-,-,-,-,-,-,SCV001710546,-,-
1142075,Deletion,NM_000352.6(ABCC8):c.1177-53_1177-42del,6833,ABCC8,HGNC:59,Likely benign,0,"Sep 11, 2020",1306338725,-,RCV001506132,MedGen:C3661900,not provided,germline,germline,GRCh37,NC_000011.9,11,17470260,17470271,na,na,11p15.1,"criteria provided, single submitter",1,-,N,ClinGen:CA597667864,2,1161578,17470259,TCATCATCATCAC,T,-,-,-,-,-,-,SCV001711047,-,-
1142075,Deletion,NM_000352.6(ABCC8):c.1177-53_1177-42del,6833,ABCC8,HGNC:59,Likely benign,0,"Sep 11, 2020",1306338725,-,RCV001506132,MedGen:C3661900,not provided,germline,germline,GRCh38,NC_000011.10,11,17448713,17448724,na,na,11p15.1,"criteria provided, single submitter",1,-,N,ClinGen:CA597667864,2,1161578,17448712,TCATCATCATCAC,T,-,-,-,-,-,-,SCV001711047,-,-
1142076,single nucleotide variant,NM_000352.6(ABCC8):c.1176+8G>C,6833,ABCC8,HGNC:59,Likely benign,0,"Oct 10, 2023",368435632,-,RCV001478822,MedGen:C3661900,not provided,germline,germline,GRCh37,NC_000011.9,11,17474658,17474658,na,na,11p15.1,"criteria provided, single submitter",1,-,N,ClinGen:CA218449008,2,1141384,17474658,C,G,-,-,-,-,-,-,SCV001683098,-,-
1142076,single nucleotide variant,NM_000352.6(ABCC8):c.1176+8G>C,6833,ABCC8,HGNC:59,Likely benign,0,"Oct 10, 2023",368435632,-,RCV001478822,MedGen:C3661900,not provided,germline,germline,GRCh38,NC_000011.10,11,17453111,17453111,na,na,11p15.1,"criteria provided, single submitter",1,-,N,ClinGen:CA218449008,2,1141384,17453111,C,G,-,-,-,-,-,-,SCV001683098,-,-
1142077,single nucleotide variant,NM_000352.6(ABCC8):c.1176+7G>A,6833,ABCC8,HGNC:59,Likely benign,0,"Dec 21, 2023",1165894128,-,RCV001492094,MedGen:C3661900,not provided,germline,germline,GRCh37,NC_000011.9,11,17474659,17474659,na,na,11p15.1,"criteria provided, single submitter",1,-,N,ClinGen:CA597904576,2,1151242,17474659,C,T,-,-,-,-,-,-,SCV001696700,-,-
1142077,single nucleotide variant,NM_000352.6(ABCC8):c.1176+7G>A,6833,ABCC8,HGNC:59,Likely benign,0,"Dec 21, 2023",1165894128,-,RCV001492094,MedGen:C3661900,not provided,germline,germline,GRCh38,NC_000011.10,11,17453112,17453112,na,na,11p15.1,"criteria provided, single submitter",1,-,N,ClinGen:CA597904576,2,1151242,17453112,C,T,-,-,-,-,-,-,SCV001696700,-,-
1142078,single nucleotide variant,NM_000352.6(ABCC8):c.1113A>G (p.Thr371=),6833,ABCC8,HGNC:59,Likely benign,0,"May 21, 2020",2133641898,-,RCV001496529,MedGen:C3661900,not provided,germline,germline,GRCh37,NC_000011.9,11,17474729,17474729,na,na,11p15.1,"criteria provided, single submitter",1,-,N,ClinGen:CA473299834,2,1154525,17474729,T,C,-,-,-,-,-,-,SCV001701228,-,-
1142078,single nucleotide variant,NM_000352.6(ABCC8):c.1113A>G (p.Thr371=),6833,ABCC8,HGNC:59,Likely benign,0,"May 21, 2020",2133641898,-,RCV001496529,MedGen:C3661900,not provided,germline,germline,GRCh38,NC_000011.10,11,17453182,17453182,na,na,11p15.1,"criteria provided, single submitter",1,-,N,ClinGen:CA473299834,2,1154525,17453182,T,C,-,-,-,-,-,-,SCV001701228,-,-
1142079,single nucleotide variant,NM_000352.6(ABCC8):c.1101A>T (p.Leu367=),6833,ABCC8,HGNC:59,Likely benign,0,"Jan 13, 2026",778750377,-,RCV001482115,MedGen:C3661900,not provided,germline,germline,GRCh37,NC_000011.9,11,17474741,17474741,na,na,11p15.1,"criteria provided, single submitter",1,-,N,ClinGen:CA5903672,2,1143826,17474741,T,A,-,-,-,-,-,-,SCV001686476,-,-
1142079,single nucleotide variant,NM_000352.6(ABCC8):c.1101A>T (p.Leu367=),6833,ABCC8,HGNC:59,Likely benign,0,"Jan 13, 2026",778750377,-,RCV001482115,MedGen:C3661900,not provided,germline,germline,GRCh38,NC_000011.10,11,17453194,17453194,na,na,11p15.1,"criteria provided, single submitter",1,-,N,ClinGen:CA5903672,2,1143826,17453194,T,A,-,-,-,-,-,-,SCV001686476,-,-
1142080,single nucleotide variant,NM_000352.6(ABCC8):c.1023C>T (p.Leu341=),6833,ABCC8,HGNC:59,Likely benign,0,"Dec 14, 2025",199592045,-,RCV001496295|RCV002377861,"MedGen:C3661900|MeSH:D030342,MedGen:C0950123",not provided|Inborn genetic diseases,germline,germline,GRCh37,NC_000011.9,11,17474819,17474819,na,na,11p15.1,"criteria provided, multiple submitters, no conflicts",2,-,N,ClinGen:CA5903682,2,1154326,17474819,G,A,-,-,-,-,-,-,SCV001700992|SCV002686521,-,-
1142080,single nucleotide variant,NM_000352.6(ABCC8):c.1023C>T (p.Leu341=),6833,ABCC8,HGNC:59,Likely benign,0,"Dec 14, 2025",199592045,-,RCV001496295|RCV002377861,"MedGen:C3661900|MeSH:D030342,MedGen:C0950123",not provided|Inborn genetic diseases,germline,germline,GRCh38,NC_000011.10,11,17453272,17453272,na,na,11p15.1,"criteria provided, multiple submitters, no conflicts",2,-,N,ClinGen:CA5903682,2,1154326,17453272,G,A,-,-,-,-,-,-,SCV001700992|SCV002686521,-,-
1142081,single nucleotide variant,NM_000352.6(ABCC8):c.996C>T (p.Asp332=),6833,ABCC8,HGNC:59,Likely benign,0,"Jan 04, 2024",538923562,-,RCV001489868,MedGen:C3661900,not provided,germline,germline,GRCh37,NC_000011.9,11,17482050,17482050,na,na,11p15.1,"criteria provided, single submitter",1,-,N,ClinGen:CA5903705,2,1149570,17482050,G,A,-,-,-,-,-,-,SCV001694421,-,-
1142081,single nucleotide variant,NM_000352.6(ABCC8):c.996C>T (p.Asp332=),6833,ABCC8,HGNC:59,Likely benign,0,"Jan 04, 2024",538923562,-,RCV001489868,MedGen:C3661900,not provided,germline,germline,GRCh38,NC_000011.10,11,17460503,17460503,na,na,11p15.1,"criteria provided, single submitter",1,-,N,ClinGen:CA5903705,2,1149570,17460503,G,A,-,-,-,-,-,-,SCV001694421,-,-
1142082,single nucleotide variant,NM_000352.6(ABCC8):c.927C>T (p.Ala309=),6833,ABCC8,HGNC:59,Likely benign,0,"Aug 25, 2025",543571996,-,RCV001490639|RCV002377841,"MedGen:C3661900|MeSH:D030342,MedGen:C0950123",not provided|Inborn genetic diseases,germline,germline,GRCh37,NC_000011.9,11,17482119,17482119,na,na,11p15.1,"criteria provided, multiple submitters, no conflicts",2,-,N,ClinGen:CA5903725,2,1150133,17482119,G,A,-,-,-,-,-,-,SCV001695209|SCV002686866,-,-
1142082,single nucleotide variant,NM_000352.6(ABCC8):c.927C>T (p.Ala309=),6833,ABCC8,HGNC:59,Likely benign,0,"Aug 25, 2025",543571996,-,RCV001490639|RCV002377841,"MedGen:C3661900|MeSH:D030342,MedGen:C0950123",not provided|Inborn genetic diseases,germline,germline,GRCh38,NC_000011.10,11,17460572,17460572,na,na,11p15.1,"criteria provided, multiple submitters, no conflicts",2,-,N,ClinGen:CA5903725,2,1150133,17460572,G,A,-,-,-,-,-,-,SCV001695209|SCV002686866,-,-
1142083,single nucleotide variant,NM_000352.6(ABCC8):c.885C>T (p.Phe295=),6833,ABCC8,HGNC:59,Likely benign,0,"Dec 20, 2023",778990778,-,RCV001499469,MedGen:C3661900,not provided,germline,germline,GRCh37,NC_000011.9,11,17482161,17482161,na,na,11p15.1,"criteria provided, single submitter",1,-,N,ClinGen:CA5903735,2,1156686,17482161,G,A,-,-,-,-,-,-,SCV001704233,-,-
1142083,single nucleotide variant,NM_000352.6(ABCC8):c.885C>T (p.Phe295=),6833,ABCC8,HGNC:59,Likely benign,0,"Dec 20, 2023",778990778,-,RCV001499469,MedGen:C3661900,not provided,germline,germline,GRCh38,NC_000011.10,11,17460614,17460614,na,na,11p15.1,"criteria provided, single submitter",1,-,N,ClinGen:CA5903735,2,1156686,17460614,G,A,-,-,-,-,-,-,SCV001704233,-,-
1142084,single nucleotide variant,NM_000352.6(ABCC8):c.768C>T (p.Ala256=),6833,ABCC8,HGNC:59,Likely benign,0,"Feb 14, 2019",1048093,-,RCV001504642,MedGen:C3661900,not provided,germline,germline,GRCh37,NC_000011.9,11,17483184,17483184,na,na,11p15.1,"criteria provided, single submitter",1,-,N,ClinGen:CA218452003,2,1160469,17483184,G,A,-,-,-,-,-,-,SCV001709528,-,-
1142084,single nucleotide variant,NM_000352.6(ABCC8):c.768C>T (p.Ala256=),6833,ABCC8,HGNC:59,Likely benign,0,"Feb 14, 2019",1048093,-,RCV001504642,MedGen:C3661900,not provided,germline,germline,GRCh38,NC_000011.10,11,17461637,17461637,na,na,11p15.1,"criteria provided, single submitter",1,-,N,ClinGen:CA218452003,2,1160469,17461637,G,A,-,-,-,-,-,-,SCV001709528,-,-
1142085,single nucleotide variant,NM_000352.6(ABCC8):c.750C>T (p.Ile250=),6833,ABCC8,HGNC:59,Likely benign,0,"Mar 25, 2024",566527939,-,RCV001501195,MedGen:C3661900,not provided,germline,germline,GRCh37,NC_000011.9,11,17483202,17483202,na,na,11p15.1,"criteria provided, single submitter",1,-,N,ClinGen:CA5903785,2,1157958,17483202,G,A,-,-,-,-,-,-,SCV001706001,-,-
1142085,single nucleotide variant,NM_000352.6(ABCC8):c.750C>T (p.Ile250=),6833,ABCC8,HGNC:59,Likely benign,0,"Mar 25, 2024",566527939,-,RCV001501195,MedGen:C3661900,not provided,germline,germline,GRCh38,NC_000011.10,11,17461655,17461655,na,na,11p15.1,"criteria provided, single submitter",1,-,N,ClinGen:CA5903785,2,1157958,17461655,G,A,-,-,-,-,-,-,SCV001706001,-,-
1142086,single nucleotide variant,NM_000352.6(ABCC8):c.660C>T (p.Pro220=),6833,ABCC8,HGNC:59,Likely benign,0,"Sep 08, 2023",773643362,-,RCV001487809|RCV002495734,"MedGen:C3661900|MONDO:MONDO:0012480,MedGen:C1835887,OMIM:610374,Orphanet:99886;MONDO:MONDO:0009734,MedGen:C2931832,OMIM:256450,Orphanet:276575,Orphanet:276598;MONDO:MONDO:0009415,MedGen:C0271714,OMIM:240800;MONDO:MONDO:0030088,MedGen:C5394303,OMIM:618857;Human Phenotype Ontology:HP:0005965,Human Phenotype Ontology:HP:0005978,Human Phenotype Ontology:HP:0100652,MONDO:MONDO:0005148,MeSH:D003924,MedGen:C0011860,OMIM:125853","not provided|Diabetes mellitus, transient neonatal, 2;Hyperinsulinemic hypoglycemia, familial, 1;Leucine-induced hypoglycemia;Diabetes mellitus, permanent neonatal 3;Type 2 diabetes mellitus",germline;unknown,germline,GRCh37,NC_000011.9,11,17483292,17483292,na,na,11p15.1,"criteria provided, multiple submitters, no conflicts",2,-,N,ClinGen:CA5903803,2,1148080,17483292,G,A,-,-,-,-,-,-,SCV001692306|SCV002794691,-,-
1142086,single nucleotide variant,NM_000352.6(ABCC8):c.660C>T (p.Pro220=),6833,ABCC8,HGNC:59,Likely benign,0,"Sep 08, 2023",773643362,-,RCV001487809|RCV002495734,"MedGen:C3661900|MONDO:MONDO:0012480,MedGen:C1835887,OMIM:610374,Orphanet:99886;MONDO:MONDO:0009734,MedGen:C2931832,OMIM:256450,Orphanet:276575,Orphanet:276598;MONDO:MONDO:0009415,MedGen:C0271714,OMIM:240800;MONDO:MONDO:0030088,MedGen:C5394303,OMIM:618857;Human Phenotype Ontology:HP:0005965,Human Phenotype Ontology:HP:0005978,Human Phenotype Ontology:HP:0100652,MONDO:MONDO:0005148,MeSH:D003924,MedGen:C0011860,OMIM:125853","not provided|Diabetes mellitus, transient neonatal, 2;Hyperinsulinemic hypoglycemia, familial, 1;Leucine-induced hypoglycemia;Diabetes mellitus, permanent neonatal 3;Type 2 diabetes mellitus",germline;unknown,germline,GRCh38,NC_000011.10,11,17461745,17461745,na,na,11p15.1,"criteria provided, multiple submitters, no conflicts",2,-,N,ClinGen:CA5903803,2,1148080,17461745,G,A,-,-,-,-,-,-,SCV001692306|SCV002794691,-,-
1142087,single nucleotide variant,NM_000352.6(ABCC8):c.603G>A (p.Pro201=),6833,ABCC8,HGNC:59,Likely benign,0,"Nov 27, 2025",765113879,-,RCV001496744|RCV002488296,"MedGen:C3661900|MONDO:MONDO:0012480,MedGen:C1835887,OMIM:610374,Orphanet:99886;MONDO:MONDO:0009734,MedGen:C2931832,OMIM:256450,Orphanet:276575,Orphanet:276598;MONDO:MONDO:0009415,MedGen:C0271714,OMIM:240800;MONDO:MONDO:0030088,MedGen:C5394303,OMIM:618857;Human Phenotype Ontology:HP:0005965,Human Phenotype Ontology:HP:0005978,Human Phenotype Ontology:HP:0100652,MONDO:MONDO:0005148,MeSH:D003924,MedGen:C0011860,OMIM:125853","not provided|Diabetes mellitus, transient neonatal, 2;Hyperinsulinemic hypoglycemia, familial, 1;Leucine-induced hypoglycemia;Diabetes mellitus, permanent neonatal 3;Type 2 diabetes mellitus",germline;unknown,germline,GRCh37,NC_000011.9,11,17483349,17483349,na,na,11p15.1,"criteria provided, multiple submitters, no conflicts",2,-,N,ClinGen:CA5903816,2,1154653,17483349,C,T,-,-,-,-,-,-,SCV001701455|SCV002799017,-,-
1142087,single nucleotide variant,NM_000352.6(ABCC8):c.603G>A (p.Pro201=),6833,ABCC8,HGNC:59,Likely benign,0,"Nov 27, 2025",765113879,-,RCV001496744|RCV002488296,"MedGen:C3661900|MONDO:MONDO:0012480,MedGen:C1835887,OMIM:610374,Orphanet:99886;MONDO:MONDO:0009734,MedGen:C2931832,OMIM:256450,Orphanet:276575,Orphanet:276598;MONDO:MONDO:0009415,MedGen:C0271714,OMIM:240800;MONDO:MONDO:0030088,MedGen:C5394303,OMIM:618857;Human Phenotype Ontology:HP:0005965,Human Phenotype Ontology:HP:0005978,Human Phenotype Ontology:HP:0100652,MONDO:MONDO:0005148,MeSH:D003924,MedGen:C0011860,OMIM:125853","not provided|Diabetes mellitus, transient neonatal, 2;Hyperinsulinemic hypoglycemia, familial, 1;Leucine-induced hypoglycemia;Diabetes mellitus, permanent neonatal 3;Type 2 diabetes mellitus",germline;unknown,germline,GRCh38,NC_000011.10,11,17461802,17461802,na,na,11p15.1,"criteria provided, multiple submitters, no conflicts",2,-,N,ClinGen:CA5903816,2,1154653,17461802,C,T,-,-,-,-,-,-,SCV001701455|SCV002799017,-,-
1142088,single nucleotide variant,NM_000352.6(ABCC8):c.576G>A (p.Val192=),6833,ABCC8,HGNC:59,Likely benign,0,"Jul 16, 2023",2133686785,-,RCV001504361,MedGen:C3661900,not provided,germline,germline,GRCh37,NC_000011.9,11,17484988,17484988,na,na,11p15.1,"criteria provided, single submitter",1,-,N,ClinGen:CA473300991,2,1160297,17484988,C,T,-,-,-,-,-,-,SCV001709237,-,-
1142088,single nucleotide variant,NM_000352.6(ABCC8):c.576G>A (p.Val192=),6833,ABCC8,HGNC:59,Likely benign,0,"Jul 16, 2023",2133686785,-,RCV001504361,MedGen:C3661900,not provided,germline,germline,GRCh38,NC_000011.10,11,17463441,17463441,na,na,11p15.1,"criteria provided, single submitter",1,-,N,ClinGen:CA473300991,2,1160297,17463441,C,T,-,-,-,-,-,-,SCV001709237,-,-
1142089,single nucleotide variant,NM_000352.6(ABCC8):c.426T>C (p.Tyr142=),6833,ABCC8,HGNC:59,Likely benign,0,"Aug 30, 2023",2133687754,-,RCV001487283,MedGen:C3661900,not provided,germline,germline,GRCh37,NC_000011.9,11,17485138,17485138,na,na,11p15.1,"criteria provided, single submitter",1,-,N,ClinGen:CA473301157,2,1147671,17485138,A,G,-,-,-,-,-,-,SCV001691769,-,-
1142089,single nucleotide variant,NM_000352.6(ABCC8):c.426T>C (p.Tyr142=),6833,ABCC8,HGNC:59,Likely benign,0,"Aug 30, 2023",2133687754,-,RCV001487283,MedGen:C3661900,not provided,germline,germline,GRCh38,NC_000011.10,11,17463591,17463591,na,na,11p15.1,"criteria provided, single submitter",1,-,N,ClinGen:CA473301157,2,1147671,17463591,A,G,-,-,-,-,-,-,SCV001691769,-,-
1142090,single nucleotide variant,NM_000352.6(ABCC8):c.413-6C>T,6833,ABCC8,HGNC:59,Likely benign,0,"Jan 11, 2024",373759803,-,RCV001505274,MedGen:C3661900,not provided,germline,germline,GRCh37,NC_000011.9,11,17485157,17485157,na,na,11p15.1,"criteria provided, single submitter",1,-,N,ClinGen:CA5903871,2,1160974,17485157,G,A,-,-,-,-,-,-,SCV001710166,-,-
1142090,single nucleotide variant,NM_000352.6(ABCC8):c.413-6C>T,6833,ABCC8,HGNC:59,Likely benign,0,"Jan 11, 2024",373759803,-,RCV001505274,MedGen:C3661900,not provided,germline,germline,GRCh38,NC_000011.10,11,17463610,17463610,na,na,11p15.1,"criteria provided, single submitter",1,-,N,ClinGen:CA5903871,2,1160974,17463610,G,A,-,-,-,-,-,-,SCV001710166,-,-
1142091,single nucleotide variant,NM_000352.6(ABCC8):c.351T>C (p.Ala117=),6833,ABCC8,HGNC:59,Likely benign,0,"Dec 17, 2025",779259385,-,RCV001493217,MedGen:C3661900,not provided,germline,germline,GRCh37,NC_000011.9,11,17491709,17491709,na,na,11p15.1,"criteria provided, single submitter",1,-,N,ClinGen:CA5903903,2,1152038,17491709,A,G,-,-,-,-,-,-,SCV001697839,-,-
1142091,single nucleotide variant,NM_000352.6(ABCC8):c.351T>C (p.Ala117=),6833,ABCC8,HGNC:59,Likely benign,0,"Dec 17, 2025",779259385,-,RCV001493217,MedGen:C3661900,not provided,germline,germline,GRCh38,NC_000011.10,11,17470162,17470162,na,na,11p15.1,"criteria provided, single submitter",1,-,N,ClinGen:CA5903903,2,1152038,17470162,A,G,-,-,-,-,-,-,SCV001697839,-,-
1142092,single nucleotide variant,NM_000352.6(ABCC8):c.282G>C (p.Leu94=),6833,ABCC8,HGNC:59,Likely benign,0,"Mar 11, 2024",757467422,-,RCV001489457,MedGen:C3661900,not provided,germline,germline,GRCh37,NC_000011.9,11,17496441,17496441,na,na,11p15.1,"criteria provided, single submitter",1,-,N,ClinGen:CA5903934,2,1149283,17496441,C,G,-,-,-,-,-,-,SCV001693999,-,-
1142092,single nucleotide variant,NM_000352.6(ABCC8):c.282G>C (p.Leu94=),6833,ABCC8,HGNC:59,Likely benign,0,"Mar 11, 2024",757467422,-,RCV001489457,MedGen:C3661900,not provided,germline,germline,GRCh38,NC_000011.10,11,17474894,17474894,na,na,11p15.1,"criteria provided, single submitter",1,-,N,ClinGen:CA5903934,2,1149283,17474894,C,G,-,-,-,-,-,-,SCV001693999,-,-
1142093,single nucleotide variant,NM_000352.6(ABCC8):c.231G>A (p.Leu77=),6833,ABCC8,HGNC:59,Likely benign,0,"Jan 13, 2026",995709683,-,RCV001506817,MedGen:C3661900,not provided,germline,germline,GRCh37,NC_000011.9,11,17496492,17496492,na,na,11p15.1,"criteria provided, single submitter",1,-,N,ClinGen:CA218462555,2,1162047,17496492,C,T,-,-,-,-,-,-,SCV001711752,-,-
1142093,single nucleotide variant,NM_000352.6(ABCC8):c.231G>A (p.Leu77=),6833,ABCC8,HGNC:59,Likely benign,0,"Jan 13, 2026",995709683,-,RCV001506817,MedGen:C3661900,not provided,germline,germline,GRCh38,NC_000011.10,11,17474945,17474945,na,na,11p15.1,"criteria provided, single submitter",1,-,N,ClinGen:CA218462555,2,1162047,17474945,C,T,-,-,-,-,-,-,SCV001711752,-,-
1142094,single nucleotide variant,NM_000352.6(ABCC8):c.126C>T (p.Ile42=),6833,ABCC8,HGNC:59,Likely benign,0,"Jan 23, 2025",369059273,-,RCV001484872,MedGen:C3661900,not provided,germline,germline,GRCh37,NC_000011.9,11,17498198,17498198,na,na,11p15.1,"criteria provided, single submitter",1,-,N,ClinGen:CA5903977,2,1145825,17498198,G,A,-,-,-,-,-,-,SCV001689295,-,-
1142094,single nucleotide variant,NM_000352.6(ABCC8):c.126C>T (p.Ile42=),6833,ABCC8,HGNC:59,Likely benign,0,"Jan 23, 2025",369059273,-,RCV001484872,MedGen:C3661900,not provided,germline,germline,GRCh38,NC_000011.10,11,17476651,17476651,na,na,11p15.1,"criteria provided, single submitter",1,-,N,ClinGen:CA5903977,2,1145825,17476651,G,A,-,-,-,-,-,-,SCV001689295,-,-
1142095,single nucleotide variant,NM_000352.6(ABCC8):c.117A>G (p.Leu39=),6833,ABCC8,HGNC:59,Likely benign,0,"Jan 31, 2024",750318681,-,RCV001489835,MedGen:C3661900,not provided,germline,germline,GRCh37,NC_000011.9,11,17498207,17498207,na,na,11p15.1,"criteria provided, single submitter",1,-,N,ClinGen:CA5903979,2,1149540,17498207,T,C,-,-,-,-,-,-,SCV001694388,-,-
1142095,single nucleotide variant,NM_000352.6(ABCC8):c.117A>G (p.Leu39=),6833,ABCC8,HGNC:59,Likely benign,0,"Jan 31, 2024",750318681,-,RCV001489835,MedGen:C3661900,not provided,germline,germline,GRCh38,NC_000011.10,11,17476660,17476660,na,na,11p15.1,"criteria provided, single submitter",1,-,N,ClinGen:CA5903979,2,1149540,17476660,T,C,-,-,-,-,-,-,SCV001694388,-,-
1142096,single nucleotide variant,NM_000352.6(ABCC8):c.90G>A (p.Ala30=),6833,ABCC8,HGNC:59,Likely benign,0,"Jan 28, 2026",377209579,-,RCV001493610|RCV004533877,MedGen:C3661900|,not provided|ABCC8-related disorder,germline,germline,GRCh37,NC_000011.9,11,17498234,17498234,na,na,11p15.1,"criteria provided, single submitter",2,-,N,ClinGen:CA5903985,2,1152313,17498234,C,T,-,-,-,-,-,-,SCV001698245,-,-
1142096,single nucleotide variant,NM_000352.6(ABCC8):c.90G>A (p.Ala30=),6833,ABCC8,HGNC:59,Likely benign,0,"Jan 28, 2026",377209579,-,RCV001493610|RCV004533877,MedGen:C3661900|,not provided|ABCC8-related disorder,germline,germline,GRCh38,NC_000011.10,11,17476687,17476687,na,na,11p15.1,"criteria provided, single submitter",2,-,N,ClinGen:CA5903985,2,1152313,17476687,C,T,-,-,-,-,-,-,SCV001698245,-,-
1151093,single nucleotide variant,NM_000525.4(KCNJ11):c.617G>A (p.Arg206His),3767,KCNJ11,HGNC:6257,Pathogenic/Likely pathogenic,1,"Jul 10, 2025",1554901747,-,RCV001506970|RCV002564187|RCV004719070|RCV005912928,"MONDO:MONDO:0011153,MedGen:C2931833,OMIM:601820,Orphanet:276580,Orphanet:276603|MedGen:C3661900|MONDO:MONDO:0014589,MedGen:C4225365,OMIM:616329,Orphanet:552|MONDO:MONDO:0017182,MedGen:C3888018,Orphanet:276525","Hyperinsulinemic hypoglycemia, familial, 2|not provided|Maturity-onset diabetes of the young type 13|Familial hyperinsulinism",germline;unknown,germline,GRCh37,NC_000011.9,11,17409022,17409022,na,na,11p15.1,"criteria provided, multiple submitters, no conflicts",4,-,N,ClinGen:CA379772144,2,1162197,17409022,C,T,-,-,-,-,-,-,SCV001653803|SCV002951259|SCV007095225,-,-
1151093,single nucleotide variant,NM_000525.4(KCNJ11):c.617G>A (p.Arg206His),3767,KCNJ11,HGNC:6257,Pathogenic/Likely pathogenic,1,"Jul 10, 2025",1554901747,-,RCV001506970|RCV002564187|RCV004719070|RCV005912928,"MONDO:MONDO:0011153,MedGen:C2931833,OMIM:601820,Orphanet:276580,Orphanet:276603|MedGen:C3661900|MONDO:MONDO:0014589,MedGen:C4225365,OMIM:616329,Orphanet:552|MONDO:MONDO:0017182,MedGen:C3888018,Orphanet:276525","Hyperinsulinemic hypoglycemia, familial, 2|not provided|Maturity-onset diabetes of the young type 13|Familial hyperinsulinism",germline;unknown,germline,GRCh38,NC_000011.10,11,17387475,17387475,na,na,11p15.1,"criteria provided, multiple submitters, no conflicts",4,-,N,ClinGen:CA379772144,2,1162197,17387475,C,T,-,-,-,-,-,-,SCV001653803|SCV002951259|SCV007095225,-,-
1156656,single nucleotide variant,NM_000352.6(ABCC8):c.4608+54G>C,6833,ABCC8,HGNC:59,Benign,0,"Jun 04, 2025",4148646,-,RCV001520134|RCV001533244|RCV001533253|RCV001533254|RCV001533255,"MedGen:C3661900|MONDO:MONDO:0009415,MedGen:C0271714,OMIM:240800|MONDO:MONDO:0009734,MedGen:C2931832,OMIM:256450,Orphanet:276575,Orphanet:276598|MONDO:MONDO:0012480,MedGen:C1835887,OMIM:610374,Orphanet:99886|MONDO:MONDO:0030088,MedGen:C5394303,OMIM:618857","not provided|Leucine-induced hypoglycemia|Hyperinsulinemic hypoglycemia, familial, 1|Diabetes mellitus, transient neonatal, 2|Diabetes mellitus, permanent neonatal 3",germline,germline,GRCh37,NC_000011.9,11,17415190,17415190,na,na,11p15.1,"criteria provided, multiple submitters, no conflicts",4,-,N,ClinGen:CA13410945,2,1169205,17415190,C,G,-,-,-,-,-,-,SCV001729169|SCV001745588|SCV001749047|SCV001749064|SCV001749065|SCV001749066|SCV005323549,-,-
1156656,single nucleotide variant,NM_000352.6(ABCC8):c.4608+54G>C,6833,ABCC8,HGNC:59,Benign,0,"Jun 04, 2025",4148646,-,RCV001520134|RCV001533244|RCV001533253|RCV001533254|RCV001533255,"MedGen:C3661900|MONDO:MONDO:0009415,MedGen:C0271714,OMIM:240800|MONDO:MONDO:0009734,MedGen:C2931832,OMIM:256450,Orphanet:276575,Orphanet:276598|MONDO:MONDO:0012480,MedGen:C1835887,OMIM:610374,Orphanet:99886|MONDO:MONDO:0030088,MedGen:C5394303,OMIM:618857","not provided|Leucine-induced hypoglycemia|Hyperinsulinemic hypoglycemia, familial, 1|Diabetes mellitus, transient neonatal, 2|Diabetes mellitus, permanent neonatal 3",germline,germline,GRCh38,NC_000011.10,11,17393643,17393643,na,na,11p15.1,"criteria provided, multiple submitters, no conflicts",4,-,N,ClinGen:CA13410945,2,1169205,17393643,C,G,-,-,-,-,-,-,SCV001729169|SCV001745588|SCV001749047|SCV001749064|SCV001749065|SCV001749066|SCV005323549,-,-
1156657,single nucleotide variant,NM_000352.6(ABCC8):c.3393C>T (p.Ile1131=),6833,ABCC8,HGNC:59,Benign,0,"Jan 27, 2026",776975807,-,RCV001513985|RCV001826363|RCV004533930,MedGen:C3661900||,not provided|Hereditary hyperinsulinism|ABCC8-related disorder,germline,germline,GRCh37,NC_000011.9,11,17427047,17427047,na,na,11p15.1,"criteria provided, single submitter",3,-,N,ClinGen:CA5902841,2,1166162,17427047,G,A,-,-,-,-,-,-,SCV001721706,-,-
1156657,single nucleotide variant,NM_000352.6(ABCC8):c.3393C>T (p.Ile1131=),6833,ABCC8,HGNC:59,Benign,0,"Jan 27, 2026",776975807,-,RCV001513985|RCV001826363|RCV004533930,MedGen:C3661900||,not provided|Hereditary hyperinsulinism|ABCC8-related disorder,germline,germline,GRCh38,NC_000011.10,11,17405500,17405500,na,na,11p15.1,"criteria provided, single submitter",3,-,N,ClinGen:CA5902841,2,1166162,17405500,G,A,-,-,-,-,-,-,SCV001721706,-,-
1156658,single nucleotide variant,NM_000352.6(ABCC8):c.2292-36C>T,6833,ABCC8,HGNC:59,Benign,0,"Jun 03, 2025",1800851,-,RCV001512801,MedGen:C3661900,not provided,germline,germline,GRCh37,NC_000011.9,11,17436193,17436193,na,na,11p15.1,"criteria provided, multiple submitters, no conflicts",3,-,N,ClinGen:CA5903203,2,1165583,17436193,G,A,-,-,-,-,-,-,SCV001720266|SCV001750744|SCV005323568,-,-
1156658,single nucleotide variant,NM_000352.6(ABCC8):c.2292-36C>T,6833,ABCC8,HGNC:59,Benign,0,"Jun 03, 2025",1800851,-,RCV001512801,MedGen:C3661900,not provided,germline,germline,GRCh38,NC_000011.10,11,17414646,17414646,na,na,11p15.1,"criteria provided, multiple submitters, no conflicts",3,-,N,ClinGen:CA5903203,2,1165583,17414646,G,A,-,-,-,-,-,-,SCV001720266|SCV001750744|SCV005323568,-,-
1156659,single nucleotide variant,NM_000352.6(ABCC8):c.1672-74G>A,6833,ABCC8,HGNC:59,Benign,0,"Jun 03, 2025",2074308,-,RCV001521445,MedGen:C3661900,not provided,germline,germline,GRCh37,NC_000011.9,11,17452580,17452580,na,na,11p15.1,"criteria provided, multiple submitters, no conflicts",3,-,N,ClinGen:CA13478864,2,1169737,17452580,C,T,-,-,-,-,-,-,SCV001730793|SCV001863726|SCV005323577,-,-
1156659,single nucleotide variant,NM_000352.6(ABCC8):c.1672-74G>A,6833,ABCC8,HGNC:59,Benign,0,"Jun 03, 2025",2074308,-,RCV001521445,MedGen:C3661900,not provided,germline,germline,GRCh38,NC_000011.10,11,17431033,17431033,na,na,11p15.1,"criteria provided, multiple submitters, no conflicts",3,-,N,ClinGen:CA13478864,2,1169737,17431033,C,T,-,-,-,-,-,-,SCV001730793|SCV001863726|SCV005323577,-,-
1161864,single nucleotide variant,NM_000162.5(GCK):c.82G>A (p.Glu28Lys),2645,GCK,HGNC:4195,Uncertain significance,0,"Aug 10, 2024",2128823215,-,RCV001526668|RCV005094714,"Human Phenotype Ontology:HP:0004904,MONDO:MONDO:0018911,MedGen:C0342276,OMIM:PS125850,Orphanet:552|MedGen:C3661900",Maturity-onset diabetes of the young|not provided,germline;unknown,germline,GRCh37,NC_000007.13,7,44193026,44193026,na,na,7p13,"criteria provided, multiple submitters, no conflicts",2,-,N,ClinGen:CA367403690,2,1172675,44193026,C,T,-,-,-,-,-,-,SCV001656298|SCV005835032,-,-
1161864,single nucleotide variant,NM_000162.5(GCK):c.82G>A (p.Glu28Lys),2645,GCK,HGNC:4195,Uncertain significance,0,"Aug 10, 2024",2128823215,-,RCV001526668|RCV005094714,"Human Phenotype Ontology:HP:0004904,MONDO:MONDO:0018911,MedGen:C0342276,OMIM:PS125850,Orphanet:552|MedGen:C3661900",Maturity-onset diabetes of the young|not provided,germline;unknown,germline,GRCh38,NC_000007.14,7,44153427,44153427,na,na,7p13,"criteria provided, multiple submitters, no conflicts",2,-,N,ClinGen:CA367403690,2,1172675,44153427,C,T,-,-,-,-,-,-,SCV001656298|SCV005835032,-,-
1162054,single nucleotide variant,NM_000162.5(GCK):c.691A>G (p.Asn231Asp),2645,GCK,HGNC:4195,Uncertain significance,0,"Feb 22, 2024",2128820674,-,RCV001527031|RCV005094717,MedGen:CN169374|MedGen:C3661900,not specified|not provided,germline,germline,GRCh37,NC_000007.13,7,44187421,44187421,na,na,7p13,"criteria provided, multiple submitters, no conflicts",2,-,N,ClinGen:CA367400772,2,1172895,44187421,T,C,-,-,-,-,-,-,SCV001737853|SCV005742698,-,-
1162054,single nucleotide variant,NM_000162.5(GCK):c.691A>G (p.Asn231Asp),2645,GCK,HGNC:4195,Uncertain significance,0,"Feb 22, 2024",2128820674,-,RCV001527031|RCV005094717,MedGen:CN169374|MedGen:C3661900,not specified|not provided,germline,germline,GRCh38,NC_000007.14,7,44147822,44147822,na,na,7p13,"criteria provided, multiple submitters, no conflicts",2,-,N,ClinGen:CA367400772,2,1172895,44147822,T,C,-,-,-,-,-,-,SCV001737853|SCV005742698,-,-
1162055,single nucleotide variant,NM_000162.5(GCK):c.660C>A (p.Cys220Ter),2645,GCK,HGNC:4195,Pathogenic,1,"Oct 13, 2023",142952813,-,RCV001527032|RCV001658238|RCV002368554|RCV002488347|RCV003399324,"MONDO:MONDO:0007453,MedGen:C0342277,OMIM:125851,Orphanet:552|MedGen:C3661900|Human Phenotype Ontology:HP:0004904,MONDO:MONDO:0018911,MedGen:C0342276,OMIM:PS125850,Orphanet:552|MONDO:MONDO:0100165,MedGen:C5393570,OMIM:606176;Human Phenotype Ontology:HP:0005965,Human Phenotype Ontology:HP:0005978,Human Phenotype Ontology:HP:0100652,MONDO:MONDO:0005148,MeSH:D003924,MedGen:C0011860,OMIM:125853;MONDO:MONDO:0011236,MedGen:C1865290,OMIM:602485,Orphanet:79299;MONDO:MONDO:0007453,MedGen:C0342277,OMIM:125851,Orphanet:552|MONDO:MONDO:0015967,MedGen:C3888631,Orphanet:183625",Maturity-onset diabetes of the young type 2|not provided|Maturity-onset diabetes of the young|Permanent neonatal diabetes mellitus 1;Type 2 diabetes mellitus;Hyperinsulinism due to glucokinase deficiency;Maturity-onset diabetes of the young type 2|Monogenic diabetes,germline;unknown,germline,GRCh37,NC_000007.13,7,44189378,44189378,na,na,7p13,reviewed by expert panel,8,-,N,ClinGen:CA367401189,2,1172896,44189378,G,T,-,-,-,-,-,-,SCV004102850,-,-
1162055,single nucleotide variant,NM_000162.5(GCK):c.660C>A (p.Cys220Ter),2645,GCK,HGNC:4195,Pathogenic,1,"Oct 13, 2023",142952813,-,RCV001527032|RCV001658238|RCV002368554|RCV002488347|RCV003399324,"MONDO:MONDO:0007453,MedGen:C0342277,OMIM:125851,Orphanet:552|MedGen:C3661900|Human Phenotype Ontology:HP:0004904,MONDO:MONDO:0018911,MedGen:C0342276,OMIM:PS125850,Orphanet:552|MONDO:MONDO:0100165,MedGen:C5393570,OMIM:606176;Human Phenotype Ontology:HP:0005965,Human Phenotype Ontology:HP:0005978,Human Phenotype Ontology:HP:0100652,MONDO:MONDO:0005148,MeSH:D003924,MedGen:C0011860,OMIM:125853;MONDO:MONDO:0011236,MedGen:C1865290,OMIM:602485,Orphanet:79299;MONDO:MONDO:0007453,MedGen:C0342277,OMIM:125851,Orphanet:552|MONDO:MONDO:0015967,MedGen:C3888631,Orphanet:183625",Maturity-onset diabetes of the young type 2|not provided|Maturity-onset diabetes of the young|Permanent neonatal diabetes mellitus 1;Type 2 diabetes mellitus;Hyperinsulinism due to glucokinase deficiency;Maturity-onset diabetes of the young type 2|Monogenic diabetes,germline;unknown,germline,GRCh38,NC_000007.14,7,44149779,44149779,na,na,7p13,reviewed by expert panel,8,-,N,ClinGen:CA367401189,2,1172896,44149779,G,T,-,-,-,-,-,-,SCV004102850,-,-
1163557,single nucleotide variant,NM_000352.6(ABCC8):c.412+312A>C,6833,ABCC8,HGNC:59,Benign,0,"Aug 09, 2018",2237969,-,RCV001527901,MedGen:C3661900,not provided,germline,germline,GRCh37,NC_000011.9,11,17491336,17491336,na,na,11p15.1,"criteria provided, single submitter",1,-,N,ClinGen:CA15711757,2,1174320,17491336,T,G,-,-,-,-,-,-,SCV001739048,-,-
1163557,single nucleotide variant,NM_000352.6(ABCC8):c.412+312A>C,6833,ABCC8,HGNC:59,Benign,0,"Aug 09, 2018",2237969,-,RCV001527901,MedGen:C3661900,not provided,germline,germline,GRCh38,NC_000011.10,11,17469789,17469789,na,na,11p15.1,"criteria provided, single submitter",1,-,N,ClinGen:CA15711757,2,1174320,17469789,T,G,-,-,-,-,-,-,SCV001739048,-,-
1166870,single nucleotide variant,NM_000352.6(ABCC8):c.4119+93G>T,6833,ABCC8,HGNC:59,Conflicting classifications of pathogenicity,0,"Sep 10, 2025",4148644,-,RCV001533265|RCV001533264|RCV001533266|RCV001533267|RCV001615252|RCV002285181|RCV002285180,"MONDO:MONDO:0009734,MedGen:C2931832,OMIM:256450,Orphanet:276575,Orphanet:276598|MONDO:MONDO:0009415,MedGen:C0271714,OMIM:240800|MONDO:MONDO:0012480,MedGen:C1835887,OMIM:610374,Orphanet:99886|MONDO:MONDO:0030088,MedGen:C5394303,OMIM:618857|MedGen:C3661900|Human Phenotype Ontology:HP:0008255,MONDO:MONDO:0020525,MedGen:C0342273|Human Phenotype Ontology:HP:0004904,MONDO:MONDO:0018911,MedGen:C0342276,OMIM:PS125850,Orphanet:552","Hyperinsulinemic hypoglycemia, familial, 1|Leucine-induced hypoglycemia|Diabetes mellitus, transient neonatal, 2|Diabetes mellitus, permanent neonatal 3|not provided|Transitory neonatal diabetes mellitus|Maturity-onset diabetes of the young",germline;unknown,germline,GRCh37,NC_000011.9,11,17418370,17418370,na,na,11p15.1,"criteria provided, conflicting classifications",5,-,N,ClinGen:CA13410946,2,1177452,17418370,C,A,-,-,-,-,-,-,SCV001749075|SCV001749076|SCV001749077|SCV001749078|SCV001833818|SCV002574764|SCV002574773|SCV005221363|SCV006552009,-,-
1166870,single nucleotide variant,NM_000352.6(ABCC8):c.4119+93G>T,6833,ABCC8,HGNC:59,Conflicting classifications of pathogenicity,0,"Sep 10, 2025",4148644,-,RCV001533265|RCV001533264|RCV001533266|RCV001533267|RCV001615252|RCV002285181|RCV002285180,"MONDO:MONDO:0009734,MedGen:C2931832,OMIM:256450,Orphanet:276575,Orphanet:276598|MONDO:MONDO:0009415,MedGen:C0271714,OMIM:240800|MONDO:MONDO:0012480,MedGen:C1835887,OMIM:610374,Orphanet:99886|MONDO:MONDO:0030088,MedGen:C5394303,OMIM:618857|MedGen:C3661900|Human Phenotype Ontology:HP:0008255,MONDO:MONDO:0020525,MedGen:C0342273|Human Phenotype Ontology:HP:0004904,MONDO:MONDO:0018911,MedGen:C0342276,OMIM:PS125850,Orphanet:552","Hyperinsulinemic hypoglycemia, familial, 1|Leucine-induced hypoglycemia|Diabetes mellitus, transient neonatal, 2|Diabetes mellitus, permanent neonatal 3|not provided|Transitory neonatal diabetes mellitus|Maturity-onset diabetes of the young",germline;unknown,germline,GRCh38,NC_000011.10,11,17396823,17396823,na,na,11p15.1,"criteria provided, conflicting classifications",5,-,N,ClinGen:CA13410946,2,1177452,17396823,C,A,-,-,-,-,-,-,SCV001749075|SCV001749076|SCV001749077|SCV001749078|SCV001833818|SCV002574764|SCV002574773|SCV005221363|SCV006552009,-,-
1166871,single nucleotide variant,NM_000352.6(ABCC8):c.2390+219T>C,6833,ABCC8,HGNC:59,Conflicting classifications of pathogenicity,0,"Jul 01, 2021",4148632,-,RCV001533220|RCV001533221|RCV001533222|RCV001533282|RCV001615250|RCV002285176|RCV002285177,"MONDO:MONDO:0009734,MedGen:C2931832,OMIM:256450,Orphanet:276575,Orphanet:276598|MONDO:MONDO:0012480,MedGen:C1835887,OMIM:610374,Orphanet:99886|MONDO:MONDO:0030088,MedGen:C5394303,OMIM:618857|MONDO:MONDO:0009415,MedGen:C0271714,OMIM:240800|MedGen:C3661900|Human Phenotype Ontology:HP:0004904,MONDO:MONDO:0018911,MedGen:C0342276,OMIM:PS125850,Orphanet:552|Human Phenotype Ontology:HP:0008255,MONDO:MONDO:0020525,MedGen:C0342273","Hyperinsulinemic hypoglycemia, familial, 1|Diabetes mellitus, transient neonatal, 2|Diabetes mellitus, permanent neonatal 3|Leucine-induced hypoglycemia|not provided|Maturity-onset diabetes of the young|Transitory neonatal diabetes mellitus",germline;unknown,germline,GRCh37,NC_000011.9,11,17435840,17435840,na,na,11p15.1,"criteria provided, conflicting classifications",3,-,N,ClinGen:CA218429229,2,1177448,17435840,A,G,-,-,-,-,-,-,SCV001749016|SCV001749017|SCV001749018|SCV001749098|SCV001840311|SCV002574774|SCV002574775,-,-
1166871,single nucleotide variant,NM_000352.6(ABCC8):c.2390+219T>C,6833,ABCC8,HGNC:59,Conflicting classifications of pathogenicity,0,"Jul 01, 2021",4148632,-,RCV001533220|RCV001533221|RCV001533222|RCV001533282|RCV001615250|RCV002285176|RCV002285177,"MONDO:MONDO:0009734,MedGen:C2931832,OMIM:256450,Orphanet:276575,Orphanet:276598|MONDO:MONDO:0012480,MedGen:C1835887,OMIM:610374,Orphanet:99886|MONDO:MONDO:0030088,MedGen:C5394303,OMIM:618857|MONDO:MONDO:0009415,MedGen:C0271714,OMIM:240800|MedGen:C3661900|Human Phenotype Ontology:HP:0004904,MONDO:MONDO:0018911,MedGen:C0342276,OMIM:PS125850,Orphanet:552|Human Phenotype Ontology:HP:0008255,MONDO:MONDO:0020525,MedGen:C0342273","Hyperinsulinemic hypoglycemia, familial, 1|Diabetes mellitus, transient neonatal, 2|Diabetes mellitus, permanent neonatal 3|Leucine-induced hypoglycemia|not provided|Maturity-onset diabetes of the young|Transitory neonatal diabetes mellitus",germline;unknown,germline,GRCh38,NC_000011.10,11,17414293,17414293,na,na,11p15.1,"criteria provided, conflicting classifications",3,-,N,ClinGen:CA218429229,2,1177448,17414293,A,G,-,-,-,-,-,-,SCV001749016|SCV001749017|SCV001749018|SCV001749098|SCV001840311|SCV002574774|SCV002574775,-,-
1166872,single nucleotide variant,NM_000352.6(ABCC8):c.2390+123C>T,6833,ABCC8,HGNC:59,Conflicting classifications of pathogenicity,0,"Jul 01, 2021",4148631,-,RCV001533223|RCV001533225|RCV001533224|RCV001533226|RCV001615251|RCV002285178|RCV002285179,"MONDO:MONDO:0009415,MedGen:C0271714,OMIM:240800|MONDO:MONDO:0012480,MedGen:C1835887,OMIM:610374,Orphanet:99886|MONDO:MONDO:0009734,MedGen:C2931832,OMIM:256450,Orphanet:276575,Orphanet:276598|MONDO:MONDO:0030088,MedGen:C5394303,OMIM:618857|MedGen:C3661900|Human Phenotype Ontology:HP:0004904,MONDO:MONDO:0018911,MedGen:C0342276,OMIM:PS125850,Orphanet:552|Human Phenotype Ontology:HP:0008255,MONDO:MONDO:0020525,MedGen:C0342273","Leucine-induced hypoglycemia|Diabetes mellitus, transient neonatal, 2|Hyperinsulinemic hypoglycemia, familial, 1|Diabetes mellitus, permanent neonatal 3|not provided|Maturity-onset diabetes of the young|Transitory neonatal diabetes mellitus",germline;unknown,germline,GRCh37,NC_000011.9,11,17435936,17435936,na,na,11p15.1,"criteria provided, conflicting classifications",4,-,N,ClinGen:CA13568491,2,1177449,17435936,G,A,-,-,-,-,-,-,SCV001749019|SCV001749020|SCV001749021|SCV001749022|SCV001836828|SCV002574776|SCV002574777|SCV005221371,-,-
1166872,single nucleotide variant,NM_000352.6(ABCC8):c.2390+123C>T,6833,ABCC8,HGNC:59,Conflicting classifications of pathogenicity,0,"Jul 01, 2021",4148631,-,RCV001533223|RCV001533225|RCV001533224|RCV001533226|RCV001615251|RCV002285178|RCV002285179,"MONDO:MONDO:0009415,MedGen:C0271714,OMIM:240800|MONDO:MONDO:0012480,MedGen:C1835887,OMIM:610374,Orphanet:99886|MONDO:MONDO:0009734,MedGen:C2931832,OMIM:256450,Orphanet:276575,Orphanet:276598|MONDO:MONDO:0030088,MedGen:C5394303,OMIM:618857|MedGen:C3661900|Human Phenotype Ontology:HP:0004904,MONDO:MONDO:0018911,MedGen:C0342276,OMIM:PS125850,Orphanet:552|Human Phenotype Ontology:HP:0008255,MONDO:MONDO:0020525,MedGen:C0342273","Leucine-induced hypoglycemia|Diabetes mellitus, transient neonatal, 2|Hyperinsulinemic hypoglycemia, familial, 1|Diabetes mellitus, permanent neonatal 3|not provided|Maturity-onset diabetes of the young|Transitory neonatal diabetes mellitus",germline;unknown,germline,GRCh38,NC_000011.10,11,17414389,17414389,na,na,11p15.1,"criteria provided, conflicting classifications",4,-,N,ClinGen:CA13568491,2,1177449,17414389,G,A,-,-,-,-,-,-,SCV001749019|SCV001749020|SCV001749021|SCV001749022|SCV001836828|SCV002574776|SCV002574777|SCV005221371,-,-
1166873,single nucleotide variant,NM_000352.6(ABCC8):c.2390+93C>T,6833,ABCC8,HGNC:59,Conflicting classifications of pathogenicity,0,"Jul 01, 2021",4148630,-,RCV001533230|RCV001533227|RCV001533228|RCV001533229|RCV001655817|RCV002286529|RCV002286530,"MONDO:MONDO:0030088,MedGen:C5394303,OMIM:618857|MONDO:MONDO:0009415,MedGen:C0271714,OMIM:240800|MONDO:MONDO:0009734,MedGen:C2931832,OMIM:256450,Orphanet:276575,Orphanet:276598|MONDO:MONDO:0012480,MedGen:C1835887,OMIM:610374,Orphanet:99886|MedGen:C3661900|Human Phenotype Ontology:HP:0004904,MONDO:MONDO:0018911,MedGen:C0342276,OMIM:PS125850,Orphanet:552|Human Phenotype Ontology:HP:0008255,MONDO:MONDO:0020525,MedGen:C0342273","Diabetes mellitus, permanent neonatal 3|Leucine-induced hypoglycemia|Hyperinsulinemic hypoglycemia, familial, 1|Diabetes mellitus, transient neonatal, 2|not provided|Maturity-onset diabetes of the young|Transitory neonatal diabetes mellitus",germline;unknown,germline,GRCh37,NC_000011.9,11,17435966,17435966,na,na,11p15.1,"criteria provided, conflicting classifications",4,-,N,ClinGen:CA13438220,2,1177450,17435966,G,A,-,-,-,-,-,-,SCV001749023|SCV001749024|SCV001749025|SCV001749026|SCV001864651|SCV002574778|SCV002574779|SCV005221372,-,-
1166873,single nucleotide variant,NM_000352.6(ABCC8):c.2390+93C>T,6833,ABCC8,HGNC:59,Conflicting classifications of pathogenicity,0,"Jul 01, 2021",4148630,-,RCV001533230|RCV001533227|RCV001533228|RCV001533229|RCV001655817|RCV002286529|RCV002286530,"MONDO:MONDO:0030088,MedGen:C5394303,OMIM:618857|MONDO:MONDO:0009415,MedGen:C0271714,OMIM:240800|MONDO:MONDO:0009734,MedGen:C2931832,OMIM:256450,Orphanet:276575,Orphanet:276598|MONDO:MONDO:0012480,MedGen:C1835887,OMIM:610374,Orphanet:99886|MedGen:C3661900|Human Phenotype Ontology:HP:0004904,MONDO:MONDO:0018911,MedGen:C0342276,OMIM:PS125850,Orphanet:552|Human Phenotype Ontology:HP:0008255,MONDO:MONDO:0020525,MedGen:C0342273","Diabetes mellitus, permanent neonatal 3|Leucine-induced hypoglycemia|Hyperinsulinemic hypoglycemia, familial, 1|Diabetes mellitus, transient neonatal, 2|not provided|Maturity-onset diabetes of the young|Transitory neonatal diabetes mellitus",germline;unknown,germline,GRCh38,NC_000011.10,11,17414419,17414419,na,na,11p15.1,"criteria provided, conflicting classifications",4,-,N,ClinGen:CA13438220,2,1177450,17414419,G,A,-,-,-,-,-,-,SCV001749023|SCV001749024|SCV001749025|SCV001749026|SCV001864651|SCV002574778|SCV002574779|SCV005221372,-,-
1166874,single nucleotide variant,NM_000352.6(ABCC8):c.2256-50T>C,6833,ABCC8,HGNC:59,Conflicting classifications of pathogenicity,0,"Jul 01, 2021",4148626,-,RCV001533234|RCV001533231|RCV001533232|RCV001533233|RCV001707891|RCV002286532|RCV002286531,"MONDO:MONDO:0030088,MedGen:C5394303,OMIM:618857|MONDO:MONDO:0009415,MedGen:C0271714,OMIM:240800|MONDO:MONDO:0009734,MedGen:C2931832,OMIM:256450,Orphanet:276575,Orphanet:276598|MONDO:MONDO:0012480,MedGen:C1835887,OMIM:610374,Orphanet:99886|MedGen:C3661900|Human Phenotype Ontology:HP:0008255,MONDO:MONDO:0020525,MedGen:C0342273|Human Phenotype Ontology:HP:0004904,MONDO:MONDO:0018911,MedGen:C0342276,OMIM:PS125850,Orphanet:552","Diabetes mellitus, permanent neonatal 3|Leucine-induced hypoglycemia|Hyperinsulinemic hypoglycemia, familial, 1|Diabetes mellitus, transient neonatal, 2|not provided|Transitory neonatal diabetes mellitus|Maturity-onset diabetes of the young",germline;unknown,germline,GRCh37,NC_000011.9,11,17436936,17436936,na,na,11p15.1,"criteria provided, conflicting classifications",4,-,N,ClinGen:CA5903240,2,1177451,17436936,A,G,-,-,-,-,-,-,SCV001749027|SCV001749028|SCV001749029|SCV001749030|SCV001935019|SCV002574780|SCV002574785|SCV005323570,-,-
1166874,single nucleotide variant,NM_000352.6(ABCC8):c.2256-50T>C,6833,ABCC8,HGNC:59,Conflicting classifications of pathogenicity,0,"Jul 01, 2021",4148626,-,RCV001533234|RCV001533231|RCV001533232|RCV001533233|RCV001707891|RCV002286532|RCV002286531,"MONDO:MONDO:0030088,MedGen:C5394303,OMIM:618857|MONDO:MONDO:0009415,MedGen:C0271714,OMIM:240800|MONDO:MONDO:0009734,MedGen:C2931832,OMIM:256450,Orphanet:276575,Orphanet:276598|MONDO:MONDO:0012480,MedGen:C1835887,OMIM:610374,Orphanet:99886|MedGen:C3661900|Human Phenotype Ontology:HP:0008255,MONDO:MONDO:0020525,MedGen:C0342273|Human Phenotype Ontology:HP:0004904,MONDO:MONDO:0018911,MedGen:C0342276,OMIM:PS125850,Orphanet:552","Diabetes mellitus, permanent neonatal 3|Leucine-induced hypoglycemia|Hyperinsulinemic hypoglycemia, familial, 1|Diabetes mellitus, transient neonatal, 2|not provided|Transitory neonatal diabetes mellitus|Maturity-onset diabetes of the young",germline;unknown,germline,GRCh38,NC_000011.10,11,17415389,17415389,na,na,11p15.1,"criteria provided, conflicting classifications",4,-,N,ClinGen:CA5903240,2,1177451,17415389,A,G,-,-,-,-,-,-,SCV001749027|SCV001749028|SCV001749029|SCV001749030|SCV001935019|SCV002574780|SCV002574785|SCV005323570,-,-
1167517,single nucleotide variant,NM_000352.6(ABCC8):c.3651-229A>G,6833,ABCC8,HGNC:59,Benign,0,"Aug 17, 2018",7927686,-,RCV001533816,MedGen:C3661900,not provided,germline,germline,GRCh37,NC_000011.9,11,17420217,17420217,na,na,11p15.1,"criteria provided, single submitter",1,-,N,ClinGen:CA218411610,2,1177694,17420217,T,C,-,-,-,-,-,-,SCV001750681,-,-
1167517,single nucleotide variant,NM_000352.6(ABCC8):c.3651-229A>G,6833,ABCC8,HGNC:59,Benign,0,"Aug 17, 2018",7927686,-,RCV001533816,MedGen:C3661900,not provided,germline,germline,GRCh38,NC_000011.10,11,17398670,17398670,na,na,11p15.1,"criteria provided, single submitter",1,-,N,ClinGen:CA218411610,2,1177694,17398670,T,C,-,-,-,-,-,-,SCV001750681,-,-
1167518,single nucleotide variant,NM_000352.6(ABCC8):c.2820+122G>A,6833,ABCC8,HGNC:59,Likely benign,0,"Jun 30, 2019",12272831,-,RCV001534003,MedGen:C3661900,not provided,germline,germline,GRCh37,NC_000011.9,11,17429817,17429817,na,na,11p15.1,"criteria provided, single submitter",1,-,N,ClinGen:CA218424182,2,1177839,17429817,C,T,-,-,-,-,-,-,SCV001750890,-,-
1167518,single nucleotide variant,NM_000352.6(ABCC8):c.2820+122G>A,6833,ABCC8,HGNC:59,Likely benign,0,"Jun 30, 2019",12272831,-,RCV001534003,MedGen:C3661900,not provided,germline,germline,GRCh38,NC_000011.10,11,17408270,17408270,na,na,11p15.1,"criteria provided, single submitter",1,-,N,ClinGen:CA218424182,2,1177839,17408270,C,T,-,-,-,-,-,-,SCV001750890,-,-
1167519,single nucleotide variant,NM_000352.6(ABCC8):c.2291+283T>A,6833,ABCC8,HGNC:59,Benign,0,"Aug 30, 2018",73423040,-,RCV001534218,MedGen:C3661900,not provided,germline,germline,GRCh37,NC_000011.9,11,17436568,17436568,na,na,11p15.1,"criteria provided, single submitter",1,-,N,ClinGen:CA218429899,2,1178017,17436568,A,T,-,-,-,-,-,-,SCV001751122,-,-
1167519,single nucleotide variant,NM_000352.6(ABCC8):c.2291+283T>A,6833,ABCC8,HGNC:59,Benign,0,"Aug 30, 2018",73423040,-,RCV001534218,MedGen:C3661900,not provided,germline,germline,GRCh38,NC_000011.10,11,17415021,17415021,na,na,11p15.1,"criteria provided, single submitter",1,-,N,ClinGen:CA218429899,2,1178017,17415021,A,T,-,-,-,-,-,-,SCV001751122,-,-
1167520,single nucleotide variant,NM_000352.6(ABCC8):c.2116+295A>G,6833,ABCC8,HGNC:59,Likely benign,0,"Aug 09, 2018",77330420,-,RCV001534021,MedGen:C3661900,not provided,germline,germline,GRCh37,NC_000011.9,11,17449119,17449119,na,na,11p15.1,"criteria provided, single submitter",1,-,N,ClinGen:CA218440838,2,1177856,17449119,T,C,-,-,-,-,-,-,SCV001750909,-,-
1167520,single nucleotide variant,NM_000352.6(ABCC8):c.2116+295A>G,6833,ABCC8,HGNC:59,Likely benign,0,"Aug 09, 2018",77330420,-,RCV001534021,MedGen:C3661900,not provided,germline,germline,GRCh38,NC_000011.10,11,17427572,17427572,na,na,11p15.1,"criteria provided, single submitter",1,-,N,ClinGen:CA218440838,2,1177856,17427572,T,C,-,-,-,-,-,-,SCV001750909,-,-
1167521,single nucleotide variant,NM_000352.6(ABCC8):c.1332+309G>A,6833,ABCC8,HGNC:59,Benign,0,"Oct 01, 2018",113208965,-,RCV001534389,MedGen:C3661900,not provided,germline,germline,GRCh37,NC_000011.9,11,17469754,17469754,na,na,11p15.1,"criteria provided, single submitter",1,-,N,ClinGen:CA218447383,2,1178165,17469754,C,T,-,-,-,-,-,-,SCV001751314,-,-
1167521,single nucleotide variant,NM_000352.6(ABCC8):c.1332+309G>A,6833,ABCC8,HGNC:59,Benign,0,"Oct 01, 2018",113208965,-,RCV001534389,MedGen:C3661900,not provided,germline,germline,GRCh38,NC_000011.10,11,17448207,17448207,na,na,11p15.1,"criteria provided, single submitter",1,-,N,ClinGen:CA218447383,2,1178165,17448207,C,T,-,-,-,-,-,-,SCV001751314,-,-
1168678,Deletion,NM_000352.6(ABCC8):c.1893del (p.Gln632fs),6833,ABCC8,HGNC:59,Pathogenic,1,"Jun 28, 2023",2133539303,-,RCV001536020|RCV003470855,"MONDO:MONDO:0012480,MedGen:C1835887,OMIM:610374,Orphanet:99886;MONDO:MONDO:0009734,MedGen:C2931832,OMIM:256450,Orphanet:276575,Orphanet:276598;MONDO:MONDO:0009415,MedGen:C0271714,OMIM:240800;MONDO:MONDO:0030088,MedGen:C5394303,OMIM:618857;Human Phenotype Ontology:HP:0005965,Human Phenotype Ontology:HP:0005978,Human Phenotype Ontology:HP:0100652,MONDO:MONDO:0005148,MeSH:D003924,MedGen:C0011860,OMIM:125853|Human Phenotype Ontology:HP:0005965,Human Phenotype Ontology:HP:0005978,Human Phenotype Ontology:HP:0100652,MONDO:MONDO:0005148,MeSH:D003924,MedGen:C0011860,OMIM:125853","Diabetes mellitus, transient neonatal, 2;Hyperinsulinemic hypoglycemia, familial, 1;Leucine-induced hypoglycemia;Diabetes mellitus, permanent neonatal 3;Type 2 diabetes mellitus|Type 2 diabetes mellitus",unknown,unknown,GRCh37,NC_000011.9,11,17450142,17450142,na,na,11p15.1,"criteria provided, multiple submitters, no conflicts",2,-,N,ClinGen:CA2499220831,2,1179142,17450141,GA,G,-,-,-,-,-,-,SCV001752708|SCV004200243,-,-
1168678,Deletion,NM_000352.6(ABCC8):c.1893del (p.Gln632fs),6833,ABCC8,HGNC:59,Pathogenic,1,"Jun 28, 2023",2133539303,-,RCV001536020|RCV003470855,"MONDO:MONDO:0012480,MedGen:C1835887,OMIM:610374,Orphanet:99886;MONDO:MONDO:0009734,MedGen:C2931832,OMIM:256450,Orphanet:276575,Orphanet:276598;MONDO:MONDO:0009415,MedGen:C0271714,OMIM:240800;MONDO:MONDO:0030088,MedGen:C5394303,OMIM:618857;Human Phenotype Ontology:HP:0005965,Human Phenotype Ontology:HP:0005978,Human Phenotype Ontology:HP:0100652,MONDO:MONDO:0005148,MeSH:D003924,MedGen:C0011860,OMIM:125853|Human Phenotype Ontology:HP:0005965,Human Phenotype Ontology:HP:0005978,Human Phenotype Ontology:HP:0100652,MONDO:MONDO:0005148,MeSH:D003924,MedGen:C0011860,OMIM:125853","Diabetes mellitus, transient neonatal, 2;Hyperinsulinemic hypoglycemia, familial, 1;Leucine-induced hypoglycemia;Diabetes mellitus, permanent neonatal 3;Type 2 diabetes mellitus|Type 2 diabetes mellitus",unknown,unknown,GRCh38,NC_000011.10,11,17428595,17428595,na,na,11p15.1,"criteria provided, multiple submitters, no conflicts",2,-,N,ClinGen:CA2499220831,2,1179142,17428594,GA,G,-,-,-,-,-,-,SCV001752708|SCV004200243,-,-
1169246,single nucleotide variant,NM_000162.5(GCK):c.363+318G>A,2645,GCK,HGNC:4195,Benign,0,"Jun 28, 2018",2971678,-,RCV001537051,MedGen:C3661900,not provided,germline,germline,GRCh37,NC_000007.13,7,44191552,44191552,na,na,7p13,"criteria provided, single submitter",1,-,N,ClinGen:CA157918839,2,1179956,44191552,C,T,-,-,-,-,-,-,SCV001753877,-,-
1169246,single nucleotide variant,NM_000162.5(GCK):c.363+318G>A,2645,GCK,HGNC:4195,Benign,0,"Jun 28, 2018",2971678,-,RCV001537051,MedGen:C3661900,not provided,germline,germline,GRCh38,NC_000007.14,7,44151953,44151953,na,na,7p13,"criteria provided, single submitter",1,-,N,ClinGen:CA157918839,2,1179956,44151953,C,T,-,-,-,-,-,-,SCV001753877,-,-
1169444,single nucleotide variant,NM_000352.6(ABCC8):c.2475+146T>C,6833,ABCC8,HGNC:59,Likely benign,0,"Jun 30, 2019",56313844,-,RCV001536565,MedGen:C3661900,not provided,germline,germline,GRCh37,NC_000011.9,11,17434795,17434795,na,na,11p15.1,"criteria provided, single submitter",1,-,N,ClinGen:CA218428384,2,1179557,17434795,A,G,-,-,-,-,-,-,SCV001753343,-,-
1169444,single nucleotide variant,NM_000352.6(ABCC8):c.2475+146T>C,6833,ABCC8,HGNC:59,Likely benign,0,"Jun 30, 2019",56313844,-,RCV001536565,MedGen:C3661900,not provided,germline,germline,GRCh38,NC_000011.10,11,17413248,17413248,na,na,11p15.1,"criteria provided, single submitter",1,-,N,ClinGen:CA218428384,2,1179557,17413248,A,G,-,-,-,-,-,-,SCV001753343,-,-
1169445,single nucleotide variant,NM_000352.6(ABCC8):c.2256-65G>A,6833,ABCC8,HGNC:59,Benign,0,"Aug 17, 2018",12293228,-,RCV001536704,MedGen:C3661900,not provided,germline,germline,GRCh37,NC_000011.9,11,17436951,17436951,na,na,11p15.1,"criteria provided, multiple submitters, no conflicts",2,-,N,ClinGen:CA15698990,2,1179667,17436951,C,T,-,-,-,-,-,-,SCV001753506|SCV005323571,-,-
1169445,single nucleotide variant,NM_000352.6(ABCC8):c.2256-65G>A,6833,ABCC8,HGNC:59,Benign,0,"Aug 17, 2018",12293228,-,RCV001536704,MedGen:C3661900,not provided,germline,germline,GRCh38,NC_000011.10,11,17415404,17415404,na,na,11p15.1,"criteria provided, multiple submitters, no conflicts",2,-,N,ClinGen:CA15698990,2,1179667,17415404,C,T,-,-,-,-,-,-,SCV001753506|SCV005323571,-,-
1172218,single nucleotide variant,NM_000352.6(ABCC8):c.579+204G>C,6833,ABCC8,HGNC:59,Benign,0,"Aug 09, 2018",3815066,-,RCV001539695,MedGen:C3661900,not provided,germline,germline,GRCh37,NC_000011.9,11,17484781,17484781,na,na,11p15.1,"criteria provided, single submitter",1,-,N,ClinGen:CA13528789,2,1182137,17484781,C,G,-,-,-,-,-,-,SCV001757495,-,-
1172218,single nucleotide variant,NM_000352.6(ABCC8):c.579+204G>C,6833,ABCC8,HGNC:59,Benign,0,"Aug 09, 2018",3815066,-,RCV001539695,MedGen:C3661900,not provided,germline,germline,GRCh38,NC_000011.10,11,17463234,17463234,na,na,11p15.1,"criteria provided, single submitter",1,-,N,ClinGen:CA13528789,2,1182137,17463234,C,G,-,-,-,-,-,-,SCV001757495,-,-
1172219,single nucleotide variant,NM_000352.6(ABCC8):c.291-250A>G,6833,ABCC8,HGNC:59,Likely benign,0,"Sep 04, 2018",142378629,-,RCV001540394,MedGen:C3661900,not provided,germline,germline,GRCh37,NC_000011.9,11,17492019,17492019,na,na,11p15.1,"criteria provided, single submitter",1,-,N,ClinGen:CA218456039,2,1182703,17492019,T,C,-,-,-,-,-,-,SCV001758275,-,-
1172219,single nucleotide variant,NM_000352.6(ABCC8):c.291-250A>G,6833,ABCC8,HGNC:59,Likely benign,0,"Sep 04, 2018",142378629,-,RCV001540394,MedGen:C3661900,not provided,germline,germline,GRCh38,NC_000011.10,11,17470472,17470472,na,na,11p15.1,"criteria provided, single submitter",1,-,N,ClinGen:CA218456039,2,1182703,17470472,T,C,-,-,-,-,-,-,SCV001758275,-,-
1176921,single nucleotide variant,NM_000162.5(GCK):c.483+26C>A,2645,GCK,HGNC:4195,Conflicting classifications of pathogenicity,0,"Oct 01, 2025",142668032,-,RCV001548322|RCV002468267|RCV004017847|RCV003956238,"MedGen:C3661900|Human Phenotype Ontology:HP:0005965,Human Phenotype Ontology:HP:0005978,Human Phenotype Ontology:HP:0100652,MONDO:MONDO:0005148,MeSH:D003924,MedGen:C0011860,OMIM:125853;MONDO:MONDO:0011236,MedGen:C1865290,OMIM:602485,Orphanet:79299;MONDO:MONDO:0007453,MedGen:C0342277,OMIM:125851,Orphanet:552|MedGen:CN169374|",not provided|Type 2 diabetes mellitus;Hyperinsulinism due to glucokinase deficiency;Maturity-onset diabetes of the young type 2|not specified|GCK-related disorder,germline,germline,GRCh37,NC_000007.13,7,44190529,44190529,na,na,7p13,"criteria provided, conflicting classifications",6,-,N,ClinGen:CA4239620,2,1188508,44190529,G,T,-,-,-,-,-,-,SCV001768212|SCV002764326|SCV004848495|SCV005188506|SCV007116847,-,-
1176921,single nucleotide variant,NM_000162.5(GCK):c.483+26C>A,2645,GCK,HGNC:4195,Conflicting classifications of pathogenicity,0,"Oct 01, 2025",142668032,-,RCV001548322|RCV002468267|RCV004017847|RCV003956238,"MedGen:C3661900|Human Phenotype Ontology:HP:0005965,Human Phenotype Ontology:HP:0005978,Human Phenotype Ontology:HP:0100652,MONDO:MONDO:0005148,MeSH:D003924,MedGen:C0011860,OMIM:125853;MONDO:MONDO:0011236,MedGen:C1865290,OMIM:602485,Orphanet:79299;MONDO:MONDO:0007453,MedGen:C0342277,OMIM:125851,Orphanet:552|MedGen:CN169374|",not provided|Type 2 diabetes mellitus;Hyperinsulinism due to glucokinase deficiency;Maturity-onset diabetes of the young type 2|not specified|GCK-related disorder,germline,germline,GRCh38,NC_000007.14,7,44150930,44150930,na,na,7p13,"criteria provided, conflicting classifications",6,-,N,ClinGen:CA4239620,2,1188508,44150930,G,T,-,-,-,-,-,-,SCV001768212|SCV002764326|SCV004848495|SCV005188506|SCV007116847,-,-
1176922,single nucleotide variant,NM_000162.5(GCK):c.434C>T (p.Pro145Leu),2645,GCK,HGNC:4195,Uncertain significance,0,"May 03, 2021",1413302700,-,RCV001546887,MedGen:C3661900,not provided,germline,germline,GRCh37,NC_000007.13,7,44190604,44190604,na,na,7p13,"criteria provided, single submitter",1,-,N,ClinGen:CA367401987,2,1187444,44190604,G,A,-,-,-,-,-,-,SCV001766487,-,-
1176922,single nucleotide variant,NM_000162.5(GCK):c.434C>T (p.Pro145Leu),2645,GCK,HGNC:4195,Uncertain significance,0,"May 03, 2021",1413302700,-,RCV001546887,MedGen:C3661900,not provided,germline,germline,GRCh38,NC_000007.14,7,44151005,44151005,na,na,7p13,"criteria provided, single submitter",1,-,N,ClinGen:CA367401987,2,1187444,44151005,G,A,-,-,-,-,-,-,SCV001766487,-,-
1177417,single nucleotide variant,NM_000352.6(ABCC8):c.4308-56G>C,6833,ABCC8,HGNC:59,Likely benign,0,"Aug 17, 2018",739690,-,RCV001546899,MedGen:C3661900,not provided,germline,germline,GRCh37,NC_000011.9,11,17416878,17416878,na,na,11p15.1,"criteria provided, single submitter",1,-,N,ClinGen:CA218407694,2,1187454,17416878,C,G,-,-,-,-,-,-,SCV001766501,-,-
1177417,single nucleotide variant,NM_000352.6(ABCC8):c.4308-56G>C,6833,ABCC8,HGNC:59,Likely benign,0,"Aug 17, 2018",739690,-,RCV001546899,MedGen:C3661900,not provided,germline,germline,GRCh38,NC_000011.10,11,17395331,17395331,na,na,11p15.1,"criteria provided, single submitter",1,-,N,ClinGen:CA218407694,2,1187454,17395331,C,G,-,-,-,-,-,-,SCV001766501,-,-
1177418,single nucleotide variant,NM_000352.6(ABCC8):c.3651-349T>C,6833,ABCC8,HGNC:59,Likely benign,0,"Mar 16, 2019",112318090,-,RCV001545237,MedGen:C3661900,not provided,germline,germline,GRCh37,NC_000011.9,11,17420337,17420337,na,na,11p15.1,"criteria provided, single submitter",1,-,N,ClinGen:CA218411704,2,1186215,17420337,A,G,-,-,-,-,-,-,SCV001764527,-,-
1177418,single nucleotide variant,NM_000352.6(ABCC8):c.3651-349T>C,6833,ABCC8,HGNC:59,Likely benign,0,"Mar 16, 2019",112318090,-,RCV001545237,MedGen:C3661900,not provided,germline,germline,GRCh38,NC_000011.10,11,17398790,17398790,na,na,11p15.1,"criteria provided, single submitter",1,-,N,ClinGen:CA218411704,2,1186215,17398790,A,G,-,-,-,-,-,-,SCV001764527,-,-
1177419,single nucleotide variant,NM_000352.6(ABCC8):c.3650+288C>A,6833,ABCC8,HGNC:59,Likely benign,0,"Sep 11, 2018",113719324,-,RCV001548718,MedGen:C3661900,not provided,germline,germline,GRCh37,NC_000011.9,11,17423920,17423920,na,na,11p15.1,"criteria provided, single submitter",1,-,N,ClinGen:CA218415291,2,1188797,17423920,G,T,-,-,-,-,-,-,SCV001768679,-,-
1177419,single nucleotide variant,NM_000352.6(ABCC8):c.3650+288C>A,6833,ABCC8,HGNC:59,Likely benign,0,"Sep 11, 2018",113719324,-,RCV001548718,MedGen:C3661900,not provided,germline,germline,GRCh38,NC_000011.10,11,17402373,17402373,na,na,11p15.1,"criteria provided, single submitter",1,-,N,ClinGen:CA218415291,2,1188797,17402373,G,T,-,-,-,-,-,-,SCV001768679,-,-
1177420,single nucleotide variant,NM_000352.6(ABCC8):c.3073G>A (p.Val1025Ile),6833,ABCC8,HGNC:59,Uncertain significance,0,"Jan 22, 2023",771882862,-,RCV001548320|RCV001826394|RCV002568299|RCV002495877|RCV004734229,"MedGen:C3661900||MeSH:D030342,MedGen:C0950123|MONDO:MONDO:0012480,MedGen:C1835887,OMIM:610374,Orphanet:99886;MONDO:MONDO:0009734,MedGen:C2931832,OMIM:256450,Orphanet:276575,Orphanet:276598;MONDO:MONDO:0009415,MedGen:C0271714,OMIM:240800;MONDO:MONDO:0030088,MedGen:C5394303,OMIM:618857;Human Phenotype Ontology:HP:0005965,Human Phenotype Ontology:HP:0005978,Human Phenotype Ontology:HP:0100652,MONDO:MONDO:0005148,MeSH:D003924,MedGen:C0011860,OMIM:125853|","not provided|Hereditary hyperinsulinism|Inborn genetic diseases|Diabetes mellitus, transient neonatal, 2;Hyperinsulinemic hypoglycemia, familial, 1;Leucine-induced hypoglycemia;Diabetes mellitus, permanent neonatal 3;Type 2 diabetes mellitus|ABCC8-related disorder",germline;unknown,germline,GRCh37,NC_000011.9,11,17428524,17428524,na,na,11p15.1,"criteria provided, multiple submitters, no conflicts",5,-,N,ClinGen:CA5902928,2,1188506,17428524,C,T,-,-,-,-,-,-,SCV001768208|SCV002788994|SCV003750450,-,-
1177420,single nucleotide variant,NM_000352.6(ABCC8):c.3073G>A (p.Val1025Ile),6833,ABCC8,HGNC:59,Uncertain significance,0,"Jan 22, 2023",771882862,-,RCV001548320|RCV001826394|RCV002568299|RCV002495877|RCV004734229,"MedGen:C3661900||MeSH:D030342,MedGen:C0950123|MONDO:MONDO:0012480,MedGen:C1835887,OMIM:610374,Orphanet:99886;MONDO:MONDO:0009734,MedGen:C2931832,OMIM:256450,Orphanet:276575,Orphanet:276598;MONDO:MONDO:0009415,MedGen:C0271714,OMIM:240800;MONDO:MONDO:0030088,MedGen:C5394303,OMIM:618857;Human Phenotype Ontology:HP:0005965,Human Phenotype Ontology:HP:0005978,Human Phenotype Ontology:HP:0100652,MONDO:MONDO:0005148,MeSH:D003924,MedGen:C0011860,OMIM:125853|","not provided|Hereditary hyperinsulinism|Inborn genetic diseases|Diabetes mellitus, transient neonatal, 2;Hyperinsulinemic hypoglycemia, familial, 1;Leucine-induced hypoglycemia;Diabetes mellitus, permanent neonatal 3;Type 2 diabetes mellitus|ABCC8-related disorder",germline;unknown,germline,GRCh38,NC_000011.10,11,17406977,17406977,na,na,11p15.1,"criteria provided, multiple submitters, no conflicts",5,-,N,ClinGen:CA5902928,2,1188506,17406977,C,T,-,-,-,-,-,-,SCV001768208|SCV002788994|SCV003750450,-,-
1177421,Deletion,NM_000352.6(ABCC8):c.2390+187_2390+206del,6833,ABCC8,HGNC:59,Likely benign,0,"Nov 08, 2018",150692291,-,RCV001547689,MedGen:C3661900,not provided,germline,germline,GRCh37,NC_000011.9,11,17435853,17435872,na,na,11p15.1,"criteria provided, single submitter",1,-,N,ClinGen:CA218429246,2,1188041,17435852,TCCCCTATGGGAGCTGGATTG,T,-,-,-,-,-,-,SCV001767454,-,-
1177421,Deletion,NM_000352.6(ABCC8):c.2390+187_2390+206del,6833,ABCC8,HGNC:59,Likely benign,0,"Nov 08, 2018",150692291,-,RCV001547689,MedGen:C3661900,not provided,germline,germline,GRCh38,NC_000011.10,11,17414306,17414325,na,na,11p15.1,"criteria provided, single submitter",1,-,N,ClinGen:CA218429246,2,1188041,17414305,TCCCCTATGGGAGCTGGATTG,T,-,-,-,-,-,-,SCV001767454,-,-
1177422,single nucleotide variant,NM_000352.6(ABCC8):c.2390+17G>C,6833,ABCC8,HGNC:59,Benign/Likely benign,0,"Jan 24, 2026",200705248,-,RCV001548123|RCV002501884,"MedGen:C3661900|MONDO:MONDO:0012480,MedGen:C1835887,OMIM:610374,Orphanet:99886;MONDO:MONDO:0009734,MedGen:C2931832,OMIM:256450,Orphanet:276575,Orphanet:276598;MONDO:MONDO:0009415,MedGen:C0271714,OMIM:240800;MONDO:MONDO:0030088,MedGen:C5394303,OMIM:618857;Human Phenotype Ontology:HP:0005965,Human Phenotype Ontology:HP:0005978,Human Phenotype Ontology:HP:0100652,MONDO:MONDO:0005148,MeSH:D003924,MedGen:C0011860,OMIM:125853","not provided|Diabetes mellitus, transient neonatal, 2;Hyperinsulinemic hypoglycemia, familial, 1;Leucine-induced hypoglycemia;Diabetes mellitus, permanent neonatal 3;Type 2 diabetes mellitus",germline;unknown,germline,GRCh37,NC_000011.9,11,17436042,17436042,na,na,11p15.1,"criteria provided, multiple submitters, no conflicts",4,-,N,ClinGen:CA5903173,2,1188359,17436042,C,G,-,-,-,-,-,-,SCV001767980|SCV002385800|SCV002812376|SCV005878920,-,-
1177422,single nucleotide variant,NM_000352.6(ABCC8):c.2390+17G>C,6833,ABCC8,HGNC:59,Benign/Likely benign,0,"Jan 24, 2026",200705248,-,RCV001548123|RCV002501884,"MedGen:C3661900|MONDO:MONDO:0012480,MedGen:C1835887,OMIM:610374,Orphanet:99886;MONDO:MONDO:0009734,MedGen:C2931832,OMIM:256450,Orphanet:276575,Orphanet:276598;MONDO:MONDO:0009415,MedGen:C0271714,OMIM:240800;MONDO:MONDO:0030088,MedGen:C5394303,OMIM:618857;Human Phenotype Ontology:HP:0005965,Human Phenotype Ontology:HP:0005978,Human Phenotype Ontology:HP:0100652,MONDO:MONDO:0005148,MeSH:D003924,MedGen:C0011860,OMIM:125853","not provided|Diabetes mellitus, transient neonatal, 2;Hyperinsulinemic hypoglycemia, familial, 1;Leucine-induced hypoglycemia;Diabetes mellitus, permanent neonatal 3;Type 2 diabetes mellitus",germline;unknown,germline,GRCh38,NC_000011.10,11,17414495,17414495,na,na,11p15.1,"criteria provided, multiple submitters, no conflicts",4,-,N,ClinGen:CA5903173,2,1188359,17414495,C,G,-,-,-,-,-,-,SCV001767980|SCV002385800|SCV002812376|SCV005878920,-,-
1177423,single nucleotide variant,NM_000352.6(ABCC8):c.1333-1032G>A,6833,ABCC8,HGNC:59,Likely benign,0,"Oct 17, 2018",11821525,-,RCV001545443|RCV001836444,MedGen:C3661900|,not provided|Hereditary hyperinsulinism,germline,germline,GRCh37,NC_000011.9,11,17465891,17465891,na,na,11p15.1,"criteria provided, single submitter",2,-,N,ClinGen:CA218446298,2,1186370,17465891,C,T,-,-,-,-,-,-,SCV001764774,-,-
1177423,single nucleotide variant,NM_000352.6(ABCC8):c.1333-1032G>A,6833,ABCC8,HGNC:59,Likely benign,0,"Oct 17, 2018",11821525,-,RCV001545443|RCV001836444,MedGen:C3661900|,not provided|Hereditary hyperinsulinism,germline,germline,GRCh38,NC_000011.10,11,17444344,17444344,na,na,11p15.1,"criteria provided, single submitter",2,-,N,ClinGen:CA218446298,2,1186370,17444344,C,T,-,-,-,-,-,-,SCV001764774,-,-
1177424,single nucleotide variant,NM_000352.6(ABCC8):c.579+132A>T,6833,ABCC8,HGNC:59,Likely benign,0,"Oct 01, 2018",77462644,-,RCV001546940,MedGen:C3661900,not provided,germline,germline,GRCh37,NC_000011.9,11,17484853,17484853,na,na,11p15.1,"criteria provided, single submitter",1,-,N,ClinGen:CA218452719,2,1187487,17484853,T,A,-,-,-,-,-,-,SCV001766546,-,-
1177424,single nucleotide variant,NM_000352.6(ABCC8):c.579+132A>T,6833,ABCC8,HGNC:59,Likely benign,0,"Oct 01, 2018",77462644,-,RCV001546940,MedGen:C3661900,not provided,germline,germline,GRCh38,NC_000011.10,11,17463306,17463306,na,na,11p15.1,"criteria provided, single submitter",1,-,N,ClinGen:CA218452719,2,1187487,17463306,T,A,-,-,-,-,-,-,SCV001766546,-,-
1180341,single nucleotide variant,NM_000162.5(GCK):c.1020-54G>A,2645,GCK,HGNC:4195,Likely benign,0,"Mar 16, 2019",563914015,-,RCV001550593,MedGen:C3661900,not provided,germline,germline,GRCh37,NC_000007.13,7,44185383,44185383,na,na,7p13,"criteria provided, single submitter",1,-,N,ClinGen:CA157913862,2,1190030,44185383,C,T,-,-,-,-,-,-,SCV001770942,-,-
1180341,single nucleotide variant,NM_000162.5(GCK):c.1020-54G>A,2645,GCK,HGNC:4195,Likely benign,0,"Mar 16, 2019",563914015,-,RCV001550593,MedGen:C3661900,not provided,germline,germline,GRCh38,NC_000007.14,7,44145784,44145784,na,na,7p13,"criteria provided, single submitter",1,-,N,ClinGen:CA157913862,2,1190030,44145784,C,T,-,-,-,-,-,-,SCV001770942,-,-
1180342,single nucleotide variant,NM_000162.5(GCK):c.617C>T (p.Thr206Met),2645,GCK,HGNC:4195,Pathogenic/Likely pathogenic,1,"Jun 23, 2025",1441649062,-,RCV001553149|RCV002271659,"MedGen:C3661900|MONDO:MONDO:0015967,MedGen:C3888631,Orphanet:183625",not provided|Monogenic diabetes,germline,germline,GRCh37,NC_000007.13,7,44189421,44189421,na,na,7p13,"criteria provided, multiple submitters, no conflicts",5,-,N,ClinGen:CA367401337,2,1191898,44189421,G,A,-,-,-,-,-,-,SCV001773965|SCV002072031|SCV002179995|SCV002555833|SCV003917147,-,-
1180342,single nucleotide variant,NM_000162.5(GCK):c.617C>T (p.Thr206Met),2645,GCK,HGNC:4195,Pathogenic/Likely pathogenic,1,"Jun 23, 2025",1441649062,-,RCV001553149|RCV002271659,"MedGen:C3661900|MONDO:MONDO:0015967,MedGen:C3888631,Orphanet:183625",not provided|Monogenic diabetes,germline,germline,GRCh38,NC_000007.14,7,44149822,44149822,na,na,7p13,"criteria provided, multiple submitters, no conflicts",5,-,N,ClinGen:CA367401337,2,1191898,44149822,G,A,-,-,-,-,-,-,SCV001773965|SCV002072031|SCV002179995|SCV002555833|SCV003917147,-,-
1180343,single nucleotide variant,NM_000162.5(GCK):c.46-62C>A,2645,GCK,HGNC:4195,Likely benign,0,"Nov 02, 2020",191196720,-,RCV001551487,MedGen:C3661900,not provided,germline,germline,GRCh37,NC_000007.13,7,44193124,44193124,na,na,7p13,"criteria provided, single submitter",1,-,N,ClinGen:CA157920122,2,1190681,44193124,G,T,-,-,-,-,-,-,SCV001772008,-,-
1180343,single nucleotide variant,NM_000162.5(GCK):c.46-62C>A,2645,GCK,HGNC:4195,Likely benign,0,"Nov 02, 2020",191196720,-,RCV001551487,MedGen:C3661900,not provided,germline,germline,GRCh38,NC_000007.14,7,44153525,44153525,na,na,7p13,"criteria provided, single submitter",1,-,N,ClinGen:CA157920122,2,1190681,44153525,G,T,-,-,-,-,-,-,SCV001772008,-,-
1180786,single nucleotide variant,NM_000352.6(ABCC8):c.4120-144T>A,6833,ABCC8,HGNC:59,Likely benign,0,"Nov 15, 2018",143751658,-,RCV001553013,MedGen:C3661900,not provided,germline,germline,GRCh37,NC_000011.9,11,17417621,17417621,na,na,11p15.1,"criteria provided, multiple submitters, no conflicts",2,-,N,ClinGen:CA218408485,2,1191803,17417621,A,T,-,-,-,-,-,-,SCV001773807|SCV005221362,-,-
1180786,single nucleotide variant,NM_000352.6(ABCC8):c.4120-144T>A,6833,ABCC8,HGNC:59,Likely benign,0,"Nov 15, 2018",143751658,-,RCV001553013,MedGen:C3661900,not provided,germline,germline,GRCh38,NC_000011.10,11,17396074,17396074,na,na,11p15.1,"criteria provided, multiple submitters, no conflicts",2,-,N,ClinGen:CA218408485,2,1191803,17396074,A,T,-,-,-,-,-,-,SCV001773807|SCV005221362,-,-
1180787,single nucleotide variant,NM_000352.6(ABCC8):c.2695-322A>C,6833,ABCC8,HGNC:59,Likely benign,0,"Oct 24, 2018",118127827,-,RCV001552354,MedGen:C3661900,not provided,germline,germline,GRCh37,NC_000011.9,11,17430386,17430386,na,na,11p15.1,"criteria provided, single submitter",1,-,N,ClinGen:CA218424718,2,1191326,17430386,T,G,-,-,-,-,-,-,SCV001773025,-,-
1180787,single nucleotide variant,NM_000352.6(ABCC8):c.2695-322A>C,6833,ABCC8,HGNC:59,Likely benign,0,"Oct 24, 2018",118127827,-,RCV001552354,MedGen:C3661900,not provided,germline,germline,GRCh38,NC_000011.10,11,17408839,17408839,na,na,11p15.1,"criteria provided, single submitter",1,-,N,ClinGen:CA218424718,2,1191326,17408839,T,G,-,-,-,-,-,-,SCV001773025,-,-
1180788,single nucleotide variant,NM_000352.6(ABCC8):c.579+286G>T,6833,ABCC8,HGNC:59,Likely benign,0,"Nov 10, 2018",76517733,-,RCV001550309,MedGen:C3661900,not provided,germline,germline,GRCh37,NC_000011.9,11,17484699,17484699,na,na,11p15.1,"criteria provided, single submitter",1,-,N,ClinGen:CA218452598,2,1189809,17484699,C,A,-,-,-,-,-,-,SCV001770615,-,-
1180788,single nucleotide variant,NM_000352.6(ABCC8):c.579+286G>T,6833,ABCC8,HGNC:59,Likely benign,0,"Nov 10, 2018",76517733,-,RCV001550309,MedGen:C3661900,not provided,germline,germline,GRCh38,NC_000011.10,11,17463152,17463152,na,na,11p15.1,"criteria provided, single submitter",1,-,N,ClinGen:CA218452598,2,1189809,17463152,C,A,-,-,-,-,-,-,SCV001770615,-,-
1182240,single nucleotide variant,NM_000162.5(GCK):c.138G>A (p.Arg46=),2645,GCK,HGNC:4195,Benign/Likely benign,0,"Apr 12, 2023",550111033,-,RCV001553677|RCV002388589|RCV003727999|RCV003966184,"MedGen:CN169374|Human Phenotype Ontology:HP:0004904,MONDO:MONDO:0018911,MedGen:C0342276,OMIM:PS125850,Orphanet:552|MedGen:C3661900|",not specified|Maturity-onset diabetes of the young|not provided|GCK-related disorder,germline,germline,GRCh37,NC_000007.13,7,44192970,44192970,na,na,7p13,"criteria provided, multiple submitters, no conflicts",4,-,N,ClinGen:CA4239715,2,1192245,44192970,C,T,-,-,-,-,-,-,SCV001774627|SCV002700016|SCV004535194,-,-
1182240,single nucleotide variant,NM_000162.5(GCK):c.138G>A (p.Arg46=),2645,GCK,HGNC:4195,Benign/Likely benign,0,"Apr 12, 2023",550111033,-,RCV001553677|RCV002388589|RCV003727999|RCV003966184,"MedGen:CN169374|Human Phenotype Ontology:HP:0004904,MONDO:MONDO:0018911,MedGen:C0342276,OMIM:PS125850,Orphanet:552|MedGen:C3661900|",not specified|Maturity-onset diabetes of the young|not provided|GCK-related disorder,germline,germline,GRCh38,NC_000007.14,7,44153371,44153371,na,na,7p13,"criteria provided, multiple submitters, no conflicts",4,-,N,ClinGen:CA4239715,2,1192245,44153371,C,T,-,-,-,-,-,-,SCV001774627|SCV002700016|SCV004535194,-,-
1183986,Duplication,NM_000162.5(GCK):c.564_567dup (p.Lys190fs),2645,GCK,HGNC:4195,Pathogenic,1,"Feb 27, 2024",2128821589,-,RCV001558608|RCV003994308,"MedGen:C3661900|MONDO:MONDO:0015967,MedGen:C3888631,Orphanet:183625",not provided|Monogenic diabetes,germline,germline,GRCh37,NC_000007.13,7,44189579,44189580,na,na,7p13,"criteria provided, multiple submitters, no conflicts",2,-,N,ClinGen:CA2499218895,2,1195505,44189579,T,TGATA,-,-,-,-,-,-,SCV001780595|SCV004813476,-,-
1183986,Duplication,NM_000162.5(GCK):c.564_567dup (p.Lys190fs),2645,GCK,HGNC:4195,Pathogenic,1,"Feb 27, 2024",2128821589,-,RCV001558608|RCV003994308,"MedGen:C3661900|MONDO:MONDO:0015967,MedGen:C3888631,Orphanet:183625",not provided|Monogenic diabetes,germline,germline,GRCh38,NC_000007.14,7,44149980,44149981,na,na,7p13,"criteria provided, multiple submitters, no conflicts",2,-,N,ClinGen:CA2499218895,2,1195505,44149980,T,TGATA,-,-,-,-,-,-,SCV001780595|SCV004813476,-,-
1183987,single nucleotide variant,NM_000162.5(GCK):c.363+317C>T,2645,GCK,HGNC:4195,Likely benign,0,"Jul 15, 2018",145391098,-,RCV001557510,MedGen:C3661900,not provided,germline,germline,GRCh37,NC_000007.13,7,44191553,44191553,na,na,7p13,"criteria provided, single submitter",1,-,N,ClinGen:CA15504207,2,1194681,44191553,G,A,-,-,-,-,-,-,SCV001779283,-,-
1183987,single nucleotide variant,NM_000162.5(GCK):c.363+317C>T,2645,GCK,HGNC:4195,Likely benign,0,"Jul 15, 2018",145391098,-,RCV001557510,MedGen:C3661900,not provided,germline,germline,GRCh38,NC_000007.14,7,44151954,44151954,na,na,7p13,"criteria provided, single submitter",1,-,N,ClinGen:CA15504207,2,1194681,44151954,G,A,-,-,-,-,-,-,SCV001779283,-,-
1184491,single nucleotide variant,NM_000352.6(ABCC8):c.2391-140G>T,6833,ABCC8,HGNC:59,Likely benign,0,"Jun 30, 2019",79315601,-,RCV001559035,MedGen:C3661900,not provided,germline,germline,GRCh37,NC_000011.9,11,17435165,17435165,na,na,11p15.1,"criteria provided, single submitter",1,-,N,ClinGen:CA218428779,2,1195809,17435165,C,A,-,-,-,-,-,-,SCV001781097,-,-
1184491,single nucleotide variant,NM_000352.6(ABCC8):c.2391-140G>T,6833,ABCC8,HGNC:59,Likely benign,0,"Jun 30, 2019",79315601,-,RCV001559035,MedGen:C3661900,not provided,germline,germline,GRCh38,NC_000011.10,11,17413618,17413618,na,na,11p15.1,"criteria provided, single submitter",1,-,N,ClinGen:CA218428779,2,1195809,17413618,C,A,-,-,-,-,-,-,SCV001781097,-,-
1187245,single nucleotide variant,NM_000162.5(GCK):c.680G>A (p.Gly227Asp),2645,GCK,HGNC:4195,Conflicting classifications of pathogenicity,1,"Apr 25, 2025",2128820681,-,RCV001563276|RCV002368582,"MedGen:C3661900|Human Phenotype Ontology:HP:0004904,MONDO:MONDO:0018911,MedGen:C0342276,OMIM:PS125850,Orphanet:552",not provided|Maturity-onset diabetes of the young,germline,germline,GRCh37,NC_000007.13,7,44187432,44187432,na,na,7p13,"criteria provided, conflicting classifications",2,-,N,ClinGen:CA367400794,2,1198946,44187432,C,T,-,-,-,-,-,-,SCV001786185|SCV002663597,-,-
1187245,single nucleotide variant,NM_000162.5(GCK):c.680G>A (p.Gly227Asp),2645,GCK,HGNC:4195,Conflicting classifications of pathogenicity,1,"Apr 25, 2025",2128820681,-,RCV001563276|RCV002368582,"MedGen:C3661900|Human Phenotype Ontology:HP:0004904,MONDO:MONDO:0018911,MedGen:C0342276,OMIM:PS125850,Orphanet:552",not provided|Maturity-onset diabetes of the young,germline,germline,GRCh38,NC_000007.14,7,44147833,44147833,na,na,7p13,"criteria provided, conflicting classifications",2,-,N,ClinGen:CA367400794,2,1198946,44147833,C,T,-,-,-,-,-,-,SCV001786185|SCV002663597,-,-
1187246,single nucleotide variant,NM_000162.5(GCK):c.579+29G>T,2645,GCK,HGNC:4195,Benign/Likely benign,0,"May 01, 2025",35786405,-,RCV001561573|RCV004017848,MedGen:C3661900|MedGen:CN169374,not provided|not specified,germline,germline,GRCh37,NC_000007.13,7,44189539,44189539,na,na,7p13,"criteria provided, multiple submitters, no conflicts",3,-,N,ClinGen:CA4239585,2,1197671,44189539,C,A,-,-,-,-,-,-,SCV001784199|SCV004848493|SCV006099267,-,-
1187246,single nucleotide variant,NM_000162.5(GCK):c.579+29G>T,2645,GCK,HGNC:4195,Benign/Likely benign,0,"May 01, 2025",35786405,-,RCV001561573|RCV004017848,MedGen:C3661900|MedGen:CN169374,not provided|not specified,germline,germline,GRCh38,NC_000007.14,7,44149940,44149940,na,na,7p13,"criteria provided, multiple submitters, no conflicts",3,-,N,ClinGen:CA4239585,2,1197671,44149940,C,A,-,-,-,-,-,-,SCV001784199|SCV004848493|SCV006099267,-,-
1187247,single nucleotide variant,NM_000162.5(GCK):c.46-4988G>C,2645,GCK,HGNC:4195,Likely benign,0,"Jun 19, 2019",73314176,-,RCV001561062,MedGen:C3661900,not provided,germline,germline,GRCh37,NC_000007.13,7,44198050,44198050,na,na,7p13,"criteria provided, single submitter",1,-,N,ClinGen:CA157924744,2,1197291,44198050,C,G,-,-,-,-,-,-,SCV001783589,-,-
1187247,single nucleotide variant,NM_000162.5(GCK):c.46-4988G>C,2645,GCK,HGNC:4195,Likely benign,0,"Jun 19, 2019",73314176,-,RCV001561062,MedGen:C3661900,not provided,germline,germline,GRCh38,NC_000007.14,7,44158451,44158451,na,na,7p13,"criteria provided, single submitter",1,-,N,ClinGen:CA157924744,2,1197291,44158451,C,G,-,-,-,-,-,-,SCV001783589,-,-
1187693,single nucleotide variant,NM_000352.6(ABCC8):c.4608+187G>C,6833,ABCC8,HGNC:59,Likely benign,0,"Aug 25, 2018",117727754,-,RCV001562118,MedGen:C3661900,not provided,germline,germline,GRCh37,NC_000011.9,11,17415057,17415057,na,na,11p15.1,"criteria provided, single submitter",1,-,N,ClinGen:CA218406118,2,1198077,17415057,C,G,-,-,-,-,-,-,SCV001784835,-,-
1187693,single nucleotide variant,NM_000352.6(ABCC8):c.4608+187G>C,6833,ABCC8,HGNC:59,Likely benign,0,"Aug 25, 2018",117727754,-,RCV001562118,MedGen:C3661900,not provided,germline,germline,GRCh38,NC_000011.10,11,17393510,17393510,na,na,11p15.1,"criteria provided, single submitter",1,-,N,ClinGen:CA218406118,2,1198077,17393510,C,G,-,-,-,-,-,-,SCV001784835,-,-
1187694,single nucleotide variant,NM_000352.6(ABCC8):c.4198+65C>T,6833,ABCC8,HGNC:59,Likely benign,0,"Jun 30, 2019",138220289,-,RCV001562949,MedGen:C3661900,not provided,germline,germline,GRCh37,NC_000011.9,11,17417334,17417334,na,na,11p15.1,"criteria provided, single submitter",1,-,N,ClinGen:CA218408031,2,1198705,17417334,G,A,-,-,-,-,-,-,SCV001785802,-,-
1187694,single nucleotide variant,NM_000352.6(ABCC8):c.4198+65C>T,6833,ABCC8,HGNC:59,Likely benign,0,"Jun 30, 2019",138220289,-,RCV001562949,MedGen:C3661900,not provided,germline,germline,GRCh38,NC_000011.10,11,17395787,17395787,na,na,11p15.1,"criteria provided, single submitter",1,-,N,ClinGen:CA218408031,2,1198705,17395787,G,A,-,-,-,-,-,-,SCV001785802,-,-
1187695,single nucleotide variant,NM_000352.6(ABCC8):c.3754-186G>A,6833,ABCC8,HGNC:59,Likely benign,0,"Dec 23, 2018",188359981,-,RCV001562555,MedGen:C3661900,not provided,germline,germline,GRCh37,NC_000011.9,11,17419530,17419530,na,na,11p15.1,"criteria provided, single submitter",1,-,N,ClinGen:CA218410994,2,1198413,17419530,C,T,-,-,-,-,-,-,SCV001785338,-,-
1187695,single nucleotide variant,NM_000352.6(ABCC8):c.3754-186G>A,6833,ABCC8,HGNC:59,Likely benign,0,"Dec 23, 2018",188359981,-,RCV001562555,MedGen:C3661900,not provided,germline,germline,GRCh38,NC_000011.10,11,17397983,17397983,na,na,11p15.1,"criteria provided, single submitter",1,-,N,ClinGen:CA218410994,2,1198413,17397983,C,T,-,-,-,-,-,-,SCV001785338,-,-
1187696,single nucleotide variant,NM_000352.6(ABCC8):c.2476-74A>T,6833,ABCC8,HGNC:59,Likely benign,0,"Jun 30, 2019",78152929,-,RCV001560000,MedGen:C3661900,not provided,germline,germline,GRCh37,NC_000011.9,11,17434367,17434367,na,na,11p15.1,"criteria provided, single submitter",1,-,N,ClinGen:CA218428130,2,1196519,17434367,T,A,-,-,-,-,-,-,SCV001782329,-,-
1187696,single nucleotide variant,NM_000352.6(ABCC8):c.2476-74A>T,6833,ABCC8,HGNC:59,Likely benign,0,"Jun 30, 2019",78152929,-,RCV001560000,MedGen:C3661900,not provided,germline,germline,GRCh38,NC_000011.10,11,17412820,17412820,na,na,11p15.1,"criteria provided, single submitter",1,-,N,ClinGen:CA218428130,2,1196519,17412820,T,A,-,-,-,-,-,-,SCV001782329,-,-
1187697,single nucleotide variant,NM_000352.6(ABCC8):c.2255+167T>C,6833,ABCC8,HGNC:59,Likely benign,0,"Nov 10, 2018",139042933,-,RCV001559977,MedGen:C3661900,not provided,germline,germline,GRCh37,NC_000011.9,11,17438310,17438310,na,na,11p15.1,"criteria provided, single submitter",1,-,N,ClinGen:CA218431194,2,1196500,17438310,A,G,-,-,-,-,-,-,SCV001782305,-,-
1187697,single nucleotide variant,NM_000352.6(ABCC8):c.2255+167T>C,6833,ABCC8,HGNC:59,Likely benign,0,"Nov 10, 2018",139042933,-,RCV001559977,MedGen:C3661900,not provided,germline,germline,GRCh38,NC_000011.10,11,17416763,17416763,na,na,11p15.1,"criteria provided, single submitter",1,-,N,ClinGen:CA218431194,2,1196500,17416763,A,G,-,-,-,-,-,-,SCV001782305,-,-
1187698,single nucleotide variant,NM_000352.6(ABCC8):c.1333-333G>T,6833,ABCC8,HGNC:59,Likely benign,0,"Dec 31, 2018",59392822,-,RCV001561327,MedGen:C3661900,not provided,germline,germline,GRCh37,NC_000011.9,11,17465192,17465192,na,na,11p15.1,"criteria provided, single submitter",1,-,N,ClinGen:CA218446119,2,1197491,17465192,C,A,-,-,-,-,-,-,SCV001783903,-,-
1187698,single nucleotide variant,NM_000352.6(ABCC8):c.1333-333G>T,6833,ABCC8,HGNC:59,Likely benign,0,"Dec 31, 2018",59392822,-,RCV001561327,MedGen:C3661900,not provided,germline,germline,GRCh38,NC_000011.10,11,17443645,17443645,na,na,11p15.1,"criteria provided, single submitter",1,-,N,ClinGen:CA218446119,2,1197491,17443645,C,A,-,-,-,-,-,-,SCV001783903,-,-
1187699,single nucleotide variant,NM_000352.6(ABCC8):c.1012-106G>A,6833,ABCC8,HGNC:59,Likely benign,0,"Oct 17, 2018",74901066,-,RCV001559863,MedGen:C3661900,not provided,germline,germline,GRCh37,NC_000011.9,11,17474936,17474936,na,na,11p15.1,"criteria provided, multiple submitters, no conflicts",2,-,N,ClinGen:CA13502192,2,1196410,17474936,C,T,-,-,-,-,-,-,SCV001782175|SCV005221381,-,-
1187699,single nucleotide variant,NM_000352.6(ABCC8):c.1012-106G>A,6833,ABCC8,HGNC:59,Likely benign,0,"Oct 17, 2018",74901066,-,RCV001559863,MedGen:C3661900,not provided,germline,germline,GRCh38,NC_000011.10,11,17453389,17453389,na,na,11p15.1,"criteria provided, multiple submitters, no conflicts",2,-,N,ClinGen:CA13502192,2,1196410,17453389,C,T,-,-,-,-,-,-,SCV001782175|SCV005221381,-,-
1187700,single nucleotide variant,NM_000352.6(ABCC8):c.579+187G>A,6833,ABCC8,HGNC:59,Likely benign,0,"Oct 21, 2018",2301704,-,RCV001563196,MedGen:C3661900,not provided,germline,germline,GRCh37,NC_000011.9,11,17484798,17484798,na,na,11p15.1,"criteria provided, single submitter",1,-,N,ClinGen:CA218452676,2,1198883,17484798,C,T,-,-,-,-,-,-,SCV001786095,-,-
1187700,single nucleotide variant,NM_000352.6(ABCC8):c.579+187G>A,6833,ABCC8,HGNC:59,Likely benign,0,"Oct 21, 2018",2301704,-,RCV001563196,MedGen:C3661900,not provided,germline,germline,GRCh38,NC_000011.10,11,17463251,17463251,na,na,11p15.1,"criteria provided, single submitter",1,-,N,ClinGen:CA218452676,2,1198883,17463251,C,T,-,-,-,-,-,-,SCV001786095,-,-
1190675,single nucleotide variant,NM_000162.5(GCK):c.679+1G>A,2645,GCK,HGNC:4195,Pathogenic,1,"Oct 18, 2025",2128821468,-,RCV001565927|RCV002368586|RCV004699421,"MedGen:C3661900|Human Phenotype Ontology:HP:0004904,MONDO:MONDO:0018911,MedGen:C0342276,OMIM:PS125850,Orphanet:552|MONDO:MONDO:0015967,MedGen:C3888631,Orphanet:183625",not provided|Maturity-onset diabetes of the young|Monogenic diabetes,germline;unknown,germline,GRCh37,NC_000007.13,7,44189358,44189358,na,na,7p13,"criteria provided, multiple submitters, no conflicts",5,-,N,ClinGen:CA367401112,2,1200795,44189358,C,T,-,-,-,-,-,-,SCV001789373|SCV002169238|SCV002661818|SCV002771535|SCV005203089,-,-
1190675,single nucleotide variant,NM_000162.5(GCK):c.679+1G>A,2645,GCK,HGNC:4195,Pathogenic,1,"Oct 18, 2025",2128821468,-,RCV001565927|RCV002368586|RCV004699421,"MedGen:C3661900|Human Phenotype Ontology:HP:0004904,MONDO:MONDO:0018911,MedGen:C0342276,OMIM:PS125850,Orphanet:552|MONDO:MONDO:0015967,MedGen:C3888631,Orphanet:183625",not provided|Maturity-onset diabetes of the young|Monogenic diabetes,germline;unknown,germline,GRCh38,NC_000007.14,7,44149759,44149759,na,na,7p13,"criteria provided, multiple submitters, no conflicts",5,-,N,ClinGen:CA367401112,2,1200795,44149759,C,T,-,-,-,-,-,-,SCV001789373|SCV002169238|SCV002661818|SCV002771535|SCV005203089,-,-
1190676,single nucleotide variant,NM_000162.5(GCK):c.46-4459C>T,2645,GCK,HGNC:4195,Likely benign,0,"Nov 27, 2018",575328533,-,RCV001568139,MedGen:C3661900,not provided,germline,germline,GRCh37,NC_000007.13,7,44197521,44197521,na,na,7p13,"criteria provided, multiple submitters, no conflicts",2,-,N,ClinGen:CA157924287,2,1202457,44197521,G,A,-,-,-,-,-,-,SCV001791959|SCV005227303,-,-
1190676,single nucleotide variant,NM_000162.5(GCK):c.46-4459C>T,2645,GCK,HGNC:4195,Likely benign,0,"Nov 27, 2018",575328533,-,RCV001568139,MedGen:C3661900,not provided,germline,germline,GRCh38,NC_000007.14,7,44157922,44157922,na,na,7p13,"criteria provided, multiple submitters, no conflicts",2,-,N,ClinGen:CA157924287,2,1202457,44157922,G,A,-,-,-,-,-,-,SCV001791959|SCV005227303,-,-
1191179,single nucleotide variant,NM_000352.6(ABCC8):c.4411+337G>A,6833,ABCC8,HGNC:59,Likely benign,0,"Nov 10, 2018",73419232,-,RCV001566480,MedGen:C3661900,not provided,germline,germline,GRCh37,NC_000011.9,11,17416382,17416382,na,na,11p15.1,"criteria provided, single submitter",1,-,N,ClinGen:CA218407319,2,1201214,17416382,C,T,-,-,-,-,-,-,SCV001790001,-,-
1191179,single nucleotide variant,NM_000352.6(ABCC8):c.4411+337G>A,6833,ABCC8,HGNC:59,Likely benign,0,"Nov 10, 2018",73419232,-,RCV001566480,MedGen:C3661900,not provided,germline,germline,GRCh38,NC_000011.10,11,17394835,17394835,na,na,11p15.1,"criteria provided, single submitter",1,-,N,ClinGen:CA218407319,2,1201214,17394835,C,T,-,-,-,-,-,-,SCV001790001,-,-
1191180,single nucleotide variant,NM_000352.6(ABCC8):c.4120-131A>G,6833,ABCC8,HGNC:59,Likely benign,0,"Jan 13, 2019",190889435,-,RCV001564745,MedGen:C3661900,not provided,germline,germline,GRCh37,NC_000011.9,11,17417608,17417608,na,na,11p15.1,"criteria provided, multiple submitters, no conflicts",2,-,N,ClinGen:CA218408478,2,1199904,17417608,T,C,-,-,-,-,-,-,SCV001787954|SCV005221361,-,-
1191180,single nucleotide variant,NM_000352.6(ABCC8):c.4120-131A>G,6833,ABCC8,HGNC:59,Likely benign,0,"Jan 13, 2019",190889435,-,RCV001564745,MedGen:C3661900,not provided,germline,germline,GRCh38,NC_000011.10,11,17396061,17396061,na,na,11p15.1,"criteria provided, multiple submitters, no conflicts",2,-,N,ClinGen:CA218408478,2,1199904,17396061,T,C,-,-,-,-,-,-,SCV001787954|SCV005221361,-,-
1191181,single nucleotide variant,NM_000352.6(ABCC8):c.2820+169G>A,6833,ABCC8,HGNC:59,Likely benign,0,"Aug 17, 2018",60810507,-,RCV001564236,MedGen:C3661900,not provided,germline,germline,GRCh37,NC_000011.9,11,17429770,17429770,na,na,11p15.1,"criteria provided, multiple submitters, no conflicts",2,-,N,ClinGen:CA218424164,2,1199546,17429770,C,T,-,-,-,-,-,-,SCV001787369|SCV005221368,-,-
1191181,single nucleotide variant,NM_000352.6(ABCC8):c.2820+169G>A,6833,ABCC8,HGNC:59,Likely benign,0,"Aug 17, 2018",60810507,-,RCV001564236,MedGen:C3661900,not provided,germline,germline,GRCh38,NC_000011.10,11,17408223,17408223,na,na,11p15.1,"criteria provided, multiple submitters, no conflicts",2,-,N,ClinGen:CA218424164,2,1199546,17408223,C,T,-,-,-,-,-,-,SCV001787369|SCV005221368,-,-
1191182,single nucleotide variant,NM_000352.6(ABCC8):c.2390+181T>C,6833,ABCC8,HGNC:59,Likely benign,0,"Jun 30, 2019",11024280,-,RCV001566275,MedGen:C3661900,not provided,germline,germline,GRCh37,NC_000011.9,11,17435878,17435878,na,na,11p15.1,"criteria provided, single submitter",1,-,N,ClinGen:CA218429266,2,1201061,17435878,A,G,-,-,-,-,-,-,SCV001789771,-,-
1191182,single nucleotide variant,NM_000352.6(ABCC8):c.2390+181T>C,6833,ABCC8,HGNC:59,Likely benign,0,"Jun 30, 2019",11024280,-,RCV001566275,MedGen:C3661900,not provided,germline,germline,GRCh38,NC_000011.10,11,17414331,17414331,na,na,11p15.1,"criteria provided, single submitter",1,-,N,ClinGen:CA218429266,2,1201061,17414331,A,G,-,-,-,-,-,-,SCV001789771,-,-
1191183,single nucleotide variant,NM_000352.6(ABCC8):c.2041-28C>T,6833,ABCC8,HGNC:59,Likely benign,0,"Nov 08, 2018",116419577,-,RCV001565698|RCV001827487,MedGen:C3661900|,not provided|Hereditary hyperinsulinism,germline,germline,GRCh37,NC_000011.9,11,17449517,17449517,na,na,11p15.1,"criteria provided, single submitter",2,-,N,ClinGen:CA5903324,2,1200625,17449517,G,A,-,-,-,-,-,-,SCV001789094,-,-
1191183,single nucleotide variant,NM_000352.6(ABCC8):c.2041-28C>T,6833,ABCC8,HGNC:59,Likely benign,0,"Nov 08, 2018",116419577,-,RCV001565698|RCV001827487,MedGen:C3661900|,not provided|Hereditary hyperinsulinism,germline,germline,GRCh38,NC_000011.10,11,17427970,17427970,na,na,11p15.1,"criteria provided, single submitter",2,-,N,ClinGen:CA5903324,2,1200625,17427970,G,A,-,-,-,-,-,-,SCV001789094,-,-
1191184,single nucleotide variant,NM_000352.6(ABCC8):c.1177-168A>G,6833,ABCC8,HGNC:59,Likely benign,0,"Mar 31, 2019",77466400,-,RCV001567637,MedGen:C3661900,not provided,germline,germline,GRCh37,NC_000011.9,11,17470386,17470386,na,na,11p15.1,"criteria provided, multiple submitters, no conflicts",2,-,N,ClinGen:CA218447603,2,1202073,17470386,T,C,-,-,-,-,-,-,SCV001791360|SCV005221380,-,-
1191184,single nucleotide variant,NM_000352.6(ABCC8):c.1177-168A>G,6833,ABCC8,HGNC:59,Likely benign,0,"Mar 31, 2019",77466400,-,RCV001567637,MedGen:C3661900,not provided,germline,germline,GRCh38,NC_000011.10,11,17448839,17448839,na,na,11p15.1,"criteria provided, multiple submitters, no conflicts",2,-,N,ClinGen:CA218447603,2,1202073,17448839,T,C,-,-,-,-,-,-,SCV001791360|SCV005221380,-,-
1191185,single nucleotide variant,NM_000352.6(ABCC8):c.1012-108A>G,6833,ABCC8,HGNC:59,Likely benign,0,"Oct 17, 2018",181101636,-,RCV001565145,MedGen:C3661900,not provided,germline,germline,GRCh37,NC_000011.9,11,17474938,17474938,na,na,11p15.1,"criteria provided, single submitter",1,-,N,ClinGen:CA13502193,2,1200208,17474938,T,C,-,-,-,-,-,-,SCV001788430,-,-
1191185,single nucleotide variant,NM_000352.6(ABCC8):c.1012-108A>G,6833,ABCC8,HGNC:59,Likely benign,0,"Oct 17, 2018",181101636,-,RCV001565145,MedGen:C3661900,not provided,germline,germline,GRCh38,NC_000011.10,11,17453391,17453391,na,na,11p15.1,"criteria provided, single submitter",1,-,N,ClinGen:CA13502193,2,1200208,17453391,T,C,-,-,-,-,-,-,SCV001788430,-,-
1191186,single nucleotide variant,NM_000352.6(ABCC8):c.822+216G>A,6833,ABCC8,HGNC:59,Likely benign,0,"Nov 10, 2018",111858608,-,RCV001564437,MedGen:C3661900,not provided,germline,germline,GRCh37,NC_000011.9,11,17482914,17482914,na,na,11p15.1,"criteria provided, single submitter",1,-,N,ClinGen:CA218451852,2,1199685,17482914,C,T,-,-,-,-,-,-,SCV001787603,-,-
1191186,single nucleotide variant,NM_000352.6(ABCC8):c.822+216G>A,6833,ABCC8,HGNC:59,Likely benign,0,"Nov 10, 2018",111858608,-,RCV001564437,MedGen:C3661900,not provided,germline,germline,GRCh38,NC_000011.10,11,17461367,17461367,na,na,11p15.1,"criteria provided, single submitter",1,-,N,ClinGen:CA218451852,2,1199685,17461367,C,T,-,-,-,-,-,-,SCV001787603,-,-
1193952,single nucleotide variant,NM_000162.5(GCK):c.1020-95G>A,2645,GCK,HGNC:4195,Likely benign,0,"Sep 08, 2019",540085721,-,RCV001569072,MedGen:C3661900,not provided,germline,germline,GRCh37,NC_000007.13,7,44185424,44185424,na,na,7p13,"criteria provided, single submitter",1,-,N,ClinGen:CA157913900,2,1203137,44185424,C,T,-,-,-,-,-,-,SCV001793061,-,-
1193952,single nucleotide variant,NM_000162.5(GCK):c.1020-95G>A,2645,GCK,HGNC:4195,Likely benign,0,"Sep 08, 2019",540085721,-,RCV001569072,MedGen:C3661900,not provided,germline,germline,GRCh38,NC_000007.14,7,44145825,44145825,na,na,7p13,"criteria provided, single submitter",1,-,N,ClinGen:CA157913900,2,1203137,44145825,C,T,-,-,-,-,-,-,SCV001793061,-,-
1193953,single nucleotide variant,NM_000162.5(GCK):c.679+169C>T,2645,GCK,HGNC:4195,Likely benign,0,"Jul 26, 2018",117031158,-,RCV001569209,MedGen:C3661900,not provided,germline,germline,GRCh37,NC_000007.13,7,44189190,44189190,na,na,7p13,"criteria provided, single submitter",1,-,N,ClinGen:CA157917084,2,1203238,44189190,G,A,-,-,-,-,-,-,SCV001793244,-,-
1193953,single nucleotide variant,NM_000162.5(GCK):c.679+169C>T,2645,GCK,HGNC:4195,Likely benign,0,"Jul 26, 2018",117031158,-,RCV001569209,MedGen:C3661900,not provided,germline,germline,GRCh38,NC_000007.14,7,44149591,44149591,na,na,7p13,"criteria provided, single submitter",1,-,N,ClinGen:CA157917084,2,1203238,44149591,G,A,-,-,-,-,-,-,SCV001793244,-,-
1194461,single nucleotide variant,NM_000352.6(ABCC8):c.3557+23G>T,6833,ABCC8,HGNC:59,Likely benign,0,"Dec 10, 2019",200089482,-,RCV001571236,MedGen:C3661900,not provided,germline,germline,GRCh37,NC_000011.9,11,17426036,17426036,na,na,11p15.1,"criteria provided, single submitter",1,-,N,ClinGen:CA5902778,2,1204785,17426036,C,A,-,-,-,-,-,-,SCV001795666,-,-
1194461,single nucleotide variant,NM_000352.6(ABCC8):c.3557+23G>T,6833,ABCC8,HGNC:59,Likely benign,0,"Dec 10, 2019",200089482,-,RCV001571236,MedGen:C3661900,not provided,germline,germline,GRCh38,NC_000011.10,11,17404489,17404489,na,na,11p15.1,"criteria provided, single submitter",1,-,N,ClinGen:CA5902778,2,1204785,17404489,C,A,-,-,-,-,-,-,SCV001795666,-,-
1194462,single nucleotide variant,NM_000352.6(ABCC8):c.412+297G>C,6833,ABCC8,HGNC:59,Likely benign,0,"Oct 05, 2018",111401552,-,RCV001570494,MedGen:C3661900,not provided,germline,germline,GRCh37,NC_000011.9,11,17491351,17491351,na,na,11p15.1,"criteria provided, single submitter",1,-,N,ClinGen:CA218455753,2,1204207,17491351,C,G,-,-,-,-,-,-,SCV001794796,-,-
1194462,single nucleotide variant,NM_000352.6(ABCC8):c.412+297G>C,6833,ABCC8,HGNC:59,Likely benign,0,"Oct 05, 2018",111401552,-,RCV001570494,MedGen:C3661900,not provided,germline,germline,GRCh38,NC_000011.10,11,17469804,17469804,na,na,11p15.1,"criteria provided, single submitter",1,-,N,ClinGen:CA218455753,2,1204207,17469804,C,G,-,-,-,-,-,-,SCV001794796,-,-
1198158,single nucleotide variant,NM_000352.6(ABCC8):c.3329+184G>C,6833,ABCC8,HGNC:59,Likely benign,0,"Nov 08, 2018",78444979,-,RCV001578220,MedGen:C3661900,not provided,germline,germline,GRCh37,NC_000011.9,11,17427985,17427985,na,na,11p15.1,"criteria provided, single submitter",1,-,N,ClinGen:CA218419403,2,1209534,17427985,C,G,-,-,-,-,-,-,SCV001805769,-,-
1198158,single nucleotide variant,NM_000352.6(ABCC8):c.3329+184G>C,6833,ABCC8,HGNC:59,Likely benign,0,"Nov 08, 2018",78444979,-,RCV001578220,MedGen:C3661900,not provided,germline,germline,GRCh38,NC_000011.10,11,17406438,17406438,na,na,11p15.1,"criteria provided, single submitter",1,-,N,ClinGen:CA218419403,2,1209534,17406438,C,G,-,-,-,-,-,-,SCV001805769,-,-
1198159,single nucleotide variant,NM_000352.6(ABCC8):c.2694+246G>A,6833,ABCC8,HGNC:59,Likely benign,0,"Sep 04, 2018",117434520,-,RCV001577163,MedGen:C3661900,not provided,germline,germline,GRCh37,NC_000011.9,11,17431817,17431817,na,na,11p15.1,"criteria provided, multiple submitters, no conflicts",2,-,N,ClinGen:CA218425835,2,1208737,17431817,C,T,-,-,-,-,-,-,SCV001804500|SCV005221369,-,-
1198159,single nucleotide variant,NM_000352.6(ABCC8):c.2694+246G>A,6833,ABCC8,HGNC:59,Likely benign,0,"Sep 04, 2018",117434520,-,RCV001577163,MedGen:C3661900,not provided,germline,germline,GRCh38,NC_000011.10,11,17410270,17410270,na,na,11p15.1,"criteria provided, multiple submitters, no conflicts",2,-,N,ClinGen:CA218425835,2,1208737,17410270,C,T,-,-,-,-,-,-,SCV001804500|SCV005221369,-,-
1198160,single nucleotide variant,NM_000352.6(ABCC8):c.1671+31G>A,6833,ABCC8,HGNC:59,Likely benign,0,"Aug 09, 2018",190600550,-,RCV001577194,MedGen:C3661900,not provided,germline,germline,GRCh37,NC_000011.9,11,17453720,17453720,na,na,11p15.1,"criteria provided, multiple submitters, no conflicts",2,-,N,ClinGen:CA5903493,2,1208759,17453720,C,T,-,-,-,-,-,-,SCV001804534|SCV005221377,-,-
1198160,single nucleotide variant,NM_000352.6(ABCC8):c.1671+31G>A,6833,ABCC8,HGNC:59,Likely benign,0,"Aug 09, 2018",190600550,-,RCV001577194,MedGen:C3661900,not provided,germline,germline,GRCh38,NC_000011.10,11,17432173,17432173,na,na,11p15.1,"criteria provided, multiple submitters, no conflicts",2,-,N,ClinGen:CA5903493,2,1208759,17432173,C,T,-,-,-,-,-,-,SCV001804534|SCV005221377,-,-
1198161,single nucleotide variant,NM_000352.6(ABCC8):c.1332+212C>T,6833,ABCC8,HGNC:59,Likely benign,0,"Oct 01, 2018",78418682,-,RCV001575706|RCV005917864,MedGen:C3661900|MedGen:C4048328,not provided|Cervical cancer,germline;not applicable,germline,GRCh37,NC_000011.9,11,17469851,17469851,na,na,11p15.1,"criteria provided, single submitter",2,-,N,ClinGen:CA218447392,2,1207641,17469851,G,A,-,-,-,-,-,-,SCV001802755,-,-
1198161,single nucleotide variant,NM_000352.6(ABCC8):c.1332+212C>T,6833,ABCC8,HGNC:59,Likely benign,0,"Oct 01, 2018",78418682,-,RCV001575706|RCV005917864,MedGen:C3661900|MedGen:C4048328,not provided|Cervical cancer,germline;not applicable,germline,GRCh38,NC_000011.10,11,17448304,17448304,na,na,11p15.1,"criteria provided, single submitter",2,-,N,ClinGen:CA218447392,2,1207641,17448304,G,A,-,-,-,-,-,-,SCV001802755,-,-
1200150,single nucleotide variant,NM_000162.5(GCK):c.386G>A (p.Cys129Tyr),2645,GCK,HGNC:4195,Likely pathogenic,1,"Sep 01, 2024",2128822108,-,RCV001580191|RCV003120636,"MONDO:MONDO:0007453,MedGen:C0342277,OMIM:125851,Orphanet:552|MedGen:C3661900",Maturity-onset diabetes of the young type 2|not provided,germline;inherited,germline,GRCh37,NC_000007.13,7,44190652,44190652,na,na,7p13,"criteria provided, multiple submitters, no conflicts",3,-,N,ClinGen:CA367402156,2,1210150,44190652,C,T,-,-,-,-,-,-,SCV001809833|SCV003799550|SCV004295183,-,-
1200150,single nucleotide variant,NM_000162.5(GCK):c.386G>A (p.Cys129Tyr),2645,GCK,HGNC:4195,Likely pathogenic,1,"Sep 01, 2024",2128822108,-,RCV001580191|RCV003120636,"MONDO:MONDO:0007453,MedGen:C0342277,OMIM:125851,Orphanet:552|MedGen:C3661900",Maturity-onset diabetes of the young type 2|not provided,germline;inherited,germline,GRCh38,NC_000007.14,7,44151053,44151053,na,na,7p13,"criteria provided, multiple submitters, no conflicts",3,-,N,ClinGen:CA367402156,2,1210150,44151053,C,T,-,-,-,-,-,-,SCV001809833|SCV003799550|SCV004295183,-,-
1200344,single nucleotide variant,NM_000352.6(ABCC8):c.3463G>A (p.Val1155Ile),6833,ABCC8,HGNC:59,Conflicting classifications of pathogenicity,0,"Dec 21, 2025",759961510,-,RCV001580619|RCV001580618|RCV002266006|RCV002495927|RCV002569104,"MONDO:MONDO:0030088,MedGen:C5394303,OMIM:618857|MONDO:MONDO:0009734,MedGen:C2931832,OMIM:256450,Orphanet:276575,Orphanet:276598|MedGen:CN169374|MONDO:MONDO:0009734,MedGen:C2931832,OMIM:256450,Orphanet:276575,Orphanet:276598;MONDO:MONDO:0009415,MedGen:C0271714,OMIM:240800;Human Phenotype Ontology:HP:0005965,Human Phenotype Ontology:HP:0005978,Human Phenotype Ontology:HP:0100652,MONDO:MONDO:0005148,MeSH:D003924,MedGen:C0011860,OMIM:125853;MONDO:MONDO:0030088,MedGen:C5394303,OMIM:618857;MONDO:MONDO:0012480,MedGen:C1835887,OMIM:610374,Orphanet:99886|MedGen:C3661900","Diabetes mellitus, permanent neonatal 3|Hyperinsulinemic hypoglycemia, familial, 1|not specified|Hyperinsulinemic hypoglycemia, familial, 1;Leucine-induced hypoglycemia;Type 2 diabetes mellitus;Diabetes mellitus, permanent neonatal 3;Diabetes mellitus, transient neonatal, 2|not provided",germline;unknown,germline,GRCh37,NC_000011.9,11,17426153,17426153,na,na,11p15.1,"criteria provided, conflicting classifications",4,-,N,ClinGen:CA5902800,2,1210344,17426153,C,T,-,-,-,-,-,-,SCV001810241|SCV001810242|SCV002547984|SCV002777115|SCV003285304,-,-
1200344,single nucleotide variant,NM_000352.6(ABCC8):c.3463G>A (p.Val1155Ile),6833,ABCC8,HGNC:59,Conflicting classifications of pathogenicity,0,"Dec 21, 2025",759961510,-,RCV001580619|RCV001580618|RCV002266006|RCV002495927|RCV002569104,"MONDO:MONDO:0030088,MedGen:C5394303,OMIM:618857|MONDO:MONDO:0009734,MedGen:C2931832,OMIM:256450,Orphanet:276575,Orphanet:276598|MedGen:CN169374|MONDO:MONDO:0009734,MedGen:C2931832,OMIM:256450,Orphanet:276575,Orphanet:276598;MONDO:MONDO:0009415,MedGen:C0271714,OMIM:240800;Human Phenotype Ontology:HP:0005965,Human Phenotype Ontology:HP:0005978,Human Phenotype Ontology:HP:0100652,MONDO:MONDO:0005148,MeSH:D003924,MedGen:C0011860,OMIM:125853;MONDO:MONDO:0030088,MedGen:C5394303,OMIM:618857;MONDO:MONDO:0012480,MedGen:C1835887,OMIM:610374,Orphanet:99886|MedGen:C3661900","Diabetes mellitus, permanent neonatal 3|Hyperinsulinemic hypoglycemia, familial, 1|not specified|Hyperinsulinemic hypoglycemia, familial, 1;Leucine-induced hypoglycemia;Type 2 diabetes mellitus;Diabetes mellitus, permanent neonatal 3;Diabetes mellitus, transient neonatal, 2|not provided",germline;unknown,germline,GRCh38,NC_000011.10,11,17404606,17404606,na,na,11p15.1,"criteria provided, conflicting classifications",4,-,N,ClinGen:CA5902800,2,1210344,17404606,C,T,-,-,-,-,-,-,SCV001810241|SCV001810242|SCV002547984|SCV002777115|SCV003285304,-,-
1201181,single nucleotide variant,NM_000352.6(ABCC8):c.2556+79C>T,6833,ABCC8,HGNC:59,Likely benign,0,"Nov 08, 2018",77655678,-,RCV001587661,MedGen:C3661900,not provided,germline,germline,GRCh37,NC_000011.9,11,17434134,17434134,na,na,11p15.1,"criteria provided, single submitter",1,-,N,ClinGen:CA218427816,2,1211183,17434134,G,A,-,-,-,-,-,-,SCV001814664,-,-
1201181,single nucleotide variant,NM_000352.6(ABCC8):c.2556+79C>T,6833,ABCC8,HGNC:59,Likely benign,0,"Nov 08, 2018",77655678,-,RCV001587661,MedGen:C3661900,not provided,germline,germline,GRCh38,NC_000011.10,11,17412587,17412587,na,na,11p15.1,"criteria provided, single submitter",1,-,N,ClinGen:CA218427816,2,1211183,17412587,G,A,-,-,-,-,-,-,SCV001814664,-,-
1201384,single nucleotide variant,NM_000162.5(GCK):c.46-5594A>G,2645,GCK,HGNC:4195,Benign/Likely benign,0,"Jun 24, 2025",75119141,-,RCV001583196,MedGen:C3661900,not provided,germline,germline,GRCh37,NC_000007.13,7,44198656,44198656,na,na,7p13,"criteria provided, multiple submitters, no conflicts",3,-,N,ClinGen:CA4239754,2,1211387,44198656,T,C,-,-,-,-,-,-,SCV001810820|SCV003800110|SCV005227305,-,-
1201384,single nucleotide variant,NM_000162.5(GCK):c.46-5594A>G,2645,GCK,HGNC:4195,Benign/Likely benign,0,"Jun 24, 2025",75119141,-,RCV001583196,MedGen:C3661900,not provided,germline,germline,GRCh38,NC_000007.14,7,44159057,44159057,na,na,7p13,"criteria provided, multiple submitters, no conflicts",3,-,N,ClinGen:CA4239754,2,1211387,44159057,T,C,-,-,-,-,-,-,SCV001810820|SCV003800110|SCV005227305,-,-
1201582,single nucleotide variant,NM_000162.5(GCK):c.46-4438C>A,2645,GCK,HGNC:4195,Likely benign,0,"Jul 26, 2019",41282712,-,RCV001583394,MedGen:C3661900,not provided,germline,germline,GRCh37,NC_000007.13,7,44197500,44197500,na,na,7p13,"criteria provided, multiple submitters, no conflicts",2,-,N,ClinGen:CA157924279,2,1211585,44197500,G,T,-,-,-,-,-,-,SCV001812302|SCV005227300,-,-
1201582,single nucleotide variant,NM_000162.5(GCK):c.46-4438C>A,2645,GCK,HGNC:4195,Likely benign,0,"Jul 26, 2019",41282712,-,RCV001583394,MedGen:C3661900,not provided,germline,germline,GRCh38,NC_000007.14,7,44157901,44157901,na,na,7p13,"criteria provided, multiple submitters, no conflicts",2,-,N,ClinGen:CA157924279,2,1211585,44157901,G,T,-,-,-,-,-,-,SCV001812302|SCV005227300,-,-
1202226,single nucleotide variant,NM_000352.6(ABCC8):c.3399+45C>A,6833,ABCC8,HGNC:59,Likely benign,0,"Sep 11, 2018",200276273,-,RCV001589469|RCV001836458,MedGen:C3661900|,not provided|Hereditary hyperinsulinism,germline,germline,GRCh37,NC_000011.9,11,17426996,17426996,na,na,11p15.1,"criteria provided, multiple submitters, no conflicts",3,-,N,ClinGen:CA5902828,2,1212231,17426996,G,T,-,-,-,-,-,-,SCV001814999|SCV005221364,-,-
1202226,single nucleotide variant,NM_000352.6(ABCC8):c.3399+45C>A,6833,ABCC8,HGNC:59,Likely benign,0,"Sep 11, 2018",200276273,-,RCV001589469|RCV001836458,MedGen:C3661900|,not provided|Hereditary hyperinsulinism,germline,germline,GRCh38,NC_000011.10,11,17405449,17405449,na,na,11p15.1,"criteria provided, multiple submitters, no conflicts",3,-,N,ClinGen:CA5902828,2,1212231,17405449,G,T,-,-,-,-,-,-,SCV001814999|SCV005221364,-,-
1202587,single nucleotide variant,NM_000162.5(GCK):c.46-4460G>T,2645,GCK,HGNC:4195,Likely benign,0,"Nov 27, 2018",539644820,-,RCV001586240,MedGen:C3661900,not provided,germline,germline,GRCh37,NC_000007.13,7,44197522,44197522,na,na,7p13,"criteria provided, multiple submitters, no conflicts",2,-,N,ClinGen:CA157924290,2,1212593,44197522,C,A,-,-,-,-,-,-,SCV001811421|SCV005227304,-,-
1202587,single nucleotide variant,NM_000162.5(GCK):c.46-4460G>T,2645,GCK,HGNC:4195,Likely benign,0,"Nov 27, 2018",539644820,-,RCV001586240,MedGen:C3661900,not provided,germline,germline,GRCh38,NC_000007.14,7,44157923,44157923,na,na,7p13,"criteria provided, multiple submitters, no conflicts",2,-,N,ClinGen:CA157924290,2,1212593,44157923,C,A,-,-,-,-,-,-,SCV001811421|SCV005227304,-,-
1203623,single nucleotide variant,NM_000352.6(ABCC8):c.291-334G>A,6833,ABCC8,HGNC:59,Likely benign,0,"Jun 17, 2019",115123841,-,RCV001581779,MedGen:C3661900,not provided,germline,germline,GRCh37,NC_000011.9,11,17492103,17492103,na,na,11p15.1,"criteria provided, single submitter",1,-,N,ClinGen:CA218456083,2,1213630,17492103,C,T,-,-,-,-,-,-,SCV001811741,-,-
1203623,single nucleotide variant,NM_000352.6(ABCC8):c.291-334G>A,6833,ABCC8,HGNC:59,Likely benign,0,"Jun 17, 2019",115123841,-,RCV001581779,MedGen:C3661900,not provided,germline,germline,GRCh38,NC_000011.10,11,17470556,17470556,na,na,11p15.1,"criteria provided, single submitter",1,-,N,ClinGen:CA218456083,2,1213630,17470556,C,T,-,-,-,-,-,-,SCV001811741,-,-
1203652,single nucleotide variant,NM_000352.6(ABCC8):c.4412-151C>T,6833,ABCC8,HGNC:59,Likely benign,0,"Nov 10, 2018",118117634,-,RCV001581808,MedGen:C3661900,not provided,germline,germline,GRCh37,NC_000011.9,11,17416097,17416097,na,na,11p15.1,"criteria provided, multiple submitters, no conflicts",2,-,N,ClinGen:CA218407115,2,1213659,17416097,G,A,-,-,-,-,-,-,SCV001811787|SCV005221360,-,-
1203652,single nucleotide variant,NM_000352.6(ABCC8):c.4412-151C>T,6833,ABCC8,HGNC:59,Likely benign,0,"Nov 10, 2018",118117634,-,RCV001581808,MedGen:C3661900,not provided,germline,germline,GRCh38,NC_000011.10,11,17394550,17394550,na,na,11p15.1,"criteria provided, multiple submitters, no conflicts",2,-,N,ClinGen:CA218407115,2,1213659,17394550,G,A,-,-,-,-,-,-,SCV001811787|SCV005221360,-,-
1204018,single nucleotide variant,NM_000352.6(ABCC8):c.1333-1187C>T,6833,ABCC8,HGNC:59,Likely benign,0,"Aug 17, 2018",560908837,-,RCV001580793,MedGen:C3661900,not provided,germline,germline,GRCh37,NC_000011.9,11,17466046,17466046,na,na,11p15.1,"criteria provided, single submitter",1,-,N,ClinGen:CA218446333,2,1214032,17466046,G,A,-,-,-,-,-,-,SCV001817826,-,-
1204018,single nucleotide variant,NM_000352.6(ABCC8):c.1333-1187C>T,6833,ABCC8,HGNC:59,Likely benign,0,"Aug 17, 2018",560908837,-,RCV001580793,MedGen:C3661900,not provided,germline,germline,GRCh38,NC_000011.10,11,17444499,17444499,na,na,11p15.1,"criteria provided, single submitter",1,-,N,ClinGen:CA218446333,2,1214032,17444499,G,A,-,-,-,-,-,-,SCV001817826,-,-
1204129,single nucleotide variant,NM_000162.5(GCK):c.46-5702G>A,2645,GCK,HGNC:4195,Likely benign,0,"Oct 27, 2018",150560724,-,RCV001581877,MedGen:C3661900,not provided,germline,germline,GRCh37,NC_000007.13,7,44198764,44198764,na,na,7p13,"criteria provided, multiple submitters, no conflicts",2,-,N,ClinGen:CA4239779,2,1214143,44198764,C,T,-,-,-,-,-,-,SCV001818010|SCV005227307,-,-
1204129,single nucleotide variant,NM_000162.5(GCK):c.46-5702G>A,2645,GCK,HGNC:4195,Likely benign,0,"Oct 27, 2018",150560724,-,RCV001581877,MedGen:C3661900,not provided,germline,germline,GRCh38,NC_000007.14,7,44159165,44159165,na,na,7p13,"criteria provided, multiple submitters, no conflicts",2,-,N,ClinGen:CA4239779,2,1214143,44159165,C,T,-,-,-,-,-,-,SCV001818010|SCV005227307,-,-
1204524,single nucleotide variant,NM_000352.6(ABCC8):c.1176+85C>T,6833,ABCC8,HGNC:59,Likely benign,0,"Nov 10, 2018",189603359,-,RCV001583630,MedGen:C3661900,not provided,germline,germline,GRCh37,NC_000011.9,11,17474581,17474581,na,na,11p15.1,"criteria provided, single submitter",1,-,N,ClinGen:CA218448987,2,1214540,17474581,G,A,-,-,-,-,-,-,SCV001819037,-,-
1204524,single nucleotide variant,NM_000352.6(ABCC8):c.1176+85C>T,6833,ABCC8,HGNC:59,Likely benign,0,"Nov 10, 2018",189603359,-,RCV001583630,MedGen:C3661900,not provided,germline,germline,GRCh38,NC_000011.10,11,17453034,17453034,na,na,11p15.1,"criteria provided, single submitter",1,-,N,ClinGen:CA218448987,2,1214540,17453034,G,A,-,-,-,-,-,-,SCV001819037,-,-
1205862,Deletion,NM_000352.6(ABCC8):c.2291+299del,6833,ABCC8,HGNC:59,Likely benign,0,"Aug 06, 2019",750031942,-,RCV001586819,MedGen:C3661900,not provided,germline,germline,GRCh37,NC_000011.9,11,17436552,17436552,na,na,11p15.1,"criteria provided, single submitter",1,-,N,ClinGen:CA218429888,2,1215881,17436551,CT,C,-,-,-,-,-,-,SCV001820726,-,-
1205862,Deletion,NM_000352.6(ABCC8):c.2291+299del,6833,ABCC8,HGNC:59,Likely benign,0,"Aug 06, 2019",750031942,-,RCV001586819,MedGen:C3661900,not provided,germline,germline,GRCh38,NC_000011.10,11,17415005,17415005,na,na,11p15.1,"criteria provided, single submitter",1,-,N,ClinGen:CA218429888,2,1215881,17415004,CT,C,-,-,-,-,-,-,SCV001820726,-,-
1206336,single nucleotide variant,NM_000352.6(ABCC8):c.4370C>T (p.Ala1457Val),6833,ABCC8,HGNC:59,Pathogenic,1,"Apr 30, 2024",2133398429,-,RCV001580985,MedGen:C3661900,not provided,germline,germline,GRCh37,NC_000011.9,11,17416760,17416760,na,na,11p15.1,"criteria provided, single submitter",1,-,N,ClinGen:CA379785330,2,1216356,17416760,G,A,-,-,-,-,-,-,SCV001817639,-,-
1206336,single nucleotide variant,NM_000352.6(ABCC8):c.4370C>T (p.Ala1457Val),6833,ABCC8,HGNC:59,Pathogenic,1,"Apr 30, 2024",2133398429,-,RCV001580985,MedGen:C3661900,not provided,germline,germline,GRCh38,NC_000011.10,11,17395213,17395213,na,na,11p15.1,"criteria provided, single submitter",1,-,N,ClinGen:CA379785330,2,1216356,17395213,G,A,-,-,-,-,-,-,SCV001817639,-,-
1208088,single nucleotide variant,NM_000352.6(ABCC8):c.4545+191G>A,6833,ABCC8,HGNC:59,Likely benign,0,"Dec 10, 2019",112901773,-,RCV001590365,MedGen:C3661900,not provided,germline,germline,GRCh37,NC_000011.9,11,17415622,17415622,na,na,11p15.1,"criteria provided, single submitter",1,-,N,ClinGen:CA218406546,2,1218106,17415622,C,T,-,-,-,-,-,-,SCV001826243,-,-
1208088,single nucleotide variant,NM_000352.6(ABCC8):c.4545+191G>A,6833,ABCC8,HGNC:59,Likely benign,0,"Dec 10, 2019",112901773,-,RCV001590365,MedGen:C3661900,not provided,germline,germline,GRCh38,NC_000011.10,11,17394075,17394075,na,na,11p15.1,"criteria provided, single submitter",1,-,N,ClinGen:CA218406546,2,1218106,17394075,C,T,-,-,-,-,-,-,SCV001826243,-,-
1208210,Microsatellite,NM_000352.6(ABCC8):c.1333-725CT[12],6833,ABCC8,HGNC:59,Likely benign,0,"Sep 20, 2019",112019394,-,RCV001592070,MedGen:C3661900,not provided,germline,germline,GRCh37,NC_000011.9,11,17465568,17465569,na,na,11p15.1,"criteria provided, single submitter",1,-,N,ClinGen:CA218446214,2,1218228,17465568,A,AAGAGAGAG,-,-,-,-,-,-,SCV001822296,-,-
1208210,Microsatellite,NM_000352.6(ABCC8):c.1333-725CT[12],6833,ABCC8,HGNC:59,Likely benign,0,"Sep 20, 2019",112019394,-,RCV001592070,MedGen:C3661900,not provided,germline,germline,GRCh38,NC_000011.10,11,17444021,17444022,na,na,11p15.1,"criteria provided, single submitter",1,-,N,ClinGen:CA218446214,2,1218228,17444021,A,AAGAGAGAG,-,-,-,-,-,-,SCV001822296,-,-
1208629,single nucleotide variant,NM_000352.6(ABCC8):c.3400-295C>A,6833,ABCC8,HGNC:59,Likely benign,0,"May 12, 2019",113111413,-,RCV001593845,MedGen:C3661900,not provided,germline,germline,GRCh37,NC_000011.9,11,17426511,17426511,na,na,11p15.1,"criteria provided, single submitter",1,-,N,ClinGen:CA218417830,2,1218649,17426511,G,T,-,-,-,-,-,-,SCV001824153,-,-
1208629,single nucleotide variant,NM_000352.6(ABCC8):c.3400-295C>A,6833,ABCC8,HGNC:59,Likely benign,0,"May 12, 2019",113111413,-,RCV001593845,MedGen:C3661900,not provided,germline,germline,GRCh38,NC_000011.10,11,17404964,17404964,na,na,11p15.1,"criteria provided, single submitter",1,-,N,ClinGen:CA218417830,2,1218649,17404964,G,T,-,-,-,-,-,-,SCV001824153,-,-
1208690,single nucleotide variant,NM_000352.6(ABCC8):c.2556+30C>T,6833,ABCC8,HGNC:59,Likely benign,0,"Jun 30, 2019",76285388,-,RCV001593906|RCV001827538,MedGen:C3661900|,not provided|Hereditary hyperinsulinism,germline,germline,GRCh37,NC_000011.9,11,17434183,17434183,na,na,11p15.1,"criteria provided, single submitter",2,-,N,ClinGen:CA5903091,2,1218710,17434183,G,A,-,-,-,-,-,-,SCV001825101,-,-
1208690,single nucleotide variant,NM_000352.6(ABCC8):c.2556+30C>T,6833,ABCC8,HGNC:59,Likely benign,0,"Jun 30, 2019",76285388,-,RCV001593906|RCV001827538,MedGen:C3661900|,not provided|Hereditary hyperinsulinism,germline,germline,GRCh38,NC_000011.10,11,17412636,17412636,na,na,11p15.1,"criteria provided, single submitter",2,-,N,ClinGen:CA5903091,2,1218710,17412636,G,A,-,-,-,-,-,-,SCV001825101,-,-
1209220,single nucleotide variant,NM_000525.4(KCNJ11):c.101G>A (p.Arg34His),3767,KCNJ11,HGNC:6257,Pathogenic/Likely pathogenic,1,"Dec 20, 2024",141145502,-,RCV001588331|RCV001832822|RCV003987886|RCV002501960|RCV003227981|RCV003463055,"MedGen:C3661900|MONDO:MONDO:0100164,MedGen:C1833104,OMIM:PS606176,Orphanet:99885|MONDO:MONDO:0030087,MedGen:C5394296,OMIM:618856|MONDO:MONDO:0011153,MedGen:C2931833,OMIM:601820,Orphanet:276580,Orphanet:276603;Human Phenotype Ontology:HP:0005965,Human Phenotype Ontology:HP:0005978,Human Phenotype Ontology:HP:0100652,MONDO:MONDO:0005148,MeSH:D003924,MedGen:C0011860,OMIM:125853;MONDO:MONDO:0030087,MedGen:C5394296,OMIM:618856;MONDO:MONDO:0012522,MedGen:C1864623,OMIM:610582,Orphanet:99886;MONDO:MONDO:0014589,MedGen:C4225365,OMIM:616329,Orphanet:552|MONDO:MONDO:0011153,MedGen:C2931833,OMIM:601820,Orphanet:276580,Orphanet:276603|Human Phenotype Ontology:HP:0005965,Human Phenotype Ontology:HP:0005978,Human Phenotype Ontology:HP:0100652,MONDO:MONDO:0005148,MeSH:D003924,MedGen:C0011860,OMIM:125853","not provided|Permanent neonatal diabetes mellitus|Diabetes mellitus, permanent neonatal 2|Hyperinsulinemic hypoglycemia, familial, 2;Type 2 diabetes mellitus;Diabetes mellitus, permanent neonatal 2;Diabetes mellitus, transient neonatal, 3;Maturity-onset diabetes of the young type 13|Hyperinsulinemic hypoglycemia, familial, 2|Type 2 diabetes mellitus",biparental;germline;unknown,germline,GRCh37,NC_000011.9,11,17409538,17409538,na,na,11p15.1,"criteria provided, multiple submitters, no conflicts",7,-,N,ClinGen:CA218400168,2,1219242,17409538,C,T,-,-,-,-,-,-,SCV001822658|SCV002233260|SCV002811470|SCV003924328|SCV004198076|SCV004804921|SCV005184306,-,-
1209220,single nucleotide variant,NM_000525.4(KCNJ11):c.101G>A (p.Arg34His),3767,KCNJ11,HGNC:6257,Pathogenic/Likely pathogenic,1,"Dec 20, 2024",141145502,-,RCV001588331|RCV001832822|RCV003987886|RCV002501960|RCV003227981|RCV003463055,"MedGen:C3661900|MONDO:MONDO:0100164,MedGen:C1833104,OMIM:PS606176,Orphanet:99885|MONDO:MONDO:0030087,MedGen:C5394296,OMIM:618856|MONDO:MONDO:0011153,MedGen:C2931833,OMIM:601820,Orphanet:276580,Orphanet:276603;Human Phenotype Ontology:HP:0005965,Human Phenotype Ontology:HP:0005978,Human Phenotype Ontology:HP:0100652,MONDO:MONDO:0005148,MeSH:D003924,MedGen:C0011860,OMIM:125853;MONDO:MONDO:0030087,MedGen:C5394296,OMIM:618856;MONDO:MONDO:0012522,MedGen:C1864623,OMIM:610582,Orphanet:99886;MONDO:MONDO:0014589,MedGen:C4225365,OMIM:616329,Orphanet:552|MONDO:MONDO:0011153,MedGen:C2931833,OMIM:601820,Orphanet:276580,Orphanet:276603|Human Phenotype Ontology:HP:0005965,Human Phenotype Ontology:HP:0005978,Human Phenotype Ontology:HP:0100652,MONDO:MONDO:0005148,MeSH:D003924,MedGen:C0011860,OMIM:125853","not provided|Permanent neonatal diabetes mellitus|Diabetes mellitus, permanent neonatal 2|Hyperinsulinemic hypoglycemia, familial, 2;Type 2 diabetes mellitus;Diabetes mellitus, permanent neonatal 2;Diabetes mellitus, transient neonatal, 3;Maturity-onset diabetes of the young type 13|Hyperinsulinemic hypoglycemia, familial, 2|Type 2 diabetes mellitus",biparental;germline;unknown,germline,GRCh38,NC_000011.10,11,17387991,17387991,na,na,11p15.1,"criteria provided, multiple submitters, no conflicts",7,-,N,ClinGen:CA218400168,2,1219242,17387991,C,T,-,-,-,-,-,-,SCV001822658|SCV002233260|SCV002811470|SCV003924328|SCV004198076|SCV004804921|SCV005184306,-,-
1209243,single nucleotide variant,NM_000162.5(GCK):c.46-5701C>T,2645,GCK,HGNC:4195,Likely benign,0,"Jul 07, 2018",73314180,-,RCV001588354,MedGen:C3661900,not provided,germline,germline,GRCh37,NC_000007.13,7,44198763,44198763,na,na,7p13,"criteria provided, multiple submitters, no conflicts",2,-,N,ClinGen:CA4239778,2,1219265,44198763,G,A,-,-,-,-,-,-,SCV001822696|SCV005227306,-,-
1209243,single nucleotide variant,NM_000162.5(GCK):c.46-5701C>T,2645,GCK,HGNC:4195,Likely benign,0,"Jul 07, 2018",73314180,-,RCV001588354,MedGen:C3661900,not provided,germline,germline,GRCh38,NC_000007.14,7,44159164,44159164,na,na,7p13,"criteria provided, multiple submitters, no conflicts",2,-,N,ClinGen:CA4239778,2,1219265,44159164,G,A,-,-,-,-,-,-,SCV001822696|SCV005227306,-,-
1209693,single nucleotide variant,NM_000352.6(ABCC8):c.823-49G>A,6833,ABCC8,HGNC:59,Likely benign,0,"May 20, 2019",146679656,-,RCV001590390,MedGen:C3661900,not provided,germline,germline,GRCh37,NC_000011.9,11,17482272,17482272,na,na,11p15.1,"criteria provided, multiple submitters, no conflicts",2,-,N,ClinGen:CA5903754,2,1219715,17482272,C,T,-,-,-,-,-,-,SCV001824567|SCV005221382,-,-
1209693,single nucleotide variant,NM_000352.6(ABCC8):c.823-49G>A,6833,ABCC8,HGNC:59,Likely benign,0,"May 20, 2019",146679656,-,RCV001590390,MedGen:C3661900,not provided,germline,germline,GRCh38,NC_000011.10,11,17460725,17460725,na,na,11p15.1,"criteria provided, multiple submitters, no conflicts",2,-,N,ClinGen:CA5903754,2,1219715,17460725,C,T,-,-,-,-,-,-,SCV001824567|SCV005221382,-,-
1210632,Microsatellite,NM_000352.6(ABCC8):c.2291+225TTTTCTT[3],6833,ABCC8,HGNC:59,Benign,0,"Aug 09, 2018",10658068,-,RCV001597811,MedGen:C3661900,not provided,germline,germline,GRCh37,NC_000011.9,11,17436612,17436613,na,na,11p15.1,"criteria provided, single submitter",1,-,N,ClinGen:CA218429916,2,1221520,17436612,G,GAAGAAAA,-,-,-,-,-,-,SCV001831329,-,-
1210632,Microsatellite,NM_000352.6(ABCC8):c.2291+225TTTTCTT[3],6833,ABCC8,HGNC:59,Benign,0,"Aug 09, 2018",10658068,-,RCV001597811,MedGen:C3661900,not provided,germline,germline,GRCh38,NC_000011.10,11,17415065,17415066,na,na,11p15.1,"criteria provided, single submitter",1,-,N,ClinGen:CA218429916,2,1221520,17415065,G,GAAGAAAA,-,-,-,-,-,-,SCV001831329,-,-
1211041,single nucleotide variant,NM_000352.6(ABCC8):c.2292-149G>T,6833,ABCC8,HGNC:59,Likely benign,0,"Feb 13, 2020",74515964,-,RCV001596159,MedGen:C3661900,not provided,germline,germline,GRCh37,NC_000011.9,11,17436306,17436306,na,na,11p15.1,"criteria provided, single submitter",1,-,N,ClinGen:CA218429731,2,1223219,17436306,C,A,-,-,-,-,-,-,SCV001829323,-,-
1211041,single nucleotide variant,NM_000352.6(ABCC8):c.2292-149G>T,6833,ABCC8,HGNC:59,Likely benign,0,"Feb 13, 2020",74515964,-,RCV001596159,MedGen:C3661900,not provided,germline,germline,GRCh38,NC_000011.10,11,17414759,17414759,na,na,11p15.1,"criteria provided, single submitter",1,-,N,ClinGen:CA218429731,2,1223219,17414759,C,A,-,-,-,-,-,-,SCV001829323,-,-
1211451,single nucleotide variant,NM_000352.6(ABCC8):c.1333-828C>A,6833,ABCC8,HGNC:59,Benign,0,"Oct 01, 2018",79296881,-,RCV001595616,MedGen:C3661900,not provided,germline,germline,GRCh37,NC_000011.9,11,17465687,17465687,na,na,11p15.1,"criteria provided, single submitter",1,-,N,ClinGen:CA218446246,2,1221054,17465687,G,T,-,-,-,-,-,-,SCV001829893,-,-
1211451,single nucleotide variant,NM_000352.6(ABCC8):c.1333-828C>A,6833,ABCC8,HGNC:59,Benign,0,"Oct 01, 2018",79296881,-,RCV001595616,MedGen:C3661900,not provided,germline,germline,GRCh38,NC_000011.10,11,17444140,17444140,na,na,11p15.1,"criteria provided, single submitter",1,-,N,ClinGen:CA218446246,2,1221054,17444140,G,T,-,-,-,-,-,-,SCV001829893,-,-
1212412,single nucleotide variant,NM_000352.6(ABCC8):c.4608+101T>G,6833,ABCC8,HGNC:59,Benign,0,"Aug 09, 2018",17846719,-,RCV001595287,MedGen:C3661900,not provided,germline,germline,GRCh37,NC_000011.9,11,17415143,17415143,na,na,11p15.1,"criteria provided, multiple submitters, no conflicts",2,-,N,ClinGen:CA13438206,2,1220725,17415143,A,C,-,-,-,-,-,-,SCV001828623|SCV005323548,-,-
1212412,single nucleotide variant,NM_000352.6(ABCC8):c.4608+101T>G,6833,ABCC8,HGNC:59,Benign,0,"Aug 09, 2018",17846719,-,RCV001595287,MedGen:C3661900,not provided,germline,germline,GRCh38,NC_000011.10,11,17393596,17393596,na,na,11p15.1,"criteria provided, multiple submitters, no conflicts",2,-,N,ClinGen:CA13438206,2,1220725,17393596,A,C,-,-,-,-,-,-,SCV001828623|SCV005323548,-,-
1212833,single nucleotide variant,NM_000352.6(ABCC8):c.823-106C>T,6833,ABCC8,HGNC:59,Benign,0,"Aug 25, 2018",886289,-,RCV001598065,MedGen:C3661900,not provided,germline,germline,GRCh37,NC_000011.9,11,17482329,17482329,na,na,11p15.1,"criteria provided, single submitter",1,-,N,ClinGen:CA13502202,2,1222435,17482329,G,A,-,-,-,-,-,-,SCV001830400,-,-
1212833,single nucleotide variant,NM_000352.6(ABCC8):c.823-106C>T,6833,ABCC8,HGNC:59,Benign,0,"Aug 25, 2018",886289,-,RCV001598065,MedGen:C3661900,not provided,germline,germline,GRCh38,NC_000011.10,11,17460782,17460782,na,na,11p15.1,"criteria provided, single submitter",1,-,N,ClinGen:CA13502202,2,1222435,17460782,G,A,-,-,-,-,-,-,SCV001830400,-,-
1213084,single nucleotide variant,NM_000162.5(GCK):c.1019+107T>C,2645,GCK,HGNC:4195,Benign,0,"Jun 28, 2018",76323047,-,RCV001598317,MedGen:C3661900,not provided,germline,germline,GRCh37,NC_000007.13,7,44185955,44185955,na,na,7p13,"criteria provided, single submitter",1,-,N,ClinGen:CA157914284,2,1222687,44185955,A,G,-,-,-,-,-,-,SCV001831580,-,-
1213084,single nucleotide variant,NM_000162.5(GCK):c.1019+107T>C,2645,GCK,HGNC:4195,Benign,0,"Jun 28, 2018",76323047,-,RCV001598317,MedGen:C3661900,not provided,germline,germline,GRCh38,NC_000007.14,7,44146356,44146356,na,na,7p13,"criteria provided, single submitter",1,-,N,ClinGen:CA157914284,2,1222687,44146356,A,G,-,-,-,-,-,-,SCV001831580,-,-
1214547,single nucleotide variant,NM_000352.6(ABCC8):c.2292-114C>T,6833,ABCC8,HGNC:59,Benign,0,"Aug 17, 2018",4148627,-,RCV001613540,MedGen:C3661900,not provided,germline,germline,GRCh37,NC_000011.9,11,17436271,17436271,na,na,11p15.1,"criteria provided, multiple submitters, no conflicts",2,-,N,ClinGen:CA15701758,2,1225865,17436271,G,A,-,-,-,-,-,-,SCV001834276|SCV005323569,-,-
1214547,single nucleotide variant,NM_000352.6(ABCC8):c.2292-114C>T,6833,ABCC8,HGNC:59,Benign,0,"Aug 17, 2018",4148627,-,RCV001613540,MedGen:C3661900,not provided,germline,germline,GRCh38,NC_000011.10,11,17414724,17414724,na,na,11p15.1,"criteria provided, multiple submitters, no conflicts",2,-,N,ClinGen:CA15701758,2,1225865,17414724,G,A,-,-,-,-,-,-,SCV001834276|SCV005323569,-,-
1216651,single nucleotide variant,NM_000352.6(ABCC8):c.3753+269C>A,6833,ABCC8,HGNC:59,Benign,0,"Sep 04, 2018",17846760,-,RCV001610951,MedGen:C3661900,not provided,germline,germline,GRCh37,NC_000011.9,11,17419617,17419617,na,na,11p15.1,"criteria provided, single submitter",1,-,N,ClinGen:CA218411085,2,1225385,17419617,G,T,-,-,-,-,-,-,SCV001836603,-,-
1216651,single nucleotide variant,NM_000352.6(ABCC8):c.3753+269C>A,6833,ABCC8,HGNC:59,Benign,0,"Sep 04, 2018",17846760,-,RCV001610951,MedGen:C3661900,not provided,germline,germline,GRCh38,NC_000011.10,11,17398070,17398070,na,na,11p15.1,"criteria provided, single submitter",1,-,N,ClinGen:CA218411085,2,1225385,17398070,G,T,-,-,-,-,-,-,SCV001836603,-,-
1218490,single nucleotide variant,NM_000352.6(ABCC8):c.2117-261G>A,6833,ABCC8,HGNC:59,Benign,0,"Dec 12, 2018",73423060,-,RCV001616117,MedGen:C3661900,not provided,germline,germline,GRCh37,NC_000011.9,11,17448962,17448962,na,na,11p15.1,"criteria provided, single submitter",1,-,N,ClinGen:CA218440770,2,1228486,17448962,C,T,-,-,-,-,-,-,SCV001838881,-,-
1218490,single nucleotide variant,NM_000352.6(ABCC8):c.2117-261G>A,6833,ABCC8,HGNC:59,Benign,0,"Dec 12, 2018",73423060,-,RCV001616117,MedGen:C3661900,not provided,germline,germline,GRCh38,NC_000011.10,11,17427415,17427415,na,na,11p15.1,"criteria provided, single submitter",1,-,N,ClinGen:CA218440770,2,1228486,17427415,C,T,-,-,-,-,-,-,SCV001838881,-,-
1222491,single nucleotide variant,NM_000352.6(ABCC8):c.4412-179C>T,6833,ABCC8,HGNC:59,Benign,0,"Sep 04, 2018",17846770,-,RCV001617494,MedGen:C3661900,not provided,germline,germline,GRCh37,NC_000011.9,11,17416125,17416125,na,na,11p15.1,"criteria provided, multiple submitters, no conflicts",2,-,N,ClinGen:CA218407134,2,1233369,17416125,G,A,-,-,-,-,-,-,SCV001842781|SCV005323551,-,-
1222491,single nucleotide variant,NM_000352.6(ABCC8):c.4412-179C>T,6833,ABCC8,HGNC:59,Benign,0,"Sep 04, 2018",17846770,-,RCV001617494,MedGen:C3661900,not provided,germline,germline,GRCh38,NC_000011.10,11,17394578,17394578,na,na,11p15.1,"criteria provided, multiple submitters, no conflicts",2,-,N,ClinGen:CA218407134,2,1233369,17394578,G,A,-,-,-,-,-,-,SCV001842781|SCV005323551,-,-
1222667,single nucleotide variant,NM_000352.6(ABCC8):c.3558-233T>A,6833,ABCC8,HGNC:59,Benign,0,"Sep 16, 2018",16934040,-,RCV001617670,MedGen:C3661900,not provided,germline,germline,GRCh37,NC_000011.9,11,17424533,17424533,na,na,11p15.1,"criteria provided, single submitter",1,-,N,ClinGen:CA13502179,2,1233545,17424533,A,T,-,-,-,-,-,-,SCV001843017,-,-
1222667,single nucleotide variant,NM_000352.6(ABCC8):c.3558-233T>A,6833,ABCC8,HGNC:59,Benign,0,"Sep 16, 2018",16934040,-,RCV001617670,MedGen:C3661900,not provided,germline,germline,GRCh38,NC_000011.10,11,17402986,17402986,na,na,11p15.1,"criteria provided, single submitter",1,-,N,ClinGen:CA13502179,2,1233545,17402986,A,T,-,-,-,-,-,-,SCV001843017,-,-
1222720,single nucleotide variant,NM_000352.6(ABCC8):c.4609-82G>A,6833,ABCC8,HGNC:59,Benign,0,"Aug 25, 2018",41282912,-,RCV001618782,MedGen:C3661900,not provided,germline,germline,GRCh37,NC_000011.9,11,17414757,17414757,na,na,11p15.1,"criteria provided, multiple submitters, no conflicts",2,-,N,ClinGen:CA13545581,2,1233600,17414757,C,T,-,-,-,-,-,-,SCV001843086|SCV005323547,-,-
1222720,single nucleotide variant,NM_000352.6(ABCC8):c.4609-82G>A,6833,ABCC8,HGNC:59,Benign,0,"Aug 25, 2018",41282912,-,RCV001618782,MedGen:C3661900,not provided,germline,germline,GRCh38,NC_000011.10,11,17393210,17393210,na,na,11p15.1,"criteria provided, multiple submitters, no conflicts",2,-,N,ClinGen:CA13545581,2,1233600,17393210,C,T,-,-,-,-,-,-,SCV001843086|SCV005323547,-,-
1222876,single nucleotide variant,NM_000162.5(GCK):c.209-179T>C,2645,GCK,HGNC:4195,Benign,0,"Jun 26, 2018",12534623,-,RCV001621810,MedGen:C3661900,not provided,germline,germline,GRCh37,NC_000007.13,7,44192203,44192203,na,na,7p13,"criteria provided, single submitter",1,-,N,ClinGen:CA12505484,2,1235046,44192203,A,G,-,-,-,-,-,-,SCV001844870,-,-
1222876,single nucleotide variant,NM_000162.5(GCK):c.209-179T>C,2645,GCK,HGNC:4195,Benign,0,"Jun 26, 2018",12534623,-,RCV001621810,MedGen:C3661900,not provided,germline,germline,GRCh38,NC_000007.14,7,44152604,44152604,na,na,7p13,"criteria provided, single submitter",1,-,N,ClinGen:CA12505484,2,1235046,44152604,A,G,-,-,-,-,-,-,SCV001844870,-,-
1225356,single nucleotide variant,NM_000352.6(ABCC8):c.3867+157C>T,6833,ABCC8,HGNC:59,Benign,0,"Sep 04, 2018",17846764,-,RCV001618871,MedGen:C3661900,not provided,germline,germline,GRCh37,NC_000011.9,11,17419074,17419074,na,na,11p15.1,"criteria provided, multiple submitters, no conflicts",2,-,N,ClinGen:CA218410306,2,1233689,17419074,G,A,-,-,-,-,-,-,SCV001844363|SCV005323554,-,-
1225356,single nucleotide variant,NM_000352.6(ABCC8):c.3867+157C>T,6833,ABCC8,HGNC:59,Benign,0,"Sep 04, 2018",17846764,-,RCV001618871,MedGen:C3661900,not provided,germline,germline,GRCh38,NC_000011.10,11,17397527,17397527,na,na,11p15.1,"criteria provided, multiple submitters, no conflicts",2,-,N,ClinGen:CA218410306,2,1233689,17397527,G,A,-,-,-,-,-,-,SCV001844363|SCV005323554,-,-
1226837,single nucleotide variant,NM_000352.6(ABCC8):c.823-105A>G,6833,ABCC8,HGNC:59,Benign,0,"Aug 09, 2018",886290,-,RCV001639931,MedGen:C3661900,not provided,germline,germline,GRCh37,NC_000011.9,11,17482328,17482328,na,na,11p15.1,"criteria provided, single submitter",1,-,N,ClinGen:CA13539556,2,1239000,17482328,T,C,-,-,-,-,-,-,SCV001849610,-,-
1226837,single nucleotide variant,NM_000352.6(ABCC8):c.823-105A>G,6833,ABCC8,HGNC:59,Benign,0,"Aug 09, 2018",886290,-,RCV001639931,MedGen:C3661900,not provided,germline,germline,GRCh38,NC_000011.10,11,17460781,17460781,na,na,11p15.1,"criteria provided, single submitter",1,-,N,ClinGen:CA13539556,2,1239000,17460781,T,C,-,-,-,-,-,-,SCV001849610,-,-
1228289,single nucleotide variant,NM_000352.6(ABCC8):c.3558-95C>T,6833,ABCC8,HGNC:59,Benign,0,"Aug 17, 2018",4757513,-,RCV001639095,MedGen:C3661900,not provided,germline,germline,GRCh37,NC_000011.9,11,17424395,17424395,na,na,11p15.1,"criteria provided, multiple submitters, no conflicts",2,-,N,ClinGen:CA13502178,2,1236580,17424395,G,A,-,-,-,-,-,-,SCV001850232|SCV005323556,-,-
1228289,single nucleotide variant,NM_000352.6(ABCC8):c.3558-95C>T,6833,ABCC8,HGNC:59,Benign,0,"Aug 17, 2018",4757513,-,RCV001639095,MedGen:C3661900,not provided,germline,germline,GRCh38,NC_000011.10,11,17402848,17402848,na,na,11p15.1,"criteria provided, multiple submitters, no conflicts",2,-,N,ClinGen:CA13502178,2,1236580,17402848,G,A,-,-,-,-,-,-,SCV001850232|SCV005323556,-,-
1228989,single nucleotide variant,NM_000162.5(GCK):c.46-4713G>A,2645,GCK,HGNC:4195,Benign,0,"Jul 07, 2018",35140467,-,RCV001637831|RCV005919796|RCV005919797,MedGen:C3661900|MedGen:C0279663|MedGen:CN377704,not provided|Ovarian serous cystadenocarcinoma|Uterine corpus endometrial carcinoma,germline;not applicable,germline,GRCh37,NC_000007.13,7,44197775,44197775,na,na,7p13,"criteria provided, single submitter",2,-,N,ClinGen:CA157924599,2,1239867,44197775,C,T,-,-,-,-,-,-,SCV001848721,-,-
1228989,single nucleotide variant,NM_000162.5(GCK):c.46-4713G>A,2645,GCK,HGNC:4195,Benign,0,"Jul 07, 2018",35140467,-,RCV001637831|RCV005919796|RCV005919797,MedGen:C3661900|MedGen:C0279663|MedGen:CN377704,not provided|Ovarian serous cystadenocarcinoma|Uterine corpus endometrial carcinoma,germline;not applicable,germline,GRCh38,NC_000007.14,7,44158176,44158176,na,na,7p13,"criteria provided, single submitter",2,-,N,ClinGen:CA157924599,2,1239867,44158176,C,T,-,-,-,-,-,-,SCV001848721,-,-
1229643,single nucleotide variant,NM_000352.6(ABCC8):c.4119+254C>G,6833,ABCC8,HGNC:59,Benign,0,"Aug 25, 2018",12288315,-,RCV001636221,MedGen:C3661900,not provided,germline,germline,GRCh37,NC_000011.9,11,17418209,17418209,na,na,11p15.1,"criteria provided, single submitter",1,-,N,ClinGen:CA13375153,2,1239313,17418209,G,C,-,-,-,-,-,-,SCV001851283,-,-
1229643,single nucleotide variant,NM_000352.6(ABCC8):c.4119+254C>G,6833,ABCC8,HGNC:59,Benign,0,"Aug 25, 2018",12288315,-,RCV001636221,MedGen:C3661900,not provided,germline,germline,GRCh38,NC_000011.10,11,17396662,17396662,na,na,11p15.1,"criteria provided, single submitter",1,-,N,ClinGen:CA13375153,2,1239313,17396662,G,C,-,-,-,-,-,-,SCV001851283,-,-
1231624,single nucleotide variant,NM_000352.6(ABCC8):c.1011+87A>G,6833,ABCC8,HGNC:59,Benign,0,"Apr 07, 2019",886291,-,RCV001643286,MedGen:C3661900,not provided,germline,germline,GRCh37,NC_000011.9,11,17481948,17481948,na,na,11p15.1,"criteria provided, multiple submitters, no conflicts",2,-,N,ClinGen:CA13528786,2,1240803,17481948,T,C,-,-,-,-,-,-,SCV001857818|SCV005323582,-,-
1231624,single nucleotide variant,NM_000352.6(ABCC8):c.1011+87A>G,6833,ABCC8,HGNC:59,Benign,0,"Apr 07, 2019",886291,-,RCV001643286,MedGen:C3661900,not provided,germline,germline,GRCh38,NC_000011.10,11,17460401,17460401,na,na,11p15.1,"criteria provided, multiple submitters, no conflicts",2,-,N,ClinGen:CA13528786,2,1240803,17460401,T,C,-,-,-,-,-,-,SCV001857818|SCV005323582,-,-
1233051,single nucleotide variant,NM_000352.6(ABCC8):c.1817+267C>A,6833,ABCC8,HGNC:59,Benign,0,"Aug 10, 2019",72866869,-,RCV001645724,MedGen:C3661900,not provided,germline,germline,GRCh37,NC_000011.9,11,17452094,17452094,na,na,11p15.1,"criteria provided, multiple submitters, no conflicts",2,-,N,ClinGen:CA13478863,2,1243563,17452094,G,T,-,-,-,-,-,-,SCV001858868|SCV005323576,-,-
1233051,single nucleotide variant,NM_000352.6(ABCC8):c.1817+267C>A,6833,ABCC8,HGNC:59,Benign,0,"Aug 10, 2019",72866869,-,RCV001645724,MedGen:C3661900,not provided,germline,germline,GRCh38,NC_000011.10,11,17430547,17430547,na,na,11p15.1,"criteria provided, multiple submitters, no conflicts",2,-,N,ClinGen:CA13478863,2,1243563,17430547,G,T,-,-,-,-,-,-,SCV001858868|SCV005323576,-,-
1236376,single nucleotide variant,NM_000162.5(GCK):c.484-29G>C,2645,GCK,HGNC:4195,Benign,0,"Aug 03, 2018",35723429,-,RCV001656101,MedGen:C3661900,not provided,germline,germline,GRCh37,NC_000007.13,7,44189692,44189692,na,na,7p13,"criteria provided, single submitter",1,-,N,ClinGen:CA4239614,2,1246425,44189692,C,G,-,-,-,-,-,-,SCV001864756,-,-
1236376,single nucleotide variant,NM_000162.5(GCK):c.484-29G>C,2645,GCK,HGNC:4195,Benign,0,"Aug 03, 2018",35723429,-,RCV001656101,MedGen:C3661900,not provided,germline,germline,GRCh38,NC_000007.14,7,44150093,44150093,na,na,7p13,"criteria provided, single submitter",1,-,N,ClinGen:CA4239614,2,1246425,44150093,C,G,-,-,-,-,-,-,SCV001864756,-,-
1236868,single nucleotide variant,NM_000352.6(ABCC8):c.412+77G>A,6833,ABCC8,HGNC:59,Benign,0,"Aug 09, 2018",10400389,-,RCV001655932,MedGen:C3661900,not provided,germline,germline,GRCh37,NC_000011.9,11,17491571,17491571,na,na,11p15.1,"criteria provided, multiple submitters, no conflicts",2,-,N,ClinGen:CA15711759,2,1244339,17491571,C,T,-,-,-,-,-,-,SCV001861622|SCV005323584,-,-
1236868,single nucleotide variant,NM_000352.6(ABCC8):c.412+77G>A,6833,ABCC8,HGNC:59,Benign,0,"Aug 09, 2018",10400389,-,RCV001655932,MedGen:C3661900,not provided,germline,germline,GRCh38,NC_000011.10,11,17470024,17470024,na,na,11p15.1,"criteria provided, multiple submitters, no conflicts",2,-,N,ClinGen:CA15711759,2,1244339,17470024,C,T,-,-,-,-,-,-,SCV001861622|SCV005323584,-,-
1237588,single nucleotide variant,NM_000352.6(ABCC8):c.1333-1186T>G,6833,ABCC8,HGNC:59,Benign,0,"Aug 09, 2018",886292,-,RCV001654437,MedGen:C3661900,not provided,germline,germline,GRCh37,NC_000011.9,11,17466045,17466045,na,na,11p15.1,"criteria provided, single submitter",1,-,N,ClinGen:CA13528779,2,1246345,17466045,A,C,-,-,-,-,-,-,SCV001864647,-,-
1237588,single nucleotide variant,NM_000352.6(ABCC8):c.1333-1186T>G,6833,ABCC8,HGNC:59,Benign,0,"Aug 09, 2018",886292,-,RCV001654437,MedGen:C3661900,not provided,germline,germline,GRCh38,NC_000011.10,11,17444498,17444498,na,na,11p15.1,"criteria provided, single submitter",1,-,N,ClinGen:CA13528779,2,1246345,17444498,A,C,-,-,-,-,-,-,SCV001864647,-,-
1237624,single nucleotide variant,NM_000352.6(ABCC8):c.580-314T>C,6833,ABCC8,HGNC:59,Benign,0,"Oct 05, 2018",111866974,-,RCV001654473,MedGen:C3661900,not provided,germline,germline,GRCh37,NC_000011.9,11,17483686,17483686,na,na,11p15.1,"criteria provided, single submitter",1,-,N,ClinGen:CA218452279,2,1246381,17483686,A,G,-,-,-,-,-,-,SCV001864698,-,-
1237624,single nucleotide variant,NM_000352.6(ABCC8):c.580-314T>C,6833,ABCC8,HGNC:59,Benign,0,"Oct 05, 2018",111866974,-,RCV001654473,MedGen:C3661900,not provided,germline,germline,GRCh38,NC_000011.10,11,17462139,17462139,na,na,11p15.1,"criteria provided, single submitter",1,-,N,ClinGen:CA218452279,2,1246381,17462139,A,G,-,-,-,-,-,-,SCV001864698,-,-
1237639,single nucleotide variant,NM_000352.6(ABCC8):c.3754-156C>T,6833,ABCC8,HGNC:59,Benign,0,"Apr 07, 2019",4148642,-,RCV001654488,MedGen:C3661900,not provided,germline,germline,GRCh37,NC_000011.9,11,17419500,17419500,na,na,11p15.1,"criteria provided, single submitter",1,-,N,ClinGen:CA13528773,2,1246396,17419500,G,A,-,-,-,-,-,-,SCV001864718,-,-
1237639,single nucleotide variant,NM_000352.6(ABCC8):c.3754-156C>T,6833,ABCC8,HGNC:59,Benign,0,"Apr 07, 2019",4148642,-,RCV001654488,MedGen:C3661900,not provided,germline,germline,GRCh38,NC_000011.10,11,17397953,17397953,na,na,11p15.1,"criteria provided, single submitter",1,-,N,ClinGen:CA13528773,2,1246396,17397953,G,A,-,-,-,-,-,-,SCV001864718,-,-
1239194,single nucleotide variant,NM_000162.5(GCK):c.679+85A>G,2645,GCK,HGNC:4195,Benign,0,"Jun 26, 2018",2268575,-,RCV001654762,MedGen:C3661900,not provided,germline,germline,GRCh37,NC_000007.13,7,44189274,44189274,na,na,7p13,"criteria provided, single submitter",1,-,N,ClinGen:CA12505480,2,1248825,44189274,T,C,-,-,-,-,-,-,SCV001869148,-,-
1239194,single nucleotide variant,NM_000162.5(GCK):c.679+85A>G,2645,GCK,HGNC:4195,Benign,0,"Jun 26, 2018",2268575,-,RCV001654762,MedGen:C3661900,not provided,germline,germline,GRCh38,NC_000007.14,7,44149675,44149675,na,na,7p13,"criteria provided, single submitter",1,-,N,ClinGen:CA12505480,2,1248825,44149675,T,C,-,-,-,-,-,-,SCV001869148,-,-
1240512,single nucleotide variant,NM_000352.6(ABCC8):c.291-243C>A,6833,ABCC8,HGNC:59,Benign,0,"Oct 01, 2018",59060762,-,RCV001650273,MedGen:C3661900,not provided,germline,germline,GRCh37,NC_000011.9,11,17492012,17492012,na,na,11p15.1,"criteria provided, single submitter",1,-,N,ClinGen:CA218456036,2,1250137,17492012,G,T,-,-,-,-,-,-,SCV001869577,-,-
1240512,single nucleotide variant,NM_000352.6(ABCC8):c.291-243C>A,6833,ABCC8,HGNC:59,Benign,0,"Oct 01, 2018",59060762,-,RCV001650273,MedGen:C3661900,not provided,germline,germline,GRCh38,NC_000011.10,11,17470465,17470465,na,na,11p15.1,"criteria provided, single submitter",1,-,N,ClinGen:CA218456036,2,1250137,17470465,G,T,-,-,-,-,-,-,SCV001869577,-,-
1240653,single nucleotide variant,NM_000352.6(ABCC8):c.291-62G>T,6833,ABCC8,HGNC:59,Benign,0,"Aug 17, 2018",11024298,-,RCV001657496,MedGen:C3661900,not provided,germline,germline,GRCh37,NC_000011.9,11,17491831,17491831,na,na,11p15.1,"criteria provided, multiple submitters, no conflicts",2,-,N,ClinGen:CA218455960,2,1251559,17491831,C,A,-,-,-,-,-,-,SCV001870212|SCV005323587,-,-
1240653,single nucleotide variant,NM_000352.6(ABCC8):c.291-62G>T,6833,ABCC8,HGNC:59,Benign,0,"Aug 17, 2018",11024298,-,RCV001657496,MedGen:C3661900,not provided,germline,germline,GRCh38,NC_000011.10,11,17470284,17470284,na,na,11p15.1,"criteria provided, multiple submitters, no conflicts",2,-,N,ClinGen:CA218455960,2,1251559,17470284,C,A,-,-,-,-,-,-,SCV001870212|SCV005323587,-,-
1240776,single nucleotide variant,NM_000352.6(ABCC8):c.1012-317A>G,6833,ABCC8,HGNC:59,Benign,0,"Aug 30, 2018",78970117,-,RCV001657619,MedGen:C3661900,not provided,germline,germline,GRCh37,NC_000011.9,11,17475147,17475147,na,na,11p15.1,"criteria provided, single submitter",1,-,N,ClinGen:CA16411043,2,1251682,17475147,T,C,-,-,-,-,-,-,SCV001866214,-,-
1240776,single nucleotide variant,NM_000352.6(ABCC8):c.1012-317A>G,6833,ABCC8,HGNC:59,Benign,0,"Aug 30, 2018",78970117,-,RCV001657619,MedGen:C3661900,not provided,germline,germline,GRCh38,NC_000011.10,11,17453600,17453600,na,na,11p15.1,"criteria provided, single submitter",1,-,N,ClinGen:CA16411043,2,1251682,17453600,T,C,-,-,-,-,-,-,SCV001866214,-,-
1241176,single nucleotide variant,NM_000352.6(ABCC8):c.3330-253G>A,6833,ABCC8,HGNC:59,Benign,0,"Aug 09, 2018",4148636,-,RCV001657072,MedGen:C3661900,not provided,germline,germline,GRCh37,NC_000011.9,11,17427363,17427363,na,na,11p15.1,"criteria provided, multiple submitters, no conflicts",2,-,N,ClinGen:CA13438213,2,1249551,17427363,C,T,-,-,-,-,-,-,SCV001867137|SCV005323558,-,-
1241176,single nucleotide variant,NM_000352.6(ABCC8):c.3330-253G>A,6833,ABCC8,HGNC:59,Benign,0,"Aug 09, 2018",4148636,-,RCV001657072,MedGen:C3661900,not provided,germline,germline,GRCh38,NC_000011.10,11,17405816,17405816,na,na,11p15.1,"criteria provided, multiple submitters, no conflicts",2,-,N,ClinGen:CA13438213,2,1249551,17405816,C,T,-,-,-,-,-,-,SCV001867137|SCV005323558,-,-
1241559,single nucleotide variant,NM_000352.6(ABCC8):c.148+308A>T,6833,ABCC8,HGNC:59,Benign,0,"Aug 09, 2018",115286421,-,RCV001655566,MedGen:C3661900,not provided,germline,germline,GRCh37,NC_000011.9,11,17497868,17497868,na,na,11p15.1,"criteria provided, single submitter",1,-,N,ClinGen:CA218463672,2,1251213,17497868,T,A,-,-,-,-,-,-,SCV001868896,-,-
1241559,single nucleotide variant,NM_000352.6(ABCC8):c.148+308A>T,6833,ABCC8,HGNC:59,Benign,0,"Aug 09, 2018",115286421,-,RCV001655566,MedGen:C3661900,not provided,germline,germline,GRCh38,NC_000011.10,11,17476321,17476321,na,na,11p15.1,"criteria provided, single submitter",1,-,N,ClinGen:CA218463672,2,1251213,17476321,T,A,-,-,-,-,-,-,SCV001868896,-,-
1241790,single nucleotide variant,NM_000162.5(GCK):c.483+58A>T,2645,GCK,HGNC:4195,Benign,0,"Jul 09, 2018",115206967,-,RCV001657381,MedGen:C3661900,not provided,germline,germline,GRCh37,NC_000007.13,7,44190497,44190497,na,na,7p13,"criteria provided, single submitter",1,-,N,ClinGen:CA157918072,2,1251444,44190497,T,A,-,-,-,-,-,-,SCV001870061,-,-
1241790,single nucleotide variant,NM_000162.5(GCK):c.483+58A>T,2645,GCK,HGNC:4195,Benign,0,"Jul 09, 2018",115206967,-,RCV001657381,MedGen:C3661900,not provided,germline,germline,GRCh38,NC_000007.14,7,44150898,44150898,na,na,7p13,"criteria provided, single submitter",1,-,N,ClinGen:CA157918072,2,1251444,44150898,T,A,-,-,-,-,-,-,SCV001870061,-,-
1242923,single nucleotide variant,NM_000352.6(ABCC8):c.822+92G>A,6833,ABCC8,HGNC:59,Benign,0,"Aug 17, 2018",2074317,-,RCV001662856,MedGen:C3661900,not provided,germline,germline,GRCh37,NC_000011.9,11,17483038,17483038,na,na,11p15.1,"criteria provided, multiple submitters, no conflicts",2,-,N,ClinGen:CA15698993,2,1252979,17483038,C,T,-,-,-,-,-,-,SCV001874591|SCV005323583,-,-
1242923,single nucleotide variant,NM_000352.6(ABCC8):c.822+92G>A,6833,ABCC8,HGNC:59,Benign,0,"Aug 17, 2018",2074317,-,RCV001662856,MedGen:C3661900,not provided,germline,germline,GRCh38,NC_000011.10,11,17461491,17461491,na,na,11p15.1,"criteria provided, multiple submitters, no conflicts",2,-,N,ClinGen:CA15698993,2,1252979,17461491,C,T,-,-,-,-,-,-,SCV001874591|SCV005323583,-,-
1244573,Deletion,NM_000162.5(GCK):c.148del (p.His50fs),2645,GCK,HGNC:4195,Pathogenic,1,"Aug 05, 2021",886041690,-,RCV001658822,MedGen:C3661900,not provided,germline,germline,GRCh37,NC_000007.13,7,44192960,44192960,na,na,7p13,"criteria provided, single submitter",1,-,N,ClinGen:CA2499218897,2,1254640,44192959,TG,T,-,-,-,-,-,-,SCV001873962,-,-
1244573,Deletion,NM_000162.5(GCK):c.148del (p.His50fs),2645,GCK,HGNC:4195,Pathogenic,1,"Aug 05, 2021",886041690,-,RCV001658822,MedGen:C3661900,not provided,germline,germline,GRCh38,NC_000007.14,7,44153361,44153361,na,na,7p13,"criteria provided, single submitter",1,-,N,ClinGen:CA2499218897,2,1254640,44153360,TG,T,-,-,-,-,-,-,SCV001873962,-,-
1245059,Deletion,NM_000352.6(ABCC8):c.4609-103del,6833,ABCC8,HGNC:59,Benign,0,"Aug 17, 2018",1799731,-,RCV001653236,MedGen:C3661900,not provided,germline,germline,GRCh37,NC_000011.9,11,17414778,17414778,na,na,11p15.1,"criteria provided, single submitter",1,-,N,ClinGen:CA218405885,2,1255127,17414777,AG,A,-,-,-,-,-,-,SCV001871479,-,-
1245059,Deletion,NM_000352.6(ABCC8):c.4609-103del,6833,ABCC8,HGNC:59,Benign,0,"Aug 17, 2018",1799731,-,RCV001653236,MedGen:C3661900,not provided,germline,germline,GRCh38,NC_000011.10,11,17393231,17393231,na,na,11p15.1,"criteria provided, single submitter",1,-,N,ClinGen:CA218405885,2,1255127,17393230,AG,A,-,-,-,-,-,-,SCV001871479,-,-
1246233,single nucleotide variant,NM_000162.5(GCK):c.1145G>A (p.Cys382Tyr),2645,GCK,HGNC:4195,Pathogenic,1,"Jul 16, 2023",2096271616,-,RCV001663646|RCV003318508,"MedGen:C3661900|MONDO:MONDO:0015967,MedGen:C3888631,Orphanet:183625",not provided|Monogenic diabetes,germline;unknown,germline,GRCh37,NC_000007.13,7,44185204,44185204,na,na,7p13,reviewed by expert panel,2,-,N,ClinGen:CA367398751,2,1256304,44185204,C,T,-,-,-,-,-,-,SCV004022348,-,-
1246233,single nucleotide variant,NM_000162.5(GCK):c.1145G>A (p.Cys382Tyr),2645,GCK,HGNC:4195,Pathogenic,1,"Jul 16, 2023",2096271616,-,RCV001663646|RCV003318508,"MedGen:C3661900|MONDO:MONDO:0015967,MedGen:C3888631,Orphanet:183625",not provided|Monogenic diabetes,germline;unknown,germline,GRCh38,NC_000007.14,7,44145605,44145605,na,na,7p13,reviewed by expert panel,2,-,N,ClinGen:CA367398751,2,1256304,44145605,C,T,-,-,-,-,-,-,SCV004022348,-,-
1246235,single nucleotide variant,NM_000162.5(GCK):c.1147T>C (p.Ser383Pro),2645,GCK,HGNC:4195,Likely pathogenic,1,"Mar 31, 2024",749298368,-,RCV001663648|RCV003993682,"MedGen:C3661900|MONDO:MONDO:0015967,MedGen:C3888631,Orphanet:183625",not provided|Monogenic diabetes,germline;unknown,germline,GRCh37,NC_000007.13,7,44185202,44185202,na,na,7p13,reviewed by expert panel,4,-,N,ClinGen:CA367398737,2,1256306,44185202,A,G,-,-,-,-,-,-,SCV004812203,-,-
1246235,single nucleotide variant,NM_000162.5(GCK):c.1147T>C (p.Ser383Pro),2645,GCK,HGNC:4195,Likely pathogenic,1,"Mar 31, 2024",749298368,-,RCV001663648|RCV003993682,"MedGen:C3661900|MONDO:MONDO:0015967,MedGen:C3888631,Orphanet:183625",not provided|Monogenic diabetes,germline;unknown,germline,GRCh38,NC_000007.14,7,44145603,44145603,na,na,7p13,reviewed by expert panel,4,-,N,ClinGen:CA367398737,2,1256306,44145603,A,G,-,-,-,-,-,-,SCV004812203,-,-
1246242,Duplication,NM_000162.5(GCK):c.1217_1219dup (p.Val406dup),2645,GCK,HGNC:4195,Uncertain significance,0,"Feb 26, 2021",2128819145,-,RCV001663655,MedGen:C3661900,not provided,unknown,unknown,GRCh37,NC_000007.13,7,44185129,44185130,na,na,7p13,"criteria provided, single submitter",1,-,N,ClinGen:CA2499218894,2,1256313,44185129,C,CCCA,-,-,-,-,-,-,SCV001880663,-,-
1246242,Duplication,NM_000162.5(GCK):c.1217_1219dup (p.Val406dup),2645,GCK,HGNC:4195,Uncertain significance,0,"Feb 26, 2021",2128819145,-,RCV001663655,MedGen:C3661900,not provided,unknown,unknown,GRCh38,NC_000007.14,7,44145530,44145531,na,na,7p13,"criteria provided, single submitter",1,-,N,ClinGen:CA2499218894,2,1256313,44145530,C,CCCA,-,-,-,-,-,-,SCV001880663,-,-
1246257,single nucleotide variant,NM_000162.5(GCK):c.610A>G (p.Asn204Asp),2645,GCK,HGNC:4195,Conflicting classifications of pathogenicity,1,"Nov 23, 2024",2128821512,-,RCV001663670,MedGen:C3661900,not provided,germline;unknown,germline,GRCh37,NC_000007.13,7,44189428,44189428,na,na,7p13,"criteria provided, conflicting classifications",2,-,N,ClinGen:CA367401360,2,1256328,44189428,T,C,-,-,-,-,-,-,SCV001880726|SCV002290849,-,-
1246257,single nucleotide variant,NM_000162.5(GCK):c.610A>G (p.Asn204Asp),2645,GCK,HGNC:4195,Conflicting classifications of pathogenicity,1,"Nov 23, 2024",2128821512,-,RCV001663670,MedGen:C3661900,not provided,germline;unknown,germline,GRCh38,NC_000007.14,7,44149829,44149829,na,na,7p13,"criteria provided, conflicting classifications",2,-,N,ClinGen:CA367401360,2,1256328,44149829,T,C,-,-,-,-,-,-,SCV001880726|SCV002290849,-,-
1246281,single nucleotide variant,NM_000162.5(GCK):c.990C>T (p.Phe330=),2645,GCK,HGNC:4195,Uncertain significance,0,"Dec 14, 2020",773582328,-,RCV001663694,MedGen:C3661900,not provided,unknown,unknown,GRCh37,NC_000007.13,7,44186091,44186091,na,na,7p13,"criteria provided, single submitter",1,-,N,ClinGen:CA4239472,2,1256352,44186091,G,A,-,-,-,-,-,-,SCV001880799,-,-
1246281,single nucleotide variant,NM_000162.5(GCK):c.990C>T (p.Phe330=),2645,GCK,HGNC:4195,Uncertain significance,0,"Dec 14, 2020",773582328,-,RCV001663694,MedGen:C3661900,not provided,unknown,unknown,GRCh38,NC_000007.14,7,44146492,44146492,na,na,7p13,"criteria provided, single submitter",1,-,N,ClinGen:CA4239472,2,1256352,44146492,G,A,-,-,-,-,-,-,SCV001880799,-,-
1248234,single nucleotide variant,NC_000007.14:g.44189469C>T,2645,GCK,HGNC:4195,Benign,0,"Jun 28, 2018",1799884,-,RCV001671272,MedGen:C3661900,not provided,germline,germline,GRCh37,NC_000007.13,7,44229068,44229068,na,na,7p13,"criteria provided, single submitter",1,-,N,ClinGen:CA12631835,2,1258742,44229068,C,T,-,-,-,-,-,-,SCV001885283,-,-
1248234,single nucleotide variant,NC_000007.14:g.44189469C>T,2645,GCK,HGNC:4195,Benign,0,"Jun 28, 2018",1799884,-,RCV001671272,MedGen:C3661900,not provided,germline,germline,GRCh38,NC_000007.14,7,44189469,44189469,na,na,7p13,"criteria provided, single submitter",1,-,N,ClinGen:CA12631835,2,1258742,44189469,C,T,-,-,-,-,-,-,SCV001885283,-,-
1249143,single nucleotide variant,NM_000352.6(ABCC8):c.3329+268G>C,6833,ABCC8,HGNC:59,Benign,0,"Aug 09, 2018",2077654,-,RCV001666575,MedGen:C3661900,not provided,germline,germline,GRCh37,NC_000011.9,11,17427901,17427901,na,na,11p15.1,"criteria provided, multiple submitters, no conflicts",2,-,N,ClinGen:CA13438215,2,1259658,17427901,C,G,-,-,-,-,-,-,SCV001884365|SCV005323560,-,-
1249143,single nucleotide variant,NM_000352.6(ABCC8):c.3329+268G>C,6833,ABCC8,HGNC:59,Benign,0,"Aug 09, 2018",2077654,-,RCV001666575,MedGen:C3661900,not provided,germline,germline,GRCh38,NC_000011.10,11,17406354,17406354,na,na,11p15.1,"criteria provided, multiple submitters, no conflicts",2,-,N,ClinGen:CA13438215,2,1259658,17406354,C,G,-,-,-,-,-,-,SCV001884365|SCV005323560,-,-
1249344,single nucleotide variant,NM_000352.6(ABCC8):c.1011+223C>T,6833,ABCC8,HGNC:59,Benign,0,"Oct 05, 2018",113325502,-,RCV001666776,MedGen:C3661900,not provided,germline,germline,GRCh37,NC_000011.9,11,17481812,17481812,na,na,11p15.1,"criteria provided, multiple submitters, no conflicts",2,-,N,ClinGen:CA218451328,2,1259859,17481812,G,A,-,-,-,-,-,-,SCV001884630|SCV005323581,-,-
1249344,single nucleotide variant,NM_000352.6(ABCC8):c.1011+223C>T,6833,ABCC8,HGNC:59,Benign,0,"Oct 05, 2018",113325502,-,RCV001666776,MedGen:C3661900,not provided,germline,germline,GRCh38,NC_000011.10,11,17460265,17460265,na,na,11p15.1,"criteria provided, multiple submitters, no conflicts",2,-,N,ClinGen:CA218451328,2,1259859,17460265,G,A,-,-,-,-,-,-,SCV001884630|SCV005323581,-,-
1250129,Deletion,NM_000352.6(ABCC8):c.3557+118_3557+121del,6833,ABCC8,HGNC:59,Benign,0,"Sep 16, 2018",4148637,-,RCV001673742,MedGen:C3661900,not provided,germline,germline,GRCh37,NC_000011.9,11,17425938,17425941,na,na,11p15.1,"criteria provided, single submitter",1,-,N,ClinGen:CA218416901,2,1259366,17425937,GTTTT,G,-,-,-,-,-,-,SCV001883163,-,-
1250129,Deletion,NM_000352.6(ABCC8):c.3557+118_3557+121del,6833,ABCC8,HGNC:59,Benign,0,"Sep 16, 2018",4148637,-,RCV001673742,MedGen:C3661900,not provided,germline,germline,GRCh38,NC_000011.10,11,17404391,17404394,na,na,11p15.1,"criteria provided, single submitter",1,-,N,ClinGen:CA218416901,2,1259366,17404390,GTTTT,G,-,-,-,-,-,-,SCV001883163,-,-
1250933,single nucleotide variant,NC_000011.10:g.17477214T>A,6833,ABCC8,HGNC:59,Benign,0,"Oct 05, 2018",36234280,-,RCV001674600,MedGen:C3661900,not provided,germline,germline,GRCh37,NC_000011.9,11,17498761,17498761,na,na,11p15.1,"criteria provided, single submitter",1,-,N,ClinGen:CA16411046,2,1263606,17498761,T,A,-,-,-,-,-,-,SCV001889547,-,-
1250933,single nucleotide variant,NC_000011.10:g.17477214T>A,6833,ABCC8,HGNC:59,Benign,0,"Oct 05, 2018",36234280,-,RCV001674600,MedGen:C3661900,not provided,germline,germline,GRCh38,NC_000011.10,11,17477214,17477214,na,na,11p15.1,"criteria provided, single submitter",1,-,N,ClinGen:CA16411046,2,1263606,17477214,T,A,-,-,-,-,-,-,SCV001889547,-,-
1252878,single nucleotide variant,NM_000352.6(ABCC8):c.412+208G>A,6833,ABCC8,HGNC:59,Benign,0,"Aug 09, 2018",76542475,-,RCV001670202,MedGen:C3661900,not provided,germline,germline,GRCh37,NC_000011.9,11,17491440,17491440,na,na,11p15.1,"criteria provided, single submitter",1,-,N,ClinGen:CA218455784,2,1262969,17491440,C,T,-,-,-,-,-,-,SCV001886643,-,-
1252878,single nucleotide variant,NM_000352.6(ABCC8):c.412+208G>A,6833,ABCC8,HGNC:59,Benign,0,"Aug 09, 2018",76542475,-,RCV001670202,MedGen:C3661900,not provided,germline,germline,GRCh38,NC_000011.10,11,17469893,17469893,na,na,11p15.1,"criteria provided, single submitter",1,-,N,ClinGen:CA218455784,2,1262969,17469893,C,T,-,-,-,-,-,-,SCV001886643,-,-
1254154,single nucleotide variant,NM_000162.5(GCK):c.1019+304G>C,2645,GCK,HGNC:4195,Benign,0,"Jun 26, 2018",2971680,-,RCV001667792,MedGen:C3661900,not provided,germline,germline,GRCh37,NC_000007.13,7,44185758,44185758,na,na,7p13,"criteria provided, single submitter",1,-,N,ClinGen:CA4239457,2,1264257,44185758,C,G,-,-,-,-,-,-,SCV001887060,-,-
1254154,single nucleotide variant,NM_000162.5(GCK):c.1019+304G>C,2645,GCK,HGNC:4195,Benign,0,"Jun 26, 2018",2971680,-,RCV001667792,MedGen:C3661900,not provided,germline,germline,GRCh38,NC_000007.14,7,44146159,44146159,na,na,7p13,"criteria provided, single submitter",1,-,N,ClinGen:CA4239457,2,1264257,44146159,C,G,-,-,-,-,-,-,SCV001887060,-,-
1258521,single nucleotide variant,NM_000352.6(ABCC8):c.3330-226C>G,6833,ABCC8,HGNC:59,Benign,0,"Aug 09, 2018",2073583,-,RCV001679719,MedGen:C3661900,not provided,germline,germline,GRCh37,NC_000011.9,11,17427336,17427336,na,na,11p15.1,"criteria provided, multiple submitters, no conflicts",2,-,N,ClinGen:CA13375154,2,1268614,17427336,G,C,-,-,-,-,-,-,SCV001898439|SCV005323557,-,-
1258521,single nucleotide variant,NM_000352.6(ABCC8):c.3330-226C>G,6833,ABCC8,HGNC:59,Benign,0,"Aug 09, 2018",2073583,-,RCV001679719,MedGen:C3661900,not provided,germline,germline,GRCh38,NC_000011.10,11,17405789,17405789,na,na,11p15.1,"criteria provided, multiple submitters, no conflicts",2,-,N,ClinGen:CA13375154,2,1268614,17405789,G,C,-,-,-,-,-,-,SCV001898439|SCV005323557,-,-
1259152,single nucleotide variant,NM_000352.6(ABCC8):c.1672-97A>C,6833,ABCC8,HGNC:59,Benign,0,"Aug 17, 2018",8192694,-,RCV001684397,MedGen:C3661900,not provided,germline,germline,GRCh37,NC_000011.9,11,17452603,17452603,na,na,11p15.1,"criteria provided, multiple submitters, no conflicts",2,-,N,ClinGen:CA13548497,2,1271823,17452603,T,G,-,-,-,-,-,-,SCV001896811|SCV005323578,-,-
1259152,single nucleotide variant,NM_000352.6(ABCC8):c.1672-97A>C,6833,ABCC8,HGNC:59,Benign,0,"Aug 17, 2018",8192694,-,RCV001684397,MedGen:C3661900,not provided,germline,germline,GRCh38,NC_000011.10,11,17431056,17431056,na,na,11p15.1,"criteria provided, multiple submitters, no conflicts",2,-,N,ClinGen:CA13548497,2,1271823,17431056,T,G,-,-,-,-,-,-,SCV001896811|SCV005323578,-,-
1260744,single nucleotide variant,NM_000352.6(ABCC8):c.149-156T>C,6833,ABCC8,HGNC:59,Benign,0,"Aug 17, 2018",74607324,-,RCV001680413,MedGen:C3661900,not provided,germline,germline,GRCh37,NC_000011.9,11,17496730,17496730,na,na,11p15.1,"criteria provided, single submitter",1,-,N,ClinGen:CA218462725,2,1270892,17496730,A,G,-,-,-,-,-,-,SCV001898044,-,-
1260744,single nucleotide variant,NM_000352.6(ABCC8):c.149-156T>C,6833,ABCC8,HGNC:59,Benign,0,"Aug 17, 2018",74607324,-,RCV001680413,MedGen:C3661900,not provided,germline,germline,GRCh38,NC_000011.10,11,17475183,17475183,na,na,11p15.1,"criteria provided, single submitter",1,-,N,ClinGen:CA218462725,2,1270892,17475183,A,G,-,-,-,-,-,-,SCV001898044,-,-
1262733,Deletion,NM_000352.6(ABCC8):c.2556+192del,6833,ABCC8,HGNC:59,Benign,0,"Aug 25, 2018",3214159,-,RCV001687131,MedGen:C3661900,not provided,germline,germline,GRCh37,NC_000011.9,11,17434021,17434021,na,na,11p15.1,"criteria provided, single submitter",1,-,N,ClinGen:CA218427715,2,1274559,17434020,TG,T,-,-,-,-,-,-,SCV001901452,-,-
1262733,Deletion,NM_000352.6(ABCC8):c.2556+192del,6833,ABCC8,HGNC:59,Benign,0,"Aug 25, 2018",3214159,-,RCV001687131,MedGen:C3661900,not provided,germline,germline,GRCh38,NC_000011.10,11,17412474,17412474,na,na,11p15.1,"criteria provided, single submitter",1,-,N,ClinGen:CA218427715,2,1274559,17412473,TG,T,-,-,-,-,-,-,SCV001901452,-,-
1263231,Deletion,NM_000352.6(ABCC8):c.1817+266del,6833,ABCC8,HGNC:59,Benign,0,"Aug 06, 2019",370673339,-,RCV001686631,MedGen:C3661900,not provided,germline,germline,GRCh37,NC_000011.9,11,17452095,17452095,na,na,11p15.1,"criteria provided, single submitter",1,-,N,ClinGen:CA218442527,2,1272475,17452094,GT,G,-,-,-,-,-,-,SCV001903061,-,-
1263231,Deletion,NM_000352.6(ABCC8):c.1817+266del,6833,ABCC8,HGNC:59,Benign,0,"Aug 06, 2019",370673339,-,RCV001686631,MedGen:C3661900,not provided,germline,germline,GRCh38,NC_000011.10,11,17430548,17430548,na,na,11p15.1,"criteria provided, single submitter",1,-,N,ClinGen:CA218442527,2,1272475,17430547,GT,G,-,-,-,-,-,-,SCV001903061,-,-
1263865,Duplication,NM_000352.6(ABCC8):c.2291+284dup,6833,ABCC8,HGNC:59,Benign,0,"Aug 10, 2019",750031942,-,RCV001682566,MedGen:C3661900,not provided,germline,germline,GRCh37,NC_000011.9,11,17436551,17436552,na,na,11p15.1,"criteria provided, single submitter",1,-,N,ClinGen:CA597665631,2,1275687,17436551,C,CT,-,-,-,-,-,-,SCV001905399,-,-
1263865,Duplication,NM_000352.6(ABCC8):c.2291+284dup,6833,ABCC8,HGNC:59,Benign,0,"Aug 10, 2019",750031942,-,RCV001682566,MedGen:C3661900,not provided,germline,germline,GRCh38,NC_000011.10,11,17415004,17415005,na,na,11p15.1,"criteria provided, single submitter",1,-,N,ClinGen:CA597665631,2,1275687,17415004,C,CT,-,-,-,-,-,-,SCV001905399,-,-
1264580,single nucleotide variant,NM_000352.6(ABCC8):c.1012-147T>G,6833,ABCC8,HGNC:59,Benign,0,"Oct 17, 2018",76391488,-,RCV001679564,MedGen:C3661900,not provided,germline,germline,GRCh37,NC_000011.9,11,17474977,17474977,na,na,11p15.1,"criteria provided, single submitter",1,-,N,ClinGen:CA218449087,2,1275325,17474977,A,C,-,-,-,-,-,-,SCV001904096,-,-
1264580,single nucleotide variant,NM_000352.6(ABCC8):c.1012-147T>G,6833,ABCC8,HGNC:59,Benign,0,"Oct 17, 2018",76391488,-,RCV001679564,MedGen:C3661900,not provided,germline,germline,GRCh38,NC_000011.10,11,17453430,17453430,na,na,11p15.1,"criteria provided, single submitter",1,-,N,ClinGen:CA218449087,2,1275325,17453430,A,C,-,-,-,-,-,-,SCV001904096,-,-
1264628,single nucleotide variant,NM_000352.6(ABCC8):c.823-107C>A,6833,ABCC8,HGNC:59,Benign,0,"Aug 17, 2018",76090207,-,RCV001679612,MedGen:C3661900,not provided,germline,germline,GRCh37,NC_000011.9,11,17482330,17482330,na,na,11p15.1,"criteria provided, single submitter",1,-,N,ClinGen:CA218451667,2,1275373,17482330,G,T,-,-,-,-,-,-,SCV001904156,-,-
1264628,single nucleotide variant,NM_000352.6(ABCC8):c.823-107C>A,6833,ABCC8,HGNC:59,Benign,0,"Aug 17, 2018",76090207,-,RCV001679612,MedGen:C3661900,not provided,germline,germline,GRCh38,NC_000011.10,11,17460783,17460783,na,na,11p15.1,"criteria provided, single submitter",1,-,N,ClinGen:CA218451667,2,1275373,17460783,G,T,-,-,-,-,-,-,SCV001904156,-,-
1264856,single nucleotide variant,NM_001166290.2(KCNJ11):c.-17+438G>A,3767,KCNJ11,HGNC:6257,Benign,0,"Aug 09, 2018",5222,-,RCV001678849,MedGen:C3661900,not provided,germline,germline,GRCh37,NC_000011.9,11,17410283,17410283,na,na,11p15.1,"criteria provided, multiple submitters, no conflicts",2,-,N,ClinGen:CA13528771,2,1273026,17410283,C,T,-,-,-,-,-,-,SCV001904571|SCV005323546,-,-
1264856,single nucleotide variant,NM_001166290.2(KCNJ11):c.-17+438G>A,3767,KCNJ11,HGNC:6257,Benign,0,"Aug 09, 2018",5222,-,RCV001678849,MedGen:C3661900,not provided,germline,germline,GRCh38,NC_000011.10,11,17388736,17388736,na,na,11p15.1,"criteria provided, multiple submitters, no conflicts",2,-,N,ClinGen:CA13528771,2,1273026,17388736,C,T,-,-,-,-,-,-,SCV001904571|SCV005323546,-,-
1265018,single nucleotide variant,NM_000352.6(ABCC8):c.2391-189C>T,6833,ABCC8,HGNC:59,Benign,0,"Aug 09, 2018",2074309,-,RCV001679011,MedGen:C3661900,not provided,germline,germline,GRCh37,NC_000011.9,11,17435214,17435214,na,na,11p15.1,"criteria provided, single submitter",1,-,N,ClinGen:CA13375157,2,1273188,17435214,G,A,-,-,-,-,-,-,SCV001901015,-,-
1265018,single nucleotide variant,NM_000352.6(ABCC8):c.2391-189C>T,6833,ABCC8,HGNC:59,Benign,0,"Aug 09, 2018",2074309,-,RCV001679011,MedGen:C3661900,not provided,germline,germline,GRCh38,NC_000011.10,11,17413667,17413667,na,na,11p15.1,"criteria provided, single submitter",1,-,N,ClinGen:CA13375157,2,1273188,17413667,G,A,-,-,-,-,-,-,SCV001901015,-,-
1265456,single nucleotide variant,NM_000352.6(ABCC8):c.412+239G>A,6833,ABCC8,HGNC:59,Benign,0,"Jun 30, 2019",60229062,-,RCV001679159,MedGen:C3661900,not provided,germline,germline,GRCh37,NC_000011.9,11,17491409,17491409,na,na,11p15.1,"criteria provided, single submitter",1,-,N,ClinGen:CA218455778,2,1274920,17491409,C,T,-,-,-,-,-,-,SCV001902743,-,-
1265456,single nucleotide variant,NM_000352.6(ABCC8):c.412+239G>A,6833,ABCC8,HGNC:59,Benign,0,"Jun 30, 2019",60229062,-,RCV001679159,MedGen:C3661900,not provided,germline,germline,GRCh38,NC_000011.10,11,17469862,17469862,na,na,11p15.1,"criteria provided, single submitter",1,-,N,ClinGen:CA218455778,2,1274920,17469862,C,T,-,-,-,-,-,-,SCV001902743,-,-
1265496,single nucleotide variant,NM_000352.6(ABCC8):c.2116+145G>T,6833,ABCC8,HGNC:59,Benign,0,"Nov 08, 2018",78813404,-,RCV001679199,MedGen:C3661900,not provided,germline,germline,GRCh37,NC_000011.9,11,17449269,17449269,na,na,11p15.1,"criteria provided, multiple submitters, no conflicts",2,-,N,ClinGen:CA218440886,2,1274960,17449269,C,A,-,-,-,-,-,-,SCV001902792|SCV005323573,-,-
1265496,single nucleotide variant,NM_000352.6(ABCC8):c.2116+145G>T,6833,ABCC8,HGNC:59,Benign,0,"Nov 08, 2018",78813404,-,RCV001679199,MedGen:C3661900,not provided,germline,germline,GRCh38,NC_000011.10,11,17427722,17427722,na,na,11p15.1,"criteria provided, multiple submitters, no conflicts",2,-,N,ClinGen:CA218440886,2,1274960,17427722,C,A,-,-,-,-,-,-,SCV001902792|SCV005323573,-,-
1265910,single nucleotide variant,NM_000352.6(ABCC8):c.1671+308G>A,6833,ABCC8,HGNC:59,Benign,0,"Aug 17, 2018",4148618,-,RCV001692487,MedGen:C3661900,not provided,germline,germline,GRCh37,NC_000011.9,11,17453443,17453443,na,na,11p15.1,"criteria provided, single submitter",1,-,N,ClinGen:CA218443201,2,1277330,17453443,C,T,-,-,-,-,-,-,SCV001908211,-,-
1265910,single nucleotide variant,NM_000352.6(ABCC8):c.1671+308G>A,6833,ABCC8,HGNC:59,Benign,0,"Aug 17, 2018",4148618,-,RCV001692487,MedGen:C3661900,not provided,germline,germline,GRCh38,NC_000011.10,11,17431896,17431896,na,na,11p15.1,"criteria provided, single submitter",1,-,N,ClinGen:CA218443201,2,1277330,17431896,C,T,-,-,-,-,-,-,SCV001908211,-,-
1266052,single nucleotide variant,NM_000352.6(ABCC8):c.1333-328G>A,6833,ABCC8,HGNC:59,Benign,0,"Aug 09, 2018",59138800,-,RCV001692629,MedGen:C3661900,not provided,germline,germline,GRCh37,NC_000011.9,11,17465187,17465187,na,na,11p15.1,"criteria provided, single submitter",1,-,N,ClinGen:CA218446112,2,1277472,17465187,C,T,-,-,-,-,-,-,SCV001908383,-,-
1266052,single nucleotide variant,NM_000352.6(ABCC8):c.1333-328G>A,6833,ABCC8,HGNC:59,Benign,0,"Aug 09, 2018",59138800,-,RCV001692629,MedGen:C3661900,not provided,germline,germline,GRCh38,NC_000011.10,11,17443640,17443640,na,na,11p15.1,"criteria provided, single submitter",1,-,N,ClinGen:CA218446112,2,1277472,17443640,C,T,-,-,-,-,-,-,SCV001908383,-,-
1266803,single nucleotide variant,NM_000352.6(ABCC8):c.579+254G>A,6833,ABCC8,HGNC:59,Benign,0,"Aug 09, 2018",4148609,-,RCV001690238,MedGen:C3661900,not provided,germline,germline,GRCh37,NC_000011.9,11,17484731,17484731,na,na,11p15.1,"criteria provided, single submitter",1,-,N,ClinGen:CA13502203,2,1276933,17484731,C,T,-,-,-,-,-,-,SCV001906509,-,-
1266803,single nucleotide variant,NM_000352.6(ABCC8):c.579+254G>A,6833,ABCC8,HGNC:59,Benign,0,"Aug 09, 2018",4148609,-,RCV001690238,MedGen:C3661900,not provided,germline,germline,GRCh38,NC_000011.10,11,17463184,17463184,na,na,11p15.1,"criteria provided, single submitter",1,-,N,ClinGen:CA13502203,2,1276933,17463184,C,T,-,-,-,-,-,-,SCV001906509,-,-
1267552,single nucleotide variant,NC_000007.14:g.44189633T>C,2645,GCK,HGNC:4195,Benign,0,"Jun 26, 2018",12702070,-,RCV001687576,MedGen:C3661900,not provided,germline,germline,GRCh37,NC_000007.13,7,44229232,44229232,na,na,7p13,"criteria provided, single submitter",1,-,N,ClinGen:CA12561147,2,1276384,44229232,T,C,-,-,-,-,-,-,SCV001909128,-,-
1267552,single nucleotide variant,NC_000007.14:g.44189633T>C,2645,GCK,HGNC:4195,Benign,0,"Jun 26, 2018",12702070,-,RCV001687576,MedGen:C3661900,not provided,germline,germline,GRCh38,NC_000007.14,7,44189633,44189633,na,na,7p13,"criteria provided, single submitter",1,-,N,ClinGen:CA12561147,2,1276384,44189633,T,C,-,-,-,-,-,-,SCV001909128,-,-
1267735,single nucleotide variant,NM_000352.6(ABCC8):c.2820+67C>T,6833,ABCC8,HGNC:59,Benign,0,"Aug 17, 2018",4148634,-,RCV001687759,MedGen:C3661900,not provided,germline,germline,GRCh37,NC_000011.9,11,17429872,17429872,na,na,11p15.1,"criteria provided, multiple submitters, no conflicts",2,-,N,ClinGen:CA15698989,2,1276567,17429872,G,A,-,-,-,-,-,-,SCV001909358|SCV005323564,-,-
1267735,single nucleotide variant,NM_000352.6(ABCC8):c.2820+67C>T,6833,ABCC8,HGNC:59,Benign,0,"Aug 17, 2018",4148634,-,RCV001687759,MedGen:C3661900,not provided,germline,germline,GRCh38,NC_000011.10,11,17408325,17408325,na,na,11p15.1,"criteria provided, multiple submitters, no conflicts",2,-,N,ClinGen:CA15698989,2,1276567,17408325,G,A,-,-,-,-,-,-,SCV001909358|SCV005323564,-,-
1269070,single nucleotide variant,NC_000007.14:g.44189721G>A,2645,GCK,HGNC:4195,Benign,0,"Jun 26, 2018",35670475,-,RCV001692894,MedGen:C3661900,not provided,germline,germline,GRCh37,NC_000007.13,7,44229320,44229320,na,na,7p13,"criteria provided, single submitter",1,-,N,ClinGen:CA157885055,2,1277737,44229320,G,A,-,-,-,-,-,-,SCV001909544,-,-
1269070,single nucleotide variant,NC_000007.14:g.44189721G>A,2645,GCK,HGNC:4195,Benign,0,"Jun 26, 2018",35670475,-,RCV001692894,MedGen:C3661900,not provided,germline,germline,GRCh38,NC_000007.14,7,44189721,44189721,na,na,7p13,"criteria provided, single submitter",1,-,N,ClinGen:CA157885055,2,1277737,44189721,G,A,-,-,-,-,-,-,SCV001909544,-,-
1269672,single nucleotide variant,NM_000352.6(ABCC8):c.2695-252C>A,6833,ABCC8,HGNC:59,Benign,0,"Aug 17, 2018",78483822,-,RCV001693212,MedGen:C3661900,not provided,germline,germline,GRCh37,NC_000011.9,11,17430316,17430316,na,na,11p15.1,"criteria provided, single submitter",1,-,N,ClinGen:CA13502181,2,1279639,17430316,G,T,-,-,-,-,-,-,SCV001907339,-,-
1269672,single nucleotide variant,NM_000352.6(ABCC8):c.2695-252C>A,6833,ABCC8,HGNC:59,Benign,0,"Aug 17, 2018",78483822,-,RCV001693212,MedGen:C3661900,not provided,germline,germline,GRCh38,NC_000011.10,11,17408769,17408769,na,na,11p15.1,"criteria provided, single submitter",1,-,N,ClinGen:CA13502181,2,1279639,17408769,G,T,-,-,-,-,-,-,SCV001907339,-,-
1270833,single nucleotide variant,NM_000352.6(ABCC8):c.1468-105A>G,6833,ABCC8,HGNC:59,Benign,0,"Aug 09, 2018",2073587,-,RCV001689383,MedGen:C3661900,not provided,germline,germline,GRCh37,NC_000011.9,11,17464534,17464534,na,na,11p15.1,"criteria provided, multiple submitters, no conflicts",2,-,N,ClinGen:CA13539551,2,1283124,17464534,T,C,-,-,-,-,-,-,SCV001915042|SCV005323579,-,-
1270833,single nucleotide variant,NM_000352.6(ABCC8):c.1468-105A>G,6833,ABCC8,HGNC:59,Benign,0,"Aug 09, 2018",2073587,-,RCV001689383,MedGen:C3661900,not provided,germline,germline,GRCh38,NC_000011.10,11,17442987,17442987,na,na,11p15.1,"criteria provided, multiple submitters, no conflicts",2,-,N,ClinGen:CA13539551,2,1283124,17442987,T,C,-,-,-,-,-,-,SCV001915042|SCV005323579,-,-
1271222,single nucleotide variant,NM_000352.6(ABCC8):c.291-142C>T,6833,ABCC8,HGNC:59,Benign,0,"Dec 24, 2018",115955857,-,RCV001696045,MedGen:C3661900,not provided,germline,germline,GRCh37,NC_000011.9,11,17491911,17491911,na,na,11p15.1,"criteria provided, single submitter",1,-,N,ClinGen:CA218455989,2,1282653,17491911,G,A,-,-,-,-,-,-,SCV001913622,-,-
1271222,single nucleotide variant,NM_000352.6(ABCC8):c.291-142C>T,6833,ABCC8,HGNC:59,Benign,0,"Dec 24, 2018",115955857,-,RCV001696045,MedGen:C3661900,not provided,germline,germline,GRCh38,NC_000011.10,11,17470364,17470364,na,na,11p15.1,"criteria provided, single submitter",1,-,N,ClinGen:CA218455989,2,1282653,17470364,G,A,-,-,-,-,-,-,SCV001913622,-,-
1272074,single nucleotide variant,NM_000352.6(ABCC8):c.1332+28G>A,6833,ABCC8,HGNC:59,Benign,0,"Oct 24, 2018",1800850,-,RCV001696360,MedGen:C3661900,not provided,germline,germline,GRCh37,NC_000011.9,11,17470035,17470035,na,na,11p15.1,"criteria provided, multiple submitters, no conflicts",2,-,N,ClinGen:CA5903617,2,1282220,17470035,C,T,-,-,-,-,-,-,SCV001915991|SCV005323580,-,-
1272074,single nucleotide variant,NM_000352.6(ABCC8):c.1332+28G>A,6833,ABCC8,HGNC:59,Benign,0,"Oct 24, 2018",1800850,-,RCV001696360,MedGen:C3661900,not provided,germline,germline,GRCh38,NC_000011.10,11,17448488,17448488,na,na,11p15.1,"criteria provided, multiple submitters, no conflicts",2,-,N,ClinGen:CA5903617,2,1282220,17448488,C,T,-,-,-,-,-,-,SCV001915991|SCV005323580,-,-
1274049,single nucleotide variant,NM_000352.6(ABCC8):c.2117-301T>C,6833,ABCC8,HGNC:59,Benign,0,"Aug 09, 2018",4148622,-,RCV001698574,MedGen:C3661900,not provided,germline,germline,GRCh37,NC_000011.9,11,17449002,17449002,na,na,11p15.1,"criteria provided, single submitter",1,-,N,ClinGen:CA15705644,2,1284193,17449002,A,G,-,-,-,-,-,-,SCV001916876,-,-
1274049,single nucleotide variant,NM_000352.6(ABCC8):c.2117-301T>C,6833,ABCC8,HGNC:59,Benign,0,"Aug 09, 2018",4148622,-,RCV001698574,MedGen:C3661900,not provided,germline,germline,GRCh38,NC_000011.10,11,17427455,17427455,na,na,11p15.1,"criteria provided, single submitter",1,-,N,ClinGen:CA15705644,2,1284193,17427455,A,G,-,-,-,-,-,-,SCV001916876,-,-
1278448,single nucleotide variant,NM_000352.6(ABCC8):c.3329+307C>T,6833,ABCC8,HGNC:59,Benign,0,"Aug 09, 2018",2077655,-,RCV001709063,MedGen:C3661900,not provided,germline,germline,GRCh37,NC_000011.9,11,17427862,17427862,na,na,11p15.1,"criteria provided, multiple submitters, no conflicts",2,-,N,ClinGen:CA13438214,2,1288616,17427862,G,A,-,-,-,-,-,-,SCV001936665|SCV005323559,-,-
1278448,single nucleotide variant,NM_000352.6(ABCC8):c.3329+307C>T,6833,ABCC8,HGNC:59,Benign,0,"Aug 09, 2018",2077655,-,RCV001709063,MedGen:C3661900,not provided,germline,germline,GRCh38,NC_000011.10,11,17406315,17406315,na,na,11p15.1,"criteria provided, multiple submitters, no conflicts",2,-,N,ClinGen:CA13438214,2,1288616,17406315,G,A,-,-,-,-,-,-,SCV001936665|SCV005323559,-,-
1279177,single nucleotide variant,NM_000352.6(ABCC8):c.148+119C>T,6833,ABCC8,HGNC:59,Benign,0,"Aug 17, 2018",77889556,-,RCV001713926,MedGen:C3661900,not provided,germline,germline,GRCh37,NC_000011.9,11,17498057,17498057,na,na,11p15.1,"criteria provided, multiple submitters, no conflicts",2,-,N,ClinGen:CA13410958,2,1289346,17498057,G,A,-,-,-,-,-,-,SCV001940087|SCV005323588,-,-
1279177,single nucleotide variant,NM_000352.6(ABCC8):c.148+119C>T,6833,ABCC8,HGNC:59,Benign,0,"Aug 17, 2018",77889556,-,RCV001713926,MedGen:C3661900,not provided,germline,germline,GRCh38,NC_000011.10,11,17476510,17476510,na,na,11p15.1,"criteria provided, multiple submitters, no conflicts",2,-,N,ClinGen:CA13410958,2,1289346,17476510,G,A,-,-,-,-,-,-,SCV001940087|SCV005323588,-,-
1279661,single nucleotide variant,NM_000352.6(ABCC8):c.1333-1265A>G,6833,ABCC8,HGNC:59,Benign,0,"Aug 09, 2018",11821015,-,RCV001714778,MedGen:C3661900,not provided,germline,germline,GRCh37,NC_000011.9,11,17466124,17466124,na,na,11p15.1,"criteria provided, single submitter",1,-,N,ClinGen:CA218446361,2,1289831,17466124,T,C,-,-,-,-,-,-,SCV001942393,-,-
1279661,single nucleotide variant,NM_000352.6(ABCC8):c.1333-1265A>G,6833,ABCC8,HGNC:59,Benign,0,"Aug 09, 2018",11821015,-,RCV001714778,MedGen:C3661900,not provided,germline,germline,GRCh38,NC_000011.10,11,17444577,17444577,na,na,11p15.1,"criteria provided, single submitter",1,-,N,ClinGen:CA218446361,2,1289831,17444577,T,C,-,-,-,-,-,-,SCV001942393,-,-
1280145,single nucleotide variant,NM_000162.5(GCK):c.46-4391T>C,2645,GCK,HGNC:4195,Benign,0,"Sep 29, 2018",76818786,-,RCV001715140,MedGen:C3661900,not provided,germline,germline,GRCh37,NC_000007.13,7,44197453,44197453,na,na,7p13,"criteria provided, single submitter",1,-,N,ClinGen:CA157924246,2,1290317,44197453,A,G,-,-,-,-,-,-,SCV001939271,-,-
1280145,single nucleotide variant,NM_000162.5(GCK):c.46-4391T>C,2645,GCK,HGNC:4195,Benign,0,"Sep 29, 2018",76818786,-,RCV001715140,MedGen:C3661900,not provided,germline,germline,GRCh38,NC_000007.14,7,44157854,44157854,na,na,7p13,"criteria provided, single submitter",1,-,N,ClinGen:CA157924246,2,1290317,44157854,A,G,-,-,-,-,-,-,SCV001939271,-,-
1283217,single nucleotide variant,NM_000162.5(GCK):c.1019+174G>T,2645,GCK,HGNC:4195,Benign,0,"Aug 18, 2019",887686,-,RCV001717578,MedGen:C3661900,not provided,germline,germline,GRCh37,NC_000007.13,7,44185888,44185888,na,na,7p13,"criteria provided, single submitter",1,-,N,ClinGen:CA12505477,2,1293412,44185888,C,A,-,-,-,-,-,-,SCV001944964,-,-
1283217,single nucleotide variant,NM_000162.5(GCK):c.1019+174G>T,2645,GCK,HGNC:4195,Benign,0,"Aug 18, 2019",887686,-,RCV001717578,MedGen:C3661900,not provided,germline,germline,GRCh38,NC_000007.14,7,44146289,44146289,na,na,7p13,"criteria provided, single submitter",1,-,N,ClinGen:CA12505477,2,1293412,44146289,C,A,-,-,-,-,-,-,SCV001944964,-,-
1283859,single nucleotide variant,NM_000352.6(ABCC8):c.412+262T>A,6833,ABCC8,HGNC:59,Benign,0,"Aug 09, 2018",2237968,-,RCV001715980,MedGen:C3661900,not provided,germline,germline,GRCh37,NC_000011.9,11,17491386,17491386,na,na,11p15.1,"criteria provided, single submitter",1,-,N,ClinGen:CA15711758,2,1294060,17491386,A,T,-,-,-,-,-,-,SCV001946717,-,-
1283859,single nucleotide variant,NM_000352.6(ABCC8):c.412+262T>A,6833,ABCC8,HGNC:59,Benign,0,"Aug 09, 2018",2237968,-,RCV001715980,MedGen:C3661900,not provided,germline,germline,GRCh38,NC_000011.10,11,17469839,17469839,na,na,11p15.1,"criteria provided, single submitter",1,-,N,ClinGen:CA15711758,2,1294060,17469839,A,T,-,-,-,-,-,-,SCV001946717,-,-
1286454,single nucleotide variant,NM_000352.6(ABCC8):c.4198+62G>A,6833,ABCC8,HGNC:59,Benign,0,"Sep 04, 2018",8192691,-,RCV001724532,MedGen:C3661900,not provided,germline,germline,GRCh37,NC_000011.9,11,17417337,17417337,na,na,11p15.1,"criteria provided, multiple submitters, no conflicts",2,-,N,ClinGen:CA13438207,2,1296663,17417337,C,T,-,-,-,-,-,-,SCV001949667|SCV005323552,-,-
1286454,single nucleotide variant,NM_000352.6(ABCC8):c.4198+62G>A,6833,ABCC8,HGNC:59,Benign,0,"Sep 04, 2018",8192691,-,RCV001724532,MedGen:C3661900,not provided,germline,germline,GRCh38,NC_000011.10,11,17395790,17395790,na,na,11p15.1,"criteria provided, multiple submitters, no conflicts",2,-,N,ClinGen:CA13438207,2,1296663,17395790,C,T,-,-,-,-,-,-,SCV001949667|SCV005323552,-,-
1286510,single nucleotide variant,NM_000352.6(ABCC8):c.413-318G>A,6833,ABCC8,HGNC:59,Benign,0,"Oct 05, 2018",111401304,-,RCV001724589,MedGen:C3661900,not provided,germline,germline,GRCh37,NC_000011.9,11,17485469,17485469,na,na,11p15.1,"criteria provided, single submitter",1,-,N,ClinGen:CA218453087,2,1296720,17485469,C,T,-,-,-,-,-,-,SCV001949740,-,-
1286510,single nucleotide variant,NM_000352.6(ABCC8):c.413-318G>A,6833,ABCC8,HGNC:59,Benign,0,"Oct 05, 2018",111401304,-,RCV001724589,MedGen:C3661900,not provided,germline,germline,GRCh38,NC_000011.10,11,17463922,17463922,na,na,11p15.1,"criteria provided, single submitter",1,-,N,ClinGen:CA218453087,2,1296720,17463922,C,T,-,-,-,-,-,-,SCV001949740,-,-
1289654,single nucleotide variant,NM_000162.5(GCK):c.142G>A (p.Glu48Lys),2645,GCK,HGNC:4195,Likely benign,0,"Dec 26, 2024",759514960,-,RCV001730073|RCV003883182|RCV003331193|RCV005038284|RCV006467802,"MONDO:MONDO:0011236,MedGen:C1865290,OMIM:602485,Orphanet:79299|MONDO:MONDO:0015967,MedGen:C3888631,Orphanet:183625|MedGen:CN169374|MONDO:MONDO:0100165,MedGen:C5393570,OMIM:606176;Human Phenotype Ontology:HP:0005965,Human Phenotype Ontology:HP:0005978,Human Phenotype Ontology:HP:0100652,MONDO:MONDO:0005148,MeSH:D003924,MedGen:C0011860,OMIM:125853;MONDO:MONDO:0011236,MedGen:C1865290,OMIM:602485,Orphanet:79299;MONDO:MONDO:0007453,MedGen:C0342277,OMIM:125851,Orphanet:552|MedGen:C3661900",Hyperinsulinism due to glucokinase deficiency|Monogenic diabetes|not specified|Permanent neonatal diabetes mellitus 1;Type 2 diabetes mellitus;Hyperinsulinism due to glucokinase deficiency;Maturity-onset diabetes of the young type 2|not provided,germline;unknown,germline,GRCh37,NC_000007.13,7,44192966,44192966,na,na,7p13,reviewed by expert panel,5,-,N,ClinGen:CA4239714,2,1299600,44192966,C,T,-,-,-,-,-,-,SCV004697901,-,-
1289654,single nucleotide variant,NM_000162.5(GCK):c.142G>A (p.Glu48Lys),2645,GCK,HGNC:4195,Likely benign,0,"Dec 26, 2024",759514960,-,RCV001730073|RCV003883182|RCV003331193|RCV005038284|RCV006467802,"MONDO:MONDO:0011236,MedGen:C1865290,OMIM:602485,Orphanet:79299|MONDO:MONDO:0015967,MedGen:C3888631,Orphanet:183625|MedGen:CN169374|MONDO:MONDO:0100165,MedGen:C5393570,OMIM:606176;Human Phenotype Ontology:HP:0005965,Human Phenotype Ontology:HP:0005978,Human Phenotype Ontology:HP:0100652,MONDO:MONDO:0005148,MeSH:D003924,MedGen:C0011860,OMIM:125853;MONDO:MONDO:0011236,MedGen:C1865290,OMIM:602485,Orphanet:79299;MONDO:MONDO:0007453,MedGen:C0342277,OMIM:125851,Orphanet:552|MedGen:C3661900",Hyperinsulinism due to glucokinase deficiency|Monogenic diabetes|not specified|Permanent neonatal diabetes mellitus 1;Type 2 diabetes mellitus;Hyperinsulinism due to glucokinase deficiency;Maturity-onset diabetes of the young type 2|not provided,germline;unknown,germline,GRCh38,NC_000007.14,7,44153367,44153367,na,na,7p13,reviewed by expert panel,5,-,N,ClinGen:CA4239714,2,1299600,44153367,C,T,-,-,-,-,-,-,SCV004697901,-,-
1291232,single nucleotide variant,NM_000162.5(GCK):c.1222G>A (p.Val408Met),2645,GCK,HGNC:4195,Uncertain significance,0,"Aug 25, 2025",1293307672,-,RCV001733092|RCV002222722,MedGen:C3661900|MedGen:CN169374,not provided|not specified,germline,germline,GRCh37,NC_000007.13,7,44185127,44185127,na,na,7p13,"criteria provided, multiple submitters, no conflicts",3,-,N,ClinGen:CA367398343,2,1300949,44185127,C,T,-,-,-,-,-,-,SCV001983264|SCV002500774|SCV003439925,-,-
1291232,single nucleotide variant,NM_000162.5(GCK):c.1222G>A (p.Val408Met),2645,GCK,HGNC:4195,Uncertain significance,0,"Aug 25, 2025",1293307672,-,RCV001733092|RCV002222722,MedGen:C3661900|MedGen:CN169374,not provided|not specified,germline,germline,GRCh38,NC_000007.14,7,44145528,44145528,na,na,7p13,"criteria provided, multiple submitters, no conflicts",3,-,N,ClinGen:CA367398343,2,1300949,44145528,C,T,-,-,-,-,-,-,SCV001983264|SCV002500774|SCV003439925,-,-
1291696,Deletion,NM_000162.5(GCK):c.1278_1279del (p.Val427fs),2645,GCK,HGNC:4195,Likely pathogenic,1,"Jun 20, 2023",2128818859,-,RCV001732836|RCV003313229,"MONDO:MONDO:0007453,MedGen:C0342277,OMIM:125851,Orphanet:552|MONDO:MONDO:0015967,MedGen:C3888631,Orphanet:183625",Maturity-onset diabetes of the young type 2|Monogenic diabetes,germline;maternal,germline,GRCh37,NC_000007.13,7,44184854,44184855,na,na,7p13,reviewed by expert panel,2,-,N,ClinGen:CA1139771800,2,1301411,44184853,ACG,A,-,-,-,-,-,-,SCV004012123,-,-
1291696,Deletion,NM_000162.5(GCK):c.1278_1279del (p.Val427fs),2645,GCK,HGNC:4195,Likely pathogenic,1,"Jun 20, 2023",2128818859,-,RCV001732836|RCV003313229,"MONDO:MONDO:0007453,MedGen:C0342277,OMIM:125851,Orphanet:552|MONDO:MONDO:0015967,MedGen:C3888631,Orphanet:183625",Maturity-onset diabetes of the young type 2|Monogenic diabetes,germline;maternal,germline,GRCh38,NC_000007.14,7,44145255,44145256,na,na,7p13,reviewed by expert panel,2,-,N,ClinGen:CA1139771800,2,1301411,44145254,ACG,A,-,-,-,-,-,-,SCV004012123,-,-
1291702,single nucleotide variant,NM_000162.5(GCK):c.1174C>G (p.Arg392Gly),2645,GCK,HGNC:4195,Likely pathogenic,1,"Nov 26, 2025",1167124132,-,RCV001732837|RCV003326000|RCV003900855,"MedGen:C3661900|MONDO:MONDO:0015967,MedGen:C3888631,Orphanet:183625|",not provided|Monogenic diabetes|GCK-related disorder,germline,germline,GRCh37,NC_000007.13,7,44185175,44185175,na,na,7p13,reviewed by expert panel,3,-,N,ClinGen:CA367398625,2,1301416,44185175,G,C,-,-,-,-,-,-,SCV004032105,-,-
1291702,single nucleotide variant,NM_000162.5(GCK):c.1174C>G (p.Arg392Gly),2645,GCK,HGNC:4195,Likely pathogenic,1,"Nov 26, 2025",1167124132,-,RCV001732837|RCV003326000|RCV003900855,"MedGen:C3661900|MONDO:MONDO:0015967,MedGen:C3888631,Orphanet:183625|",not provided|Monogenic diabetes|GCK-related disorder,germline,germline,GRCh38,NC_000007.14,7,44145576,44145576,na,na,7p13,reviewed by expert panel,3,-,N,ClinGen:CA367398625,2,1301416,44145576,G,C,-,-,-,-,-,-,SCV004032105,-,-
1291828,single nucleotide variant,NM_000525.4(KCNJ11):c.629T>C (p.Ile210Thr),3767,KCNJ11,HGNC:6257,Uncertain significance,0,"Aug 27, 2020",2133379868,-,RCV001733515,MedGen:CN169374,not specified,germline,germline,GRCh37,NC_000011.9,11,17409010,17409010,na,na,11p15.1,"criteria provided, single submitter",1,-,N,ClinGen:CA379771990,2,1301543,17409010,A,G,-,-,-,-,-,-,SCV001984025,-,-
1291828,single nucleotide variant,NM_000525.4(KCNJ11):c.629T>C (p.Ile210Thr),3767,KCNJ11,HGNC:6257,Uncertain significance,0,"Aug 27, 2020",2133379868,-,RCV001733515,MedGen:CN169374,not specified,germline,germline,GRCh38,NC_000011.10,11,17387463,17387463,na,na,11p15.1,"criteria provided, single submitter",1,-,N,ClinGen:CA379771990,2,1301543,17387463,A,G,-,-,-,-,-,-,SCV001984025,-,-
1292589,single nucleotide variant,NC_000007.14:g.44189504G>A,2645,GCK,HGNC:4195,Uncertain significance,0,"Jun 20, 2019",2096325080,-,RCV001754196,MedGen:C3661900,not provided,germline,germline,GRCh37,NC_000007.13,7,44229103,44229103,na,na,7p13,"criteria provided, single submitter",1,-,N,ClinGen:CA2573052884,2,1302307,44229103,G,A,-,-,-,-,-,-,SCV001987203,-,-
1292589,single nucleotide variant,NC_000007.14:g.44189504G>A,2645,GCK,HGNC:4195,Uncertain significance,0,"Jun 20, 2019",2096325080,-,RCV001754196,MedGen:C3661900,not provided,germline,germline,GRCh38,NC_000007.14,7,44189504,44189504,na,na,7p13,"criteria provided, single submitter",1,-,N,ClinGen:CA2573052884,2,1302307,44189504,G,A,-,-,-,-,-,-,SCV001987203,-,-
1293371,single nucleotide variant,NM_000162.5(GCK):c.1216G>A (p.Val406Met),2645,GCK,HGNC:4195,Uncertain significance,0,"Feb 10, 2025",2128819150,-,RCV001756592,MedGen:C3661900,not provided,germline,germline,GRCh37,NC_000007.13,7,44185133,44185133,na,na,7p13,"criteria provided, multiple submitters, no conflicts",2,-,N,ClinGen:CA367398367,2,1303093,44185133,C,T,-,-,-,-,-,-,SCV001986063|SCV007419107,-,-
1293371,single nucleotide variant,NM_000162.5(GCK):c.1216G>A (p.Val406Met),2645,GCK,HGNC:4195,Uncertain significance,0,"Feb 10, 2025",2128819150,-,RCV001756592,MedGen:C3661900,not provided,germline,germline,GRCh38,NC_000007.14,7,44145534,44145534,na,na,7p13,"criteria provided, multiple submitters, no conflicts",2,-,N,ClinGen:CA367398367,2,1303093,44145534,C,T,-,-,-,-,-,-,SCV001986063|SCV007419107,-,-
1293372,Microsatellite,NM_000162.5(GCK):c.1166TCA[1] (p.Ile390del),2645,GCK,HGNC:4195,Likely pathogenic,1,"Apr 28, 2024",2128819209,-,RCV001756593|RCV004527429,"MedGen:C3661900|MONDO:MONDO:0015967,MedGen:C3888631,Orphanet:183625",not provided|Monogenic diabetes,germline,germline,GRCh37,NC_000007.13,7,44185178,44185180,na,na,7p13,reviewed by expert panel,2,-,N,ClinGen:CA2580612099,2,1303094,44185177,TTGA,T,-,-,-,-,-,-,SCV005040682,-,-
1293372,Microsatellite,NM_000162.5(GCK):c.1166TCA[1] (p.Ile390del),2645,GCK,HGNC:4195,Likely pathogenic,1,"Apr 28, 2024",2128819209,-,RCV001756593|RCV004527429,"MedGen:C3661900|MONDO:MONDO:0015967,MedGen:C3888631,Orphanet:183625",not provided|Monogenic diabetes,germline,germline,GRCh38,NC_000007.14,7,44145579,44145581,na,na,7p13,reviewed by expert panel,2,-,N,ClinGen:CA2580612099,2,1303094,44145578,TTGA,T,-,-,-,-,-,-,SCV005040682,-,-
1293373,single nucleotide variant,NM_000162.5(GCK):c.878T>C (p.Ile293Thr),2645,GCK,HGNC:4195,Conflicting classifications of pathogenicity,1,"Apr 08, 2024",2128820046,-,RCV001756594|RCV002285492,"MedGen:C3661900|MONDO:MONDO:0007453,MedGen:C0342277,OMIM:125851,Orphanet:552",not provided|Maturity-onset diabetes of the young type 2,germline,germline,GRCh37,NC_000007.13,7,44186203,44186203,na,na,7p13,"criteria provided, conflicting classifications",4,-,N,ClinGen:CA367400161,2,1303095,44186203,A,G,-,-,-,-,-,-,SCV001986066|SCV002562198|SCV004175274|SCV005878066,-,-
1293373,single nucleotide variant,NM_000162.5(GCK):c.878T>C (p.Ile293Thr),2645,GCK,HGNC:4195,Conflicting classifications of pathogenicity,1,"Apr 08, 2024",2128820046,-,RCV001756594|RCV002285492,"MedGen:C3661900|MONDO:MONDO:0007453,MedGen:C0342277,OMIM:125851,Orphanet:552",not provided|Maturity-onset diabetes of the young type 2,germline,germline,GRCh38,NC_000007.14,7,44146604,44146604,na,na,7p13,"criteria provided, conflicting classifications",4,-,N,ClinGen:CA367400161,2,1303095,44146604,A,G,-,-,-,-,-,-,SCV001986066|SCV002562198|SCV004175274|SCV005878066,-,-
1293633,single nucleotide variant,NM_000525.4(KCNJ11):c.86G>A (p.Arg29His),3767,KCNJ11,HGNC:6257,Uncertain significance,0,"Nov 25, 2025",988002138,-,RCV001757910|RCV005040346,"MedGen:C3661900|MONDO:MONDO:0030087,MedGen:C5394296,OMIM:618856;MONDO:MONDO:0011153,MedGen:C2931833,OMIM:601820,Orphanet:276580,Orphanet:276603;Human Phenotype Ontology:HP:0005965,Human Phenotype Ontology:HP:0005978,Human Phenotype Ontology:HP:0100652,MONDO:MONDO:0005148,MeSH:D003924,MedGen:C0011860,OMIM:125853;MONDO:MONDO:0014589,MedGen:C4225365,OMIM:616329,Orphanet:552;MONDO:MONDO:0012522,MedGen:C1864623,OMIM:610582,Orphanet:99886","not provided|Diabetes mellitus, permanent neonatal 2;Hyperinsulinemic hypoglycemia, familial, 2;Type 2 diabetes mellitus;Maturity-onset diabetes of the young type 13;Diabetes mellitus, transient neonatal, 3",germline,germline,GRCh37,NC_000011.9,11,17409553,17409553,na,na,11p15.1,"criteria provided, multiple submitters, no conflicts",3,-,N,ClinGen:CA218400191,2,1303355,17409553,C,T,-,-,-,-,-,-,SCV001987892|SCV005676635|SCV007407417,-,-
1293633,single nucleotide variant,NM_000525.4(KCNJ11):c.86G>A (p.Arg29His),3767,KCNJ11,HGNC:6257,Uncertain significance,0,"Nov 25, 2025",988002138,-,RCV001757910|RCV005040346,"MedGen:C3661900|MONDO:MONDO:0030087,MedGen:C5394296,OMIM:618856;MONDO:MONDO:0011153,MedGen:C2931833,OMIM:601820,Orphanet:276580,Orphanet:276603;Human Phenotype Ontology:HP:0005965,Human Phenotype Ontology:HP:0005978,Human Phenotype Ontology:HP:0100652,MONDO:MONDO:0005148,MeSH:D003924,MedGen:C0011860,OMIM:125853;MONDO:MONDO:0014589,MedGen:C4225365,OMIM:616329,Orphanet:552;MONDO:MONDO:0012522,MedGen:C1864623,OMIM:610582,Orphanet:99886","not provided|Diabetes mellitus, permanent neonatal 2;Hyperinsulinemic hypoglycemia, familial, 2;Type 2 diabetes mellitus;Maturity-onset diabetes of the young type 13;Diabetes mellitus, transient neonatal, 3",germline,germline,GRCh38,NC_000011.10,11,17388006,17388006,na,na,11p15.1,"criteria provided, multiple submitters, no conflicts",3,-,N,ClinGen:CA218400191,2,1303355,17388006,C,T,-,-,-,-,-,-,SCV001987892|SCV005676635|SCV007407417,-,-
1293953,single nucleotide variant,NM_000525.4(KCNJ11):c.412G>T (p.Val138Leu),3767,KCNJ11,HGNC:6257,Uncertain significance,0,"Oct 11, 2019",1267732986,-,RCV001764792,MedGen:C3661900,not provided,germline,germline,GRCh37,NC_000011.9,11,17409227,17409227,na,na,11p15.1,"criteria provided, single submitter",1,-,N,ClinGen:CA379773951,2,1303676,17409227,C,A,-,-,-,-,-,-,SCV001989255,-,-
1293953,single nucleotide variant,NM_000525.4(KCNJ11):c.412G>T (p.Val138Leu),3767,KCNJ11,HGNC:6257,Uncertain significance,0,"Oct 11, 2019",1267732986,-,RCV001764792,MedGen:C3661900,not provided,germline,germline,GRCh38,NC_000011.10,11,17387680,17387680,na,na,11p15.1,"criteria provided, single submitter",1,-,N,ClinGen:CA379773951,2,1303676,17387680,C,A,-,-,-,-,-,-,SCV001989255,-,-
1294093,single nucleotide variant,NM_000525.4(KCNJ11):c.945T>G (p.Phe315Leu),3767,KCNJ11,HGNC:6257,Uncertain significance,0,"Oct 27, 2020",2133379120,-,RCV001758111,MedGen:C3661900,not provided,germline,germline,GRCh37,NC_000011.9,11,17408694,17408694,na,na,11p15.1,"criteria provided, single submitter",1,-,N,ClinGen:CA379769703,2,1303818,17408694,A,C,-,-,-,-,-,-,SCV001985613,-,-
1294093,single nucleotide variant,NM_000525.4(KCNJ11):c.945T>G (p.Phe315Leu),3767,KCNJ11,HGNC:6257,Uncertain significance,0,"Oct 27, 2020",2133379120,-,RCV001758111,MedGen:C3661900,not provided,germline,germline,GRCh38,NC_000011.10,11,17387147,17387147,na,na,11p15.1,"criteria provided, single submitter",1,-,N,ClinGen:CA379769703,2,1303818,17387147,A,C,-,-,-,-,-,-,SCV001985613,-,-
1294413,single nucleotide variant,NM_000352.6(ABCC8):c.2075G>A (p.Gly692Glu),6833,ABCC8,HGNC:59,Uncertain significance,0,"Nov 05, 2019",2133535445,-,RCV001751905,MedGen:C3661900,not provided,germline,germline,GRCh37,NC_000011.9,11,17449455,17449455,na,na,11p15.1,"criteria provided, single submitter",1,-,N,ClinGen:CA379814845,2,1304138,17449455,C,T,-,-,-,-,-,-,SCV001986577,-,-
1294413,single nucleotide variant,NM_000352.6(ABCC8):c.2075G>A (p.Gly692Glu),6833,ABCC8,HGNC:59,Uncertain significance,0,"Nov 05, 2019",2133535445,-,RCV001751905,MedGen:C3661900,not provided,germline,germline,GRCh38,NC_000011.10,11,17427908,17427908,na,na,11p15.1,"criteria provided, single submitter",1,-,N,ClinGen:CA379814845,2,1304138,17427908,C,T,-,-,-,-,-,-,SCV001986577,-,-
1294815,single nucleotide variant,NM_000162.5(GCK):c.-457C>T,2645,GCK,HGNC:4195,Uncertain significance,0,"Nov 21, 2025",548039601,-,RCV001752307,MedGen:C3661900,not provided,germline,germline,GRCh37,NC_000007.13,7,44229009,44229009,na,na,7p13,"criteria provided, multiple submitters, no conflicts",2,-,N,ClinGen:CA157884763,2,1304540,44229009,G,A,-,-,-,-,-,-,SCV001988369|SCV004538866,-,-
1294815,single nucleotide variant,NM_000162.5(GCK):c.-457C>T,2645,GCK,HGNC:4195,Uncertain significance,0,"Nov 21, 2025",548039601,-,RCV001752307,MedGen:C3661900,not provided,germline,germline,GRCh38,NC_000007.14,7,44189410,44189410,na,na,7p13,"criteria provided, multiple submitters, no conflicts",2,-,N,ClinGen:CA157884763,2,1304540,44189410,G,A,-,-,-,-,-,-,SCV001988369|SCV004538866,-,-
1298998,single nucleotide variant,NM_000162.5(GCK):c.501G>T (p.Trp167Cys),2645,GCK,HGNC:4195,Uncertain significance,0,"Oct 21, 2019",1470521850,-,RCV001765792,MedGen:C3661900,not provided,germline,germline,GRCh37,NC_000007.13,7,44189646,44189646,na,na,7p13,"criteria provided, single submitter",1,-,N,ClinGen:CA367401757,2,1309623,44189646,C,A,-,-,-,-,-,-,SCV001999438,-,-
1298998,single nucleotide variant,NM_000162.5(GCK):c.501G>T (p.Trp167Cys),2645,GCK,HGNC:4195,Uncertain significance,0,"Oct 21, 2019",1470521850,-,RCV001765792,MedGen:C3661900,not provided,germline,germline,GRCh38,NC_000007.14,7,44150047,44150047,na,na,7p13,"criteria provided, single submitter",1,-,N,ClinGen:CA367401757,2,1309623,44150047,C,A,-,-,-,-,-,-,SCV001999438,-,-
1299909,single nucleotide variant,NM_000352.6(ABCC8):c.2803G>A (p.Asp935Asn),6833,ABCC8,HGNC:59,Uncertain significance,0,"Oct 08, 2019",778384865,-,RCV001765379,MedGen:C3661900,not provided,germline,germline,GRCh37,NC_000011.9,11,17429956,17429956,na,na,11p15.1,"criteria provided, single submitter",1,-,N,ClinGen:CA5903025,2,1309210,17429956,C,T,-,-,-,-,-,-,SCV001998048,-,-
1299909,single nucleotide variant,NM_000352.6(ABCC8):c.2803G>A (p.Asp935Asn),6833,ABCC8,HGNC:59,Uncertain significance,0,"Oct 08, 2019",778384865,-,RCV001765379,MedGen:C3661900,not provided,germline,germline,GRCh38,NC_000011.10,11,17408409,17408409,na,na,11p15.1,"criteria provided, single submitter",1,-,N,ClinGen:CA5903025,2,1309210,17408409,C,T,-,-,-,-,-,-,SCV001998048,-,-
1300543,single nucleotide variant,NM_000352.6(ABCC8):c.4208T>C (p.Ile1403Thr),6833,ABCC8,HGNC:59,Uncertain significance,0,"Sep 03, 2019",2133401418,-,RCV001758671,MedGen:C3661900,not provided,germline,germline,GRCh37,NC_000011.9,11,17417256,17417256,na,na,11p15.1,"criteria provided, single submitter",1,-,N,ClinGen:CA379787397,2,1311162,17417256,A,G,-,-,-,-,-,-,SCV001995667,-,-
1300543,single nucleotide variant,NM_000352.6(ABCC8):c.4208T>C (p.Ile1403Thr),6833,ABCC8,HGNC:59,Uncertain significance,0,"Sep 03, 2019",2133401418,-,RCV001758671,MedGen:C3661900,not provided,germline,germline,GRCh38,NC_000011.10,11,17395709,17395709,na,na,11p15.1,"criteria provided, single submitter",1,-,N,ClinGen:CA379787397,2,1311162,17395709,A,G,-,-,-,-,-,-,SCV001995667,-,-
1301850,single nucleotide variant,NM_000352.6(ABCC8):c.4342A>G (p.Ser1448Gly),6833,ABCC8,HGNC:59,Uncertain significance,0,"May 18, 2022",374703754,-,RCV001755222|RCV002489792,"MedGen:C3661900|MONDO:MONDO:0030088,MedGen:C5394303,OMIM:618857;MONDO:MONDO:0009734,MedGen:C2931832,OMIM:256450,Orphanet:276575,Orphanet:276598;MONDO:MONDO:0009415,MedGen:C0271714,OMIM:240800;Human Phenotype Ontology:HP:0005965,Human Phenotype Ontology:HP:0005978,Human Phenotype Ontology:HP:0100652,MONDO:MONDO:0005148,MeSH:D003924,MedGen:C0011860,OMIM:125853;MONDO:MONDO:0012480,MedGen:C1835887,OMIM:610374,Orphanet:99886","not provided|Diabetes mellitus, permanent neonatal 3;Hyperinsulinemic hypoglycemia, familial, 1;Leucine-induced hypoglycemia;Type 2 diabetes mellitus;Diabetes mellitus, transient neonatal, 2",germline;unknown,germline,GRCh37,NC_000011.9,11,17416788,17416788,na,na,11p15.1,"criteria provided, multiple submitters, no conflicts",2,-,N,ClinGen:CA5902490,2,1312468,17416788,T,C,-,-,-,-,-,-,SCV001996090|SCV002791829,-,-
1301850,single nucleotide variant,NM_000352.6(ABCC8):c.4342A>G (p.Ser1448Gly),6833,ABCC8,HGNC:59,Uncertain significance,0,"May 18, 2022",374703754,-,RCV001755222|RCV002489792,"MedGen:C3661900|MONDO:MONDO:0030088,MedGen:C5394303,OMIM:618857;MONDO:MONDO:0009734,MedGen:C2931832,OMIM:256450,Orphanet:276575,Orphanet:276598;MONDO:MONDO:0009415,MedGen:C0271714,OMIM:240800;Human Phenotype Ontology:HP:0005965,Human Phenotype Ontology:HP:0005978,Human Phenotype Ontology:HP:0100652,MONDO:MONDO:0005148,MeSH:D003924,MedGen:C0011860,OMIM:125853;MONDO:MONDO:0012480,MedGen:C1835887,OMIM:610374,Orphanet:99886","not provided|Diabetes mellitus, permanent neonatal 3;Hyperinsulinemic hypoglycemia, familial, 1;Leucine-induced hypoglycemia;Type 2 diabetes mellitus;Diabetes mellitus, transient neonatal, 2",germline;unknown,germline,GRCh38,NC_000011.10,11,17395241,17395241,na,na,11p15.1,"criteria provided, multiple submitters, no conflicts",2,-,N,ClinGen:CA5902490,2,1312468,17395241,T,C,-,-,-,-,-,-,SCV001996090|SCV002791829,-,-
1302072,single nucleotide variant,NM_000352.6(ABCC8):c.3658G>A (p.Ala1220Thr),6833,ABCC8,HGNC:59,Uncertain significance,0,"Apr 11, 2022",1320499455,-,RCV001758346|RCV002477957,"MedGen:C3661900|MONDO:MONDO:0030088,MedGen:C5394303,OMIM:618857;MONDO:MONDO:0009734,MedGen:C2931832,OMIM:256450,Orphanet:276575,Orphanet:276598;MONDO:MONDO:0009415,MedGen:C0271714,OMIM:240800;Human Phenotype Ontology:HP:0005965,Human Phenotype Ontology:HP:0005978,Human Phenotype Ontology:HP:0100652,MONDO:MONDO:0005148,MeSH:D003924,MedGen:C0011860,OMIM:125853;MONDO:MONDO:0012480,MedGen:C1835887,OMIM:610374,Orphanet:99886","not provided|Diabetes mellitus, permanent neonatal 3;Hyperinsulinemic hypoglycemia, familial, 1;Leucine-induced hypoglycemia;Type 2 diabetes mellitus;Diabetes mellitus, transient neonatal, 2",germline;unknown,germline,GRCh37,NC_000011.9,11,17419981,17419981,na,na,11p15.1,"criteria provided, multiple submitters, no conflicts",3,-,N,ClinGen:CA379794815,2,1310222,17419981,C,T,-,-,-,-,-,-,SCV001996886|SCV002793153|SCV005191188,-,-
1302072,single nucleotide variant,NM_000352.6(ABCC8):c.3658G>A (p.Ala1220Thr),6833,ABCC8,HGNC:59,Uncertain significance,0,"Apr 11, 2022",1320499455,-,RCV001758346|RCV002477957,"MedGen:C3661900|MONDO:MONDO:0030088,MedGen:C5394303,OMIM:618857;MONDO:MONDO:0009734,MedGen:C2931832,OMIM:256450,Orphanet:276575,Orphanet:276598;MONDO:MONDO:0009415,MedGen:C0271714,OMIM:240800;Human Phenotype Ontology:HP:0005965,Human Phenotype Ontology:HP:0005978,Human Phenotype Ontology:HP:0100652,MONDO:MONDO:0005148,MeSH:D003924,MedGen:C0011860,OMIM:125853;MONDO:MONDO:0012480,MedGen:C1835887,OMIM:610374,Orphanet:99886","not provided|Diabetes mellitus, permanent neonatal 3;Hyperinsulinemic hypoglycemia, familial, 1;Leucine-induced hypoglycemia;Type 2 diabetes mellitus;Diabetes mellitus, transient neonatal, 2",germline;unknown,germline,GRCh38,NC_000011.10,11,17398434,17398434,na,na,11p15.1,"criteria provided, multiple submitters, no conflicts",3,-,N,ClinGen:CA379794815,2,1310222,17398434,C,T,-,-,-,-,-,-,SCV001996886|SCV002793153|SCV005191188,-,-
1302672,single nucleotide variant,NM_000352.6(ABCC8):c.4555C>T (p.Leu1519Phe),6833,ABCC8,HGNC:59,Uncertain significance,0,"Sep 12, 2019",2133393193,-,RCV001761362,MedGen:C3661900,not provided,germline,germline,GRCh37,NC_000011.9,11,17415297,17415297,na,na,11p15.1,"criteria provided, single submitter",1,-,N,ClinGen:CA379782201,2,1312141,17415297,G,A,-,-,-,-,-,-,SCV001999000,-,-
1302672,single nucleotide variant,NM_000352.6(ABCC8):c.4555C>T (p.Leu1519Phe),6833,ABCC8,HGNC:59,Uncertain significance,0,"Sep 12, 2019",2133393193,-,RCV001761362,MedGen:C3661900,not provided,germline,germline,GRCh38,NC_000011.10,11,17393750,17393750,na,na,11p15.1,"criteria provided, single submitter",1,-,N,ClinGen:CA379782201,2,1312141,17393750,G,A,-,-,-,-,-,-,SCV001999000,-,-
1303121,single nucleotide variant,NM_000352.6(ABCC8):c.4439A>C (p.Asn1480Thr),6833,ABCC8,HGNC:59,Uncertain significance,0,"Jun 24, 2020",2133395261,-,RCV001774314,MedGen:C3661900,not provided,germline,germline,GRCh37,NC_000011.9,11,17415919,17415919,na,na,11p15.1,"criteria provided, single submitter",1,-,N,ClinGen:CA379783596,2,1312860,17415919,T,G,-,-,-,-,-,-,SCV002002136,-,-
1303121,single nucleotide variant,NM_000352.6(ABCC8):c.4439A>C (p.Asn1480Thr),6833,ABCC8,HGNC:59,Uncertain significance,0,"Jun 24, 2020",2133395261,-,RCV001774314,MedGen:C3661900,not provided,germline,germline,GRCh38,NC_000011.10,11,17394372,17394372,na,na,11p15.1,"criteria provided, single submitter",1,-,N,ClinGen:CA379783596,2,1312860,17394372,T,G,-,-,-,-,-,-,SCV002002136,-,-
1303200,single nucleotide variant,NM_000162.5(GCK):c.352A>G (p.Thr118Ala),2645,GCK,HGNC:4195,Uncertain significance,0,"Jul 02, 2020",2128822620,-,RCV001774393,MedGen:C3661900,not provided,germline,germline,GRCh37,NC_000007.13,7,44191881,44191881,na,na,7p13,"criteria provided, single submitter",1,-,N,ClinGen:CA367402576,2,1312939,44191881,T,C,-,-,-,-,-,-,SCV002002226,-,-
1303200,single nucleotide variant,NM_000162.5(GCK):c.352A>G (p.Thr118Ala),2645,GCK,HGNC:4195,Uncertain significance,0,"Jul 02, 2020",2128822620,-,RCV001774393,MedGen:C3661900,not provided,germline,germline,GRCh38,NC_000007.14,7,44152282,44152282,na,na,7p13,"criteria provided, single submitter",1,-,N,ClinGen:CA367402576,2,1312939,44152282,T,C,-,-,-,-,-,-,SCV002002226,-,-
1303527,single nucleotide variant,NM_000162.5(GCK):c.16G>A (p.Ala6Thr),2645,GCK,HGNC:4195,Uncertain significance,0,"Oct 12, 2020",754792276,-,RCV001769217,MedGen:C3661900,not provided,germline,germline,GRCh37,NC_000007.13,7,44228537,44228537,na,na,7p13,"criteria provided, single submitter",1,-,N,ClinGen:CA4239799,2,1313266,44228537,C,T,-,-,-,-,-,-,SCV002003351,-,-
1303527,single nucleotide variant,NM_000162.5(GCK):c.16G>A (p.Ala6Thr),2645,GCK,HGNC:4195,Uncertain significance,0,"Oct 12, 2020",754792276,-,RCV001769217,MedGen:C3661900,not provided,germline,germline,GRCh38,NC_000007.14,7,44188938,44188938,na,na,7p13,"criteria provided, single submitter",1,-,N,ClinGen:CA4239799,2,1313266,44188938,C,T,-,-,-,-,-,-,SCV002003351,-,-
1303576,single nucleotide variant,NM_000352.6(ABCC8):c.2153G>T (p.Gly718Val),6833,ABCC8,HGNC:59,Uncertain significance,0,"Oct 16, 2020",2133531880,-,RCV001769266,MedGen:C3661900,not provided,germline,germline,GRCh37,NC_000011.9,11,17448665,17448665,na,na,11p15.1,"criteria provided, single submitter",1,-,N,ClinGen:CA379813682,2,1313315,17448665,C,A,-,-,-,-,-,-,SCV002003417,-,-
1303576,single nucleotide variant,NM_000352.6(ABCC8):c.2153G>T (p.Gly718Val),6833,ABCC8,HGNC:59,Uncertain significance,0,"Oct 16, 2020",2133531880,-,RCV001769266,MedGen:C3661900,not provided,germline,germline,GRCh38,NC_000011.10,11,17427118,17427118,na,na,11p15.1,"criteria provided, single submitter",1,-,N,ClinGen:CA379813682,2,1313315,17427118,C,A,-,-,-,-,-,-,SCV002003417,-,-
1304752,single nucleotide variant,NM_000352.6(ABCC8):c.4546-6T>A,6833,ABCC8,HGNC:59,Uncertain significance,0,"Apr 26, 2021",2133393272,-,RCV001773000,MedGen:C3661900,not provided,germline,germline,GRCh37,NC_000011.9,11,17415312,17415312,na,na,11p15.1,"criteria provided, single submitter",1,-,N,ClinGen:CA2573053458,2,1314491,17415312,A,T,-,-,-,-,-,-,SCV002003699,-,-
1304752,single nucleotide variant,NM_000352.6(ABCC8):c.4546-6T>A,6833,ABCC8,HGNC:59,Uncertain significance,0,"Apr 26, 2021",2133393272,-,RCV001773000,MedGen:C3661900,not provided,germline,germline,GRCh38,NC_000011.10,11,17393765,17393765,na,na,11p15.1,"criteria provided, single submitter",1,-,N,ClinGen:CA2573053458,2,1314491,17393765,A,T,-,-,-,-,-,-,SCV002003699,-,-
1304818,single nucleotide variant,NM_000162.5(GCK):c.499T>G (p.Trp167Gly),2645,GCK,HGNC:4195,Uncertain significance,1,"Nov 24, 2025",1481197092,-,RCV001773066|RCV002463814|RCV005237976,"MedGen:C3661900|Human Phenotype Ontology:HP:0004904,MONDO:MONDO:0018911,MedGen:C0342276,OMIM:PS125850,Orphanet:552|MedGen:CN169374",not provided|Maturity-onset diabetes of the young|not specified,germline;unknown,germline,GRCh37,NC_000007.13,7,44189648,44189648,na,na,7p13,"criteria provided, multiple submitters, no conflicts",4,-,N,ClinGen:CA367401767,2,1314557,44189648,A,C,-,-,-,-,-,-,SCV002003779|SCV005887879|SCV007415195,-,-
1304818,single nucleotide variant,NM_000162.5(GCK):c.499T>G (p.Trp167Gly),2645,GCK,HGNC:4195,Uncertain significance,1,"Nov 24, 2025",1481197092,-,RCV001773066|RCV002463814|RCV005237976,"MedGen:C3661900|Human Phenotype Ontology:HP:0004904,MONDO:MONDO:0018911,MedGen:C0342276,OMIM:PS125850,Orphanet:552|MedGen:CN169374",not provided|Maturity-onset diabetes of the young|not specified,germline;unknown,germline,GRCh38,NC_000007.14,7,44150049,44150049,na,na,7p13,"criteria provided, multiple submitters, no conflicts",4,-,N,ClinGen:CA367401767,2,1314557,44150049,A,C,-,-,-,-,-,-,SCV002003779|SCV005887879|SCV007415195,-,-
1304878,single nucleotide variant,NM_000162.5(GCK):c.45+3A>T,2645,GCK,HGNC:4195,Uncertain significance,0,"Jan 27, 2026",1554340088,-,RCV001773126,MedGen:C3661900,not provided,germline,germline,GRCh37,NC_000007.13,7,44228505,44228505,na,na,7p13,"criteria provided, multiple submitters, no conflicts",2,-,N,ClinGen:CA2573052882,2,1314617,44228505,T,A,-,-,-,-,-,-,SCV002003849|SCV007402016,-,-
1304878,single nucleotide variant,NM_000162.5(GCK):c.45+3A>T,2645,GCK,HGNC:4195,Uncertain significance,0,"Jan 27, 2026",1554340088,-,RCV001773126,MedGen:C3661900,not provided,germline,germline,GRCh38,NC_000007.14,7,44188906,44188906,na,na,7p13,"criteria provided, multiple submitters, no conflicts",2,-,N,ClinGen:CA2573052882,2,1314617,44188906,T,A,-,-,-,-,-,-,SCV002003849|SCV007402016,-,-
1305824,single nucleotide variant,NM_000352.6(ABCC8):c.985A>T (p.Lys329Ter),6833,ABCC8,HGNC:59,Pathogenic,1,"Feb 04, 2024",1957147183,-,RCV001774809,MedGen:C3661900,not provided,germline,germline,GRCh37,NC_000011.9,11,17482061,17482061,na,na,11p15.1,"criteria provided, multiple submitters, no conflicts",2,-,N,ClinGen:CA379775934,2,1315564,17482061,T,A,-,-,-,-,-,-,SCV002004088|SCV004295392,-,-
1305824,single nucleotide variant,NM_000352.6(ABCC8):c.985A>T (p.Lys329Ter),6833,ABCC8,HGNC:59,Pathogenic,1,"Feb 04, 2024",1957147183,-,RCV001774809,MedGen:C3661900,not provided,germline,germline,GRCh38,NC_000011.10,11,17460514,17460514,na,na,11p15.1,"criteria provided, multiple submitters, no conflicts",2,-,N,ClinGen:CA379775934,2,1315564,17460514,T,A,-,-,-,-,-,-,SCV002004088|SCV004295392,-,-
1309754,Duplication,NM_000162.5(GCK):c.340dup (p.Ala114fs),2645,GCK,HGNC:4195,Likely pathogenic,1,"Nov 03, 2021",2128822633,-,RCV003237503,MedGen:C3661900,not provided,germline,germline,GRCh37,NC_000007.13,7,44191892,44191893,na,na,7p13,"criteria provided, single submitter",1,-,N,ClinGen:CA2573052880,2,1319502,44191892,G,GC,-,-,-,-,-,-,SCV002010123,-,-
1309754,Duplication,NM_000162.5(GCK):c.340dup (p.Ala114fs),2645,GCK,HGNC:4195,Likely pathogenic,1,"Nov 03, 2021",2128822633,-,RCV003237503,MedGen:C3661900,not provided,germline,germline,GRCh38,NC_000007.14,7,44152293,44152294,na,na,7p13,"criteria provided, single submitter",1,-,N,ClinGen:CA2573052880,2,1319502,44152293,G,GC,-,-,-,-,-,-,SCV002010123,-,-
1310900,single nucleotide variant,NM_000162.5(GCK):c.1322C>G (p.Ser441Trp),2645,GCK,HGNC:4195,Pathogenic,1,"Jun 25, 2023",1286804191,-,RCV001776634|RCV003313230|RCV003401708|RCV005250198,"MedGen:C3661900|MONDO:MONDO:0015967,MedGen:C3888631,Orphanet:183625||Human Phenotype Ontology:HP:0004904,MONDO:MONDO:0018911,MedGen:C0342276,OMIM:PS125850,Orphanet:552",not provided|Monogenic diabetes|GCK-related disorder|Maturity-onset diabetes of the young,germline,germline,GRCh37,NC_000007.13,7,44184811,44184811,na,na,7p13,reviewed by expert panel,6,-,N,ClinGen:CA367397017,2,1320655,44184811,G,C,-,-,-,-,-,-,SCV004012134,-,-
1310900,single nucleotide variant,NM_000162.5(GCK):c.1322C>G (p.Ser441Trp),2645,GCK,HGNC:4195,Pathogenic,1,"Jun 25, 2023",1286804191,-,RCV001776634|RCV003313230|RCV003401708|RCV005250198,"MedGen:C3661900|MONDO:MONDO:0015967,MedGen:C3888631,Orphanet:183625||Human Phenotype Ontology:HP:0004904,MONDO:MONDO:0018911,MedGen:C0342276,OMIM:PS125850,Orphanet:552",not provided|Monogenic diabetes|GCK-related disorder|Maturity-onset diabetes of the young,germline,germline,GRCh38,NC_000007.14,7,44145212,44145212,na,na,7p13,reviewed by expert panel,6,-,N,ClinGen:CA367397017,2,1320655,44145212,G,C,-,-,-,-,-,-,SCV004012134,-,-
1311645,single nucleotide variant,NM_000352.6(ABCC8):c.806C>A (p.Ala269Asp),6833,ABCC8,HGNC:59,Uncertain significance,0,"Nov 12, 2024",372930264,-,RCV001779455|RCV002503257|RCV005412276,"MedGen:CN169374|MONDO:MONDO:0030088,MedGen:C5394303,OMIM:618857;MONDO:MONDO:0009734,MedGen:C2931832,OMIM:256450,Orphanet:276575,Orphanet:276598;MONDO:MONDO:0009415,MedGen:C0271714,OMIM:240800;Human Phenotype Ontology:HP:0005965,Human Phenotype Ontology:HP:0005978,Human Phenotype Ontology:HP:0100652,MONDO:MONDO:0005148,MeSH:D003924,MedGen:C0011860,OMIM:125853;MONDO:MONDO:0012480,MedGen:C1835887,OMIM:610374,Orphanet:99886|MedGen:C3661900","not specified|Diabetes mellitus, permanent neonatal 3;Hyperinsulinemic hypoglycemia, familial, 1;Leucine-induced hypoglycemia;Type 2 diabetes mellitus;Diabetes mellitus, transient neonatal, 2|not provided",germline;unknown,germline,GRCh37,NC_000011.9,11,17483146,17483146,na,na,11p15.1,"criteria provided, multiple submitters, no conflicts",3,-,N,ClinGen:CA218451973,2,1321361,17483146,G,T,-,-,-,-,-,-,SCV002014864|SCV002813382|SCV006078814,-,-
1311645,single nucleotide variant,NM_000352.6(ABCC8):c.806C>A (p.Ala269Asp),6833,ABCC8,HGNC:59,Uncertain significance,0,"Nov 12, 2024",372930264,-,RCV001779455|RCV002503257|RCV005412276,"MedGen:CN169374|MONDO:MONDO:0030088,MedGen:C5394303,OMIM:618857;MONDO:MONDO:0009734,MedGen:C2931832,OMIM:256450,Orphanet:276575,Orphanet:276598;MONDO:MONDO:0009415,MedGen:C0271714,OMIM:240800;Human Phenotype Ontology:HP:0005965,Human Phenotype Ontology:HP:0005978,Human Phenotype Ontology:HP:0100652,MONDO:MONDO:0005148,MeSH:D003924,MedGen:C0011860,OMIM:125853;MONDO:MONDO:0012480,MedGen:C1835887,OMIM:610374,Orphanet:99886|MedGen:C3661900","not specified|Diabetes mellitus, permanent neonatal 3;Hyperinsulinemic hypoglycemia, familial, 1;Leucine-induced hypoglycemia;Type 2 diabetes mellitus;Diabetes mellitus, transient neonatal, 2|not provided",germline;unknown,germline,GRCh38,NC_000011.10,11,17461599,17461599,na,na,11p15.1,"criteria provided, multiple submitters, no conflicts",3,-,N,ClinGen:CA218451973,2,1321361,17461599,G,T,-,-,-,-,-,-,SCV002014864|SCV002813382|SCV006078814,-,-
1311646,single nucleotide variant,NM_000352.6(ABCC8):c.1886C>T (p.Pro629Leu),6833,ABCC8,HGNC:59,Uncertain significance,0,"Sep 17, 2025",375862506,-,RCV001779456|RCV006467937,MedGen:CN169374|MedGen:C3661900,not specified|not provided,germline,germline,GRCh37,NC_000011.9,11,17450149,17450149,na,na,11p15.1,"criteria provided, multiple submitters, no conflicts",2,-,N,ClinGen:CA5903403,2,1321362,17450149,G,A,-,-,-,-,-,-,SCV002014865|SCV007365013,-,-
1311646,single nucleotide variant,NM_000352.6(ABCC8):c.1886C>T (p.Pro629Leu),6833,ABCC8,HGNC:59,Uncertain significance,0,"Sep 17, 2025",375862506,-,RCV001779456|RCV006467937,MedGen:CN169374|MedGen:C3661900,not specified|not provided,germline,germline,GRCh38,NC_000011.10,11,17428602,17428602,na,na,11p15.1,"criteria provided, multiple submitters, no conflicts",2,-,N,ClinGen:CA5903403,2,1321362,17428602,G,A,-,-,-,-,-,-,SCV002014865|SCV007365013,-,-
1311817,single nucleotide variant,NM_000352.6(ABCC8):c.3867+132G>A,6833,ABCC8,HGNC:59,Likely benign,0,"May 11, 2021",78537444,-,RCV001779627,MedGen:C3661900,not provided,germline,germline,GRCh37,NC_000011.9,11,17419099,17419099,na,na,11p15.1,"criteria provided, single submitter",1,-,N,ClinGen:CA218410351,2,1321535,17419099,C,T,-,-,-,-,-,-,SCV002015330,-,-
1311817,single nucleotide variant,NM_000352.6(ABCC8):c.3867+132G>A,6833,ABCC8,HGNC:59,Likely benign,0,"May 11, 2021",78537444,-,RCV001779627,MedGen:C3661900,not provided,germline,germline,GRCh38,NC_000011.10,11,17397552,17397552,na,na,11p15.1,"criteria provided, single submitter",1,-,N,ClinGen:CA218410351,2,1321535,17397552,C,T,-,-,-,-,-,-,SCV002015330,-,-
1313285,Deletion,NM_000162.5(GCK):c.18del (p.Arg7fs),2645,GCK,HGNC:4195,Pathogenic,1,"Apr 01, 2020",2128834774,-,RCV001783356,MedGen:C3661900,not provided,germline,germline,GRCh37,NC_000007.13,7,44228535,44228535,na,na,7p13,"criteria provided, single submitter",1,-,N,ClinGen:CA2573052883,2,1322992,44228534,TG,T,-,-,-,-,-,-,SCV002024231,-,-
1313285,Deletion,NM_000162.5(GCK):c.18del (p.Arg7fs),2645,GCK,HGNC:4195,Pathogenic,1,"Apr 01, 2020",2128834774,-,RCV001783356,MedGen:C3661900,not provided,germline,germline,GRCh38,NC_000007.14,7,44188936,44188936,na,na,7p13,"criteria provided, single submitter",1,-,N,ClinGen:CA2573052883,2,1322992,44188935,TG,T,-,-,-,-,-,-,SCV002024231,-,-
1314102,single nucleotide variant,NM_000352.6(ABCC8):c.494C>A (p.Ser165Ter),6833,ABCC8,HGNC:59,Pathogenic/Likely pathogenic,1,"Sep 07, 2022",758754046,-,RCV001785195|RCV003475088,"MedGen:C3661900|Human Phenotype Ontology:HP:0005965,Human Phenotype Ontology:HP:0005978,Human Phenotype Ontology:HP:0100652,MONDO:MONDO:0005148,MeSH:D003924,MedGen:C0011860,OMIM:125853",not provided|Type 2 diabetes mellitus,germline;unknown,germline,GRCh37,NC_000011.9,11,17485070,17485070,na,na,11p15.1,"criteria provided, multiple submitters, no conflicts",3,-,N,ClinGen:CA379780041,2,1323821,17485070,G,T,-,-,-,-,-,-,SCV002023928|SCV002233972|SCV004203138,-,-
1314102,single nucleotide variant,NM_000352.6(ABCC8):c.494C>A (p.Ser165Ter),6833,ABCC8,HGNC:59,Pathogenic/Likely pathogenic,1,"Sep 07, 2022",758754046,-,RCV001785195|RCV003475088,"MedGen:C3661900|Human Phenotype Ontology:HP:0005965,Human Phenotype Ontology:HP:0005978,Human Phenotype Ontology:HP:0100652,MONDO:MONDO:0005148,MeSH:D003924,MedGen:C0011860,OMIM:125853",not provided|Type 2 diabetes mellitus,germline;unknown,germline,GRCh38,NC_000011.10,11,17463523,17463523,na,na,11p15.1,"criteria provided, multiple submitters, no conflicts",3,-,N,ClinGen:CA379780041,2,1323821,17463523,G,T,-,-,-,-,-,-,SCV002023928|SCV002233972|SCV004203138,-,-
1314103,single nucleotide variant,NM_000352.6(ABCC8):c.3961G>T (p.Glu1321Ter),6833,ABCC8,HGNC:59,Likely pathogenic,1,"Mar 19, 2021",1953981445,-,RCV001780621,MedGen:C3661900,not provided,germline,germline,GRCh37,NC_000011.9,11,17418767,17418767,na,na,11p15.1,"criteria provided, single submitter",1,-,N,ClinGen:CA379791783,2,1323822,17418767,C,A,-,-,-,-,-,-,SCV002023929,-,-
1314103,single nucleotide variant,NM_000352.6(ABCC8):c.3961G>T (p.Glu1321Ter),6833,ABCC8,HGNC:59,Likely pathogenic,1,"Mar 19, 2021",1953981445,-,RCV001780621,MedGen:C3661900,not provided,germline,germline,GRCh38,NC_000011.10,11,17397220,17397220,na,na,11p15.1,"criteria provided, single submitter",1,-,N,ClinGen:CA379791783,2,1323822,17397220,C,A,-,-,-,-,-,-,SCV002023929,-,-
1316251,single nucleotide variant,NM_000352.6(ABCC8):c.2870G>A (p.Arg957His),6833,ABCC8,HGNC:59,Uncertain significance,0,"May 21, 2024",775921458,-,RCV001786052|RCV005050410,"MedGen:C3661900|MONDO:MONDO:0030088,MedGen:C5394303,OMIM:618857;MONDO:MONDO:0009734,MedGen:C2931832,OMIM:256450,Orphanet:276575,Orphanet:276598;MONDO:MONDO:0009415,MedGen:C0271714,OMIM:240800;Human Phenotype Ontology:HP:0005965,Human Phenotype Ontology:HP:0005978,Human Phenotype Ontology:HP:0100652,MONDO:MONDO:0005148,MeSH:D003924,MedGen:C0011860,OMIM:125853;MONDO:MONDO:0012480,MedGen:C1835887,OMIM:610374,Orphanet:99886","not provided|Diabetes mellitus, permanent neonatal 3;Hyperinsulinemic hypoglycemia, familial, 1;Leucine-induced hypoglycemia;Type 2 diabetes mellitus;Diabetes mellitus, transient neonatal, 2",germline,germline,GRCh37,NC_000011.9,11,17428951,17428951,na,na,11p15.1,"criteria provided, multiple submitters, no conflicts",3,-,N,ClinGen:CA5902996,2,1325991,17428951,C,T,-,-,-,-,-,-,SCV002027820|SCV005676320|SCV005811403,-,-
1316251,single nucleotide variant,NM_000352.6(ABCC8):c.2870G>A (p.Arg957His),6833,ABCC8,HGNC:59,Uncertain significance,0,"May 21, 2024",775921458,-,RCV001786052|RCV005050410,"MedGen:C3661900|MONDO:MONDO:0030088,MedGen:C5394303,OMIM:618857;MONDO:MONDO:0009734,MedGen:C2931832,OMIM:256450,Orphanet:276575,Orphanet:276598;MONDO:MONDO:0009415,MedGen:C0271714,OMIM:240800;Human Phenotype Ontology:HP:0005965,Human Phenotype Ontology:HP:0005978,Human Phenotype Ontology:HP:0100652,MONDO:MONDO:0005148,MeSH:D003924,MedGen:C0011860,OMIM:125853;MONDO:MONDO:0012480,MedGen:C1835887,OMIM:610374,Orphanet:99886","not provided|Diabetes mellitus, permanent neonatal 3;Hyperinsulinemic hypoglycemia, familial, 1;Leucine-induced hypoglycemia;Type 2 diabetes mellitus;Diabetes mellitus, transient neonatal, 2",germline,germline,GRCh38,NC_000011.10,11,17407404,17407404,na,na,11p15.1,"criteria provided, multiple submitters, no conflicts",3,-,N,ClinGen:CA5902996,2,1325991,17407404,C,T,-,-,-,-,-,-,SCV002027820|SCV005676320|SCV005811403,-,-
1319675,single nucleotide variant,NM_000352.6(ABCC8):c.214A>G (p.Asn72Asp),6833,ABCC8,HGNC:59,Uncertain significance,0,"Nov 07, 2021",2133728894,-,RCV001797879,MedGen:CN169374,not specified,germline,germline,GRCh37,NC_000011.9,11,17496509,17496509,na,na,11p15.1,"criteria provided, single submitter",1,-,N,ClinGen:CA379787908,2,1328988,17496509,T,C,-,-,-,-,-,-,SCV002041540,-,-
1319675,single nucleotide variant,NM_000352.6(ABCC8):c.214A>G (p.Asn72Asp),6833,ABCC8,HGNC:59,Uncertain significance,0,"Nov 07, 2021",2133728894,-,RCV001797879,MedGen:CN169374,not specified,germline,germline,GRCh38,NC_000011.10,11,17474962,17474962,na,na,11p15.1,"criteria provided, single submitter",1,-,N,ClinGen:CA379787908,2,1328988,17474962,T,C,-,-,-,-,-,-,SCV002041540,-,-
1320874,copy number gain,GRCh37/hg19 11p15.1(chr11:17448546-17453841)x3,6833,ABCC8,HGNC:59,Uncertain significance,0,"Oct 19, 2021",-1,-,RCV001801210,"MONDO:MONDO:0009734,MedGen:C2931832,OMIM:256450,Orphanet:276575,Orphanet:276598","Hyperinsulinemic hypoglycemia, familial, 1",unknown,unknown,GRCh37,NC_000011.9,11,17438562,17464217,na,na,11p15.1,"criteria provided, single submitter",1,-,N,-,2,1330193,-1,na,na,-,-,-,-,-,-,SCV002047422,-,-
1323458,Microsatellite,NM_000352.6(ABCC8):c.259_262del (p.Cys87fs),6833,ABCC8,HGNC:59,Uncertain significance,0,-,2133728495,-,RCV001806314,"MONDO:MONDO:0009734,MedGen:C2931832,OMIM:256450,Orphanet:276575,Orphanet:276598","Hyperinsulinemic hypoglycemia, familial, 1",inherited,germline,GRCh37,NC_000011.9,11,17496461,17496464,na,na,11p15.1,"criteria provided, single submitter",1,-,N,ClinGen:CA2580615641,2,1332740,17496460,TCACA,T,-,-,-,-,-,-,SCV002053819,-,-
1323458,Microsatellite,NM_000352.6(ABCC8):c.259_262del (p.Cys87fs),6833,ABCC8,HGNC:59,Uncertain significance,0,-,2133728495,-,RCV001806314,"MONDO:MONDO:0009734,MedGen:C2931832,OMIM:256450,Orphanet:276575,Orphanet:276598","Hyperinsulinemic hypoglycemia, familial, 1",inherited,germline,GRCh38,NC_000011.10,11,17474914,17474917,na,na,11p15.1,"criteria provided, single submitter",1,-,N,ClinGen:CA2580615641,2,1332740,17474913,TCACA,T,-,-,-,-,-,-,SCV002053819,-,-
1325027,single nucleotide variant,NM_000352.6(ABCC8):c.1531C>G (p.Leu511Val),6833,ABCC8,HGNC:59,Uncertain significance,0,"Oct 16, 2024",773345085,-,RCV001810548|RCV002482342|RCV003107854,"MONDO:MONDO:0009734,MedGen:C2931832,OMIM:256450,Orphanet:276575,Orphanet:276598|MONDO:MONDO:0030088,MedGen:C5394303,OMIM:618857;MONDO:MONDO:0009734,MedGen:C2931832,OMIM:256450,Orphanet:276575,Orphanet:276598;MONDO:MONDO:0009415,MedGen:C0271714,OMIM:240800;Human Phenotype Ontology:HP:0005965,Human Phenotype Ontology:HP:0005978,Human Phenotype Ontology:HP:0100652,MONDO:MONDO:0005148,MeSH:D003924,MedGen:C0011860,OMIM:125853;MONDO:MONDO:0012480,MedGen:C1835887,OMIM:610374,Orphanet:99886|MedGen:C3661900","Hyperinsulinemic hypoglycemia, familial, 1|Diabetes mellitus, permanent neonatal 3;Hyperinsulinemic hypoglycemia, familial, 1;Leucine-induced hypoglycemia;Type 2 diabetes mellitus;Diabetes mellitus, transient neonatal, 2|not provided",germline;unknown,germline,GRCh37,NC_000011.9,11,17464366,17464366,na,na,11p15.1,"criteria provided, multiple submitters, no conflicts",3,-,N,ClinGen:CA5903538,2,1334167,17464366,G,C,-,-,-,-,-,-,SCV002060132|SCV002778867|SCV003779951,-,-
1325027,single nucleotide variant,NM_000352.6(ABCC8):c.1531C>G (p.Leu511Val),6833,ABCC8,HGNC:59,Uncertain significance,0,"Oct 16, 2024",773345085,-,RCV001810548|RCV002482342|RCV003107854,"MONDO:MONDO:0009734,MedGen:C2931832,OMIM:256450,Orphanet:276575,Orphanet:276598|MONDO:MONDO:0030088,MedGen:C5394303,OMIM:618857;MONDO:MONDO:0009734,MedGen:C2931832,OMIM:256450,Orphanet:276575,Orphanet:276598;MONDO:MONDO:0009415,MedGen:C0271714,OMIM:240800;Human Phenotype Ontology:HP:0005965,Human Phenotype Ontology:HP:0005978,Human Phenotype Ontology:HP:0100652,MONDO:MONDO:0005148,MeSH:D003924,MedGen:C0011860,OMIM:125853;MONDO:MONDO:0012480,MedGen:C1835887,OMIM:610374,Orphanet:99886|MedGen:C3661900","Hyperinsulinemic hypoglycemia, familial, 1|Diabetes mellitus, permanent neonatal 3;Hyperinsulinemic hypoglycemia, familial, 1;Leucine-induced hypoglycemia;Type 2 diabetes mellitus;Diabetes mellitus, transient neonatal, 2|not provided",germline;unknown,germline,GRCh38,NC_000011.10,11,17442819,17442819,na,na,11p15.1,"criteria provided, multiple submitters, no conflicts",3,-,N,ClinGen:CA5903538,2,1334167,17442819,G,C,-,-,-,-,-,-,SCV002060132|SCV002778867|SCV003779951,-,-
1327030,single nucleotide variant,NM_000525.4(KCNJ11):c.353C>T (p.Ser118Leu),3767,KCNJ11,HGNC:6257,Uncertain significance,0,"Jan 24, 2025",756424776,-,RCV001822199|RCV002489866,"MedGen:CN169374|MONDO:MONDO:0030087,MedGen:C5394296,OMIM:618856;MONDO:MONDO:0011153,MedGen:C2931833,OMIM:601820,Orphanet:276580,Orphanet:276603;Human Phenotype Ontology:HP:0005965,Human Phenotype Ontology:HP:0005978,Human Phenotype Ontology:HP:0100652,MONDO:MONDO:0005148,MeSH:D003924,MedGen:C0011860,OMIM:125853;MONDO:MONDO:0014589,MedGen:C4225365,OMIM:616329,Orphanet:552;MONDO:MONDO:0012522,MedGen:C1864623,OMIM:610582,Orphanet:99886","not specified|Diabetes mellitus, permanent neonatal 2;Hyperinsulinemic hypoglycemia, familial, 2;Type 2 diabetes mellitus;Maturity-onset diabetes of the young type 13;Diabetes mellitus, transient neonatal, 3",germline;unknown,germline,GRCh37,NC_000011.9,11,17409286,17409286,na,na,11p15.1,"criteria provided, multiple submitters, no conflicts",3,-,N,ClinGen:CA5902299,2,1336017,17409286,G,A,-,-,-,-,-,-,SCV002069714|SCV002775268|SCV005887508,-,-
1327030,single nucleotide variant,NM_000525.4(KCNJ11):c.353C>T (p.Ser118Leu),3767,KCNJ11,HGNC:6257,Uncertain significance,0,"Jan 24, 2025",756424776,-,RCV001822199|RCV002489866,"MedGen:CN169374|MONDO:MONDO:0030087,MedGen:C5394296,OMIM:618856;MONDO:MONDO:0011153,MedGen:C2931833,OMIM:601820,Orphanet:276580,Orphanet:276603;Human Phenotype Ontology:HP:0005965,Human Phenotype Ontology:HP:0005978,Human Phenotype Ontology:HP:0100652,MONDO:MONDO:0005148,MeSH:D003924,MedGen:C0011860,OMIM:125853;MONDO:MONDO:0014589,MedGen:C4225365,OMIM:616329,Orphanet:552;MONDO:MONDO:0012522,MedGen:C1864623,OMIM:610582,Orphanet:99886","not specified|Diabetes mellitus, permanent neonatal 2;Hyperinsulinemic hypoglycemia, familial, 2;Type 2 diabetes mellitus;Maturity-onset diabetes of the young type 13;Diabetes mellitus, transient neonatal, 3",germline;unknown,germline,GRCh38,NC_000011.10,11,17387739,17387739,na,na,11p15.1,"criteria provided, multiple submitters, no conflicts",3,-,N,ClinGen:CA5902299,2,1336017,17387739,G,A,-,-,-,-,-,-,SCV002069714|SCV002775268|SCV005887508,-,-
1327031,Duplication,NM_000525.4(KCNJ11):c.-314dup,3767,KCNJ11,HGNC:6257,Uncertain significance,0,"Mar 20, 2019",781416603,-,RCV001822200,MedGen:CN169374,not specified,germline,germline,GRCh37,NC_000011.9,11,17409951,17409952,na,na,11p15.1,"criteria provided, single submitter",1,-,N,ClinGen:CA218400745,2,1336018,17409951,A,AC,-,-,-,-,-,-,SCV002069725,-,-
1327031,Duplication,NM_000525.4(KCNJ11):c.-314dup,3767,KCNJ11,HGNC:6257,Uncertain significance,0,"Mar 20, 2019",781416603,-,RCV001822200,MedGen:CN169374,not specified,germline,germline,GRCh38,NC_000011.10,11,17388404,17388405,na,na,11p15.1,"criteria provided, single submitter",1,-,N,ClinGen:CA218400745,2,1336018,17388404,A,AC,-,-,-,-,-,-,SCV002069725,-,-
1327033,single nucleotide variant,NM_000352.6(ABCC8):c.1189A>C (p.Asn397His),6833,ABCC8,HGNC:59,Conflicting classifications of pathogenicity,0,"Dec 26, 2025",199763382,-,RCV001822202|RCV002274217|RCV002503312,"MedGen:CN169374|MedGen:C3661900|MONDO:MONDO:0030088,MedGen:C5394303,OMIM:618857;MONDO:MONDO:0009734,MedGen:C2931832,OMIM:256450,Orphanet:276575,Orphanet:276598;MONDO:MONDO:0009415,MedGen:C0271714,OMIM:240800;Human Phenotype Ontology:HP:0005965,Human Phenotype Ontology:HP:0005978,Human Phenotype Ontology:HP:0100652,MONDO:MONDO:0005148,MeSH:D003924,MedGen:C0011860,OMIM:125853;MONDO:MONDO:0012480,MedGen:C1835887,OMIM:610374,Orphanet:99886","not specified|not provided|Diabetes mellitus, permanent neonatal 3;Hyperinsulinemic hypoglycemia, familial, 1;Leucine-induced hypoglycemia;Type 2 diabetes mellitus;Diabetes mellitus, transient neonatal, 2",germline,germline,GRCh37,NC_000011.9,11,17470206,17470206,na,na,11p15.1,"criteria provided, conflicting classifications",4,-,N,ClinGen:CA5903646,2,1336020,17470206,T,G,-,-,-,-,-,-,SCV002069769|SCV002559274|SCV002813383|SCV003282365,-,-
1327033,single nucleotide variant,NM_000352.6(ABCC8):c.1189A>C (p.Asn397His),6833,ABCC8,HGNC:59,Conflicting classifications of pathogenicity,0,"Dec 26, 2025",199763382,-,RCV001822202|RCV002274217|RCV002503312,"MedGen:CN169374|MedGen:C3661900|MONDO:MONDO:0030088,MedGen:C5394303,OMIM:618857;MONDO:MONDO:0009734,MedGen:C2931832,OMIM:256450,Orphanet:276575,Orphanet:276598;MONDO:MONDO:0009415,MedGen:C0271714,OMIM:240800;Human Phenotype Ontology:HP:0005965,Human Phenotype Ontology:HP:0005978,Human Phenotype Ontology:HP:0100652,MONDO:MONDO:0005148,MeSH:D003924,MedGen:C0011860,OMIM:125853;MONDO:MONDO:0012480,MedGen:C1835887,OMIM:610374,Orphanet:99886","not specified|not provided|Diabetes mellitus, permanent neonatal 3;Hyperinsulinemic hypoglycemia, familial, 1;Leucine-induced hypoglycemia;Type 2 diabetes mellitus;Diabetes mellitus, transient neonatal, 2",germline,germline,GRCh38,NC_000011.10,11,17448659,17448659,na,na,11p15.1,"criteria provided, conflicting classifications",4,-,N,ClinGen:CA5903646,2,1336020,17448659,T,G,-,-,-,-,-,-,SCV002069769|SCV002559274|SCV002813383|SCV003282365,-,-
1327042,single nucleotide variant,NM_000162.5(GCK):c.-98C>T,2645,GCK,HGNC:4195,Uncertain significance,0,"Nov 13, 2018",200216829,-,RCV001822212,MedGen:CN169374,not specified,germline,germline,GRCh37,NC_000007.13,7,44228650,44228650,na,na,7p13,"criteria provided, single submitter",1,-,N,ClinGen:CA157884452,2,1336030,44228650,G,A,-,-,-,-,-,-,SCV002069898,-,-
1327042,single nucleotide variant,NM_000162.5(GCK):c.-98C>T,2645,GCK,HGNC:4195,Uncertain significance,0,"Nov 13, 2018",200216829,-,RCV001822212,MedGen:CN169374,not specified,germline,germline,GRCh38,NC_000007.14,7,44189051,44189051,na,na,7p13,"criteria provided, single submitter",1,-,N,ClinGen:CA157884452,2,1336030,44189051,G,A,-,-,-,-,-,-,SCV002069898,-,-
1327256,single nucleotide variant,NM_000162.5(GCK):c.-299A>G,2645,GCK,HGNC:4195,Uncertain significance,0,"Aug 29, 2017",765620490,-,RCV001817200,MedGen:CN169374,not specified,germline,germline,GRCh37,NC_000007.13,7,44228851,44228851,na,na,7p13,"criteria provided, single submitter",1,-,N,ClinGen:CA157884666,2,1336245,44228851,T,C,-,-,-,-,-,-,SCV002065067,-,-
1327256,single nucleotide variant,NM_000162.5(GCK):c.-299A>G,2645,GCK,HGNC:4195,Uncertain significance,0,"Aug 29, 2017",765620490,-,RCV001817200,MedGen:CN169374,not specified,germline,germline,GRCh38,NC_000007.14,7,44189252,44189252,na,na,7p13,"criteria provided, single submitter",1,-,N,ClinGen:CA157884666,2,1336245,44189252,T,C,-,-,-,-,-,-,SCV002065067,-,-
1327438,single nucleotide variant,NM_000162.5(GCK):c.-375C>T,2645,GCK,HGNC:4195,Uncertain significance,0,"Dec 18, 2017",775776110,-,RCV001817382,MedGen:CN169374,not specified,germline,germline,GRCh37,NC_000007.13,7,44228927,44228927,na,na,7p13,"criteria provided, single submitter",1,-,N,ClinGen:CA157884712,2,1336427,44228927,G,A,-,-,-,-,-,-,SCV002065605,-,-
1327438,single nucleotide variant,NM_000162.5(GCK):c.-375C>T,2645,GCK,HGNC:4195,Uncertain significance,0,"Dec 18, 2017",775776110,-,RCV001817382,MedGen:CN169374,not specified,germline,germline,GRCh38,NC_000007.14,7,44189328,44189328,na,na,7p13,"criteria provided, single submitter",1,-,N,ClinGen:CA157884712,2,1336427,44189328,G,A,-,-,-,-,-,-,SCV002065605,-,-
1327478,single nucleotide variant,NM_000352.6(ABCC8):c.1291T>C (p.Phe431Leu),6833,ABCC8,HGNC:59,Uncertain significance,0,"Jan 09, 2018",1956630610,-,RCV001817422,MedGen:CN169374,not specified,germline,germline,GRCh37,NC_000011.9,11,17470104,17470104,na,na,11p15.1,"criteria provided, single submitter",1,-,N,ClinGen:CA379768582,2,1336467,17470104,A,G,-,-,-,-,-,-,SCV002068215,-,-
1327478,single nucleotide variant,NM_000352.6(ABCC8):c.1291T>C (p.Phe431Leu),6833,ABCC8,HGNC:59,Uncertain significance,0,"Jan 09, 2018",1956630610,-,RCV001817422,MedGen:CN169374,not specified,germline,germline,GRCh38,NC_000011.10,11,17448557,17448557,na,na,11p15.1,"criteria provided, single submitter",1,-,N,ClinGen:CA379768582,2,1336467,17448557,A,G,-,-,-,-,-,-,SCV002068215,-,-
1327500,single nucleotide variant,NM_000352.4(ABCC8):c.-545A>G,6833,ABCC8,HGNC:59,Uncertain significance,0,"Jan 22, 2018",2133740783,-,RCV001817444,MedGen:CN169374,not specified,germline,germline,GRCh37,NC_000011.9,11,17498868,17498868,na,na,11p15.1,"criteria provided, single submitter",1,-,N,ClinGen:CA2573053462,2,1336489,17498868,T,C,-,-,-,-,-,-,SCV002068283,-,-
1327500,single nucleotide variant,NM_000352.4(ABCC8):c.-545A>G,6833,ABCC8,HGNC:59,Uncertain significance,0,"Jan 22, 2018",2133740783,-,RCV001817444,MedGen:CN169374,not specified,germline,germline,GRCh38,NC_000011.10,11,17477321,17477321,na,na,11p15.1,"criteria provided, single submitter",1,-,N,ClinGen:CA2573053462,2,1336489,17477321,T,C,-,-,-,-,-,-,SCV002068283,-,-
1327501,single nucleotide variant,NM_000162.5(GCK):c.-281G>C,2645,GCK,HGNC:4195,Likely benign,0,"Jan 17, 2018",570705419,-,RCV001817445,MedGen:CN169374,not specified,germline,germline,GRCh37,NC_000007.13,7,44228833,44228833,na,na,7p13,"criteria provided, single submitter",1,-,N,ClinGen:CA157884652,2,1336490,44228833,C,G,-,-,-,-,-,-,SCV002068286,-,-
1327501,single nucleotide variant,NM_000162.5(GCK):c.-281G>C,2645,GCK,HGNC:4195,Likely benign,0,"Jan 17, 2018",570705419,-,RCV001817445,MedGen:CN169374,not specified,germline,germline,GRCh38,NC_000007.14,7,44189234,44189234,na,na,7p13,"criteria provided, single submitter",1,-,N,ClinGen:CA157884652,2,1336490,44189234,C,G,-,-,-,-,-,-,SCV002068286,-,-
1327502,single nucleotide variant,NM_000352.6(ABCC8):c.4469G>A (p.Cys1490Tyr),6833,ABCC8,HGNC:59,Uncertain significance,0,"Jan 17, 2018",1180424930,-,RCV001817446,MedGen:CN169374,not specified,germline,germline,GRCh37,NC_000011.9,11,17415889,17415889,na,na,11p15.1,"criteria provided, single submitter",1,-,N,ClinGen:CA379783315,2,1336491,17415889,C,T,-,-,-,-,-,-,SCV002068287,-,-
1327502,single nucleotide variant,NM_000352.6(ABCC8):c.4469G>A (p.Cys1490Tyr),6833,ABCC8,HGNC:59,Uncertain significance,0,"Jan 17, 2018",1180424930,-,RCV001817446,MedGen:CN169374,not specified,germline,germline,GRCh38,NC_000011.10,11,17394342,17394342,na,na,11p15.1,"criteria provided, single submitter",1,-,N,ClinGen:CA379783315,2,1336491,17394342,C,T,-,-,-,-,-,-,SCV002068287,-,-
1327503,single nucleotide variant,NM_000352.6(ABCC8):c.371A>T (p.Tyr124Phe),6833,ABCC8,HGNC:59,Uncertain significance,0,"Dec 15, 2021",1278920115,-,RCV001817447|RCV002482355,"MedGen:CN169374|MONDO:MONDO:0030088,MedGen:C5394303,OMIM:618857;MONDO:MONDO:0009734,MedGen:C2931832,OMIM:256450,Orphanet:276575,Orphanet:276598;MONDO:MONDO:0009415,MedGen:C0271714,OMIM:240800;Human Phenotype Ontology:HP:0005965,Human Phenotype Ontology:HP:0005978,Human Phenotype Ontology:HP:0100652,MONDO:MONDO:0005148,MeSH:D003924,MedGen:C0011860,OMIM:125853;MONDO:MONDO:0012480,MedGen:C1835887,OMIM:610374,Orphanet:99886","not specified|Diabetes mellitus, permanent neonatal 3;Hyperinsulinemic hypoglycemia, familial, 1;Leucine-induced hypoglycemia;Type 2 diabetes mellitus;Diabetes mellitus, transient neonatal, 2",germline;unknown,germline,GRCh37,NC_000011.9,11,17491689,17491689,na,na,11p15.1,"criteria provided, multiple submitters, no conflicts",2,-,N,ClinGen:CA379784070,2,1336492,17491689,T,A,-,-,-,-,-,-,SCV002068288|SCV002787815,-,-
1327503,single nucleotide variant,NM_000352.6(ABCC8):c.371A>T (p.Tyr124Phe),6833,ABCC8,HGNC:59,Uncertain significance,0,"Dec 15, 2021",1278920115,-,RCV001817447|RCV002482355,"MedGen:CN169374|MONDO:MONDO:0030088,MedGen:C5394303,OMIM:618857;MONDO:MONDO:0009734,MedGen:C2931832,OMIM:256450,Orphanet:276575,Orphanet:276598;MONDO:MONDO:0009415,MedGen:C0271714,OMIM:240800;Human Phenotype Ontology:HP:0005965,Human Phenotype Ontology:HP:0005978,Human Phenotype Ontology:HP:0100652,MONDO:MONDO:0005148,MeSH:D003924,MedGen:C0011860,OMIM:125853;MONDO:MONDO:0012480,MedGen:C1835887,OMIM:610374,Orphanet:99886","not specified|Diabetes mellitus, permanent neonatal 3;Hyperinsulinemic hypoglycemia, familial, 1;Leucine-induced hypoglycemia;Type 2 diabetes mellitus;Diabetes mellitus, transient neonatal, 2",germline;unknown,germline,GRCh38,NC_000011.10,11,17470142,17470142,na,na,11p15.1,"criteria provided, multiple submitters, no conflicts",2,-,N,ClinGen:CA379784070,2,1336492,17470142,T,A,-,-,-,-,-,-,SCV002068288|SCV002787815,-,-
1327553,single nucleotide variant,NM_000352.4(ABCC8):c.-108G>A,6833,ABCC8,HGNC:59,Likely benign,0,"Feb 04, 2020",867882011,-,RCV001817497,MedGen:CN169374,not specified,germline,germline,GRCh37,NC_000011.9,11,17498431,17498431,na,na,11p15.1,"criteria provided, single submitter",1,-,N,ClinGen:CA218464267,2,1336542,17498431,C,T,-,-,-,-,-,-,SCV002068389,-,-
1327553,single nucleotide variant,NM_000352.4(ABCC8):c.-108G>A,6833,ABCC8,HGNC:59,Likely benign,0,"Feb 04, 2020",867882011,-,RCV001817497,MedGen:CN169374,not specified,germline,germline,GRCh38,NC_000011.10,11,17476884,17476884,na,na,11p15.1,"criteria provided, single submitter",1,-,N,ClinGen:CA218464267,2,1336542,17476884,C,T,-,-,-,-,-,-,SCV002068389,-,-
1327645,single nucleotide variant,NM_000352.6(ABCC8):c.123C>T (p.Phe41=),6833,ABCC8,HGNC:59,Uncertain significance,0,"Apr 10, 2018",778891891,-,RCV001817589,MedGen:CN169374,not specified,germline,germline,GRCh37,NC_000011.9,11,17498201,17498201,na,na,11p15.1,"criteria provided, single submitter",1,-,N,ClinGen:CA5903978,2,1336634,17498201,G,A,-,-,-,-,-,-,SCV002068935,-,-
1327645,single nucleotide variant,NM_000352.6(ABCC8):c.123C>T (p.Phe41=),6833,ABCC8,HGNC:59,Uncertain significance,0,"Apr 10, 2018",778891891,-,RCV001817589,MedGen:CN169374,not specified,germline,germline,GRCh38,NC_000011.10,11,17476654,17476654,na,na,11p15.1,"criteria provided, single submitter",1,-,N,ClinGen:CA5903978,2,1336634,17476654,G,A,-,-,-,-,-,-,SCV002068935,-,-
1327662,single nucleotide variant,NM_000525.4(KCNJ11):c.-216G>T,3767,KCNJ11,HGNC:6257,Uncertain significance,0,"Mar 30, 2018",561579833,-,RCV001817606,MedGen:CN169374,not specified,germline,germline,GRCh37,NC_000011.9,11,17409854,17409854,na,na,11p15.1,"criteria provided, single submitter",1,-,N,ClinGen:CA218400622,2,1336651,17409854,C,A,-,-,-,-,-,-,SCV002068975,-,-
1327662,single nucleotide variant,NM_000525.4(KCNJ11):c.-216G>T,3767,KCNJ11,HGNC:6257,Uncertain significance,0,"Mar 30, 2018",561579833,-,RCV001817606,MedGen:CN169374,not specified,germline,germline,GRCh38,NC_000011.10,11,17388307,17388307,na,na,11p15.1,"criteria provided, single submitter",1,-,N,ClinGen:CA218400622,2,1336651,17388307,C,A,-,-,-,-,-,-,SCV002068975,-,-
1327741,single nucleotide variant,NM_000352.6(ABCC8):c.2797C>G (p.Arg933Gly),6833,ABCC8,HGNC:59,Uncertain significance,0,"Jun 22, 2018",570388861,-,RCV001819216,MedGen:CN169374,not specified,germline,germline,GRCh37,NC_000011.9,11,17429962,17429962,na,na,11p15.1,"criteria provided, single submitter",1,-,N,ClinGen:CA5903027,2,1336730,17429962,G,C,-,-,-,-,-,-,SCV002067129,-,-
1327741,single nucleotide variant,NM_000352.6(ABCC8):c.2797C>G (p.Arg933Gly),6833,ABCC8,HGNC:59,Uncertain significance,0,"Jun 22, 2018",570388861,-,RCV001819216,MedGen:CN169374,not specified,germline,germline,GRCh38,NC_000011.10,11,17408415,17408415,na,na,11p15.1,"criteria provided, single submitter",1,-,N,ClinGen:CA5903027,2,1336730,17408415,G,C,-,-,-,-,-,-,SCV002067129,-,-
1327760,single nucleotide variant,NM_000525.4(KCNJ11):c.-291G>T,3767,KCNJ11,HGNC:6257,Uncertain significance,0,"Jun 15, 2018",1027378927,-,RCV001819235,MedGen:CN169374,not specified,germline,germline,GRCh37,NC_000011.9,11,17409929,17409929,na,na,11p15.1,"criteria provided, single submitter",1,-,N,ClinGen:CA218400695,2,1336749,17409929,C,A,-,-,-,-,-,-,SCV002067164,-,-
1327760,single nucleotide variant,NM_000525.4(KCNJ11):c.-291G>T,3767,KCNJ11,HGNC:6257,Uncertain significance,0,"Jun 15, 2018",1027378927,-,RCV001819235,MedGen:CN169374,not specified,germline,germline,GRCh38,NC_000011.10,11,17388382,17388382,na,na,11p15.1,"criteria provided, single submitter",1,-,N,ClinGen:CA218400695,2,1336749,17388382,C,A,-,-,-,-,-,-,SCV002067164,-,-
1327771,single nucleotide variant,NM_000162.5(GCK):c.333C>G (p.Pro111=),2645,GCK,HGNC:4195,Benign/Likely benign,0,"Jun 22, 2018",61736250,-,RCV001819246|RCV002319726,"MedGen:CN169374|Human Phenotype Ontology:HP:0004904,MONDO:MONDO:0018911,MedGen:C0342276,OMIM:PS125850,Orphanet:552",not specified|Maturity-onset diabetes of the young,germline;unknown,germline,GRCh37,NC_000007.13,7,44191900,44191900,na,na,7p13,"criteria provided, multiple submitters, no conflicts",2,-,N,ClinGen:CA4239676,2,1336760,44191900,G,C,-,-,-,-,-,-,SCV002067188|SCV002604915,-,-
1327771,single nucleotide variant,NM_000162.5(GCK):c.333C>G (p.Pro111=),2645,GCK,HGNC:4195,Benign/Likely benign,0,"Jun 22, 2018",61736250,-,RCV001819246|RCV002319726,"MedGen:CN169374|Human Phenotype Ontology:HP:0004904,MONDO:MONDO:0018911,MedGen:C0342276,OMIM:PS125850,Orphanet:552",not specified|Maturity-onset diabetes of the young,germline;unknown,germline,GRCh38,NC_000007.14,7,44152301,44152301,na,na,7p13,"criteria provided, multiple submitters, no conflicts",2,-,N,ClinGen:CA4239676,2,1336760,44152301,G,C,-,-,-,-,-,-,SCV002067188|SCV002604915,-,-
1327778,single nucleotide variant,NM_000352.6(ABCC8):c.2566T>C (p.Phe856Leu),6833,ABCC8,HGNC:59,Uncertain significance,0,"Jun 21, 2018",2133461549,-,RCV001819253,MedGen:CN169374,not specified,germline,germline,GRCh37,NC_000011.9,11,17432191,17432191,na,na,11p15.1,"criteria provided, single submitter",1,-,N,ClinGen:CA379806697,2,1336767,17432191,A,G,-,-,-,-,-,-,SCV002067206,-,-
1327778,single nucleotide variant,NM_000352.6(ABCC8):c.2566T>C (p.Phe856Leu),6833,ABCC8,HGNC:59,Uncertain significance,0,"Jun 21, 2018",2133461549,-,RCV001819253,MedGen:CN169374,not specified,germline,germline,GRCh38,NC_000011.10,11,17410644,17410644,na,na,11p15.1,"criteria provided, single submitter",1,-,N,ClinGen:CA379806697,2,1336767,17410644,A,G,-,-,-,-,-,-,SCV002067206,-,-
1327857,single nucleotide variant,NM_000352.6(ABCC8):c.1333-1051C>G,6833,ABCC8,HGNC:59,Likely benign,0,"Jul 08, 2021",142558468,-,RCV001819332,MedGen:CN169374,not specified,germline,germline,GRCh37,NC_000011.9,11,17465910,17465910,na,na,11p15.1,"criteria provided, single submitter",1,-,N,ClinGen:CA218446304,2,1336846,17465910,G,C,-,-,-,-,-,-,SCV002069512,-,-
1327857,single nucleotide variant,NM_000352.6(ABCC8):c.1333-1051C>G,6833,ABCC8,HGNC:59,Likely benign,0,"Jul 08, 2021",142558468,-,RCV001819332,MedGen:CN169374,not specified,germline,germline,GRCh38,NC_000011.10,11,17444363,17444363,na,na,11p15.1,"criteria provided, single submitter",1,-,N,ClinGen:CA218446304,2,1336846,17444363,G,C,-,-,-,-,-,-,SCV002069512,-,-
1327948,Deletion,NM_000352.4(ABCC8):c.-107del,6833,ABCC8,HGNC:59,Uncertain significance,0,"Jan 03, 2020",1409923989,-,RCV001819424,MedGen:CN169374,not specified,germline,germline,GRCh37,NC_000011.9,11,17498430,17498430,na,na,11p15.1,"criteria provided, single submitter",1,-,N,ClinGen:CA597670841,2,1336938,17498429,GC,G,-,-,-,-,-,-,SCV002067662,-,-
1327948,Deletion,NM_000352.4(ABCC8):c.-107del,6833,ABCC8,HGNC:59,Uncertain significance,0,"Jan 03, 2020",1409923989,-,RCV001819424,MedGen:CN169374,not specified,germline,germline,GRCh38,NC_000011.10,11,17476883,17476883,na,na,11p15.1,"criteria provided, single submitter",1,-,N,ClinGen:CA597670841,2,1336938,17476882,GC,G,-,-,-,-,-,-,SCV002067662,-,-
1328088,single nucleotide variant,NM_000352.6(ABCC8):c.1596C>G (p.Ser532Arg),6833,ABCC8,HGNC:59,Uncertain significance,0,"Apr 03, 2019",761871453,-,RCV001819564,MedGen:CN169374,not specified,germline,germline,GRCh37,NC_000011.9,11,17464301,17464301,na,na,11p15.1,"criteria provided, single submitter",1,-,N,ClinGen:CA379766393,2,1337078,17464301,G,C,-,-,-,-,-,-,SCV002068708,-,-
1328088,single nucleotide variant,NM_000352.6(ABCC8):c.1596C>G (p.Ser532Arg),6833,ABCC8,HGNC:59,Uncertain significance,0,"Apr 03, 2019",761871453,-,RCV001819564,MedGen:CN169374,not specified,germline,germline,GRCh38,NC_000011.10,11,17442754,17442754,na,na,11p15.1,"criteria provided, single submitter",1,-,N,ClinGen:CA379766393,2,1337078,17442754,G,C,-,-,-,-,-,-,SCV002068708,-,-
1328161,single nucleotide variant,NM_000525.4(KCNJ11):c.-111C>T,3767,KCNJ11,HGNC:6257,Uncertain significance,0,"May 07, 2019",994122287,-,RCV001819637,MedGen:CN169374,not specified,germline,germline,GRCh37,NC_000011.9,11,17409749,17409749,na,na,11p15.1,"criteria provided, single submitter",1,-,N,ClinGen:CA218400499,2,1337151,17409749,G,A,-,-,-,-,-,-,SCV002070672,-,-
1328161,single nucleotide variant,NM_000525.4(KCNJ11):c.-111C>T,3767,KCNJ11,HGNC:6257,Uncertain significance,0,"May 07, 2019",994122287,-,RCV001819637,MedGen:CN169374,not specified,germline,germline,GRCh38,NC_000011.10,11,17388202,17388202,na,na,11p15.1,"criteria provided, single submitter",1,-,N,ClinGen:CA218400499,2,1337151,17388202,G,A,-,-,-,-,-,-,SCV002070672,-,-
1328214,single nucleotide variant,NM_000352.6(ABCC8):c.1973G>T (p.Gly658Val),6833,ABCC8,HGNC:59,Uncertain significance,0,"May 31, 2023",149400972,-,RCV001820219|RCV002478056|RCV002506852,"MedGen:CN169374|MONDO:MONDO:0030088,MedGen:C5394303,OMIM:618857;MONDO:MONDO:0009734,MedGen:C2931832,OMIM:256450,Orphanet:276575,Orphanet:276598;MONDO:MONDO:0009415,MedGen:C0271714,OMIM:240800;Human Phenotype Ontology:HP:0005965,Human Phenotype Ontology:HP:0005978,Human Phenotype Ontology:HP:0100652,MONDO:MONDO:0005148,MeSH:D003924,MedGen:C0011860,OMIM:125853;MONDO:MONDO:0012480,MedGen:C1835887,OMIM:610374,Orphanet:99886|MedGen:C3661900","not specified|Diabetes mellitus, permanent neonatal 3;Hyperinsulinemic hypoglycemia, familial, 1;Leucine-induced hypoglycemia;Type 2 diabetes mellitus;Diabetes mellitus, transient neonatal, 2|not provided",germline;unknown,germline,GRCh37,NC_000011.9,11,17449903,17449903,na,na,11p15.1,"criteria provided, multiple submitters, no conflicts",5,-,N,ClinGen:CA5903360,2,1337205,17449903,C,A,-,-,-,-,-,-,SCV002070792|SCV002792018|SCV002817254|SCV003482036|SCV003930963,-,-
1328214,single nucleotide variant,NM_000352.6(ABCC8):c.1973G>T (p.Gly658Val),6833,ABCC8,HGNC:59,Uncertain significance,0,"May 31, 2023",149400972,-,RCV001820219|RCV002478056|RCV002506852,"MedGen:CN169374|MONDO:MONDO:0030088,MedGen:C5394303,OMIM:618857;MONDO:MONDO:0009734,MedGen:C2931832,OMIM:256450,Orphanet:276575,Orphanet:276598;MONDO:MONDO:0009415,MedGen:C0271714,OMIM:240800;Human Phenotype Ontology:HP:0005965,Human Phenotype Ontology:HP:0005978,Human Phenotype Ontology:HP:0100652,MONDO:MONDO:0005148,MeSH:D003924,MedGen:C0011860,OMIM:125853;MONDO:MONDO:0012480,MedGen:C1835887,OMIM:610374,Orphanet:99886|MedGen:C3661900","not specified|Diabetes mellitus, permanent neonatal 3;Hyperinsulinemic hypoglycemia, familial, 1;Leucine-induced hypoglycemia;Type 2 diabetes mellitus;Diabetes mellitus, transient neonatal, 2|not provided",germline;unknown,germline,GRCh38,NC_000011.10,11,17428356,17428356,na,na,11p15.1,"criteria provided, multiple submitters, no conflicts",5,-,N,ClinGen:CA5903360,2,1337205,17428356,C,A,-,-,-,-,-,-,SCV002070792|SCV002792018|SCV002817254|SCV003482036|SCV003930963,-,-
1328306,single nucleotide variant,NM_000352.4(ABCC8):c.-516C>G,6833,ABCC8,HGNC:59,Uncertain significance,0,"Jul 16, 2019",1361833406,-,RCV001820311,MedGen:CN169374,not specified,germline,germline,GRCh37,NC_000011.9,11,17498839,17498839,na,na,11p15.1,"criteria provided, single submitter",1,-,N,ClinGen:CA1955161974,2,1337297,17498839,G,C,-,-,-,-,-,-,SCV002069533,-,-
1328306,single nucleotide variant,NM_000352.4(ABCC8):c.-516C>G,6833,ABCC8,HGNC:59,Uncertain significance,0,"Jul 16, 2019",1361833406,-,RCV001820311,MedGen:CN169374,not specified,germline,germline,GRCh38,NC_000011.10,11,17477292,17477292,na,na,11p15.1,"criteria provided, single submitter",1,-,N,ClinGen:CA1955161974,2,1337297,17477292,G,C,-,-,-,-,-,-,SCV002069533,-,-
1328463,single nucleotide variant,NM_000162.5(GCK):c.981C>G (p.Arg327=),2645,GCK,HGNC:4195,Uncertain significance,0,"Nov 25, 2019",766907428,-,RCV001820468,MedGen:CN169374,not specified,germline,germline,GRCh37,NC_000007.13,7,44186100,44186100,na,na,7p13,"criteria provided, single submitter",1,-,N,ClinGen:CA157914379,2,1337454,44186100,G,C,-,-,-,-,-,-,SCV002067836,-,-
1328463,single nucleotide variant,NM_000162.5(GCK):c.981C>G (p.Arg327=),2645,GCK,HGNC:4195,Uncertain significance,0,"Nov 25, 2019",766907428,-,RCV001820468,MedGen:CN169374,not specified,germline,germline,GRCh38,NC_000007.14,7,44146501,44146501,na,na,7p13,"criteria provided, single submitter",1,-,N,ClinGen:CA157914379,2,1337454,44146501,G,C,-,-,-,-,-,-,SCV002067836,-,-
1328511,single nucleotide variant,NM_000162.3(GCK):c.-534C>T,2645,GCK,HGNC:4195,Uncertain significance,0,"Jan 03, 2020",182891400,-,RCV001820516,MedGen:CN169374,not specified,germline,germline,GRCh37,NC_000007.13,7,44229086,44229086,na,na,7p13,"criteria provided, single submitter",1,-,N,ClinGen:CA157884841,2,1337502,44229086,G,A,-,-,-,-,-,-,SCV002070041,-,-
1328511,single nucleotide variant,NM_000162.3(GCK):c.-534C>T,2645,GCK,HGNC:4195,Uncertain significance,0,"Jan 03, 2020",182891400,-,RCV001820516,MedGen:CN169374,not specified,germline,germline,GRCh38,NC_000007.14,7,44189487,44189487,na,na,7p13,"criteria provided, single submitter",1,-,N,ClinGen:CA157884841,2,1337502,44189487,G,A,-,-,-,-,-,-,SCV002070041,-,-
1328551,single nucleotide variant,NM_000352.6(ABCC8):c.2798G>A (p.Arg933Gln),6833,ABCC8,HGNC:59,Uncertain significance,0,"Jan 15, 2026",745591375,-,RCV001820556|RCV002478058|RCV003107857,"MedGen:CN169374|MONDO:MONDO:0030088,MedGen:C5394303,OMIM:618857;MONDO:MONDO:0009734,MedGen:C2931832,OMIM:256450,Orphanet:276575,Orphanet:276598;MONDO:MONDO:0009415,MedGen:C0271714,OMIM:240800;Human Phenotype Ontology:HP:0005965,Human Phenotype Ontology:HP:0005978,Human Phenotype Ontology:HP:0100652,MONDO:MONDO:0005148,MeSH:D003924,MedGen:C0011860,OMIM:125853;MONDO:MONDO:0012480,MedGen:C1835887,OMIM:610374,Orphanet:99886|MedGen:C3661900","not specified|Diabetes mellitus, permanent neonatal 3;Hyperinsulinemic hypoglycemia, familial, 1;Leucine-induced hypoglycemia;Type 2 diabetes mellitus;Diabetes mellitus, transient neonatal, 2|not provided",germline;unknown,germline,GRCh37,NC_000011.9,11,17429961,17429961,na,na,11p15.1,"criteria provided, multiple submitters, no conflicts",3,-,N,ClinGen:CA5903026,2,1337542,17429961,C,T,-,-,-,-,-,-,SCV002070144|SCV002788299|SCV003783757,-,-
1328551,single nucleotide variant,NM_000352.6(ABCC8):c.2798G>A (p.Arg933Gln),6833,ABCC8,HGNC:59,Uncertain significance,0,"Jan 15, 2026",745591375,-,RCV001820556|RCV002478058|RCV003107857,"MedGen:CN169374|MONDO:MONDO:0030088,MedGen:C5394303,OMIM:618857;MONDO:MONDO:0009734,MedGen:C2931832,OMIM:256450,Orphanet:276575,Orphanet:276598;MONDO:MONDO:0009415,MedGen:C0271714,OMIM:240800;Human Phenotype Ontology:HP:0005965,Human Phenotype Ontology:HP:0005978,Human Phenotype Ontology:HP:0100652,MONDO:MONDO:0005148,MeSH:D003924,MedGen:C0011860,OMIM:125853;MONDO:MONDO:0012480,MedGen:C1835887,OMIM:610374,Orphanet:99886|MedGen:C3661900","not specified|Diabetes mellitus, permanent neonatal 3;Hyperinsulinemic hypoglycemia, familial, 1;Leucine-induced hypoglycemia;Type 2 diabetes mellitus;Diabetes mellitus, transient neonatal, 2|not provided",germline;unknown,germline,GRCh38,NC_000011.10,11,17408414,17408414,na,na,11p15.1,"criteria provided, multiple submitters, no conflicts",3,-,N,ClinGen:CA5903026,2,1337542,17408414,C,T,-,-,-,-,-,-,SCV002070144|SCV002788299|SCV003783757,-,-
1328570,Duplication,NM_000525.4(KCNJ11):c.-507dup,3767,KCNJ11,HGNC:6257,Uncertain significance,0,"Feb 26, 2020",35513985,-,RCV001820575,MedGen:CN169374,not specified,germline,germline,GRCh37,NC_000011.9,11,17410144,17410145,na,na,11p15.1,"criteria provided, single submitter",1,-,N,ClinGen:CA218400851,2,1337561,17410144,C,CA,-,-,-,-,-,-,SCV002070198,-,-
1328570,Duplication,NM_000525.4(KCNJ11):c.-507dup,3767,KCNJ11,HGNC:6257,Uncertain significance,0,"Feb 26, 2020",35513985,-,RCV001820575,MedGen:CN169374,not specified,germline,germline,GRCh38,NC_000011.10,11,17388597,17388598,na,na,11p15.1,"criteria provided, single submitter",1,-,N,ClinGen:CA218400851,2,1337561,17388597,C,CA,-,-,-,-,-,-,SCV002070198,-,-
1328575,Indel,NM_000525.3(KCNJ11):c.-606_-605delinsTT,3767,KCNJ11,HGNC:6257,Uncertain significance,0,"Feb 26, 2020",2133381941,-,RCV001820580,MedGen:CN169374,not specified,germline,germline,GRCh37,NC_000011.9,11,17410243,17410244,na,na,11p15.1,"criteria provided, single submitter",1,-,N,ClinGen:CA2573053459,2,1337566,17410243,CC,AA,-,-,-,-,-,-,SCV002070213,-,-
1328575,Indel,NM_000525.3(KCNJ11):c.-606_-605delinsTT,3767,KCNJ11,HGNC:6257,Uncertain significance,0,"Feb 26, 2020",2133381941,-,RCV001820580,MedGen:CN169374,not specified,germline,germline,GRCh38,NC_000011.10,11,17388696,17388697,na,na,11p15.1,"criteria provided, single submitter",1,-,N,ClinGen:CA2573053459,2,1337566,17388696,CC,AA,-,-,-,-,-,-,SCV002070213,-,-
1328595,single nucleotide variant,NM_000352.6(ABCC8):c.2825C>G (p.Thr942Ser),6833,ABCC8,HGNC:59,Uncertain significance,0,"Apr 10, 2020",1224638633,-,RCV001820600,MedGen:CN169374,not specified,germline,germline,GRCh37,NC_000011.9,11,17428996,17428996,na,na,11p15.1,"criteria provided, single submitter",1,-,N,ClinGen:CA379804796,2,1337586,17428996,G,C,-,-,-,-,-,-,SCV002067990,-,-
1328595,single nucleotide variant,NM_000352.6(ABCC8):c.2825C>G (p.Thr942Ser),6833,ABCC8,HGNC:59,Uncertain significance,0,"Apr 10, 2020",1224638633,-,RCV001820600,MedGen:CN169374,not specified,germline,germline,GRCh38,NC_000011.10,11,17407449,17407449,na,na,11p15.1,"criteria provided, single submitter",1,-,N,ClinGen:CA379804796,2,1337586,17407449,G,C,-,-,-,-,-,-,SCV002067990,-,-
1328701,single nucleotide variant,NM_000525.4(KCNJ11):c.1152C>T (p.Ile384=),3767,KCNJ11,HGNC:6257,Likely benign,0,"Mar 04, 2025",184094021,-,RCV001820706|RCV002074348|RCV005350648,"MedGen:CN169374|MedGen:C3661900|MeSH:D030342,MedGen:C0950123",not specified|not provided|Inborn genetic diseases,germline,germline,GRCh37,NC_000011.9,11,17408487,17408487,na,na,11p15.1,"criteria provided, multiple submitters, no conflicts",3,-,N,ClinGen:CA5902171,2,1337692,17408487,G,A,-,-,-,-,-,-,SCV002070330|SCV002391537|SCV006020458,-,-
1328701,single nucleotide variant,NM_000525.4(KCNJ11):c.1152C>T (p.Ile384=),3767,KCNJ11,HGNC:6257,Likely benign,0,"Mar 04, 2025",184094021,-,RCV001820706|RCV002074348|RCV005350648,"MedGen:CN169374|MedGen:C3661900|MeSH:D030342,MedGen:C0950123",not specified|not provided|Inborn genetic diseases,germline,germline,GRCh38,NC_000011.10,11,17386940,17386940,na,na,11p15.1,"criteria provided, multiple submitters, no conflicts",3,-,N,ClinGen:CA5902171,2,1337692,17386940,G,A,-,-,-,-,-,-,SCV002070330|SCV002391537|SCV006020458,-,-
1328735,single nucleotide variant,NM_000525.4(KCNJ11):c.805G>A (p.Asp269Asn),3767,KCNJ11,HGNC:6257,Uncertain significance,0,"Jul 24, 2025",756552714,-,RCV001820740|RCV006616587,MedGen:CN169374|MedGen:C3661900,not specified|not provided,germline,germline,GRCh37,NC_000011.9,11,17408834,17408834,na,na,11p15.1,"criteria provided, multiple submitters, no conflicts",2,-,N,ClinGen:CA5902244,2,1337726,17408834,C,T,-,-,-,-,-,-,SCV002064762|SCV007506149,-,-
1328735,single nucleotide variant,NM_000525.4(KCNJ11):c.805G>A (p.Asp269Asn),3767,KCNJ11,HGNC:6257,Uncertain significance,0,"Jul 24, 2025",756552714,-,RCV001820740|RCV006616587,MedGen:CN169374|MedGen:C3661900,not specified|not provided,germline,germline,GRCh38,NC_000011.10,11,17387287,17387287,na,na,11p15.1,"criteria provided, multiple submitters, no conflicts",2,-,N,ClinGen:CA5902244,2,1337726,17387287,C,T,-,-,-,-,-,-,SCV002064762|SCV007506149,-,-
1328804,single nucleotide variant,NM_000352.6(ABCC8):c.4267A>G (p.Ile1423Val),6833,ABCC8,HGNC:59,Uncertain significance,0,"Aug 11, 2021",748831440,-,RCV001822393|RCV002482366,"MedGen:CN169374|MONDO:MONDO:0030088,MedGen:C5394303,OMIM:618857;MONDO:MONDO:0009734,MedGen:C2931832,OMIM:256450,Orphanet:276575,Orphanet:276598;MONDO:MONDO:0009415,MedGen:C0271714,OMIM:240800;Human Phenotype Ontology:HP:0005965,Human Phenotype Ontology:HP:0005978,Human Phenotype Ontology:HP:0100652,MONDO:MONDO:0005148,MeSH:D003924,MedGen:C0011860,OMIM:125853;MONDO:MONDO:0012480,MedGen:C1835887,OMIM:610374,Orphanet:99886","not specified|Diabetes mellitus, permanent neonatal 3;Hyperinsulinemic hypoglycemia, familial, 1;Leucine-induced hypoglycemia;Type 2 diabetes mellitus;Diabetes mellitus, transient neonatal, 2",germline;unknown,germline,GRCh37,NC_000011.9,11,17417197,17417197,na,na,11p15.1,"criteria provided, multiple submitters, no conflicts",2,-,N,ClinGen:CA5902523,2,1337795,17417197,T,C,-,-,-,-,-,-,SCV002066741|SCV002782378,-,-
1328804,single nucleotide variant,NM_000352.6(ABCC8):c.4267A>G (p.Ile1423Val),6833,ABCC8,HGNC:59,Uncertain significance,0,"Aug 11, 2021",748831440,-,RCV001822393|RCV002482366,"MedGen:CN169374|MONDO:MONDO:0030088,MedGen:C5394303,OMIM:618857;MONDO:MONDO:0009734,MedGen:C2931832,OMIM:256450,Orphanet:276575,Orphanet:276598;MONDO:MONDO:0009415,MedGen:C0271714,OMIM:240800;Human Phenotype Ontology:HP:0005965,Human Phenotype Ontology:HP:0005978,Human Phenotype Ontology:HP:0100652,MONDO:MONDO:0005148,MeSH:D003924,MedGen:C0011860,OMIM:125853;MONDO:MONDO:0012480,MedGen:C1835887,OMIM:610374,Orphanet:99886","not specified|Diabetes mellitus, permanent neonatal 3;Hyperinsulinemic hypoglycemia, familial, 1;Leucine-induced hypoglycemia;Type 2 diabetes mellitus;Diabetes mellitus, transient neonatal, 2",germline;unknown,germline,GRCh38,NC_000011.10,11,17395650,17395650,na,na,11p15.1,"criteria provided, multiple submitters, no conflicts",2,-,N,ClinGen:CA5902523,2,1337795,17395650,T,C,-,-,-,-,-,-,SCV002066741|SCV002782378,-,-
1328852,single nucleotide variant,NM_000352.6(ABCC8):c.1722C>T (p.Ser574=),6833,ABCC8,HGNC:59,Likely benign,0,"Jan 28, 2026",1471889041,-,RCV001822441|RCV002077311,MedGen:CN169374|MedGen:C3661900,not specified|not provided,germline,germline,GRCh37,NC_000011.9,11,17452456,17452456,na,na,11p15.1,"criteria provided, multiple submitters, no conflicts",2,-,N,ClinGen:CA473302878,2,1337843,17452456,G,A,-,-,-,-,-,-,SCV002066874|SCV002398508,-,-
1328852,single nucleotide variant,NM_000352.6(ABCC8):c.1722C>T (p.Ser574=),6833,ABCC8,HGNC:59,Likely benign,0,"Jan 28, 2026",1471889041,-,RCV001822441|RCV002077311,MedGen:CN169374|MedGen:C3661900,not specified|not provided,germline,germline,GRCh38,NC_000011.10,11,17430909,17430909,na,na,11p15.1,"criteria provided, multiple submitters, no conflicts",2,-,N,ClinGen:CA473302878,2,1337843,17430909,G,A,-,-,-,-,-,-,SCV002066874|SCV002398508,-,-
1329071,single nucleotide variant,NM_000352.6(ABCC8):c.1332+9T>C,6833,ABCC8,HGNC:59,Conflicting classifications of pathogenicity,0,"Dec 22, 2025",775059899,-,RCV001822660|RCV002074363,MedGen:CN169374|MedGen:C3661900,not specified|not provided,germline,germline,GRCh37,NC_000011.9,11,17470054,17470054,na,na,11p15.1,"criteria provided, conflicting classifications",2,-,N,ClinGen:CA5903622,2,1338062,17470054,A,G,-,-,-,-,-,-,SCV002071840|SCV002374187,-,-
1329071,single nucleotide variant,NM_000352.6(ABCC8):c.1332+9T>C,6833,ABCC8,HGNC:59,Conflicting classifications of pathogenicity,0,"Dec 22, 2025",775059899,-,RCV001822660|RCV002074363,MedGen:CN169374|MedGen:C3661900,not specified|not provided,germline,germline,GRCh38,NC_000011.10,11,17448507,17448507,na,na,11p15.1,"criteria provided, conflicting classifications",2,-,N,ClinGen:CA5903622,2,1338062,17448507,A,G,-,-,-,-,-,-,SCV002071840|SCV002374187,-,-
1329091,single nucleotide variant,NM_000352.6(ABCC8):c.1942C>T (p.Arg648Cys),6833,ABCC8,HGNC:59,Uncertain significance,0,"Aug 02, 2024",373175144,-,RCV001822680|RCV002482369|RCV005095279,"MedGen:CN169374|MONDO:MONDO:0030088,MedGen:C5394303,OMIM:618857;MONDO:MONDO:0009734,MedGen:C2931832,OMIM:256450,Orphanet:276575,Orphanet:276598;MONDO:MONDO:0009415,MedGen:C0271714,OMIM:240800;Human Phenotype Ontology:HP:0005965,Human Phenotype Ontology:HP:0005978,Human Phenotype Ontology:HP:0100652,MONDO:MONDO:0005148,MeSH:D003924,MedGen:C0011860,OMIM:125853;MONDO:MONDO:0012480,MedGen:C1835887,OMIM:610374,Orphanet:99886|MedGen:C3661900","not specified|Diabetes mellitus, permanent neonatal 3;Hyperinsulinemic hypoglycemia, familial, 1;Leucine-induced hypoglycemia;Type 2 diabetes mellitus;Diabetes mellitus, transient neonatal, 2|not provided",germline,germline,GRCh37,NC_000011.9,11,17449934,17449934,na,na,11p15.1,"criteria provided, multiple submitters, no conflicts",4,-,N,ClinGen:CA5903371,2,1338082,17449934,G,A,-,-,-,-,-,-,SCV002071877|SCV002792926|SCV005381581|SCV005836422,-,-
1329091,single nucleotide variant,NM_000352.6(ABCC8):c.1942C>T (p.Arg648Cys),6833,ABCC8,HGNC:59,Uncertain significance,0,"Aug 02, 2024",373175144,-,RCV001822680|RCV002482369|RCV005095279,"MedGen:CN169374|MONDO:MONDO:0030088,MedGen:C5394303,OMIM:618857;MONDO:MONDO:0009734,MedGen:C2931832,OMIM:256450,Orphanet:276575,Orphanet:276598;MONDO:MONDO:0009415,MedGen:C0271714,OMIM:240800;Human Phenotype Ontology:HP:0005965,Human Phenotype Ontology:HP:0005978,Human Phenotype Ontology:HP:0100652,MONDO:MONDO:0005148,MeSH:D003924,MedGen:C0011860,OMIM:125853;MONDO:MONDO:0012480,MedGen:C1835887,OMIM:610374,Orphanet:99886|MedGen:C3661900","not specified|Diabetes mellitus, permanent neonatal 3;Hyperinsulinemic hypoglycemia, familial, 1;Leucine-induced hypoglycemia;Type 2 diabetes mellitus;Diabetes mellitus, transient neonatal, 2|not provided",germline,germline,GRCh38,NC_000011.10,11,17428387,17428387,na,na,11p15.1,"criteria provided, multiple submitters, no conflicts",4,-,N,ClinGen:CA5903371,2,1338082,17428387,G,A,-,-,-,-,-,-,SCV002071877|SCV002792926|SCV005381581|SCV005836422,-,-
1329224,single nucleotide variant,NM_000162.5(GCK):c.215G>A (p.Gly72Glu),2645,GCK,HGNC:4195,Conflicting classifications of pathogenicity,1,"Sep 29, 2024",2128822720,-,RCV001822813,MedGen:C3661900,not provided,germline,germline,GRCh37,NC_000007.13,7,44192018,44192018,na,na,7p13,"criteria provided, conflicting classifications",2,-,N,ClinGen:CA367403110,2,1338215,44192018,C,T,-,-,-,-,-,-,SCV002070519|SCV003483367,-,-
1329224,single nucleotide variant,NM_000162.5(GCK):c.215G>A (p.Gly72Glu),2645,GCK,HGNC:4195,Conflicting classifications of pathogenicity,1,"Sep 29, 2024",2128822720,-,RCV001822813,MedGen:C3661900,not provided,germline,germline,GRCh38,NC_000007.14,7,44152419,44152419,na,na,7p13,"criteria provided, conflicting classifications",2,-,N,ClinGen:CA367403110,2,1338215,44152419,C,T,-,-,-,-,-,-,SCV002070519|SCV003483367,-,-
1329248,single nucleotide variant,NM_000352.6(ABCC8):c.362T>C (p.Val121Ala),6833,ABCC8,HGNC:59,Uncertain significance,0,"Aug 04, 2017",2133711122,-,RCV001822837,MedGen:CN169374,not specified,germline,germline,GRCh37,NC_000011.9,11,17491698,17491698,na,na,11p15.1,"criteria provided, single submitter",1,-,N,ClinGen:CA379784144,2,1338239,17491698,A,G,-,-,-,-,-,-,SCV002072101,-,-
1329248,single nucleotide variant,NM_000352.6(ABCC8):c.362T>C (p.Val121Ala),6833,ABCC8,HGNC:59,Uncertain significance,0,"Aug 04, 2017",2133711122,-,RCV001822837,MedGen:CN169374,not specified,germline,germline,GRCh38,NC_000011.10,11,17470151,17470151,na,na,11p15.1,"criteria provided, single submitter",1,-,N,ClinGen:CA379784144,2,1338239,17470151,A,G,-,-,-,-,-,-,SCV002072101,-,-
1329249,single nucleotide variant,NM_000525.4(KCNJ11):c.1106G>T (p.Arg369Leu),3767,KCNJ11,HGNC:6257,Uncertain significance,0,"Dec 15, 2021",114613745,-,RCV001822838|RCV002478061,"MedGen:CN169374|MONDO:MONDO:0030087,MedGen:C5394296,OMIM:618856;MONDO:MONDO:0011153,MedGen:C2931833,OMIM:601820,Orphanet:276580,Orphanet:276603;Human Phenotype Ontology:HP:0005965,Human Phenotype Ontology:HP:0005978,Human Phenotype Ontology:HP:0100652,MONDO:MONDO:0005148,MeSH:D003924,MedGen:C0011860,OMIM:125853;MONDO:MONDO:0014589,MedGen:C4225365,OMIM:616329,Orphanet:552;MONDO:MONDO:0012522,MedGen:C1864623,OMIM:610582,Orphanet:99886","not specified|Diabetes mellitus, permanent neonatal 2;Hyperinsulinemic hypoglycemia, familial, 2;Type 2 diabetes mellitus;Maturity-onset diabetes of the young type 13;Diabetes mellitus, transient neonatal, 3",germline;unknown,germline,GRCh37,NC_000011.9,11,17408533,17408533,na,na,11p15.1,"criteria provided, multiple submitters, no conflicts",2,-,N,ClinGen:CA379769244,2,1338240,17408533,C,A,-,-,-,-,-,-,SCV002072106|SCV002778899,-,-
1329249,single nucleotide variant,NM_000525.4(KCNJ11):c.1106G>T (p.Arg369Leu),3767,KCNJ11,HGNC:6257,Uncertain significance,0,"Dec 15, 2021",114613745,-,RCV001822838|RCV002478061,"MedGen:CN169374|MONDO:MONDO:0030087,MedGen:C5394296,OMIM:618856;MONDO:MONDO:0011153,MedGen:C2931833,OMIM:601820,Orphanet:276580,Orphanet:276603;Human Phenotype Ontology:HP:0005965,Human Phenotype Ontology:HP:0005978,Human Phenotype Ontology:HP:0100652,MONDO:MONDO:0005148,MeSH:D003924,MedGen:C0011860,OMIM:125853;MONDO:MONDO:0014589,MedGen:C4225365,OMIM:616329,Orphanet:552;MONDO:MONDO:0012522,MedGen:C1864623,OMIM:610582,Orphanet:99886","not specified|Diabetes mellitus, permanent neonatal 2;Hyperinsulinemic hypoglycemia, familial, 2;Type 2 diabetes mellitus;Maturity-onset diabetes of the young type 13;Diabetes mellitus, transient neonatal, 3",germline;unknown,germline,GRCh38,NC_000011.10,11,17386986,17386986,na,na,11p15.1,"criteria provided, multiple submitters, no conflicts",2,-,N,ClinGen:CA379769244,2,1338240,17386986,C,A,-,-,-,-,-,-,SCV002072106|SCV002778899,-,-
1329254,single nucleotide variant,NM_000162.5(GCK):c.511T>G (p.Phe171Val),2645,GCK,HGNC:4195,Likely pathogenic,1,"Jul 07, 2017",2128821636,-,RCV001822844,MedGen:C3661900,not provided,germline,germline,GRCh37,NC_000007.13,7,44189636,44189636,na,na,7p13,"criteria provided, single submitter",1,-,N,ClinGen:CA367401725,2,1338246,44189636,A,C,-,-,-,-,-,-,SCV002072117,-,-
1329254,single nucleotide variant,NM_000162.5(GCK):c.511T>G (p.Phe171Val),2645,GCK,HGNC:4195,Likely pathogenic,1,"Jul 07, 2017",2128821636,-,RCV001822844,MedGen:C3661900,not provided,germline,germline,GRCh38,NC_000007.14,7,44150037,44150037,na,na,7p13,"criteria provided, single submitter",1,-,N,ClinGen:CA367401725,2,1338246,44150037,A,C,-,-,-,-,-,-,SCV002072117,-,-
1329255,Duplication,NM_000162.5(GCK):c.1020-19_1020-5dup,2645,GCK,HGNC:4195,Likely benign,0,"Jul 07, 2017",760999682,-,RCV001822845,MedGen:CN169374,not specified,germline,germline,GRCh37,NC_000007.13,7,44185333,44185334,na,na,7p13,"criteria provided, single submitter",1,-,N,ClinGen:CA4239442,2,1338247,44185333,C,CGGGGCGGGAGGAGGT,-,-,-,-,-,-,SCV002072118,-,-
1329255,Duplication,NM_000162.5(GCK):c.1020-19_1020-5dup,2645,GCK,HGNC:4195,Likely benign,0,"Jul 07, 2017",760999682,-,RCV001822845,MedGen:CN169374,not specified,germline,germline,GRCh38,NC_000007.14,7,44145734,44145735,na,na,7p13,"criteria provided, single submitter",1,-,N,ClinGen:CA4239442,2,1338247,44145734,C,CGGGGCGGGAGGAGGT,-,-,-,-,-,-,SCV002072118,-,-
1329257,single nucleotide variant,NM_000352.6(ABCC8):c.4147G>A (p.Gly1383Arg),6833,ABCC8,HGNC:59,Likely pathogenic,1,"Aug 16, 2023",748233295,-,RCV001822847|RCV003321873,"MedGen:C3661900|MONDO:MONDO:0009734,MedGen:C2931832,OMIM:256450,Orphanet:276575,Orphanet:276598","not provided|Hyperinsulinemic hypoglycemia, familial, 1",germline,germline,GRCh37,NC_000011.9,11,17417450,17417450,na,na,11p15.1,"criteria provided, multiple submitters, no conflicts",2,-,N,ClinGen:CA5902549,2,1338249,17417450,C,T,-,-,-,-,-,-,SCV002072121|SCV004026511,-,-
1329257,single nucleotide variant,NM_000352.6(ABCC8):c.4147G>A (p.Gly1383Arg),6833,ABCC8,HGNC:59,Likely pathogenic,1,"Aug 16, 2023",748233295,-,RCV001822847|RCV003321873,"MedGen:C3661900|MONDO:MONDO:0009734,MedGen:C2931832,OMIM:256450,Orphanet:276575,Orphanet:276598","not provided|Hyperinsulinemic hypoglycemia, familial, 1",germline,germline,GRCh38,NC_000011.10,11,17395903,17395903,na,na,11p15.1,"criteria provided, multiple submitters, no conflicts",2,-,N,ClinGen:CA5902549,2,1338249,17395903,C,T,-,-,-,-,-,-,SCV002072121|SCV004026511,-,-
1329269,single nucleotide variant,NM_000352.6(ABCC8):c.4132G>A (p.Gly1378Ser),6833,ABCC8,HGNC:59,Pathogenic/Likely pathogenic,1,"Oct 14, 2023",925231098,-,RCV001817632,MedGen:C3661900,not provided,germline,germline,GRCh37,NC_000011.9,11,17417465,17417465,na,na,11p15.1,"criteria provided, multiple submitters, no conflicts",3,-,N,ClinGen:CA218408260,2,1338261,17417465,C,T,-,-,-,-,-,-,SCV002072138|SCV002134437|SCV004021319,-,-
1329269,single nucleotide variant,NM_000352.6(ABCC8):c.4132G>A (p.Gly1378Ser),6833,ABCC8,HGNC:59,Pathogenic/Likely pathogenic,1,"Oct 14, 2023",925231098,-,RCV001817632,MedGen:C3661900,not provided,germline,germline,GRCh38,NC_000011.10,11,17395918,17395918,na,na,11p15.1,"criteria provided, multiple submitters, no conflicts",3,-,N,ClinGen:CA218408260,2,1338261,17395918,C,T,-,-,-,-,-,-,SCV002072138|SCV002134437|SCV004021319,-,-
1329274,single nucleotide variant,NM_000352.6(ABCC8):c.1183A>T (p.Ile395Phe),6833,ABCC8,HGNC:59,Conflicting classifications of pathogenicity,1,"Jun 17, 2025",542947894,-,RCV001817637|RCV002545178|RCV005050414|RCV005432801,"MedGen:CN169374|MedGen:C3661900|MONDO:MONDO:0030088,MedGen:C5394303,OMIM:618857;MONDO:MONDO:0009734,MedGen:C2931832,OMIM:256450,Orphanet:276575,Orphanet:276598;MONDO:MONDO:0009415,MedGen:C0271714,OMIM:240800;Human Phenotype Ontology:HP:0005965,Human Phenotype Ontology:HP:0005978,Human Phenotype Ontology:HP:0100652,MONDO:MONDO:0005148,MeSH:D003924,MedGen:C0011860,OMIM:125853;MONDO:MONDO:0012480,MedGen:C1835887,OMIM:610374,Orphanet:99886|MONDO:MONDO:0100164,MedGen:C1833104,OMIM:PS606176,Orphanet:99885","not specified|not provided|Diabetes mellitus, permanent neonatal 3;Hyperinsulinemic hypoglycemia, familial, 1;Leucine-induced hypoglycemia;Type 2 diabetes mellitus;Diabetes mellitus, transient neonatal, 2|Permanent neonatal diabetes mellitus",germline,germline,GRCh37,NC_000011.9,11,17470212,17470212,na,na,11p15.1,"criteria provided, conflicting classifications",4,-,N,ClinGen:CA5903647,2,1338266,17470212,T,A,-,-,-,-,-,-,SCV002072152|SCV003439583|SCV003934475|SCV005676419,-,-
1329274,single nucleotide variant,NM_000352.6(ABCC8):c.1183A>T (p.Ile395Phe),6833,ABCC8,HGNC:59,Conflicting classifications of pathogenicity,1,"Jun 17, 2025",542947894,-,RCV001817637|RCV002545178|RCV005050414|RCV005432801,"MedGen:CN169374|MedGen:C3661900|MONDO:MONDO:0030088,MedGen:C5394303,OMIM:618857;MONDO:MONDO:0009734,MedGen:C2931832,OMIM:256450,Orphanet:276575,Orphanet:276598;MONDO:MONDO:0009415,MedGen:C0271714,OMIM:240800;Human Phenotype Ontology:HP:0005965,Human Phenotype Ontology:HP:0005978,Human Phenotype Ontology:HP:0100652,MONDO:MONDO:0005148,MeSH:D003924,MedGen:C0011860,OMIM:125853;MONDO:MONDO:0012480,MedGen:C1835887,OMIM:610374,Orphanet:99886|MONDO:MONDO:0100164,MedGen:C1833104,OMIM:PS606176,Orphanet:99885","not specified|not provided|Diabetes mellitus, permanent neonatal 3;Hyperinsulinemic hypoglycemia, familial, 1;Leucine-induced hypoglycemia;Type 2 diabetes mellitus;Diabetes mellitus, transient neonatal, 2|Permanent neonatal diabetes mellitus",germline,germline,GRCh38,NC_000011.10,11,17448665,17448665,na,na,11p15.1,"criteria provided, conflicting classifications",4,-,N,ClinGen:CA5903647,2,1338266,17448665,T,A,-,-,-,-,-,-,SCV002072152|SCV003439583|SCV003934475|SCV005676419,-,-
1329295,single nucleotide variant,NM_000162.5(GCK):c.356C>A (p.Ala119Asp),2645,GCK,HGNC:4195,Likely pathogenic,1,"Aug 09, 2018",1176659689,-,RCV001817658,MedGen:C3661900,not provided,germline,germline,GRCh37,NC_000007.13,7,44191877,44191877,na,na,7p13,"criteria provided, single submitter",1,-,N,ClinGen:CA367402566,2,1338287,44191877,G,T,-,-,-,-,-,-,SCV002072190,-,-
1329295,single nucleotide variant,NM_000162.5(GCK):c.356C>A (p.Ala119Asp),2645,GCK,HGNC:4195,Likely pathogenic,1,"Aug 09, 2018",1176659689,-,RCV001817658,MedGen:C3661900,not provided,germline,germline,GRCh38,NC_000007.14,7,44152278,44152278,na,na,7p13,"criteria provided, single submitter",1,-,N,ClinGen:CA367402566,2,1338287,44152278,G,T,-,-,-,-,-,-,SCV002072190,-,-
1329350,single nucleotide variant,NM_000352.6(ABCC8):c.970G>A (p.Val324Met),6833,ABCC8,HGNC:59,Conflicting classifications of pathogenicity,1,"Nov 05, 2021",1328072266,-,RCV001817713|RCV004040998|RCV005606973,"MedGen:C3661900|MeSH:D030342,MedGen:C0950123|",not provided|Inborn genetic diseases|Hereditary hyperinsulinism,germline,germline,GRCh37,NC_000011.9,11,17482076,17482076,na,na,11p15.1,"criteria provided, conflicting classifications",4,-,N,ClinGen:CA379776234,2,1338342,17482076,C,T,-,-,-,-,-,-,SCV002069032|SCV002235563|SCV004909295,-,-
1329350,single nucleotide variant,NM_000352.6(ABCC8):c.970G>A (p.Val324Met),6833,ABCC8,HGNC:59,Conflicting classifications of pathogenicity,1,"Nov 05, 2021",1328072266,-,RCV001817713|RCV004040998|RCV005606973,"MedGen:C3661900|MeSH:D030342,MedGen:C0950123|",not provided|Inborn genetic diseases|Hereditary hyperinsulinism,germline,germline,GRCh38,NC_000011.10,11,17460529,17460529,na,na,11p15.1,"criteria provided, conflicting classifications",4,-,N,ClinGen:CA379776234,2,1338342,17460529,C,T,-,-,-,-,-,-,SCV002069032|SCV002235563|SCV004909295,-,-
1329362,single nucleotide variant,NM_000525.4(KCNJ11):c.944T>C (p.Phe315Ser),3767,KCNJ11,HGNC:6257,Likely pathogenic,1,"Dec 06, 2017",2133379125,-,RCV001817725,MedGen:C3661900,not provided,germline,germline,GRCh37,NC_000011.9,11,17408695,17408695,na,na,11p15.1,"criteria provided, single submitter",1,-,N,ClinGen:CA379769709,2,1338354,17408695,A,G,-,-,-,-,-,-,SCV002069064,-,-
1329362,single nucleotide variant,NM_000525.4(KCNJ11):c.944T>C (p.Phe315Ser),3767,KCNJ11,HGNC:6257,Likely pathogenic,1,"Dec 06, 2017",2133379125,-,RCV001817725,MedGen:C3661900,not provided,germline,germline,GRCh38,NC_000011.10,11,17387148,17387148,na,na,11p15.1,"criteria provided, single submitter",1,-,N,ClinGen:CA379769709,2,1338354,17387148,A,G,-,-,-,-,-,-,SCV002069064,-,-
1329367,single nucleotide variant,NM_000352.6(ABCC8):c.1773C>G (p.Phe591Leu),6833,ABCC8,HGNC:59,Conflicting classifications of pathogenicity,1,"Sep 11, 2024",72559726,-,RCV001817730,MedGen:C3661900,not provided,germline,germline,GRCh37,NC_000011.9,11,17452405,17452405,na,na,11p15.1,"criteria provided, conflicting classifications",2,-,N,ClinGen:CA218442693,2,1338359,17452405,G,C,-,-,-,-,-,-,SCV002069074|SCV005835832,-,-
1329367,single nucleotide variant,NM_000352.6(ABCC8):c.1773C>G (p.Phe591Leu),6833,ABCC8,HGNC:59,Conflicting classifications of pathogenicity,1,"Sep 11, 2024",72559726,-,RCV001817730,MedGen:C3661900,not provided,germline,germline,GRCh38,NC_000011.10,11,17430858,17430858,na,na,11p15.1,"criteria provided, conflicting classifications",2,-,N,ClinGen:CA218442693,2,1338359,17430858,G,C,-,-,-,-,-,-,SCV002069074|SCV005835832,-,-
1329372,single nucleotide variant,NM_000525.4(KCNJ11):c.248G>C (p.Trp83Ser),3767,KCNJ11,HGNC:6257,Uncertain significance,0,"Jan 25, 2018",2133380675,-,RCV001817735,MedGen:CN169374,not specified,germline,germline,GRCh37,NC_000011.9,11,17409391,17409391,na,na,11p15.1,"criteria provided, single submitter",1,-,N,ClinGen:CA379775108,2,1338364,17409391,C,G,-,-,-,-,-,-,SCV002069086,-,-
1329372,single nucleotide variant,NM_000525.4(KCNJ11):c.248G>C (p.Trp83Ser),3767,KCNJ11,HGNC:6257,Uncertain significance,0,"Jan 25, 2018",2133380675,-,RCV001817735,MedGen:CN169374,not specified,germline,germline,GRCh38,NC_000011.10,11,17387844,17387844,na,na,11p15.1,"criteria provided, single submitter",1,-,N,ClinGen:CA379775108,2,1338364,17387844,C,G,-,-,-,-,-,-,SCV002069086,-,-
1329417,single nucleotide variant,NM_000162.5(GCK):c.423C>A (p.His141Gln),2645,GCK,HGNC:4195,Uncertain significance,0,"May 18, 2018",1299283674,-,RCV001817780,MedGen:CN169374,not specified,germline,germline,GRCh37,NC_000007.13,7,44190615,44190615,na,na,7p13,"criteria provided, single submitter",1,-,N,ClinGen:CA367402025,2,1338409,44190615,G,T,-,-,-,-,-,-,SCV002069187,-,-
1329417,single nucleotide variant,NM_000162.5(GCK):c.423C>A (p.His141Gln),2645,GCK,HGNC:4195,Uncertain significance,0,"May 18, 2018",1299283674,-,RCV001817780,MedGen:CN169374,not specified,germline,germline,GRCh38,NC_000007.14,7,44151016,44151016,na,na,7p13,"criteria provided, single submitter",1,-,N,ClinGen:CA367402025,2,1338409,44151016,G,T,-,-,-,-,-,-,SCV002069187,-,-
1329435,Deletion,NM_000352.3:c.85_1011+8del,6833,ABCC8,HGNC:59,Pathogenic,1,"Jul 27, 2018",-1,-,RCV001817798,MedGen:C3661900,not provided,germline,germline,na,na,na,-1,-1,na,na,-,"criteria provided, single submitter",1,-,N,-,2,1338427,-1,na,na,-,-,-,-,-,-,SCV002069225,-,-
1329438,single nucleotide variant,NM_000162.5(GCK):c.422A>C (p.His141Pro),2645,GCK,HGNC:4195,Uncertain significance,0,"Aug 22, 2018",2128822078,-,RCV001817801,MedGen:CN169374,not specified,germline,germline,GRCh37,NC_000007.13,7,44190616,44190616,na,na,7p13,"criteria provided, single submitter",1,-,N,ClinGen:CA367402030,2,1338430,44190616,T,G,-,-,-,-,-,-,SCV002069231,-,-
1329438,single nucleotide variant,NM_000162.5(GCK):c.422A>C (p.His141Pro),2645,GCK,HGNC:4195,Uncertain significance,0,"Aug 22, 2018",2128822078,-,RCV001817801,MedGen:CN169374,not specified,germline,germline,GRCh38,NC_000007.14,7,44151017,44151017,na,na,7p13,"criteria provided, single submitter",1,-,N,ClinGen:CA367402030,2,1338430,44151017,T,G,-,-,-,-,-,-,SCV002069231,-,-
1329439,single nucleotide variant,NM_000352.6(ABCC8):c.3290A>C (p.His1097Pro),6833,ABCC8,HGNC:59,Conflicting classifications of pathogenicity,1,"May 20, 2025",1352191146,-,RCV001817802|RCV003321874|RCV004526149|RCV005520569,"MedGen:C3661900|MONDO:MONDO:0009734,MedGen:C2931832,OMIM:256450,Orphanet:276575,Orphanet:276598|MedGen:CN169374|MeSH:D030342,MedGen:C0950123","not provided|Hyperinsulinemic hypoglycemia, familial, 1|not specified|Inborn genetic diseases",germline,germline,GRCh37,NC_000011.9,11,17428208,17428208,na,na,11p15.1,"criteria provided, conflicting classifications",5,-,N,ClinGen:CA379801444,2,1338431,17428208,T,G,-,-,-,-,-,-,SCV002069232|SCV002112589|SCV004026597|SCV005040073|SCV006195504,-,-
1329439,single nucleotide variant,NM_000352.6(ABCC8):c.3290A>C (p.His1097Pro),6833,ABCC8,HGNC:59,Conflicting classifications of pathogenicity,1,"May 20, 2025",1352191146,-,RCV001817802|RCV003321874|RCV004526149|RCV005520569,"MedGen:C3661900|MONDO:MONDO:0009734,MedGen:C2931832,OMIM:256450,Orphanet:276575,Orphanet:276598|MedGen:CN169374|MeSH:D030342,MedGen:C0950123","not provided|Hyperinsulinemic hypoglycemia, familial, 1|not specified|Inborn genetic diseases",germline,germline,GRCh38,NC_000011.10,11,17406661,17406661,na,na,11p15.1,"criteria provided, conflicting classifications",5,-,N,ClinGen:CA379801444,2,1338431,17406661,T,G,-,-,-,-,-,-,SCV002069232|SCV002112589|SCV004026597|SCV005040073|SCV006195504,-,-
1329440,single nucleotide variant,NM_000352.6(ABCC8):c.313C>T (p.His105Tyr),6833,ABCC8,HGNC:59,Conflicting classifications of pathogenicity,1,"May 30, 2025",766068851,-,RCV001817803|RCV005361746|RCV005040401|RCV005863490,"MedGen:C3661900|Human Phenotype Ontology:HP:0002092,Human Phenotype Ontology:HP:0006546,MONDO:MONDO:0015924,MeSH:D000081029,MedGen:C2973725,Orphanet:182090|MONDO:MONDO:0030088,MedGen:C5394303,OMIM:618857;MONDO:MONDO:0009734,MedGen:C2931832,OMIM:256450,Orphanet:276575,Orphanet:276598;MONDO:MONDO:0009415,MedGen:C0271714,OMIM:240800;Human Phenotype Ontology:HP:0005965,Human Phenotype Ontology:HP:0005978,Human Phenotype Ontology:HP:0100652,MONDO:MONDO:0005148,MeSH:D003924,MedGen:C0011860,OMIM:125853;MONDO:MONDO:0012480,MedGen:C1835887,OMIM:610374,Orphanet:99886|MONDO:MONDO:0030088,MedGen:C5394303,OMIM:618857;Human Phenotype Ontology:HP:0005965,Human Phenotype Ontology:HP:0005978,Human Phenotype Ontology:HP:0100652,MONDO:MONDO:0005148,MeSH:D003924,MedGen:C0011860,OMIM:125853;MONDO:MONDO:0012480,MedGen:C1835887,OMIM:610374,Orphanet:99886","not provided|Pulmonary arterial hypertension|Diabetes mellitus, permanent neonatal 3;Hyperinsulinemic hypoglycemia, familial, 1;Leucine-induced hypoglycemia;Type 2 diabetes mellitus;Diabetes mellitus, transient neonatal, 2|Diabetes mellitus, permanent neonatal 3;Type 2 diabetes mellitus;Diabetes mellitus, transient neonatal, 2",germline,germline,GRCh37,NC_000011.9,11,17491747,17491747,na,na,11p15.1,"criteria provided, conflicting classifications",7,-,N,ClinGen:CA5903909,2,1338432,17491747,G,A,-,-,-,-,-,-,SCV002069233|SCV002757692|SCV003824358|SCV005676114|SCV005815988|SCV005914842|SCV006555795,-,-
1329440,single nucleotide variant,NM_000352.6(ABCC8):c.313C>T (p.His105Tyr),6833,ABCC8,HGNC:59,Conflicting classifications of pathogenicity,1,"May 30, 2025",766068851,-,RCV001817803|RCV005361746|RCV005040401|RCV005863490,"MedGen:C3661900|Human Phenotype Ontology:HP:0002092,Human Phenotype Ontology:HP:0006546,MONDO:MONDO:0015924,MeSH:D000081029,MedGen:C2973725,Orphanet:182090|MONDO:MONDO:0030088,MedGen:C5394303,OMIM:618857;MONDO:MONDO:0009734,MedGen:C2931832,OMIM:256450,Orphanet:276575,Orphanet:276598;MONDO:MONDO:0009415,MedGen:C0271714,OMIM:240800;Human Phenotype Ontology:HP:0005965,Human Phenotype Ontology:HP:0005978,Human Phenotype Ontology:HP:0100652,MONDO:MONDO:0005148,MeSH:D003924,MedGen:C0011860,OMIM:125853;MONDO:MONDO:0012480,MedGen:C1835887,OMIM:610374,Orphanet:99886|MONDO:MONDO:0030088,MedGen:C5394303,OMIM:618857;Human Phenotype Ontology:HP:0005965,Human Phenotype Ontology:HP:0005978,Human Phenotype Ontology:HP:0100652,MONDO:MONDO:0005148,MeSH:D003924,MedGen:C0011860,OMIM:125853;MONDO:MONDO:0012480,MedGen:C1835887,OMIM:610374,Orphanet:99886","not provided|Pulmonary arterial hypertension|Diabetes mellitus, permanent neonatal 3;Hyperinsulinemic hypoglycemia, familial, 1;Leucine-induced hypoglycemia;Type 2 diabetes mellitus;Diabetes mellitus, transient neonatal, 2|Diabetes mellitus, permanent neonatal 3;Type 2 diabetes mellitus;Diabetes mellitus, transient neonatal, 2",germline,germline,GRCh38,NC_000011.10,11,17470200,17470200,na,na,11p15.1,"criteria provided, conflicting classifications",7,-,N,ClinGen:CA5903909,2,1338432,17470200,G,A,-,-,-,-,-,-,SCV002069233|SCV002757692|SCV003824358|SCV005676114|SCV005815988|SCV005914842|SCV006555795,-,-
1329462,single nucleotide variant,NM_000352.6(ABCC8):c.4252C>T (p.Arg1418Cys),6833,ABCC8,HGNC:59,Pathogenic/Likely pathogenic,1,"Jun 17, 2025",1468762603,-,RCV001817825|RCV005432802,"MedGen:C3661900|MONDO:MONDO:0017182,MedGen:C3888018,Orphanet:276525",not provided|Familial hyperinsulinism,germline,germline,GRCh37,NC_000011.9,11,17417212,17417212,na,na,11p15.1,"criteria provided, multiple submitters, no conflicts",3,-,N,ClinGen:CA379786713,2,1338454,17417212,G,A,-,-,-,-,-,-,SCV002069274|SCV003844762|SCV004295374,-,-
1329462,single nucleotide variant,NM_000352.6(ABCC8):c.4252C>T (p.Arg1418Cys),6833,ABCC8,HGNC:59,Pathogenic/Likely pathogenic,1,"Jun 17, 2025",1468762603,-,RCV001817825|RCV005432802,"MedGen:C3661900|MONDO:MONDO:0017182,MedGen:C3888018,Orphanet:276525",not provided|Familial hyperinsulinism,germline,germline,GRCh38,NC_000011.10,11,17395665,17395665,na,na,11p15.1,"criteria provided, multiple submitters, no conflicts",3,-,N,ClinGen:CA379786713,2,1338454,17395665,G,A,-,-,-,-,-,-,SCV002069274|SCV003844762|SCV004295374,-,-
1329473,single nucleotide variant,NM_000525.4(KCNJ11):c.992C>G (p.Ser331Cys),3767,KCNJ11,HGNC:6257,Uncertain significance,0,"Dec 02, 2022",763728797,-,RCV001817836|RCV002051953|RCV002542704,"MedGen:CN169374|MONDO:MONDO:0014589,MedGen:C4225365,OMIM:616329,Orphanet:552|MedGen:C3661900",not specified|Maturity-onset diabetes of the young type 13|not provided,germline,germline,GRCh37,NC_000011.9,11,17408647,17408647,na,na,11p15.1,"criteria provided, multiple submitters, no conflicts",3,-,N,ClinGen:CA5902204,2,1338465,17408647,G,C,-,-,-,-,-,-,SCV002069299|SCV002318465|SCV003023073,-,-
1329473,single nucleotide variant,NM_000525.4(KCNJ11):c.992C>G (p.Ser331Cys),3767,KCNJ11,HGNC:6257,Uncertain significance,0,"Dec 02, 2022",763728797,-,RCV001817836|RCV002051953|RCV002542704,"MedGen:CN169374|MONDO:MONDO:0014589,MedGen:C4225365,OMIM:616329,Orphanet:552|MedGen:C3661900",not specified|Maturity-onset diabetes of the young type 13|not provided,germline,germline,GRCh38,NC_000011.10,11,17387100,17387100,na,na,11p15.1,"criteria provided, multiple submitters, no conflicts",3,-,N,ClinGen:CA5902204,2,1338465,17387100,G,C,-,-,-,-,-,-,SCV002069299|SCV002318465|SCV003023073,-,-
1329474,single nucleotide variant,NM_000525.4(KCNJ11):c.556C>G (p.His186Asp),3767,KCNJ11,HGNC:6257,Pathogenic/Likely pathogenic,1,"Jul 18, 2025",2133380076,-,RCV001817837|RCV005922713,"MedGen:C3661900|MONDO:MONDO:0100164,MedGen:C1833104,OMIM:PS606176,Orphanet:99885",not provided|Permanent neonatal diabetes mellitus,germline,germline,GRCh37,NC_000011.9,11,17409083,17409083,na,na,11p15.1,"criteria provided, multiple submitters, no conflicts",3,-,N,ClinGen:CA379772714,2,1338466,17409083,G,C,-,-,-,-,-,-,SCV002069303|SCV002292066|SCV007094395,-,-
1329474,single nucleotide variant,NM_000525.4(KCNJ11):c.556C>G (p.His186Asp),3767,KCNJ11,HGNC:6257,Pathogenic/Likely pathogenic,1,"Jul 18, 2025",2133380076,-,RCV001817837|RCV005922713,"MedGen:C3661900|MONDO:MONDO:0100164,MedGen:C1833104,OMIM:PS606176,Orphanet:99885",not provided|Permanent neonatal diabetes mellitus,germline,germline,GRCh38,NC_000011.10,11,17387536,17387536,na,na,11p15.1,"criteria provided, multiple submitters, no conflicts",3,-,N,ClinGen:CA379772714,2,1338466,17387536,G,C,-,-,-,-,-,-,SCV002069303|SCV002292066|SCV007094395,-,-
1329480,single nucleotide variant,NM_000352.6(ABCC8):c.2473C>T (p.Arg825Trp),6833,ABCC8,HGNC:59,Pathogenic,1,"Apr 17, 2025",779736828,-,RCV001817843|RCV004690140|RCV005040402,"MedGen:C3661900|MONDO:MONDO:0100164,MedGen:C1833104,OMIM:PS606176,Orphanet:99885|MONDO:MONDO:0030088,MedGen:C5394303,OMIM:618857;MONDO:MONDO:0009734,MedGen:C2931832,OMIM:256450,Orphanet:276575,Orphanet:276598;MONDO:MONDO:0009415,MedGen:C0271714,OMIM:240800;Human Phenotype Ontology:HP:0005965,Human Phenotype Ontology:HP:0005978,Human Phenotype Ontology:HP:0100652,MONDO:MONDO:0005148,MeSH:D003924,MedGen:C0011860,OMIM:125853;MONDO:MONDO:0012480,MedGen:C1835887,OMIM:610374,Orphanet:99886","not provided|Permanent neonatal diabetes mellitus|Diabetes mellitus, permanent neonatal 3;Hyperinsulinemic hypoglycemia, familial, 1;Leucine-induced hypoglycemia;Type 2 diabetes mellitus;Diabetes mellitus, transient neonatal, 2",germline,germline,GRCh37,NC_000011.9,11,17434943,17434943,na,na,11p15.1,"criteria provided, multiple submitters, no conflicts",5,-,N,ClinGen:CA5903132,2,1338472,17434943,G,A,-,-,-,-,-,-,SCV002069315|SCV002143364|SCV002757266|SCV005185930|SCV005676341,-,-
1329480,single nucleotide variant,NM_000352.6(ABCC8):c.2473C>T (p.Arg825Trp),6833,ABCC8,HGNC:59,Pathogenic,1,"Apr 17, 2025",779736828,-,RCV001817843|RCV004690140|RCV005040402,"MedGen:C3661900|MONDO:MONDO:0100164,MedGen:C1833104,OMIM:PS606176,Orphanet:99885|MONDO:MONDO:0030088,MedGen:C5394303,OMIM:618857;MONDO:MONDO:0009734,MedGen:C2931832,OMIM:256450,Orphanet:276575,Orphanet:276598;MONDO:MONDO:0009415,MedGen:C0271714,OMIM:240800;Human Phenotype Ontology:HP:0005965,Human Phenotype Ontology:HP:0005978,Human Phenotype Ontology:HP:0100652,MONDO:MONDO:0005148,MeSH:D003924,MedGen:C0011860,OMIM:125853;MONDO:MONDO:0012480,MedGen:C1835887,OMIM:610374,Orphanet:99886","not provided|Permanent neonatal diabetes mellitus|Diabetes mellitus, permanent neonatal 3;Hyperinsulinemic hypoglycemia, familial, 1;Leucine-induced hypoglycemia;Type 2 diabetes mellitus;Diabetes mellitus, transient neonatal, 2",germline,germline,GRCh38,NC_000011.10,11,17413396,17413396,na,na,11p15.1,"criteria provided, multiple submitters, no conflicts",5,-,N,ClinGen:CA5903132,2,1338472,17413396,G,A,-,-,-,-,-,-,SCV002069315|SCV002143364|SCV002757266|SCV005185930|SCV005676341,-,-
1329482,single nucleotide variant,NM_000352.6(ABCC8):c.4515C>G (p.Asp1505Glu),6833,ABCC8,HGNC:59,Pathogenic,1,"Dec 21, 2018",751591418,-,RCV001817845,MedGen:C3661900,not provided,germline,germline,GRCh37,NC_000011.9,11,17415843,17415843,na,na,11p15.1,"criteria provided, single submitter",1,-,N,ClinGen:CA379782857,2,1338474,17415843,G,C,-,-,-,-,-,-,SCV002069318,-,-
1329482,single nucleotide variant,NM_000352.6(ABCC8):c.4515C>G (p.Asp1505Glu),6833,ABCC8,HGNC:59,Pathogenic,1,"Dec 21, 2018",751591418,-,RCV001817845,MedGen:C3661900,not provided,germline,germline,GRCh38,NC_000011.10,11,17394296,17394296,na,na,11p15.1,"criteria provided, single submitter",1,-,N,ClinGen:CA379782857,2,1338474,17394296,G,C,-,-,-,-,-,-,SCV002069318,-,-
1329499,single nucleotide variant,NM_000352.6(ABCC8):c.76T>A (p.Cys26Ser),6833,ABCC8,HGNC:59,Conflicting classifications of pathogenicity,1,"Apr 03, 2025",1462559571,-,RCV001844417|RCV001817862|RCV003321875|RCV005040403,"MONDO:MONDO:0017182,MedGen:C3888018,Orphanet:276525|MedGen:C3661900|MONDO:MONDO:0009734,MedGen:C2931832,OMIM:256450,Orphanet:276575,Orphanet:276598|MONDO:MONDO:0030088,MedGen:C5394303,OMIM:618857;MONDO:MONDO:0009734,MedGen:C2931832,OMIM:256450,Orphanet:276575,Orphanet:276598;MONDO:MONDO:0009415,MedGen:C0271714,OMIM:240800;Human Phenotype Ontology:HP:0005965,Human Phenotype Ontology:HP:0005978,Human Phenotype Ontology:HP:0100652,MONDO:MONDO:0005148,MeSH:D003924,MedGen:C0011860,OMIM:125853;MONDO:MONDO:0012480,MedGen:C1835887,OMIM:610374,Orphanet:99886","Familial hyperinsulinism|not provided|Hyperinsulinemic hypoglycemia, familial, 1|Diabetes mellitus, permanent neonatal 3;Hyperinsulinemic hypoglycemia, familial, 1;Leucine-induced hypoglycemia;Type 2 diabetes mellitus;Diabetes mellitus, transient neonatal, 2",germline,germline,GRCh37,NC_000011.9,11,17498248,17498248,na,na,11p15.1,"criteria provided, conflicting classifications",5,-,N,ClinGen:CA379790058,2,1338491,17498248,A,T,-,-,-,-,-,-,SCV002067268|SCV002103457|SCV004026589|SCV005676127|SCV007374457,-,-
1329499,single nucleotide variant,NM_000352.6(ABCC8):c.76T>A (p.Cys26Ser),6833,ABCC8,HGNC:59,Conflicting classifications of pathogenicity,1,"Apr 03, 2025",1462559571,-,RCV001844417|RCV001817862|RCV003321875|RCV005040403,"MONDO:MONDO:0017182,MedGen:C3888018,Orphanet:276525|MedGen:C3661900|MONDO:MONDO:0009734,MedGen:C2931832,OMIM:256450,Orphanet:276575,Orphanet:276598|MONDO:MONDO:0030088,MedGen:C5394303,OMIM:618857;MONDO:MONDO:0009734,MedGen:C2931832,OMIM:256450,Orphanet:276575,Orphanet:276598;MONDO:MONDO:0009415,MedGen:C0271714,OMIM:240800;Human Phenotype Ontology:HP:0005965,Human Phenotype Ontology:HP:0005978,Human Phenotype Ontology:HP:0100652,MONDO:MONDO:0005148,MeSH:D003924,MedGen:C0011860,OMIM:125853;MONDO:MONDO:0012480,MedGen:C1835887,OMIM:610374,Orphanet:99886","Familial hyperinsulinism|not provided|Hyperinsulinemic hypoglycemia, familial, 1|Diabetes mellitus, permanent neonatal 3;Hyperinsulinemic hypoglycemia, familial, 1;Leucine-induced hypoglycemia;Type 2 diabetes mellitus;Diabetes mellitus, transient neonatal, 2",germline,germline,GRCh38,NC_000011.10,11,17476701,17476701,na,na,11p15.1,"criteria provided, conflicting classifications",5,-,N,ClinGen:CA379790058,2,1338491,17476701,A,T,-,-,-,-,-,-,SCV002067268|SCV002103457|SCV004026589|SCV005676127|SCV007374457,-,-
1329504,single nucleotide variant,NM_000352.6(ABCC8):c.4547A>G (p.Glu1516Gly),6833,ABCC8,HGNC:59,Likely pathogenic,1,"Jul 16, 2025",2133393241,-,RCV001817867|RCV005922715,"MedGen:C3661900|MONDO:MONDO:0017182,MedGen:C3888018,Orphanet:276525",not provided|Familial hyperinsulinism,germline,germline,GRCh37,NC_000011.9,11,17415305,17415305,na,na,11p15.1,"criteria provided, multiple submitters, no conflicts",3,-,N,ClinGen:CA379782282,2,1338496,17415305,T,C,-,-,-,-,-,-,SCV002067273|SCV004631959|SCV007093774,-,-
1329504,single nucleotide variant,NM_000352.6(ABCC8):c.4547A>G (p.Glu1516Gly),6833,ABCC8,HGNC:59,Likely pathogenic,1,"Jul 16, 2025",2133393241,-,RCV001817867|RCV005922715,"MedGen:C3661900|MONDO:MONDO:0017182,MedGen:C3888018,Orphanet:276525",not provided|Familial hyperinsulinism,germline,germline,GRCh38,NC_000011.10,11,17393758,17393758,na,na,11p15.1,"criteria provided, multiple submitters, no conflicts",3,-,N,ClinGen:CA379782282,2,1338496,17393758,T,C,-,-,-,-,-,-,SCV002067273|SCV004631959|SCV007093774,-,-
1329505,Insertion,NM_000162.5(GCK):c.606_607insACACCGT (p.Val203fs),2645,GCK,HGNC:4195,Pathogenic,1,"Mar 29, 2019",2128821515,-,RCV001817868,MedGen:C3661900,not provided,germline,germline,GRCh37,NC_000007.13,7,44189431,44189432,na,na,7p13,"criteria provided, single submitter",1,-,N,ClinGen:CA2573052877,2,1338497,44189431,C,CACGGTGT,-,-,-,-,-,-,SCV002067274,-,-
1329505,Insertion,NM_000162.5(GCK):c.606_607insACACCGT (p.Val203fs),2645,GCK,HGNC:4195,Pathogenic,1,"Mar 29, 2019",2128821515,-,RCV001817868,MedGen:C3661900,not provided,germline,germline,GRCh38,NC_000007.14,7,44149832,44149833,na,na,7p13,"criteria provided, single submitter",1,-,N,ClinGen:CA2573052877,2,1338497,44149832,C,CACGGTGT,-,-,-,-,-,-,SCV002067274,-,-
1329519,single nucleotide variant,NM_000352.6(ABCC8):c.1235T>A (p.Met412Lys),6833,ABCC8,HGNC:59,Uncertain significance,0,"Apr 20, 2019",2133617327,-,RCV001817882,MedGen:CN169374,not specified,germline,germline,GRCh37,NC_000011.9,11,17470160,17470160,na,na,11p15.1,"criteria provided, single submitter",1,-,N,ClinGen:CA379768706,2,1338511,17470160,A,T,-,-,-,-,-,-,SCV002067304,-,-
1329519,single nucleotide variant,NM_000352.6(ABCC8):c.1235T>A (p.Met412Lys),6833,ABCC8,HGNC:59,Uncertain significance,0,"Apr 20, 2019",2133617327,-,RCV001817882,MedGen:CN169374,not specified,germline,germline,GRCh38,NC_000011.10,11,17448613,17448613,na,na,11p15.1,"criteria provided, single submitter",1,-,N,ClinGen:CA379768706,2,1338511,17448613,A,T,-,-,-,-,-,-,SCV002067304,-,-
1329521,single nucleotide variant,NM_000352.6(ABCC8):c.1513G>A (p.Gly505Ser),6833,ABCC8,HGNC:59,Uncertain significance,0,"Mar 12, 2024",200977997,-,RCV001817884|RCV001869790|RCV004734284,MedGen:CN169374|MedGen:C3661900|,not specified|not provided|ABCC8-related disorder,germline,germline,GRCh37,NC_000011.9,11,17464384,17464384,na,na,11p15.1,"criteria provided, multiple submitters, no conflicts",5,-,N,ClinGen:CA5903542,2,1338513,17464384,C,T,-,-,-,-,-,-,SCV002067308|SCV002316670|SCV005039456|SCV005191189,-,-
1329521,single nucleotide variant,NM_000352.6(ABCC8):c.1513G>A (p.Gly505Ser),6833,ABCC8,HGNC:59,Uncertain significance,0,"Mar 12, 2024",200977997,-,RCV001817884|RCV001869790|RCV004734284,MedGen:CN169374|MedGen:C3661900|,not specified|not provided|ABCC8-related disorder,germline,germline,GRCh38,NC_000011.10,11,17442837,17442837,na,na,11p15.1,"criteria provided, multiple submitters, no conflicts",5,-,N,ClinGen:CA5903542,2,1338513,17442837,C,T,-,-,-,-,-,-,SCV002067308|SCV002316670|SCV005039456|SCV005191189,-,-
1329523,single nucleotide variant,NM_000352.6(ABCC8):c.625G>A (p.Asp209Asn),6833,ABCC8,HGNC:59,Likely pathogenic,1,"Apr 22, 2019",2133680501,-,RCV001817886,MedGen:C3661900,not provided,germline,germline,GRCh37,NC_000011.9,11,17483327,17483327,na,na,11p15.1,"criteria provided, single submitter",1,-,N,ClinGen:CA379779069,2,1338515,17483327,C,T,-,-,-,-,-,-,SCV002067311,-,-
1329523,single nucleotide variant,NM_000352.6(ABCC8):c.625G>A (p.Asp209Asn),6833,ABCC8,HGNC:59,Likely pathogenic,1,"Apr 22, 2019",2133680501,-,RCV001817886,MedGen:C3661900,not provided,germline,germline,GRCh38,NC_000011.10,11,17461780,17461780,na,na,11p15.1,"criteria provided, single submitter",1,-,N,ClinGen:CA379779069,2,1338515,17461780,C,T,-,-,-,-,-,-,SCV002067311,-,-
1329524,single nucleotide variant,NM_000352.6(ABCC8):c.4608+1G>A,6833,ABCC8,HGNC:59,Pathogenic,1,"Apr 15, 2019",2133392952,-,RCV001817887,MedGen:C3661900,not provided,germline,germline,GRCh37,NC_000011.9,11,17415243,17415243,na,na,11p15.1,"criteria provided, single submitter",1,-,N,ClinGen:CA379781715,2,1338516,17415243,C,T,-,-,-,-,-,-,SCV002067312,-,-
1329524,single nucleotide variant,NM_000352.6(ABCC8):c.4608+1G>A,6833,ABCC8,HGNC:59,Pathogenic,1,"Apr 15, 2019",2133392952,-,RCV001817887,MedGen:C3661900,not provided,germline,germline,GRCh38,NC_000011.10,11,17393696,17393696,na,na,11p15.1,"criteria provided, single submitter",1,-,N,ClinGen:CA379781715,2,1338516,17393696,C,T,-,-,-,-,-,-,SCV002067312,-,-
1329529,single nucleotide variant,NM_000352.4(ABCC8):c.-71A>T,6833,ABCC8,HGNC:59,Uncertain significance,0,"May 21, 2019",2133739075,-,RCV001817892,MedGen:CN169374,not specified,germline,germline,GRCh37,NC_000011.9,11,17498394,17498394,na,na,11p15.1,"criteria provided, single submitter",1,-,N,ClinGen:CA2573053461,2,1338521,17498394,T,A,-,-,-,-,-,-,SCV002067323,-,-
1329529,single nucleotide variant,NM_000352.4(ABCC8):c.-71A>T,6833,ABCC8,HGNC:59,Uncertain significance,0,"May 21, 2019",2133739075,-,RCV001817892,MedGen:CN169374,not specified,germline,germline,GRCh38,NC_000011.10,11,17476847,17476847,na,na,11p15.1,"criteria provided, single submitter",1,-,N,ClinGen:CA2573053461,2,1338521,17476847,T,A,-,-,-,-,-,-,SCV002067323,-,-
1329530,single nucleotide variant,NM_000162.5(GCK):c.1324G>T (p.Glu442Ter),2645,GCK,HGNC:4195,Pathogenic,1,"May 22, 2019",758737171,-,RCV001817893,MedGen:C3661900,not provided,germline,germline,GRCh37,NC_000007.13,7,44184809,44184809,na,na,7p13,"criteria provided, single submitter",1,-,N,ClinGen:CA367397011,2,1338522,44184809,C,A,-,-,-,-,-,-,SCV002067326,-,-
1329530,single nucleotide variant,NM_000162.5(GCK):c.1324G>T (p.Glu442Ter),2645,GCK,HGNC:4195,Pathogenic,1,"May 22, 2019",758737171,-,RCV001817893,MedGen:C3661900,not provided,germline,germline,GRCh38,NC_000007.14,7,44145210,44145210,na,na,7p13,"criteria provided, single submitter",1,-,N,ClinGen:CA367397011,2,1338522,44145210,C,A,-,-,-,-,-,-,SCV002067326,-,-
1329531,single nucleotide variant,NM_000162.5(GCK):c.1319A>G (p.Glu440Gly),2645,GCK,HGNC:4195,Uncertain significance,0,"May 22, 2019",2128818815,-,RCV001817894,MedGen:CN169374,not specified,germline,germline,GRCh37,NC_000007.13,7,44184814,44184814,na,na,7p13,"criteria provided, single submitter",1,-,N,ClinGen:CA367397030,2,1338523,44184814,T,C,-,-,-,-,-,-,SCV002067327,-,-
1329531,single nucleotide variant,NM_000162.5(GCK):c.1319A>G (p.Glu440Gly),2645,GCK,HGNC:4195,Uncertain significance,0,"May 22, 2019",2128818815,-,RCV001817894,MedGen:CN169374,not specified,germline,germline,GRCh38,NC_000007.14,7,44145215,44145215,na,na,7p13,"criteria provided, single submitter",1,-,N,ClinGen:CA367397030,2,1338523,44145215,T,C,-,-,-,-,-,-,SCV002067327,-,-
1329542,single nucleotide variant,NM_000352.6(ABCC8):c.50T>C (p.Val17Ala),6833,ABCC8,HGNC:59,Conflicting classifications of pathogenicity,1,"Aug 22, 2023",764950519,-,RCV001817905|RCV003321876|RCV003464152,"MedGen:C3661900|MONDO:MONDO:0009734,MedGen:C2931832,OMIM:256450,Orphanet:276575,Orphanet:276598|Human Phenotype Ontology:HP:0005965,Human Phenotype Ontology:HP:0005978,Human Phenotype Ontology:HP:0100652,MONDO:MONDO:0005148,MeSH:D003924,MedGen:C0011860,OMIM:125853","not provided|Hyperinsulinemic hypoglycemia, familial, 1|Type 2 diabetes mellitus",germline;unknown,germline,GRCh37,NC_000011.9,11,17498274,17498274,na,na,11p15.1,"criteria provided, conflicting classifications",3,-,N,ClinGen:CA5903995,2,1338534,17498274,A,G,-,-,-,-,-,-,SCV002067357|SCV004026595|SCV004196840,-,-
1329542,single nucleotide variant,NM_000352.6(ABCC8):c.50T>C (p.Val17Ala),6833,ABCC8,HGNC:59,Conflicting classifications of pathogenicity,1,"Aug 22, 2023",764950519,-,RCV001817905|RCV003321876|RCV003464152,"MedGen:C3661900|MONDO:MONDO:0009734,MedGen:C2931832,OMIM:256450,Orphanet:276575,Orphanet:276598|Human Phenotype Ontology:HP:0005965,Human Phenotype Ontology:HP:0005978,Human Phenotype Ontology:HP:0100652,MONDO:MONDO:0005148,MeSH:D003924,MedGen:C0011860,OMIM:125853","not provided|Hyperinsulinemic hypoglycemia, familial, 1|Type 2 diabetes mellitus",germline;unknown,germline,GRCh38,NC_000011.10,11,17476727,17476727,na,na,11p15.1,"criteria provided, conflicting classifications",3,-,N,ClinGen:CA5903995,2,1338534,17476727,A,G,-,-,-,-,-,-,SCV002067357|SCV004026595|SCV004196840,-,-
1329547,single nucleotide variant,NM_000352.6(ABCC8):c.46C>T (p.Arg16Trp),6833,ABCC8,HGNC:59,Uncertain significance,0,"Jun 08, 2023",1591935006,-,RCV001817910,MedGen:CN169374,not specified,germline,germline,GRCh37,NC_000011.9,11,17498278,17498278,na,na,11p15.1,"criteria provided, multiple submitters, no conflicts",2,-,N,ClinGen:CA379790172,2,1338539,17498278,G,A,-,-,-,-,-,-,SCV002067368|SCV004020580,-,-
1329547,single nucleotide variant,NM_000352.6(ABCC8):c.46C>T (p.Arg16Trp),6833,ABCC8,HGNC:59,Uncertain significance,0,"Jun 08, 2023",1591935006,-,RCV001817910,MedGen:CN169374,not specified,germline,germline,GRCh38,NC_000011.10,11,17476731,17476731,na,na,11p15.1,"criteria provided, multiple submitters, no conflicts",2,-,N,ClinGen:CA379790172,2,1338539,17476731,G,A,-,-,-,-,-,-,SCV002067368|SCV004020580,-,-
1329554,single nucleotide variant,NM_000352.6(ABCC8):c.622G>A (p.Glu208Lys),6833,ABCC8,HGNC:59,Likely pathogenic,1,"Sep 17, 2019",2133680513,-,RCV001817917,MedGen:C3661900,not provided,germline,germline,GRCh37,NC_000011.9,11,17483330,17483330,na,na,11p15.1,"criteria provided, single submitter",1,-,N,ClinGen:CA379779130,2,1338546,17483330,C,T,-,-,-,-,-,-,SCV002067380,-,-
1329554,single nucleotide variant,NM_000352.6(ABCC8):c.622G>A (p.Glu208Lys),6833,ABCC8,HGNC:59,Likely pathogenic,1,"Sep 17, 2019",2133680513,-,RCV001817917,MedGen:C3661900,not provided,germline,germline,GRCh38,NC_000011.10,11,17461783,17461783,na,na,11p15.1,"criteria provided, single submitter",1,-,N,ClinGen:CA379779130,2,1338546,17461783,C,T,-,-,-,-,-,-,SCV002067380,-,-
1329564,single nucleotide variant,NM_000352.6(ABCC8):c.4513G>A (p.Asp1505Asn),6833,ABCC8,HGNC:59,Likely pathogenic,1,"Nov 14, 2019",2133394860,-,RCV001817927,MedGen:C3661900,not provided,germline,germline,GRCh37,NC_000011.9,11,17415845,17415845,na,na,11p15.1,"criteria provided, single submitter",1,-,N,ClinGen:CA379782868,2,1338556,17415845,C,T,-,-,-,-,-,-,SCV002067408,-,-
1329564,single nucleotide variant,NM_000352.6(ABCC8):c.4513G>A (p.Asp1505Asn),6833,ABCC8,HGNC:59,Likely pathogenic,1,"Nov 14, 2019",2133394860,-,RCV001817927,MedGen:C3661900,not provided,germline,germline,GRCh38,NC_000011.10,11,17394298,17394298,na,na,11p15.1,"criteria provided, single submitter",1,-,N,ClinGen:CA379782868,2,1338556,17394298,C,T,-,-,-,-,-,-,SCV002067408,-,-
1329566,Microsatellite,NM_000525.4(KCNJ11):c.331_332del (p.Val111fs),3767,KCNJ11,HGNC:6257,Pathogenic,1,"Nov 11, 2019",2133380463,-,RCV001817929,MedGen:C3661900,not provided,germline,germline,GRCh37,NC_000011.9,11,17409307,17409308,na,na,11p15.1,"criteria provided, single submitter",1,-,N,ClinGen:CA2580615637,2,1338558,17409306,GAC,G,-,-,-,-,-,-,SCV002067412,-,-
1329566,Microsatellite,NM_000525.4(KCNJ11):c.331_332del (p.Val111fs),3767,KCNJ11,HGNC:6257,Pathogenic,1,"Nov 11, 2019",2133380463,-,RCV001817929,MedGen:C3661900,not provided,germline,germline,GRCh38,NC_000011.10,11,17387760,17387761,na,na,11p15.1,"criteria provided, single submitter",1,-,N,ClinGen:CA2580615637,2,1338558,17387759,GAC,G,-,-,-,-,-,-,SCV002067412,-,-
1329567,single nucleotide variant,NM_000525.4(KCNJ11):c.515C>T (p.Ala172Val),3767,KCNJ11,HGNC:6257,Conflicting classifications of pathogenicity,1,"Jul 29, 2025",1426834688,-,RCV005238001|RCV001817930,MedGen:CN169374|MedGen:C3661900,not specified|not provided,germline,germline,GRCh37,NC_000011.9,11,17409124,17409124,na,na,11p15.1,"criteria provided, conflicting classifications",3,-,N,ClinGen:CA379773113,2,1338559,17409124,G,A,-,-,-,-,-,-,SCV002067413|SCV005835249|SCV005883206,-,-
1329567,single nucleotide variant,NM_000525.4(KCNJ11):c.515C>T (p.Ala172Val),3767,KCNJ11,HGNC:6257,Conflicting classifications of pathogenicity,1,"Jul 29, 2025",1426834688,-,RCV005238001|RCV001817930,MedGen:CN169374|MedGen:C3661900,not specified|not provided,germline,germline,GRCh38,NC_000011.10,11,17387577,17387577,na,na,11p15.1,"criteria provided, conflicting classifications",3,-,N,ClinGen:CA379773113,2,1338559,17387577,G,A,-,-,-,-,-,-,SCV002067413|SCV005835249|SCV005883206,-,-
1329568,single nucleotide variant,NM_000525.4(KCNJ11):c.130G>A (p.Val44Met),3767,KCNJ11,HGNC:6257,Conflicting classifications of pathogenicity,1,"May 06, 2024",1282255458,-,RCV001817931|RCV003772341,MedGen:CN169374|MedGen:C3661900,not specified|not provided,germline,germline,GRCh37,NC_000011.9,11,17409509,17409509,na,na,11p15.1,"criteria provided, conflicting classifications",2,-,N,ClinGen:CA379776641,2,1338560,17409509,C,T,-,-,-,-,-,-,SCV002067414|SCV004675320,-,-
1329568,single nucleotide variant,NM_000525.4(KCNJ11):c.130G>A (p.Val44Met),3767,KCNJ11,HGNC:6257,Conflicting classifications of pathogenicity,1,"May 06, 2024",1282255458,-,RCV001817931|RCV003772341,MedGen:CN169374|MedGen:C3661900,not specified|not provided,germline,germline,GRCh38,NC_000011.10,11,17387962,17387962,na,na,11p15.1,"criteria provided, conflicting classifications",2,-,N,ClinGen:CA379776641,2,1338560,17387962,C,T,-,-,-,-,-,-,SCV002067414|SCV004675320,-,-
1329576,single nucleotide variant,NM_000352.6(ABCC8):c.4225A>G (p.Ile1409Val),6833,ABCC8,HGNC:59,Conflicting classifications of pathogenicity,1,"Oct 27, 2023",776100468,-,RCV001817940|RCV003401741,MedGen:C3661900|MedGen:CN169374,not provided|not specified,germline,germline,GRCh37,NC_000011.9,11,17417239,17417239,na,na,11p15.1,"criteria provided, conflicting classifications",2,-,N,ClinGen:CA5902528,2,1338569,17417239,T,C,-,-,-,-,-,-,SCV002067445|SCV004122242,-,-
1329576,single nucleotide variant,NM_000352.6(ABCC8):c.4225A>G (p.Ile1409Val),6833,ABCC8,HGNC:59,Conflicting classifications of pathogenicity,1,"Oct 27, 2023",776100468,-,RCV001817940|RCV003401741,MedGen:C3661900|MedGen:CN169374,not provided|not specified,germline,germline,GRCh38,NC_000011.10,11,17395692,17395692,na,na,11p15.1,"criteria provided, conflicting classifications",2,-,N,ClinGen:CA5902528,2,1338569,17395692,T,C,-,-,-,-,-,-,SCV002067445|SCV004122242,-,-
1329580,single nucleotide variant,NM_000162.5(GCK):c.926T>C (p.Leu309Pro),2645,GCK,HGNC:4195,Pathogenic,1,"Mar 18, 2020",2128820009,-,RCV001817944,MedGen:C3661900,not provided,germline,germline,GRCh37,NC_000007.13,7,44186155,44186155,na,na,7p13,"criteria provided, single submitter",1,-,N,ClinGen:CA367400002,2,1338573,44186155,A,G,-,-,-,-,-,-,SCV002067458,-,-
1329580,single nucleotide variant,NM_000162.5(GCK):c.926T>C (p.Leu309Pro),2645,GCK,HGNC:4195,Pathogenic,1,"Mar 18, 2020",2128820009,-,RCV001817944,MedGen:C3661900,not provided,germline,germline,GRCh38,NC_000007.14,7,44146556,44146556,na,na,7p13,"criteria provided, single submitter",1,-,N,ClinGen:CA367400002,2,1338573,44146556,A,G,-,-,-,-,-,-,SCV002067458,-,-
1329582,single nucleotide variant,NM_000352.6(ABCC8):c.2414G>A (p.Cys805Tyr),6833,ABCC8,HGNC:59,Uncertain significance,0,"Oct 07, 2024",1401468345,-,RCV001817946,MedGen:CN169374,not specified,germline,germline,GRCh37,NC_000011.9,11,17435002,17435002,na,na,11p15.1,"criteria provided, multiple submitters, no conflicts",2,-,N,ClinGen:CA379808731,2,1338575,17435002,C,T,-,-,-,-,-,-,SCV002067460|SCV005422987,-,-
1329582,single nucleotide variant,NM_000352.6(ABCC8):c.2414G>A (p.Cys805Tyr),6833,ABCC8,HGNC:59,Uncertain significance,0,"Oct 07, 2024",1401468345,-,RCV001817946,MedGen:CN169374,not specified,germline,germline,GRCh38,NC_000011.10,11,17413455,17413455,na,na,11p15.1,"criteria provided, multiple submitters, no conflicts",2,-,N,ClinGen:CA379808731,2,1338575,17413455,C,T,-,-,-,-,-,-,SCV002067460|SCV005422987,-,-
1329583,single nucleotide variant,NM_000162.5(GCK):c.158C>T (p.Ala53Val),2645,GCK,HGNC:4195,Conflicting classifications of pathogenicity,1,"Oct 07, 2024",2128823130,-,RCV001817947|RCV002285503|RCV004801056,"MedGen:C3661900|MONDO:MONDO:0007453,MedGen:C0342277,OMIM:125851,Orphanet:552|MedGen:CN169374",not provided|Maturity-onset diabetes of the young type 2|not specified,germline,germline,GRCh37,NC_000007.13,7,44192950,44192950,na,na,7p13,"criteria provided, conflicting classifications",4,-,N,ClinGen:CA367403352,2,1338576,44192950,G,A,-,-,-,-,-,-,SCV002067468|SCV002547270|SCV002562163|SCV005423007,-,-
1329583,single nucleotide variant,NM_000162.5(GCK):c.158C>T (p.Ala53Val),2645,GCK,HGNC:4195,Conflicting classifications of pathogenicity,1,"Oct 07, 2024",2128823130,-,RCV001817947|RCV002285503|RCV004801056,"MedGen:C3661900|MONDO:MONDO:0007453,MedGen:C0342277,OMIM:125851,Orphanet:552|MedGen:CN169374",not provided|Maturity-onset diabetes of the young type 2|not specified,germline,germline,GRCh38,NC_000007.14,7,44153351,44153351,na,na,7p13,"criteria provided, conflicting classifications",4,-,N,ClinGen:CA367403352,2,1338576,44153351,G,A,-,-,-,-,-,-,SCV002067468|SCV002547270|SCV002562163|SCV005423007,-,-
1329590,single nucleotide variant,NM_000352.6(ABCC8):c.2389C>T (p.Arg797Trp),6833,ABCC8,HGNC:59,Uncertain significance,0,"Aug 16, 2023",142620721,-,RCV001817954|RCV003321877,"MedGen:CN169374|MONDO:MONDO:0009734,MedGen:C2931832,OMIM:256450,Orphanet:276575,Orphanet:276598","not specified|Hyperinsulinemic hypoglycemia, familial, 1",germline,germline,GRCh37,NC_000011.9,11,17436060,17436060,na,na,11p15.1,"criteria provided, multiple submitters, no conflicts",3,-,N,ClinGen:CA5903178,2,1338583,17436060,G,A,-,-,-,-,-,-,SCV002067480|SCV002600571|SCV004026541,-,-
1329590,single nucleotide variant,NM_000352.6(ABCC8):c.2389C>T (p.Arg797Trp),6833,ABCC8,HGNC:59,Uncertain significance,0,"Aug 16, 2023",142620721,-,RCV001817954|RCV003321877,"MedGen:CN169374|MONDO:MONDO:0009734,MedGen:C2931832,OMIM:256450,Orphanet:276575,Orphanet:276598","not specified|Hyperinsulinemic hypoglycemia, familial, 1",germline,germline,GRCh38,NC_000011.10,11,17414513,17414513,na,na,11p15.1,"criteria provided, multiple submitters, no conflicts",3,-,N,ClinGen:CA5903178,2,1338583,17414513,G,A,-,-,-,-,-,-,SCV002067480|SCV002600571|SCV004026541,-,-
1329595,single nucleotide variant,NM_000352.6(ABCC8):c.899T>C (p.Val300Ala),6833,ABCC8,HGNC:59,Uncertain significance,0,"Aug 20, 2020",2133674861,-,RCV001817959,MedGen:CN169374,not specified,germline,germline,GRCh37,NC_000011.9,11,17482147,17482147,na,na,11p15.1,"criteria provided, single submitter",1,-,N,ClinGen:CA379777115,2,1338588,17482147,A,G,-,-,-,-,-,-,SCV002067489,-,-
1329595,single nucleotide variant,NM_000352.6(ABCC8):c.899T>C (p.Val300Ala),6833,ABCC8,HGNC:59,Uncertain significance,0,"Aug 20, 2020",2133674861,-,RCV001817959,MedGen:CN169374,not specified,germline,germline,GRCh38,NC_000011.10,11,17460600,17460600,na,na,11p15.1,"criteria provided, single submitter",1,-,N,ClinGen:CA379777115,2,1338588,17460600,A,G,-,-,-,-,-,-,SCV002067489,-,-
1329601,single nucleotide variant,NM_000352.6(ABCC8):c.973G>A (p.Asp325Asn),6833,ABCC8,HGNC:59,Uncertain significance,0,"Jun 30, 2024",781480098,-,RCV001817965|RCV002386579|RCV002478065,"MedGen:CN169374|MeSH:D030342,MedGen:C0950123|MONDO:MONDO:0030088,MedGen:C5394303,OMIM:618857;MONDO:MONDO:0009734,MedGen:C2931832,OMIM:256450,Orphanet:276575,Orphanet:276598;MONDO:MONDO:0009415,MedGen:C0271714,OMIM:240800;Human Phenotype Ontology:HP:0005965,Human Phenotype Ontology:HP:0005978,Human Phenotype Ontology:HP:0100652,MONDO:MONDO:0005148,MeSH:D003924,MedGen:C0011860,OMIM:125853;MONDO:MONDO:0012480,MedGen:C1835887,OMIM:610374,Orphanet:99886","not specified|Inborn genetic diseases|Diabetes mellitus, permanent neonatal 3;Hyperinsulinemic hypoglycemia, familial, 1;Leucine-induced hypoglycemia;Type 2 diabetes mellitus;Diabetes mellitus, transient neonatal, 2",germline,germline,GRCh37,NC_000011.9,11,17482073,17482073,na,na,11p15.1,"criteria provided, multiple submitters, no conflicts",3,-,N,ClinGen:CA5903713,2,1338594,17482073,C,T,-,-,-,-,-,-,SCV002067504|SCV002693414|SCV002778831,-,-
1329601,single nucleotide variant,NM_000352.6(ABCC8):c.973G>A (p.Asp325Asn),6833,ABCC8,HGNC:59,Uncertain significance,0,"Jun 30, 2024",781480098,-,RCV001817965|RCV002386579|RCV002478065,"MedGen:CN169374|MeSH:D030342,MedGen:C0950123|MONDO:MONDO:0030088,MedGen:C5394303,OMIM:618857;MONDO:MONDO:0009734,MedGen:C2931832,OMIM:256450,Orphanet:276575,Orphanet:276598;MONDO:MONDO:0009415,MedGen:C0271714,OMIM:240800;Human Phenotype Ontology:HP:0005965,Human Phenotype Ontology:HP:0005978,Human Phenotype Ontology:HP:0100652,MONDO:MONDO:0005148,MeSH:D003924,MedGen:C0011860,OMIM:125853;MONDO:MONDO:0012480,MedGen:C1835887,OMIM:610374,Orphanet:99886","not specified|Inborn genetic diseases|Diabetes mellitus, permanent neonatal 3;Hyperinsulinemic hypoglycemia, familial, 1;Leucine-induced hypoglycemia;Type 2 diabetes mellitus;Diabetes mellitus, transient neonatal, 2",germline,germline,GRCh38,NC_000011.10,11,17460526,17460526,na,na,11p15.1,"criteria provided, multiple submitters, no conflicts",3,-,N,ClinGen:CA5903713,2,1338594,17460526,C,T,-,-,-,-,-,-,SCV002067504|SCV002693414|SCV002778831,-,-
1329602,single nucleotide variant,NM_000352.6(ABCC8):c.338C>T (p.Ala113Val),6833,ABCC8,HGNC:59,Conflicting classifications of pathogenicity,1,"Dec 19, 2024",2133711315,-,RCV001817966|RCV003464153|RCV002503329|RCV005361747,"MedGen:C3661900|Human Phenotype Ontology:HP:0005965,Human Phenotype Ontology:HP:0005978,Human Phenotype Ontology:HP:0100652,MONDO:MONDO:0005148,MeSH:D003924,MedGen:C0011860,OMIM:125853|MONDO:MONDO:0030088,MedGen:C5394303,OMIM:618857;MONDO:MONDO:0009734,MedGen:C2931832,OMIM:256450,Orphanet:276575,Orphanet:276598;MONDO:MONDO:0009415,MedGen:C0271714,OMIM:240800;Human Phenotype Ontology:HP:0005965,Human Phenotype Ontology:HP:0005978,Human Phenotype Ontology:HP:0100652,MONDO:MONDO:0005148,MeSH:D003924,MedGen:C0011860,OMIM:125853;MONDO:MONDO:0012480,MedGen:C1835887,OMIM:610374,Orphanet:99886|Human Phenotype Ontology:HP:0002092,Human Phenotype Ontology:HP:0006546,MONDO:MONDO:0015924,MeSH:D000081029,MedGen:C2973725,Orphanet:182090","not provided|Type 2 diabetes mellitus|Diabetes mellitus, permanent neonatal 3;Hyperinsulinemic hypoglycemia, familial, 1;Leucine-induced hypoglycemia;Type 2 diabetes mellitus;Diabetes mellitus, transient neonatal, 2|Pulmonary arterial hypertension",germline;unknown,germline,GRCh37,NC_000011.9,11,17491722,17491722,na,na,11p15.1,"criteria provided, conflicting classifications",6,-,N,ClinGen:CA379784330,2,1338595,17491722,G,A,-,-,-,-,-,-,SCV002067505|SCV002814086|SCV003824363|SCV004195096|SCV005917319|SCV007331392,-,-
1329602,single nucleotide variant,NM_000352.6(ABCC8):c.338C>T (p.Ala113Val),6833,ABCC8,HGNC:59,Conflicting classifications of pathogenicity,1,"Dec 19, 2024",2133711315,-,RCV001817966|RCV003464153|RCV002503329|RCV005361747,"MedGen:C3661900|Human Phenotype Ontology:HP:0005965,Human Phenotype Ontology:HP:0005978,Human Phenotype Ontology:HP:0100652,MONDO:MONDO:0005148,MeSH:D003924,MedGen:C0011860,OMIM:125853|MONDO:MONDO:0030088,MedGen:C5394303,OMIM:618857;MONDO:MONDO:0009734,MedGen:C2931832,OMIM:256450,Orphanet:276575,Orphanet:276598;MONDO:MONDO:0009415,MedGen:C0271714,OMIM:240800;Human Phenotype Ontology:HP:0005965,Human Phenotype Ontology:HP:0005978,Human Phenotype Ontology:HP:0100652,MONDO:MONDO:0005148,MeSH:D003924,MedGen:C0011860,OMIM:125853;MONDO:MONDO:0012480,MedGen:C1835887,OMIM:610374,Orphanet:99886|Human Phenotype Ontology:HP:0002092,Human Phenotype Ontology:HP:0006546,MONDO:MONDO:0015924,MeSH:D000081029,MedGen:C2973725,Orphanet:182090","not provided|Type 2 diabetes mellitus|Diabetes mellitus, permanent neonatal 3;Hyperinsulinemic hypoglycemia, familial, 1;Leucine-induced hypoglycemia;Type 2 diabetes mellitus;Diabetes mellitus, transient neonatal, 2|Pulmonary arterial hypertension",germline;unknown,germline,GRCh38,NC_000011.10,11,17470175,17470175,na,na,11p15.1,"criteria provided, conflicting classifications",6,-,N,ClinGen:CA379784330,2,1338595,17470175,G,A,-,-,-,-,-,-,SCV002067505|SCV002814086|SCV003824363|SCV004195096|SCV005917319|SCV007331392,-,-
1329605,single nucleotide variant,NM_000162.5(GCK):c.835G>A (p.Glu279Lys),2645,GCK,HGNC:4195,Uncertain significance,0,"Jul 12, 2023",104894005,-,RCV001817969|RCV003772342,MedGen:CN169374|MedGen:C3661900,not specified|not provided,germline,germline,GRCh37,NC_000007.13,7,44187277,44187277,na,na,7p13,"criteria provided, multiple submitters, no conflicts",2,-,N,ClinGen:CA157915593,2,1338598,44187277,C,T,-,-,-,-,-,-,SCV002067511|SCV004681757,-,-
1329605,single nucleotide variant,NM_000162.5(GCK):c.835G>A (p.Glu279Lys),2645,GCK,HGNC:4195,Uncertain significance,0,"Jul 12, 2023",104894005,-,RCV001817969|RCV003772342,MedGen:CN169374|MedGen:C3661900,not specified|not provided,germline,germline,GRCh38,NC_000007.14,7,44147678,44147678,na,na,7p13,"criteria provided, multiple submitters, no conflicts",2,-,N,ClinGen:CA157915593,2,1338598,44147678,C,T,-,-,-,-,-,-,SCV002067511|SCV004681757,-,-
1329609,single nucleotide variant,NM_000352.6(ABCC8):c.1011+1G>T,6833,ABCC8,HGNC:59,Pathogenic,1,"Jul 24, 2020",2133673996,-,RCV001817973,MedGen:C3661900,not provided,germline,germline,GRCh37,NC_000011.9,11,17482034,17482034,na,na,11p15.1,"criteria provided, single submitter",1,-,N,ClinGen:CA379775515,2,1338602,17482034,C,A,-,-,-,-,-,-,SCV002067523,-,-
1329609,single nucleotide variant,NM_000352.6(ABCC8):c.1011+1G>T,6833,ABCC8,HGNC:59,Pathogenic,1,"Jul 24, 2020",2133673996,-,RCV001817973,MedGen:C3661900,not provided,germline,germline,GRCh38,NC_000011.10,11,17460487,17460487,na,na,11p15.1,"criteria provided, single submitter",1,-,N,ClinGen:CA379775515,2,1338602,17460487,C,A,-,-,-,-,-,-,SCV002067523,-,-
1329620,single nucleotide variant,NM_000352.6(ABCC8):c.*7A>C,6833,ABCC8,HGNC:59,Uncertain significance,0,"Nov 10, 2020",760439027,-,RCV001817984,MedGen:CN169374,not specified,germline,germline,GRCh37,NC_000011.9,11,17414531,17414531,na,na,11p15.1,"criteria provided, single submitter",1,-,N,ClinGen:CA2573053460,2,1338613,17414531,T,G,-,-,-,-,-,-,SCV002069643,-,-
1329620,single nucleotide variant,NM_000352.6(ABCC8):c.*7A>C,6833,ABCC8,HGNC:59,Uncertain significance,0,"Nov 10, 2020",760439027,-,RCV001817984,MedGen:CN169374,not specified,germline,germline,GRCh38,NC_000011.10,11,17392984,17392984,na,na,11p15.1,"criteria provided, single submitter",1,-,N,ClinGen:CA2573053460,2,1338613,17392984,T,G,-,-,-,-,-,-,SCV002069643,-,-
1329621,single nucleotide variant,NM_000352.6(ABCC8):c.4153T>C (p.Ser1385Pro),6833,ABCC8,HGNC:59,Likely pathogenic,1,"Sep 26, 2023",2133402479,-,RCV001817985|RCV003388053,"MedGen:C3661900|MONDO:MONDO:0009734,MedGen:C2931832,OMIM:256450,Orphanet:276575,Orphanet:276598","not provided|Hyperinsulinemic hypoglycemia, familial, 1",germline,germline,GRCh37,NC_000011.9,11,17417444,17417444,na,na,11p15.1,"criteria provided, multiple submitters, no conflicts",2,-,N,ClinGen:CA379788192,2,1338614,17417444,A,G,-,-,-,-,-,-,SCV002069644|SCV004100133,-,-
1329621,single nucleotide variant,NM_000352.6(ABCC8):c.4153T>C (p.Ser1385Pro),6833,ABCC8,HGNC:59,Likely pathogenic,1,"Sep 26, 2023",2133402479,-,RCV001817985|RCV003388053,"MedGen:C3661900|MONDO:MONDO:0009734,MedGen:C2931832,OMIM:256450,Orphanet:276575,Orphanet:276598","not provided|Hyperinsulinemic hypoglycemia, familial, 1",germline,germline,GRCh38,NC_000011.10,11,17395897,17395897,na,na,11p15.1,"criteria provided, multiple submitters, no conflicts",2,-,N,ClinGen:CA379788192,2,1338614,17395897,A,G,-,-,-,-,-,-,SCV002069644|SCV004100133,-,-
1329622,single nucleotide variant,NM_000525.4(KCNJ11):c.616C>T (p.Arg206Cys),3767,KCNJ11,HGNC:6257,Pathogenic/Likely pathogenic,1,"Jun 13, 2025",775204908,-,RCV001817986|RCV003336445|RCV005432803,"MedGen:C3661900||MONDO:MONDO:0017182,MedGen:C3888018,Orphanet:276525",not provided|KCNJ11-related disorder|Familial hyperinsulinism,germline,germline,GRCh37,NC_000011.9,11,17409023,17409023,na,na,11p15.1,"criteria provided, multiple submitters, no conflicts",5,-,N,ClinGen:CA5902273,2,1338615,17409023,G,A,-,-,-,-,-,-,SCV002069645|SCV002296176|SCV002588047|SCV004046434|SCV006102471,-,-
1329622,single nucleotide variant,NM_000525.4(KCNJ11):c.616C>T (p.Arg206Cys),3767,KCNJ11,HGNC:6257,Pathogenic/Likely pathogenic,1,"Jun 13, 2025",775204908,-,RCV001817986|RCV003336445|RCV005432803,"MedGen:C3661900||MONDO:MONDO:0017182,MedGen:C3888018,Orphanet:276525",not provided|KCNJ11-related disorder|Familial hyperinsulinism,germline,germline,GRCh38,NC_000011.10,11,17387476,17387476,na,na,11p15.1,"criteria provided, multiple submitters, no conflicts",5,-,N,ClinGen:CA5902273,2,1338615,17387476,G,A,-,-,-,-,-,-,SCV002069645|SCV002296176|SCV002588047|SCV004046434|SCV006102471,-,-
1329627,Deletion,NM_000162.5(GCK):c.1245del (p.His416fs),2645,GCK,HGNC:4195,Pathogenic,1,"Dec 23, 2020",2128819113,-,RCV001817991,MedGen:C3661900,not provided,germline,germline,GRCh37,NC_000007.13,7,44185104,44185104,na,na,7p13,"criteria provided, single submitter",1,-,N,ClinGen:CA2573052876,2,1338620,44185103,GC,G,-,-,-,-,-,-,SCV002069662,-,-
1329627,Deletion,NM_000162.5(GCK):c.1245del (p.His416fs),2645,GCK,HGNC:4195,Pathogenic,1,"Dec 23, 2020",2128819113,-,RCV001817991,MedGen:C3661900,not provided,germline,germline,GRCh38,NC_000007.14,7,44145505,44145505,na,na,7p13,"criteria provided, single submitter",1,-,N,ClinGen:CA2573052876,2,1338620,44145504,GC,G,-,-,-,-,-,-,SCV002069662,-,-
1329654,single nucleotide variant,NM_000352.6(ABCC8):c.4444A>C (p.Ser1482Arg),6833,ABCC8,HGNC:59,Uncertain significance,0,"Apr 04, 2025",2133395244,-,RCV001818018|RCV005861251,MedGen:CN169374|MedGen:C3661900,not specified|not provided,germline,germline,GRCh37,NC_000011.9,11,17415914,17415914,na,na,11p15.1,"criteria provided, multiple submitters, no conflicts",2,-,N,ClinGen:CA379783533,2,1338647,17415914,T,G,-,-,-,-,-,-,SCV002065846|SCV006554165,-,-
1329654,single nucleotide variant,NM_000352.6(ABCC8):c.4444A>C (p.Ser1482Arg),6833,ABCC8,HGNC:59,Uncertain significance,0,"Apr 04, 2025",2133395244,-,RCV001818018|RCV005861251,MedGen:CN169374|MedGen:C3661900,not specified|not provided,germline,germline,GRCh38,NC_000011.10,11,17394367,17394367,na,na,11p15.1,"criteria provided, multiple submitters, no conflicts",2,-,N,ClinGen:CA379783533,2,1338647,17394367,T,G,-,-,-,-,-,-,SCV002065846|SCV006554165,-,-
1329658,single nucleotide variant,NM_000352.6(ABCC8):c.4591A>G (p.Thr1531Ala),6833,ABCC8,HGNC:59,Uncertain significance,1,"Feb 19, 2025",796891223,-,RCV001818022|RCV005614682,MedGen:CN169374|,not specified|Hereditary hyperinsulinism,germline,germline,GRCh37,NC_000011.9,11,17415261,17415261,na,na,11p15.1,"criteria provided, multiple submitters, no conflicts",3,-,N,ClinGen:CA379781929,2,1338651,17415261,T,C,-,-,-,-,-,-,SCV002065855|SCV005885826,-,-
1329658,single nucleotide variant,NM_000352.6(ABCC8):c.4591A>G (p.Thr1531Ala),6833,ABCC8,HGNC:59,Uncertain significance,1,"Feb 19, 2025",796891223,-,RCV001818022|RCV005614682,MedGen:CN169374|,not specified|Hereditary hyperinsulinism,germline,germline,GRCh38,NC_000011.10,11,17393714,17393714,na,na,11p15.1,"criteria provided, multiple submitters, no conflicts",3,-,N,ClinGen:CA379781929,2,1338651,17393714,T,C,-,-,-,-,-,-,SCV002065855|SCV005885826,-,-
1329673,Deletion,NM_000162.5(GCK):c.317del (p.Gln106fs),2645,GCK,HGNC:4195,Likely pathogenic,1,"Oct 25, 2021",2128822656,-,RCV001818038,MedGen:C3661900,not provided,germline,germline,GRCh37,NC_000007.13,7,44191916,44191916,na,na,7p13,"criteria provided, single submitter",1,-,N,ClinGen:CA2573052881,2,1338667,44191915,CT,C,-,-,-,-,-,-,SCV002065886,-,-
1329673,Deletion,NM_000162.5(GCK):c.317del (p.Gln106fs),2645,GCK,HGNC:4195,Likely pathogenic,1,"Oct 25, 2021",2128822656,-,RCV001818038,MedGen:C3661900,not provided,germline,germline,GRCh38,NC_000007.14,7,44152317,44152317,na,na,7p13,"criteria provided, single submitter",1,-,N,ClinGen:CA2573052881,2,1338667,44152316,CT,C,-,-,-,-,-,-,SCV002065886,-,-
1329678,single nucleotide variant,NM_000352.6(ABCC8):c.2975G>C (p.Arg992Pro),6833,ABCC8,HGNC:59,Uncertain significance,0,"Jan 12, 2026",201499958,-,RCV001818043|RCV002506859|RCV002542707|RCV002542708,"MedGen:CN169374|MONDO:MONDO:0030088,MedGen:C5394303,OMIM:618857;MONDO:MONDO:0009734,MedGen:C2931832,OMIM:256450,Orphanet:276575,Orphanet:276598;MONDO:MONDO:0009415,MedGen:C0271714,OMIM:240800;Human Phenotype Ontology:HP:0005965,Human Phenotype Ontology:HP:0005978,Human Phenotype Ontology:HP:0100652,MONDO:MONDO:0005148,MeSH:D003924,MedGen:C0011860,OMIM:125853;MONDO:MONDO:0012480,MedGen:C1835887,OMIM:610374,Orphanet:99886|MedGen:C3661900|MeSH:D030342,MedGen:C0950123","not specified|Diabetes mellitus, permanent neonatal 3;Hyperinsulinemic hypoglycemia, familial, 1;Leucine-induced hypoglycemia;Type 2 diabetes mellitus;Diabetes mellitus, transient neonatal, 2|not provided|Inborn genetic diseases",germline;unknown,germline,GRCh37,NC_000011.9,11,17428622,17428622,na,na,11p15.1,"criteria provided, multiple submitters, no conflicts",5,-,N,ClinGen:CA5902956,2,1338672,17428622,C,G,-,-,-,-,-,-,SCV002065897|SCV002814633|SCV003285276|SCV003728003|SCV007345167,-,-
1329678,single nucleotide variant,NM_000352.6(ABCC8):c.2975G>C (p.Arg992Pro),6833,ABCC8,HGNC:59,Uncertain significance,0,"Jan 12, 2026",201499958,-,RCV001818043|RCV002506859|RCV002542707|RCV002542708,"MedGen:CN169374|MONDO:MONDO:0030088,MedGen:C5394303,OMIM:618857;MONDO:MONDO:0009734,MedGen:C2931832,OMIM:256450,Orphanet:276575,Orphanet:276598;MONDO:MONDO:0009415,MedGen:C0271714,OMIM:240800;Human Phenotype Ontology:HP:0005965,Human Phenotype Ontology:HP:0005978,Human Phenotype Ontology:HP:0100652,MONDO:MONDO:0005148,MeSH:D003924,MedGen:C0011860,OMIM:125853;MONDO:MONDO:0012480,MedGen:C1835887,OMIM:610374,Orphanet:99886|MedGen:C3661900|MeSH:D030342,MedGen:C0950123","not specified|Diabetes mellitus, permanent neonatal 3;Hyperinsulinemic hypoglycemia, familial, 1;Leucine-induced hypoglycemia;Type 2 diabetes mellitus;Diabetes mellitus, transient neonatal, 2|not provided|Inborn genetic diseases",germline;unknown,germline,GRCh38,NC_000011.10,11,17407075,17407075,na,na,11p15.1,"criteria provided, multiple submitters, no conflicts",5,-,N,ClinGen:CA5902956,2,1338672,17407075,C,G,-,-,-,-,-,-,SCV002065897|SCV002814633|SCV003285276|SCV003728003|SCV007345167,-,-
1329682,Deletion,NM_000352.6(ABCC8):c.805del (p.Ala269fs),6833,ABCC8,HGNC:59,Pathogenic/Likely pathogenic,1,"Aug 26, 2025",1564976749,-,RCV001818047|RCV002282580|RCV003470933|RCV003321878|RCV005040405,"MedGen:C3661900|MONDO:MONDO:0017182,MedGen:C3888018,Orphanet:276525|Human Phenotype Ontology:HP:0005965,Human Phenotype Ontology:HP:0005978,Human Phenotype Ontology:HP:0100652,MONDO:MONDO:0005148,MeSH:D003924,MedGen:C0011860,OMIM:125853|MONDO:MONDO:0009734,MedGen:C2931832,OMIM:256450,Orphanet:276575,Orphanet:276598|MONDO:MONDO:0030088,MedGen:C5394303,OMIM:618857;MONDO:MONDO:0009734,MedGen:C2931832,OMIM:256450,Orphanet:276575,Orphanet:276598;MONDO:MONDO:0009415,MedGen:C0271714,OMIM:240800;Human Phenotype Ontology:HP:0005965,Human Phenotype Ontology:HP:0005978,Human Phenotype Ontology:HP:0100652,MONDO:MONDO:0005148,MeSH:D003924,MedGen:C0011860,OMIM:125853;MONDO:MONDO:0012480,MedGen:C1835887,OMIM:610374,Orphanet:99886","not provided|Familial hyperinsulinism|Type 2 diabetes mellitus|Hyperinsulinemic hypoglycemia, familial, 1|Diabetes mellitus, permanent neonatal 3;Hyperinsulinemic hypoglycemia, familial, 1;Leucine-induced hypoglycemia;Type 2 diabetes mellitus;Diabetes mellitus, transient neonatal, 2",germline;unknown,germline,GRCh37,NC_000011.9,11,17483147,17483147,na,na,11p15.1,"criteria provided, multiple submitters, no conflicts",6,-,N,ClinGen:CA597904544,2,1338676,17483146,GC,G,-,-,-,-,-,-,SCV002065902|SCV002235507|SCV002570583|SCV004026574|SCV004192227|SCV005676087,-,-
1329682,Deletion,NM_000352.6(ABCC8):c.805del (p.Ala269fs),6833,ABCC8,HGNC:59,Pathogenic/Likely pathogenic,1,"Aug 26, 2025",1564976749,-,RCV001818047|RCV002282580|RCV003470933|RCV003321878|RCV005040405,"MedGen:C3661900|MONDO:MONDO:0017182,MedGen:C3888018,Orphanet:276525|Human Phenotype Ontology:HP:0005965,Human Phenotype Ontology:HP:0005978,Human Phenotype Ontology:HP:0100652,MONDO:MONDO:0005148,MeSH:D003924,MedGen:C0011860,OMIM:125853|MONDO:MONDO:0009734,MedGen:C2931832,OMIM:256450,Orphanet:276575,Orphanet:276598|MONDO:MONDO:0030088,MedGen:C5394303,OMIM:618857;MONDO:MONDO:0009734,MedGen:C2931832,OMIM:256450,Orphanet:276575,Orphanet:276598;MONDO:MONDO:0009415,MedGen:C0271714,OMIM:240800;Human Phenotype Ontology:HP:0005965,Human Phenotype Ontology:HP:0005978,Human Phenotype Ontology:HP:0100652,MONDO:MONDO:0005148,MeSH:D003924,MedGen:C0011860,OMIM:125853;MONDO:MONDO:0012480,MedGen:C1835887,OMIM:610374,Orphanet:99886","not provided|Familial hyperinsulinism|Type 2 diabetes mellitus|Hyperinsulinemic hypoglycemia, familial, 1|Diabetes mellitus, permanent neonatal 3;Hyperinsulinemic hypoglycemia, familial, 1;Leucine-induced hypoglycemia;Type 2 diabetes mellitus;Diabetes mellitus, transient neonatal, 2",germline;unknown,germline,GRCh38,NC_000011.10,11,17461600,17461600,na,na,11p15.1,"criteria provided, multiple submitters, no conflicts",6,-,N,ClinGen:CA597904544,2,1338676,17461599,GC,G,-,-,-,-,-,-,SCV002065902|SCV002235507|SCV002570583|SCV004026574|SCV004192227|SCV005676087,-,-
1329687,single nucleotide variant,NM_000352.6(ABCC8):c.4438A>T (p.Asn1480Tyr),6833,ABCC8,HGNC:59,Uncertain significance,0,"Dec 14, 2021",1591705863,-,RCV001818052,MedGen:CN169374,not specified,germline,germline,GRCh37,NC_000011.9,11,17415920,17415920,na,na,11p15.1,"criteria provided, single submitter",1,-,N,ClinGen:CA379783600,2,1338681,17415920,T,A,-,-,-,-,-,-,SCV002065915,-,-
1329687,single nucleotide variant,NM_000352.6(ABCC8):c.4438A>T (p.Asn1480Tyr),6833,ABCC8,HGNC:59,Uncertain significance,0,"Dec 14, 2021",1591705863,-,RCV001818052,MedGen:CN169374,not specified,germline,germline,GRCh38,NC_000011.10,11,17394373,17394373,na,na,11p15.1,"criteria provided, single submitter",1,-,N,ClinGen:CA379783600,2,1338681,17394373,T,A,-,-,-,-,-,-,SCV002065915,-,-
1329688,single nucleotide variant,NM_000352.6(ABCC8):c.4438A>C (p.Asn1480His),6833,ABCC8,HGNC:59,Uncertain significance,0,"Dec 14, 2021",1591705863,-,RCV001818053,MedGen:CN169374,not specified,germline,germline,GRCh37,NC_000011.9,11,17415920,17415920,na,na,11p15.1,"criteria provided, single submitter",1,-,N,ClinGen:CA379783609,2,1338682,17415920,T,G,-,-,-,-,-,-,SCV002065916,-,-
1329688,single nucleotide variant,NM_000352.6(ABCC8):c.4438A>C (p.Asn1480His),6833,ABCC8,HGNC:59,Uncertain significance,0,"Dec 14, 2021",1591705863,-,RCV001818053,MedGen:CN169374,not specified,germline,germline,GRCh38,NC_000011.10,11,17394373,17394373,na,na,11p15.1,"criteria provided, single submitter",1,-,N,ClinGen:CA379783609,2,1338682,17394373,T,G,-,-,-,-,-,-,SCV002065916,-,-
1329691,single nucleotide variant,NM_000162.5(GCK):c.1120G>C (p.Val374Leu),2645,GCK,HGNC:4195,Conflicting classifications of pathogenicity,1,"Aug 04, 2025",1415041911,-,RCV001818056,MedGen:C3661900,not provided,germline,germline,GRCh37,NC_000007.13,7,44185229,44185229,na,na,7p13,"criteria provided, conflicting classifications",2,-,N,ClinGen:CA367398880,2,1338685,44185229,C,G,-,-,-,-,-,-,SCV002065926|SCV007415424,-,-
1329691,single nucleotide variant,NM_000162.5(GCK):c.1120G>C (p.Val374Leu),2645,GCK,HGNC:4195,Conflicting classifications of pathogenicity,1,"Aug 04, 2025",1415041911,-,RCV001818056,MedGen:C3661900,not provided,germline,germline,GRCh38,NC_000007.14,7,44145630,44145630,na,na,7p13,"criteria provided, conflicting classifications",2,-,N,ClinGen:CA367398880,2,1338685,44145630,C,G,-,-,-,-,-,-,SCV002065926|SCV007415424,-,-
1330249,single nucleotide variant,NM_000352.6(ABCC8):c.4060G>A (p.Asp1354Asn),6833,ABCC8,HGNC:59,Uncertain significance,0,"May 03, 2024",1199684247,-,RCV001823661|RCV004536349|RCV005050415,"MONDO:MONDO:0009734,MedGen:C2931832,OMIM:256450,Orphanet:276575,Orphanet:276598||MONDO:MONDO:0030088,MedGen:C5394303,OMIM:618857;MONDO:MONDO:0009734,MedGen:C2931832,OMIM:256450,Orphanet:276575,Orphanet:276598;MONDO:MONDO:0009415,MedGen:C0271714,OMIM:240800;Human Phenotype Ontology:HP:0005965,Human Phenotype Ontology:HP:0005978,Human Phenotype Ontology:HP:0100652,MONDO:MONDO:0005148,MeSH:D003924,MedGen:C0011860,OMIM:125853;MONDO:MONDO:0012480,MedGen:C1835887,OMIM:610374,Orphanet:99886","Hyperinsulinemic hypoglycemia, familial, 1|ABCC8-related disorder|Diabetes mellitus, permanent neonatal 3;Hyperinsulinemic hypoglycemia, familial, 1;Leucine-induced hypoglycemia;Type 2 diabetes mellitus;Diabetes mellitus, transient neonatal, 2",germline,germline,GRCh37,NC_000011.9,11,17418522,17418522,na,na,11p15.1,"criteria provided, multiple submitters, no conflicts",3,-,N,ClinGen:CA379790603,2,1339207,17418522,C,T,-,-,-,-,-,-,SCV002073266|SCV004117612|SCV005683386,-,-
1330249,single nucleotide variant,NM_000352.6(ABCC8):c.4060G>A (p.Asp1354Asn),6833,ABCC8,HGNC:59,Uncertain significance,0,"May 03, 2024",1199684247,-,RCV001823661|RCV004536349|RCV005050415,"MONDO:MONDO:0009734,MedGen:C2931832,OMIM:256450,Orphanet:276575,Orphanet:276598||MONDO:MONDO:0030088,MedGen:C5394303,OMIM:618857;MONDO:MONDO:0009734,MedGen:C2931832,OMIM:256450,Orphanet:276575,Orphanet:276598;MONDO:MONDO:0009415,MedGen:C0271714,OMIM:240800;Human Phenotype Ontology:HP:0005965,Human Phenotype Ontology:HP:0005978,Human Phenotype Ontology:HP:0100652,MONDO:MONDO:0005148,MeSH:D003924,MedGen:C0011860,OMIM:125853;MONDO:MONDO:0012480,MedGen:C1835887,OMIM:610374,Orphanet:99886","Hyperinsulinemic hypoglycemia, familial, 1|ABCC8-related disorder|Diabetes mellitus, permanent neonatal 3;Hyperinsulinemic hypoglycemia, familial, 1;Leucine-induced hypoglycemia;Type 2 diabetes mellitus;Diabetes mellitus, transient neonatal, 2",germline,germline,GRCh38,NC_000011.10,11,17396975,17396975,na,na,11p15.1,"criteria provided, multiple submitters, no conflicts",3,-,N,ClinGen:CA379790603,2,1339207,17396975,C,T,-,-,-,-,-,-,SCV002073266|SCV004117612|SCV005683386,-,-
1330250,single nucleotide variant,NM_000352.6(ABCC8):c.2929G>A (p.Ala977Thr),6833,ABCC8,HGNC:59,Conflicting classifications of pathogenicity,0,"May 29, 2024",568576108,-,RCV001823662|RCV002503332|RCV002542743,"MONDO:MONDO:0009734,MedGen:C2931832,OMIM:256450,Orphanet:276575,Orphanet:276598|MONDO:MONDO:0030088,MedGen:C5394303,OMIM:618857;MONDO:MONDO:0009734,MedGen:C2931832,OMIM:256450,Orphanet:276575,Orphanet:276598;MONDO:MONDO:0009415,MedGen:C0271714,OMIM:240800;Human Phenotype Ontology:HP:0005965,Human Phenotype Ontology:HP:0005978,Human Phenotype Ontology:HP:0100652,MONDO:MONDO:0005148,MeSH:D003924,MedGen:C0011860,OMIM:125853;MONDO:MONDO:0012480,MedGen:C1835887,OMIM:610374,Orphanet:99886|MedGen:C3661900","Hyperinsulinemic hypoglycemia, familial, 1|Diabetes mellitus, permanent neonatal 3;Hyperinsulinemic hypoglycemia, familial, 1;Leucine-induced hypoglycemia;Type 2 diabetes mellitus;Diabetes mellitus, transient neonatal, 2|not provided",germline,germline,GRCh37,NC_000011.9,11,17428668,17428668,na,na,11p15.1,"criteria provided, conflicting classifications",4,-,N,ClinGen:CA5902968,2,1339208,17428668,C,T,-,-,-,-,-,-,SCV002073267|SCV002814718|SCV003288178|SCV005419984,-,-
1330250,single nucleotide variant,NM_000352.6(ABCC8):c.2929G>A (p.Ala977Thr),6833,ABCC8,HGNC:59,Conflicting classifications of pathogenicity,0,"May 29, 2024",568576108,-,RCV001823662|RCV002503332|RCV002542743,"MONDO:MONDO:0009734,MedGen:C2931832,OMIM:256450,Orphanet:276575,Orphanet:276598|MONDO:MONDO:0030088,MedGen:C5394303,OMIM:618857;MONDO:MONDO:0009734,MedGen:C2931832,OMIM:256450,Orphanet:276575,Orphanet:276598;MONDO:MONDO:0009415,MedGen:C0271714,OMIM:240800;Human Phenotype Ontology:HP:0005965,Human Phenotype Ontology:HP:0005978,Human Phenotype Ontology:HP:0100652,MONDO:MONDO:0005148,MeSH:D003924,MedGen:C0011860,OMIM:125853;MONDO:MONDO:0012480,MedGen:C1835887,OMIM:610374,Orphanet:99886|MedGen:C3661900","Hyperinsulinemic hypoglycemia, familial, 1|Diabetes mellitus, permanent neonatal 3;Hyperinsulinemic hypoglycemia, familial, 1;Leucine-induced hypoglycemia;Type 2 diabetes mellitus;Diabetes mellitus, transient neonatal, 2|not provided",germline,germline,GRCh38,NC_000011.10,11,17407121,17407121,na,na,11p15.1,"criteria provided, conflicting classifications",4,-,N,ClinGen:CA5902968,2,1339208,17407121,C,T,-,-,-,-,-,-,SCV002073267|SCV002814718|SCV003288178|SCV005419984,-,-
1332849,single nucleotide variant,NM_000162.5(GCK):c.175C>G (p.Pro59Ala),2645,GCK,HGNC:4195,Conflicting classifications of pathogenicity,1,"Oct 14, 2025",193922287,-,RCV001837096,MedGen:C3661900,not provided,germline;unknown,germline,GRCh37,NC_000007.13,7,44192933,44192933,na,na,7p13,"criteria provided, conflicting classifications",3,-,N,ClinGen:CA367403309,2,1341600,44192933,G,C,-,-,-,-,-,-,SCV002097468|SCV005794177|SCV007297133,-,-
1332849,single nucleotide variant,NM_000162.5(GCK):c.175C>G (p.Pro59Ala),2645,GCK,HGNC:4195,Conflicting classifications of pathogenicity,1,"Oct 14, 2025",193922287,-,RCV001837096,MedGen:C3661900,not provided,germline;unknown,germline,GRCh38,NC_000007.14,7,44153334,44153334,na,na,7p13,"criteria provided, conflicting classifications",3,-,N,ClinGen:CA367403309,2,1341600,44153334,G,C,-,-,-,-,-,-,SCV002097468|SCV005794177|SCV007297133,-,-
1335140,single nucleotide variant,NM_000162.5(GCK):c.179C>T (p.Thr60Ile),2645,GCK,HGNC:4195,Pathogenic,1,"Jul 29, 2025",747783371,-,RCV001844458|RCV002406905|RCV005623446|RCV006468081,"MedGen:CN169374|Human Phenotype Ontology:HP:0004904,MONDO:MONDO:0018911,MedGen:C0342276,OMIM:PS125850,Orphanet:552|MONDO:MONDO:0015967,MedGen:C3888631,Orphanet:183625|MedGen:C3661900",not specified|Maturity-onset diabetes of the young|Monogenic diabetes|not provided,germline,germline,GRCh37,NC_000007.13,7,44192929,44192929,na,na,7p13,reviewed by expert panel,4,-,N,ClinGen:CA4239709,2,1343440,44192929,G,A,-,-,-,-,-,-,SCV006304595,-,-
1335140,single nucleotide variant,NM_000162.5(GCK):c.179C>T (p.Thr60Ile),2645,GCK,HGNC:4195,Pathogenic,1,"Jul 29, 2025",747783371,-,RCV001844458|RCV002406905|RCV005623446|RCV006468081,"MedGen:CN169374|Human Phenotype Ontology:HP:0004904,MONDO:MONDO:0018911,MedGen:C0342276,OMIM:PS125850,Orphanet:552|MONDO:MONDO:0015967,MedGen:C3888631,Orphanet:183625|MedGen:C3661900",not specified|Maturity-onset diabetes of the young|Monogenic diabetes|not provided,germline,germline,GRCh38,NC_000007.14,7,44153330,44153330,na,na,7p13,reviewed by expert panel,4,-,N,ClinGen:CA4239709,2,1343440,44153330,G,A,-,-,-,-,-,-,SCV006304595,-,-
1335141,single nucleotide variant,NM_000162.5(GCK):c.1098C>T (p.Ile366=),2645,GCK,HGNC:4195,Likely benign,0,"Feb 20, 2022",2128819347,-,RCV001844459,MedGen:CN169374,not specified,germline,germline,GRCh37,NC_000007.13,7,44185251,44185251,na,na,7p13,"criteria provided, single submitter",1,-,N,ClinGen:CA454863044,2,1343441,44185251,G,A,-,-,-,-,-,-,SCV002103385,-,-
1335141,single nucleotide variant,NM_000162.5(GCK):c.1098C>T (p.Ile366=),2645,GCK,HGNC:4195,Likely benign,0,"Feb 20, 2022",2128819347,-,RCV001844459,MedGen:CN169374,not specified,germline,germline,GRCh38,NC_000007.14,7,44145652,44145652,na,na,7p13,"criteria provided, single submitter",1,-,N,ClinGen:CA454863044,2,1343441,44145652,G,A,-,-,-,-,-,-,SCV002103385,-,-
1335167,single nucleotide variant,NM_000352.6(ABCC8):c.1924-13A>G,6833,ABCC8,HGNC:59,Likely benign,0,"Jan 22, 2026",369865762,-,RCV001844486|RCV003560872,MedGen:CN169374|MedGen:C3661900,not specified|not provided,germline,germline,GRCh37,NC_000011.9,11,17449965,17449965,na,na,11p15.1,"criteria provided, multiple submitters, no conflicts",2,-,N,ClinGen:CA5903379,2,1343468,17449965,T,C,-,-,-,-,-,-,SCV002103458|SCV004291548,-,-
1335167,single nucleotide variant,NM_000352.6(ABCC8):c.1924-13A>G,6833,ABCC8,HGNC:59,Likely benign,0,"Jan 22, 2026",369865762,-,RCV001844486|RCV003560872,MedGen:CN169374|MedGen:C3661900,not specified|not provided,germline,germline,GRCh38,NC_000011.10,11,17428418,17428418,na,na,11p15.1,"criteria provided, multiple submitters, no conflicts",2,-,N,ClinGen:CA5903379,2,1343468,17428418,T,C,-,-,-,-,-,-,SCV002103458|SCV004291548,-,-
1336796,single nucleotide variant,NM_000162.5(GCK):c.863+32C>A,2645,GCK,HGNC:4195,Likely benign,0,"Sep 18, 2021",566348137,-,RCV002034837,MedGen:C3661900,not provided,germline,germline,GRCh37,NC_000007.13,7,44187217,44187217,na,na,7p13,"criteria provided, single submitter",1,-,N,ClinGen:CA4239503,2,1344976,44187217,G,T,-,-,-,-,-,-,SCV002107298,-,-
1336796,single nucleotide variant,NM_000162.5(GCK):c.863+32C>A,2645,GCK,HGNC:4195,Likely benign,0,"Sep 18, 2021",566348137,-,RCV002034837,MedGen:C3661900,not provided,germline,germline,GRCh38,NC_000007.14,7,44147618,44147618,na,na,7p13,"criteria provided, single submitter",1,-,N,ClinGen:CA4239503,2,1344976,44147618,G,T,-,-,-,-,-,-,SCV002107298,-,-
1337487,single nucleotide variant,NM_000352.6(ABCC8):c.653T>C (p.Leu218Pro),6833,ABCC8,HGNC:59,Uncertain significance,0,"Oct 20, 2021",2133680172,-,RCV001943906,MedGen:C3661900,not provided,germline,germline,GRCh37,NC_000011.9,11,17483299,17483299,na,na,11p15.1,"criteria provided, single submitter",1,-,N,ClinGen:CA379778856,2,1421872,17483299,A,G,-,-,-,-,-,-,SCV002193264,-,-
1337487,single nucleotide variant,NM_000352.6(ABCC8):c.653T>C (p.Leu218Pro),6833,ABCC8,HGNC:59,Uncertain significance,0,"Oct 20, 2021",2133680172,-,RCV001943906,MedGen:C3661900,not provided,germline,germline,GRCh38,NC_000011.10,11,17461752,17461752,na,na,11p15.1,"criteria provided, single submitter",1,-,N,ClinGen:CA379778856,2,1421872,17461752,A,G,-,-,-,-,-,-,SCV002193264,-,-
1339400,single nucleotide variant,NM_000352.6(ABCC8):c.4012T>C (p.Trp1338Arg),6833,ABCC8,HGNC:59,Uncertain significance,0,"Nov 10, 2021",1554905805,-,RCV002014869,MedGen:C3661900,not provided,germline,germline,GRCh37,NC_000011.9,11,17418570,17418570,na,na,11p15.1,"criteria provided, single submitter",1,-,N,ClinGen:CA379791109,2,1476628,17418570,A,G,-,-,-,-,-,-,SCV002265383,-,-
1339400,single nucleotide variant,NM_000352.6(ABCC8):c.4012T>C (p.Trp1338Arg),6833,ABCC8,HGNC:59,Uncertain significance,0,"Nov 10, 2021",1554905805,-,RCV002014869,MedGen:C3661900,not provided,germline,germline,GRCh38,NC_000011.10,11,17397023,17397023,na,na,11p15.1,"criteria provided, single submitter",1,-,N,ClinGen:CA379791109,2,1476628,17397023,A,G,-,-,-,-,-,-,SCV002265383,-,-
1339911,single nucleotide variant,NM_000352.6(ABCC8):c.4544C>T (p.Thr1515Met),6833,ABCC8,HGNC:59,Pathogenic/Likely pathogenic,1,"Aug 25, 2025",769989185,-,RCV002004428|RCV002290835|RCV004699641|RCV005042680,"MedGen:C3661900|Human Phenotype Ontology:HP:0005965,Human Phenotype Ontology:HP:0005978,Human Phenotype Ontology:HP:0100652,MONDO:MONDO:0005148,MeSH:D003924,MedGen:C0011860,OMIM:125853|Human Phenotype Ontology:HP:0004904,MONDO:MONDO:0018911,MedGen:C0342276,OMIM:PS125850,Orphanet:552|MONDO:MONDO:0012480,MedGen:C1835887,OMIM:610374,Orphanet:99886;MONDO:MONDO:0009415,MedGen:C0271714,OMIM:240800;MONDO:MONDO:0009734,MedGen:C2931832,OMIM:256450,Orphanet:276575,Orphanet:276598;Human Phenotype Ontology:HP:0005965,Human Phenotype Ontology:HP:0005978,Human Phenotype Ontology:HP:0100652,MONDO:MONDO:0005148,MeSH:D003924,MedGen:C0011860,OMIM:125853;MONDO:MONDO:0030088,MedGen:C5394303,OMIM:618857","not provided|Type 2 diabetes mellitus|Maturity-onset diabetes of the young|Diabetes mellitus, transient neonatal, 2;Leucine-induced hypoglycemia;Hyperinsulinemic hypoglycemia, familial, 1;Type 2 diabetes mellitus;Diabetes mellitus, permanent neonatal 3",germline,germline,GRCh37,NC_000011.9,11,17415814,17415814,na,na,11p15.1,"criteria provided, multiple submitters, no conflicts",5,-,N,ClinGen:CA5902453,2,1506182,17415814,G,A,-,-,-,-,-,-,SCV002293263|SCV002580676|SCV005204853|SCV005325033|SCV005676652,-,-
1339911,single nucleotide variant,NM_000352.6(ABCC8):c.4544C>T (p.Thr1515Met),6833,ABCC8,HGNC:59,Pathogenic/Likely pathogenic,1,"Aug 25, 2025",769989185,-,RCV002004428|RCV002290835|RCV004699641|RCV005042680,"MedGen:C3661900|Human Phenotype Ontology:HP:0005965,Human Phenotype Ontology:HP:0005978,Human Phenotype Ontology:HP:0100652,MONDO:MONDO:0005148,MeSH:D003924,MedGen:C0011860,OMIM:125853|Human Phenotype Ontology:HP:0004904,MONDO:MONDO:0018911,MedGen:C0342276,OMIM:PS125850,Orphanet:552|MONDO:MONDO:0012480,MedGen:C1835887,OMIM:610374,Orphanet:99886;MONDO:MONDO:0009415,MedGen:C0271714,OMIM:240800;MONDO:MONDO:0009734,MedGen:C2931832,OMIM:256450,Orphanet:276575,Orphanet:276598;Human Phenotype Ontology:HP:0005965,Human Phenotype Ontology:HP:0005978,Human Phenotype Ontology:HP:0100652,MONDO:MONDO:0005148,MeSH:D003924,MedGen:C0011860,OMIM:125853;MONDO:MONDO:0030088,MedGen:C5394303,OMIM:618857","not provided|Type 2 diabetes mellitus|Maturity-onset diabetes of the young|Diabetes mellitus, transient neonatal, 2;Leucine-induced hypoglycemia;Hyperinsulinemic hypoglycemia, familial, 1;Type 2 diabetes mellitus;Diabetes mellitus, permanent neonatal 3",germline,germline,GRCh38,NC_000011.10,11,17394267,17394267,na,na,11p15.1,"criteria provided, multiple submitters, no conflicts",5,-,N,ClinGen:CA5902453,2,1506182,17394267,G,A,-,-,-,-,-,-,SCV002293263|SCV002580676|SCV005204853|SCV005325033|SCV005676652,-,-
1340246,single nucleotide variant,NM_000352.6(ABCC8):c.1369G>T (p.Gly457Ter),6833,ABCC8,HGNC:59,Pathogenic,1,"Dec 02, 2020",771959876,-,RCV001867603,MedGen:C3661900,not provided,germline,germline,GRCh37,NC_000011.9,11,17464823,17464823,na,na,11p15.1,"criteria provided, single submitter",1,-,N,ClinGen:CA379767190,2,1368654,17464823,C,A,-,-,-,-,-,-,SCV002130975,-,-
1340246,single nucleotide variant,NM_000352.6(ABCC8):c.1369G>T (p.Gly457Ter),6833,ABCC8,HGNC:59,Pathogenic,1,"Dec 02, 2020",771959876,-,RCV001867603,MedGen:C3661900,not provided,germline,germline,GRCh38,NC_000011.10,11,17443276,17443276,na,na,11p15.1,"criteria provided, single submitter",1,-,N,ClinGen:CA379767190,2,1368654,17443276,C,A,-,-,-,-,-,-,SCV002130975,-,-
1341183,single nucleotide variant,NM_000162.5(GCK):c.898G>A (p.Glu300Lys),2645,GCK,HGNC:4195,Likely pathogenic,1,"Oct 13, 2024",1255911887,-,RCV001931730|RCV003326005,"MedGen:C3661900|MONDO:MONDO:0015967,MedGen:C3888631,Orphanet:183625",not provided|Monogenic diabetes,germline,germline,GRCh37,NC_000007.13,7,44186183,44186183,na,na,7p13,reviewed by expert panel,2,-,N,ClinGen:CA367400084,2,1436793,44186183,C,T,-,-,-,-,-,-,SCV004032082,-,-
1341183,single nucleotide variant,NM_000162.5(GCK):c.898G>A (p.Glu300Lys),2645,GCK,HGNC:4195,Likely pathogenic,1,"Oct 13, 2024",1255911887,-,RCV001931730|RCV003326005,"MedGen:C3661900|MONDO:MONDO:0015967,MedGen:C3888631,Orphanet:183625",not provided|Monogenic diabetes,germline,germline,GRCh38,NC_000007.14,7,44146584,44146584,na,na,7p13,reviewed by expert panel,2,-,N,ClinGen:CA367400084,2,1436793,44146584,C,T,-,-,-,-,-,-,SCV004032082,-,-
1350996,Deletion,NM_000352.6(ABCC8):c.56del (p.Gln19fs),6833,ABCC8,HGNC:59,Pathogenic/Likely pathogenic,1,"Nov 08, 2022",2133738006,-,RCV001891593|RCV003475149,"MedGen:C3661900|Human Phenotype Ontology:HP:0005965,Human Phenotype Ontology:HP:0005978,Human Phenotype Ontology:HP:0100652,MONDO:MONDO:0005148,MeSH:D003924,MedGen:C0011860,OMIM:125853",not provided|Type 2 diabetes mellitus,germline;unknown,germline,GRCh37,NC_000011.9,11,17498268,17498268,na,na,11p15.1,"criteria provided, multiple submitters, no conflicts",2,-,N,ClinGen:CA2573146097,2,1396217,17498267,CT,C,-,-,-,-,-,-,SCV002165779|SCV004202411,-,-
1350996,Deletion,NM_000352.6(ABCC8):c.56del (p.Gln19fs),6833,ABCC8,HGNC:59,Pathogenic/Likely pathogenic,1,"Nov 08, 2022",2133738006,-,RCV001891593|RCV003475149,"MedGen:C3661900|Human Phenotype Ontology:HP:0005965,Human Phenotype Ontology:HP:0005978,Human Phenotype Ontology:HP:0100652,MONDO:MONDO:0005148,MeSH:D003924,MedGen:C0011860,OMIM:125853",not provided|Type 2 diabetes mellitus,germline;unknown,germline,GRCh38,NC_000011.10,11,17476721,17476721,na,na,11p15.1,"criteria provided, multiple submitters, no conflicts",2,-,N,ClinGen:CA2573146097,2,1396217,17476720,CT,C,-,-,-,-,-,-,SCV002165779|SCV004202411,-,-
1351670,single nucleotide variant,NM_000162.5(GCK):c.946T>C (p.Phe316Leu),2645,GCK,HGNC:4195,Uncertain significance,0,"Jun 05, 2022",2128819989,-,RCV001998544,MedGen:C3661900,not provided,germline,germline,GRCh37,NC_000007.13,7,44186135,44186135,na,na,7p13,"criteria provided, single submitter",1,-,N,ClinGen:CA367399936,2,1478163,44186135,A,G,-,-,-,-,-,-,SCV002257659,-,-
1351670,single nucleotide variant,NM_000162.5(GCK):c.946T>C (p.Phe316Leu),2645,GCK,HGNC:4195,Uncertain significance,0,"Jun 05, 2022",2128819989,-,RCV001998544,MedGen:C3661900,not provided,germline,germline,GRCh38,NC_000007.14,7,44146536,44146536,na,na,7p13,"criteria provided, single submitter",1,-,N,ClinGen:CA367399936,2,1478163,44146536,A,G,-,-,-,-,-,-,SCV002257659,-,-
1357890,single nucleotide variant,NM_000525.4(KCNJ11):c.1084G>A (p.Ala362Thr),3767,KCNJ11,HGNC:6257,Uncertain significance,0,"Oct 24, 2024",755839409,-,RCV001875388|RCV002051970,"MedGen:C3661900|Human Phenotype Ontology:HP:0004904,MONDO:MONDO:0018911,MedGen:C0342276,OMIM:PS125850,Orphanet:552",not provided|Maturity-onset diabetes of the young,germline,germline,GRCh37,NC_000011.9,11,17408555,17408555,na,na,11p15.1,"criteria provided, multiple submitters, no conflicts",2,-,N,ClinGen:CA5902188,2,1386763,17408555,C,T,-,-,-,-,-,-,SCV002151623|SCV002318391,-,-
1357890,single nucleotide variant,NM_000525.4(KCNJ11):c.1084G>A (p.Ala362Thr),3767,KCNJ11,HGNC:6257,Uncertain significance,0,"Oct 24, 2024",755839409,-,RCV001875388|RCV002051970,"MedGen:C3661900|Human Phenotype Ontology:HP:0004904,MONDO:MONDO:0018911,MedGen:C0342276,OMIM:PS125850,Orphanet:552",not provided|Maturity-onset diabetes of the young,germline,germline,GRCh38,NC_000011.10,11,17387008,17387008,na,na,11p15.1,"criteria provided, multiple submitters, no conflicts",2,-,N,ClinGen:CA5902188,2,1386763,17387008,C,T,-,-,-,-,-,-,SCV002151623|SCV002318391,-,-
1359611,single nucleotide variant,NM_000162.5(GCK):c.349G>C (p.Gly117Arg),2645,GCK,HGNC:4195,Likely pathogenic,1,"Dec 02, 2023",748554061,-,RCV003446984|RCV002019233,"MONDO:MONDO:0015967,MedGen:C3888631,Orphanet:183625|MedGen:C3661900",Monogenic diabetes|not provided,germline,germline,GRCh37,NC_000007.13,7,44191884,44191884,na,na,7p13,reviewed by expert panel,2,-,N,ClinGen:CA367402585,2,1496579,44191884,C,G,-,-,-,-,-,-,SCV004174242,-,-
1359611,single nucleotide variant,NM_000162.5(GCK):c.349G>C (p.Gly117Arg),2645,GCK,HGNC:4195,Likely pathogenic,1,"Dec 02, 2023",748554061,-,RCV003446984|RCV002019233,"MONDO:MONDO:0015967,MedGen:C3888631,Orphanet:183625|MedGen:C3661900",Monogenic diabetes|not provided,germline,germline,GRCh38,NC_000007.14,7,44152285,44152285,na,na,7p13,reviewed by expert panel,2,-,N,ClinGen:CA367402585,2,1496579,44152285,C,G,-,-,-,-,-,-,SCV004174242,-,-
1364041,Duplication,NM_000162.5(GCK):c.140dup (p.Glu48fs),2645,GCK,HGNC:4195,Pathogenic,1,"Jan 13, 2026",2128823146,-,RCV002037630|RCV006458815,"MedGen:C3661900|MONDO:MONDO:0015967,MedGen:C3888631,Orphanet:183625",not provided|Monogenic diabetes,germline;unknown,germline,GRCh37,NC_000007.13,7,44192967,44192968,na,na,7p13,"criteria provided, multiple submitters, no conflicts",4,-,N,ClinGen:CA2573142152,2,1452320,44192967,C,CA,-,-,-,-,-,-,SCV002234207|SCV002771550|SCV005078869|SCV007344146,-,-
1364041,Duplication,NM_000162.5(GCK):c.140dup (p.Glu48fs),2645,GCK,HGNC:4195,Pathogenic,1,"Jan 13, 2026",2128823146,-,RCV002037630|RCV006458815,"MedGen:C3661900|MONDO:MONDO:0015967,MedGen:C3888631,Orphanet:183625",not provided|Monogenic diabetes,germline;unknown,germline,GRCh38,NC_000007.14,7,44153368,44153369,na,na,7p13,"criteria provided, multiple submitters, no conflicts",4,-,N,ClinGen:CA2573142152,2,1452320,44153368,C,CA,-,-,-,-,-,-,SCV002234207|SCV002771550|SCV005078869|SCV007344146,-,-
1364113,single nucleotide variant,NM_000352.6(ABCC8):c.1453C>T (p.Gln485Ter),6833,ABCC8,HGNC:59,Pathogenic,1,"Dec 04, 2020",1956391008,-,RCV001999786,MedGen:C3661900,not provided,germline,germline,GRCh37,NC_000011.9,11,17464739,17464739,na,na,11p15.1,"criteria provided, single submitter",1,-,N,ClinGen:CA379766917,2,1452392,17464739,G,A,-,-,-,-,-,-,SCV002231812,-,-
1364113,single nucleotide variant,NM_000352.6(ABCC8):c.1453C>T (p.Gln485Ter),6833,ABCC8,HGNC:59,Pathogenic,1,"Dec 04, 2020",1956391008,-,RCV001999786,MedGen:C3661900,not provided,germline,germline,GRCh38,NC_000011.10,11,17443192,17443192,na,na,11p15.1,"criteria provided, single submitter",1,-,N,ClinGen:CA379766917,2,1452392,17443192,G,A,-,-,-,-,-,-,SCV002231812,-,-
1364197,Deletion,NC_000011.10:g.17395719del,6833,ABCC8,HGNC:59,Pathogenic,1,"Jun 11, 2021",2133401493,-,RCV002037667,MedGen:C3661900,not provided,germline,germline,GRCh37,NC_000011.9,11,17417264,17417264,na,na,11p15.1,"criteria provided, single submitter",1,-,N,ClinGen:CA2573146246,2,1452477,17417263,GC,G,-,-,-,-,-,-,SCV002233567,-,-
1364197,Deletion,NC_000011.10:g.17395719del,6833,ABCC8,HGNC:59,Pathogenic,1,"Jun 11, 2021",2133401493,-,RCV002037667,MedGen:C3661900,not provided,germline,germline,GRCh38,NC_000011.10,11,17395717,17395717,na,na,11p15.1,"criteria provided, single submitter",1,-,N,ClinGen:CA2573146246,2,1452477,17395716,GC,G,-,-,-,-,-,-,SCV002233567,-,-
1364590,single nucleotide variant,NM_000352.6(ABCC8):c.503G>C (p.Arg168Pro),6833,ABCC8,HGNC:59,Likely pathogenic,1,"Aug 30, 2021",1002070797,-,RCV002021933,MedGen:C3661900,not provided,germline,germline,GRCh37,NC_000011.9,11,17485061,17485061,na,na,11p15.1,"criteria provided, single submitter",1,-,N,ClinGen:CA379780007,2,1479920,17485061,C,G,-,-,-,-,-,-,SCV002261465,-,-
1364590,single nucleotide variant,NM_000352.6(ABCC8):c.503G>C (p.Arg168Pro),6833,ABCC8,HGNC:59,Likely pathogenic,1,"Aug 30, 2021",1002070797,-,RCV002021933,MedGen:C3661900,not provided,germline,germline,GRCh38,NC_000011.10,11,17463514,17463514,na,na,11p15.1,"criteria provided, single submitter",1,-,N,ClinGen:CA379780007,2,1479920,17463514,C,G,-,-,-,-,-,-,SCV002261465,-,-
1364747,single nucleotide variant,NM_000352.6(ABCC8):c.290+1G>A,6833,ABCC8,HGNC:59,Likely pathogenic,1,"Sep 29, 2021",2133728249,-,RCV002021971,MedGen:C3661900,not provided,germline,germline,GRCh37,NC_000011.9,11,17496432,17496432,na,na,11p15.1,"criteria provided, single submitter",1,-,N,ClinGen:CA379786995,2,1480077,17496432,C,T,-,-,-,-,-,-,SCV002263738,-,-
1364747,single nucleotide variant,NM_000352.6(ABCC8):c.290+1G>A,6833,ABCC8,HGNC:59,Likely pathogenic,1,"Sep 29, 2021",2133728249,-,RCV002021971,MedGen:C3661900,not provided,germline,germline,GRCh38,NC_000011.10,11,17474885,17474885,na,na,11p15.1,"criteria provided, single submitter",1,-,N,ClinGen:CA379786995,2,1480077,17474885,C,T,-,-,-,-,-,-,SCV002263738,-,-
1366777,single nucleotide variant,NM_000352.6(ABCC8):c.1003C>T (p.Gln335Ter),6833,ABCC8,HGNC:59,Pathogenic,1,"Oct 14, 2021",2133674070,-,RCV001941737,MedGen:C3661900,not provided,germline,germline,GRCh37,NC_000011.9,11,17482043,17482043,na,na,11p15.1,"criteria provided, single submitter",1,-,N,ClinGen:CA379775645,2,1454171,17482043,G,A,-,-,-,-,-,-,SCV002231158,-,-
1366777,single nucleotide variant,NM_000352.6(ABCC8):c.1003C>T (p.Gln335Ter),6833,ABCC8,HGNC:59,Pathogenic,1,"Oct 14, 2021",2133674070,-,RCV001941737,MedGen:C3661900,not provided,germline,germline,GRCh38,NC_000011.10,11,17460496,17460496,na,na,11p15.1,"criteria provided, single submitter",1,-,N,ClinGen:CA379775645,2,1454171,17460496,G,A,-,-,-,-,-,-,SCV002231158,-,-
1369568,single nucleotide variant,NM_000162.5(GCK):c.1181G>T (p.Arg394Leu),2645,GCK,HGNC:4195,Likely pathogenic,1,"Apr 25, 2025",1235227560,-,RCV002048713|RCV003318510,"MedGen:C3661900|MONDO:MONDO:0015967,MedGen:C3888631,Orphanet:183625",not provided|Monogenic diabetes,germline,germline,GRCh37,NC_000007.13,7,44185168,44185168,na,na,7p13,reviewed by expert panel,2,-,N,ClinGen:CA367398578,2,1522625,44185168,C,A,-,-,-,-,-,-,SCV004022345,-,-
1369568,single nucleotide variant,NM_000162.5(GCK):c.1181G>T (p.Arg394Leu),2645,GCK,HGNC:4195,Likely pathogenic,1,"Apr 25, 2025",1235227560,-,RCV002048713|RCV003318510,"MedGen:C3661900|MONDO:MONDO:0015967,MedGen:C3888631,Orphanet:183625",not provided|Monogenic diabetes,germline,germline,GRCh38,NC_000007.14,7,44145569,44145569,na,na,7p13,reviewed by expert panel,2,-,N,ClinGen:CA367398578,2,1522625,44145569,C,A,-,-,-,-,-,-,SCV004022345,-,-
1375636,single nucleotide variant,NM_000352.6(ABCC8):c.1434C>T (p.Ala478=),6833,ABCC8,HGNC:59,Likely benign,0,"Jun 17, 2023",200303681,-,RCV001995050,MedGen:C3661900,not provided,germline,germline,GRCh37,NC_000011.9,11,17464758,17464758,na,na,11p15.1,"criteria provided, single submitter",1,-,N,ClinGen:CA5903583,2,1469793,17464758,G,A,-,-,-,-,-,-,SCV002256485,-,-
1375636,single nucleotide variant,NM_000352.6(ABCC8):c.1434C>T (p.Ala478=),6833,ABCC8,HGNC:59,Likely benign,0,"Jun 17, 2023",200303681,-,RCV001995050,MedGen:C3661900,not provided,germline,germline,GRCh38,NC_000011.10,11,17443211,17443211,na,na,11p15.1,"criteria provided, single submitter",1,-,N,ClinGen:CA5903583,2,1469793,17443211,G,A,-,-,-,-,-,-,SCV002256485,-,-
1375834,single nucleotide variant,NM_000352.6(ABCC8):c.3737G>T (p.Trp1246Leu),6833,ABCC8,HGNC:59,Likely pathogenic,1,"Nov 28, 2022",2133413622,-,RCV001963974,MedGen:C3661900,not provided,germline,germline,GRCh37,NC_000011.9,11,17419902,17419902,na,na,11p15.1,"criteria provided, single submitter",1,-,N,ClinGen:CA379794022,2,1469991,17419902,C,A,-,-,-,-,-,-,SCV002255609,-,-
1375834,single nucleotide variant,NM_000352.6(ABCC8):c.3737G>T (p.Trp1246Leu),6833,ABCC8,HGNC:59,Likely pathogenic,1,"Nov 28, 2022",2133413622,-,RCV001963974,MedGen:C3661900,not provided,germline,germline,GRCh38,NC_000011.10,11,17398355,17398355,na,na,11p15.1,"criteria provided, single submitter",1,-,N,ClinGen:CA379794022,2,1469991,17398355,C,A,-,-,-,-,-,-,SCV002255609,-,-
1378472,single nucleotide variant,NM_000352.6(ABCC8):c.4532T>A (p.Ile1511Asn),6833,ABCC8,HGNC:59,Pathogenic,1,"Sep 12, 2023",2133394768,-,RCV002029876,MedGen:C3661900,not provided,germline,germline,GRCh37,NC_000011.9,11,17415826,17415826,na,na,11p15.1,"criteria provided, single submitter",1,-,N,ClinGen:CA379782755,2,1346183,17415826,A,T,-,-,-,-,-,-,SCV002115945,-,-
1378472,single nucleotide variant,NM_000352.6(ABCC8):c.4532T>A (p.Ile1511Asn),6833,ABCC8,HGNC:59,Pathogenic,1,"Sep 12, 2023",2133394768,-,RCV002029876,MedGen:C3661900,not provided,germline,germline,GRCh38,NC_000011.10,11,17394279,17394279,na,na,11p15.1,"criteria provided, single submitter",1,-,N,ClinGen:CA379782755,2,1346183,17394279,A,T,-,-,-,-,-,-,SCV002115945,-,-
1378486,single nucleotide variant,NM_000352.6(ABCC8):c.460T>G (p.Phe154Val),6833,ABCC8,HGNC:59,Uncertain significance,0,"Nov 10, 2021",2133687586,-,RCV002029884,MedGen:C3661900,not provided,germline,germline,GRCh37,NC_000011.9,11,17485104,17485104,na,na,11p15.1,"criteria provided, single submitter",1,-,N,ClinGen:CA379780246,2,1346197,17485104,A,C,-,-,-,-,-,-,SCV002114196,-,-
1378486,single nucleotide variant,NM_000352.6(ABCC8):c.460T>G (p.Phe154Val),6833,ABCC8,HGNC:59,Uncertain significance,0,"Nov 10, 2021",2133687586,-,RCV002029884,MedGen:C3661900,not provided,germline,germline,GRCh38,NC_000011.10,11,17463557,17463557,na,na,11p15.1,"criteria provided, single submitter",1,-,N,ClinGen:CA379780246,2,1346197,17463557,A,C,-,-,-,-,-,-,SCV002114196,-,-
1378564,single nucleotide variant,NM_000162.5(GCK):c.452C>A (p.Ser151Tyr),2645,GCK,HGNC:4195,Likely pathogenic,1,"Sep 15, 2021",2128822050,-,RCV002029930,MedGen:C3661900,not provided,germline,germline,GRCh37,NC_000007.13,7,44190586,44190586,na,na,7p13,"criteria provided, single submitter",1,-,N,ClinGen:CA367401935,2,1346275,44190586,G,T,-,-,-,-,-,-,SCV002114223,-,-
1378564,single nucleotide variant,NM_000162.5(GCK):c.452C>A (p.Ser151Tyr),2645,GCK,HGNC:4195,Likely pathogenic,1,"Sep 15, 2021",2128822050,-,RCV002029930,MedGen:C3661900,not provided,germline,germline,GRCh38,NC_000007.14,7,44150987,44150987,na,na,7p13,"criteria provided, single submitter",1,-,N,ClinGen:CA367401935,2,1346275,44150987,G,T,-,-,-,-,-,-,SCV002114223,-,-
1379936,Deletion,NM_000352.6(ABCC8):c.3439del (p.Leu1147fs),6833,ABCC8,HGNC:59,Pathogenic,1,"Apr 23, 2021",2133439017,-,RCV001946675,MedGen:C3661900,not provided,germline,germline,GRCh37,NC_000011.9,11,17426177,17426177,na,na,11p15.1,"criteria provided, single submitter",1,-,N,ClinGen:CA2573146140,2,1455676,17426176,AG,A,-,-,-,-,-,-,SCV002236779,-,-
1379936,Deletion,NM_000352.6(ABCC8):c.3439del (p.Leu1147fs),6833,ABCC8,HGNC:59,Pathogenic,1,"Apr 23, 2021",2133439017,-,RCV001946675,MedGen:C3661900,not provided,germline,germline,GRCh38,NC_000011.10,11,17404630,17404630,na,na,11p15.1,"criteria provided, single submitter",1,-,N,ClinGen:CA2573146140,2,1455676,17404629,AG,A,-,-,-,-,-,-,SCV002236779,-,-
1381541,Deletion,NM_000162.5(GCK):c.86del (p.Asp29fs),2645,GCK,HGNC:4195,Pathogenic,1,"Dec 08, 2020",2128823213,-,RCV001881812,MedGen:C3661900,not provided,germline,germline,GRCh37,NC_000007.13,7,44193022,44193022,na,na,7p13,"criteria provided, single submitter",1,-,N,ClinGen:CA2573142155,2,1387176,44193021,GT,G,-,-,-,-,-,-,SCV002153314,-,-
1381541,Deletion,NM_000162.5(GCK):c.86del (p.Asp29fs),2645,GCK,HGNC:4195,Pathogenic,1,"Dec 08, 2020",2128823213,-,RCV001881812,MedGen:C3661900,not provided,germline,germline,GRCh38,NC_000007.14,7,44153423,44153423,na,na,7p13,"criteria provided, single submitter",1,-,N,ClinGen:CA2573142155,2,1387176,44153422,GT,G,-,-,-,-,-,-,SCV002153314,-,-
1382540,single nucleotide variant,NM_000162.5(GCK):c.717G>C (p.Gln239His),2645,GCK,HGNC:4195,Uncertain significance,0,"Apr 08, 2021",2128820660,-,RCV002031377,MedGen:C3661900,not provided,germline,germline,GRCh37,NC_000007.13,7,44187395,44187395,na,na,7p13,"criteria provided, single submitter",1,-,N,ClinGen:CA367400708,2,1523977,44187395,C,G,-,-,-,-,-,-,SCV002307798,-,-
1382540,single nucleotide variant,NM_000162.5(GCK):c.717G>C (p.Gln239His),2645,GCK,HGNC:4195,Uncertain significance,0,"Apr 08, 2021",2128820660,-,RCV002031377,MedGen:C3661900,not provided,germline,germline,GRCh38,NC_000007.14,7,44147796,44147796,na,na,7p13,"criteria provided, single submitter",1,-,N,ClinGen:CA367400708,2,1523977,44147796,C,G,-,-,-,-,-,-,SCV002307798,-,-
1384344,Deletion,NM_000352.6(ABCC8):c.3966_3972del (p.Glu1323fs),6833,ABCC8,HGNC:59,Pathogenic,1,"Nov 10, 2020",2133408466,-,RCV001987515,MedGen:C3661900,not provided,germline,germline,GRCh37,NC_000011.9,11,17418756,17418762,na,na,11p15.1,"criteria provided, single submitter",1,-,N,ClinGen:CA2573146251,2,1443398,17418755,AGCTCTCT,A,-,-,-,-,-,-,SCV002224321,-,-
1384344,Deletion,NM_000352.6(ABCC8):c.3966_3972del (p.Glu1323fs),6833,ABCC8,HGNC:59,Pathogenic,1,"Nov 10, 2020",2133408466,-,RCV001987515,MedGen:C3661900,not provided,germline,germline,GRCh38,NC_000011.10,11,17397209,17397215,na,na,11p15.1,"criteria provided, single submitter",1,-,N,ClinGen:CA2573146251,2,1443398,17397208,AGCTCTCT,A,-,-,-,-,-,-,SCV002224321,-,-
1384525,single nucleotide variant,NM_000352.6(ABCC8):c.2969A>G (p.His990Arg),6833,ABCC8,HGNC:59,Uncertain significance,0,"Nov 02, 2021",2133448138,-,RCV001987601,MedGen:C3661900,not provided,germline,germline,GRCh37,NC_000011.9,11,17428628,17428628,na,na,11p15.1,"criteria provided, single submitter",1,-,N,ClinGen:CA379804133,2,1443580,17428628,T,C,-,-,-,-,-,-,SCV002223369,-,-
1384525,single nucleotide variant,NM_000352.6(ABCC8):c.2969A>G (p.His990Arg),6833,ABCC8,HGNC:59,Uncertain significance,0,"Nov 02, 2021",2133448138,-,RCV001987601,MedGen:C3661900,not provided,germline,germline,GRCh38,NC_000011.10,11,17407081,17407081,na,na,11p15.1,"criteria provided, single submitter",1,-,N,ClinGen:CA379804133,2,1443580,17407081,T,C,-,-,-,-,-,-,SCV002223369,-,-
1384602,single nucleotide variant,NM_000352.6(ABCC8):c.4720G>A (p.Ala1574Thr),6833,ABCC8,HGNC:59,Uncertain significance,0,"Sep 01, 2021",199736860,-,RCV001981312,MedGen:C3661900,not provided,germline,germline,GRCh37,NC_000011.9,11,17414564,17414564,na,na,11p15.1,"criteria provided, single submitter",1,-,N,ClinGen:CA5902376,2,1443657,17414564,C,T,-,-,-,-,-,-,SCV002220610,-,-
1384602,single nucleotide variant,NM_000352.6(ABCC8):c.4720G>A (p.Ala1574Thr),6833,ABCC8,HGNC:59,Uncertain significance,0,"Sep 01, 2021",199736860,-,RCV001981312,MedGen:C3661900,not provided,germline,germline,GRCh38,NC_000011.10,11,17393017,17393017,na,na,11p15.1,"criteria provided, single submitter",1,-,N,ClinGen:CA5902376,2,1443657,17393017,C,T,-,-,-,-,-,-,SCV002220610,-,-
1384860,single nucleotide variant,NM_000162.5(GCK):c.181T>A (p.Tyr61Asn),2645,GCK,HGNC:4195,Uncertain significance,0,"Jan 01, 2022",2128823113,-,RCV001955981,MedGen:C3661900,not provided,germline,germline,GRCh37,NC_000007.13,7,44192927,44192927,na,na,7p13,"criteria provided, single submitter",1,-,N,ClinGen:CA367403298,2,1444770,44192927,A,T,-,-,-,-,-,-,SCV002222457,-,-
1384860,single nucleotide variant,NM_000162.5(GCK):c.181T>A (p.Tyr61Asn),2645,GCK,HGNC:4195,Uncertain significance,0,"Jan 01, 2022",2128823113,-,RCV001955981,MedGen:C3661900,not provided,germline,germline,GRCh38,NC_000007.14,7,44153328,44153328,na,na,7p13,"criteria provided, single submitter",1,-,N,ClinGen:CA367403298,2,1444770,44153328,A,T,-,-,-,-,-,-,SCV002222457,-,-
1385866,single nucleotide variant,NM_000352.6(ABCC8):c.332G>A (p.Gly111Glu),6833,ABCC8,HGNC:59,Likely pathogenic,1,"May 27, 2022",2133711374,-,RCV002042485,MedGen:C3661900,not provided,germline,germline,GRCh37,NC_000011.9,11,17491728,17491728,na,na,11p15.1,"criteria provided, single submitter",1,-,N,ClinGen:CA379784382,2,1500046,17491728,C,T,-,-,-,-,-,-,SCV002294287,-,-
1385866,single nucleotide variant,NM_000352.6(ABCC8):c.332G>A (p.Gly111Glu),6833,ABCC8,HGNC:59,Likely pathogenic,1,"May 27, 2022",2133711374,-,RCV002042485,MedGen:C3661900,not provided,germline,germline,GRCh38,NC_000011.10,11,17470181,17470181,na,na,11p15.1,"criteria provided, single submitter",1,-,N,ClinGen:CA379784382,2,1500046,17470181,C,T,-,-,-,-,-,-,SCV002294287,-,-
1393256,Deletion,NM_000352.6(ABCC8):c.76del (p.Cys26fs),6833,ABCC8,HGNC:59,Pathogenic,1,"Jul 19, 2022",2133737797,-,RCV001931457,MedGen:C3661900,not provided,germline,germline,GRCh37,NC_000011.9,11,17498248,17498248,na,na,11p15.1,"criteria provided, single submitter",1,-,N,ClinGen:CA2573146095,2,1430334,17498247,CA,C,-,-,-,-,-,-,SCV002207250,-,-
1393256,Deletion,NM_000352.6(ABCC8):c.76del (p.Cys26fs),6833,ABCC8,HGNC:59,Pathogenic,1,"Jul 19, 2022",2133737797,-,RCV001931457,MedGen:C3661900,not provided,germline,germline,GRCh38,NC_000011.10,11,17476701,17476701,na,na,11p15.1,"criteria provided, single submitter",1,-,N,ClinGen:CA2573146095,2,1430334,17476700,CA,C,-,-,-,-,-,-,SCV002207250,-,-
1393384,single nucleotide variant,NM_000352.6(ABCC8):c.2671C>T (p.Gln891Ter),6833,ABCC8,HGNC:59,Pathogenic,1,"Jan 08, 2021",2133460957,-,RCV001949250,MedGen:C3661900,not provided,germline,germline,GRCh37,NC_000011.9,11,17432086,17432086,na,na,11p15.1,"criteria provided, single submitter",1,-,N,ClinGen:CA379806046,2,1457443,17432086,G,A,-,-,-,-,-,-,SCV002242903,-,-
1393384,single nucleotide variant,NM_000352.6(ABCC8):c.2671C>T (p.Gln891Ter),6833,ABCC8,HGNC:59,Pathogenic,1,"Jan 08, 2021",2133460957,-,RCV001949250,MedGen:C3661900,not provided,germline,germline,GRCh38,NC_000011.10,11,17410539,17410539,na,na,11p15.1,"criteria provided, single submitter",1,-,N,ClinGen:CA379806046,2,1457443,17410539,G,A,-,-,-,-,-,-,SCV002242903,-,-
1393407,Deletion,NC_000011.9:g.(?_17474656)_(17542968_?)del,6833,ABCC8,HGNC:59,Pathogenic,1,"Nov 13, 2020",-1,-,RCV001953773,MedGen:C3661900,not provided,germline,germline,GRCh37,NC_000011.9,11,17474656,17542968,na,na,11p15.1,"criteria provided, single submitter",1,-,N,-,2,1457466,-1,na,na,-,-,-,-,-,-,SCV002242907,-,-
1393669,single nucleotide variant,NM_000352.6(ABCC8):c.3988+2T>C,6833,ABCC8,HGNC:59,Pathogenic/Likely pathogenic,1,"Jan 24, 2026",745349258,-,RCV001953915|RCV003321888|RCV003471186|RCV005042602,"MedGen:C3661900|MONDO:MONDO:0009734,MedGen:C2931832,OMIM:256450,Orphanet:276575,Orphanet:276598|Human Phenotype Ontology:HP:0005965,Human Phenotype Ontology:HP:0005978,Human Phenotype Ontology:HP:0100652,MONDO:MONDO:0005148,MeSH:D003924,MedGen:C0011860,OMIM:125853|MONDO:MONDO:0012480,MedGen:C1835887,OMIM:610374,Orphanet:99886;MONDO:MONDO:0009415,MedGen:C0271714,OMIM:240800;MONDO:MONDO:0009734,MedGen:C2931832,OMIM:256450,Orphanet:276575,Orphanet:276598;Human Phenotype Ontology:HP:0005965,Human Phenotype Ontology:HP:0005978,Human Phenotype Ontology:HP:0100652,MONDO:MONDO:0005148,MeSH:D003924,MedGen:C0011860,OMIM:125853;MONDO:MONDO:0030088,MedGen:C5394303,OMIM:618857","not provided|Hyperinsulinemic hypoglycemia, familial, 1|Type 2 diabetes mellitus|Diabetes mellitus, transient neonatal, 2;Leucine-induced hypoglycemia;Hyperinsulinemic hypoglycemia, familial, 1;Type 2 diabetes mellitus;Diabetes mellitus, permanent neonatal 3",germline;unknown,germline,GRCh37,NC_000011.9,11,17418738,17418738,na,na,11p15.1,"criteria provided, multiple submitters, no conflicts",4,-,N,ClinGen:CA5902627,2,1457730,17418738,A,G,-,-,-,-,-,-,SCV002239104|SCV004026519|SCV004199698|SCV005681074,-,-
1393669,single nucleotide variant,NM_000352.6(ABCC8):c.3988+2T>C,6833,ABCC8,HGNC:59,Pathogenic/Likely pathogenic,1,"Jan 24, 2026",745349258,-,RCV001953915|RCV003321888|RCV003471186|RCV005042602,"MedGen:C3661900|MONDO:MONDO:0009734,MedGen:C2931832,OMIM:256450,Orphanet:276575,Orphanet:276598|Human Phenotype Ontology:HP:0005965,Human Phenotype Ontology:HP:0005978,Human Phenotype Ontology:HP:0100652,MONDO:MONDO:0005148,MeSH:D003924,MedGen:C0011860,OMIM:125853|MONDO:MONDO:0012480,MedGen:C1835887,OMIM:610374,Orphanet:99886;MONDO:MONDO:0009415,MedGen:C0271714,OMIM:240800;MONDO:MONDO:0009734,MedGen:C2931832,OMIM:256450,Orphanet:276575,Orphanet:276598;Human Phenotype Ontology:HP:0005965,Human Phenotype Ontology:HP:0005978,Human Phenotype Ontology:HP:0100652,MONDO:MONDO:0005148,MeSH:D003924,MedGen:C0011860,OMIM:125853;MONDO:MONDO:0030088,MedGen:C5394303,OMIM:618857","not provided|Hyperinsulinemic hypoglycemia, familial, 1|Type 2 diabetes mellitus|Diabetes mellitus, transient neonatal, 2;Leucine-induced hypoglycemia;Hyperinsulinemic hypoglycemia, familial, 1;Type 2 diabetes mellitus;Diabetes mellitus, permanent neonatal 3",germline;unknown,germline,GRCh38,NC_000011.10,11,17397191,17397191,na,na,11p15.1,"criteria provided, multiple submitters, no conflicts",4,-,N,ClinGen:CA5902627,2,1457730,17397191,A,G,-,-,-,-,-,-,SCV002239104|SCV004026519|SCV004199698|SCV005681074,-,-
1394569,single nucleotide variant,NM_000352.6(ABCC8):c.79T>G (p.Phe27Val),6833,ABCC8,HGNC:59,Uncertain significance,0,"Jul 19, 2022",1202763483,-,RCV001889788,MedGen:C3661900,not provided,germline,germline,GRCh37,NC_000011.9,11,17498245,17498245,na,na,11p15.1,"criteria provided, single submitter",1,-,N,ClinGen:CA379790048,2,1376954,17498245,A,C,-,-,-,-,-,-,SCV002145819,-,-
1394569,single nucleotide variant,NM_000352.6(ABCC8):c.79T>G (p.Phe27Val),6833,ABCC8,HGNC:59,Uncertain significance,0,"Jul 19, 2022",1202763483,-,RCV001889788,MedGen:C3661900,not provided,germline,germline,GRCh38,NC_000011.10,11,17476698,17476698,na,na,11p15.1,"criteria provided, single submitter",1,-,N,ClinGen:CA379790048,2,1376954,17476698,A,C,-,-,-,-,-,-,SCV002145819,-,-
1396815,single nucleotide variant,NM_000352.6(ABCC8):c.45C>G (p.Tyr15Ter),6833,ABCC8,HGNC:59,Pathogenic/Likely pathogenic,1,"Jun 11, 2024",758231286,-,RCV001910791|RCV002490136|RCV003475146|RCV004538586,"MedGen:C3661900|MONDO:MONDO:0009415,MedGen:C0271714,OMIM:240800;MONDO:MONDO:0030088,MedGen:C5394303,OMIM:618857;MONDO:MONDO:0012480,MedGen:C1835887,OMIM:610374,Orphanet:99886;MONDO:MONDO:0009734,MedGen:C2931832,OMIM:256450,Orphanet:276575,Orphanet:276598;Human Phenotype Ontology:HP:0005965,Human Phenotype Ontology:HP:0005978,Human Phenotype Ontology:HP:0100652,MONDO:MONDO:0005148,MeSH:D003924,MedGen:C0011860,OMIM:125853|Human Phenotype Ontology:HP:0005965,Human Phenotype Ontology:HP:0005978,Human Phenotype Ontology:HP:0100652,MONDO:MONDO:0005148,MeSH:D003924,MedGen:C0011860,OMIM:125853|","not provided|Leucine-induced hypoglycemia;Diabetes mellitus, permanent neonatal 3;Diabetes mellitus, transient neonatal, 2;Hyperinsulinemic hypoglycemia, familial, 1;Type 2 diabetes mellitus|Type 2 diabetes mellitus|ABCC8-related disorder",germline;unknown,germline,GRCh37,NC_000011.9,11,17498279,17498279,na,na,11p15.1,"criteria provided, multiple submitters, no conflicts",4,-,N,ClinGen:CA379790178,2,1390642,17498279,G,C,-,-,-,-,-,-,SCV002164595|SCV002776887|SCV004110504|SCV004202448,-,-
1396815,single nucleotide variant,NM_000352.6(ABCC8):c.45C>G (p.Tyr15Ter),6833,ABCC8,HGNC:59,Pathogenic/Likely pathogenic,1,"Jun 11, 2024",758231286,-,RCV001910791|RCV002490136|RCV003475146|RCV004538586,"MedGen:C3661900|MONDO:MONDO:0009415,MedGen:C0271714,OMIM:240800;MONDO:MONDO:0030088,MedGen:C5394303,OMIM:618857;MONDO:MONDO:0012480,MedGen:C1835887,OMIM:610374,Orphanet:99886;MONDO:MONDO:0009734,MedGen:C2931832,OMIM:256450,Orphanet:276575,Orphanet:276598;Human Phenotype Ontology:HP:0005965,Human Phenotype Ontology:HP:0005978,Human Phenotype Ontology:HP:0100652,MONDO:MONDO:0005148,MeSH:D003924,MedGen:C0011860,OMIM:125853|Human Phenotype Ontology:HP:0005965,Human Phenotype Ontology:HP:0005978,Human Phenotype Ontology:HP:0100652,MONDO:MONDO:0005148,MeSH:D003924,MedGen:C0011860,OMIM:125853|","not provided|Leucine-induced hypoglycemia;Diabetes mellitus, permanent neonatal 3;Diabetes mellitus, transient neonatal, 2;Hyperinsulinemic hypoglycemia, familial, 1;Type 2 diabetes mellitus|Type 2 diabetes mellitus|ABCC8-related disorder",germline;unknown,germline,GRCh38,NC_000011.10,11,17476732,17476732,na,na,11p15.1,"criteria provided, multiple submitters, no conflicts",4,-,N,ClinGen:CA379790178,2,1390642,17476732,G,C,-,-,-,-,-,-,SCV002164595|SCV002776887|SCV004110504|SCV004202448,-,-
1397489,Deletion,NM_000352.6(ABCC8):c.4588del (p.Arg1530fs),6833,ABCC8,HGNC:59,Pathogenic,1,"Jun 13, 2022",2133393098,-,RCV001982771,MedGen:C3661900,not provided,germline,germline,GRCh37,NC_000011.9,11,17415264,17415264,na,na,11p15.1,"criteria provided, single submitter",1,-,N,ClinGen:CA2573146243,2,1445163,17415263,CG,C,-,-,-,-,-,-,SCV002222040,-,-
1397489,Deletion,NM_000352.6(ABCC8):c.4588del (p.Arg1530fs),6833,ABCC8,HGNC:59,Pathogenic,1,"Jun 13, 2022",2133393098,-,RCV001982771,MedGen:C3661900,not provided,germline,germline,GRCh38,NC_000011.10,11,17393717,17393717,na,na,11p15.1,"criteria provided, single submitter",1,-,N,ClinGen:CA2573146243,2,1445163,17393716,CG,C,-,-,-,-,-,-,SCV002222040,-,-
1397981,single nucleotide variant,NM_000352.6(ABCC8):c.2291+1G>A,6833,ABCC8,HGNC:59,Likely pathogenic,1,"Jan 24, 2024",1160946320,-,RCV001977147|RCV005050494,"MedGen:C3661900|MONDO:MONDO:0012480,MedGen:C1835887,OMIM:610374,Orphanet:99886;MONDO:MONDO:0009415,MedGen:C0271714,OMIM:240800;MONDO:MONDO:0009734,MedGen:C2931832,OMIM:256450,Orphanet:276575,Orphanet:276598;Human Phenotype Ontology:HP:0005965,Human Phenotype Ontology:HP:0005978,Human Phenotype Ontology:HP:0100652,MONDO:MONDO:0005148,MeSH:D003924,MedGen:C0011860,OMIM:125853;MONDO:MONDO:0030088,MedGen:C5394303,OMIM:618857","not provided|Diabetes mellitus, transient neonatal, 2;Leucine-induced hypoglycemia;Hyperinsulinemic hypoglycemia, familial, 1;Type 2 diabetes mellitus;Diabetes mellitus, permanent neonatal 3",germline,germline,GRCh37,NC_000011.9,11,17436850,17436850,na,na,11p15.1,"criteria provided, multiple submitters, no conflicts",2,-,N,ClinGen:CA379810693,2,1472599,17436850,C,T,-,-,-,-,-,-,SCV002248251|SCV005676354,-,-
1397981,single nucleotide variant,NM_000352.6(ABCC8):c.2291+1G>A,6833,ABCC8,HGNC:59,Likely pathogenic,1,"Jan 24, 2024",1160946320,-,RCV001977147|RCV005050494,"MedGen:C3661900|MONDO:MONDO:0012480,MedGen:C1835887,OMIM:610374,Orphanet:99886;MONDO:MONDO:0009415,MedGen:C0271714,OMIM:240800;MONDO:MONDO:0009734,MedGen:C2931832,OMIM:256450,Orphanet:276575,Orphanet:276598;Human Phenotype Ontology:HP:0005965,Human Phenotype Ontology:HP:0005978,Human Phenotype Ontology:HP:0100652,MONDO:MONDO:0005148,MeSH:D003924,MedGen:C0011860,OMIM:125853;MONDO:MONDO:0030088,MedGen:C5394303,OMIM:618857","not provided|Diabetes mellitus, transient neonatal, 2;Leucine-induced hypoglycemia;Hyperinsulinemic hypoglycemia, familial, 1;Type 2 diabetes mellitus;Diabetes mellitus, permanent neonatal 3",germline,germline,GRCh38,NC_000011.10,11,17415303,17415303,na,na,11p15.1,"criteria provided, multiple submitters, no conflicts",2,-,N,ClinGen:CA379810693,2,1472599,17415303,C,T,-,-,-,-,-,-,SCV002248251|SCV005676354,-,-
1398621,single nucleotide variant,NM_000525.4(KCNJ11):c.901C>G (p.Arg301Gly),3767,KCNJ11,HGNC:6257,Pathogenic/Likely pathogenic,1,"Jul 11, 2025",377091338,-,RCV002019901|RCV005925571,"MedGen:C3661900|MONDO:MONDO:0017182,MedGen:C3888018,Orphanet:276525",not provided|Familial hyperinsulinism,germline,germline,GRCh37,NC_000011.9,11,17408738,17408738,na,na,11p15.1,"criteria provided, multiple submitters, no conflicts",3,-,N,ClinGen:CA379770021,2,1501753,17408738,G,C,-,-,-,-,-,-,SCV002296170|SCV006088086|SCV007095017,-,-
1398621,single nucleotide variant,NM_000525.4(KCNJ11):c.901C>G (p.Arg301Gly),3767,KCNJ11,HGNC:6257,Pathogenic/Likely pathogenic,1,"Jul 11, 2025",377091338,-,RCV002019901|RCV005925571,"MedGen:C3661900|MONDO:MONDO:0017182,MedGen:C3888018,Orphanet:276525",not provided|Familial hyperinsulinism,germline,germline,GRCh38,NC_000011.10,11,17387191,17387191,na,na,11p15.1,"criteria provided, multiple submitters, no conflicts",3,-,N,ClinGen:CA379770021,2,1501753,17387191,G,C,-,-,-,-,-,-,SCV002296170|SCV006088086|SCV007095017,-,-
1399537,single nucleotide variant,NM_000352.6(ABCC8):c.1015C>A (p.Gln339Lys),6833,ABCC8,HGNC:59,Uncertain significance,0,"Oct 15, 2024",2133642509,-,RCV001898348,MedGen:C3661900,not provided,germline,germline,GRCh37,NC_000011.9,11,17474827,17474827,na,na,11p15.1,"criteria provided, single submitter",1,-,N,ClinGen:CA379771515,2,1393685,17474827,G,T,-,-,-,-,-,-,SCV002158017,-,-
1399537,single nucleotide variant,NM_000352.6(ABCC8):c.1015C>A (p.Gln339Lys),6833,ABCC8,HGNC:59,Uncertain significance,0,"Oct 15, 2024",2133642509,-,RCV001898348,MedGen:C3661900,not provided,germline,germline,GRCh38,NC_000011.10,11,17453280,17453280,na,na,11p15.1,"criteria provided, single submitter",1,-,N,ClinGen:CA379771515,2,1393685,17453280,G,T,-,-,-,-,-,-,SCV002158017,-,-
1402546,Deletion,NM_000162.5(GCK):c.1340_1368del (p.Arg447fs),2645,GCK,HGNC:4195,Pathogenic,1,"Sep 01, 2023",1339598338,-,RCV001961876|RCV003326004|RCV006266922|RCV006302420,"MedGen:C3661900|MONDO:MONDO:0015967,MedGen:C3888631,Orphanet:183625|MONDO:MONDO:0007453,MedGen:C0342277,OMIM:125851,Orphanet:552|Human Phenotype Ontology:HP:0004904,MONDO:MONDO:0018911,MedGen:C0342276,OMIM:PS125850,Orphanet:552",not provided|Monogenic diabetes|Maturity-onset diabetes of the young type 2|Maturity-onset diabetes of the young,germline;unknown,germline,GRCh37,NC_000007.13,7,44184765,44184793,na,na,7p13,reviewed by expert panel,7,-,N,ClinGen:CA838788768,2,1365679,44184764,AGGCCACCGCCGAGACCAGGGCCGCGCCCC,A,-,-,-,-,-,-,SCV004032109,-,-
1402546,Deletion,NM_000162.5(GCK):c.1340_1368del (p.Arg447fs),2645,GCK,HGNC:4195,Pathogenic,1,"Sep 01, 2023",1339598338,-,RCV001961876|RCV003326004|RCV006266922|RCV006302420,"MedGen:C3661900|MONDO:MONDO:0015967,MedGen:C3888631,Orphanet:183625|MONDO:MONDO:0007453,MedGen:C0342277,OMIM:125851,Orphanet:552|Human Phenotype Ontology:HP:0004904,MONDO:MONDO:0018911,MedGen:C0342276,OMIM:PS125850,Orphanet:552",not provided|Monogenic diabetes|Maturity-onset diabetes of the young type 2|Maturity-onset diabetes of the young,germline;unknown,germline,GRCh38,NC_000007.14,7,44145166,44145194,na,na,7p13,reviewed by expert panel,7,-,N,ClinGen:CA838788768,2,1365679,44145165,AGGCCACCGCCGAGACCAGGGCCGCGCCCC,A,-,-,-,-,-,-,SCV004032109,-,-
1402640,Deletion,NC_000011.9:g.(?_17464257)_(17474840_?)del,6833,ABCC8,HGNC:59,Pathogenic,1,"Oct 14, 2021",-1,-,RCV001882295,MedGen:C3661900,not provided,germline,germline,GRCh37,NC_000011.9,11,17464257,17474840,na,na,11p15.1,"criteria provided, single submitter",1,-,N,-,2,1392912,-1,na,na,-,-,-,-,-,-,SCV002165366,-,-
1403539,single nucleotide variant,NM_000162.5(GCK):c.551T>C (p.Leu184Pro),2645,GCK,HGNC:4195,Uncertain significance,1,"Jun 12, 2024",2128821610,-,RCV001996845|RCV002282665|RCV003159566,"MedGen:C3661900|MedGen:CN169374|MONDO:MONDO:0007453,MedGen:C0342277,OMIM:125851,Orphanet:552",not provided|not specified|Maturity-onset diabetes of the young type 2,germline;paternal,germline,GRCh37,NC_000007.13,7,44189596,44189596,na,na,7p13,"criteria provided, multiple submitters, no conflicts",3,-,N,ClinGen:CA367401589,2,1447652,44189596,A,G,-,-,-,-,-,-,SCV002225422|SCV002570520,-,-
1403539,single nucleotide variant,NM_000162.5(GCK):c.551T>C (p.Leu184Pro),2645,GCK,HGNC:4195,Uncertain significance,1,"Jun 12, 2024",2128821610,-,RCV001996845|RCV002282665|RCV003159566,"MedGen:C3661900|MedGen:CN169374|MONDO:MONDO:0007453,MedGen:C0342277,OMIM:125851,Orphanet:552",not provided|not specified|Maturity-onset diabetes of the young type 2,germline;paternal,germline,GRCh38,NC_000007.14,7,44149997,44149997,na,na,7p13,"criteria provided, multiple submitters, no conflicts",3,-,N,ClinGen:CA367401589,2,1447652,44149997,A,G,-,-,-,-,-,-,SCV002225422|SCV002570520,-,-
1404564,single nucleotide variant,NM_000162.5(GCK):c.188G>T (p.Arg63Leu),2645,GCK,HGNC:4195,Uncertain significance,0,"Dec 08, 2021",746444094,-,RCV002022599,MedGen:C3661900,not provided,germline,germline,GRCh37,NC_000007.13,7,44192920,44192920,na,na,7p13,"criteria provided, single submitter",1,-,N,ClinGen:CA367403268,2,1502971,44192920,C,A,-,-,-,-,-,-,SCV002292511,-,-
1404564,single nucleotide variant,NM_000162.5(GCK):c.188G>T (p.Arg63Leu),2645,GCK,HGNC:4195,Uncertain significance,0,"Dec 08, 2021",746444094,-,RCV002022599,MedGen:C3661900,not provided,germline,germline,GRCh38,NC_000007.14,7,44153321,44153321,na,na,7p13,"criteria provided, single submitter",1,-,N,ClinGen:CA367403268,2,1502971,44153321,C,A,-,-,-,-,-,-,SCV002292511,-,-
1406183,Deletion,NC_000011.9:g.(?_17482025)_(17498513_?)del,6833,ABCC8,HGNC:59,Pathogenic,1,"May 27, 2021",-1,-,RCV001975128,MedGen:C3661900,not provided,germline,germline,GRCh37,NC_000011.9,11,17482025,17498513,na,na,11p15.1,"criteria provided, single submitter",1,-,N,-,2,1459054,-1,na,na,-,-,-,-,-,-,SCV002247357,-,-
1411150,single nucleotide variant,NM_000352.6(ABCC8):c.3551C>T (p.Ala1184Val),6833,ABCC8,HGNC:59,Conflicting classifications of pathogenicity,1,"Apr 23, 2025",137852675,-,RCV002010847|RCV005412356,"MedGen:C3661900|MONDO:MONDO:0009734,MedGen:C2931832,OMIM:256450,Orphanet:276575,Orphanet:276598","not provided|Hyperinsulinemic hypoglycemia, familial, 1",germline,germline,GRCh37,NC_000011.9,11,17426065,17426065,na,na,11p15.1,"criteria provided, conflicting classifications",4,-,N,ClinGen:CA379797331,2,1501932,17426065,G,A,-,-,-,-,-,-,SCV002290392|SCV003933608|SCV005894427|SCV006079754,-,-
1411150,single nucleotide variant,NM_000352.6(ABCC8):c.3551C>T (p.Ala1184Val),6833,ABCC8,HGNC:59,Conflicting classifications of pathogenicity,1,"Apr 23, 2025",137852675,-,RCV002010847|RCV005412356,"MedGen:C3661900|MONDO:MONDO:0009734,MedGen:C2931832,OMIM:256450,Orphanet:276575,Orphanet:276598","not provided|Hyperinsulinemic hypoglycemia, familial, 1",germline,germline,GRCh38,NC_000011.10,11,17404518,17404518,na,na,11p15.1,"criteria provided, conflicting classifications",4,-,N,ClinGen:CA379797331,2,1501932,17404518,G,A,-,-,-,-,-,-,SCV002290392|SCV003933608|SCV005894427|SCV006079754,-,-
1411249,single nucleotide variant,NM_000352.6(ABCC8):c.1598T>C (p.Leu533Pro),6833,ABCC8,HGNC:59,Likely pathogenic,1,"Aug 16, 2022",1419269417,-,RCV002045076,MedGen:C3661900,not provided,germline,germline,GRCh37,NC_000011.9,11,17464299,17464299,na,na,11p15.1,"criteria provided, single submitter",1,-,N,ClinGen:CA379766388,2,1502031,17464299,A,G,-,-,-,-,-,-,SCV002296698,-,-
1411249,single nucleotide variant,NM_000352.6(ABCC8):c.1598T>C (p.Leu533Pro),6833,ABCC8,HGNC:59,Likely pathogenic,1,"Aug 16, 2022",1419269417,-,RCV002045076,MedGen:C3661900,not provided,germline,germline,GRCh38,NC_000011.10,11,17442752,17442752,na,na,11p15.1,"criteria provided, single submitter",1,-,N,ClinGen:CA379766388,2,1502031,17442752,A,G,-,-,-,-,-,-,SCV002296698,-,-
1413908,single nucleotide variant,NM_000162.5(GCK):c.146C>T (p.Thr49Ile),2645,GCK,HGNC:4195,Conflicting classifications of pathogenicity,1,"Sep 05, 2024",193922286,-,RCV002047952,MedGen:C3661900,not provided,germline,germline,GRCh37,NC_000007.13,7,44192962,44192962,na,na,7p13,"criteria provided, conflicting classifications",2,-,N,ClinGen:CA367403399,2,1505039,44192962,G,A,-,-,-,-,-,-,SCV002290854|SCV005881975,-,-
1413908,single nucleotide variant,NM_000162.5(GCK):c.146C>T (p.Thr49Ile),2645,GCK,HGNC:4195,Conflicting classifications of pathogenicity,1,"Sep 05, 2024",193922286,-,RCV002047952,MedGen:C3661900,not provided,germline,germline,GRCh38,NC_000007.14,7,44153363,44153363,na,na,7p13,"criteria provided, conflicting classifications",2,-,N,ClinGen:CA367403399,2,1505039,44153363,G,A,-,-,-,-,-,-,SCV002290854|SCV005881975,-,-
1414920,single nucleotide variant,NM_000162.5(GCK):c.46-3C>G,2645,GCK,HGNC:4195,Uncertain significance,0,"May 27, 2021",1413094138,-,RCV001920110,MedGen:C3661900,not provided,germline,germline,GRCh37,NC_000007.13,7,44193065,44193065,na,na,7p13,"criteria provided, single submitter",1,-,N,ClinGen:CA2573142157,2,1397046,44193065,G,C,-,-,-,-,-,-,SCV002161452,-,-
1414920,single nucleotide variant,NM_000162.5(GCK):c.46-3C>G,2645,GCK,HGNC:4195,Uncertain significance,0,"May 27, 2021",1413094138,-,RCV001920110,MedGen:C3661900,not provided,germline,germline,GRCh38,NC_000007.14,7,44153466,44153466,na,na,7p13,"criteria provided, single submitter",1,-,N,ClinGen:CA2573142157,2,1397046,44153466,G,C,-,-,-,-,-,-,SCV002161452,-,-
1423680,single nucleotide variant,NM_000352.6(ABCC8):c.4478G>T (p.Arg1493Leu),6833,ABCC8,HGNC:59,Likely pathogenic,1,"Mar 13, 2024",746480424,-,RCV001977692,MedGen:C3661900,not provided,germline,germline,GRCh37,NC_000011.9,11,17415880,17415880,na,na,11p15.1,"criteria provided, single submitter",1,-,N,ClinGen:CA5902466,2,1475961,17415880,C,A,-,-,-,-,-,-,SCV002263585,-,-
1423680,single nucleotide variant,NM_000352.6(ABCC8):c.4478G>T (p.Arg1493Leu),6833,ABCC8,HGNC:59,Likely pathogenic,1,"Mar 13, 2024",746480424,-,RCV001977692,MedGen:C3661900,not provided,germline,germline,GRCh38,NC_000011.10,11,17394333,17394333,na,na,11p15.1,"criteria provided, single submitter",1,-,N,ClinGen:CA5902466,2,1475961,17394333,C,A,-,-,-,-,-,-,SCV002263585,-,-
1427262,single nucleotide variant,NM_000352.6(ABCC8):c.2266G>T (p.Glu756Ter),6833,ABCC8,HGNC:59,Pathogenic,1,"Feb 14, 2024",751826777,-,RCV001878800|RCV003464191,"MedGen:C3661900|Human Phenotype Ontology:HP:0005965,Human Phenotype Ontology:HP:0005978,Human Phenotype Ontology:HP:0100652,MONDO:MONDO:0005148,MeSH:D003924,MedGen:C0011860,OMIM:125853",not provided|Type 2 diabetes mellitus,germline;unknown,germline,GRCh37,NC_000011.9,11,17436876,17436876,na,na,11p15.1,"criteria provided, multiple submitters, no conflicts",2,-,N,ClinGen:CA379810903,2,1371056,17436876,C,A,-,-,-,-,-,-,SCV002130170|SCV004191583,-,-
1427262,single nucleotide variant,NM_000352.6(ABCC8):c.2266G>T (p.Glu756Ter),6833,ABCC8,HGNC:59,Pathogenic,1,"Feb 14, 2024",751826777,-,RCV001878800|RCV003464191,"MedGen:C3661900|Human Phenotype Ontology:HP:0005965,Human Phenotype Ontology:HP:0005978,Human Phenotype Ontology:HP:0100652,MONDO:MONDO:0005148,MeSH:D003924,MedGen:C0011860,OMIM:125853",not provided|Type 2 diabetes mellitus,germline;unknown,germline,GRCh38,NC_000011.10,11,17415329,17415329,na,na,11p15.1,"criteria provided, multiple submitters, no conflicts",2,-,N,ClinGen:CA379810903,2,1371056,17415329,C,A,-,-,-,-,-,-,SCV002130170|SCV004191583,-,-
1428454,Duplication,NM_000352.6(ABCC8):c.1810dup (p.Leu604fs),6833,ABCC8,HGNC:59,Pathogenic,1,"Mar 22, 2022",2133548955,-,RCV002000161,MedGen:C3661900,not provided,germline,germline,GRCh37,NC_000011.9,11,17452367,17452368,na,na,11p15.1,"criteria provided, single submitter",1,-,N,ClinGen:CA2573146145,2,1453168,17452367,A,AG,-,-,-,-,-,-,SCV002233981,-,-
1428454,Duplication,NM_000352.6(ABCC8):c.1810dup (p.Leu604fs),6833,ABCC8,HGNC:59,Pathogenic,1,"Mar 22, 2022",2133548955,-,RCV002000161,MedGen:C3661900,not provided,germline,germline,GRCh38,NC_000011.10,11,17430820,17430821,na,na,11p15.1,"criteria provided, single submitter",1,-,N,ClinGen:CA2573146145,2,1453168,17430820,A,AG,-,-,-,-,-,-,SCV002233981,-,-
1430128,single nucleotide variant,NM_000352.6(ABCC8):c.4372C>G (p.Gln1458Glu),6833,ABCC8,HGNC:59,Pathogenic,1,"Sep 12, 2023",2133398414,-,RCV002004444,MedGen:C3661900,not provided,germline,germline,GRCh37,NC_000011.9,11,17416758,17416758,na,na,11p15.1,"criteria provided, single submitter",1,-,N,ClinGen:CA379785326,2,1506203,17416758,G,C,-,-,-,-,-,-,SCV002293308,-,-
1430128,single nucleotide variant,NM_000352.6(ABCC8):c.4372C>G (p.Gln1458Glu),6833,ABCC8,HGNC:59,Pathogenic,1,"Sep 12, 2023",2133398414,-,RCV002004444,MedGen:C3661900,not provided,germline,germline,GRCh38,NC_000011.10,11,17395211,17395211,na,na,11p15.1,"criteria provided, single submitter",1,-,N,ClinGen:CA379785326,2,1506203,17395211,G,C,-,-,-,-,-,-,SCV002293308,-,-
1431861,single nucleotide variant,NM_000352.6(ABCC8):c.4411G>C (p.Asp1471His),6833,ABCC8,HGNC:59,Pathogenic,1,"Jul 04, 2021",72559716,-,RCV001994621,MedGen:C3661900,not provided,germline,germline,GRCh37,NC_000011.9,11,17416719,17416719,na,na,11p15.1,"criteria provided, single submitter",1,-,N,ClinGen:CA379785073,2,1452717,17416719,C,G,-,-,-,-,-,-,SCV002233648,-,-
1431861,single nucleotide variant,NM_000352.6(ABCC8):c.4411G>C (p.Asp1471His),6833,ABCC8,HGNC:59,Pathogenic,1,"Jul 04, 2021",72559716,-,RCV001994621,MedGen:C3661900,not provided,germline,germline,GRCh38,NC_000011.10,11,17395172,17395172,na,na,11p15.1,"criteria provided, single submitter",1,-,N,ClinGen:CA379785073,2,1452717,17395172,C,G,-,-,-,-,-,-,SCV002233648,-,-
1431946,Deletion,NM_000162.5(GCK):c.1162_1364del203 (p.Val389fs),2645,GCK,HGNC:4195,Pathogenic,1,"Sep 21, 2021",-1,-,RCV001999987,MedGen:C3661900,not provided,germline,germline,GRCh37,NC_000007.13,7,44184766,44185184,na,na,7p13,"criteria provided, single submitter",1,-,N,ClinGen:CA2573142177,2,1452802,44184765,GGCCACCGCCGAGACCAGGGCCGCGCCCCGGCCACTGCCCTCCTCCGACTCGATGAAGGTGATCTCGCAGCTGGGCGTCAGCCTGCGCACGCTGGCATGGAACCGCTCCTTGAAGCTGGGCAGAAGAGAAGCAGGGCTGCCGTCCCTCCTCCCACCTCATCCTCCACATTCATTACCGGGCGCCCTGCACGCAGTCGACCCTTCCCCCAAATCTAGGCCAAGGGGGACGAGAAGAGGACTACGAAATCTTGGAGCTTGGGAACCGCAAGGAACCTTGGAGCGCGCGCTTTTTGGGCCCCACTTTACCAGGGAGAGAGCGGGGCGGGCTCACCTGGGGTGCAGCTTGTACACGGAGCCATCCACGCCCACAGTGATGCGCATTACGTCCTCGCTGCGGCTCTCGCGCATGCGGTTGATGAC,G,-,-,-,-,-,-,SCV002229002,-,-
1431946,Deletion,NM_000162.5(GCK):c.1162_1364del203 (p.Val389fs),2645,GCK,HGNC:4195,Pathogenic,1,"Sep 21, 2021",-1,-,RCV001999987,MedGen:C3661900,not provided,germline,germline,GRCh38,NC_000007.14,7,44145167,44145585,na,na,7p13,"criteria provided, single submitter",1,-,N,ClinGen:CA2573142177,2,1452802,44145166,GGCCACCGCCGAGACCAGGGCCGCGCCCCGGCCACTGCCCTCCTCCGACTCGATGAAGGTGATCTCGCAGCTGGGCGTCAGCCTGCGCACGCTGGCATGGAACCGCTCCTTGAAGCTGGGCAGAAGAGAAGCAGGGCTGCCGTCCCTCCTCCCACCTCATCCTCCACATTCATTACCGGGCGCCCTGCACGCAGTCGACCCTTCCCCCAAATCTAGGCCAAGGGGGACGAGAAGAGGACTACGAAATCTTGGAGCTTGGGAACCGCAAGGAACCTTGGAGCGCGCGCTTTTTGGGCCCCACTTTACCAGGGAGAGAGCGGGGCGGGCTCACCTGGGGTGCAGCTTGTACACGGAGCCATCCACGCCCACAGTGATGCGCATTACGTCCTCGCTGCGGCTCTCGCGCATGCGGTTGATGAC,G,-,-,-,-,-,-,SCV002229002,-,-
1432064,Duplication,NM_000352.6(ABCC8):c.3773dup (p.Val1259fs),6833,ABCC8,HGNC:59,Pathogenic,1,"Oct 10, 2024",2133411551,-,RCV002000033|RCV003225209,"MedGen:C3661900|MONDO:MONDO:0009734,MedGen:C2931832,OMIM:256450,Orphanet:276575,Orphanet:276598","not provided|Hyperinsulinemic hypoglycemia, familial, 1",germline,germline,GRCh37,NC_000011.9,11,17419324,17419325,na,na,11p15.1,"criteria provided, multiple submitters, no conflicts",2,-,N,ClinGen:CA923726177,2,1452922,17419324,C,CA,-,-,-,-,-,-,SCV002229966|SCV003921879,-,-
1432064,Duplication,NM_000352.6(ABCC8):c.3773dup (p.Val1259fs),6833,ABCC8,HGNC:59,Pathogenic,1,"Oct 10, 2024",2133411551,-,RCV002000033|RCV003225209,"MedGen:C3661900|MONDO:MONDO:0009734,MedGen:C2931832,OMIM:256450,Orphanet:276575,Orphanet:276598","not provided|Hyperinsulinemic hypoglycemia, familial, 1",germline,germline,GRCh38,NC_000011.10,11,17397777,17397778,na,na,11p15.1,"criteria provided, multiple submitters, no conflicts",2,-,N,ClinGen:CA923726177,2,1452922,17397777,C,CA,-,-,-,-,-,-,SCV002229966|SCV003921879,-,-
1432151,Duplication,NM_000162.5(GCK):c.320dup (p.Met107fs),2645,GCK,HGNC:4195,Pathogenic,1,"Apr 03, 2023",2128822650,-,RCV002000079,MedGen:C3661900,not provided,germline,germline,GRCh37,NC_000007.13,7,44191912,44191913,na,na,7p13,"criteria provided, single submitter",1,-,N,ClinGen:CA2573142147,2,1453011,44191912,C,CA,-,-,-,-,-,-,SCV002229116,-,-
1432151,Duplication,NM_000162.5(GCK):c.320dup (p.Met107fs),2645,GCK,HGNC:4195,Pathogenic,1,"Apr 03, 2023",2128822650,-,RCV002000079,MedGen:C3661900,not provided,germline,germline,GRCh38,NC_000007.14,7,44152313,44152314,na,na,7p13,"criteria provided, single submitter",1,-,N,ClinGen:CA2573142147,2,1453011,44152313,C,CA,-,-,-,-,-,-,SCV002229116,-,-
1433366,single nucleotide variant,NM_000162.5(GCK):c.503C>T (p.Thr168Ile),2645,GCK,HGNC:4195,Pathogenic,1,"Dec 01, 2023",2096278825,-,RCV001978541|RCV003446980,"MedGen:C3661900|MONDO:MONDO:0015967,MedGen:C3888631,Orphanet:183625",not provided|Monogenic diabetes,germline,germline,GRCh37,NC_000007.13,7,44189644,44189644,na,na,7p13,reviewed by expert panel,2,-,N,ClinGen:CA367401750,2,1490297,44189644,G,A,-,-,-,-,-,-,SCV004174235,-,-
1433366,single nucleotide variant,NM_000162.5(GCK):c.503C>T (p.Thr168Ile),2645,GCK,HGNC:4195,Pathogenic,1,"Dec 01, 2023",2096278825,-,RCV001978541|RCV003446980,"MedGen:C3661900|MONDO:MONDO:0015967,MedGen:C3888631,Orphanet:183625",not provided|Monogenic diabetes,germline,germline,GRCh38,NC_000007.14,7,44150045,44150045,na,na,7p13,reviewed by expert panel,2,-,N,ClinGen:CA367401750,2,1490297,44150045,G,A,-,-,-,-,-,-,SCV004174235,-,-
1434656,Deletion,NC_000011.9:g.(?_17414433)_(17438525_?)del,6833,ABCC8,HGNC:59,Pathogenic,1,"Oct 13, 2021",-1,-,RCV001897516,MedGen:C3661900,not provided,germline,germline,GRCh37,NC_000011.9,11,17414433,17438525,na,na,11p15.1,"criteria provided, single submitter",1,-,N,-,2,1382227,-1,na,na,-,-,-,-,-,-,SCV002152439,-,-
1435806,single nucleotide variant,NM_000162.5(GCK):c.501G>A (p.Trp167Ter),2645,GCK,HGNC:4195,Pathogenic,1,"Jul 27, 2021",1470521850,-,RCV001962787,MedGen:C3661900,not provided,germline,germline,GRCh37,NC_000007.13,7,44189646,44189646,na,na,7p13,"criteria provided, single submitter",1,-,N,ClinGen:CA367401760,2,1437236,44189646,C,T,-,-,-,-,-,-,SCV002213698,-,-
1435806,single nucleotide variant,NM_000162.5(GCK):c.501G>A (p.Trp167Ter),2645,GCK,HGNC:4195,Pathogenic,1,"Jul 27, 2021",1470521850,-,RCV001962787,MedGen:C3661900,not provided,germline,germline,GRCh38,NC_000007.14,7,44150047,44150047,na,na,7p13,"criteria provided, single submitter",1,-,N,ClinGen:CA367401760,2,1437236,44150047,C,T,-,-,-,-,-,-,SCV002213698,-,-
1435924,single nucleotide variant,NM_000162.5(GCK):c.671T>C (p.Met224Thr),2645,GCK,HGNC:4195,Pathogenic,1,"Jan 22, 2026",2128821476,-,RCV001975403|RCV002052003|RCV003490980|RCV006454747,"MedGen:C3661900|MONDO:MONDO:0007453,MedGen:C0342277,OMIM:125851,Orphanet:552|Human Phenotype Ontology:HP:0004904,MONDO:MONDO:0018911,MedGen:C0342276,OMIM:PS125850,Orphanet:552|MONDO:MONDO:0015967,MedGen:C3888631,Orphanet:183625",not provided|Maturity-onset diabetes of the young type 2|Maturity-onset diabetes of the young|Monogenic diabetes,germline,germline,GRCh37,NC_000007.13,7,44189367,44189367,na,na,7p13,reviewed by expert panel,5,-,N,ClinGen:CA367401149,2,1464253,44189367,A,G,-,-,-,-,-,-,SCV007338193,-,-
1435924,single nucleotide variant,NM_000162.5(GCK):c.671T>C (p.Met224Thr),2645,GCK,HGNC:4195,Pathogenic,1,"Jan 22, 2026",2128821476,-,RCV001975403|RCV002052003|RCV003490980|RCV006454747,"MedGen:C3661900|MONDO:MONDO:0007453,MedGen:C0342277,OMIM:125851,Orphanet:552|Human Phenotype Ontology:HP:0004904,MONDO:MONDO:0018911,MedGen:C0342276,OMIM:PS125850,Orphanet:552|MONDO:MONDO:0015967,MedGen:C3888631,Orphanet:183625",not provided|Maturity-onset diabetes of the young type 2|Maturity-onset diabetes of the young|Monogenic diabetes,germline,germline,GRCh38,NC_000007.14,7,44149768,44149768,na,na,7p13,reviewed by expert panel,5,-,N,ClinGen:CA367401149,2,1464253,44149768,A,G,-,-,-,-,-,-,SCV007338193,-,-
1436985,single nucleotide variant,NM_000162.5(GCK):c.1335T>A (p.Ser445Arg),2645,GCK,HGNC:4195,Uncertain significance,0,"Jul 14, 2021",2128818794,-,RCV002004046,MedGen:C3661900,not provided,germline,germline,GRCh37,NC_000007.13,7,44184798,44184798,na,na,7p13,"criteria provided, single submitter",1,-,N,ClinGen:CA367396958,2,1505418,44184798,A,T,-,-,-,-,-,-,SCV002291544,-,-
1436985,single nucleotide variant,NM_000162.5(GCK):c.1335T>A (p.Ser445Arg),2645,GCK,HGNC:4195,Uncertain significance,0,"Jul 14, 2021",2128818794,-,RCV002004046,MedGen:C3661900,not provided,germline,germline,GRCh38,NC_000007.14,7,44145199,44145199,na,na,7p13,"criteria provided, single submitter",1,-,N,ClinGen:CA367396958,2,1505418,44145199,A,T,-,-,-,-,-,-,SCV002291544,-,-
1439404,single nucleotide variant,NM_000162.5(GCK):c.776C>A (p.Ala259Asp),2645,GCK,HGNC:4195,Uncertain significance,0,"Oct 07, 2021",1554335132,-,RCV002009866,MedGen:C3661900,not provided,germline,germline,GRCh37,NC_000007.13,7,44187336,44187336,na,na,7p13,"criteria provided, single submitter",1,-,N,ClinGen:CA367400580,2,1479681,44187336,G,T,-,-,-,-,-,-,SCV002267138,-,-
1439404,single nucleotide variant,NM_000162.5(GCK):c.776C>A (p.Ala259Asp),2645,GCK,HGNC:4195,Uncertain significance,0,"Oct 07, 2021",1554335132,-,RCV002009866,MedGen:C3661900,not provided,germline,germline,GRCh38,NC_000007.14,7,44147737,44147737,na,na,7p13,"criteria provided, single submitter",1,-,N,ClinGen:CA367400580,2,1479681,44147737,G,T,-,-,-,-,-,-,SCV002267138,-,-
1440929,Deletion,NM_000352.6(ABCC8):c.4545+1del,6833,ABCC8,HGNC:59,Pathogenic,1,"May 10, 2021",2133394678,-,RCV001945906,MedGen:C3661900,not provided,germline,germline,GRCh37,NC_000011.9,11,17415812,17415812,na,na,11p15.1,"criteria provided, single submitter",1,-,N,ClinGen:CA2573146244,2,1427394,17415811,AC,A,-,-,-,-,-,-,SCV002199532,-,-
1440929,Deletion,NM_000352.6(ABCC8):c.4545+1del,6833,ABCC8,HGNC:59,Pathogenic,1,"May 10, 2021",2133394678,-,RCV001945906,MedGen:C3661900,not provided,germline,germline,GRCh38,NC_000011.10,11,17394265,17394265,na,na,11p15.1,"criteria provided, single submitter",1,-,N,ClinGen:CA2573146244,2,1427394,17394264,AC,A,-,-,-,-,-,-,SCV002199532,-,-
1443020,single nucleotide variant,NM_000352.6(ABCC8):c.1577G>T (p.Arg526Leu),6833,ABCC8,HGNC:59,Conflicting classifications of pathogenicity,1,"Oct 22, 2023",144481621,-,RCV003321879|RCV002034893,"MONDO:MONDO:0009734,MedGen:C2931832,OMIM:256450,Orphanet:276575,Orphanet:276598|MedGen:C3661900","Hyperinsulinemic hypoglycemia, familial, 1|not provided",germline,germline,GRCh37,NC_000011.9,11,17464320,17464320,na,na,11p15.1,"criteria provided, conflicting classifications",2,-,N,ClinGen:CA5903523,2,1345054,17464320,C,A,-,-,-,-,-,-,SCV002111146|SCV004026560,-,-
1443020,single nucleotide variant,NM_000352.6(ABCC8):c.1577G>T (p.Arg526Leu),6833,ABCC8,HGNC:59,Conflicting classifications of pathogenicity,1,"Oct 22, 2023",144481621,-,RCV003321879|RCV002034893,"MONDO:MONDO:0009734,MedGen:C2931832,OMIM:256450,Orphanet:276575,Orphanet:276598|MedGen:C3661900","Hyperinsulinemic hypoglycemia, familial, 1|not provided",germline,germline,GRCh38,NC_000011.10,11,17442773,17442773,na,na,11p15.1,"criteria provided, conflicting classifications",2,-,N,ClinGen:CA5903523,2,1345054,17442773,C,A,-,-,-,-,-,-,SCV002111146|SCV004026560,-,-
1444685,Deletion,NM_000162.5(GCK):c.307del (p.Thr103fs),2645,GCK,HGNC:4195,Pathogenic,1,"Jan 02, 2021",2128822668,-,RCV001945880,MedGen:C3661900,not provided,germline,germline,GRCh37,NC_000007.13,7,44191926,44191926,na,na,7p13,"criteria provided, single submitter",1,-,N,ClinGen:CA2573142148,2,1427283,44191925,GT,G,-,-,-,-,-,-,SCV002202986,-,-
1444685,Deletion,NM_000162.5(GCK):c.307del (p.Thr103fs),2645,GCK,HGNC:4195,Pathogenic,1,"Jan 02, 2021",2128822668,-,RCV001945880,MedGen:C3661900,not provided,germline,germline,GRCh38,NC_000007.14,7,44152327,44152327,na,na,7p13,"criteria provided, single submitter",1,-,N,ClinGen:CA2573142148,2,1427283,44152326,GT,G,-,-,-,-,-,-,SCV002202986,-,-
1444756,single nucleotide variant,NM_000352.6(ABCC8):c.4059C>A (p.Tyr1353Ter),6833,ABCC8,HGNC:59,Pathogenic,1,"Nov 17, 2020",374602183,-,RCV001941862,MedGen:C3661900,not provided,germline,germline,GRCh37,NC_000011.9,11,17418523,17418523,na,na,11p15.1,"criteria provided, single submitter",1,-,N,ClinGen:CA379790632,2,1454413,17418523,G,T,-,-,-,-,-,-,SCV002231878,-,-
1444756,single nucleotide variant,NM_000352.6(ABCC8):c.4059C>A (p.Tyr1353Ter),6833,ABCC8,HGNC:59,Pathogenic,1,"Nov 17, 2020",374602183,-,RCV001941862,MedGen:C3661900,not provided,germline,germline,GRCh38,NC_000011.10,11,17396976,17396976,na,na,11p15.1,"criteria provided, single submitter",1,-,N,ClinGen:CA379790632,2,1454413,17396976,G,T,-,-,-,-,-,-,SCV002231878,-,-
1445157,single nucleotide variant,NM_000352.6(ABCC8):c.2602A>G (p.Met868Val),6833,ABCC8,HGNC:59,Uncertain significance,0,"Dec 03, 2021",2133461403,-,RCV001994333,MedGen:C3661900,not provided,germline,germline,GRCh37,NC_000011.9,11,17432155,17432155,na,na,11p15.1,"criteria provided, single submitter",1,-,N,ClinGen:CA379806500,2,1481920,17432155,T,C,-,-,-,-,-,-,SCV002267629,-,-
1445157,single nucleotide variant,NM_000352.6(ABCC8):c.2602A>G (p.Met868Val),6833,ABCC8,HGNC:59,Uncertain significance,0,"Dec 03, 2021",2133461403,-,RCV001994333,MedGen:C3661900,not provided,germline,germline,GRCh38,NC_000011.10,11,17410608,17410608,na,na,11p15.1,"criteria provided, single submitter",1,-,N,ClinGen:CA379806500,2,1481920,17410608,T,C,-,-,-,-,-,-,SCV002267629,-,-
1446287,single nucleotide variant,NM_000352.6(ABCC8):c.4280A>T (p.Asp1427Val),6833,ABCC8,HGNC:59,Uncertain significance,0,"May 18, 2021",1591709652,-,RCV001989104,MedGen:C3661900,not provided,germline,germline,GRCh37,NC_000011.9,11,17417184,17417184,na,na,11p15.1,"criteria provided, single submitter",1,-,N,ClinGen:CA379786505,2,1492056,17417184,T,A,-,-,-,-,-,-,SCV002282707,-,-
1446287,single nucleotide variant,NM_000352.6(ABCC8):c.4280A>T (p.Asp1427Val),6833,ABCC8,HGNC:59,Uncertain significance,0,"May 18, 2021",1591709652,-,RCV001989104,MedGen:C3661900,not provided,germline,germline,GRCh38,NC_000011.10,11,17395637,17395637,na,na,11p15.1,"criteria provided, single submitter",1,-,N,ClinGen:CA379786505,2,1492056,17395637,T,A,-,-,-,-,-,-,SCV002282707,-,-
1446619,single nucleotide variant,NM_000352.6(ABCC8):c.4180A>G (p.Met1394Val),6833,ABCC8,HGNC:59,Uncertain significance,0,"Feb 24, 2024",562677120,-,RCV002031025,MedGen:C3661900,not provided,germline,germline,GRCh37,NC_000011.9,11,17417417,17417417,na,na,11p15.1,"criteria provided, single submitter",1,-,N,ClinGen:CA218408197,2,1520966,17417417,T,C,-,-,-,-,-,-,SCV002310108,-,-
1446619,single nucleotide variant,NM_000352.6(ABCC8):c.4180A>G (p.Met1394Val),6833,ABCC8,HGNC:59,Uncertain significance,0,"Feb 24, 2024",562677120,-,RCV002031025,MedGen:C3661900,not provided,germline,germline,GRCh38,NC_000011.10,11,17395870,17395870,na,na,11p15.1,"criteria provided, single submitter",1,-,N,ClinGen:CA218408197,2,1520966,17395870,T,C,-,-,-,-,-,-,SCV002310108,-,-
1448364,single nucleotide variant,NM_000352.6(ABCC8):c.863G>A (p.Trp288Ter),6833,ABCC8,HGNC:59,Pathogenic,1,"Nov 15, 2021",2133675152,-,RCV001957902,MedGen:C3661900,not provided,germline,germline,GRCh37,NC_000011.9,11,17482183,17482183,na,na,11p15.1,"criteria provided, single submitter",1,-,N,ClinGen:CA379777517,2,1438638,17482183,C,T,-,-,-,-,-,-,SCV002213133,-,-
1448364,single nucleotide variant,NM_000352.6(ABCC8):c.863G>A (p.Trp288Ter),6833,ABCC8,HGNC:59,Pathogenic,1,"Nov 15, 2021",2133675152,-,RCV001957902,MedGen:C3661900,not provided,germline,germline,GRCh38,NC_000011.10,11,17460636,17460636,na,na,11p15.1,"criteria provided, single submitter",1,-,N,ClinGen:CA379777517,2,1438638,17460636,C,T,-,-,-,-,-,-,SCV002213133,-,-
1450136,single nucleotide variant,NM_000162.5(GCK):c.880G>T (p.Gly294Cys),2645,GCK,HGNC:4195,Uncertain significance,0,"Aug 02, 2021",2128820044,-,RCV001879123,MedGen:C3661900,not provided,germline,germline,GRCh37,NC_000007.13,7,44186201,44186201,na,na,7p13,"criteria provided, single submitter",1,-,N,ClinGen:CA367400150,2,1371699,44186201,C,A,-,-,-,-,-,-,SCV002140235,-,-
1450136,single nucleotide variant,NM_000162.5(GCK):c.880G>T (p.Gly294Cys),2645,GCK,HGNC:4195,Uncertain significance,0,"Aug 02, 2021",2128820044,-,RCV001879123,MedGen:C3661900,not provided,germline,germline,GRCh38,NC_000007.14,7,44146602,44146602,na,na,7p13,"criteria provided, single submitter",1,-,N,ClinGen:CA367400150,2,1371699,44146602,C,A,-,-,-,-,-,-,SCV002140235,-,-
1451132,Deletion,NM_000352.6(ABCC8):c.817del (p.Gln273fs),6833,ABCC8,HGNC:59,Pathogenic/Likely pathogenic,1,"Mar 30, 2024",2133678848,-,RCV002002496|RCV004571717,"MedGen:C3661900|Human Phenotype Ontology:HP:0005965,Human Phenotype Ontology:HP:0005978,Human Phenotype Ontology:HP:0100652,MONDO:MONDO:0005148,MeSH:D003924,MedGen:C0011860,OMIM:125853",not provided|Type 2 diabetes mellitus,germline;unknown,germline,GRCh37,NC_000011.9,11,17483135,17483135,na,na,11p15.1,"criteria provided, multiple submitters, no conflicts",2,-,N,ClinGen:CA2573146150,2,1453604,17483134,TG,T,-,-,-,-,-,-,SCV002228868|SCV005058386,-,-
1451132,Deletion,NM_000352.6(ABCC8):c.817del (p.Gln273fs),6833,ABCC8,HGNC:59,Pathogenic/Likely pathogenic,1,"Mar 30, 2024",2133678848,-,RCV002002496|RCV004571717,"MedGen:C3661900|Human Phenotype Ontology:HP:0005965,Human Phenotype Ontology:HP:0005978,Human Phenotype Ontology:HP:0100652,MONDO:MONDO:0005148,MeSH:D003924,MedGen:C0011860,OMIM:125853",not provided|Type 2 diabetes mellitus,germline;unknown,germline,GRCh38,NC_000011.10,11,17461588,17461588,na,na,11p15.1,"criteria provided, multiple submitters, no conflicts",2,-,N,ClinGen:CA2573146150,2,1453604,17461587,TG,T,-,-,-,-,-,-,SCV002228868|SCV005058386,-,-
1451188,Duplication,NM_000352.6(ABCC8):c.4001_4019dup (p.Gln1341fs),6833,ABCC8,HGNC:59,Pathogenic,1,"Dec 14, 2020",2133407387,-,RCV001994864,MedGen:C3661900,not provided,germline,germline,GRCh37,NC_000011.9,11,17418562,17418563,na,na,11p15.1,"criteria provided, single submitter",1,-,N,ClinGen:CA2573146249,2,1453660,17418562,G,GTCTGGCCAGTTCTTTGGGA,-,-,-,-,-,-,SCV002231306,-,-
1451188,Duplication,NM_000352.6(ABCC8):c.4001_4019dup (p.Gln1341fs),6833,ABCC8,HGNC:59,Pathogenic,1,"Dec 14, 2020",2133407387,-,RCV001994864,MedGen:C3661900,not provided,germline,germline,GRCh38,NC_000011.10,11,17397015,17397016,na,na,11p15.1,"criteria provided, single submitter",1,-,N,ClinGen:CA2573146249,2,1453660,17397015,G,GTCTGGCCAGTTCTTTGGGA,-,-,-,-,-,-,SCV002231306,-,-
1451300,single nucleotide variant,NM_000162.5(GCK):c.867T>A (p.Tyr289Ter),2645,GCK,HGNC:4195,Pathogenic,1,"Nov 25, 2023",1192394824,-,RCV001941538|RCV002370606,"MedGen:C3661900|Human Phenotype Ontology:HP:0004904,MONDO:MONDO:0018911,MedGen:C0342276,OMIM:PS125850,Orphanet:552",not provided|Maturity-onset diabetes of the young,germline,germline,GRCh37,NC_000007.13,7,44186214,44186214,na,na,7p13,"criteria provided, multiple submitters, no conflicts",2,-,N,ClinGen:CA367400240,2,1453774,44186214,A,T,-,-,-,-,-,-,SCV002236714|SCV002685782,-,-
1451300,single nucleotide variant,NM_000162.5(GCK):c.867T>A (p.Tyr289Ter),2645,GCK,HGNC:4195,Pathogenic,1,"Nov 25, 2023",1192394824,-,RCV001941538|RCV002370606,"MedGen:C3661900|Human Phenotype Ontology:HP:0004904,MONDO:MONDO:0018911,MedGen:C0342276,OMIM:PS125850,Orphanet:552",not provided|Maturity-onset diabetes of the young,germline,germline,GRCh38,NC_000007.14,7,44146615,44146615,na,na,7p13,"criteria provided, multiple submitters, no conflicts",2,-,N,ClinGen:CA367400240,2,1453774,44146615,A,T,-,-,-,-,-,-,SCV002236714|SCV002685782,-,-
1456989,Deletion,NM_000352.6(ABCC8):c.3952del (p.Leu1317_Leu1318insTer),6833,ABCC8,HGNC:59,Pathogenic,1,"Apr 08, 2022",2133408572,-,RCV001877692,MedGen:C3661900,not provided,germline,germline,GRCh37,NC_000011.9,11,17418776,17418776,na,na,11p15.1,"criteria provided, single submitter",1,-,N,ClinGen:CA2573146252,2,1374172,17418775,AG,A,-,-,-,-,-,-,SCV002139325,-,-
1456989,Deletion,NM_000352.6(ABCC8):c.3952del (p.Leu1317_Leu1318insTer),6833,ABCC8,HGNC:59,Pathogenic,1,"Apr 08, 2022",2133408572,-,RCV001877692,MedGen:C3661900,not provided,germline,germline,GRCh38,NC_000011.10,11,17397229,17397229,na,na,11p15.1,"criteria provided, single submitter",1,-,N,ClinGen:CA2573146252,2,1374172,17397228,AG,A,-,-,-,-,-,-,SCV002139325,-,-
1464473,Deletion,NM_000352.6(ABCC8):c.544del (p.Leu182fs),6833,ABCC8,HGNC:59,Pathogenic,1,"Feb 18, 2021",2133686985,-,RCV001942328,MedGen:C3661900,not provided,germline,germline,GRCh37,NC_000011.9,11,17485020,17485020,na,na,11p15.1,"criteria provided, single submitter",1,-,N,ClinGen:CA2573146158,2,1455356,17485019,AG,A,-,-,-,-,-,-,SCV002232747,-,-
1464473,Deletion,NM_000352.6(ABCC8):c.544del (p.Leu182fs),6833,ABCC8,HGNC:59,Pathogenic,1,"Feb 18, 2021",2133686985,-,RCV001942328,MedGen:C3661900,not provided,germline,germline,GRCh38,NC_000011.10,11,17463473,17463473,na,na,11p15.1,"criteria provided, single submitter",1,-,N,ClinGen:CA2573146158,2,1455356,17463472,AG,A,-,-,-,-,-,-,SCV002232747,-,-
1468233,single nucleotide variant,NM_000352.6(ABCC8):c.655C>T (p.Gln219Ter),6833,ABCC8,HGNC:59,Pathogenic,1,"Apr 10, 2021",2133680142,-,RCV001956413,MedGen:C3661900,not provided,germline,germline,GRCh37,NC_000011.9,11,17483297,17483297,na,na,11p15.1,"criteria provided, single submitter",1,-,N,ClinGen:CA379778849,2,1458522,17483297,G,A,-,-,-,-,-,-,SCV002241988,-,-
1468233,single nucleotide variant,NM_000352.6(ABCC8):c.655C>T (p.Gln219Ter),6833,ABCC8,HGNC:59,Pathogenic,1,"Apr 10, 2021",2133680142,-,RCV001956413,MedGen:C3661900,not provided,germline,germline,GRCh38,NC_000011.10,11,17461750,17461750,na,na,11p15.1,"criteria provided, single submitter",1,-,N,ClinGen:CA379778849,2,1458522,17461750,G,A,-,-,-,-,-,-,SCV002241988,-,-
1471322,Duplication,NM_000352.6(ABCC8):c.81dup (p.Val28fs),6833,ABCC8,HGNC:59,Pathogenic,1,"Oct 08, 2021",2133737748,-,RCV001953927|RCV005607048,MedGen:C3661900|,not provided|Hereditary hyperinsulinism,germline,germline,GRCh37,NC_000011.9,11,17498242,17498243,na,na,11p15.1,"criteria provided, single submitter",2,-,N,ClinGen:CA2573146094,2,1457755,17498242,C,CA,-,-,-,-,-,-,SCV002239109,-,-
1471322,Duplication,NM_000352.6(ABCC8):c.81dup (p.Val28fs),6833,ABCC8,HGNC:59,Pathogenic,1,"Oct 08, 2021",2133737748,-,RCV001953927|RCV005607048,MedGen:C3661900|,not provided|Hereditary hyperinsulinism,germline,germline,GRCh38,NC_000011.10,11,17476695,17476696,na,na,11p15.1,"criteria provided, single submitter",2,-,N,ClinGen:CA2573146094,2,1457755,17476695,C,CA,-,-,-,-,-,-,SCV002239109,-,-
1473357,Deletion,NM_000352.6(ABCC8):c.643del (p.Val215fs),6833,ABCC8,HGNC:59,Pathogenic,1,"May 18, 2021",1957201685,-,RCV001888630,MedGen:C3661900,not provided,germline,germline,GRCh37,NC_000011.9,11,17483309,17483309,na,na,11p15.1,"criteria provided, single submitter",1,-,N,ClinGen:CA1955154547,2,1377688,17483308,AC,A,-,-,-,-,-,-,SCV002141613,-,-
1473357,Deletion,NM_000352.6(ABCC8):c.643del (p.Val215fs),6833,ABCC8,HGNC:59,Pathogenic,1,"May 18, 2021",1957201685,-,RCV001888630,MedGen:C3661900,not provided,germline,germline,GRCh38,NC_000011.10,11,17461762,17461762,na,na,11p15.1,"criteria provided, single submitter",1,-,N,ClinGen:CA1955154547,2,1377688,17461761,AC,A,-,-,-,-,-,-,SCV002141613,-,-
1476359,single nucleotide variant,NM_000352.6(ABCC8):c.696G>A (p.Trp232Ter),6833,ABCC8,HGNC:59,Pathogenic/Likely pathogenic,1,"May 20, 2025",2133679771,-,RCV001899771|RCV003464178,"MedGen:C3661900|Human Phenotype Ontology:HP:0005965,Human Phenotype Ontology:HP:0005978,Human Phenotype Ontology:HP:0100652,MONDO:MONDO:0005148,MeSH:D003924,MedGen:C0011860,OMIM:125853",not provided|Type 2 diabetes mellitus,germline;unknown,germline,GRCh37,NC_000011.9,11,17483256,17483256,na,na,11p15.1,"criteria provided, multiple submitters, no conflicts",3,-,N,ClinGen:CA379778663,2,1361635,17483256,C,T,-,-,-,-,-,-,SCV002126212|SCV004195133|SCV006322208,-,-
1476359,single nucleotide variant,NM_000352.6(ABCC8):c.696G>A (p.Trp232Ter),6833,ABCC8,HGNC:59,Pathogenic/Likely pathogenic,1,"May 20, 2025",2133679771,-,RCV001899771|RCV003464178,"MedGen:C3661900|Human Phenotype Ontology:HP:0005965,Human Phenotype Ontology:HP:0005978,Human Phenotype Ontology:HP:0100652,MONDO:MONDO:0005148,MeSH:D003924,MedGen:C0011860,OMIM:125853",not provided|Type 2 diabetes mellitus,germline;unknown,germline,GRCh38,NC_000011.10,11,17461709,17461709,na,na,11p15.1,"criteria provided, multiple submitters, no conflicts",3,-,N,ClinGen:CA379778663,2,1361635,17461709,C,T,-,-,-,-,-,-,SCV002126212|SCV004195133|SCV006322208,-,-
1477686,single nucleotide variant,NM_000162.5(GCK):c.728T>C (p.Leu243Pro),2645,GCK,HGNC:4195,Pathogenic,1,"Oct 05, 2023",1470562535,-,RCV001953519,MedGen:C3661900,not provided,germline,germline,GRCh37,NC_000007.13,7,44187384,44187384,na,na,7p13,"criteria provided, single submitter",1,-,N,ClinGen:CA367400681,2,1456947,44187384,A,G,-,-,-,-,-,-,SCV002241368,-,-
1477686,single nucleotide variant,NM_000162.5(GCK):c.728T>C (p.Leu243Pro),2645,GCK,HGNC:4195,Pathogenic,1,"Oct 05, 2023",1470562535,-,RCV001953519,MedGen:C3661900,not provided,germline,germline,GRCh38,NC_000007.14,7,44147785,44147785,na,na,7p13,"criteria provided, single submitter",1,-,N,ClinGen:CA367400681,2,1456947,44147785,A,G,-,-,-,-,-,-,SCV002241368,-,-
1478061,single nucleotide variant,NM_000525.4(KCNJ11):c.407G>T (p.Arg136Leu),3767,KCNJ11,HGNC:6257,Pathogenic/Likely pathogenic,1,"Dec 23, 2024",1479483693,-,RCV002005862|RCV005238142,"MedGen:C3661900|MONDO:MONDO:0017182,MedGen:C3888018,Orphanet:276525",not provided|Familial hyperinsulinism,germline,germline,GRCh37,NC_000011.9,11,17409232,17409232,na,na,11p15.1,"criteria provided, multiple submitters, no conflicts",2,-,N,ClinGen:CA379773968,2,1484521,17409232,C,A,-,-,-,-,-,-,SCV002272047|SCV005884908,-,-
1478061,single nucleotide variant,NM_000525.4(KCNJ11):c.407G>T (p.Arg136Leu),3767,KCNJ11,HGNC:6257,Pathogenic/Likely pathogenic,1,"Dec 23, 2024",1479483693,-,RCV002005862|RCV005238142,"MedGen:C3661900|MONDO:MONDO:0017182,MedGen:C3888018,Orphanet:276525",not provided|Familial hyperinsulinism,germline,germline,GRCh38,NC_000011.10,11,17387685,17387685,na,na,11p15.1,"criteria provided, multiple submitters, no conflicts",2,-,N,ClinGen:CA379773968,2,1484521,17387685,C,A,-,-,-,-,-,-,SCV002272047|SCV005884908,-,-
1480344,single nucleotide variant,NM_000162.5(GCK):c.1019G>A (p.Ser340Asn),2645,GCK,HGNC:4195,Pathogenic,1,"Nov 18, 2025",1376631949,-,RCV001903778|RCV003329421|RCV005924091,"MedGen:C3661900|Human Phenotype Ontology:HP:0004904,MONDO:MONDO:0018911,MedGen:C0342276,OMIM:PS125850,Orphanet:552|MONDO:MONDO:0015967,MedGen:C3888631,Orphanet:183625",not provided|Maturity-onset diabetes of the young|Monogenic diabetes,germline,germline,GRCh37,NC_000007.13,7,44186062,44186062,na,na,7p13,reviewed by expert panel,3,-,N,ClinGen:CA367399686,2,1405403,44186062,C,T,-,-,-,-,-,-,SCV007095703,-,-
1480344,single nucleotide variant,NM_000162.5(GCK):c.1019G>A (p.Ser340Asn),2645,GCK,HGNC:4195,Pathogenic,1,"Nov 18, 2025",1376631949,-,RCV001903778|RCV003329421|RCV005924091,"MedGen:C3661900|Human Phenotype Ontology:HP:0004904,MONDO:MONDO:0018911,MedGen:C0342276,OMIM:PS125850,Orphanet:552|MONDO:MONDO:0015967,MedGen:C3888631,Orphanet:183625",not provided|Maturity-onset diabetes of the young|Monogenic diabetes,germline,germline,GRCh38,NC_000007.14,7,44146463,44146463,na,na,7p13,reviewed by expert panel,3,-,N,ClinGen:CA367399686,2,1405403,44146463,C,T,-,-,-,-,-,-,SCV007095703,-,-
1480346,single nucleotide variant,NM_000162.5(GCK):c.917T>G (p.Leu306Arg),2645,GCK,HGNC:4195,Uncertain significance,0,"Jun 06, 2024",193922337,-,RCV001903779|RCV005038479,"MedGen:C3661900|MONDO:MONDO:0007453,MedGen:C0342277,OMIM:125851,Orphanet:552;MONDO:MONDO:0100165,MedGen:C5393570,OMIM:606176;Human Phenotype Ontology:HP:0005965,Human Phenotype Ontology:HP:0005978,Human Phenotype Ontology:HP:0100652,MONDO:MONDO:0005148,MeSH:D003924,MedGen:C0011860,OMIM:125853;MONDO:MONDO:0011236,MedGen:C1865290,OMIM:602485,Orphanet:79299",not provided|Maturity-onset diabetes of the young type 2;Permanent neonatal diabetes mellitus 1;Type 2 diabetes mellitus;Hyperinsulinism due to glucokinase deficiency,germline,germline,GRCh37,NC_000007.13,7,44186164,44186164,na,na,7p13,"criteria provided, multiple submitters, no conflicts",2,-,N,ClinGen:CA367400030,2,1405405,44186164,A,C,-,-,-,-,-,-,SCV002173611|SCV005668343,-,-
1480346,single nucleotide variant,NM_000162.5(GCK):c.917T>G (p.Leu306Arg),2645,GCK,HGNC:4195,Uncertain significance,0,"Jun 06, 2024",193922337,-,RCV001903779|RCV005038479,"MedGen:C3661900|MONDO:MONDO:0007453,MedGen:C0342277,OMIM:125851,Orphanet:552;MONDO:MONDO:0100165,MedGen:C5393570,OMIM:606176;Human Phenotype Ontology:HP:0005965,Human Phenotype Ontology:HP:0005978,Human Phenotype Ontology:HP:0100652,MONDO:MONDO:0005148,MeSH:D003924,MedGen:C0011860,OMIM:125853;MONDO:MONDO:0011236,MedGen:C1865290,OMIM:602485,Orphanet:79299",not provided|Maturity-onset diabetes of the young type 2;Permanent neonatal diabetes mellitus 1;Type 2 diabetes mellitus;Hyperinsulinism due to glucokinase deficiency,germline,germline,GRCh38,NC_000007.14,7,44146565,44146565,na,na,7p13,"criteria provided, multiple submitters, no conflicts",2,-,N,ClinGen:CA367400030,2,1405405,44146565,A,C,-,-,-,-,-,-,SCV002173611|SCV005668343,-,-
1480364,single nucleotide variant,NM_000162.5(GCK):c.329T>G (p.Ile110Ser),2645,GCK,HGNC:4195,Uncertain significance,0,"Nov 29, 2021",1338970607,-,RCV001903794,MedGen:C3661900,not provided,germline,germline,GRCh37,NC_000007.13,7,44191904,44191904,na,na,7p13,"criteria provided, single submitter",1,-,N,ClinGen:CA367402659,2,1405423,44191904,A,C,-,-,-,-,-,-,SCV002176704,-,-
1480364,single nucleotide variant,NM_000162.5(GCK):c.329T>G (p.Ile110Ser),2645,GCK,HGNC:4195,Uncertain significance,0,"Nov 29, 2021",1338970607,-,RCV001903794,MedGen:C3661900,not provided,germline,germline,GRCh38,NC_000007.14,7,44152305,44152305,na,na,7p13,"criteria provided, single submitter",1,-,N,ClinGen:CA367402659,2,1405423,44152305,A,C,-,-,-,-,-,-,SCV002176704,-,-
1480369,Deletion,NM_000162.5(GCK):c.48_50del (p.Glu17del),2645,GCK,HGNC:4195,Uncertain significance,0,"Jan 03, 2025",2128823241,-,RCV001903798|RCV004996090,"MedGen:C3661900|MONDO:MONDO:0015967,MedGen:C3888631,Orphanet:183625",not provided|Monogenic diabetes,germline,germline,GRCh37,NC_000007.13,7,44193058,44193060,na,na,7p13,reviewed by expert panel,2,-,N,ClinGen:CA2573142156,2,1405428,44193057,CTCT,C,-,-,-,-,-,-,SCV005442838,-,-
1480369,Deletion,NM_000162.5(GCK):c.48_50del (p.Glu17del),2645,GCK,HGNC:4195,Uncertain significance,0,"Jan 03, 2025",2128823241,-,RCV001903798|RCV004996090,"MedGen:C3661900|MONDO:MONDO:0015967,MedGen:C3888631,Orphanet:183625",not provided|Monogenic diabetes,germline,germline,GRCh38,NC_000007.14,7,44153459,44153461,na,na,7p13,reviewed by expert panel,2,-,N,ClinGen:CA2573142156,2,1405428,44153458,CTCT,C,-,-,-,-,-,-,SCV005442838,-,-
1481313,single nucleotide variant,NM_000352.6(ABCC8):c.2391-1G>A,6833,ABCC8,HGNC:59,Pathogenic,1,"May 31, 2023",2133473953,-,RCV001951349,MedGen:C3661900,not provided,germline,germline,GRCh37,NC_000011.9,11,17435026,17435026,na,na,11p15.1,"criteria provided, single submitter",1,-,N,ClinGen:CA379808830,2,1459956,17435026,C,T,-,-,-,-,-,-,SCV002241937,-,-
1481313,single nucleotide variant,NM_000352.6(ABCC8):c.2391-1G>A,6833,ABCC8,HGNC:59,Pathogenic,1,"May 31, 2023",2133473953,-,RCV001951349,MedGen:C3661900,not provided,germline,germline,GRCh38,NC_000011.10,11,17413479,17413479,na,na,11p15.1,"criteria provided, single submitter",1,-,N,ClinGen:CA379808830,2,1459956,17413479,C,T,-,-,-,-,-,-,SCV002241937,-,-
1481321,single nucleotide variant,NM_000352.6(ABCC8):c.502C>T (p.Arg168Cys),6833,ABCC8,HGNC:59,Pathogenic/Likely pathogenic,1,"Jun 17, 2025",756823374,-,RCV001951354|RCV003321889|RCV003479377|RCV005042606,"MedGen:C3661900|MONDO:MONDO:0009734,MedGen:C2931832,OMIM:256450,Orphanet:276575,Orphanet:276598|MONDO:MONDO:0017182,MedGen:C3888018,Orphanet:276525|MONDO:MONDO:0012480,MedGen:C1835887,OMIM:610374,Orphanet:99886;MONDO:MONDO:0009415,MedGen:C0271714,OMIM:240800;MONDO:MONDO:0009734,MedGen:C2931832,OMIM:256450,Orphanet:276575,Orphanet:276598;Human Phenotype Ontology:HP:0005965,Human Phenotype Ontology:HP:0005978,Human Phenotype Ontology:HP:0100652,MONDO:MONDO:0005148,MeSH:D003924,MedGen:C0011860,OMIM:125853;MONDO:MONDO:0030088,MedGen:C5394303,OMIM:618857","not provided|Hyperinsulinemic hypoglycemia, familial, 1|Familial hyperinsulinism|Diabetes mellitus, transient neonatal, 2;Leucine-induced hypoglycemia;Hyperinsulinemic hypoglycemia, familial, 1;Type 2 diabetes mellitus;Diabetes mellitus, permanent neonatal 3",germline,germline,GRCh37,NC_000011.9,11,17485062,17485062,na,na,11p15.1,"criteria provided, multiple submitters, no conflicts",5,-,N,ClinGen:CA5903857,2,1459964,17485062,G,A,-,-,-,-,-,-,SCV002240879|SCV004026581|SCV004222741|SCV005676105|SCV007126850,-,-
1481321,single nucleotide variant,NM_000352.6(ABCC8):c.502C>T (p.Arg168Cys),6833,ABCC8,HGNC:59,Pathogenic/Likely pathogenic,1,"Jun 17, 2025",756823374,-,RCV001951354|RCV003321889|RCV003479377|RCV005042606,"MedGen:C3661900|MONDO:MONDO:0009734,MedGen:C2931832,OMIM:256450,Orphanet:276575,Orphanet:276598|MONDO:MONDO:0017182,MedGen:C3888018,Orphanet:276525|MONDO:MONDO:0012480,MedGen:C1835887,OMIM:610374,Orphanet:99886;MONDO:MONDO:0009415,MedGen:C0271714,OMIM:240800;MONDO:MONDO:0009734,MedGen:C2931832,OMIM:256450,Orphanet:276575,Orphanet:276598;Human Phenotype Ontology:HP:0005965,Human Phenotype Ontology:HP:0005978,Human Phenotype Ontology:HP:0100652,MONDO:MONDO:0005148,MeSH:D003924,MedGen:C0011860,OMIM:125853;MONDO:MONDO:0030088,MedGen:C5394303,OMIM:618857","not provided|Hyperinsulinemic hypoglycemia, familial, 1|Familial hyperinsulinism|Diabetes mellitus, transient neonatal, 2;Leucine-induced hypoglycemia;Hyperinsulinemic hypoglycemia, familial, 1;Type 2 diabetes mellitus;Diabetes mellitus, permanent neonatal 3",germline,germline,GRCh38,NC_000011.10,11,17463515,17463515,na,na,11p15.1,"criteria provided, multiple submitters, no conflicts",5,-,N,ClinGen:CA5903857,2,1459964,17463515,G,A,-,-,-,-,-,-,SCV002240879|SCV004026581|SCV004222741|SCV005676105|SCV007126850,-,-
1481714,single nucleotide variant,NM_000352.6(ABCC8):c.4478G>C (p.Arg1493Pro),6833,ABCC8,HGNC:59,Likely pathogenic,1,"Mar 17, 2021",746480424,-,RCV002008751,MedGen:C3661900,not provided,germline,germline,GRCh37,NC_000011.9,11,17415880,17415880,na,na,11p15.1,"criteria provided, single submitter",1,-,N,ClinGen:CA379783225,2,1487680,17415880,C,G,-,-,-,-,-,-,SCV002272119,-,-
1481714,single nucleotide variant,NM_000352.6(ABCC8):c.4478G>C (p.Arg1493Pro),6833,ABCC8,HGNC:59,Likely pathogenic,1,"Mar 17, 2021",746480424,-,RCV002008751,MedGen:C3661900,not provided,germline,germline,GRCh38,NC_000011.10,11,17394333,17394333,na,na,11p15.1,"criteria provided, single submitter",1,-,N,ClinGen:CA379783225,2,1487680,17394333,C,G,-,-,-,-,-,-,SCV002272119,-,-
1485166,single nucleotide variant,NM_000352.6(ABCC8):c.579+2T>C,6833,ABCC8,HGNC:59,Likely pathogenic,1,"May 17, 2023",1449198328,-,RCV002033509,MedGen:C3661900,not provided,germline,germline,GRCh37,NC_000011.9,11,17484983,17484983,na,na,11p15.1,"criteria provided, single submitter",1,-,N,ClinGen:CA379779846,2,1487272,17484983,A,G,-,-,-,-,-,-,SCV002275574,-,-
1485166,single nucleotide variant,NM_000352.6(ABCC8):c.579+2T>C,6833,ABCC8,HGNC:59,Likely pathogenic,1,"May 17, 2023",1449198328,-,RCV002033509,MedGen:C3661900,not provided,germline,germline,GRCh38,NC_000011.10,11,17463436,17463436,na,na,11p15.1,"criteria provided, single submitter",1,-,N,ClinGen:CA379779846,2,1487272,17463436,A,G,-,-,-,-,-,-,SCV002275574,-,-
1494917,single nucleotide variant,NM_000162.5(GCK):c.1271A>C (p.His424Pro),2645,GCK,HGNC:4195,Uncertain significance,0,"Feb 25, 2021",2128818866,-,RCV002001467,MedGen:C3661900,not provided,germline,germline,GRCh37,NC_000007.13,7,44184862,44184862,na,na,7p13,"criteria provided, single submitter",1,-,N,ClinGen:CA367397239,2,1489311,44184862,T,G,-,-,-,-,-,-,SCV002273683,-,-
1494917,single nucleotide variant,NM_000162.5(GCK):c.1271A>C (p.His424Pro),2645,GCK,HGNC:4195,Uncertain significance,0,"Feb 25, 2021",2128818866,-,RCV002001467,MedGen:C3661900,not provided,germline,germline,GRCh38,NC_000007.14,7,44145263,44145263,na,na,7p13,"criteria provided, single submitter",1,-,N,ClinGen:CA367397239,2,1489311,44145263,T,G,-,-,-,-,-,-,SCV002273683,-,-
1495060,single nucleotide variant,NM_000162.5(GCK):c.388A>T (p.Ile130Phe),2645,GCK,HGNC:4195,Uncertain significance,0,"Aug 09, 2022",2128822105,-,RCV001978311,MedGen:C3661900,not provided,germline,germline,GRCh37,NC_000007.13,7,44190650,44190650,na,na,7p13,"criteria provided, single submitter",1,-,N,ClinGen:CA367402148,2,1489454,44190650,T,A,-,-,-,-,-,-,SCV002271299,-,-
1495060,single nucleotide variant,NM_000162.5(GCK):c.388A>T (p.Ile130Phe),2645,GCK,HGNC:4195,Uncertain significance,0,"Aug 09, 2022",2128822105,-,RCV001978311,MedGen:C3661900,not provided,germline,germline,GRCh38,NC_000007.14,7,44151051,44151051,na,na,7p13,"criteria provided, single submitter",1,-,N,ClinGen:CA367402148,2,1489454,44151051,T,A,-,-,-,-,-,-,SCV002271299,-,-
1495766,single nucleotide variant,NM_000352.6(ABCC8):c.1766C>T (p.Pro589Leu),6833,ABCC8,HGNC:59,Uncertain significance,0,"Oct 15, 2024",1955814875,-,RCV002027014|RCV002486735,"MedGen:C3661900|MONDO:MONDO:0012480,MedGen:C1835887,OMIM:610374,Orphanet:99886;MONDO:MONDO:0009415,MedGen:C0271714,OMIM:240800;MONDO:MONDO:0009734,MedGen:C2931832,OMIM:256450,Orphanet:276575,Orphanet:276598;Human Phenotype Ontology:HP:0005965,Human Phenotype Ontology:HP:0005978,Human Phenotype Ontology:HP:0100652,MONDO:MONDO:0005148,MeSH:D003924,MedGen:C0011860,OMIM:125853;MONDO:MONDO:0030088,MedGen:C5394303,OMIM:618857","not provided|Diabetes mellitus, transient neonatal, 2;Leucine-induced hypoglycemia;Hyperinsulinemic hypoglycemia, familial, 1;Type 2 diabetes mellitus;Diabetes mellitus, permanent neonatal 3",germline;unknown,germline,GRCh37,NC_000011.9,11,17452412,17452412,na,na,11p15.1,"criteria provided, multiple submitters, no conflicts",3,-,N,ClinGen:CA379816958,2,1516993,17452412,G,A,-,-,-,-,-,-,SCV002311160|SCV002789940|SCV003824357,-,-
1495766,single nucleotide variant,NM_000352.6(ABCC8):c.1766C>T (p.Pro589Leu),6833,ABCC8,HGNC:59,Uncertain significance,0,"Oct 15, 2024",1955814875,-,RCV002027014|RCV002486735,"MedGen:C3661900|MONDO:MONDO:0012480,MedGen:C1835887,OMIM:610374,Orphanet:99886;MONDO:MONDO:0009415,MedGen:C0271714,OMIM:240800;MONDO:MONDO:0009734,MedGen:C2931832,OMIM:256450,Orphanet:276575,Orphanet:276598;Human Phenotype Ontology:HP:0005965,Human Phenotype Ontology:HP:0005978,Human Phenotype Ontology:HP:0100652,MONDO:MONDO:0005148,MeSH:D003924,MedGen:C0011860,OMIM:125853;MONDO:MONDO:0030088,MedGen:C5394303,OMIM:618857","not provided|Diabetes mellitus, transient neonatal, 2;Leucine-induced hypoglycemia;Hyperinsulinemic hypoglycemia, familial, 1;Type 2 diabetes mellitus;Diabetes mellitus, permanent neonatal 3",germline;unknown,germline,GRCh38,NC_000011.10,11,17430865,17430865,na,na,11p15.1,"criteria provided, multiple submitters, no conflicts",3,-,N,ClinGen:CA379816958,2,1516993,17430865,G,A,-,-,-,-,-,-,SCV002311160|SCV002789940|SCV003824357,-,-
1495950,Deletion,NM_000352.6(ABCC8):c.1553del (p.Phe518fs),6833,ABCC8,HGNC:59,Pathogenic,1,"Sep 09, 2021",2133595741,-,RCV001863622,MedGen:C3661900,not provided,germline,germline,GRCh37,NC_000011.9,11,17464344,17464344,na,na,11p15.1,"criteria provided, single submitter",1,-,N,ClinGen:CA2573146090,2,1353831,17464343,GA,G,-,-,-,-,-,-,SCV002109493,-,-
1495950,Deletion,NM_000352.6(ABCC8):c.1553del (p.Phe518fs),6833,ABCC8,HGNC:59,Pathogenic,1,"Sep 09, 2021",2133595741,-,RCV001863622,MedGen:C3661900,not provided,germline,germline,GRCh38,NC_000011.10,11,17442797,17442797,na,na,11p15.1,"criteria provided, single submitter",1,-,N,ClinGen:CA2573146090,2,1353831,17442796,GA,G,-,-,-,-,-,-,SCV002109493,-,-
1498516,single nucleotide variant,NM_000352.6(ABCC8):c.2521C>G (p.Arg841Gly),6833,ABCC8,HGNC:59,Likely pathogenic,1,"Jul 15, 2025",1484689392,-,RCV001978196|RCV005042650|RCV006458855,"MedGen:C3661900|MONDO:MONDO:0012480,MedGen:C1835887,OMIM:610374,Orphanet:99886;MONDO:MONDO:0009415,MedGen:C0271714,OMIM:240800;MONDO:MONDO:0009734,MedGen:C2931832,OMIM:256450,Orphanet:276575,Orphanet:276598;Human Phenotype Ontology:HP:0005965,Human Phenotype Ontology:HP:0005978,Human Phenotype Ontology:HP:0100652,MONDO:MONDO:0005148,MeSH:D003924,MedGen:C0011860,OMIM:125853;MONDO:MONDO:0030088,MedGen:C5394303,OMIM:618857|MONDO:MONDO:0017182,MedGen:C3888018,Orphanet:276525","not provided|Diabetes mellitus, transient neonatal, 2;Leucine-induced hypoglycemia;Hyperinsulinemic hypoglycemia, familial, 1;Type 2 diabetes mellitus;Diabetes mellitus, permanent neonatal 3|Familial hyperinsulinism",germline,germline,GRCh37,NC_000011.9,11,17434248,17434248,na,na,11p15.1,"criteria provided, multiple submitters, no conflicts",3,-,N,ClinGen:CA379807481,2,1489024,17434248,G,C,-,-,-,-,-,-,SCV002272726|SCV004020578|SCV005676337,-,-
1498516,single nucleotide variant,NM_000352.6(ABCC8):c.2521C>G (p.Arg841Gly),6833,ABCC8,HGNC:59,Likely pathogenic,1,"Jul 15, 2025",1484689392,-,RCV001978196|RCV005042650|RCV006458855,"MedGen:C3661900|MONDO:MONDO:0012480,MedGen:C1835887,OMIM:610374,Orphanet:99886;MONDO:MONDO:0009415,MedGen:C0271714,OMIM:240800;MONDO:MONDO:0009734,MedGen:C2931832,OMIM:256450,Orphanet:276575,Orphanet:276598;Human Phenotype Ontology:HP:0005965,Human Phenotype Ontology:HP:0005978,Human Phenotype Ontology:HP:0100652,MONDO:MONDO:0005148,MeSH:D003924,MedGen:C0011860,OMIM:125853;MONDO:MONDO:0030088,MedGen:C5394303,OMIM:618857|MONDO:MONDO:0017182,MedGen:C3888018,Orphanet:276525","not provided|Diabetes mellitus, transient neonatal, 2;Leucine-induced hypoglycemia;Hyperinsulinemic hypoglycemia, familial, 1;Type 2 diabetes mellitus;Diabetes mellitus, permanent neonatal 3|Familial hyperinsulinism",germline,germline,GRCh38,NC_000011.10,11,17412701,17412701,na,na,11p15.1,"criteria provided, multiple submitters, no conflicts",3,-,N,ClinGen:CA379807481,2,1489024,17412701,G,C,-,-,-,-,-,-,SCV002272726|SCV004020578|SCV005676337,-,-
1501120,single nucleotide variant,NM_000162.5(GCK):c.1228G>C (p.Gly410Arg),2645,GCK,HGNC:4195,Pathogenic,1,"Apr 28, 2024",2128819136,-,RCV001977269|RCV004527442,"MedGen:C3661900|MONDO:MONDO:0015967,MedGen:C3888631,Orphanet:183625",not provided|Monogenic diabetes,germline,germline,GRCh37,NC_000007.13,7,44185121,44185121,na,na,7p13,reviewed by expert panel,2,-,N,ClinGen:CA367398313,2,1472875,44185121,C,G,-,-,-,-,-,-,SCV005040680,-,-
1501120,single nucleotide variant,NM_000162.5(GCK):c.1228G>C (p.Gly410Arg),2645,GCK,HGNC:4195,Pathogenic,1,"Apr 28, 2024",2128819136,-,RCV001977269|RCV004527442,"MedGen:C3661900|MONDO:MONDO:0015967,MedGen:C3888631,Orphanet:183625",not provided|Monogenic diabetes,germline,germline,GRCh38,NC_000007.14,7,44145522,44145522,na,na,7p13,reviewed by expert panel,2,-,N,ClinGen:CA367398313,2,1472875,44145522,C,G,-,-,-,-,-,-,SCV005040680,-,-
1502333,single nucleotide variant,NM_000162.5(GCK):c.674T>C (p.Ile225Thr),2645,GCK,HGNC:4195,Conflicting classifications of pathogenicity,1,"Jan 17, 2024",2128821473,-,RCV001942615,MedGen:C3661900,not provided,germline,germline,GRCh37,NC_000007.13,7,44189364,44189364,na,na,7p13,"criteria provided, conflicting classifications",2,-,N,ClinGen:CA367401133,2,1365290,44189364,A,G,-,-,-,-,-,-,SCV002133635|SCV005327733,-,-
1502333,single nucleotide variant,NM_000162.5(GCK):c.674T>C (p.Ile225Thr),2645,GCK,HGNC:4195,Conflicting classifications of pathogenicity,1,"Jan 17, 2024",2128821473,-,RCV001942615,MedGen:C3661900,not provided,germline,germline,GRCh38,NC_000007.14,7,44149765,44149765,na,na,7p13,"criteria provided, conflicting classifications",2,-,N,ClinGen:CA367401133,2,1365290,44149765,A,G,-,-,-,-,-,-,SCV002133635|SCV005327733,-,-
1505945,single nucleotide variant,NM_000162.5(GCK):c.251T>C (p.Phe84Ser),2645,GCK,HGNC:4195,Uncertain significance,0,"Oct 12, 2021",2128822702,-,RCV002049532,MedGen:C3661900,not provided,germline,germline,GRCh37,NC_000007.13,7,44191982,44191982,na,na,7p13,"criteria provided, single submitter",1,-,N,ClinGen:CA367402973,2,1352737,44191982,A,G,-,-,-,-,-,-,SCV002115039,-,-
1505945,single nucleotide variant,NM_000162.5(GCK):c.251T>C (p.Phe84Ser),2645,GCK,HGNC:4195,Uncertain significance,0,"Oct 12, 2021",2128822702,-,RCV002049532,MedGen:C3661900,not provided,germline,germline,GRCh38,NC_000007.14,7,44152383,44152383,na,na,7p13,"criteria provided, single submitter",1,-,N,ClinGen:CA367402973,2,1352737,44152383,A,G,-,-,-,-,-,-,SCV002115039,-,-
1514421,single nucleotide variant,NM_000352.6(ABCC8):c.4258C>A (p.Arg1420Ser),6833,ABCC8,HGNC:59,Likely pathogenic,1,"Jun 04, 2021",28938469,-,RCV001956958,MedGen:C3661900,not provided,germline,germline,GRCh37,NC_000011.9,11,17417206,17417206,na,na,11p15.1,"criteria provided, single submitter",1,-,N,ClinGen:CA379786677,2,1464709,17417206,G,T,-,-,-,-,-,-,SCV002251526,-,-
1514421,single nucleotide variant,NM_000352.6(ABCC8):c.4258C>A (p.Arg1420Ser),6833,ABCC8,HGNC:59,Likely pathogenic,1,"Jun 04, 2021",28938469,-,RCV001956958,MedGen:C3661900,not provided,germline,germline,GRCh38,NC_000011.10,11,17395659,17395659,na,na,11p15.1,"criteria provided, single submitter",1,-,N,ClinGen:CA379786677,2,1464709,17395659,G,T,-,-,-,-,-,-,SCV002251526,-,-
1517402,single nucleotide variant,NM_000352.6(ABCC8):c.2912A>T (p.Glu971Val),6833,ABCC8,HGNC:59,Uncertain significance,0,-,1431503235,-,RCV002052017,"Human Phenotype Ontology:HP:0004904,MONDO:MONDO:0018911,MedGen:C0342276,OMIM:PS125850,Orphanet:552",Maturity-onset diabetes of the young,germline,germline,GRCh37,NC_000011.9,11,17428909,17428909,na,na,11p15.1,"criteria provided, single submitter",1,-,N,ClinGen:CA379804552,2,1525997,17428909,T,A,-,-,-,-,-,-,SCV002318390,-,-
1517402,single nucleotide variant,NM_000352.6(ABCC8):c.2912A>T (p.Glu971Val),6833,ABCC8,HGNC:59,Uncertain significance,0,-,1431503235,-,RCV002052017,"Human Phenotype Ontology:HP:0004904,MONDO:MONDO:0018911,MedGen:C0342276,OMIM:PS125850,Orphanet:552",Maturity-onset diabetes of the young,germline,germline,GRCh38,NC_000011.10,11,17407362,17407362,na,na,11p15.1,"criteria provided, single submitter",1,-,N,ClinGen:CA379804552,2,1525997,17407362,T,A,-,-,-,-,-,-,SCV002318390,-,-
1517403,single nucleotide variant,NM_000525.4(KCNJ11):c.190G>A (p.Val64Met),3767,KCNJ11,HGNC:6257,Likely pathogenic,1,-,115716690,-,RCV002052018,"MONDO:MONDO:0016391,MedGen:C0158981,Orphanet:224",Neonatal diabetes mellitus,germline,germline,GRCh37,NC_000011.9,11,17409449,17409449,na,na,11p15.1,"criteria provided, single submitter",1,-,N,ClinGen:CA379775801,2,1525998,17409449,C,T,-,-,-,-,-,-,SCV002318394,-,-
1517403,single nucleotide variant,NM_000525.4(KCNJ11):c.190G>A (p.Val64Met),3767,KCNJ11,HGNC:6257,Likely pathogenic,1,-,115716690,-,RCV002052018,"MONDO:MONDO:0016391,MedGen:C0158981,Orphanet:224",Neonatal diabetes mellitus,germline,germline,GRCh38,NC_000011.10,11,17387902,17387902,na,na,11p15.1,"criteria provided, single submitter",1,-,N,ClinGen:CA379775801,2,1525998,17387902,C,T,-,-,-,-,-,-,SCV002318394,-,-
1517404,single nucleotide variant,NM_000525.4(KCNJ11):c.754G>T (p.Val252Leu),3767,KCNJ11,HGNC:6257,Likely pathogenic,1,-,2133379609,-,RCV002052019,"MONDO:MONDO:0016391,MedGen:C0158981,Orphanet:224",Neonatal diabetes mellitus,germline,germline,GRCh37,NC_000011.9,11,17408885,17408885,na,na,11p15.1,"criteria provided, single submitter",1,-,N,ClinGen:CA379770990,2,1525999,17408885,C,A,-,-,-,-,-,-,SCV002318400,-,-
1517404,single nucleotide variant,NM_000525.4(KCNJ11):c.754G>T (p.Val252Leu),3767,KCNJ11,HGNC:6257,Likely pathogenic,1,-,2133379609,-,RCV002052019,"MONDO:MONDO:0016391,MedGen:C0158981,Orphanet:224",Neonatal diabetes mellitus,germline,germline,GRCh38,NC_000011.10,11,17387338,17387338,na,na,11p15.1,"criteria provided, single submitter",1,-,N,ClinGen:CA379770990,2,1525999,17387338,C,A,-,-,-,-,-,-,SCV002318400,-,-
1517405,single nucleotide variant,NM_000525.4(KCNJ11):c.1001G>T (p.Gly334Val),3767,KCNJ11,HGNC:6257,Likely pathogenic,1,-,193929358,-,RCV002052020,"MONDO:MONDO:0016391,MedGen:C0158981,Orphanet:224",Neonatal diabetes mellitus,germline,germline,GRCh37,NC_000011.9,11,17408638,17408638,na,na,11p15.1,"criteria provided, single submitter",1,-,N,ClinGen:CA379769450,2,1526000,17408638,C,A,-,-,-,-,-,-,SCV002318401,-,-
1517405,single nucleotide variant,NM_000525.4(KCNJ11):c.1001G>T (p.Gly334Val),3767,KCNJ11,HGNC:6257,Likely pathogenic,1,-,193929358,-,RCV002052020,"MONDO:MONDO:0016391,MedGen:C0158981,Orphanet:224",Neonatal diabetes mellitus,germline,germline,GRCh38,NC_000011.10,11,17387091,17387091,na,na,11p15.1,"criteria provided, single submitter",1,-,N,ClinGen:CA379769450,2,1526000,17387091,C,A,-,-,-,-,-,-,SCV002318401,-,-
1517406,single nucleotide variant,NM_000352.6(ABCC8):c.634G>T (p.Asp212Tyr),6833,ABCC8,HGNC:59,Likely pathogenic,1,-,2133680409,-,RCV002052021,"MONDO:MONDO:0016391,MedGen:C0158981,Orphanet:224",Neonatal diabetes mellitus,germline,germline,GRCh37,NC_000011.9,11,17483318,17483318,na,na,11p15.1,"criteria provided, single submitter",1,-,N,ClinGen:CA379778991,2,1526001,17483318,C,A,-,-,-,-,-,-,SCV002318404,-,-
1517406,single nucleotide variant,NM_000352.6(ABCC8):c.634G>T (p.Asp212Tyr),6833,ABCC8,HGNC:59,Likely pathogenic,1,-,2133680409,-,RCV002052021,"MONDO:MONDO:0016391,MedGen:C0158981,Orphanet:224",Neonatal diabetes mellitus,germline,germline,GRCh38,NC_000011.10,11,17461771,17461771,na,na,11p15.1,"criteria provided, single submitter",1,-,N,ClinGen:CA379778991,2,1526001,17461771,C,A,-,-,-,-,-,-,SCV002318404,-,-
1517407,single nucleotide variant,NM_000352.6(ABCC8):c.643G>A (p.Val215Ile),6833,ABCC8,HGNC:59,Likely pathogenic,1,-,2133680286,-,RCV002052022,"MONDO:MONDO:0016391,MedGen:C0158981,Orphanet:224",Neonatal diabetes mellitus,germline,germline,GRCh37,NC_000011.9,11,17483309,17483309,na,na,11p15.1,"criteria provided, single submitter",1,-,N,ClinGen:CA379778915,2,1526002,17483309,C,T,-,-,-,-,-,-,SCV002318405,-,-
1517407,single nucleotide variant,NM_000352.6(ABCC8):c.643G>A (p.Val215Ile),6833,ABCC8,HGNC:59,Likely pathogenic,1,-,2133680286,-,RCV002052022,"MONDO:MONDO:0016391,MedGen:C0158981,Orphanet:224",Neonatal diabetes mellitus,germline,germline,GRCh38,NC_000011.10,11,17461762,17461762,na,na,11p15.1,"criteria provided, single submitter",1,-,N,ClinGen:CA379778915,2,1526002,17461762,C,T,-,-,-,-,-,-,SCV002318405,-,-
1517408,single nucleotide variant,NM_000352.6(ABCC8):c.1608T>A (p.Phe536Leu),6833,ABCC8,HGNC:59,Likely pathogenic,1,-,753618932,-,RCV002052023,"MONDO:MONDO:0016391,MedGen:C0158981,Orphanet:224",Neonatal diabetes mellitus,germline,germline,GRCh37,NC_000011.9,11,17464289,17464289,na,na,11p15.1,"criteria provided, single submitter",1,-,N,ClinGen:CA379766368,2,1526003,17464289,A,T,-,-,-,-,-,-,SCV002318407,-,-
1517408,single nucleotide variant,NM_000352.6(ABCC8):c.1608T>A (p.Phe536Leu),6833,ABCC8,HGNC:59,Likely pathogenic,1,-,753618932,-,RCV002052023,"MONDO:MONDO:0016391,MedGen:C0158981,Orphanet:224",Neonatal diabetes mellitus,germline,germline,GRCh38,NC_000011.10,11,17442742,17442742,na,na,11p15.1,"criteria provided, single submitter",1,-,N,ClinGen:CA379766368,2,1526003,17442742,A,T,-,-,-,-,-,-,SCV002318407,-,-
1517409,single nucleotide variant,NM_000352.6(ABCC8):c.2974C>T (p.Arg992Cys),6833,ABCC8,HGNC:59,Uncertain significance,0,-,1954577653,-,RCV002052024,"MONDO:MONDO:0016391,MedGen:C0158981,Orphanet:224",Neonatal diabetes mellitus,germline,germline,GRCh37,NC_000011.9,11,17428623,17428623,na,na,11p15.1,"criteria provided, single submitter",1,-,N,ClinGen:CA379804092,2,1526004,17428623,G,A,-,-,-,-,-,-,SCV002318409,-,-
1517409,single nucleotide variant,NM_000352.6(ABCC8):c.2974C>T (p.Arg992Cys),6833,ABCC8,HGNC:59,Uncertain significance,0,-,1954577653,-,RCV002052024,"MONDO:MONDO:0016391,MedGen:C0158981,Orphanet:224",Neonatal diabetes mellitus,germline,germline,GRCh38,NC_000011.10,11,17407076,17407076,na,na,11p15.1,"criteria provided, single submitter",1,-,N,ClinGen:CA379804092,2,1526004,17407076,G,A,-,-,-,-,-,-,SCV002318409,-,-
1517410,single nucleotide variant,NM_000352.6(ABCC8):c.3788C>T (p.Ala1263Val),6833,ABCC8,HGNC:59,Conflicting classifications of pathogenicity,1,"Sep 27, 2023",772094360,-,RCV002052025|RCV003332375|RCV004538754,"MONDO:MONDO:0016391,MedGen:C0158981,Orphanet:224|MedGen:C3661900|",Neonatal diabetes mellitus|not provided|ABCC8-related disorder,germline,germline,GRCh37,NC_000011.9,11,17419310,17419310,na,na,11p15.1,"criteria provided, conflicting classifications",3,-,N,ClinGen:CA379793507,2,1526005,17419310,G,A,-,-,-,-,-,-,SCV002318412|SCV004039670,-,-
1517410,single nucleotide variant,NM_000352.6(ABCC8):c.3788C>T (p.Ala1263Val),6833,ABCC8,HGNC:59,Conflicting classifications of pathogenicity,1,"Sep 27, 2023",772094360,-,RCV002052025|RCV003332375|RCV004538754,"MONDO:MONDO:0016391,MedGen:C0158981,Orphanet:224|MedGen:C3661900|",Neonatal diabetes mellitus|not provided|ABCC8-related disorder,germline,germline,GRCh38,NC_000011.10,11,17397763,17397763,na,na,11p15.1,"criteria provided, conflicting classifications",3,-,N,ClinGen:CA379793507,2,1526005,17397763,G,A,-,-,-,-,-,-,SCV002318412|SCV004039670,-,-
1517411,single nucleotide variant,NM_000352.6(ABCC8):c.4264T>A (p.Ser1422Thr),6833,ABCC8,HGNC:59,Likely pathogenic,1,-,2133401009,-,RCV002052026,"MONDO:MONDO:0016391,MedGen:C0158981,Orphanet:224",Neonatal diabetes mellitus,germline,germline,GRCh37,NC_000011.9,11,17417200,17417200,na,na,11p15.1,"criteria provided, single submitter",1,-,N,ClinGen:CA379786622,2,1526006,17417200,A,T,-,-,-,-,-,-,SCV002318413,-,-
1517411,single nucleotide variant,NM_000352.6(ABCC8):c.4264T>A (p.Ser1422Thr),6833,ABCC8,HGNC:59,Likely pathogenic,1,-,2133401009,-,RCV002052026,"MONDO:MONDO:0016391,MedGen:C0158981,Orphanet:224",Neonatal diabetes mellitus,germline,germline,GRCh38,NC_000011.10,11,17395653,17395653,na,na,11p15.1,"criteria provided, single submitter",1,-,N,ClinGen:CA379786622,2,1526006,17395653,A,T,-,-,-,-,-,-,SCV002318413,-,-
1517412,single nucleotide variant,NM_000352.6(ABCC8):c.4610A>G (p.His1537Arg),6833,ABCC8,HGNC:59,Likely pathogenic,1,-,2133390317,-,RCV002052027,"MONDO:MONDO:0016391,MedGen:C0158981,Orphanet:224",Neonatal diabetes mellitus,germline,germline,GRCh37,NC_000011.9,11,17414674,17414674,na,na,11p15.1,"criteria provided, single submitter",1,-,N,ClinGen:CA379781544,2,1526007,17414674,T,C,-,-,-,-,-,-,SCV002318415,-,-
1517412,single nucleotide variant,NM_000352.6(ABCC8):c.4610A>G (p.His1537Arg),6833,ABCC8,HGNC:59,Likely pathogenic,1,-,2133390317,-,RCV002052027,"MONDO:MONDO:0016391,MedGen:C0158981,Orphanet:224",Neonatal diabetes mellitus,germline,germline,GRCh38,NC_000011.10,11,17393127,17393127,na,na,11p15.1,"criteria provided, single submitter",1,-,N,ClinGen:CA379781544,2,1526007,17393127,T,C,-,-,-,-,-,-,SCV002318415,-,-
1517419,Deletion,NM_000352.6(ABCC8):c.1del (p.Met1fs),6833,ABCC8,HGNC:59,Likely pathogenic,1,-,2133738442,-,RCV002052034,"MONDO:MONDO:0009734,MedGen:C2931832,OMIM:256450,Orphanet:276575,Orphanet:276598","Hyperinsulinemic hypoglycemia, familial, 1",germline,germline,GRCh37,NC_000011.9,11,17498323,17498323,na,na,11p15.1,"criteria provided, single submitter",1,-,N,ClinGen:CA2573146099,2,1526014,17498322,AT,A,-,-,-,-,-,-,SCV002318426,-,-
1517419,Deletion,NM_000352.6(ABCC8):c.1del (p.Met1fs),6833,ABCC8,HGNC:59,Likely pathogenic,1,-,2133738442,-,RCV002052034,"MONDO:MONDO:0009734,MedGen:C2931832,OMIM:256450,Orphanet:276575,Orphanet:276598","Hyperinsulinemic hypoglycemia, familial, 1",germline,germline,GRCh38,NC_000011.10,11,17476776,17476776,na,na,11p15.1,"criteria provided, single submitter",1,-,N,ClinGen:CA2573146099,2,1526014,17476775,AT,A,-,-,-,-,-,-,SCV002318426,-,-
1517420,Deletion,NM_000352.6(ABCC8):c.61del (p.Val21fs),6833,ABCC8,HGNC:59,Pathogenic/Likely pathogenic,1,"Mar 28, 2024",2133737961,-,RCV002052035|RCV004572012,"MONDO:MONDO:0009734,MedGen:C2931832,OMIM:256450,Orphanet:276575,Orphanet:276598|Human Phenotype Ontology:HP:0005965,Human Phenotype Ontology:HP:0005978,Human Phenotype Ontology:HP:0100652,MONDO:MONDO:0005148,MeSH:D003924,MedGen:C0011860,OMIM:125853","Hyperinsulinemic hypoglycemia, familial, 1|Type 2 diabetes mellitus",germline;unknown,germline,GRCh37,NC_000011.9,11,17498263,17498263,na,na,11p15.1,"criteria provided, multiple submitters, no conflicts",3,-,N,ClinGen:CA2573146096,2,1526015,17498262,AC,A,-,-,-,-,-,-,SCV002318427|SCV005058574|SCV006333655,-,-
1517420,Deletion,NM_000352.6(ABCC8):c.61del (p.Val21fs),6833,ABCC8,HGNC:59,Pathogenic/Likely pathogenic,1,"Mar 28, 2024",2133737961,-,RCV002052035|RCV004572012,"MONDO:MONDO:0009734,MedGen:C2931832,OMIM:256450,Orphanet:276575,Orphanet:276598|Human Phenotype Ontology:HP:0005965,Human Phenotype Ontology:HP:0005978,Human Phenotype Ontology:HP:0100652,MONDO:MONDO:0005148,MeSH:D003924,MedGen:C0011860,OMIM:125853","Hyperinsulinemic hypoglycemia, familial, 1|Type 2 diabetes mellitus",germline;unknown,germline,GRCh38,NC_000011.10,11,17476716,17476716,na,na,11p15.1,"criteria provided, multiple submitters, no conflicts",3,-,N,ClinGen:CA2573146096,2,1526015,17476715,AC,A,-,-,-,-,-,-,SCV002318427|SCV005058574|SCV006333655,-,-
1517421,Deletion,NM_000352.6(ABCC8):c.267del (p.Ile89fs),6833,ABCC8,HGNC:59,Likely pathogenic,1,-,2133728449,-,RCV002052036,"MONDO:MONDO:0009734,MedGen:C2931832,OMIM:256450,Orphanet:276575,Orphanet:276598","Hyperinsulinemic hypoglycemia, familial, 1",germline,germline,GRCh37,NC_000011.9,11,17496456,17496456,na,na,11p15.1,"criteria provided, single submitter",1,-,N,ClinGen:CA2573146091,2,1526016,17496455,CA,C,-,-,-,-,-,-,SCV002318428,-,-
1517421,Deletion,NM_000352.6(ABCC8):c.267del (p.Ile89fs),6833,ABCC8,HGNC:59,Likely pathogenic,1,-,2133728449,-,RCV002052036,"MONDO:MONDO:0009734,MedGen:C2931832,OMIM:256450,Orphanet:276575,Orphanet:276598","Hyperinsulinemic hypoglycemia, familial, 1",germline,germline,GRCh38,NC_000011.10,11,17474909,17474909,na,na,11p15.1,"criteria provided, single submitter",1,-,N,ClinGen:CA2573146091,2,1526016,17474908,CA,C,-,-,-,-,-,-,SCV002318428,-,-
1517422,single nucleotide variant,NM_000352.6(ABCC8):c.1330C>T (p.Gln444Ter),6833,ABCC8,HGNC:59,Pathogenic,1,"Sep 19, 2023",2133616750,-,RCV002052037|RCV003388087|RCV003560873,"MONDO:MONDO:0009734,MedGen:C2931832,OMIM:256450,Orphanet:276575,Orphanet:276598|MONDO:MONDO:0017182,MedGen:C3888018,Orphanet:276525|MedGen:C3661900","Hyperinsulinemic hypoglycemia, familial, 1|Familial hyperinsulinism|not provided",germline,germline,GRCh37,NC_000011.9,11,17470065,17470065,na,na,11p15.1,"criteria provided, multiple submitters, no conflicts",3,-,N,ClinGen:CA379768487,2,1526017,17470065,G,A,-,-,-,-,-,-,SCV002318431|SCV004099978|SCV004295391,-,-
1517422,single nucleotide variant,NM_000352.6(ABCC8):c.1330C>T (p.Gln444Ter),6833,ABCC8,HGNC:59,Pathogenic,1,"Sep 19, 2023",2133616750,-,RCV002052037|RCV003388087|RCV003560873,"MONDO:MONDO:0009734,MedGen:C2931832,OMIM:256450,Orphanet:276575,Orphanet:276598|MONDO:MONDO:0017182,MedGen:C3888018,Orphanet:276525|MedGen:C3661900","Hyperinsulinemic hypoglycemia, familial, 1|Familial hyperinsulinism|not provided",germline,germline,GRCh38,NC_000011.10,11,17448518,17448518,na,na,11p15.1,"criteria provided, multiple submitters, no conflicts",3,-,N,ClinGen:CA379768487,2,1526017,17448518,G,A,-,-,-,-,-,-,SCV002318431|SCV004099978|SCV004295391,-,-
1517423,single nucleotide variant,NM_000352.6(ABCC8):c.2171T>C (p.Leu724Pro),6833,ABCC8,HGNC:59,Conflicting classifications of pathogenicity,1,"Aug 16, 2023",1402090677,-,RCV002052038,"MONDO:MONDO:0009734,MedGen:C2931832,OMIM:256450,Orphanet:276575,Orphanet:276598","Hyperinsulinemic hypoglycemia, familial, 1",germline,germline,GRCh37,NC_000011.9,11,17448647,17448647,na,na,11p15.1,"criteria provided, conflicting classifications",2,-,N,ClinGen:CA379813612,2,1526018,17448647,A,G,-,-,-,-,-,-,SCV002318433|SCV004026544,-,-
1517423,single nucleotide variant,NM_000352.6(ABCC8):c.2171T>C (p.Leu724Pro),6833,ABCC8,HGNC:59,Conflicting classifications of pathogenicity,1,"Aug 16, 2023",1402090677,-,RCV002052038,"MONDO:MONDO:0009734,MedGen:C2931832,OMIM:256450,Orphanet:276575,Orphanet:276598","Hyperinsulinemic hypoglycemia, familial, 1",germline,germline,GRCh38,NC_000011.10,11,17427100,17427100,na,na,11p15.1,"criteria provided, conflicting classifications",2,-,N,ClinGen:CA379813612,2,1526018,17427100,A,G,-,-,-,-,-,-,SCV002318433|SCV004026544,-,-
1517424,single nucleotide variant,NM_000352.6(ABCC8):c.2694G>A (p.Trp898Ter),6833,ABCC8,HGNC:59,Pathogenic,1,-,2133460799,-,RCV002052039,"MONDO:MONDO:0009734,MedGen:C2931832,OMIM:256450,Orphanet:276575,Orphanet:276598","Hyperinsulinemic hypoglycemia, familial, 1",germline,germline,GRCh37,NC_000011.9,11,17432063,17432063,na,na,11p15.1,"criteria provided, single submitter",1,-,N,ClinGen:CA379805881,2,1526019,17432063,C,T,-,-,-,-,-,-,SCV002318435,-,-
1517424,single nucleotide variant,NM_000352.6(ABCC8):c.2694G>A (p.Trp898Ter),6833,ABCC8,HGNC:59,Pathogenic,1,-,2133460799,-,RCV002052039,"MONDO:MONDO:0009734,MedGen:C2931832,OMIM:256450,Orphanet:276575,Orphanet:276598","Hyperinsulinemic hypoglycemia, familial, 1",germline,germline,GRCh38,NC_000011.10,11,17410516,17410516,na,na,11p15.1,"criteria provided, single submitter",1,-,N,ClinGen:CA379805881,2,1526019,17410516,C,T,-,-,-,-,-,-,SCV002318435,-,-
1517425,single nucleotide variant,NM_000352.6(ABCC8):c.4361T>G (p.Leu1454Arg),6833,ABCC8,HGNC:59,Uncertain significance,0,-,2133398519,-,RCV002052040,"MONDO:MONDO:0009734,MedGen:C2931832,OMIM:256450,Orphanet:276575,Orphanet:276598","Hyperinsulinemic hypoglycemia, familial, 1",germline,germline,GRCh37,NC_000011.9,11,17416769,17416769,na,na,11p15.1,"criteria provided, single submitter",1,-,N,ClinGen:CA379785425,2,1526020,17416769,A,C,-,-,-,-,-,-,SCV002318436,-,-
1517425,single nucleotide variant,NM_000352.6(ABCC8):c.4361T>G (p.Leu1454Arg),6833,ABCC8,HGNC:59,Uncertain significance,0,-,2133398519,-,RCV002052040,"MONDO:MONDO:0009734,MedGen:C2931832,OMIM:256450,Orphanet:276575,Orphanet:276598","Hyperinsulinemic hypoglycemia, familial, 1",germline,germline,GRCh38,NC_000011.10,11,17395222,17395222,na,na,11p15.1,"criteria provided, single submitter",1,-,N,ClinGen:CA379785425,2,1526020,17395222,A,C,-,-,-,-,-,-,SCV002318436,-,-
1517428,single nucleotide variant,NM_000352.6(ABCC8):c.3290A>G (p.His1097Arg),6833,ABCC8,HGNC:59,Uncertain significance,0,"Apr 19, 2025",1352191146,-,RCV002052043|RCV005057945,"MONDO:MONDO:0012480,MedGen:C1835887,OMIM:610374,Orphanet:99886|MedGen:C3661900","Diabetes mellitus, transient neonatal, 2|not provided",germline,germline,GRCh37,NC_000011.9,11,17428208,17428208,na,na,11p15.1,"criteria provided, multiple submitters, no conflicts",2,-,N,ClinGen:CA379801443,2,1526023,17428208,T,C,-,-,-,-,-,-,SCV002318444|SCV005718635,-,-
1517428,single nucleotide variant,NM_000352.6(ABCC8):c.3290A>G (p.His1097Arg),6833,ABCC8,HGNC:59,Uncertain significance,0,"Apr 19, 2025",1352191146,-,RCV002052043|RCV005057945,"MONDO:MONDO:0012480,MedGen:C1835887,OMIM:610374,Orphanet:99886|MedGen:C3661900","Diabetes mellitus, transient neonatal, 2|not provided",germline,germline,GRCh38,NC_000011.10,11,17406661,17406661,na,na,11p15.1,"criteria provided, multiple submitters, no conflicts",2,-,N,ClinGen:CA379801443,2,1526023,17406661,T,C,-,-,-,-,-,-,SCV002318444|SCV005718635,-,-
1517658,Deletion,NM_000162.5(GCK):c.1251del (p.Ser418fs),2645,GCK,HGNC:4195,Likely pathogenic,1,"Mar 22, 2022",2128819092,-,RCV002052274,"MONDO:MONDO:0007453,MedGen:C0342277,OMIM:125851,Orphanet:552",Maturity-onset diabetes of the young type 2,germline,germline,GRCh37,NC_000007.13,7,44185098,44185098,na,na,7p13,"criteria provided, single submitter",1,-,N,ClinGen:CA2573142178,2,1526254,44185097,TG,T,-,-,-,-,-,-,SCV002318890,-,-
1517658,Deletion,NM_000162.5(GCK):c.1251del (p.Ser418fs),2645,GCK,HGNC:4195,Likely pathogenic,1,"Mar 22, 2022",2128819092,-,RCV002052274,"MONDO:MONDO:0007453,MedGen:C0342277,OMIM:125851,Orphanet:552",Maturity-onset diabetes of the young type 2,germline,germline,GRCh38,NC_000007.14,7,44145499,44145499,na,na,7p13,"criteria provided, single submitter",1,-,N,ClinGen:CA2573142178,2,1526254,44145498,TG,T,-,-,-,-,-,-,SCV002318890,-,-
1521869,single nucleotide variant,NM_000352.6(ABCC8):c.3480A>G (p.Thr1160=),6833,ABCC8,HGNC:59,Likely benign,0,"Jul 02, 2021",1954419460,-,RCV002199445,MedGen:C3661900,not provided,germline,germline,GRCh37,NC_000011.9,11,17426136,17426136,na,na,11p15.1,"criteria provided, single submitter",1,-,N,ClinGen:CA473299671,2,1553689,17426136,T,C,-,-,-,-,-,-,SCV002342480,-,-
1521869,single nucleotide variant,NM_000352.6(ABCC8):c.3480A>G (p.Thr1160=),6833,ABCC8,HGNC:59,Likely benign,0,"Jul 02, 2021",1954419460,-,RCV002199445,MedGen:C3661900,not provided,germline,germline,GRCh38,NC_000011.10,11,17404589,17404589,na,na,11p15.1,"criteria provided, single submitter",1,-,N,ClinGen:CA473299671,2,1553689,17404589,T,C,-,-,-,-,-,-,SCV002342480,-,-
1523017,single nucleotide variant,NM_000352.6(ABCC8):c.3868-10C>T,6833,ABCC8,HGNC:59,Likely benign,0,"Nov 05, 2023",2133409266,-,RCV002167479|RCV005607094,MedGen:C3661900|,not provided|Hereditary hyperinsulinism,germline,germline,GRCh37,NC_000011.9,11,17418870,17418870,na,na,11p15.1,"criteria provided, single submitter",2,-,N,ClinGen:CA2573146253,2,1542742,17418870,G,A,-,-,-,-,-,-,SCV002340573,-,-
1523017,single nucleotide variant,NM_000352.6(ABCC8):c.3868-10C>T,6833,ABCC8,HGNC:59,Likely benign,0,"Nov 05, 2023",2133409266,-,RCV002167479|RCV005607094,MedGen:C3661900|,not provided|Hereditary hyperinsulinism,germline,germline,GRCh38,NC_000011.10,11,17397323,17397323,na,na,11p15.1,"criteria provided, single submitter",2,-,N,ClinGen:CA2573146253,2,1542742,17397323,G,A,-,-,-,-,-,-,SCV002340573,-,-
1523828,single nucleotide variant,NM_000352.6(ABCC8):c.4053G>A (p.Val1351=),6833,ABCC8,HGNC:59,Likely benign,0,"Jul 01, 2023",2133407169,-,RCV002135183,MedGen:C3661900,not provided,germline,germline,GRCh37,NC_000011.9,11,17418529,17418529,na,na,11p15.1,"criteria provided, single submitter",1,-,N,ClinGen:CA473298543,2,1635366,17418529,C,T,-,-,-,-,-,-,SCV002443174,-,-
1523828,single nucleotide variant,NM_000352.6(ABCC8):c.4053G>A (p.Val1351=),6833,ABCC8,HGNC:59,Likely benign,0,"Jul 01, 2023",2133407169,-,RCV002135183,MedGen:C3661900,not provided,germline,germline,GRCh38,NC_000011.10,11,17396982,17396982,na,na,11p15.1,"criteria provided, single submitter",1,-,N,ClinGen:CA473298543,2,1635366,17396982,C,T,-,-,-,-,-,-,SCV002443174,-,-
1523883,single nucleotide variant,NM_000352.6(ABCC8):c.969C>T (p.Ile323=),6833,ABCC8,HGNC:59,Likely benign,0,"Sep 24, 2025",748659098,-,RCV002133423|RCV006262369,MedGen:C3661900|MedGen:CN169374,not provided|not specified,germline,germline,GRCh37,NC_000011.9,11,17482077,17482077,na,na,11p15.1,"criteria provided, multiple submitters, no conflicts",2,-,N,ClinGen:CA5903714,2,1635421,17482077,G,A,-,-,-,-,-,-,SCV002443245|SCV007120558,-,-
1523883,single nucleotide variant,NM_000352.6(ABCC8):c.969C>T (p.Ile323=),6833,ABCC8,HGNC:59,Likely benign,0,"Sep 24, 2025",748659098,-,RCV002133423|RCV006262369,MedGen:C3661900|MedGen:CN169374,not provided|not specified,germline,germline,GRCh38,NC_000011.10,11,17460530,17460530,na,na,11p15.1,"criteria provided, multiple submitters, no conflicts",2,-,N,ClinGen:CA5903714,2,1635421,17460530,G,A,-,-,-,-,-,-,SCV002443245|SCV007120558,-,-
1524505,Deletion,NM_000352.6(ABCC8):c.2475+8del,6833,ABCC8,HGNC:59,Likely benign,0,"Sep 13, 2021",2133473239,-,RCV002142028,MedGen:C3661900,not provided,germline,germline,GRCh37,NC_000011.9,11,17434933,17434933,na,na,11p15.1,"criteria provided, single submitter",1,-,N,ClinGen:CA2573146138,2,1603431,17434932,GC,G,-,-,-,-,-,-,SCV002416094,-,-
1524505,Deletion,NM_000352.6(ABCC8):c.2475+8del,6833,ABCC8,HGNC:59,Likely benign,0,"Sep 13, 2021",2133473239,-,RCV002142028,MedGen:C3661900,not provided,germline,germline,GRCh38,NC_000011.10,11,17413386,17413386,na,na,11p15.1,"criteria provided, single submitter",1,-,N,ClinGen:CA2573146138,2,1603431,17413385,GC,G,-,-,-,-,-,-,SCV002416094,-,-
1524678,single nucleotide variant,NM_000352.6(ABCC8):c.3936G>A (p.Lys1312=),6833,ABCC8,HGNC:59,Likely benign,0,"Oct 04, 2023",1237687512,-,RCV002172944,MedGen:C3661900,not provided,germline,germline,GRCh37,NC_000011.9,11,17418792,17418792,na,na,11p15.1,"criteria provided, single submitter",1,-,N,ClinGen:CA473298656,2,1544400,17418792,C,T,-,-,-,-,-,-,SCV002340877,-,-
1524678,single nucleotide variant,NM_000352.6(ABCC8):c.3936G>A (p.Lys1312=),6833,ABCC8,HGNC:59,Likely benign,0,"Oct 04, 2023",1237687512,-,RCV002172944,MedGen:C3661900,not provided,germline,germline,GRCh38,NC_000011.10,11,17397245,17397245,na,na,11p15.1,"criteria provided, single submitter",1,-,N,ClinGen:CA473298656,2,1544400,17397245,C,T,-,-,-,-,-,-,SCV002340877,-,-
1526296,single nucleotide variant,NM_000525.4(KCNJ11):c.852C>T (p.Ile284=),3767,KCNJ11,HGNC:6257,Likely benign,0,"Feb 06, 2024",1800854,-,RCV002170796,MedGen:C3661900,not provided,germline,germline,GRCh37,NC_000011.9,11,17408787,17408787,na,na,11p15.1,"criteria provided, single submitter",1,-,N,ClinGen:CA5902233,2,1546447,17408787,G,A,-,-,-,-,-,-,SCV002348109,-,-
1526296,single nucleotide variant,NM_000525.4(KCNJ11):c.852C>T (p.Ile284=),3767,KCNJ11,HGNC:6257,Likely benign,0,"Feb 06, 2024",1800854,-,RCV002170796,MedGen:C3661900,not provided,germline,germline,GRCh38,NC_000011.10,11,17387240,17387240,na,na,11p15.1,"criteria provided, single submitter",1,-,N,ClinGen:CA5902233,2,1546447,17387240,G,A,-,-,-,-,-,-,SCV002348109,-,-
1526849,single nucleotide variant,NM_000525.4(KCNJ11):c.1092C>T (p.Ala364=),3767,KCNJ11,HGNC:6257,Likely benign,0,"Nov 21, 2020",953771974,-,RCV002163654,MedGen:C3661900,not provided,germline,germline,GRCh37,NC_000011.9,11,17408547,17408547,na,na,11p15.1,"criteria provided, single submitter",1,-,N,ClinGen:CA473515109,2,1654031,17408547,G,A,-,-,-,-,-,-,SCV002480784,-,-
1526849,single nucleotide variant,NM_000525.4(KCNJ11):c.1092C>T (p.Ala364=),3767,KCNJ11,HGNC:6257,Likely benign,0,"Nov 21, 2020",953771974,-,RCV002163654,MedGen:C3661900,not provided,germline,germline,GRCh38,NC_000011.10,11,17387000,17387000,na,na,11p15.1,"criteria provided, single submitter",1,-,N,ClinGen:CA473515109,2,1654031,17387000,G,A,-,-,-,-,-,-,SCV002480784,-,-
1527590,Microsatellite,NM_000352.6(ABCC8):c.2041-13_2041-12del,6833,ABCC8,HGNC:59,Likely benign,0,"Nov 24, 2021",2133535795,-,RCV002081947,MedGen:C3661900,not provided,germline,germline,GRCh37,NC_000011.9,11,17449501,17449502,na,na,11p15.1,"criteria provided, single submitter",1,-,N,ClinGen:CA2580615638,2,1618268,17449500,CGT,C,-,-,-,-,-,-,SCV002423879,-,-
1527590,Microsatellite,NM_000352.6(ABCC8):c.2041-13_2041-12del,6833,ABCC8,HGNC:59,Likely benign,0,"Nov 24, 2021",2133535795,-,RCV002081947,MedGen:C3661900,not provided,germline,germline,GRCh38,NC_000011.10,11,17427954,17427955,na,na,11p15.1,"criteria provided, single submitter",1,-,N,ClinGen:CA2580615638,2,1618268,17427953,CGT,C,-,-,-,-,-,-,SCV002423879,-,-
1527900,single nucleotide variant,NM_000525.4(KCNJ11):c.789C>T (p.Ala263=),3767,KCNJ11,HGNC:6257,Likely benign,0,"Mar 05, 2024",2133379516,-,RCV002089179,MedGen:C3661900,not provided,germline,germline,GRCh37,NC_000011.9,11,17408850,17408850,na,na,11p15.1,"criteria provided, single submitter",1,-,N,ClinGen:CA473515415,2,1619885,17408850,G,A,-,-,-,-,-,-,SCV002431117,-,-
1527900,single nucleotide variant,NM_000525.4(KCNJ11):c.789C>T (p.Ala263=),3767,KCNJ11,HGNC:6257,Likely benign,0,"Mar 05, 2024",2133379516,-,RCV002089179,MedGen:C3661900,not provided,germline,germline,GRCh38,NC_000011.10,11,17387303,17387303,na,na,11p15.1,"criteria provided, single submitter",1,-,N,ClinGen:CA473515415,2,1619885,17387303,G,A,-,-,-,-,-,-,SCV002431117,-,-
1528005,single nucleotide variant,NM_000352.6(ABCC8):c.2292-14C>T,6833,ABCC8,HGNC:59,Likely benign,0,"Dec 08, 2020",756881134,-,RCV002084582,MedGen:C3661900,not provided,germline,germline,GRCh37,NC_000011.9,11,17436171,17436171,na,na,11p15.1,"criteria provided, single submitter",1,-,N,ClinGen:CA5903191,2,1619990,17436171,G,A,-,-,-,-,-,-,SCV002437072,-,-
1528005,single nucleotide variant,NM_000352.6(ABCC8):c.2292-14C>T,6833,ABCC8,HGNC:59,Likely benign,0,"Dec 08, 2020",756881134,-,RCV002084582,MedGen:C3661900,not provided,germline,germline,GRCh38,NC_000011.10,11,17414624,17414624,na,na,11p15.1,"criteria provided, single submitter",1,-,N,ClinGen:CA5903191,2,1619990,17414624,G,A,-,-,-,-,-,-,SCV002437072,-,-
1528813,single nucleotide variant,NM_000352.6(ABCC8):c.1815G>A (p.Val605=),6833,ABCC8,HGNC:59,Likely benign,0,"Sep 06, 2021",2133548914,-,RCV002101817,MedGen:C3661900,not provided,germline,germline,GRCh37,NC_000011.9,11,17452363,17452363,na,na,11p15.1,"criteria provided, single submitter",1,-,N,ClinGen:CA473302764,2,1621667,17452363,C,T,-,-,-,-,-,-,SCV002432599,-,-
1528813,single nucleotide variant,NM_000352.6(ABCC8):c.1815G>A (p.Val605=),6833,ABCC8,HGNC:59,Likely benign,0,"Sep 06, 2021",2133548914,-,RCV002101817,MedGen:C3661900,not provided,germline,germline,GRCh38,NC_000011.10,11,17430816,17430816,na,na,11p15.1,"criteria provided, single submitter",1,-,N,ClinGen:CA473302764,2,1621667,17430816,C,T,-,-,-,-,-,-,SCV002432599,-,-
1530308,single nucleotide variant,NM_000352.6(ABCC8):c.1080G>A (p.Val360=),6833,ABCC8,HGNC:59,Likely benign,0,"Apr 18, 2023",2133642076,-,RCV002102269,MedGen:C3661900,not provided,germline,germline,GRCh37,NC_000011.9,11,17474762,17474762,na,na,11p15.1,"criteria provided, single submitter",1,-,N,ClinGen:CA473299890,2,1533168,17474762,C,T,-,-,-,-,-,-,SCV002326571,-,-
1530308,single nucleotide variant,NM_000352.6(ABCC8):c.1080G>A (p.Val360=),6833,ABCC8,HGNC:59,Likely benign,0,"Apr 18, 2023",2133642076,-,RCV002102269,MedGen:C3661900,not provided,germline,germline,GRCh38,NC_000011.10,11,17453215,17453215,na,na,11p15.1,"criteria provided, single submitter",1,-,N,ClinGen:CA473299890,2,1533168,17453215,C,T,-,-,-,-,-,-,SCV002326571,-,-
1530450,single nucleotide variant,NM_000162.5(GCK):c.483+7C>T,2645,GCK,HGNC:4195,Benign/Likely benign,0,"Jun 12, 2025",756053003,-,RCV002107182|RCV005406290,MedGen:C3661900|MedGen:CN169374,not provided|not specified,germline,germline,GRCh37,NC_000007.13,7,44190548,44190548,na,na,7p13,"criteria provided, multiple submitters, no conflicts",2,-,N,ClinGen:CA4239626,2,1533310,44190548,G,A,-,-,-,-,-,-,SCV002330846|SCV006072892,-,-
1530450,single nucleotide variant,NM_000162.5(GCK):c.483+7C>T,2645,GCK,HGNC:4195,Benign/Likely benign,0,"Jun 12, 2025",756053003,-,RCV002107182|RCV005406290,MedGen:C3661900|MedGen:CN169374,not provided|not specified,germline,germline,GRCh38,NC_000007.14,7,44150949,44150949,na,na,7p13,"criteria provided, multiple submitters, no conflicts",2,-,N,ClinGen:CA4239626,2,1533310,44150949,G,A,-,-,-,-,-,-,SCV002330846|SCV006072892,-,-
1531327,single nucleotide variant,NM_000525.4(KCNJ11):c.393T>C (p.Ile131=),3767,KCNJ11,HGNC:6257,Likely benign,0,"Jan 19, 2021",2133380368,-,RCV002210787,MedGen:C3661900,not provided,germline,germline,GRCh37,NC_000011.9,11,17409246,17409246,na,na,11p15.1,"criteria provided, single submitter",1,-,N,ClinGen:CA473515587,2,1672881,17409246,A,G,-,-,-,-,-,-,SCV002491171,-,-
1531327,single nucleotide variant,NM_000525.4(KCNJ11):c.393T>C (p.Ile131=),3767,KCNJ11,HGNC:6257,Likely benign,0,"Jan 19, 2021",2133380368,-,RCV002210787,MedGen:C3661900,not provided,germline,germline,GRCh38,NC_000011.10,11,17387699,17387699,na,na,11p15.1,"criteria provided, single submitter",1,-,N,ClinGen:CA473515587,2,1672881,17387699,A,G,-,-,-,-,-,-,SCV002491171,-,-
1531581,single nucleotide variant,NM_000352.6(ABCC8):c.3043C>T (p.Leu1015=),6833,ABCC8,HGNC:59,Likely benign,0,"Jul 06, 2021",72559719,-,RCV002213615,MedGen:C3661900,not provided,germline,germline,GRCh37,NC_000011.9,11,17428554,17428554,na,na,11p15.1,"criteria provided, single submitter",1,-,N,ClinGen:CA473515933,2,1673135,17428554,G,A,-,-,-,-,-,-,SCV002492208,-,-
1531581,single nucleotide variant,NM_000352.6(ABCC8):c.3043C>T (p.Leu1015=),6833,ABCC8,HGNC:59,Likely benign,0,"Jul 06, 2021",72559719,-,RCV002213615,MedGen:C3661900,not provided,germline,germline,GRCh38,NC_000011.10,11,17407007,17407007,na,na,11p15.1,"criteria provided, single submitter",1,-,N,ClinGen:CA473515933,2,1673135,17407007,G,A,-,-,-,-,-,-,SCV002492208,-,-
1531834,single nucleotide variant,NM_000525.4(KCNJ11):c.37G>A (p.Val13Met),3767,KCNJ11,HGNC:6257,Conflicting classifications of pathogenicity,0,"Jan 27, 2026",139079635,-,RCV002072596|RCV002552365|RCV003235670,"MedGen:C3661900|MeSH:D030342,MedGen:C0950123|MedGen:CN169374",not provided|Inborn genetic diseases|not specified,germline,germline,GRCh37,NC_000011.9,11,17409602,17409602,na,na,11p15.1,"criteria provided, conflicting classifications",3,-,N,ClinGen:CA5902345,2,1535122,17409602,C,T,-,-,-,-,-,-,SCV002325680|SCV003642119|SCV003934613,-,-
1531834,single nucleotide variant,NM_000525.4(KCNJ11):c.37G>A (p.Val13Met),3767,KCNJ11,HGNC:6257,Conflicting classifications of pathogenicity,0,"Jan 27, 2026",139079635,-,RCV002072596|RCV002552365|RCV003235670,"MedGen:C3661900|MeSH:D030342,MedGen:C0950123|MedGen:CN169374",not provided|Inborn genetic diseases|not specified,germline,germline,GRCh38,NC_000011.10,11,17388055,17388055,na,na,11p15.1,"criteria provided, conflicting classifications",3,-,N,ClinGen:CA5902345,2,1535122,17388055,C,T,-,-,-,-,-,-,SCV002325680|SCV003642119|SCV003934613,-,-
1532407,single nucleotide variant,NM_000352.6(ABCC8):c.3862C>T (p.Leu1288=),6833,ABCC8,HGNC:59,Likely benign,0,"Nov 17, 2023",1045246716,-,RCV002125551,MedGen:C3661900,not provided,germline,germline,GRCh37,NC_000011.9,11,17419236,17419236,na,na,11p15.1,"criteria provided, single submitter",1,-,N,ClinGen:CA218410439,2,1629624,17419236,G,A,-,-,-,-,-,-,SCV002445266,-,-
1532407,single nucleotide variant,NM_000352.6(ABCC8):c.3862C>T (p.Leu1288=),6833,ABCC8,HGNC:59,Likely benign,0,"Nov 17, 2023",1045246716,-,RCV002125551,MedGen:C3661900,not provided,germline,germline,GRCh38,NC_000011.10,11,17397689,17397689,na,na,11p15.1,"criteria provided, single submitter",1,-,N,ClinGen:CA218410439,2,1629624,17397689,G,A,-,-,-,-,-,-,SCV002445266,-,-
1533105,single nucleotide variant,NM_000352.6(ABCC8):c.501A>T (p.Leu167=),6833,ABCC8,HGNC:59,Likely benign,0,"Feb 23, 2021",1426055182,-,RCV002156918,MedGen:C3661900,not provided,germline,germline,GRCh37,NC_000011.9,11,17485063,17485063,na,na,11p15.1,"criteria provided, single submitter",1,-,N,ClinGen:CA473301091,2,1536821,17485063,T,A,-,-,-,-,-,-,SCV002336646,-,-
1533105,single nucleotide variant,NM_000352.6(ABCC8):c.501A>T (p.Leu167=),6833,ABCC8,HGNC:59,Likely benign,0,"Feb 23, 2021",1426055182,-,RCV002156918,MedGen:C3661900,not provided,germline,germline,GRCh38,NC_000011.10,11,17463516,17463516,na,na,11p15.1,"criteria provided, single submitter",1,-,N,ClinGen:CA473301091,2,1536821,17463516,T,A,-,-,-,-,-,-,SCV002336646,-,-
1534759,single nucleotide variant,NM_000352.6(ABCC8):c.3687C>T (p.Tyr1229=),6833,ABCC8,HGNC:59,Likely benign,0,"Feb 06, 2021",2133413841,-,RCV002160761,MedGen:C3661900,not provided,germline,germline,GRCh37,NC_000011.9,11,17419952,17419952,na,na,11p15.1,"criteria provided, single submitter",1,-,N,ClinGen:CA473299026,2,1648063,17419952,G,A,-,-,-,-,-,-,SCV002462086,-,-
1534759,single nucleotide variant,NM_000352.6(ABCC8):c.3687C>T (p.Tyr1229=),6833,ABCC8,HGNC:59,Likely benign,0,"Feb 06, 2021",2133413841,-,RCV002160761,MedGen:C3661900,not provided,germline,germline,GRCh38,NC_000011.10,11,17398405,17398405,na,na,11p15.1,"criteria provided, single submitter",1,-,N,ClinGen:CA473299026,2,1648063,17398405,G,A,-,-,-,-,-,-,SCV002462086,-,-
1535115,single nucleotide variant,NM_000352.6(ABCC8):c.4434G>A (p.Gly1478=),6833,ABCC8,HGNC:59,Likely benign,0,"Jan 03, 2025",1953794808,-,RCV002091256|RCV002494184|RCV005238241,"MedGen:C3661900|MONDO:MONDO:0012480,MedGen:C1835887,OMIM:610374,Orphanet:99886;MONDO:MONDO:0009415,MedGen:C0271714,OMIM:240800;MONDO:MONDO:0009734,MedGen:C2931832,OMIM:256450,Orphanet:276575,Orphanet:276598;Human Phenotype Ontology:HP:0005965,Human Phenotype Ontology:HP:0005978,Human Phenotype Ontology:HP:0100652,MONDO:MONDO:0005148,MeSH:D003924,MedGen:C0011860,OMIM:125853;MONDO:MONDO:0030088,MedGen:C5394303,OMIM:618857|MedGen:CN169374","not provided|Diabetes mellitus, transient neonatal, 2;Leucine-induced hypoglycemia;Hyperinsulinemic hypoglycemia, familial, 1;Type 2 diabetes mellitus;Diabetes mellitus, permanent neonatal 3|not specified",germline;unknown,germline,GRCh37,NC_000011.9,11,17415924,17415924,na,na,11p15.1,"criteria provided, multiple submitters, no conflicts",3,-,N,ClinGen:CA473298112,2,1582877,17415924,C,T,-,-,-,-,-,-,SCV002388440|SCV002801202|SCV005888459,-,-
1535115,single nucleotide variant,NM_000352.6(ABCC8):c.4434G>A (p.Gly1478=),6833,ABCC8,HGNC:59,Likely benign,0,"Jan 03, 2025",1953794808,-,RCV002091256|RCV002494184|RCV005238241,"MedGen:C3661900|MONDO:MONDO:0012480,MedGen:C1835887,OMIM:610374,Orphanet:99886;MONDO:MONDO:0009415,MedGen:C0271714,OMIM:240800;MONDO:MONDO:0009734,MedGen:C2931832,OMIM:256450,Orphanet:276575,Orphanet:276598;Human Phenotype Ontology:HP:0005965,Human Phenotype Ontology:HP:0005978,Human Phenotype Ontology:HP:0100652,MONDO:MONDO:0005148,MeSH:D003924,MedGen:C0011860,OMIM:125853;MONDO:MONDO:0030088,MedGen:C5394303,OMIM:618857|MedGen:CN169374","not provided|Diabetes mellitus, transient neonatal, 2;Leucine-induced hypoglycemia;Hyperinsulinemic hypoglycemia, familial, 1;Type 2 diabetes mellitus;Diabetes mellitus, permanent neonatal 3|not specified",germline;unknown,germline,GRCh38,NC_000011.10,11,17394377,17394377,na,na,11p15.1,"criteria provided, multiple submitters, no conflicts",3,-,N,ClinGen:CA473298112,2,1582877,17394377,C,T,-,-,-,-,-,-,SCV002388440|SCV002801202|SCV005888459,-,-
1536832,single nucleotide variant,NM_000352.6(ABCC8):c.2376C>G (p.Pro792=),6833,ABCC8,HGNC:59,Likely benign,0,"Jan 17, 2026",1377727395,-,RCV002213518,MedGen:C3661900,not provided,germline,germline,GRCh37,NC_000011.9,11,17436073,17436073,na,na,11p15.1,"criteria provided, single submitter",1,-,N,ClinGen:CA473301569,2,1570337,17436073,G,C,-,-,-,-,-,-,SCV002365331,-,-
1536832,single nucleotide variant,NM_000352.6(ABCC8):c.2376C>G (p.Pro792=),6833,ABCC8,HGNC:59,Likely benign,0,"Jan 17, 2026",1377727395,-,RCV002213518,MedGen:C3661900,not provided,germline,germline,GRCh38,NC_000011.10,11,17414526,17414526,na,na,11p15.1,"criteria provided, single submitter",1,-,N,ClinGen:CA473301569,2,1570337,17414526,G,C,-,-,-,-,-,-,SCV002365331,-,-
1536881,single nucleotide variant,NM_000352.6(ABCC8):c.1774C>T (p.Leu592=),6833,ABCC8,HGNC:59,Likely benign,0,"Sep 06, 2021",2133549120,-,RCV002215330,MedGen:C3661900,not provided,germline,germline,GRCh37,NC_000011.9,11,17452404,17452404,na,na,11p15.1,"criteria provided, single submitter",1,-,N,ClinGen:CA473302836,2,1570386,17452404,G,A,-,-,-,-,-,-,SCV002365344,-,-
1536881,single nucleotide variant,NM_000352.6(ABCC8):c.1774C>T (p.Leu592=),6833,ABCC8,HGNC:59,Likely benign,0,"Sep 06, 2021",2133549120,-,RCV002215330,MedGen:C3661900,not provided,germline,germline,GRCh38,NC_000011.10,11,17430857,17430857,na,na,11p15.1,"criteria provided, single submitter",1,-,N,ClinGen:CA473302836,2,1570386,17430857,G,A,-,-,-,-,-,-,SCV002365344,-,-
1537048,single nucleotide variant,NM_000352.6(ABCC8):c.1719C>T (p.Pro573=),6833,ABCC8,HGNC:59,Likely benign,0,"Jul 06, 2021",2133549412,-,RCV002215459,MedGen:C3661900,not provided,germline,germline,GRCh37,NC_000011.9,11,17452459,17452459,na,na,11p15.1,"criteria provided, single submitter",1,-,N,ClinGen:CA473302881,2,1570553,17452459,G,A,-,-,-,-,-,-,SCV002367181,-,-
1537048,single nucleotide variant,NM_000352.6(ABCC8):c.1719C>T (p.Pro573=),6833,ABCC8,HGNC:59,Likely benign,0,"Jul 06, 2021",2133549412,-,RCV002215459,MedGen:C3661900,not provided,germline,germline,GRCh38,NC_000011.10,11,17430912,17430912,na,na,11p15.1,"criteria provided, single submitter",1,-,N,ClinGen:CA473302881,2,1570553,17430912,G,A,-,-,-,-,-,-,SCV002367181,-,-
1537192,single nucleotide variant,NM_000352.6(ABCC8):c.3582C>T (p.Thr1194=),6833,ABCC8,HGNC:59,Likely benign,0,"Feb 10, 2022",2133430540,-,RCV002215567,MedGen:C3661900,not provided,germline,germline,GRCh37,NC_000011.9,11,17424276,17424276,na,na,11p15.1,"criteria provided, single submitter",1,-,N,ClinGen:CA473299496,2,1570697,17424276,G,A,-,-,-,-,-,-,SCV002366850,-,-
1537192,single nucleotide variant,NM_000352.6(ABCC8):c.3582C>T (p.Thr1194=),6833,ABCC8,HGNC:59,Likely benign,0,"Feb 10, 2022",2133430540,-,RCV002215567,MedGen:C3661900,not provided,germline,germline,GRCh38,NC_000011.10,11,17402729,17402729,na,na,11p15.1,"criteria provided, single submitter",1,-,N,ClinGen:CA473299496,2,1570697,17402729,G,A,-,-,-,-,-,-,SCV002366850,-,-
1539963,single nucleotide variant,NM_000352.6(ABCC8):c.148+13A>C,6833,ABCC8,HGNC:59,Likely benign,0,"Feb 25, 2024",773823246,-,RCV002095413|RCV002494191,"MedGen:C3661900|MONDO:MONDO:0009415,MedGen:C0271714,OMIM:240800;MONDO:MONDO:0012480,MedGen:C1835887,OMIM:610374,Orphanet:99886;MONDO:MONDO:0009734,MedGen:C2931832,OMIM:256450,Orphanet:276575,Orphanet:276598;Human Phenotype Ontology:HP:0005965,Human Phenotype Ontology:HP:0005978,Human Phenotype Ontology:HP:0100652,MONDO:MONDO:0005148,MeSH:D003924,MedGen:C0011860,OMIM:125853;MONDO:MONDO:0030088,MedGen:C5394303,OMIM:618857","not provided|Leucine-induced hypoglycemia;Diabetes mellitus, transient neonatal, 2;Hyperinsulinemic hypoglycemia, familial, 1;Type 2 diabetes mellitus;Diabetes mellitus, permanent neonatal 3",germline;unknown,germline,GRCh37,NC_000011.9,11,17498163,17498163,na,na,11p15.1,"criteria provided, multiple submitters, no conflicts",2,-,N,ClinGen:CA5903970,2,1585447,17498163,T,G,-,-,-,-,-,-,SCV002385874|SCV002799456,-,-
1539963,single nucleotide variant,NM_000352.6(ABCC8):c.148+13A>C,6833,ABCC8,HGNC:59,Likely benign,0,"Feb 25, 2024",773823246,-,RCV002095413|RCV002494191,"MedGen:C3661900|MONDO:MONDO:0009415,MedGen:C0271714,OMIM:240800;MONDO:MONDO:0012480,MedGen:C1835887,OMIM:610374,Orphanet:99886;MONDO:MONDO:0009734,MedGen:C2931832,OMIM:256450,Orphanet:276575,Orphanet:276598;Human Phenotype Ontology:HP:0005965,Human Phenotype Ontology:HP:0005978,Human Phenotype Ontology:HP:0100652,MONDO:MONDO:0005148,MeSH:D003924,MedGen:C0011860,OMIM:125853;MONDO:MONDO:0030088,MedGen:C5394303,OMIM:618857","not provided|Leucine-induced hypoglycemia;Diabetes mellitus, transient neonatal, 2;Hyperinsulinemic hypoglycemia, familial, 1;Type 2 diabetes mellitus;Diabetes mellitus, permanent neonatal 3",germline;unknown,germline,GRCh38,NC_000011.10,11,17476616,17476616,na,na,11p15.1,"criteria provided, multiple submitters, no conflicts",2,-,N,ClinGen:CA5903970,2,1585447,17476616,T,G,-,-,-,-,-,-,SCV002385874|SCV002799456,-,-
1540085,single nucleotide variant,NM_000352.6(ABCC8):c.1848T>C (p.Ser616=),6833,ABCC8,HGNC:59,Likely benign,0,"Nov 15, 2022",2133539790,-,RCV002104617,MedGen:C3661900,not provided,germline,germline,GRCh37,NC_000011.9,11,17450187,17450187,na,na,11p15.1,"criteria provided, single submitter",1,-,N,ClinGen:CA473516569,2,1585569,17450187,A,G,-,-,-,-,-,-,SCV002384781,-,-
1540085,single nucleotide variant,NM_000352.6(ABCC8):c.1848T>C (p.Ser616=),6833,ABCC8,HGNC:59,Likely benign,0,"Nov 15, 2022",2133539790,-,RCV002104617,MedGen:C3661900,not provided,germline,germline,GRCh38,NC_000011.10,11,17428640,17428640,na,na,11p15.1,"criteria provided, single submitter",1,-,N,ClinGen:CA473516569,2,1585569,17428640,A,G,-,-,-,-,-,-,SCV002384781,-,-
1541085,single nucleotide variant,NM_000352.6(ABCC8):c.4347A>G (p.Thr1449=),6833,ABCC8,HGNC:59,Likely benign,0,"May 20, 2021",1953848786,-,RCV002197535,MedGen:C3661900,not provided,germline,germline,GRCh37,NC_000011.9,11,17416783,17416783,na,na,11p15.1,"criteria provided, single submitter",1,-,N,ClinGen:CA473298173,2,1558066,17416783,T,C,-,-,-,-,-,-,SCV002359481,-,-
1541085,single nucleotide variant,NM_000352.6(ABCC8):c.4347A>G (p.Thr1449=),6833,ABCC8,HGNC:59,Likely benign,0,"May 20, 2021",1953848786,-,RCV002197535,MedGen:C3661900,not provided,germline,germline,GRCh38,NC_000011.10,11,17395236,17395236,na,na,11p15.1,"criteria provided, single submitter",1,-,N,ClinGen:CA473298173,2,1558066,17395236,T,C,-,-,-,-,-,-,SCV002359481,-,-
1541814,single nucleotide variant,NM_000352.6(ABCC8):c.3309G>A (p.Arg1103=),6833,ABCC8,HGNC:59,Likely benign,0,"Oct 14, 2021",1321810156,-,RCV002103176,MedGen:C3661900,not provided,germline,germline,GRCh37,NC_000011.9,11,17428189,17428189,na,na,11p15.1,"criteria provided, single submitter",1,-,N,ClinGen:CA473300226,2,1587298,17428189,C,T,-,-,-,-,-,-,SCV002383309,-,-
1541814,single nucleotide variant,NM_000352.6(ABCC8):c.3309G>A (p.Arg1103=),6833,ABCC8,HGNC:59,Likely benign,0,"Oct 14, 2021",1321810156,-,RCV002103176,MedGen:C3661900,not provided,germline,germline,GRCh38,NC_000011.10,11,17406642,17406642,na,na,11p15.1,"criteria provided, single submitter",1,-,N,ClinGen:CA473300226,2,1587298,17406642,C,T,-,-,-,-,-,-,SCV002383309,-,-
1542094,single nucleotide variant,NM_000352.6(ABCC8):c.3627A>T (p.Gly1209=),6833,ABCC8,HGNC:59,Likely benign,0,"Nov 06, 2021",2133430260,-,RCV002103393,MedGen:C3661900,not provided,germline,germline,GRCh37,NC_000011.9,11,17424231,17424231,na,na,11p15.1,"criteria provided, single submitter",1,-,N,ClinGen:CA473299439,2,1587579,17424231,T,A,-,-,-,-,-,-,SCV002386021,-,-
1542094,single nucleotide variant,NM_000352.6(ABCC8):c.3627A>T (p.Gly1209=),6833,ABCC8,HGNC:59,Likely benign,0,"Nov 06, 2021",2133430260,-,RCV002103393,MedGen:C3661900,not provided,germline,germline,GRCh38,NC_000011.10,11,17402684,17402684,na,na,11p15.1,"criteria provided, single submitter",1,-,N,ClinGen:CA473299439,2,1587579,17402684,T,A,-,-,-,-,-,-,SCV002386021,-,-
1542628,single nucleotide variant,NM_000525.4(KCNJ11):c.447C>T (p.Leu149=),3767,KCNJ11,HGNC:6257,Likely benign,0,"Jan 04, 2024",764796514,-,RCV002106522,MedGen:C3661900,not provided,germline,germline,GRCh37,NC_000011.9,11,17409192,17409192,na,na,11p15.1,"criteria provided, single submitter",1,-,N,ClinGen:CA5902290,2,1625008,17409192,G,A,-,-,-,-,-,-,SCV002440771,-,-
1542628,single nucleotide variant,NM_000525.4(KCNJ11):c.447C>T (p.Leu149=),3767,KCNJ11,HGNC:6257,Likely benign,0,"Jan 04, 2024",764796514,-,RCV002106522,MedGen:C3661900,not provided,germline,germline,GRCh38,NC_000011.10,11,17387645,17387645,na,na,11p15.1,"criteria provided, single submitter",1,-,N,ClinGen:CA5902290,2,1625008,17387645,G,A,-,-,-,-,-,-,SCV002440771,-,-
1544790,single nucleotide variant,NM_000352.6(ABCC8):c.378C>T (p.Asn126=),6833,ABCC8,HGNC:59,Likely benign,0,"Jul 09, 2023",2133711004,-,RCV002177061,MedGen:C3661900,not provided,germline,germline,GRCh37,NC_000011.9,11,17491682,17491682,na,na,11p15.1,"criteria provided, single submitter",1,-,N,ClinGen:CA473301556,2,1540172,17491682,G,A,-,-,-,-,-,-,SCV002337387,-,-
1544790,single nucleotide variant,NM_000352.6(ABCC8):c.378C>T (p.Asn126=),6833,ABCC8,HGNC:59,Likely benign,0,"Jul 09, 2023",2133711004,-,RCV002177061,MedGen:C3661900,not provided,germline,germline,GRCh38,NC_000011.10,11,17470135,17470135,na,na,11p15.1,"criteria provided, single submitter",1,-,N,ClinGen:CA473301556,2,1540172,17470135,G,A,-,-,-,-,-,-,SCV002337387,-,-
1544867,single nucleotide variant,NM_000352.6(ABCC8):c.1275C>T (p.Thr425=),6833,ABCC8,HGNC:59,Likely benign,0,"Mar 11, 2021",2133617056,-,RCV002169824,MedGen:C3661900,not provided,germline,germline,GRCh37,NC_000011.9,11,17470120,17470120,na,na,11p15.1,"criteria provided, single submitter",1,-,N,ClinGen:CA473299181,2,1540249,17470120,G,A,-,-,-,-,-,-,SCV002336808,-,-
1544867,single nucleotide variant,NM_000352.6(ABCC8):c.1275C>T (p.Thr425=),6833,ABCC8,HGNC:59,Likely benign,0,"Mar 11, 2021",2133617056,-,RCV002169824,MedGen:C3661900,not provided,germline,germline,GRCh38,NC_000011.10,11,17448573,17448573,na,na,11p15.1,"criteria provided, single submitter",1,-,N,ClinGen:CA473299181,2,1540249,17448573,G,A,-,-,-,-,-,-,SCV002336808,-,-
1546549,single nucleotide variant,NM_000525.4(KCNJ11):c.807C>T (p.Asp269=),3767,KCNJ11,HGNC:6257,Likely benign,0,"Apr 21, 2022",1244489748,-,RCV002130764,MedGen:C3661900,not provided,germline,germline,GRCh37,NC_000011.9,11,17408832,17408832,na,na,11p15.1,"criteria provided, single submitter",1,-,N,ClinGen:CA473515408,2,1634596,17408832,G,A,-,-,-,-,-,-,SCV002442776,-,-
1546549,single nucleotide variant,NM_000525.4(KCNJ11):c.807C>T (p.Asp269=),3767,KCNJ11,HGNC:6257,Likely benign,0,"Apr 21, 2022",1244489748,-,RCV002130764,MedGen:C3661900,not provided,germline,germline,GRCh38,NC_000011.10,11,17387285,17387285,na,na,11p15.1,"criteria provided, single submitter",1,-,N,ClinGen:CA473515408,2,1634596,17387285,G,A,-,-,-,-,-,-,SCV002442776,-,-
1548498,single nucleotide variant,NM_000352.6(ABCC8):c.3942C>T (p.Ile1314=),6833,ABCC8,HGNC:59,Likely benign,0,"Nov 15, 2021",755241300,-,RCV002076589,MedGen:C3661900,not provided,germline,germline,GRCh37,NC_000011.9,11,17418786,17418786,na,na,11p15.1,"criteria provided, single submitter",1,-,N,ClinGen:CA5902641,2,1617421,17418786,G,A,-,-,-,-,-,-,SCV002426970,-,-
1548498,single nucleotide variant,NM_000352.6(ABCC8):c.3942C>T (p.Ile1314=),6833,ABCC8,HGNC:59,Likely benign,0,"Nov 15, 2021",755241300,-,RCV002076589,MedGen:C3661900,not provided,germline,germline,GRCh38,NC_000011.10,11,17397239,17397239,na,na,11p15.1,"criteria provided, single submitter",1,-,N,ClinGen:CA5902641,2,1617421,17397239,G,A,-,-,-,-,-,-,SCV002426970,-,-
1548576,single nucleotide variant,NM_000352.6(ABCC8):c.2925G>A (p.Glu975=),6833,ABCC8,HGNC:59,Likely benign,0,"Sep 24, 2022",1954581539,-,RCV002079291,MedGen:C3661900,not provided,germline,germline,GRCh37,NC_000011.9,11,17428672,17428672,na,na,11p15.1,"criteria provided, single submitter",1,-,N,ClinGen:CA473516163,2,1617499,17428672,C,T,-,-,-,-,-,-,SCV002426990,-,-
1548576,single nucleotide variant,NM_000352.6(ABCC8):c.2925G>A (p.Glu975=),6833,ABCC8,HGNC:59,Likely benign,0,"Sep 24, 2022",1954581539,-,RCV002079291,MedGen:C3661900,not provided,germline,germline,GRCh38,NC_000011.10,11,17407125,17407125,na,na,11p15.1,"criteria provided, single submitter",1,-,N,ClinGen:CA473516163,2,1617499,17407125,C,T,-,-,-,-,-,-,SCV002426990,-,-
1548738,single nucleotide variant,NM_000352.6(ABCC8):c.3400-14C>T,6833,ABCC8,HGNC:59,Likely benign,0,"Dec 11, 2024",745575417,-,RCV002086380|RCV005239257,MedGen:C3661900|MedGen:CN169374,not provided|not specified,germline,germline,GRCh37,NC_000011.9,11,17426230,17426230,na,na,11p15.1,"criteria provided, multiple submitters, no conflicts",2,-,N,ClinGen:CA5902818,2,1618963,17426230,G,A,-,-,-,-,-,-,SCV002422466|SCV005884100,-,-
1548738,single nucleotide variant,NM_000352.6(ABCC8):c.3400-14C>T,6833,ABCC8,HGNC:59,Likely benign,0,"Dec 11, 2024",745575417,-,RCV002086380|RCV005239257,MedGen:C3661900|MedGen:CN169374,not provided|not specified,germline,germline,GRCh38,NC_000011.10,11,17404683,17404683,na,na,11p15.1,"criteria provided, multiple submitters, no conflicts",2,-,N,ClinGen:CA5902818,2,1618963,17404683,G,A,-,-,-,-,-,-,SCV002422466|SCV005884100,-,-
1548827,single nucleotide variant,NM_000352.6(ABCC8):c.3399+13G>C,6833,ABCC8,HGNC:59,Likely benign,0,"Jan 27, 2024",182340196,-,RCV002086441,MedGen:C3661900,not provided,germline,germline,GRCh37,NC_000011.9,11,17427028,17427028,na,na,11p15.1,"criteria provided, single submitter",1,-,N,ClinGen:CA2573146141,2,1619052,17427028,C,G,-,-,-,-,-,-,SCV002421410,-,-
1548827,single nucleotide variant,NM_000352.6(ABCC8):c.3399+13G>C,6833,ABCC8,HGNC:59,Likely benign,0,"Jan 27, 2024",182340196,-,RCV002086441,MedGen:C3661900,not provided,germline,germline,GRCh38,NC_000011.10,11,17405481,17405481,na,na,11p15.1,"criteria provided, single submitter",1,-,N,ClinGen:CA2573146141,2,1619052,17405481,C,G,-,-,-,-,-,-,SCV002421410,-,-
1548877,single nucleotide variant,NM_000525.4(KCNJ11):c.1035G>A (p.Thr345=),3767,KCNJ11,HGNC:6257,Likely benign,0,"Sep 15, 2023",747426640,-,RCV002086483,MedGen:C3661900,not provided,germline,germline,GRCh37,NC_000011.9,11,17408604,17408604,na,na,11p15.1,"criteria provided, single submitter",1,-,N,ClinGen:CA5902196,2,1619103,17408604,C,T,-,-,-,-,-,-,SCV002422338,-,-
1548877,single nucleotide variant,NM_000525.4(KCNJ11):c.1035G>A (p.Thr345=),3767,KCNJ11,HGNC:6257,Likely benign,0,"Sep 15, 2023",747426640,-,RCV002086483,MedGen:C3661900,not provided,germline,germline,GRCh38,NC_000011.10,11,17387057,17387057,na,na,11p15.1,"criteria provided, single submitter",1,-,N,ClinGen:CA5902196,2,1619103,17387057,C,T,-,-,-,-,-,-,SCV002422338,-,-
1550226,single nucleotide variant,NM_000352.6(ABCC8):c.2145G>A (p.Val715=),6833,ABCC8,HGNC:59,Likely benign,0,"Feb 08, 2023",1258771829,-,RCV002185111,MedGen:C3661900,not provided,germline,germline,GRCh37,NC_000011.9,11,17448673,17448673,na,na,11p15.1,"criteria provided, single submitter",1,-,N,ClinGen:CA473302485,2,1555521,17448673,C,T,-,-,-,-,-,-,SCV002354536,-,-
1550226,single nucleotide variant,NM_000352.6(ABCC8):c.2145G>A (p.Val715=),6833,ABCC8,HGNC:59,Likely benign,0,"Feb 08, 2023",1258771829,-,RCV002185111,MedGen:C3661900,not provided,germline,germline,GRCh38,NC_000011.10,11,17427126,17427126,na,na,11p15.1,"criteria provided, single submitter",1,-,N,ClinGen:CA473302485,2,1555521,17427126,C,T,-,-,-,-,-,-,SCV002354536,-,-
1550238,single nucleotide variant,NM_000352.6(ABCC8):c.3456C>G (p.Ala1152=),6833,ABCC8,HGNC:59,Likely benign,0,"Apr 29, 2021",1044800524,-,RCV002185121,MedGen:C3661900,not provided,germline,germline,GRCh37,NC_000011.9,11,17426160,17426160,na,na,11p15.1,"criteria provided, single submitter",1,-,N,ClinGen:CA473299694,2,1555533,17426160,G,C,-,-,-,-,-,-,SCV002351148,-,-
1550238,single nucleotide variant,NM_000352.6(ABCC8):c.3456C>G (p.Ala1152=),6833,ABCC8,HGNC:59,Likely benign,0,"Apr 29, 2021",1044800524,-,RCV002185121,MedGen:C3661900,not provided,germline,germline,GRCh38,NC_000011.10,11,17404613,17404613,na,na,11p15.1,"criteria provided, single submitter",1,-,N,ClinGen:CA473299694,2,1555533,17404613,G,C,-,-,-,-,-,-,SCV002351148,-,-
1550795,single nucleotide variant,NM_000352.6(ABCC8):c.4593T>C (p.Thr1531=),6833,ABCC8,HGNC:59,Likely benign,0,"Nov 02, 2020",1591703934,-,RCV002155343,MedGen:C3661900,not provided,germline,germline,GRCh37,NC_000011.9,11,17415259,17415259,na,na,11p15.1,"criteria provided, single submitter",1,-,N,ClinGen:CA473298020,2,1609839,17415259,A,G,-,-,-,-,-,-,SCV002418229,-,-
1550795,single nucleotide variant,NM_000352.6(ABCC8):c.4593T>C (p.Thr1531=),6833,ABCC8,HGNC:59,Likely benign,0,"Nov 02, 2020",1591703934,-,RCV002155343,MedGen:C3661900,not provided,germline,germline,GRCh38,NC_000011.10,11,17393712,17393712,na,na,11p15.1,"criteria provided, single submitter",1,-,N,ClinGen:CA473298020,2,1609839,17393712,A,G,-,-,-,-,-,-,SCV002418229,-,-
1553082,single nucleotide variant,NM_000352.6(ABCC8):c.4380G>A (p.Lys1460=),6833,ABCC8,HGNC:59,Likely benign,0,"Aug 03, 2021",1953845952,-,RCV002187477,MedGen:C3661900,not provided,germline,germline,GRCh37,NC_000011.9,11,17416750,17416750,na,na,11p15.1,"criteria provided, single submitter",1,-,N,ClinGen:CA473298154,2,1553298,17416750,C,T,-,-,-,-,-,-,SCV002349062,-,-
1553082,single nucleotide variant,NM_000352.6(ABCC8):c.4380G>A (p.Lys1460=),6833,ABCC8,HGNC:59,Likely benign,0,"Aug 03, 2021",1953845952,-,RCV002187477,MedGen:C3661900,not provided,germline,germline,GRCh38,NC_000011.10,11,17395203,17395203,na,na,11p15.1,"criteria provided, single submitter",1,-,N,ClinGen:CA473298154,2,1553298,17395203,C,T,-,-,-,-,-,-,SCV002349062,-,-
1553369,single nucleotide variant,NM_000162.5(GCK):c.483+8G>A,2645,GCK,HGNC:4195,Benign/Likely benign,0,"Apr 30, 2025",151002306,-,RCV002087934|RCV003893231|RCV005406320,MedGen:C3661900||MedGen:CN169374,not provided|GCK-related disorder|not specified,germline,germline,GRCh37,NC_000007.13,7,44190547,44190547,na,na,7p13,"criteria provided, multiple submitters, no conflicts",3,-,N,ClinGen:CA4239625,2,1577333,44190547,C,T,-,-,-,-,-,-,SCV002374146|SCV006072872,-,-
1553369,single nucleotide variant,NM_000162.5(GCK):c.483+8G>A,2645,GCK,HGNC:4195,Benign/Likely benign,0,"Apr 30, 2025",151002306,-,RCV002087934|RCV003893231|RCV005406320,MedGen:C3661900||MedGen:CN169374,not provided|GCK-related disorder|not specified,germline,germline,GRCh38,NC_000007.14,7,44150948,44150948,na,na,7p13,"criteria provided, multiple submitters, no conflicts",3,-,N,ClinGen:CA4239625,2,1577333,44150948,C,T,-,-,-,-,-,-,SCV002374146|SCV006072872,-,-
1556474,single nucleotide variant,NM_000162.5(GCK):c.270G>A (p.Lys90=),2645,GCK,HGNC:4195,Benign/Likely benign,0,"Dec 26, 2025",571528578,-,RCV002122245|RCV002486876|RCV002427635|RCV006459003,"MedGen:C3661900|MONDO:MONDO:0011236,MedGen:C1865290,OMIM:602485,Orphanet:79299;Human Phenotype Ontology:HP:0005965,Human Phenotype Ontology:HP:0005978,Human Phenotype Ontology:HP:0100652,MONDO:MONDO:0005148,MeSH:D003924,MedGen:C0011860,OMIM:125853;MONDO:MONDO:0007453,MedGen:C0342277,OMIM:125851,Orphanet:552;MONDO:MONDO:0100165,MedGen:C5393570,OMIM:606176|Human Phenotype Ontology:HP:0004904,MONDO:MONDO:0018911,MedGen:C0342276,OMIM:PS125850,Orphanet:552|MedGen:CN169374",not provided|Hyperinsulinism due to glucokinase deficiency;Type 2 diabetes mellitus;Maturity-onset diabetes of the young type 2;Permanent neonatal diabetes mellitus 1|Maturity-onset diabetes of the young|not specified,germline;unknown,germline,GRCh37,NC_000007.13,7,44191963,44191963,na,na,7p13,"criteria provided, multiple submitters, no conflicts",4,-,N,ClinGen:CA4239683,2,1592426,44191963,C,T,-,-,-,-,-,-,SCV002399761|SCV002740986|SCV002796028|SCV007341118,-,-
1556474,single nucleotide variant,NM_000162.5(GCK):c.270G>A (p.Lys90=),2645,GCK,HGNC:4195,Benign/Likely benign,0,"Dec 26, 2025",571528578,-,RCV002122245|RCV002486876|RCV002427635|RCV006459003,"MedGen:C3661900|MONDO:MONDO:0011236,MedGen:C1865290,OMIM:602485,Orphanet:79299;Human Phenotype Ontology:HP:0005965,Human Phenotype Ontology:HP:0005978,Human Phenotype Ontology:HP:0100652,MONDO:MONDO:0005148,MeSH:D003924,MedGen:C0011860,OMIM:125853;MONDO:MONDO:0007453,MedGen:C0342277,OMIM:125851,Orphanet:552;MONDO:MONDO:0100165,MedGen:C5393570,OMIM:606176|Human Phenotype Ontology:HP:0004904,MONDO:MONDO:0018911,MedGen:C0342276,OMIM:PS125850,Orphanet:552|MedGen:CN169374",not provided|Hyperinsulinism due to glucokinase deficiency;Type 2 diabetes mellitus;Maturity-onset diabetes of the young type 2;Permanent neonatal diabetes mellitus 1|Maturity-onset diabetes of the young|not specified,germline;unknown,germline,GRCh38,NC_000007.14,7,44152364,44152364,na,na,7p13,"criteria provided, multiple submitters, no conflicts",4,-,N,ClinGen:CA4239683,2,1592426,44152364,C,T,-,-,-,-,-,-,SCV002399761|SCV002740986|SCV002796028|SCV007341118,-,-
1556770,single nucleotide variant,NM_000352.6(ABCC8):c.2117-16C>T,6833,ABCC8,HGNC:59,Likely benign,0,"Jan 19, 2026",780203710,-,RCV002111848,MedGen:C3661900,not provided,germline,germline,GRCh37,NC_000011.9,11,17448717,17448717,na,na,11p15.1,"criteria provided, single submitter",1,-,N,ClinGen:CA5903295,2,1592724,17448717,G,A,-,-,-,-,-,-,SCV002390881,-,-
1556770,single nucleotide variant,NM_000352.6(ABCC8):c.2117-16C>T,6833,ABCC8,HGNC:59,Likely benign,0,"Jan 19, 2026",780203710,-,RCV002111848,MedGen:C3661900,not provided,germline,germline,GRCh38,NC_000011.10,11,17427170,17427170,na,na,11p15.1,"criteria provided, single submitter",1,-,N,ClinGen:CA5903295,2,1592724,17427170,G,A,-,-,-,-,-,-,SCV002390881,-,-
1557145,single nucleotide variant,NM_000352.6(ABCC8):c.2391-17G>T,6833,ABCC8,HGNC:59,Benign/Likely benign,0,"Jan 24, 2026",201484528,-,RCV002191296|RCV002496111|RCV005239311,"MedGen:C3661900|MONDO:MONDO:0012480,MedGen:C1835887,OMIM:610374,Orphanet:99886;MONDO:MONDO:0009734,MedGen:C2931832,OMIM:256450,Orphanet:276575,Orphanet:276598;Human Phenotype Ontology:HP:0005965,Human Phenotype Ontology:HP:0005978,Human Phenotype Ontology:HP:0100652,MONDO:MONDO:0005148,MeSH:D003924,MedGen:C0011860,OMIM:125853;MONDO:MONDO:0030088,MedGen:C5394303,OMIM:618857;MONDO:MONDO:0009415,MedGen:C0271714,OMIM:240800|MedGen:CN169374","not provided|Diabetes mellitus, transient neonatal, 2;Hyperinsulinemic hypoglycemia, familial, 1;Type 2 diabetes mellitus;Diabetes mellitus, permanent neonatal 3;Leucine-induced hypoglycemia|not specified",germline;unknown,germline,GRCh37,NC_000011.9,11,17435042,17435042,na,na,11p15.1,"criteria provided, multiple submitters, no conflicts",5,-,N,ClinGen:CA5903154,2,1664782,17435042,C,A,-,-,-,-,-,-,SCV002484928|SCV002803112|SCV005323566|SCV005877231|SCV005884102,-,-
1557145,single nucleotide variant,NM_000352.6(ABCC8):c.2391-17G>T,6833,ABCC8,HGNC:59,Benign/Likely benign,0,"Jan 24, 2026",201484528,-,RCV002191296|RCV002496111|RCV005239311,"MedGen:C3661900|MONDO:MONDO:0012480,MedGen:C1835887,OMIM:610374,Orphanet:99886;MONDO:MONDO:0009734,MedGen:C2931832,OMIM:256450,Orphanet:276575,Orphanet:276598;Human Phenotype Ontology:HP:0005965,Human Phenotype Ontology:HP:0005978,Human Phenotype Ontology:HP:0100652,MONDO:MONDO:0005148,MeSH:D003924,MedGen:C0011860,OMIM:125853;MONDO:MONDO:0030088,MedGen:C5394303,OMIM:618857;MONDO:MONDO:0009415,MedGen:C0271714,OMIM:240800|MedGen:CN169374","not provided|Diabetes mellitus, transient neonatal, 2;Hyperinsulinemic hypoglycemia, familial, 1;Type 2 diabetes mellitus;Diabetes mellitus, permanent neonatal 3;Leucine-induced hypoglycemia|not specified",germline;unknown,germline,GRCh38,NC_000011.10,11,17413495,17413495,na,na,11p15.1,"criteria provided, multiple submitters, no conflicts",5,-,N,ClinGen:CA5903154,2,1664782,17413495,C,A,-,-,-,-,-,-,SCV002484928|SCV002803112|SCV005323566|SCV005877231|SCV005884102,-,-
1558010,single nucleotide variant,NM_000352.6(ABCC8):c.1188C>T (p.Tyr396=),6833,ABCC8,HGNC:59,Likely benign,0,"Dec 29, 2021",2133617586,-,RCV002172541,MedGen:C3661900,not provided,germline,germline,GRCh37,NC_000011.9,11,17470207,17470207,na,na,11p15.1,"criteria provided, single submitter",1,-,N,ClinGen:CA473299302,2,1543855,17470207,G,A,-,-,-,-,-,-,SCV002336194,-,-
1558010,single nucleotide variant,NM_000352.6(ABCC8):c.1188C>T (p.Tyr396=),6833,ABCC8,HGNC:59,Likely benign,0,"Dec 29, 2021",2133617586,-,RCV002172541,MedGen:C3661900,not provided,germline,germline,GRCh38,NC_000011.10,11,17448660,17448660,na,na,11p15.1,"criteria provided, single submitter",1,-,N,ClinGen:CA473299302,2,1543855,17448660,G,A,-,-,-,-,-,-,SCV002336194,-,-
1558337,single nucleotide variant,NM_000162.5(GCK):c.579+12C>G,2645,GCK,HGNC:4195,Benign/Likely benign,0,"Dec 15, 2025",202001955,-,RCV002128363|RCV002494421|RCV004999662,"MedGen:C3661900|MONDO:MONDO:0011236,MedGen:C1865290,OMIM:602485,Orphanet:79299;Human Phenotype Ontology:HP:0005965,Human Phenotype Ontology:HP:0005978,Human Phenotype Ontology:HP:0100652,MONDO:MONDO:0005148,MeSH:D003924,MedGen:C0011860,OMIM:125853;MONDO:MONDO:0007453,MedGen:C0342277,OMIM:125851,Orphanet:552;MONDO:MONDO:0100165,MedGen:C5393570,OMIM:606176|MedGen:CN169374",not provided|Hyperinsulinism due to glucokinase deficiency;Type 2 diabetes mellitus;Maturity-onset diabetes of the young type 2;Permanent neonatal diabetes mellitus 1|not specified,germline;unknown,germline,GRCh37,NC_000007.13,7,44189556,44189556,na,na,7p13,"criteria provided, multiple submitters, no conflicts",4,-,N,ClinGen:CA4239591,2,1636430,44189556,G,C,-,-,-,-,-,-,SCV002451413|SCV002797306|SCV005621729|SCV005887892,-,-
1558337,single nucleotide variant,NM_000162.5(GCK):c.579+12C>G,2645,GCK,HGNC:4195,Benign/Likely benign,0,"Dec 15, 2025",202001955,-,RCV002128363|RCV002494421|RCV004999662,"MedGen:C3661900|MONDO:MONDO:0011236,MedGen:C1865290,OMIM:602485,Orphanet:79299;Human Phenotype Ontology:HP:0005965,Human Phenotype Ontology:HP:0005978,Human Phenotype Ontology:HP:0100652,MONDO:MONDO:0005148,MeSH:D003924,MedGen:C0011860,OMIM:125853;MONDO:MONDO:0007453,MedGen:C0342277,OMIM:125851,Orphanet:552;MONDO:MONDO:0100165,MedGen:C5393570,OMIM:606176|MedGen:CN169374",not provided|Hyperinsulinism due to glucokinase deficiency;Type 2 diabetes mellitus;Maturity-onset diabetes of the young type 2;Permanent neonatal diabetes mellitus 1|not specified,germline;unknown,germline,GRCh38,NC_000007.14,7,44149957,44149957,na,na,7p13,"criteria provided, multiple submitters, no conflicts",4,-,N,ClinGen:CA4239591,2,1636430,44149957,G,C,-,-,-,-,-,-,SCV002451413|SCV002797306|SCV005621729|SCV005887892,-,-
1559974,single nucleotide variant,NM_000352.6(ABCC8):c.1098C>T (p.Leu366=),6833,ABCC8,HGNC:59,Likely benign,0,"Mar 08, 2021",2133641985,-,RCV002137972,MedGen:C3661900,not provided,germline,germline,GRCh37,NC_000011.9,11,17474744,17474744,na,na,11p15.1,"criteria provided, single submitter",1,-,N,ClinGen:CA473299861,2,1638070,17474744,G,A,-,-,-,-,-,-,SCV002451506,-,-
1559974,single nucleotide variant,NM_000352.6(ABCC8):c.1098C>T (p.Leu366=),6833,ABCC8,HGNC:59,Likely benign,0,"Mar 08, 2021",2133641985,-,RCV002137972,MedGen:C3661900,not provided,germline,germline,GRCh38,NC_000011.10,11,17453197,17453197,na,na,11p15.1,"criteria provided, single submitter",1,-,N,ClinGen:CA473299861,2,1638070,17453197,G,A,-,-,-,-,-,-,SCV002451506,-,-
1560523,single nucleotide variant,NM_000352.6(ABCC8):c.111C>A (p.Val37=),6833,ABCC8,HGNC:59,Likely benign,0,"Sep 20, 2021",2133737414,-,RCV002160199,MedGen:C3661900,not provided,germline,germline,GRCh37,NC_000011.9,11,17498213,17498213,na,na,11p15.1,"criteria provided, single submitter",1,-,N,ClinGen:CA473302214,2,1606028,17498213,G,T,-,-,-,-,-,-,SCV002410913,-,-
1560523,single nucleotide variant,NM_000352.6(ABCC8):c.111C>A (p.Val37=),6833,ABCC8,HGNC:59,Likely benign,0,"Sep 20, 2021",2133737414,-,RCV002160199,MedGen:C3661900,not provided,germline,germline,GRCh38,NC_000011.10,11,17476666,17476666,na,na,11p15.1,"criteria provided, single submitter",1,-,N,ClinGen:CA473302214,2,1606028,17476666,G,T,-,-,-,-,-,-,SCV002410913,-,-
1561707,single nucleotide variant,NM_000352.6(ABCC8):c.3557+8C>A,6833,ABCC8,HGNC:59,Likely benign,0,"Sep 08, 2023",1954411444,-,RCV002188180,MedGen:C3661900,not provided,germline,germline,GRCh37,NC_000011.9,11,17426051,17426051,na,na,11p15.1,"criteria provided, single submitter",1,-,N,ClinGen:CA2573146137,2,1557048,17426051,G,T,-,-,-,-,-,-,SCV002354846,-,-
1561707,single nucleotide variant,NM_000352.6(ABCC8):c.3557+8C>A,6833,ABCC8,HGNC:59,Likely benign,0,"Sep 08, 2023",1954411444,-,RCV002188180,MedGen:C3661900,not provided,germline,germline,GRCh38,NC_000011.10,11,17404504,17404504,na,na,11p15.1,"criteria provided, single submitter",1,-,N,ClinGen:CA2573146137,2,1557048,17404504,G,T,-,-,-,-,-,-,SCV002354846,-,-
1561841,single nucleotide variant,NM_000352.6(ABCC8):c.4326G>A (p.Glu1442=),6833,ABCC8,HGNC:59,Likely benign,0,"Jul 06, 2021",1237313905,-,RCV002194773,MedGen:C3661900,not provided,germline,germline,GRCh37,NC_000011.9,11,17416804,17416804,na,na,11p15.1,"criteria provided, single submitter",1,-,N,ClinGen:CA473298184,2,1557182,17416804,C,T,-,-,-,-,-,-,SCV002358077,-,-
1561841,single nucleotide variant,NM_000352.6(ABCC8):c.4326G>A (p.Glu1442=),6833,ABCC8,HGNC:59,Likely benign,0,"Jul 06, 2021",1237313905,-,RCV002194773,MedGen:C3661900,not provided,germline,germline,GRCh38,NC_000011.10,11,17395257,17395257,na,na,11p15.1,"criteria provided, single submitter",1,-,N,ClinGen:CA473298184,2,1557182,17395257,C,T,-,-,-,-,-,-,SCV002358077,-,-
1563594,single nucleotide variant,NM_000352.6(ABCC8):c.2196G>A (p.Lys732=),6833,ABCC8,HGNC:59,Likely benign,0,"May 13, 2021",757327236,-,RCV002200332,MedGen:C3661900,not provided,germline,germline,GRCh37,NC_000011.9,11,17448622,17448622,na,na,11p15.1,"criteria provided, single submitter",1,-,N,ClinGen:CA473302380,2,1558929,17448622,C,T,-,-,-,-,-,-,SCV002355638,-,-
1563594,single nucleotide variant,NM_000352.6(ABCC8):c.2196G>A (p.Lys732=),6833,ABCC8,HGNC:59,Likely benign,0,"May 13, 2021",757327236,-,RCV002200332,MedGen:C3661900,not provided,germline,germline,GRCh38,NC_000011.10,11,17427075,17427075,na,na,11p15.1,"criteria provided, single submitter",1,-,N,ClinGen:CA473302380,2,1558929,17427075,C,T,-,-,-,-,-,-,SCV002355638,-,-
1564342,single nucleotide variant,NM_000525.4(KCNJ11):c.708G>A (p.Val236=),3767,KCNJ11,HGNC:6257,Likely benign,0,"May 21, 2025",754205539,-,RCV002140460|RCV005419394|RCV005614857,"MedGen:C3661900|MedGen:CN169374|MONDO:MONDO:0100164,MedGen:C1833104,OMIM:PS606176,Orphanet:99885",not provided|not specified|Permanent neonatal diabetes mellitus,germline,germline,GRCh37,NC_000011.9,11,17408931,17408931,na,na,11p15.1,"criteria provided, multiple submitters, no conflicts",3,-,N,ClinGen:CA5902260,2,1644301,17408931,C,T,-,-,-,-,-,-,SCV002452163|SCV006085630,-,-
1564342,single nucleotide variant,NM_000525.4(KCNJ11):c.708G>A (p.Val236=),3767,KCNJ11,HGNC:6257,Likely benign,0,"May 21, 2025",754205539,-,RCV002140460|RCV005419394|RCV005614857,"MedGen:C3661900|MedGen:CN169374|MONDO:MONDO:0100164,MedGen:C1833104,OMIM:PS606176,Orphanet:99885",not provided|not specified|Permanent neonatal diabetes mellitus,germline,germline,GRCh38,NC_000011.10,11,17387384,17387384,na,na,11p15.1,"criteria provided, multiple submitters, no conflicts",3,-,N,ClinGen:CA5902260,2,1644301,17387384,C,T,-,-,-,-,-,-,SCV002452163|SCV006085630,-,-
1565644,single nucleotide variant,NM_000352.6(ABCC8):c.3777G>A (p.Val1259=),6833,ABCC8,HGNC:59,Likely benign,0,"Mar 17, 2023",150679949,-,RCV002136286,MedGen:C3661900,not provided,germline,germline,GRCh37,NC_000011.9,11,17419321,17419321,na,na,11p15.1,"criteria provided, single submitter",1,-,N,ClinGen:CA218410636,2,1646040,17419321,C,T,-,-,-,-,-,-,SCV002467251,-,-
1565644,single nucleotide variant,NM_000352.6(ABCC8):c.3777G>A (p.Val1259=),6833,ABCC8,HGNC:59,Likely benign,0,"Mar 17, 2023",150679949,-,RCV002136286,MedGen:C3661900,not provided,germline,germline,GRCh38,NC_000011.10,11,17397774,17397774,na,na,11p15.1,"criteria provided, single submitter",1,-,N,ClinGen:CA218410636,2,1646040,17397774,C,T,-,-,-,-,-,-,SCV002467251,-,-
1566064,single nucleotide variant,NM_000352.6(ABCC8):c.702C>T (p.Asn234=),6833,ABCC8,HGNC:59,Likely benign,0,"Jan 21, 2026",758289249,-,RCV002086063|RCV002498310|RCV002361490|RCV004543771,"MedGen:C3661900|MONDO:MONDO:0012480,MedGen:C1835887,OMIM:610374,Orphanet:99886;MONDO:MONDO:0009415,MedGen:C0271714,OMIM:240800;MONDO:MONDO:0009734,MedGen:C2931832,OMIM:256450,Orphanet:276575,Orphanet:276598;Human Phenotype Ontology:HP:0005965,Human Phenotype Ontology:HP:0005978,Human Phenotype Ontology:HP:0100652,MONDO:MONDO:0005148,MeSH:D003924,MedGen:C0011860,OMIM:125853;MONDO:MONDO:0030088,MedGen:C5394303,OMIM:618857|MeSH:D030342,MedGen:C0950123|","not provided|Diabetes mellitus, transient neonatal, 2;Leucine-induced hypoglycemia;Hyperinsulinemic hypoglycemia, familial, 1;Type 2 diabetes mellitus;Diabetes mellitus, permanent neonatal 3|Inborn genetic diseases|ABCC8-related disorder",germline;unknown,germline,GRCh37,NC_000011.9,11,17483250,17483250,na,na,11p15.1,"criteria provided, multiple submitters, no conflicts",4,-,N,ClinGen:CA5903797,2,1580937,17483250,G,A,-,-,-,-,-,-,SCV002385015|SCV002666986|SCV002810205,-,-
1566064,single nucleotide variant,NM_000352.6(ABCC8):c.702C>T (p.Asn234=),6833,ABCC8,HGNC:59,Likely benign,0,"Jan 21, 2026",758289249,-,RCV002086063|RCV002498310|RCV002361490|RCV004543771,"MedGen:C3661900|MONDO:MONDO:0012480,MedGen:C1835887,OMIM:610374,Orphanet:99886;MONDO:MONDO:0009415,MedGen:C0271714,OMIM:240800;MONDO:MONDO:0009734,MedGen:C2931832,OMIM:256450,Orphanet:276575,Orphanet:276598;Human Phenotype Ontology:HP:0005965,Human Phenotype Ontology:HP:0005978,Human Phenotype Ontology:HP:0100652,MONDO:MONDO:0005148,MeSH:D003924,MedGen:C0011860,OMIM:125853;MONDO:MONDO:0030088,MedGen:C5394303,OMIM:618857|MeSH:D030342,MedGen:C0950123|","not provided|Diabetes mellitus, transient neonatal, 2;Leucine-induced hypoglycemia;Hyperinsulinemic hypoglycemia, familial, 1;Type 2 diabetes mellitus;Diabetes mellitus, permanent neonatal 3|Inborn genetic diseases|ABCC8-related disorder",germline;unknown,germline,GRCh38,NC_000011.10,11,17461703,17461703,na,na,11p15.1,"criteria provided, multiple submitters, no conflicts",4,-,N,ClinGen:CA5903797,2,1580937,17461703,G,A,-,-,-,-,-,-,SCV002385015|SCV002666986|SCV002810205,-,-
1566114,single nucleotide variant,NM_000352.6(ABCC8):c.580-7C>T,6833,ABCC8,HGNC:59,Likely benign,0,"Sep 07, 2021",771196330,-,RCV002094963,MedGen:C3661900,not provided,germline,germline,GRCh37,NC_000011.9,11,17483379,17483379,na,na,11p15.1,"criteria provided, single submitter",1,-,N,ClinGen:CA2573146156,2,1580987,17483379,G,A,-,-,-,-,-,-,SCV002385657,-,-
1566114,single nucleotide variant,NM_000352.6(ABCC8):c.580-7C>T,6833,ABCC8,HGNC:59,Likely benign,0,"Sep 07, 2021",771196330,-,RCV002094963,MedGen:C3661900,not provided,germline,germline,GRCh38,NC_000011.10,11,17461832,17461832,na,na,11p15.1,"criteria provided, single submitter",1,-,N,ClinGen:CA2573146156,2,1580987,17461832,G,A,-,-,-,-,-,-,SCV002385657,-,-
1566313,single nucleotide variant,NM_000352.6(ABCC8):c.1143T>C (p.Ile381=),6833,ABCC8,HGNC:59,Likely benign,0,"Feb 21, 2023",752694285,-,RCV002160632,MedGen:C3661900,not provided,germline,germline,GRCh37,NC_000011.9,11,17474699,17474699,na,na,11p15.1,"criteria provided, single submitter",1,-,N,ClinGen:CA5903667,2,1647585,17474699,A,G,-,-,-,-,-,-,SCV002461958,-,-
1566313,single nucleotide variant,NM_000352.6(ABCC8):c.1143T>C (p.Ile381=),6833,ABCC8,HGNC:59,Likely benign,0,"Feb 21, 2023",752694285,-,RCV002160632,MedGen:C3661900,not provided,germline,germline,GRCh38,NC_000011.10,11,17453152,17453152,na,na,11p15.1,"criteria provided, single submitter",1,-,N,ClinGen:CA5903667,2,1647585,17453152,A,G,-,-,-,-,-,-,SCV002461958,-,-
1566973,single nucleotide variant,NM_000352.6(ABCC8):c.148+7G>A,6833,ABCC8,HGNC:59,Likely benign,0,"Jul 02, 2021",2133737034,-,RCV002091174,MedGen:C3661900,not provided,germline,germline,GRCh37,NC_000011.9,11,17498169,17498169,na,na,11p15.1,"criteria provided, single submitter",1,-,N,ClinGen:CA2573146093,2,1582704,17498169,C,T,-,-,-,-,-,-,SCV002382684,-,-
1566973,single nucleotide variant,NM_000352.6(ABCC8):c.148+7G>A,6833,ABCC8,HGNC:59,Likely benign,0,"Jul 02, 2021",2133737034,-,RCV002091174,MedGen:C3661900,not provided,germline,germline,GRCh38,NC_000011.10,11,17476622,17476622,na,na,11p15.1,"criteria provided, single submitter",1,-,N,ClinGen:CA2573146093,2,1582704,17476622,C,T,-,-,-,-,-,-,SCV002382684,-,-
1568482,single nucleotide variant,NM_000525.4(KCNJ11):c.1167G>A (p.Leu389=),3767,KCNJ11,HGNC:6257,Likely benign,0,"Feb 14, 2023",1953566494,-,RCV002115357,MedGen:C3661900,not provided,germline,germline,GRCh37,NC_000011.9,11,17408472,17408472,na,na,11p15.1,"criteria provided, single submitter",1,-,N,ClinGen:CA473514912,2,1594478,17408472,C,T,-,-,-,-,-,-,SCV002399953,-,-
1568482,single nucleotide variant,NM_000525.4(KCNJ11):c.1167G>A (p.Leu389=),3767,KCNJ11,HGNC:6257,Likely benign,0,"Feb 14, 2023",1953566494,-,RCV002115357,MedGen:C3661900,not provided,germline,germline,GRCh38,NC_000011.10,11,17386925,17386925,na,na,11p15.1,"criteria provided, single submitter",1,-,N,ClinGen:CA473514912,2,1594478,17386925,C,T,-,-,-,-,-,-,SCV002399953,-,-
1569967,single nucleotide variant,NM_000352.6(ABCC8):c.2490T>C (p.Ser830=),6833,ABCC8,HGNC:59,Likely benign,0,"Dec 31, 2020",1348144308,-,RCV002195909,MedGen:C3661900,not provided,germline,germline,GRCh37,NC_000011.9,11,17434279,17434279,na,na,11p15.1,"criteria provided, single submitter",1,-,N,ClinGen:CA473301295,2,1668102,17434279,A,G,-,-,-,-,-,-,SCV002482456,-,-
1569967,single nucleotide variant,NM_000352.6(ABCC8):c.2490T>C (p.Ser830=),6833,ABCC8,HGNC:59,Likely benign,0,"Dec 31, 2020",1348144308,-,RCV002195909,MedGen:C3661900,not provided,germline,germline,GRCh38,NC_000011.10,11,17412732,17412732,na,na,11p15.1,"criteria provided, single submitter",1,-,N,ClinGen:CA473301295,2,1668102,17412732,A,G,-,-,-,-,-,-,SCV002482456,-,-
1569968,single nucleotide variant,NM_000352.6(ABCC8):c.3324C>T (p.Pro1108=),6833,ABCC8,HGNC:59,Likely benign,0,"Dec 31, 2020",2133445127,-,RCV002195910,MedGen:C3661900,not provided,germline,germline,GRCh37,NC_000011.9,11,17428174,17428174,na,na,11p15.1,"criteria provided, single submitter",1,-,N,ClinGen:CA473300214,2,1668103,17428174,G,A,-,-,-,-,-,-,SCV002488128,-,-
1569968,single nucleotide variant,NM_000352.6(ABCC8):c.3324C>T (p.Pro1108=),6833,ABCC8,HGNC:59,Likely benign,0,"Dec 31, 2020",2133445127,-,RCV002195910,MedGen:C3661900,not provided,germline,germline,GRCh38,NC_000011.10,11,17406627,17406627,na,na,11p15.1,"criteria provided, single submitter",1,-,N,ClinGen:CA473300214,2,1668103,17406627,G,A,-,-,-,-,-,-,SCV002488128,-,-
1570214,single nucleotide variant,NM_000352.6(ABCC8):c.1817+9A>G,6833,ABCC8,HGNC:59,Likely benign,0,"Jan 01, 2021",2133548812,-,RCV002191793,MedGen:C3661900,not provided,germline,germline,GRCh37,NC_000011.9,11,17452352,17452352,na,na,11p15.1,"criteria provided, single submitter",1,-,N,ClinGen:CA2573146144,2,1668349,17452352,T,C,-,-,-,-,-,-,SCV002483125,-,-
1570214,single nucleotide variant,NM_000352.6(ABCC8):c.1817+9A>G,6833,ABCC8,HGNC:59,Likely benign,0,"Jan 01, 2021",2133548812,-,RCV002191793,MedGen:C3661900,not provided,germline,germline,GRCh38,NC_000011.10,11,17430805,17430805,na,na,11p15.1,"criteria provided, single submitter",1,-,N,ClinGen:CA2573146144,2,1668349,17430805,T,C,-,-,-,-,-,-,SCV002483125,-,-
1571725,single nucleotide variant,NM_000525.4(KCNJ11):c.405G>A (p.Gly135=),3767,KCNJ11,HGNC:6257,Likely benign,0,"May 27, 2021",752018515,-,RCV002173321,MedGen:C3661900,not provided,germline,germline,GRCh37,NC_000011.9,11,17409234,17409234,na,na,11p15.1,"criteria provided, single submitter",1,-,N,ClinGen:CA473515577,2,1547182,17409234,C,T,-,-,-,-,-,-,SCV002343878,-,-
1571725,single nucleotide variant,NM_000525.4(KCNJ11):c.405G>A (p.Gly135=),3767,KCNJ11,HGNC:6257,Likely benign,0,"May 27, 2021",752018515,-,RCV002173321,MedGen:C3661900,not provided,germline,germline,GRCh38,NC_000011.10,11,17387687,17387687,na,na,11p15.1,"criteria provided, single submitter",1,-,N,ClinGen:CA473515577,2,1547182,17387687,C,T,-,-,-,-,-,-,SCV002343878,-,-
1572534,single nucleotide variant,NM_000525.4(KCNJ11):c.330T>C (p.Cys110=),3767,KCNJ11,HGNC:6257,Likely benign,0,"Nov 06, 2023",2133380471,-,RCV002162633,MedGen:C3661900,not provided,germline,germline,GRCh37,NC_000011.9,11,17409309,17409309,na,na,11p15.1,"criteria provided, single submitter",1,-,N,ClinGen:CA473515764,2,1607224,17409309,A,G,-,-,-,-,-,-,SCV002411972,-,-
1572534,single nucleotide variant,NM_000525.4(KCNJ11):c.330T>C (p.Cys110=),3767,KCNJ11,HGNC:6257,Likely benign,0,"Nov 06, 2023",2133380471,-,RCV002162633,MedGen:C3661900,not provided,germline,germline,GRCh38,NC_000011.10,11,17387762,17387762,na,na,11p15.1,"criteria provided, single submitter",1,-,N,ClinGen:CA473515764,2,1607224,17387762,A,G,-,-,-,-,-,-,SCV002411972,-,-
1572670,single nucleotide variant,NM_000525.4(KCNJ11):c.1017G>A (p.Val339=),3767,KCNJ11,HGNC:6257,Conflicting classifications of pathogenicity,0,"Feb 03, 2024",770408379,-,RCV002152431|RCV002226796,"MedGen:C3661900|Human Phenotype Ontology:HP:0004904,MONDO:MONDO:0018911,MedGen:C0342276,OMIM:PS125850,Orphanet:552",not provided|Maturity-onset diabetes of the young,germline;somatic,germline/somatic,GRCh37,NC_000011.9,11,17408622,17408622,na,na,11p15.1,"criteria provided, conflicting classifications",2,-,N,ClinGen:CA5902200,2,1607360,17408622,C,T,-,-,-,-,-,-,SCV002420666|SCV002505410,-,-
1572670,single nucleotide variant,NM_000525.4(KCNJ11):c.1017G>A (p.Val339=),3767,KCNJ11,HGNC:6257,Conflicting classifications of pathogenicity,0,"Feb 03, 2024",770408379,-,RCV002152431|RCV002226796,"MedGen:C3661900|Human Phenotype Ontology:HP:0004904,MONDO:MONDO:0018911,MedGen:C0342276,OMIM:PS125850,Orphanet:552",not provided|Maturity-onset diabetes of the young,germline;somatic,germline/somatic,GRCh38,NC_000011.10,11,17387075,17387075,na,na,11p15.1,"criteria provided, conflicting classifications",2,-,N,ClinGen:CA5902200,2,1607360,17387075,C,T,-,-,-,-,-,-,SCV002420666|SCV002505410,-,-
1573608,single nucleotide variant,NM_000352.6(ABCC8):c.2928A>G (p.Ala976=),6833,ABCC8,HGNC:59,Likely benign,0,"Jul 21, 2021",370703902,-,RCV002215895,MedGen:C3661900,not provided,germline,germline,GRCh37,NC_000011.9,11,17428669,17428669,na,na,11p15.1,"criteria provided, single submitter",1,-,N,ClinGen:CA473516161,2,1573242,17428669,T,C,-,-,-,-,-,-,SCV002379614,-,-
1573608,single nucleotide variant,NM_000352.6(ABCC8):c.2928A>G (p.Ala976=),6833,ABCC8,HGNC:59,Likely benign,0,"Jul 21, 2021",370703902,-,RCV002215895,MedGen:C3661900,not provided,germline,germline,GRCh38,NC_000011.10,11,17407122,17407122,na,na,11p15.1,"criteria provided, single submitter",1,-,N,ClinGen:CA473516161,2,1573242,17407122,T,C,-,-,-,-,-,-,SCV002379614,-,-
1574080,single nucleotide variant,NM_000352.6(ABCC8):c.1840C>T (p.Leu614=),6833,ABCC8,HGNC:59,Likely benign,0,"Oct 09, 2021",2133539879,-,RCV002150134,MedGen:C3661900,not provided,germline,germline,GRCh37,NC_000011.9,11,17450195,17450195,na,na,11p15.1,"criteria provided, single submitter",1,-,N,ClinGen:CA473516573,2,1609210,17450195,G,A,-,-,-,-,-,-,SCV002417775,-,-
1574080,single nucleotide variant,NM_000352.6(ABCC8):c.1840C>T (p.Leu614=),6833,ABCC8,HGNC:59,Likely benign,0,"Oct 09, 2021",2133539879,-,RCV002150134,MedGen:C3661900,not provided,germline,germline,GRCh38,NC_000011.10,11,17428648,17428648,na,na,11p15.1,"criteria provided, single submitter",1,-,N,ClinGen:CA473516573,2,1609210,17428648,G,A,-,-,-,-,-,-,SCV002417775,-,-
1574942,single nucleotide variant,NM_000352.6(ABCC8):c.222G>A (p.Arg74=),6833,ABCC8,HGNC:59,Likely benign,0,"Nov 24, 2025",745544561,-,RCV002117015|RCV002416421,"MedGen:C3661900|MeSH:D030342,MedGen:C0950123",not provided|Inborn genetic diseases,germline,germline,GRCh37,NC_000011.9,11,17496501,17496501,na,na,11p15.1,"criteria provided, multiple submitters, no conflicts",2,-,N,ClinGen:CA473301957,2,1588399,17496501,C,T,-,-,-,-,-,-,SCV002397471|SCV002725381,-,-
1574942,single nucleotide variant,NM_000352.6(ABCC8):c.222G>A (p.Arg74=),6833,ABCC8,HGNC:59,Likely benign,0,"Nov 24, 2025",745544561,-,RCV002117015|RCV002416421,"MedGen:C3661900|MeSH:D030342,MedGen:C0950123",not provided|Inborn genetic diseases,germline,germline,GRCh38,NC_000011.10,11,17474954,17474954,na,na,11p15.1,"criteria provided, multiple submitters, no conflicts",2,-,N,ClinGen:CA473301957,2,1588399,17474954,C,T,-,-,-,-,-,-,SCV002397471|SCV002725381,-,-
1575324,single nucleotide variant,NM_000352.6(ABCC8):c.2473C>A (p.Arg825=),6833,ABCC8,HGNC:59,Likely benign,0,"Sep 24, 2023",779736828,-,RCV002132585|RCV002486933,"MedGen:C3661900|MONDO:MONDO:0009415,MedGen:C0271714,OMIM:240800;MONDO:MONDO:0012480,MedGen:C1835887,OMIM:610374,Orphanet:99886;MONDO:MONDO:0009734,MedGen:C2931832,OMIM:256450,Orphanet:276575,Orphanet:276598;Human Phenotype Ontology:HP:0005965,Human Phenotype Ontology:HP:0005978,Human Phenotype Ontology:HP:0100652,MONDO:MONDO:0005148,MeSH:D003924,MedGen:C0011860,OMIM:125853;MONDO:MONDO:0030088,MedGen:C5394303,OMIM:618857","not provided|Leucine-induced hypoglycemia;Diabetes mellitus, transient neonatal, 2;Hyperinsulinemic hypoglycemia, familial, 1;Type 2 diabetes mellitus;Diabetes mellitus, permanent neonatal 3",germline;unknown,germline,GRCh37,NC_000011.9,11,17434943,17434943,na,na,11p15.1,"criteria provided, multiple submitters, no conflicts",2,-,N,ClinGen:CA473301404,2,1626109,17434943,G,T,-,-,-,-,-,-,SCV002437883|SCV002802252,-,-
1575324,single nucleotide variant,NM_000352.6(ABCC8):c.2473C>A (p.Arg825=),6833,ABCC8,HGNC:59,Likely benign,0,"Sep 24, 2023",779736828,-,RCV002132585|RCV002486933,"MedGen:C3661900|MONDO:MONDO:0009415,MedGen:C0271714,OMIM:240800;MONDO:MONDO:0012480,MedGen:C1835887,OMIM:610374,Orphanet:99886;MONDO:MONDO:0009734,MedGen:C2931832,OMIM:256450,Orphanet:276575,Orphanet:276598;Human Phenotype Ontology:HP:0005965,Human Phenotype Ontology:HP:0005978,Human Phenotype Ontology:HP:0100652,MONDO:MONDO:0005148,MeSH:D003924,MedGen:C0011860,OMIM:125853;MONDO:MONDO:0030088,MedGen:C5394303,OMIM:618857","not provided|Leucine-induced hypoglycemia;Diabetes mellitus, transient neonatal, 2;Hyperinsulinemic hypoglycemia, familial, 1;Type 2 diabetes mellitus;Diabetes mellitus, permanent neonatal 3",germline;unknown,germline,GRCh38,NC_000011.10,11,17413396,17413396,na,na,11p15.1,"criteria provided, multiple submitters, no conflicts",2,-,N,ClinGen:CA473301404,2,1626109,17413396,G,T,-,-,-,-,-,-,SCV002437883|SCV002802252,-,-
1575603,single nucleotide variant,NM_000525.4(KCNJ11):c.675C>T (p.Ser225=),3767,KCNJ11,HGNC:6257,Likely benign,0,"Apr 30, 2021",2133379766,-,RCV002183607|RCV005616365,"MedGen:C3661900|MONDO:MONDO:0100164,MedGen:C1833104,OMIM:PS606176,Orphanet:99885",not provided|Permanent neonatal diabetes mellitus,germline,germline,GRCh37,NC_000011.9,11,17408964,17408964,na,na,11p15.1,"criteria provided, single submitter",2,-,N,ClinGen:CA473515645,2,1660280,17408964,G,A,-,-,-,-,-,-,SCV002480249,-,-
1575603,single nucleotide variant,NM_000525.4(KCNJ11):c.675C>T (p.Ser225=),3767,KCNJ11,HGNC:6257,Likely benign,0,"Apr 30, 2021",2133379766,-,RCV002183607|RCV005616365,"MedGen:C3661900|MONDO:MONDO:0100164,MedGen:C1833104,OMIM:PS606176,Orphanet:99885",not provided|Permanent neonatal diabetes mellitus,germline,germline,GRCh38,NC_000011.10,11,17387417,17387417,na,na,11p15.1,"criteria provided, single submitter",2,-,N,ClinGen:CA473515645,2,1660280,17387417,G,A,-,-,-,-,-,-,SCV002480249,-,-
1575695,single nucleotide variant,NM_000352.6(ABCC8):c.564T>C (p.Asn188=),6833,ABCC8,HGNC:59,Likely benign,0,"May 19, 2021",1410002309,-,RCV002183699,MedGen:C3661900,not provided,germline,germline,GRCh37,NC_000011.9,11,17485000,17485000,na,na,11p15.1,"criteria provided, single submitter",1,-,N,ClinGen:CA473301005,2,1660372,17485000,A,G,-,-,-,-,-,-,SCV002477764,-,-
1575695,single nucleotide variant,NM_000352.6(ABCC8):c.564T>C (p.Asn188=),6833,ABCC8,HGNC:59,Likely benign,0,"May 19, 2021",1410002309,-,RCV002183699,MedGen:C3661900,not provided,germline,germline,GRCh38,NC_000011.10,11,17463453,17463453,na,na,11p15.1,"criteria provided, single submitter",1,-,N,ClinGen:CA473301005,2,1660372,17463453,A,G,-,-,-,-,-,-,SCV002477764,-,-
1577269,single nucleotide variant,NM_000352.6(ABCC8):c.3399+8G>T,6833,ABCC8,HGNC:59,Likely benign,0,"Jun 05, 2021",1954472055,-,RCV002212450,MedGen:C3661900,not provided,germline,germline,GRCh37,NC_000011.9,11,17427033,17427033,na,na,11p15.1,"criteria provided, single submitter",1,-,N,ClinGen:CA2573146142,2,1562205,17427033,C,A,-,-,-,-,-,-,SCV002360738,-,-
1577269,single nucleotide variant,NM_000352.6(ABCC8):c.3399+8G>T,6833,ABCC8,HGNC:59,Likely benign,0,"Jun 05, 2021",1954472055,-,RCV002212450,MedGen:C3661900,not provided,germline,germline,GRCh38,NC_000011.10,11,17405486,17405486,na,na,11p15.1,"criteria provided, single submitter",1,-,N,ClinGen:CA2573146142,2,1562205,17405486,C,A,-,-,-,-,-,-,SCV002360738,-,-
1578447,single nucleotide variant,NM_000352.6(ABCC8):c.795G>A (p.Arg265=),6833,ABCC8,HGNC:59,Likely benign,0,"Jun 12, 2022",1386314454,-,RCV002151513,MedGen:C3661900,not provided,germline,germline,GRCh37,NC_000011.9,11,17483157,17483157,na,na,11p15.1,"criteria provided, single submitter",1,-,N,ClinGen:CA473516279,2,1651072,17483157,C,T,-,-,-,-,-,-,SCV002468979,-,-
1578447,single nucleotide variant,NM_000352.6(ABCC8):c.795G>A (p.Arg265=),6833,ABCC8,HGNC:59,Likely benign,0,"Jun 12, 2022",1386314454,-,RCV002151513,MedGen:C3661900,not provided,germline,germline,GRCh38,NC_000011.10,11,17461610,17461610,na,na,11p15.1,"criteria provided, single submitter",1,-,N,ClinGen:CA473516279,2,1651072,17461610,C,T,-,-,-,-,-,-,SCV002468979,-,-
1579344,single nucleotide variant,NM_000352.6(ABCC8):c.1593C>T (p.Thr531=),6833,ABCC8,HGNC:59,Likely benign,0,"Mar 26, 2021",2133595358,-,RCV002158556,MedGen:C3661900,not provided,germline,germline,GRCh37,NC_000011.9,11,17464304,17464304,na,na,11p15.1,"criteria provided, single submitter",1,-,N,ClinGen:CA473298429,2,1652844,17464304,G,A,-,-,-,-,-,-,SCV002465243,-,-
1579344,single nucleotide variant,NM_000352.6(ABCC8):c.1593C>T (p.Thr531=),6833,ABCC8,HGNC:59,Likely benign,0,"Mar 26, 2021",2133595358,-,RCV002158556,MedGen:C3661900,not provided,germline,germline,GRCh38,NC_000011.10,11,17442757,17442757,na,na,11p15.1,"criteria provided, single submitter",1,-,N,ClinGen:CA473298429,2,1652844,17442757,G,A,-,-,-,-,-,-,SCV002465243,-,-
1579950,single nucleotide variant,NM_000352.6(ABCC8):c.1926C>A (p.Pro642=),6833,ABCC8,HGNC:59,Likely benign,0,"Aug 19, 2022",75376282,-,RCV002076238,MedGen:C3661900,not provided,germline,germline,GRCh37,NC_000011.9,11,17449950,17449950,na,na,11p15.1,"criteria provided, single submitter",1,-,N,ClinGen:CA473516209,2,1616947,17449950,G,T,-,-,-,-,-,-,SCV002425950,-,-
1579950,single nucleotide variant,NM_000352.6(ABCC8):c.1926C>A (p.Pro642=),6833,ABCC8,HGNC:59,Likely benign,0,"Aug 19, 2022",75376282,-,RCV002076238,MedGen:C3661900,not provided,germline,germline,GRCh38,NC_000011.10,11,17428403,17428403,na,na,11p15.1,"criteria provided, single submitter",1,-,N,ClinGen:CA473516209,2,1616947,17428403,G,T,-,-,-,-,-,-,SCV002425950,-,-
1580429,single nucleotide variant,NM_000352.6(ABCC8):c.4029G>A (p.Lys1343=),6833,ABCC8,HGNC:59,Likely benign,0,"Feb 22, 2024",1953966288,-,RCV002156327,MedGen:C3661900,not provided,germline,germline,GRCh37,NC_000011.9,11,17418553,17418553,na,na,11p15.1,"criteria provided, single submitter",1,-,N,ClinGen:CA473298554,2,1654800,17418553,C,T,-,-,-,-,-,-,SCV002471085,-,-
1580429,single nucleotide variant,NM_000352.6(ABCC8):c.4029G>A (p.Lys1343=),6833,ABCC8,HGNC:59,Likely benign,0,"Feb 22, 2024",1953966288,-,RCV002156327,MedGen:C3661900,not provided,germline,germline,GRCh38,NC_000011.10,11,17397006,17397006,na,na,11p15.1,"criteria provided, single submitter",1,-,N,ClinGen:CA473298554,2,1654800,17397006,C,T,-,-,-,-,-,-,SCV002471085,-,-
1581238,single nucleotide variant,NM_000352.6(ABCC8):c.1608T>C (p.Phe536=),6833,ABCC8,HGNC:59,Likely benign,0,"Jan 09, 2026",753618932,-,RCV002091525,MedGen:C3661900,not provided,germline,germline,GRCh37,NC_000011.9,11,17464289,17464289,na,na,11p15.1,"criteria provided, single submitter",1,-,N,ClinGen:CA5903518,2,1620412,17464289,A,G,-,-,-,-,-,-,SCV002431719,-,-
1581238,single nucleotide variant,NM_000352.6(ABCC8):c.1608T>C (p.Phe536=),6833,ABCC8,HGNC:59,Likely benign,0,"Jan 09, 2026",753618932,-,RCV002091525,MedGen:C3661900,not provided,germline,germline,GRCh38,NC_000011.10,11,17442742,17442742,na,na,11p15.1,"criteria provided, single submitter",1,-,N,ClinGen:CA5903518,2,1620412,17442742,A,G,-,-,-,-,-,-,SCV002431719,-,-
1582430,single nucleotide variant,NM_000352.6(ABCC8):c.3501C>G (p.Leu1167=),6833,ABCC8,HGNC:59,Likely benign,0,"Oct 05, 2023",781026423,-,RCV002200931,MedGen:C3661900,not provided,germline,germline,GRCh37,NC_000011.9,11,17426115,17426115,na,na,11p15.1,"criteria provided, single submitter",1,-,N,ClinGen:CA5902793,2,1669752,17426115,G,C,-,-,-,-,-,-,SCV002481386,-,-
1582430,single nucleotide variant,NM_000352.6(ABCC8):c.3501C>G (p.Leu1167=),6833,ABCC8,HGNC:59,Likely benign,0,"Oct 05, 2023",781026423,-,RCV002200931,MedGen:C3661900,not provided,germline,germline,GRCh38,NC_000011.10,11,17404568,17404568,na,na,11p15.1,"criteria provided, single submitter",1,-,N,ClinGen:CA5902793,2,1669752,17404568,G,C,-,-,-,-,-,-,SCV002481386,-,-
1582461,single nucleotide variant,NM_000352.6(ABCC8):c.1468-10A>T,6833,ABCC8,HGNC:59,Likely benign,0,"Oct 09, 2023",769767231,-,RCV002200962,MedGen:C3661900,not provided,germline,germline,GRCh37,NC_000011.9,11,17464439,17464439,na,na,11p15.1,"criteria provided, single submitter",1,-,N,ClinGen:CA597904561,2,1669783,17464439,T,A,-,-,-,-,-,-,SCV002481397,-,-
1582461,single nucleotide variant,NM_000352.6(ABCC8):c.1468-10A>T,6833,ABCC8,HGNC:59,Likely benign,0,"Oct 09, 2023",769767231,-,RCV002200962,MedGen:C3661900,not provided,germline,germline,GRCh38,NC_000011.10,11,17442892,17442892,na,na,11p15.1,"criteria provided, single submitter",1,-,N,ClinGen:CA597904561,2,1669783,17442892,T,A,-,-,-,-,-,-,SCV002481397,-,-
1582696,single nucleotide variant,NM_000525.4(KCNJ11):c.186G>T (p.Thr62=),3767,KCNJ11,HGNC:6257,Likely benign,0,"Apr 29, 2024",748877741,-,RCV002201198|RCV004587326,MedGen:C3661900|MedGen:CN169374,not provided|not specified,germline,germline,GRCh37,NC_000011.9,11,17409453,17409453,na,na,11p15.1,"criteria provided, multiple submitters, no conflicts",2,-,N,ClinGen:CA473515916,2,1670019,17409453,C,A,-,-,-,-,-,-,SCV002481463|SCV005076302,-,-
1582696,single nucleotide variant,NM_000525.4(KCNJ11):c.186G>T (p.Thr62=),3767,KCNJ11,HGNC:6257,Likely benign,0,"Apr 29, 2024",748877741,-,RCV002201198|RCV004587326,MedGen:C3661900|MedGen:CN169374,not provided|not specified,germline,germline,GRCh38,NC_000011.10,11,17387906,17387906,na,na,11p15.1,"criteria provided, multiple submitters, no conflicts",2,-,N,ClinGen:CA473515916,2,1670019,17387906,C,A,-,-,-,-,-,-,SCV002481463|SCV005076302,-,-
1583154,single nucleotide variant,NM_000352.6(ABCC8):c.1827G>A (p.Lys609=),6833,ABCC8,HGNC:59,Likely benign,0,"Feb 01, 2024",1218705276,-,RCV002106912,MedGen:C3661900,not provided,germline,germline,GRCh37,NC_000011.9,11,17450208,17450208,na,na,11p15.1,"criteria provided, single submitter",1,-,N,ClinGen:CA473516579,2,1532234,17450208,C,T,-,-,-,-,-,-,SCV002327982,-,-
1583154,single nucleotide variant,NM_000352.6(ABCC8):c.1827G>A (p.Lys609=),6833,ABCC8,HGNC:59,Likely benign,0,"Feb 01, 2024",1218705276,-,RCV002106912,MedGen:C3661900,not provided,germline,germline,GRCh38,NC_000011.10,11,17428661,17428661,na,na,11p15.1,"criteria provided, single submitter",1,-,N,ClinGen:CA473516579,2,1532234,17428661,C,T,-,-,-,-,-,-,SCV002327982,-,-
1583235,single nucleotide variant,NM_000352.6(ABCC8):c.30C>T (p.Asn10=),6833,ABCC8,HGNC:59,Likely benign,0,"Jan 08, 2021",1284894054,-,RCV002120422,MedGen:C3661900,not provided,germline,germline,GRCh37,NC_000011.9,11,17498294,17498294,na,na,11p15.1,"criteria provided, single submitter",1,-,N,ClinGen:CA473302326,2,1626230,17498294,G,A,-,-,-,-,-,-,SCV002431786,-,-
1583235,single nucleotide variant,NM_000352.6(ABCC8):c.30C>T (p.Asn10=),6833,ABCC8,HGNC:59,Likely benign,0,"Jan 08, 2021",1284894054,-,RCV002120422,MedGen:C3661900,not provided,germline,germline,GRCh38,NC_000011.10,11,17476747,17476747,na,na,11p15.1,"criteria provided, single submitter",1,-,N,ClinGen:CA473302326,2,1626230,17476747,G,A,-,-,-,-,-,-,SCV002431786,-,-
1584080,single nucleotide variant,NM_000352.6(ABCC8):c.2694+7G>A,6833,ABCC8,HGNC:59,Likely benign,0,"Jan 19, 2022",2133460747,-,RCV002208128,MedGen:C3661900,not provided,germline,germline,GRCh37,NC_000011.9,11,17432056,17432056,na,na,11p15.1,"criteria provided, single submitter",1,-,N,ClinGen:CA2573146148,2,1671843,17432056,C,T,-,-,-,-,-,-,SCV002491340,-,-
1584080,single nucleotide variant,NM_000352.6(ABCC8):c.2694+7G>A,6833,ABCC8,HGNC:59,Likely benign,0,"Jan 19, 2022",2133460747,-,RCV002208128,MedGen:C3661900,not provided,germline,germline,GRCh38,NC_000011.10,11,17410509,17410509,na,na,11p15.1,"criteria provided, single submitter",1,-,N,ClinGen:CA2573146148,2,1671843,17410509,C,T,-,-,-,-,-,-,SCV002491340,-,-
1584386,single nucleotide variant,NM_000352.6(ABCC8):c.2270C>G (p.Thr757Arg),6833,ABCC8,HGNC:59,Conflicting classifications of pathogenicity,0,"Jul 02, 2024",757961130,-,RCV002071454|RCV005042710|RCV004543692,"MedGen:C3661900|MONDO:MONDO:0012480,MedGen:C1835887,OMIM:610374,Orphanet:99886;MONDO:MONDO:0009415,MedGen:C0271714,OMIM:240800;MONDO:MONDO:0009734,MedGen:C2931832,OMIM:256450,Orphanet:276575,Orphanet:276598;Human Phenotype Ontology:HP:0005965,Human Phenotype Ontology:HP:0005978,Human Phenotype Ontology:HP:0100652,MONDO:MONDO:0005148,MeSH:D003924,MedGen:C0011860,OMIM:125853;MONDO:MONDO:0030088,MedGen:C5394303,OMIM:618857|","not provided|Diabetes mellitus, transient neonatal, 2;Leucine-induced hypoglycemia;Hyperinsulinemic hypoglycemia, familial, 1;Type 2 diabetes mellitus;Diabetes mellitus, permanent neonatal 3|ABCC8-related disorder",germline,germline,GRCh37,NC_000011.9,11,17436872,17436872,na,na,11p15.1,"criteria provided, conflicting classifications",5,-,N,ClinGen:CA5903228,2,1533896,17436872,G,C,-,-,-,-,-,-,SCV002323274|SCV005221374|SCV005390104|SCV005676356,-,-
1584386,single nucleotide variant,NM_000352.6(ABCC8):c.2270C>G (p.Thr757Arg),6833,ABCC8,HGNC:59,Conflicting classifications of pathogenicity,0,"Jul 02, 2024",757961130,-,RCV002071454|RCV005042710|RCV004543692,"MedGen:C3661900|MONDO:MONDO:0012480,MedGen:C1835887,OMIM:610374,Orphanet:99886;MONDO:MONDO:0009415,MedGen:C0271714,OMIM:240800;MONDO:MONDO:0009734,MedGen:C2931832,OMIM:256450,Orphanet:276575,Orphanet:276598;Human Phenotype Ontology:HP:0005965,Human Phenotype Ontology:HP:0005978,Human Phenotype Ontology:HP:0100652,MONDO:MONDO:0005148,MeSH:D003924,MedGen:C0011860,OMIM:125853;MONDO:MONDO:0030088,MedGen:C5394303,OMIM:618857|","not provided|Diabetes mellitus, transient neonatal, 2;Leucine-induced hypoglycemia;Hyperinsulinemic hypoglycemia, familial, 1;Type 2 diabetes mellitus;Diabetes mellitus, permanent neonatal 3|ABCC8-related disorder",germline,germline,GRCh38,NC_000011.10,11,17415325,17415325,na,na,11p15.1,"criteria provided, conflicting classifications",5,-,N,ClinGen:CA5903228,2,1533896,17415325,G,C,-,-,-,-,-,-,SCV002323274|SCV005221374|SCV005390104|SCV005676356,-,-
1586966,single nucleotide variant,NM_000352.6(ABCC8):c.3546G>A (p.Arg1182=),6833,ABCC8,HGNC:59,Likely benign,0,"Aug 07, 2021",2133438266,-,RCV002078455,MedGen:C3661900,not provided,germline,germline,GRCh37,NC_000011.9,11,17426070,17426070,na,na,11p15.1,"criteria provided, single submitter",1,-,N,ClinGen:CA473299633,2,1576635,17426070,C,T,-,-,-,-,-,-,SCV002373949,-,-
1586966,single nucleotide variant,NM_000352.6(ABCC8):c.3546G>A (p.Arg1182=),6833,ABCC8,HGNC:59,Likely benign,0,"Aug 07, 2021",2133438266,-,RCV002078455,MedGen:C3661900,not provided,germline,germline,GRCh38,NC_000011.10,11,17404523,17404523,na,na,11p15.1,"criteria provided, single submitter",1,-,N,ClinGen:CA473299633,2,1576635,17404523,C,T,-,-,-,-,-,-,SCV002373949,-,-
1586970,single nucleotide variant,NM_000352.6(ABCC8):c.105G>C (p.Pro35=),6833,ABCC8,HGNC:59,Likely benign,0,"Aug 07, 2021",199925058,-,RCV002085481,MedGen:C3661900,not provided,germline,germline,GRCh37,NC_000011.9,11,17498219,17498219,na,na,11p15.1,"criteria provided, single submitter",1,-,N,ClinGen:CA473302219,2,1576639,17498219,C,G,-,-,-,-,-,-,SCV002373951,-,-
1586970,single nucleotide variant,NM_000352.6(ABCC8):c.105G>C (p.Pro35=),6833,ABCC8,HGNC:59,Likely benign,0,"Aug 07, 2021",199925058,-,RCV002085481,MedGen:C3661900,not provided,germline,germline,GRCh38,NC_000011.10,11,17476672,17476672,na,na,11p15.1,"criteria provided, single submitter",1,-,N,ClinGen:CA473302219,2,1576639,17476672,C,G,-,-,-,-,-,-,SCV002373951,-,-
1591355,single nucleotide variant,NM_000352.6(ABCC8):c.1767G>C (p.Pro589=),6833,ABCC8,HGNC:59,Likely benign,0,"Nov 21, 2021",550788491,-,RCV002188967,MedGen:C3661900,not provided,germline,germline,GRCh37,NC_000011.9,11,17452411,17452411,na,na,11p15.1,"criteria provided, single submitter",1,-,N,ClinGen:CA473302847,2,1667417,17452411,C,G,-,-,-,-,-,-,SCV002489100,-,-
1591355,single nucleotide variant,NM_000352.6(ABCC8):c.1767G>C (p.Pro589=),6833,ABCC8,HGNC:59,Likely benign,0,"Nov 21, 2021",550788491,-,RCV002188967,MedGen:C3661900,not provided,germline,germline,GRCh38,NC_000011.10,11,17430864,17430864,na,na,11p15.1,"criteria provided, single submitter",1,-,N,ClinGen:CA473302847,2,1667417,17430864,C,G,-,-,-,-,-,-,SCV002489100,-,-
1591713,single nucleotide variant,NM_000352.6(ABCC8):c.4443C>T (p.Phe1481=),6833,ABCC8,HGNC:59,Likely benign,0,"Feb 28, 2022",2133395252,-,RCV002214880,MedGen:C3661900,not provided,germline,germline,GRCh37,NC_000011.9,11,17415915,17415915,na,na,11p15.1,"criteria provided, single submitter",1,-,N,ClinGen:CA473298109,2,1567553,17415915,G,A,-,-,-,-,-,-,SCV002365870,-,-
1591713,single nucleotide variant,NM_000352.6(ABCC8):c.4443C>T (p.Phe1481=),6833,ABCC8,HGNC:59,Likely benign,0,"Feb 28, 2022",2133395252,-,RCV002214880,MedGen:C3661900,not provided,germline,germline,GRCh38,NC_000011.10,11,17394368,17394368,na,na,11p15.1,"criteria provided, single submitter",1,-,N,ClinGen:CA473298109,2,1567553,17394368,G,A,-,-,-,-,-,-,SCV002365870,-,-
1591803,single nucleotide variant,NM_000352.6(ABCC8):c.1647C>T (p.Ala549=),6833,ABCC8,HGNC:59,Likely benign,0,"Sep 06, 2021",2133554603,-,RCV002214925,MedGen:C3661900,not provided,germline,germline,GRCh37,NC_000011.9,11,17453775,17453775,na,na,11p15.1,"criteria provided, single submitter",1,-,N,ClinGen:CA473302997,2,1567643,17453775,G,A,-,-,-,-,-,-,SCV002370399,-,-
1591803,single nucleotide variant,NM_000352.6(ABCC8):c.1647C>T (p.Ala549=),6833,ABCC8,HGNC:59,Likely benign,0,"Sep 06, 2021",2133554603,-,RCV002214925,MedGen:C3661900,not provided,germline,germline,GRCh38,NC_000011.10,11,17432228,17432228,na,na,11p15.1,"criteria provided, single submitter",1,-,N,ClinGen:CA473302997,2,1567643,17432228,G,A,-,-,-,-,-,-,SCV002370399,-,-
1592345,single nucleotide variant,NM_000352.6(ABCC8):c.1497C>G (p.Thr499=),6833,ABCC8,HGNC:59,Likely benign,0,"Jun 20, 2025",745884500,-,RCV002161715|RCV005692471,"MedGen:C3661900|MeSH:D030342,MedGen:C0950123",not provided|Inborn genetic diseases,germline,germline,GRCh37,NC_000011.9,11,17464400,17464400,na,na,11p15.1,"criteria provided, multiple submitters, no conflicts",2,-,N,ClinGen:CA5903550,2,1656339,17464400,G,C,-,-,-,-,-,-,SCV002476979|SCV006387660,-,-
1592345,single nucleotide variant,NM_000352.6(ABCC8):c.1497C>G (p.Thr499=),6833,ABCC8,HGNC:59,Likely benign,0,"Jun 20, 2025",745884500,-,RCV002161715|RCV005692471,"MedGen:C3661900|MeSH:D030342,MedGen:C0950123",not provided|Inborn genetic diseases,germline,germline,GRCh38,NC_000011.10,11,17442853,17442853,na,na,11p15.1,"criteria provided, multiple submitters, no conflicts",2,-,N,ClinGen:CA5903550,2,1656339,17442853,G,C,-,-,-,-,-,-,SCV002476979|SCV006387660,-,-
1592584,single nucleotide variant,NM_000352.6(ABCC8):c.4230C>T (p.Ala1410=),6833,ABCC8,HGNC:59,Likely benign,0,"Sep 29, 2023",1471646541,-,RCV002161888,MedGen:C3661900,not provided,germline,germline,GRCh37,NC_000011.9,11,17417234,17417234,na,na,11p15.1,"criteria provided, single submitter",1,-,N,ClinGen:CA473298256,2,1656578,17417234,G,A,-,-,-,-,-,-,SCV002472164,-,-
1592584,single nucleotide variant,NM_000352.6(ABCC8):c.4230C>T (p.Ala1410=),6833,ABCC8,HGNC:59,Likely benign,0,"Sep 29, 2023",1471646541,-,RCV002161888,MedGen:C3661900,not provided,germline,germline,GRCh38,NC_000011.10,11,17395687,17395687,na,na,11p15.1,"criteria provided, single submitter",1,-,N,ClinGen:CA473298256,2,1656578,17395687,G,A,-,-,-,-,-,-,SCV002472164,-,-
1592943,single nucleotide variant,NM_000525.4(KCNJ11):c.990C>T (p.Tyr330=),3767,KCNJ11,HGNC:6257,Likely benign,0,"Jun 09, 2022",753784994,-,RCV002202394,MedGen:C3661900,not provided,germline,germline,GRCh37,NC_000011.9,11,17408649,17408649,na,na,11p15.1,"criteria provided, single submitter",1,-,N,ClinGen:CA5902205,2,1556799,17408649,G,A,-,-,-,-,-,-,SCV002353952,-,-
1592943,single nucleotide variant,NM_000525.4(KCNJ11):c.990C>T (p.Tyr330=),3767,KCNJ11,HGNC:6257,Likely benign,0,"Jun 09, 2022",753784994,-,RCV002202394,MedGen:C3661900,not provided,germline,germline,GRCh38,NC_000011.10,11,17387102,17387102,na,na,11p15.1,"criteria provided, single submitter",1,-,N,ClinGen:CA5902205,2,1556799,17387102,G,A,-,-,-,-,-,-,SCV002353952,-,-
1594346,single nucleotide variant,NM_000352.6(ABCC8):c.4497C>G (p.Thr1499=),6833,ABCC8,HGNC:59,Likely benign,0,"Sep 08, 2023",1388321223,-,RCV002171913,MedGen:C3661900,not provided,germline,germline,GRCh37,NC_000011.9,11,17415861,17415861,na,na,11p15.1,"criteria provided, single submitter",1,-,N,ClinGen:CA473298077,2,1658345,17415861,G,C,-,-,-,-,-,-,SCV002474800,-,-
1594346,single nucleotide variant,NM_000352.6(ABCC8):c.4497C>G (p.Thr1499=),6833,ABCC8,HGNC:59,Likely benign,0,"Sep 08, 2023",1388321223,-,RCV002171913,MedGen:C3661900,not provided,germline,germline,GRCh38,NC_000011.10,11,17394314,17394314,na,na,11p15.1,"criteria provided, single submitter",1,-,N,ClinGen:CA473298077,2,1658345,17394314,G,C,-,-,-,-,-,-,SCV002474800,-,-
1594973,single nucleotide variant,NM_000352.6(ABCC8):c.4137C>A (p.Arg1379=),6833,ABCC8,HGNC:59,Likely benign,0,"Oct 31, 2022",2133402635,-,RCV002199874,MedGen:C3661900,not provided,germline,germline,GRCh37,NC_000011.9,11,17417460,17417460,na,na,11p15.1,"criteria provided, single submitter",1,-,N,ClinGen:CA473298320,2,1558384,17417460,G,T,-,-,-,-,-,-,SCV002357800,-,-
1594973,single nucleotide variant,NM_000352.6(ABCC8):c.4137C>A (p.Arg1379=),6833,ABCC8,HGNC:59,Likely benign,0,"Oct 31, 2022",2133402635,-,RCV002199874,MedGen:C3661900,not provided,germline,germline,GRCh38,NC_000011.10,11,17395913,17395913,na,na,11p15.1,"criteria provided, single submitter",1,-,N,ClinGen:CA473298320,2,1558384,17395913,G,T,-,-,-,-,-,-,SCV002357800,-,-
1595438,single nucleotide variant,NM_000352.6(ABCC8):c.894C>A (p.Arg298=),6833,ABCC8,HGNC:59,Likely benign,0,"Sep 01, 2021",375094504,-,RCV002213699|RCV002496138,"MedGen:C3661900|MONDO:MONDO:0012480,MedGen:C1835887,OMIM:610374,Orphanet:99886;MONDO:MONDO:0009734,MedGen:C2931832,OMIM:256450,Orphanet:276575,Orphanet:276598;Human Phenotype Ontology:HP:0005965,Human Phenotype Ontology:HP:0005978,Human Phenotype Ontology:HP:0100652,MONDO:MONDO:0005148,MeSH:D003924,MedGen:C0011860,OMIM:125853;MONDO:MONDO:0030088,MedGen:C5394303,OMIM:618857;MONDO:MONDO:0009415,MedGen:C0271714,OMIM:240800","not provided|Diabetes mellitus, transient neonatal, 2;Hyperinsulinemic hypoglycemia, familial, 1;Type 2 diabetes mellitus;Diabetes mellitus, permanent neonatal 3;Leucine-induced hypoglycemia",germline;unknown,germline,GRCh37,NC_000011.9,11,17482152,17482152,na,na,11p15.1,"criteria provided, multiple submitters, no conflicts",2,-,N,ClinGen:CA5903731,2,1673251,17482152,G,T,-,-,-,-,-,-,SCV002495611|SCV002802262,-,-
1595438,single nucleotide variant,NM_000352.6(ABCC8):c.894C>A (p.Arg298=),6833,ABCC8,HGNC:59,Likely benign,0,"Sep 01, 2021",375094504,-,RCV002213699|RCV002496138,"MedGen:C3661900|MONDO:MONDO:0012480,MedGen:C1835887,OMIM:610374,Orphanet:99886;MONDO:MONDO:0009734,MedGen:C2931832,OMIM:256450,Orphanet:276575,Orphanet:276598;Human Phenotype Ontology:HP:0005965,Human Phenotype Ontology:HP:0005978,Human Phenotype Ontology:HP:0100652,MONDO:MONDO:0005148,MeSH:D003924,MedGen:C0011860,OMIM:125853;MONDO:MONDO:0030088,MedGen:C5394303,OMIM:618857;MONDO:MONDO:0009415,MedGen:C0271714,OMIM:240800","not provided|Diabetes mellitus, transient neonatal, 2;Hyperinsulinemic hypoglycemia, familial, 1;Type 2 diabetes mellitus;Diabetes mellitus, permanent neonatal 3;Leucine-induced hypoglycemia",germline;unknown,germline,GRCh38,NC_000011.10,11,17460605,17460605,na,na,11p15.1,"criteria provided, multiple submitters, no conflicts",2,-,N,ClinGen:CA5903731,2,1673251,17460605,G,T,-,-,-,-,-,-,SCV002495611|SCV002802262,-,-
1596082,single nucleotide variant,NM_000525.4(KCNJ11):c.222C>A (p.Ile74=),3767,KCNJ11,HGNC:6257,Likely benign,0,"Aug 17, 2021",1016748766,-,RCV002072730,MedGen:C3661900,not provided,germline,germline,GRCh37,NC_000011.9,11,17409417,17409417,na,na,11p15.1,"criteria provided, single submitter",1,-,N,ClinGen:CA218400077,2,1535627,17409417,G,T,-,-,-,-,-,-,SCV002322927,-,-
1596082,single nucleotide variant,NM_000525.4(KCNJ11):c.222C>A (p.Ile74=),3767,KCNJ11,HGNC:6257,Likely benign,0,"Aug 17, 2021",1016748766,-,RCV002072730,MedGen:C3661900,not provided,germline,germline,GRCh38,NC_000011.10,11,17387870,17387870,na,na,11p15.1,"criteria provided, single submitter",1,-,N,ClinGen:CA218400077,2,1535627,17387870,G,T,-,-,-,-,-,-,SCV002322927,-,-
1596141,single nucleotide variant,NM_000352.6(ABCC8):c.1630+17C>T,6833,ABCC8,HGNC:59,Likely benign,0,"Mar 02, 2024",575209268,-,RCV002072744,MedGen:C3661900,not provided,germline,germline,GRCh37,NC_000011.9,11,17464250,17464250,na,na,11p15.1,"criteria provided, single submitter",1,-,N,ClinGen:CA218445638,2,1535687,17464250,G,A,-,-,-,-,-,-,SCV002322943,-,-
1596141,single nucleotide variant,NM_000352.6(ABCC8):c.1630+17C>T,6833,ABCC8,HGNC:59,Likely benign,0,"Mar 02, 2024",575209268,-,RCV002072744,MedGen:C3661900,not provided,germline,germline,GRCh38,NC_000011.10,11,17442703,17442703,na,na,11p15.1,"criteria provided, single submitter",1,-,N,ClinGen:CA218445638,2,1535687,17442703,G,A,-,-,-,-,-,-,SCV002322943,-,-
1597067,single nucleotide variant,NM_000352.6(ABCC8):c.3303A>G (p.Leu1101=),6833,ABCC8,HGNC:59,Likely benign,0,"Dec 21, 2025",760668370,-,RCV002166973,MedGen:C3661900,not provided,germline,germline,GRCh37,NC_000011.9,11,17428195,17428195,na,na,11p15.1,"criteria provided, single submitter",1,-,N,ClinGen:CA5902875,2,1537474,17428195,T,C,-,-,-,-,-,-,SCV002332196,-,-
1597067,single nucleotide variant,NM_000352.6(ABCC8):c.3303A>G (p.Leu1101=),6833,ABCC8,HGNC:59,Likely benign,0,"Dec 21, 2025",760668370,-,RCV002166973,MedGen:C3661900,not provided,germline,germline,GRCh38,NC_000011.10,11,17406648,17406648,na,na,11p15.1,"criteria provided, single submitter",1,-,N,ClinGen:CA5902875,2,1537474,17406648,T,C,-,-,-,-,-,-,SCV002332196,-,-
1597068,single nucleotide variant,NM_000352.6(ABCC8):c.3870C>T (p.Val1290=),6833,ABCC8,HGNC:59,Likely benign,0,"Feb 26, 2021",2133409188,-,RCV002159354,MedGen:C3661900,not provided,germline,germline,GRCh37,NC_000011.9,11,17418858,17418858,na,na,11p15.1,"criteria provided, single submitter",1,-,N,ClinGen:CA473298740,2,1537475,17418858,G,A,-,-,-,-,-,-,SCV002332522,-,-
1597068,single nucleotide variant,NM_000352.6(ABCC8):c.3870C>T (p.Val1290=),6833,ABCC8,HGNC:59,Likely benign,0,"Feb 26, 2021",2133409188,-,RCV002159354,MedGen:C3661900,not provided,germline,germline,GRCh38,NC_000011.10,11,17397311,17397311,na,na,11p15.1,"criteria provided, single submitter",1,-,N,ClinGen:CA473298740,2,1537475,17397311,G,A,-,-,-,-,-,-,SCV002332522,-,-
1597125,single nucleotide variant,NM_000352.6(ABCC8):c.4198+9T>C,6833,ABCC8,HGNC:59,Likely benign,0,"Mar 25, 2021",2133402113,-,RCV002204496,MedGen:C3661900,not provided,germline,germline,GRCh37,NC_000011.9,11,17417390,17417390,na,na,11p15.1,"criteria provided, single submitter",1,-,N,ClinGen:CA2573146247,2,1674947,17417390,A,G,-,-,-,-,-,-,SCV002491829,-,-
1597125,single nucleotide variant,NM_000352.6(ABCC8):c.4198+9T>C,6833,ABCC8,HGNC:59,Likely benign,0,"Mar 25, 2021",2133402113,-,RCV002204496,MedGen:C3661900,not provided,germline,germline,GRCh38,NC_000011.10,11,17395843,17395843,na,na,11p15.1,"criteria provided, single submitter",1,-,N,ClinGen:CA2573146247,2,1674947,17395843,A,G,-,-,-,-,-,-,SCV002491829,-,-
1597379,single nucleotide variant,NM_000352.6(ABCC8):c.413-8C>T,6833,ABCC8,HGNC:59,Likely benign,0,"Apr 26, 2023",756765109,-,RCV002114669,MedGen:C3661900,not provided,germline,germline,GRCh37,NC_000011.9,11,17485159,17485159,na,na,11p15.1,"criteria provided, single submitter",1,-,N,ClinGen:CA597669355,2,1631576,17485159,G,A,-,-,-,-,-,-,SCV002444499,-,-
1597379,single nucleotide variant,NM_000352.6(ABCC8):c.413-8C>T,6833,ABCC8,HGNC:59,Likely benign,0,"Apr 26, 2023",756765109,-,RCV002114669,MedGen:C3661900,not provided,germline,germline,GRCh38,NC_000011.10,11,17463612,17463612,na,na,11p15.1,"criteria provided, single submitter",1,-,N,ClinGen:CA597669355,2,1631576,17463612,G,A,-,-,-,-,-,-,SCV002444499,-,-
1597534,single nucleotide variant,NM_000352.6(ABCC8):c.2223-10G>T,6833,ABCC8,HGNC:59,Likely benign,0,"Feb 14, 2023",2133488204,-,RCV002114791,MedGen:C3661900,not provided,germline,germline,GRCh37,NC_000011.9,11,17438519,17438519,na,na,11p15.1,"criteria provided, single submitter",1,-,N,ClinGen:CA2573146146,2,1631731,17438519,C,A,-,-,-,-,-,-,SCV002444546,-,-
1597534,single nucleotide variant,NM_000352.6(ABCC8):c.2223-10G>T,6833,ABCC8,HGNC:59,Likely benign,0,"Feb 14, 2023",2133488204,-,RCV002114791,MedGen:C3661900,not provided,germline,germline,GRCh38,NC_000011.10,11,17416972,17416972,na,na,11p15.1,"criteria provided, single submitter",1,-,N,ClinGen:CA2573146146,2,1631731,17416972,C,A,-,-,-,-,-,-,SCV002444546,-,-
1597763,single nucleotide variant,NM_000352.6(ABCC8):c.2061G>C (p.Thr687=),6833,ABCC8,HGNC:59,Likely benign,0,"Aug 23, 2021",1236747090,-,RCV002162221,MedGen:C3661900,not provided,germline,germline,GRCh37,NC_000011.9,11,17449469,17449469,na,na,11p15.1,"criteria provided, single submitter",1,-,N,ClinGen:CA473302637,2,1538882,17449469,C,G,-,-,-,-,-,-,SCV002340774,-,-
1597763,single nucleotide variant,NM_000352.6(ABCC8):c.2061G>C (p.Thr687=),6833,ABCC8,HGNC:59,Likely benign,0,"Aug 23, 2021",1236747090,-,RCV002162221,MedGen:C3661900,not provided,germline,germline,GRCh38,NC_000011.10,11,17427922,17427922,na,na,11p15.1,"criteria provided, single submitter",1,-,N,ClinGen:CA473302637,2,1538882,17427922,C,G,-,-,-,-,-,-,SCV002340774,-,-
1597846,single nucleotide variant,NM_000352.6(ABCC8):c.795G>T (p.Arg265=),6833,ABCC8,HGNC:59,Likely benign,0,"Apr 06, 2023",1386314454,-,RCV002176775|RCV002494031,"MedGen:C3661900|MONDO:MONDO:0012480,MedGen:C1835887,OMIM:610374,Orphanet:99886;MONDO:MONDO:0009415,MedGen:C0271714,OMIM:240800;MONDO:MONDO:0009734,MedGen:C2931832,OMIM:256450,Orphanet:276575,Orphanet:276598;Human Phenotype Ontology:HP:0005965,Human Phenotype Ontology:HP:0005978,Human Phenotype Ontology:HP:0100652,MONDO:MONDO:0005148,MeSH:D003924,MedGen:C0011860,OMIM:125853;MONDO:MONDO:0030088,MedGen:C5394303,OMIM:618857","not provided|Diabetes mellitus, transient neonatal, 2;Leucine-induced hypoglycemia;Hyperinsulinemic hypoglycemia, familial, 1;Type 2 diabetes mellitus;Diabetes mellitus, permanent neonatal 3",germline;unknown,germline,GRCh37,NC_000011.9,11,17483157,17483157,na,na,11p15.1,"criteria provided, multiple submitters, no conflicts",2,-,N,ClinGen:CA473516277,2,1538965,17483157,C,A,-,-,-,-,-,-,SCV002332742|SCV002802773,-,-
1597846,single nucleotide variant,NM_000352.6(ABCC8):c.795G>T (p.Arg265=),6833,ABCC8,HGNC:59,Likely benign,0,"Apr 06, 2023",1386314454,-,RCV002176775|RCV002494031,"MedGen:C3661900|MONDO:MONDO:0012480,MedGen:C1835887,OMIM:610374,Orphanet:99886;MONDO:MONDO:0009415,MedGen:C0271714,OMIM:240800;MONDO:MONDO:0009734,MedGen:C2931832,OMIM:256450,Orphanet:276575,Orphanet:276598;Human Phenotype Ontology:HP:0005965,Human Phenotype Ontology:HP:0005978,Human Phenotype Ontology:HP:0100652,MONDO:MONDO:0005148,MeSH:D003924,MedGen:C0011860,OMIM:125853;MONDO:MONDO:0030088,MedGen:C5394303,OMIM:618857","not provided|Diabetes mellitus, transient neonatal, 2;Leucine-induced hypoglycemia;Hyperinsulinemic hypoglycemia, familial, 1;Type 2 diabetes mellitus;Diabetes mellitus, permanent neonatal 3",germline;unknown,germline,GRCh38,NC_000011.10,11,17461610,17461610,na,na,11p15.1,"criteria provided, multiple submitters, no conflicts",2,-,N,ClinGen:CA473516277,2,1538965,17461610,C,A,-,-,-,-,-,-,SCV002332742|SCV002802773,-,-
1597878,single nucleotide variant,NM_000525.4(KCNJ11):c.495C>T (p.Gly165=),3767,KCNJ11,HGNC:6257,Likely benign,0,"Mar 08, 2021",2133380191,-,RCV002162270,MedGen:C3661900,not provided,germline,germline,GRCh37,NC_000011.9,11,17409144,17409144,na,na,11p15.1,"criteria provided, single submitter",1,-,N,ClinGen:CA473515518,2,1538997,17409144,G,A,-,-,-,-,-,-,SCV002335310,-,-
1597878,single nucleotide variant,NM_000525.4(KCNJ11):c.495C>T (p.Gly165=),3767,KCNJ11,HGNC:6257,Likely benign,0,"Mar 08, 2021",2133380191,-,RCV002162270,MedGen:C3661900,not provided,germline,germline,GRCh38,NC_000011.10,11,17387597,17387597,na,na,11p15.1,"criteria provided, single submitter",1,-,N,ClinGen:CA473515518,2,1538997,17387597,G,A,-,-,-,-,-,-,SCV002335310,-,-
1598708,single nucleotide variant,NM_000525.4(KCNJ11):c.102C>G (p.Arg34=),3767,KCNJ11,HGNC:6257,Likely benign,0,"Mar 13, 2021",1953592016,-,RCV002172134,MedGen:C3661900,not provided,germline,germline,GRCh37,NC_000011.9,11,17409537,17409537,na,na,11p15.1,"criteria provided, single submitter",1,-,N,ClinGen:CA473516051,2,1540692,17409537,G,C,-,-,-,-,-,-,SCV002334159,-,-
1598708,single nucleotide variant,NM_000525.4(KCNJ11):c.102C>G (p.Arg34=),3767,KCNJ11,HGNC:6257,Likely benign,0,"Mar 13, 2021",1953592016,-,RCV002172134,MedGen:C3661900,not provided,germline,germline,GRCh38,NC_000011.10,11,17387990,17387990,na,na,11p15.1,"criteria provided, single submitter",1,-,N,ClinGen:CA473516051,2,1540692,17387990,G,C,-,-,-,-,-,-,SCV002334159,-,-
1598897,single nucleotide variant,NM_000525.4(KCNJ11):c.238C>T (p.Leu80=),3767,KCNJ11,HGNC:6257,Likely benign,0,"Oct 04, 2021",2133380682,-,RCV002143602,MedGen:C3661900,not provided,germline,germline,GRCh37,NC_000011.9,11,17409401,17409401,na,na,11p15.1,"criteria provided, single submitter",1,-,N,ClinGen:CA473515828,2,1644999,17409401,G,A,-,-,-,-,-,-,SCV002467016,-,-
1598897,single nucleotide variant,NM_000525.4(KCNJ11):c.238C>T (p.Leu80=),3767,KCNJ11,HGNC:6257,Likely benign,0,"Oct 04, 2021",2133380682,-,RCV002143602,MedGen:C3661900,not provided,germline,germline,GRCh38,NC_000011.10,11,17387854,17387854,na,na,11p15.1,"criteria provided, single submitter",1,-,N,ClinGen:CA473515828,2,1644999,17387854,G,A,-,-,-,-,-,-,SCV002467016,-,-
1599711,single nucleotide variant,NM_000352.6(ABCC8):c.519G>C (p.Gly173=),6833,ABCC8,HGNC:59,Likely benign,0,"Aug 07, 2023",759354601,-,RCV002136614,MedGen:C3661900,not provided,germline,germline,GRCh37,NC_000011.9,11,17485045,17485045,na,na,11p15.1,"criteria provided, single submitter",1,-,N,ClinGen:CA5903851,2,1646687,17485045,C,G,-,-,-,-,-,-,SCV002463778,-,-
1599711,single nucleotide variant,NM_000352.6(ABCC8):c.519G>C (p.Gly173=),6833,ABCC8,HGNC:59,Likely benign,0,"Aug 07, 2023",759354601,-,RCV002136614,MedGen:C3661900,not provided,germline,germline,GRCh38,NC_000011.10,11,17463498,17463498,na,na,11p15.1,"criteria provided, single submitter",1,-,N,ClinGen:CA5903851,2,1646687,17463498,C,G,-,-,-,-,-,-,SCV002463778,-,-
1600047,single nucleotide variant,NM_000352.6(ABCC8):c.3642G>A (p.Arg1214=),6833,ABCC8,HGNC:59,Likely benign,0,"May 19, 2023",2133430175,-,RCV002138897,MedGen:C3661900,not provided,germline,germline,GRCh37,NC_000011.9,11,17424216,17424216,na,na,11p15.1,"criteria provided, single submitter",1,-,N,ClinGen:CA473299420,2,1647024,17424216,C,T,-,-,-,-,-,-,SCV002463052,-,-
1600047,single nucleotide variant,NM_000352.6(ABCC8):c.3642G>A (p.Arg1214=),6833,ABCC8,HGNC:59,Likely benign,0,"May 19, 2023",2133430175,-,RCV002138897,MedGen:C3661900,not provided,germline,germline,GRCh38,NC_000011.10,11,17402669,17402669,na,na,11p15.1,"criteria provided, single submitter",1,-,N,ClinGen:CA473299420,2,1647024,17402669,C,T,-,-,-,-,-,-,SCV002463052,-,-
1600084,single nucleotide variant,NM_000352.6(ABCC8):c.1924-7C>T,6833,ABCC8,HGNC:59,Likely benign,0,"Jan 19, 2024",1318035035,-,RCV002153560,MedGen:C3661900,not provided,germline,germline,GRCh37,NC_000011.9,11,17449959,17449959,na,na,11p15.1,"criteria provided, single submitter",1,-,N,ClinGen:CA674221290,2,1647061,17449959,G,A,-,-,-,-,-,-,SCV002467891,-,-
1600084,single nucleotide variant,NM_000352.6(ABCC8):c.1924-7C>T,6833,ABCC8,HGNC:59,Likely benign,0,"Jan 19, 2024",1318035035,-,RCV002153560,MedGen:C3661900,not provided,germline,germline,GRCh38,NC_000011.10,11,17428412,17428412,na,na,11p15.1,"criteria provided, single submitter",1,-,N,ClinGen:CA674221290,2,1647061,17428412,G,A,-,-,-,-,-,-,SCV002467891,-,-
1600923,single nucleotide variant,NM_000352.6(ABCC8):c.1630+10C>A,6833,ABCC8,HGNC:59,Likely benign,0,"Nov 06, 2020",188075767,-,RCV002141357,MedGen:C3661900,not provided,germline,germline,GRCh37,NC_000011.9,11,17464257,17464257,na,na,11p15.1,"criteria provided, single submitter",1,-,N,ClinGen:CA2573146089,2,1648771,17464257,G,T,-,-,-,-,-,-,SCV002464111,-,-
1600923,single nucleotide variant,NM_000352.6(ABCC8):c.1630+10C>A,6833,ABCC8,HGNC:59,Likely benign,0,"Nov 06, 2020",188075767,-,RCV002141357,MedGen:C3661900,not provided,germline,germline,GRCh38,NC_000011.10,11,17442710,17442710,na,na,11p15.1,"criteria provided, single submitter",1,-,N,ClinGen:CA2573146089,2,1648771,17442710,G,T,-,-,-,-,-,-,SCV002464111,-,-
1601407,single nucleotide variant,NM_000352.6(ABCC8):c.2557-6G>T,6833,ABCC8,HGNC:59,Likely benign,0,"Jun 27, 2023",2133461636,-,RCV002168545,MedGen:C3661900,not provided,germline,germline,GRCh37,NC_000011.9,11,17432206,17432206,na,na,11p15.1,"criteria provided, single submitter",1,-,N,ClinGen:CA2573146149,2,1612324,17432206,C,A,-,-,-,-,-,-,SCV002426664,-,-
1601407,single nucleotide variant,NM_000352.6(ABCC8):c.2557-6G>T,6833,ABCC8,HGNC:59,Likely benign,0,"Jun 27, 2023",2133461636,-,RCV002168545,MedGen:C3661900,not provided,germline,germline,GRCh38,NC_000011.10,11,17410659,17410659,na,na,11p15.1,"criteria provided, single submitter",1,-,N,ClinGen:CA2573146149,2,1612324,17410659,C,A,-,-,-,-,-,-,SCV002426664,-,-
1602084,single nucleotide variant,NM_000352.6(ABCC8):c.1815G>T (p.Val605=),6833,ABCC8,HGNC:59,Likely benign,0,"Apr 17, 2021",2133548914,-,RCV002148971,MedGen:C3661900,not provided,germline,germline,GRCh37,NC_000011.9,11,17452363,17452363,na,na,11p15.1,"criteria provided, single submitter",1,-,N,ClinGen:CA473302761,2,1650372,17452363,C,A,-,-,-,-,-,-,SCV002464972,-,-
1602084,single nucleotide variant,NM_000352.6(ABCC8):c.1815G>T (p.Val605=),6833,ABCC8,HGNC:59,Likely benign,0,"Apr 17, 2021",2133548914,-,RCV002148971,MedGen:C3661900,not provided,germline,germline,GRCh38,NC_000011.10,11,17430816,17430816,na,na,11p15.1,"criteria provided, single submitter",1,-,N,ClinGen:CA473302761,2,1650372,17430816,C,A,-,-,-,-,-,-,SCV002464972,-,-
1602302,single nucleotide variant,NM_000352.6(ABCC8):c.303C>A (p.Ser101=),6833,ABCC8,HGNC:59,Likely benign,0,"Jan 14, 2023",767866154,-,RCV002117442,MedGen:C3661900,not provided,germline,germline,GRCh37,NC_000011.9,11,17491757,17491757,na,na,11p15.1,"criteria provided, single submitter",1,-,N,ClinGen:CA5903912,2,1596706,17491757,G,T,-,-,-,-,-,-,SCV002408464,-,-
1602302,single nucleotide variant,NM_000352.6(ABCC8):c.303C>A (p.Ser101=),6833,ABCC8,HGNC:59,Likely benign,0,"Jan 14, 2023",767866154,-,RCV002117442,MedGen:C3661900,not provided,germline,germline,GRCh38,NC_000011.10,11,17470210,17470210,na,na,11p15.1,"criteria provided, single submitter",1,-,N,ClinGen:CA5903912,2,1596706,17470210,G,T,-,-,-,-,-,-,SCV002408464,-,-
1602639,single nucleotide variant,NM_000525.4(KCNJ11):c.798A>G (p.Pro266=),3767,KCNJ11,HGNC:6257,Likely benign,0,"Oct 13, 2023",376027906,-,RCV002105690,MedGen:C3661900,not provided,germline,germline,GRCh37,NC_000011.9,11,17408841,17408841,na,na,11p15.1,"criteria provided, single submitter",1,-,N,ClinGen:CA5902246,2,1597044,17408841,T,C,-,-,-,-,-,-,SCV002404661,-,-
1602639,single nucleotide variant,NM_000525.4(KCNJ11):c.798A>G (p.Pro266=),3767,KCNJ11,HGNC:6257,Likely benign,0,"Oct 13, 2023",376027906,-,RCV002105690,MedGen:C3661900,not provided,germline,germline,GRCh38,NC_000011.10,11,17387294,17387294,na,na,11p15.1,"criteria provided, single submitter",1,-,N,ClinGen:CA5902246,2,1597044,17387294,T,C,-,-,-,-,-,-,SCV002404661,-,-
1602780,single nucleotide variant,NM_000352.6(ABCC8):c.87C>T (p.Asp29=),6833,ABCC8,HGNC:59,Likely benign,0,"Sep 03, 2023",1166883099,-,RCV002194287,MedGen:C3661900,not provided,germline,germline,GRCh37,NC_000011.9,11,17498237,17498237,na,na,11p15.1,"criteria provided, single submitter",1,-,N,ClinGen:CA473302237,2,1668894,17498237,G,A,-,-,-,-,-,-,SCV002489585,-,-
1602780,single nucleotide variant,NM_000352.6(ABCC8):c.87C>T (p.Asp29=),6833,ABCC8,HGNC:59,Likely benign,0,"Sep 03, 2023",1166883099,-,RCV002194287,MedGen:C3661900,not provided,germline,germline,GRCh38,NC_000011.10,11,17476690,17476690,na,na,11p15.1,"criteria provided, single submitter",1,-,N,ClinGen:CA473302237,2,1668894,17476690,G,A,-,-,-,-,-,-,SCV002489585,-,-
1603770,single nucleotide variant,NM_000352.6(ABCC8):c.1631-4G>A,6833,ABCC8,HGNC:59,Likely benign,0,"Jan 11, 2024",2133554706,-,RCV002218938,MedGen:C3661900,not provided,germline,germline,GRCh37,NC_000011.9,11,17453795,17453795,na,na,11p15.1,"criteria provided, single submitter",1,-,N,ClinGen:CA2573146147,2,1569222,17453795,C,T,-,-,-,-,-,-,SCV002365709,-,-
1603770,single nucleotide variant,NM_000352.6(ABCC8):c.1631-4G>A,6833,ABCC8,HGNC:59,Likely benign,0,"Jan 11, 2024",2133554706,-,RCV002218938,MedGen:C3661900,not provided,germline,germline,GRCh38,NC_000011.10,11,17432248,17432248,na,na,11p15.1,"criteria provided, single submitter",1,-,N,ClinGen:CA2573146147,2,1569222,17432248,C,T,-,-,-,-,-,-,SCV002365709,-,-
1607050,single nucleotide variant,NM_000352.6(ABCC8):c.48G>A (p.Arg16=),6833,ABCC8,HGNC:59,Likely benign,0,"Oct 08, 2023",750383415,-,RCV002108998|RCV002337336,"MedGen:C3661900|MeSH:D030342,MedGen:C0950123",not provided|Inborn genetic diseases,germline,germline,GRCh37,NC_000011.9,11,17498276,17498276,na,na,11p15.1,"criteria provided, multiple submitters, no conflicts",2,-,N,ClinGen:CA5903996,2,1625490,17498276,C,T,-,-,-,-,-,-,SCV002436187|SCV002636879,-,-
1607050,single nucleotide variant,NM_000352.6(ABCC8):c.48G>A (p.Arg16=),6833,ABCC8,HGNC:59,Likely benign,0,"Oct 08, 2023",750383415,-,RCV002108998|RCV002337336,"MedGen:C3661900|MeSH:D030342,MedGen:C0950123",not provided|Inborn genetic diseases,germline,germline,GRCh38,NC_000011.10,11,17476729,17476729,na,na,11p15.1,"criteria provided, multiple submitters, no conflicts",2,-,N,ClinGen:CA5903996,2,1625490,17476729,C,T,-,-,-,-,-,-,SCV002436187|SCV002636879,-,-
1608196,single nucleotide variant,NM_000352.6(ABCC8):c.3021C>T (p.Ala1007=),6833,ABCC8,HGNC:59,Likely benign,0,"Sep 17, 2025",556199509,-,RCV002178930|RCV006287615,"MedGen:C3661900|MeSH:D030342,MedGen:C0950123",not provided|Inborn genetic diseases,germline,germline,GRCh37,NC_000011.9,11,17428576,17428576,na,na,11p15.1,"criteria provided, multiple submitters, no conflicts",2,-,N,ClinGen:CA5902940,2,1661835,17428576,G,A,-,-,-,-,-,-,SCV002472779|SCV007157036,-,-
1608196,single nucleotide variant,NM_000352.6(ABCC8):c.3021C>T (p.Ala1007=),6833,ABCC8,HGNC:59,Likely benign,0,"Sep 17, 2025",556199509,-,RCV002178930|RCV006287615,"MedGen:C3661900|MeSH:D030342,MedGen:C0950123",not provided|Inborn genetic diseases,germline,germline,GRCh38,NC_000011.10,11,17407029,17407029,na,na,11p15.1,"criteria provided, multiple submitters, no conflicts",2,-,N,ClinGen:CA5902940,2,1661835,17407029,G,A,-,-,-,-,-,-,SCV002472779|SCV007157036,-,-
1608291,single nucleotide variant,NM_000525.4(KCNJ11):c.873G>A (p.Val291=),3767,KCNJ11,HGNC:6257,Likely benign,0,"Oct 03, 2021",2133379304,-,RCV002200416,MedGen:C3661900,not provided,germline,germline,GRCh37,NC_000011.9,11,17408766,17408766,na,na,11p15.1,"criteria provided, single submitter",1,-,N,ClinGen:CA473515379,2,1561752,17408766,C,T,-,-,-,-,-,-,SCV002357967,-,-
1608291,single nucleotide variant,NM_000525.4(KCNJ11):c.873G>A (p.Val291=),3767,KCNJ11,HGNC:6257,Likely benign,0,"Oct 03, 2021",2133379304,-,RCV002200416,MedGen:C3661900,not provided,germline,germline,GRCh38,NC_000011.10,11,17387219,17387219,na,na,11p15.1,"criteria provided, single submitter",1,-,N,ClinGen:CA473515379,2,1561752,17387219,C,T,-,-,-,-,-,-,SCV002357967,-,-
1608339,single nucleotide variant,NM_000525.4(KCNJ11):c.864A>G (p.Glu288=),3767,KCNJ11,HGNC:6257,Likely benign,0,"May 27, 2021",2133379341,-,RCV002212086,MedGen:C3661900,not provided,germline,germline,GRCh37,NC_000011.9,11,17408775,17408775,na,na,11p15.1,"criteria provided, single submitter",1,-,N,ClinGen:CA473515386,2,1561800,17408775,T,C,-,-,-,-,-,-,SCV002351640,-,-
1608339,single nucleotide variant,NM_000525.4(KCNJ11):c.864A>G (p.Glu288=),3767,KCNJ11,HGNC:6257,Likely benign,0,"May 27, 2021",2133379341,-,RCV002212086,MedGen:C3661900,not provided,germline,germline,GRCh38,NC_000011.10,11,17387228,17387228,na,na,11p15.1,"criteria provided, single submitter",1,-,N,ClinGen:CA473515386,2,1561800,17387228,T,C,-,-,-,-,-,-,SCV002351640,-,-
1609227,single nucleotide variant,NM_000352.6(ABCC8):c.1465C>T (p.Leu489=),6833,ABCC8,HGNC:59,Likely benign,0,"Jan 19, 2026",374289323,-,RCV002179331,MedGen:C3661900,not provided,germline,germline,GRCh37,NC_000011.9,11,17464727,17464727,na,na,11p15.1,"criteria provided, single submitter",1,-,N,ClinGen:CA5903579,2,1540825,17464727,G,A,-,-,-,-,-,-,SCV002334379,-,-
1609227,single nucleotide variant,NM_000352.6(ABCC8):c.1465C>T (p.Leu489=),6833,ABCC8,HGNC:59,Likely benign,0,"Jan 19, 2026",374289323,-,RCV002179331,MedGen:C3661900,not provided,germline,germline,GRCh38,NC_000011.10,11,17443180,17443180,na,na,11p15.1,"criteria provided, single submitter",1,-,N,ClinGen:CA5903579,2,1540825,17443180,G,A,-,-,-,-,-,-,SCV002334379,-,-
1611277,single nucleotide variant,NM_000352.6(ABCC8):c.3795C>T (p.Thr1265=),6833,ABCC8,HGNC:59,Likely benign,0,"Dec 09, 2025",572134560,-,RCV002141661,MedGen:C3661900,not provided,germline,germline,GRCh37,NC_000011.9,11,17419303,17419303,na,na,11p15.1,"criteria provided, single submitter",1,-,N,ClinGen:CA218410581,2,1602938,17419303,G,A,-,-,-,-,-,-,SCV002417140,-,-
1611277,single nucleotide variant,NM_000352.6(ABCC8):c.3795C>T (p.Thr1265=),6833,ABCC8,HGNC:59,Likely benign,0,"Dec 09, 2025",572134560,-,RCV002141661,MedGen:C3661900,not provided,germline,germline,GRCh38,NC_000011.10,11,17397756,17397756,na,na,11p15.1,"criteria provided, single submitter",1,-,N,ClinGen:CA218410581,2,1602938,17397756,G,A,-,-,-,-,-,-,SCV002417140,-,-
1611771,single nucleotide variant,NM_000352.6(ABCC8):c.291-5C>T,6833,ABCC8,HGNC:59,Conflicting classifications of pathogenicity,0,"Mar 07, 2024",2133711631,-,RCV002172817|RCV005042711,"MedGen:C3661900|MONDO:MONDO:0012480,MedGen:C1835887,OMIM:610374,Orphanet:99886;MONDO:MONDO:0009415,MedGen:C0271714,OMIM:240800;MONDO:MONDO:0009734,MedGen:C2931832,OMIM:256450,Orphanet:276575,Orphanet:276598;Human Phenotype Ontology:HP:0005965,Human Phenotype Ontology:HP:0005978,Human Phenotype Ontology:HP:0100652,MONDO:MONDO:0005148,MeSH:D003924,MedGen:C0011860,OMIM:125853;MONDO:MONDO:0030088,MedGen:C5394303,OMIM:618857","not provided|Diabetes mellitus, transient neonatal, 2;Leucine-induced hypoglycemia;Hyperinsulinemic hypoglycemia, familial, 1;Type 2 diabetes mellitus;Diabetes mellitus, permanent neonatal 3",germline,germline,GRCh37,NC_000011.9,11,17491774,17491774,na,na,11p15.1,"criteria provided, conflicting classifications",2,-,N,ClinGen:CA2573146165,2,1544233,17491774,G,A,-,-,-,-,-,-,SCV002339989|SCV005676119,-,-
1611771,single nucleotide variant,NM_000352.6(ABCC8):c.291-5C>T,6833,ABCC8,HGNC:59,Conflicting classifications of pathogenicity,0,"Mar 07, 2024",2133711631,-,RCV002172817|RCV005042711,"MedGen:C3661900|MONDO:MONDO:0012480,MedGen:C1835887,OMIM:610374,Orphanet:99886;MONDO:MONDO:0009415,MedGen:C0271714,OMIM:240800;MONDO:MONDO:0009734,MedGen:C2931832,OMIM:256450,Orphanet:276575,Orphanet:276598;Human Phenotype Ontology:HP:0005965,Human Phenotype Ontology:HP:0005978,Human Phenotype Ontology:HP:0100652,MONDO:MONDO:0005148,MeSH:D003924,MedGen:C0011860,OMIM:125853;MONDO:MONDO:0030088,MedGen:C5394303,OMIM:618857","not provided|Diabetes mellitus, transient neonatal, 2;Leucine-induced hypoglycemia;Hyperinsulinemic hypoglycemia, familial, 1;Type 2 diabetes mellitus;Diabetes mellitus, permanent neonatal 3",germline,germline,GRCh38,NC_000011.10,11,17470227,17470227,na,na,11p15.1,"criteria provided, conflicting classifications",2,-,N,ClinGen:CA2573146165,2,1544233,17470227,G,A,-,-,-,-,-,-,SCV002339989|SCV005676119,-,-
1612559,single nucleotide variant,NM_000352.6(ABCC8):c.282G>A (p.Leu94=),6833,ABCC8,HGNC:59,Likely benign,0,"Mar 29, 2021",757467422,-,RCV002174774,MedGen:C3661900,not provided,germline,germline,GRCh37,NC_000011.9,11,17496441,17496441,na,na,11p15.1,"criteria provided, single submitter",1,-,N,ClinGen:CA473301919,2,1545887,17496441,C,T,-,-,-,-,-,-,SCV002343751,-,-
1612559,single nucleotide variant,NM_000352.6(ABCC8):c.282G>A (p.Leu94=),6833,ABCC8,HGNC:59,Likely benign,0,"Mar 29, 2021",757467422,-,RCV002174774,MedGen:C3661900,not provided,germline,germline,GRCh38,NC_000011.10,11,17474894,17474894,na,na,11p15.1,"criteria provided, single submitter",1,-,N,ClinGen:CA473301919,2,1545887,17474894,C,T,-,-,-,-,-,-,SCV002343751,-,-
1612869,single nucleotide variant,NM_000352.6(ABCC8):c.762C>T (p.Pro254=),6833,ABCC8,HGNC:59,Likely benign,0,"Nov 17, 2021",2133679286,-,RCV002173807|RCV005608633,MedGen:C3661900|,not provided|Hereditary hyperinsulinism,germline,germline,GRCh37,NC_000011.9,11,17483190,17483190,na,na,11p15.1,"criteria provided, single submitter",2,-,N,ClinGen:CA473516298,2,1614282,17483190,G,A,-,-,-,-,-,-,SCV002424360,-,-
1612869,single nucleotide variant,NM_000352.6(ABCC8):c.762C>T (p.Pro254=),6833,ABCC8,HGNC:59,Likely benign,0,"Nov 17, 2021",2133679286,-,RCV002173807|RCV005608633,MedGen:C3661900|,not provided|Hereditary hyperinsulinism,germline,germline,GRCh38,NC_000011.10,11,17461643,17461643,na,na,11p15.1,"criteria provided, single submitter",2,-,N,ClinGen:CA473516298,2,1614282,17461643,G,A,-,-,-,-,-,-,SCV002424360,-,-
1612917,single nucleotide variant,NM_000352.6(ABCC8):c.441C>T (p.Phe147=),6833,ABCC8,HGNC:59,Likely benign,0,"Oct 31, 2022",1847961858,-,RCV002073849,MedGen:C3661900,not provided,germline,germline,GRCh37,NC_000011.9,11,17485123,17485123,na,na,11p15.1,"criteria provided, single submitter",1,-,N,ClinGen:CA473301140,2,1614330,17485123,G,A,-,-,-,-,-,-,SCV002427604,-,-
1612917,single nucleotide variant,NM_000352.6(ABCC8):c.441C>T (p.Phe147=),6833,ABCC8,HGNC:59,Likely benign,0,"Oct 31, 2022",1847961858,-,RCV002073849,MedGen:C3661900,not provided,germline,germline,GRCh38,NC_000011.10,11,17463576,17463576,na,na,11p15.1,"criteria provided, single submitter",1,-,N,ClinGen:CA473301140,2,1614330,17463576,G,A,-,-,-,-,-,-,SCV002427604,-,-
1612963,single nucleotide variant,NM_000352.6(ABCC8):c.4350G>A (p.Leu1450=),6833,ABCC8,HGNC:59,Likely benign,0,"Nov 16, 2025",763277685,-,RCV002075922|RCV003161547,"MedGen:C3661900|MeSH:D030342,MedGen:C0950123",not provided|Inborn genetic diseases,germline,germline,GRCh37,NC_000011.9,11,17416780,17416780,na,na,11p15.1,"criteria provided, multiple submitters, no conflicts",2,-,N,ClinGen:CA5902489,2,1614376,17416780,C,T,-,-,-,-,-,-,SCV002428494|SCV003869054,-,-
1612963,single nucleotide variant,NM_000352.6(ABCC8):c.4350G>A (p.Leu1450=),6833,ABCC8,HGNC:59,Likely benign,0,"Nov 16, 2025",763277685,-,RCV002075922|RCV003161547,"MedGen:C3661900|MeSH:D030342,MedGen:C0950123",not provided|Inborn genetic diseases,germline,germline,GRCh38,NC_000011.10,11,17395233,17395233,na,na,11p15.1,"criteria provided, multiple submitters, no conflicts",2,-,N,ClinGen:CA5902489,2,1614376,17395233,C,T,-,-,-,-,-,-,SCV002428494|SCV003869054,-,-
1613671,single nucleotide variant,NM_000352.6(ABCC8):c.1665C>T (p.Val555=),6833,ABCC8,HGNC:59,Likely benign,0,"Jan 11, 2021",773212807,-,RCV002074791,MedGen:C3661900,not provided,germline,germline,GRCh37,NC_000011.9,11,17453757,17453757,na,na,11p15.1,"criteria provided, single submitter",1,-,N,ClinGen:CA473302972,2,1615951,17453757,G,A,-,-,-,-,-,-,SCV002428055,-,-
1613671,single nucleotide variant,NM_000352.6(ABCC8):c.1665C>T (p.Val555=),6833,ABCC8,HGNC:59,Likely benign,0,"Jan 11, 2021",773212807,-,RCV002074791,MedGen:C3661900,not provided,germline,germline,GRCh38,NC_000011.10,11,17432210,17432210,na,na,11p15.1,"criteria provided, single submitter",1,-,N,ClinGen:CA473302972,2,1615951,17432210,G,A,-,-,-,-,-,-,SCV002428055,-,-
1613800,single nucleotide variant,NM_000352.6(ABCC8):c.4155C>T (p.Ser1385=),6833,ABCC8,HGNC:59,Likely benign,0,"Nov 23, 2020",1007114942,-,RCV002084047,MedGen:C3661900,not provided,germline,germline,GRCh37,NC_000011.9,11,17417442,17417442,na,na,11p15.1,"criteria provided, single submitter",1,-,N,ClinGen:CA473298301,2,1616080,17417442,G,A,-,-,-,-,-,-,SCV002430863,-,-
1613800,single nucleotide variant,NM_000352.6(ABCC8):c.4155C>T (p.Ser1385=),6833,ABCC8,HGNC:59,Likely benign,0,"Nov 23, 2020",1007114942,-,RCV002084047,MedGen:C3661900,not provided,germline,germline,GRCh38,NC_000011.10,11,17395895,17395895,na,na,11p15.1,"criteria provided, single submitter",1,-,N,ClinGen:CA473298301,2,1616080,17395895,G,A,-,-,-,-,-,-,SCV002430863,-,-
1613881,single nucleotide variant,NM_000352.6(ABCC8):c.318G>A (p.Leu106=),6833,ABCC8,HGNC:59,Likely benign,0,"Nov 09, 2021",762615496,-,RCV002084103,MedGen:C3661900,not provided,germline,germline,GRCh37,NC_000011.9,11,17491742,17491742,na,na,11p15.1,"criteria provided, single submitter",1,-,N,ClinGen:CA5903908,2,1616161,17491742,C,T,-,-,-,-,-,-,SCV002430054,-,-
1613881,single nucleotide variant,NM_000352.6(ABCC8):c.318G>A (p.Leu106=),6833,ABCC8,HGNC:59,Likely benign,0,"Nov 09, 2021",762615496,-,RCV002084103,MedGen:C3661900,not provided,germline,germline,GRCh38,NC_000011.10,11,17470195,17470195,na,na,11p15.1,"criteria provided, single submitter",1,-,N,ClinGen:CA5903908,2,1616161,17470195,C,T,-,-,-,-,-,-,SCV002430054,-,-
1615016,single nucleotide variant,NM_000352.6(ABCC8):c.4224C>T (p.Asp1408=),6833,ABCC8,HGNC:59,Likely benign,0,"Jan 18, 2024",2133401318,-,RCV002082349,MedGen:C3661900,not provided,germline,germline,GRCh37,NC_000011.9,11,17417240,17417240,na,na,11p15.1,"criteria provided, single submitter",1,-,N,ClinGen:CA473298260,2,1619468,17417240,G,A,-,-,-,-,-,-,SCV002437151,-,-
1615016,single nucleotide variant,NM_000352.6(ABCC8):c.4224C>T (p.Asp1408=),6833,ABCC8,HGNC:59,Likely benign,0,"Jan 18, 2024",2133401318,-,RCV002082349,MedGen:C3661900,not provided,germline,germline,GRCh38,NC_000011.10,11,17395693,17395693,na,na,11p15.1,"criteria provided, single submitter",1,-,N,ClinGen:CA473298260,2,1619468,17395693,G,A,-,-,-,-,-,-,SCV002437151,-,-
1615067,single nucleotide variant,NM_000352.6(ABCC8):c.757C>T (p.Leu253=),6833,ABCC8,HGNC:59,Likely benign,0,"Dec 03, 2021",1191286588,-,RCV002088900,MedGen:C3661900,not provided,germline,germline,GRCh37,NC_000011.9,11,17483195,17483195,na,na,11p15.1,"criteria provided, single submitter",1,-,N,ClinGen:CA473516304,2,1619519,17483195,G,A,-,-,-,-,-,-,SCV002436527,-,-
1615067,single nucleotide variant,NM_000352.6(ABCC8):c.757C>T (p.Leu253=),6833,ABCC8,HGNC:59,Likely benign,0,"Dec 03, 2021",1191286588,-,RCV002088900,MedGen:C3661900,not provided,germline,germline,GRCh38,NC_000011.10,11,17461648,17461648,na,na,11p15.1,"criteria provided, single submitter",1,-,N,ClinGen:CA473516304,2,1619519,17461648,G,A,-,-,-,-,-,-,SCV002436527,-,-
1615887,single nucleotide variant,NM_000352.6(ABCC8):c.417G>A (p.Leu139=),6833,ABCC8,HGNC:59,Likely benign,0,"Oct 22, 2023",2133687795,-,RCV002166627,MedGen:C3661900,not provided,germline,germline,GRCh37,NC_000011.9,11,17485147,17485147,na,na,11p15.1,"criteria provided, single submitter",1,-,N,ClinGen:CA473301168,2,1655537,17485147,C,T,-,-,-,-,-,-,SCV002475123,-,-
1615887,single nucleotide variant,NM_000352.6(ABCC8):c.417G>A (p.Leu139=),6833,ABCC8,HGNC:59,Likely benign,0,"Oct 22, 2023",2133687795,-,RCV002166627,MedGen:C3661900,not provided,germline,germline,GRCh38,NC_000011.10,11,17463600,17463600,na,na,11p15.1,"criteria provided, single submitter",1,-,N,ClinGen:CA473301168,2,1655537,17463600,C,T,-,-,-,-,-,-,SCV002475123,-,-
1615910,single nucleotide variant,NM_000352.6(ABCC8):c.705C>T (p.Ala235=),6833,ABCC8,HGNC:59,Likely benign,0,"Aug 02, 2023",927085380,-,RCV002159017,MedGen:C3661900,not provided,germline,germline,GRCh37,NC_000011.9,11,17483247,17483247,na,na,11p15.1,"criteria provided, single submitter",1,-,N,ClinGen:CA218452057,2,1655560,17483247,G,A,-,-,-,-,-,-,SCV002479619,-,-
1615910,single nucleotide variant,NM_000352.6(ABCC8):c.705C>T (p.Ala235=),6833,ABCC8,HGNC:59,Likely benign,0,"Aug 02, 2023",927085380,-,RCV002159017,MedGen:C3661900,not provided,germline,germline,GRCh38,NC_000011.10,11,17461700,17461700,na,na,11p15.1,"criteria provided, single submitter",1,-,N,ClinGen:CA218452057,2,1655560,17461700,G,A,-,-,-,-,-,-,SCV002479619,-,-
1616243,single nucleotide variant,NM_000352.6(ABCC8):c.249C>T (p.Phe83=),6833,ABCC8,HGNC:59,Likely benign,0,"May 19, 2023",1463898525,-,RCV002120812,MedGen:C3661900,not provided,germline,germline,GRCh37,NC_000011.9,11,17496474,17496474,na,na,11p15.1,"criteria provided, single submitter",1,-,N,ClinGen:CA473301939,2,1627218,17496474,G,A,-,-,-,-,-,-,SCV002440191,-,-
1616243,single nucleotide variant,NM_000352.6(ABCC8):c.249C>T (p.Phe83=),6833,ABCC8,HGNC:59,Likely benign,0,"May 19, 2023",1463898525,-,RCV002120812,MedGen:C3661900,not provided,germline,germline,GRCh38,NC_000011.10,11,17474927,17474927,na,na,11p15.1,"criteria provided, single submitter",1,-,N,ClinGen:CA473301939,2,1627218,17474927,G,A,-,-,-,-,-,-,SCV002440191,-,-
1616636,single nucleotide variant,NM_000352.6(ABCC8):c.678C>T (p.Ser226=),6833,ABCC8,HGNC:59,Likely benign,0,"Jul 13, 2021",2133679955,-,RCV002210499,MedGen:C3661900,not provided,germline,germline,GRCh37,NC_000011.9,11,17483274,17483274,na,na,11p15.1,"criteria provided, single submitter",1,-,N,ClinGen:CA473516343,2,1672381,17483274,G,A,-,-,-,-,-,-,SCV002494405,-,-
1616636,single nucleotide variant,NM_000352.6(ABCC8):c.678C>T (p.Ser226=),6833,ABCC8,HGNC:59,Likely benign,0,"Jul 13, 2021",2133679955,-,RCV002210499,MedGen:C3661900,not provided,germline,germline,GRCh38,NC_000011.10,11,17461727,17461727,na,na,11p15.1,"criteria provided, single submitter",1,-,N,ClinGen:CA473516343,2,1672381,17461727,G,A,-,-,-,-,-,-,SCV002494405,-,-
1616859,single nucleotide variant,NM_000352.6(ABCC8):c.1716G>C (p.Ser572=),6833,ABCC8,HGNC:59,Likely benign,0,"Mar 18, 2021",750619309,-,RCV002210609,MedGen:C3661900,not provided,germline,germline,GRCh37,NC_000011.9,11,17452462,17452462,na,na,11p15.1,"criteria provided, single submitter",1,-,N,ClinGen:CA473302884,2,1672604,17452462,C,G,-,-,-,-,-,-,SCV002495271,-,-
1616859,single nucleotide variant,NM_000352.6(ABCC8):c.1716G>C (p.Ser572=),6833,ABCC8,HGNC:59,Likely benign,0,"Mar 18, 2021",750619309,-,RCV002210609,MedGen:C3661900,not provided,germline,germline,GRCh38,NC_000011.10,11,17430915,17430915,na,na,11p15.1,"criteria provided, single submitter",1,-,N,ClinGen:CA473302884,2,1672604,17430915,C,G,-,-,-,-,-,-,SCV002495271,-,-
1616860,single nucleotide variant,NM_000352.6(ABCC8):c.960C>T (p.Ile320=),6833,ABCC8,HGNC:59,Likely benign,0,"Jul 04, 2021",941342929,-,RCV002201766,MedGen:C3661900,not provided,germline,germline,GRCh37,NC_000011.9,11,17482086,17482086,na,na,11p15.1,"criteria provided, single submitter",1,-,N,ClinGen:CA473300524,2,1672605,17482086,G,A,-,-,-,-,-,-,SCV002494473,-,-
1616860,single nucleotide variant,NM_000352.6(ABCC8):c.960C>T (p.Ile320=),6833,ABCC8,HGNC:59,Likely benign,0,"Jul 04, 2021",941342929,-,RCV002201766,MedGen:C3661900,not provided,germline,germline,GRCh38,NC_000011.10,11,17460539,17460539,na,na,11p15.1,"criteria provided, single submitter",1,-,N,ClinGen:CA473300524,2,1672605,17460539,G,A,-,-,-,-,-,-,SCV002494473,-,-
1617593,single nucleotide variant,NM_000352.6(ABCC8):c.246C>T (p.Leu82=),6833,ABCC8,HGNC:59,Likely benign,0,"Mar 29, 2021",2133728642,-,RCV002125400,MedGen:C3661900,not provided,germline,germline,GRCh37,NC_000011.9,11,17496477,17496477,na,na,11p15.1,"criteria provided, single submitter",1,-,N,ClinGen:CA473301940,2,1629003,17496477,G,A,-,-,-,-,-,-,SCV002443465,-,-
1617593,single nucleotide variant,NM_000352.6(ABCC8):c.246C>T (p.Leu82=),6833,ABCC8,HGNC:59,Likely benign,0,"Mar 29, 2021",2133728642,-,RCV002125400,MedGen:C3661900,not provided,germline,germline,GRCh38,NC_000011.10,11,17474930,17474930,na,na,11p15.1,"criteria provided, single submitter",1,-,N,ClinGen:CA473301940,2,1629003,17474930,G,A,-,-,-,-,-,-,SCV002443465,-,-
1619354,single nucleotide variant,NM_000352.6(ABCC8):c.4521C>T (p.Ala1507=),6833,ABCC8,HGNC:59,Likely benign,0,"Apr 10, 2023",1391041542,-,RCV002167133,MedGen:C3661900,not provided,germline,germline,GRCh37,NC_000011.9,11,17415837,17415837,na,na,11p15.1,"criteria provided, single submitter",1,-,N,ClinGen:CA473298066,2,1538128,17415837,G,A,-,-,-,-,-,-,SCV002340327,-,-
1619354,single nucleotide variant,NM_000352.6(ABCC8):c.4521C>T (p.Ala1507=),6833,ABCC8,HGNC:59,Likely benign,0,"Apr 10, 2023",1391041542,-,RCV002167133,MedGen:C3661900,not provided,germline,germline,GRCh38,NC_000011.10,11,17394290,17394290,na,na,11p15.1,"criteria provided, single submitter",1,-,N,ClinGen:CA473298066,2,1538128,17394290,G,A,-,-,-,-,-,-,SCV002340327,-,-
1619541,single nucleotide variant,NM_000352.6(ABCC8):c.288T>C (p.Asp96=),6833,ABCC8,HGNC:59,Likely benign,0,"Jun 14, 2023",754396065,-,RCV002167195,MedGen:C3661900,not provided,germline,germline,GRCh37,NC_000011.9,11,17496435,17496435,na,na,11p15.1,"criteria provided, single submitter",1,-,N,ClinGen:CA5903933,2,1538315,17496435,A,G,-,-,-,-,-,-,SCV002339407,-,-
1619541,single nucleotide variant,NM_000352.6(ABCC8):c.288T>C (p.Asp96=),6833,ABCC8,HGNC:59,Likely benign,0,"Jun 14, 2023",754396065,-,RCV002167195,MedGen:C3661900,not provided,germline,germline,GRCh38,NC_000011.10,11,17474888,17474888,na,na,11p15.1,"criteria provided, single submitter",1,-,N,ClinGen:CA5903933,2,1538315,17474888,A,G,-,-,-,-,-,-,SCV002339407,-,-
1619926,single nucleotide variant,NM_000352.6(ABCC8):c.1719C>A (p.Pro573=),6833,ABCC8,HGNC:59,Likely benign,0,"Jun 02, 2021",2133549412,-,RCV002207099,MedGen:C3661900,not provided,germline,germline,GRCh37,NC_000011.9,11,17452459,17452459,na,na,11p15.1,"criteria provided, single submitter",1,-,N,ClinGen:CA473302883,2,1563422,17452459,G,T,-,-,-,-,-,-,SCV002364037,-,-
1619926,single nucleotide variant,NM_000352.6(ABCC8):c.1719C>A (p.Pro573=),6833,ABCC8,HGNC:59,Likely benign,0,"Jun 02, 2021",2133549412,-,RCV002207099,MedGen:C3661900,not provided,germline,germline,GRCh38,NC_000011.10,11,17430912,17430912,na,na,11p15.1,"criteria provided, single submitter",1,-,N,ClinGen:CA473302883,2,1563422,17430912,G,T,-,-,-,-,-,-,SCV002364037,-,-
1620018,single nucleotide variant,NM_000352.6(ABCC8):c.3903G>T (p.Leu1301=),6833,ABCC8,HGNC:59,Likely benign,0,"Sep 08, 2023",2133408961,-,RCV002207172|RCV005607113,MedGen:C3661900|,not provided|Hereditary hyperinsulinism,germline,germline,GRCh37,NC_000011.9,11,17418825,17418825,na,na,11p15.1,"criteria provided, single submitter",2,-,N,ClinGen:CA473298702,2,1563514,17418825,C,A,-,-,-,-,-,-,SCV002368418,-,-
1620018,single nucleotide variant,NM_000352.6(ABCC8):c.3903G>T (p.Leu1301=),6833,ABCC8,HGNC:59,Likely benign,0,"Sep 08, 2023",2133408961,-,RCV002207172|RCV005607113,MedGen:C3661900|,not provided|Hereditary hyperinsulinism,germline,germline,GRCh38,NC_000011.10,11,17397278,17397278,na,na,11p15.1,"criteria provided, single submitter",2,-,N,ClinGen:CA473298702,2,1563514,17397278,C,A,-,-,-,-,-,-,SCV002368418,-,-
1620254,single nucleotide variant,NM_000352.6(ABCC8):c.3989-4C>T,6833,ABCC8,HGNC:59,Likely benign,0,"Jun 03, 2021",2133407554,-,RCV002216460,MedGen:C3661900,not provided,germline,germline,GRCh37,NC_000011.9,11,17418597,17418597,na,na,11p15.1,"criteria provided, single submitter",1,-,N,ClinGen:CA2573146250,2,1563750,17418597,G,A,-,-,-,-,-,-,SCV002368888,-,-
1620254,single nucleotide variant,NM_000352.6(ABCC8):c.3989-4C>T,6833,ABCC8,HGNC:59,Likely benign,0,"Jun 03, 2021",2133407554,-,RCV002216460,MedGen:C3661900,not provided,germline,germline,GRCh38,NC_000011.10,11,17397050,17397050,na,na,11p15.1,"criteria provided, single submitter",1,-,N,ClinGen:CA2573146250,2,1563750,17397050,G,A,-,-,-,-,-,-,SCV002368888,-,-
1620934,single nucleotide variant,NM_000352.6(ABCC8):c.1257T>C (p.Asn419=),6833,ABCC8,HGNC:59,Likely benign,0,"Sep 12, 2022",773068195,-,RCV002203098,MedGen:C3661900,not provided,germline,germline,GRCh37,NC_000011.9,11,17470138,17470138,na,na,11p15.1,"criteria provided, single submitter",1,-,N,ClinGen:CA5903637,2,1665065,17470138,A,G,-,-,-,-,-,-,SCV002487355,-,-
1620934,single nucleotide variant,NM_000352.6(ABCC8):c.1257T>C (p.Asn419=),6833,ABCC8,HGNC:59,Likely benign,0,"Sep 12, 2022",773068195,-,RCV002203098,MedGen:C3661900,not provided,germline,germline,GRCh38,NC_000011.10,11,17448591,17448591,na,na,11p15.1,"criteria provided, single submitter",1,-,N,ClinGen:CA5903637,2,1665065,17448591,A,G,-,-,-,-,-,-,SCV002487355,-,-
1621040,single nucleotide variant,NM_000352.6(ABCC8):c.2208T>C (p.Ala736=),6833,ABCC8,HGNC:59,Likely benign,0,"Jun 06, 2021",2133531312,-,RCV002193591,MedGen:C3661900,not provided,germline,germline,GRCh37,NC_000011.9,11,17448610,17448610,na,na,11p15.1,"criteria provided, single submitter",1,-,N,ClinGen:CA473302352,2,1665171,17448610,A,G,-,-,-,-,-,-,SCV002481484,-,-
1621040,single nucleotide variant,NM_000352.6(ABCC8):c.2208T>C (p.Ala736=),6833,ABCC8,HGNC:59,Likely benign,0,"Jun 06, 2021",2133531312,-,RCV002193591,MedGen:C3661900,not provided,germline,germline,GRCh38,NC_000011.10,11,17427063,17427063,na,na,11p15.1,"criteria provided, single submitter",1,-,N,ClinGen:CA473302352,2,1665171,17427063,A,G,-,-,-,-,-,-,SCV002481484,-,-
1622081,single nucleotide variant,NM_000352.6(ABCC8):c.939C>T (p.Gly313=),6833,ABCC8,HGNC:59,Likely benign,0,"Jun 12, 2021",2133674606,-,RCV002184396,MedGen:C3661900,not provided,germline,germline,GRCh37,NC_000011.9,11,17482107,17482107,na,na,11p15.1,"criteria provided, single submitter",1,-,N,ClinGen:CA473300547,2,1666656,17482107,G,A,-,-,-,-,-,-,SCV002487578,-,-
1622081,single nucleotide variant,NM_000352.6(ABCC8):c.939C>T (p.Gly313=),6833,ABCC8,HGNC:59,Likely benign,0,"Jun 12, 2021",2133674606,-,RCV002184396,MedGen:C3661900,not provided,germline,germline,GRCh38,NC_000011.10,11,17460560,17460560,na,na,11p15.1,"criteria provided, single submitter",1,-,N,ClinGen:CA473300547,2,1666656,17460560,G,A,-,-,-,-,-,-,SCV002487578,-,-
1622391,single nucleotide variant,NM_000352.6(ABCC8):c.1212C>T (p.Thr404=),6833,ABCC8,HGNC:59,Likely benign,0,"Sep 08, 2023",138386829,-,RCV002186577,MedGen:C3661900,not provided,germline,germline,GRCh37,NC_000011.9,11,17470183,17470183,na,na,11p15.1,"criteria provided, single submitter",1,-,N,ClinGen:CA5903640,2,1666966,17470183,G,A,-,-,-,-,-,-,SCV002482559,-,-
1622391,single nucleotide variant,NM_000352.6(ABCC8):c.1212C>T (p.Thr404=),6833,ABCC8,HGNC:59,Likely benign,0,"Sep 08, 2023",138386829,-,RCV002186577,MedGen:C3661900,not provided,germline,germline,GRCh38,NC_000011.10,11,17448636,17448636,na,na,11p15.1,"criteria provided, single submitter",1,-,N,ClinGen:CA5903640,2,1666966,17448636,G,A,-,-,-,-,-,-,SCV002482559,-,-
1622569,single nucleotide variant,NM_000352.6(ABCC8):c.180C>T (p.Ile60=),6833,ABCC8,HGNC:59,Likely benign,0,"Jun 18, 2021",1213662930,-,RCV002214578,MedGen:C3661900,not provided,germline,germline,GRCh37,NC_000011.9,11,17496543,17496543,na,na,11p15.1,"criteria provided, single submitter",1,-,N,ClinGen:CA473301995,2,1566926,17496543,G,A,-,-,-,-,-,-,SCV002362574,-,-
1622569,single nucleotide variant,NM_000352.6(ABCC8):c.180C>T (p.Ile60=),6833,ABCC8,HGNC:59,Likely benign,0,"Jun 18, 2021",1213662930,-,RCV002214578,MedGen:C3661900,not provided,germline,germline,GRCh38,NC_000011.10,11,17474996,17474996,na,na,11p15.1,"criteria provided, single submitter",1,-,N,ClinGen:CA473301995,2,1566926,17474996,G,A,-,-,-,-,-,-,SCV002362574,-,-
1623042,single nucleotide variant,NM_000352.6(ABCC8):c.1788G>T (p.Val596=),6833,ABCC8,HGNC:59,Likely benign,0,"Jul 03, 2021",1371996539,-,RCV002170433|RCV002407346,"MedGen:C3661900|MeSH:D030342,MedGen:C0950123",not provided|Inborn genetic diseases,germline,germline,GRCh37,NC_000011.9,11,17452390,17452390,na,na,11p15.1,"criteria provided, multiple submitters, no conflicts",2,-,N,ClinGen:CA473302815,2,1545975,17452390,C,A,-,-,-,-,-,-,SCV002343918|SCV002716086,-,-
1623042,single nucleotide variant,NM_000352.6(ABCC8):c.1788G>T (p.Val596=),6833,ABCC8,HGNC:59,Likely benign,0,"Jul 03, 2021",1371996539,-,RCV002170433|RCV002407346,"MedGen:C3661900|MeSH:D030342,MedGen:C0950123",not provided|Inborn genetic diseases,germline,germline,GRCh38,NC_000011.10,11,17430843,17430843,na,na,11p15.1,"criteria provided, multiple submitters, no conflicts",2,-,N,ClinGen:CA473302815,2,1545975,17430843,C,A,-,-,-,-,-,-,SCV002343918|SCV002716086,-,-
1623676,single nucleotide variant,NM_000352.6(ABCC8):c.4092C>T (p.Val1364=),6833,ABCC8,HGNC:59,Likely benign,0,"Apr 18, 2023",150151029,-,RCV002157714,MedGen:C3661900,not provided,germline,germline,GRCh37,NC_000011.9,11,17418490,17418490,na,na,11p15.1,"criteria provided, single submitter",1,-,N,ClinGen:CA218409576,2,1604521,17418490,G,A,-,-,-,-,-,-,SCV002412054,-,-
1623676,single nucleotide variant,NM_000352.6(ABCC8):c.4092C>T (p.Val1364=),6833,ABCC8,HGNC:59,Likely benign,0,"Apr 18, 2023",150151029,-,RCV002157714,MedGen:C3661900,not provided,germline,germline,GRCh38,NC_000011.10,11,17396943,17396943,na,na,11p15.1,"criteria provided, single submitter",1,-,N,ClinGen:CA218409576,2,1604521,17396943,G,A,-,-,-,-,-,-,SCV002412054,-,-
1625275,single nucleotide variant,NM_000352.6(ABCC8):c.4199-9C>T,6833,ABCC8,HGNC:59,Likely benign,0,"Jul 15, 2021",1234950562,-,RCV002205988,MedGen:C3661900,not provided,germline,germline,GRCh37,NC_000011.9,11,17417274,17417274,na,na,11p15.1,"criteria provided, single submitter",1,-,N,ClinGen:CA597904410,2,1571952,17417274,G,A,-,-,-,-,-,-,SCV002376472,-,-
1625275,single nucleotide variant,NM_000352.6(ABCC8):c.4199-9C>T,6833,ABCC8,HGNC:59,Likely benign,0,"Jul 15, 2021",1234950562,-,RCV002205988,MedGen:C3661900,not provided,germline,germline,GRCh38,NC_000011.10,11,17395727,17395727,na,na,11p15.1,"criteria provided, single submitter",1,-,N,ClinGen:CA597904410,2,1571952,17395727,G,A,-,-,-,-,-,-,SCV002376472,-,-
1625411,single nucleotide variant,NM_000352.6(ABCC8):c.2979T>A (p.Ala993=),6833,ABCC8,HGNC:59,Likely benign,0,"Dec 30, 2023",2133448070,-,RCV002160273,MedGen:C3661900,not provided,germline,germline,GRCh37,NC_000011.9,11,17428618,17428618,na,na,11p15.1,"criteria provided, single submitter",1,-,N,ClinGen:CA473516055,2,1606271,17428618,A,T,-,-,-,-,-,-,SCV002420377,-,-
1625411,single nucleotide variant,NM_000352.6(ABCC8):c.2979T>A (p.Ala993=),6833,ABCC8,HGNC:59,Likely benign,0,"Dec 30, 2023",2133448070,-,RCV002160273,MedGen:C3661900,not provided,germline,germline,GRCh38,NC_000011.10,11,17407071,17407071,na,na,11p15.1,"criteria provided, single submitter",1,-,N,ClinGen:CA473516055,2,1606271,17407071,A,T,-,-,-,-,-,-,SCV002420377,-,-
1626506,single nucleotide variant,NM_000352.6(ABCC8):c.3696C>T (p.Ser1232=),6833,ABCC8,HGNC:59,Likely benign,0,"Apr 30, 2021",953395303,-,RCV002202055,MedGen:C3661900,not provided,germline,germline,GRCh37,NC_000011.9,11,17419943,17419943,na,na,11p15.1,"criteria provided, single submitter",1,-,N,ClinGen:CA473299017,2,1555632,17419943,G,A,-,-,-,-,-,-,SCV002352116,-,-
1626506,single nucleotide variant,NM_000352.6(ABCC8):c.3696C>T (p.Ser1232=),6833,ABCC8,HGNC:59,Likely benign,0,"Apr 30, 2021",953395303,-,RCV002202055,MedGen:C3661900,not provided,germline,germline,GRCh38,NC_000011.10,11,17398396,17398396,na,na,11p15.1,"criteria provided, single submitter",1,-,N,ClinGen:CA473299017,2,1555632,17398396,G,A,-,-,-,-,-,-,SCV002352116,-,-
1627268,single nucleotide variant,NM_000525.4(KCNJ11):c.477C>T (p.Ile159=),3767,KCNJ11,HGNC:6257,Likely benign,0,"Dec 14, 2023",1300114924,-,RCV002095319,MedGen:C3661900,not provided,germline,germline,GRCh37,NC_000011.9,11,17409162,17409162,na,na,11p15.1,"criteria provided, single submitter",1,-,N,ClinGen:CA473515529,2,1585333,17409162,G,A,-,-,-,-,-,-,SCV002385833,-,-
1627268,single nucleotide variant,NM_000525.4(KCNJ11):c.477C>T (p.Ile159=),3767,KCNJ11,HGNC:6257,Likely benign,0,"Dec 14, 2023",1300114924,-,RCV002095319,MedGen:C3661900,not provided,germline,germline,GRCh38,NC_000011.10,11,17387615,17387615,na,na,11p15.1,"criteria provided, single submitter",1,-,N,ClinGen:CA473515529,2,1585333,17387615,G,A,-,-,-,-,-,-,SCV002385833,-,-
1627403,single nucleotide variant,NM_000352.6(ABCC8):c.1692C>T (p.Ser564=),6833,ABCC8,HGNC:59,Likely benign,0,"Sep 17, 2023",777182988,-,RCV002108526,MedGen:C3661900,not provided,germline,germline,GRCh37,NC_000011.9,11,17452486,17452486,na,na,11p15.1,"criteria provided, single submitter",1,-,N,ClinGen:CA5903467,2,1622777,17452486,G,A,-,-,-,-,-,-,SCV002440663,-,-
1627403,single nucleotide variant,NM_000352.6(ABCC8):c.1692C>T (p.Ser564=),6833,ABCC8,HGNC:59,Likely benign,0,"Sep 17, 2023",777182988,-,RCV002108526,MedGen:C3661900,not provided,germline,germline,GRCh38,NC_000011.10,11,17430939,17430939,na,na,11p15.1,"criteria provided, single submitter",1,-,N,ClinGen:CA5903467,2,1622777,17430939,G,A,-,-,-,-,-,-,SCV002440663,-,-
1628132,single nucleotide variant,NM_000352.6(ABCC8):c.873C>G (p.Leu291=),6833,ABCC8,HGNC:59,Likely benign,0,"May 08, 2021",2133675101,-,RCV002197267,MedGen:C3661900,not provided,germline,germline,GRCh37,NC_000011.9,11,17482173,17482173,na,na,11p15.1,"criteria provided, single submitter",1,-,N,ClinGen:CA473300651,2,1557689,17482173,G,C,-,-,-,-,-,-,SCV002358456,-,-
1628132,single nucleotide variant,NM_000352.6(ABCC8):c.873C>G (p.Leu291=),6833,ABCC8,HGNC:59,Likely benign,0,"May 08, 2021",2133675101,-,RCV002197267,MedGen:C3661900,not provided,germline,germline,GRCh38,NC_000011.10,11,17460626,17460626,na,na,11p15.1,"criteria provided, single submitter",1,-,N,ClinGen:CA473300651,2,1557689,17460626,G,C,-,-,-,-,-,-,SCV002358456,-,-
1628616,single nucleotide variant,NM_000352.6(ABCC8):c.2921-4G>T,6833,ABCC8,HGNC:59,Likely benign,0,"May 15, 2023",762652829,-,RCV002164384,MedGen:C3661900,not provided,germline,germline,GRCh37,NC_000011.9,11,17428680,17428680,na,na,11p15.1,"criteria provided, single submitter",1,-,N,ClinGen:CA5902970,2,1657452,17428680,C,A,-,-,-,-,-,-,SCV002477852,-,-
1628616,single nucleotide variant,NM_000352.6(ABCC8):c.2921-4G>T,6833,ABCC8,HGNC:59,Likely benign,0,"May 15, 2023",762652829,-,RCV002164384,MedGen:C3661900,not provided,germline,germline,GRCh38,NC_000011.10,11,17407133,17407133,na,na,11p15.1,"criteria provided, single submitter",1,-,N,ClinGen:CA5902970,2,1657452,17407133,C,A,-,-,-,-,-,-,SCV002477852,-,-
1629052,single nucleotide variant,NM_000352.6(ABCC8):c.3163-8C>T,6833,ABCC8,HGNC:59,Likely benign,0,"Dec 16, 2023",1489967666,-,RCV002104976,MedGen:C3661900,not provided,germline,germline,GRCh37,NC_000011.9,11,17428343,17428343,na,na,11p15.1,"criteria provided, single submitter",1,-,N,ClinGen:CA1955128553,2,1587112,17428343,G,A,-,-,-,-,-,-,SCV002389317,-,-
1629052,single nucleotide variant,NM_000352.6(ABCC8):c.3163-8C>T,6833,ABCC8,HGNC:59,Likely benign,0,"Dec 16, 2023",1489967666,-,RCV002104976,MedGen:C3661900,not provided,germline,germline,GRCh38,NC_000011.10,11,17406796,17406796,na,na,11p15.1,"criteria provided, single submitter",1,-,N,ClinGen:CA1955128553,2,1587112,17406796,G,A,-,-,-,-,-,-,SCV002389317,-,-
1629824,single nucleotide variant,NM_000352.6(ABCC8):c.3156C>T (p.Leu1052=),6833,ABCC8,HGNC:59,Likely benign,0,"Nov 22, 2023",145811577,-,RCV002202801,MedGen:C3661900,not provided,germline,germline,GRCh37,NC_000011.9,11,17428441,17428441,na,na,11p15.1,"criteria provided, single submitter",1,-,N,ClinGen:CA5902909,2,1559373,17428441,G,A,-,-,-,-,-,-,SCV002356813,-,-
1629824,single nucleotide variant,NM_000352.6(ABCC8):c.3156C>T (p.Leu1052=),6833,ABCC8,HGNC:59,Likely benign,0,"Nov 22, 2023",145811577,-,RCV002202801,MedGen:C3661900,not provided,germline,germline,GRCh38,NC_000011.10,11,17406894,17406894,na,na,11p15.1,"criteria provided, single submitter",1,-,N,ClinGen:CA5902909,2,1559373,17406894,G,A,-,-,-,-,-,-,SCV002356813,-,-
1630005,single nucleotide variant,NM_000525.4(KCNJ11):c.435C>T (p.Ala145=),3767,KCNJ11,HGNC:6257,Likely benign,0,"Oct 16, 2021",1489207595,-,RCV002154711|RCV004543701,MedGen:C3661900|,not provided|KCNJ11-related disorder,germline,germline,GRCh37,NC_000011.9,11,17409204,17409204,na,na,11p15.1,"criteria provided, single submitter",2,-,N,ClinGen:CA473515556,2,1539687,17409204,G,A,-,-,-,-,-,-,SCV002331270,-,-
1630005,single nucleotide variant,NM_000525.4(KCNJ11):c.435C>T (p.Ala145=),3767,KCNJ11,HGNC:6257,Likely benign,0,"Oct 16, 2021",1489207595,-,RCV002154711|RCV004543701,MedGen:C3661900|,not provided|KCNJ11-related disorder,germline,germline,GRCh38,NC_000011.10,11,17387657,17387657,na,na,11p15.1,"criteria provided, single submitter",2,-,N,ClinGen:CA473515556,2,1539687,17387657,G,A,-,-,-,-,-,-,SCV002331270,-,-
1630026,single nucleotide variant,NM_000352.6(ABCC8):c.4467C>T (p.Phe1489=),6833,ABCC8,HGNC:59,Likely benign,0,"Jan 09, 2024",1453693995,-,RCV002176953,MedGen:C3661900,not provided,germline,germline,GRCh37,NC_000011.9,11,17415891,17415891,na,na,11p15.1,"criteria provided, single submitter",1,-,N,ClinGen:CA473298096,2,1539708,17415891,G,A,-,-,-,-,-,-,SCV002340477,-,-
1630026,single nucleotide variant,NM_000352.6(ABCC8):c.4467C>T (p.Phe1489=),6833,ABCC8,HGNC:59,Likely benign,0,"Jan 09, 2024",1453693995,-,RCV002176953,MedGen:C3661900,not provided,germline,germline,GRCh38,NC_000011.10,11,17394344,17394344,na,na,11p15.1,"criteria provided, single submitter",1,-,N,ClinGen:CA473298096,2,1539708,17394344,G,A,-,-,-,-,-,-,SCV002340477,-,-
1632121,single nucleotide variant,NM_000352.6(ABCC8):c.1924-17C>T,6833,ABCC8,HGNC:59,Benign/Likely benign,0,"Jan 24, 2026",117189973,-,RCV002132451|RCV002486899|RCV003025438|RCV005239242|RCV005361965,"MedGen:C3661900|MONDO:MONDO:0009415,MedGen:C0271714,OMIM:240800;MONDO:MONDO:0012480,MedGen:C1835887,OMIM:610374,Orphanet:99886;MONDO:MONDO:0009734,MedGen:C2931832,OMIM:256450,Orphanet:276575,Orphanet:276598;Human Phenotype Ontology:HP:0005965,Human Phenotype Ontology:HP:0005978,Human Phenotype Ontology:HP:0100652,MONDO:MONDO:0005148,MeSH:D003924,MedGen:C0011860,OMIM:125853;MONDO:MONDO:0030088,MedGen:C5394303,OMIM:618857|MeSH:D030342,MedGen:C0950123|MedGen:CN169374|Human Phenotype Ontology:HP:0002092,Human Phenotype Ontology:HP:0006546,MONDO:MONDO:0015924,MeSH:D000081029,MedGen:C2973725,Orphanet:182090","not provided|Leucine-induced hypoglycemia;Diabetes mellitus, transient neonatal, 2;Hyperinsulinemic hypoglycemia, familial, 1;Type 2 diabetes mellitus;Diabetes mellitus, permanent neonatal 3|Inborn genetic diseases|not specified|Pulmonary arterial hypertension",germline;unknown,germline,GRCh37,NC_000011.9,11,17449969,17449969,na,na,11p15.1,"criteria provided, multiple submitters, no conflicts",8,-,N,ClinGen:CA5903382,2,1600562,17449969,G,A,-,-,-,-,-,-,SCV002409495|SCV002801220|SCV003737653|SCV004136032|SCV005323575|SCV005877237|SCV005883447|SCV005918943,-,-
1632121,single nucleotide variant,NM_000352.6(ABCC8):c.1924-17C>T,6833,ABCC8,HGNC:59,Benign/Likely benign,0,"Jan 24, 2026",117189973,-,RCV002132451|RCV002486899|RCV003025438|RCV005239242|RCV005361965,"MedGen:C3661900|MONDO:MONDO:0009415,MedGen:C0271714,OMIM:240800;MONDO:MONDO:0012480,MedGen:C1835887,OMIM:610374,Orphanet:99886;MONDO:MONDO:0009734,MedGen:C2931832,OMIM:256450,Orphanet:276575,Orphanet:276598;Human Phenotype Ontology:HP:0005965,Human Phenotype Ontology:HP:0005978,Human Phenotype Ontology:HP:0100652,MONDO:MONDO:0005148,MeSH:D003924,MedGen:C0011860,OMIM:125853;MONDO:MONDO:0030088,MedGen:C5394303,OMIM:618857|MeSH:D030342,MedGen:C0950123|MedGen:CN169374|Human Phenotype Ontology:HP:0002092,Human Phenotype Ontology:HP:0006546,MONDO:MONDO:0015924,MeSH:D000081029,MedGen:C2973725,Orphanet:182090","not provided|Leucine-induced hypoglycemia;Diabetes mellitus, transient neonatal, 2;Hyperinsulinemic hypoglycemia, familial, 1;Type 2 diabetes mellitus;Diabetes mellitus, permanent neonatal 3|Inborn genetic diseases|not specified|Pulmonary arterial hypertension",germline;unknown,germline,GRCh38,NC_000011.10,11,17428422,17428422,na,na,11p15.1,"criteria provided, multiple submitters, no conflicts",8,-,N,ClinGen:CA5903382,2,1600562,17428422,G,A,-,-,-,-,-,-,SCV002409495|SCV002801220|SCV003737653|SCV004136032|SCV005323575|SCV005877237|SCV005883447|SCV005918943,-,-
1632357,single nucleotide variant,NM_000352.6(ABCC8):c.4215T>C (p.Asp1405=),6833,ABCC8,HGNC:59,Likely benign,0,"Aug 07, 2021",2133401360,-,RCV002130608,MedGen:C3661900,not provided,germline,germline,GRCh37,NC_000011.9,11,17417249,17417249,na,na,11p15.1,"criteria provided, single submitter",1,-,N,ClinGen:CA473298266,2,1634270,17417249,A,G,-,-,-,-,-,-,SCV002443323,-,-
1632357,single nucleotide variant,NM_000352.6(ABCC8):c.4215T>C (p.Asp1405=),6833,ABCC8,HGNC:59,Likely benign,0,"Aug 07, 2021",2133401360,-,RCV002130608,MedGen:C3661900,not provided,germline,germline,GRCh38,NC_000011.10,11,17395702,17395702,na,na,11p15.1,"criteria provided, single submitter",1,-,N,ClinGen:CA473298266,2,1634270,17395702,A,G,-,-,-,-,-,-,SCV002443323,-,-
1632441,single nucleotide variant,NM_000352.6(ABCC8):c.2328A>G (p.Pro776=),6833,ABCC8,HGNC:59,Likely benign,0,"Jan 15, 2024",1954973238,-,RCV002130651,MedGen:C3661900,not provided,germline,germline,GRCh37,NC_000011.9,11,17436121,17436121,na,na,11p15.1,"criteria provided, single submitter",1,-,N,ClinGen:CA473301646,2,1634354,17436121,T,C,-,-,-,-,-,-,SCV002443345,-,-
1632441,single nucleotide variant,NM_000352.6(ABCC8):c.2328A>G (p.Pro776=),6833,ABCC8,HGNC:59,Likely benign,0,"Jan 15, 2024",1954973238,-,RCV002130651,MedGen:C3661900,not provided,germline,germline,GRCh38,NC_000011.10,11,17414574,17414574,na,na,11p15.1,"criteria provided, single submitter",1,-,N,ClinGen:CA473301646,2,1634354,17414574,T,C,-,-,-,-,-,-,SCV002443345,-,-
1632568,single nucleotide variant,NM_000352.6(ABCC8):c.895C>T (p.Leu299=),6833,ABCC8,HGNC:59,Likely benign,0,"Mar 23, 2021",2133674906,-,RCV002169876,MedGen:C3661900,not provided,germline,germline,GRCh37,NC_000011.9,11,17482151,17482151,na,na,11p15.1,"criteria provided, single submitter",1,-,N,ClinGen:CA473300607,2,1543111,17482151,G,A,-,-,-,-,-,-,SCV002336388,-,-
1632568,single nucleotide variant,NM_000352.6(ABCC8):c.895C>T (p.Leu299=),6833,ABCC8,HGNC:59,Likely benign,0,"Mar 23, 2021",2133674906,-,RCV002169876,MedGen:C3661900,not provided,germline,germline,GRCh38,NC_000011.10,11,17460604,17460604,na,na,11p15.1,"criteria provided, single submitter",1,-,N,ClinGen:CA473300607,2,1543111,17460604,G,A,-,-,-,-,-,-,SCV002336388,-,-
1632598,single nucleotide variant,NM_000352.6(ABCC8):c.3651-4C>T,6833,ABCC8,HGNC:59,Likely benign,0,"Jun 05, 2023",1954058406,-,RCV002169898,MedGen:C3661900,not provided,germline,germline,GRCh37,NC_000011.9,11,17419992,17419992,na,na,11p15.1,"criteria provided, single submitter",1,-,N,ClinGen:CA1955124658,2,1543141,17419992,G,A,-,-,-,-,-,-,SCV002335344,-,-
1632598,single nucleotide variant,NM_000352.6(ABCC8):c.3651-4C>T,6833,ABCC8,HGNC:59,Likely benign,0,"Jun 05, 2023",1954058406,-,RCV002169898,MedGen:C3661900,not provided,germline,germline,GRCh38,NC_000011.10,11,17398445,17398445,na,na,11p15.1,"criteria provided, single submitter",1,-,N,ClinGen:CA1955124658,2,1543141,17398445,G,A,-,-,-,-,-,-,SCV002335344,-,-
1633880,single nucleotide variant,NM_000352.6(ABCC8):c.3765T>A (p.Gly1255=),6833,ABCC8,HGNC:59,Likely benign,0,"Nov 12, 2024",775699878,-,RCV002191905|RCV002496124,"MedGen:C3661900|MONDO:MONDO:0012480,MedGen:C1835887,OMIM:610374,Orphanet:99886;MONDO:MONDO:0009734,MedGen:C2931832,OMIM:256450,Orphanet:276575,Orphanet:276598;Human Phenotype Ontology:HP:0005965,Human Phenotype Ontology:HP:0005978,Human Phenotype Ontology:HP:0100652,MONDO:MONDO:0005148,MeSH:D003924,MedGen:C0011860,OMIM:125853;MONDO:MONDO:0030088,MedGen:C5394303,OMIM:618857;MONDO:MONDO:0009415,MedGen:C0271714,OMIM:240800","not provided|Diabetes mellitus, transient neonatal, 2;Hyperinsulinemic hypoglycemia, familial, 1;Type 2 diabetes mellitus;Diabetes mellitus, permanent neonatal 3;Leucine-induced hypoglycemia",germline;unknown,germline,GRCh37,NC_000011.9,11,17419333,17419333,na,na,11p15.1,"criteria provided, multiple submitters, no conflicts",2,-,N,ClinGen:CA473298933,2,1668506,17419333,A,T,-,-,-,-,-,-,SCV002490250|SCV002803471,-,-
1633880,single nucleotide variant,NM_000352.6(ABCC8):c.3765T>A (p.Gly1255=),6833,ABCC8,HGNC:59,Likely benign,0,"Nov 12, 2024",775699878,-,RCV002191905|RCV002496124,"MedGen:C3661900|MONDO:MONDO:0012480,MedGen:C1835887,OMIM:610374,Orphanet:99886;MONDO:MONDO:0009734,MedGen:C2931832,OMIM:256450,Orphanet:276575,Orphanet:276598;Human Phenotype Ontology:HP:0005965,Human Phenotype Ontology:HP:0005978,Human Phenotype Ontology:HP:0100652,MONDO:MONDO:0005148,MeSH:D003924,MedGen:C0011860,OMIM:125853;MONDO:MONDO:0030088,MedGen:C5394303,OMIM:618857;MONDO:MONDO:0009415,MedGen:C0271714,OMIM:240800","not provided|Diabetes mellitus, transient neonatal, 2;Hyperinsulinemic hypoglycemia, familial, 1;Type 2 diabetes mellitus;Diabetes mellitus, permanent neonatal 3;Leucine-induced hypoglycemia",germline;unknown,germline,GRCh38,NC_000011.10,11,17397786,17397786,na,na,11p15.1,"criteria provided, multiple submitters, no conflicts",2,-,N,ClinGen:CA473298933,2,1668506,17397786,A,T,-,-,-,-,-,-,SCV002490250|SCV002803471,-,-
1634412,single nucleotide variant,NM_000352.6(ABCC8):c.3495G>T (p.Val1165=),6833,ABCC8,HGNC:59,Likely benign,0,"Jun 27, 2021",1431596946,-,RCV002218627,MedGen:C3661900,not provided,germline,germline,GRCh37,NC_000011.9,11,17426121,17426121,na,na,11p15.1,"criteria provided, single submitter",1,-,N,ClinGen:CA473299660,2,1568811,17426121,C,A,-,-,-,-,-,-,SCV002369337,-,-
1634412,single nucleotide variant,NM_000352.6(ABCC8):c.3495G>T (p.Val1165=),6833,ABCC8,HGNC:59,Likely benign,0,"Jun 27, 2021",1431596946,-,RCV002218627,MedGen:C3661900,not provided,germline,germline,GRCh38,NC_000011.10,11,17404574,17404574,na,na,11p15.1,"criteria provided, single submitter",1,-,N,ClinGen:CA473299660,2,1568811,17404574,C,A,-,-,-,-,-,-,SCV002369337,-,-
1636379,single nucleotide variant,NM_000525.4(KCNJ11):c.1131G>A (p.Lys377=),3767,KCNJ11,HGNC:6257,Likely benign,0,"Jun 01, 2023",2133378688,-,RCV002120538,MedGen:C3661900,not provided,germline,germline,GRCh37,NC_000011.9,11,17408508,17408508,na,na,11p15.1,"criteria provided, single submitter",1,-,N,ClinGen:CA473514982,2,1626686,17408508,C,T,-,-,-,-,-,-,SCV002435321,-,-
1636379,single nucleotide variant,NM_000525.4(KCNJ11):c.1131G>A (p.Lys377=),3767,KCNJ11,HGNC:6257,Likely benign,0,"Jun 01, 2023",2133378688,-,RCV002120538,MedGen:C3661900,not provided,germline,germline,GRCh38,NC_000011.10,11,17386961,17386961,na,na,11p15.1,"criteria provided, single submitter",1,-,N,ClinGen:CA473514982,2,1626686,17386961,C,T,-,-,-,-,-,-,SCV002435321,-,-
1636400,single nucleotide variant,NM_000352.6(ABCC8):c.3486G>A (p.Val1162=),6833,ABCC8,HGNC:59,Likely benign,0,"Sep 14, 2023",151203959,-,RCV002120552,MedGen:C3661900,not provided,germline,germline,GRCh37,NC_000011.9,11,17426130,17426130,na,na,11p15.1,"criteria provided, single submitter",1,-,N,ClinGen:CA473299666,2,1626707,17426130,C,T,-,-,-,-,-,-,SCV002439665,-,-
1636400,single nucleotide variant,NM_000352.6(ABCC8):c.3486G>A (p.Val1162=),6833,ABCC8,HGNC:59,Likely benign,0,"Sep 14, 2023",151203959,-,RCV002120552,MedGen:C3661900,not provided,germline,germline,GRCh38,NC_000011.10,11,17404583,17404583,na,na,11p15.1,"criteria provided, single submitter",1,-,N,ClinGen:CA473299666,2,1626707,17404583,C,T,-,-,-,-,-,-,SCV002439665,-,-
1636981,single nucleotide variant,NM_000352.6(ABCC8):c.1177-53G>C,6833,ABCC8,HGNC:59,Likely benign,0,"Apr 14, 2021",2133617921,-,RCV002189417,MedGen:C3661900,not provided,germline,germline,GRCh37,NC_000011.9,11,17470271,17470271,na,na,11p15.1,"criteria provided, single submitter",1,-,N,ClinGen:CA2573146098,2,1549514,17470271,C,G,-,-,-,-,-,-,SCV002342942,-,-
1636981,single nucleotide variant,NM_000352.6(ABCC8):c.1177-53G>C,6833,ABCC8,HGNC:59,Likely benign,0,"Apr 14, 2021",2133617921,-,RCV002189417,MedGen:C3661900,not provided,germline,germline,GRCh38,NC_000011.10,11,17448724,17448724,na,na,11p15.1,"criteria provided, single submitter",1,-,N,ClinGen:CA2573146098,2,1549514,17448724,C,G,-,-,-,-,-,-,SCV002342942,-,-
1638051,single nucleotide variant,NM_000352.6(ABCC8):c.3135T>C (p.Pro1045=),6833,ABCC8,HGNC:59,Likely benign,0,"Apr 14, 2021",763608511,-,RCV002177822,MedGen:C3661900,not provided,germline,germline,GRCh37,NC_000011.9,11,17428462,17428462,na,na,11p15.1,"criteria provided, single submitter",1,-,N,ClinGen:CA473516119,2,1551014,17428462,A,G,-,-,-,-,-,-,SCV002346135,-,-
1638051,single nucleotide variant,NM_000352.6(ABCC8):c.3135T>C (p.Pro1045=),6833,ABCC8,HGNC:59,Likely benign,0,"Apr 14, 2021",763608511,-,RCV002177822,MedGen:C3661900,not provided,germline,germline,GRCh38,NC_000011.10,11,17406915,17406915,na,na,11p15.1,"criteria provided, single submitter",1,-,N,ClinGen:CA473516119,2,1551014,17406915,A,G,-,-,-,-,-,-,SCV002346135,-,-
1638804,single nucleotide variant,NM_000352.6(ABCC8):c.1776G>A (p.Leu592=),6833,ABCC8,HGNC:59,Likely benign,0,"Oct 09, 2021",2133549105,-,RCV002150192,MedGen:C3661900,not provided,germline,germline,GRCh37,NC_000011.9,11,17452402,17452402,na,na,11p15.1,"criteria provided, single submitter",1,-,N,ClinGen:CA473302835,2,1609291,17452402,C,T,-,-,-,-,-,-,SCV002418488,-,-
1638804,single nucleotide variant,NM_000352.6(ABCC8):c.1776G>A (p.Leu592=),6833,ABCC8,HGNC:59,Likely benign,0,"Oct 09, 2021",2133549105,-,RCV002150192,MedGen:C3661900,not provided,germline,germline,GRCh38,NC_000011.10,11,17430855,17430855,na,na,11p15.1,"criteria provided, single submitter",1,-,N,ClinGen:CA473302835,2,1609291,17430855,C,T,-,-,-,-,-,-,SCV002418488,-,-
1638831,single nucleotide variant,NM_000352.6(ABCC8):c.3345G>T (p.Thr1115=),6833,ABCC8,HGNC:59,Likely benign,0,"Oct 12, 2021",186634115,-,RCV002150211,MedGen:C3661900,not provided,germline,germline,GRCh37,NC_000011.9,11,17427095,17427095,na,na,11p15.1,"criteria provided, single submitter",1,-,N,ClinGen:CA473300128,2,1609318,17427095,C,A,-,-,-,-,-,-,SCV002411529,-,-
1638831,single nucleotide variant,NM_000352.6(ABCC8):c.3345G>T (p.Thr1115=),6833,ABCC8,HGNC:59,Likely benign,0,"Oct 12, 2021",186634115,-,RCV002150211,MedGen:C3661900,not provided,germline,germline,GRCh38,NC_000011.10,11,17405548,17405548,na,na,11p15.1,"criteria provided, single submitter",1,-,N,ClinGen:CA473300128,2,1609318,17405548,C,A,-,-,-,-,-,-,SCV002411529,-,-
1639541,single nucleotide variant,NM_000352.6(ABCC8):c.4488G>A (p.Val1496=),6833,ABCC8,HGNC:59,Likely benign,0,"Sep 03, 2022",2133394964,-,RCV002187300,MedGen:C3661900,not provided,germline,germline,GRCh37,NC_000011.9,11,17415870,17415870,na,na,11p15.1,"criteria provided, single submitter",1,-,N,ClinGen:CA473298083,2,1552936,17415870,C,T,-,-,-,-,-,-,SCV002343569,-,-
1639541,single nucleotide variant,NM_000352.6(ABCC8):c.4488G>A (p.Val1496=),6833,ABCC8,HGNC:59,Likely benign,0,"Sep 03, 2022",2133394964,-,RCV002187300,MedGen:C3661900,not provided,germline,germline,GRCh38,NC_000011.10,11,17394323,17394323,na,na,11p15.1,"criteria provided, single submitter",1,-,N,ClinGen:CA473298083,2,1552936,17394323,C,T,-,-,-,-,-,-,SCV002343569,-,-
1639941,single nucleotide variant,NM_000352.6(ABCC8):c.3465C>T (p.Val1155=),6833,ABCC8,HGNC:59,Likely benign,0,"Aug 29, 2021",368044193,-,RCV002087802,MedGen:C3661900,not provided,germline,germline,GRCh37,NC_000011.9,11,17426151,17426151,na,na,11p15.1,"criteria provided, single submitter",1,-,N,ClinGen:CA473299684,2,1577084,17426151,G,A,-,-,-,-,-,-,SCV002377381,-,-
1639941,single nucleotide variant,NM_000352.6(ABCC8):c.3465C>T (p.Val1155=),6833,ABCC8,HGNC:59,Likely benign,0,"Aug 29, 2021",368044193,-,RCV002087802,MedGen:C3661900,not provided,germline,germline,GRCh38,NC_000011.10,11,17404604,17404604,na,na,11p15.1,"criteria provided, single submitter",1,-,N,ClinGen:CA473299684,2,1577084,17404604,G,A,-,-,-,-,-,-,SCV002377381,-,-
1640232,single nucleotide variant,NM_000525.4(KCNJ11):c.606G>A (p.Val202=),3767,KCNJ11,HGNC:6257,Likely benign,0,"Sep 24, 2023",1483079859,-,RCV002147918,MedGen:C3661900,not provided,germline,germline,GRCh37,NC_000011.9,11,17409033,17409033,na,na,11p15.1,"criteria provided, single submitter",1,-,N,ClinGen:CA473515696,2,1611156,17409033,C,T,-,-,-,-,-,-,SCV002421504,-,-
1640232,single nucleotide variant,NM_000525.4(KCNJ11):c.606G>A (p.Val202=),3767,KCNJ11,HGNC:6257,Likely benign,0,"Sep 24, 2023",1483079859,-,RCV002147918,MedGen:C3661900,not provided,germline,germline,GRCh38,NC_000011.10,11,17387486,17387486,na,na,11p15.1,"criteria provided, single submitter",1,-,N,ClinGen:CA473515696,2,1611156,17387486,C,T,-,-,-,-,-,-,SCV002421504,-,-
1641277,single nucleotide variant,NM_000352.6(ABCC8):c.690C>T (p.Tyr230=),6833,ABCC8,HGNC:59,Likely benign,0,"Jul 25, 2021",1431845959,-,RCV002209293,MedGen:C3661900,not provided,germline,germline,GRCh37,NC_000011.9,11,17483262,17483262,na,na,11p15.1,"criteria provided, single submitter",1,-,N,ClinGen:CA473516335,2,1560869,17483262,G,A,-,-,-,-,-,-,SCV002360366,-,-
1641277,single nucleotide variant,NM_000352.6(ABCC8):c.690C>T (p.Tyr230=),6833,ABCC8,HGNC:59,Likely benign,0,"Jul 25, 2021",1431845959,-,RCV002209293,MedGen:C3661900,not provided,germline,germline,GRCh38,NC_000011.10,11,17461715,17461715,na,na,11p15.1,"criteria provided, single submitter",1,-,N,ClinGen:CA473516335,2,1560869,17461715,G,A,-,-,-,-,-,-,SCV002360366,-,-
1641648,single nucleotide variant,NM_000352.6(ABCC8):c.2061G>A (p.Thr687=),6833,ABCC8,HGNC:59,Likely benign,0,"Mar 10, 2024",1236747090,-,RCV002183873,MedGen:C3661900,not provided,germline,germline,GRCh37,NC_000011.9,11,17449469,17449469,na,na,11p15.1,"criteria provided, single submitter",1,-,N,ClinGen:CA473302638,2,1660546,17449469,C,T,-,-,-,-,-,-,SCV002477919,-,-
1641648,single nucleotide variant,NM_000352.6(ABCC8):c.2061G>A (p.Thr687=),6833,ABCC8,HGNC:59,Likely benign,0,"Mar 10, 2024",1236747090,-,RCV002183873,MedGen:C3661900,not provided,germline,germline,GRCh38,NC_000011.10,11,17427922,17427922,na,na,11p15.1,"criteria provided, single submitter",1,-,N,ClinGen:CA473302638,2,1660546,17427922,C,T,-,-,-,-,-,-,SCV002477919,-,-
1641805,single nucleotide variant,NM_000352.6(ABCC8):c.3192C>T (p.Ala1064=),6833,ABCC8,HGNC:59,Likely benign,0,"Dec 11, 2020",1361537195,-,RCV002184030,MedGen:C3661900,not provided,germline,germline,GRCh37,NC_000011.9,11,17428306,17428306,na,na,11p15.1,"criteria provided, single submitter",1,-,N,ClinGen:CA473515954,2,1660703,17428306,G,A,-,-,-,-,-,-,SCV002472291,-,-
1641805,single nucleotide variant,NM_000352.6(ABCC8):c.3192C>T (p.Ala1064=),6833,ABCC8,HGNC:59,Likely benign,0,"Dec 11, 2020",1361537195,-,RCV002184030,MedGen:C3661900,not provided,germline,germline,GRCh38,NC_000011.10,11,17406759,17406759,na,na,11p15.1,"criteria provided, single submitter",1,-,N,ClinGen:CA473515954,2,1660703,17406759,G,A,-,-,-,-,-,-,SCV002472291,-,-
1642663,single nucleotide variant,NM_000352.6(ABCC8):c.1755C>A (p.Ile585=),6833,ABCC8,HGNC:59,Likely benign,0,"Jul 29, 2025",753888897,-,RCV005926280|RCV002179157,MedGen:CN169374|MedGen:C3661900,not specified|not provided,germline,germline,GRCh37,NC_000011.9,11,17452423,17452423,na,na,11p15.1,"criteria provided, multiple submitters, no conflicts",2,-,N,ClinGen:CA5903460,2,1662439,17452423,G,T,-,-,-,-,-,-,SCV002489832|SCV007094616,-,-
1642663,single nucleotide variant,NM_000352.6(ABCC8):c.1755C>A (p.Ile585=),6833,ABCC8,HGNC:59,Likely benign,0,"Jul 29, 2025",753888897,-,RCV005926280|RCV002179157,MedGen:CN169374|MedGen:C3661900,not specified|not provided,germline,germline,GRCh38,NC_000011.10,11,17430876,17430876,na,na,11p15.1,"criteria provided, multiple submitters, no conflicts",2,-,N,ClinGen:CA5903460,2,1662439,17430876,G,T,-,-,-,-,-,-,SCV002489832|SCV007094616,-,-
1646366,single nucleotide variant,NM_000352.6(ABCC8):c.149-15T>G,6833,ABCC8,HGNC:59,Likely benign,0,"Sep 17, 2021",1469422468,-,RCV002217483,MedGen:C3661900,not provided,germline,germline,GRCh37,NC_000011.9,11,17496589,17496589,na,na,11p15.1,"criteria provided, single submitter",1,-,N,ClinGen:CA597670661,2,1571138,17496589,A,C,-,-,-,-,-,-,SCV002370597,-,-
1646366,single nucleotide variant,NM_000352.6(ABCC8):c.149-15T>G,6833,ABCC8,HGNC:59,Likely benign,0,"Sep 17, 2021",1469422468,-,RCV002217483,MedGen:C3661900,not provided,germline,germline,GRCh38,NC_000011.10,11,17475042,17475042,na,na,11p15.1,"criteria provided, single submitter",1,-,N,ClinGen:CA597670661,2,1571138,17475042,A,C,-,-,-,-,-,-,SCV002370597,-,-
1646734,single nucleotide variant,NM_000352.6(ABCC8):c.954G>C (p.Leu318=),6833,ABCC8,HGNC:59,Conflicting classifications of pathogenicity,0,"Nov 05, 2025",771014822,-,RCV002149847|RCV002259557|RCV002259556,"MedGen:C3661900|Human Phenotype Ontology:HP:0008255,MONDO:MONDO:0020525,MedGen:C0342273|Human Phenotype Ontology:HP:0004904,MONDO:MONDO:0018911,MedGen:C0342276,OMIM:PS125850,Orphanet:552",not provided|Transitory neonatal diabetes mellitus|Maturity-onset diabetes of the young,germline;unknown,germline,GRCh37,NC_000011.9,11,17482092,17482092,na,na,11p15.1,"criteria provided, conflicting classifications",2,-,N,ClinGen:CA5903718,2,1605682,17482092,C,G,-,-,-,-,-,-,SCV002420031|SCV002522567|SCV002522568,-,-
1646734,single nucleotide variant,NM_000352.6(ABCC8):c.954G>C (p.Leu318=),6833,ABCC8,HGNC:59,Conflicting classifications of pathogenicity,0,"Nov 05, 2025",771014822,-,RCV002149847|RCV002259557|RCV002259556,"MedGen:C3661900|Human Phenotype Ontology:HP:0008255,MONDO:MONDO:0020525,MedGen:C0342273|Human Phenotype Ontology:HP:0004904,MONDO:MONDO:0018911,MedGen:C0342276,OMIM:PS125850,Orphanet:552",not provided|Transitory neonatal diabetes mellitus|Maturity-onset diabetes of the young,germline;unknown,germline,GRCh38,NC_000011.10,11,17460545,17460545,na,na,11p15.1,"criteria provided, conflicting classifications",2,-,N,ClinGen:CA5903718,2,1605682,17460545,C,G,-,-,-,-,-,-,SCV002420031|SCV002522567|SCV002522568,-,-
1647628,single nucleotide variant,NM_000352.6(ABCC8):c.3933G>A (p.Val1311=),6833,ABCC8,HGNC:59,Likely benign,0,"Jun 04, 2021",2133408756,-,RCV002082843,MedGen:C3661900,not provided,germline,germline,GRCh37,NC_000011.9,11,17418795,17418795,na,na,11p15.1,"criteria provided, single submitter",1,-,N,ClinGen:CA473298662,2,1534060,17418795,C,T,-,-,-,-,-,-,SCV002326885,-,-
1647628,single nucleotide variant,NM_000352.6(ABCC8):c.3933G>A (p.Val1311=),6833,ABCC8,HGNC:59,Likely benign,0,"Jun 04, 2021",2133408756,-,RCV002082843,MedGen:C3661900,not provided,germline,germline,GRCh38,NC_000011.10,11,17397248,17397248,na,na,11p15.1,"criteria provided, single submitter",1,-,N,ClinGen:CA473298662,2,1534060,17397248,C,T,-,-,-,-,-,-,SCV002326885,-,-
1647726,single nucleotide variant,NM_000352.6(ABCC8):c.975C>T (p.Asp325=),6833,ABCC8,HGNC:59,Likely benign,0,"Apr 10, 2021",1752153530,-,RCV002082915,MedGen:C3661900,not provided,germline,germline,GRCh37,NC_000011.9,11,17482071,17482071,na,na,11p15.1,"criteria provided, single submitter",1,-,N,ClinGen:CA473300508,2,1534158,17482071,G,A,-,-,-,-,-,-,SCV002322887,-,-
1647726,single nucleotide variant,NM_000352.6(ABCC8):c.975C>T (p.Asp325=),6833,ABCC8,HGNC:59,Likely benign,0,"Apr 10, 2021",1752153530,-,RCV002082915,MedGen:C3661900,not provided,germline,germline,GRCh38,NC_000011.10,11,17460524,17460524,na,na,11p15.1,"criteria provided, single submitter",1,-,N,ClinGen:CA473300508,2,1534158,17460524,G,A,-,-,-,-,-,-,SCV002322887,-,-
1647797,single nucleotide variant,NM_000352.6(ABCC8):c.3330-8C>T,6833,ABCC8,HGNC:59,Likely benign,0,"Mar 12, 2022",765173606,-,RCV002076638,MedGen:C3661900,not provided,germline,germline,GRCh37,NC_000011.9,11,17427118,17427118,na,na,11p15.1,"criteria provided, single submitter",1,-,N,ClinGen:CA5902851,2,1534229,17427118,G,A,-,-,-,-,-,-,SCV002327823,-,-
1647797,single nucleotide variant,NM_000352.6(ABCC8):c.3330-8C>T,6833,ABCC8,HGNC:59,Likely benign,0,"Mar 12, 2022",765173606,-,RCV002076638,MedGen:C3661900,not provided,germline,germline,GRCh38,NC_000011.10,11,17405571,17405571,na,na,11p15.1,"criteria provided, single submitter",1,-,N,ClinGen:CA5902851,2,1534229,17405571,G,A,-,-,-,-,-,-,SCV002327823,-,-
1648097,single nucleotide variant,NM_000525.4(KCNJ11):c.1083C>T (p.Leu361=),3767,KCNJ11,HGNC:6257,Likely benign,0,"Sep 08, 2023",2133378861,-,RCV002123535,MedGen:C3661900,not provided,germline,germline,GRCh37,NC_000011.9,11,17408556,17408556,na,na,11p15.1,"criteria provided, single submitter",1,-,N,ClinGen:CA473515119,2,1628453,17408556,G,A,-,-,-,-,-,-,SCV002447688,-,-
1648097,single nucleotide variant,NM_000525.4(KCNJ11):c.1083C>T (p.Leu361=),3767,KCNJ11,HGNC:6257,Likely benign,0,"Sep 08, 2023",2133378861,-,RCV002123535,MedGen:C3661900,not provided,germline,germline,GRCh38,NC_000011.10,11,17387009,17387009,na,na,11p15.1,"criteria provided, single submitter",1,-,N,ClinGen:CA473515119,2,1628453,17387009,G,A,-,-,-,-,-,-,SCV002447688,-,-
1648614,single nucleotide variant,NM_000352.6(ABCC8):c.2625G>A (p.Leu875=),6833,ABCC8,HGNC:59,Likely benign,0,"Aug 12, 2021",2133461235,-,RCV002090163,MedGen:C3661900,not provided,germline,germline,GRCh37,NC_000011.9,11,17432132,17432132,na,na,11p15.1,"criteria provided, single submitter",1,-,N,ClinGen:CA473300966,2,1535910,17432132,C,T,-,-,-,-,-,-,SCV002330551,-,-
1648614,single nucleotide variant,NM_000352.6(ABCC8):c.2625G>A (p.Leu875=),6833,ABCC8,HGNC:59,Likely benign,0,"Aug 12, 2021",2133461235,-,RCV002090163,MedGen:C3661900,not provided,germline,germline,GRCh38,NC_000011.10,11,17410585,17410585,na,na,11p15.1,"criteria provided, single submitter",1,-,N,ClinGen:CA473300966,2,1535910,17410585,C,T,-,-,-,-,-,-,SCV002330551,-,-
1650039,single nucleotide variant,NM_000352.6(ABCC8):c.525G>C (p.Leu175=),6833,ABCC8,HGNC:59,Likely benign,0,"Jan 26, 2022",1847952465,-,RCV002159499,MedGen:C3661900,not provided,germline,germline,GRCh37,NC_000011.9,11,17485039,17485039,na,na,11p15.1,"criteria provided, single submitter",1,-,N,ClinGen:CA473301070,2,1537760,17485039,C,G,-,-,-,-,-,-,SCV002331589,-,-
1650039,single nucleotide variant,NM_000352.6(ABCC8):c.525G>C (p.Leu175=),6833,ABCC8,HGNC:59,Likely benign,0,"Jan 26, 2022",1847952465,-,RCV002159499,MedGen:C3661900,not provided,germline,germline,GRCh38,NC_000011.10,11,17463492,17463492,na,na,11p15.1,"criteria provided, single submitter",1,-,N,ClinGen:CA473301070,2,1537760,17463492,C,G,-,-,-,-,-,-,SCV002331589,-,-
1650253,single nucleotide variant,NM_000352.6(ABCC8):c.4308-10C>T,6833,ABCC8,HGNC:59,Likely benign,0,"Apr 14, 2022",2133398967,-,RCV002114942,MedGen:C3661900,not provided,germline,germline,GRCh37,NC_000011.9,11,17416832,17416832,na,na,11p15.1,"criteria provided, single submitter",1,-,N,ClinGen:CA2573146245,2,1631919,17416832,G,A,-,-,-,-,-,-,SCV002441440,-,-
1650253,single nucleotide variant,NM_000352.6(ABCC8):c.4308-10C>T,6833,ABCC8,HGNC:59,Likely benign,0,"Apr 14, 2022",2133398967,-,RCV002114942,MedGen:C3661900,not provided,germline,germline,GRCh38,NC_000011.10,11,17395285,17395285,na,na,11p15.1,"criteria provided, single submitter",1,-,N,ClinGen:CA2573146245,2,1631919,17395285,G,A,-,-,-,-,-,-,SCV002441440,-,-
1650831,single nucleotide variant,NM_000352.6(ABCC8):c.1563G>A (p.Arg521=),6833,ABCC8,HGNC:59,Likely benign,0,"Jun 21, 2023",1481558083,-,RCV002148021,MedGen:C3661900,not provided,germline,germline,GRCh37,NC_000011.9,11,17464334,17464334,na,na,11p15.1,"criteria provided, single submitter",1,-,N,ClinGen:CA473298473,2,1611368,17464334,C,T,-,-,-,-,-,-,SCV002422917,-,-
1650831,single nucleotide variant,NM_000352.6(ABCC8):c.1563G>A (p.Arg521=),6833,ABCC8,HGNC:59,Likely benign,0,"Jun 21, 2023",1481558083,-,RCV002148021,MedGen:C3661900,not provided,germline,germline,GRCh38,NC_000011.10,11,17442787,17442787,na,na,11p15.1,"criteria provided, single submitter",1,-,N,ClinGen:CA473298473,2,1611368,17442787,C,T,-,-,-,-,-,-,SCV002422917,-,-
1650840,single nucleotide variant,NM_000352.6(ABCC8):c.204C>T (p.Phe68=),6833,ABCC8,HGNC:59,Likely benign,0,"Jul 14, 2023",2133728998,-,RCV002165988,MedGen:C3661900,not provided,germline,germline,GRCh37,NC_000011.9,11,17496519,17496519,na,na,11p15.1,"criteria provided, single submitter",1,-,N,ClinGen:CA473301969,2,1611377,17496519,G,A,-,-,-,-,-,-,SCV002425289,-,-
1650840,single nucleotide variant,NM_000352.6(ABCC8):c.204C>T (p.Phe68=),6833,ABCC8,HGNC:59,Likely benign,0,"Jul 14, 2023",2133728998,-,RCV002165988,MedGen:C3661900,not provided,germline,germline,GRCh38,NC_000011.10,11,17474972,17474972,na,na,11p15.1,"criteria provided, single submitter",1,-,N,ClinGen:CA473301969,2,1611377,17474972,G,A,-,-,-,-,-,-,SCV002425289,-,-
1650843,single nucleotide variant,NM_000352.6(ABCC8):c.588C>A (p.Ile196=),6833,ABCC8,HGNC:59,Likely benign,0,"Oct 16, 2021",2133680708,-,RCV002165989,MedGen:C3661900,not provided,germline,germline,GRCh37,NC_000011.9,11,17483364,17483364,na,na,11p15.1,"criteria provided, single submitter",1,-,N,ClinGen:CA473516260,2,1611380,17483364,G,T,-,-,-,-,-,-,SCV002422920,-,-
1650843,single nucleotide variant,NM_000352.6(ABCC8):c.588C>A (p.Ile196=),6833,ABCC8,HGNC:59,Likely benign,0,"Oct 16, 2021",2133680708,-,RCV002165989,MedGen:C3661900,not provided,germline,germline,GRCh38,NC_000011.10,11,17461817,17461817,na,na,11p15.1,"criteria provided, single submitter",1,-,N,ClinGen:CA473516260,2,1611380,17461817,G,T,-,-,-,-,-,-,SCV002422920,-,-
1650908,single nucleotide variant,NM_000352.6(ABCC8):c.3027C>T (p.Ile1009=),6833,ABCC8,HGNC:59,Likely benign,0,"Jun 11, 2021",751662850,-,RCV002140385,MedGen:C3661900,not provided,germline,germline,GRCh37,NC_000011.9,11,17428570,17428570,na,na,11p15.1,"criteria provided, single submitter",1,-,N,ClinGen:CA5902938,2,1641865,17428570,G,A,-,-,-,-,-,-,SCV002458597,-,-
1650908,single nucleotide variant,NM_000352.6(ABCC8):c.3027C>T (p.Ile1009=),6833,ABCC8,HGNC:59,Likely benign,0,"Jun 11, 2021",751662850,-,RCV002140385,MedGen:C3661900,not provided,germline,germline,GRCh38,NC_000011.10,11,17407023,17407023,na,na,11p15.1,"criteria provided, single submitter",1,-,N,ClinGen:CA5902938,2,1641865,17407023,G,A,-,-,-,-,-,-,SCV002458597,-,-
1652458,single nucleotide variant,NM_000525.4(KCNJ11):c.918C>G (p.Ala306=),3767,KCNJ11,HGNC:6257,Likely benign,0,"Jan 11, 2024",377040874,-,RCV002083764,MedGen:C3661900,not provided,germline,germline,GRCh37,NC_000011.9,11,17408721,17408721,na,na,11p15.1,"criteria provided, single submitter",1,-,N,ClinGen:CA473515332,2,1578776,17408721,G,C,-,-,-,-,-,-,SCV002372724,-,-
1652458,single nucleotide variant,NM_000525.4(KCNJ11):c.918C>G (p.Ala306=),3767,KCNJ11,HGNC:6257,Likely benign,0,"Jan 11, 2024",377040874,-,RCV002083764,MedGen:C3661900,not provided,germline,germline,GRCh38,NC_000011.10,11,17387174,17387174,na,na,11p15.1,"criteria provided, single submitter",1,-,N,ClinGen:CA473515332,2,1578776,17387174,G,C,-,-,-,-,-,-,SCV002372724,-,-
1652914,single nucleotide variant,NM_000525.4(KCNJ11):c.699C>G (p.Leu233=),3767,KCNJ11,HGNC:6257,Likely benign,0,"Jan 16, 2022",1167669833,-,RCV002148605,MedGen:C3661900,not provided,germline,germline,GRCh37,NC_000011.9,11,17408940,17408940,na,na,11p15.1,"criteria provided, single submitter",1,-,N,ClinGen:CA473515611,2,1645615,17408940,G,C,-,-,-,-,-,-,SCV002467981,-,-
1652914,single nucleotide variant,NM_000525.4(KCNJ11):c.699C>G (p.Leu233=),3767,KCNJ11,HGNC:6257,Likely benign,0,"Jan 16, 2022",1167669833,-,RCV002148605,MedGen:C3661900,not provided,germline,germline,GRCh38,NC_000011.10,11,17387393,17387393,na,na,11p15.1,"criteria provided, single submitter",1,-,N,ClinGen:CA473515611,2,1645615,17387393,G,C,-,-,-,-,-,-,SCV002467981,-,-
1652994,single nucleotide variant,NM_000352.6(ABCC8):c.3237C>T (p.Leu1079=),6833,ABCC8,HGNC:59,Likely benign,0,"Dec 29, 2023",888495082,-,RCV002148647,MedGen:C3661900,not provided,germline,germline,GRCh37,NC_000011.9,11,17428261,17428261,na,na,11p15.1,"criteria provided, single submitter",1,-,N,ClinGen:CA218422499,2,1645695,17428261,G,A,-,-,-,-,-,-,SCV002463329,-,-
1652994,single nucleotide variant,NM_000352.6(ABCC8):c.3237C>T (p.Leu1079=),6833,ABCC8,HGNC:59,Likely benign,0,"Dec 29, 2023",888495082,-,RCV002148647,MedGen:C3661900,not provided,germline,germline,GRCh38,NC_000011.10,11,17406714,17406714,na,na,11p15.1,"criteria provided, single submitter",1,-,N,ClinGen:CA218422499,2,1645695,17406714,G,A,-,-,-,-,-,-,SCV002463329,-,-
1653212,single nucleotide variant,NM_000352.6(ABCC8):c.4593T>A (p.Thr1531=),6833,ABCC8,HGNC:59,Likely benign,0,"Jun 28, 2023",1591703934,-,RCV002085794,MedGen:C3661900,not provided,germline,germline,GRCh37,NC_000011.9,11,17415259,17415259,na,na,11p15.1,"criteria provided, single submitter",1,-,N,ClinGen:CA473298021,2,1580390,17415259,A,T,-,-,-,-,-,-,SCV002381909,-,-
1653212,single nucleotide variant,NM_000352.6(ABCC8):c.4593T>A (p.Thr1531=),6833,ABCC8,HGNC:59,Likely benign,0,"Jun 28, 2023",1591703934,-,RCV002085794,MedGen:C3661900,not provided,germline,germline,GRCh38,NC_000011.10,11,17393712,17393712,na,na,11p15.1,"criteria provided, single submitter",1,-,N,ClinGen:CA473298021,2,1580390,17393712,A,T,-,-,-,-,-,-,SCV002381909,-,-
1653237,single nucleotide variant,NM_000352.6(ABCC8):c.2232C>T (p.Asp744=),6833,ABCC8,HGNC:59,Likely benign,0,"Sep 12, 2023",1421469992,-,RCV002085807,MedGen:C3661900,not provided,germline,germline,GRCh37,NC_000011.9,11,17438500,17438500,na,na,11p15.1,"criteria provided, single submitter",1,-,N,ClinGen:CA473301904,2,1580415,17438500,G,A,-,-,-,-,-,-,SCV002381917,-,-
1653237,single nucleotide variant,NM_000352.6(ABCC8):c.2232C>T (p.Asp744=),6833,ABCC8,HGNC:59,Likely benign,0,"Sep 12, 2023",1421469992,-,RCV002085807,MedGen:C3661900,not provided,germline,germline,GRCh38,NC_000011.10,11,17416953,17416953,na,na,11p15.1,"criteria provided, single submitter",1,-,N,ClinGen:CA473301904,2,1580415,17416953,G,A,-,-,-,-,-,-,SCV002381917,-,-
1654087,single nucleotide variant,NM_000352.6(ABCC8):c.1470G>A (p.Glu490=),6833,ABCC8,HGNC:59,Likely benign,0,"Nov 16, 2021",1023614861,-,RCV002088770,MedGen:C3661900,not provided,germline,germline,GRCh37,NC_000011.9,11,17464427,17464427,na,na,11p15.1,"criteria provided, single submitter",1,-,N,ClinGen:CA218445815,2,1582126,17464427,C,T,-,-,-,-,-,-,SCV002382013,-,-
1654087,single nucleotide variant,NM_000352.6(ABCC8):c.1470G>A (p.Glu490=),6833,ABCC8,HGNC:59,Likely benign,0,"Nov 16, 2021",1023614861,-,RCV002088770,MedGen:C3661900,not provided,germline,germline,GRCh38,NC_000011.10,11,17442880,17442880,na,na,11p15.1,"criteria provided, single submitter",1,-,N,ClinGen:CA218445815,2,1582126,17442880,C,T,-,-,-,-,-,-,SCV002382013,-,-
1654320,single nucleotide variant,NM_000352.6(ABCC8):c.501A>G (p.Leu167=),6833,ABCC8,HGNC:59,Likely benign,0,"Aug 06, 2025",1426055182,-,RCV002190993|RCV005692472,"MedGen:C3661900|MeSH:D030342,MedGen:C0950123",not provided|Inborn genetic diseases,germline,germline,GRCh37,NC_000011.9,11,17485063,17485063,na,na,11p15.1,"criteria provided, multiple submitters, no conflicts",2,-,N,ClinGen:CA473301092,2,1664151,17485063,T,C,-,-,-,-,-,-,SCV002481022|SCV006382634,-,-
1654320,single nucleotide variant,NM_000352.6(ABCC8):c.501A>G (p.Leu167=),6833,ABCC8,HGNC:59,Likely benign,0,"Aug 06, 2025",1426055182,-,RCV002190993|RCV005692472,"MedGen:C3661900|MeSH:D030342,MedGen:C0950123",not provided|Inborn genetic diseases,germline,germline,GRCh38,NC_000011.10,11,17463516,17463516,na,na,11p15.1,"criteria provided, multiple submitters, no conflicts",2,-,N,ClinGen:CA473301092,2,1664151,17463516,T,C,-,-,-,-,-,-,SCV002481022|SCV006382634,-,-
1654466,single nucleotide variant,NM_000352.6(ABCC8):c.897G>A (p.Leu299=),6833,ABCC8,HGNC:59,Likely benign,0,"Sep 29, 2022",2133674894,-,RCV002191058,MedGen:C3661900,not provided,germline,germline,GRCh37,NC_000011.9,11,17482149,17482149,na,na,11p15.1,"criteria provided, single submitter",1,-,N,ClinGen:CA473300606,2,1664297,17482149,C,T,-,-,-,-,-,-,SCV002480881,-,-
1654466,single nucleotide variant,NM_000352.6(ABCC8):c.897G>A (p.Leu299=),6833,ABCC8,HGNC:59,Likely benign,0,"Sep 29, 2022",2133674894,-,RCV002191058,MedGen:C3661900,not provided,germline,germline,GRCh38,NC_000011.10,11,17460602,17460602,na,na,11p15.1,"criteria provided, single submitter",1,-,N,ClinGen:CA473300606,2,1664297,17460602,C,T,-,-,-,-,-,-,SCV002480881,-,-
1655725,single nucleotide variant,NM_000352.6(ABCC8):c.149-5T>C,6833,ABCC8,HGNC:59,Likely benign,0,"Dec 25, 2020",2133729391,-,RCV002184253,MedGen:C3661900,not provided,germline,germline,GRCh37,NC_000011.9,11,17496579,17496579,na,na,11p15.1,"criteria provided, single submitter",1,-,N,ClinGen:CA2573146092,2,1665996,17496579,A,G,-,-,-,-,-,-,SCV002489476,-,-
1655725,single nucleotide variant,NM_000352.6(ABCC8):c.149-5T>C,6833,ABCC8,HGNC:59,Likely benign,0,"Dec 25, 2020",2133729391,-,RCV002184253,MedGen:C3661900,not provided,germline,germline,GRCh38,NC_000011.10,11,17475032,17475032,na,na,11p15.1,"criteria provided, single submitter",1,-,N,ClinGen:CA2573146092,2,1665996,17475032,A,G,-,-,-,-,-,-,SCV002489476,-,-
1655851,single nucleotide variant,NM_000352.6(ABCC8):c.3375A>G (p.Ser1125=),6833,ABCC8,HGNC:59,Likely benign,0,"Dec 26, 2020",1954474434,-,RCV002184276,MedGen:C3661900,not provided,germline,germline,GRCh37,NC_000011.9,11,17427065,17427065,na,na,11p15.1,"criteria provided, single submitter",1,-,N,ClinGen:CA473300063,2,1666122,17427065,T,C,-,-,-,-,-,-,SCV002484055,-,-
1655851,single nucleotide variant,NM_000352.6(ABCC8):c.3375A>G (p.Ser1125=),6833,ABCC8,HGNC:59,Likely benign,0,"Dec 26, 2020",1954474434,-,RCV002184276,MedGen:C3661900,not provided,germline,germline,GRCh38,NC_000011.10,11,17405518,17405518,na,na,11p15.1,"criteria provided, single submitter",1,-,N,ClinGen:CA473300063,2,1666122,17405518,T,C,-,-,-,-,-,-,SCV002484055,-,-
1657025,single nucleotide variant,NM_000352.6(ABCC8):c.15C>T (p.Phe5=),6833,ABCC8,HGNC:59,Likely benign,0,"May 05, 2023",2133738324,-,RCV002195835,MedGen:C3661900,not provided,germline,germline,GRCh37,NC_000011.9,11,17498309,17498309,na,na,11p15.1,"criteria provided, single submitter",1,-,N,ClinGen:CA473302350,2,1667742,17498309,G,A,-,-,-,-,-,-,SCV002482357,-,-
1657025,single nucleotide variant,NM_000352.6(ABCC8):c.15C>T (p.Phe5=),6833,ABCC8,HGNC:59,Likely benign,0,"May 05, 2023",2133738324,-,RCV002195835,MedGen:C3661900,not provided,germline,germline,GRCh38,NC_000011.10,11,17476762,17476762,na,na,11p15.1,"criteria provided, single submitter",1,-,N,ClinGen:CA473302350,2,1667742,17476762,G,A,-,-,-,-,-,-,SCV002482357,-,-
1658496,single nucleotide variant,NM_000352.6(ABCC8):c.1512C>G (p.Arg504=),6833,ABCC8,HGNC:59,Likely benign,0,"Jul 30, 2021",148811815,-,RCV002215624,MedGen:C3661900,not provided,germline,germline,GRCh37,NC_000011.9,11,17464385,17464385,na,na,11p15.1,"criteria provided, single submitter",1,-,N,ClinGen:CA473298513,2,1572877,17464385,G,C,-,-,-,-,-,-,SCV002373580,-,-
1658496,single nucleotide variant,NM_000352.6(ABCC8):c.1512C>G (p.Arg504=),6833,ABCC8,HGNC:59,Likely benign,0,"Jul 30, 2021",148811815,-,RCV002215624,MedGen:C3661900,not provided,germline,germline,GRCh38,NC_000011.10,11,17442838,17442838,na,na,11p15.1,"criteria provided, single submitter",1,-,N,ClinGen:CA473298513,2,1572877,17442838,G,C,-,-,-,-,-,-,SCV002373580,-,-
1658760,single nucleotide variant,NM_000352.6(ABCC8):c.1344T>C (p.Gly448=),6833,ABCC8,HGNC:59,Likely benign,0,"Sep 25, 2021",2133597932,-,RCV002139556,MedGen:C3661900,not provided,germline,germline,GRCh37,NC_000011.9,11,17464848,17464848,na,na,11p15.1,"criteria provided, single submitter",1,-,N,ClinGen:CA473298747,2,1606897,17464848,A,G,-,-,-,-,-,-,SCV002419184,-,-
1658760,single nucleotide variant,NM_000352.6(ABCC8):c.1344T>C (p.Gly448=),6833,ABCC8,HGNC:59,Likely benign,0,"Sep 25, 2021",2133597932,-,RCV002139556,MedGen:C3661900,not provided,germline,germline,GRCh38,NC_000011.10,11,17443301,17443301,na,na,11p15.1,"criteria provided, single submitter",1,-,N,ClinGen:CA473298747,2,1606897,17443301,A,G,-,-,-,-,-,-,SCV002419184,-,-
1658931,single nucleotide variant,NM_000352.6(ABCC8):c.1593C>A (p.Thr531=),6833,ABCC8,HGNC:59,Likely benign,0,"Sep 26, 2021",2133595358,-,RCV002152300,MedGen:C3661900,not provided,germline,germline,GRCh37,NC_000011.9,11,17464304,17464304,na,na,11p15.1,"criteria provided, single submitter",1,-,N,ClinGen:CA473298433,2,1607068,17464304,G,T,-,-,-,-,-,-,SCV002419046,-,-
1658931,single nucleotide variant,NM_000352.6(ABCC8):c.1593C>A (p.Thr531=),6833,ABCC8,HGNC:59,Likely benign,0,"Sep 26, 2021",2133595358,-,RCV002152300,MedGen:C3661900,not provided,germline,germline,GRCh38,NC_000011.10,11,17442757,17442757,na,na,11p15.1,"criteria provided, single submitter",1,-,N,ClinGen:CA473298433,2,1607068,17442757,G,T,-,-,-,-,-,-,SCV002419046,-,-
1659367,single nucleotide variant,NM_000352.6(ABCC8):c.3669G>A (p.Gln1223=),6833,ABCC8,HGNC:59,Likely benign,0,"Apr 12, 2021",2133413976,-,RCV002189700,MedGen:C3661900,not provided,germline,germline,GRCh37,NC_000011.9,11,17419970,17419970,na,na,11p15.1,"criteria provided, single submitter",1,-,N,ClinGen:CA473299036,2,1550431,17419970,C,T,-,-,-,-,-,-,SCV002344372,-,-
1659367,single nucleotide variant,NM_000352.6(ABCC8):c.3669G>A (p.Gln1223=),6833,ABCC8,HGNC:59,Likely benign,0,"Apr 12, 2021",2133413976,-,RCV002189700,MedGen:C3661900,not provided,germline,germline,GRCh38,NC_000011.10,11,17398423,17398423,na,na,11p15.1,"criteria provided, single submitter",1,-,N,ClinGen:CA473299036,2,1550431,17398423,C,T,-,-,-,-,-,-,SCV002344372,-,-
1659432,single nucleotide variant,NM_000352.6(ABCC8):c.4434G>C (p.Gly1478=),6833,ABCC8,HGNC:59,Likely benign,0,"Jul 27, 2021",1953794808,-,RCV002073569,MedGen:C3661900,not provided,germline,germline,GRCh37,NC_000011.9,11,17415924,17415924,na,na,11p15.1,"criteria provided, single submitter",1,-,N,ClinGen:CA473298113,2,1574247,17415924,C,G,-,-,-,-,-,-,SCV002372216,-,-
1659432,single nucleotide variant,NM_000352.6(ABCC8):c.4434G>C (p.Gly1478=),6833,ABCC8,HGNC:59,Likely benign,0,"Jul 27, 2021",1953794808,-,RCV002073569,MedGen:C3661900,not provided,germline,germline,GRCh38,NC_000011.10,11,17394377,17394377,na,na,11p15.1,"criteria provided, single submitter",1,-,N,ClinGen:CA473298113,2,1574247,17394377,C,G,-,-,-,-,-,-,SCV002372216,-,-
1660226,single nucleotide variant,NM_000352.6(ABCC8):c.1176+10T>A,6833,ABCC8,HGNC:59,Likely benign,0,"Jun 28, 2022",762053701,-,RCV002147718,MedGen:C3661900,not provided,germline,germline,GRCh37,NC_000011.9,11,17474656,17474656,na,na,11p15.1,"criteria provided, single submitter",1,-,N,ClinGen:CA218449006,2,1608808,17474656,A,T,-,-,-,-,-,-,SCV002420515,-,-
1660226,single nucleotide variant,NM_000352.6(ABCC8):c.1176+10T>A,6833,ABCC8,HGNC:59,Likely benign,0,"Jun 28, 2022",762053701,-,RCV002147718,MedGen:C3661900,not provided,germline,germline,GRCh38,NC_000011.10,11,17453109,17453109,na,na,11p15.1,"criteria provided, single submitter",1,-,N,ClinGen:CA218449006,2,1608808,17453109,A,T,-,-,-,-,-,-,SCV002420515,-,-
1660263,Indel,NM_000525.4(KCNJ11):c.1008_1009delinsAA (p.Val337Ile),3767,KCNJ11,HGNC:6257,Likely benign,0,"Mar 09, 2021",2133379012,-,RCV002169585,MedGen:C3661900,not provided,germline,germline,GRCh37,NC_000011.9,11,17408630,17408631,na,na,11p15.1,"criteria provided, single submitter",1,-,N,ClinGen:CA2573146242,2,1539337,17408630,CG,TT,-,-,-,-,-,-,SCV002332364,-,-
1660263,Indel,NM_000525.4(KCNJ11):c.1008_1009delinsAA (p.Val337Ile),3767,KCNJ11,HGNC:6257,Likely benign,0,"Mar 09, 2021",2133379012,-,RCV002169585,MedGen:C3661900,not provided,germline,germline,GRCh38,NC_000011.10,11,17387083,17387084,na,na,11p15.1,"criteria provided, single submitter",1,-,N,ClinGen:CA2573146242,2,1539337,17387083,CG,TT,-,-,-,-,-,-,SCV002332364,-,-
1660291,single nucleotide variant,NM_000352.6(ABCC8):c.3153C>T (p.Ser1051=),6833,ABCC8,HGNC:59,Likely benign,0,"Mar 09, 2021",2133446558,-,RCV002162462,MedGen:C3661900,not provided,germline,germline,GRCh37,NC_000011.9,11,17428444,17428444,na,na,11p15.1,"criteria provided, single submitter",1,-,N,ClinGen:CA473516070,2,1539365,17428444,G,A,-,-,-,-,-,-,SCV002332371,-,-
1660291,single nucleotide variant,NM_000352.6(ABCC8):c.3153C>T (p.Ser1051=),6833,ABCC8,HGNC:59,Likely benign,0,"Mar 09, 2021",2133446558,-,RCV002162462,MedGen:C3661900,not provided,germline,germline,GRCh38,NC_000011.10,11,17406897,17406897,na,na,11p15.1,"criteria provided, single submitter",1,-,N,ClinGen:CA473516070,2,1539365,17406897,G,A,-,-,-,-,-,-,SCV002332371,-,-
1660931,single nucleotide variant,NM_000352.6(ABCC8):c.573G>A (p.Arg191=),6833,ABCC8,HGNC:59,Likely benign,0,"Jun 20, 2023",1246132765,-,RCV002120347,MedGen:C3661900,not provided,germline,germline,GRCh37,NC_000011.9,11,17484991,17484991,na,na,11p15.1,"criteria provided, single submitter",1,-,N,ClinGen:CA473300994,2,1598325,17484991,C,T,-,-,-,-,-,-,SCV002404375,-,-
1660931,single nucleotide variant,NM_000352.6(ABCC8):c.573G>A (p.Arg191=),6833,ABCC8,HGNC:59,Likely benign,0,"Jun 20, 2023",1246132765,-,RCV002120347,MedGen:C3661900,not provided,germline,germline,GRCh38,NC_000011.10,11,17463444,17463444,na,na,11p15.1,"criteria provided, single submitter",1,-,N,ClinGen:CA473300994,2,1598325,17463444,C,T,-,-,-,-,-,-,SCV002404375,-,-
1662823,single nucleotide variant,NM_000352.6(ABCC8):c.1177-8A>G,6833,ABCC8,HGNC:59,Likely benign,0,"Apr 30, 2022",1157706102,-,RCV002163141,MedGen:C3661900,not provided,germline,germline,GRCh37,NC_000011.9,11,17470226,17470226,na,na,11p15.1,"criteria provided, single submitter",1,-,N,ClinGen:CA597667803,2,1649171,17470226,T,C,-,-,-,-,-,-,SCV002469966,-,-
1662823,single nucleotide variant,NM_000352.6(ABCC8):c.1177-8A>G,6833,ABCC8,HGNC:59,Likely benign,0,"Apr 30, 2022",1157706102,-,RCV002163141,MedGen:C3661900,not provided,germline,germline,GRCh38,NC_000011.10,11,17448679,17448679,na,na,11p15.1,"criteria provided, single submitter",1,-,N,ClinGen:CA597667803,2,1649171,17448679,T,C,-,-,-,-,-,-,SCV002469966,-,-
1662901,single nucleotide variant,NM_000352.6(ABCC8):c.413-5G>T,6833,ABCC8,HGNC:59,Likely benign,0,"Sep 03, 2023",186946111,-,RCV002180909,MedGen:C3661900,not provided,germline,germline,GRCh37,NC_000011.9,11,17485156,17485156,na,na,11p15.1,"criteria provided, single submitter",1,-,N,ClinGen:CA597669353,2,1612750,17485156,C,A,-,-,-,-,-,-,SCV002428165,-,-
1662901,single nucleotide variant,NM_000352.6(ABCC8):c.413-5G>T,6833,ABCC8,HGNC:59,Likely benign,0,"Sep 03, 2023",186946111,-,RCV002180909,MedGen:C3661900,not provided,germline,germline,GRCh38,NC_000011.10,11,17463609,17463609,na,na,11p15.1,"criteria provided, single submitter",1,-,N,ClinGen:CA597669353,2,1612750,17463609,C,A,-,-,-,-,-,-,SCV002428165,-,-
1662916,single nucleotide variant,NM_000352.6(ABCC8):c.2884A>C (p.Arg962=),6833,ABCC8,HGNC:59,Likely benign,0,"Oct 23, 2021",2133449165,-,RCV002158081,MedGen:C3661900,not provided,germline,germline,GRCh37,NC_000011.9,11,17428937,17428937,na,na,11p15.1,"criteria provided, single submitter",1,-,N,ClinGen:CA473300348,2,1612765,17428937,T,G,-,-,-,-,-,-,SCV002428170,-,-
1662916,single nucleotide variant,NM_000352.6(ABCC8):c.2884A>C (p.Arg962=),6833,ABCC8,HGNC:59,Likely benign,0,"Oct 23, 2021",2133449165,-,RCV002158081,MedGen:C3661900,not provided,germline,germline,GRCh38,NC_000011.10,11,17407390,17407390,na,na,11p15.1,"criteria provided, single submitter",1,-,N,ClinGen:CA473300348,2,1612765,17407390,T,G,-,-,-,-,-,-,SCV002428170,-,-
1664142,single nucleotide variant,NM_000352.6(ABCC8):c.1353C>T (p.Leu451=),6833,ABCC8,HGNC:59,Likely benign,0,"Nov 02, 2021",2133597877,-,RCV002074504,MedGen:C3661900,not provided,germline,germline,GRCh37,NC_000011.9,11,17464839,17464839,na,na,11p15.1,"criteria provided, single submitter",1,-,N,ClinGen:CA473298732,2,1614868,17464839,G,A,-,-,-,-,-,-,SCV002426067,-,-
1664142,single nucleotide variant,NM_000352.6(ABCC8):c.1353C>T (p.Leu451=),6833,ABCC8,HGNC:59,Likely benign,0,"Nov 02, 2021",2133597877,-,RCV002074504,MedGen:C3661900,not provided,germline,germline,GRCh38,NC_000011.10,11,17443292,17443292,na,na,11p15.1,"criteria provided, single submitter",1,-,N,ClinGen:CA473298732,2,1614868,17443292,G,A,-,-,-,-,-,-,SCV002426067,-,-
1665136,single nucleotide variant,NM_000352.6(ABCC8):c.27G>A (p.Glu9=),6833,ABCC8,HGNC:59,Likely benign,0,"Apr 12, 2023",2133738203,-,RCV002089394,MedGen:C3661900,not provided,germline,germline,GRCh37,NC_000011.9,11,17498297,17498297,na,na,11p15.1,"criteria provided, single submitter",1,-,N,ClinGen:CA473302331,2,1529780,17498297,C,T,-,-,-,-,-,-,SCV002329942,-,-
1665136,single nucleotide variant,NM_000352.6(ABCC8):c.27G>A (p.Glu9=),6833,ABCC8,HGNC:59,Likely benign,0,"Apr 12, 2023",2133738203,-,RCV002089394,MedGen:C3661900,not provided,germline,germline,GRCh38,NC_000011.10,11,17476750,17476750,na,na,11p15.1,"criteria provided, single submitter",1,-,N,ClinGen:CA473302331,2,1529780,17476750,C,T,-,-,-,-,-,-,SCV002329942,-,-
1665825,single nucleotide variant,NM_000525.4(KCNJ11):c.1164C>G (p.Ser388=),3767,KCNJ11,HGNC:6257,Likely benign,0,"Feb 14, 2023",2133378582,-,RCV002198638,MedGen:C3661900,not provided,germline,germline,GRCh37,NC_000011.9,11,17408475,17408475,na,na,11p15.1,"criteria provided, single submitter",1,-,N,ClinGen:CA473514918,2,1669571,17408475,G,C,-,-,-,-,-,-,SCV002485601,-,-
1665825,single nucleotide variant,NM_000525.4(KCNJ11):c.1164C>G (p.Ser388=),3767,KCNJ11,HGNC:6257,Likely benign,0,"Feb 14, 2023",2133378582,-,RCV002198638,MedGen:C3661900,not provided,germline,germline,GRCh38,NC_000011.10,11,17386928,17386928,na,na,11p15.1,"criteria provided, single submitter",1,-,N,ClinGen:CA473514918,2,1669571,17386928,G,C,-,-,-,-,-,-,SCV002485601,-,-
1666276,single nucleotide variant,NM_000352.6(ABCC8):c.2391-10C>T,6833,ABCC8,HGNC:59,Likely benign,0,"May 27, 2023",2133474006,-,RCV002106804,MedGen:C3661900,not provided,germline,germline,GRCh37,NC_000011.9,11,17435035,17435035,na,na,11p15.1,"criteria provided, single submitter",1,-,N,ClinGen:CA2573146139,2,1531780,17435035,G,A,-,-,-,-,-,-,SCV002325108,-,-
1666276,single nucleotide variant,NM_000352.6(ABCC8):c.2391-10C>T,6833,ABCC8,HGNC:59,Likely benign,0,"May 27, 2023",2133474006,-,RCV002106804,MedGen:C3661900,not provided,germline,germline,GRCh38,NC_000011.10,11,17413488,17413488,na,na,11p15.1,"criteria provided, single submitter",1,-,N,ClinGen:CA2573146139,2,1531780,17413488,G,A,-,-,-,-,-,-,SCV002325108,-,-
1666309,single nucleotide variant,NM_000352.6(ABCC8):c.4120-8C>G,6833,ABCC8,HGNC:59,Likely benign,0,"Mar 04, 2024",2133402775,-,RCV002099793,MedGen:C3661900,not provided,germline,germline,GRCh37,NC_000011.9,11,17417485,17417485,na,na,11p15.1,"criteria provided, single submitter",1,-,N,ClinGen:CA2573146248,2,1531813,17417485,G,C,-,-,-,-,-,-,SCV002324801,-,-
1666309,single nucleotide variant,NM_000352.6(ABCC8):c.4120-8C>G,6833,ABCC8,HGNC:59,Likely benign,0,"Mar 04, 2024",2133402775,-,RCV002099793,MedGen:C3661900,not provided,germline,germline,GRCh38,NC_000011.10,11,17395938,17395938,na,na,11p15.1,"criteria provided, single submitter",1,-,N,ClinGen:CA2573146248,2,1531813,17395938,G,C,-,-,-,-,-,-,SCV002324801,-,-
1666834,single nucleotide variant,NM_000525.4(KCNJ11):c.488T>C (p.Met163Thr),3767,KCNJ11,HGNC:6257,Uncertain significance,0,"Mar 01, 2022",2133380206,-,RCV002211179,MedGen:C3661900,not provided,germline,germline,GRCh37,NC_000011.9,11,17409151,17409151,na,na,11p15.1,"criteria provided, single submitter",1,-,N,ClinGen:CA379773287,2,1675450,17409151,A,G,-,-,-,-,-,-,SCV002497107,-,-
1666834,single nucleotide variant,NM_000525.4(KCNJ11):c.488T>C (p.Met163Thr),3767,KCNJ11,HGNC:6257,Uncertain significance,0,"Mar 01, 2022",2133380206,-,RCV002211179,MedGen:C3661900,not provided,germline,germline,GRCh38,NC_000011.10,11,17387604,17387604,na,na,11p15.1,"criteria provided, single submitter",1,-,N,ClinGen:CA379773287,2,1675450,17387604,A,G,-,-,-,-,-,-,SCV002497107,-,-
1667652,single nucleotide variant,NM_000162.5(GCK):c.269A>C (p.Lys90Thr),2645,GCK,HGNC:4195,Likely pathogenic,1,"Oct 09, 2024",2128822695,-,RCV002221403,"MONDO:MONDO:0011236,MedGen:C1865290,OMIM:602485,Orphanet:79299",Hyperinsulinism due to glucokinase deficiency,germline,germline,GRCh37,NC_000007.13,7,44191964,44191964,na,na,7p13,"criteria provided, multiple submitters, no conflicts",2,-,N,ClinGen:CA367402900,2,1676241,44191964,T,G,-,-,-,-,-,-,SCV002498654|SCV005398812,-,-
1667652,single nucleotide variant,NM_000162.5(GCK):c.269A>C (p.Lys90Thr),2645,GCK,HGNC:4195,Likely pathogenic,1,"Oct 09, 2024",2128822695,-,RCV002221403,"MONDO:MONDO:0011236,MedGen:C1865290,OMIM:602485,Orphanet:79299",Hyperinsulinism due to glucokinase deficiency,germline,germline,GRCh38,NC_000007.14,7,44152365,44152365,na,na,7p13,"criteria provided, multiple submitters, no conflicts",2,-,N,ClinGen:CA367402900,2,1676241,44152365,T,G,-,-,-,-,-,-,SCV002498654|SCV005398812,-,-
1667816,single nucleotide variant,NM_000525.4(KCNJ11):c.570C>A (p.Ala190=),3767,KCNJ11,HGNC:6257,association not found,0,-,5218,-,RCV002221708,"Human Phenotype Ontology:HP:0005965,Human Phenotype Ontology:HP:0005978,Human Phenotype Ontology:HP:0100652,MONDO:MONDO:0005148,MeSH:D003924,MedGen:C0011860,OMIM:125853",Type 2 diabetes mellitus,somatic,somatic,GRCh37,NC_000011.9,11,17409069,17409069,na,na,11p15.1,no assertion criteria provided,1,-,N,ClinGen:CA5902281,2,1676326,17409069,G,T,-,-,-,-,-,-,SCV002498770,-,-
1667816,single nucleotide variant,NM_000525.4(KCNJ11):c.570C>A (p.Ala190=),3767,KCNJ11,HGNC:6257,association not found,0,-,5218,-,RCV002221708,"Human Phenotype Ontology:HP:0005965,Human Phenotype Ontology:HP:0005978,Human Phenotype Ontology:HP:0100652,MONDO:MONDO:0005148,MeSH:D003924,MedGen:C0011860,OMIM:125853",Type 2 diabetes mellitus,somatic,somatic,GRCh38,NC_000011.10,11,17387522,17387522,na,na,11p15.1,no assertion criteria provided,1,-,N,ClinGen:CA5902281,2,1676326,17387522,G,T,-,-,-,-,-,-,SCV002498770,-,-
1668420,single nucleotide variant,NM_000162.5(GCK):c.54G>T (p.Gln18His),2645,GCK,HGNC:4195,Uncertain significance,0,"Jan 03, 2025",2096283329,-,RCV002222321|RCV004990746,"MedGen:C3661900|MONDO:MONDO:0015967,MedGen:C3888631,Orphanet:183625",not provided|Monogenic diabetes,germline;unknown,germline,GRCh37,NC_000007.13,7,44193054,44193054,na,na,7p13,reviewed by expert panel,2,-,N,ClinGen:CA367403838,2,1676825,44193054,C,A,-,-,-,-,-,-,SCV005442839,-,-
1668420,single nucleotide variant,NM_000162.5(GCK):c.54G>T (p.Gln18His),2645,GCK,HGNC:4195,Uncertain significance,0,"Jan 03, 2025",2096283329,-,RCV002222321|RCV004990746,"MedGen:C3661900|MONDO:MONDO:0015967,MedGen:C3888631,Orphanet:183625",not provided|Monogenic diabetes,germline;unknown,germline,GRCh38,NC_000007.14,7,44153455,44153455,na,na,7p13,reviewed by expert panel,2,-,N,ClinGen:CA367403838,2,1676825,44153455,C,A,-,-,-,-,-,-,SCV005442839,-,-
1668667,single nucleotide variant,NM_000352.6(ABCC8):c.1818C>T (p.Ser606=),6833,ABCC8,HGNC:59,Likely benign,0,"Jun 23, 2025",202207978,-,RCV002222893|RCV005692473,"MedGen:CN169374|MeSH:D030342,MedGen:C0950123",not specified|Inborn genetic diseases,germline,germline,GRCh37,NC_000011.9,11,17450217,17450217,na,na,11p15.1,"criteria provided, multiple submitters, no conflicts",2,-,N,ClinGen:CA5903420,2,1677035,17450217,G,A,-,-,-,-,-,-,SCV002500198|SCV006387763,-,-
1668667,single nucleotide variant,NM_000352.6(ABCC8):c.1818C>T (p.Ser606=),6833,ABCC8,HGNC:59,Likely benign,0,"Jun 23, 2025",202207978,-,RCV002222893|RCV005692473,"MedGen:CN169374|MeSH:D030342,MedGen:C0950123",not specified|Inborn genetic diseases,germline,germline,GRCh38,NC_000011.10,11,17428670,17428670,na,na,11p15.1,"criteria provided, multiple submitters, no conflicts",2,-,N,ClinGen:CA5903420,2,1677035,17428670,G,A,-,-,-,-,-,-,SCV002500198|SCV006387763,-,-
1669146,single nucleotide variant,NM_000352.6(ABCC8):c.916C>A (p.Arg306Ser),6833,ABCC8,HGNC:59,Uncertain significance,0,"Aug 26, 2021",751228166,-,RCV002224198|RCV002487012,"MedGen:C3661900|MONDO:MONDO:0012480,MedGen:C1835887,OMIM:610374,Orphanet:99886;MONDO:MONDO:0009734,MedGen:C2931832,OMIM:256450,Orphanet:276575,Orphanet:276598;Human Phenotype Ontology:HP:0005965,Human Phenotype Ontology:HP:0005978,Human Phenotype Ontology:HP:0100652,MONDO:MONDO:0005148,MeSH:D003924,MedGen:C0011860,OMIM:125853;MONDO:MONDO:0030088,MedGen:C5394303,OMIM:618857;MONDO:MONDO:0009415,MedGen:C0271714,OMIM:240800","not provided|Diabetes mellitus, transient neonatal, 2;Hyperinsulinemic hypoglycemia, familial, 1;Type 2 diabetes mellitus;Diabetes mellitus, permanent neonatal 3;Leucine-induced hypoglycemia",germline;unknown,germline,GRCh37,NC_000011.9,11,17482130,17482130,na,na,11p15.1,"criteria provided, multiple submitters, no conflicts",2,-,N,ClinGen:CA379776930,2,1677456,17482130,G,T,-,-,-,-,-,-,SCV002501919|SCV002787959,-,-
1669146,single nucleotide variant,NM_000352.6(ABCC8):c.916C>A (p.Arg306Ser),6833,ABCC8,HGNC:59,Uncertain significance,0,"Aug 26, 2021",751228166,-,RCV002224198|RCV002487012,"MedGen:C3661900|MONDO:MONDO:0012480,MedGen:C1835887,OMIM:610374,Orphanet:99886;MONDO:MONDO:0009734,MedGen:C2931832,OMIM:256450,Orphanet:276575,Orphanet:276598;Human Phenotype Ontology:HP:0005965,Human Phenotype Ontology:HP:0005978,Human Phenotype Ontology:HP:0100652,MONDO:MONDO:0005148,MeSH:D003924,MedGen:C0011860,OMIM:125853;MONDO:MONDO:0030088,MedGen:C5394303,OMIM:618857;MONDO:MONDO:0009415,MedGen:C0271714,OMIM:240800","not provided|Diabetes mellitus, transient neonatal, 2;Hyperinsulinemic hypoglycemia, familial, 1;Type 2 diabetes mellitus;Diabetes mellitus, permanent neonatal 3;Leucine-induced hypoglycemia",germline;unknown,germline,GRCh38,NC_000011.10,11,17460583,17460583,na,na,11p15.1,"criteria provided, multiple submitters, no conflicts",2,-,N,ClinGen:CA379776930,2,1677456,17460583,G,T,-,-,-,-,-,-,SCV002501919|SCV002787959,-,-
1669343,single nucleotide variant,NM_000352.6(ABCC8):c.208G>A (p.Gly70Arg),6833,ABCC8,HGNC:59,Conflicting classifications of pathogenicity,1,"Aug 02, 2024",764349043,-,RCV002224395|RCV002487022|RCV004533977|RCV004770424,"MedGen:C3661900|MONDO:MONDO:0012480,MedGen:C1835887,OMIM:610374,Orphanet:99886;MONDO:MONDO:0009734,MedGen:C2931832,OMIM:256450,Orphanet:276575,Orphanet:276598;Human Phenotype Ontology:HP:0005965,Human Phenotype Ontology:HP:0005978,Human Phenotype Ontology:HP:0100652,MONDO:MONDO:0005148,MeSH:D003924,MedGen:C0011860,OMIM:125853;MONDO:MONDO:0030088,MedGen:C5394303,OMIM:618857;MONDO:MONDO:0009415,MedGen:C0271714,OMIM:240800||MedGen:CN169374","not provided|Diabetes mellitus, transient neonatal, 2;Hyperinsulinemic hypoglycemia, familial, 1;Type 2 diabetes mellitus;Diabetes mellitus, permanent neonatal 3;Leucine-induced hypoglycemia|ABCC8-related disorder|not specified",germline;unknown,germline,GRCh37,NC_000011.9,11,17496515,17496515,na,na,11p15.1,"criteria provided, conflicting classifications",6,-,N,ClinGen:CA5903949,2,1677653,17496515,C,T,-,-,-,-,-,-,SCV002503030|SCV002765199|SCV002779273|SCV003814912|SCV004115091|SCV005381594,-,-
1669343,single nucleotide variant,NM_000352.6(ABCC8):c.208G>A (p.Gly70Arg),6833,ABCC8,HGNC:59,Conflicting classifications of pathogenicity,1,"Aug 02, 2024",764349043,-,RCV002224395|RCV002487022|RCV004533977|RCV004770424,"MedGen:C3661900|MONDO:MONDO:0012480,MedGen:C1835887,OMIM:610374,Orphanet:99886;MONDO:MONDO:0009734,MedGen:C2931832,OMIM:256450,Orphanet:276575,Orphanet:276598;Human Phenotype Ontology:HP:0005965,Human Phenotype Ontology:HP:0005978,Human Phenotype Ontology:HP:0100652,MONDO:MONDO:0005148,MeSH:D003924,MedGen:C0011860,OMIM:125853;MONDO:MONDO:0030088,MedGen:C5394303,OMIM:618857;MONDO:MONDO:0009415,MedGen:C0271714,OMIM:240800||MedGen:CN169374","not provided|Diabetes mellitus, transient neonatal, 2;Hyperinsulinemic hypoglycemia, familial, 1;Type 2 diabetes mellitus;Diabetes mellitus, permanent neonatal 3;Leucine-induced hypoglycemia|ABCC8-related disorder|not specified",germline;unknown,germline,GRCh38,NC_000011.10,11,17474968,17474968,na,na,11p15.1,"criteria provided, conflicting classifications",6,-,N,ClinGen:CA5903949,2,1677653,17474968,C,T,-,-,-,-,-,-,SCV002503030|SCV002765199|SCV002779273|SCV003814912|SCV004115091|SCV005381594,-,-
1670346,single nucleotide variant,NM_000162.5(GCK):c.751A>G (p.Met251Val),2645,GCK,HGNC:4195,Pathogenic,1,"Mar 19, 2025",2128820620,-,RCV002225198|RCV005095775,"MONDO:MONDO:0007453,MedGen:C0342277,OMIM:125851,Orphanet:552|MedGen:C3661900",Maturity-onset diabetes of the young type 2|not provided,germline,germline,GRCh37,NC_000007.13,7,44187361,44187361,na,na,7p13,"criteria provided, multiple submitters, no conflicts",2,-,N,ClinGen:CA367400634,2,1678597,44187361,T,C,-,-,-,-,-,-,SCV002503751|SCV005835280,-,-
1670346,single nucleotide variant,NM_000162.5(GCK):c.751A>G (p.Met251Val),2645,GCK,HGNC:4195,Pathogenic,1,"Mar 19, 2025",2128820620,-,RCV002225198|RCV005095775,"MONDO:MONDO:0007453,MedGen:C0342277,OMIM:125851,Orphanet:552|MedGen:C3661900",Maturity-onset diabetes of the young type 2|not provided,germline,germline,GRCh38,NC_000007.14,7,44147762,44147762,na,na,7p13,"criteria provided, multiple submitters, no conflicts",2,-,N,ClinGen:CA367400634,2,1678597,44147762,T,C,-,-,-,-,-,-,SCV002503751|SCV005835280,-,-
1670352,single nucleotide variant,NM_000352.6(ABCC8):c.1969C>T (p.Arg657Trp),6833,ABCC8,HGNC:59,Conflicting classifications of pathogenicity,0,"Jun 13, 2025",778117119,-,RCV002225204|RCV004784040|RCV005095776|RCV005520694,"Human Phenotype Ontology:HP:0005965,Human Phenotype Ontology:HP:0005978,Human Phenotype Ontology:HP:0100652,MONDO:MONDO:0005148,MeSH:D003924,MedGen:C0011860,OMIM:125853|MONDO:MONDO:0009415,MedGen:C0271714,OMIM:240800|MedGen:C3661900|MeSH:D030342,MedGen:C0950123",Type 2 diabetes mellitus|Leucine-induced hypoglycemia|not provided|Inborn genetic diseases,germline,germline,GRCh37,NC_000011.9,11,17449907,17449907,na,na,11p15.1,"criteria provided, conflicting classifications",5,-,N,ClinGen:CA5903362,2,1678603,17449907,G,A,-,-,-,-,-,-,SCV002503763|SCV005397198|SCV005812355|SCV006197990|SCV006312287,-,-
1670352,single nucleotide variant,NM_000352.6(ABCC8):c.1969C>T (p.Arg657Trp),6833,ABCC8,HGNC:59,Conflicting classifications of pathogenicity,0,"Jun 13, 2025",778117119,-,RCV002225204|RCV004784040|RCV005095776|RCV005520694,"Human Phenotype Ontology:HP:0005965,Human Phenotype Ontology:HP:0005978,Human Phenotype Ontology:HP:0100652,MONDO:MONDO:0005148,MeSH:D003924,MedGen:C0011860,OMIM:125853|MONDO:MONDO:0009415,MedGen:C0271714,OMIM:240800|MedGen:C3661900|MeSH:D030342,MedGen:C0950123",Type 2 diabetes mellitus|Leucine-induced hypoglycemia|not provided|Inborn genetic diseases,germline,germline,GRCh38,NC_000011.10,11,17428360,17428360,na,na,11p15.1,"criteria provided, conflicting classifications",5,-,N,ClinGen:CA5903362,2,1678603,17428360,G,A,-,-,-,-,-,-,SCV002503763|SCV005397198|SCV005812355|SCV006197990|SCV006312287,-,-
1670544,single nucleotide variant,NM_000162.5(GCK):c.46-5598A>T,2645,GCK,HGNC:4195,Benign/Likely benign,0,"Aug 31, 2023",13306393,-,RCV002226064|RCV002505887,"MedGen:C3661900|Human Phenotype Ontology:HP:0005965,Human Phenotype Ontology:HP:0005978,Human Phenotype Ontology:HP:0100652,MONDO:MONDO:0005148,MeSH:D003924,MedGen:C0011860,OMIM:125853;MONDO:MONDO:0011236,MedGen:C1865290,OMIM:602485,Orphanet:79299;MONDO:MONDO:0007453,MedGen:C0342277,OMIM:125851,Orphanet:552;MONDO:MONDO:0100165,MedGen:C5393570,OMIM:606176",not provided|Type 2 diabetes mellitus;Hyperinsulinism due to glucokinase deficiency;Maturity-onset diabetes of the young type 2;Permanent neonatal diabetes mellitus 1,germline;unknown,germline,GRCh37,NC_000007.13,7,44198660,44198660,na,na,7p13,"criteria provided, multiple submitters, no conflicts",3,-,N,ClinGen:CA4239755,2,1678750,44198660,T,A,-,-,-,-,-,-,SCV002504185|SCV002802922|SCV004563447,-,-
1670544,single nucleotide variant,NM_000162.5(GCK):c.46-5598A>T,2645,GCK,HGNC:4195,Benign/Likely benign,0,"Aug 31, 2023",13306393,-,RCV002226064|RCV002505887,"MedGen:C3661900|Human Phenotype Ontology:HP:0005965,Human Phenotype Ontology:HP:0005978,Human Phenotype Ontology:HP:0100652,MONDO:MONDO:0005148,MeSH:D003924,MedGen:C0011860,OMIM:125853;MONDO:MONDO:0011236,MedGen:C1865290,OMIM:602485,Orphanet:79299;MONDO:MONDO:0007453,MedGen:C0342277,OMIM:125851,Orphanet:552;MONDO:MONDO:0100165,MedGen:C5393570,OMIM:606176",not provided|Type 2 diabetes mellitus;Hyperinsulinism due to glucokinase deficiency;Maturity-onset diabetes of the young type 2;Permanent neonatal diabetes mellitus 1,germline;unknown,germline,GRCh38,NC_000007.14,7,44159061,44159061,na,na,7p13,"criteria provided, multiple submitters, no conflicts",3,-,N,ClinGen:CA4239755,2,1678750,44159061,T,A,-,-,-,-,-,-,SCV002504185|SCV002802922|SCV004563447,-,-
1670613,single nucleotide variant,NM_000162.5(GCK):c.600G>A (p.Val200=),2645,GCK,HGNC:4195,Benign/Likely benign,0,"Aug 26, 2025",773561406,-,RCV002226133|RCV003903621|RCV004047229,"MedGen:C3661900||Human Phenotype Ontology:HP:0004904,MONDO:MONDO:0018911,MedGen:C0342276,OMIM:PS125850,Orphanet:552",not provided|GCK-related disorder|Maturity-onset diabetes of the young,germline,germline,GRCh37,NC_000007.13,7,44189438,44189438,na,na,7p13,"criteria provided, multiple submitters, no conflicts",6,-,N,ClinGen:CA4239572,2,1678819,44189438,C,T,-,-,-,-,-,-,SCV002504514|SCV003453667|SCV004564194|SCV004873349|SCV005434634,-,-
1670613,single nucleotide variant,NM_000162.5(GCK):c.600G>A (p.Val200=),2645,GCK,HGNC:4195,Benign/Likely benign,0,"Aug 26, 2025",773561406,-,RCV002226133|RCV003903621|RCV004047229,"MedGen:C3661900||Human Phenotype Ontology:HP:0004904,MONDO:MONDO:0018911,MedGen:C0342276,OMIM:PS125850,Orphanet:552",not provided|GCK-related disorder|Maturity-onset diabetes of the young,germline,germline,GRCh38,NC_000007.14,7,44149839,44149839,na,na,7p13,"criteria provided, multiple submitters, no conflicts",6,-,N,ClinGen:CA4239572,2,1678819,44149839,C,T,-,-,-,-,-,-,SCV002504514|SCV003453667|SCV004564194|SCV004873349|SCV005434634,-,-
1671124,single nucleotide variant,NM_000525.4(KCNJ11):c.905C>A (p.Thr302Asn),3767,KCNJ11,HGNC:6257,Uncertain significance,0,-,761575495,-,RCV002226803,"Human Phenotype Ontology:HP:0004904,MONDO:MONDO:0018911,MedGen:C0342276,OMIM:PS125850,Orphanet:552",Maturity-onset diabetes of the young,somatic,somatic,GRCh37,NC_000011.9,11,17408734,17408734,na,na,11p15.1,"criteria provided, single submitter",1,-,N,ClinGen:CA218399442,2,1679202,17408734,G,T,-,-,-,-,-,-,SCV002505483,-,-
1671124,single nucleotide variant,NM_000525.4(KCNJ11):c.905C>A (p.Thr302Asn),3767,KCNJ11,HGNC:6257,Uncertain significance,0,-,761575495,-,RCV002226803,"Human Phenotype Ontology:HP:0004904,MONDO:MONDO:0018911,MedGen:C0342276,OMIM:PS125850,Orphanet:552",Maturity-onset diabetes of the young,somatic,somatic,GRCh38,NC_000011.10,11,17387187,17387187,na,na,11p15.1,"criteria provided, single submitter",1,-,N,ClinGen:CA218399442,2,1679202,17387187,G,T,-,-,-,-,-,-,SCV002505483,-,-
1671127,single nucleotide variant,NM_000525.4(KCNJ11):c.521C>A (p.Ala174Asp),3767,KCNJ11,HGNC:6257,Uncertain significance,0,"Nov 06, 2023",587783670,-,RCV002226804|RCV002304239,"Human Phenotype Ontology:HP:0001998,MedGen:C0158986|MedGen:C3661900",Neonatal hypoglycemia|not provided,germline;somatic,germline/somatic,GRCh37,NC_000011.9,11,17409118,17409118,na,na,11p15.1,"criteria provided, multiple submitters, no conflicts",2,-,N,ClinGen:CA379773062,2,1679207,17409118,G,T,-,-,-,-,-,-,SCV002505456|SCV002592967,-,-
1671127,single nucleotide variant,NM_000525.4(KCNJ11):c.521C>A (p.Ala174Asp),3767,KCNJ11,HGNC:6257,Uncertain significance,0,"Nov 06, 2023",587783670,-,RCV002226804|RCV002304239,"Human Phenotype Ontology:HP:0001998,MedGen:C0158986|MedGen:C3661900",Neonatal hypoglycemia|not provided,germline;somatic,germline/somatic,GRCh38,NC_000011.10,11,17387571,17387571,na,na,11p15.1,"criteria provided, multiple submitters, no conflicts",2,-,N,ClinGen:CA379773062,2,1679207,17387571,G,T,-,-,-,-,-,-,SCV002505456|SCV002592967,-,-
1671128,single nucleotide variant,NM_000525.4(KCNJ11):c.8C>T (p.Ser3Phe),3767,KCNJ11,HGNC:6257,Uncertain significance,0,-,587783674,-,RCV002226805,"Human Phenotype Ontology:HP:0005965,Human Phenotype Ontology:HP:0005978,Human Phenotype Ontology:HP:0100652,MONDO:MONDO:0005148,MeSH:D003924,MedGen:C0011860,OMIM:125853",Type 2 diabetes mellitus,somatic,somatic,GRCh37,NC_000011.9,11,17409631,17409631,na,na,11p15.1,"criteria provided, single submitter",1,-,N,ClinGen:CA379777902,2,1679208,17409631,G,A,-,-,-,-,-,-,SCV002505460,-,-
1671128,single nucleotide variant,NM_000525.4(KCNJ11):c.8C>T (p.Ser3Phe),3767,KCNJ11,HGNC:6257,Uncertain significance,0,-,587783674,-,RCV002226805,"Human Phenotype Ontology:HP:0005965,Human Phenotype Ontology:HP:0005978,Human Phenotype Ontology:HP:0100652,MONDO:MONDO:0005148,MeSH:D003924,MedGen:C0011860,OMIM:125853",Type 2 diabetes mellitus,somatic,somatic,GRCh38,NC_000011.10,11,17388084,17388084,na,na,11p15.1,"criteria provided, single submitter",1,-,N,ClinGen:CA379777902,2,1679208,17388084,G,A,-,-,-,-,-,-,SCV002505460,-,-
1671129,single nucleotide variant,NM_000525.4(KCNJ11):c.472A>G (p.Met158Val),3767,KCNJ11,HGNC:6257,Uncertain significance,0,-,1953585385,-,RCV002226806|RCV005616383,"Human Phenotype Ontology:HP:0004904,MONDO:MONDO:0018911,MedGen:C0342276,OMIM:PS125850,Orphanet:552|MONDO:MONDO:0100164,MedGen:C1833104,OMIM:PS606176,Orphanet:99885",Maturity-onset diabetes of the young|Permanent neonatal diabetes mellitus,germline;somatic,germline/somatic,GRCh37,NC_000011.9,11,17409167,17409167,na,na,11p15.1,"criteria provided, single submitter",2,-,N,ClinGen:CA379773438,2,1679209,17409167,T,C,-,-,-,-,-,-,SCV002505488,-,-
1671129,single nucleotide variant,NM_000525.4(KCNJ11):c.472A>G (p.Met158Val),3767,KCNJ11,HGNC:6257,Uncertain significance,0,-,1953585385,-,RCV002226806|RCV005616383,"Human Phenotype Ontology:HP:0004904,MONDO:MONDO:0018911,MedGen:C0342276,OMIM:PS125850,Orphanet:552|MONDO:MONDO:0100164,MedGen:C1833104,OMIM:PS606176,Orphanet:99885",Maturity-onset diabetes of the young|Permanent neonatal diabetes mellitus,germline;somatic,germline/somatic,GRCh38,NC_000011.10,11,17387620,17387620,na,na,11p15.1,"criteria provided, single submitter",2,-,N,ClinGen:CA379773438,2,1679209,17387620,T,C,-,-,-,-,-,-,SCV002505488,-,-
1671432,single nucleotide variant,NM_000525.4(KCNJ11):c.149G>T (p.Arg50Leu),3767,KCNJ11,HGNC:6257,Likely risk allele,1,-,80356611,-,RCV002227391,"Human Phenotype Ontology:HP:0008255,MONDO:MONDO:0020525,MedGen:C0342273",Transitory neonatal diabetes mellitus,somatic,somatic,GRCh37,NC_000011.9,11,17409490,17409490,na,na,11p15.1,"criteria provided, single submitter",1,-,N,ClinGen:CA379776349,2,1679512,17409490,C,A,-,-,-,-,-,-,SCV002505947,-,-
1671432,single nucleotide variant,NM_000525.4(KCNJ11):c.149G>T (p.Arg50Leu),3767,KCNJ11,HGNC:6257,Likely risk allele,1,-,80356611,-,RCV002227391,"Human Phenotype Ontology:HP:0008255,MONDO:MONDO:0020525,MedGen:C0342273",Transitory neonatal diabetes mellitus,somatic,somatic,GRCh38,NC_000011.10,11,17387943,17387943,na,na,11p15.1,"criteria provided, single submitter",1,-,N,ClinGen:CA379776349,2,1679512,17387943,C,A,-,-,-,-,-,-,SCV002505947,-,-
1671434,single nucleotide variant,NM_000525.4(KCNJ11):c.*1415G>C,3767,KCNJ11,HGNC:6257,Uncertain significance,0,-,955060881,-,RCV002227393,"Human Phenotype Ontology:HP:0004904,MONDO:MONDO:0018911,MedGen:C0342276,OMIM:PS125850,Orphanet:552",Maturity-onset diabetes of the young,somatic,somatic,GRCh37,NC_000011.9,11,17407051,17407051,na,na,11p15.1,"criteria provided, single submitter",1,-,N,ClinGen:CA674171360,2,1679514,17407051,C,G,-,-,-,-,-,-,SCV002505954,-,-
1671434,single nucleotide variant,NM_000525.4(KCNJ11):c.*1415G>C,3767,KCNJ11,HGNC:6257,Uncertain significance,0,-,955060881,-,RCV002227393,"Human Phenotype Ontology:HP:0004904,MONDO:MONDO:0018911,MedGen:C0342276,OMIM:PS125850,Orphanet:552",Maturity-onset diabetes of the young,somatic,somatic,GRCh38,NC_000011.10,11,17385504,17385504,na,na,11p15.1,"criteria provided, single submitter",1,-,N,ClinGen:CA674171360,2,1679514,17385504,C,G,-,-,-,-,-,-,SCV002505954,-,-
1671435,single nucleotide variant,NM_000525.4(KCNJ11):c.697C>A (p.Leu233Ile),3767,KCNJ11,HGNC:6257,Uncertain significance,0,-,1564865302,-,RCV002227394,"Human Phenotype Ontology:HP:0004904,MONDO:MONDO:0018911,MedGen:C0342276,OMIM:PS125850,Orphanet:552",Maturity-onset diabetes of the young,somatic,somatic,GRCh37,NC_000011.9,11,17408942,17408942,na,na,11p15.1,"criteria provided, single submitter",1,-,N,ClinGen:CA379771412,2,1679515,17408942,G,T,-,-,-,-,-,-,SCV002505956,-,-
1671435,single nucleotide variant,NM_000525.4(KCNJ11):c.697C>A (p.Leu233Ile),3767,KCNJ11,HGNC:6257,Uncertain significance,0,-,1564865302,-,RCV002227394,"Human Phenotype Ontology:HP:0004904,MONDO:MONDO:0018911,MedGen:C0342276,OMIM:PS125850,Orphanet:552",Maturity-onset diabetes of the young,somatic,somatic,GRCh38,NC_000011.10,11,17387395,17387395,na,na,11p15.1,"criteria provided, single submitter",1,-,N,ClinGen:CA379771412,2,1679515,17387395,G,T,-,-,-,-,-,-,SCV002505956,-,-
1671438,single nucleotide variant,NM_000525.4(KCNJ11):c.-154G>A,3767,KCNJ11,HGNC:6257,Uncertain significance,0,-,539975714,-,RCV002227397,"Human Phenotype Ontology:HP:0004904,MONDO:MONDO:0018911,MedGen:C0342276,OMIM:PS125850,Orphanet:552",Maturity-onset diabetes of the young,somatic,somatic,GRCh37,NC_000011.9,11,17409792,17409792,na,na,11p15.1,"criteria provided, single submitter",1,-,N,ClinGen:CA935521971,2,1679518,17409792,C,T,-,-,-,-,-,-,SCV002506474,-,-
1671438,single nucleotide variant,NM_000525.4(KCNJ11):c.-154G>A,3767,KCNJ11,HGNC:6257,Uncertain significance,0,-,539975714,-,RCV002227397,"Human Phenotype Ontology:HP:0004904,MONDO:MONDO:0018911,MedGen:C0342276,OMIM:PS125850,Orphanet:552",Maturity-onset diabetes of the young,somatic,somatic,GRCh38,NC_000011.10,11,17388245,17388245,na,na,11p15.1,"criteria provided, single submitter",1,-,N,ClinGen:CA935521971,2,1679518,17388245,C,T,-,-,-,-,-,-,SCV002506474,-,-
1671440,single nucleotide variant,NM_000525.4(KCNJ11):c.525C>T (p.His175=),3767,KCNJ11,HGNC:6257,Uncertain significance,0,-,865963367,-,RCV002227399,"Human Phenotype Ontology:HP:0004904,MONDO:MONDO:0018911,MedGen:C0342276,OMIM:PS125850,Orphanet:552",Maturity-onset diabetes of the young,somatic,somatic,GRCh37,NC_000011.9,11,17409114,17409114,na,na,11p15.1,"criteria provided, single submitter",1,-,N,ClinGen:CA218399854,2,1679520,17409114,G,A,-,-,-,-,-,-,SCV002505965,-,-
1671440,single nucleotide variant,NM_000525.4(KCNJ11):c.525C>T (p.His175=),3767,KCNJ11,HGNC:6257,Uncertain significance,0,-,865963367,-,RCV002227399,"Human Phenotype Ontology:HP:0004904,MONDO:MONDO:0018911,MedGen:C0342276,OMIM:PS125850,Orphanet:552",Maturity-onset diabetes of the young,somatic,somatic,GRCh38,NC_000011.10,11,17387567,17387567,na,na,11p15.1,"criteria provided, single submitter",1,-,N,ClinGen:CA218399854,2,1679520,17387567,G,A,-,-,-,-,-,-,SCV002505965,-,-
1671441,single nucleotide variant,NM_000525.4(KCNJ11):c.661C>T (p.Arg221Cys),3767,KCNJ11,HGNC:6257,Uncertain significance,0,-,781450902,-,RCV002227400,"Human Phenotype Ontology:HP:0004904,MONDO:MONDO:0018911,MedGen:C0342276,OMIM:PS125850,Orphanet:552",Maturity-onset diabetes of the young,somatic,somatic,GRCh37,NC_000011.9,11,17408978,17408978,na,na,11p15.1,"criteria provided, single submitter",1,-,N,ClinGen:CA5902267,2,1679521,17408978,G,A,-,-,-,-,-,-,SCV002506485,-,-
1671441,single nucleotide variant,NM_000525.4(KCNJ11):c.661C>T (p.Arg221Cys),3767,KCNJ11,HGNC:6257,Uncertain significance,0,-,781450902,-,RCV002227400,"Human Phenotype Ontology:HP:0004904,MONDO:MONDO:0018911,MedGen:C0342276,OMIM:PS125850,Orphanet:552",Maturity-onset diabetes of the young,somatic,somatic,GRCh38,NC_000011.10,11,17387431,17387431,na,na,11p15.1,"criteria provided, single submitter",1,-,N,ClinGen:CA5902267,2,1679521,17387431,G,A,-,-,-,-,-,-,SCV002506485,-,-
1671442,single nucleotide variant,NM_000525.4(KCNJ11):c.490C>A (p.Leu164Ile),3767,KCNJ11,HGNC:6257,Uncertain significance,0,-,1554901796,-,RCV002227401,"Human Phenotype Ontology:HP:0004904,MONDO:MONDO:0018911,MedGen:C0342276,OMIM:PS125850,Orphanet:552",Maturity-onset diabetes of the young,somatic,somatic,GRCh37,NC_000011.9,11,17409149,17409149,na,na,11p15.1,"criteria provided, single submitter",1,-,N,ClinGen:CA379773266,2,1679522,17409149,G,T,-,-,-,-,-,-,SCV002506507,-,-
1671442,single nucleotide variant,NM_000525.4(KCNJ11):c.490C>A (p.Leu164Ile),3767,KCNJ11,HGNC:6257,Uncertain significance,0,-,1554901796,-,RCV002227401,"Human Phenotype Ontology:HP:0004904,MONDO:MONDO:0018911,MedGen:C0342276,OMIM:PS125850,Orphanet:552",Maturity-onset diabetes of the young,somatic,somatic,GRCh38,NC_000011.10,11,17387602,17387602,na,na,11p15.1,"criteria provided, single submitter",1,-,N,ClinGen:CA379773266,2,1679522,17387602,G,T,-,-,-,-,-,-,SCV002506507,-,-
1671463,single nucleotide variant,NM_000162.5(GCK):c.52C>T (p.Gln18Ter),2645,GCK,HGNC:4195,Likely pathogenic,1,-,1300199281,-,RCV002227421,"MONDO:MONDO:0007453,MedGen:C0342277,OMIM:125851,Orphanet:552",Maturity-onset diabetes of the young type 2,unknown,unknown,GRCh37,NC_000007.13,7,44193056,44193056,na,na,7p13,"criteria provided, single submitter",1,-,N,ClinGen:CA367403853,2,1679542,44193056,G,A,-,-,-,-,-,-,SCV002506574,-,-
1671463,single nucleotide variant,NM_000162.5(GCK):c.52C>T (p.Gln18Ter),2645,GCK,HGNC:4195,Likely pathogenic,1,-,1300199281,-,RCV002227421,"MONDO:MONDO:0007453,MedGen:C0342277,OMIM:125851,Orphanet:552",Maturity-onset diabetes of the young type 2,unknown,unknown,GRCh38,NC_000007.14,7,44153457,44153457,na,na,7p13,"criteria provided, single submitter",1,-,N,ClinGen:CA367403853,2,1679542,44153457,G,A,-,-,-,-,-,-,SCV002506574,-,-
1671464,single nucleotide variant,NM_000162.5(GCK):c.614A>G (p.Asp205Gly),2645,GCK,HGNC:4195,Likely pathogenic,1,-,2128821509,-,RCV002227422,"MONDO:MONDO:0007453,MedGen:C0342277,OMIM:125851,Orphanet:552",Maturity-onset diabetes of the young type 2,maternal,germline,GRCh37,NC_000007.13,7,44189424,44189424,na,na,7p13,"criteria provided, single submitter",1,-,N,ClinGen:CA367401344,2,1679543,44189424,T,C,-,-,-,-,-,-,SCV002506575,-,-
1671464,single nucleotide variant,NM_000162.5(GCK):c.614A>G (p.Asp205Gly),2645,GCK,HGNC:4195,Likely pathogenic,1,-,2128821509,-,RCV002227422,"MONDO:MONDO:0007453,MedGen:C0342277,OMIM:125851,Orphanet:552",Maturity-onset diabetes of the young type 2,maternal,germline,GRCh38,NC_000007.14,7,44149825,44149825,na,na,7p13,"criteria provided, single submitter",1,-,N,ClinGen:CA367401344,2,1679543,44149825,T,C,-,-,-,-,-,-,SCV002506575,-,-
1671465,single nucleotide variant,NM_000162.5(GCK):c.614A>T (p.Asp205Val),2645,GCK,HGNC:4195,Likely pathogenic,1,-,2128821509,-,RCV002227423,"MONDO:MONDO:0007453,MedGen:C0342277,OMIM:125851,Orphanet:552",Maturity-onset diabetes of the young type 2,unknown,unknown,GRCh37,NC_000007.13,7,44189424,44189424,na,na,7p13,"criteria provided, single submitter",1,-,N,ClinGen:CA367401343,2,1679544,44189424,T,A,-,-,-,-,-,-,SCV002506576,-,-
1671465,single nucleotide variant,NM_000162.5(GCK):c.614A>T (p.Asp205Val),2645,GCK,HGNC:4195,Likely pathogenic,1,-,2128821509,-,RCV002227423,"MONDO:MONDO:0007453,MedGen:C0342277,OMIM:125851,Orphanet:552",Maturity-onset diabetes of the young type 2,unknown,unknown,GRCh38,NC_000007.14,7,44149825,44149825,na,na,7p13,"criteria provided, single submitter",1,-,N,ClinGen:CA367401343,2,1679544,44149825,T,A,-,-,-,-,-,-,SCV002506576,-,-
1671466,single nucleotide variant,NM_000162.5(GCK):c.771G>A (p.Trp257Ter),2645,GCK,HGNC:4195,Pathogenic/Likely pathogenic,1,"Jan 12, 2024",2128820597,-,RCV002227424|RCV002509759|RCV003728049,"MONDO:MONDO:0007453,MedGen:C0342277,OMIM:125851,Orphanet:552|MONDO:MONDO:0015967,MedGen:C3888631,Orphanet:183625|MedGen:C3661900",Maturity-onset diabetes of the young type 2|Monogenic diabetes|not provided,germline;unknown,germline,GRCh37,NC_000007.13,7,44187341,44187341,na,na,7p13,"criteria provided, multiple submitters, no conflicts",3,-,N,ClinGen:CA367400590,2,1679545,44187341,C,T,-,-,-,-,-,-,SCV002506577|SCV002819506|SCV004535420,-,-
1671466,single nucleotide variant,NM_000162.5(GCK):c.771G>A (p.Trp257Ter),2645,GCK,HGNC:4195,Pathogenic/Likely pathogenic,1,"Jan 12, 2024",2128820597,-,RCV002227424|RCV002509759|RCV003728049,"MONDO:MONDO:0007453,MedGen:C0342277,OMIM:125851,Orphanet:552|MONDO:MONDO:0015967,MedGen:C3888631,Orphanet:183625|MedGen:C3661900",Maturity-onset diabetes of the young type 2|Monogenic diabetes|not provided,germline;unknown,germline,GRCh38,NC_000007.14,7,44147742,44147742,na,na,7p13,"criteria provided, multiple submitters, no conflicts",3,-,N,ClinGen:CA367400590,2,1679545,44147742,C,T,-,-,-,-,-,-,SCV002506577|SCV002819506|SCV004535420,-,-
1671467,single nucleotide variant,NM_000162.5(GCK):c.941T>G (p.Leu314Arg),2645,GCK,HGNC:4195,Likely pathogenic,1,-,1554334886,-,RCV002227425,"MONDO:MONDO:0007453,MedGen:C0342277,OMIM:125851,Orphanet:552",Maturity-onset diabetes of the young type 2,unknown,unknown,GRCh37,NC_000007.13,7,44186140,44186140,na,na,7p13,"criteria provided, single submitter",1,-,N,ClinGen:CA367399949,2,1679546,44186140,A,C,-,-,-,-,-,-,SCV002506579,-,-
1671467,single nucleotide variant,NM_000162.5(GCK):c.941T>G (p.Leu314Arg),2645,GCK,HGNC:4195,Likely pathogenic,1,-,1554334886,-,RCV002227425,"MONDO:MONDO:0007453,MedGen:C0342277,OMIM:125851,Orphanet:552",Maturity-onset diabetes of the young type 2,unknown,unknown,GRCh38,NC_000007.14,7,44146541,44146541,na,na,7p13,"criteria provided, single submitter",1,-,N,ClinGen:CA367399949,2,1679546,44146541,A,C,-,-,-,-,-,-,SCV002506579,-,-
1671468,single nucleotide variant,NM_000162.5(GCK):c.1079C>A (p.Ser360Ter),2645,GCK,HGNC:4195,Pathogenic,1,"Jan 22, 2026",2128819357,-,RCV002227426|RCV006454750|RCV006470261,"MONDO:MONDO:0007453,MedGen:C0342277,OMIM:125851,Orphanet:552|MONDO:MONDO:0015967,MedGen:C3888631,Orphanet:183625|MedGen:C3661900",Maturity-onset diabetes of the young type 2|Monogenic diabetes|not provided,germline;unknown,germline,GRCh37,NC_000007.13,7,44185270,44185270,na,na,7p13,reviewed by expert panel,4,-,N,ClinGen:CA367399113,2,1679547,44185270,G,T,-,-,-,-,-,-,SCV007338196,-,-
1671468,single nucleotide variant,NM_000162.5(GCK):c.1079C>A (p.Ser360Ter),2645,GCK,HGNC:4195,Pathogenic,1,"Jan 22, 2026",2128819357,-,RCV002227426|RCV006454750|RCV006470261,"MONDO:MONDO:0007453,MedGen:C0342277,OMIM:125851,Orphanet:552|MONDO:MONDO:0015967,MedGen:C3888631,Orphanet:183625|MedGen:C3661900",Maturity-onset diabetes of the young type 2|Monogenic diabetes|not provided,germline;unknown,germline,GRCh38,NC_000007.14,7,44145671,44145671,na,na,7p13,reviewed by expert panel,4,-,N,ClinGen:CA367399113,2,1679547,44145671,G,T,-,-,-,-,-,-,SCV007338196,-,-
1671469,single nucleotide variant,NM_000162.5(GCK):c.1312T>G (p.Phe438Val),2645,GCK,HGNC:4195,Conflicting classifications of pathogenicity,1,"Dec 23, 2025",2128818820,-,RCV002227427|RCV006470262,"MONDO:MONDO:0007453,MedGen:C0342277,OMIM:125851,Orphanet:552|MedGen:C3661900",Maturity-onset diabetes of the young type 2|not provided,germline;unknown,germline,GRCh37,NC_000007.13,7,44184821,44184821,na,na,7p13,"criteria provided, conflicting classifications",2,-,N,ClinGen:CA367397071,2,1679548,44184821,A,C,-,-,-,-,-,-,SCV002506581|SCV007410100,-,-
1671469,single nucleotide variant,NM_000162.5(GCK):c.1312T>G (p.Phe438Val),2645,GCK,HGNC:4195,Conflicting classifications of pathogenicity,1,"Dec 23, 2025",2128818820,-,RCV002227427|RCV006470262,"MONDO:MONDO:0007453,MedGen:C0342277,OMIM:125851,Orphanet:552|MedGen:C3661900",Maturity-onset diabetes of the young type 2|not provided,germline;unknown,germline,GRCh38,NC_000007.14,7,44145222,44145222,na,na,7p13,"criteria provided, conflicting classifications",2,-,N,ClinGen:CA367397071,2,1679548,44145222,A,C,-,-,-,-,-,-,SCV002506581|SCV007410100,-,-
1671470,single nucleotide variant,NM_000162.5(GCK):c.475A>G (p.Ile159Val),2645,GCK,HGNC:4195,Pathogenic/Likely pathogenic,1,"Oct 21, 2024",1319364468,-,RCV002227428|RCV002280206|RCV004526193,"MONDO:MONDO:0007453,MedGen:C0342277,OMIM:125851,Orphanet:552|MedGen:C3661900|MONDO:MONDO:0015967,MedGen:C3888631,Orphanet:183625",Maturity-onset diabetes of the young type 2|not provided|Monogenic diabetes,germline;unknown,germline,GRCh37,NC_000007.13,7,44190563,44190563,na,na,7p13,"criteria provided, multiple submitters, no conflicts",4,-,N,ClinGen:CA367401860,2,1679549,44190563,T,C,-,-,-,-,-,-,SCV002506582|SCV002568708|SCV005040498|SCV005835028,-,-
1671470,single nucleotide variant,NM_000162.5(GCK):c.475A>G (p.Ile159Val),2645,GCK,HGNC:4195,Pathogenic/Likely pathogenic,1,"Oct 21, 2024",1319364468,-,RCV002227428|RCV002280206|RCV004526193,"MONDO:MONDO:0007453,MedGen:C0342277,OMIM:125851,Orphanet:552|MedGen:C3661900|MONDO:MONDO:0015967,MedGen:C3888631,Orphanet:183625",Maturity-onset diabetes of the young type 2|not provided|Monogenic diabetes,germline;unknown,germline,GRCh38,NC_000007.14,7,44150964,44150964,na,na,7p13,"criteria provided, multiple submitters, no conflicts",4,-,N,ClinGen:CA367401860,2,1679549,44150964,T,C,-,-,-,-,-,-,SCV002506582|SCV002568708|SCV005040498|SCV005835028,-,-
1671472,single nucleotide variant,NM_000162.5(GCK):c.102G>A (p.Met34Ile),2645,GCK,HGNC:4195,Conflicting classifications of pathogenicity,1,"Oct 05, 2025",2096283252,-,RCV002227430|RCV004729107,"MONDO:MONDO:0007453,MedGen:C0342277,OMIM:125851,Orphanet:552|MedGen:C3661900",Maturity-onset diabetes of the young type 2|not provided,germline;unknown,germline,GRCh37,NC_000007.13,7,44193006,44193006,na,na,7p13,"criteria provided, conflicting classifications",3,-,N,ClinGen:CA367403586,2,1679551,44193006,C,T,-,-,-,-,-,-,SCV002506586|SCV005332801|SCV007412236,-,-
1671472,single nucleotide variant,NM_000162.5(GCK):c.102G>A (p.Met34Ile),2645,GCK,HGNC:4195,Conflicting classifications of pathogenicity,1,"Oct 05, 2025",2096283252,-,RCV002227430|RCV004729107,"MONDO:MONDO:0007453,MedGen:C0342277,OMIM:125851,Orphanet:552|MedGen:C3661900",Maturity-onset diabetes of the young type 2|not provided,germline;unknown,germline,GRCh38,NC_000007.14,7,44153407,44153407,na,na,7p13,"criteria provided, conflicting classifications",3,-,N,ClinGen:CA367403586,2,1679551,44153407,C,T,-,-,-,-,-,-,SCV002506586|SCV005332801|SCV007412236,-,-
1671473,single nucleotide variant,NM_000162.5(GCK):c.208G>A (p.Glu70Lys),2645,GCK,HGNC:4195,Pathogenic/Likely pathogenic,1,"Nov 01, 2022",2128823091,-,RCV002227431|RCV002473357|RCV003329435,"MONDO:MONDO:0007453,MedGen:C0342277,OMIM:125851,Orphanet:552|MedGen:C3661900|Human Phenotype Ontology:HP:0004904,MONDO:MONDO:0018911,MedGen:C0342276,OMIM:PS125850,Orphanet:552",Maturity-onset diabetes of the young type 2|not provided|Maturity-onset diabetes of the young,germline;unknown,germline,GRCh37,NC_000007.13,7,44192900,44192900,na,na,7p13,"criteria provided, multiple submitters, no conflicts",4,-,N,ClinGen:CA367403203,2,1679552,44192900,C,T,-,-,-,-,-,-,SCV002506588|SCV002771532|SCV003921452|SCV004037055,-,-
1671473,single nucleotide variant,NM_000162.5(GCK):c.208G>A (p.Glu70Lys),2645,GCK,HGNC:4195,Pathogenic/Likely pathogenic,1,"Nov 01, 2022",2128823091,-,RCV002227431|RCV002473357|RCV003329435,"MONDO:MONDO:0007453,MedGen:C0342277,OMIM:125851,Orphanet:552|MedGen:C3661900|Human Phenotype Ontology:HP:0004904,MONDO:MONDO:0018911,MedGen:C0342276,OMIM:PS125850,Orphanet:552",Maturity-onset diabetes of the young type 2|not provided|Maturity-onset diabetes of the young,germline;unknown,germline,GRCh38,NC_000007.14,7,44153301,44153301,na,na,7p13,"criteria provided, multiple submitters, no conflicts",4,-,N,ClinGen:CA367403203,2,1679552,44153301,C,T,-,-,-,-,-,-,SCV002506588|SCV002771532|SCV003921452|SCV004037055,-,-
1671474,single nucleotide variant,NM_000162.5(GCK):c.208+2T>C,2645,GCK,HGNC:4195,Pathogenic/Likely pathogenic,1,"Aug 02, 2022",2128823089,-,RCV002227432,"MONDO:MONDO:0007453,MedGen:C0342277,OMIM:125851,Orphanet:552",Maturity-onset diabetes of the young type 2,germline;maternal,germline,GRCh37,NC_000007.13,7,44192898,44192898,na,na,7p13,"criteria provided, multiple submitters, no conflicts",2,-,N,ClinGen:CA367403194,2,1679553,44192898,A,G,-,-,-,-,-,-,SCV002506589|SCV002562165,-,-
1671474,single nucleotide variant,NM_000162.5(GCK):c.208+2T>C,2645,GCK,HGNC:4195,Pathogenic/Likely pathogenic,1,"Aug 02, 2022",2128823089,-,RCV002227432,"MONDO:MONDO:0007453,MedGen:C0342277,OMIM:125851,Orphanet:552",Maturity-onset diabetes of the young type 2,germline;maternal,germline,GRCh38,NC_000007.14,7,44153299,44153299,na,na,7p13,"criteria provided, multiple submitters, no conflicts",2,-,N,ClinGen:CA367403194,2,1679553,44153299,A,G,-,-,-,-,-,-,SCV002506589|SCV002562165,-,-
1671475,single nucleotide variant,NM_000162.5(GCK):c.485G>A (p.Gly162Asp),2645,GCK,HGNC:4195,Conflicting classifications of pathogenicity,1,"Dec 18, 2025",1170194230,-,RCV002227433|RCV006470263,"MONDO:MONDO:0007453,MedGen:C0342277,OMIM:125851,Orphanet:552|MedGen:C3661900",Maturity-onset diabetes of the young type 2|not provided,germline;unknown,germline,GRCh37,NC_000007.13,7,44189662,44189662,na,na,7p13,"criteria provided, conflicting classifications",3,-,N,ClinGen:CA367401806,2,1679554,44189662,C,T,-,-,-,-,-,-,SCV002506590|SCV005326358|SCV007419010,-,-
1671475,single nucleotide variant,NM_000162.5(GCK):c.485G>A (p.Gly162Asp),2645,GCK,HGNC:4195,Conflicting classifications of pathogenicity,1,"Dec 18, 2025",1170194230,-,RCV002227433|RCV006470263,"MONDO:MONDO:0007453,MedGen:C0342277,OMIM:125851,Orphanet:552|MedGen:C3661900",Maturity-onset diabetes of the young type 2|not provided,germline;unknown,germline,GRCh38,NC_000007.14,7,44150063,44150063,na,na,7p13,"criteria provided, conflicting classifications",3,-,N,ClinGen:CA367401806,2,1679554,44150063,C,T,-,-,-,-,-,-,SCV002506590|SCV005326358|SCV007419010,-,-
1671476,single nucleotide variant,NM_000162.5(GCK):c.524G>C (p.Gly175Ala),2645,GCK,HGNC:4195,Uncertain significance,1,"Feb 23, 2024",2128821624,-,RCV002227434|RCV002337411|RCV003883190,"MONDO:MONDO:0007453,MedGen:C0342277,OMIM:125851,Orphanet:552|Human Phenotype Ontology:HP:0004904,MONDO:MONDO:0018911,MedGen:C0342276,OMIM:PS125850,Orphanet:552|MONDO:MONDO:0015967,MedGen:C3888631,Orphanet:183625",Maturity-onset diabetes of the young type 2|Maturity-onset diabetes of the young|Monogenic diabetes,germline;unknown,germline,GRCh37,NC_000007.13,7,44189623,44189623,na,na,7p13,reviewed by expert panel,3,-,N,ClinGen:CA367401681,2,1679555,44189623,C,G,-,-,-,-,-,-,SCV004697924,-,-
1671476,single nucleotide variant,NM_000162.5(GCK):c.524G>C (p.Gly175Ala),2645,GCK,HGNC:4195,Uncertain significance,1,"Feb 23, 2024",2128821624,-,RCV002227434|RCV002337411|RCV003883190,"MONDO:MONDO:0007453,MedGen:C0342277,OMIM:125851,Orphanet:552|Human Phenotype Ontology:HP:0004904,MONDO:MONDO:0018911,MedGen:C0342276,OMIM:PS125850,Orphanet:552|MONDO:MONDO:0015967,MedGen:C3888631,Orphanet:183625",Maturity-onset diabetes of the young type 2|Maturity-onset diabetes of the young|Monogenic diabetes,germline;unknown,germline,GRCh38,NC_000007.14,7,44150024,44150024,na,na,7p13,reviewed by expert panel,3,-,N,ClinGen:CA367401681,2,1679555,44150024,C,G,-,-,-,-,-,-,SCV004697924,-,-
1675710,single nucleotide variant,NM_000162.5(GCK):c.579G>T (p.Gly193=),2645,GCK,HGNC:4195,Pathogenic/Likely pathogenic,1,"Jul 16, 2025",2128821570,-,RCV002244300|RCV003329437|RCV006470271,"MONDO:MONDO:0010894,MedGen:C1838100,OMIM:600496,Orphanet:552|Human Phenotype Ontology:HP:0004904,MONDO:MONDO:0018911,MedGen:C0342276,OMIM:PS125850,Orphanet:552|MedGen:C3661900",Maturity-onset diabetes of the young type 3|Maturity-onset diabetes of the young|not provided,germline;paternal,germline,GRCh37,NC_000007.13,7,44189568,44189568,na,na,7p13,"criteria provided, multiple submitters, no conflicts",3,-,N,ClinGen:CA454609262,2,1683779,44189568,C,A,-,-,-,-,-,-,SCV002507485|SCV004037079|SCV007419008,-,-
1675710,single nucleotide variant,NM_000162.5(GCK):c.579G>T (p.Gly193=),2645,GCK,HGNC:4195,Pathogenic/Likely pathogenic,1,"Jul 16, 2025",2128821570,-,RCV002244300|RCV003329437|RCV006470271,"MONDO:MONDO:0010894,MedGen:C1838100,OMIM:600496,Orphanet:552|Human Phenotype Ontology:HP:0004904,MONDO:MONDO:0018911,MedGen:C0342276,OMIM:PS125850,Orphanet:552|MedGen:C3661900",Maturity-onset diabetes of the young type 3|Maturity-onset diabetes of the young|not provided,germline;paternal,germline,GRCh38,NC_000007.14,7,44149969,44149969,na,na,7p13,"criteria provided, multiple submitters, no conflicts",3,-,N,ClinGen:CA454609262,2,1683779,44149969,C,A,-,-,-,-,-,-,SCV002507485|SCV004037079|SCV007419008,-,-
1675713,single nucleotide variant,NM_000352.6(ABCC8):c.4612C>G (p.Arg1538Gly),6833,ABCC8,HGNC:59,Uncertain significance,0,-,1411638309,-,RCV002244304|RCV002244303,"Human Phenotype Ontology:HP:0008255,MONDO:MONDO:0020525,MedGen:C0342273|Human Phenotype Ontology:HP:0004904,MONDO:MONDO:0018911,MedGen:C0342276,OMIM:PS125850,Orphanet:552",Transitory neonatal diabetes mellitus|Maturity-onset diabetes of the young,somatic,somatic,GRCh37,NC_000011.9,11,17414672,17414672,na,na,11p15.1,"criteria provided, single submitter",1,-,N,ClinGen:CA379781526,2,1683782,17414672,G,C,-,-,-,-,-,-,SCV002512166|SCV002512168,-,-
1675713,single nucleotide variant,NM_000352.6(ABCC8):c.4612C>G (p.Arg1538Gly),6833,ABCC8,HGNC:59,Uncertain significance,0,-,1411638309,-,RCV002244304|RCV002244303,"Human Phenotype Ontology:HP:0008255,MONDO:MONDO:0020525,MedGen:C0342273|Human Phenotype Ontology:HP:0004904,MONDO:MONDO:0018911,MedGen:C0342276,OMIM:PS125850,Orphanet:552",Transitory neonatal diabetes mellitus|Maturity-onset diabetes of the young,somatic,somatic,GRCh38,NC_000011.10,11,17393125,17393125,na,na,11p15.1,"criteria provided, single submitter",1,-,N,ClinGen:CA379781526,2,1683782,17393125,G,C,-,-,-,-,-,-,SCV002512166|SCV002512168,-,-
1675967,single nucleotide variant,NM_000352.6(ABCC8):c.4545+4G>C,6833,ABCC8,HGNC:59,Uncertain significance,0,-,760433463,-,RCV002244555|RCV002244554,"Human Phenotype Ontology:HP:0008255,MONDO:MONDO:0020525,MedGen:C0342273|Human Phenotype Ontology:HP:0004904,MONDO:MONDO:0018911,MedGen:C0342276,OMIM:PS125850,Orphanet:552",Transitory neonatal diabetes mellitus|Maturity-onset diabetes of the young,somatic,somatic,GRCh37,NC_000011.9,11,17415809,17415809,na,na,11p15.1,"criteria provided, single submitter",1,-,N,ClinGen:CA5902450,2,1684036,17415809,C,G,-,-,-,-,-,-,SCV002513043|SCV002513044,-,-
1675967,single nucleotide variant,NM_000352.6(ABCC8):c.4545+4G>C,6833,ABCC8,HGNC:59,Uncertain significance,0,-,760433463,-,RCV002244555|RCV002244554,"Human Phenotype Ontology:HP:0008255,MONDO:MONDO:0020525,MedGen:C0342273|Human Phenotype Ontology:HP:0004904,MONDO:MONDO:0018911,MedGen:C0342276,OMIM:PS125850,Orphanet:552",Transitory neonatal diabetes mellitus|Maturity-onset diabetes of the young,somatic,somatic,GRCh38,NC_000011.10,11,17394262,17394262,na,na,11p15.1,"criteria provided, single submitter",1,-,N,ClinGen:CA5902450,2,1684036,17394262,C,G,-,-,-,-,-,-,SCV002513043|SCV002513044,-,-
1675970,single nucleotide variant,NM_000352.6(ABCC8):c.4307+13A>G,6833,ABCC8,HGNC:59,Conflicting classifications of pathogenicity,0,"Nov 17, 2023",886048047,-,RCV002244558|RCV002274249|RCV003738161,"Human Phenotype Ontology:HP:0008255,MONDO:MONDO:0020525,MedGen:C0342273|Human Phenotype Ontology:HP:0004904,MONDO:MONDO:0018911,MedGen:C0342276,OMIM:PS125850,Orphanet:552|MedGen:C3661900",Transitory neonatal diabetes mellitus|Maturity-onset diabetes of the young|not provided,germline;somatic;unknown,germline/somatic,GRCh37,NC_000011.9,11,17417144,17417144,na,na,11p15.1,"criteria provided, conflicting classifications",2,-,N,ClinGen:CA597904403,2,1684039,17417144,T,C,-,-,-,-,-,-,SCV002513336|SCV002558788|SCV004550283,-,-
1675970,single nucleotide variant,NM_000352.6(ABCC8):c.4307+13A>G,6833,ABCC8,HGNC:59,Conflicting classifications of pathogenicity,0,"Nov 17, 2023",886048047,-,RCV002244558|RCV002274249|RCV003738161,"Human Phenotype Ontology:HP:0008255,MONDO:MONDO:0020525,MedGen:C0342273|Human Phenotype Ontology:HP:0004904,MONDO:MONDO:0018911,MedGen:C0342276,OMIM:PS125850,Orphanet:552|MedGen:C3661900",Transitory neonatal diabetes mellitus|Maturity-onset diabetes of the young|not provided,germline;somatic;unknown,germline/somatic,GRCh38,NC_000011.10,11,17395597,17395597,na,na,11p15.1,"criteria provided, conflicting classifications",2,-,N,ClinGen:CA597904403,2,1684039,17395597,T,C,-,-,-,-,-,-,SCV002513336|SCV002558788|SCV004550283,-,-
1675971,single nucleotide variant,NM_000352.6(ABCC8):c.4281C>A (p.Asp1427Glu),6833,ABCC8,HGNC:59,Uncertain significance,0,-,1334003978,-,RCV002244560|RCV002244559,"Human Phenotype Ontology:HP:0008255,MONDO:MONDO:0020525,MedGen:C0342273|Human Phenotype Ontology:HP:0004904,MONDO:MONDO:0018911,MedGen:C0342276,OMIM:PS125850,Orphanet:552",Transitory neonatal diabetes mellitus|Maturity-onset diabetes of the young,somatic,somatic,GRCh37,NC_000011.9,11,17417183,17417183,na,na,11p15.1,"criteria provided, single submitter",1,-,N,ClinGen:CA379786499,2,1684040,17417183,G,T,-,-,-,-,-,-,SCV002513346|SCV002513347,-,-
1675971,single nucleotide variant,NM_000352.6(ABCC8):c.4281C>A (p.Asp1427Glu),6833,ABCC8,HGNC:59,Uncertain significance,0,-,1334003978,-,RCV002244560|RCV002244559,"Human Phenotype Ontology:HP:0008255,MONDO:MONDO:0020525,MedGen:C0342273|Human Phenotype Ontology:HP:0004904,MONDO:MONDO:0018911,MedGen:C0342276,OMIM:PS125850,Orphanet:552",Transitory neonatal diabetes mellitus|Maturity-onset diabetes of the young,somatic,somatic,GRCh38,NC_000011.10,11,17395636,17395636,na,na,11p15.1,"criteria provided, single submitter",1,-,N,ClinGen:CA379786499,2,1684040,17395636,G,T,-,-,-,-,-,-,SCV002513346|SCV002513347,-,-
1676190,single nucleotide variant,NM_000352.6(ABCC8):c.4090G>T (p.Val1364Phe),6833,ABCC8,HGNC:59,Conflicting classifications of pathogenicity,0,"Oct 10, 2023",138642224,-,RCV002245266|RCV002274250|RCV002488625|RCV005638621,"Human Phenotype Ontology:HP:0008255,MONDO:MONDO:0020525,MedGen:C0342273|Human Phenotype Ontology:HP:0004904,MONDO:MONDO:0018911,MedGen:C0342276,OMIM:PS125850,Orphanet:552|MONDO:MONDO:0012480,MedGen:C1835887,OMIM:610374,Orphanet:99886;MONDO:MONDO:0009734,MedGen:C2931832,OMIM:256450,Orphanet:276575,Orphanet:276598;Human Phenotype Ontology:HP:0005965,Human Phenotype Ontology:HP:0005978,Human Phenotype Ontology:HP:0100652,MONDO:MONDO:0005148,MeSH:D003924,MedGen:C0011860,OMIM:125853;MONDO:MONDO:0030088,MedGen:C5394303,OMIM:618857;MONDO:MONDO:0009415,MedGen:C0271714,OMIM:240800|MedGen:C3661900","Transitory neonatal diabetes mellitus|Maturity-onset diabetes of the young|Diabetes mellitus, transient neonatal, 2;Hyperinsulinemic hypoglycemia, familial, 1;Type 2 diabetes mellitus;Diabetes mellitus, permanent neonatal 3;Leucine-induced hypoglycemia|not provided",germline;somatic;unknown,germline/somatic,GRCh37,NC_000011.9,11,17418492,17418492,na,na,11p15.1,"criteria provided, conflicting classifications",3,-,N,ClinGen:CA5902587,2,1684260,17418492,C,A,-,-,-,-,-,-,SCV002513489|SCV002558803|SCV002792843|SCV006325484,-,-
1676190,single nucleotide variant,NM_000352.6(ABCC8):c.4090G>T (p.Val1364Phe),6833,ABCC8,HGNC:59,Conflicting classifications of pathogenicity,0,"Oct 10, 2023",138642224,-,RCV002245266|RCV002274250|RCV002488625|RCV005638621,"Human Phenotype Ontology:HP:0008255,MONDO:MONDO:0020525,MedGen:C0342273|Human Phenotype Ontology:HP:0004904,MONDO:MONDO:0018911,MedGen:C0342276,OMIM:PS125850,Orphanet:552|MONDO:MONDO:0012480,MedGen:C1835887,OMIM:610374,Orphanet:99886;MONDO:MONDO:0009734,MedGen:C2931832,OMIM:256450,Orphanet:276575,Orphanet:276598;Human Phenotype Ontology:HP:0005965,Human Phenotype Ontology:HP:0005978,Human Phenotype Ontology:HP:0100652,MONDO:MONDO:0005148,MeSH:D003924,MedGen:C0011860,OMIM:125853;MONDO:MONDO:0030088,MedGen:C5394303,OMIM:618857;MONDO:MONDO:0009415,MedGen:C0271714,OMIM:240800|MedGen:C3661900","Transitory neonatal diabetes mellitus|Maturity-onset diabetes of the young|Diabetes mellitus, transient neonatal, 2;Hyperinsulinemic hypoglycemia, familial, 1;Type 2 diabetes mellitus;Diabetes mellitus, permanent neonatal 3;Leucine-induced hypoglycemia|not provided",germline;somatic;unknown,germline/somatic,GRCh38,NC_000011.10,11,17396945,17396945,na,na,11p15.1,"criteria provided, conflicting classifications",3,-,N,ClinGen:CA5902587,2,1684260,17396945,C,A,-,-,-,-,-,-,SCV002513489|SCV002558803|SCV002792843|SCV006325484,-,-
1676422,single nucleotide variant,NM_000352.6(ABCC8):c.3681C>G (p.Leu1227=),6833,ABCC8,HGNC:59,Conflicting classifications of pathogenicity,0,"Jul 14, 2023",370636988,-,RCV002245499|RCV002245498|RCV003660915,"Human Phenotype Ontology:HP:0008255,MONDO:MONDO:0020525,MedGen:C0342273|Human Phenotype Ontology:HP:0004904,MONDO:MONDO:0018911,MedGen:C0342276,OMIM:PS125850,Orphanet:552|MedGen:C3661900",Transitory neonatal diabetes mellitus|Maturity-onset diabetes of the young|not provided,germline;somatic,germline/somatic,GRCh37,NC_000011.9,11,17419958,17419958,na,na,11p15.1,"criteria provided, conflicting classifications",2,-,N,ClinGen:CA218411348,2,1684493,17419958,G,C,-,-,-,-,-,-,SCV002515387|SCV002515388|SCV004374068,-,-
1676422,single nucleotide variant,NM_000352.6(ABCC8):c.3681C>G (p.Leu1227=),6833,ABCC8,HGNC:59,Conflicting classifications of pathogenicity,0,"Jul 14, 2023",370636988,-,RCV002245499|RCV002245498|RCV003660915,"Human Phenotype Ontology:HP:0008255,MONDO:MONDO:0020525,MedGen:C0342273|Human Phenotype Ontology:HP:0004904,MONDO:MONDO:0018911,MedGen:C0342276,OMIM:PS125850,Orphanet:552|MedGen:C3661900",Transitory neonatal diabetes mellitus|Maturity-onset diabetes of the young|not provided,germline;somatic,germline/somatic,GRCh38,NC_000011.10,11,17398411,17398411,na,na,11p15.1,"criteria provided, conflicting classifications",2,-,N,ClinGen:CA218411348,2,1684493,17398411,G,C,-,-,-,-,-,-,SCV002515387|SCV002515388|SCV004374068,-,-
1676423,single nucleotide variant,NM_000352.6(ABCC8):c.3558-7G>T,6833,ABCC8,HGNC:59,Conflicting classifications of pathogenicity,0,-,900191703,-,RCV002245500|RCV002274251,"Human Phenotype Ontology:HP:0008255,MONDO:MONDO:0020525,MedGen:C0342273|Human Phenotype Ontology:HP:0004904,MONDO:MONDO:0018911,MedGen:C0342276,OMIM:PS125850,Orphanet:552",Transitory neonatal diabetes mellitus|Maturity-onset diabetes of the young,somatic;unknown,somatic,GRCh37,NC_000011.9,11,17424307,17424307,na,na,11p15.1,"criteria provided, conflicting classifications",1,-,N,ClinGen:CA1955126728,2,1684494,17424307,C,A,-,-,-,-,-,-,SCV002515410|SCV002558801,-,-
1676423,single nucleotide variant,NM_000352.6(ABCC8):c.3558-7G>T,6833,ABCC8,HGNC:59,Conflicting classifications of pathogenicity,0,-,900191703,-,RCV002245500|RCV002274251,"Human Phenotype Ontology:HP:0008255,MONDO:MONDO:0020525,MedGen:C0342273|Human Phenotype Ontology:HP:0004904,MONDO:MONDO:0018911,MedGen:C0342276,OMIM:PS125850,Orphanet:552",Transitory neonatal diabetes mellitus|Maturity-onset diabetes of the young,somatic;unknown,somatic,GRCh38,NC_000011.10,11,17402760,17402760,na,na,11p15.1,"criteria provided, conflicting classifications",1,-,N,ClinGen:CA1955126728,2,1684494,17402760,C,A,-,-,-,-,-,-,SCV002515410|SCV002558801,-,-
1676425,single nucleotide variant,NM_000352.6(ABCC8):c.3516C>A (p.Ile1172=),6833,ABCC8,HGNC:59,Uncertain significance,0,-,142155036,-,RCV002245503|RCV002245502,"Human Phenotype Ontology:HP:0008255,MONDO:MONDO:0020525,MedGen:C0342273|Human Phenotype Ontology:HP:0004904,MONDO:MONDO:0018911,MedGen:C0342276,OMIM:PS125850,Orphanet:552",Transitory neonatal diabetes mellitus|Maturity-onset diabetes of the young,somatic,somatic,GRCh37,NC_000011.9,11,17426100,17426100,na,na,11p15.1,"criteria provided, single submitter",1,-,N,ClinGen:CA5902789,2,1684496,17426100,G,T,-,-,-,-,-,-,SCV002515433|SCV002515434,-,-
1676425,single nucleotide variant,NM_000352.6(ABCC8):c.3516C>A (p.Ile1172=),6833,ABCC8,HGNC:59,Uncertain significance,0,-,142155036,-,RCV002245503|RCV002245502,"Human Phenotype Ontology:HP:0008255,MONDO:MONDO:0020525,MedGen:C0342273|Human Phenotype Ontology:HP:0004904,MONDO:MONDO:0018911,MedGen:C0342276,OMIM:PS125850,Orphanet:552",Transitory neonatal diabetes mellitus|Maturity-onset diabetes of the young,somatic,somatic,GRCh38,NC_000011.10,11,17404553,17404553,na,na,11p15.1,"criteria provided, single submitter",1,-,N,ClinGen:CA5902789,2,1684496,17404553,G,T,-,-,-,-,-,-,SCV002515433|SCV002515434,-,-
1676461,single nucleotide variant,NM_000352.6(ABCC8):c.2556+1G>T,6833,ABCC8,HGNC:59,Conflicting classifications of pathogenicity,1,"Mar 04, 2023",749271190,-,RCV002245540|RCV002245539|RCV003718455,"Human Phenotype Ontology:HP:0008255,MONDO:MONDO:0020525,MedGen:C0342273|Human Phenotype Ontology:HP:0004904,MONDO:MONDO:0018911,MedGen:C0342276,OMIM:PS125850,Orphanet:552|MedGen:C3661900",Transitory neonatal diabetes mellitus|Maturity-onset diabetes of the young|not provided,germline;somatic,germline/somatic,GRCh37,NC_000011.9,11,17434212,17434212,na,na,11p15.1,"criteria provided, conflicting classifications",2,-,N,ClinGen:CA218427985,2,1684532,17434212,C,A,-,-,-,-,-,-,SCV002515461|SCV002515462|SCV004504103,-,-
1676461,single nucleotide variant,NM_000352.6(ABCC8):c.2556+1G>T,6833,ABCC8,HGNC:59,Conflicting classifications of pathogenicity,1,"Mar 04, 2023",749271190,-,RCV002245540|RCV002245539|RCV003718455,"Human Phenotype Ontology:HP:0008255,MONDO:MONDO:0020525,MedGen:C0342273|Human Phenotype Ontology:HP:0004904,MONDO:MONDO:0018911,MedGen:C0342276,OMIM:PS125850,Orphanet:552|MedGen:C3661900",Transitory neonatal diabetes mellitus|Maturity-onset diabetes of the young|not provided,germline;somatic,germline/somatic,GRCh38,NC_000011.10,11,17412665,17412665,na,na,11p15.1,"criteria provided, conflicting classifications",2,-,N,ClinGen:CA218427985,2,1684532,17412665,C,A,-,-,-,-,-,-,SCV002515461|SCV002515462|SCV004504103,-,-
1676462,single nucleotide variant,NM_000352.6(ABCC8):c.2539G>C (p.Ala847Pro),6833,ABCC8,HGNC:59,Uncertain significance,0,-,561593131,-,RCV002245541|RCV002245542,"Human Phenotype Ontology:HP:0004904,MONDO:MONDO:0018911,MedGen:C0342276,OMIM:PS125850,Orphanet:552|Human Phenotype Ontology:HP:0008255,MONDO:MONDO:0020525,MedGen:C0342273",Maturity-onset diabetes of the young|Transitory neonatal diabetes mellitus,somatic,somatic,GRCh37,NC_000011.9,11,17434230,17434230,na,na,11p15.1,"criteria provided, single submitter",1,-,N,ClinGen:CA379807392,2,1684533,17434230,C,G,-,-,-,-,-,-,SCV002515465|SCV002515466,-,-
1676462,single nucleotide variant,NM_000352.6(ABCC8):c.2539G>C (p.Ala847Pro),6833,ABCC8,HGNC:59,Uncertain significance,0,-,561593131,-,RCV002245541|RCV002245542,"Human Phenotype Ontology:HP:0004904,MONDO:MONDO:0018911,MedGen:C0342276,OMIM:PS125850,Orphanet:552|Human Phenotype Ontology:HP:0008255,MONDO:MONDO:0020525,MedGen:C0342273",Maturity-onset diabetes of the young|Transitory neonatal diabetes mellitus,somatic,somatic,GRCh38,NC_000011.10,11,17412683,17412683,na,na,11p15.1,"criteria provided, single submitter",1,-,N,ClinGen:CA379807392,2,1684533,17412683,C,G,-,-,-,-,-,-,SCV002515465|SCV002515466,-,-
1677348,single nucleotide variant,NM_000162.5(GCK):c.1017G>C (p.Glu339Asp),2645,GCK,HGNC:4195,Uncertain significance,1,"Feb 28, 2024",954171452,-,RCV002249054|RCV003883192,"MONDO:MONDO:0007453,MedGen:C0342277,OMIM:125851,Orphanet:552|MONDO:MONDO:0015967,MedGen:C3888631,Orphanet:183625",Maturity-onset diabetes of the young type 2|Monogenic diabetes,germline,germline,GRCh37,NC_000007.13,7,44186064,44186064,na,na,7p13,reviewed by expert panel,2,-,N,ClinGen:CA157914367,2,1685327,44186064,C,G,-,-,-,-,-,-,SCV004697913,-,-
1677348,single nucleotide variant,NM_000162.5(GCK):c.1017G>C (p.Glu339Asp),2645,GCK,HGNC:4195,Uncertain significance,1,"Feb 28, 2024",954171452,-,RCV002249054|RCV003883192,"MONDO:MONDO:0007453,MedGen:C0342277,OMIM:125851,Orphanet:552|MONDO:MONDO:0015967,MedGen:C3888631,Orphanet:183625",Maturity-onset diabetes of the young type 2|Monogenic diabetes,germline,germline,GRCh38,NC_000007.14,7,44146465,44146465,na,na,7p13,reviewed by expert panel,2,-,N,ClinGen:CA157914367,2,1685327,44146465,C,G,-,-,-,-,-,-,SCV004697913,-,-
1677349,single nucleotide variant,NM_000162.5(GCK):c.917T>A (p.Leu306Gln),2645,GCK,HGNC:4195,Likely pathogenic,1,"May 04, 2022",193922337,-,RCV002249055,"MONDO:MONDO:0007453,MedGen:C0342277,OMIM:125851,Orphanet:552",Maturity-onset diabetes of the young type 2,germline,germline,GRCh37,NC_000007.13,7,44186164,44186164,na,na,7p13,"criteria provided, single submitter",1,-,N,ClinGen:CA367400029,2,1685328,44186164,A,T,-,-,-,-,-,-,SCV002516349,-,-
1677349,single nucleotide variant,NM_000162.5(GCK):c.917T>A (p.Leu306Gln),2645,GCK,HGNC:4195,Likely pathogenic,1,"May 04, 2022",193922337,-,RCV002249055,"MONDO:MONDO:0007453,MedGen:C0342277,OMIM:125851,Orphanet:552",Maturity-onset diabetes of the young type 2,germline,germline,GRCh38,NC_000007.14,7,44146565,44146565,na,na,7p13,"criteria provided, single submitter",1,-,N,ClinGen:CA367400029,2,1685328,44146565,A,T,-,-,-,-,-,-,SCV002516349,-,-
1677858,single nucleotide variant,NM_000162.5(GCK):c.501G>C (p.Trp167Cys),2645,GCK,HGNC:4195,Pathogenic,1,"May 04, 2022",1470521850,-,RCV002250012,"MONDO:MONDO:0007453,MedGen:C0342277,OMIM:125851,Orphanet:552",Maturity-onset diabetes of the young type 2,germline,germline,GRCh37,NC_000007.13,7,44189646,44189646,na,na,7p13,"criteria provided, single submitter",1,-,N,ClinGen:CA367401759,2,1685845,44189646,C,G,-,-,-,-,-,-,SCV002516459,-,-
1677858,single nucleotide variant,NM_000162.5(GCK):c.501G>C (p.Trp167Cys),2645,GCK,HGNC:4195,Pathogenic,1,"May 04, 2022",1470521850,-,RCV002250012,"MONDO:MONDO:0007453,MedGen:C0342277,OMIM:125851,Orphanet:552",Maturity-onset diabetes of the young type 2,germline,germline,GRCh38,NC_000007.14,7,44150047,44150047,na,na,7p13,"criteria provided, single submitter",1,-,N,ClinGen:CA367401759,2,1685845,44150047,C,G,-,-,-,-,-,-,SCV002516459,-,-
1679706,single nucleotide variant,NM_000352.6(ABCC8):c.946G>A (p.Gly316Arg),6833,ABCC8,HGNC:59,Conflicting classifications of pathogenicity,1,"Oct 10, 2023",1201126343,-,RCV002251095|RCV002496184|RCV003403755|RCV005356069,"MONDO:MONDO:0009734,MedGen:C2931832,OMIM:256450,Orphanet:276575,Orphanet:276598|MONDO:MONDO:0012480,MedGen:C1835887,OMIM:610374,Orphanet:99886;MONDO:MONDO:0009734,MedGen:C2931832,OMIM:256450,Orphanet:276575,Orphanet:276598;Human Phenotype Ontology:HP:0005965,Human Phenotype Ontology:HP:0005978,Human Phenotype Ontology:HP:0100652,MONDO:MONDO:0005148,MeSH:D003924,MedGen:C0011860,OMIM:125853;MONDO:MONDO:0030088,MedGen:C5394303,OMIM:618857;MONDO:MONDO:0009415,MedGen:C0271714,OMIM:240800|MONDO:MONDO:0017182,MedGen:C3888018,Orphanet:276525|Human Phenotype Ontology:HP:0002092,Human Phenotype Ontology:HP:0006546,MONDO:MONDO:0015924,MeSH:D000081029,MedGen:C2973725,Orphanet:182090","Hyperinsulinemic hypoglycemia, familial, 1|Diabetes mellitus, transient neonatal, 2;Hyperinsulinemic hypoglycemia, familial, 1;Type 2 diabetes mellitus;Diabetes mellitus, permanent neonatal 3;Leucine-induced hypoglycemia|Familial hyperinsulinism|Pulmonary arterial hypertension",germline;unknown,germline,GRCh37,NC_000011.9,11,17482100,17482100,na,na,11p15.1,"criteria provided, conflicting classifications",5,-,N,ClinGen:CA379776569,2,1687413,17482100,C,T,-,-,-,-,-,-,SCV002521500|SCV002784768|SCV004026571|SCV004122672|SCV005917524,-,-
1679706,single nucleotide variant,NM_000352.6(ABCC8):c.946G>A (p.Gly316Arg),6833,ABCC8,HGNC:59,Conflicting classifications of pathogenicity,1,"Oct 10, 2023",1201126343,-,RCV002251095|RCV002496184|RCV003403755|RCV005356069,"MONDO:MONDO:0009734,MedGen:C2931832,OMIM:256450,Orphanet:276575,Orphanet:276598|MONDO:MONDO:0012480,MedGen:C1835887,OMIM:610374,Orphanet:99886;MONDO:MONDO:0009734,MedGen:C2931832,OMIM:256450,Orphanet:276575,Orphanet:276598;Human Phenotype Ontology:HP:0005965,Human Phenotype Ontology:HP:0005978,Human Phenotype Ontology:HP:0100652,MONDO:MONDO:0005148,MeSH:D003924,MedGen:C0011860,OMIM:125853;MONDO:MONDO:0030088,MedGen:C5394303,OMIM:618857;MONDO:MONDO:0009415,MedGen:C0271714,OMIM:240800|MONDO:MONDO:0017182,MedGen:C3888018,Orphanet:276525|Human Phenotype Ontology:HP:0002092,Human Phenotype Ontology:HP:0006546,MONDO:MONDO:0015924,MeSH:D000081029,MedGen:C2973725,Orphanet:182090","Hyperinsulinemic hypoglycemia, familial, 1|Diabetes mellitus, transient neonatal, 2;Hyperinsulinemic hypoglycemia, familial, 1;Type 2 diabetes mellitus;Diabetes mellitus, permanent neonatal 3;Leucine-induced hypoglycemia|Familial hyperinsulinism|Pulmonary arterial hypertension",germline;unknown,germline,GRCh38,NC_000011.10,11,17460553,17460553,na,na,11p15.1,"criteria provided, conflicting classifications",5,-,N,ClinGen:CA379776569,2,1687413,17460553,C,T,-,-,-,-,-,-,SCV002521500|SCV002784768|SCV004026571|SCV004122672|SCV005917524,-,-
1679742,single nucleotide variant,NM_000352.6(ABCC8):c.693G>A (p.Trp231Ter),6833,ABCC8,HGNC:59,Pathogenic/Likely pathogenic,1,"Nov 07, 2023",1957198348,-,RCV003560894|RCV004577370,"MedGen:C3661900|MONDO:MONDO:0009734,MedGen:C2931832,OMIM:256450,Orphanet:276575,Orphanet:276598","not provided|Hyperinsulinemic hypoglycemia, familial, 1",germline,germline,GRCh37,NC_000011.9,11,17483259,17483259,na,na,11p15.1,"criteria provided, multiple submitters, no conflicts",2,-,N,ClinGen:CA379778678,2,1687449,17483259,C,T,-,-,-,-,-,-,SCV002521561|SCV004301891,-,-
1679742,single nucleotide variant,NM_000352.6(ABCC8):c.693G>A (p.Trp231Ter),6833,ABCC8,HGNC:59,Pathogenic/Likely pathogenic,1,"Nov 07, 2023",1957198348,-,RCV003560894|RCV004577370,"MedGen:C3661900|MONDO:MONDO:0009734,MedGen:C2931832,OMIM:256450,Orphanet:276575,Orphanet:276598","not provided|Hyperinsulinemic hypoglycemia, familial, 1",germline,germline,GRCh38,NC_000011.10,11,17461712,17461712,na,na,11p15.1,"criteria provided, multiple submitters, no conflicts",2,-,N,ClinGen:CA379778678,2,1687449,17461712,C,T,-,-,-,-,-,-,SCV002521561|SCV004301891,-,-
1679908,Duplication,NM_000352.6(ABCC8):c.3575dup (p.Asp1192fs),6833,ABCC8,HGNC:59,Pathogenic,1,"May 22, 2022",2133430623,-,RCV002251298,"MONDO:MONDO:0009734,MedGen:C2931832,OMIM:256450,Orphanet:276575,Orphanet:276598","Hyperinsulinemic hypoglycemia, familial, 1",germline,germline,GRCh37,NC_000011.9,11,17424282,17424283,na,na,11p15.1,"criteria provided, single submitter",1,-,N,ClinGen:CA2573146136,2,1687616,17424282,A,AT,-,-,-,-,-,-,SCV002521899,-,-
1679908,Duplication,NM_000352.6(ABCC8):c.3575dup (p.Asp1192fs),6833,ABCC8,HGNC:59,Pathogenic,1,"May 22, 2022",2133430623,-,RCV002251298,"MONDO:MONDO:0009734,MedGen:C2931832,OMIM:256450,Orphanet:276575,Orphanet:276598","Hyperinsulinemic hypoglycemia, familial, 1",germline,germline,GRCh38,NC_000011.10,11,17402735,17402736,na,na,11p15.1,"criteria provided, single submitter",1,-,N,ClinGen:CA2573146136,2,1687616,17402735,A,AT,-,-,-,-,-,-,SCV002521899,-,-
1679915,single nucleotide variant,NM_000352.6(ABCC8):c.3147C>T (p.Asn1049=),6833,ABCC8,HGNC:59,Uncertain significance,0,-,1317881086,-,RCV002251305|RCV002251306,"Human Phenotype Ontology:HP:0004904,MONDO:MONDO:0018911,MedGen:C0342276,OMIM:PS125850,Orphanet:552|Human Phenotype Ontology:HP:0008255,MONDO:MONDO:0020525,MedGen:C0342273",Maturity-onset diabetes of the young|Transitory neonatal diabetes mellitus,somatic,somatic,GRCh37,NC_000011.9,11,17428450,17428450,na,na,11p15.1,"criteria provided, single submitter",1,-,N,ClinGen:CA473516085,2,1687623,17428450,G,A,-,-,-,-,-,-,SCV002520756|SCV002520757,-,-
1679915,single nucleotide variant,NM_000352.6(ABCC8):c.3147C>T (p.Asn1049=),6833,ABCC8,HGNC:59,Uncertain significance,0,-,1317881086,-,RCV002251305|RCV002251306,"Human Phenotype Ontology:HP:0004904,MONDO:MONDO:0018911,MedGen:C0342276,OMIM:PS125850,Orphanet:552|Human Phenotype Ontology:HP:0008255,MONDO:MONDO:0020525,MedGen:C0342273",Maturity-onset diabetes of the young|Transitory neonatal diabetes mellitus,somatic,somatic,GRCh38,NC_000011.10,11,17406903,17406903,na,na,11p15.1,"criteria provided, single submitter",1,-,N,ClinGen:CA473516085,2,1687623,17406903,G,A,-,-,-,-,-,-,SCV002520756|SCV002520757,-,-
1679922,single nucleotide variant,NM_000352.6(ABCC8):c.3318A>C (p.Leu1106=),6833,ABCC8,HGNC:59,Uncertain significance,0,-,750430789,-,RCV002251313|RCV002251314,"Human Phenotype Ontology:HP:0004904,MONDO:MONDO:0018911,MedGen:C0342276,OMIM:PS125850,Orphanet:552|Human Phenotype Ontology:HP:0008255,MONDO:MONDO:0020525,MedGen:C0342273",Maturity-onset diabetes of the young|Transitory neonatal diabetes mellitus,somatic,somatic,GRCh37,NC_000011.9,11,17428180,17428180,na,na,11p15.1,"criteria provided, single submitter",1,-,N,ClinGen:CA5902869,2,1687630,17428180,T,G,-,-,-,-,-,-,SCV002520734|SCV002520735,-,-
1679922,single nucleotide variant,NM_000352.6(ABCC8):c.3318A>C (p.Leu1106=),6833,ABCC8,HGNC:59,Uncertain significance,0,-,750430789,-,RCV002251313|RCV002251314,"Human Phenotype Ontology:HP:0004904,MONDO:MONDO:0018911,MedGen:C0342276,OMIM:PS125850,Orphanet:552|Human Phenotype Ontology:HP:0008255,MONDO:MONDO:0020525,MedGen:C0342273",Maturity-onset diabetes of the young|Transitory neonatal diabetes mellitus,somatic,somatic,GRCh38,NC_000011.10,11,17406633,17406633,na,na,11p15.1,"criteria provided, single submitter",1,-,N,ClinGen:CA5902869,2,1687630,17406633,T,G,-,-,-,-,-,-,SCV002520734|SCV002520735,-,-
1679923,single nucleotide variant,NM_000352.6(ABCC8):c.2040+100G>T,6833,ABCC8,HGNC:59,Uncertain significance,0,-,948658520,-,RCV002251316|RCV002251315,"Human Phenotype Ontology:HP:0008255,MONDO:MONDO:0020525,MedGen:C0342273|Human Phenotype Ontology:HP:0004904,MONDO:MONDO:0018911,MedGen:C0342276,OMIM:PS125850,Orphanet:552",Transitory neonatal diabetes mellitus|Maturity-onset diabetes of the young,somatic,somatic,GRCh37,NC_000011.9,11,17449736,17449736,na,na,11p15.1,"criteria provided, single submitter",1,-,N,ClinGen:CA935538215,2,1687631,17449736,C,A,-,-,-,-,-,-,SCV002520736|SCV002520738,-,-
1679923,single nucleotide variant,NM_000352.6(ABCC8):c.2040+100G>T,6833,ABCC8,HGNC:59,Uncertain significance,0,-,948658520,-,RCV002251316|RCV002251315,"Human Phenotype Ontology:HP:0008255,MONDO:MONDO:0020525,MedGen:C0342273|Human Phenotype Ontology:HP:0004904,MONDO:MONDO:0018911,MedGen:C0342276,OMIM:PS125850,Orphanet:552",Transitory neonatal diabetes mellitus|Maturity-onset diabetes of the young,somatic,somatic,GRCh38,NC_000011.10,11,17428189,17428189,na,na,11p15.1,"criteria provided, single submitter",1,-,N,ClinGen:CA935538215,2,1687631,17428189,C,A,-,-,-,-,-,-,SCV002520736|SCV002520738,-,-
1680020,single nucleotide variant,NM_000352.6(ABCC8):c.3087C>A (p.Ile1029=),6833,ABCC8,HGNC:59,Conflicting classifications of pathogenicity,0,"Jan 17, 2024",376413488,-,RCV002251699|RCV002274253|RCV003738166,"Human Phenotype Ontology:HP:0008255,MONDO:MONDO:0020525,MedGen:C0342273|Human Phenotype Ontology:HP:0004904,MONDO:MONDO:0018911,MedGen:C0342276,OMIM:PS125850,Orphanet:552|MedGen:C3661900",Transitory neonatal diabetes mellitus|Maturity-onset diabetes of the young|not provided,germline;unknown,germline,GRCh37,NC_000011.9,11,17428510,17428510,na,na,11p15.1,"criteria provided, conflicting classifications",2,-,N,ClinGen:CA5902926,2,1687725,17428510,G,T,-,-,-,-,-,-,SCV002521916|SCV002521917|SCV004550693,-,-
1680020,single nucleotide variant,NM_000352.6(ABCC8):c.3087C>A (p.Ile1029=),6833,ABCC8,HGNC:59,Conflicting classifications of pathogenicity,0,"Jan 17, 2024",376413488,-,RCV002251699|RCV002274253|RCV003738166,"Human Phenotype Ontology:HP:0008255,MONDO:MONDO:0020525,MedGen:C0342273|Human Phenotype Ontology:HP:0004904,MONDO:MONDO:0018911,MedGen:C0342276,OMIM:PS125850,Orphanet:552|MedGen:C3661900",Transitory neonatal diabetes mellitus|Maturity-onset diabetes of the young|not provided,germline;unknown,germline,GRCh38,NC_000011.10,11,17406963,17406963,na,na,11p15.1,"criteria provided, conflicting classifications",2,-,N,ClinGen:CA5902926,2,1687725,17406963,G,T,-,-,-,-,-,-,SCV002521916|SCV002521917|SCV004550693,-,-
1680021,single nucleotide variant,NM_000352.6(ABCC8):c.3076C>G (p.Leu1026Val),6833,ABCC8,HGNC:59,Uncertain significance,0,-,1354438772,-,RCV002251701|RCV002251700,"Human Phenotype Ontology:HP:0008255,MONDO:MONDO:0020525,MedGen:C0342273|Human Phenotype Ontology:HP:0004904,MONDO:MONDO:0018911,MedGen:C0342276,OMIM:PS125850,Orphanet:552",Transitory neonatal diabetes mellitus|Maturity-onset diabetes of the young,unknown,unknown,GRCh37,NC_000011.9,11,17428521,17428521,na,na,11p15.1,"criteria provided, single submitter",1,-,N,ClinGen:CA379803536,2,1687726,17428521,G,C,-,-,-,-,-,-,SCV002521923|SCV002521924,-,-
1680021,single nucleotide variant,NM_000352.6(ABCC8):c.3076C>G (p.Leu1026Val),6833,ABCC8,HGNC:59,Uncertain significance,0,-,1354438772,-,RCV002251701|RCV002251700,"Human Phenotype Ontology:HP:0008255,MONDO:MONDO:0020525,MedGen:C0342273|Human Phenotype Ontology:HP:0004904,MONDO:MONDO:0018911,MedGen:C0342276,OMIM:PS125850,Orphanet:552",Transitory neonatal diabetes mellitus|Maturity-onset diabetes of the young,unknown,unknown,GRCh38,NC_000011.10,11,17406974,17406974,na,na,11p15.1,"criteria provided, single submitter",1,-,N,ClinGen:CA379803536,2,1687726,17406974,G,C,-,-,-,-,-,-,SCV002521923|SCV002521924,-,-
1680022,single nucleotide variant,NM_000352.6(ABCC8):c.3018C>A (p.Ser1006=),6833,ABCC8,HGNC:59,Conflicting classifications of pathogenicity,0,"Jun 04, 2023",149279510,-,RCV002251703|RCV002251702|RCV003094101,"Human Phenotype Ontology:HP:0008255,MONDO:MONDO:0020525,MedGen:C0342273|Human Phenotype Ontology:HP:0004904,MONDO:MONDO:0018911,MedGen:C0342276,OMIM:PS125850,Orphanet:552|MedGen:C3661900",Transitory neonatal diabetes mellitus|Maturity-onset diabetes of the young|not provided,germline;unknown,germline,GRCh37,NC_000011.9,11,17428579,17428579,na,na,11p15.1,"criteria provided, conflicting classifications",2,-,N,ClinGen:CA473515985,2,1687727,17428579,G,T,-,-,-,-,-,-,SCV002521926|SCV002521927|SCV003500546,-,-
1680022,single nucleotide variant,NM_000352.6(ABCC8):c.3018C>A (p.Ser1006=),6833,ABCC8,HGNC:59,Conflicting classifications of pathogenicity,0,"Jun 04, 2023",149279510,-,RCV002251703|RCV002251702|RCV003094101,"Human Phenotype Ontology:HP:0008255,MONDO:MONDO:0020525,MedGen:C0342273|Human Phenotype Ontology:HP:0004904,MONDO:MONDO:0018911,MedGen:C0342276,OMIM:PS125850,Orphanet:552|MedGen:C3661900",Transitory neonatal diabetes mellitus|Maturity-onset diabetes of the young|not provided,germline;unknown,germline,GRCh38,NC_000011.10,11,17407032,17407032,na,na,11p15.1,"criteria provided, conflicting classifications",2,-,N,ClinGen:CA473515985,2,1687727,17407032,G,T,-,-,-,-,-,-,SCV002521926|SCV002521927|SCV003500546,-,-
1680075,single nucleotide variant,NM_000352.6(ABCC8):c.2858A>G (p.Gln953Arg),6833,ABCC8,HGNC:59,Uncertain significance,0,-,761960758,-,RCV002251707|RCV002251706,"Human Phenotype Ontology:HP:0008255,MONDO:MONDO:0020525,MedGen:C0342273|Human Phenotype Ontology:HP:0004904,MONDO:MONDO:0018911,MedGen:C0342276,OMIM:PS125850,Orphanet:552",Transitory neonatal diabetes mellitus|Maturity-onset diabetes of the young,unknown,unknown,GRCh37,NC_000011.9,11,17428963,17428963,na,na,11p15.1,"criteria provided, single submitter",1,-,N,ClinGen:CA379804727,2,1687730,17428963,T,C,-,-,-,-,-,-,SCV002521948|SCV002521950,-,-
1680075,single nucleotide variant,NM_000352.6(ABCC8):c.2858A>G (p.Gln953Arg),6833,ABCC8,HGNC:59,Uncertain significance,0,-,761960758,-,RCV002251707|RCV002251706,"Human Phenotype Ontology:HP:0008255,MONDO:MONDO:0020525,MedGen:C0342273|Human Phenotype Ontology:HP:0004904,MONDO:MONDO:0018911,MedGen:C0342276,OMIM:PS125850,Orphanet:552",Transitory neonatal diabetes mellitus|Maturity-onset diabetes of the young,unknown,unknown,GRCh38,NC_000011.10,11,17407416,17407416,na,na,11p15.1,"criteria provided, single submitter",1,-,N,ClinGen:CA379804727,2,1687730,17407416,T,C,-,-,-,-,-,-,SCV002521948|SCV002521950,-,-
1680085,single nucleotide variant,NM_000352.6(ABCC8):c.2368G>A (p.Glu790Lys),6833,ABCC8,HGNC:59,Uncertain significance,0,-,1317396512,-,RCV002251718|RCV002251717,"Human Phenotype Ontology:HP:0008255,MONDO:MONDO:0020525,MedGen:C0342273|Human Phenotype Ontology:HP:0004904,MONDO:MONDO:0018911,MedGen:C0342276,OMIM:PS125850,Orphanet:552",Transitory neonatal diabetes mellitus|Maturity-onset diabetes of the young,unknown,unknown,GRCh37,NC_000011.9,11,17436081,17436081,na,na,11p15.1,"criteria provided, single submitter",1,-,N,ClinGen:CA379809131,2,1687740,17436081,C,T,-,-,-,-,-,-,SCV002522207|SCV002522208,-,-
1680085,single nucleotide variant,NM_000352.6(ABCC8):c.2368G>A (p.Glu790Lys),6833,ABCC8,HGNC:59,Uncertain significance,0,-,1317396512,-,RCV002251718|RCV002251717,"Human Phenotype Ontology:HP:0008255,MONDO:MONDO:0020525,MedGen:C0342273|Human Phenotype Ontology:HP:0004904,MONDO:MONDO:0018911,MedGen:C0342276,OMIM:PS125850,Orphanet:552",Transitory neonatal diabetes mellitus|Maturity-onset diabetes of the young,unknown,unknown,GRCh38,NC_000011.10,11,17414534,17414534,na,na,11p15.1,"criteria provided, single submitter",1,-,N,ClinGen:CA379809131,2,1687740,17414534,C,T,-,-,-,-,-,-,SCV002522207|SCV002522208,-,-
1682639,single nucleotide variant,NM_000352.6(ABCC8):c.2057T>A (p.Phe686Tyr),6833,ABCC8,HGNC:59,Uncertain significance,0,-,1159625966,-,RCV002251719|RCV002251720,"Human Phenotype Ontology:HP:0004904,MONDO:MONDO:0018911,MedGen:C0342276,OMIM:PS125850,Orphanet:552|Human Phenotype Ontology:HP:0008255,MONDO:MONDO:0020525,MedGen:C0342273",Maturity-onset diabetes of the young|Transitory neonatal diabetes mellitus,somatic;unknown,somatic,GRCh37,NC_000011.9,11,17449473,17449473,na,na,11p15.1,"criteria provided, single submitter",1,-,N,ClinGen:CA379814916,2,1690299,17449473,A,T,-,-,-,-,-,-,SCV002522278|SCV002522280,-,-
1682639,single nucleotide variant,NM_000352.6(ABCC8):c.2057T>A (p.Phe686Tyr),6833,ABCC8,HGNC:59,Uncertain significance,0,-,1159625966,-,RCV002251719|RCV002251720,"Human Phenotype Ontology:HP:0004904,MONDO:MONDO:0018911,MedGen:C0342276,OMIM:PS125850,Orphanet:552|Human Phenotype Ontology:HP:0008255,MONDO:MONDO:0020525,MedGen:C0342273",Maturity-onset diabetes of the young|Transitory neonatal diabetes mellitus,somatic;unknown,somatic,GRCh38,NC_000011.10,11,17427926,17427926,na,na,11p15.1,"criteria provided, single submitter",1,-,N,ClinGen:CA379814916,2,1690299,17427926,A,T,-,-,-,-,-,-,SCV002522278|SCV002522280,-,-
1682640,single nucleotide variant,NM_000352.6(ABCC8):c.2117-10C>T,6833,ABCC8,HGNC:59,Uncertain significance,0,-,886048053,-,RCV002251721|RCV002251722,"Human Phenotype Ontology:HP:0004904,MONDO:MONDO:0018911,MedGen:C0342276,OMIM:PS125850,Orphanet:552|Human Phenotype Ontology:HP:0008255,MONDO:MONDO:0020525,MedGen:C0342273",Maturity-onset diabetes of the young|Transitory neonatal diabetes mellitus,unknown,unknown,GRCh37,NC_000011.9,11,17448711,17448711,na,na,11p15.1,"criteria provided, single submitter",1,-,N,ClinGen:CA597666131,2,1690300,17448711,G,A,-,-,-,-,-,-,SCV002522264|SCV002522315,-,-
1682640,single nucleotide variant,NM_000352.6(ABCC8):c.2117-10C>T,6833,ABCC8,HGNC:59,Uncertain significance,0,-,886048053,-,RCV002251721|RCV002251722,"Human Phenotype Ontology:HP:0004904,MONDO:MONDO:0018911,MedGen:C0342276,OMIM:PS125850,Orphanet:552|Human Phenotype Ontology:HP:0008255,MONDO:MONDO:0020525,MedGen:C0342273",Maturity-onset diabetes of the young|Transitory neonatal diabetes mellitus,unknown,unknown,GRCh38,NC_000011.10,11,17427164,17427164,na,na,11p15.1,"criteria provided, single submitter",1,-,N,ClinGen:CA597666131,2,1690300,17427164,G,A,-,-,-,-,-,-,SCV002522264|SCV002522315,-,-
1682641,single nucleotide variant,NM_000352.6(ABCC8):c.2285A>G (p.Asp762Gly),6833,ABCC8,HGNC:59,Uncertain significance,0,-,771942551,-,RCV002251724|RCV002251723,"Human Phenotype Ontology:HP:0008255,MONDO:MONDO:0020525,MedGen:C0342273|Human Phenotype Ontology:HP:0004904,MONDO:MONDO:0018911,MedGen:C0342276,OMIM:PS125850,Orphanet:552",Transitory neonatal diabetes mellitus|Maturity-onset diabetes of the young,unknown,unknown,GRCh37,NC_000011.9,11,17436857,17436857,na,na,11p15.1,"criteria provided, single submitter",1,-,N,ClinGen:CA5903221,2,1690301,17436857,T,C,-,-,-,-,-,-,SCV002522218|SCV002522219,-,-
1682641,single nucleotide variant,NM_000352.6(ABCC8):c.2285A>G (p.Asp762Gly),6833,ABCC8,HGNC:59,Uncertain significance,0,-,771942551,-,RCV002251724|RCV002251723,"Human Phenotype Ontology:HP:0008255,MONDO:MONDO:0020525,MedGen:C0342273|Human Phenotype Ontology:HP:0004904,MONDO:MONDO:0018911,MedGen:C0342276,OMIM:PS125850,Orphanet:552",Transitory neonatal diabetes mellitus|Maturity-onset diabetes of the young,unknown,unknown,GRCh38,NC_000011.10,11,17415310,17415310,na,na,11p15.1,"criteria provided, single submitter",1,-,N,ClinGen:CA5903221,2,1690301,17415310,T,C,-,-,-,-,-,-,SCV002522218|SCV002522219,-,-
1682642,single nucleotide variant,NM_000352.6(ABCC8):c.2235C>A (p.Ser745Arg),6833,ABCC8,HGNC:59,Uncertain significance,0,-,200708414,-,RCV002251726|RCV002251725,"Human Phenotype Ontology:HP:0008255,MONDO:MONDO:0020525,MedGen:C0342273|Human Phenotype Ontology:HP:0004904,MONDO:MONDO:0018911,MedGen:C0342276,OMIM:PS125850,Orphanet:552",Transitory neonatal diabetes mellitus|Maturity-onset diabetes of the young,unknown,unknown,GRCh37,NC_000011.9,11,17438497,17438497,na,na,11p15.1,"criteria provided, single submitter",1,-,N,ClinGen:CA5903254,2,1690302,17438497,G,T,-,-,-,-,-,-,SCV002522234|SCV002522235,-,-
1682642,single nucleotide variant,NM_000352.6(ABCC8):c.2235C>A (p.Ser745Arg),6833,ABCC8,HGNC:59,Uncertain significance,0,-,200708414,-,RCV002251726|RCV002251725,"Human Phenotype Ontology:HP:0008255,MONDO:MONDO:0020525,MedGen:C0342273|Human Phenotype Ontology:HP:0004904,MONDO:MONDO:0018911,MedGen:C0342276,OMIM:PS125850,Orphanet:552",Transitory neonatal diabetes mellitus|Maturity-onset diabetes of the young,unknown,unknown,GRCh38,NC_000011.10,11,17416950,17416950,na,na,11p15.1,"criteria provided, single submitter",1,-,N,ClinGen:CA5903254,2,1690302,17416950,G,T,-,-,-,-,-,-,SCV002522234|SCV002522235,-,-
1682643,single nucleotide variant,NM_000352.6(ABCC8):c.2236G>A (p.Glu746Lys),6833,ABCC8,HGNC:59,Uncertain significance,0,"Dec 15, 2022",753296261,-,RCV002251727|RCV002251728|RCV003774739,"Human Phenotype Ontology:HP:0004904,MONDO:MONDO:0018911,MedGen:C0342276,OMIM:PS125850,Orphanet:552|Human Phenotype Ontology:HP:0008255,MONDO:MONDO:0020525,MedGen:C0342273|MedGen:C3661900",Maturity-onset diabetes of the young|Transitory neonatal diabetes mellitus|not provided,germline;unknown,germline,GRCh37,NC_000011.9,11,17438496,17438496,na,na,11p15.1,"criteria provided, multiple submitters, no conflicts",2,-,N,ClinGen:CA5903252,2,1690303,17438496,C,T,-,-,-,-,-,-,SCV002522232|SCV002522233|SCV004676489,-,-
1682643,single nucleotide variant,NM_000352.6(ABCC8):c.2236G>A (p.Glu746Lys),6833,ABCC8,HGNC:59,Uncertain significance,0,"Dec 15, 2022",753296261,-,RCV002251727|RCV002251728|RCV003774739,"Human Phenotype Ontology:HP:0004904,MONDO:MONDO:0018911,MedGen:C0342276,OMIM:PS125850,Orphanet:552|Human Phenotype Ontology:HP:0008255,MONDO:MONDO:0020525,MedGen:C0342273|MedGen:C3661900",Maturity-onset diabetes of the young|Transitory neonatal diabetes mellitus|not provided,germline;unknown,germline,GRCh38,NC_000011.10,11,17416949,17416949,na,na,11p15.1,"criteria provided, multiple submitters, no conflicts",2,-,N,ClinGen:CA5903252,2,1690303,17416949,C,T,-,-,-,-,-,-,SCV002522232|SCV002522233|SCV004676489,-,-
1683140,Deletion,NM_000352.6(ABCC8):c.2895_2897del (p.Leu966del),6833,ABCC8,HGNC:59,Uncertain significance,0,"Nov 17, 2025",751964033,-,RCV002253150|RCV003094129,|MedGen:C3661900,See cases|not provided,germline,germline,GRCh37,NC_000011.9,11,17428924,17428926,na,na,11p15.1,"criteria provided, multiple submitters, no conflicts",2,-,N,ClinGen:CA5902987,2,1690732,17428923,CAGA,C,-,-,-,-,-,-,SCV002523355|SCV003475009,-,-
1683140,Deletion,NM_000352.6(ABCC8):c.2895_2897del (p.Leu966del),6833,ABCC8,HGNC:59,Uncertain significance,0,"Nov 17, 2025",751964033,-,RCV002253150|RCV003094129,|MedGen:C3661900,See cases|not provided,germline,germline,GRCh38,NC_000011.10,11,17407377,17407379,na,na,11p15.1,"criteria provided, multiple submitters, no conflicts",2,-,N,ClinGen:CA5902987,2,1690732,17407376,CAGA,C,-,-,-,-,-,-,SCV002523355|SCV003475009,-,-
1683489,single nucleotide variant,NM_000352.6(ABCC8):c.1428C>G (p.Phe476Leu),6833,ABCC8,HGNC:59,Uncertain significance,0,-,867541142,-,RCV002252671|RCV002252672,"Human Phenotype Ontology:HP:0004904,MONDO:MONDO:0018911,MedGen:C0342276,OMIM:PS125850,Orphanet:552|Human Phenotype Ontology:HP:0008255,MONDO:MONDO:0020525,MedGen:C0342273",Maturity-onset diabetes of the young|Transitory neonatal diabetes mellitus,unknown,unknown,GRCh37,NC_000011.9,11,17464764,17464764,na,na,11p15.1,"criteria provided, single submitter",1,-,N,ClinGen:CA379767023,2,1691079,17464764,G,C,-,-,-,-,-,-,SCV002522415|SCV002522416,-,-
1683489,single nucleotide variant,NM_000352.6(ABCC8):c.1428C>G (p.Phe476Leu),6833,ABCC8,HGNC:59,Uncertain significance,0,-,867541142,-,RCV002252671|RCV002252672,"Human Phenotype Ontology:HP:0004904,MONDO:MONDO:0018911,MedGen:C0342276,OMIM:PS125850,Orphanet:552|Human Phenotype Ontology:HP:0008255,MONDO:MONDO:0020525,MedGen:C0342273",Maturity-onset diabetes of the young|Transitory neonatal diabetes mellitus,unknown,unknown,GRCh38,NC_000011.10,11,17443217,17443217,na,na,11p15.1,"criteria provided, single submitter",1,-,N,ClinGen:CA379767023,2,1691079,17443217,G,C,-,-,-,-,-,-,SCV002522415|SCV002522416,-,-
1683518,single nucleotide variant,NM_000352.6(ABCC8):c.1468-2A>T,6833,ABCC8,HGNC:59,Uncertain significance,0,-,1057516946,-,RCV002254003|RCV002267145,"Human Phenotype Ontology:HP:0008255,MONDO:MONDO:0020525,MedGen:C0342273|Human Phenotype Ontology:HP:0004904,MONDO:MONDO:0018911,MedGen:C0342276,OMIM:PS125850,Orphanet:552",Transitory neonatal diabetes mellitus|Maturity-onset diabetes of the young,unknown,unknown,GRCh37,NC_000011.9,11,17464431,17464431,na,na,11p15.1,"criteria provided, single submitter",1,-,N,ClinGen:CA379766781,2,1691092,17464431,T,A,-,-,-,-,-,-,SCV002522403|SCV002522404,-,-
1683518,single nucleotide variant,NM_000352.6(ABCC8):c.1468-2A>T,6833,ABCC8,HGNC:59,Uncertain significance,0,-,1057516946,-,RCV002254003|RCV002267145,"Human Phenotype Ontology:HP:0008255,MONDO:MONDO:0020525,MedGen:C0342273|Human Phenotype Ontology:HP:0004904,MONDO:MONDO:0018911,MedGen:C0342276,OMIM:PS125850,Orphanet:552",Transitory neonatal diabetes mellitus|Maturity-onset diabetes of the young,unknown,unknown,GRCh38,NC_000011.10,11,17442884,17442884,na,na,11p15.1,"criteria provided, single submitter",1,-,N,ClinGen:CA379766781,2,1691092,17442884,T,A,-,-,-,-,-,-,SCV002522403|SCV002522404,-,-
1683527,single nucleotide variant,NC_000011.10:g.17477161C>A,6833,ABCC8,HGNC:59,Uncertain significance,0,-,1052653345,-,RCV002254008|RCV002260418,"Human Phenotype Ontology:HP:0008255,MONDO:MONDO:0020525,MedGen:C0342273|Human Phenotype Ontology:HP:0004904,MONDO:MONDO:0018911,MedGen:C0342276,OMIM:PS125850,Orphanet:552",Transitory neonatal diabetes mellitus|Maturity-onset diabetes of the young,unknown,unknown,GRCh37,NC_000011.9,11,17498708,17498708,na,na,11p15.1,"criteria provided, single submitter",1,-,N,ClinGen:CA218464516,2,1691101,17498708,C,A,-,-,-,-,-,-,SCV002522614|SCV002522618,-,-
1683527,single nucleotide variant,NC_000011.10:g.17477161C>A,6833,ABCC8,HGNC:59,Uncertain significance,0,-,1052653345,-,RCV002254008|RCV002260418,"Human Phenotype Ontology:HP:0008255,MONDO:MONDO:0020525,MedGen:C0342273|Human Phenotype Ontology:HP:0004904,MONDO:MONDO:0018911,MedGen:C0342276,OMIM:PS125850,Orphanet:552",Transitory neonatal diabetes mellitus|Maturity-onset diabetes of the young,unknown,unknown,GRCh38,NC_000011.10,11,17477161,17477161,na,na,11p15.1,"criteria provided, single submitter",1,-,N,ClinGen:CA218464516,2,1691101,17477161,C,A,-,-,-,-,-,-,SCV002522614|SCV002522618,-,-
1683684,single nucleotide variant,NM_000352.6(ABCC8):c.765C>G (p.Ile255Met),6833,ABCC8,HGNC:59,Uncertain significance,0,-,753335564,-,RCV002254140|RCV002254139,"Human Phenotype Ontology:HP:0008255,MONDO:MONDO:0020525,MedGen:C0342273|Human Phenotype Ontology:HP:0004904,MONDO:MONDO:0018911,MedGen:C0342276,OMIM:PS125850,Orphanet:552",Transitory neonatal diabetes mellitus|Maturity-onset diabetes of the young,unknown,unknown,GRCh37,NC_000011.9,11,17483187,17483187,na,na,11p15.1,"criteria provided, single submitter",1,-,N,ClinGen:CA5903780,2,1691223,17483187,G,C,-,-,-,-,-,-,SCV002522641|SCV002522642,-,-
1683684,single nucleotide variant,NM_000352.6(ABCC8):c.765C>G (p.Ile255Met),6833,ABCC8,HGNC:59,Uncertain significance,0,-,753335564,-,RCV002254140|RCV002254139,"Human Phenotype Ontology:HP:0008255,MONDO:MONDO:0020525,MedGen:C0342273|Human Phenotype Ontology:HP:0004904,MONDO:MONDO:0018911,MedGen:C0342276,OMIM:PS125850,Orphanet:552",Transitory neonatal diabetes mellitus|Maturity-onset diabetes of the young,unknown,unknown,GRCh38,NC_000011.10,11,17461640,17461640,na,na,11p15.1,"criteria provided, single submitter",1,-,N,ClinGen:CA5903780,2,1691223,17461640,G,C,-,-,-,-,-,-,SCV002522641|SCV002522642,-,-
1683691,single nucleotide variant,NM_000352.6(ABCC8):c.145A>G (p.Ile49Val),6833,ABCC8,HGNC:59,Conflicting classifications of pathogenicity,1,"Sep 11, 2025",1554949196,-,RCV002254147|RCV002254146|RCV003101393|RCV006249814|RCV006262395,"Human Phenotype Ontology:HP:0008255,MONDO:MONDO:0020525,MedGen:C0342273|Human Phenotype Ontology:HP:0004904,MONDO:MONDO:0018911,MedGen:C0342276,OMIM:PS125850,Orphanet:552|MedGen:C3661900|MONDO:MONDO:0030088,MedGen:C5394303,OMIM:618857|MedGen:CN169374","Transitory neonatal diabetes mellitus|Maturity-onset diabetes of the young|not provided|Diabetes mellitus, permanent neonatal 3|not specified",germline;unknown,germline,GRCh37,NC_000011.9,11,17498179,17498179,na,na,11p15.1,"criteria provided, conflicting classifications",4,-,N,ClinGen:CA379789751,2,1691230,17498179,T,C,-,-,-,-,-,-,SCV002522698|SCV002522700|SCV002976879|SCV007096559|SCV007120104,-,-
1683691,single nucleotide variant,NM_000352.6(ABCC8):c.145A>G (p.Ile49Val),6833,ABCC8,HGNC:59,Conflicting classifications of pathogenicity,1,"Sep 11, 2025",1554949196,-,RCV002254147|RCV002254146|RCV003101393|RCV006249814|RCV006262395,"Human Phenotype Ontology:HP:0008255,MONDO:MONDO:0020525,MedGen:C0342273|Human Phenotype Ontology:HP:0004904,MONDO:MONDO:0018911,MedGen:C0342276,OMIM:PS125850,Orphanet:552|MedGen:C3661900|MONDO:MONDO:0030088,MedGen:C5394303,OMIM:618857|MedGen:CN169374","Transitory neonatal diabetes mellitus|Maturity-onset diabetes of the young|not provided|Diabetes mellitus, permanent neonatal 3|not specified",germline;unknown,germline,GRCh38,NC_000011.10,11,17476632,17476632,na,na,11p15.1,"criteria provided, conflicting classifications",4,-,N,ClinGen:CA379789751,2,1691230,17476632,T,C,-,-,-,-,-,-,SCV002522698|SCV002522700|SCV002976879|SCV007096559|SCV007120104,-,-
1683740,single nucleotide variant,NM_000352.6(ABCC8):c.496C>A (p.Gln166Lys),6833,ABCC8,HGNC:59,Uncertain significance,0,-,1591896370,-,RCV002254247|RCV002254246,"Human Phenotype Ontology:HP:0008255,MONDO:MONDO:0020525,MedGen:C0342273|Human Phenotype Ontology:HP:0004904,MONDO:MONDO:0018911,MedGen:C0342276,OMIM:PS125850,Orphanet:552",Transitory neonatal diabetes mellitus|Maturity-onset diabetes of the young,unknown,unknown,GRCh37,NC_000011.9,11,17485068,17485068,na,na,11p15.1,"criteria provided, single submitter",1,-,N,ClinGen:CA379780032,2,1691261,17485068,G,T,-,-,-,-,-,-,SCV002524067|SCV002524068,-,-
1683740,single nucleotide variant,NM_000352.6(ABCC8):c.496C>A (p.Gln166Lys),6833,ABCC8,HGNC:59,Uncertain significance,0,-,1591896370,-,RCV002254247|RCV002254246,"Human Phenotype Ontology:HP:0008255,MONDO:MONDO:0020525,MedGen:C0342273|Human Phenotype Ontology:HP:0004904,MONDO:MONDO:0018911,MedGen:C0342276,OMIM:PS125850,Orphanet:552",Transitory neonatal diabetes mellitus|Maturity-onset diabetes of the young,unknown,unknown,GRCh38,NC_000011.10,11,17463521,17463521,na,na,11p15.1,"criteria provided, single submitter",1,-,N,ClinGen:CA379780032,2,1691261,17463521,G,T,-,-,-,-,-,-,SCV002524067|SCV002524068,-,-
1683742,single nucleotide variant,NM_000352.6(ABCC8):c.279C>T (p.Ile93=),6833,ABCC8,HGNC:59,Uncertain significance,0,-,550990673,-,RCV002254250|RCV002254249,"Human Phenotype Ontology:HP:0008255,MONDO:MONDO:0020525,MedGen:C0342273|Human Phenotype Ontology:HP:0004904,MONDO:MONDO:0018911,MedGen:C0342276,OMIM:PS125850,Orphanet:552",Transitory neonatal diabetes mellitus|Maturity-onset diabetes of the young,unknown,unknown,GRCh37,NC_000011.9,11,17496444,17496444,na,na,11p15.1,"criteria provided, single submitter",1,-,N,ClinGen:CA5903936,2,1691263,17496444,G,A,-,-,-,-,-,-,SCV002524103|SCV002524104,-,-
1683742,single nucleotide variant,NM_000352.6(ABCC8):c.279C>T (p.Ile93=),6833,ABCC8,HGNC:59,Uncertain significance,0,-,550990673,-,RCV002254250|RCV002254249,"Human Phenotype Ontology:HP:0008255,MONDO:MONDO:0020525,MedGen:C0342273|Human Phenotype Ontology:HP:0004904,MONDO:MONDO:0018911,MedGen:C0342276,OMIM:PS125850,Orphanet:552",Transitory neonatal diabetes mellitus|Maturity-onset diabetes of the young,unknown,unknown,GRCh38,NC_000011.10,11,17474897,17474897,na,na,11p15.1,"criteria provided, single submitter",1,-,N,ClinGen:CA5903936,2,1691263,17474897,G,A,-,-,-,-,-,-,SCV002524103|SCV002524104,-,-
1683743,single nucleotide variant,NM_000352.6(ABCC8):c.297C>A (p.Thr99=),6833,ABCC8,HGNC:59,Conflicting classifications of pathogenicity,0,"May 30, 2023",906180828,-,RCV002254252|RCV002254251|RCV003774758,"Human Phenotype Ontology:HP:0008255,MONDO:MONDO:0020525,MedGen:C0342273|Human Phenotype Ontology:HP:0004904,MONDO:MONDO:0018911,MedGen:C0342276,OMIM:PS125850,Orphanet:552|MedGen:C3661900",Transitory neonatal diabetes mellitus|Maturity-onset diabetes of the young|not provided,germline;unknown,germline,GRCh37,NC_000011.9,11,17491763,17491763,na,na,11p15.1,"criteria provided, conflicting classifications",2,-,N,ClinGen:CA218455919,2,1691264,17491763,G,T,-,-,-,-,-,-,SCV002524089|SCV002524090|SCV004697222,-,-
1683743,single nucleotide variant,NM_000352.6(ABCC8):c.297C>A (p.Thr99=),6833,ABCC8,HGNC:59,Conflicting classifications of pathogenicity,0,"May 30, 2023",906180828,-,RCV002254252|RCV002254251|RCV003774758,"Human Phenotype Ontology:HP:0008255,MONDO:MONDO:0020525,MedGen:C0342273|Human Phenotype Ontology:HP:0004904,MONDO:MONDO:0018911,MedGen:C0342276,OMIM:PS125850,Orphanet:552|MedGen:C3661900",Transitory neonatal diabetes mellitus|Maturity-onset diabetes of the young|not provided,germline;unknown,germline,GRCh38,NC_000011.10,11,17470216,17470216,na,na,11p15.1,"criteria provided, conflicting classifications",2,-,N,ClinGen:CA218455919,2,1691264,17470216,G,T,-,-,-,-,-,-,SCV002524089|SCV002524090|SCV004697222,-,-
1683744,single nucleotide variant,NM_000352.6(ABCC8):c.35C>T (p.Ser12Leu),6833,ABCC8,HGNC:59,Uncertain significance,0,-,1283621955,-,RCV002254253|RCV002254254,"Human Phenotype Ontology:HP:0004904,MONDO:MONDO:0018911,MedGen:C0342276,OMIM:PS125850,Orphanet:552|Human Phenotype Ontology:HP:0008255,MONDO:MONDO:0020525,MedGen:C0342273",Maturity-onset diabetes of the young|Transitory neonatal diabetes mellitus,unknown,unknown,GRCh37,NC_000011.9,11,17498289,17498289,na,na,11p15.1,"criteria provided, single submitter",1,-,N,ClinGen:CA379790233,2,1691265,17498289,G,A,-,-,-,-,-,-,SCV002524150|SCV002524151,-,-
1683744,single nucleotide variant,NM_000352.6(ABCC8):c.35C>T (p.Ser12Leu),6833,ABCC8,HGNC:59,Uncertain significance,0,-,1283621955,-,RCV002254253|RCV002254254,"Human Phenotype Ontology:HP:0004904,MONDO:MONDO:0018911,MedGen:C0342276,OMIM:PS125850,Orphanet:552|Human Phenotype Ontology:HP:0008255,MONDO:MONDO:0020525,MedGen:C0342273",Maturity-onset diabetes of the young|Transitory neonatal diabetes mellitus,unknown,unknown,GRCh38,NC_000011.10,11,17476742,17476742,na,na,11p15.1,"criteria provided, single submitter",1,-,N,ClinGen:CA379790233,2,1691265,17476742,G,A,-,-,-,-,-,-,SCV002524150|SCV002524151,-,-
1683745,single nucleotide variant,NM_000352.6(ABCC8):c.4C>T (p.Pro2Ser),6833,ABCC8,HGNC:59,Uncertain significance,0,"Feb 11, 2022",756552692,-,RCV002254256|RCV002254255|RCV003101394,"Human Phenotype Ontology:HP:0008255,MONDO:MONDO:0020525,MedGen:C0342273|Human Phenotype Ontology:HP:0004904,MONDO:MONDO:0018911,MedGen:C0342276,OMIM:PS125850,Orphanet:552|MeSH:D030342,MedGen:C0950123",Transitory neonatal diabetes mellitus|Maturity-onset diabetes of the young|Inborn genetic diseases,germline;unknown,germline,GRCh37,NC_000011.9,11,17498320,17498320,na,na,11p15.1,"criteria provided, multiple submitters, no conflicts",2,-,N,ClinGen:CA5904003,2,1691266,17498320,G,A,-,-,-,-,-,-,SCV002524153|SCV002524154|SCV003606222,-,-
1683745,single nucleotide variant,NM_000352.6(ABCC8):c.4C>T (p.Pro2Ser),6833,ABCC8,HGNC:59,Uncertain significance,0,"Feb 11, 2022",756552692,-,RCV002254256|RCV002254255|RCV003101394,"Human Phenotype Ontology:HP:0008255,MONDO:MONDO:0020525,MedGen:C0342273|Human Phenotype Ontology:HP:0004904,MONDO:MONDO:0018911,MedGen:C0342276,OMIM:PS125850,Orphanet:552|MeSH:D030342,MedGen:C0950123",Transitory neonatal diabetes mellitus|Maturity-onset diabetes of the young|Inborn genetic diseases,germline;unknown,germline,GRCh38,NC_000011.10,11,17476773,17476773,na,na,11p15.1,"criteria provided, multiple submitters, no conflicts",2,-,N,ClinGen:CA5904003,2,1691266,17476773,G,A,-,-,-,-,-,-,SCV002524153|SCV002524154|SCV003606222,-,-
1683746,single nucleotide variant,NC_000011.10:g.17476889C>A,6833,ABCC8,HGNC:59,Uncertain significance,0,-,886048056,-,RCV002254366|RCV002254365,"Human Phenotype Ontology:HP:0008255,MONDO:MONDO:0020525,MedGen:C0342273|Human Phenotype Ontology:HP:0004904,MONDO:MONDO:0018911,MedGen:C0342276,OMIM:PS125850,Orphanet:552",Transitory neonatal diabetes mellitus|Maturity-onset diabetes of the young,unknown,unknown,GRCh37,NC_000011.9,11,17498436,17498436,na,na,11p15.1,"criteria provided, single submitter",1,-,N,ClinGen:CA935533464,2,1691267,17498436,C,A,-,-,-,-,-,-,SCV002524159|SCV002524160,-,-
1683746,single nucleotide variant,NC_000011.10:g.17476889C>A,6833,ABCC8,HGNC:59,Uncertain significance,0,-,886048056,-,RCV002254366|RCV002254365,"Human Phenotype Ontology:HP:0008255,MONDO:MONDO:0020525,MedGen:C0342273|Human Phenotype Ontology:HP:0004904,MONDO:MONDO:0018911,MedGen:C0342276,OMIM:PS125850,Orphanet:552",Transitory neonatal diabetes mellitus|Maturity-onset diabetes of the young,unknown,unknown,GRCh38,NC_000011.10,11,17476889,17476889,na,na,11p15.1,"criteria provided, single submitter",1,-,N,ClinGen:CA935533464,2,1691267,17476889,C,A,-,-,-,-,-,-,SCV002524159|SCV002524160,-,-
1683747,single nucleotide variant,NM_000352.6(ABCC8):c.97G>A (p.Val33Met),6833,ABCC8,HGNC:59,Uncertain significance,0,-,768372267,-,RCV002254368|RCV002254367,"Human Phenotype Ontology:HP:0008255,MONDO:MONDO:0020525,MedGen:C0342273|Human Phenotype Ontology:HP:0004904,MONDO:MONDO:0018911,MedGen:C0342276,OMIM:PS125850,Orphanet:552",Transitory neonatal diabetes mellitus|Maturity-onset diabetes of the young,unknown,unknown,GRCh37,NC_000011.9,11,17498227,17498227,na,na,11p15.1,"criteria provided, single submitter",1,-,N,ClinGen:CA5903983,2,1691268,17498227,C,T,-,-,-,-,-,-,SCV002524144|SCV002524145,-,-
1683747,single nucleotide variant,NM_000352.6(ABCC8):c.97G>A (p.Val33Met),6833,ABCC8,HGNC:59,Uncertain significance,0,-,768372267,-,RCV002254368|RCV002254367,"Human Phenotype Ontology:HP:0008255,MONDO:MONDO:0020525,MedGen:C0342273|Human Phenotype Ontology:HP:0004904,MONDO:MONDO:0018911,MedGen:C0342276,OMIM:PS125850,Orphanet:552",Transitory neonatal diabetes mellitus|Maturity-onset diabetes of the young,unknown,unknown,GRCh38,NC_000011.10,11,17476680,17476680,na,na,11p15.1,"criteria provided, single submitter",1,-,N,ClinGen:CA5903983,2,1691268,17476680,C,T,-,-,-,-,-,-,SCV002524144|SCV002524145,-,-
1683842,single nucleotide variant,NM_000162.5(GCK):c.864G>C (p.Leu288=),2645,GCK,HGNC:4195,Uncertain significance,0,"Jun 02, 2025",2128820056,-,RCV002254461|RCV003479415|RCV005417390,"MedGen:C3661900|MedGen:CN169374|MONDO:MONDO:0015967,MedGen:C3888631,Orphanet:183625",not provided|not specified|Monogenic diabetes,germline,germline,GRCh37,NC_000007.13,7,44186217,44186217,na,na,7p13,reviewed by expert panel,4,-,N,ClinGen:CA454608279,2,1691363,44186217,C,G,-,-,-,-,-,-,SCV006084775,-,-
1683842,single nucleotide variant,NM_000162.5(GCK):c.864G>C (p.Leu288=),2645,GCK,HGNC:4195,Uncertain significance,0,"Jun 02, 2025",2128820056,-,RCV002254461|RCV003479415|RCV005417390,"MedGen:C3661900|MedGen:CN169374|MONDO:MONDO:0015967,MedGen:C3888631,Orphanet:183625",not provided|not specified|Monogenic diabetes,germline,germline,GRCh38,NC_000007.14,7,44146618,44146618,na,na,7p13,reviewed by expert panel,4,-,N,ClinGen:CA454608279,2,1691363,44146618,C,G,-,-,-,-,-,-,SCV006084775,-,-
1683856,single nucleotide variant,NM_000525.4(KCNJ11):c.411G>A (p.Met137Ile),3767,KCNJ11,HGNC:6257,Uncertain significance,0,"Mar 26, 2024",371977895,-,RCV002254475|RCV002502060,"MedGen:C3661900|MONDO:MONDO:0012522,MedGen:C1864623,OMIM:610582,Orphanet:99886;MONDO:MONDO:0011153,MedGen:C2931833,OMIM:601820,Orphanet:276580,Orphanet:276603;Human Phenotype Ontology:HP:0005965,Human Phenotype Ontology:HP:0005978,Human Phenotype Ontology:HP:0100652,MONDO:MONDO:0005148,MeSH:D003924,MedGen:C0011860,OMIM:125853;MONDO:MONDO:0030087,MedGen:C5394296,OMIM:618856;MONDO:MONDO:0014589,MedGen:C4225365,OMIM:616329,Orphanet:552","not provided|Diabetes mellitus, transient neonatal, 3;Hyperinsulinemic hypoglycemia, familial, 2;Type 2 diabetes mellitus;Diabetes mellitus, permanent neonatal 2;Maturity-onset diabetes of the young type 13",germline,germline,GRCh37,NC_000011.9,11,17409228,17409228,na,na,11p15.1,"criteria provided, multiple submitters, no conflicts",2,-,N,ClinGen:CA5902291,2,1691377,17409228,C,T,-,-,-,-,-,-,SCV002525675|SCV002814801,-,-
1683856,single nucleotide variant,NM_000525.4(KCNJ11):c.411G>A (p.Met137Ile),3767,KCNJ11,HGNC:6257,Uncertain significance,0,"Mar 26, 2024",371977895,-,RCV002254475|RCV002502060,"MedGen:C3661900|MONDO:MONDO:0012522,MedGen:C1864623,OMIM:610582,Orphanet:99886;MONDO:MONDO:0011153,MedGen:C2931833,OMIM:601820,Orphanet:276580,Orphanet:276603;Human Phenotype Ontology:HP:0005965,Human Phenotype Ontology:HP:0005978,Human Phenotype Ontology:HP:0100652,MONDO:MONDO:0005148,MeSH:D003924,MedGen:C0011860,OMIM:125853;MONDO:MONDO:0030087,MedGen:C5394296,OMIM:618856;MONDO:MONDO:0014589,MedGen:C4225365,OMIM:616329,Orphanet:552","not provided|Diabetes mellitus, transient neonatal, 3;Hyperinsulinemic hypoglycemia, familial, 2;Type 2 diabetes mellitus;Diabetes mellitus, permanent neonatal 2;Maturity-onset diabetes of the young type 13",germline,germline,GRCh38,NC_000011.10,11,17387681,17387681,na,na,11p15.1,"criteria provided, multiple submitters, no conflicts",2,-,N,ClinGen:CA5902291,2,1691377,17387681,C,T,-,-,-,-,-,-,SCV002525675|SCV002814801,-,-
1683857,single nucleotide variant,NM_000525.4(KCNJ11):c.1106G>A (p.Arg369His),3767,KCNJ11,HGNC:6257,Uncertain significance,0,"Nov 17, 2019",114613745,-,RCV002254476,MedGen:C3661900,not provided,germline,germline,GRCh37,NC_000011.9,11,17408533,17408533,na,na,11p15.1,"criteria provided, single submitter",1,-,N,ClinGen:CA5902179,2,1691378,17408533,C,T,-,-,-,-,-,-,SCV002525676,-,-
1683857,single nucleotide variant,NM_000525.4(KCNJ11):c.1106G>A (p.Arg369His),3767,KCNJ11,HGNC:6257,Uncertain significance,0,"Nov 17, 2019",114613745,-,RCV002254476,MedGen:C3661900,not provided,germline,germline,GRCh38,NC_000011.10,11,17386986,17386986,na,na,11p15.1,"criteria provided, single submitter",1,-,N,ClinGen:CA5902179,2,1691378,17386986,C,T,-,-,-,-,-,-,SCV002525676,-,-
1684244,single nucleotide variant,NM_033507.3(GCK):c.520G>C (p.Ala174Pro),2645,GCK,HGNC:4195,Uncertain significance,0,"Oct 16, 2025",2128821634,-,RCV002255216,MedGen:C3661900,not provided,germline,germline,GRCh37,NC_000007.13,7,44189630,44189630,na,na,7p13,"criteria provided, multiple submitters, no conflicts",2,-,N,ClinGen:CA367401703,2,1691788,44189630,C,G,-,-,-,-,-,-,SCV002526609|SCV007409854,-,-
1684244,single nucleotide variant,NM_033507.3(GCK):c.520G>C (p.Ala174Pro),2645,GCK,HGNC:4195,Uncertain significance,0,"Oct 16, 2025",2128821634,-,RCV002255216,MedGen:C3661900,not provided,germline,germline,GRCh38,NC_000007.14,7,44150031,44150031,na,na,7p13,"criteria provided, multiple submitters, no conflicts",2,-,N,ClinGen:CA367401703,2,1691788,44150031,C,G,-,-,-,-,-,-,SCV002526609|SCV007409854,-,-
1685555,single nucleotide variant,NM_000352.6(ABCC8):c.878A>G (p.His293Arg),6833,ABCC8,HGNC:59,Uncertain significance,0,"Apr 25, 2024",587783175,-,RCV002259542|RCV002259558|RCV005042764|RCV004534004,"Human Phenotype Ontology:HP:0008255,MONDO:MONDO:0020525,MedGen:C0342273|Human Phenotype Ontology:HP:0004904,MONDO:MONDO:0018911,MedGen:C0342276,OMIM:PS125850,Orphanet:552|MONDO:MONDO:0012480,MedGen:C1835887,OMIM:610374,Orphanet:99886;MONDO:MONDO:0009734,MedGen:C2931832,OMIM:256450,Orphanet:276575,Orphanet:276598;Human Phenotype Ontology:HP:0005965,Human Phenotype Ontology:HP:0005978,Human Phenotype Ontology:HP:0100652,MONDO:MONDO:0005148,MeSH:D003924,MedGen:C0011860,OMIM:125853;MONDO:MONDO:0030088,MedGen:C5394303,OMIM:618857;MONDO:MONDO:0009415,MedGen:C0271714,OMIM:240800|","Transitory neonatal diabetes mellitus|Maturity-onset diabetes of the young|Diabetes mellitus, transient neonatal, 2;Hyperinsulinemic hypoglycemia, familial, 1;Type 2 diabetes mellitus;Diabetes mellitus, permanent neonatal 3;Leucine-induced hypoglycemia|ABCC8-related disorder",germline;unknown,germline,GRCh37,NC_000011.9,11,17482168,17482168,na,na,11p15.1,"criteria provided, multiple submitters, no conflicts",3,-,N,ClinGen:CA379777373,2,1693115,17482168,T,C,-,-,-,-,-,-,SCV002522552|SCV002522553|SCV005676081,-,-
1685555,single nucleotide variant,NM_000352.6(ABCC8):c.878A>G (p.His293Arg),6833,ABCC8,HGNC:59,Uncertain significance,0,"Apr 25, 2024",587783175,-,RCV002259542|RCV002259558|RCV005042764|RCV004534004,"Human Phenotype Ontology:HP:0008255,MONDO:MONDO:0020525,MedGen:C0342273|Human Phenotype Ontology:HP:0004904,MONDO:MONDO:0018911,MedGen:C0342276,OMIM:PS125850,Orphanet:552|MONDO:MONDO:0012480,MedGen:C1835887,OMIM:610374,Orphanet:99886;MONDO:MONDO:0009734,MedGen:C2931832,OMIM:256450,Orphanet:276575,Orphanet:276598;Human Phenotype Ontology:HP:0005965,Human Phenotype Ontology:HP:0005978,Human Phenotype Ontology:HP:0100652,MONDO:MONDO:0005148,MeSH:D003924,MedGen:C0011860,OMIM:125853;MONDO:MONDO:0030088,MedGen:C5394303,OMIM:618857;MONDO:MONDO:0009415,MedGen:C0271714,OMIM:240800|","Transitory neonatal diabetes mellitus|Maturity-onset diabetes of the young|Diabetes mellitus, transient neonatal, 2;Hyperinsulinemic hypoglycemia, familial, 1;Type 2 diabetes mellitus;Diabetes mellitus, permanent neonatal 3;Leucine-induced hypoglycemia|ABCC8-related disorder",germline;unknown,germline,GRCh38,NC_000011.10,11,17460621,17460621,na,na,11p15.1,"criteria provided, multiple submitters, no conflicts",3,-,N,ClinGen:CA379777373,2,1693115,17460621,T,C,-,-,-,-,-,-,SCV002522552|SCV002522553|SCV005676081,-,-
1685560,single nucleotide variant,NM_000352.6(ABCC8):c.890G>T (p.Arg297Met),6833,ABCC8,HGNC:59,Uncertain significance,0,"Jun 15, 2023",371802112,-,RCV002259564|RCV002259563|RCV003317585,"Human Phenotype Ontology:HP:0008255,MONDO:MONDO:0020525,MedGen:C0342273|Human Phenotype Ontology:HP:0004904,MONDO:MONDO:0018911,MedGen:C0342276,OMIM:PS125850,Orphanet:552|MedGen:CN169374",Transitory neonatal diabetes mellitus|Maturity-onset diabetes of the young|not specified,germline;unknown,germline,GRCh37,NC_000011.9,11,17482156,17482156,na,na,11p15.1,"criteria provided, multiple submitters, no conflicts",2,-,N,ClinGen:CA5903734,2,1693120,17482156,C,A,-,-,-,-,-,-,SCV002522556|SCV002522557|SCV004020581,-,-
1685560,single nucleotide variant,NM_000352.6(ABCC8):c.890G>T (p.Arg297Met),6833,ABCC8,HGNC:59,Uncertain significance,0,"Jun 15, 2023",371802112,-,RCV002259564|RCV002259563|RCV003317585,"Human Phenotype Ontology:HP:0008255,MONDO:MONDO:0020525,MedGen:C0342273|Human Phenotype Ontology:HP:0004904,MONDO:MONDO:0018911,MedGen:C0342276,OMIM:PS125850,Orphanet:552|MedGen:CN169374",Transitory neonatal diabetes mellitus|Maturity-onset diabetes of the young|not specified,germline;unknown,germline,GRCh38,NC_000011.10,11,17460609,17460609,na,na,11p15.1,"criteria provided, multiple submitters, no conflicts",2,-,N,ClinGen:CA5903734,2,1693120,17460609,C,A,-,-,-,-,-,-,SCV002522556|SCV002522557|SCV004020581,-,-
1688532,single nucleotide variant,NM_000352.6(ABCC8):c.1801G>A (p.Val601Ile),6833,ABCC8,HGNC:59,Uncertain significance,0,"Apr 15, 2024",1955813180,-,RCV002266268|RCV003560902|RCV004534017,MedGen:CN169374|MedGen:C3661900|,not specified|not provided|ABCC8-related disorder,germline,germline,GRCh37,NC_000011.9,11,17452377,17452377,na,na,11p15.1,"criteria provided, multiple submitters, no conflicts",3,-,N,ClinGen:CA379816896,2,1696124,17452377,C,T,-,-,-,-,-,-,SCV002547980|SCV004114070|SCV004295389,-,-
1688532,single nucleotide variant,NM_000352.6(ABCC8):c.1801G>A (p.Val601Ile),6833,ABCC8,HGNC:59,Uncertain significance,0,"Apr 15, 2024",1955813180,-,RCV002266268|RCV003560902|RCV004534017,MedGen:CN169374|MedGen:C3661900|,not specified|not provided|ABCC8-related disorder,germline,germline,GRCh38,NC_000011.10,11,17430830,17430830,na,na,11p15.1,"criteria provided, multiple submitters, no conflicts",3,-,N,ClinGen:CA379816896,2,1696124,17430830,C,T,-,-,-,-,-,-,SCV002547980|SCV004114070|SCV004295389,-,-
1688533,single nucleotide variant,NM_000352.6(ABCC8):c.3175G>A (p.Asp1059Asn),6833,ABCC8,HGNC:59,Uncertain significance,0,"May 03, 2022",755718934,-,RCV002266269,MedGen:CN169374,not specified,germline,germline,GRCh37,NC_000011.9,11,17428323,17428323,na,na,11p15.1,"criteria provided, single submitter",1,-,N,ClinGen:CA5902893,2,1696125,17428323,C,T,-,-,-,-,-,-,SCV002547981,-,-
1688533,single nucleotide variant,NM_000352.6(ABCC8):c.3175G>A (p.Asp1059Asn),6833,ABCC8,HGNC:59,Uncertain significance,0,"May 03, 2022",755718934,-,RCV002266269,MedGen:CN169374,not specified,germline,germline,GRCh38,NC_000011.10,11,17406776,17406776,na,na,11p15.1,"criteria provided, single submitter",1,-,N,ClinGen:CA5902893,2,1696125,17406776,C,T,-,-,-,-,-,-,SCV002547981,-,-
1689623,single nucleotide variant,NM_000352.6(ABCC8):c.1833C>T (p.Ser611=),6833,ABCC8,HGNC:59,Conflicting classifications of pathogenicity,0,"Nov 12, 2023",763273046,-,RCV002267568|RCV002267567|RCV003774853,"Human Phenotype Ontology:HP:0008255,MONDO:MONDO:0020525,MedGen:C0342273|Human Phenotype Ontology:HP:0004904,MONDO:MONDO:0018911,MedGen:C0342276,OMIM:PS125850,Orphanet:552|MedGen:C3661900",Transitory neonatal diabetes mellitus|Maturity-onset diabetes of the young|not provided,germline;unknown,germline,GRCh37,NC_000011.9,11,17450202,17450202,na,na,11p15.1,"criteria provided, conflicting classifications",2,-,N,ClinGen:CA5903417,2,1697228,17450202,G,A,-,-,-,-,-,-,SCV002522333|SCV002522334|SCV004650645,-,-
1689623,single nucleotide variant,NM_000352.6(ABCC8):c.1833C>T (p.Ser611=),6833,ABCC8,HGNC:59,Conflicting classifications of pathogenicity,0,"Nov 12, 2023",763273046,-,RCV002267568|RCV002267567|RCV003774853,"Human Phenotype Ontology:HP:0008255,MONDO:MONDO:0020525,MedGen:C0342273|Human Phenotype Ontology:HP:0004904,MONDO:MONDO:0018911,MedGen:C0342276,OMIM:PS125850,Orphanet:552|MedGen:C3661900",Transitory neonatal diabetes mellitus|Maturity-onset diabetes of the young|not provided,germline;unknown,germline,GRCh38,NC_000011.10,11,17428655,17428655,na,na,11p15.1,"criteria provided, conflicting classifications",2,-,N,ClinGen:CA5903417,2,1697228,17428655,G,A,-,-,-,-,-,-,SCV002522333|SCV002522334|SCV004650645,-,-
1689624,single nucleotide variant,NM_000352.6(ABCC8):c.1716G>A (p.Ser572=),6833,ABCC8,HGNC:59,Conflicting classifications of pathogenicity,0,"May 16, 2025",750619309,-,RCV002267569|RCV002267570|RCV003096073|RCV004534023,"Human Phenotype Ontology:HP:0004904,MONDO:MONDO:0018911,MedGen:C0342276,OMIM:PS125850,Orphanet:552|Human Phenotype Ontology:HP:0008255,MONDO:MONDO:0020525,MedGen:C0342273|MedGen:C3661900|",Maturity-onset diabetes of the young|Transitory neonatal diabetes mellitus|not provided|ABCC8-related disorder,germline;unknown,germline,GRCh37,NC_000011.9,11,17452462,17452462,na,na,11p15.1,"criteria provided, conflicting classifications",3,-,N,ClinGen:CA5903463,2,1697229,17452462,C,T,-,-,-,-,-,-,SCV002522351|SCV002522352|SCV003477248,-,-
1689624,single nucleotide variant,NM_000352.6(ABCC8):c.1716G>A (p.Ser572=),6833,ABCC8,HGNC:59,Conflicting classifications of pathogenicity,0,"May 16, 2025",750619309,-,RCV002267569|RCV002267570|RCV003096073|RCV004534023,"Human Phenotype Ontology:HP:0004904,MONDO:MONDO:0018911,MedGen:C0342276,OMIM:PS125850,Orphanet:552|Human Phenotype Ontology:HP:0008255,MONDO:MONDO:0020525,MedGen:C0342273|MedGen:C3661900|",Maturity-onset diabetes of the young|Transitory neonatal diabetes mellitus|not provided|ABCC8-related disorder,germline;unknown,germline,GRCh38,NC_000011.10,11,17430915,17430915,na,na,11p15.1,"criteria provided, conflicting classifications",3,-,N,ClinGen:CA5903463,2,1697229,17430915,C,T,-,-,-,-,-,-,SCV002522351|SCV002522352|SCV003477248,-,-
1689628,single nucleotide variant,NM_000352.6(ABCC8):c.1630+5G>A,6833,ABCC8,HGNC:59,Uncertain significance,0,-,1956364777,-,RCV002267575|RCV002267574,"Human Phenotype Ontology:HP:0008255,MONDO:MONDO:0020525,MedGen:C0342273|Human Phenotype Ontology:HP:0004904,MONDO:MONDO:0018911,MedGen:C0342276,OMIM:PS125850,Orphanet:552",Transitory neonatal diabetes mellitus|Maturity-onset diabetes of the young,unknown,unknown,GRCh37,NC_000011.9,11,17464262,17464262,na,na,11p15.1,"criteria provided, single submitter",1,-,N,ClinGen:CA935532250,2,1697233,17464262,C,T,-,-,-,-,-,-,SCV002522375|SCV002522376,-,-
1689628,single nucleotide variant,NM_000352.6(ABCC8):c.1630+5G>A,6833,ABCC8,HGNC:59,Uncertain significance,0,-,1956364777,-,RCV002267575|RCV002267574,"Human Phenotype Ontology:HP:0008255,MONDO:MONDO:0020525,MedGen:C0342273|Human Phenotype Ontology:HP:0004904,MONDO:MONDO:0018911,MedGen:C0342276,OMIM:PS125850,Orphanet:552",Transitory neonatal diabetes mellitus|Maturity-onset diabetes of the young,unknown,unknown,GRCh38,NC_000011.10,11,17442715,17442715,na,na,11p15.1,"criteria provided, single submitter",1,-,N,ClinGen:CA935532250,2,1697233,17442715,C,T,-,-,-,-,-,-,SCV002522375|SCV002522376,-,-
1691320,Duplication,NM_000162.5(GCK):c.641dup (p.Tyr214Ter),2645,GCK,HGNC:4195,Pathogenic/Likely pathogenic,1,"Aug 02, 2022",2128821490,-,RCV002272801|RCV004017916,"MONDO:MONDO:0007453,MedGen:C0342277,OMIM:125851,Orphanet:552|Human Phenotype Ontology:HP:0004904,MONDO:MONDO:0018911,MedGen:C0342276,OMIM:PS125850,Orphanet:552",Maturity-onset diabetes of the young type 2|Maturity-onset diabetes of the young,germline,germline,GRCh37,NC_000007.13,7,44189396,44189397,na,na,7p13,"criteria provided, multiple submitters, no conflicts",3,-,N,ClinGen:CA1139532770,2,1698944,44189396,G,GT,-,-,-,-,-,-,SCV002557026|SCV002562186|SCV004848492,-,-
1691320,Duplication,NM_000162.5(GCK):c.641dup (p.Tyr214Ter),2645,GCK,HGNC:4195,Pathogenic/Likely pathogenic,1,"Aug 02, 2022",2128821490,-,RCV002272801|RCV004017916,"MONDO:MONDO:0007453,MedGen:C0342277,OMIM:125851,Orphanet:552|Human Phenotype Ontology:HP:0004904,MONDO:MONDO:0018911,MedGen:C0342276,OMIM:PS125850,Orphanet:552",Maturity-onset diabetes of the young type 2|Maturity-onset diabetes of the young,germline,germline,GRCh38,NC_000007.14,7,44149797,44149798,na,na,7p13,"criteria provided, multiple submitters, no conflicts",3,-,N,ClinGen:CA1139532770,2,1698944,44149797,G,GT,-,-,-,-,-,-,SCV002557026|SCV002562186|SCV004848492,-,-
1691894,single nucleotide variant,NM_000352.6(ABCC8):c.2457G>C (p.Gln819His),6833,ABCC8,HGNC:59,Uncertain significance,0,"Jan 20, 2022",1954910721,-,RCV002273377,MedGen:C3661900,not provided,germline,germline,GRCh37,NC_000011.9,11,17434959,17434959,na,na,11p15.1,"criteria provided, single submitter",1,-,N,ClinGen:CA379808563,2,1699520,17434959,C,G,-,-,-,-,-,-,SCV002558096,-,-
1691894,single nucleotide variant,NM_000352.6(ABCC8):c.2457G>C (p.Gln819His),6833,ABCC8,HGNC:59,Uncertain significance,0,"Jan 20, 2022",1954910721,-,RCV002273377,MedGen:C3661900,not provided,germline,germline,GRCh38,NC_000011.10,11,17413412,17413412,na,na,11p15.1,"criteria provided, single submitter",1,-,N,ClinGen:CA379808563,2,1699520,17413412,C,G,-,-,-,-,-,-,SCV002558096,-,-
1692754,single nucleotide variant,NM_000352.6(ABCC8):c.2477G>A (p.Gly826Asp),6833,ABCC8,HGNC:59,Uncertain significance,0,"Jan 07, 2026",1954875708,-,RCV002274610|RCV006459129,MedGen:C3661900|MedGen:CN169374,not provided|not specified,germline,germline,GRCh37,NC_000011.9,11,17434292,17434292,na,na,11p15.1,"criteria provided, multiple submitters, no conflicts",2,-,N,ClinGen:CA379807778,2,1700361,17434292,C,T,-,-,-,-,-,-,SCV002559445|SCV007341995,-,-
1692754,single nucleotide variant,NM_000352.6(ABCC8):c.2477G>A (p.Gly826Asp),6833,ABCC8,HGNC:59,Uncertain significance,0,"Jan 07, 2026",1954875708,-,RCV002274610|RCV006459129,MedGen:C3661900|MedGen:CN169374,not provided|not specified,germline,germline,GRCh38,NC_000011.10,11,17412745,17412745,na,na,11p15.1,"criteria provided, multiple submitters, no conflicts",2,-,N,ClinGen:CA379807778,2,1700361,17412745,C,T,-,-,-,-,-,-,SCV002559445|SCV007341995,-,-
1693065,single nucleotide variant,NM_000162.5(GCK):c.1019+2T>C,2645,GCK,HGNC:4195,Pathogenic,1,"Aug 02, 2022",193929376,-,RCV002285550,"MONDO:MONDO:0007453,MedGen:C0342277,OMIM:125851,Orphanet:552",Maturity-onset diabetes of the young type 2,germline,germline,GRCh37,NC_000007.13,7,44186060,44186060,na,na,7p13,"criteria provided, single submitter",1,-,N,ClinGen:CA367399677,2,1700672,44186060,A,G,-,-,-,-,-,-,SCV002562148,-,-
1693065,single nucleotide variant,NM_000162.5(GCK):c.1019+2T>C,2645,GCK,HGNC:4195,Pathogenic,1,"Aug 02, 2022",193929376,-,RCV002285550,"MONDO:MONDO:0007453,MedGen:C0342277,OMIM:125851,Orphanet:552",Maturity-onset diabetes of the young type 2,germline,germline,GRCh38,NC_000007.14,7,44146461,44146461,na,na,7p13,"criteria provided, single submitter",1,-,N,ClinGen:CA367399677,2,1700672,44146461,A,G,-,-,-,-,-,-,SCV002562148,-,-
1693066,single nucleotide variant,NM_000162.5(GCK):c.122T>G (p.Met41Arg),2645,GCK,HGNC:4195,Likely pathogenic,1,"Aug 02, 2022",1057524906,-,RCV002285551,"MONDO:MONDO:0007453,MedGen:C0342277,OMIM:125851,Orphanet:552",Maturity-onset diabetes of the young type 2,germline,germline,GRCh37,NC_000007.13,7,44192986,44192986,na,na,7p13,"criteria provided, single submitter",1,-,N,ClinGen:CA367403469,2,1700673,44192986,A,C,-,-,-,-,-,-,SCV002562153,-,-
1693066,single nucleotide variant,NM_000162.5(GCK):c.122T>G (p.Met41Arg),2645,GCK,HGNC:4195,Likely pathogenic,1,"Aug 02, 2022",1057524906,-,RCV002285551,"MONDO:MONDO:0007453,MedGen:C0342277,OMIM:125851,Orphanet:552",Maturity-onset diabetes of the young type 2,germline,germline,GRCh38,NC_000007.14,7,44153387,44153387,na,na,7p13,"criteria provided, single submitter",1,-,N,ClinGen:CA367403469,2,1700673,44153387,A,C,-,-,-,-,-,-,SCV002562153,-,-
1693067,single nucleotide variant,NM_000162.5(GCK):c.1247A>G (p.His416Arg),2645,GCK,HGNC:4195,Pathogenic,1,"Jan 07, 2026",1583591303,-,RCV002285552|RCV003560916|RCV006454751,"MONDO:MONDO:0007453,MedGen:C0342277,OMIM:125851,Orphanet:552|MedGen:C3661900|MONDO:MONDO:0015967,MedGen:C3888631,Orphanet:183625",Maturity-onset diabetes of the young type 2|not provided|Monogenic diabetes,germline,germline,GRCh37,NC_000007.13,7,44185102,44185102,na,na,7p13,reviewed by expert panel,3,-,N,ClinGen:CA367398216,2,1700674,44185102,T,C,-,-,-,-,-,-,SCV007338201,-,-
1693067,single nucleotide variant,NM_000162.5(GCK):c.1247A>G (p.His416Arg),2645,GCK,HGNC:4195,Pathogenic,1,"Jan 07, 2026",1583591303,-,RCV002285552|RCV003560916|RCV006454751,"MONDO:MONDO:0007453,MedGen:C0342277,OMIM:125851,Orphanet:552|MedGen:C3661900|MONDO:MONDO:0015967,MedGen:C3888631,Orphanet:183625",Maturity-onset diabetes of the young type 2|not provided|Monogenic diabetes,germline,germline,GRCh38,NC_000007.14,7,44145503,44145503,na,na,7p13,reviewed by expert panel,3,-,N,ClinGen:CA367398216,2,1700674,44145503,T,C,-,-,-,-,-,-,SCV007338201,-,-
1693068,single nucleotide variant,NM_000162.5(GCK):c.1264C>T (p.Arg422Trp),2645,GCK,HGNC:4195,Conflicting classifications of pathogenicity,1,"Aug 02, 2022",1208845035,-,RCV002285553|RCV002443287,"MONDO:MONDO:0007453,MedGen:C0342277,OMIM:125851,Orphanet:552|Human Phenotype Ontology:HP:0004904,MONDO:MONDO:0018911,MedGen:C0342276,OMIM:PS125850,Orphanet:552",Maturity-onset diabetes of the young type 2|Maturity-onset diabetes of the young,germline,germline,GRCh37,NC_000007.13,7,44184869,44184869,na,na,7p13,"criteria provided, conflicting classifications",2,-,N,ClinGen:CA367397271,2,1700675,44184869,G,A,-,-,-,-,-,-,SCV002562155|SCV002676302,-,-
1693068,single nucleotide variant,NM_000162.5(GCK):c.1264C>T (p.Arg422Trp),2645,GCK,HGNC:4195,Conflicting classifications of pathogenicity,1,"Aug 02, 2022",1208845035,-,RCV002285553|RCV002443287,"MONDO:MONDO:0007453,MedGen:C0342277,OMIM:125851,Orphanet:552|Human Phenotype Ontology:HP:0004904,MONDO:MONDO:0018911,MedGen:C0342276,OMIM:PS125850,Orphanet:552",Maturity-onset diabetes of the young type 2|Maturity-onset diabetes of the young,germline,germline,GRCh38,NC_000007.14,7,44145270,44145270,na,na,7p13,"criteria provided, conflicting classifications",2,-,N,ClinGen:CA367397271,2,1700675,44145270,G,A,-,-,-,-,-,-,SCV002562155|SCV002676302,-,-
1693069,single nucleotide variant,NM_000162.5(GCK):c.209-1G>A,2645,GCK,HGNC:4195,Pathogenic/Likely pathogenic,1,"Oct 21, 2025",1468609625,-,RCV002285554|RCV003096186,"MONDO:MONDO:0007453,MedGen:C0342277,OMIM:125851,Orphanet:552|MedGen:C3661900",Maturity-onset diabetes of the young type 2|not provided,germline,germline,GRCh37,NC_000007.13,7,44192025,44192025,na,na,7p13,"criteria provided, multiple submitters, no conflicts",2,-,N,ClinGen:CA367403137,2,1700676,44192025,C,T,-,-,-,-,-,-,SCV002562166|SCV002952892,-,-
1693069,single nucleotide variant,NM_000162.5(GCK):c.209-1G>A,2645,GCK,HGNC:4195,Pathogenic/Likely pathogenic,1,"Oct 21, 2025",1468609625,-,RCV002285554|RCV003096186,"MONDO:MONDO:0007453,MedGen:C0342277,OMIM:125851,Orphanet:552|MedGen:C3661900",Maturity-onset diabetes of the young type 2|not provided,germline,germline,GRCh38,NC_000007.14,7,44152426,44152426,na,na,7p13,"criteria provided, multiple submitters, no conflicts",2,-,N,ClinGen:CA367403137,2,1700676,44152426,C,T,-,-,-,-,-,-,SCV002562166|SCV002952892,-,-
1693070,single nucleotide variant,NM_000162.5(GCK):c.296G>A (p.Trp99Ter),2645,GCK,HGNC:4195,Pathogenic,1,"Aug 02, 2022",2484535524,-,RCV002285555,"MONDO:MONDO:0007453,MedGen:C0342277,OMIM:125851,Orphanet:552",Maturity-onset diabetes of the young type 2,germline,germline,GRCh37,NC_000007.13,7,44191937,44191937,na,na,7p13,"criteria provided, single submitter",1,-,N,ClinGen:CA367402804,2,1700677,44191937,C,T,-,-,-,-,-,-,SCV002562167,-,-
1693070,single nucleotide variant,NM_000162.5(GCK):c.296G>A (p.Trp99Ter),2645,GCK,HGNC:4195,Pathogenic,1,"Aug 02, 2022",2484535524,-,RCV002285555,"MONDO:MONDO:0007453,MedGen:C0342277,OMIM:125851,Orphanet:552",Maturity-onset diabetes of the young type 2,germline,germline,GRCh38,NC_000007.14,7,44152338,44152338,na,na,7p13,"criteria provided, single submitter",1,-,N,ClinGen:CA367402804,2,1700677,44152338,C,T,-,-,-,-,-,-,SCV002562167,-,-
1693071,Deletion,NM_000162.5(GCK):c.351_358del (p.Thr118fs),2645,GCK,HGNC:4195,Pathogenic/Likely pathogenic,1,"Aug 02, 2022",2484534844,-,RCV002285556|RCV004017919,"MONDO:MONDO:0007453,MedGen:C0342277,OMIM:125851,Orphanet:552|Human Phenotype Ontology:HP:0004904,MONDO:MONDO:0018911,MedGen:C0342276,OMIM:PS125850,Orphanet:552",Maturity-onset diabetes of the young type 2|Maturity-onset diabetes of the young,germline,germline,GRCh37,NC_000007.13,7,44191875,44191882,na,na,7p13,"criteria provided, multiple submitters, no conflicts",2,-,N,ClinGen:CA2580077152,2,1700678,44191874,TCAGCAGTG,T,-,-,-,-,-,-,SCV002562169|SCV004848496,-,-
1693071,Deletion,NM_000162.5(GCK):c.351_358del (p.Thr118fs),2645,GCK,HGNC:4195,Pathogenic/Likely pathogenic,1,"Aug 02, 2022",2484534844,-,RCV002285556|RCV004017919,"MONDO:MONDO:0007453,MedGen:C0342277,OMIM:125851,Orphanet:552|Human Phenotype Ontology:HP:0004904,MONDO:MONDO:0018911,MedGen:C0342276,OMIM:PS125850,Orphanet:552",Maturity-onset diabetes of the young type 2|Maturity-onset diabetes of the young,germline,germline,GRCh38,NC_000007.14,7,44152276,44152283,na,na,7p13,"criteria provided, multiple submitters, no conflicts",2,-,N,ClinGen:CA2580077152,2,1700678,44152275,TCAGCAGTG,T,-,-,-,-,-,-,SCV002562169|SCV004848496,-,-
1693072,single nucleotide variant,NM_000162.5(GCK):c.461T>C (p.Val154Ala),2645,GCK,HGNC:4195,Likely pathogenic,1,"Aug 02, 2022",2484529399,-,RCV002285557,"MONDO:MONDO:0007453,MedGen:C0342277,OMIM:125851,Orphanet:552",Maturity-onset diabetes of the young type 2,germline,germline,GRCh37,NC_000007.13,7,44190577,44190577,na,na,7p13,"criteria provided, single submitter",1,-,N,ClinGen:CA367401909,2,1700679,44190577,A,G,-,-,-,-,-,-,SCV002562173,-,-
1693072,single nucleotide variant,NM_000162.5(GCK):c.461T>C (p.Val154Ala),2645,GCK,HGNC:4195,Likely pathogenic,1,"Aug 02, 2022",2484529399,-,RCV002285557,"MONDO:MONDO:0007453,MedGen:C0342277,OMIM:125851,Orphanet:552",Maturity-onset diabetes of the young type 2,germline,germline,GRCh38,NC_000007.14,7,44150978,44150978,na,na,7p13,"criteria provided, single submitter",1,-,N,ClinGen:CA367401909,2,1700679,44150978,A,G,-,-,-,-,-,-,SCV002562173,-,-
1693073,single nucleotide variant,NM_000162.5(GCK):c.484-2A>G,2645,GCK,HGNC:4195,Pathogenic,1,"May 11, 2023",2484524511,-,RCV002285558|RCV003698896,"MONDO:MONDO:0007453,MedGen:C0342277,OMIM:125851,Orphanet:552|MedGen:C3661900",Maturity-onset diabetes of the young type 2|not provided,germline,germline,GRCh37,NC_000007.13,7,44189665,44189665,na,na,7p13,"criteria provided, multiple submitters, no conflicts",2,-,N,ClinGen:CA367401815,2,1700680,44189665,T,C,-,-,-,-,-,-,SCV002562176|SCV004467476,-,-
1693073,single nucleotide variant,NM_000162.5(GCK):c.484-2A>G,2645,GCK,HGNC:4195,Pathogenic,1,"May 11, 2023",2484524511,-,RCV002285558|RCV003698896,"MONDO:MONDO:0007453,MedGen:C0342277,OMIM:125851,Orphanet:552|MedGen:C3661900",Maturity-onset diabetes of the young type 2|not provided,germline,germline,GRCh38,NC_000007.14,7,44150066,44150066,na,na,7p13,"criteria provided, multiple submitters, no conflicts",2,-,N,ClinGen:CA367401815,2,1700680,44150066,T,C,-,-,-,-,-,-,SCV002562176|SCV004467476,-,-
1693074,Deletion,NM_000162.5(GCK):c.580-13_580-1del,2645,GCK,HGNC:4195,Pathogenic,1,"Aug 02, 2022",2484523083,-,RCV002285559,"MONDO:MONDO:0007453,MedGen:C0342277,OMIM:125851,Orphanet:552",Maturity-onset diabetes of the young type 2,germline,germline,GRCh37,NC_000007.13,7,44189459,44189471,na,na,7p13,"criteria provided, single submitter",1,-,N,ClinGen:CA2580077184,2,1700681,44189458,CCTGCCAAGAAGCA,C,-,-,-,-,-,-,SCV002562184,-,-
1693074,Deletion,NM_000162.5(GCK):c.580-13_580-1del,2645,GCK,HGNC:4195,Pathogenic,1,"Aug 02, 2022",2484523083,-,RCV002285559,"MONDO:MONDO:0007453,MedGen:C0342277,OMIM:125851,Orphanet:552",Maturity-onset diabetes of the young type 2,germline,germline,GRCh38,NC_000007.14,7,44149860,44149872,na,na,7p13,"criteria provided, single submitter",1,-,N,ClinGen:CA2580077184,2,1700681,44149859,CCTGCCAAGAAGCA,C,-,-,-,-,-,-,SCV002562184,-,-
1693076,single nucleotide variant,NM_000162.5(GCK):c.864-1G>C,2645,GCK,HGNC:4195,Pathogenic,1,"Nov 24, 2025",1167675604,-,RCV002285561|RCV006255387,"MONDO:MONDO:0007453,MedGen:C0342277,OMIM:125851,Orphanet:552|MONDO:MONDO:0015967,MedGen:C3888631,Orphanet:183625",Maturity-onset diabetes of the young type 2|Monogenic diabetes,germline,germline,GRCh37,NC_000007.13,7,44186218,44186218,na,na,7p13,reviewed by expert panel,2,-,N,ClinGen:CA367400275,2,1700683,44186218,C,G,-,-,-,-,-,-,SCV007107116,-,-
1693076,single nucleotide variant,NM_000162.5(GCK):c.864-1G>C,2645,GCK,HGNC:4195,Pathogenic,1,"Nov 24, 2025",1167675604,-,RCV002285561|RCV006255387,"MONDO:MONDO:0007453,MedGen:C0342277,OMIM:125851,Orphanet:552|MONDO:MONDO:0015967,MedGen:C3888631,Orphanet:183625",Maturity-onset diabetes of the young type 2|Monogenic diabetes,germline,germline,GRCh38,NC_000007.14,7,44146619,44146619,na,na,7p13,reviewed by expert panel,2,-,N,ClinGen:CA367400275,2,1700683,44146619,C,G,-,-,-,-,-,-,SCV007107116,-,-
1693077,single nucleotide variant,NM_000162.5(GCK):c.878T>G (p.Ile293Arg),2645,GCK,HGNC:4195,Pathogenic/Likely pathogenic,1,"Apr 23, 2025",2128820046,-,RCV002285562,"MONDO:MONDO:0007453,MedGen:C0342277,OMIM:125851,Orphanet:552",Maturity-onset diabetes of the young type 2,germline,germline,GRCh37,NC_000007.13,7,44186203,44186203,na,na,7p13,"criteria provided, multiple submitters, no conflicts",2,-,N,ClinGen:CA367400163,2,1700684,44186203,A,C,-,-,-,-,-,-,SCV002562199|SCV006302552,-,-
1693077,single nucleotide variant,NM_000162.5(GCK):c.878T>G (p.Ile293Arg),2645,GCK,HGNC:4195,Pathogenic/Likely pathogenic,1,"Apr 23, 2025",2128820046,-,RCV002285562,"MONDO:MONDO:0007453,MedGen:C0342277,OMIM:125851,Orphanet:552",Maturity-onset diabetes of the young type 2,germline,germline,GRCh38,NC_000007.14,7,44146604,44146604,na,na,7p13,"criteria provided, multiple submitters, no conflicts",2,-,N,ClinGen:CA367400163,2,1700684,44146604,A,C,-,-,-,-,-,-,SCV002562199|SCV006302552,-,-
1693242,single nucleotide variant,NM_000352.6(ABCC8):c.3619G>A (p.Val1207Ile),6833,ABCC8,HGNC:59,Uncertain significance,0,"Nov 23, 2025",1227230033,-,RCV002275804|RCV006287625,"MedGen:C3661900|MeSH:D030342,MedGen:C0950123",not provided|Inborn genetic diseases,germline,germline,GRCh37,NC_000011.9,11,17424239,17424239,na,na,11p15.1,"criteria provided, multiple submitters, no conflicts",3,-,N,ClinGen:CA379796529,2,1700849,17424239,C,T,-,-,-,-,-,-,SCV002562483|SCV007157066|SCV007407343,-,-
1693242,single nucleotide variant,NM_000352.6(ABCC8):c.3619G>A (p.Val1207Ile),6833,ABCC8,HGNC:59,Uncertain significance,0,"Nov 23, 2025",1227230033,-,RCV002275804|RCV006287625,"MedGen:C3661900|MeSH:D030342,MedGen:C0950123",not provided|Inborn genetic diseases,germline,germline,GRCh38,NC_000011.10,11,17402692,17402692,na,na,11p15.1,"criteria provided, multiple submitters, no conflicts",3,-,N,ClinGen:CA379796529,2,1700849,17402692,C,T,-,-,-,-,-,-,SCV002562483|SCV007157066|SCV007407343,-,-
1695052,single nucleotide variant,NM_000162.5(GCK):c.774C>T (p.Gly258=),2645,GCK,HGNC:4195,Likely benign,0,"Aug 27, 2024",780806456,-,RCV002278983|RCV004823026,"MedGen:C3661900|Human Phenotype Ontology:HP:0004904,MONDO:MONDO:0018911,MedGen:C0342276,OMIM:PS125850,Orphanet:552",not provided|Maturity-onset diabetes of the young,germline,germline,GRCh37,NC_000007.13,7,44187338,44187338,na,na,7p13,"criteria provided, multiple submitters, no conflicts",2,-,N,ClinGen:CA4239525,2,1702665,44187338,G,A,-,-,-,-,-,-,SCV002567433|SCV005594291,-,-
1695052,single nucleotide variant,NM_000162.5(GCK):c.774C>T (p.Gly258=),2645,GCK,HGNC:4195,Likely benign,0,"Aug 27, 2024",780806456,-,RCV002278983|RCV004823026,"MedGen:C3661900|Human Phenotype Ontology:HP:0004904,MONDO:MONDO:0018911,MedGen:C0342276,OMIM:PS125850,Orphanet:552",not provided|Maturity-onset diabetes of the young,germline,germline,GRCh38,NC_000007.14,7,44147739,44147739,na,na,7p13,"criteria provided, multiple submitters, no conflicts",2,-,N,ClinGen:CA4239525,2,1702665,44147739,G,A,-,-,-,-,-,-,SCV002567433|SCV005594291,-,-
1695189,single nucleotide variant,NM_000352.6(ABCC8):c.2147G>A (p.Gly716Asp),6833,ABCC8,HGNC:59,Likely pathogenic,1,"Mar 07, 2022",72559723,-,RCV002279120,MedGen:C3661900,not provided,germline,germline,GRCh37,NC_000011.9,11,17448671,17448671,na,na,11p15.1,"criteria provided, single submitter",1,-,N,ClinGen:CA379813706,2,1702802,17448671,C,T,-,-,-,-,-,-,SCV002567678,-,-
1695189,single nucleotide variant,NM_000352.6(ABCC8):c.2147G>A (p.Gly716Asp),6833,ABCC8,HGNC:59,Likely pathogenic,1,"Mar 07, 2022",72559723,-,RCV002279120,MedGen:C3661900,not provided,germline,germline,GRCh38,NC_000011.10,11,17427124,17427124,na,na,11p15.1,"criteria provided, single submitter",1,-,N,ClinGen:CA379813706,2,1702802,17427124,C,T,-,-,-,-,-,-,SCV002567678,-,-
1696535,single nucleotide variant,NM_000162.5(GCK):c.384G>C (p.Glu128Asp),2645,GCK,HGNC:4195,Uncertain significance,0,"Mar 02, 2022",2484530052,-,RCV002281393,MedGen:C3661900,not provided,germline,germline,GRCh37,NC_000007.13,7,44190654,44190654,na,na,7p13,"criteria provided, single submitter",1,-,N,ClinGen:CA367402164,2,1704058,44190654,C,G,-,-,-,-,-,-,SCV002569649,-,-
1696535,single nucleotide variant,NM_000162.5(GCK):c.384G>C (p.Glu128Asp),2645,GCK,HGNC:4195,Uncertain significance,0,"Mar 02, 2022",2484530052,-,RCV002281393,MedGen:C3661900,not provided,germline,germline,GRCh38,NC_000007.14,7,44151055,44151055,na,na,7p13,"criteria provided, single submitter",1,-,N,ClinGen:CA367402164,2,1704058,44151055,C,G,-,-,-,-,-,-,SCV002569649,-,-
1696603,single nucleotide variant,NM_000162.5(GCK):c.389T>C (p.Ile130Thr),2645,GCK,HGNC:4195,Likely pathogenic,1,"Feb 28, 2024",1036483919,-,RCV002281461|RCV003883194,"MedGen:C3661900|MONDO:MONDO:0015967,MedGen:C3888631,Orphanet:183625",not provided|Monogenic diabetes,germline;unknown,germline,GRCh37,NC_000007.13,7,44190649,44190649,na,na,7p13,reviewed by expert panel,4,-,N,ClinGen:CA157918200,2,1704126,44190649,A,G,-,-,-,-,-,-,SCV004697922,-,-
1696603,single nucleotide variant,NM_000162.5(GCK):c.389T>C (p.Ile130Thr),2645,GCK,HGNC:4195,Likely pathogenic,1,"Feb 28, 2024",1036483919,-,RCV002281461|RCV003883194,"MedGen:C3661900|MONDO:MONDO:0015967,MedGen:C3888631,Orphanet:183625",not provided|Monogenic diabetes,germline;unknown,germline,GRCh38,NC_000007.14,7,44151050,44151050,na,na,7p13,reviewed by expert panel,4,-,N,ClinGen:CA157918200,2,1704126,44151050,A,G,-,-,-,-,-,-,SCV004697922,-,-
1699029,single nucleotide variant,NM_000352.6(ABCC8):c.4606G>C (p.Ala1536Pro),6833,ABCC8,HGNC:59,Uncertain significance,0,"Jul 23, 2022",772332005,-,RCV002282822,MedGen:CN169374,not specified,germline,germline,GRCh37,NC_000011.9,11,17415246,17415246,na,na,11p15.1,"criteria provided, single submitter",1,-,N,ClinGen:CA379781725,2,1704495,17415246,C,G,-,-,-,-,-,-,SCV002570580,-,-
1699029,single nucleotide variant,NM_000352.6(ABCC8):c.4606G>C (p.Ala1536Pro),6833,ABCC8,HGNC:59,Uncertain significance,0,"Jul 23, 2022",772332005,-,RCV002282822,MedGen:CN169374,not specified,germline,germline,GRCh38,NC_000011.10,11,17393699,17393699,na,na,11p15.1,"criteria provided, single submitter",1,-,N,ClinGen:CA379781725,2,1704495,17393699,C,G,-,-,-,-,-,-,SCV002570580,-,-
1701543,single nucleotide variant,NM_000162.5(GCK):c.374A>G (p.Tyr125Cys),2645,GCK,HGNC:4195,Uncertain significance,0,"Apr 07, 2025",2484530104,-,RCV002283770|RCV005417391,"MONDO:MONDO:0007453,MedGen:C0342277,OMIM:125851,Orphanet:552|MONDO:MONDO:0015967,MedGen:C3888631,Orphanet:183625",Maturity-onset diabetes of the young type 2|Monogenic diabetes,germline,germline,GRCh37,NC_000007.13,7,44190664,44190664,na,na,7p13,reviewed by expert panel,2,-,N,ClinGen:CA367402194,2,1705456,44190664,T,C,-,-,-,-,-,-,SCV006084770,-,-
1701543,single nucleotide variant,NM_000162.5(GCK):c.374A>G (p.Tyr125Cys),2645,GCK,HGNC:4195,Uncertain significance,0,"Apr 07, 2025",2484530104,-,RCV002283770|RCV005417391,"MONDO:MONDO:0007453,MedGen:C0342277,OMIM:125851,Orphanet:552|MONDO:MONDO:0015967,MedGen:C3888631,Orphanet:183625",Maturity-onset diabetes of the young type 2|Monogenic diabetes,germline,germline,GRCh38,NC_000007.14,7,44151065,44151065,na,na,7p13,reviewed by expert panel,2,-,N,ClinGen:CA367402194,2,1705456,44151065,T,C,-,-,-,-,-,-,SCV006084770,-,-
1701555,Duplication,NM_000352.6(ABCC8):c.3062_3065dup (p.Lys1022fs),6833,ABCC8,HGNC:59,Likely pathogenic,1,"Sep 01, 2022",2496530915,-,RCV002283782,"MONDO:MONDO:0009415,MedGen:C0271714,OMIM:240800",Leucine-induced hypoglycemia,germline,germline,GRCh37,NC_000011.9,11,17428531,17428532,na,na,11p15.1,"criteria provided, single submitter",1,-,N,ClinGen:CA2580082824,2,1705468,17428531,C,CTTGA,-,-,-,-,-,-,SCV002572864,-,-
1701555,Duplication,NM_000352.6(ABCC8):c.3062_3065dup (p.Lys1022fs),6833,ABCC8,HGNC:59,Likely pathogenic,1,"Sep 01, 2022",2496530915,-,RCV002283782,"MONDO:MONDO:0009415,MedGen:C0271714,OMIM:240800",Leucine-induced hypoglycemia,germline,germline,GRCh38,NC_000011.10,11,17406984,17406985,na,na,11p15.1,"criteria provided, single submitter",1,-,N,ClinGen:CA2580082824,2,1705468,17406984,C,CTTGA,-,-,-,-,-,-,SCV002572864,-,-
1701583,single nucleotide variant,NM_000352.6(ABCC8):c.3753+1G>T,6833,ABCC8,HGNC:59,Likely pathogenic,1,"Sep 01, 2022",1554906786,-,RCV004577372,"MONDO:MONDO:0009734,MedGen:C2931832,OMIM:256450,Orphanet:276575,Orphanet:276598","Hyperinsulinemic hypoglycemia, familial, 1",germline,germline,GRCh37,NC_000011.9,11,17419885,17419885,na,na,11p15.1,"criteria provided, single submitter",1,-,N,ClinGen:CA379793875,2,1705497,17419885,C,A,-,-,-,-,-,-,SCV002572914,-,-
1701583,single nucleotide variant,NM_000352.6(ABCC8):c.3753+1G>T,6833,ABCC8,HGNC:59,Likely pathogenic,1,"Sep 01, 2022",1554906786,-,RCV004577372,"MONDO:MONDO:0009734,MedGen:C2931832,OMIM:256450,Orphanet:276575,Orphanet:276598","Hyperinsulinemic hypoglycemia, familial, 1",germline,germline,GRCh38,NC_000011.10,11,17398338,17398338,na,na,11p15.1,"criteria provided, single submitter",1,-,N,ClinGen:CA379793875,2,1705497,17398338,C,A,-,-,-,-,-,-,SCV002572914,-,-
1701786,single nucleotide variant,NM_000352.6(ABCC8):c.2800C>T (p.Gln934Ter),6833,ABCC8,HGNC:59,Pathogenic,1,"Feb 16, 2023",1265410646,-,RCV003560929|RCV003471312|RCV004577373,"MedGen:C3661900|Human Phenotype Ontology:HP:0005965,Human Phenotype Ontology:HP:0005978,Human Phenotype Ontology:HP:0100652,MONDO:MONDO:0005148,MeSH:D003924,MedGen:C0011860,OMIM:125853|MONDO:MONDO:0009734,MedGen:C2931832,OMIM:256450,Orphanet:276575,Orphanet:276598","not provided|Type 2 diabetes mellitus|Hyperinsulinemic hypoglycemia, familial, 1",germline;unknown,germline,GRCh37,NC_000011.9,11,17429959,17429959,na,na,11p15.1,"criteria provided, multiple submitters, no conflicts",3,-,N,ClinGen:CA379804896,2,1705703,17429959,G,A,-,-,-,-,-,-,SCV002573336|SCV004207316|SCV004295382,-,-
1701786,single nucleotide variant,NM_000352.6(ABCC8):c.2800C>T (p.Gln934Ter),6833,ABCC8,HGNC:59,Pathogenic,1,"Feb 16, 2023",1265410646,-,RCV003560929|RCV003471312|RCV004577373,"MedGen:C3661900|Human Phenotype Ontology:HP:0005965,Human Phenotype Ontology:HP:0005978,Human Phenotype Ontology:HP:0100652,MONDO:MONDO:0005148,MeSH:D003924,MedGen:C0011860,OMIM:125853|MONDO:MONDO:0009734,MedGen:C2931832,OMIM:256450,Orphanet:276575,Orphanet:276598","not provided|Type 2 diabetes mellitus|Hyperinsulinemic hypoglycemia, familial, 1",germline;unknown,germline,GRCh38,NC_000011.10,11,17408412,17408412,na,na,11p15.1,"criteria provided, multiple submitters, no conflicts",3,-,N,ClinGen:CA379804896,2,1705703,17408412,G,A,-,-,-,-,-,-,SCV002573336|SCV004207316|SCV004295382,-,-
1705809,single nucleotide variant,NM_000162.5(GCK):c.881G>T (p.Gly294Val),2645,GCK,HGNC:4195,Likely pathogenic,1,"Aug 03, 2022",1198819911,-,RCV002286464,"MONDO:MONDO:0007453,MedGen:C0342277,OMIM:125851,Orphanet:552",Maturity-onset diabetes of the young type 2,unknown,unknown,GRCh37,NC_000007.13,7,44186200,44186200,na,na,7p13,"criteria provided, single submitter",1,-,N,ClinGen:CA367400143,2,1707504,44186200,C,A,-,-,-,-,-,-,SCV002576406,-,-
1705809,single nucleotide variant,NM_000162.5(GCK):c.881G>T (p.Gly294Val),2645,GCK,HGNC:4195,Likely pathogenic,1,"Aug 03, 2022",1198819911,-,RCV002286464,"MONDO:MONDO:0007453,MedGen:C0342277,OMIM:125851,Orphanet:552",Maturity-onset diabetes of the young type 2,unknown,unknown,GRCh38,NC_000007.14,7,44146601,44146601,na,na,7p13,"criteria provided, single submitter",1,-,N,ClinGen:CA367400143,2,1707504,44146601,C,A,-,-,-,-,-,-,SCV002576406,-,-
1707271,Deletion,NM_000162.5(GCK):c.1351del (p.Leu451fs),2645,GCK,HGNC:4195,Likely pathogenic,1,"Jun 20, 2023",2484491967,-,RCV002288201|RCV003313269,"MedGen:C3661900|MONDO:MONDO:0015967,MedGen:C3888631,Orphanet:183625",not provided|Monogenic diabetes,germline,germline,GRCh37,NC_000007.13,7,44184782,44184782,na,na,7p13,reviewed by expert panel,2,-,N,ClinGen:CA2017997778,2,1708917,44184781,AG,A,-,-,-,-,-,-,SCV004012151,-,-
1707271,Deletion,NM_000162.5(GCK):c.1351del (p.Leu451fs),2645,GCK,HGNC:4195,Likely pathogenic,1,"Jun 20, 2023",2484491967,-,RCV002288201|RCV003313269,"MedGen:C3661900|MONDO:MONDO:0015967,MedGen:C3888631,Orphanet:183625",not provided|Monogenic diabetes,germline,germline,GRCh38,NC_000007.14,7,44145183,44145183,na,na,7p13,reviewed by expert panel,2,-,N,ClinGen:CA2017997778,2,1708917,44145182,AG,A,-,-,-,-,-,-,SCV004012151,-,-
1707541,single nucleotide variant,NM_000352.6(ABCC8):c.2960C>T (p.Ser987Phe),6833,ABCC8,HGNC:59,Uncertain significance,0,"May 16, 2024",750240747,-,RCV002289002|RCV005042787,"MONDO:MONDO:0030088,MedGen:C5394303,OMIM:618857|MONDO:MONDO:0012480,MedGen:C1835887,OMIM:610374,Orphanet:99886;MONDO:MONDO:0009734,MedGen:C2931832,OMIM:256450,Orphanet:276575,Orphanet:276598;Human Phenotype Ontology:HP:0005965,Human Phenotype Ontology:HP:0005978,Human Phenotype Ontology:HP:0100652,MONDO:MONDO:0005148,MeSH:D003924,MedGen:C0011860,OMIM:125853;MONDO:MONDO:0030088,MedGen:C5394303,OMIM:618857;MONDO:MONDO:0009415,MedGen:C0271714,OMIM:240800","Diabetes mellitus, permanent neonatal 3|Diabetes mellitus, transient neonatal, 2;Hyperinsulinemic hypoglycemia, familial, 1;Type 2 diabetes mellitus;Diabetes mellitus, permanent neonatal 3;Leucine-induced hypoglycemia",germline,germline,GRCh37,NC_000011.9,11,17428637,17428637,na,na,11p15.1,"criteria provided, multiple submitters, no conflicts",2,-,N,ClinGen:CA5902961,2,1709187,17428637,G,A,-,-,-,-,-,-,SCV002581335|SCV005676313,-,-
1707541,single nucleotide variant,NM_000352.6(ABCC8):c.2960C>T (p.Ser987Phe),6833,ABCC8,HGNC:59,Uncertain significance,0,"May 16, 2024",750240747,-,RCV002289002|RCV005042787,"MONDO:MONDO:0030088,MedGen:C5394303,OMIM:618857|MONDO:MONDO:0012480,MedGen:C1835887,OMIM:610374,Orphanet:99886;MONDO:MONDO:0009734,MedGen:C2931832,OMIM:256450,Orphanet:276575,Orphanet:276598;Human Phenotype Ontology:HP:0005965,Human Phenotype Ontology:HP:0005978,Human Phenotype Ontology:HP:0100652,MONDO:MONDO:0005148,MeSH:D003924,MedGen:C0011860,OMIM:125853;MONDO:MONDO:0030088,MedGen:C5394303,OMIM:618857;MONDO:MONDO:0009415,MedGen:C0271714,OMIM:240800","Diabetes mellitus, permanent neonatal 3|Diabetes mellitus, transient neonatal, 2;Hyperinsulinemic hypoglycemia, familial, 1;Type 2 diabetes mellitus;Diabetes mellitus, permanent neonatal 3;Leucine-induced hypoglycemia",germline,germline,GRCh38,NC_000011.10,11,17407090,17407090,na,na,11p15.1,"criteria provided, multiple submitters, no conflicts",2,-,N,ClinGen:CA5902961,2,1709187,17407090,G,A,-,-,-,-,-,-,SCV002581335|SCV005676313,-,-
1707556,single nucleotide variant,NM_000162.5(GCK):c.1145G>C (p.Cys382Ser),2645,GCK,HGNC:4195,Likely pathogenic,1,"Feb 21, 2022",2096271616,-,RCV002289017,"MONDO:MONDO:0007453,MedGen:C0342277,OMIM:125851,Orphanet:552",Maturity-onset diabetes of the young type 2,germline,germline,GRCh37,NC_000007.13,7,44185204,44185204,na,na,7p13,"criteria provided, single submitter",1,-,N,ClinGen:CA367398745,2,1709202,44185204,C,G,-,-,-,-,-,-,SCV002581354,-,-
1707556,single nucleotide variant,NM_000162.5(GCK):c.1145G>C (p.Cys382Ser),2645,GCK,HGNC:4195,Likely pathogenic,1,"Feb 21, 2022",2096271616,-,RCV002289017,"MONDO:MONDO:0007453,MedGen:C0342277,OMIM:125851,Orphanet:552",Maturity-onset diabetes of the young type 2,germline,germline,GRCh38,NC_000007.14,7,44145605,44145605,na,na,7p13,"criteria provided, single submitter",1,-,N,ClinGen:CA367398745,2,1709202,44145605,C,G,-,-,-,-,-,-,SCV002581354,-,-
1707681,single nucleotide variant,NM_000162.5(GCK):c.469G>T (p.Glu157Ter),2645,GCK,HGNC:4195,Pathogenic,1,"Apr 21, 2022",1554335570,-,RCV002289142,"MONDO:MONDO:0007453,MedGen:C0342277,OMIM:125851,Orphanet:552",Maturity-onset diabetes of the young type 2,germline,germline,GRCh37,NC_000007.13,7,44190569,44190569,na,na,7p13,"criteria provided, single submitter",1,-,N,ClinGen:CA367401883,2,1709327,44190569,C,A,-,-,-,-,-,-,SCV002578936,-,-
1707681,single nucleotide variant,NM_000162.5(GCK):c.469G>T (p.Glu157Ter),2645,GCK,HGNC:4195,Pathogenic,1,"Apr 21, 2022",1554335570,-,RCV002289142,"MONDO:MONDO:0007453,MedGen:C0342277,OMIM:125851,Orphanet:552",Maturity-onset diabetes of the young type 2,germline,germline,GRCh38,NC_000007.14,7,44150970,44150970,na,na,7p13,"criteria provided, single submitter",1,-,N,ClinGen:CA367401883,2,1709327,44150970,C,A,-,-,-,-,-,-,SCV002578936,-,-
1708042,single nucleotide variant,NM_000162.5(GCK):c.149A>T (p.His50Leu),2645,GCK,HGNC:4195,Uncertain significance,0,"Jul 29, 2022",2484539875,-,RCV002289503,"MONDO:MONDO:0007453,MedGen:C0342277,OMIM:125851,Orphanet:552",Maturity-onset diabetes of the young type 2,germline,germline,GRCh37,NC_000007.13,7,44192959,44192959,na,na,7p13,"criteria provided, single submitter",1,-,N,ClinGen:CA367403390,2,1709688,44192959,T,A,-,-,-,-,-,-,SCV002581609,-,-
1708042,single nucleotide variant,NM_000162.5(GCK):c.149A>T (p.His50Leu),2645,GCK,HGNC:4195,Uncertain significance,0,"Jul 29, 2022",2484539875,-,RCV002289503,"MONDO:MONDO:0007453,MedGen:C0342277,OMIM:125851,Orphanet:552",Maturity-onset diabetes of the young type 2,germline,germline,GRCh38,NC_000007.14,7,44153360,44153360,na,na,7p13,"criteria provided, single submitter",1,-,N,ClinGen:CA367403390,2,1709688,44153360,T,A,-,-,-,-,-,-,SCV002581609,-,-
1708043,Duplication,NM_000162.5(GCK):c.150dup (p.Glu51Ter),2645,GCK,HGNC:4195,Likely pathogenic,1,"Jul 29, 2022",2484539869,-,RCV002289504,"MONDO:MONDO:0007453,MedGen:C0342277,OMIM:125851,Orphanet:552",Maturity-onset diabetes of the young type 2,germline,germline,GRCh37,NC_000007.13,7,44192957,44192958,na,na,7p13,"criteria provided, single submitter",1,-,N,ClinGen:CA2580077170,2,1709689,44192957,C,CA,-,-,-,-,-,-,SCV002581610,-,-
1708043,Duplication,NM_000162.5(GCK):c.150dup (p.Glu51Ter),2645,GCK,HGNC:4195,Likely pathogenic,1,"Jul 29, 2022",2484539869,-,RCV002289504,"MONDO:MONDO:0007453,MedGen:C0342277,OMIM:125851,Orphanet:552",Maturity-onset diabetes of the young type 2,germline,germline,GRCh38,NC_000007.14,7,44153358,44153359,na,na,7p13,"criteria provided, single submitter",1,-,N,ClinGen:CA2580077170,2,1709689,44153358,C,CA,-,-,-,-,-,-,SCV002581610,-,-
1708084,single nucleotide variant,NM_000162.5(GCK):c.1270C>T (p.His424Tyr),2645,GCK,HGNC:4195,Likely pathogenic,1,"Nov 23, 2023",2484493384,-,RCV002290072|RCV003395445|RCV003445164,"MONDO:MONDO:0007453,MedGen:C0342277,OMIM:125851,Orphanet:552||MONDO:MONDO:0015967,MedGen:C3888631,Orphanet:183625",Maturity-onset diabetes of the young type 2|GCK-related disorder|Monogenic diabetes,germline,germline,GRCh37,NC_000007.13,7,44184863,44184863,na,na,7p13,reviewed by expert panel,4,-,N,ClinGen:CA367397245,2,1709730,44184863,G,A,-,-,-,-,-,-,SCV004174251,-,-
1708084,single nucleotide variant,NM_000162.5(GCK):c.1270C>T (p.His424Tyr),2645,GCK,HGNC:4195,Likely pathogenic,1,"Nov 23, 2023",2484493384,-,RCV002290072|RCV003395445|RCV003445164,"MONDO:MONDO:0007453,MedGen:C0342277,OMIM:125851,Orphanet:552||MONDO:MONDO:0015967,MedGen:C3888631,Orphanet:183625",Maturity-onset diabetes of the young type 2|GCK-related disorder|Monogenic diabetes,germline,germline,GRCh38,NC_000007.14,7,44145264,44145264,na,na,7p13,reviewed by expert panel,4,-,N,ClinGen:CA367397245,2,1709730,44145264,G,A,-,-,-,-,-,-,SCV004174251,-,-
1708235,Duplication,NM_000162.5(GCK):c.785dup (p.Asp262fs),2645,GCK,HGNC:4195,Likely pathogenic,1,"Aug 10, 2021",2484513948,-,RCV002290224,"MONDO:MONDO:0007453,MedGen:C0342277,OMIM:125851,Orphanet:552",Maturity-onset diabetes of the young type 2,germline,germline,GRCh37,NC_000007.13,7,44187326,44187327,na,na,7p13,"criteria provided, single submitter",1,-,N,ClinGen:CA2580077178,2,1709882,44187326,G,GT,-,-,-,-,-,-,SCV002579408,-,-
1708235,Duplication,NM_000162.5(GCK):c.785dup (p.Asp262fs),2645,GCK,HGNC:4195,Likely pathogenic,1,"Aug 10, 2021",2484513948,-,RCV002290224,"MONDO:MONDO:0007453,MedGen:C0342277,OMIM:125851,Orphanet:552",Maturity-onset diabetes of the young type 2,germline,germline,GRCh38,NC_000007.14,7,44147727,44147728,na,na,7p13,"criteria provided, single submitter",1,-,N,ClinGen:CA2580077178,2,1709882,44147727,G,GT,-,-,-,-,-,-,SCV002579408,-,-
1708251,single nucleotide variant,NM_000162.5(GCK):c.866A>G (p.Tyr289Cys),2645,GCK,HGNC:4195,Pathogenic/Likely pathogenic,1,"Dec 31, 2022",2484507546,-,RCV002290240|RCV003560936,"MONDO:MONDO:0007453,MedGen:C0342277,OMIM:125851,Orphanet:552|MedGen:C3661900",Maturity-onset diabetes of the young type 2|not provided,germline,germline,GRCh37,NC_000007.13,7,44186215,44186215,na,na,7p13,"criteria provided, multiple submitters, no conflicts",2,-,N,ClinGen:CA367400246,2,1709898,44186215,T,C,-,-,-,-,-,-,SCV002579451|SCV004295153,-,-
1708251,single nucleotide variant,NM_000162.5(GCK):c.866A>G (p.Tyr289Cys),2645,GCK,HGNC:4195,Pathogenic/Likely pathogenic,1,"Dec 31, 2022",2484507546,-,RCV002290240|RCV003560936,"MONDO:MONDO:0007453,MedGen:C0342277,OMIM:125851,Orphanet:552|MedGen:C3661900",Maturity-onset diabetes of the young type 2|not provided,germline,germline,GRCh38,NC_000007.14,7,44146616,44146616,na,na,7p13,"criteria provided, multiple submitters, no conflicts",2,-,N,ClinGen:CA367400246,2,1709898,44146616,T,C,-,-,-,-,-,-,SCV002579451|SCV004295153,-,-
1710424,Indel,NM_000352.6(ABCC8):c.1138_1139delinsAA (p.Ala380Asn),6833,ABCC8,HGNC:59,Uncertain significance,0,"Apr 06, 2022",2496810169,-,RCV002293720,MedGen:C3661900,not provided,germline,germline,GRCh37,NC_000011.9,11,17474703,17474704,na,na,11p15.1,"criteria provided, single submitter",1,-,N,ClinGen:CA2580082740,2,1712002,17474703,GC,TT,-,-,-,-,-,-,SCV002586625,-,-
1710424,Indel,NM_000352.6(ABCC8):c.1138_1139delinsAA (p.Ala380Asn),6833,ABCC8,HGNC:59,Uncertain significance,0,"Apr 06, 2022",2496810169,-,RCV002293720,MedGen:C3661900,not provided,germline,germline,GRCh38,NC_000011.10,11,17453156,17453157,na,na,11p15.1,"criteria provided, single submitter",1,-,N,ClinGen:CA2580082740,2,1712002,17453156,GC,TT,-,-,-,-,-,-,SCV002586625,-,-
1760456,single nucleotide variant,NM_000525.4(KCNJ11):c.974G>A (p.Arg325His),3767,KCNJ11,HGNC:6257,Uncertain significance,0,"Dec 22, 2025",778793458,-,RCV002300964,MedGen:C3661900,not provided,germline,germline,GRCh37,NC_000011.9,11,17408665,17408665,na,na,11p15.1,"criteria provided, multiple submitters, no conflicts",2,-,N,ClinGen:CA5902207,2,1712792,17408665,C,T,-,-,-,-,-,-,SCV002588253|SCV007430424,-,-
1760456,single nucleotide variant,NM_000525.4(KCNJ11):c.974G>A (p.Arg325His),3767,KCNJ11,HGNC:6257,Uncertain significance,0,"Dec 22, 2025",778793458,-,RCV002300964,MedGen:C3661900,not provided,germline,germline,GRCh38,NC_000011.10,11,17387118,17387118,na,na,11p15.1,"criteria provided, multiple submitters, no conflicts",2,-,N,ClinGen:CA5902207,2,1712792,17387118,C,T,-,-,-,-,-,-,SCV002588253|SCV007430424,-,-
1771399,single nucleotide variant,NM_000525.4(KCNJ11):c.53C>A (p.Ala18Glu),3767,KCNJ11,HGNC:6257,Uncertain significance,0,"Sep 04, 2022",41309072,-,RCV002295865,MedGen:C3661900,not provided,germline,germline,GRCh37,NC_000011.9,11,17409586,17409586,na,na,11p15.1,"criteria provided, single submitter",1,-,N,ClinGen:CA379777497,2,1716102,17409586,G,T,-,-,-,-,-,-,SCV002595868,-,-
1771399,single nucleotide variant,NM_000525.4(KCNJ11):c.53C>A (p.Ala18Glu),3767,KCNJ11,HGNC:6257,Uncertain significance,0,"Sep 04, 2022",41309072,-,RCV002295865,MedGen:C3661900,not provided,germline,germline,GRCh38,NC_000011.10,11,17388039,17388039,na,na,11p15.1,"criteria provided, single submitter",1,-,N,ClinGen:CA379777497,2,1716102,17388039,G,T,-,-,-,-,-,-,SCV002595868,-,-
1771672,single nucleotide variant,NM_000525.4(KCNJ11):c.625A>G (p.Met209Val),3767,KCNJ11,HGNC:6257,Uncertain significance,0,"Oct 20, 2022",2496409913,-,RCV002303445,MedGen:C3661900,not provided,germline,germline,GRCh37,NC_000011.9,11,17409014,17409014,na,na,11p15.1,"criteria provided, single submitter",1,-,N,ClinGen:CA379772045,2,1716375,17409014,T,C,-,-,-,-,-,-,SCV002593921,-,-
1771672,single nucleotide variant,NM_000525.4(KCNJ11):c.625A>G (p.Met209Val),3767,KCNJ11,HGNC:6257,Uncertain significance,0,"Oct 20, 2022",2496409913,-,RCV002303445,MedGen:C3661900,not provided,germline,germline,GRCh38,NC_000011.10,11,17387467,17387467,na,na,11p15.1,"criteria provided, single submitter",1,-,N,ClinGen:CA379772045,2,1716375,17387467,T,C,-,-,-,-,-,-,SCV002593921,-,-
1772486,single nucleotide variant,NM_000525.4(KCNJ11):c.968A>G (p.Asp323Gly),3767,KCNJ11,HGNC:6257,Uncertain significance,0,"Dec 13, 2023",2496408039,-,RCV002304010,MedGen:C3661900,not provided,germline,germline,GRCh37,NC_000011.9,11,17408671,17408671,na,na,11p15.1,"criteria provided, multiple submitters, no conflicts",2,-,N,ClinGen:CA379769601,2,1719830,17408671,T,C,-,-,-,-,-,-,SCV002591670|SCV005080152,-,-
1772486,single nucleotide variant,NM_000525.4(KCNJ11):c.968A>G (p.Asp323Gly),3767,KCNJ11,HGNC:6257,Uncertain significance,0,"Dec 13, 2023",2496408039,-,RCV002304010,MedGen:C3661900,not provided,germline,germline,GRCh38,NC_000011.10,11,17387124,17387124,na,na,11p15.1,"criteria provided, multiple submitters, no conflicts",2,-,N,ClinGen:CA379769601,2,1719830,17387124,T,C,-,-,-,-,-,-,SCV002591670|SCV005080152,-,-
1774008,single nucleotide variant,NM_000162.5(GCK):c.1013T>G (p.Val338Gly),2645,GCK,HGNC:4195,Uncertain significance,0,"Jan 03, 2023",2484506081,-,RCV002297574,MedGen:C3661900,not provided,germline,germline,GRCh37,NC_000007.13,7,44186068,44186068,na,na,7p13,"criteria provided, single submitter",1,-,N,ClinGen:CA367399699,2,1717383,44186068,A,C,-,-,-,-,-,-,SCV002592965,-,-
1774008,single nucleotide variant,NM_000162.5(GCK):c.1013T>G (p.Val338Gly),2645,GCK,HGNC:4195,Uncertain significance,0,"Jan 03, 2023",2484506081,-,RCV002297574,MedGen:C3661900,not provided,germline,germline,GRCh38,NC_000007.14,7,44146469,44146469,na,na,7p13,"criteria provided, single submitter",1,-,N,ClinGen:CA367399699,2,1717383,44146469,A,C,-,-,-,-,-,-,SCV002592965,-,-
1776897,single nucleotide variant,NM_000162.5(GCK):c.830T>A (p.Val277Glu),2645,GCK,HGNC:4195,Uncertain significance,0,"Feb 24, 2026",1554335093,-,RCV002305212|RCV006605376,"MedGen:C3661900|MONDO:MONDO:0015967,MedGen:C3888631,Orphanet:183625",not provided|Monogenic diabetes,germline,germline,GRCh37,NC_000007.13,7,44187282,44187282,na,na,7p13,reviewed by expert panel,2,-,N,ClinGen:CA367400469,2,1720715,44187282,A,T,-,-,-,-,-,-,SCV007496328,-,-
1776897,single nucleotide variant,NM_000162.5(GCK):c.830T>A (p.Val277Glu),2645,GCK,HGNC:4195,Uncertain significance,0,"Feb 24, 2026",1554335093,-,RCV002305212|RCV006605376,"MedGen:C3661900|MONDO:MONDO:0015967,MedGen:C3888631,Orphanet:183625",not provided|Monogenic diabetes,germline,germline,GRCh38,NC_000007.14,7,44147683,44147683,na,na,7p13,reviewed by expert panel,2,-,N,ClinGen:CA367400469,2,1720715,44147683,A,T,-,-,-,-,-,-,SCV007496328,-,-
1780625,single nucleotide variant,NM_000352.6(ABCC8):c.4168G>C (p.Ala1390Pro),6833,ABCC8,HGNC:59,Likely pathogenic,1,"Apr 20, 2022",2496452651,-,RCV002306230,"MONDO:MONDO:0009734,MedGen:C2931832,OMIM:256450,Orphanet:276575,Orphanet:276598","Hyperinsulinemic hypoglycemia, familial, 1",de novo,germline,GRCh37,NC_000011.9,11,17417429,17417429,na,na,11p15.1,"criteria provided, single submitter",1,-,N,ClinGen:CA379788035,2,1723123,17417429,C,G,-,-,-,-,-,-,SCV002600022,-,-
1780625,single nucleotide variant,NM_000352.6(ABCC8):c.4168G>C (p.Ala1390Pro),6833,ABCC8,HGNC:59,Likely pathogenic,1,"Apr 20, 2022",2496452651,-,RCV002306230,"MONDO:MONDO:0009734,MedGen:C2931832,OMIM:256450,Orphanet:276575,Orphanet:276598","Hyperinsulinemic hypoglycemia, familial, 1",de novo,germline,GRCh38,NC_000011.10,11,17395882,17395882,na,na,11p15.1,"criteria provided, single submitter",1,-,N,ClinGen:CA379788035,2,1723123,17395882,C,G,-,-,-,-,-,-,SCV002600022,-,-
1780723,single nucleotide variant,NM_000162.5(GCK):c.245C>T (p.Thr82Ile),2645,GCK,HGNC:4195,Likely pathogenic,1,"Nov 14, 2022",2484535943,-,RCV002308507,"MONDO:MONDO:0007453,MedGen:C0342277,OMIM:125851,Orphanet:552",Maturity-onset diabetes of the young type 2,unknown,unknown,GRCh37,NC_000007.13,7,44191988,44191988,na,na,7p13,"criteria provided, single submitter",1,-,N,ClinGen:CA367402995,2,1723231,44191988,G,A,-,-,-,-,-,-,SCV002600229,-,-
1780723,single nucleotide variant,NM_000162.5(GCK):c.245C>T (p.Thr82Ile),2645,GCK,HGNC:4195,Likely pathogenic,1,"Nov 14, 2022",2484535943,-,RCV002308507,"MONDO:MONDO:0007453,MedGen:C0342277,OMIM:125851,Orphanet:552",Maturity-onset diabetes of the young type 2,unknown,unknown,GRCh38,NC_000007.14,7,44152389,44152389,na,na,7p13,"criteria provided, single submitter",1,-,N,ClinGen:CA367402995,2,1723231,44152389,G,A,-,-,-,-,-,-,SCV002600229,-,-
1781582,Deletion,NM_000352.6(ABCC8):c.326del (p.Pro109fs),6833,ABCC8,HGNC:59,Likely pathogenic,1,"Jan 24, 2022",2496898064,-,RCV004577375,"MONDO:MONDO:0009734,MedGen:C2931832,OMIM:256450,Orphanet:276575,Orphanet:276598","Hyperinsulinemic hypoglycemia, familial, 1",unknown,unknown,GRCh37,NC_000011.9,11,17491734,17491734,na,na,11p15.1,"criteria provided, single submitter",1,-,N,ClinGen:CA2580082752,2,1724055,17491733,TG,T,-,-,-,-,-,-,SCV002602639,-,-
1781582,Deletion,NM_000352.6(ABCC8):c.326del (p.Pro109fs),6833,ABCC8,HGNC:59,Likely pathogenic,1,"Jan 24, 2022",2496898064,-,RCV004577375,"MONDO:MONDO:0009734,MedGen:C2931832,OMIM:256450,Orphanet:276575,Orphanet:276598","Hyperinsulinemic hypoglycemia, familial, 1",unknown,unknown,GRCh38,NC_000011.10,11,17470187,17470187,na,na,11p15.1,"criteria provided, single submitter",1,-,N,ClinGen:CA2580082752,2,1724055,17470186,TG,T,-,-,-,-,-,-,SCV002602639,-,-
1781948,Duplication,NM_000352.6(ABCC8):c.3351dup (p.Gly1118fs),6833,ABCC8,HGNC:59,Likely pathogenic,1,"Feb 15, 2022",2496519550,-,RCV002309689,"MONDO:MONDO:0009734,MedGen:C2931832,OMIM:256450,Orphanet:276575,Orphanet:276598","Hyperinsulinemic hypoglycemia, familial, 1",unknown,unknown,GRCh37,NC_000011.9,11,17427088,17427089,na,na,11p15.1,"criteria provided, single submitter",1,-,N,ClinGen:CA2580082810,2,1724421,17427088,C,CA,-,-,-,-,-,-,SCV002603567,-,-
1781948,Duplication,NM_000352.6(ABCC8):c.3351dup (p.Gly1118fs),6833,ABCC8,HGNC:59,Likely pathogenic,1,"Feb 15, 2022",2496519550,-,RCV002309689,"MONDO:MONDO:0009734,MedGen:C2931832,OMIM:256450,Orphanet:276575,Orphanet:276598","Hyperinsulinemic hypoglycemia, familial, 1",unknown,unknown,GRCh38,NC_000011.10,11,17405541,17405542,na,na,11p15.1,"criteria provided, single submitter",1,-,N,ClinGen:CA2580082810,2,1724421,17405541,C,CA,-,-,-,-,-,-,SCV002603567,-,-
1781984,Deletion,NM_000352.6(ABCC8):c.1973del (p.Gly658fs),6833,ABCC8,HGNC:59,Likely pathogenic,1,"Feb 17, 2022",2496668119,-,RCV002309725,"MONDO:MONDO:0009734,MedGen:C2931832,OMIM:256450,Orphanet:276575,Orphanet:276598","Hyperinsulinemic hypoglycemia, familial, 1",unknown,unknown,GRCh37,NC_000011.9,11,17449903,17449903,na,na,11p15.1,"criteria provided, single submitter",1,-,N,ClinGen:CA2580082772,2,1724457,17449902,GC,G,-,-,-,-,-,-,SCV002603604,-,-
1781984,Deletion,NM_000352.6(ABCC8):c.1973del (p.Gly658fs),6833,ABCC8,HGNC:59,Likely pathogenic,1,"Feb 17, 2022",2496668119,-,RCV002309725,"MONDO:MONDO:0009734,MedGen:C2931832,OMIM:256450,Orphanet:276575,Orphanet:276598","Hyperinsulinemic hypoglycemia, familial, 1",unknown,unknown,GRCh38,NC_000011.10,11,17428356,17428356,na,na,11p15.1,"criteria provided, single submitter",1,-,N,ClinGen:CA2580082772,2,1724457,17428355,GC,G,-,-,-,-,-,-,SCV002603604,-,-
1782043,Deletion,NM_000352.6(ABCC8):c.3921del (p.Gln1307fs),6833,ABCC8,HGNC:59,Likely pathogenic,1,"Nov 14, 2021",2496465221,-,RCV004577376,"MONDO:MONDO:0009734,MedGen:C2931832,OMIM:256450,Orphanet:276575,Orphanet:276598","Hyperinsulinemic hypoglycemia, familial, 1",unknown,unknown,GRCh37,NC_000011.9,11,17418807,17418807,na,na,11p15.1,"criteria provided, single submitter",1,-,N,ClinGen:CA2580082741,2,1724516,17418806,GC,G,-,-,-,-,-,-,SCV002603663,-,-
1782043,Deletion,NM_000352.6(ABCC8):c.3921del (p.Gln1307fs),6833,ABCC8,HGNC:59,Likely pathogenic,1,"Nov 14, 2021",2496465221,-,RCV004577376,"MONDO:MONDO:0009734,MedGen:C2931832,OMIM:256450,Orphanet:276575,Orphanet:276598","Hyperinsulinemic hypoglycemia, familial, 1",unknown,unknown,GRCh38,NC_000011.10,11,17397260,17397260,na,na,11p15.1,"criteria provided, single submitter",1,-,N,ClinGen:CA2580082741,2,1724516,17397259,GC,G,-,-,-,-,-,-,SCV002603663,-,-
1782061,Deletion,NM_000352.6(ABCC8):c.3958del (p.Thr1320fs),6833,ABCC8,HGNC:59,Likely pathogenic,1,"Feb 19, 2022",2496464774,-,RCV004577377,"MONDO:MONDO:0009734,MedGen:C2931832,OMIM:256450,Orphanet:276575,Orphanet:276598","Hyperinsulinemic hypoglycemia, familial, 1",unknown,unknown,GRCh37,NC_000011.9,11,17418770,17418770,na,na,11p15.1,"criteria provided, single submitter",1,-,N,ClinGen:CA2580082737,2,1724534,17418769,GT,G,-,-,-,-,-,-,SCV002603681,-,-
1782061,Deletion,NM_000352.6(ABCC8):c.3958del (p.Thr1320fs),6833,ABCC8,HGNC:59,Likely pathogenic,1,"Feb 19, 2022",2496464774,-,RCV004577377,"MONDO:MONDO:0009734,MedGen:C2931832,OMIM:256450,Orphanet:276575,Orphanet:276598","Hyperinsulinemic hypoglycemia, familial, 1",unknown,unknown,GRCh38,NC_000011.10,11,17397223,17397223,na,na,11p15.1,"criteria provided, single submitter",1,-,N,ClinGen:CA2580082737,2,1724534,17397222,GT,G,-,-,-,-,-,-,SCV002603681,-,-
1782197,single nucleotide variant,NM_000352.6(ABCC8):c.1040C>G (p.Ser347Ter),6833,ABCC8,HGNC:59,Likely pathogenic,1,"Feb 17, 2022",2496811011,-,RCV004577378,"MONDO:MONDO:0009734,MedGen:C2931832,OMIM:256450,Orphanet:276575,Orphanet:276598","Hyperinsulinemic hypoglycemia, familial, 1",unknown,unknown,GRCh37,NC_000011.9,11,17474802,17474802,na,na,11p15.1,"criteria provided, single submitter",1,-,N,ClinGen:CA379771354,2,1724670,17474802,G,C,-,-,-,-,-,-,SCV002604187,-,-
1782197,single nucleotide variant,NM_000352.6(ABCC8):c.1040C>G (p.Ser347Ter),6833,ABCC8,HGNC:59,Likely pathogenic,1,"Feb 17, 2022",2496811011,-,RCV004577378,"MONDO:MONDO:0009734,MedGen:C2931832,OMIM:256450,Orphanet:276575,Orphanet:276598","Hyperinsulinemic hypoglycemia, familial, 1",unknown,unknown,GRCh38,NC_000011.10,11,17453255,17453255,na,na,11p15.1,"criteria provided, single submitter",1,-,N,ClinGen:CA379771354,2,1724670,17453255,G,C,-,-,-,-,-,-,SCV002604187,-,-
1782292,Deletion,NM_000352.6(ABCC8):c.707_708del (p.Phe236fs),6833,ABCC8,HGNC:59,Likely pathogenic,1,"Feb 25, 2022",2496853251,-,RCV002310033,"MONDO:MONDO:0009734,MedGen:C2931832,OMIM:256450,Orphanet:276575,Orphanet:276598","Hyperinsulinemic hypoglycemia, familial, 1",unknown,unknown,GRCh37,NC_000011.9,11,17483244,17483245,na,na,11p15.1,"criteria provided, single submitter",1,-,N,ClinGen:CA2580082795,2,1724765,17483243,TGA,T,-,-,-,-,-,-,SCV002604283,-,-
1782292,Deletion,NM_000352.6(ABCC8):c.707_708del (p.Phe236fs),6833,ABCC8,HGNC:59,Likely pathogenic,1,"Feb 25, 2022",2496853251,-,RCV002310033,"MONDO:MONDO:0009734,MedGen:C2931832,OMIM:256450,Orphanet:276575,Orphanet:276598","Hyperinsulinemic hypoglycemia, familial, 1",unknown,unknown,GRCh38,NC_000011.10,11,17461697,17461698,na,na,11p15.1,"criteria provided, single submitter",1,-,N,ClinGen:CA2580082795,2,1724765,17461696,TGA,T,-,-,-,-,-,-,SCV002604283,-,-
1782346,single nucleotide variant,NM_000352.6(ABCC8):c.3733A>T (p.Arg1245Ter),6833,ABCC8,HGNC:59,Likely pathogenic,1,"Feb 28, 2022",2496475095,-,RCV002307878,"MONDO:MONDO:0009734,MedGen:C2931832,OMIM:256450,Orphanet:276575,Orphanet:276598","Hyperinsulinemic hypoglycemia, familial, 1",unknown,unknown,GRCh37,NC_000011.9,11,17419906,17419906,na,na,11p15.1,"criteria provided, single submitter",1,-,N,ClinGen:CA379794069,2,1724819,17419906,T,A,-,-,-,-,-,-,SCV002604338,-,-
1782346,single nucleotide variant,NM_000352.6(ABCC8):c.3733A>T (p.Arg1245Ter),6833,ABCC8,HGNC:59,Likely pathogenic,1,"Feb 28, 2022",2496475095,-,RCV002307878,"MONDO:MONDO:0009734,MedGen:C2931832,OMIM:256450,Orphanet:276575,Orphanet:276598","Hyperinsulinemic hypoglycemia, familial, 1",unknown,unknown,GRCh38,NC_000011.10,11,17398359,17398359,na,na,11p15.1,"criteria provided, single submitter",1,-,N,ClinGen:CA379794069,2,1724819,17398359,T,A,-,-,-,-,-,-,SCV002604338,-,-
1782435,Insertion,NM_000352.6(ABCC8):c.480_481insAGATGTGTATAAGAGACAG (p.Ala161delinsArgCysValTer),6833,ABCC8,HGNC:59,Likely pathogenic,1,"Mar 02, 2022",2496865274,-,RCV004577379,"MONDO:MONDO:0009734,MedGen:C2931832,OMIM:256450,Orphanet:276575,Orphanet:276598","Hyperinsulinemic hypoglycemia, familial, 1",unknown,unknown,GRCh37,NC_000011.9,11,17485083,17485084,na,na,11p15.1,"criteria provided, single submitter",1,-,N,ClinGen:CA2580082820,2,1724908,17485083,C,CCTGTCTCTTATACACATCT,-,-,-,-,-,-,SCV002604431,-,-
1782435,Insertion,NM_000352.6(ABCC8):c.480_481insAGATGTGTATAAGAGACAG (p.Ala161delinsArgCysValTer),6833,ABCC8,HGNC:59,Likely pathogenic,1,"Mar 02, 2022",2496865274,-,RCV004577379,"MONDO:MONDO:0009734,MedGen:C2931832,OMIM:256450,Orphanet:276575,Orphanet:276598","Hyperinsulinemic hypoglycemia, familial, 1",unknown,unknown,GRCh38,NC_000011.10,11,17463536,17463537,na,na,11p15.1,"criteria provided, single submitter",1,-,N,ClinGen:CA2580082820,2,1724908,17463536,C,CCTGTCTCTTATACACATCT,-,-,-,-,-,-,SCV002604431,-,-
1782611,Deletion,NM_000352.6(ABCC8):c.2070del (p.Asp691fs),6833,ABCC8,HGNC:59,Likely pathogenic,1,"Nov 30, 2021",2496663531,-,RCV002308143,"MONDO:MONDO:0009734,MedGen:C2931832,OMIM:256450,Orphanet:276575,Orphanet:276598","Hyperinsulinemic hypoglycemia, familial, 1",unknown,unknown,GRCh37,NC_000011.9,11,17449460,17449460,na,na,11p15.1,"criteria provided, single submitter",1,-,N,ClinGen:CA2580082765,2,1725084,17449459,CT,C,-,-,-,-,-,-,SCV002601834,-,-
1782611,Deletion,NM_000352.6(ABCC8):c.2070del (p.Asp691fs),6833,ABCC8,HGNC:59,Likely pathogenic,1,"Nov 30, 2021",2496663531,-,RCV002308143,"MONDO:MONDO:0009734,MedGen:C2931832,OMIM:256450,Orphanet:276575,Orphanet:276598","Hyperinsulinemic hypoglycemia, familial, 1",unknown,unknown,GRCh38,NC_000011.10,11,17427913,17427913,na,na,11p15.1,"criteria provided, single submitter",1,-,N,ClinGen:CA2580082765,2,1725084,17427912,CT,C,-,-,-,-,-,-,SCV002601834,-,-
1782633,Deletion,NM_000352.6(ABCC8):c.1209del (p.Thr404fs),6833,ABCC8,HGNC:59,Likely pathogenic,1,"Mar 02, 2022",2496781833,-,RCV002308165,"MONDO:MONDO:0009734,MedGen:C2931832,OMIM:256450,Orphanet:276575,Orphanet:276598","Hyperinsulinemic hypoglycemia, familial, 1",unknown,unknown,GRCh37,NC_000011.9,11,17470186,17470186,na,na,11p15.1,"criteria provided, single submitter",1,-,N,ClinGen:CA2580082849,2,1725106,17470185,TG,T,-,-,-,-,-,-,SCV002601856,-,-
1782633,Deletion,NM_000352.6(ABCC8):c.1209del (p.Thr404fs),6833,ABCC8,HGNC:59,Likely pathogenic,1,"Mar 02, 2022",2496781833,-,RCV002308165,"MONDO:MONDO:0009734,MedGen:C2931832,OMIM:256450,Orphanet:276575,Orphanet:276598","Hyperinsulinemic hypoglycemia, familial, 1",unknown,unknown,GRCh38,NC_000011.10,11,17448639,17448639,na,na,11p15.1,"criteria provided, single submitter",1,-,N,ClinGen:CA2580082849,2,1725106,17448638,TG,T,-,-,-,-,-,-,SCV002601856,-,-
1782679,single nucleotide variant,NM_000352.6(ABCC8):c.2318C>A (p.Ser773Ter),6833,ABCC8,HGNC:59,Likely pathogenic,1,"Mar 10, 2022",1355146733,-,RCV002308211,"MONDO:MONDO:0009734,MedGen:C2931832,OMIM:256450,Orphanet:276575,Orphanet:276598","Hyperinsulinemic hypoglycemia, familial, 1",unknown,unknown,GRCh37,NC_000011.9,11,17436131,17436131,na,na,11p15.1,"criteria provided, single submitter",1,-,N,ClinGen:CA379809600,2,1725152,17436131,G,T,-,-,-,-,-,-,SCV002601905,-,-
1782679,single nucleotide variant,NM_000352.6(ABCC8):c.2318C>A (p.Ser773Ter),6833,ABCC8,HGNC:59,Likely pathogenic,1,"Mar 10, 2022",1355146733,-,RCV002308211,"MONDO:MONDO:0009734,MedGen:C2931832,OMIM:256450,Orphanet:276575,Orphanet:276598","Hyperinsulinemic hypoglycemia, familial, 1",unknown,unknown,GRCh38,NC_000011.10,11,17414584,17414584,na,na,11p15.1,"criteria provided, single submitter",1,-,N,ClinGen:CA379809600,2,1725152,17414584,G,T,-,-,-,-,-,-,SCV002601905,-,-
1782805,Insertion,NM_000352.6(ABCC8):c.3508_3509insA (p.Leu1170fs),6833,ABCC8,HGNC:59,Likely pathogenic,1,"Mar 15, 2022",2496512657,-,RCV002308337,"MONDO:MONDO:0009734,MedGen:C2931832,OMIM:256450,Orphanet:276575,Orphanet:276598","Hyperinsulinemic hypoglycemia, familial, 1",unknown,unknown,GRCh37,NC_000011.9,11,17426107,17426108,na,na,11p15.1,"criteria provided, single submitter",1,-,N,ClinGen:CA2580082797,2,1725278,17426107,A,AT,-,-,-,-,-,-,SCV002602032,-,-
1782805,Insertion,NM_000352.6(ABCC8):c.3508_3509insA (p.Leu1170fs),6833,ABCC8,HGNC:59,Likely pathogenic,1,"Mar 15, 2022",2496512657,-,RCV002308337,"MONDO:MONDO:0009734,MedGen:C2931832,OMIM:256450,Orphanet:276575,Orphanet:276598","Hyperinsulinemic hypoglycemia, familial, 1",unknown,unknown,GRCh38,NC_000011.10,11,17404560,17404561,na,na,11p15.1,"criteria provided, single submitter",1,-,N,ClinGen:CA2580082797,2,1725278,17404560,A,AT,-,-,-,-,-,-,SCV002602032,-,-
1782814,single nucleotide variant,NM_000352.6(ABCC8):c.3919C>T (p.Gln1307Ter),6833,ABCC8,HGNC:59,Likely pathogenic,1,"Mar 15, 2022",2496465239,-,RCV002308346,"MONDO:MONDO:0009734,MedGen:C2931832,OMIM:256450,Orphanet:276575,Orphanet:276598","Hyperinsulinemic hypoglycemia, familial, 1",unknown,unknown,GRCh37,NC_000011.9,11,17418809,17418809,na,na,11p15.1,"criteria provided, single submitter",1,-,N,ClinGen:CA379792181,2,1725287,17418809,G,A,-,-,-,-,-,-,SCV002602041,-,-
1782814,single nucleotide variant,NM_000352.6(ABCC8):c.3919C>T (p.Gln1307Ter),6833,ABCC8,HGNC:59,Likely pathogenic,1,"Mar 15, 2022",2496465239,-,RCV002308346,"MONDO:MONDO:0009734,MedGen:C2931832,OMIM:256450,Orphanet:276575,Orphanet:276598","Hyperinsulinemic hypoglycemia, familial, 1",unknown,unknown,GRCh38,NC_000011.10,11,17397262,17397262,na,na,11p15.1,"criteria provided, single submitter",1,-,N,ClinGen:CA379792181,2,1725287,17397262,G,A,-,-,-,-,-,-,SCV002602041,-,-
1782841,Deletion,NM_000352.6(ABCC8):c.3881_3882del (p.Leu1294fs),6833,ABCC8,HGNC:59,Likely pathogenic,1,"Mar 15, 2022",2496465721,-,RCV004577380,"MONDO:MONDO:0009734,MedGen:C2931832,OMIM:256450,Orphanet:276575,Orphanet:276598","Hyperinsulinemic hypoglycemia, familial, 1",unknown,unknown,GRCh37,NC_000011.9,11,17418846,17418847,na,na,11p15.1,"criteria provided, single submitter",1,-,N,ClinGen:CA2580082746,2,1725314,17418845,TGA,T,-,-,-,-,-,-,SCV002602068,-,-
1782841,Deletion,NM_000352.6(ABCC8):c.3881_3882del (p.Leu1294fs),6833,ABCC8,HGNC:59,Likely pathogenic,1,"Mar 15, 2022",2496465721,-,RCV004577380,"MONDO:MONDO:0009734,MedGen:C2931832,OMIM:256450,Orphanet:276575,Orphanet:276598","Hyperinsulinemic hypoglycemia, familial, 1",unknown,unknown,GRCh38,NC_000011.10,11,17397299,17397300,na,na,11p15.1,"criteria provided, single submitter",1,-,N,ClinGen:CA2580082746,2,1725314,17397298,TGA,T,-,-,-,-,-,-,SCV002602068,-,-
1782911,Insertion,NM_000352.6(ABCC8):c.3264_3265insTTTTATAGAT (p.Gly1089fs),6833,ABCC8,HGNC:59,Likely pathogenic,1,"Mar 17, 2022",2496527262,-,RCV002309068,"MONDO:MONDO:0009734,MedGen:C2931832,OMIM:256450,Orphanet:276575,Orphanet:276598","Hyperinsulinemic hypoglycemia, familial, 1",unknown,unknown,GRCh37,NC_000011.9,11,17428233,17428234,na,na,11p15.1,"criteria provided, single submitter",1,-,N,ClinGen:CA2580082816,2,1725384,17428233,C,CATCTATAAAA,-,-,-,-,-,-,SCV002602877,-,-
1782911,Insertion,NM_000352.6(ABCC8):c.3264_3265insTTTTATAGAT (p.Gly1089fs),6833,ABCC8,HGNC:59,Likely pathogenic,1,"Mar 17, 2022",2496527262,-,RCV002309068,"MONDO:MONDO:0009734,MedGen:C2931832,OMIM:256450,Orphanet:276575,Orphanet:276598","Hyperinsulinemic hypoglycemia, familial, 1",unknown,unknown,GRCh38,NC_000011.10,11,17406686,17406687,na,na,11p15.1,"criteria provided, single submitter",1,-,N,ClinGen:CA2580082816,2,1725384,17406686,C,CATCTATAAAA,-,-,-,-,-,-,SCV002602877,-,-
1782951,Indel,NM_000352.6(ABCC8):c.1895_1913delinsTT (p.Gln632fs),6833,ABCC8,HGNC:59,Likely pathogenic,1,"Dec 03, 2021",2496671115,-,RCV004577381,"MONDO:MONDO:0009734,MedGen:C2931832,OMIM:256450,Orphanet:276575,Orphanet:276598","Hyperinsulinemic hypoglycemia, familial, 1",unknown,unknown,GRCh37,NC_000011.9,11,17450122,17450140,na,na,11p15.1,"criteria provided, single submitter",1,-,N,ClinGen:CA2580082781,2,1725424,17450122,TACTTGCTGGCTGGGCCCT,AA,-,-,-,-,-,-,SCV002602917,-,-
1782951,Indel,NM_000352.6(ABCC8):c.1895_1913delinsTT (p.Gln632fs),6833,ABCC8,HGNC:59,Likely pathogenic,1,"Dec 03, 2021",2496671115,-,RCV004577381,"MONDO:MONDO:0009734,MedGen:C2931832,OMIM:256450,Orphanet:276575,Orphanet:276598","Hyperinsulinemic hypoglycemia, familial, 1",unknown,unknown,GRCh38,NC_000011.10,11,17428575,17428593,na,na,11p15.1,"criteria provided, single submitter",1,-,N,ClinGen:CA2580082781,2,1725424,17428575,TACTTGCTGGCTGGGCCCT,AA,-,-,-,-,-,-,SCV002602917,-,-
1782996,Deletion,NM_000352.6(ABCC8):c.206del (p.Pro69fs),6833,ABCC8,HGNC:59,Likely pathogenic,1,"Dec 03, 2021",2496919200,-,RCV004577382,"MONDO:MONDO:0009734,MedGen:C2931832,OMIM:256450,Orphanet:276575,Orphanet:276598","Hyperinsulinemic hypoglycemia, familial, 1",unknown,unknown,GRCh37,NC_000011.9,11,17496517,17496517,na,na,11p15.1,"criteria provided, single submitter",1,-,N,ClinGen:CA2580082775,2,1725469,17496516,AG,A,-,-,-,-,-,-,SCV002602962,-,-
1782996,Deletion,NM_000352.6(ABCC8):c.206del (p.Pro69fs),6833,ABCC8,HGNC:59,Likely pathogenic,1,"Dec 03, 2021",2496919200,-,RCV004577382,"MONDO:MONDO:0009734,MedGen:C2931832,OMIM:256450,Orphanet:276575,Orphanet:276598","Hyperinsulinemic hypoglycemia, familial, 1",unknown,unknown,GRCh38,NC_000011.10,11,17474970,17474970,na,na,11p15.1,"criteria provided, single submitter",1,-,N,ClinGen:CA2580082775,2,1725469,17474969,AG,A,-,-,-,-,-,-,SCV002602962,-,-
1783232,Deletion,NM_000352.6(ABCC8):c.1858del (p.Arg620fs),6833,ABCC8,HGNC:59,Likely pathogenic,1,"Mar 31, 2022",2496672003,-,RCV002309389,"MONDO:MONDO:0009734,MedGen:C2931832,OMIM:256450,Orphanet:276575,Orphanet:276598","Hyperinsulinemic hypoglycemia, familial, 1",unknown,unknown,GRCh37,NC_000011.9,11,17450177,17450177,na,na,11p15.1,"criteria provided, single submitter",1,-,N,ClinGen:CA2580082791,2,1725705,17450176,CG,C,-,-,-,-,-,-,SCV002603200,-,-
1783232,Deletion,NM_000352.6(ABCC8):c.1858del (p.Arg620fs),6833,ABCC8,HGNC:59,Likely pathogenic,1,"Mar 31, 2022",2496672003,-,RCV002309389,"MONDO:MONDO:0009734,MedGen:C2931832,OMIM:256450,Orphanet:276575,Orphanet:276598","Hyperinsulinemic hypoglycemia, familial, 1",unknown,unknown,GRCh38,NC_000011.10,11,17428630,17428630,na,na,11p15.1,"criteria provided, single submitter",1,-,N,ClinGen:CA2580082791,2,1725705,17428629,CG,C,-,-,-,-,-,-,SCV002603200,-,-
1783238,Deletion,NM_000352.6(ABCC8):c.3269_3270del (p.Leu1090fs),6833,ABCC8,HGNC:59,Likely pathogenic,1,"Dec 05, 2021",2496527196,-,RCV004577383,"MONDO:MONDO:0009734,MedGen:C2931832,OMIM:256450,Orphanet:276575,Orphanet:276598","Hyperinsulinemic hypoglycemia, familial, 1",unknown,unknown,GRCh37,NC_000011.9,11,17428228,17428229,na,na,11p15.1,"criteria provided, single submitter",1,-,N,ClinGen:CA2580082814,2,1725711,17428227,TCA,T,-,-,-,-,-,-,SCV002603206,-,-
1783238,Deletion,NM_000352.6(ABCC8):c.3269_3270del (p.Leu1090fs),6833,ABCC8,HGNC:59,Likely pathogenic,1,"Dec 05, 2021",2496527196,-,RCV004577383,"MONDO:MONDO:0009734,MedGen:C2931832,OMIM:256450,Orphanet:276575,Orphanet:276598","Hyperinsulinemic hypoglycemia, familial, 1",unknown,unknown,GRCh38,NC_000011.10,11,17406681,17406682,na,na,11p15.1,"criteria provided, single submitter",1,-,N,ClinGen:CA2580082814,2,1725711,17406680,TCA,T,-,-,-,-,-,-,SCV002603206,-,-
1783429,Deletion,NM_000352.6(ABCC8):c.3673_3676del (p.Lys1225fs),6833,ABCC8,HGNC:59,Likely pathogenic,1,"Apr 11, 2022",2496475651,-,RCV002306873,"MONDO:MONDO:0009734,MedGen:C2931832,OMIM:256450,Orphanet:276575,Orphanet:276598","Hyperinsulinemic hypoglycemia, familial, 1",unknown,unknown,GRCh37,NC_000011.9,11,17419963,17419966,na,na,11p15.1,"criteria provided, single submitter",1,-,N,ClinGen:CA2580082774,2,1725902,17419962,AGCTT,A,-,-,-,-,-,-,SCV002603964,-,-
1783429,Deletion,NM_000352.6(ABCC8):c.3673_3676del (p.Lys1225fs),6833,ABCC8,HGNC:59,Likely pathogenic,1,"Apr 11, 2022",2496475651,-,RCV002306873,"MONDO:MONDO:0009734,MedGen:C2931832,OMIM:256450,Orphanet:276575,Orphanet:276598","Hyperinsulinemic hypoglycemia, familial, 1",unknown,unknown,GRCh38,NC_000011.10,11,17398416,17398419,na,na,11p15.1,"criteria provided, single submitter",1,-,N,ClinGen:CA2580082774,2,1725902,17398415,AGCTT,A,-,-,-,-,-,-,SCV002603964,-,-
1783522,Deletion,NM_000352.6(ABCC8):c.3454del (p.Ala1152fs),6833,ABCC8,HGNC:59,Likely pathogenic,1,"May 01, 2022",2496513303,-,RCV002306966,"MONDO:MONDO:0009734,MedGen:C2931832,OMIM:256450,Orphanet:276575,Orphanet:276598","Hyperinsulinemic hypoglycemia, familial, 1",unknown,unknown,GRCh37,NC_000011.9,11,17426162,17426162,na,na,11p15.1,"criteria provided, single submitter",1,-,N,ClinGen:CA2580082805,2,1725995,17426161,GC,G,-,-,-,-,-,-,SCV002604062,-,-
1783522,Deletion,NM_000352.6(ABCC8):c.3454del (p.Ala1152fs),6833,ABCC8,HGNC:59,Likely pathogenic,1,"May 01, 2022",2496513303,-,RCV002306966,"MONDO:MONDO:0009734,MedGen:C2931832,OMIM:256450,Orphanet:276575,Orphanet:276598","Hyperinsulinemic hypoglycemia, familial, 1",unknown,unknown,GRCh38,NC_000011.10,11,17404615,17404615,na,na,11p15.1,"criteria provided, single submitter",1,-,N,ClinGen:CA2580082805,2,1725995,17404614,GC,G,-,-,-,-,-,-,SCV002604062,-,-
1783709,Deletion,NM_000352.6(ABCC8):c.966del (p.Ile323fs),6833,ABCC8,HGNC:59,Likely pathogenic,1,"May 20, 2022",2496844281,-,RCV002307153,"MONDO:MONDO:0009734,MedGen:C2931832,OMIM:256450,Orphanet:276575,Orphanet:276598","Hyperinsulinemic hypoglycemia, familial, 1",unknown,unknown,GRCh37,NC_000011.9,11,17482080,17482080,na,na,11p15.1,"criteria provided, single submitter",1,-,N,ClinGen:CA2580082767,2,1726182,17482079,TC,T,-,-,-,-,-,-,SCV002604624,-,-
1783709,Deletion,NM_000352.6(ABCC8):c.966del (p.Ile323fs),6833,ABCC8,HGNC:59,Likely pathogenic,1,"May 20, 2022",2496844281,-,RCV002307153,"MONDO:MONDO:0009734,MedGen:C2931832,OMIM:256450,Orphanet:276575,Orphanet:276598","Hyperinsulinemic hypoglycemia, familial, 1",unknown,unknown,GRCh38,NC_000011.10,11,17460533,17460533,na,na,11p15.1,"criteria provided, single submitter",1,-,N,ClinGen:CA2580082767,2,1726182,17460532,TC,T,-,-,-,-,-,-,SCV002604624,-,-
1784194,single nucleotide variant,NM_000352.6(ABCC8):c.1945A>T (p.Lys649Ter),6833,ABCC8,HGNC:59,Likely pathogenic,1,"Dec 30, 2021",2496668620,-,RCV002310351,"MONDO:MONDO:0009734,MedGen:C2931832,OMIM:256450,Orphanet:276575,Orphanet:276598","Hyperinsulinemic hypoglycemia, familial, 1",unknown,unknown,GRCh37,NC_000011.9,11,17449931,17449931,na,na,11p15.1,"criteria provided, single submitter",1,-,N,ClinGen:CA379815387,2,1726667,17449931,T,A,-,-,-,-,-,-,SCV002602335,-,-
1784194,single nucleotide variant,NM_000352.6(ABCC8):c.1945A>T (p.Lys649Ter),6833,ABCC8,HGNC:59,Likely pathogenic,1,"Dec 30, 2021",2496668620,-,RCV002310351,"MONDO:MONDO:0009734,MedGen:C2931832,OMIM:256450,Orphanet:276575,Orphanet:276598","Hyperinsulinemic hypoglycemia, familial, 1",unknown,unknown,GRCh38,NC_000011.10,11,17428384,17428384,na,na,11p15.1,"criteria provided, single submitter",1,-,N,ClinGen:CA379815387,2,1726667,17428384,T,A,-,-,-,-,-,-,SCV002602335,-,-
1784238,Deletion,NM_000352.6(ABCC8):c.698_699del (p.Met233fs),6833,ABCC8,HGNC:59,Likely pathogenic,1,"Dec 30, 2021",2496853367,-,RCV002310395,"MONDO:MONDO:0009734,MedGen:C2931832,OMIM:256450,Orphanet:276575,Orphanet:276598","Hyperinsulinemic hypoglycemia, familial, 1",unknown,unknown,GRCh37,NC_000011.9,11,17483253,17483254,na,na,11p15.1,"criteria provided, single submitter",1,-,N,ClinGen:CA2580082796,2,1726711,17483252,TCA,T,-,-,-,-,-,-,SCV002602380,-,-
1784238,Deletion,NM_000352.6(ABCC8):c.698_699del (p.Met233fs),6833,ABCC8,HGNC:59,Likely pathogenic,1,"Dec 30, 2021",2496853367,-,RCV002310395,"MONDO:MONDO:0009734,MedGen:C2931832,OMIM:256450,Orphanet:276575,Orphanet:276598","Hyperinsulinemic hypoglycemia, familial, 1",unknown,unknown,GRCh38,NC_000011.10,11,17461706,17461707,na,na,11p15.1,"criteria provided, single submitter",1,-,N,ClinGen:CA2580082796,2,1726711,17461705,TCA,T,-,-,-,-,-,-,SCV002602380,-,-
1784252,Deletion,NM_000352.6(ABCC8):c.3842del (p.Gly1281fs),6833,ABCC8,HGNC:59,Likely pathogenic,1,"Dec 31, 2021",1954013968,-,RCV002310409,"MONDO:MONDO:0009734,MedGen:C2931832,OMIM:256450,Orphanet:276575,Orphanet:276598","Hyperinsulinemic hypoglycemia, familial, 1",unknown,unknown,GRCh37,NC_000011.9,11,17419256,17419256,na,na,11p15.1,"criteria provided, single submitter",1,-,N,ClinGen:CA2580082753,2,1726725,17419255,GC,G,-,-,-,-,-,-,SCV002602395,-,-
1784252,Deletion,NM_000352.6(ABCC8):c.3842del (p.Gly1281fs),6833,ABCC8,HGNC:59,Likely pathogenic,1,"Dec 31, 2021",1954013968,-,RCV002310409,"MONDO:MONDO:0009734,MedGen:C2931832,OMIM:256450,Orphanet:276575,Orphanet:276598","Hyperinsulinemic hypoglycemia, familial, 1",unknown,unknown,GRCh38,NC_000011.10,11,17397709,17397709,na,na,11p15.1,"criteria provided, single submitter",1,-,N,ClinGen:CA2580082753,2,1726725,17397708,GC,G,-,-,-,-,-,-,SCV002602395,-,-
1784321,single nucleotide variant,NM_000352.6(ABCC8):c.1073T>A (p.Leu358Ter),6833,ABCC8,HGNC:59,Likely pathogenic,1,"Jan 08, 2022",2496810710,-,RCV004577384,"MONDO:MONDO:0009734,MedGen:C2931832,OMIM:256450,Orphanet:276575,Orphanet:276598","Hyperinsulinemic hypoglycemia, familial, 1",unknown,unknown,GRCh37,NC_000011.9,11,17474769,17474769,na,na,11p15.1,"criteria provided, single submitter",1,-,N,ClinGen:CA379771097,2,1726794,17474769,A,T,-,-,-,-,-,-,SCV002602464,-,-
1784321,single nucleotide variant,NM_000352.6(ABCC8):c.1073T>A (p.Leu358Ter),6833,ABCC8,HGNC:59,Likely pathogenic,1,"Jan 08, 2022",2496810710,-,RCV004577384,"MONDO:MONDO:0009734,MedGen:C2931832,OMIM:256450,Orphanet:276575,Orphanet:276598","Hyperinsulinemic hypoglycemia, familial, 1",unknown,unknown,GRCh38,NC_000011.10,11,17453222,17453222,na,na,11p15.1,"criteria provided, single submitter",1,-,N,ClinGen:CA379771097,2,1726794,17453222,A,T,-,-,-,-,-,-,SCV002602464,-,-
1784329,Insertion,NM_000352.6(ABCC8):c.771_772insGAAACCCA (p.Arg258fs),6833,ABCC8,HGNC:59,Likely pathogenic,1,"Jan 02, 2022",2496852584,-,RCV002310486,"MONDO:MONDO:0009734,MedGen:C2931832,OMIM:256450,Orphanet:276575,Orphanet:276598","Hyperinsulinemic hypoglycemia, familial, 1",unknown,unknown,GRCh37,NC_000011.9,11,17483180,17483181,na,na,11p15.1,"criteria provided, single submitter",1,-,N,ClinGen:CA2580082788,2,1726802,17483180,T,TTGGGTTTC,-,-,-,-,-,-,SCV002602472,-,-
1784329,Insertion,NM_000352.6(ABCC8):c.771_772insGAAACCCA (p.Arg258fs),6833,ABCC8,HGNC:59,Likely pathogenic,1,"Jan 02, 2022",2496852584,-,RCV002310486,"MONDO:MONDO:0009734,MedGen:C2931832,OMIM:256450,Orphanet:276575,Orphanet:276598","Hyperinsulinemic hypoglycemia, familial, 1",unknown,unknown,GRCh38,NC_000011.10,11,17461633,17461634,na,na,11p15.1,"criteria provided, single submitter",1,-,N,ClinGen:CA2580082788,2,1726802,17461633,T,TTGGGTTTC,-,-,-,-,-,-,SCV002602472,-,-
1784331,Insertion,NM_000352.6(ABCC8):c.4220_4221insACAGG (p.Asp1408fs),6833,ABCC8,HGNC:59,Likely pathogenic,1,"Jan 02, 2022",2496450975,-,RCV004577385,"MONDO:MONDO:0009734,MedGen:C2931832,OMIM:256450,Orphanet:276575,Orphanet:276598","Hyperinsulinemic hypoglycemia, familial, 1",unknown,unknown,GRCh37,NC_000011.9,11,17417243,17417244,na,na,11p15.1,"criteria provided, single submitter",1,-,N,ClinGen:CA2580082815,2,1726804,17417243,A,ACCTGT,-,-,-,-,-,-,SCV002602474,-,-
1784331,Insertion,NM_000352.6(ABCC8):c.4220_4221insACAGG (p.Asp1408fs),6833,ABCC8,HGNC:59,Likely pathogenic,1,"Jan 02, 2022",2496450975,-,RCV004577385,"MONDO:MONDO:0009734,MedGen:C2931832,OMIM:256450,Orphanet:276575,Orphanet:276598","Hyperinsulinemic hypoglycemia, familial, 1",unknown,unknown,GRCh38,NC_000011.10,11,17395696,17395697,na,na,11p15.1,"criteria provided, single submitter",1,-,N,ClinGen:CA2580082815,2,1726804,17395696,A,ACCTGT,-,-,-,-,-,-,SCV002602474,-,-
1784373,Indel,NM_000352.6(ABCC8):c.992_993delinsTCTT (p.Asn331fs),6833,ABCC8,HGNC:59,Likely pathogenic,1,"Jan 02, 2022",2496843903,-,RCV004577386,"MONDO:MONDO:0009734,MedGen:C2931832,OMIM:256450,Orphanet:276575,Orphanet:276598","Hyperinsulinemic hypoglycemia, familial, 1",unknown,unknown,GRCh37,NC_000011.9,11,17482053,17482054,na,na,11p15.1,"criteria provided, single submitter",1,-,N,ClinGen:CA2580082766,2,1726846,17482053,GT,AAGA,-,-,-,-,-,-,SCV002603251,-,-
1784373,Indel,NM_000352.6(ABCC8):c.992_993delinsTCTT (p.Asn331fs),6833,ABCC8,HGNC:59,Likely pathogenic,1,"Jan 02, 2022",2496843903,-,RCV004577386,"MONDO:MONDO:0009734,MedGen:C2931832,OMIM:256450,Orphanet:276575,Orphanet:276598","Hyperinsulinemic hypoglycemia, familial, 1",unknown,unknown,GRCh38,NC_000011.10,11,17460506,17460507,na,na,11p15.1,"criteria provided, single submitter",1,-,N,ClinGen:CA2580082766,2,1726846,17460506,GT,AAGA,-,-,-,-,-,-,SCV002603251,-,-
1784420,Deletion,NM_000352.6(ABCC8):c.752_753del (p.Gly251fs),6833,ABCC8,HGNC:59,Likely pathogenic,1,"Jan 02, 2022",2496852810,-,RCV002310577,"MONDO:MONDO:0009734,MedGen:C2931832,OMIM:256450,Orphanet:276575,Orphanet:276598","Hyperinsulinemic hypoglycemia, familial, 1",unknown,unknown,GRCh37,NC_000011.9,11,17483199,17483200,na,na,11p15.1,"criteria provided, single submitter",1,-,N,ClinGen:CA2580082789,2,1726893,17483198,TCC,T,-,-,-,-,-,-,SCV002603299,-,-
1784420,Deletion,NM_000352.6(ABCC8):c.752_753del (p.Gly251fs),6833,ABCC8,HGNC:59,Likely pathogenic,1,"Jan 02, 2022",2496852810,-,RCV002310577,"MONDO:MONDO:0009734,MedGen:C2931832,OMIM:256450,Orphanet:276575,Orphanet:276598","Hyperinsulinemic hypoglycemia, familial, 1",unknown,unknown,GRCh38,NC_000011.10,11,17461652,17461653,na,na,11p15.1,"criteria provided, single submitter",1,-,N,ClinGen:CA2580082789,2,1726893,17461651,TCC,T,-,-,-,-,-,-,SCV002603299,-,-
1785132,single nucleotide variant,NM_000162.5(GCK):c.1129C>A (p.Arg377Ser),2645,GCK,HGNC:4195,Likely pathogenic,1,"Sep 20, 2023",1471992838,-,RCV002325992|RCV003102308|RCV003330331,"Human Phenotype Ontology:HP:0004904,MONDO:MONDO:0018911,MedGen:C0342276,OMIM:PS125850,Orphanet:552|MedGen:C3661900|MONDO:MONDO:0015967,MedGen:C3888631,Orphanet:183625",Maturity-onset diabetes of the young|not provided|Monogenic diabetes,germline,germline,GRCh37,NC_000007.13,7,44185220,44185220,na,na,7p13,reviewed by expert panel,3,-,N,ClinGen:CA367398819,2,1727652,44185220,G,T,-,-,-,-,-,-,SCV004037459,-,-
1785132,single nucleotide variant,NM_000162.5(GCK):c.1129C>A (p.Arg377Ser),2645,GCK,HGNC:4195,Likely pathogenic,1,"Sep 20, 2023",1471992838,-,RCV002325992|RCV003102308|RCV003330331,"Human Phenotype Ontology:HP:0004904,MONDO:MONDO:0018911,MedGen:C0342276,OMIM:PS125850,Orphanet:552|MedGen:C3661900|MONDO:MONDO:0015967,MedGen:C3888631,Orphanet:183625",Maturity-onset diabetes of the young|not provided|Monogenic diabetes,germline,germline,GRCh38,NC_000007.14,7,44145621,44145621,na,na,7p13,reviewed by expert panel,3,-,N,ClinGen:CA367398819,2,1727652,44145621,G,T,-,-,-,-,-,-,SCV004037459,-,-
1786085,single nucleotide variant,NM_000352.6(ABCC8):c.3535A>G (p.Lys1179Glu),6833,ABCC8,HGNC:59,Uncertain significance,0,"Sep 04, 2025",2496512406,-,RCV002459440|RCV006262427,"MeSH:D030342,MedGen:C0950123|MedGen:CN169374",Inborn genetic diseases|not specified,germline,germline,GRCh37,NC_000011.9,11,17426081,17426081,na,na,11p15.1,"criteria provided, multiple submitters, no conflicts",2,-,N,ClinGen:CA379797535,2,1732398,17426081,T,C,-,-,-,-,-,-,SCV002613629|SCV007119296,-,-
1786085,single nucleotide variant,NM_000352.6(ABCC8):c.3535A>G (p.Lys1179Glu),6833,ABCC8,HGNC:59,Uncertain significance,0,"Sep 04, 2025",2496512406,-,RCV002459440|RCV006262427,"MeSH:D030342,MedGen:C0950123|MedGen:CN169374",Inborn genetic diseases|not specified,germline,germline,GRCh38,NC_000011.10,11,17404534,17404534,na,na,11p15.1,"criteria provided, multiple submitters, no conflicts",2,-,N,ClinGen:CA379797535,2,1732398,17404534,T,C,-,-,-,-,-,-,SCV002613629|SCV007119296,-,-
1786684,single nucleotide variant,NM_000352.6(ABCC8):c.371A>G (p.Tyr124Cys),6833,ABCC8,HGNC:59,Uncertain significance,0,"Feb 13, 2025",1278920115,-,RCV002349066,"MeSH:D030342,MedGen:C0950123",Inborn genetic diseases,germline,germline,GRCh37,NC_000011.9,11,17491689,17491689,na,na,11p15.1,"criteria provided, single submitter",1,-,N,ClinGen:CA379784074,2,1734265,17491689,T,C,-,-,-,-,-,-,SCV002619540,-,-
1786684,single nucleotide variant,NM_000352.6(ABCC8):c.371A>G (p.Tyr124Cys),6833,ABCC8,HGNC:59,Uncertain significance,0,"Feb 13, 2025",1278920115,-,RCV002349066,"MeSH:D030342,MedGen:C0950123",Inborn genetic diseases,germline,germline,GRCh38,NC_000011.10,11,17470142,17470142,na,na,11p15.1,"criteria provided, single submitter",1,-,N,ClinGen:CA379784074,2,1734265,17470142,T,C,-,-,-,-,-,-,SCV002619540,-,-
1788011,single nucleotide variant,NM_000352.6(ABCC8):c.4242G>A (p.Leu1414=),6833,ABCC8,HGNC:59,Likely benign,0,"Jun 06, 2019",912367763,-,RCV002329788,"MeSH:D030342,MedGen:C0950123",Inborn genetic diseases,germline,germline,GRCh37,NC_000011.9,11,17417222,17417222,na,na,11p15.1,"criteria provided, single submitter",1,-,N,ClinGen:CA218407964,2,1739013,17417222,C,T,-,-,-,-,-,-,SCV002628646,-,-
1788011,single nucleotide variant,NM_000352.6(ABCC8):c.4242G>A (p.Leu1414=),6833,ABCC8,HGNC:59,Likely benign,0,"Jun 06, 2019",912367763,-,RCV002329788,"MeSH:D030342,MedGen:C0950123",Inborn genetic diseases,germline,germline,GRCh38,NC_000011.10,11,17395675,17395675,na,na,11p15.1,"criteria provided, single submitter",1,-,N,ClinGen:CA218407964,2,1739013,17395675,C,T,-,-,-,-,-,-,SCV002628646,-,-
1789768,single nucleotide variant,NM_000162.5(GCK):c.1150G>A (p.Ala384Thr),2645,GCK,HGNC:4195,Likely pathogenic,1,"Jun 06, 2025",1376620210,-,RCV005417392|RCV002348865,"MONDO:MONDO:0015967,MedGen:C3888631,Orphanet:183625|Human Phenotype Ontology:HP:0004904,MONDO:MONDO:0018911,MedGen:C0342276,OMIM:PS125850,Orphanet:552",Monogenic diabetes|Maturity-onset diabetes of the young,germline;unknown,germline,GRCh37,NC_000007.13,7,44185199,44185199,na,na,7p13,reviewed by expert panel,3,-,N,ClinGen:CA367398732,2,1734018,44185199,C,T,-,-,-,-,-,-,SCV006084768,-,-
1789768,single nucleotide variant,NM_000162.5(GCK):c.1150G>A (p.Ala384Thr),2645,GCK,HGNC:4195,Likely pathogenic,1,"Jun 06, 2025",1376620210,-,RCV005417392|RCV002348865,"MONDO:MONDO:0015967,MedGen:C3888631,Orphanet:183625|Human Phenotype Ontology:HP:0004904,MONDO:MONDO:0018911,MedGen:C0342276,OMIM:PS125850,Orphanet:552",Monogenic diabetes|Maturity-onset diabetes of the young,germline;unknown,germline,GRCh38,NC_000007.14,7,44145600,44145600,na,na,7p13,reviewed by expert panel,3,-,N,ClinGen:CA367398732,2,1734018,44145600,C,T,-,-,-,-,-,-,SCV006084768,-,-
1789938,Deletion,NM_000162.5(GCK):c.1156del (p.Leu386fs),2645,GCK,HGNC:4195,Pathogenic,1,"Oct 10, 2023",2484497008,-,RCV002355448|RCV003094397,"Human Phenotype Ontology:HP:0004904,MONDO:MONDO:0018911,MedGen:C0342276,OMIM:PS125850,Orphanet:552|MedGen:C3661900",Maturity-onset diabetes of the young|not provided,germline,germline,GRCh37,NC_000007.13,7,44185193,44185193,na,na,7p13,"criteria provided, multiple submitters, no conflicts",2,-,N,ClinGen:CA2580077148,2,1735443,44185192,AG,A,-,-,-,-,-,-,SCV002623585|SCV003315010,-,-
1789938,Deletion,NM_000162.5(GCK):c.1156del (p.Leu386fs),2645,GCK,HGNC:4195,Pathogenic,1,"Oct 10, 2023",2484497008,-,RCV002355448|RCV003094397,"Human Phenotype Ontology:HP:0004904,MONDO:MONDO:0018911,MedGen:C0342276,OMIM:PS125850,Orphanet:552|MedGen:C3661900",Maturity-onset diabetes of the young|not provided,germline,germline,GRCh38,NC_000007.14,7,44145594,44145594,na,na,7p13,"criteria provided, multiple submitters, no conflicts",2,-,N,ClinGen:CA2580077148,2,1735443,44145593,AG,A,-,-,-,-,-,-,SCV002623585|SCV003315010,-,-
1792017,single nucleotide variant,NM_000352.6(ABCC8):c.3289C>T (p.His1097Tyr),6833,ABCC8,HGNC:59,Uncertain significance,0,"Jun 12, 2022",2496527051,-,RCV002326137,"MeSH:D030342,MedGen:C0950123",Inborn genetic diseases,germline,germline,GRCh37,NC_000011.9,11,17428209,17428209,na,na,11p15.1,"criteria provided, single submitter",1,-,N,ClinGen:CA379801445,2,1729810,17428209,G,A,-,-,-,-,-,-,SCV002606015,-,-
1792017,single nucleotide variant,NM_000352.6(ABCC8):c.3289C>T (p.His1097Tyr),6833,ABCC8,HGNC:59,Uncertain significance,0,"Jun 12, 2022",2496527051,-,RCV002326137,"MeSH:D030342,MedGen:C0950123",Inborn genetic diseases,germline,germline,GRCh38,NC_000011.10,11,17406662,17406662,na,na,11p15.1,"criteria provided, single submitter",1,-,N,ClinGen:CA379801445,2,1729810,17406662,G,A,-,-,-,-,-,-,SCV002606015,-,-
1792315,single nucleotide variant,NM_000162.5(GCK):c.1137G>A (p.Ala379=),2645,GCK,HGNC:4195,Likely benign,0,"Jun 20, 2025",759783300,-,RCV002326332|RCV003099390,"Human Phenotype Ontology:HP:0004904,MONDO:MONDO:0018911,MedGen:C0342276,OMIM:PS125850,Orphanet:552|MedGen:C3661900",Maturity-onset diabetes of the young|not provided,germline,germline,GRCh37,NC_000007.13,7,44185212,44185212,na,na,7p13,"criteria provided, multiple submitters, no conflicts",2,-,N,ClinGen:CA4239427,2,1730109,44185212,C,T,-,-,-,-,-,-,SCV002605783|SCV003259039,-,-
1792315,single nucleotide variant,NM_000162.5(GCK):c.1137G>A (p.Ala379=),2645,GCK,HGNC:4195,Likely benign,0,"Jun 20, 2025",759783300,-,RCV002326332|RCV003099390,"Human Phenotype Ontology:HP:0004904,MONDO:MONDO:0018911,MedGen:C0342276,OMIM:PS125850,Orphanet:552|MedGen:C3661900",Maturity-onset diabetes of the young|not provided,germline,germline,GRCh38,NC_000007.14,7,44145613,44145613,na,na,7p13,"criteria provided, multiple submitters, no conflicts",2,-,N,ClinGen:CA4239427,2,1730109,44145613,C,T,-,-,-,-,-,-,SCV002605783|SCV003259039,-,-
1792441,single nucleotide variant,NM_000525.4(KCNJ11):c.344A>G (p.His115Arg),3767,KCNJ11,HGNC:6257,Uncertain significance,0,"Sep 25, 2024",374334444,-,RCV002460206|RCV003099491|RCV005042805,"MeSH:D030342,MedGen:C0950123|MedGen:C3661900|MONDO:MONDO:0012522,MedGen:C1864623,OMIM:610582,Orphanet:99886;MONDO:MONDO:0011153,MedGen:C2931833,OMIM:601820,Orphanet:276580,Orphanet:276603;Human Phenotype Ontology:HP:0005965,Human Phenotype Ontology:HP:0005978,Human Phenotype Ontology:HP:0100652,MONDO:MONDO:0005148,MeSH:D003924,MedGen:C0011860,OMIM:125853;MONDO:MONDO:0030087,MedGen:C5394296,OMIM:618856;MONDO:MONDO:0014589,MedGen:C4225365,OMIM:616329,Orphanet:552","Inborn genetic diseases|not provided|Diabetes mellitus, transient neonatal, 3;Hyperinsulinemic hypoglycemia, familial, 2;Type 2 diabetes mellitus;Diabetes mellitus, permanent neonatal 2;Maturity-onset diabetes of the young type 13",germline,germline,GRCh37,NC_000011.9,11,17409295,17409295,na,na,11p15.1,"criteria provided, multiple submitters, no conflicts",3,-,N,ClinGen:CA218399984,2,1731536,17409295,T,C,-,-,-,-,-,-,SCV002618475|SCV003507292|SCV005676625,-,-
1792441,single nucleotide variant,NM_000525.4(KCNJ11):c.344A>G (p.His115Arg),3767,KCNJ11,HGNC:6257,Uncertain significance,0,"Sep 25, 2024",374334444,-,RCV002460206|RCV003099491|RCV005042805,"MeSH:D030342,MedGen:C0950123|MedGen:C3661900|MONDO:MONDO:0012522,MedGen:C1864623,OMIM:610582,Orphanet:99886;MONDO:MONDO:0011153,MedGen:C2931833,OMIM:601820,Orphanet:276580,Orphanet:276603;Human Phenotype Ontology:HP:0005965,Human Phenotype Ontology:HP:0005978,Human Phenotype Ontology:HP:0100652,MONDO:MONDO:0005148,MeSH:D003924,MedGen:C0011860,OMIM:125853;MONDO:MONDO:0030087,MedGen:C5394296,OMIM:618856;MONDO:MONDO:0014589,MedGen:C4225365,OMIM:616329,Orphanet:552","Inborn genetic diseases|not provided|Diabetes mellitus, transient neonatal, 3;Hyperinsulinemic hypoglycemia, familial, 2;Type 2 diabetes mellitus;Diabetes mellitus, permanent neonatal 2;Maturity-onset diabetes of the young type 13",germline,germline,GRCh38,NC_000011.10,11,17387748,17387748,na,na,11p15.1,"criteria provided, multiple submitters, no conflicts",3,-,N,ClinGen:CA218399984,2,1731536,17387748,T,C,-,-,-,-,-,-,SCV002618475|SCV003507292|SCV005676625,-,-
1792618,single nucleotide variant,NM_000352.6(ABCC8):c.1142T>C (p.Ile381Thr),6833,ABCC8,HGNC:59,Uncertain significance,0,"Apr 04, 2022",1591862756,-,RCV002337498,"MeSH:D030342,MedGen:C0950123",Inborn genetic diseases,germline,germline,GRCh37,NC_000011.9,11,17474700,17474700,na,na,11p15.1,"criteria provided, single submitter",1,-,N,ClinGen:CA379770639,2,1731714,17474700,A,G,-,-,-,-,-,-,SCV002618785,-,-
1792618,single nucleotide variant,NM_000352.6(ABCC8):c.1142T>C (p.Ile381Thr),6833,ABCC8,HGNC:59,Uncertain significance,0,"Apr 04, 2022",1591862756,-,RCV002337498,"MeSH:D030342,MedGen:C0950123",Inborn genetic diseases,germline,germline,GRCh38,NC_000011.10,11,17453153,17453153,na,na,11p15.1,"criteria provided, single submitter",1,-,N,ClinGen:CA379770639,2,1731714,17453153,A,G,-,-,-,-,-,-,SCV002618785,-,-
1792833,single nucleotide variant,NM_000162.5(GCK):c.360G>A (p.Glu120=),2645,GCK,HGNC:4195,Likely benign,0,"Sep 09, 2021",2484534814,-,RCV002455324,"Human Phenotype Ontology:HP:0004904,MONDO:MONDO:0018911,MedGen:C0342276,OMIM:PS125850,Orphanet:552",Maturity-onset diabetes of the young,germline,germline,GRCh37,NC_000007.13,7,44191873,44191873,na,na,7p13,"criteria provided, single submitter",1,-,N,ClinGen:CA454610157,2,1733211,44191873,C,T,-,-,-,-,-,-,SCV002616463,-,-
1792833,single nucleotide variant,NM_000162.5(GCK):c.360G>A (p.Glu120=),2645,GCK,HGNC:4195,Likely benign,0,"Sep 09, 2021",2484534814,-,RCV002455324,"Human Phenotype Ontology:HP:0004904,MONDO:MONDO:0018911,MedGen:C0342276,OMIM:PS125850,Orphanet:552",Maturity-onset diabetes of the young,germline,germline,GRCh38,NC_000007.14,7,44152274,44152274,na,na,7p13,"criteria provided, single submitter",1,-,N,ClinGen:CA454610157,2,1733211,44152274,C,T,-,-,-,-,-,-,SCV002616463,-,-
1793708,single nucleotide variant,NM_000352.6(ABCC8):c.3978G>A (p.Glu1326=),6833,ABCC8,HGNC:59,Likely benign,0,"Jul 08, 2023",1231270619,-,RCV002357725|RCV003560956,"MeSH:D030342,MedGen:C0950123|MedGen:C3661900",Inborn genetic diseases|not provided,germline,germline,GRCh37,NC_000011.9,11,17418750,17418750,na,na,11p15.1,"criteria provided, multiple submitters, no conflicts",2,-,N,ClinGen:CA473298608,2,1736665,17418750,C,T,-,-,-,-,-,-,SCV002623141|SCV004301429,-,-
1793708,single nucleotide variant,NM_000352.6(ABCC8):c.3978G>A (p.Glu1326=),6833,ABCC8,HGNC:59,Likely benign,0,"Jul 08, 2023",1231270619,-,RCV002357725|RCV003560956,"MeSH:D030342,MedGen:C0950123|MedGen:C3661900",Inborn genetic diseases|not provided,germline,germline,GRCh38,NC_000011.10,11,17397203,17397203,na,na,11p15.1,"criteria provided, multiple submitters, no conflicts",2,-,N,ClinGen:CA473298608,2,1736665,17397203,C,T,-,-,-,-,-,-,SCV002623141|SCV004301429,-,-
1794024,single nucleotide variant,NM_000162.5(GCK):c.1161G>C (p.Ala387=),2645,GCK,HGNC:4195,Likely benign,0,"Oct 23, 2019",780987378,-,RCV002357835,"Human Phenotype Ontology:HP:0004904,MONDO:MONDO:0018911,MedGen:C0342276,OMIM:PS125850,Orphanet:552",Maturity-onset diabetes of the young,germline,germline,GRCh37,NC_000007.13,7,44185188,44185188,na,na,7p13,"criteria provided, single submitter",1,-,N,ClinGen:CA454863213,2,1736982,44185188,C,G,-,-,-,-,-,-,SCV002622135,-,-
1794024,single nucleotide variant,NM_000162.5(GCK):c.1161G>C (p.Ala387=),2645,GCK,HGNC:4195,Likely benign,0,"Oct 23, 2019",780987378,-,RCV002357835,"Human Phenotype Ontology:HP:0004904,MONDO:MONDO:0018911,MedGen:C0342276,OMIM:PS125850,Orphanet:552",Maturity-onset diabetes of the young,germline,germline,GRCh38,NC_000007.14,7,44145589,44145589,na,na,7p13,"criteria provided, single submitter",1,-,N,ClinGen:CA454863213,2,1736982,44145589,C,G,-,-,-,-,-,-,SCV002622135,-,-
1794212,single nucleotide variant,NM_000352.6(ABCC8):c.432C>T (p.Thr144=),6833,ABCC8,HGNC:59,Likely benign,0,"Mar 22, 2020",1564980860,-,RCV002332103,"MeSH:D030342,MedGen:C0950123",Inborn genetic diseases,germline,germline,GRCh37,NC_000011.9,11,17485132,17485132,na,na,11p15.1,"criteria provided, single submitter",1,-,N,ClinGen:CA473301151,2,1739766,17485132,G,A,-,-,-,-,-,-,SCV002633281,-,-
1794212,single nucleotide variant,NM_000352.6(ABCC8):c.432C>T (p.Thr144=),6833,ABCC8,HGNC:59,Likely benign,0,"Mar 22, 2020",1564980860,-,RCV002332103,"MeSH:D030342,MedGen:C0950123",Inborn genetic diseases,germline,germline,GRCh38,NC_000011.10,11,17463585,17463585,na,na,11p15.1,"criteria provided, single submitter",1,-,N,ClinGen:CA473301151,2,1739766,17463585,G,A,-,-,-,-,-,-,SCV002633281,-,-
1795675,Deletion,NM_000162.5(GCK):c.1141_1142del (p.Met381fs),2645,GCK,HGNC:4195,Pathogenic,1,"Apr 12, 2023",2484497313,-,RCV002456979|RCV003560948,"Human Phenotype Ontology:HP:0004904,MONDO:MONDO:0018911,MedGen:C0342276,OMIM:PS125850,Orphanet:552|MedGen:C3661900",Maturity-onset diabetes of the young|not provided,germline,germline,GRCh37,NC_000007.13,7,44185207,44185208,na,na,7p13,"criteria provided, multiple submitters, no conflicts",2,-,N,ClinGen:CA2580077154,2,1731302,44185206,CAT,C,-,-,-,-,-,-,SCV002614349|SCV004295138,-,-
1795675,Deletion,NM_000162.5(GCK):c.1141_1142del (p.Met381fs),2645,GCK,HGNC:4195,Pathogenic,1,"Apr 12, 2023",2484497313,-,RCV002456979|RCV003560948,"Human Phenotype Ontology:HP:0004904,MONDO:MONDO:0018911,MedGen:C0342276,OMIM:PS125850,Orphanet:552|MedGen:C3661900",Maturity-onset diabetes of the young|not provided,germline,germline,GRCh38,NC_000007.14,7,44145608,44145609,na,na,7p13,"criteria provided, multiple submitters, no conflicts",2,-,N,ClinGen:CA2580077154,2,1731302,44145607,CAT,C,-,-,-,-,-,-,SCV002614349|SCV004295138,-,-
1798262,Duplication,NM_000162.5(GCK):c.445dup (p.Thr149fs),2645,GCK,HGNC:4195,Pathogenic,1,"Oct 20, 2016",2484529561,-,RCV002328413,"Human Phenotype Ontology:HP:0004904,MONDO:MONDO:0018911,MedGen:C0342276,OMIM:PS125850,Orphanet:552",Maturity-onset diabetes of the young,germline,germline,GRCh37,NC_000007.13,7,44190592,44190593,na,na,7p13,"criteria provided, single submitter",1,-,N,ClinGen:CA2580077137,2,1740762,44190592,G,GT,-,-,-,-,-,-,SCV002635991,-,-
1798262,Duplication,NM_000162.5(GCK):c.445dup (p.Thr149fs),2645,GCK,HGNC:4195,Pathogenic,1,"Oct 20, 2016",2484529561,-,RCV002328413,"Human Phenotype Ontology:HP:0004904,MONDO:MONDO:0018911,MedGen:C0342276,OMIM:PS125850,Orphanet:552",Maturity-onset diabetes of the young,germline,germline,GRCh38,NC_000007.14,7,44150993,44150994,na,na,7p13,"criteria provided, single submitter",1,-,N,ClinGen:CA2580077137,2,1740762,44150993,G,GT,-,-,-,-,-,-,SCV002635991,-,-
1798388,single nucleotide variant,NM_000162.5(GCK):c.447C>T (p.Thr149=),2645,GCK,HGNC:4195,Likely benign,0,"Nov 11, 2025",746026875,-,RCV002328539|RCV006269649,"Human Phenotype Ontology:HP:0004904,MONDO:MONDO:0018911,MedGen:C0342276,OMIM:PS125850,Orphanet:552|MedGen:CN169374",Maturity-onset diabetes of the young|not specified,germline,germline,GRCh37,NC_000007.13,7,44190591,44190591,na,na,7p13,"criteria provided, multiple submitters, no conflicts",2,-,N,ClinGen:CA4239631,2,1740888,44190591,G,A,-,-,-,-,-,-,SCV002638942|SCV007124172,-,-
1798388,single nucleotide variant,NM_000162.5(GCK):c.447C>T (p.Thr149=),2645,GCK,HGNC:4195,Likely benign,0,"Nov 11, 2025",746026875,-,RCV002328539|RCV006269649,"Human Phenotype Ontology:HP:0004904,MONDO:MONDO:0018911,MedGen:C0342276,OMIM:PS125850,Orphanet:552|MedGen:CN169374",Maturity-onset diabetes of the young|not specified,germline,germline,GRCh38,NC_000007.14,7,44150992,44150992,na,na,7p13,"criteria provided, multiple submitters, no conflicts",2,-,N,ClinGen:CA4239631,2,1740888,44150992,G,A,-,-,-,-,-,-,SCV002638942|SCV007124172,-,-
1798740,single nucleotide variant,NM_000162.5(GCK):c.1182C>T (p.Arg394=),2645,GCK,HGNC:4195,Likely benign,0,"May 18, 2020",542306878,-,RCV002335303,"Human Phenotype Ontology:HP:0004904,MONDO:MONDO:0018911,MedGen:C0342276,OMIM:PS125850,Orphanet:552",Maturity-onset diabetes of the young,germline,germline,GRCh37,NC_000007.13,7,44185167,44185167,na,na,7p13,"criteria provided, single submitter",1,-,N,ClinGen:CA4239420,2,1742539,44185167,G,A,-,-,-,-,-,-,SCV002636394,-,-
1798740,single nucleotide variant,NM_000162.5(GCK):c.1182C>T (p.Arg394=),2645,GCK,HGNC:4195,Likely benign,0,"May 18, 2020",542306878,-,RCV002335303,"Human Phenotype Ontology:HP:0004904,MONDO:MONDO:0018911,MedGen:C0342276,OMIM:PS125850,Orphanet:552",Maturity-onset diabetes of the young,germline,germline,GRCh38,NC_000007.14,7,44145568,44145568,na,na,7p13,"criteria provided, single submitter",1,-,N,ClinGen:CA4239420,2,1742539,44145568,G,A,-,-,-,-,-,-,SCV002636394,-,-
1801162,Microsatellite,NM_000162.5(GCK):c.627GAT[3] (p.Met210_Ile211insMet),2645,GCK,HGNC:4195,Conflicting classifications of pathogenicity,1,"May 13, 2025",2484522606,-,RCV002368789|RCV003718532|RCV004690291,"Human Phenotype Ontology:HP:0004904,MONDO:MONDO:0018911,MedGen:C0342276,OMIM:PS125850,Orphanet:552|MedGen:C3661900|MedGen:CN169374",Maturity-onset diabetes of the young|not provided|not specified,germline,germline,GRCh37,NC_000007.13,7,44189405,44189406,na,na,7p13,"criteria provided, conflicting classifications",4,-,N,ClinGen:CA2580615881,2,1752729,44189405,G,GATC,-,-,-,-,-,-,SCV002660982|SCV004509251|SCV005184542|SCV005378557,-,-
1801162,Microsatellite,NM_000162.5(GCK):c.627GAT[3] (p.Met210_Ile211insMet),2645,GCK,HGNC:4195,Conflicting classifications of pathogenicity,1,"May 13, 2025",2484522606,-,RCV002368789|RCV003718532|RCV004690291,"Human Phenotype Ontology:HP:0004904,MONDO:MONDO:0018911,MedGen:C0342276,OMIM:PS125850,Orphanet:552|MedGen:C3661900|MedGen:CN169374",Maturity-onset diabetes of the young|not provided|not specified,germline,germline,GRCh38,NC_000007.14,7,44149806,44149807,na,na,7p13,"criteria provided, conflicting classifications",4,-,N,ClinGen:CA2580615881,2,1752729,44149806,G,GATC,-,-,-,-,-,-,SCV002660982|SCV004509251|SCV005184542|SCV005378557,-,-
1802799,single nucleotide variant,NM_000162.5(GCK):c.535A>G (p.Asn179Asp),2645,GCK,HGNC:4195,Uncertain significance,0,"Apr 07, 2017",2484524121,-,RCV002347008,"Human Phenotype Ontology:HP:0004904,MONDO:MONDO:0018911,MedGen:C0342276,OMIM:PS125850,Orphanet:552",Maturity-onset diabetes of the young,germline,germline,GRCh37,NC_000007.13,7,44189612,44189612,na,na,7p13,"criteria provided, single submitter",1,-,N,ClinGen:CA367401645,2,1747048,44189612,T,C,-,-,-,-,-,-,SCV002641538,-,-
1802799,single nucleotide variant,NM_000162.5(GCK):c.535A>G (p.Asn179Asp),2645,GCK,HGNC:4195,Uncertain significance,0,"Apr 07, 2017",2484524121,-,RCV002347008,"Human Phenotype Ontology:HP:0004904,MONDO:MONDO:0018911,MedGen:C0342276,OMIM:PS125850,Orphanet:552",Maturity-onset diabetes of the young,germline,germline,GRCh38,NC_000007.14,7,44150013,44150013,na,na,7p13,"criteria provided, single submitter",1,-,N,ClinGen:CA367401645,2,1747048,44150013,T,C,-,-,-,-,-,-,SCV002641538,-,-
1803514,single nucleotide variant,NM_000162.5(GCK):c.568A>T (p.Lys190Ter),2645,GCK,HGNC:4195,Pathogenic,1,"Jul 28, 2021",2484523834,-,RCV002347463,"Human Phenotype Ontology:HP:0004904,MONDO:MONDO:0018911,MedGen:C0342276,OMIM:PS125850,Orphanet:552",Maturity-onset diabetes of the young,germline,germline,GRCh37,NC_000007.13,7,44189579,44189579,na,na,7p13,"criteria provided, single submitter",1,-,N,ClinGen:CA367401541,2,1749063,44189579,T,A,-,-,-,-,-,-,SCV002648210,-,-
1803514,single nucleotide variant,NM_000162.5(GCK):c.568A>T (p.Lys190Ter),2645,GCK,HGNC:4195,Pathogenic,1,"Jul 28, 2021",2484523834,-,RCV002347463,"Human Phenotype Ontology:HP:0004904,MONDO:MONDO:0018911,MedGen:C0342276,OMIM:PS125850,Orphanet:552",Maturity-onset diabetes of the young,germline,germline,GRCh38,NC_000007.14,7,44149980,44149980,na,na,7p13,"criteria provided, single submitter",1,-,N,ClinGen:CA367401541,2,1749063,44149980,T,A,-,-,-,-,-,-,SCV002648210,-,-
1804788,Deletion,NM_000162.5(GCK):c.656del (p.Gln219fs),2645,GCK,HGNC:4195,Pathogenic,1,"Dec 22, 2018",2484522455,-,RCV002364444,"Human Phenotype Ontology:HP:0004904,MONDO:MONDO:0018911,MedGen:C0342276,OMIM:PS125850,Orphanet:552",Maturity-onset diabetes of the young,germline,germline,GRCh37,NC_000007.13,7,44189382,44189382,na,na,7p13,"criteria provided, single submitter",1,-,N,ClinGen:CA2580077182,2,1754233,44189381,CT,C,-,-,-,-,-,-,SCV002664808,-,-
1804788,Deletion,NM_000162.5(GCK):c.656del (p.Gln219fs),2645,GCK,HGNC:4195,Pathogenic,1,"Dec 22, 2018",2484522455,-,RCV002364444,"Human Phenotype Ontology:HP:0004904,MONDO:MONDO:0018911,MedGen:C0342276,OMIM:PS125850,Orphanet:552",Maturity-onset diabetes of the young,germline,germline,GRCh38,NC_000007.14,7,44149783,44149783,na,na,7p13,"criteria provided, single submitter",1,-,N,ClinGen:CA2580077182,2,1754233,44149782,CT,C,-,-,-,-,-,-,SCV002664808,-,-
1804932,single nucleotide variant,NM_000162.5(GCK):c.455T>C (p.Phe152Ser),2645,GCK,HGNC:4195,Pathogenic,1,"Apr 18, 2024",2484529445,-,RCV002340196|RCV004527446,"Human Phenotype Ontology:HP:0004904,MONDO:MONDO:0018911,MedGen:C0342276,OMIM:PS125850,Orphanet:552|MONDO:MONDO:0015967,MedGen:C3888631,Orphanet:183625",Maturity-onset diabetes of the young|Monogenic diabetes,germline,germline,GRCh37,NC_000007.13,7,44190583,44190583,na,na,7p13,reviewed by expert panel,2,-,N,ClinGen:CA367401925,2,1741488,44190583,A,G,-,-,-,-,-,-,SCV005040687,-,-
1804932,single nucleotide variant,NM_000162.5(GCK):c.455T>C (p.Phe152Ser),2645,GCK,HGNC:4195,Pathogenic,1,"Apr 18, 2024",2484529445,-,RCV002340196|RCV004527446,"Human Phenotype Ontology:HP:0004904,MONDO:MONDO:0018911,MedGen:C0342276,OMIM:PS125850,Orphanet:552|MONDO:MONDO:0015967,MedGen:C3888631,Orphanet:183625",Maturity-onset diabetes of the young|Monogenic diabetes,germline,germline,GRCh38,NC_000007.14,7,44150984,44150984,na,na,7p13,reviewed by expert panel,2,-,N,ClinGen:CA367401925,2,1741488,44150984,A,G,-,-,-,-,-,-,SCV005040687,-,-
1805249,single nucleotide variant,NM_000162.5(GCK):c.478G>C (p.Asp160His),2645,GCK,HGNC:4195,Pathogenic,1,"Jan 22, 2026",1554335566,-,RCV002330710|RCV005433821|RCV006454753,"Human Phenotype Ontology:HP:0004904,MONDO:MONDO:0018911,MedGen:C0342276,OMIM:PS125850,Orphanet:552|MedGen:C3661900|MONDO:MONDO:0015967,MedGen:C3888631,Orphanet:183625",Maturity-onset diabetes of the young|not provided|Monogenic diabetes,germline,germline,GRCh37,NC_000007.13,7,44190560,44190560,na,na,7p13,reviewed by expert panel,3,-,N,ClinGen:CA367401848,2,1743101,44190560,C,G,-,-,-,-,-,-,SCV007338188,-,-
1805249,single nucleotide variant,NM_000162.5(GCK):c.478G>C (p.Asp160His),2645,GCK,HGNC:4195,Pathogenic,1,"Jan 22, 2026",1554335566,-,RCV002330710|RCV005433821|RCV006454753,"Human Phenotype Ontology:HP:0004904,MONDO:MONDO:0018911,MedGen:C0342276,OMIM:PS125850,Orphanet:552|MedGen:C3661900|MONDO:MONDO:0015967,MedGen:C3888631,Orphanet:183625",Maturity-onset diabetes of the young|not provided|Monogenic diabetes,germline,germline,GRCh38,NC_000007.14,7,44150961,44150961,na,na,7p13,reviewed by expert panel,3,-,N,ClinGen:CA367401848,2,1743101,44150961,C,G,-,-,-,-,-,-,SCV007338188,-,-
1805573,single nucleotide variant,NM_000162.5(GCK):c.483+1G>A,2645,GCK,HGNC:4195,Pathogenic,1,"Sep 20, 2016",2484529224,-,RCV002338076,"Human Phenotype Ontology:HP:0004904,MONDO:MONDO:0018911,MedGen:C0342276,OMIM:PS125850,Orphanet:552",Maturity-onset diabetes of the young,germline,germline,GRCh37,NC_000007.13,7,44190554,44190554,na,na,7p13,"criteria provided, single submitter",1,-,N,ClinGen:CA367401825,2,1743427,44190554,C,T,-,-,-,-,-,-,SCV002639197,-,-
1805573,single nucleotide variant,NM_000162.5(GCK):c.483+1G>A,2645,GCK,HGNC:4195,Pathogenic,1,"Sep 20, 2016",2484529224,-,RCV002338076,"Human Phenotype Ontology:HP:0004904,MONDO:MONDO:0018911,MedGen:C0342276,OMIM:PS125850,Orphanet:552",Maturity-onset diabetes of the young,germline,germline,GRCh38,NC_000007.14,7,44150955,44150955,na,na,7p13,"criteria provided, single submitter",1,-,N,ClinGen:CA367401825,2,1743427,44150955,C,T,-,-,-,-,-,-,SCV002639197,-,-
1806596,single nucleotide variant,NM_000162.5(GCK):c.556C>A (p.Arg186=),2645,GCK,HGNC:4195,Likely benign,0,"Dec 30, 2020",104894006,-,RCV002352038,"Human Phenotype Ontology:HP:0004904,MONDO:MONDO:0018911,MedGen:C0342276,OMIM:PS125850,Orphanet:552",Maturity-onset diabetes of the young,germline,germline,GRCh37,NC_000007.13,7,44189591,44189591,na,na,7p13,"criteria provided, single submitter",1,-,N,ClinGen:CA4239607,2,1748348,44189591,G,T,-,-,-,-,-,-,SCV002650902,-,-
1806596,single nucleotide variant,NM_000162.5(GCK):c.556C>A (p.Arg186=),2645,GCK,HGNC:4195,Likely benign,0,"Dec 30, 2020",104894006,-,RCV002352038,"Human Phenotype Ontology:HP:0004904,MONDO:MONDO:0018911,MedGen:C0342276,OMIM:PS125850,Orphanet:552",Maturity-onset diabetes of the young,germline,germline,GRCh38,NC_000007.14,7,44149992,44149992,na,na,7p13,"criteria provided, single submitter",1,-,N,ClinGen:CA4239607,2,1748348,44149992,G,T,-,-,-,-,-,-,SCV002650902,-,-
1807505,single nucleotide variant,NM_000525.4(KCNJ11):c.613C>T (p.Leu205Phe),3767,KCNJ11,HGNC:6257,Uncertain significance,0,"Feb 07, 2022",2496409953,-,RCV002360372,"MeSH:D030342,MedGen:C0950123",Inborn genetic diseases,germline,germline,GRCh37,NC_000011.9,11,17409026,17409026,na,na,11p15.1,"criteria provided, single submitter",1,-,N,ClinGen:CA379772173,2,1751824,17409026,G,A,-,-,-,-,-,-,SCV002655666,-,-
1807505,single nucleotide variant,NM_000525.4(KCNJ11):c.613C>T (p.Leu205Phe),3767,KCNJ11,HGNC:6257,Uncertain significance,0,"Feb 07, 2022",2496409953,-,RCV002360372,"MeSH:D030342,MedGen:C0950123",Inborn genetic diseases,germline,germline,GRCh38,NC_000011.10,11,17387479,17387479,na,na,11p15.1,"criteria provided, single submitter",1,-,N,ClinGen:CA379772173,2,1751824,17387479,G,A,-,-,-,-,-,-,SCV002655666,-,-
1809839,single nucleotide variant,NM_000162.5(GCK):c.524G>A (p.Gly175Glu),2645,GCK,HGNC:4195,Likely pathogenic,1,"Feb 23, 2024",2128821624,-,RCV002340943|RCV003883198,"Human Phenotype Ontology:HP:0004904,MONDO:MONDO:0018911,MedGen:C0342276,OMIM:PS125850,Orphanet:552|MONDO:MONDO:0015967,MedGen:C3888631,Orphanet:183625",Maturity-onset diabetes of the young|Monogenic diabetes,germline,germline,GRCh37,NC_000007.13,7,44189623,44189623,na,na,7p13,reviewed by expert panel,2,-,N,ClinGen:CA367401680,2,1746350,44189623,C,T,-,-,-,-,-,-,SCV004697927,-,-
1809839,single nucleotide variant,NM_000162.5(GCK):c.524G>A (p.Gly175Glu),2645,GCK,HGNC:4195,Likely pathogenic,1,"Feb 23, 2024",2128821624,-,RCV002340943|RCV003883198,"Human Phenotype Ontology:HP:0004904,MONDO:MONDO:0018911,MedGen:C0342276,OMIM:PS125850,Orphanet:552|MONDO:MONDO:0015967,MedGen:C3888631,Orphanet:183625",Maturity-onset diabetes of the young|Monogenic diabetes,germline,germline,GRCh38,NC_000007.14,7,44150024,44150024,na,na,7p13,reviewed by expert panel,2,-,N,ClinGen:CA367401680,2,1746350,44150024,C,T,-,-,-,-,-,-,SCV004697927,-,-
1809842,single nucleotide variant,NM_000162.5(GCK):c.524G>T (p.Gly175Val),2645,GCK,HGNC:4195,Uncertain significance,0,"Feb 23, 2024",2128821624,-,RCV002344350|RCV003883199,"Human Phenotype Ontology:HP:0004904,MONDO:MONDO:0018911,MedGen:C0342276,OMIM:PS125850,Orphanet:552|MONDO:MONDO:0015967,MedGen:C3888631,Orphanet:183625",Maturity-onset diabetes of the young|Monogenic diabetes,germline,germline,GRCh37,NC_000007.13,7,44189623,44189623,na,na,7p13,reviewed by expert panel,2,-,N,ClinGen:CA367401683,2,1746353,44189623,C,A,-,-,-,-,-,-,SCV004697918,-,-
1809842,single nucleotide variant,NM_000162.5(GCK):c.524G>T (p.Gly175Val),2645,GCK,HGNC:4195,Uncertain significance,0,"Feb 23, 2024",2128821624,-,RCV002344350|RCV003883199,"Human Phenotype Ontology:HP:0004904,MONDO:MONDO:0018911,MedGen:C0342276,OMIM:PS125850,Orphanet:552|MONDO:MONDO:0015967,MedGen:C3888631,Orphanet:183625",Maturity-onset diabetes of the young|Monogenic diabetes,germline,germline,GRCh38,NC_000007.14,7,44150024,44150024,na,na,7p13,reviewed by expert panel,2,-,N,ClinGen:CA367401683,2,1746353,44150024,C,A,-,-,-,-,-,-,SCV004697918,-,-
1809897,single nucleotide variant,NM_000162.5(GCK):c.525A>G (p.Gly175=),2645,GCK,HGNC:4195,Likely benign,0,"Oct 28, 2020",2484524235,-,RCV002340990,"Human Phenotype Ontology:HP:0004904,MONDO:MONDO:0018911,MedGen:C0342276,OMIM:PS125850,Orphanet:552",Maturity-onset diabetes of the young,germline,germline,GRCh37,NC_000007.13,7,44189622,44189622,na,na,7p13,"criteria provided, single submitter",1,-,N,ClinGen:CA454609489,2,1746409,44189622,T,C,-,-,-,-,-,-,SCV002645153,-,-
1809897,single nucleotide variant,NM_000162.5(GCK):c.525A>G (p.Gly175=),2645,GCK,HGNC:4195,Likely benign,0,"Oct 28, 2020",2484524235,-,RCV002340990,"Human Phenotype Ontology:HP:0004904,MONDO:MONDO:0018911,MedGen:C0342276,OMIM:PS125850,Orphanet:552",Maturity-onset diabetes of the young,germline,germline,GRCh38,NC_000007.14,7,44150023,44150023,na,na,7p13,"criteria provided, single submitter",1,-,N,ClinGen:CA454609489,2,1746409,44150023,T,C,-,-,-,-,-,-,SCV002645153,-,-
1810575,single nucleotide variant,NM_000162.5(GCK):c.579+1G>A,2645,GCK,HGNC:4195,Pathogenic,1,"May 01, 2025",2484523742,-,RCV002359763|RCV006470871,"Human Phenotype Ontology:HP:0004904,MONDO:MONDO:0018911,MedGen:C0342276,OMIM:PS125850,Orphanet:552|MedGen:C3661900",Maturity-onset diabetes of the young|not provided,germline,germline,GRCh37,NC_000007.13,7,44189567,44189567,na,na,7p13,"criteria provided, multiple submitters, no conflicts",2,-,N,ClinGen:CA367401503,2,1749655,44189567,C,T,-,-,-,-,-,-,SCV002651946|SCV007419467,-,-
1810575,single nucleotide variant,NM_000162.5(GCK):c.579+1G>A,2645,GCK,HGNC:4195,Pathogenic,1,"May 01, 2025",2484523742,-,RCV002359763|RCV006470871,"Human Phenotype Ontology:HP:0004904,MONDO:MONDO:0018911,MedGen:C0342276,OMIM:PS125850,Orphanet:552|MedGen:C3661900",Maturity-onset diabetes of the young|not provided,germline,germline,GRCh38,NC_000007.14,7,44149968,44149968,na,na,7p13,"criteria provided, multiple submitters, no conflicts",2,-,N,ClinGen:CA367401503,2,1749655,44149968,C,T,-,-,-,-,-,-,SCV002651946|SCV007419467,-,-
1810704,single nucleotide variant,NM_000162.5(GCK):c.580-1G>C,2645,GCK,HGNC:4195,Likely pathogenic,1,"Dec 01, 2017",1554335421,-,RCV002359893,"Human Phenotype Ontology:HP:0004904,MONDO:MONDO:0018911,MedGen:C0342276,OMIM:PS125850,Orphanet:552",Maturity-onset diabetes of the young,germline,germline,GRCh37,NC_000007.13,7,44189459,44189459,na,na,7p13,"criteria provided, single submitter",1,-,N,ClinGen:CA367401475,2,1749785,44189459,C,G,-,-,-,-,-,-,SCV002647995,-,-
1810704,single nucleotide variant,NM_000162.5(GCK):c.580-1G>C,2645,GCK,HGNC:4195,Likely pathogenic,1,"Dec 01, 2017",1554335421,-,RCV002359893,"Human Phenotype Ontology:HP:0004904,MONDO:MONDO:0018911,MedGen:C0342276,OMIM:PS125850,Orphanet:552",Maturity-onset diabetes of the young,germline,germline,GRCh38,NC_000007.14,7,44149860,44149860,na,na,7p13,"criteria provided, single submitter",1,-,N,ClinGen:CA367401475,2,1749785,44149860,C,G,-,-,-,-,-,-,SCV002647995,-,-
1812492,single nucleotide variant,NM_000162.5(GCK):c.695C>A (p.Ala232Asp),2645,GCK,HGNC:4195,Pathogenic,1,"Aug 30, 2015",2484514960,-,RCV002362470,"Human Phenotype Ontology:HP:0004904,MONDO:MONDO:0018911,MedGen:C0342276,OMIM:PS125850,Orphanet:552",Maturity-onset diabetes of the young,germline,germline,GRCh37,NC_000007.13,7,44187417,44187417,na,na,7p13,"criteria provided, single submitter",1,-,N,ClinGen:CA367400762,2,1756314,44187417,G,T,-,-,-,-,-,-,SCV002663814,-,-
1812492,single nucleotide variant,NM_000162.5(GCK):c.695C>A (p.Ala232Asp),2645,GCK,HGNC:4195,Pathogenic,1,"Aug 30, 2015",2484514960,-,RCV002362470,"Human Phenotype Ontology:HP:0004904,MONDO:MONDO:0018911,MedGen:C0342276,OMIM:PS125850,Orphanet:552",Maturity-onset diabetes of the young,germline,germline,GRCh38,NC_000007.14,7,44147818,44147818,na,na,7p13,"criteria provided, single submitter",1,-,N,ClinGen:CA367400762,2,1756314,44147818,G,T,-,-,-,-,-,-,SCV002663814,-,-
1813178,single nucleotide variant,NM_000162.5(GCK):c.756C>T (p.Cys252=),2645,GCK,HGNC:4195,Likely benign,0,"Jul 27, 2021",770730728,-,RCV002394077,"Human Phenotype Ontology:HP:0004904,MONDO:MONDO:0018911,MedGen:C0342276,OMIM:PS125850,Orphanet:552",Maturity-onset diabetes of the young,germline,germline,GRCh37,NC_000007.13,7,44187356,44187356,na,na,7p13,"criteria provided, single submitter",1,-,N,ClinGen:CA4239530,2,1759577,44187356,G,A,-,-,-,-,-,-,SCV002669855,-,-
1813178,single nucleotide variant,NM_000162.5(GCK):c.756C>T (p.Cys252=),2645,GCK,HGNC:4195,Likely benign,0,"Jul 27, 2021",770730728,-,RCV002394077,"Human Phenotype Ontology:HP:0004904,MONDO:MONDO:0018911,MedGen:C0342276,OMIM:PS125850,Orphanet:552",Maturity-onset diabetes of the young,germline,germline,GRCh38,NC_000007.14,7,44147757,44147757,na,na,7p13,"criteria provided, single submitter",1,-,N,ClinGen:CA4239530,2,1759577,44147757,G,A,-,-,-,-,-,-,SCV002669855,-,-
1814200,single nucleotide variant,NM_000162.5(GCK):c.1260G>T (p.Lys420Asn),2645,GCK,HGNC:4195,Likely pathogenic,1,"Jul 02, 2019",2484493584,-,RCV002434767,"Human Phenotype Ontology:HP:0004904,MONDO:MONDO:0018911,MedGen:C0342276,OMIM:PS125850,Orphanet:552",Maturity-onset diabetes of the young,germline,germline,GRCh37,NC_000007.13,7,44184873,44184873,na,na,7p13,"criteria provided, single submitter",1,-,N,ClinGen:CA367397290,2,1763107,44184873,C,A,-,-,-,-,-,-,SCV002681488,-,-
1814200,single nucleotide variant,NM_000162.5(GCK):c.1260G>T (p.Lys420Asn),2645,GCK,HGNC:4195,Likely pathogenic,1,"Jul 02, 2019",2484493584,-,RCV002434767,"Human Phenotype Ontology:HP:0004904,MONDO:MONDO:0018911,MedGen:C0342276,OMIM:PS125850,Orphanet:552",Maturity-onset diabetes of the young,germline,germline,GRCh38,NC_000007.14,7,44145274,44145274,na,na,7p13,"criteria provided, single submitter",1,-,N,ClinGen:CA367397290,2,1763107,44145274,C,A,-,-,-,-,-,-,SCV002681488,-,-
1816777,single nucleotide variant,NM_000162.5(GCK):c.1253+1G>C,2645,GCK,HGNC:4195,Pathogenic,1,"Mar 11, 2016",1394266353,-,RCV002416667,"Human Phenotype Ontology:HP:0004904,MONDO:MONDO:0018911,MedGen:C0342276,OMIM:PS125850,Orphanet:552",Maturity-onset diabetes of the young,germline,germline,GRCh37,NC_000007.13,7,44185095,44185095,na,na,7p13,"criteria provided, single submitter",1,-,N,ClinGen:CA367398186,2,1761162,44185095,C,G,-,-,-,-,-,-,SCV002677259,-,-
1816777,single nucleotide variant,NM_000162.5(GCK):c.1253+1G>C,2645,GCK,HGNC:4195,Pathogenic,1,"Mar 11, 2016",1394266353,-,RCV002416667,"Human Phenotype Ontology:HP:0004904,MONDO:MONDO:0018911,MedGen:C0342276,OMIM:PS125850,Orphanet:552",Maturity-onset diabetes of the young,germline,germline,GRCh38,NC_000007.14,7,44145496,44145496,na,na,7p13,"criteria provided, single submitter",1,-,N,ClinGen:CA367398186,2,1761162,44145496,C,G,-,-,-,-,-,-,SCV002677259,-,-
1817557,single nucleotide variant,NM_000162.5(GCK):c.871A>C (p.Lys291Gln),2645,GCK,HGNC:4195,Uncertain significance,0,"Mar 30, 2020",193922335,-,RCV002449739,"Human Phenotype Ontology:HP:0004904,MONDO:MONDO:0018911,MedGen:C0342276,OMIM:PS125850,Orphanet:552",Maturity-onset diabetes of the young,germline,germline,GRCh37,NC_000007.13,7,44186210,44186210,na,na,7p13,"criteria provided, single submitter",1,-,N,ClinGen:CA367400215,2,1764430,44186210,T,G,-,-,-,-,-,-,SCV002682287,-,-
1817557,single nucleotide variant,NM_000162.5(GCK):c.871A>C (p.Lys291Gln),2645,GCK,HGNC:4195,Uncertain significance,0,"Mar 30, 2020",193922335,-,RCV002449739,"Human Phenotype Ontology:HP:0004904,MONDO:MONDO:0018911,MedGen:C0342276,OMIM:PS125850,Orphanet:552",Maturity-onset diabetes of the young,germline,germline,GRCh38,NC_000007.14,7,44146611,44146611,na,na,7p13,"criteria provided, single submitter",1,-,N,ClinGen:CA367400215,2,1764430,44146611,T,G,-,-,-,-,-,-,SCV002682287,-,-
1818251,Duplication,NM_000162.5(GCK):c.962_963dup (p.Glu322fs),2645,GCK,HGNC:4195,Pathogenic,1,"May 20, 2016",2484506568,-,RCV002385341,"Human Phenotype Ontology:HP:0004904,MONDO:MONDO:0018911,MedGen:C0342276,OMIM:PS125850,Orphanet:552",Maturity-onset diabetes of the young,germline,germline,GRCh37,NC_000007.13,7,44186117,44186118,na,na,7p13,"criteria provided, single submitter",1,-,N,ClinGen:CA2580077169,2,1767600,44186117,C,CGG,-,-,-,-,-,-,SCV002694160,-,-
1818251,Duplication,NM_000162.5(GCK):c.962_963dup (p.Glu322fs),2645,GCK,HGNC:4195,Pathogenic,1,"May 20, 2016",2484506568,-,RCV002385341,"Human Phenotype Ontology:HP:0004904,MONDO:MONDO:0018911,MedGen:C0342276,OMIM:PS125850,Orphanet:552",Maturity-onset diabetes of the young,germline,germline,GRCh38,NC_000007.14,7,44146518,44146519,na,na,7p13,"criteria provided, single submitter",1,-,N,ClinGen:CA2580077169,2,1767600,44146518,C,CGG,-,-,-,-,-,-,SCV002694160,-,-
1822826,single nucleotide variant,NM_000162.5(GCK):c.731T>A (p.Val244Glu),2645,GCK,HGNC:4195,Conflicting classifications of pathogenicity,1,"Sep 13, 2022",2484514615,-,RCV002380105|RCV003098539,"Human Phenotype Ontology:HP:0004904,MONDO:MONDO:0018911,MedGen:C0342276,OMIM:PS125850,Orphanet:552|MedGen:C3661900",Maturity-onset diabetes of the young|not provided,germline,germline,GRCh37,NC_000007.13,7,44187381,44187381,na,na,7p13,"criteria provided, conflicting classifications",2,-,N,ClinGen:CA367400676,2,1758309,44187381,A,T,-,-,-,-,-,-,SCV002668463|SCV003439949,-,-
1822826,single nucleotide variant,NM_000162.5(GCK):c.731T>A (p.Val244Glu),2645,GCK,HGNC:4195,Conflicting classifications of pathogenicity,1,"Sep 13, 2022",2484514615,-,RCV002380105|RCV003098539,"Human Phenotype Ontology:HP:0004904,MONDO:MONDO:0018911,MedGen:C0342276,OMIM:PS125850,Orphanet:552|MedGen:C3661900",Maturity-onset diabetes of the young|not provided,germline,germline,GRCh38,NC_000007.14,7,44147782,44147782,na,na,7p13,"criteria provided, conflicting classifications",2,-,N,ClinGen:CA367400676,2,1758309,44147782,A,T,-,-,-,-,-,-,SCV002668463|SCV003439949,-,-
1822832,single nucleotide variant,NM_000162.5(GCK):c.731T>G (p.Val244Gly),2645,GCK,HGNC:4195,Likely pathogenic,1,"Mar 22, 2019",2484514615,-,RCV002380111,"Human Phenotype Ontology:HP:0004904,MONDO:MONDO:0018911,MedGen:C0342276,OMIM:PS125850,Orphanet:552",Maturity-onset diabetes of the young,germline,germline,GRCh37,NC_000007.13,7,44187381,44187381,na,na,7p13,"criteria provided, single submitter",1,-,N,ClinGen:CA367400674,2,1758315,44187381,A,C,-,-,-,-,-,-,SCV002674396,-,-
1822832,single nucleotide variant,NM_000162.5(GCK):c.731T>G (p.Val244Gly),2645,GCK,HGNC:4195,Likely pathogenic,1,"Mar 22, 2019",2484514615,-,RCV002380111,"Human Phenotype Ontology:HP:0004904,MONDO:MONDO:0018911,MedGen:C0342276,OMIM:PS125850,Orphanet:552",Maturity-onset diabetes of the young,germline,germline,GRCh38,NC_000007.14,7,44147782,44147782,na,na,7p13,"criteria provided, single submitter",1,-,N,ClinGen:CA367400674,2,1758315,44147782,A,C,-,-,-,-,-,-,SCV002674396,-,-
1823306,single nucleotide variant,NM_000162.5(GCK):c.766G>T (p.Glu256Ter),2645,GCK,HGNC:4195,Pathogenic,1,"Jul 14, 2022",769268803,-,RCV002400446|RCV003099711,"Human Phenotype Ontology:HP:0004904,MONDO:MONDO:0018911,MedGen:C0342276,OMIM:PS125850,Orphanet:552|MedGen:C3661900",Maturity-onset diabetes of the young|not provided,germline,germline,GRCh37,NC_000007.13,7,44187346,44187346,na,na,7p13,"criteria provided, multiple submitters, no conflicts",2,-,N,ClinGen:CA367400603,2,1760070,44187346,C,A,-,-,-,-,-,-,SCV002673126|SCV003439896,-,-
1823306,single nucleotide variant,NM_000162.5(GCK):c.766G>T (p.Glu256Ter),2645,GCK,HGNC:4195,Pathogenic,1,"Jul 14, 2022",769268803,-,RCV002400446|RCV003099711,"Human Phenotype Ontology:HP:0004904,MONDO:MONDO:0018911,MedGen:C0342276,OMIM:PS125850,Orphanet:552|MedGen:C3661900",Maturity-onset diabetes of the young|not provided,germline,germline,GRCh38,NC_000007.14,7,44147747,44147747,na,na,7p13,"criteria provided, multiple submitters, no conflicts",2,-,N,ClinGen:CA367400603,2,1760070,44147747,C,A,-,-,-,-,-,-,SCV002673126|SCV003439896,-,-
1826015,single nucleotide variant,NM_000162.5(GCK):c.1288C>G (p.Leu430Val),2645,GCK,HGNC:4195,Uncertain significance,0,"Jun 03, 2022",193922276,-,RCV002383233,"Human Phenotype Ontology:HP:0004904,MONDO:MONDO:0018911,MedGen:C0342276,OMIM:PS125850,Orphanet:552",Maturity-onset diabetes of the young,germline,germline,GRCh37,NC_000007.13,7,44184845,44184845,na,na,7p13,"criteria provided, single submitter",1,-,N,ClinGen:CA367397172,2,1769016,44184845,G,C,-,-,-,-,-,-,SCV002689475,-,-
1826015,single nucleotide variant,NM_000162.5(GCK):c.1288C>G (p.Leu430Val),2645,GCK,HGNC:4195,Uncertain significance,0,"Jun 03, 2022",193922276,-,RCV002383233,"Human Phenotype Ontology:HP:0004904,MONDO:MONDO:0018911,MedGen:C0342276,OMIM:PS125850,Orphanet:552",Maturity-onset diabetes of the young,germline,germline,GRCh38,NC_000007.14,7,44145246,44145246,na,na,7p13,"criteria provided, single submitter",1,-,N,ClinGen:CA367397172,2,1769016,44145246,G,C,-,-,-,-,-,-,SCV002689475,-,-
1826234,single nucleotide variant,NM_000162.5(GCK):c.1348G>T (p.Ala450Ser),2645,GCK,HGNC:4195,Pathogenic/Likely pathogenic,1,"Jun 14, 2025",2484492011,-,RCV002387880|RCV003774278,"Human Phenotype Ontology:HP:0004904,MONDO:MONDO:0018911,MedGen:C0342276,OMIM:PS125850,Orphanet:552|MedGen:C3661900",Maturity-onset diabetes of the young|not provided,germline;unknown,germline,GRCh37,NC_000007.13,7,44184785,44184785,na,na,7p13,"criteria provided, multiple submitters, no conflicts",3,-,N,ClinGen:CA367396909,2,1770532,44184785,C,A,-,-,-,-,-,-,SCV002690290|SCV004642448|SCV005620660,-,-
1826234,single nucleotide variant,NM_000162.5(GCK):c.1348G>T (p.Ala450Ser),2645,GCK,HGNC:4195,Pathogenic/Likely pathogenic,1,"Jun 14, 2025",2484492011,-,RCV002387880|RCV003774278,"Human Phenotype Ontology:HP:0004904,MONDO:MONDO:0018911,MedGen:C0342276,OMIM:PS125850,Orphanet:552|MedGen:C3661900",Maturity-onset diabetes of the young|not provided,germline;unknown,germline,GRCh38,NC_000007.14,7,44145186,44145186,na,na,7p13,"criteria provided, multiple submitters, no conflicts",3,-,N,ClinGen:CA367396909,2,1770532,44145186,C,A,-,-,-,-,-,-,SCV002690290|SCV004642448|SCV005620660,-,-
1826952,single nucleotide variant,NM_000352.6(ABCC8):c.1432G>T (p.Ala478Ser),6833,ABCC8,HGNC:59,Uncertain significance,0,"Feb 26, 2025",2496755557,-,RCV002392102|RCV005239413|RCV004784060,"MeSH:D030342,MedGen:C0950123|MedGen:CN169374|MedGen:C3661900",Inborn genetic diseases|not specified|not provided,germline,germline,GRCh37,NC_000011.9,11,17464760,17464760,na,na,11p15.1,"criteria provided, multiple submitters, no conflicts",4,-,N,ClinGen:CA379767017,2,1772540,17464760,C,A,-,-,-,-,-,-,SCV002702811|SCV005396657|SCV005885997|SCV007360173,-,-
1826952,single nucleotide variant,NM_000352.6(ABCC8):c.1432G>T (p.Ala478Ser),6833,ABCC8,HGNC:59,Uncertain significance,0,"Feb 26, 2025",2496755557,-,RCV002392102|RCV005239413|RCV004784060,"MeSH:D030342,MedGen:C0950123|MedGen:CN169374|MedGen:C3661900",Inborn genetic diseases|not specified|not provided,germline,germline,GRCh38,NC_000011.10,11,17443213,17443213,na,na,11p15.1,"criteria provided, multiple submitters, no conflicts",4,-,N,ClinGen:CA379767017,2,1772540,17443213,C,A,-,-,-,-,-,-,SCV002702811|SCV005396657|SCV005885997|SCV007360173,-,-
1828754,single nucleotide variant,NM_000162.5(GCK):c.982G>T (p.Gly328Ter),2645,GCK,HGNC:4195,Pathogenic,1,"May 09, 2023",1230892001,-,RCV002376867|RCV003235717,"Human Phenotype Ontology:HP:0004904,MONDO:MONDO:0018911,MedGen:C0342276,OMIM:PS125850,Orphanet:552|MONDO:MONDO:0015967,MedGen:C3888631,Orphanet:183625",Maturity-onset diabetes of the young|Monogenic diabetes,germline,germline,GRCh37,NC_000007.13,7,44186099,44186099,na,na,7p13,"criteria provided, multiple submitters, no conflicts",2,-,N,ClinGen:CA367399813,2,1768344,44186099,C,A,-,-,-,-,-,-,SCV002691128|SCV003934327,-,-
1828754,single nucleotide variant,NM_000162.5(GCK):c.982G>T (p.Gly328Ter),2645,GCK,HGNC:4195,Pathogenic,1,"May 09, 2023",1230892001,-,RCV002376867|RCV003235717,"Human Phenotype Ontology:HP:0004904,MONDO:MONDO:0018911,MedGen:C0342276,OMIM:PS125850,Orphanet:552|MONDO:MONDO:0015967,MedGen:C3888631,Orphanet:183625",Maturity-onset diabetes of the young|Monogenic diabetes,germline,germline,GRCh38,NC_000007.14,7,44146500,44146500,na,na,7p13,"criteria provided, multiple submitters, no conflicts",2,-,N,ClinGen:CA367399813,2,1768344,44146500,C,A,-,-,-,-,-,-,SCV002691128|SCV003934327,-,-
1829213,single nucleotide variant,NM_000162.5(GCK):c.132C>T (p.Gly44=),2645,GCK,HGNC:4195,Likely benign,0,"Oct 13, 2025",775456214,-,RCV002385891|RCV006469989,"Human Phenotype Ontology:HP:0004904,MONDO:MONDO:0018911,MedGen:C0342276,OMIM:PS125850,Orphanet:552|MedGen:C3661900",Maturity-onset diabetes of the young|not provided,germline,germline,GRCh37,NC_000007.13,7,44192976,44192976,na,na,7p13,"criteria provided, multiple submitters, no conflicts",2,-,N,ClinGen:CA4239716,2,1770108,44192976,G,A,-,-,-,-,-,-,SCV002692903|SCV007347504,-,-
1829213,single nucleotide variant,NM_000162.5(GCK):c.132C>T (p.Gly44=),2645,GCK,HGNC:4195,Likely benign,0,"Oct 13, 2025",775456214,-,RCV002385891|RCV006469989,"Human Phenotype Ontology:HP:0004904,MONDO:MONDO:0018911,MedGen:C0342276,OMIM:PS125850,Orphanet:552|MedGen:C3661900",Maturity-onset diabetes of the young|not provided,germline,germline,GRCh38,NC_000007.14,7,44153377,44153377,na,na,7p13,"criteria provided, multiple submitters, no conflicts",2,-,N,ClinGen:CA4239716,2,1770108,44153377,G,A,-,-,-,-,-,-,SCV002692903|SCV007347504,-,-
1832137,single nucleotide variant,NM_000162.5(GCK):c.1310C>G (p.Thr437Ser),2645,GCK,HGNC:4195,Uncertain significance/Uncertain risk allele,0,"Apr 04, 2022",1185622190,-,RCV002385433,"Human Phenotype Ontology:HP:0004904,MONDO:MONDO:0018911,MedGen:C0342276,OMIM:PS125850,Orphanet:552",Maturity-onset diabetes of the young,germline;unknown,germline,GRCh37,NC_000007.13,7,44184823,44184823,na,na,7p13,"criteria provided, multiple submitters, no conflicts",2,-,N,ClinGen:CA367397077,2,1769650,44184823,G,C,-,-,-,-,-,-,SCV002605057|SCV002693817,-,-
1832137,single nucleotide variant,NM_000162.5(GCK):c.1310C>G (p.Thr437Ser),2645,GCK,HGNC:4195,Uncertain significance/Uncertain risk allele,0,"Apr 04, 2022",1185622190,-,RCV002385433,"Human Phenotype Ontology:HP:0004904,MONDO:MONDO:0018911,MedGen:C0342276,OMIM:PS125850,Orphanet:552",Maturity-onset diabetes of the young,germline;unknown,germline,GRCh38,NC_000007.14,7,44145224,44145224,na,na,7p13,"criteria provided, multiple submitters, no conflicts",2,-,N,ClinGen:CA367397077,2,1769650,44145224,G,C,-,-,-,-,-,-,SCV002605057|SCV002693817,-,-
1832677,single nucleotide variant,NM_000162.5(GCK):c.1389G>A (p.Leu463=),2645,GCK,HGNC:4195,Likely benign,0,"Apr 04, 2022",2096270349,-,RCV002396615,"Human Phenotype Ontology:HP:0004904,MONDO:MONDO:0018911,MedGen:C0342276,OMIM:PS125850,Orphanet:552",Maturity-onset diabetes of the young,germline,germline,GRCh37,NC_000007.13,7,44184744,44184744,na,na,7p13,"criteria provided, single submitter",1,-,N,ClinGen:CA454606332,2,1771481,44184744,C,T,-,-,-,-,-,-,SCV002698351,-,-
1832677,single nucleotide variant,NM_000162.5(GCK):c.1389G>A (p.Leu463=),2645,GCK,HGNC:4195,Likely benign,0,"Apr 04, 2022",2096270349,-,RCV002396615,"Human Phenotype Ontology:HP:0004904,MONDO:MONDO:0018911,MedGen:C0342276,OMIM:PS125850,Orphanet:552",Maturity-onset diabetes of the young,germline,germline,GRCh38,NC_000007.14,7,44145145,44145145,na,na,7p13,"criteria provided, single submitter",1,-,N,ClinGen:CA454606332,2,1771481,44145145,C,T,-,-,-,-,-,-,SCV002698351,-,-
1835619,Indel,NM_000162.5(GCK):c.1295_1297delinsGCCG (p.Pro432fs),2645,GCK,HGNC:4195,Pathogenic,1,"Sep 08, 2023",2484492957,-,RCV002380620|RCV003330332,"Human Phenotype Ontology:HP:0004904,MONDO:MONDO:0018911,MedGen:C0342276,OMIM:PS125850,Orphanet:552|MONDO:MONDO:0015967,MedGen:C3888631,Orphanet:183625",Maturity-onset diabetes of the young|Monogenic diabetes,germline,germline,GRCh37,NC_000007.13,7,44184836,44184838,na,na,7p13,reviewed by expert panel,2,-,N,ClinGen:CA1139771354,2,1769182,44184836,TGG,CGGC,-,-,-,-,-,-,SCV004037465,-,-
1835619,Indel,NM_000162.5(GCK):c.1295_1297delinsGCCG (p.Pro432fs),2645,GCK,HGNC:4195,Pathogenic,1,"Sep 08, 2023",2484492957,-,RCV002380620|RCV003330332,"Human Phenotype Ontology:HP:0004904,MONDO:MONDO:0018911,MedGen:C0342276,OMIM:PS125850,Orphanet:552|MONDO:MONDO:0015967,MedGen:C3888631,Orphanet:183625",Maturity-onset diabetes of the young|Monogenic diabetes,germline,germline,GRCh38,NC_000007.14,7,44145237,44145239,na,na,7p13,reviewed by expert panel,2,-,N,ClinGen:CA1139771354,2,1769182,44145237,TGG,CGGC,-,-,-,-,-,-,SCV004037465,-,-
1836943,single nucleotide variant,NM_000162.5(GCK):c.151G>T (p.Glu51Ter),2645,GCK,HGNC:4195,Pathogenic,1,"Mar 19, 2025",2096283124,-,RCV002392406|RCV005645388,"Human Phenotype Ontology:HP:0004904,MONDO:MONDO:0018911,MedGen:C0342276,OMIM:PS125850,Orphanet:552|MedGen:C3661900",Maturity-onset diabetes of the young|not provided,germline,germline,GRCh37,NC_000007.13,7,44192957,44192957,na,na,7p13,"criteria provided, multiple submitters, no conflicts",2,-,N,ClinGen:CA367403382,2,1774404,44192957,C,A,-,-,-,-,-,-,SCV002708159|SCV006334171,-,-
1836943,single nucleotide variant,NM_000162.5(GCK):c.151G>T (p.Glu51Ter),2645,GCK,HGNC:4195,Pathogenic,1,"Mar 19, 2025",2096283124,-,RCV002392406|RCV005645388,"Human Phenotype Ontology:HP:0004904,MONDO:MONDO:0018911,MedGen:C0342276,OMIM:PS125850,Orphanet:552|MedGen:C3661900",Maturity-onset diabetes of the young|not provided,germline,germline,GRCh38,NC_000007.14,7,44153358,44153358,na,na,7p13,"criteria provided, multiple submitters, no conflicts",2,-,N,ClinGen:CA367403382,2,1774404,44153358,C,A,-,-,-,-,-,-,SCV002708159|SCV006334171,-,-
1839567,single nucleotide variant,NM_000352.6(ABCC8):c.1962G>A (p.Glu654=),6833,ABCC8,HGNC:59,Likely benign,0,"Dec 30, 2020",2496668260,-,RCV002421780,"MeSH:D030342,MedGen:C0950123",Inborn genetic diseases,germline,germline,GRCh37,NC_000011.9,11,17449914,17449914,na,na,11p15.1,"criteria provided, single submitter",1,-,N,ClinGen:CA473516177,2,1783471,17449914,C,T,-,-,-,-,-,-,SCV002718889,-,-
1839567,single nucleotide variant,NM_000352.6(ABCC8):c.1962G>A (p.Glu654=),6833,ABCC8,HGNC:59,Likely benign,0,"Dec 30, 2020",2496668260,-,RCV002421780,"MeSH:D030342,MedGen:C0950123",Inborn genetic diseases,germline,germline,GRCh38,NC_000011.10,11,17428367,17428367,na,na,11p15.1,"criteria provided, single submitter",1,-,N,ClinGen:CA473516177,2,1783471,17428367,C,T,-,-,-,-,-,-,SCV002718889,-,-
1840015,Deletion,NM_000162.5(GCK):c.1077del (p.Ser360fs),2645,GCK,HGNC:4195,Pathogenic,1,"Dec 30, 2018",2484498241,-,RCV002421967,"Human Phenotype Ontology:HP:0004904,MONDO:MONDO:0018911,MedGen:C0342276,OMIM:PS125850,Orphanet:552",Maturity-onset diabetes of the young,germline,germline,GRCh37,NC_000007.13,7,44185272,44185272,na,na,7p13,"criteria provided, single submitter",1,-,N,ClinGen:CA2580077161,2,1785218,44185271,AG,A,-,-,-,-,-,-,SCV002725600,-,-
1840015,Deletion,NM_000162.5(GCK):c.1077del (p.Ser360fs),2645,GCK,HGNC:4195,Pathogenic,1,"Dec 30, 2018",2484498241,-,RCV002421967,"Human Phenotype Ontology:HP:0004904,MONDO:MONDO:0018911,MedGen:C0342276,OMIM:PS125850,Orphanet:552",Maturity-onset diabetes of the young,germline,germline,GRCh38,NC_000007.14,7,44145673,44145673,na,na,7p13,"criteria provided, single submitter",1,-,N,ClinGen:CA2580077161,2,1785218,44145672,AG,A,-,-,-,-,-,-,SCV002725600,-,-
1840378,single nucleotide variant,NM_000352.6(ABCC8):c.2082C>G (p.Pro694=),6833,ABCC8,HGNC:59,Likely benign,0,"Mar 27, 2023",2133535402,-,RCV002423893|RCV003689010,"MeSH:D030342,MedGen:C0950123|MedGen:C3661900",Inborn genetic diseases|not provided,germline,germline,GRCh37,NC_000011.9,11,17449448,17449448,na,na,11p15.1,"criteria provided, multiple submitters, no conflicts",2,-,N,ClinGen:CA473302606,2,1785581,17449448,G,C,-,-,-,-,-,-,SCV002726837|SCV004447242,-,-
1840378,single nucleotide variant,NM_000352.6(ABCC8):c.2082C>G (p.Pro694=),6833,ABCC8,HGNC:59,Likely benign,0,"Mar 27, 2023",2133535402,-,RCV002423893|RCV003689010,"MeSH:D030342,MedGen:C0950123|MedGen:C3661900",Inborn genetic diseases|not provided,germline,germline,GRCh38,NC_000011.10,11,17427901,17427901,na,na,11p15.1,"criteria provided, multiple submitters, no conflicts",2,-,N,ClinGen:CA473302606,2,1785581,17427901,G,C,-,-,-,-,-,-,SCV002726837|SCV004447242,-,-
1840690,single nucleotide variant,NM_000162.5(GCK):c.1007C>A (p.Ser336Ter),2645,GCK,HGNC:4195,Pathogenic,1,"Dec 31, 2023",2484506114,-,RCV002432802|RCV003561028,"Human Phenotype Ontology:HP:0004904,MONDO:MONDO:0018911,MedGen:C0342276,OMIM:PS125850,Orphanet:552|MedGen:C3661900",Maturity-onset diabetes of the young|not provided,germline,germline,GRCh37,NC_000007.13,7,44186074,44186074,na,na,7p13,"criteria provided, multiple submitters, no conflicts",2,-,N,ClinGen:CA367399724,2,1787169,44186074,G,T,-,-,-,-,-,-,SCV002726686|SCV004295146,-,-
1840690,single nucleotide variant,NM_000162.5(GCK):c.1007C>A (p.Ser336Ter),2645,GCK,HGNC:4195,Pathogenic,1,"Dec 31, 2023",2484506114,-,RCV002432802|RCV003561028,"Human Phenotype Ontology:HP:0004904,MONDO:MONDO:0018911,MedGen:C0342276,OMIM:PS125850,Orphanet:552|MedGen:C3661900",Maturity-onset diabetes of the young|not provided,germline,germline,GRCh38,NC_000007.14,7,44146475,44146475,na,na,7p13,"criteria provided, multiple submitters, no conflicts",2,-,N,ClinGen:CA367399724,2,1787169,44146475,G,T,-,-,-,-,-,-,SCV002726686|SCV004295146,-,-
1840799,single nucleotide variant,NM_000352.6(ABCC8):c.2181G>A (p.Leu727=),6833,ABCC8,HGNC:59,Likely benign,0,"Sep 26, 2022",1236651678,-,RCV002432912,"MeSH:D030342,MedGen:C0950123",Inborn genetic diseases,germline,germline,GRCh37,NC_000011.9,11,17448637,17448637,na,na,11p15.1,"criteria provided, single submitter",1,-,N,ClinGen:CA473302410,2,1787279,17448637,C,T,-,-,-,-,-,-,SCV002729371,-,-
1840799,single nucleotide variant,NM_000352.6(ABCC8):c.2181G>A (p.Leu727=),6833,ABCC8,HGNC:59,Likely benign,0,"Sep 26, 2022",1236651678,-,RCV002432912,"MeSH:D030342,MedGen:C0950123",Inborn genetic diseases,germline,germline,GRCh38,NC_000011.10,11,17427090,17427090,na,na,11p15.1,"criteria provided, single submitter",1,-,N,ClinGen:CA473302410,2,1787279,17427090,C,T,-,-,-,-,-,-,SCV002729371,-,-
1850699,single nucleotide variant,NM_000162.5(GCK):c.1086C>T (p.Thr362=),2645,GCK,HGNC:4195,Likely benign,0,"Apr 06, 2018",751087372,-,RCV002425816,"Human Phenotype Ontology:HP:0004904,MONDO:MONDO:0018911,MedGen:C0342276,OMIM:PS125850,Orphanet:552",Maturity-onset diabetes of the young,germline,germline,GRCh37,NC_000007.13,7,44185263,44185263,na,na,7p13,"criteria provided, single submitter",1,-,N,ClinGen:CA4239435,2,1787719,44185263,G,A,-,-,-,-,-,-,SCV002728723,-,-
1850699,single nucleotide variant,NM_000162.5(GCK):c.1086C>T (p.Thr362=),2645,GCK,HGNC:4195,Likely benign,0,"Apr 06, 2018",751087372,-,RCV002425816,"Human Phenotype Ontology:HP:0004904,MONDO:MONDO:0018911,MedGen:C0342276,OMIM:PS125850,Orphanet:552",Maturity-onset diabetes of the young,germline,germline,GRCh38,NC_000007.14,7,44145664,44145664,na,na,7p13,"criteria provided, single submitter",1,-,N,ClinGen:CA4239435,2,1787719,44145664,G,A,-,-,-,-,-,-,SCV002728723,-,-
1855817,single nucleotide variant,NM_000352.6(ABCC8):c.2888A>T (p.Asp963Val),6833,ABCC8,HGNC:59,Uncertain significance,0,"Oct 09, 2022",538013271,-,RCV002437868,"MeSH:D030342,MedGen:C0950123",Inborn genetic diseases,germline,germline,GRCh37,NC_000011.9,11,17428933,17428933,na,na,11p15.1,"criteria provided, single submitter",1,-,N,ClinGen:CA379804670,2,1797243,17428933,T,A,-,-,-,-,-,-,SCV002750514,-,-
1855817,single nucleotide variant,NM_000352.6(ABCC8):c.2888A>T (p.Asp963Val),6833,ABCC8,HGNC:59,Uncertain significance,0,"Oct 09, 2022",538013271,-,RCV002437868,"MeSH:D030342,MedGen:C0950123",Inborn genetic diseases,germline,germline,GRCh38,NC_000011.10,11,17407386,17407386,na,na,11p15.1,"criteria provided, single submitter",1,-,N,ClinGen:CA379804670,2,1797243,17407386,T,A,-,-,-,-,-,-,SCV002750514,-,-
1856057,single nucleotide variant,NM_000162.5(GCK):c.300C>T (p.Ser100=),2645,GCK,HGNC:4195,Likely benign,0,"Jul 25, 2025",13306389,-,RCV002435759|RCV003738277,"Human Phenotype Ontology:HP:0004904,MONDO:MONDO:0018911,MedGen:C0342276,OMIM:PS125850,Orphanet:552|MedGen:C3661900",Maturity-onset diabetes of the young|not provided,germline,germline,GRCh37,NC_000007.13,7,44191933,44191933,na,na,7p13,"criteria provided, multiple submitters, no conflicts",3,-,N,ClinGen:CA4239680,2,1798788,44191933,G,A,-,-,-,-,-,-,SCV002753279|SCV004562119|SCV005750977,-,-
1856057,single nucleotide variant,NM_000162.5(GCK):c.300C>T (p.Ser100=),2645,GCK,HGNC:4195,Likely benign,0,"Jul 25, 2025",13306389,-,RCV002435759|RCV003738277,"Human Phenotype Ontology:HP:0004904,MONDO:MONDO:0018911,MedGen:C0342276,OMIM:PS125850,Orphanet:552|MedGen:C3661900",Maturity-onset diabetes of the young|not provided,germline,germline,GRCh38,NC_000007.14,7,44152334,44152334,na,na,7p13,"criteria provided, multiple submitters, no conflicts",3,-,N,ClinGen:CA4239680,2,1798788,44152334,G,A,-,-,-,-,-,-,SCV002753279|SCV004562119|SCV005750977,-,-
1856112,single nucleotide variant,NM_000352.6(ABCC8):c.3015C>T (p.Ser1005=),6833,ABCC8,HGNC:59,Likely benign,0,"Jan 11, 2024",2496531464,-,RCV002435814|RCV003102975,"MeSH:D030342,MedGen:C0950123|MedGen:C3661900",Inborn genetic diseases|not provided,germline,germline,GRCh37,NC_000011.9,11,17428582,17428582,na,na,11p15.1,"criteria provided, multiple submitters, no conflicts",2,-,N,ClinGen:CA473515989,2,1798843,17428582,G,A,-,-,-,-,-,-,SCV002753358|SCV003035044,-,-
1856112,single nucleotide variant,NM_000352.6(ABCC8):c.3015C>T (p.Ser1005=),6833,ABCC8,HGNC:59,Likely benign,0,"Jan 11, 2024",2496531464,-,RCV002435814|RCV003102975,"MeSH:D030342,MedGen:C0950123|MedGen:C3661900",Inborn genetic diseases|not provided,germline,germline,GRCh38,NC_000011.10,11,17407035,17407035,na,na,11p15.1,"criteria provided, multiple submitters, no conflicts",2,-,N,ClinGen:CA473515989,2,1798843,17407035,G,A,-,-,-,-,-,-,SCV002753358|SCV003035044,-,-
1858122,single nucleotide variant,NM_000525.4(KCNJ11):c.335C>A (p.Thr112Asn),3767,KCNJ11,HGNC:6257,Uncertain significance,0,"May 25, 2022",2496411183,-,RCV002462431,MedGen:C3661900,not provided,germline,germline,GRCh37,NC_000011.9,11,17409304,17409304,na,na,11p15.1,"criteria provided, multiple submitters, no conflicts",2,-,N,ClinGen:CA379774363,2,1800834,17409304,G,T,-,-,-,-,-,-,SCV002757110|SCV003814022,-,-
1858122,single nucleotide variant,NM_000525.4(KCNJ11):c.335C>A (p.Thr112Asn),3767,KCNJ11,HGNC:6257,Uncertain significance,0,"May 25, 2022",2496411183,-,RCV002462431,MedGen:C3661900,not provided,germline,germline,GRCh38,NC_000011.10,11,17387757,17387757,na,na,11p15.1,"criteria provided, multiple submitters, no conflicts",2,-,N,ClinGen:CA379774363,2,1800834,17387757,G,T,-,-,-,-,-,-,SCV002757110|SCV003814022,-,-
1858172,single nucleotide variant,NM_000162.5(GCK):c.1265G>T (p.Arg422Leu),2645,GCK,HGNC:4195,Uncertain significance,0,"Dec 02, 2022",1010302320,-,RCV002462481|RCV003418533,MedGen:C3661900|,not provided|GCK-related disorder,germline,germline,GRCh37,NC_000007.13,7,44184868,44184868,na,na,7p13,"criteria provided, multiple submitters, no conflicts",2,-,N,ClinGen:CA157911892,2,1800884,44184868,C,A,-,-,-,-,-,-,SCV002757201|SCV004107824,-,-
1858172,single nucleotide variant,NM_000162.5(GCK):c.1265G>T (p.Arg422Leu),2645,GCK,HGNC:4195,Uncertain significance,0,"Dec 02, 2022",1010302320,-,RCV002462481|RCV003418533,MedGen:C3661900|,not provided|GCK-related disorder,germline,germline,GRCh38,NC_000007.14,7,44145269,44145269,na,na,7p13,"criteria provided, multiple submitters, no conflicts",2,-,N,ClinGen:CA157911892,2,1800884,44145269,C,A,-,-,-,-,-,-,SCV002757201|SCV004107824,-,-
1858710,single nucleotide variant,NM_000162.5(GCK):c.-449G>T,2645,GCK,HGNC:4195,Benign,0,-,1375544246,-,RCV002463831,"Human Phenotype Ontology:HP:0004904,MONDO:MONDO:0018911,MedGen:C0342276,OMIM:PS125850,Orphanet:552",Maturity-onset diabetes of the young,unknown,unknown,GRCh37,NC_000007.13,7,44229001,44229001,na,na,7p13,"criteria provided, single submitter",1,-,N,ClinGen:CA838795254,2,1801511,44229001,C,A,-,-,-,-,-,-,SCV002605023,-,-
1858710,single nucleotide variant,NM_000162.5(GCK):c.-449G>T,2645,GCK,HGNC:4195,Benign,0,-,1375544246,-,RCV002463831,"Human Phenotype Ontology:HP:0004904,MONDO:MONDO:0018911,MedGen:C0342276,OMIM:PS125850,Orphanet:552",Maturity-onset diabetes of the young,unknown,unknown,GRCh38,NC_000007.14,7,44189402,44189402,na,na,7p13,"criteria provided, single submitter",1,-,N,ClinGen:CA838795254,2,1801511,44189402,C,A,-,-,-,-,-,-,SCV002605023,-,-
1858711,single nucleotide variant,NM_000162.5(GCK):c.1253+2T>G,2645,GCK,HGNC:4195,Likely pathogenic,1,-,1057524902,-,RCV002463832,"Human Phenotype Ontology:HP:0004904,MONDO:MONDO:0018911,MedGen:C0342276,OMIM:PS125850,Orphanet:552",Maturity-onset diabetes of the young,unknown,unknown,GRCh37,NC_000007.13,7,44185094,44185094,na,na,7p13,"criteria provided, single submitter",1,-,N,ClinGen:CA367398180,2,1801512,44185094,A,C,-,-,-,-,-,-,SCV002605034,-,-
1858711,single nucleotide variant,NM_000162.5(GCK):c.1253+2T>G,2645,GCK,HGNC:4195,Likely pathogenic,1,-,1057524902,-,RCV002463832,"Human Phenotype Ontology:HP:0004904,MONDO:MONDO:0018911,MedGen:C0342276,OMIM:PS125850,Orphanet:552",Maturity-onset diabetes of the young,unknown,unknown,GRCh38,NC_000007.14,7,44145495,44145495,na,na,7p13,"criteria provided, single submitter",1,-,N,ClinGen:CA367398180,2,1801512,44145495,A,C,-,-,-,-,-,-,SCV002605034,-,-
1858712,single nucleotide variant,NM_000162.5(GCK):c.792C>T (p.Gly264=),2645,GCK,HGNC:4195,Benign,0,-,754094813,-,RCV002463833,"Human Phenotype Ontology:HP:0004904,MONDO:MONDO:0018911,MedGen:C0342276,OMIM:PS125850,Orphanet:552",Maturity-onset diabetes of the young,unknown,unknown,GRCh37,NC_000007.13,7,44187320,44187320,na,na,7p13,"criteria provided, single submitter",1,-,N,ClinGen:CA4239522,2,1801513,44187320,G,A,-,-,-,-,-,-,SCV002605067,-,-
1858712,single nucleotide variant,NM_000162.5(GCK):c.792C>T (p.Gly264=),2645,GCK,HGNC:4195,Benign,0,-,754094813,-,RCV002463833,"Human Phenotype Ontology:HP:0004904,MONDO:MONDO:0018911,MedGen:C0342276,OMIM:PS125850,Orphanet:552",Maturity-onset diabetes of the young,unknown,unknown,GRCh38,NC_000007.14,7,44147721,44147721,na,na,7p13,"criteria provided, single submitter",1,-,N,ClinGen:CA4239522,2,1801513,44147721,G,A,-,-,-,-,-,-,SCV002605067,-,-
1858713,single nucleotide variant,NM_000162.5(GCK):c.1229G>T (p.Gly410Val),2645,GCK,HGNC:4195,Likely pathogenic/Likely risk allele,1,"Feb 27, 2024",1554334546,-,RCV002463834|RCV004721073,"Human Phenotype Ontology:HP:0004904,MONDO:MONDO:0018911,MedGen:C0342276,OMIM:PS125850,Orphanet:552|MedGen:C3661900",Maturity-onset diabetes of the young|not provided,germline;unknown,germline,GRCh37,NC_000007.13,7,44185120,44185120,na,na,7p13,"criteria provided, multiple submitters, no conflicts",2,-,N,ClinGen:CA367398308,2,1801514,44185120,C,A,-,-,-,-,-,-,SCV002605076|SCV005327114,-,-
1858713,single nucleotide variant,NM_000162.5(GCK):c.1229G>T (p.Gly410Val),2645,GCK,HGNC:4195,Likely pathogenic/Likely risk allele,1,"Feb 27, 2024",1554334546,-,RCV002463834|RCV004721073,"Human Phenotype Ontology:HP:0004904,MONDO:MONDO:0018911,MedGen:C0342276,OMIM:PS125850,Orphanet:552|MedGen:C3661900",Maturity-onset diabetes of the young|not provided,germline;unknown,germline,GRCh38,NC_000007.14,7,44145521,44145521,na,na,7p13,"criteria provided, multiple submitters, no conflicts",2,-,N,ClinGen:CA367398308,2,1801514,44145521,C,A,-,-,-,-,-,-,SCV002605076|SCV005327114,-,-
1858875,single nucleotide variant,NM_000162.5(GCK):c.1123T>A (p.Ser375Thr),2645,GCK,HGNC:4195,Likely risk allele,1,-,1454408814,-,RCV002463842,"Human Phenotype Ontology:HP:0004904,MONDO:MONDO:0018911,MedGen:C0342276,OMIM:PS125850,Orphanet:552",Maturity-onset diabetes of the young,unknown,unknown,GRCh37,NC_000007.13,7,44185226,44185226,na,na,7p13,"criteria provided, single submitter",1,-,N,ClinGen:CA367398856,2,1801683,44185226,A,T,-,-,-,-,-,-,SCV002605095,-,-
1858875,single nucleotide variant,NM_000162.5(GCK):c.1123T>A (p.Ser375Thr),2645,GCK,HGNC:4195,Likely risk allele,1,-,1454408814,-,RCV002463842,"Human Phenotype Ontology:HP:0004904,MONDO:MONDO:0018911,MedGen:C0342276,OMIM:PS125850,Orphanet:552",Maturity-onset diabetes of the young,unknown,unknown,GRCh38,NC_000007.14,7,44145627,44145627,na,na,7p13,"criteria provided, single submitter",1,-,N,ClinGen:CA367398856,2,1801683,44145627,A,T,-,-,-,-,-,-,SCV002605095,-,-
1858876,single nucleotide variant,NM_000162.5(GCK):c.995C>T (p.Thr332Met),2645,GCK,HGNC:4195,Likely pathogenic,1,-,770231054,-,RCV002463843,"Human Phenotype Ontology:HP:0004904,MONDO:MONDO:0018911,MedGen:C0342276,OMIM:PS125850,Orphanet:552",Maturity-onset diabetes of the young,unknown,unknown,GRCh37,NC_000007.13,7,44186086,44186086,na,na,7p13,"criteria provided, single submitter",1,-,N,ClinGen:CA4239471,2,1801684,44186086,G,A,-,-,-,-,-,-,SCV002605119,-,-
1858876,single nucleotide variant,NM_000162.5(GCK):c.995C>T (p.Thr332Met),2645,GCK,HGNC:4195,Likely pathogenic,1,-,770231054,-,RCV002463843,"Human Phenotype Ontology:HP:0004904,MONDO:MONDO:0018911,MedGen:C0342276,OMIM:PS125850,Orphanet:552",Maturity-onset diabetes of the young,unknown,unknown,GRCh38,NC_000007.14,7,44146487,44146487,na,na,7p13,"criteria provided, single submitter",1,-,N,ClinGen:CA4239471,2,1801684,44146487,G,A,-,-,-,-,-,-,SCV002605119,-,-
1858877,single nucleotide variant,NM_000162.5(GCK):c.1019+16G>T,2645,GCK,HGNC:4195,Benign,0,-,193922256,-,RCV002463844,"Human Phenotype Ontology:HP:0004904,MONDO:MONDO:0018911,MedGen:C0342276,OMIM:PS125850,Orphanet:552",Maturity-onset diabetes of the young,unknown,unknown,GRCh37,NC_000007.13,7,44186046,44186046,na,na,7p13,"criteria provided, single submitter",1,-,N,ClinGen:CA574226441,2,1801685,44186046,C,A,-,-,-,-,-,-,SCV002605117,-,-
1858877,single nucleotide variant,NM_000162.5(GCK):c.1019+16G>T,2645,GCK,HGNC:4195,Benign,0,-,193922256,-,RCV002463844,"Human Phenotype Ontology:HP:0004904,MONDO:MONDO:0018911,MedGen:C0342276,OMIM:PS125850,Orphanet:552",Maturity-onset diabetes of the young,unknown,unknown,GRCh38,NC_000007.14,7,44146447,44146447,na,na,7p13,"criteria provided, single submitter",1,-,N,ClinGen:CA574226441,2,1801685,44146447,C,A,-,-,-,-,-,-,SCV002605117,-,-
1858878,single nucleotide variant,NM_000162.5(GCK):c.1020-10C>T,2645,GCK,HGNC:4195,Likely benign,0,-,193922257,-,RCV002463845,"Human Phenotype Ontology:HP:0004904,MONDO:MONDO:0018911,MedGen:C0342276,OMIM:PS125850,Orphanet:552",Maturity-onset diabetes of the young,unknown,unknown,GRCh37,NC_000007.13,7,44185339,44185339,na,na,7p13,"criteria provided, single submitter",1,-,N,ClinGen:CA574226193,2,1801686,44185339,G,A,-,-,-,-,-,-,SCV002605114,-,-
1858878,single nucleotide variant,NM_000162.5(GCK):c.1020-10C>T,2645,GCK,HGNC:4195,Likely benign,0,-,193922257,-,RCV002463845,"Human Phenotype Ontology:HP:0004904,MONDO:MONDO:0018911,MedGen:C0342276,OMIM:PS125850,Orphanet:552",Maturity-onset diabetes of the young,unknown,unknown,GRCh38,NC_000007.14,7,44145740,44145740,na,na,7p13,"criteria provided, single submitter",1,-,N,ClinGen:CA574226193,2,1801686,44145740,G,A,-,-,-,-,-,-,SCV002605114,-,-
1858905,single nucleotide variant,NM_000162.5(GCK):c.680-15C>T,2645,GCK,HGNC:4195,Benign,0,-,369345791,-,RCV002463872,"Human Phenotype Ontology:HP:0004904,MONDO:MONDO:0018911,MedGen:C0342276,OMIM:PS125850,Orphanet:552",Maturity-onset diabetes of the young,unknown,unknown,GRCh37,NC_000007.13,7,44187447,44187447,na,na,7p13,"criteria provided, single submitter",1,-,N,ClinGen:CA4239542,2,1801713,44187447,G,A,-,-,-,-,-,-,SCV002605138,-,-
1858905,single nucleotide variant,NM_000162.5(GCK):c.680-15C>T,2645,GCK,HGNC:4195,Benign,0,-,369345791,-,RCV002463872,"Human Phenotype Ontology:HP:0004904,MONDO:MONDO:0018911,MedGen:C0342276,OMIM:PS125850,Orphanet:552",Maturity-onset diabetes of the young,unknown,unknown,GRCh38,NC_000007.14,7,44147848,44147848,na,na,7p13,"criteria provided, single submitter",1,-,N,ClinGen:CA4239542,2,1801713,44147848,G,A,-,-,-,-,-,-,SCV002605138,-,-
1858906,single nucleotide variant,NM_000162.5(GCK):c.904G>T (p.Val302Leu),2645,GCK,HGNC:4195,Uncertain risk allele,0,-,1583594501,-,RCV002463873,"Human Phenotype Ontology:HP:0004904,MONDO:MONDO:0018911,MedGen:C0342276,OMIM:PS125850,Orphanet:552",Maturity-onset diabetes of the young,unknown,unknown,GRCh37,NC_000007.13,7,44186177,44186177,na,na,7p13,"criteria provided, single submitter",1,-,N,ClinGen:CA367400062,2,1801714,44186177,C,A,-,-,-,-,-,-,SCV002605126,-,-
1858906,single nucleotide variant,NM_000162.5(GCK):c.904G>T (p.Val302Leu),2645,GCK,HGNC:4195,Uncertain risk allele,0,-,1583594501,-,RCV002463873,"Human Phenotype Ontology:HP:0004904,MONDO:MONDO:0018911,MedGen:C0342276,OMIM:PS125850,Orphanet:552",Maturity-onset diabetes of the young,unknown,unknown,GRCh38,NC_000007.14,7,44146578,44146578,na,na,7p13,"criteria provided, single submitter",1,-,N,ClinGen:CA367400062,2,1801714,44146578,C,A,-,-,-,-,-,-,SCV002605126,-,-
1859010,Duplication,NM_000162.5(GCK):c.46-5907_46-5906dup,2645,GCK,HGNC:4195,Likely benign,0,-,60650959,-,RCV002463975,"Human Phenotype Ontology:HP:0004904,MONDO:MONDO:0018911,MedGen:C0342276,OMIM:PS125850,Orphanet:552",Maturity-onset diabetes of the young,unknown,unknown,GRCh37,NC_000007.13,7,44198967,44198968,na,na,7p13,"criteria provided, single submitter",1,-,N,ClinGen:CA917993905,2,1801818,44198967,T,TGG,-,-,-,-,-,-,SCV002605181,-,-
1859010,Duplication,NM_000162.5(GCK):c.46-5907_46-5906dup,2645,GCK,HGNC:4195,Likely benign,0,-,60650959,-,RCV002463975,"Human Phenotype Ontology:HP:0004904,MONDO:MONDO:0018911,MedGen:C0342276,OMIM:PS125850,Orphanet:552",Maturity-onset diabetes of the young,unknown,unknown,GRCh38,NC_000007.14,7,44159368,44159369,na,na,7p13,"criteria provided, single submitter",1,-,N,ClinGen:CA917993905,2,1801818,44159368,T,TGG,-,-,-,-,-,-,SCV002605181,-,-
1859014,single nucleotide variant,NM_000162.5(GCK):c.580-13T>C,2645,GCK,HGNC:4195,Likely benign,0,-,1386067636,-,RCV002463979,"Human Phenotype Ontology:HP:0004904,MONDO:MONDO:0018911,MedGen:C0342276,OMIM:PS125850,Orphanet:552",Maturity-onset diabetes of the young,unknown,unknown,GRCh37,NC_000007.13,7,44189471,44189471,na,na,7p13,"criteria provided, single submitter",1,-,N,ClinGen:CA573797750,2,1801822,44189471,A,G,-,-,-,-,-,-,SCV002605201,-,-
1859014,single nucleotide variant,NM_000162.5(GCK):c.580-13T>C,2645,GCK,HGNC:4195,Likely benign,0,-,1386067636,-,RCV002463979,"Human Phenotype Ontology:HP:0004904,MONDO:MONDO:0018911,MedGen:C0342276,OMIM:PS125850,Orphanet:552",Maturity-onset diabetes of the young,unknown,unknown,GRCh38,NC_000007.14,7,44149872,44149872,na,na,7p13,"criteria provided, single submitter",1,-,N,ClinGen:CA573797750,2,1801822,44149872,A,G,-,-,-,-,-,-,SCV002605201,-,-
1859025,single nucleotide variant,NM_000162.5(GCK):c.540T>C (p.Asn180=),2645,GCK,HGNC:4195,Benign,0,-,1554335444,-,RCV002463990,"Human Phenotype Ontology:HP:0004904,MONDO:MONDO:0018911,MedGen:C0342276,OMIM:PS125850,Orphanet:552",Maturity-onset diabetes of the young,unknown,unknown,GRCh37,NC_000007.13,7,44189607,44189607,na,na,7p13,"criteria provided, single submitter",1,-,N,ClinGen:CA454609470,2,1801833,44189607,A,G,-,-,-,-,-,-,SCV002605221,-,-
1859025,single nucleotide variant,NM_000162.5(GCK):c.540T>C (p.Asn180=),2645,GCK,HGNC:4195,Benign,0,-,1554335444,-,RCV002463990,"Human Phenotype Ontology:HP:0004904,MONDO:MONDO:0018911,MedGen:C0342276,OMIM:PS125850,Orphanet:552",Maturity-onset diabetes of the young,unknown,unknown,GRCh38,NC_000007.14,7,44150008,44150008,na,na,7p13,"criteria provided, single submitter",1,-,N,ClinGen:CA454609470,2,1801833,44150008,A,G,-,-,-,-,-,-,SCV002605221,-,-
1859040,single nucleotide variant,NM_000162.5(GCK):c.183C>T (p.Tyr61=),2645,GCK,HGNC:4195,Benign/Likely benign,0,"Mar 31, 2025",780612692,-,RCV002464668|RCV003103169,"Human Phenotype Ontology:HP:0004904,MONDO:MONDO:0018911,MedGen:C0342276,OMIM:PS125850,Orphanet:552|MedGen:C3661900",Maturity-onset diabetes of the young|not provided,germline;unknown,germline,GRCh37,NC_000007.13,7,44192925,44192925,na,na,7p13,"criteria provided, multiple submitters, no conflicts",2,-,N,ClinGen:CA4239708,2,1801849,44192925,G,A,-,-,-,-,-,-,SCV002605380|SCV003462366,-,-
1859040,single nucleotide variant,NM_000162.5(GCK):c.183C>T (p.Tyr61=),2645,GCK,HGNC:4195,Benign/Likely benign,0,"Mar 31, 2025",780612692,-,RCV002464668|RCV003103169,"Human Phenotype Ontology:HP:0004904,MONDO:MONDO:0018911,MedGen:C0342276,OMIM:PS125850,Orphanet:552|MedGen:C3661900",Maturity-onset diabetes of the young|not provided,germline;unknown,germline,GRCh38,NC_000007.14,7,44153326,44153326,na,na,7p13,"criteria provided, multiple submitters, no conflicts",2,-,N,ClinGen:CA4239708,2,1801849,44153326,G,A,-,-,-,-,-,-,SCV002605380|SCV003462366,-,-
1859043,single nucleotide variant,NM_000162.5(GCK):c.57C>A (p.Ile19=),2645,GCK,HGNC:4195,Uncertain significance,0,-,193922308,-,RCV002464671,"Human Phenotype Ontology:HP:0004904,MONDO:MONDO:0018911,MedGen:C0342276,OMIM:PS125850,Orphanet:552",Maturity-onset diabetes of the young,unknown,unknown,GRCh37,NC_000007.13,7,44193051,44193051,na,na,7p13,"criteria provided, single submitter",1,-,N,ClinGen:CA454610681,2,1801852,44193051,G,T,-,-,-,-,-,-,SCV002605431,-,-
1859043,single nucleotide variant,NM_000162.5(GCK):c.57C>A (p.Ile19=),2645,GCK,HGNC:4195,Uncertain significance,0,-,193922308,-,RCV002464671,"Human Phenotype Ontology:HP:0004904,MONDO:MONDO:0018911,MedGen:C0342276,OMIM:PS125850,Orphanet:552",Maturity-onset diabetes of the young,unknown,unknown,GRCh38,NC_000007.14,7,44153452,44153452,na,na,7p13,"criteria provided, single submitter",1,-,N,ClinGen:CA454610681,2,1801852,44153452,G,T,-,-,-,-,-,-,SCV002605431,-,-
1859044,single nucleotide variant,NM_000162.5(GCK):c.98T>G (p.Val33Gly),2645,GCK,HGNC:4195,Likely risk allele,1,-,1554335954,-,RCV002464672,"Human Phenotype Ontology:HP:0004904,MONDO:MONDO:0018911,MedGen:C0342276,OMIM:PS125850,Orphanet:552",Maturity-onset diabetes of the young,unknown,unknown,GRCh37,NC_000007.13,7,44193010,44193010,na,na,7p13,"criteria provided, single submitter",1,-,N,ClinGen:CA367403603,2,1801853,44193010,A,C,-,-,-,-,-,-,SCV002605427,-,-
1859044,single nucleotide variant,NM_000162.5(GCK):c.98T>G (p.Val33Gly),2645,GCK,HGNC:4195,Likely risk allele,1,-,1554335954,-,RCV002464672,"Human Phenotype Ontology:HP:0004904,MONDO:MONDO:0018911,MedGen:C0342276,OMIM:PS125850,Orphanet:552",Maturity-onset diabetes of the young,unknown,unknown,GRCh38,NC_000007.14,7,44153411,44153411,na,na,7p13,"criteria provided, single submitter",1,-,N,ClinGen:CA367403603,2,1801853,44153411,A,C,-,-,-,-,-,-,SCV002605427,-,-
1859697,single nucleotide variant,NM_000162.5(GCK):c.137G>A (p.Arg46Lys),2645,GCK,HGNC:4195,Benign,0,-,1064796993,-,RCV002465951,"Human Phenotype Ontology:HP:0004904,MONDO:MONDO:0018911,MedGen:C0342276,OMIM:PS125850,Orphanet:552",Maturity-onset diabetes of the young,unknown,unknown,GRCh37,NC_000007.13,7,44192971,44192971,na,na,7p13,"criteria provided, single submitter",1,-,N,ClinGen:CA367403428,2,1802664,44192971,C,T,-,-,-,-,-,-,SCV002605382,-,-
1859697,single nucleotide variant,NM_000162.5(GCK):c.137G>A (p.Arg46Lys),2645,GCK,HGNC:4195,Benign,0,-,1064796993,-,RCV002465951,"Human Phenotype Ontology:HP:0004904,MONDO:MONDO:0018911,MedGen:C0342276,OMIM:PS125850,Orphanet:552",Maturity-onset diabetes of the young,unknown,unknown,GRCh38,NC_000007.14,7,44153372,44153372,na,na,7p13,"criteria provided, single submitter",1,-,N,ClinGen:CA367403428,2,1802664,44153372,C,T,-,-,-,-,-,-,SCV002605382,-,-
1859717,single nucleotide variant,NM_000162.5(GCK):c.1099G>T (p.Val367Leu),2645,GCK,HGNC:4195,Uncertain significance,0,"Aug 09, 2023",1057521092,-,RCV002465963|RCV003326018,"MedGen:C3661900|MONDO:MONDO:0015967,MedGen:C3888631,Orphanet:183625",not provided|Monogenic diabetes,germline;unknown,germline,GRCh37,NC_000007.13,7,44185250,44185250,na,na,7p13,reviewed by expert panel,2,-,N,ClinGen:CA367398995,2,1802685,44185250,C,A,-,-,-,-,-,-,SCV004032115,-,-
1859717,single nucleotide variant,NM_000162.5(GCK):c.1099G>T (p.Val367Leu),2645,GCK,HGNC:4195,Uncertain significance,0,"Aug 09, 2023",1057521092,-,RCV002465963|RCV003326018,"MedGen:C3661900|MONDO:MONDO:0015967,MedGen:C3888631,Orphanet:183625",not provided|Monogenic diabetes,germline;unknown,germline,GRCh38,NC_000007.14,7,44145651,44145651,na,na,7p13,reviewed by expert panel,2,-,N,ClinGen:CA367398995,2,1802685,44145651,C,A,-,-,-,-,-,-,SCV004032115,-,-
1859721,single nucleotide variant,NM_000352.6(ABCC8):c.916C>T (p.Arg306Cys),6833,ABCC8,HGNC:59,Conflicting classifications of pathogenicity,1,"Dec 13, 2025",751228166,-,RCV002465967|RCV002571393|RCV003464565|RCV005042847,"MedGen:C3661900|MeSH:D030342,MedGen:C0950123|Human Phenotype Ontology:HP:0005965,Human Phenotype Ontology:HP:0005978,Human Phenotype Ontology:HP:0100652,MONDO:MONDO:0005148,MeSH:D003924,MedGen:C0011860,OMIM:125853|MONDO:MONDO:0009415,MedGen:C0271714,OMIM:240800;MONDO:MONDO:0012480,MedGen:C1835887,OMIM:610374,Orphanet:99886;MONDO:MONDO:0009734,MedGen:C2931832,OMIM:256450,Orphanet:276575,Orphanet:276598;MONDO:MONDO:0030088,MedGen:C5394303,OMIM:618857;Human Phenotype Ontology:HP:0005965,Human Phenotype Ontology:HP:0005978,Human Phenotype Ontology:HP:0100652,MONDO:MONDO:0005148,MeSH:D003924,MedGen:C0011860,OMIM:125853","not provided|Inborn genetic diseases|Type 2 diabetes mellitus|Leucine-induced hypoglycemia;Diabetes mellitus, transient neonatal, 2;Hyperinsulinemic hypoglycemia, familial, 1;Diabetes mellitus, permanent neonatal 3;Type 2 diabetes mellitus",germline;unknown,germline,GRCh37,NC_000011.9,11,17482130,17482130,na,na,11p15.1,"criteria provided, conflicting classifications",5,-,N,ClinGen:CA5903728,2,1802689,17482130,G,A,-,-,-,-,-,-,SCV002760212|SCV003718210|SCV004205040|SCV004547191|SCV005676079,-,-
1859721,single nucleotide variant,NM_000352.6(ABCC8):c.916C>T (p.Arg306Cys),6833,ABCC8,HGNC:59,Conflicting classifications of pathogenicity,1,"Dec 13, 2025",751228166,-,RCV002465967|RCV002571393|RCV003464565|RCV005042847,"MedGen:C3661900|MeSH:D030342,MedGen:C0950123|Human Phenotype Ontology:HP:0005965,Human Phenotype Ontology:HP:0005978,Human Phenotype Ontology:HP:0100652,MONDO:MONDO:0005148,MeSH:D003924,MedGen:C0011860,OMIM:125853|MONDO:MONDO:0009415,MedGen:C0271714,OMIM:240800;MONDO:MONDO:0012480,MedGen:C1835887,OMIM:610374,Orphanet:99886;MONDO:MONDO:0009734,MedGen:C2931832,OMIM:256450,Orphanet:276575,Orphanet:276598;MONDO:MONDO:0030088,MedGen:C5394303,OMIM:618857;Human Phenotype Ontology:HP:0005965,Human Phenotype Ontology:HP:0005978,Human Phenotype Ontology:HP:0100652,MONDO:MONDO:0005148,MeSH:D003924,MedGen:C0011860,OMIM:125853","not provided|Inborn genetic diseases|Type 2 diabetes mellitus|Leucine-induced hypoglycemia;Diabetes mellitus, transient neonatal, 2;Hyperinsulinemic hypoglycemia, familial, 1;Diabetes mellitus, permanent neonatal 3;Type 2 diabetes mellitus",germline;unknown,germline,GRCh38,NC_000011.10,11,17460583,17460583,na,na,11p15.1,"criteria provided, conflicting classifications",5,-,N,ClinGen:CA5903728,2,1802689,17460583,G,A,-,-,-,-,-,-,SCV002760212|SCV003718210|SCV004205040|SCV004547191|SCV005676079,-,-
1860273,single nucleotide variant,NM_000162.5(GCK):c.397T>G (p.Phe133Val),2645,GCK,HGNC:4195,Uncertain significance,0,"Dec 14, 2021",2128822093,-,RCV002466914,"MONDO:MONDO:0007453,MedGen:C0342277,OMIM:125851,Orphanet:552",Maturity-onset diabetes of the young type 2,germline,germline,GRCh37,NC_000007.13,7,44190641,44190641,na,na,7p13,"criteria provided, single submitter",1,-,N,ClinGen:CA367402121,2,1803244,44190641,A,C,-,-,-,-,-,-,SCV002761815,-,-
1860273,single nucleotide variant,NM_000162.5(GCK):c.397T>G (p.Phe133Val),2645,GCK,HGNC:4195,Uncertain significance,0,"Dec 14, 2021",2128822093,-,RCV002466914,"MONDO:MONDO:0007453,MedGen:C0342277,OMIM:125851,Orphanet:552",Maturity-onset diabetes of the young type 2,germline,germline,GRCh38,NC_000007.14,7,44151042,44151042,na,na,7p13,"criteria provided, single submitter",1,-,N,ClinGen:CA367402121,2,1803244,44151042,A,C,-,-,-,-,-,-,SCV002761815,-,-
1860277,Deletion,NM_000162.5(GCK):c.940del (p.Leu314fs),2645,GCK,HGNC:4195,Pathogenic,1,"Mar 04, 2022",2484506820,-,RCV002466918,"MONDO:MONDO:0007453,MedGen:C0342277,OMIM:125851,Orphanet:552",Maturity-onset diabetes of the young type 2,germline,germline,GRCh37,NC_000007.13,7,44186141,44186141,na,na,7p13,"criteria provided, single submitter",1,-,N,ClinGen:CA2573051059,2,1803248,44186140,AG,A,-,-,-,-,-,-,SCV002761821,-,-
1860277,Deletion,NM_000162.5(GCK):c.940del (p.Leu314fs),2645,GCK,HGNC:4195,Pathogenic,1,"Mar 04, 2022",2484506820,-,RCV002466918,"MONDO:MONDO:0007453,MedGen:C0342277,OMIM:125851,Orphanet:552",Maturity-onset diabetes of the young type 2,germline,germline,GRCh38,NC_000007.14,7,44146542,44146542,na,na,7p13,"criteria provided, single submitter",1,-,N,ClinGen:CA2573051059,2,1803248,44146541,AG,A,-,-,-,-,-,-,SCV002761821,-,-
1860575,single nucleotide variant,NM_000162.5(GCK):c.1072C>T (p.Arg358Ter),2645,GCK,HGNC:4195,Pathogenic,1,"Jun 27, 2025",780716926,-,RCV002467217|RCV004798003|RCV005430861,"MedGen:C3661900|MONDO:MONDO:0007453,MedGen:C0342277,OMIM:125851,Orphanet:552|MONDO:MONDO:0015967,MedGen:C3888631,Orphanet:183625",not provided|Maturity-onset diabetes of the young type 2|Monogenic diabetes,de novo;germline,germline,GRCh37,NC_000007.13,7,44185277,44185277,na,na,7p13,reviewed by expert panel,4,-,N,ClinGen:CA4239437,2,1803547,44185277,G,A,-,-,-,-,-,-,SCV006101115,-,-
1860575,single nucleotide variant,NM_000162.5(GCK):c.1072C>T (p.Arg358Ter),2645,GCK,HGNC:4195,Pathogenic,1,"Jun 27, 2025",780716926,-,RCV002467217|RCV004798003|RCV005430861,"MedGen:C3661900|MONDO:MONDO:0007453,MedGen:C0342277,OMIM:125851,Orphanet:552|MONDO:MONDO:0015967,MedGen:C3888631,Orphanet:183625",not provided|Maturity-onset diabetes of the young type 2|Monogenic diabetes,de novo;germline,germline,GRCh38,NC_000007.14,7,44145678,44145678,na,na,7p13,reviewed by expert panel,4,-,N,ClinGen:CA4239437,2,1803547,44145678,G,A,-,-,-,-,-,-,SCV006101115,-,-
1860858,single nucleotide variant,NM_000162.5(GCK):c.278A>C (p.Glu93Ala),2645,GCK,HGNC:4195,Uncertain significance,0,"Sep 10, 2021",2484535641,-,RCV002468458,"MONDO:MONDO:0007453,MedGen:C0342277,OMIM:125851,Orphanet:552;MONDO:MONDO:0011236,MedGen:C1865290,OMIM:602485,Orphanet:79299;Human Phenotype Ontology:HP:0005965,Human Phenotype Ontology:HP:0005978,Human Phenotype Ontology:HP:0100652,MONDO:MONDO:0005148,MeSH:D003924,MedGen:C0011860,OMIM:125853",Maturity-onset diabetes of the young type 2;Hyperinsulinism due to glucokinase deficiency;Type 2 diabetes mellitus,germline,germline,GRCh37,NC_000007.13,7,44191955,44191955,na,na,7p13,"criteria provided, single submitter",1,-,N,ClinGen:CA367402868,2,1803833,44191955,T,G,-,-,-,-,-,-,SCV002764327,-,-
1860858,single nucleotide variant,NM_000162.5(GCK):c.278A>C (p.Glu93Ala),2645,GCK,HGNC:4195,Uncertain significance,0,"Sep 10, 2021",2484535641,-,RCV002468458,"MONDO:MONDO:0007453,MedGen:C0342277,OMIM:125851,Orphanet:552;MONDO:MONDO:0011236,MedGen:C1865290,OMIM:602485,Orphanet:79299;Human Phenotype Ontology:HP:0005965,Human Phenotype Ontology:HP:0005978,Human Phenotype Ontology:HP:0100652,MONDO:MONDO:0005148,MeSH:D003924,MedGen:C0011860,OMIM:125853",Maturity-onset diabetes of the young type 2;Hyperinsulinism due to glucokinase deficiency;Type 2 diabetes mellitus,germline,germline,GRCh38,NC_000007.14,7,44152356,44152356,na,na,7p13,"criteria provided, single submitter",1,-,N,ClinGen:CA367402868,2,1803833,44152356,T,G,-,-,-,-,-,-,SCV002764327,-,-
1860940,single nucleotide variant,NM_000352.6(ABCC8):c.2164C>T (p.Leu722Phe),6833,ABCC8,HGNC:59,Uncertain significance,0,"Aug 09, 2024",773899806,-,RCV002468540|RCV005042850|RCV005631052,"MONDO:MONDO:0009734,MedGen:C2931832,OMIM:256450,Orphanet:276575,Orphanet:276598;MONDO:MONDO:0030088,MedGen:C5394303,OMIM:618857|MONDO:MONDO:0009415,MedGen:C0271714,OMIM:240800;MONDO:MONDO:0012480,MedGen:C1835887,OMIM:610374,Orphanet:99886;MONDO:MONDO:0009734,MedGen:C2931832,OMIM:256450,Orphanet:276575,Orphanet:276598;MONDO:MONDO:0030088,MedGen:C5394303,OMIM:618857;Human Phenotype Ontology:HP:0005965,Human Phenotype Ontology:HP:0005978,Human Phenotype Ontology:HP:0100652,MONDO:MONDO:0005148,MeSH:D003924,MedGen:C0011860,OMIM:125853|MedGen:C3661900","Hyperinsulinemic hypoglycemia, familial, 1;Diabetes mellitus, permanent neonatal 3|Leucine-induced hypoglycemia;Diabetes mellitus, transient neonatal, 2;Hyperinsulinemic hypoglycemia, familial, 1;Diabetes mellitus, permanent neonatal 3;Type 2 diabetes mellitus|not provided",germline,germline,GRCh37,NC_000011.9,11,17448654,17448654,na,na,11p15.1,"criteria provided, multiple submitters, no conflicts",3,-,N,ClinGen:CA5903286,2,1803915,17448654,G,A,-,-,-,-,-,-,SCV002764560|SCV005676367|SCV006312286,-,-
1860940,single nucleotide variant,NM_000352.6(ABCC8):c.2164C>T (p.Leu722Phe),6833,ABCC8,HGNC:59,Uncertain significance,0,"Aug 09, 2024",773899806,-,RCV002468540|RCV005042850|RCV005631052,"MONDO:MONDO:0009734,MedGen:C2931832,OMIM:256450,Orphanet:276575,Orphanet:276598;MONDO:MONDO:0030088,MedGen:C5394303,OMIM:618857|MONDO:MONDO:0009415,MedGen:C0271714,OMIM:240800;MONDO:MONDO:0012480,MedGen:C1835887,OMIM:610374,Orphanet:99886;MONDO:MONDO:0009734,MedGen:C2931832,OMIM:256450,Orphanet:276575,Orphanet:276598;MONDO:MONDO:0030088,MedGen:C5394303,OMIM:618857;Human Phenotype Ontology:HP:0005965,Human Phenotype Ontology:HP:0005978,Human Phenotype Ontology:HP:0100652,MONDO:MONDO:0005148,MeSH:D003924,MedGen:C0011860,OMIM:125853|MedGen:C3661900","Hyperinsulinemic hypoglycemia, familial, 1;Diabetes mellitus, permanent neonatal 3|Leucine-induced hypoglycemia;Diabetes mellitus, transient neonatal, 2;Hyperinsulinemic hypoglycemia, familial, 1;Diabetes mellitus, permanent neonatal 3;Type 2 diabetes mellitus|not provided",germline,germline,GRCh38,NC_000011.10,11,17427107,17427107,na,na,11p15.1,"criteria provided, multiple submitters, no conflicts",3,-,N,ClinGen:CA5903286,2,1803915,17427107,G,A,-,-,-,-,-,-,SCV002764560|SCV005676367|SCV006312286,-,-
1861472,single nucleotide variant,NM_000352.6(ABCC8):c.3505C>T (p.Pro1169Ser),6833,ABCC8,HGNC:59,Uncertain significance,0,"Jun 16, 2022",1189368827,-,RCV002469754,MedGen:C3661900,not provided,germline,germline,GRCh37,NC_000011.9,11,17426111,17426111,na,na,11p15.1,"criteria provided, single submitter",1,-,N,ClinGen:CA379797885,2,1804453,17426111,G,A,-,-,-,-,-,-,SCV002765612,-,-
1861472,single nucleotide variant,NM_000352.6(ABCC8):c.3505C>T (p.Pro1169Ser),6833,ABCC8,HGNC:59,Uncertain significance,0,"Jun 16, 2022",1189368827,-,RCV002469754,MedGen:C3661900,not provided,germline,germline,GRCh38,NC_000011.10,11,17404564,17404564,na,na,11p15.1,"criteria provided, single submitter",1,-,N,ClinGen:CA379797885,2,1804453,17404564,G,A,-,-,-,-,-,-,SCV002765612,-,-
1863530,single nucleotide variant,NM_000352.6(ABCC8):c.2384A>G (p.Lys795Arg),6833,ABCC8,HGNC:59,Uncertain significance,0,"Jun 14, 2022",1954970377,-,RCV002473425,MedGen:C3661900,not provided,germline,germline,GRCh37,NC_000011.9,11,17436065,17436065,na,na,11p15.1,"criteria provided, single submitter",1,-,N,ClinGen:CA379809002,2,1806524,17436065,T,C,-,-,-,-,-,-,SCV002769891,-,-
1863530,single nucleotide variant,NM_000352.6(ABCC8):c.2384A>G (p.Lys795Arg),6833,ABCC8,HGNC:59,Uncertain significance,0,"Jun 14, 2022",1954970377,-,RCV002473425,MedGen:C3661900,not provided,germline,germline,GRCh38,NC_000011.10,11,17414518,17414518,na,na,11p15.1,"criteria provided, single submitter",1,-,N,ClinGen:CA379809002,2,1806524,17414518,T,C,-,-,-,-,-,-,SCV002769891,-,-
1863536,single nucleotide variant,NM_000525.4(KCNJ11):c.317C>T (p.Thr106Ile),3767,KCNJ11,HGNC:6257,Uncertain significance,0,"Jun 22, 2022",2496411257,-,RCV002473431,MedGen:C3661900,not provided,germline,germline,GRCh37,NC_000011.9,11,17409322,17409322,na,na,11p15.1,"criteria provided, single submitter",1,-,N,ClinGen:CA379774483,2,1806530,17409322,G,A,-,-,-,-,-,-,SCV002769897,-,-
1863536,single nucleotide variant,NM_000525.4(KCNJ11):c.317C>T (p.Thr106Ile),3767,KCNJ11,HGNC:6257,Uncertain significance,0,"Jun 22, 2022",2496411257,-,RCV002473431,MedGen:C3661900,not provided,germline,germline,GRCh38,NC_000011.10,11,17387775,17387775,na,na,11p15.1,"criteria provided, single submitter",1,-,N,ClinGen:CA379774483,2,1806530,17387775,G,A,-,-,-,-,-,-,SCV002769897,-,-
1863741,Deletion,NM_000162.5(GCK):c.609_610del (p.Val203_Asn204insTer),2645,GCK,HGNC:4195,Pathogenic,1,"Nov 21, 2024",2484522876,-,RCV002474164,MedGen:C3661900,not provided,germline,germline,GRCh37,NC_000007.13,7,44189428,44189429,na,na,7p13,"criteria provided, single submitter",1,-,N,ClinGen:CA2580077183,2,1806735,44189427,TTC,T,-,-,-,-,-,-,SCV002770259,-,-
1863741,Deletion,NM_000162.5(GCK):c.609_610del (p.Val203_Asn204insTer),2645,GCK,HGNC:4195,Pathogenic,1,"Nov 21, 2024",2484522876,-,RCV002474164,MedGen:C3661900,not provided,germline,germline,GRCh38,NC_000007.14,7,44149829,44149830,na,na,7p13,"criteria provided, single submitter",1,-,N,ClinGen:CA2580077183,2,1806735,44149828,TTC,T,-,-,-,-,-,-,SCV002770259,-,-
1864280,single nucleotide variant,NM_000162.5(GCK):c.332C>T (p.Pro111Leu),2645,GCK,HGNC:4195,Uncertain significance,0,"Aug 17, 2025",2484535160,-,RCV002475233,MedGen:C3661900,not provided,germline;unknown,germline,GRCh37,NC_000007.13,7,44191901,44191901,na,na,7p13,"criteria provided, multiple submitters, no conflicts",2,-,N,ClinGen:CA367402647,2,1807276,44191901,G,A,-,-,-,-,-,-,SCV002771533|SCV003439968,-,-
1864280,single nucleotide variant,NM_000162.5(GCK):c.332C>T (p.Pro111Leu),2645,GCK,HGNC:4195,Uncertain significance,0,"Aug 17, 2025",2484535160,-,RCV002475233,MedGen:C3661900,not provided,germline;unknown,germline,GRCh38,NC_000007.14,7,44152302,44152302,na,na,7p13,"criteria provided, multiple submitters, no conflicts",2,-,N,ClinGen:CA367402647,2,1807276,44152302,G,A,-,-,-,-,-,-,SCV002771533|SCV003439968,-,-
1864282,single nucleotide variant,NM_000162.5(GCK):c.946T>G (p.Phe316Val),2645,GCK,HGNC:4195,Conflicting classifications of pathogenicity,1,"Mar 10, 2025",2128819989,-,RCV002475235|RCV005406475,"MedGen:C3661900|MONDO:MONDO:0007453,MedGen:C0342277,OMIM:125851,Orphanet:552",not provided|Maturity-onset diabetes of the young type 2,germline;unknown,germline,GRCh37,NC_000007.13,7,44186135,44186135,na,na,7p13,"criteria provided, conflicting classifications",2,-,N,ClinGen:CA367399935,2,1807278,44186135,A,C,-,-,-,-,-,-,SCV002771540|SCV006072196,-,-
1864282,single nucleotide variant,NM_000162.5(GCK):c.946T>G (p.Phe316Val),2645,GCK,HGNC:4195,Conflicting classifications of pathogenicity,1,"Mar 10, 2025",2128819989,-,RCV002475235|RCV005406475,"MedGen:C3661900|MONDO:MONDO:0007453,MedGen:C0342277,OMIM:125851,Orphanet:552",not provided|Maturity-onset diabetes of the young type 2,germline;unknown,germline,GRCh38,NC_000007.14,7,44146536,44146536,na,na,7p13,"criteria provided, conflicting classifications",2,-,N,ClinGen:CA367399935,2,1807278,44146536,A,C,-,-,-,-,-,-,SCV002771540|SCV006072196,-,-
1864283,single nucleotide variant,NM_000162.5(GCK):c.167A>C (p.Lys56Thr),2645,GCK,HGNC:4195,Likely pathogenic,1,"Jan 22, 2024",2096283096,-,RCV002475236|RCV003479431|RCV003493961,"MedGen:C3661900|MedGen:CN169374|MONDO:MONDO:0015967,MedGen:C3888631,Orphanet:183625",not provided|not specified|Monogenic diabetes,germline;unknown,germline,GRCh37,NC_000007.13,7,44192941,44192941,na,na,7p13,reviewed by expert panel,5,-,N,ClinGen:CA367403326,2,1807279,44192941,T,G,-,-,-,-,-,-,SCV004242341,-,-
1864283,single nucleotide variant,NM_000162.5(GCK):c.167A>C (p.Lys56Thr),2645,GCK,HGNC:4195,Likely pathogenic,1,"Jan 22, 2024",2096283096,-,RCV002475236|RCV003479431|RCV003493961,"MedGen:C3661900|MedGen:CN169374|MONDO:MONDO:0015967,MedGen:C3888631,Orphanet:183625",not provided|not specified|Monogenic diabetes,germline;unknown,germline,GRCh38,NC_000007.14,7,44153342,44153342,na,na,7p13,reviewed by expert panel,5,-,N,ClinGen:CA367403326,2,1807279,44153342,T,G,-,-,-,-,-,-,SCV004242341,-,-
1864284,single nucleotide variant,NM_000162.5(GCK):c.1108G>C (p.Ala370Pro),2645,GCK,HGNC:4195,Uncertain significance,0,"Oct 22, 2025",764575801,-,RCV002475237|RCV006454247,MedGen:C3661900|MedGen:CN169374,not provided|not specified,germline;unknown,germline,GRCh37,NC_000007.13,7,44185241,44185241,na,na,7p13,"criteria provided, multiple submitters, no conflicts",3,-,N,ClinGen:CA367398963,2,1807280,44185241,C,G,-,-,-,-,-,-,SCV002771544|SCV004630050|SCV007336333,-,-
1864284,single nucleotide variant,NM_000162.5(GCK):c.1108G>C (p.Ala370Pro),2645,GCK,HGNC:4195,Uncertain significance,0,"Oct 22, 2025",764575801,-,RCV002475237|RCV006454247,MedGen:C3661900|MedGen:CN169374,not provided|not specified,germline;unknown,germline,GRCh38,NC_000007.14,7,44145642,44145642,na,na,7p13,"criteria provided, multiple submitters, no conflicts",3,-,N,ClinGen:CA367398963,2,1807280,44145642,C,G,-,-,-,-,-,-,SCV002771544|SCV004630050|SCV007336333,-,-
1864285,single nucleotide variant,NM_000162.5(GCK):c.707A>T (p.Glu236Val),2645,GCK,HGNC:4195,Uncertain significance,0,"Sep 29, 2021",2484514837,-,RCV002475238,MedGen:C3661900,not provided,unknown,unknown,GRCh37,NC_000007.13,7,44187405,44187405,na,na,7p13,"criteria provided, single submitter",1,-,N,ClinGen:CA367400733,2,1807281,44187405,T,A,-,-,-,-,-,-,SCV002771545,-,-
1864285,single nucleotide variant,NM_000162.5(GCK):c.707A>T (p.Glu236Val),2645,GCK,HGNC:4195,Uncertain significance,0,"Sep 29, 2021",2484514837,-,RCV002475238,MedGen:C3661900,not provided,unknown,unknown,GRCh38,NC_000007.14,7,44147806,44147806,na,na,7p13,"criteria provided, single submitter",1,-,N,ClinGen:CA367400733,2,1807281,44147806,T,A,-,-,-,-,-,-,SCV002771545,-,-
1864286,single nucleotide variant,NM_000162.5(GCK):c.386G>T (p.Cys129Phe),2645,GCK,HGNC:4195,Likely pathogenic,1,"Jul 02, 2025",2128822108,-,RCV002475239,MedGen:C3661900,not provided,unknown,unknown,GRCh37,NC_000007.13,7,44190652,44190652,na,na,7p13,"criteria provided, single submitter",1,-,N,ClinGen:CA367402158,2,1807282,44190652,C,A,-,-,-,-,-,-,SCV002771546,-,-
1864286,single nucleotide variant,NM_000162.5(GCK):c.386G>T (p.Cys129Phe),2645,GCK,HGNC:4195,Likely pathogenic,1,"Jul 02, 2025",2128822108,-,RCV002475239,MedGen:C3661900,not provided,unknown,unknown,GRCh38,NC_000007.14,7,44151053,44151053,na,na,7p13,"criteria provided, single submitter",1,-,N,ClinGen:CA367402158,2,1807282,44151053,C,A,-,-,-,-,-,-,SCV002771546,-,-
1864287,single nucleotide variant,NM_000162.5(GCK):c.615C>A (p.Asp205Glu),2645,GCK,HGNC:4195,Uncertain significance,0,"Dec 29, 2021",193922312,-,RCV002475240,MedGen:C3661900,not provided,unknown,unknown,GRCh37,NC_000007.13,7,44189423,44189423,na,na,7p13,"criteria provided, single submitter",1,-,N,ClinGen:CA367401342,2,1807283,44189423,G,T,-,-,-,-,-,-,SCV002771548,-,-
1864287,single nucleotide variant,NM_000162.5(GCK):c.615C>A (p.Asp205Glu),2645,GCK,HGNC:4195,Uncertain significance,0,"Dec 29, 2021",193922312,-,RCV002475240,MedGen:C3661900,not provided,unknown,unknown,GRCh38,NC_000007.14,7,44149824,44149824,na,na,7p13,"criteria provided, single submitter",1,-,N,ClinGen:CA367401342,2,1807283,44149824,G,T,-,-,-,-,-,-,SCV002771548,-,-
1864288,single nucleotide variant,NM_000162.5(GCK):c.234C>A (p.Asp78Glu),2645,GCK,HGNC:4195,Uncertain significance,0,"Jan 07, 2022",1219798321,-,RCV002475241,MedGen:C3661900,not provided,unknown,unknown,GRCh37,NC_000007.13,7,44191999,44191999,na,na,7p13,"criteria provided, single submitter",1,-,N,ClinGen:CA367403036,2,1807284,44191999,G,T,-,-,-,-,-,-,SCV002771549,-,-
1864288,single nucleotide variant,NM_000162.5(GCK):c.234C>A (p.Asp78Glu),2645,GCK,HGNC:4195,Uncertain significance,0,"Jan 07, 2022",1219798321,-,RCV002475241,MedGen:C3661900,not provided,unknown,unknown,GRCh38,NC_000007.14,7,44152400,44152400,na,na,7p13,"criteria provided, single submitter",1,-,N,ClinGen:CA367403036,2,1807284,44152400,G,T,-,-,-,-,-,-,SCV002771549,-,-
1864289,single nucleotide variant,NM_000162.5(GCK):c.85G>T (p.Asp29Tyr),2645,GCK,HGNC:4195,Uncertain significance,0,"Jan 24, 2022",2484540304,-,RCV002475242,MedGen:C3661900,not provided,unknown,unknown,GRCh37,NC_000007.13,7,44193023,44193023,na,na,7p13,"criteria provided, single submitter",1,-,N,ClinGen:CA367403666,2,1807285,44193023,C,A,-,-,-,-,-,-,SCV002771551,-,-
1864289,single nucleotide variant,NM_000162.5(GCK):c.85G>T (p.Asp29Tyr),2645,GCK,HGNC:4195,Uncertain significance,0,"Jan 24, 2022",2484540304,-,RCV002475242,MedGen:C3661900,not provided,unknown,unknown,GRCh38,NC_000007.14,7,44153424,44153424,na,na,7p13,"criteria provided, single submitter",1,-,N,ClinGen:CA367403666,2,1807285,44153424,C,A,-,-,-,-,-,-,SCV002771551,-,-
1864290,single nucleotide variant,NM_000162.5(GCK):c.1242G>T (p.Lys414Asn),2645,GCK,HGNC:4195,Uncertain significance,0,"May 02, 2022",2484495608,-,RCV002475243,MedGen:C3661900,not provided,unknown,unknown,GRCh37,NC_000007.13,7,44185107,44185107,na,na,7p13,"criteria provided, single submitter",1,-,N,ClinGen:CA367398236,2,1807286,44185107,C,A,-,-,-,-,-,-,SCV002771552,-,-
1864290,single nucleotide variant,NM_000162.5(GCK):c.1242G>T (p.Lys414Asn),2645,GCK,HGNC:4195,Uncertain significance,0,"May 02, 2022",2484495608,-,RCV002475243,MedGen:C3661900,not provided,unknown,unknown,GRCh38,NC_000007.14,7,44145508,44145508,na,na,7p13,"criteria provided, single submitter",1,-,N,ClinGen:CA367398236,2,1807286,44145508,C,A,-,-,-,-,-,-,SCV002771552,-,-
1864291,single nucleotide variant,NM_000162.5(GCK):c.1220G>A (p.Gly407Asp),2645,GCK,HGNC:4195,Uncertain significance,0,"Aug 04, 2022",2484495971,-,RCV002475244,MedGen:C3661900,not provided,unknown,unknown,GRCh37,NC_000007.13,7,44185129,44185129,na,na,7p13,"criteria provided, single submitter",1,-,N,ClinGen:CA367398350,2,1807287,44185129,C,T,-,-,-,-,-,-,SCV002771553,-,-
1864291,single nucleotide variant,NM_000162.5(GCK):c.1220G>A (p.Gly407Asp),2645,GCK,HGNC:4195,Uncertain significance,0,"Aug 04, 2022",2484495971,-,RCV002475244,MedGen:C3661900,not provided,unknown,unknown,GRCh38,NC_000007.14,7,44145530,44145530,na,na,7p13,"criteria provided, single submitter",1,-,N,ClinGen:CA367398350,2,1807287,44145530,C,T,-,-,-,-,-,-,SCV002771553,-,-
1864292,single nucleotide variant,NM_000162.5(GCK):c.710A>T (p.Glu237Val),2645,GCK,HGNC:4195,Uncertain significance,0,"Jan 08, 2026",2484514795,-,RCV002475245,MedGen:C3661900,not provided,germline;unknown,germline,GRCh37,NC_000007.13,7,44187402,44187402,na,na,7p13,"criteria provided, multiple submitters, no conflicts",2,-,N,ClinGen:CA367400727,2,1807288,44187402,T,A,-,-,-,-,-,-,SCV002771554|SCV007420199,-,-
1864292,single nucleotide variant,NM_000162.5(GCK):c.710A>T (p.Glu237Val),2645,GCK,HGNC:4195,Uncertain significance,0,"Jan 08, 2026",2484514795,-,RCV002475245,MedGen:C3661900,not provided,germline;unknown,germline,GRCh38,NC_000007.14,7,44147803,44147803,na,na,7p13,"criteria provided, multiple submitters, no conflicts",2,-,N,ClinGen:CA367400727,2,1807288,44147803,T,A,-,-,-,-,-,-,SCV002771554|SCV007420199,-,-
1864342,single nucleotide variant,NM_000352.6(ABCC8):c.823C>T (p.Arg275Trp),6833,ABCC8,HGNC:59,Uncertain significance,0,"Apr 25, 2024",201907204,-,RCV002475295|RCV005042857,"MedGen:C3661900|MONDO:MONDO:0009415,MedGen:C0271714,OMIM:240800;MONDO:MONDO:0012480,MedGen:C1835887,OMIM:610374,Orphanet:99886;MONDO:MONDO:0009734,MedGen:C2931832,OMIM:256450,Orphanet:276575,Orphanet:276598;MONDO:MONDO:0030088,MedGen:C5394303,OMIM:618857;Human Phenotype Ontology:HP:0005965,Human Phenotype Ontology:HP:0005978,Human Phenotype Ontology:HP:0100652,MONDO:MONDO:0005148,MeSH:D003924,MedGen:C0011860,OMIM:125853","not provided|Leucine-induced hypoglycemia;Diabetes mellitus, transient neonatal, 2;Hyperinsulinemic hypoglycemia, familial, 1;Diabetes mellitus, permanent neonatal 3;Type 2 diabetes mellitus",germline;unknown,germline,GRCh37,NC_000011.9,11,17482223,17482223,na,na,11p15.1,"criteria provided, multiple submitters, no conflicts",2,-,N,ClinGen:CA5903743,2,1807338,17482223,G,A,-,-,-,-,-,-,SCV002771663|SCV005676085,-,-
1864342,single nucleotide variant,NM_000352.6(ABCC8):c.823C>T (p.Arg275Trp),6833,ABCC8,HGNC:59,Uncertain significance,0,"Apr 25, 2024",201907204,-,RCV002475295|RCV005042857,"MedGen:C3661900|MONDO:MONDO:0009415,MedGen:C0271714,OMIM:240800;MONDO:MONDO:0012480,MedGen:C1835887,OMIM:610374,Orphanet:99886;MONDO:MONDO:0009734,MedGen:C2931832,OMIM:256450,Orphanet:276575,Orphanet:276598;MONDO:MONDO:0030088,MedGen:C5394303,OMIM:618857;Human Phenotype Ontology:HP:0005965,Human Phenotype Ontology:HP:0005978,Human Phenotype Ontology:HP:0100652,MONDO:MONDO:0005148,MeSH:D003924,MedGen:C0011860,OMIM:125853","not provided|Leucine-induced hypoglycemia;Diabetes mellitus, transient neonatal, 2;Hyperinsulinemic hypoglycemia, familial, 1;Diabetes mellitus, permanent neonatal 3;Type 2 diabetes mellitus",germline;unknown,germline,GRCh38,NC_000011.10,11,17460676,17460676,na,na,11p15.1,"criteria provided, multiple submitters, no conflicts",2,-,N,ClinGen:CA5903743,2,1807338,17460676,G,A,-,-,-,-,-,-,SCV002771663|SCV005676085,-,-
1867031,single nucleotide variant,NM_000525.4(KCNJ11):c.1037C>T (p.Ala346Val),3767,KCNJ11,HGNC:6257,Uncertain significance,0,"Jun 27, 2022",2496407594,-,RCV002508583,MedGen:C3661900,not provided,germline,germline,GRCh37,NC_000011.9,11,17408602,17408602,na,na,11p15.1,"criteria provided, single submitter",1,-,N,ClinGen:CA379769374,2,1810027,17408602,G,A,-,-,-,-,-,-,SCV002817752,-,-
1867031,single nucleotide variant,NM_000525.4(KCNJ11):c.1037C>T (p.Ala346Val),3767,KCNJ11,HGNC:6257,Uncertain significance,0,"Jun 27, 2022",2496407594,-,RCV002508583,MedGen:C3661900,not provided,germline,germline,GRCh38,NC_000011.10,11,17387055,17387055,na,na,11p15.1,"criteria provided, single submitter",1,-,N,ClinGen:CA379769374,2,1810027,17387055,G,A,-,-,-,-,-,-,SCV002817752,-,-
1867973,single nucleotide variant,NM_000162.5(GCK):c.1232C>T (p.Ser411Phe),2645,GCK,HGNC:4195,Likely pathogenic,1,"Apr 04, 2024",2484495820,-,RCV003060097|RCV004587413,"MedGen:C3661900|MONDO:MONDO:0007453,MedGen:C0342277,OMIM:125851,Orphanet:552",not provided|Maturity-onset diabetes of the young type 2,germline,germline,GRCh37,NC_000007.13,7,44185117,44185117,na,na,7p13,"criteria provided, multiple submitters, no conflicts",2,-,N,ClinGen:CA367398296,2,2136506,44185117,G,A,-,-,-,-,-,-,SCV003439538|SCV005077456,-,-
1867973,single nucleotide variant,NM_000162.5(GCK):c.1232C>T (p.Ser411Phe),2645,GCK,HGNC:4195,Likely pathogenic,1,"Apr 04, 2024",2484495820,-,RCV003060097|RCV004587413,"MedGen:C3661900|MONDO:MONDO:0007453,MedGen:C0342277,OMIM:125851,Orphanet:552",not provided|Maturity-onset diabetes of the young type 2,germline,germline,GRCh38,NC_000007.14,7,44145518,44145518,na,na,7p13,"criteria provided, multiple submitters, no conflicts",2,-,N,ClinGen:CA367398296,2,2136506,44145518,G,A,-,-,-,-,-,-,SCV003439538|SCV005077456,-,-
1867974,single nucleotide variant,NM_000162.5(GCK):c.1195G>T (p.Glu399Ter),2645,GCK,HGNC:4195,Pathogenic,1,"Mar 27, 2025",757888672,-,RCV003060098,MedGen:C3661900,not provided,germline,germline,GRCh37,NC_000007.13,7,44185154,44185154,na,na,7p13,"criteria provided, single submitter",1,-,N,ClinGen:CA367398495,2,2136507,44185154,C,A,-,-,-,-,-,-,SCV003440133,-,-
1867974,single nucleotide variant,NM_000162.5(GCK):c.1195G>T (p.Glu399Ter),2645,GCK,HGNC:4195,Pathogenic,1,"Mar 27, 2025",757888672,-,RCV003060098,MedGen:C3661900,not provided,germline,germline,GRCh38,NC_000007.14,7,44145555,44145555,na,na,7p13,"criteria provided, single submitter",1,-,N,ClinGen:CA367398495,2,2136507,44145555,C,A,-,-,-,-,-,-,SCV003440133,-,-
1867976,single nucleotide variant,NM_000162.5(GCK):c.1151C>A (p.Ala384Glu),2645,GCK,HGNC:4195,Pathogenic,1,"Jun 06, 2025",1583591747,-,RCV003037213|RCV004070133|RCV005417393,"MedGen:C3661900|Human Phenotype Ontology:HP:0004904,MONDO:MONDO:0018911,MedGen:C0342276,OMIM:PS125850,Orphanet:552|MONDO:MONDO:0015967,MedGen:C3888631,Orphanet:183625",not provided|Maturity-onset diabetes of the young|Monogenic diabetes,germline,germline,GRCh37,NC_000007.13,7,44185198,44185198,na,na,7p13,reviewed by expert panel,3,-,N,ClinGen:CA367398725,2,2136509,44185198,G,T,-,-,-,-,-,-,SCV006084765,-,-
1867976,single nucleotide variant,NM_000162.5(GCK):c.1151C>A (p.Ala384Glu),2645,GCK,HGNC:4195,Pathogenic,1,"Jun 06, 2025",1583591747,-,RCV003037213|RCV004070133|RCV005417393,"MedGen:C3661900|Human Phenotype Ontology:HP:0004904,MONDO:MONDO:0018911,MedGen:C0342276,OMIM:PS125850,Orphanet:552|MONDO:MONDO:0015967,MedGen:C3888631,Orphanet:183625",not provided|Maturity-onset diabetes of the young|Monogenic diabetes,germline,germline,GRCh38,NC_000007.14,7,44145599,44145599,na,na,7p13,reviewed by expert panel,3,-,N,ClinGen:CA367398725,2,2136509,44145599,G,T,-,-,-,-,-,-,SCV006084765,-,-
1867977,single nucleotide variant,NM_000162.5(GCK):c.1093G>A (p.Asp365Asn),2645,GCK,HGNC:4195,Uncertain significance,0,"Oct 05, 2025",2484498041,-,RCV003037214,MedGen:C3661900,not provided,germline,germline,GRCh37,NC_000007.13,7,44185256,44185256,na,na,7p13,"criteria provided, single submitter",1,-,N,ClinGen:CA367399036,2,2136510,44185256,C,T,-,-,-,-,-,-,SCV003439929,-,-
1867977,single nucleotide variant,NM_000162.5(GCK):c.1093G>A (p.Asp365Asn),2645,GCK,HGNC:4195,Uncertain significance,0,"Oct 05, 2025",2484498041,-,RCV003037214,MedGen:C3661900,not provided,germline,germline,GRCh38,NC_000007.14,7,44145657,44145657,na,na,7p13,"criteria provided, single submitter",1,-,N,ClinGen:CA367399036,2,2136510,44145657,C,T,-,-,-,-,-,-,SCV003439929,-,-
1867980,single nucleotide variant,NM_000162.5(GCK):c.834C>G (p.Asp278Glu),2645,GCK,HGNC:4195,Pathogenic,1,"Feb 25, 2022",200071687,-,RCV003037215,MedGen:C3661900,not provided,germline,germline,GRCh37,NC_000007.13,7,44187278,44187278,na,na,7p13,"criteria provided, single submitter",1,-,N,ClinGen:CA367400460,2,2136513,44187278,G,C,-,-,-,-,-,-,SCV003439946,-,-
1867980,single nucleotide variant,NM_000162.5(GCK):c.834C>G (p.Asp278Glu),2645,GCK,HGNC:4195,Pathogenic,1,"Feb 25, 2022",200071687,-,RCV003037215,MedGen:C3661900,not provided,germline,germline,GRCh38,NC_000007.14,7,44147679,44147679,na,na,7p13,"criteria provided, single submitter",1,-,N,ClinGen:CA367400460,2,2136513,44147679,G,C,-,-,-,-,-,-,SCV003439946,-,-
1867981,single nucleotide variant,NM_000162.5(GCK):c.719A>C (p.Asn240Thr),2645,GCK,HGNC:4195,Uncertain significance,0,"Sep 09, 2022",2484514705,-,RCV003037216,MedGen:C3661900,not provided,germline,germline,GRCh37,NC_000007.13,7,44187393,44187393,na,na,7p13,"criteria provided, single submitter",1,-,N,ClinGen:CA367400703,2,2136514,44187393,T,G,-,-,-,-,-,-,SCV003439898,-,-
1867981,single nucleotide variant,NM_000162.5(GCK):c.719A>C (p.Asn240Thr),2645,GCK,HGNC:4195,Uncertain significance,0,"Sep 09, 2022",2484514705,-,RCV003037216,MedGen:C3661900,not provided,germline,germline,GRCh38,NC_000007.14,7,44147794,44147794,na,na,7p13,"criteria provided, single submitter",1,-,N,ClinGen:CA367400703,2,2136514,44147794,T,G,-,-,-,-,-,-,SCV003439898,-,-
1867982,single nucleotide variant,NM_000162.5(GCK):c.715C>T (p.Gln239Ter),2645,GCK,HGNC:4195,Pathogenic,1,"Mar 02, 2023",1760766212,-,RCV003060101,MedGen:C3661900,not provided,germline,germline,GRCh37,NC_000007.13,7,44187397,44187397,na,na,7p13,"criteria provided, single submitter",1,-,N,ClinGen:CA367400712,2,2136515,44187397,G,A,-,-,-,-,-,-,SCV003440136,-,-
1867982,single nucleotide variant,NM_000162.5(GCK):c.715C>T (p.Gln239Ter),2645,GCK,HGNC:4195,Pathogenic,1,"Mar 02, 2023",1760766212,-,RCV003060101,MedGen:C3661900,not provided,germline,germline,GRCh38,NC_000007.14,7,44147798,44147798,na,na,7p13,"criteria provided, single submitter",1,-,N,ClinGen:CA367400712,2,2136515,44147798,G,A,-,-,-,-,-,-,SCV003440136,-,-
1867985,single nucleotide variant,NM_000162.5(GCK):c.679G>A (p.Gly227Ser),2645,GCK,HGNC:4195,Pathogenic,1,"Sep 26, 2025",2484522183,-,RCV003060103|RCV003329455|RCV005647403,"MedGen:C3661900|Human Phenotype Ontology:HP:0004904,MONDO:MONDO:0018911,MedGen:C0342276,OMIM:PS125850,Orphanet:552|MONDO:MONDO:0015967,MedGen:C3888631,Orphanet:183625",not provided|Maturity-onset diabetes of the young|Monogenic diabetes,germline,germline,GRCh37,NC_000007.13,7,44189359,44189359,na,na,7p13,reviewed by expert panel,3,-,N,ClinGen:CA367401117,2,2136518,44189359,C,T,-,-,-,-,-,-,SCV006336866,-,-
1867985,single nucleotide variant,NM_000162.5(GCK):c.679G>A (p.Gly227Ser),2645,GCK,HGNC:4195,Pathogenic,1,"Sep 26, 2025",2484522183,-,RCV003060103|RCV003329455|RCV005647403,"MedGen:C3661900|Human Phenotype Ontology:HP:0004904,MONDO:MONDO:0018911,MedGen:C0342276,OMIM:PS125850,Orphanet:552|MONDO:MONDO:0015967,MedGen:C3888631,Orphanet:183625",not provided|Maturity-onset diabetes of the young|Monogenic diabetes,germline,germline,GRCh38,NC_000007.14,7,44149760,44149760,na,na,7p13,reviewed by expert panel,3,-,N,ClinGen:CA367401117,2,2136518,44149760,C,T,-,-,-,-,-,-,SCV006336866,-,-
1867987,single nucleotide variant,NM_000162.5(GCK):c.668G>T (p.Gly223Val),2645,GCK,HGNC:4195,Uncertain significance,0,"Aug 22, 2022",2484522309,-,RCV003060105,MedGen:C3661900,not provided,germline,germline,GRCh37,NC_000007.13,7,44189370,44189370,na,na,7p13,"criteria provided, single submitter",1,-,N,ClinGen:CA367401157,2,2136520,44189370,C,A,-,-,-,-,-,-,SCV003439902,-,-
1867987,single nucleotide variant,NM_000162.5(GCK):c.668G>T (p.Gly223Val),2645,GCK,HGNC:4195,Uncertain significance,0,"Aug 22, 2022",2484522309,-,RCV003060105,MedGen:C3661900,not provided,germline,germline,GRCh38,NC_000007.14,7,44149771,44149771,na,na,7p13,"criteria provided, single submitter",1,-,N,ClinGen:CA367401157,2,2136520,44149771,C,A,-,-,-,-,-,-,SCV003439902,-,-
1867988,single nucleotide variant,NM_000162.5(GCK):c.638G>A (p.Cys213Tyr),2645,GCK,HGNC:4195,Uncertain significance,0,"May 17, 2022",2484522576,-,RCV003060106,MedGen:C3661900,not provided,germline,germline,GRCh37,NC_000007.13,7,44189400,44189400,na,na,7p13,"criteria provided, single submitter",1,-,N,ClinGen:CA367401270,2,2136521,44189400,C,T,-,-,-,-,-,-,SCV003439951,-,-
1867988,single nucleotide variant,NM_000162.5(GCK):c.638G>A (p.Cys213Tyr),2645,GCK,HGNC:4195,Uncertain significance,0,"May 17, 2022",2484522576,-,RCV003060106,MedGen:C3661900,not provided,germline,germline,GRCh38,NC_000007.14,7,44149801,44149801,na,na,7p13,"criteria provided, single submitter",1,-,N,ClinGen:CA367401270,2,2136521,44149801,C,T,-,-,-,-,-,-,SCV003439951,-,-
1867989,single nucleotide variant,NM_000162.5(GCK):c.613G>T (p.Asp205Tyr),2645,GCK,HGNC:4195,Likely pathogenic,1,"Jun 25, 2023",2484522855,-,RCV003037218,MedGen:C3661900,not provided,germline,germline,GRCh37,NC_000007.13,7,44189425,44189425,na,na,7p13,"criteria provided, single submitter",1,-,N,ClinGen:CA367401348,2,2136522,44189425,C,A,-,-,-,-,-,-,SCV003439952,-,-
1867989,single nucleotide variant,NM_000162.5(GCK):c.613G>T (p.Asp205Tyr),2645,GCK,HGNC:4195,Likely pathogenic,1,"Jun 25, 2023",2484522855,-,RCV003037218,MedGen:C3661900,not provided,germline,germline,GRCh38,NC_000007.14,7,44149826,44149826,na,na,7p13,"criteria provided, single submitter",1,-,N,ClinGen:CA367401348,2,2136522,44149826,C,A,-,-,-,-,-,-,SCV003439952,-,-
1867990,single nucleotide variant,NM_000162.5(GCK):c.598G>C (p.Val200Leu),2645,GCK,HGNC:4195,Uncertain significance,0,"Feb 26, 2022",2484522958,-,RCV003037219,MedGen:C3661900,not provided,germline,germline,GRCh37,NC_000007.13,7,44189440,44189440,na,na,7p13,"criteria provided, single submitter",1,-,N,ClinGen:CA367401397,2,2136523,44189440,C,G,-,-,-,-,-,-,SCV003439903,-,-
1867990,single nucleotide variant,NM_000162.5(GCK):c.598G>C (p.Val200Leu),2645,GCK,HGNC:4195,Uncertain significance,0,"Feb 26, 2022",2484522958,-,RCV003037219,MedGen:C3661900,not provided,germline,germline,GRCh38,NC_000007.14,7,44149841,44149841,na,na,7p13,"criteria provided, single submitter",1,-,N,ClinGen:CA367401397,2,2136523,44149841,C,G,-,-,-,-,-,-,SCV003439903,-,-
1867991,single nucleotide variant,NM_000162.5(GCK):c.526G>A (p.Ala176Thr),2645,GCK,HGNC:4195,Uncertain significance,0,"Jul 06, 2025",2096278790,-,RCV003037220|RCV004632158|RCV005239611,"MedGen:C3661900|Human Phenotype Ontology:HP:0004904,MONDO:MONDO:0018911,MedGen:C0342276,OMIM:PS125850,Orphanet:552|MedGen:CN169374",not provided|Maturity-onset diabetes of the young|not specified,germline,germline,GRCh37,NC_000007.13,7,44189621,44189621,na,na,7p13,"criteria provided, multiple submitters, no conflicts",4,-,N,ClinGen:CA367401678,2,2136524,44189621,C,T,-,-,-,-,-,-,SCV003439954|SCV005126414|SCV005886751|SCV007329055,-,-
1867991,single nucleotide variant,NM_000162.5(GCK):c.526G>A (p.Ala176Thr),2645,GCK,HGNC:4195,Uncertain significance,0,"Jul 06, 2025",2096278790,-,RCV003037220|RCV004632158|RCV005239611,"MedGen:C3661900|Human Phenotype Ontology:HP:0004904,MONDO:MONDO:0018911,MedGen:C0342276,OMIM:PS125850,Orphanet:552|MedGen:CN169374",not provided|Maturity-onset diabetes of the young|not specified,germline,germline,GRCh38,NC_000007.14,7,44150022,44150022,na,na,7p13,"criteria provided, multiple submitters, no conflicts",4,-,N,ClinGen:CA367401678,2,2136524,44150022,C,T,-,-,-,-,-,-,SCV003439954|SCV005126414|SCV005886751|SCV007329055,-,-
1867993,single nucleotide variant,NM_000162.5(GCK):c.451T>C (p.Ser151Pro),2645,GCK,HGNC:4195,Conflicting classifications of pathogenicity,1,"Sep 25, 2024",2484529481,-,RCV003037221|RCV004782991,MedGen:C3661900|MedGen:CN169374,not provided|not specified,germline,germline,GRCh37,NC_000007.13,7,44190587,44190587,na,na,7p13,"criteria provided, conflicting classifications",2,-,N,ClinGen:CA367401938,2,2136526,44190587,A,G,-,-,-,-,-,-,SCV003439933|SCV005394641,-,-
1867993,single nucleotide variant,NM_000162.5(GCK):c.451T>C (p.Ser151Pro),2645,GCK,HGNC:4195,Conflicting classifications of pathogenicity,1,"Sep 25, 2024",2484529481,-,RCV003037221|RCV004782991,MedGen:C3661900|MedGen:CN169374,not provided|not specified,germline,germline,GRCh38,NC_000007.14,7,44150988,44150988,na,na,7p13,"criteria provided, conflicting classifications",2,-,N,ClinGen:CA367401938,2,2136526,44150988,A,G,-,-,-,-,-,-,SCV003439933|SCV005394641,-,-
1867994,single nucleotide variant,NM_000162.5(GCK):c.410A>G (p.His137Arg),2645,GCK,HGNC:4195,Likely pathogenic,1,"Apr 17, 2025",2484529889,-,RCV003060108|RCV005401999,"MedGen:C3661900|MONDO:MONDO:0015967,MedGen:C3888631,Orphanet:183625",not provided|Monogenic diabetes,germline,germline,GRCh37,NC_000007.13,7,44190628,44190628,na,na,7p13,reviewed by expert panel,2,-,N,ClinGen:CA367402077,2,2136527,44190628,T,C,-,-,-,-,-,-,SCV006059952,-,-
1867994,single nucleotide variant,NM_000162.5(GCK):c.410A>G (p.His137Arg),2645,GCK,HGNC:4195,Likely pathogenic,1,"Apr 17, 2025",2484529889,-,RCV003060108|RCV005401999,"MedGen:C3661900|MONDO:MONDO:0015967,MedGen:C3888631,Orphanet:183625",not provided|Monogenic diabetes,germline,germline,GRCh38,NC_000007.14,7,44151029,44151029,na,na,7p13,reviewed by expert panel,2,-,N,ClinGen:CA367402077,2,2136527,44151029,T,C,-,-,-,-,-,-,SCV006059952,-,-
1867996,single nucleotide variant,NM_000162.5(GCK):c.308C>G (p.Thr103Ser),2645,GCK,HGNC:4195,Likely pathogenic,1,"Dec 19, 2021",2096281719,-,RCV003037223,MedGen:C3661900,not provided,germline,germline,GRCh37,NC_000007.13,7,44191925,44191925,na,na,7p13,"criteria provided, single submitter",1,-,N,ClinGen:CA367402748,2,2136529,44191925,G,C,-,-,-,-,-,-,SCV003439969,-,-
1867996,single nucleotide variant,NM_000162.5(GCK):c.308C>G (p.Thr103Ser),2645,GCK,HGNC:4195,Likely pathogenic,1,"Dec 19, 2021",2096281719,-,RCV003037223,MedGen:C3661900,not provided,germline,germline,GRCh38,NC_000007.14,7,44152326,44152326,na,na,7p13,"criteria provided, single submitter",1,-,N,ClinGen:CA367402748,2,2136529,44152326,G,C,-,-,-,-,-,-,SCV003439969,-,-
1867998,single nucleotide variant,NM_000162.5(GCK):c.56T>A (p.Ile19Asn),2645,GCK,HGNC:4195,Pathogenic,1,"Feb 24, 2026",2484540549,-,RCV003037224|RCV006605388,"MedGen:C3661900|MONDO:MONDO:0015967,MedGen:C3888631,Orphanet:183625",not provided|Monogenic diabetes,germline,germline,GRCh37,NC_000007.13,7,44193052,44193052,na,na,7p13,reviewed by expert panel,2,-,N,ClinGen:CA367403826,2,2136531,44193052,A,T,-,-,-,-,-,-,SCV007496326,-,-
1867998,single nucleotide variant,NM_000162.5(GCK):c.56T>A (p.Ile19Asn),2645,GCK,HGNC:4195,Pathogenic,1,"Feb 24, 2026",2484540549,-,RCV003037224|RCV006605388,"MedGen:C3661900|MONDO:MONDO:0015967,MedGen:C3888631,Orphanet:183625",not provided|Monogenic diabetes,germline,germline,GRCh38,NC_000007.14,7,44153453,44153453,na,na,7p13,reviewed by expert panel,2,-,N,ClinGen:CA367403826,2,2136531,44153453,A,T,-,-,-,-,-,-,SCV007496326,-,-
1867999,single nucleotide variant,NM_000162.5(GCK):c.46-1G>A,2645,GCK,HGNC:4195,Likely pathogenic,1,"Jan 03, 2025",2484540715,-,RCV003060110|RCV004992457,"MedGen:C3661900|MONDO:MONDO:0015967,MedGen:C3888631,Orphanet:183625",not provided|Monogenic diabetes,germline,germline,GRCh37,NC_000007.13,7,44193063,44193063,na,na,7p13,reviewed by expert panel,2,-,N,ClinGen:CA367403889,2,2136532,44193063,C,T,-,-,-,-,-,-,SCV005442835,-,-
1867999,single nucleotide variant,NM_000162.5(GCK):c.46-1G>A,2645,GCK,HGNC:4195,Likely pathogenic,1,"Jan 03, 2025",2484540715,-,RCV003060110|RCV004992457,"MedGen:C3661900|MONDO:MONDO:0015967,MedGen:C3888631,Orphanet:183625",not provided|Monogenic diabetes,germline,germline,GRCh38,NC_000007.14,7,44153464,44153464,na,na,7p13,reviewed by expert panel,2,-,N,ClinGen:CA367403889,2,2136532,44153464,C,T,-,-,-,-,-,-,SCV005442835,-,-
1868000,single nucleotide variant,NM_000162.5(GCK):c.45G>A (p.Lys15=),2645,GCK,HGNC:4195,Uncertain significance,0,"May 26, 2023",2484626365,-,RCV003037225|RCV003234596|RCV003388145,"MedGen:C3661900|MONDO:MONDO:0015967,MedGen:C3888631,Orphanet:183625|MedGen:CN169374",not provided|Monogenic diabetes|not specified,germline,germline,GRCh37,NC_000007.13,7,44228508,44228508,na,na,7p13,reviewed by expert panel,3,-,N,ClinGen:CA454592033,2,2136533,44228508,C,T,-,-,-,-,-,-,SCV003932642,-,-
1868000,single nucleotide variant,NM_000162.5(GCK):c.45G>A (p.Lys15=),2645,GCK,HGNC:4195,Uncertain significance,0,"May 26, 2023",2484626365,-,RCV003037225|RCV003234596|RCV003388145,"MedGen:C3661900|MONDO:MONDO:0015967,MedGen:C3888631,Orphanet:183625|MedGen:CN169374",not provided|Monogenic diabetes|not specified,germline,germline,GRCh38,NC_000007.14,7,44188909,44188909,na,na,7p13,reviewed by expert panel,3,-,N,ClinGen:CA454592033,2,2136533,44188909,C,T,-,-,-,-,-,-,SCV003932642,-,-
1870383,single nucleotide variant,NM_000525.4(KCNJ11):c.664A>C (p.Lys222Gln),3767,KCNJ11,HGNC:6257,Uncertain significance,0,"Sep 28, 2023",747090537,-,RCV003067279,MedGen:C3661900,not provided,germline,germline,GRCh37,NC_000011.9,11,17408975,17408975,na,na,11p15.1,"criteria provided, multiple submitters, no conflicts",2,-,N,ClinGen:CA5902265,2,2146733,17408975,T,G,-,-,-,-,-,-,SCV003453686|SCV005078676,-,-
1870383,single nucleotide variant,NM_000525.4(KCNJ11):c.664A>C (p.Lys222Gln),3767,KCNJ11,HGNC:6257,Uncertain significance,0,"Sep 28, 2023",747090537,-,RCV003067279,MedGen:C3661900,not provided,germline,germline,GRCh38,NC_000011.10,11,17387428,17387428,na,na,11p15.1,"criteria provided, multiple submitters, no conflicts",2,-,N,ClinGen:CA5902265,2,2146733,17387428,T,G,-,-,-,-,-,-,SCV003453686|SCV005078676,-,-
1870423,single nucleotide variant,NM_000352.6(ABCC8):c.984G>T (p.Gly328=),6833,ABCC8,HGNC:59,Uncertain significance,0,"May 02, 2025",751181213,-,RCV003076848|RCV005050718|RCV005419548,"MedGen:C3661900|MONDO:MONDO:0030088,MedGen:C5394303,OMIM:618857;MONDO:MONDO:0009415,MedGen:C0271714,OMIM:240800;MONDO:MONDO:0012480,MedGen:C1835887,OMIM:610374,Orphanet:99886;MONDO:MONDO:0009734,MedGen:C2931832,OMIM:256450,Orphanet:276575,Orphanet:276598;Human Phenotype Ontology:HP:0005965,Human Phenotype Ontology:HP:0005978,Human Phenotype Ontology:HP:0100652,MONDO:MONDO:0005148,MeSH:D003924,MedGen:C0011860,OMIM:125853|MedGen:CN169374","not provided|Diabetes mellitus, permanent neonatal 3;Leucine-induced hypoglycemia;Diabetes mellitus, transient neonatal, 2;Hyperinsulinemic hypoglycemia, familial, 1;Type 2 diabetes mellitus|not specified",germline,germline,GRCh37,NC_000011.9,11,17482062,17482062,na,na,11p15.1,"criteria provided, multiple submitters, no conflicts",4,-,N,ClinGen:CA5903710,2,2146773,17482062,C,A,-,-,-,-,-,-,SCV003453696|SCV005680893|SCV006086696|SCV006310354,-,-
1870423,single nucleotide variant,NM_000352.6(ABCC8):c.984G>T (p.Gly328=),6833,ABCC8,HGNC:59,Uncertain significance,0,"May 02, 2025",751181213,-,RCV003076848|RCV005050718|RCV005419548,"MedGen:C3661900|MONDO:MONDO:0030088,MedGen:C5394303,OMIM:618857;MONDO:MONDO:0009415,MedGen:C0271714,OMIM:240800;MONDO:MONDO:0012480,MedGen:C1835887,OMIM:610374,Orphanet:99886;MONDO:MONDO:0009734,MedGen:C2931832,OMIM:256450,Orphanet:276575,Orphanet:276598;Human Phenotype Ontology:HP:0005965,Human Phenotype Ontology:HP:0005978,Human Phenotype Ontology:HP:0100652,MONDO:MONDO:0005148,MeSH:D003924,MedGen:C0011860,OMIM:125853|MedGen:CN169374","not provided|Diabetes mellitus, permanent neonatal 3;Leucine-induced hypoglycemia;Diabetes mellitus, transient neonatal, 2;Hyperinsulinemic hypoglycemia, familial, 1;Type 2 diabetes mellitus|not specified",germline,germline,GRCh38,NC_000011.10,11,17460515,17460515,na,na,11p15.1,"criteria provided, multiple submitters, no conflicts",4,-,N,ClinGen:CA5903710,2,2146773,17460515,C,A,-,-,-,-,-,-,SCV003453696|SCV005680893|SCV006086696|SCV006310354,-,-
1873561,single nucleotide variant,NM_000352.6(ABCC8):c.4657C>T (p.Arg1553Trp),6833,ABCC8,HGNC:59,Uncertain significance,0,"Jun 03, 2024",763809892,-,RCV003067138|RCV005045224,"MedGen:C3661900|MONDO:MONDO:0030088,MedGen:C5394303,OMIM:618857;MONDO:MONDO:0009415,MedGen:C0271714,OMIM:240800;MONDO:MONDO:0012480,MedGen:C1835887,OMIM:610374,Orphanet:99886;MONDO:MONDO:0009734,MedGen:C2931832,OMIM:256450,Orphanet:276575,Orphanet:276598;Human Phenotype Ontology:HP:0005965,Human Phenotype Ontology:HP:0005978,Human Phenotype Ontology:HP:0100652,MONDO:MONDO:0005148,MeSH:D003924,MedGen:C0011860,OMIM:125853","not provided|Diabetes mellitus, permanent neonatal 3;Leucine-induced hypoglycemia;Diabetes mellitus, transient neonatal, 2;Hyperinsulinemic hypoglycemia, familial, 1;Type 2 diabetes mellitus",germline,germline,GRCh37,NC_000011.9,11,17414627,17414627,na,na,11p15.1,"criteria provided, multiple submitters, no conflicts",2,-,N,ClinGen:CA5902388,2,2146457,17414627,G,A,-,-,-,-,-,-,SCV003453081|SCV005676645,-,-
1873561,single nucleotide variant,NM_000352.6(ABCC8):c.4657C>T (p.Arg1553Trp),6833,ABCC8,HGNC:59,Uncertain significance,0,"Jun 03, 2024",763809892,-,RCV003067138|RCV005045224,"MedGen:C3661900|MONDO:MONDO:0030088,MedGen:C5394303,OMIM:618857;MONDO:MONDO:0009415,MedGen:C0271714,OMIM:240800;MONDO:MONDO:0012480,MedGen:C1835887,OMIM:610374,Orphanet:99886;MONDO:MONDO:0009734,MedGen:C2931832,OMIM:256450,Orphanet:276575,Orphanet:276598;Human Phenotype Ontology:HP:0005965,Human Phenotype Ontology:HP:0005978,Human Phenotype Ontology:HP:0100652,MONDO:MONDO:0005148,MeSH:D003924,MedGen:C0011860,OMIM:125853","not provided|Diabetes mellitus, permanent neonatal 3;Leucine-induced hypoglycemia;Diabetes mellitus, transient neonatal, 2;Hyperinsulinemic hypoglycemia, familial, 1;Type 2 diabetes mellitus",germline,germline,GRCh38,NC_000011.10,11,17393080,17393080,na,na,11p15.1,"criteria provided, multiple submitters, no conflicts",2,-,N,ClinGen:CA5902388,2,2146457,17393080,G,A,-,-,-,-,-,-,SCV003453081|SCV005676645,-,-
1873829,single nucleotide variant,NM_000352.6(ABCC8):c.2292-16G>A,6833,ABCC8,HGNC:59,Likely benign,0,"Sep 06, 2025",368887692,-,RCV002510262|RCV002569430,MedGen:CN169374|MedGen:C3661900,not specified|not provided,germline,germline,GRCh37,NC_000011.9,11,17436173,17436173,na,na,11p15.1,"criteria provided, multiple submitters, no conflicts",2,-,N,ClinGen:CA5903192,2,1823791,17436173,C,T,-,-,-,-,-,-,SCV002819510|SCV003458450,-,-
1873829,single nucleotide variant,NM_000352.6(ABCC8):c.2292-16G>A,6833,ABCC8,HGNC:59,Likely benign,0,"Sep 06, 2025",368887692,-,RCV002510262|RCV002569430,MedGen:CN169374|MedGen:C3661900,not specified|not provided,germline,germline,GRCh38,NC_000011.10,11,17414626,17414626,na,na,11p15.1,"criteria provided, multiple submitters, no conflicts",2,-,N,ClinGen:CA5903192,2,1823791,17414626,C,T,-,-,-,-,-,-,SCV002819510|SCV003458450,-,-
1874549,single nucleotide variant,NM_000352.6(ABCC8):c.2583C>G (p.Ile861Met),6833,ABCC8,HGNC:59,Uncertain significance,0,"Jul 30, 2024",1292246246,-,RCV003041170|RCV005863792,"MedGen:C3661900|MONDO:MONDO:0100164,MedGen:C1833104,OMIM:PS606176,Orphanet:99885;MONDO:MONDO:0017182,MedGen:C3888018,Orphanet:276525",not provided|Permanent neonatal diabetes mellitus;Familial hyperinsulinism,germline;unknown,germline,GRCh37,NC_000011.9,11,17432174,17432174,na,na,11p15.1,"criteria provided, single submitter",2,-,N,ClinGen:CA379806609,2,2137421,17432174,G,C,-,-,-,-,-,-,SCV003441229,-,-
1874549,single nucleotide variant,NM_000352.6(ABCC8):c.2583C>G (p.Ile861Met),6833,ABCC8,HGNC:59,Uncertain significance,0,"Jul 30, 2024",1292246246,-,RCV003041170|RCV005863792,"MedGen:C3661900|MONDO:MONDO:0100164,MedGen:C1833104,OMIM:PS606176,Orphanet:99885;MONDO:MONDO:0017182,MedGen:C3888018,Orphanet:276525",not provided|Permanent neonatal diabetes mellitus;Familial hyperinsulinism,germline;unknown,germline,GRCh38,NC_000011.10,11,17410627,17410627,na,na,11p15.1,"criteria provided, single submitter",2,-,N,ClinGen:CA379806609,2,2137421,17410627,G,C,-,-,-,-,-,-,SCV003441229,-,-
1875999,single nucleotide variant,NM_000352.6(ABCC8):c.2390+14G>A,6833,ABCC8,HGNC:59,Likely benign,0,"Dec 17, 2025",771352914,-,RCV003051174,MedGen:C3661900,not provided,germline,germline,GRCh37,NC_000011.9,11,17436045,17436045,na,na,11p15.1,"criteria provided, single submitter",1,-,N,ClinGen:CA5903174,2,2142799,17436045,C,T,-,-,-,-,-,-,SCV003450375,-,-
1875999,single nucleotide variant,NM_000352.6(ABCC8):c.2390+14G>A,6833,ABCC8,HGNC:59,Likely benign,0,"Dec 17, 2025",771352914,-,RCV003051174,MedGen:C3661900,not provided,germline,germline,GRCh38,NC_000011.10,11,17414498,17414498,na,na,11p15.1,"criteria provided, single submitter",1,-,N,ClinGen:CA5903174,2,2142799,17414498,C,T,-,-,-,-,-,-,SCV003450375,-,-
1878002,Microsatellite,NM_000525.4(KCNJ11):c.847ATC[1] (p.Ile284del),3767,KCNJ11,HGNC:6257,Uncertain significance,0,"Feb 20, 2022",1252493997,-,RCV003037368,MedGen:C3661900,not provided,germline,germline,GRCh37,NC_000011.9,11,17408787,17408789,na,na,11p15.1,"criteria provided, single submitter",1,-,N,ClinGen:CA2580615636,2,2137000,17408786,CGAT,C,-,-,-,-,-,-,SCV003439610,-,-
1878002,Microsatellite,NM_000525.4(KCNJ11):c.847ATC[1] (p.Ile284del),3767,KCNJ11,HGNC:6257,Uncertain significance,0,"Feb 20, 2022",1252493997,-,RCV003037368,MedGen:C3661900,not provided,germline,germline,GRCh38,NC_000011.10,11,17387240,17387242,na,na,11p15.1,"criteria provided, single submitter",1,-,N,ClinGen:CA2580615636,2,2137000,17387239,CGAT,C,-,-,-,-,-,-,SCV003439610,-,-
1878003,single nucleotide variant,NM_000525.4(KCNJ11):c.271T>C (p.Trp91Arg),3767,KCNJ11,HGNC:6257,Likely pathogenic,1,"Mar 26, 2023",2496411563,-,RCV003062334,MedGen:C3661900,not provided,germline,germline,GRCh37,NC_000011.9,11,17409368,17409368,na,na,11p15.1,"criteria provided, single submitter",1,-,N,ClinGen:CA379774937,2,2137001,17409368,A,G,-,-,-,-,-,-,SCV003439792,-,-
1878003,single nucleotide variant,NM_000525.4(KCNJ11):c.271T>C (p.Trp91Arg),3767,KCNJ11,HGNC:6257,Likely pathogenic,1,"Mar 26, 2023",2496411563,-,RCV003062334,MedGen:C3661900,not provided,germline,germline,GRCh38,NC_000011.10,11,17387821,17387821,na,na,11p15.1,"criteria provided, single submitter",1,-,N,ClinGen:CA379774937,2,2137001,17387821,A,G,-,-,-,-,-,-,SCV003439792,-,-
1878004,single nucleotide variant,NM_000525.4(KCNJ11):c.165C>A (p.Phe55Leu),3767,KCNJ11,HGNC:6257,Conflicting classifications of pathogenicity,1,"Aug 22, 2023",1343400778,-,RCV003062335|RCV003459722,"MedGen:C3661900|Human Phenotype Ontology:HP:0005965,Human Phenotype Ontology:HP:0005978,Human Phenotype Ontology:HP:0100652,MONDO:MONDO:0005148,MeSH:D003924,MedGen:C0011860,OMIM:125853",not provided|Type 2 diabetes mellitus,germline;unknown,germline,GRCh37,NC_000011.9,11,17409474,17409474,na,na,11p15.1,"criteria provided, conflicting classifications",2,-,N,ClinGen:CA379776138,2,2137002,17409474,G,T,-,-,-,-,-,-,SCV003439793|SCV004198056,-,-
1878004,single nucleotide variant,NM_000525.4(KCNJ11):c.165C>A (p.Phe55Leu),3767,KCNJ11,HGNC:6257,Conflicting classifications of pathogenicity,1,"Aug 22, 2023",1343400778,-,RCV003062335|RCV003459722,"MedGen:C3661900|Human Phenotype Ontology:HP:0005965,Human Phenotype Ontology:HP:0005978,Human Phenotype Ontology:HP:0100652,MONDO:MONDO:0005148,MeSH:D003924,MedGen:C0011860,OMIM:125853",not provided|Type 2 diabetes mellitus,germline;unknown,germline,GRCh38,NC_000011.10,11,17387927,17387927,na,na,11p15.1,"criteria provided, conflicting classifications",2,-,N,ClinGen:CA379776138,2,2137002,17387927,G,T,-,-,-,-,-,-,SCV003439793|SCV004198056,-,-
1878005,single nucleotide variant,NM_000525.4(KCNJ11):c.148C>G (p.Arg50Gly),3767,KCNJ11,HGNC:6257,Pathogenic,1,"Jan 28, 2022",1221366142,-,RCV003062336,MedGen:C3661900,not provided,germline,germline,GRCh37,NC_000011.9,11,17409491,17409491,na,na,11p15.1,"criteria provided, single submitter",1,-,N,ClinGen:CA379776373,2,2137003,17409491,G,C,-,-,-,-,-,-,SCV003439611,-,-
1878005,single nucleotide variant,NM_000525.4(KCNJ11):c.148C>G (p.Arg50Gly),3767,KCNJ11,HGNC:6257,Pathogenic,1,"Jan 28, 2022",1221366142,-,RCV003062336,MedGen:C3661900,not provided,germline,germline,GRCh38,NC_000011.10,11,17387944,17387944,na,na,11p15.1,"criteria provided, single submitter",1,-,N,ClinGen:CA379776373,2,2137003,17387944,G,C,-,-,-,-,-,-,SCV003439611,-,-
1878006,single nucleotide variant,NM_000352.6(ABCC8):c.4546-1G>A,6833,ABCC8,HGNC:59,Likely pathogenic,1,"Aug 27, 2022",2496435088,-,RCV003062337,MedGen:C3661900,not provided,germline,germline,GRCh37,NC_000011.9,11,17415307,17415307,na,na,11p15.1,"criteria provided, single submitter",1,-,N,ClinGen:CA379782310,2,2137004,17415307,C,T,-,-,-,-,-,-,SCV003440249,-,-
1878006,single nucleotide variant,NM_000352.6(ABCC8):c.4546-1G>A,6833,ABCC8,HGNC:59,Likely pathogenic,1,"Aug 27, 2022",2496435088,-,RCV003062337,MedGen:C3661900,not provided,germline,germline,GRCh38,NC_000011.10,11,17393760,17393760,na,na,11p15.1,"criteria provided, single submitter",1,-,N,ClinGen:CA379782310,2,2137004,17393760,C,T,-,-,-,-,-,-,SCV003440249,-,-
1878008,single nucleotide variant,NM_000352.6(ABCC8):c.4532T>C (p.Ile1511Thr),6833,ABCC8,HGNC:59,Pathogenic,1,"Jul 08, 2025",2133394768,-,RCV003062338|RCV003227081|RCV005930317,"MedGen:C3661900|MONDO:MONDO:0009734,MedGen:C2931832,OMIM:256450,Orphanet:276575,Orphanet:276598|MONDO:MONDO:0017182,MedGen:C3888018,Orphanet:276525","not provided|Hyperinsulinemic hypoglycemia, familial, 1|Familial hyperinsulinism",germline;maternal,germline,GRCh37,NC_000011.9,11,17415826,17415826,na,na,11p15.1,"criteria provided, multiple submitters, no conflicts",3,-,N,ClinGen:CA379782757,2,2137006,17415826,A,G,-,-,-,-,-,-,SCV003439614|SCV007094425,-,-
1878008,single nucleotide variant,NM_000352.6(ABCC8):c.4532T>C (p.Ile1511Thr),6833,ABCC8,HGNC:59,Pathogenic,1,"Jul 08, 2025",2133394768,-,RCV003062338|RCV003227081|RCV005930317,"MedGen:C3661900|MONDO:MONDO:0009734,MedGen:C2931832,OMIM:256450,Orphanet:276575,Orphanet:276598|MONDO:MONDO:0017182,MedGen:C3888018,Orphanet:276525","not provided|Hyperinsulinemic hypoglycemia, familial, 1|Familial hyperinsulinism",germline;maternal,germline,GRCh38,NC_000011.10,11,17394279,17394279,na,na,11p15.1,"criteria provided, multiple submitters, no conflicts",3,-,N,ClinGen:CA379782757,2,2137006,17394279,A,G,-,-,-,-,-,-,SCV003439614|SCV007094425,-,-
1878010,Deletion,NM_000352.6(ABCC8):c.4210_4212del (p.Ile1404del),6833,ABCC8,HGNC:59,Uncertain significance,0,"Jul 07, 2023",2496451055,-,RCV003037371,MedGen:C3661900,not provided,germline,germline,GRCh37,NC_000011.9,11,17417252,17417254,na,na,11p15.1,"criteria provided, single submitter",1,-,N,ClinGen:CA2580082817,2,2137008,17417251,CAAT,C,-,-,-,-,-,-,SCV003439615,-,-
1878010,Deletion,NM_000352.6(ABCC8):c.4210_4212del (p.Ile1404del),6833,ABCC8,HGNC:59,Uncertain significance,0,"Jul 07, 2023",2496451055,-,RCV003037371,MedGen:C3661900,not provided,germline,germline,GRCh38,NC_000011.10,11,17395705,17395707,na,na,11p15.1,"criteria provided, single submitter",1,-,N,ClinGen:CA2580082817,2,2137008,17395704,CAAT,C,-,-,-,-,-,-,SCV003439615,-,-
1878011,single nucleotide variant,NM_000352.6(ABCC8):c.4178G>T (p.Arg1393Leu),6833,ABCC8,HGNC:59,Pathogenic,1,"Dec 28, 2023",769279368,-,RCV003037372|RCV005608854,MedGen:C3661900|,not provided|Hereditary hyperinsulinism,germline,germline,GRCh37,NC_000011.9,11,17417419,17417419,na,na,11p15.1,"criteria provided, single submitter",2,-,N,ClinGen:CA379787897,2,2137009,17417419,C,A,-,-,-,-,-,-,SCV003439616,-,-
1878011,single nucleotide variant,NM_000352.6(ABCC8):c.4178G>T (p.Arg1393Leu),6833,ABCC8,HGNC:59,Pathogenic,1,"Dec 28, 2023",769279368,-,RCV003037372|RCV005608854,MedGen:C3661900|,not provided|Hereditary hyperinsulinism,germline,germline,GRCh38,NC_000011.10,11,17395872,17395872,na,na,11p15.1,"criteria provided, single submitter",2,-,N,ClinGen:CA379787897,2,2137009,17395872,C,A,-,-,-,-,-,-,SCV003439616,-,-
1878012,single nucleotide variant,NM_000352.6(ABCC8):c.4148G>A (p.Gly1383Glu),6833,ABCC8,HGNC:59,Pathogenic,1,"Jul 19, 2022",2496452844,-,RCV003037373,MedGen:C3661900,not provided,germline,germline,GRCh37,NC_000011.9,11,17417449,17417449,na,na,11p15.1,"criteria provided, single submitter",1,-,N,ClinGen:CA379788256,2,2137010,17417449,C,T,-,-,-,-,-,-,SCV003439797,-,-
1878012,single nucleotide variant,NM_000352.6(ABCC8):c.4148G>A (p.Gly1383Glu),6833,ABCC8,HGNC:59,Pathogenic,1,"Jul 19, 2022",2496452844,-,RCV003037373,MedGen:C3661900,not provided,germline,germline,GRCh38,NC_000011.10,11,17395902,17395902,na,na,11p15.1,"criteria provided, single submitter",1,-,N,ClinGen:CA379788256,2,2137010,17395902,C,T,-,-,-,-,-,-,SCV003439797,-,-
1878013,single nucleotide variant,NM_000352.6(ABCC8):c.3967G>A (p.Glu1323Lys),6833,ABCC8,HGNC:59,Likely pathogenic,1,"Oct 14, 2023",2496464671,-,RCV003062339,MedGen:C3661900,not provided,germline,germline,GRCh37,NC_000011.9,11,17418761,17418761,na,na,11p15.1,"criteria provided, single submitter",1,-,N,ClinGen:CA379791713,2,2137011,17418761,C,T,-,-,-,-,-,-,SCV003439575,-,-
1878013,single nucleotide variant,NM_000352.6(ABCC8):c.3967G>A (p.Glu1323Lys),6833,ABCC8,HGNC:59,Likely pathogenic,1,"Oct 14, 2023",2496464671,-,RCV003062339,MedGen:C3661900,not provided,germline,germline,GRCh38,NC_000011.10,11,17397214,17397214,na,na,11p15.1,"criteria provided, single submitter",1,-,N,ClinGen:CA379791713,2,2137011,17397214,C,T,-,-,-,-,-,-,SCV003439575,-,-
1878014,single nucleotide variant,NM_000352.6(ABCC8):c.3399+2T>C,6833,ABCC8,HGNC:59,Likely pathogenic,1,"Sep 05, 2023",2496519075,-,RCV003062340,MedGen:C3661900,not provided,germline,germline,GRCh37,NC_000011.9,11,17427039,17427039,na,na,11p15.1,"criteria provided, single submitter",1,-,N,ClinGen:CA379799949,2,2137012,17427039,A,G,-,-,-,-,-,-,SCV003439576,-,-
1878014,single nucleotide variant,NM_000352.6(ABCC8):c.3399+2T>C,6833,ABCC8,HGNC:59,Likely pathogenic,1,"Sep 05, 2023",2496519075,-,RCV003062340,MedGen:C3661900,not provided,germline,germline,GRCh38,NC_000011.10,11,17405492,17405492,na,na,11p15.1,"criteria provided, single submitter",1,-,N,ClinGen:CA379799949,2,2137012,17405492,A,G,-,-,-,-,-,-,SCV003439576,-,-
1878015,single nucleotide variant,NM_000352.6(ABCC8):c.2694+1G>A,6833,ABCC8,HGNC:59,Pathogenic/Likely pathogenic,1,"Jun 22, 2024",774574576,-,RCV003062341|RCV003459723|RCV005045196,"MedGen:C3661900|Human Phenotype Ontology:HP:0005965,Human Phenotype Ontology:HP:0005978,Human Phenotype Ontology:HP:0100652,MONDO:MONDO:0005148,MeSH:D003924,MedGen:C0011860,OMIM:125853|MONDO:MONDO:0030088,MedGen:C5394303,OMIM:618857;MONDO:MONDO:0009415,MedGen:C0271714,OMIM:240800;MONDO:MONDO:0012480,MedGen:C1835887,OMIM:610374,Orphanet:99886;MONDO:MONDO:0009734,MedGen:C2931832,OMIM:256450,Orphanet:276575,Orphanet:276598;Human Phenotype Ontology:HP:0005965,Human Phenotype Ontology:HP:0005978,Human Phenotype Ontology:HP:0100652,MONDO:MONDO:0005148,MeSH:D003924,MedGen:C0011860,OMIM:125853","not provided|Type 2 diabetes mellitus|Diabetes mellitus, permanent neonatal 3;Leucine-induced hypoglycemia;Diabetes mellitus, transient neonatal, 2;Hyperinsulinemic hypoglycemia, familial, 1;Type 2 diabetes mellitus",germline;unknown,germline,GRCh37,NC_000011.9,11,17432062,17432062,na,na,11p15.1,"criteria provided, multiple submitters, no conflicts",3,-,N,ClinGen:CA5903056,2,2137013,17432062,C,T,-,-,-,-,-,-,SCV003439577|SCV004195429|SCV005676326,-,-
1878015,single nucleotide variant,NM_000352.6(ABCC8):c.2694+1G>A,6833,ABCC8,HGNC:59,Pathogenic/Likely pathogenic,1,"Jun 22, 2024",774574576,-,RCV003062341|RCV003459723|RCV005045196,"MedGen:C3661900|Human Phenotype Ontology:HP:0005965,Human Phenotype Ontology:HP:0005978,Human Phenotype Ontology:HP:0100652,MONDO:MONDO:0005148,MeSH:D003924,MedGen:C0011860,OMIM:125853|MONDO:MONDO:0030088,MedGen:C5394303,OMIM:618857;MONDO:MONDO:0009415,MedGen:C0271714,OMIM:240800;MONDO:MONDO:0012480,MedGen:C1835887,OMIM:610374,Orphanet:99886;MONDO:MONDO:0009734,MedGen:C2931832,OMIM:256450,Orphanet:276575,Orphanet:276598;Human Phenotype Ontology:HP:0005965,Human Phenotype Ontology:HP:0005978,Human Phenotype Ontology:HP:0100652,MONDO:MONDO:0005148,MeSH:D003924,MedGen:C0011860,OMIM:125853","not provided|Type 2 diabetes mellitus|Diabetes mellitus, permanent neonatal 3;Leucine-induced hypoglycemia;Diabetes mellitus, transient neonatal, 2;Hyperinsulinemic hypoglycemia, familial, 1;Type 2 diabetes mellitus",germline;unknown,germline,GRCh38,NC_000011.10,11,17410515,17410515,na,na,11p15.1,"criteria provided, multiple submitters, no conflicts",3,-,N,ClinGen:CA5903056,2,2137013,17410515,C,T,-,-,-,-,-,-,SCV003439577|SCV004195429|SCV005676326,-,-
1878016,single nucleotide variant,NM_000352.6(ABCC8):c.2562C>A (p.Asp854Glu),6833,ABCC8,HGNC:59,Uncertain significance,0,"Jun 23, 2022",2496558520,-,RCV003062342,MedGen:C3661900,not provided,germline,germline,GRCh37,NC_000011.9,11,17432195,17432195,na,na,11p15.1,"criteria provided, single submitter",1,-,N,ClinGen:CA379806718,2,2137014,17432195,G,T,-,-,-,-,-,-,SCV003439579,-,-
1878016,single nucleotide variant,NM_000352.6(ABCC8):c.2562C>A (p.Asp854Glu),6833,ABCC8,HGNC:59,Uncertain significance,0,"Jun 23, 2022",2496558520,-,RCV003062342,MedGen:C3661900,not provided,germline,germline,GRCh38,NC_000011.10,11,17410648,17410648,na,na,11p15.1,"criteria provided, single submitter",1,-,N,ClinGen:CA379806718,2,2137014,17410648,G,T,-,-,-,-,-,-,SCV003439579,-,-
1878017,single nucleotide variant,NM_000352.6(ABCC8):c.2434G>A (p.Asp812Asn),6833,ABCC8,HGNC:59,Conflicting classifications of pathogenicity,0,"Jan 05, 2026",146916682,-,RCV003062343|RCV005045197,"MedGen:C3661900|MONDO:MONDO:0030088,MedGen:C5394303,OMIM:618857;MONDO:MONDO:0009415,MedGen:C0271714,OMIM:240800;MONDO:MONDO:0012480,MedGen:C1835887,OMIM:610374,Orphanet:99886;MONDO:MONDO:0009734,MedGen:C2931832,OMIM:256450,Orphanet:276575,Orphanet:276598;Human Phenotype Ontology:HP:0005965,Human Phenotype Ontology:HP:0005978,Human Phenotype Ontology:HP:0100652,MONDO:MONDO:0005148,MeSH:D003924,MedGen:C0011860,OMIM:125853","not provided|Diabetes mellitus, permanent neonatal 3;Leucine-induced hypoglycemia;Diabetes mellitus, transient neonatal, 2;Hyperinsulinemic hypoglycemia, familial, 1;Type 2 diabetes mellitus",germline,germline,GRCh37,NC_000011.9,11,17434982,17434982,na,na,11p15.1,"criteria provided, conflicting classifications",2,-,N,ClinGen:CA5903139,2,2137015,17434982,C,T,-,-,-,-,-,-,SCV003440273|SCV005676345,-,-
1878017,single nucleotide variant,NM_000352.6(ABCC8):c.2434G>A (p.Asp812Asn),6833,ABCC8,HGNC:59,Conflicting classifications of pathogenicity,0,"Jan 05, 2026",146916682,-,RCV003062343|RCV005045197,"MedGen:C3661900|MONDO:MONDO:0030088,MedGen:C5394303,OMIM:618857;MONDO:MONDO:0009415,MedGen:C0271714,OMIM:240800;MONDO:MONDO:0012480,MedGen:C1835887,OMIM:610374,Orphanet:99886;MONDO:MONDO:0009734,MedGen:C2931832,OMIM:256450,Orphanet:276575,Orphanet:276598;Human Phenotype Ontology:HP:0005965,Human Phenotype Ontology:HP:0005978,Human Phenotype Ontology:HP:0100652,MONDO:MONDO:0005148,MeSH:D003924,MedGen:C0011860,OMIM:125853","not provided|Diabetes mellitus, permanent neonatal 3;Leucine-induced hypoglycemia;Diabetes mellitus, transient neonatal, 2;Hyperinsulinemic hypoglycemia, familial, 1;Type 2 diabetes mellitus",germline,germline,GRCh38,NC_000011.10,11,17413435,17413435,na,na,11p15.1,"criteria provided, conflicting classifications",2,-,N,ClinGen:CA5903139,2,2137015,17413435,C,T,-,-,-,-,-,-,SCV003440273|SCV005676345,-,-
1878018,single nucleotide variant,NM_000352.6(ABCC8):c.2264G>A (p.Arg755Gln),6833,ABCC8,HGNC:59,Conflicting classifications of pathogenicity,0,"Apr 06, 2024",528364662,-,RCV003058288|RCV003058287,"MedGen:C3661900|MeSH:D030342,MedGen:C0950123",not provided|Inborn genetic diseases,germline,germline,GRCh37,NC_000011.9,11,17436878,17436878,na,na,11p15.1,"criteria provided, conflicting classifications",2,-,N,ClinGen:CA5903232,2,2137016,17436878,C,T,-,-,-,-,-,-,SCV003439580|SCV003710419,-,-
1878018,single nucleotide variant,NM_000352.6(ABCC8):c.2264G>A (p.Arg755Gln),6833,ABCC8,HGNC:59,Conflicting classifications of pathogenicity,0,"Apr 06, 2024",528364662,-,RCV003058288|RCV003058287,"MedGen:C3661900|MeSH:D030342,MedGen:C0950123",not provided|Inborn genetic diseases,germline,germline,GRCh38,NC_000011.10,11,17415331,17415331,na,na,11p15.1,"criteria provided, conflicting classifications",2,-,N,ClinGen:CA5903232,2,2137016,17415331,C,T,-,-,-,-,-,-,SCV003439580|SCV003710419,-,-
1878019,single nucleotide variant,NM_000352.6(ABCC8):c.2204G>A (p.Gly735Glu),6833,ABCC8,HGNC:59,Likely pathogenic,1,"Mar 21, 2022",1356317869,-,RCV003037374,MedGen:C3661900,not provided,germline,germline,GRCh37,NC_000011.9,11,17448614,17448614,na,na,11p15.1,"criteria provided, single submitter",1,-,N,ClinGen:CA379813472,2,2137017,17448614,C,T,-,-,-,-,-,-,SCV003439581,-,-
1878019,single nucleotide variant,NM_000352.6(ABCC8):c.2204G>A (p.Gly735Glu),6833,ABCC8,HGNC:59,Likely pathogenic,1,"Mar 21, 2022",1356317869,-,RCV003037374,MedGen:C3661900,not provided,germline,germline,GRCh38,NC_000011.10,11,17427067,17427067,na,na,11p15.1,"criteria provided, single submitter",1,-,N,ClinGen:CA379813472,2,2137017,17427067,C,T,-,-,-,-,-,-,SCV003439581,-,-
1878020,Deletion,NM_000352.6(ABCC8):c.1933del (p.Val645fs),6833,ABCC8,HGNC:59,Pathogenic,1,"Jun 20, 2023",1360606629,-,RCV003058289|RCV003465921,"MedGen:C3661900|Human Phenotype Ontology:HP:0005965,Human Phenotype Ontology:HP:0005978,Human Phenotype Ontology:HP:0100652,MONDO:MONDO:0005148,MeSH:D003924,MedGen:C0011860,OMIM:125853",not provided|Type 2 diabetes mellitus,germline;unknown,germline,GRCh37,NC_000011.9,11,17449943,17449943,na,na,11p15.1,"criteria provided, multiple submitters, no conflicts",2,-,N,ClinGen:CA597904335,2,2137018,17449942,AC,A,-,-,-,-,-,-,SCV003439582|SCV004205994,-,-
1878020,Deletion,NM_000352.6(ABCC8):c.1933del (p.Val645fs),6833,ABCC8,HGNC:59,Pathogenic,1,"Jun 20, 2023",1360606629,-,RCV003058289|RCV003465921,"MedGen:C3661900|Human Phenotype Ontology:HP:0005965,Human Phenotype Ontology:HP:0005978,Human Phenotype Ontology:HP:0100652,MONDO:MONDO:0005148,MeSH:D003924,MedGen:C0011860,OMIM:125853",not provided|Type 2 diabetes mellitus,germline;unknown,germline,GRCh38,NC_000011.10,11,17428396,17428396,na,na,11p15.1,"criteria provided, multiple submitters, no conflicts",2,-,N,ClinGen:CA597904335,2,2137018,17428395,AC,A,-,-,-,-,-,-,SCV003439582|SCV004205994,-,-
1878021,single nucleotide variant,NM_000352.6(ABCC8):c.1817+2T>C,6833,ABCC8,HGNC:59,Pathogenic/Likely pathogenic,1,"Aug 16, 2023",772723050,-,RCV003062344|RCV003321968,"MedGen:C3661900|MONDO:MONDO:0009734,MedGen:C2931832,OMIM:256450,Orphanet:276575,Orphanet:276598","not provided|Hyperinsulinemic hypoglycemia, familial, 1",germline,germline,GRCh37,NC_000011.9,11,17452359,17452359,na,na,11p15.1,"criteria provided, multiple submitters, no conflicts",2,-,N,ClinGen:CA5903450,2,2137019,17452359,A,G,-,-,-,-,-,-,SCV003439709|SCV004026552,-,-
1878021,single nucleotide variant,NM_000352.6(ABCC8):c.1817+2T>C,6833,ABCC8,HGNC:59,Pathogenic/Likely pathogenic,1,"Aug 16, 2023",772723050,-,RCV003062344|RCV003321968,"MedGen:C3661900|MONDO:MONDO:0009734,MedGen:C2931832,OMIM:256450,Orphanet:276575,Orphanet:276598","not provided|Hyperinsulinemic hypoglycemia, familial, 1",germline,germline,GRCh38,NC_000011.10,11,17430812,17430812,na,na,11p15.1,"criteria provided, multiple submitters, no conflicts",2,-,N,ClinGen:CA5903450,2,2137019,17430812,A,G,-,-,-,-,-,-,SCV003439709|SCV004026552,-,-
1878022,single nucleotide variant,NM_000352.6(ABCC8):c.19G>C (p.Gly7Arg),6833,ABCC8,HGNC:59,Likely pathogenic,1,"Oct 28, 2023",781059815,-,RCV003058290|RCV003317639|RCV003321969|RCV004529198,"MedGen:C3661900|MONDO:MONDO:0017182,MedGen:C3888018,Orphanet:276525|MONDO:MONDO:0009734,MedGen:C2931832,OMIM:256450,Orphanet:276575,Orphanet:276598|","not provided|Familial hyperinsulinism|Hyperinsulinemic hypoglycemia, familial, 1|ABCC8-related disorder",germline,germline,GRCh37,NC_000011.9,11,17498305,17498305,na,na,11p15.1,"criteria provided, multiple submitters, no conflicts",4,-,N,ClinGen:CA218464119,2,2137020,17498305,C,G,-,-,-,-,-,-,SCV003439711|SCV004020577|SCV004026596|SCV004106406,-,-
1878022,single nucleotide variant,NM_000352.6(ABCC8):c.19G>C (p.Gly7Arg),6833,ABCC8,HGNC:59,Likely pathogenic,1,"Oct 28, 2023",781059815,-,RCV003058290|RCV003317639|RCV003321969|RCV004529198,"MedGen:C3661900|MONDO:MONDO:0017182,MedGen:C3888018,Orphanet:276525|MONDO:MONDO:0009734,MedGen:C2931832,OMIM:256450,Orphanet:276575,Orphanet:276598|","not provided|Familial hyperinsulinism|Hyperinsulinemic hypoglycemia, familial, 1|ABCC8-related disorder",germline,germline,GRCh38,NC_000011.10,11,17476758,17476758,na,na,11p15.1,"criteria provided, multiple submitters, no conflicts",4,-,N,ClinGen:CA218464119,2,2137020,17476758,C,G,-,-,-,-,-,-,SCV003439711|SCV004020577|SCV004026596|SCV004106406,-,-
1878023,single nucleotide variant,NM_000352.6(ABCC8):c.1A>G (p.Met1Val),6833,ABCC8,HGNC:59,Pathogenic/Likely pathogenic,1,"Feb 20, 2024",2496931481,-,RCV003062345|RCV005045198,"MedGen:C3661900|MONDO:MONDO:0030088,MedGen:C5394303,OMIM:618857;MONDO:MONDO:0009415,MedGen:C0271714,OMIM:240800;MONDO:MONDO:0012480,MedGen:C1835887,OMIM:610374,Orphanet:99886;MONDO:MONDO:0009734,MedGen:C2931832,OMIM:256450,Orphanet:276575,Orphanet:276598;Human Phenotype Ontology:HP:0005965,Human Phenotype Ontology:HP:0005978,Human Phenotype Ontology:HP:0100652,MONDO:MONDO:0005148,MeSH:D003924,MedGen:C0011860,OMIM:125853","not provided|Diabetes mellitus, permanent neonatal 3;Leucine-induced hypoglycemia;Diabetes mellitus, transient neonatal, 2;Hyperinsulinemic hypoglycemia, familial, 1;Type 2 diabetes mellitus",germline,germline,GRCh37,NC_000011.9,11,17498323,17498323,na,na,11p15.1,"criteria provided, multiple submitters, no conflicts",2,-,N,ClinGen:CA379790517,2,2137021,17498323,T,C,-,-,-,-,-,-,SCV003440254|SCV005676133,-,-
1878023,single nucleotide variant,NM_000352.6(ABCC8):c.1A>G (p.Met1Val),6833,ABCC8,HGNC:59,Pathogenic/Likely pathogenic,1,"Feb 20, 2024",2496931481,-,RCV003062345|RCV005045198,"MedGen:C3661900|MONDO:MONDO:0030088,MedGen:C5394303,OMIM:618857;MONDO:MONDO:0009415,MedGen:C0271714,OMIM:240800;MONDO:MONDO:0012480,MedGen:C1835887,OMIM:610374,Orphanet:99886;MONDO:MONDO:0009734,MedGen:C2931832,OMIM:256450,Orphanet:276575,Orphanet:276598;Human Phenotype Ontology:HP:0005965,Human Phenotype Ontology:HP:0005978,Human Phenotype Ontology:HP:0100652,MONDO:MONDO:0005148,MeSH:D003924,MedGen:C0011860,OMIM:125853","not provided|Diabetes mellitus, permanent neonatal 3;Leucine-induced hypoglycemia;Diabetes mellitus, transient neonatal, 2;Hyperinsulinemic hypoglycemia, familial, 1;Type 2 diabetes mellitus",germline,germline,GRCh38,NC_000011.10,11,17476776,17476776,na,na,11p15.1,"criteria provided, multiple submitters, no conflicts",2,-,N,ClinGen:CA379790517,2,2137021,17476776,T,C,-,-,-,-,-,-,SCV003440254|SCV005676133,-,-
1883166,single nucleotide variant,NM_000352.6(ABCC8):c.291-6T>A,6833,ABCC8,HGNC:59,Likely benign,0,"Jan 21, 2024",2496898485,-,RCV003075697,MedGen:C3661900,not provided,germline,germline,GRCh37,NC_000011.9,11,17491775,17491775,na,na,11p15.1,"criteria provided, single submitter",1,-,N,ClinGen:CA2580082760,2,2156890,17491775,A,T,-,-,-,-,-,-,SCV003468382,-,-
1883166,single nucleotide variant,NM_000352.6(ABCC8):c.291-6T>A,6833,ABCC8,HGNC:59,Likely benign,0,"Jan 21, 2024",2496898485,-,RCV003075697,MedGen:C3661900,not provided,germline,germline,GRCh38,NC_000011.10,11,17470228,17470228,na,na,11p15.1,"criteria provided, single submitter",1,-,N,ClinGen:CA2580082760,2,2156890,17470228,A,T,-,-,-,-,-,-,SCV003468382,-,-
1884383,single nucleotide variant,NM_000352.6(ABCC8):c.4207A>G (p.Ile1403Val),6833,ABCC8,HGNC:59,Conflicting classifications of pathogenicity,0,"Nov 10, 2025",913334458,-,RCV003078854|RCV005045267,"MedGen:C3661900|MONDO:MONDO:0030088,MedGen:C5394303,OMIM:618857;MONDO:MONDO:0009415,MedGen:C0271714,OMIM:240800;MONDO:MONDO:0012480,MedGen:C1835887,OMIM:610374,Orphanet:99886;MONDO:MONDO:0009734,MedGen:C2931832,OMIM:256450,Orphanet:276575,Orphanet:276598;Human Phenotype Ontology:HP:0005965,Human Phenotype Ontology:HP:0005978,Human Phenotype Ontology:HP:0100652,MONDO:MONDO:0005148,MeSH:D003924,MedGen:C0011860,OMIM:125853","not provided|Diabetes mellitus, permanent neonatal 3;Leucine-induced hypoglycemia;Diabetes mellitus, transient neonatal, 2;Hyperinsulinemic hypoglycemia, familial, 1;Type 2 diabetes mellitus",germline,germline,GRCh37,NC_000011.9,11,17417257,17417257,na,na,11p15.1,"criteria provided, conflicting classifications",2,-,N,ClinGen:CA218407992,2,2161995,17417257,T,C,-,-,-,-,-,-,SCV003476208|SCV005676670,-,-
1884383,single nucleotide variant,NM_000352.6(ABCC8):c.4207A>G (p.Ile1403Val),6833,ABCC8,HGNC:59,Conflicting classifications of pathogenicity,0,"Nov 10, 2025",913334458,-,RCV003078854|RCV005045267,"MedGen:C3661900|MONDO:MONDO:0030088,MedGen:C5394303,OMIM:618857;MONDO:MONDO:0009415,MedGen:C0271714,OMIM:240800;MONDO:MONDO:0012480,MedGen:C1835887,OMIM:610374,Orphanet:99886;MONDO:MONDO:0009734,MedGen:C2931832,OMIM:256450,Orphanet:276575,Orphanet:276598;Human Phenotype Ontology:HP:0005965,Human Phenotype Ontology:HP:0005978,Human Phenotype Ontology:HP:0100652,MONDO:MONDO:0005148,MeSH:D003924,MedGen:C0011860,OMIM:125853","not provided|Diabetes mellitus, permanent neonatal 3;Leucine-induced hypoglycemia;Diabetes mellitus, transient neonatal, 2;Hyperinsulinemic hypoglycemia, familial, 1;Type 2 diabetes mellitus",germline,germline,GRCh38,NC_000011.10,11,17395710,17395710,na,na,11p15.1,"criteria provided, conflicting classifications",2,-,N,ClinGen:CA218407992,2,2161995,17395710,T,C,-,-,-,-,-,-,SCV003476208|SCV005676670,-,-
1884677,single nucleotide variant,NM_000352.6(ABCC8):c.4228G>A (p.Ala1410Thr),6833,ABCC8,HGNC:59,Uncertain significance,0,"Jul 01, 2025",975338030,-,RCV003067909|RCV005045235,"MedGen:C3661900|MONDO:MONDO:0030088,MedGen:C5394303,OMIM:618857;MONDO:MONDO:0009415,MedGen:C0271714,OMIM:240800;MONDO:MONDO:0012480,MedGen:C1835887,OMIM:610374,Orphanet:99886;MONDO:MONDO:0009734,MedGen:C2931832,OMIM:256450,Orphanet:276575,Orphanet:276598;Human Phenotype Ontology:HP:0005965,Human Phenotype Ontology:HP:0005978,Human Phenotype Ontology:HP:0100652,MONDO:MONDO:0005148,MeSH:D003924,MedGen:C0011860,OMIM:125853","not provided|Diabetes mellitus, permanent neonatal 3;Leucine-induced hypoglycemia;Diabetes mellitus, transient neonatal, 2;Hyperinsulinemic hypoglycemia, familial, 1;Type 2 diabetes mellitus",germline,germline,GRCh37,NC_000011.9,11,17417236,17417236,na,na,11p15.1,"criteria provided, multiple submitters, no conflicts",3,-,N,ClinGen:CA218407985,2,2151109,17417236,C,T,-,-,-,-,-,-,SCV003460316|SCV005676669|SCV006330513,-,-
1884677,single nucleotide variant,NM_000352.6(ABCC8):c.4228G>A (p.Ala1410Thr),6833,ABCC8,HGNC:59,Uncertain significance,0,"Jul 01, 2025",975338030,-,RCV003067909|RCV005045235,"MedGen:C3661900|MONDO:MONDO:0030088,MedGen:C5394303,OMIM:618857;MONDO:MONDO:0009415,MedGen:C0271714,OMIM:240800;MONDO:MONDO:0012480,MedGen:C1835887,OMIM:610374,Orphanet:99886;MONDO:MONDO:0009734,MedGen:C2931832,OMIM:256450,Orphanet:276575,Orphanet:276598;Human Phenotype Ontology:HP:0005965,Human Phenotype Ontology:HP:0005978,Human Phenotype Ontology:HP:0100652,MONDO:MONDO:0005148,MeSH:D003924,MedGen:C0011860,OMIM:125853","not provided|Diabetes mellitus, permanent neonatal 3;Leucine-induced hypoglycemia;Diabetes mellitus, transient neonatal, 2;Hyperinsulinemic hypoglycemia, familial, 1;Type 2 diabetes mellitus",germline,germline,GRCh38,NC_000011.10,11,17395689,17395689,na,na,11p15.1,"criteria provided, multiple submitters, no conflicts",3,-,N,ClinGen:CA218407985,2,2151109,17395689,C,T,-,-,-,-,-,-,SCV003460316|SCV005676669|SCV006330513,-,-
1887408,single nucleotide variant,NM_000352.6(ABCC8):c.4609-16C>T,6833,ABCC8,HGNC:59,Likely benign,0,"Feb 21, 2025",1045273458,-,RCV003078669|RCV005239647,MedGen:C3661900|MedGen:CN169374,not provided|not specified,germline,germline,GRCh37,NC_000011.9,11,17414691,17414691,na,na,11p15.1,"criteria provided, multiple submitters, no conflicts",2,-,N,ClinGen:CA218405717,2,2161629,17414691,G,A,-,-,-,-,-,-,SCV003475998|SCV005885474,-,-
1887408,single nucleotide variant,NM_000352.6(ABCC8):c.4609-16C>T,6833,ABCC8,HGNC:59,Likely benign,0,"Feb 21, 2025",1045273458,-,RCV003078669|RCV005239647,MedGen:C3661900|MedGen:CN169374,not provided|not specified,germline,germline,GRCh38,NC_000011.10,11,17393144,17393144,na,na,11p15.1,"criteria provided, multiple submitters, no conflicts",2,-,N,ClinGen:CA218405717,2,2161629,17393144,G,A,-,-,-,-,-,-,SCV003475998|SCV005885474,-,-
1889283,single nucleotide variant,NM_000352.6(ABCC8):c.4546-18G>A,6833,ABCC8,HGNC:59,Likely benign,0,"Mar 17, 2025",774041537,-,RCV003081762,MedGen:C3661900,not provided,germline,germline,GRCh37,NC_000011.9,11,17415324,17415324,na,na,11p15.1,"criteria provided, single submitter",1,-,N,ClinGen:CA5902430,2,2154390,17415324,C,T,-,-,-,-,-,-,SCV003466760,-,-
1889283,single nucleotide variant,NM_000352.6(ABCC8):c.4546-18G>A,6833,ABCC8,HGNC:59,Likely benign,0,"Mar 17, 2025",774041537,-,RCV003081762,MedGen:C3661900,not provided,germline,germline,GRCh38,NC_000011.10,11,17393777,17393777,na,na,11p15.1,"criteria provided, single submitter",1,-,N,ClinGen:CA5902430,2,2154390,17393777,C,T,-,-,-,-,-,-,SCV003466760,-,-
1889800,single nucleotide variant,NM_000525.4(KCNJ11):c.1039C>T (p.Arg347Cys),3767,KCNJ11,HGNC:6257,Uncertain significance,0,"Jul 06, 2023",146255794,-,RCV003084077,MedGen:C3661900,not provided,germline,germline,GRCh37,NC_000011.9,11,17408600,17408600,na,na,11p15.1,"criteria provided, multiple submitters, no conflicts",2,-,N,ClinGen:CA5902195,2,2156201,17408600,G,A,-,-,-,-,-,-,SCV003469031|SCV005372762,-,-
1889800,single nucleotide variant,NM_000525.4(KCNJ11):c.1039C>T (p.Arg347Cys),3767,KCNJ11,HGNC:6257,Uncertain significance,0,"Jul 06, 2023",146255794,-,RCV003084077,MedGen:C3661900,not provided,germline,germline,GRCh38,NC_000011.10,11,17387053,17387053,na,na,11p15.1,"criteria provided, multiple submitters, no conflicts",2,-,N,ClinGen:CA5902195,2,2156201,17387053,G,A,-,-,-,-,-,-,SCV003469031|SCV005372762,-,-
1890010,single nucleotide variant,NM_000352.6(ABCC8):c.2883G>C (p.Ser961=),6833,ABCC8,HGNC:59,Likely benign,0,"Sep 06, 2023",556416269,-,RCV003078233,MedGen:C3661900,not provided,germline,germline,GRCh37,NC_000011.9,11,17428938,17428938,na,na,11p15.1,"criteria provided, single submitter",1,-,N,ClinGen:CA473300350,2,2157704,17428938,C,G,-,-,-,-,-,-,SCV003470384,-,-
1890010,single nucleotide variant,NM_000352.6(ABCC8):c.2883G>C (p.Ser961=),6833,ABCC8,HGNC:59,Likely benign,0,"Sep 06, 2023",556416269,-,RCV003078233,MedGen:C3661900,not provided,germline,germline,GRCh38,NC_000011.10,11,17407391,17407391,na,na,11p15.1,"criteria provided, single submitter",1,-,N,ClinGen:CA473300350,2,2157704,17407391,C,G,-,-,-,-,-,-,SCV003470384,-,-
1890784,single nucleotide variant,NM_000352.6(ABCC8):c.1277A>G (p.Asn426Ser),6833,ABCC8,HGNC:59,Uncertain significance,0,"Mar 06, 2022",754026684,-,RCV003078392,MedGen:C3661900,not provided,germline,germline,GRCh37,NC_000011.9,11,17470118,17470118,na,na,11p15.1,"criteria provided, single submitter",1,-,N,ClinGen:CA5903629,2,2161075,17470118,T,C,-,-,-,-,-,-,SCV003474528,-,-
1890784,single nucleotide variant,NM_000352.6(ABCC8):c.1277A>G (p.Asn426Ser),6833,ABCC8,HGNC:59,Uncertain significance,0,"Mar 06, 2022",754026684,-,RCV003078392,MedGen:C3661900,not provided,germline,germline,GRCh38,NC_000011.10,11,17448571,17448571,na,na,11p15.1,"criteria provided, single submitter",1,-,N,ClinGen:CA5903629,2,2161075,17448571,T,C,-,-,-,-,-,-,SCV003474528,-,-
1891528,single nucleotide variant,NM_000352.6(ABCC8):c.2305G>A (p.Val769Met),6833,ABCC8,HGNC:59,Uncertain significance,0,"Jan 01, 2024",767419912,-,RCV003073127|RCV005045272|RCV004536599,"MedGen:C3661900|MONDO:MONDO:0030088,MedGen:C5394303,OMIM:618857;MONDO:MONDO:0009415,MedGen:C0271714,OMIM:240800;MONDO:MONDO:0012480,MedGen:C1835887,OMIM:610374,Orphanet:99886;MONDO:MONDO:0009734,MedGen:C2931832,OMIM:256450,Orphanet:276575,Orphanet:276598;Human Phenotype Ontology:HP:0005965,Human Phenotype Ontology:HP:0005978,Human Phenotype Ontology:HP:0100652,MONDO:MONDO:0005148,MeSH:D003924,MedGen:C0011860,OMIM:125853|","not provided|Diabetes mellitus, permanent neonatal 3;Leucine-induced hypoglycemia;Diabetes mellitus, transient neonatal, 2;Hyperinsulinemic hypoglycemia, familial, 1;Type 2 diabetes mellitus|ABCC8-related disorder",germline,germline,GRCh37,NC_000011.9,11,17436144,17436144,na,na,11p15.1,"criteria provided, multiple submitters, no conflicts",4,-,N,ClinGen:CA5903186,2,2163111,17436144,C,T,-,-,-,-,-,-,SCV003476924|SCV004025682|SCV005676353,-,-
1891528,single nucleotide variant,NM_000352.6(ABCC8):c.2305G>A (p.Val769Met),6833,ABCC8,HGNC:59,Uncertain significance,0,"Jan 01, 2024",767419912,-,RCV003073127|RCV005045272|RCV004536599,"MedGen:C3661900|MONDO:MONDO:0030088,MedGen:C5394303,OMIM:618857;MONDO:MONDO:0009415,MedGen:C0271714,OMIM:240800;MONDO:MONDO:0012480,MedGen:C1835887,OMIM:610374,Orphanet:99886;MONDO:MONDO:0009734,MedGen:C2931832,OMIM:256450,Orphanet:276575,Orphanet:276598;Human Phenotype Ontology:HP:0005965,Human Phenotype Ontology:HP:0005978,Human Phenotype Ontology:HP:0100652,MONDO:MONDO:0005148,MeSH:D003924,MedGen:C0011860,OMIM:125853|","not provided|Diabetes mellitus, permanent neonatal 3;Leucine-induced hypoglycemia;Diabetes mellitus, transient neonatal, 2;Hyperinsulinemic hypoglycemia, familial, 1;Type 2 diabetes mellitus|ABCC8-related disorder",germline,germline,GRCh38,NC_000011.10,11,17414597,17414597,na,na,11p15.1,"criteria provided, multiple submitters, no conflicts",4,-,N,ClinGen:CA5903186,2,2163111,17414597,C,T,-,-,-,-,-,-,SCV003476924|SCV004025682|SCV005676353,-,-
1891636,single nucleotide variant,NM_000352.6(ABCC8):c.1555C>T (p.Arg519Cys),6833,ABCC8,HGNC:59,Conflicting classifications of pathogenicity,0,"Jan 21, 2026",1057467571,-,RCV003083380|RCV005045231,"MedGen:C3661900|MONDO:MONDO:0030088,MedGen:C5394303,OMIM:618857;MONDO:MONDO:0009415,MedGen:C0271714,OMIM:240800;MONDO:MONDO:0012480,MedGen:C1835887,OMIM:610374,Orphanet:99886;MONDO:MONDO:0009734,MedGen:C2931832,OMIM:256450,Orphanet:276575,Orphanet:276598;Human Phenotype Ontology:HP:0005965,Human Phenotype Ontology:HP:0005978,Human Phenotype Ontology:HP:0100652,MONDO:MONDO:0005148,MeSH:D003924,MedGen:C0011860,OMIM:125853","not provided|Diabetes mellitus, permanent neonatal 3;Leucine-induced hypoglycemia;Diabetes mellitus, transient neonatal, 2;Hyperinsulinemic hypoglycemia, familial, 1;Type 2 diabetes mellitus",germline,germline,GRCh37,NC_000011.9,11,17464342,17464342,na,na,11p15.1,"criteria provided, conflicting classifications",2,-,N,ClinGen:CA5903533,2,2150257,17464342,G,A,-,-,-,-,-,-,SCV003458227|SCV005676398,-,-
1891636,single nucleotide variant,NM_000352.6(ABCC8):c.1555C>T (p.Arg519Cys),6833,ABCC8,HGNC:59,Conflicting classifications of pathogenicity,0,"Jan 21, 2026",1057467571,-,RCV003083380|RCV005045231,"MedGen:C3661900|MONDO:MONDO:0030088,MedGen:C5394303,OMIM:618857;MONDO:MONDO:0009415,MedGen:C0271714,OMIM:240800;MONDO:MONDO:0012480,MedGen:C1835887,OMIM:610374,Orphanet:99886;MONDO:MONDO:0009734,MedGen:C2931832,OMIM:256450,Orphanet:276575,Orphanet:276598;Human Phenotype Ontology:HP:0005965,Human Phenotype Ontology:HP:0005978,Human Phenotype Ontology:HP:0100652,MONDO:MONDO:0005148,MeSH:D003924,MedGen:C0011860,OMIM:125853","not provided|Diabetes mellitus, permanent neonatal 3;Leucine-induced hypoglycemia;Diabetes mellitus, transient neonatal, 2;Hyperinsulinemic hypoglycemia, familial, 1;Type 2 diabetes mellitus",germline,germline,GRCh38,NC_000011.10,11,17442795,17442795,na,na,11p15.1,"criteria provided, conflicting classifications",2,-,N,ClinGen:CA5903533,2,2150257,17442795,G,A,-,-,-,-,-,-,SCV003458227|SCV005676398,-,-
1893720,single nucleotide variant,NM_000352.6(ABCC8):c.2016C>T (p.Gly672=),6833,ABCC8,HGNC:59,Likely benign,0,"Jan 31, 2024",771361396,-,RCV003069967,MedGen:C3661900,not provided,germline,germline,GRCh37,NC_000011.9,11,17449860,17449860,na,na,11p15.1,"criteria provided, single submitter",1,-,N,ClinGen:CA5903347,2,2158828,17449860,G,A,-,-,-,-,-,-,SCV003470815,-,-
1893720,single nucleotide variant,NM_000352.6(ABCC8):c.2016C>T (p.Gly672=),6833,ABCC8,HGNC:59,Likely benign,0,"Jan 31, 2024",771361396,-,RCV003069967,MedGen:C3661900,not provided,germline,germline,GRCh38,NC_000011.10,11,17428313,17428313,na,na,11p15.1,"criteria provided, single submitter",1,-,N,ClinGen:CA5903347,2,2158828,17428313,G,A,-,-,-,-,-,-,SCV003470815,-,-
1897839,single nucleotide variant,NM_000352.6(ABCC8):c.1817+16G>A,6833,ABCC8,HGNC:59,Likely benign,0,"May 02, 2023",1025412423,-,RCV002602342,MedGen:C3661900,not provided,germline,germline,GRCh37,NC_000011.9,11,17452345,17452345,na,na,11p15.1,"criteria provided, single submitter",1,-,N,ClinGen:CA597666376,2,2175461,17452345,C,T,-,-,-,-,-,-,SCV003489579,-,-
1897839,single nucleotide variant,NM_000352.6(ABCC8):c.1817+16G>A,6833,ABCC8,HGNC:59,Likely benign,0,"May 02, 2023",1025412423,-,RCV002602342,MedGen:C3661900,not provided,germline,germline,GRCh38,NC_000011.10,11,17430798,17430798,na,na,11p15.1,"criteria provided, single submitter",1,-,N,ClinGen:CA597666376,2,2175461,17430798,C,T,-,-,-,-,-,-,SCV003489579,-,-
1900438,single nucleotide variant,NM_000352.6(ABCC8):c.4729G>A (p.Val1577Ile),6833,ABCC8,HGNC:59,Uncertain significance,0,"Aug 22, 2022",1301774090,-,RCV003087058,MedGen:C3661900,not provided,germline,germline,GRCh37,NC_000011.9,11,17414555,17414555,na,na,11p15.1,"criteria provided, single submitter",1,-,N,ClinGen:CA379780583,2,2171714,17414555,C,T,-,-,-,-,-,-,SCV003486241,-,-
1900438,single nucleotide variant,NM_000352.6(ABCC8):c.4729G>A (p.Val1577Ile),6833,ABCC8,HGNC:59,Uncertain significance,0,"Aug 22, 2022",1301774090,-,RCV003087058,MedGen:C3661900,not provided,germline,germline,GRCh38,NC_000011.10,11,17393008,17393008,na,na,11p15.1,"criteria provided, single submitter",1,-,N,ClinGen:CA379780583,2,2171714,17393008,C,T,-,-,-,-,-,-,SCV003486241,-,-
1903434,single nucleotide variant,NM_000525.4(KCNJ11):c.655G>T (p.Val219Leu),3767,KCNJ11,HGNC:6257,Uncertain significance,0,"May 13, 2025",371633969,-,RCV003084852|RCV005050729,"MedGen:C3661900|MONDO:MONDO:0012522,MedGen:C1864623,OMIM:610582,Orphanet:99886;MONDO:MONDO:0011153,MedGen:C2931833,OMIM:601820,Orphanet:276580,Orphanet:276603;MONDO:MONDO:0030087,MedGen:C5394296,OMIM:618856;Human Phenotype Ontology:HP:0005965,Human Phenotype Ontology:HP:0005978,Human Phenotype Ontology:HP:0100652,MONDO:MONDO:0005148,MeSH:D003924,MedGen:C0011860,OMIM:125853;MONDO:MONDO:0014589,MedGen:C4225365,OMIM:616329,Orphanet:552","not provided|Diabetes mellitus, transient neonatal, 3;Hyperinsulinemic hypoglycemia, familial, 2;Diabetes mellitus, permanent neonatal 2;Type 2 diabetes mellitus;Maturity-onset diabetes of the young type 13",germline,germline,GRCh37,NC_000011.9,11,17408984,17408984,na,na,11p15.1,"criteria provided, multiple submitters, no conflicts",2,-,N,ClinGen:CA5902269,2,2169487,17408984,C,A,-,-,-,-,-,-,SCV003484010|SCV005676616,-,-
1903434,single nucleotide variant,NM_000525.4(KCNJ11):c.655G>T (p.Val219Leu),3767,KCNJ11,HGNC:6257,Uncertain significance,0,"May 13, 2025",371633969,-,RCV003084852|RCV005050729,"MedGen:C3661900|MONDO:MONDO:0012522,MedGen:C1864623,OMIM:610582,Orphanet:99886;MONDO:MONDO:0011153,MedGen:C2931833,OMIM:601820,Orphanet:276580,Orphanet:276603;MONDO:MONDO:0030087,MedGen:C5394296,OMIM:618856;Human Phenotype Ontology:HP:0005965,Human Phenotype Ontology:HP:0005978,Human Phenotype Ontology:HP:0100652,MONDO:MONDO:0005148,MeSH:D003924,MedGen:C0011860,OMIM:125853;MONDO:MONDO:0014589,MedGen:C4225365,OMIM:616329,Orphanet:552","not provided|Diabetes mellitus, transient neonatal, 3;Hyperinsulinemic hypoglycemia, familial, 2;Diabetes mellitus, permanent neonatal 2;Type 2 diabetes mellitus;Maturity-onset diabetes of the young type 13",germline,germline,GRCh38,NC_000011.10,11,17387437,17387437,na,na,11p15.1,"criteria provided, multiple submitters, no conflicts",2,-,N,ClinGen:CA5902269,2,2169487,17387437,C,A,-,-,-,-,-,-,SCV003484010|SCV005676616,-,-
1903464,single nucleotide variant,NM_000162.5(GCK):c.1181G>C (p.Arg394Pro),2645,GCK,HGNC:4195,Likely pathogenic,1,"Apr 22, 2025",1235227560,-,RCV003084866|RCV003318514|RCV006460442,"MedGen:C3661900|MONDO:MONDO:0015967,MedGen:C3888631,Orphanet:183625|MedGen:CN169374",not provided|Monogenic diabetes|not specified,germline;unknown,germline,GRCh37,NC_000007.13,7,44185168,44185168,na,na,7p13,reviewed by expert panel,4,-,N,ClinGen:CA367398581,2,2169517,44185168,C,G,-,-,-,-,-,-,SCV004022338,-,-
1903464,single nucleotide variant,NM_000162.5(GCK):c.1181G>C (p.Arg394Pro),2645,GCK,HGNC:4195,Likely pathogenic,1,"Apr 22, 2025",1235227560,-,RCV003084866|RCV003318514|RCV006460442,"MedGen:C3661900|MONDO:MONDO:0015967,MedGen:C3888631,Orphanet:183625|MedGen:CN169374",not provided|Monogenic diabetes|not specified,germline;unknown,germline,GRCh38,NC_000007.14,7,44145569,44145569,na,na,7p13,reviewed by expert panel,4,-,N,ClinGen:CA367398581,2,2169517,44145569,C,G,-,-,-,-,-,-,SCV004022338,-,-
1903466,single nucleotide variant,NM_000162.5(GCK):c.756C>G (p.Cys252Trp),2645,GCK,HGNC:4195,Uncertain significance,0,"Jul 30, 2022",770730728,-,RCV003100637,MedGen:C3661900,not provided,germline,germline,GRCh37,NC_000007.13,7,44187356,44187356,na,na,7p13,"criteria provided, single submitter",1,-,N,ClinGen:CA367400620,2,2169519,44187356,G,C,-,-,-,-,-,-,SCV003484023,-,-
1903466,single nucleotide variant,NM_000162.5(GCK):c.756C>G (p.Cys252Trp),2645,GCK,HGNC:4195,Uncertain significance,0,"Jul 30, 2022",770730728,-,RCV003100637,MedGen:C3661900,not provided,germline,germline,GRCh38,NC_000007.14,7,44147757,44147757,na,na,7p13,"criteria provided, single submitter",1,-,N,ClinGen:CA367400620,2,2169519,44147757,G,C,-,-,-,-,-,-,SCV003484023,-,-
1903467,single nucleotide variant,NM_000162.5(GCK):c.685G>A (p.Gly229Ser),2645,GCK,HGNC:4195,Uncertain significance,0,"Apr 18, 2022",2484515072,-,RCV003084868,MedGen:C3661900,not provided,germline,germline,GRCh37,NC_000007.13,7,44187427,44187427,na,na,7p13,"criteria provided, single submitter",1,-,N,ClinGen:CA367400785,2,2169520,44187427,C,T,-,-,-,-,-,-,SCV003483984,-,-
1903467,single nucleotide variant,NM_000162.5(GCK):c.685G>A (p.Gly229Ser),2645,GCK,HGNC:4195,Uncertain significance,0,"Apr 18, 2022",2484515072,-,RCV003084868,MedGen:C3661900,not provided,germline,germline,GRCh38,NC_000007.14,7,44147828,44147828,na,na,7p13,"criteria provided, single submitter",1,-,N,ClinGen:CA367400785,2,2169520,44147828,C,T,-,-,-,-,-,-,SCV003483984,-,-
1903499,single nucleotide variant,NM_000352.6(ABCC8):c.1880A>G (p.His627Arg),6833,ABCC8,HGNC:59,Uncertain significance,0,"Oct 16, 2024",781409724,-,RCV003093192,MedGen:C3661900,not provided,germline,germline,GRCh37,NC_000011.9,11,17450155,17450155,na,na,11p15.1,"criteria provided, single submitter",1,-,N,ClinGen:CA5903405,2,2169552,17450155,T,C,-,-,-,-,-,-,SCV003483469,-,-
1903499,single nucleotide variant,NM_000352.6(ABCC8):c.1880A>G (p.His627Arg),6833,ABCC8,HGNC:59,Uncertain significance,0,"Oct 16, 2024",781409724,-,RCV003093192,MedGen:C3661900,not provided,germline,germline,GRCh38,NC_000011.10,11,17428608,17428608,na,na,11p15.1,"criteria provided, single submitter",1,-,N,ClinGen:CA5903405,2,2169552,17428608,T,C,-,-,-,-,-,-,SCV003483469,-,-
1905156,single nucleotide variant,NM_000162.5(GCK):c.264G>A (p.Leu88=),2645,GCK,HGNC:4195,Benign/Likely benign,0,"Dec 06, 2024",139817377,-,RCV002582354|RCV003161878|RCV005239664,"MedGen:C3661900|Human Phenotype Ontology:HP:0004904,MONDO:MONDO:0018911,MedGen:C0342276,OMIM:PS125850,Orphanet:552|MedGen:CN169374",not provided|Maturity-onset diabetes of the young|not specified,germline,germline,GRCh37,NC_000007.13,7,44191969,44191969,na,na,7p13,"criteria provided, multiple submitters, no conflicts",3,-,N,ClinGen:CA4239684,2,2176373,44191969,C,T,-,-,-,-,-,-,SCV003493610|SCV003863114|SCV005882992,-,-
1905156,single nucleotide variant,NM_000162.5(GCK):c.264G>A (p.Leu88=),2645,GCK,HGNC:4195,Benign/Likely benign,0,"Dec 06, 2024",139817377,-,RCV002582354|RCV003161878|RCV005239664,"MedGen:C3661900|Human Phenotype Ontology:HP:0004904,MONDO:MONDO:0018911,MedGen:C0342276,OMIM:PS125850,Orphanet:552|MedGen:CN169374",not provided|Maturity-onset diabetes of the young|not specified,germline,germline,GRCh38,NC_000007.14,7,44152370,44152370,na,na,7p13,"criteria provided, multiple submitters, no conflicts",3,-,N,ClinGen:CA4239684,2,2176373,44152370,C,T,-,-,-,-,-,-,SCV003493610|SCV003863114|SCV005882992,-,-
1910360,single nucleotide variant,NM_000352.6(ABCC8):c.3154C>T (p.Leu1052Phe),6833,ABCC8,HGNC:59,Uncertain significance,0,"Oct 16, 2024",959641156,-,RCV002599965,MedGen:C3661900,not provided,germline,germline,GRCh37,NC_000011.9,11,17428443,17428443,na,na,11p15.1,"criteria provided, single submitter",1,-,N,ClinGen:CA218422822,2,2184129,17428443,G,A,-,-,-,-,-,-,SCV003502221,-,-
1910360,single nucleotide variant,NM_000352.6(ABCC8):c.3154C>T (p.Leu1052Phe),6833,ABCC8,HGNC:59,Uncertain significance,0,"Oct 16, 2024",959641156,-,RCV002599965,MedGen:C3661900,not provided,germline,germline,GRCh38,NC_000011.10,11,17406896,17406896,na,na,11p15.1,"criteria provided, single submitter",1,-,N,ClinGen:CA218422822,2,2184129,17406896,G,A,-,-,-,-,-,-,SCV003502221,-,-
1910458,single nucleotide variant,NM_000352.6(ABCC8):c.2191C>G (p.Gln731Glu),6833,ABCC8,HGNC:59,Uncertain significance,0,"Jul 01, 2025",779017346,-,RCV002600015|RCV004069015|RCV005045330,"MedGen:C3661900|MeSH:D030342,MedGen:C0950123|MONDO:MONDO:0030088,MedGen:C5394303,OMIM:618857;MONDO:MONDO:0009415,MedGen:C0271714,OMIM:240800;MONDO:MONDO:0012480,MedGen:C1835887,OMIM:610374,Orphanet:99886;MONDO:MONDO:0009734,MedGen:C2931832,OMIM:256450,Orphanet:276575,Orphanet:276598;Human Phenotype Ontology:HP:0005965,Human Phenotype Ontology:HP:0005978,Human Phenotype Ontology:HP:0100652,MONDO:MONDO:0005148,MeSH:D003924,MedGen:C0011860,OMIM:125853","not provided|Inborn genetic diseases|Diabetes mellitus, permanent neonatal 3;Leucine-induced hypoglycemia;Diabetes mellitus, transient neonatal, 2;Hyperinsulinemic hypoglycemia, familial, 1;Type 2 diabetes mellitus",germline,germline,GRCh37,NC_000011.9,11,17448627,17448627,na,na,11p15.1,"criteria provided, multiple submitters, no conflicts",3,-,N,ClinGen:CA379813536,2,2184227,17448627,G,C,-,-,-,-,-,-,SCV003502693|SCV004910167|SCV005676364,-,-
1910458,single nucleotide variant,NM_000352.6(ABCC8):c.2191C>G (p.Gln731Glu),6833,ABCC8,HGNC:59,Uncertain significance,0,"Jul 01, 2025",779017346,-,RCV002600015|RCV004069015|RCV005045330,"MedGen:C3661900|MeSH:D030342,MedGen:C0950123|MONDO:MONDO:0030088,MedGen:C5394303,OMIM:618857;MONDO:MONDO:0009415,MedGen:C0271714,OMIM:240800;MONDO:MONDO:0012480,MedGen:C1835887,OMIM:610374,Orphanet:99886;MONDO:MONDO:0009734,MedGen:C2931832,OMIM:256450,Orphanet:276575,Orphanet:276598;Human Phenotype Ontology:HP:0005965,Human Phenotype Ontology:HP:0005978,Human Phenotype Ontology:HP:0100652,MONDO:MONDO:0005148,MeSH:D003924,MedGen:C0011860,OMIM:125853","not provided|Inborn genetic diseases|Diabetes mellitus, permanent neonatal 3;Leucine-induced hypoglycemia;Diabetes mellitus, transient neonatal, 2;Hyperinsulinemic hypoglycemia, familial, 1;Type 2 diabetes mellitus",germline,germline,GRCh38,NC_000011.10,11,17427080,17427080,na,na,11p15.1,"criteria provided, multiple submitters, no conflicts",3,-,N,ClinGen:CA379813536,2,2184227,17427080,G,C,-,-,-,-,-,-,SCV003502693|SCV004910167|SCV005676364,-,-
1910609,single nucleotide variant,NM_000352.6(ABCC8):c.3650+5G>A,6833,ABCC8,HGNC:59,Uncertain significance,0,"Oct 29, 2025",1223260788,-,RCV002632556,MedGen:C3661900,not provided,germline,germline,GRCh37,NC_000011.9,11,17424203,17424203,na,na,11p15.1,"criteria provided, multiple submitters, no conflicts",2,-,N,ClinGen:CA597665144,2,2185675,17424203,C,T,-,-,-,-,-,-,SCV003503690|SCV005437359,-,-
1910609,single nucleotide variant,NM_000352.6(ABCC8):c.3650+5G>A,6833,ABCC8,HGNC:59,Uncertain significance,0,"Oct 29, 2025",1223260788,-,RCV002632556,MedGen:C3661900,not provided,germline,germline,GRCh38,NC_000011.10,11,17402656,17402656,na,na,11p15.1,"criteria provided, multiple submitters, no conflicts",2,-,N,ClinGen:CA597665144,2,2185675,17402656,C,T,-,-,-,-,-,-,SCV003503690|SCV005437359,-,-
1911539,single nucleotide variant,NM_000525.4(KCNJ11):c.529A>C (p.Arg177=),3767,KCNJ11,HGNC:6257,Likely benign,0,"Jun 24, 2020",2496410405,-,RCV002607176,MedGen:C3661900,not provided,germline,germline,GRCh37,NC_000011.9,11,17409110,17409110,na,na,11p15.1,"criteria provided, single submitter",1,-,N,ClinGen:CA473515499,2,2189196,17409110,T,G,-,-,-,-,-,-,SCV003507043,-,-
1911539,single nucleotide variant,NM_000525.4(KCNJ11):c.529A>C (p.Arg177=),3767,KCNJ11,HGNC:6257,Likely benign,0,"Jun 24, 2020",2496410405,-,RCV002607176,MedGen:C3661900,not provided,germline,germline,GRCh38,NC_000011.10,11,17387563,17387563,na,na,11p15.1,"criteria provided, single submitter",1,-,N,ClinGen:CA473515499,2,2189196,17387563,T,G,-,-,-,-,-,-,SCV003507043,-,-
1916034,single nucleotide variant,NM_000525.4(KCNJ11):c.1149C>T (p.Ser383=),3767,KCNJ11,HGNC:6257,Likely benign,0,"Dec 02, 2023",2496406933,-,RCV002599127,MedGen:C3661900,not provided,germline,germline,GRCh37,NC_000011.9,11,17408490,17408490,na,na,11p15.1,"criteria provided, single submitter",1,-,N,ClinGen:CA473514949,2,2179514,17408490,G,A,-,-,-,-,-,-,SCV003495705,-,-
1916034,single nucleotide variant,NM_000525.4(KCNJ11):c.1149C>T (p.Ser383=),3767,KCNJ11,HGNC:6257,Likely benign,0,"Dec 02, 2023",2496406933,-,RCV002599127,MedGen:C3661900,not provided,germline,germline,GRCh38,NC_000011.10,11,17386943,17386943,na,na,11p15.1,"criteria provided, single submitter",1,-,N,ClinGen:CA473514949,2,2179514,17386943,G,A,-,-,-,-,-,-,SCV003495705,-,-
1916223,single nucleotide variant,NM_000352.6(ABCC8):c.149-7C>T,6833,ABCC8,HGNC:59,Likely benign,0,"Mar 28, 2022",1848685464,-,RCV002599271,MedGen:C3661900,not provided,germline,germline,GRCh37,NC_000011.9,11,17496581,17496581,na,na,11p15.1,"criteria provided, single submitter",1,-,N,ClinGen:CA1955160664,2,2179702,17496581,G,A,-,-,-,-,-,-,SCV003496610,-,-
1916223,single nucleotide variant,NM_000352.6(ABCC8):c.149-7C>T,6833,ABCC8,HGNC:59,Likely benign,0,"Mar 28, 2022",1848685464,-,RCV002599271,MedGen:C3661900,not provided,germline,germline,GRCh38,NC_000011.10,11,17475034,17475034,na,na,11p15.1,"criteria provided, single submitter",1,-,N,ClinGen:CA1955160664,2,2179702,17475034,G,A,-,-,-,-,-,-,SCV003496610,-,-
1917295,single nucleotide variant,NM_000352.6(ABCC8):c.4050C>T (p.Ser1350=),6833,ABCC8,HGNC:59,Likely benign,0,"Nov 10, 2023",753002396,-,RCV002599570,MedGen:C3661900,not provided,germline,germline,GRCh37,NC_000011.9,11,17418532,17418532,na,na,11p15.1,"criteria provided, single submitter",1,-,N,ClinGen:CA5902594,2,2183361,17418532,G,A,-,-,-,-,-,-,SCV003500570,-,-
1917295,single nucleotide variant,NM_000352.6(ABCC8):c.4050C>T (p.Ser1350=),6833,ABCC8,HGNC:59,Likely benign,0,"Nov 10, 2023",753002396,-,RCV002599570,MedGen:C3661900,not provided,germline,germline,GRCh38,NC_000011.10,11,17396985,17396985,na,na,11p15.1,"criteria provided, single submitter",1,-,N,ClinGen:CA5902594,2,2183361,17396985,G,A,-,-,-,-,-,-,SCV003500570,-,-
1917764,single nucleotide variant,NM_000352.6(ABCC8):c.3009C>T (p.Tyr1003=),6833,ABCC8,HGNC:59,Likely benign,0,"Oct 07, 2022",1954574528,-,RCV002606628,MedGen:C3661900,not provided,germline,germline,GRCh37,NC_000011.9,11,17428588,17428588,na,na,11p15.1,"criteria provided, single submitter",1,-,N,ClinGen:CA473516001,2,2186420,17428588,G,A,-,-,-,-,-,-,SCV003505212,-,-
1917764,single nucleotide variant,NM_000352.6(ABCC8):c.3009C>T (p.Tyr1003=),6833,ABCC8,HGNC:59,Likely benign,0,"Oct 07, 2022",1954574528,-,RCV002606628,MedGen:C3661900,not provided,germline,germline,GRCh38,NC_000011.10,11,17407041,17407041,na,na,11p15.1,"criteria provided, single submitter",1,-,N,ClinGen:CA473516001,2,2186420,17407041,G,A,-,-,-,-,-,-,SCV003505212,-,-
1918268,single nucleotide variant,NM_000525.4(KCNJ11):c.954T>C (p.Ile318=),3767,KCNJ11,HGNC:6257,Likely benign,0,"Apr 21, 2025",2496408104,-,RCV002620069,MedGen:C3661900,not provided,germline,germline,GRCh37,NC_000011.9,11,17408685,17408685,na,na,11p15.1,"criteria provided, single submitter",1,-,N,ClinGen:CA473515288,2,2188224,17408685,A,G,-,-,-,-,-,-,SCV003507356,-,-
1918268,single nucleotide variant,NM_000525.4(KCNJ11):c.954T>C (p.Ile318=),3767,KCNJ11,HGNC:6257,Likely benign,0,"Apr 21, 2025",2496408104,-,RCV002620069,MedGen:C3661900,not provided,germline,germline,GRCh38,NC_000011.10,11,17387138,17387138,na,na,11p15.1,"criteria provided, single submitter",1,-,N,ClinGen:CA473515288,2,2188224,17387138,A,G,-,-,-,-,-,-,SCV003507356,-,-
1918269,single nucleotide variant,NM_000352.6(ABCC8):c.3040T>C (p.Leu1014=),6833,ABCC8,HGNC:59,Likely benign,0,"Apr 28, 2023",763847269,-,RCV002620070,MedGen:C3661900,not provided,germline,germline,GRCh37,NC_000011.9,11,17428557,17428557,na,na,11p15.1,"criteria provided, single submitter",1,-,N,ClinGen:CA473515939,2,2188225,17428557,A,G,-,-,-,-,-,-,SCV003507357,-,-
1918269,single nucleotide variant,NM_000352.6(ABCC8):c.3040T>C (p.Leu1014=),6833,ABCC8,HGNC:59,Likely benign,0,"Apr 28, 2023",763847269,-,RCV002620070,MedGen:C3661900,not provided,germline,germline,GRCh38,NC_000011.10,11,17407010,17407010,na,na,11p15.1,"criteria provided, single submitter",1,-,N,ClinGen:CA473515939,2,2188225,17407010,A,G,-,-,-,-,-,-,SCV003507357,-,-
1919710,single nucleotide variant,NM_000525.4(KCNJ11):c.811G>A (p.Ala271Thr),3767,KCNJ11,HGNC:6257,Uncertain significance,0,"Feb 06, 2022",2496408994,-,RCV002591887,MedGen:C3661900,not provided,germline,germline,GRCh37,NC_000011.9,11,17408828,17408828,na,na,11p15.1,"criteria provided, single submitter",1,-,N,ClinGen:CA379770546,2,2179313,17408828,C,T,-,-,-,-,-,-,SCV003495675,-,-
1919710,single nucleotide variant,NM_000525.4(KCNJ11):c.811G>A (p.Ala271Thr),3767,KCNJ11,HGNC:6257,Uncertain significance,0,"Feb 06, 2022",2496408994,-,RCV002591887,MedGen:C3661900,not provided,germline,germline,GRCh38,NC_000011.10,11,17387281,17387281,na,na,11p15.1,"criteria provided, single submitter",1,-,N,ClinGen:CA379770546,2,2179313,17387281,C,T,-,-,-,-,-,-,SCV003495675,-,-
1925700,single nucleotide variant,NM_000352.6(ABCC8):c.3839T>C (p.Val1280Ala),6833,ABCC8,HGNC:59,Uncertain significance,0,"Aug 13, 2022",1398804664,-,RCV002620987,MedGen:C3661900,not provided,germline,germline,GRCh37,NC_000011.9,11,17419259,17419259,na,na,11p15.1,"criteria provided, single submitter",1,-,N,ClinGen:CA379793189,2,2192200,17419259,A,G,-,-,-,-,-,-,SCV003509975,-,-
1925700,single nucleotide variant,NM_000352.6(ABCC8):c.3839T>C (p.Val1280Ala),6833,ABCC8,HGNC:59,Uncertain significance,0,"Aug 13, 2022",1398804664,-,RCV002620987,MedGen:C3661900,not provided,germline,germline,GRCh38,NC_000011.10,11,17397712,17397712,na,na,11p15.1,"criteria provided, single submitter",1,-,N,ClinGen:CA379793189,2,2192200,17397712,A,G,-,-,-,-,-,-,SCV003509975,-,-
1927656,single nucleotide variant,NM_000352.6(ABCC8):c.1943G>A (p.Arg648His),6833,ABCC8,HGNC:59,Uncertain significance,0,"Mar 04, 2024",773168707,-,RCV002624864,MedGen:C3661900,not provided,germline,germline,GRCh37,NC_000011.9,11,17449933,17449933,na,na,11p15.1,"criteria provided, multiple submitters, no conflicts",2,-,N,ClinGen:CA5903370,2,2199389,17449933,C,T,-,-,-,-,-,-,SCV003518256|SCV003936774,-,-
1927656,single nucleotide variant,NM_000352.6(ABCC8):c.1943G>A (p.Arg648His),6833,ABCC8,HGNC:59,Uncertain significance,0,"Mar 04, 2024",773168707,-,RCV002624864,MedGen:C3661900,not provided,germline,germline,GRCh38,NC_000011.10,11,17428386,17428386,na,na,11p15.1,"criteria provided, multiple submitters, no conflicts",2,-,N,ClinGen:CA5903370,2,2199389,17428386,C,T,-,-,-,-,-,-,SCV003518256|SCV003936774,-,-
1928975,single nucleotide variant,NM_000525.4(KCNJ11):c.430C>G (p.Leu144Val),3767,KCNJ11,HGNC:6257,Uncertain significance,0,"Mar 29, 2024",1953586245,-,RCV002643619|RCV005045345,"MedGen:C3661900|MONDO:MONDO:0012522,MedGen:C1864623,OMIM:610582,Orphanet:99886;MONDO:MONDO:0014589,MedGen:C4225365,OMIM:616329,Orphanet:552;MONDO:MONDO:0011153,MedGen:C2931833,OMIM:601820,Orphanet:276580,Orphanet:276603;MONDO:MONDO:0030087,MedGen:C5394296,OMIM:618856;Human Phenotype Ontology:HP:0005965,Human Phenotype Ontology:HP:0005978,Human Phenotype Ontology:HP:0100652,MONDO:MONDO:0005148,MeSH:D003924,MedGen:C0011860,OMIM:125853","not provided|Diabetes mellitus, transient neonatal, 3;Maturity-onset diabetes of the young type 13;Hyperinsulinemic hypoglycemia, familial, 2;Diabetes mellitus, permanent neonatal 2;Type 2 diabetes mellitus",germline,germline,GRCh37,NC_000011.9,11,17409209,17409209,na,na,11p15.1,"criteria provided, multiple submitters, no conflicts",3,-,N,ClinGen:CA379773788,2,2192005,17409209,G,C,-,-,-,-,-,-,SCV003511746|SCV005676622|SCV006316641,-,-
1928975,single nucleotide variant,NM_000525.4(KCNJ11):c.430C>G (p.Leu144Val),3767,KCNJ11,HGNC:6257,Uncertain significance,0,"Mar 29, 2024",1953586245,-,RCV002643619|RCV005045345,"MedGen:C3661900|MONDO:MONDO:0012522,MedGen:C1864623,OMIM:610582,Orphanet:99886;MONDO:MONDO:0014589,MedGen:C4225365,OMIM:616329,Orphanet:552;MONDO:MONDO:0011153,MedGen:C2931833,OMIM:601820,Orphanet:276580,Orphanet:276603;MONDO:MONDO:0030087,MedGen:C5394296,OMIM:618856;Human Phenotype Ontology:HP:0005965,Human Phenotype Ontology:HP:0005978,Human Phenotype Ontology:HP:0100652,MONDO:MONDO:0005148,MeSH:D003924,MedGen:C0011860,OMIM:125853","not provided|Diabetes mellitus, transient neonatal, 3;Maturity-onset diabetes of the young type 13;Hyperinsulinemic hypoglycemia, familial, 2;Diabetes mellitus, permanent neonatal 2;Type 2 diabetes mellitus",germline,germline,GRCh38,NC_000011.10,11,17387662,17387662,na,na,11p15.1,"criteria provided, multiple submitters, no conflicts",3,-,N,ClinGen:CA379773788,2,2192005,17387662,G,C,-,-,-,-,-,-,SCV003511746|SCV005676622|SCV006316641,-,-
1930628,single nucleotide variant,NM_000352.6(ABCC8):c.2921-19G>A,6833,ABCC8,HGNC:59,Benign,0,"Jan 16, 2026",199827312,-,RCV002633953|RCV005239692,MedGen:C3661900|MedGen:CN169374,not provided|not specified,germline,germline,GRCh37,NC_000011.9,11,17428695,17428695,na,na,11p15.1,"criteria provided, multiple submitters, no conflicts",2,-,N,ClinGen:CA5902973,2,2198880,17428695,C,T,-,-,-,-,-,-,SCV003520080|SCV005883435,-,-
1930628,single nucleotide variant,NM_000352.6(ABCC8):c.2921-19G>A,6833,ABCC8,HGNC:59,Benign,0,"Jan 16, 2026",199827312,-,RCV002633953|RCV005239692,MedGen:C3661900|MedGen:CN169374,not provided|not specified,germline,germline,GRCh38,NC_000011.10,11,17407148,17407148,na,na,11p15.1,"criteria provided, multiple submitters, no conflicts",2,-,N,ClinGen:CA5902973,2,2198880,17407148,C,T,-,-,-,-,-,-,SCV003520080|SCV005883435,-,-
1932728,single nucleotide variant,NM_000352.6(ABCC8):c.-64C>G,6833,ABCC8,HGNC:59,Uncertain significance,0,"May 30, 2018",1480451834,-,RCV002637371,MedGen:C3661900,not provided,germline,germline,GRCh37,NC_000011.9,11,17498387,17498387,na,na,11p15.1,"criteria provided, single submitter",1,-,N,ClinGen:CA1955161668,2,2194885,17498387,G,C,-,-,-,-,-,-,SCV003513831,-,-
1932728,single nucleotide variant,NM_000352.6(ABCC8):c.-64C>G,6833,ABCC8,HGNC:59,Uncertain significance,0,"May 30, 2018",1480451834,-,RCV002637371,MedGen:C3661900,not provided,germline,germline,GRCh38,NC_000011.10,11,17476840,17476840,na,na,11p15.1,"criteria provided, single submitter",1,-,N,ClinGen:CA1955161668,2,2194885,17476840,G,C,-,-,-,-,-,-,SCV003513831,-,-
1935103,single nucleotide variant,NM_000352.6(ABCC8):c.1630+1G>A,6833,ABCC8,HGNC:59,Pathogenic/Likely pathogenic,1,"Aug 16, 2023",773306994,-,RCV002510390|RCV002569434|RCV003464567|RCV003321952,"MONDO:MONDO:0017182,MedGen:C3888018,Orphanet:276525|MeSH:D030342,MedGen:C0950123|Human Phenotype Ontology:HP:0005965,Human Phenotype Ontology:HP:0005978,Human Phenotype Ontology:HP:0100652,MONDO:MONDO:0005148,MeSH:D003924,MedGen:C0011860,OMIM:125853|MONDO:MONDO:0009734,MedGen:C2931832,OMIM:256450,Orphanet:276575,Orphanet:276598","Familial hyperinsulinism|Inborn genetic diseases|Type 2 diabetes mellitus|Hyperinsulinemic hypoglycemia, familial, 1",germline;unknown,germline,GRCh37,NC_000011.9,11,17464266,17464266,na,na,11p15.1,"criteria provided, multiple submitters, no conflicts",4,-,N,ClinGen:CA5903513,2,1878337,17464266,C,T,-,-,-,-,-,-,SCV002819656|SCV003629327|SCV004026559|SCV004208050,-,-
1935103,single nucleotide variant,NM_000352.6(ABCC8):c.1630+1G>A,6833,ABCC8,HGNC:59,Pathogenic/Likely pathogenic,1,"Aug 16, 2023",773306994,-,RCV002510390|RCV002569434|RCV003464567|RCV003321952,"MONDO:MONDO:0017182,MedGen:C3888018,Orphanet:276525|MeSH:D030342,MedGen:C0950123|Human Phenotype Ontology:HP:0005965,Human Phenotype Ontology:HP:0005978,Human Phenotype Ontology:HP:0100652,MONDO:MONDO:0005148,MeSH:D003924,MedGen:C0011860,OMIM:125853|MONDO:MONDO:0009734,MedGen:C2931832,OMIM:256450,Orphanet:276575,Orphanet:276598","Familial hyperinsulinism|Inborn genetic diseases|Type 2 diabetes mellitus|Hyperinsulinemic hypoglycemia, familial, 1",germline;unknown,germline,GRCh38,NC_000011.10,11,17442719,17442719,na,na,11p15.1,"criteria provided, multiple submitters, no conflicts",4,-,N,ClinGen:CA5903513,2,1878337,17442719,C,T,-,-,-,-,-,-,SCV002819656|SCV003629327|SCV004026559|SCV004208050,-,-
1936517,single nucleotide variant,NM_000162.5(GCK):c.1234G>C (p.Val412Leu),2645,GCK,HGNC:4195,Likely pathogenic,1,"Nov 01, 2022",2484495767,-,RCV002512334,MedGen:C3661900,not provided,germline,germline,GRCh37,NC_000007.13,7,44185115,44185115,na,na,7p13,"criteria provided, single submitter",1,-,N,ClinGen:CA367398286,2,1879689,44185115,C,G,-,-,-,-,-,-,SCV002821810,-,-
1936517,single nucleotide variant,NM_000162.5(GCK):c.1234G>C (p.Val412Leu),2645,GCK,HGNC:4195,Likely pathogenic,1,"Nov 01, 2022",2484495767,-,RCV002512334,MedGen:C3661900,not provided,germline,germline,GRCh38,NC_000007.14,7,44145516,44145516,na,na,7p13,"criteria provided, single submitter",1,-,N,ClinGen:CA367398286,2,1879689,44145516,C,G,-,-,-,-,-,-,SCV002821810,-,-
1941533,single nucleotide variant,NM_000352.6(ABCC8):c.4177C>T (p.Arg1393Cys),6833,ABCC8,HGNC:59,Pathogenic/Likely pathogenic,1,"Mar 01, 2024",776610373,-,RCV003112211|RCV003475528|RCV005047417|RCV005927010,"MedGen:C3661900|Human Phenotype Ontology:HP:0005965,Human Phenotype Ontology:HP:0005978,Human Phenotype Ontology:HP:0100652,MONDO:MONDO:0005148,MeSH:D003924,MedGen:C0011860,OMIM:125853|MONDO:MONDO:0030088,MedGen:C5394303,OMIM:618857;MONDO:MONDO:0012480,MedGen:C1835887,OMIM:610374,Orphanet:99886;Human Phenotype Ontology:HP:0005965,Human Phenotype Ontology:HP:0005978,Human Phenotype Ontology:HP:0100652,MONDO:MONDO:0005148,MeSH:D003924,MedGen:C0011860,OMIM:125853;MONDO:MONDO:0009415,MedGen:C0271714,OMIM:240800;MONDO:MONDO:0009734,MedGen:C2931832,OMIM:256450,Orphanet:276575,Orphanet:276598|MedGen:CN377704","not provided|Type 2 diabetes mellitus|Diabetes mellitus, permanent neonatal 3;Diabetes mellitus, transient neonatal, 2;Type 2 diabetes mellitus;Leucine-induced hypoglycemia;Hyperinsulinemic hypoglycemia, familial, 1|Uterine corpus endometrial carcinoma",germline;not applicable;unknown,germline,GRCh37,NC_000011.9,11,17417420,17417420,na,na,11p15.1,"criteria provided, multiple submitters, no conflicts",4,-,N,ClinGen:CA5902548,2,2418967,17417420,G,A,-,-,-,-,-,-,SCV003786517|SCV004200764|SCV005683375,-,-
1941533,single nucleotide variant,NM_000352.6(ABCC8):c.4177C>T (p.Arg1393Cys),6833,ABCC8,HGNC:59,Pathogenic/Likely pathogenic,1,"Mar 01, 2024",776610373,-,RCV003112211|RCV003475528|RCV005047417|RCV005927010,"MedGen:C3661900|Human Phenotype Ontology:HP:0005965,Human Phenotype Ontology:HP:0005978,Human Phenotype Ontology:HP:0100652,MONDO:MONDO:0005148,MeSH:D003924,MedGen:C0011860,OMIM:125853|MONDO:MONDO:0030088,MedGen:C5394303,OMIM:618857;MONDO:MONDO:0012480,MedGen:C1835887,OMIM:610374,Orphanet:99886;Human Phenotype Ontology:HP:0005965,Human Phenotype Ontology:HP:0005978,Human Phenotype Ontology:HP:0100652,MONDO:MONDO:0005148,MeSH:D003924,MedGen:C0011860,OMIM:125853;MONDO:MONDO:0009415,MedGen:C0271714,OMIM:240800;MONDO:MONDO:0009734,MedGen:C2931832,OMIM:256450,Orphanet:276575,Orphanet:276598|MedGen:CN377704","not provided|Type 2 diabetes mellitus|Diabetes mellitus, permanent neonatal 3;Diabetes mellitus, transient neonatal, 2;Type 2 diabetes mellitus;Leucine-induced hypoglycemia;Hyperinsulinemic hypoglycemia, familial, 1|Uterine corpus endometrial carcinoma",germline;not applicable;unknown,germline,GRCh38,NC_000011.10,11,17395873,17395873,na,na,11p15.1,"criteria provided, multiple submitters, no conflicts",4,-,N,ClinGen:CA5902548,2,2418967,17395873,G,A,-,-,-,-,-,-,SCV003786517|SCV004200764|SCV005683375,-,-
1941986,single nucleotide variant,NM_000352.6(ABCC8):c.141C>T (p.Leu47=),6833,ABCC8,HGNC:59,Likely benign,0,"Jan 16, 2024",999653967,-,RCV003121854|RCV004245902,"MedGen:C3661900|MeSH:D030342,MedGen:C0950123",not provided|Inborn genetic diseases,germline,germline,GRCh37,NC_000011.9,11,17498183,17498183,na,na,11p15.1,"criteria provided, multiple submitters, no conflicts",2,-,N,ClinGen:CA218463847,2,2420689,17498183,G,A,-,-,-,-,-,-,SCV003789035|SCV005034515,-,-
1941986,single nucleotide variant,NM_000352.6(ABCC8):c.141C>T (p.Leu47=),6833,ABCC8,HGNC:59,Likely benign,0,"Jan 16, 2024",999653967,-,RCV003121854|RCV004245902,"MedGen:C3661900|MeSH:D030342,MedGen:C0950123",not provided|Inborn genetic diseases,germline,germline,GRCh38,NC_000011.10,11,17476636,17476636,na,na,11p15.1,"criteria provided, multiple submitters, no conflicts",2,-,N,ClinGen:CA218463847,2,2420689,17476636,G,A,-,-,-,-,-,-,SCV003789035|SCV005034515,-,-
1947628,single nucleotide variant,NM_000352.6(ABCC8):c.1860T>A (p.Arg620=),6833,ABCC8,HGNC:59,Likely benign,0,"Mar 27, 2022",745600400,-,RCV003107161,MedGen:C3661900,not provided,germline,germline,GRCh37,NC_000011.9,11,17450175,17450175,na,na,11p15.1,"criteria provided, single submitter",1,-,N,ClinGen:CA473516562,2,2416412,17450175,A,T,-,-,-,-,-,-,SCV003782739,-,-
1947628,single nucleotide variant,NM_000352.6(ABCC8):c.1860T>A (p.Arg620=),6833,ABCC8,HGNC:59,Likely benign,0,"Mar 27, 2022",745600400,-,RCV003107161,MedGen:C3661900,not provided,germline,germline,GRCh38,NC_000011.10,11,17428628,17428628,na,na,11p15.1,"criteria provided, single submitter",1,-,N,ClinGen:CA473516562,2,2416412,17428628,A,T,-,-,-,-,-,-,SCV003782739,-,-
1947742,single nucleotide variant,NM_000352.6(ABCC8):c.822+8G>A,6833,ABCC8,HGNC:59,Likely benign,0,"Sep 23, 2022",2496851768,-,RCV003107202,MedGen:C3661900,not provided,germline,germline,GRCh37,NC_000011.9,11,17483122,17483122,na,na,11p15.1,"criteria provided, single submitter",1,-,N,ClinGen:CA2580082784,2,2416453,17483122,C,T,-,-,-,-,-,-,SCV003782787,-,-
1947742,single nucleotide variant,NM_000352.6(ABCC8):c.822+8G>A,6833,ABCC8,HGNC:59,Likely benign,0,"Sep 23, 2022",2496851768,-,RCV003107202,MedGen:C3661900,not provided,germline,germline,GRCh38,NC_000011.10,11,17461575,17461575,na,na,11p15.1,"criteria provided, single submitter",1,-,N,ClinGen:CA2580082784,2,2416453,17461575,C,T,-,-,-,-,-,-,SCV003782787,-,-
1949184,Deletion,NC_000011.9:g.(?_17448586)_(17453801_?)del,6833,ABCC8,HGNC:59,Pathogenic,1,"Jun 23, 2022",-1,-,RCV003111095,MedGen:C3661900,not provided,germline,germline,GRCh37,NC_000011.9,11,17448586,17453801,na,na,11p15.1,"criteria provided, single submitter",1,-,N,-,2,2422957,-1,na,na,-,-,-,-,-,-,SCV003793113,-,-
1949185,Deletion,NC_000011.9:g.(?_17464257)_(17464869_?)del,6833,ABCC8,HGNC:59,Pathogenic,1,"Jul 25, 2022",-1,-,RCV003111096,MedGen:C3661900,not provided,germline,germline,GRCh37,NC_000011.9,11,17464257,17464869,na,na,11p15.1,"criteria provided, single submitter",1,-,N,-,2,2422958,-1,na,na,-,-,-,-,-,-,SCV003793114,-,-
1949186,Deletion,NC_000011.9:g.(?_17433888)_(17434943_?)del,6833,ABCC8,HGNC:59,Likely pathogenic,1,"Dec 20, 2021",-1,-,RCV003111097,MedGen:C3661900,not provided,germline,germline,GRCh37,NC_000011.9,11,17433888,17434943,na,na,11p15.1,"criteria provided, single submitter",1,-,N,-,2,2422959,-1,na,na,-,-,-,-,-,-,SCV003793115,-,-
1950997,single nucleotide variant,NM_000352.6(ABCC8):c.854G>A (p.Arg285Gln),6833,ABCC8,HGNC:59,Conflicting classifications of pathogenicity,0,"Dec 23, 2025",199616008,-,RCV002978181|RCV003111734|RCV005363058,"MeSH:D030342,MedGen:C0950123|MedGen:C3661900|Human Phenotype Ontology:HP:0002092,Human Phenotype Ontology:HP:0006546,MONDO:MONDO:0015924,MeSH:D000081029,MedGen:C2973725,Orphanet:182090",Inborn genetic diseases|not provided|Pulmonary arterial hypertension,germline,germline,GRCh37,NC_000011.9,11,17482192,17482192,na,na,11p15.1,"criteria provided, conflicting classifications",4,-,N,ClinGen:CA5903740,2,2355174,17482192,C,T,-,-,-,-,-,-,SCV003692486|SCV003795902|SCV005910446|SCV005917506,-,-
1950997,single nucleotide variant,NM_000352.6(ABCC8):c.854G>A (p.Arg285Gln),6833,ABCC8,HGNC:59,Conflicting classifications of pathogenicity,0,"Dec 23, 2025",199616008,-,RCV002978181|RCV003111734|RCV005363058,"MeSH:D030342,MedGen:C0950123|MedGen:C3661900|Human Phenotype Ontology:HP:0002092,Human Phenotype Ontology:HP:0006546,MONDO:MONDO:0015924,MeSH:D000081029,MedGen:C2973725,Orphanet:182090",Inborn genetic diseases|not provided|Pulmonary arterial hypertension,germline,germline,GRCh38,NC_000011.10,11,17460645,17460645,na,na,11p15.1,"criteria provided, conflicting classifications",4,-,N,ClinGen:CA5903740,2,2355174,17460645,C,T,-,-,-,-,-,-,SCV003692486|SCV003795902|SCV005910446|SCV005917506,-,-
1952170,single nucleotide variant,NM_000162.5(GCK):c.1020-7C>T,2645,GCK,HGNC:4195,Likely benign,0,"Apr 29, 2024",779087432,-,RCV003116881,MedGen:C3661900,not provided,germline,germline,GRCh37,NC_000007.13,7,44185336,44185336,na,na,7p13,"criteria provided, single submitter",1,-,N,ClinGen:CA4239444,2,2427910,44185336,G,A,-,-,-,-,-,-,SCV003795836,-,-
1952170,single nucleotide variant,NM_000162.5(GCK):c.1020-7C>T,2645,GCK,HGNC:4195,Likely benign,0,"Apr 29, 2024",779087432,-,RCV003116881,MedGen:C3661900,not provided,germline,germline,GRCh38,NC_000007.14,7,44145737,44145737,na,na,7p13,"criteria provided, single submitter",1,-,N,ClinGen:CA4239444,2,2427910,44145737,G,A,-,-,-,-,-,-,SCV003795836,-,-
1953470,single nucleotide variant,NM_000162.5(GCK):c.680-19C>T,2645,GCK,HGNC:4195,Conflicting classifications of pathogenicity,0,"Jan 08, 2025",373410298,-,RCV002574111|RCV005239450,MedGen:C3661900|MedGen:CN169374,not provided|not specified,germline;unknown,germline,GRCh37,NC_000007.13,7,44187451,44187451,na,na,7p13,"criteria provided, conflicting classifications",3,-,N,ClinGen:CA4239545,2,1898833,44187451,G,A,-,-,-,-,-,-,SCV002935163|SCV004229669|SCV005887891,-,-
1953470,single nucleotide variant,NM_000162.5(GCK):c.680-19C>T,2645,GCK,HGNC:4195,Conflicting classifications of pathogenicity,0,"Jan 08, 2025",373410298,-,RCV002574111|RCV005239450,MedGen:C3661900|MedGen:CN169374,not provided|not specified,germline;unknown,germline,GRCh38,NC_000007.14,7,44147852,44147852,na,na,7p13,"criteria provided, conflicting classifications",3,-,N,ClinGen:CA4239545,2,1898833,44147852,G,A,-,-,-,-,-,-,SCV002935163|SCV004229669|SCV005887891,-,-
1956090,single nucleotide variant,NM_000352.6(ABCC8):c.3400-6C>T,6833,ABCC8,HGNC:59,Likely benign,0,"Jan 10, 2022",777815364,-,RCV002575941,MedGen:C3661900,not provided,germline,germline,GRCh37,NC_000011.9,11,17426222,17426222,na,na,11p15.1,"criteria provided, single submitter",1,-,N,ClinGen:CA5902813,2,1896704,17426222,G,A,-,-,-,-,-,-,SCV002938638,-,-
1956090,single nucleotide variant,NM_000352.6(ABCC8):c.3400-6C>T,6833,ABCC8,HGNC:59,Likely benign,0,"Jan 10, 2022",777815364,-,RCV002575941,MedGen:C3661900,not provided,germline,germline,GRCh38,NC_000011.10,11,17404675,17404675,na,na,11p15.1,"criteria provided, single submitter",1,-,N,ClinGen:CA5902813,2,1896704,17404675,G,A,-,-,-,-,-,-,SCV002938638,-,-
1956130,single nucleotide variant,NM_000162.5(GCK):c.1254-26G>A,2645,GCK,HGNC:4195,Likely benign,0,"Dec 11, 2023",765332886,-,RCV002569787,MedGen:C3661900,not provided,germline,germline,GRCh37,NC_000007.13,7,44184905,44184905,na,na,7p13,"criteria provided, single submitter",1,-,N,ClinGen:CA4239390,2,1896744,44184905,C,T,-,-,-,-,-,-,SCV002934248,-,-
1956130,single nucleotide variant,NM_000162.5(GCK):c.1254-26G>A,2645,GCK,HGNC:4195,Likely benign,0,"Dec 11, 2023",765332886,-,RCV002569787,MedGen:C3661900,not provided,germline,germline,GRCh38,NC_000007.14,7,44145306,44145306,na,na,7p13,"criteria provided, single submitter",1,-,N,ClinGen:CA4239390,2,1896744,44145306,C,T,-,-,-,-,-,-,SCV002934248,-,-
1957268,single nucleotide variant,NM_000352.6(ABCC8):c.2134G>T (p.Val712Leu),6833,ABCC8,HGNC:59,Uncertain significance,0,"Oct 19, 2022",754340214,-,RCV002577223,MedGen:C3661900,not provided,germline,germline,GRCh37,NC_000011.9,11,17448684,17448684,na,na,11p15.1,"criteria provided, single submitter",1,-,N,ClinGen:CA5903292,2,1901777,17448684,C,A,-,-,-,-,-,-,SCV002932054,-,-
1957268,single nucleotide variant,NM_000352.6(ABCC8):c.2134G>T (p.Val712Leu),6833,ABCC8,HGNC:59,Uncertain significance,0,"Oct 19, 2022",754340214,-,RCV002577223,MedGen:C3661900,not provided,germline,germline,GRCh38,NC_000011.10,11,17427137,17427137,na,na,11p15.1,"criteria provided, single submitter",1,-,N,ClinGen:CA5903292,2,1901777,17427137,C,A,-,-,-,-,-,-,SCV002932054,-,-
1959262,single nucleotide variant,NM_000352.6(ABCC8):c.1302G>A (p.Leu434=),6833,ABCC8,HGNC:59,Likely benign,0,"Jun 11, 2022",2496780779,-,RCV002571833,MedGen:C3661900,not provided,germline,germline,GRCh37,NC_000011.9,11,17470093,17470093,na,na,11p15.1,"criteria provided, single submitter",1,-,N,ClinGen:CA473299139,2,1895990,17470093,C,T,-,-,-,-,-,-,SCV002937832,-,-
1959262,single nucleotide variant,NM_000352.6(ABCC8):c.1302G>A (p.Leu434=),6833,ABCC8,HGNC:59,Likely benign,0,"Jun 11, 2022",2496780779,-,RCV002571833,MedGen:C3661900,not provided,germline,germline,GRCh38,NC_000011.10,11,17448546,17448546,na,na,11p15.1,"criteria provided, single submitter",1,-,N,ClinGen:CA473299139,2,1895990,17448546,C,T,-,-,-,-,-,-,SCV002937832,-,-
1961357,single nucleotide variant,NM_000525.4(KCNJ11):c.717C>T (p.Pro239=),3767,KCNJ11,HGNC:6257,Likely benign,0,"Feb 20, 2022",1182792625,-,RCV002592726,MedGen:C3661900,not provided,germline,germline,GRCh37,NC_000011.9,11,17408922,17408922,na,na,11p15.1,"criteria provided, single submitter",1,-,N,ClinGen:CA473515588,2,1904577,17408922,G,A,-,-,-,-,-,-,SCV002941755,-,-
1961357,single nucleotide variant,NM_000525.4(KCNJ11):c.717C>T (p.Pro239=),3767,KCNJ11,HGNC:6257,Likely benign,0,"Feb 20, 2022",1182792625,-,RCV002592726,MedGen:C3661900,not provided,germline,germline,GRCh38,NC_000011.10,11,17387375,17387375,na,na,11p15.1,"criteria provided, single submitter",1,-,N,ClinGen:CA473515588,2,1904577,17387375,G,A,-,-,-,-,-,-,SCV002941755,-,-
1962668,single nucleotide variant,NM_000352.6(ABCC8):c.4097C>T (p.Ala1366Val),6833,ABCC8,HGNC:59,Likely benign,0,"Jan 18, 2024",746811190,-,RCV002572201,MedGen:C3661900,not provided,germline,germline,GRCh37,NC_000011.9,11,17418485,17418485,na,na,11p15.1,"criteria provided, single submitter",1,-,N,ClinGen:CA5902585,2,1897240,17418485,G,A,-,-,-,-,-,-,SCV002932443,-,-
1962668,single nucleotide variant,NM_000352.6(ABCC8):c.4097C>T (p.Ala1366Val),6833,ABCC8,HGNC:59,Likely benign,0,"Jan 18, 2024",746811190,-,RCV002572201,MedGen:C3661900,not provided,germline,germline,GRCh38,NC_000011.10,11,17396938,17396938,na,na,11p15.1,"criteria provided, single submitter",1,-,N,ClinGen:CA5902585,2,1897240,17396938,G,A,-,-,-,-,-,-,SCV002932443,-,-
1962669,single nucleotide variant,NM_000352.6(ABCC8):c.2754G>A (p.Arg918=),6833,ABCC8,HGNC:59,Likely benign,0,"May 18, 2023",1270757878,-,RCV002572011,MedGen:C3661900,not provided,germline,germline,GRCh37,NC_000011.9,11,17430005,17430005,na,na,11p15.1,"criteria provided, single submitter",1,-,N,ClinGen:CA473300576,2,1897241,17430005,C,T,-,-,-,-,-,-,SCV002930405,-,-
1962669,single nucleotide variant,NM_000352.6(ABCC8):c.2754G>A (p.Arg918=),6833,ABCC8,HGNC:59,Likely benign,0,"May 18, 2023",1270757878,-,RCV002572011,MedGen:C3661900,not provided,germline,germline,GRCh38,NC_000011.10,11,17408458,17408458,na,na,11p15.1,"criteria provided, single submitter",1,-,N,ClinGen:CA473300576,2,1897241,17408458,C,T,-,-,-,-,-,-,SCV002930405,-,-
1965989,single nucleotide variant,NM_000352.6(ABCC8):c.1924-1G>C,6833,ABCC8,HGNC:59,Likely pathogenic,1,"Sep 28, 2022",372285848,-,RCV002600151,MedGen:C3661900,not provided,germline,germline,GRCh37,NC_000011.9,11,17449953,17449953,na,na,11p15.1,"criteria provided, single submitter",1,-,N,ClinGen:CA5903375,2,1909216,17449953,C,G,-,-,-,-,-,-,SCV002948358,-,-
1965989,single nucleotide variant,NM_000352.6(ABCC8):c.1924-1G>C,6833,ABCC8,HGNC:59,Likely pathogenic,1,"Sep 28, 2022",372285848,-,RCV002600151,MedGen:C3661900,not provided,germline,germline,GRCh38,NC_000011.10,11,17428406,17428406,na,na,11p15.1,"criteria provided, single submitter",1,-,N,ClinGen:CA5903375,2,1909216,17428406,C,G,-,-,-,-,-,-,SCV002948358,-,-
1967345,single nucleotide variant,NM_000352.6(ABCC8):c.823-4G>A,6833,ABCC8,HGNC:59,Likely benign,0,"Aug 07, 2022",1296100846,-,RCV002597574,MedGen:C3661900,not provided,germline,germline,GRCh37,NC_000011.9,11,17482227,17482227,na,na,11p15.1,"criteria provided, single submitter",1,-,N,ClinGen:CA597904600,2,1914465,17482227,C,T,-,-,-,-,-,-,SCV002958481,-,-
1967345,single nucleotide variant,NM_000352.6(ABCC8):c.823-4G>A,6833,ABCC8,HGNC:59,Likely benign,0,"Aug 07, 2022",1296100846,-,RCV002597574,MedGen:C3661900,not provided,germline,germline,GRCh38,NC_000011.10,11,17460680,17460680,na,na,11p15.1,"criteria provided, single submitter",1,-,N,ClinGen:CA597904600,2,1914465,17460680,C,T,-,-,-,-,-,-,SCV002958481,-,-
1968746,single nucleotide variant,NM_000352.6(ABCC8):c.3329+9C>T,6833,ABCC8,HGNC:59,Likely benign,0,"Jun 20, 2023",373633039,-,RCV002608592,MedGen:C3661900,not provided,germline,germline,GRCh37,NC_000011.9,11,17428160,17428160,na,na,11p15.1,"criteria provided, single submitter",1,-,N,ClinGen:CA5902866,2,1921057,17428160,G,A,-,-,-,-,-,-,SCV002952897,-,-
1968746,single nucleotide variant,NM_000352.6(ABCC8):c.3329+9C>T,6833,ABCC8,HGNC:59,Likely benign,0,"Jun 20, 2023",373633039,-,RCV002608592,MedGen:C3661900,not provided,germline,germline,GRCh38,NC_000011.10,11,17406613,17406613,na,na,11p15.1,"criteria provided, single submitter",1,-,N,ClinGen:CA5902866,2,1921057,17406613,G,A,-,-,-,-,-,-,SCV002952897,-,-
1971845,single nucleotide variant,NM_000352.6(ABCC8):c.2773G>C (p.Glu925Gln),6833,ABCC8,HGNC:59,Uncertain significance,0,"Dec 15, 2025",372968932,-,RCV002621143|RCV004765543,MedGen:C3661900|MedGen:CN169374,not provided|not specified,germline,germline,GRCh37,NC_000011.9,11,17429986,17429986,na,na,11p15.1,"criteria provided, multiple submitters, no conflicts",2,-,N,ClinGen:CA5903029,2,1920702,17429986,C,G,-,-,-,-,-,-,SCV002950749|SCV005381583,-,-
1971845,single nucleotide variant,NM_000352.6(ABCC8):c.2773G>C (p.Glu925Gln),6833,ABCC8,HGNC:59,Uncertain significance,0,"Dec 15, 2025",372968932,-,RCV002621143|RCV004765543,MedGen:C3661900|MedGen:CN169374,not provided|not specified,germline,germline,GRCh38,NC_000011.10,11,17408439,17408439,na,na,11p15.1,"criteria provided, multiple submitters, no conflicts",2,-,N,ClinGen:CA5903029,2,1920702,17408439,C,G,-,-,-,-,-,-,SCV002950749|SCV005381583,-,-
1971869,Microsatellite,NM_000162.5(GCK):c.1186_1187dup (p.Ser396fs),2645,GCK,HGNC:4195,Pathogenic/Likely pathogenic,1,"Apr 17, 2025",2484496497,-,RCV002604226|RCV004065743,"MedGen:C3661900|Human Phenotype Ontology:HP:0004904,MONDO:MONDO:0018911,MedGen:C0342276,OMIM:PS125850,Orphanet:552",not provided|Maturity-onset diabetes of the young,germline,germline,GRCh37,NC_000007.13,7,44185161,44185162,na,na,7p13,"criteria provided, multiple submitters, no conflicts",3,-,N,ClinGen:CA2580615879,2,1920726,44185161,G,GCT,-,-,-,-,-,-,SCV002950193|SCV005032672|SCV006311869,-,-
1971869,Microsatellite,NM_000162.5(GCK):c.1186_1187dup (p.Ser396fs),2645,GCK,HGNC:4195,Pathogenic/Likely pathogenic,1,"Apr 17, 2025",2484496497,-,RCV002604226|RCV004065743,"MedGen:C3661900|Human Phenotype Ontology:HP:0004904,MONDO:MONDO:0018911,MedGen:C0342276,OMIM:PS125850,Orphanet:552",not provided|Maturity-onset diabetes of the young,germline,germline,GRCh38,NC_000007.14,7,44145562,44145563,na,na,7p13,"criteria provided, multiple submitters, no conflicts",3,-,N,ClinGen:CA2580615879,2,1920726,44145562,G,GCT,-,-,-,-,-,-,SCV002950193|SCV005032672|SCV006311869,-,-
1973980,single nucleotide variant,NM_000525.4(KCNJ11):c.1041C>T (p.Arg347=),3767,KCNJ11,HGNC:6257,Likely benign,0,"Feb 18, 2023",1167377188,-,RCV002612896,MedGen:C3661900,not provided,germline,germline,GRCh37,NC_000011.9,11,17408598,17408598,na,na,11p15.1,"criteria provided, single submitter",1,-,N,ClinGen:CA473515176,2,1915057,17408598,G,A,-,-,-,-,-,-,SCV002953186,-,-
1973980,single nucleotide variant,NM_000525.4(KCNJ11):c.1041C>T (p.Arg347=),3767,KCNJ11,HGNC:6257,Likely benign,0,"Feb 18, 2023",1167377188,-,RCV002612896,MedGen:C3661900,not provided,germline,germline,GRCh38,NC_000011.10,11,17387051,17387051,na,na,11p15.1,"criteria provided, single submitter",1,-,N,ClinGen:CA473515176,2,1915057,17387051,G,A,-,-,-,-,-,-,SCV002953186,-,-
1974849,single nucleotide variant,NM_000352.6(ABCC8):c.498G>A (p.Gln166=),6833,ABCC8,HGNC:59,Likely benign,0,"May 21, 2022",2496865017,-,RCV002602006,MedGen:C3661900,not provided,germline,germline,GRCh37,NC_000011.9,11,17485066,17485066,na,na,11p15.1,"criteria provided, single submitter",1,-,N,ClinGen:CA473301096,2,1918522,17485066,C,T,-,-,-,-,-,-,SCV002949259,-,-
1974849,single nucleotide variant,NM_000352.6(ABCC8):c.498G>A (p.Gln166=),6833,ABCC8,HGNC:59,Likely benign,0,"May 21, 2022",2496865017,-,RCV002602006,MedGen:C3661900,not provided,germline,germline,GRCh38,NC_000011.10,11,17463519,17463519,na,na,11p15.1,"criteria provided, single submitter",1,-,N,ClinGen:CA473301096,2,1918522,17463519,C,T,-,-,-,-,-,-,SCV002949259,-,-
1974968,single nucleotide variant,NM_000352.6(ABCC8):c.300A>G (p.Glu100=),6833,ABCC8,HGNC:59,Likely benign,0,"May 30, 2022",753151571,-,RCV002602077,MedGen:C3661900,not provided,germline,germline,GRCh37,NC_000011.9,11,17491760,17491760,na,na,11p15.1,"criteria provided, single submitter",1,-,N,ClinGen:CA473301706,2,1918641,17491760,T,C,-,-,-,-,-,-,SCV002949286,-,-
1974968,single nucleotide variant,NM_000352.6(ABCC8):c.300A>G (p.Glu100=),6833,ABCC8,HGNC:59,Likely benign,0,"May 30, 2022",753151571,-,RCV002602077,MedGen:C3661900,not provided,germline,germline,GRCh38,NC_000011.10,11,17470213,17470213,na,na,11p15.1,"criteria provided, single submitter",1,-,N,ClinGen:CA473301706,2,1918641,17470213,T,C,-,-,-,-,-,-,SCV002949286,-,-
1977874,Deletion,NM_000162.5(GCK):c.468del (p.His156fs),2645,GCK,HGNC:4195,Pathogenic,1,"Jan 18, 2022",2484529339,-,RCV002616917,MedGen:C3661900,not provided,germline,germline,GRCh37,NC_000007.13,7,44190570,44190570,na,na,7p13,"criteria provided, single submitter",1,-,N,ClinGen:CA2580077133,2,1916364,44190569,CG,C,-,-,-,-,-,-,SCV002953247,-,-
1977874,Deletion,NM_000162.5(GCK):c.468del (p.His156fs),2645,GCK,HGNC:4195,Pathogenic,1,"Jan 18, 2022",2484529339,-,RCV002616917,MedGen:C3661900,not provided,germline,germline,GRCh38,NC_000007.14,7,44150971,44150971,na,na,7p13,"criteria provided, single submitter",1,-,N,ClinGen:CA2580077133,2,1916364,44150970,CG,C,-,-,-,-,-,-,SCV002953247,-,-
1979772,single nucleotide variant,NM_000352.6(ABCC8):c.4518G>A (p.Glu1506=),6833,ABCC8,HGNC:59,Likely benign,0,"Jun 09, 2023",2496439194,-,RCV002617943,MedGen:C3661900,not provided,germline,germline,GRCh37,NC_000011.9,11,17415840,17415840,na,na,11p15.1,"criteria provided, single submitter",1,-,N,ClinGen:CA473298069,2,1923026,17415840,C,T,-,-,-,-,-,-,SCV002960140,-,-
1979772,single nucleotide variant,NM_000352.6(ABCC8):c.4518G>A (p.Glu1506=),6833,ABCC8,HGNC:59,Likely benign,0,"Jun 09, 2023",2496439194,-,RCV002617943,MedGen:C3661900,not provided,germline,germline,GRCh38,NC_000011.10,11,17394293,17394293,na,na,11p15.1,"criteria provided, single submitter",1,-,N,ClinGen:CA473298069,2,1923026,17394293,C,T,-,-,-,-,-,-,SCV002960140,-,-
1982314,single nucleotide variant,NM_000162.5(GCK):c.1079C>G (p.Ser360Trp),2645,GCK,HGNC:4195,Uncertain significance,0,"Jan 22, 2026",2128819357,-,RCV002635959|RCV006454761,"MedGen:C3661900|MONDO:MONDO:0015967,MedGen:C3888631,Orphanet:183625",not provided|Monogenic diabetes,germline,germline,GRCh37,NC_000007.13,7,44185270,44185270,na,na,7p13,reviewed by expert panel,2,-,N,ClinGen:CA367399110,2,1933344,44185270,G,C,-,-,-,-,-,-,SCV007338198,-,-
1982314,single nucleotide variant,NM_000162.5(GCK):c.1079C>G (p.Ser360Trp),2645,GCK,HGNC:4195,Uncertain significance,0,"Jan 22, 2026",2128819357,-,RCV002635959|RCV006454761,"MedGen:C3661900|MONDO:MONDO:0015967,MedGen:C3888631,Orphanet:183625",not provided|Monogenic diabetes,germline,germline,GRCh38,NC_000007.14,7,44145671,44145671,na,na,7p13,reviewed by expert panel,2,-,N,ClinGen:CA367399110,2,1933344,44145671,G,C,-,-,-,-,-,-,SCV007338198,-,-
1984737,single nucleotide variant,NM_000352.6(ABCC8):c.2001C>T (p.Val667=),6833,ABCC8,HGNC:59,Likely benign,0,"Oct 09, 2023",201425938,-,RCV002645889,MedGen:C3661900,not provided,germline,germline,GRCh37,NC_000011.9,11,17449875,17449875,na,na,11p15.1,"criteria provided, single submitter",1,-,N,ClinGen:CA5903350,2,1931022,17449875,G,A,-,-,-,-,-,-,SCV002964619,-,-
1984737,single nucleotide variant,NM_000352.6(ABCC8):c.2001C>T (p.Val667=),6833,ABCC8,HGNC:59,Likely benign,0,"Oct 09, 2023",201425938,-,RCV002645889,MedGen:C3661900,not provided,germline,germline,GRCh38,NC_000011.10,11,17428328,17428328,na,na,11p15.1,"criteria provided, single submitter",1,-,N,ClinGen:CA5903350,2,1931022,17428328,G,A,-,-,-,-,-,-,SCV002964619,-,-
1984978,single nucleotide variant,NM_000525.4(KCNJ11):c.481G>A (p.Ala161Thr),3767,KCNJ11,HGNC:6257,Uncertain significance,0,"Feb 12, 2022",1363707190,-,RCV002645961,MedGen:C3661900,not provided,germline,germline,GRCh37,NC_000011.9,11,17409158,17409158,na,na,11p15.1,"criteria provided, single submitter",1,-,N,ClinGen:CA379773339,2,1931263,17409158,C,T,-,-,-,-,-,-,SCV002963010,-,-
1984978,single nucleotide variant,NM_000525.4(KCNJ11):c.481G>A (p.Ala161Thr),3767,KCNJ11,HGNC:6257,Uncertain significance,0,"Feb 12, 2022",1363707190,-,RCV002645961,MedGen:C3661900,not provided,germline,germline,GRCh38,NC_000011.10,11,17387611,17387611,na,na,11p15.1,"criteria provided, single submitter",1,-,N,ClinGen:CA379773339,2,1931263,17387611,C,T,-,-,-,-,-,-,SCV002963010,-,-
1985811,single nucleotide variant,NM_000352.6(ABCC8):c.3163-6G>A,6833,ABCC8,HGNC:59,Likely benign,0,"Oct 06, 2023",745953132,-,RCV002632133,MedGen:C3661900,not provided,germline,germline,GRCh37,NC_000011.9,11,17428341,17428341,na,na,11p15.1,"criteria provided, single submitter",1,-,N,ClinGen:CA5902898,2,1934686,17428341,C,T,-,-,-,-,-,-,SCV002971181,-,-
1985811,single nucleotide variant,NM_000352.6(ABCC8):c.3163-6G>A,6833,ABCC8,HGNC:59,Likely benign,0,"Oct 06, 2023",745953132,-,RCV002632133,MedGen:C3661900,not provided,germline,germline,GRCh38,NC_000011.10,11,17406794,17406794,na,na,11p15.1,"criteria provided, single submitter",1,-,N,ClinGen:CA5902898,2,1934686,17406794,C,T,-,-,-,-,-,-,SCV002971181,-,-
1986594,single nucleotide variant,NM_000352.6(ABCC8):c.922T>C (p.Leu308=),6833,ABCC8,HGNC:59,Likely benign,0,"Feb 21, 2022",2496844825,-,RCV002609151,MedGen:C3661900,not provided,germline,germline,GRCh37,NC_000011.9,11,17482124,17482124,na,na,11p15.1,"criteria provided, single submitter",1,-,N,ClinGen:CA473300573,2,1923814,17482124,A,G,-,-,-,-,-,-,SCV002967382,-,-
1986594,single nucleotide variant,NM_000352.6(ABCC8):c.922T>C (p.Leu308=),6833,ABCC8,HGNC:59,Likely benign,0,"Feb 21, 2022",2496844825,-,RCV002609151,MedGen:C3661900,not provided,germline,germline,GRCh38,NC_000011.10,11,17460577,17460577,na,na,11p15.1,"criteria provided, single submitter",1,-,N,ClinGen:CA473300573,2,1923814,17460577,A,G,-,-,-,-,-,-,SCV002967382,-,-
1987189,single nucleotide variant,NM_000352.6(ABCC8):c.1008C>G (p.Pro336=),6833,ABCC8,HGNC:59,Likely benign,0,"May 11, 2022",1199327855,-,RCV002618459|RCV005616427,MedGen:C3661900|,not provided|Hereditary hyperinsulinism,germline,germline,GRCh37,NC_000011.9,11,17482038,17482038,na,na,11p15.1,"criteria provided, single submitter",2,-,N,ClinGen:CA473300490,2,1925709,17482038,G,C,-,-,-,-,-,-,SCV002962750,-,-
1987189,single nucleotide variant,NM_000352.6(ABCC8):c.1008C>G (p.Pro336=),6833,ABCC8,HGNC:59,Likely benign,0,"May 11, 2022",1199327855,-,RCV002618459|RCV005616427,MedGen:C3661900|,not provided|Hereditary hyperinsulinism,germline,germline,GRCh38,NC_000011.10,11,17460491,17460491,na,na,11p15.1,"criteria provided, single submitter",2,-,N,ClinGen:CA473300490,2,1925709,17460491,G,C,-,-,-,-,-,-,SCV002962750,-,-
1989523,single nucleotide variant,NM_000352.6(ABCC8):c.298G>A (p.Glu100Lys),6833,ABCC8,HGNC:59,Conflicting classifications of pathogenicity,0,"Jan 06, 2026",200687571,-,RCV002636095|RCV005042934,"MedGen:C3661900|MONDO:MONDO:0009415,MedGen:C0271714,OMIM:240800;MONDO:MONDO:0012480,MedGen:C1835887,OMIM:610374,Orphanet:99886;MONDO:MONDO:0009734,MedGen:C2931832,OMIM:256450,Orphanet:276575,Orphanet:276598;MONDO:MONDO:0030088,MedGen:C5394303,OMIM:618857;Human Phenotype Ontology:HP:0005965,Human Phenotype Ontology:HP:0005978,Human Phenotype Ontology:HP:0100652,MONDO:MONDO:0005148,MeSH:D003924,MedGen:C0011860,OMIM:125853","not provided|Leucine-induced hypoglycemia;Diabetes mellitus, transient neonatal, 2;Hyperinsulinemic hypoglycemia, familial, 1;Diabetes mellitus, permanent neonatal 3;Type 2 diabetes mellitus",germline,germline,GRCh37,NC_000011.9,11,17491762,17491762,na,na,11p15.1,"criteria provided, conflicting classifications",2,-,N,ClinGen:CA5903914,2,1935812,17491762,C,T,-,-,-,-,-,-,SCV002973154|SCV005676116,-,-
1989523,single nucleotide variant,NM_000352.6(ABCC8):c.298G>A (p.Glu100Lys),6833,ABCC8,HGNC:59,Conflicting classifications of pathogenicity,0,"Jan 06, 2026",200687571,-,RCV002636095|RCV005042934,"MedGen:C3661900|MONDO:MONDO:0009415,MedGen:C0271714,OMIM:240800;MONDO:MONDO:0012480,MedGen:C1835887,OMIM:610374,Orphanet:99886;MONDO:MONDO:0009734,MedGen:C2931832,OMIM:256450,Orphanet:276575,Orphanet:276598;MONDO:MONDO:0030088,MedGen:C5394303,OMIM:618857;Human Phenotype Ontology:HP:0005965,Human Phenotype Ontology:HP:0005978,Human Phenotype Ontology:HP:0100652,MONDO:MONDO:0005148,MeSH:D003924,MedGen:C0011860,OMIM:125853","not provided|Leucine-induced hypoglycemia;Diabetes mellitus, transient neonatal, 2;Hyperinsulinemic hypoglycemia, familial, 1;Diabetes mellitus, permanent neonatal 3;Type 2 diabetes mellitus",germline,germline,GRCh38,NC_000011.10,11,17470215,17470215,na,na,11p15.1,"criteria provided, conflicting classifications",2,-,N,ClinGen:CA5903914,2,1935812,17470215,C,T,-,-,-,-,-,-,SCV002973154|SCV005676116,-,-
1989813,single nucleotide variant,NM_000352.6(ABCC8):c.2040+11C>T,6833,ABCC8,HGNC:59,Likely benign,0,"Dec 26, 2025",2496667225,-,RCV002634528,MedGen:C3661900,not provided,germline,germline,GRCh37,NC_000011.9,11,17449825,17449825,na,na,11p15.1,"criteria provided, single submitter",1,-,N,ClinGen:CA2562100686,2,1923150,17449825,G,A,-,-,-,-,-,-,SCV002962503,-,-
1989813,single nucleotide variant,NM_000352.6(ABCC8):c.2040+11C>T,6833,ABCC8,HGNC:59,Likely benign,0,"Dec 26, 2025",2496667225,-,RCV002634528,MedGen:C3661900,not provided,germline,germline,GRCh38,NC_000011.10,11,17428278,17428278,na,na,11p15.1,"criteria provided, single submitter",1,-,N,ClinGen:CA2562100686,2,1923150,17428278,G,A,-,-,-,-,-,-,SCV002962503,-,-
1990026,single nucleotide variant,NM_000352.6(ABCC8):c.2319G>T (p.Ser773=),6833,ABCC8,HGNC:59,Likely benign,0,"Sep 24, 2023",766321878,-,RCV002604583,MedGen:C3661900,not provided,germline,germline,GRCh37,NC_000011.9,11,17436130,17436130,na,na,11p15.1,"criteria provided, single submitter",1,-,N,ClinGen:CA473301650,2,1923364,17436130,C,A,-,-,-,-,-,-,SCV002967901,-,-
1990026,single nucleotide variant,NM_000352.6(ABCC8):c.2319G>T (p.Ser773=),6833,ABCC8,HGNC:59,Likely benign,0,"Sep 24, 2023",766321878,-,RCV002604583,MedGen:C3661900,not provided,germline,germline,GRCh38,NC_000011.10,11,17414583,17414583,na,na,11p15.1,"criteria provided, single submitter",1,-,N,ClinGen:CA473301650,2,1923364,17414583,C,A,-,-,-,-,-,-,SCV002967901,-,-
1992495,single nucleotide variant,NM_000525.4(KCNJ11):c.1089A>T (p.Ser363=),3767,KCNJ11,HGNC:6257,Likely benign,0,"Jan 01, 2022",5214,-,RCV002627084,MedGen:C3661900,not provided,germline,germline,GRCh37,NC_000011.9,11,17408550,17408550,na,na,11p15.1,"criteria provided, single submitter",1,-,N,ClinGen:CA473515112,2,1933614,17408550,T,A,-,-,-,-,-,-,SCV002971764,-,-
1992495,single nucleotide variant,NM_000525.4(KCNJ11):c.1089A>T (p.Ser363=),3767,KCNJ11,HGNC:6257,Likely benign,0,"Jan 01, 2022",5214,-,RCV002627084,MedGen:C3661900,not provided,germline,germline,GRCh38,NC_000011.10,11,17387003,17387003,na,na,11p15.1,"criteria provided, single submitter",1,-,N,ClinGen:CA473515112,2,1933614,17387003,T,A,-,-,-,-,-,-,SCV002971764,-,-
1992942,single nucleotide variant,NM_000162.5(GCK):c.852C>G (p.Pro284=),2645,GCK,HGNC:4195,Conflicting classifications of pathogenicity,0,"Nov 01, 2023",145323719,-,RCV002638991,MedGen:C3661900,not provided,germline,germline,GRCh37,NC_000007.13,7,44187260,44187260,na,na,7p13,"criteria provided, conflicting classifications",2,-,N,ClinGen:CA454608521,2,1935354,44187260,G,C,-,-,-,-,-,-,SCV002977885|SCV004235123,-,-
1992942,single nucleotide variant,NM_000162.5(GCK):c.852C>G (p.Pro284=),2645,GCK,HGNC:4195,Conflicting classifications of pathogenicity,0,"Nov 01, 2023",145323719,-,RCV002638991,MedGen:C3661900,not provided,germline,germline,GRCh38,NC_000007.14,7,44147661,44147661,na,na,7p13,"criteria provided, conflicting classifications",2,-,N,ClinGen:CA454608521,2,1935354,44147661,G,C,-,-,-,-,-,-,SCV002977885|SCV004235123,-,-
1993227,single nucleotide variant,NM_000352.6(ABCC8):c.2475+2T>A,6833,ABCC8,HGNC:59,Likely pathogenic,1,"Oct 21, 2022",745835224,-,RCV002636001|RCV005608735,MedGen:C3661900|,not provided|Hereditary hyperinsulinism,germline,germline,GRCh37,NC_000011.9,11,17434939,17434939,na,na,11p15.1,"criteria provided, single submitter",2,-,N,ClinGen:CA5903130,2,1935640,17434939,A,T,-,-,-,-,-,-,SCV002975242,-,-
1993227,single nucleotide variant,NM_000352.6(ABCC8):c.2475+2T>A,6833,ABCC8,HGNC:59,Likely pathogenic,1,"Oct 21, 2022",745835224,-,RCV002636001|RCV005608735,MedGen:C3661900|,not provided|Hereditary hyperinsulinism,germline,germline,GRCh38,NC_000011.10,11,17413392,17413392,na,na,11p15.1,"criteria provided, single submitter",2,-,N,ClinGen:CA5903130,2,1935640,17413392,A,T,-,-,-,-,-,-,SCV002975242,-,-
1996497,single nucleotide variant,NM_000352.6(ABCC8):c.2040+7C>A,6833,ABCC8,HGNC:59,Likely benign,0,"Jun 21, 2023",751042003,-,RCV002668034,MedGen:C3661900,not provided,germline,germline,GRCh37,NC_000011.9,11,17449829,17449829,na,na,11p15.1,"criteria provided, single submitter",1,-,N,ClinGen:CA597904329,2,1948821,17449829,G,T,-,-,-,-,-,-,SCV002986963,-,-
1996497,single nucleotide variant,NM_000352.6(ABCC8):c.2040+7C>A,6833,ABCC8,HGNC:59,Likely benign,0,"Jun 21, 2023",751042003,-,RCV002668034,MedGen:C3661900,not provided,germline,germline,GRCh38,NC_000011.10,11,17428282,17428282,na,na,11p15.1,"criteria provided, single submitter",1,-,N,ClinGen:CA597904329,2,1948821,17428282,G,T,-,-,-,-,-,-,SCV002986963,-,-
1997353,single nucleotide variant,NM_000162.5(GCK):c.1254-13C>G,2645,GCK,HGNC:4195,Likely benign,0,"Jan 26, 2026",377159489,-,RCV002666977|RCV005239478,MedGen:C3661900|MedGen:CN169374,not provided|not specified,germline,germline,GRCh37,NC_000007.13,7,44184892,44184892,na,na,7p13,"criteria provided, multiple submitters, no conflicts",2,-,N,ClinGen:CA4239389,2,1939769,44184892,G,C,-,-,-,-,-,-,SCV002976046|SCV005885501,-,-
1997353,single nucleotide variant,NM_000162.5(GCK):c.1254-13C>G,2645,GCK,HGNC:4195,Likely benign,0,"Jan 26, 2026",377159489,-,RCV002666977|RCV005239478,MedGen:C3661900|MedGen:CN169374,not provided|not specified,germline,germline,GRCh38,NC_000007.14,7,44145293,44145293,na,na,7p13,"criteria provided, multiple submitters, no conflicts",2,-,N,ClinGen:CA4239389,2,1939769,44145293,G,C,-,-,-,-,-,-,SCV002976046|SCV005885501,-,-
1997810,single nucleotide variant,NM_000352.6(ABCC8):c.4653G>T (p.Leu1551=),6833,ABCC8,HGNC:59,Likely benign,0,"May 14, 2022",17846721,-,RCV002675648,MedGen:C3661900,not provided,germline,germline,GRCh37,NC_000011.9,11,17414631,17414631,na,na,11p15.1,"criteria provided, single submitter",1,-,N,ClinGen:CA473297969,2,1941525,17414631,C,A,-,-,-,-,-,-,SCV002986136,-,-
1997810,single nucleotide variant,NM_000352.6(ABCC8):c.4653G>T (p.Leu1551=),6833,ABCC8,HGNC:59,Likely benign,0,"May 14, 2022",17846721,-,RCV002675648,MedGen:C3661900,not provided,germline,germline,GRCh38,NC_000011.10,11,17393084,17393084,na,na,11p15.1,"criteria provided, single submitter",1,-,N,ClinGen:CA473297969,2,1941525,17393084,C,A,-,-,-,-,-,-,SCV002986136,-,-
1997811,single nucleotide variant,NM_000352.6(ABCC8):c.4650C>T (p.Val1550=),6833,ABCC8,HGNC:59,Likely benign,0,"May 14, 2022",2496429908,-,RCV002643184,MedGen:C3661900,not provided,germline,germline,GRCh37,NC_000011.9,11,17414634,17414634,na,na,11p15.1,"criteria provided, single submitter",1,-,N,ClinGen:CA473297972,2,1941526,17414634,G,A,-,-,-,-,-,-,SCV002985124,-,-
1997811,single nucleotide variant,NM_000352.6(ABCC8):c.4650C>T (p.Val1550=),6833,ABCC8,HGNC:59,Likely benign,0,"May 14, 2022",2496429908,-,RCV002643184,MedGen:C3661900,not provided,germline,germline,GRCh38,NC_000011.10,11,17393087,17393087,na,na,11p15.1,"criteria provided, single submitter",1,-,N,ClinGen:CA473297972,2,1941526,17393087,G,A,-,-,-,-,-,-,SCV002985124,-,-
2001420,single nucleotide variant,NM_000352.6(ABCC8):c.99G>C (p.Val33=),6833,ABCC8,HGNC:59,Likely benign,0,"Oct 30, 2023",760617059,-,RCV002643053,MedGen:C3661900,not provided,germline,germline,GRCh37,NC_000011.9,11,17498225,17498225,na,na,11p15.1,"criteria provided, single submitter",1,-,N,ClinGen:CA218463964,2,1941260,17498225,C,G,-,-,-,-,-,-,SCV002986818,-,-
2001420,single nucleotide variant,NM_000352.6(ABCC8):c.99G>C (p.Val33=),6833,ABCC8,HGNC:59,Likely benign,0,"Oct 30, 2023",760617059,-,RCV002643053,MedGen:C3661900,not provided,germline,germline,GRCh38,NC_000011.10,11,17476678,17476678,na,na,11p15.1,"criteria provided, single submitter",1,-,N,ClinGen:CA218463964,2,1941260,17476678,C,G,-,-,-,-,-,-,SCV002986818,-,-
2003284,single nucleotide variant,NM_000352.6(ABCC8):c.2280C>A (p.Asp760Glu),6833,ABCC8,HGNC:59,Uncertain significance,0,"Oct 29, 2025",1181585001,-,RCV002676325|RCV006292233,"MedGen:C3661900|MeSH:D030342,MedGen:C0950123",not provided|Inborn genetic diseases,germline,germline,GRCh37,NC_000011.9,11,17436862,17436862,na,na,11p15.1,"criteria provided, multiple submitters, no conflicts",2,-,N,ClinGen:CA379810800,2,1949582,17436862,G,T,-,-,-,-,-,-,SCV002987658|SCV007157046,-,-
2003284,single nucleotide variant,NM_000352.6(ABCC8):c.2280C>A (p.Asp760Glu),6833,ABCC8,HGNC:59,Uncertain significance,0,"Oct 29, 2025",1181585001,-,RCV002676325|RCV006292233,"MedGen:C3661900|MeSH:D030342,MedGen:C0950123",not provided|Inborn genetic diseases,germline,germline,GRCh38,NC_000011.10,11,17415315,17415315,na,na,11p15.1,"criteria provided, multiple submitters, no conflicts",2,-,N,ClinGen:CA379810800,2,1949582,17415315,G,T,-,-,-,-,-,-,SCV002987658|SCV007157046,-,-
2003814,single nucleotide variant,NM_000525.4(KCNJ11):c.87C>T (p.Arg29=),3767,KCNJ11,HGNC:6257,Likely benign,0,"Sep 07, 2022",539327013,-,RCV002627606,MedGen:C3661900,not provided,germline,germline,GRCh37,NC_000011.9,11,17409552,17409552,na,na,11p15.1,"criteria provided, single submitter",1,-,N,ClinGen:CA5902336,2,1937193,17409552,G,A,-,-,-,-,-,-,SCV002979057,-,-
2003814,single nucleotide variant,NM_000525.4(KCNJ11):c.87C>T (p.Arg29=),3767,KCNJ11,HGNC:6257,Likely benign,0,"Sep 07, 2022",539327013,-,RCV002627606,MedGen:C3661900,not provided,germline,germline,GRCh38,NC_000011.10,11,17388005,17388005,na,na,11p15.1,"criteria provided, single submitter",1,-,N,ClinGen:CA5902336,2,1937193,17388005,G,A,-,-,-,-,-,-,SCV002979057,-,-
2004094,single nucleotide variant,NM_000162.5(GCK):c.1359G>T (p.Ser453=),2645,GCK,HGNC:4195,Likely benign,0,"Nov 21, 2024",761968548,-,RCV002646514|RCV003167563,"MedGen:C3661900|Human Phenotype Ontology:HP:0004904,MONDO:MONDO:0018911,MedGen:C0342276,OMIM:PS125850,Orphanet:552",not provided|Maturity-onset diabetes of the young,germline,germline,GRCh37,NC_000007.13,7,44184774,44184774,na,na,7p13,"criteria provided, multiple submitters, no conflicts",2,-,N,ClinGen:CA4239374,2,1938767,44184774,C,A,-,-,-,-,-,-,SCV002972094|SCV003911074,-,-
2004094,single nucleotide variant,NM_000162.5(GCK):c.1359G>T (p.Ser453=),2645,GCK,HGNC:4195,Likely benign,0,"Nov 21, 2024",761968548,-,RCV002646514|RCV003167563,"MedGen:C3661900|Human Phenotype Ontology:HP:0004904,MONDO:MONDO:0018911,MedGen:C0342276,OMIM:PS125850,Orphanet:552",not provided|Maturity-onset diabetes of the young,germline,germline,GRCh38,NC_000007.14,7,44145175,44145175,na,na,7p13,"criteria provided, multiple submitters, no conflicts",2,-,N,ClinGen:CA4239374,2,1938767,44145175,C,A,-,-,-,-,-,-,SCV002972094|SCV003911074,-,-
2005148,single nucleotide variant,NM_000352.6(ABCC8):c.4545+19C>G,6833,ABCC8,HGNC:59,Likely benign,0,"Nov 05, 2025",761663288,-,RCV002653796,MedGen:C3661900,not provided,germline,germline,GRCh37,NC_000011.9,11,17415794,17415794,na,na,11p15.1,"criteria provided, single submitter",1,-,N,ClinGen:CA5902446,2,1942415,17415794,G,C,-,-,-,-,-,-,SCV002980901,-,-
2005148,single nucleotide variant,NM_000352.6(ABCC8):c.4545+19C>G,6833,ABCC8,HGNC:59,Likely benign,0,"Nov 05, 2025",761663288,-,RCV002653796,MedGen:C3661900,not provided,germline,germline,GRCh38,NC_000011.10,11,17394247,17394247,na,na,11p15.1,"criteria provided, single submitter",1,-,N,ClinGen:CA5902446,2,1942415,17394247,G,C,-,-,-,-,-,-,SCV002980901,-,-
2006187,single nucleotide variant,NM_000352.6(ABCC8):c.3163-9C>A,6833,ABCC8,HGNC:59,Likely benign,0,"Mar 15, 2022",1954551768,-,RCV002654391,MedGen:C3661900,not provided,germline,germline,GRCh37,NC_000011.9,11,17428344,17428344,na,na,11p15.1,"criteria provided, single submitter",1,-,N,ClinGen:CA935529527,2,1947331,17428344,G,T,-,-,-,-,-,-,SCV002982706,-,-
2006187,single nucleotide variant,NM_000352.6(ABCC8):c.3163-9C>A,6833,ABCC8,HGNC:59,Likely benign,0,"Mar 15, 2022",1954551768,-,RCV002654391,MedGen:C3661900,not provided,germline,germline,GRCh38,NC_000011.10,11,17406797,17406797,na,na,11p15.1,"criteria provided, single submitter",1,-,N,ClinGen:CA935529527,2,1947331,17406797,G,T,-,-,-,-,-,-,SCV002982706,-,-
2006342,single nucleotide variant,NM_000352.6(ABCC8):c.822+2T>C,6833,ABCC8,HGNC:59,Likely pathogenic,1,"Aug 03, 2025",2496851854,-,RCV002685508|RCV003465811|RCV004700804,"MedGen:C3661900|Human Phenotype Ontology:HP:0005965,Human Phenotype Ontology:HP:0005978,Human Phenotype Ontology:HP:0100652,MONDO:MONDO:0005148,MeSH:D003924,MedGen:C0011860,OMIM:125853|MONDO:MONDO:0017182,MedGen:C3888018,Orphanet:276525",not provided|Type 2 diabetes mellitus|Familial hyperinsulinism,germline;unknown,germline,GRCh37,NC_000011.9,11,17483128,17483128,na,na,11p15.1,"criteria provided, multiple submitters, no conflicts",4,-,N,ClinGen:CA379778024,2,1947486,17483128,A,G,-,-,-,-,-,-,SCV002986911|SCV004194560|SCV005203519|SCV007433394,-,-
2006342,single nucleotide variant,NM_000352.6(ABCC8):c.822+2T>C,6833,ABCC8,HGNC:59,Likely pathogenic,1,"Aug 03, 2025",2496851854,-,RCV002685508|RCV003465811|RCV004700804,"MedGen:C3661900|Human Phenotype Ontology:HP:0005965,Human Phenotype Ontology:HP:0005978,Human Phenotype Ontology:HP:0100652,MONDO:MONDO:0005148,MeSH:D003924,MedGen:C0011860,OMIM:125853|MONDO:MONDO:0017182,MedGen:C3888018,Orphanet:276525",not provided|Type 2 diabetes mellitus|Familial hyperinsulinism,germline;unknown,germline,GRCh38,NC_000011.10,11,17461581,17461581,na,na,11p15.1,"criteria provided, multiple submitters, no conflicts",4,-,N,ClinGen:CA379778024,2,1947486,17461581,A,G,-,-,-,-,-,-,SCV002986911|SCV004194560|SCV005203519|SCV007433394,-,-
2007087,single nucleotide variant,NM_000352.6(ABCC8):c.4329G>A (p.Arg1443=),6833,ABCC8,HGNC:59,Likely benign,0,"Feb 21, 2022",1304013989,-,RCV002671750,MedGen:C3661900,not provided,germline,germline,GRCh37,NC_000011.9,11,17416801,17416801,na,na,11p15.1,"criteria provided, single submitter",1,-,N,ClinGen:CA473298182,2,1950382,17416801,C,T,-,-,-,-,-,-,SCV002996289,-,-
2007087,single nucleotide variant,NM_000352.6(ABCC8):c.4329G>A (p.Arg1443=),6833,ABCC8,HGNC:59,Likely benign,0,"Feb 21, 2022",1304013989,-,RCV002671750,MedGen:C3661900,not provided,germline,germline,GRCh38,NC_000011.10,11,17395254,17395254,na,na,11p15.1,"criteria provided, single submitter",1,-,N,ClinGen:CA473298182,2,1950382,17395254,C,T,-,-,-,-,-,-,SCV002996289,-,-
2009989,single nucleotide variant,NM_000352.6(ABCC8):c.3926G>A (p.Gly1309Glu),6833,ABCC8,HGNC:59,Uncertain significance,0,"Jul 02, 2025",1564878341,-,RCV002691114|RCV004534172,MedGen:C3661900|,not provided|ABCC8-related disorder,germline,germline,GRCh37,NC_000011.9,11,17418802,17418802,na,na,11p15.1,"criteria provided, single submitter",2,-,N,ClinGen:CA379792132,2,1961048,17418802,C,T,-,-,-,-,-,-,SCV002999655,-,-
2009989,single nucleotide variant,NM_000352.6(ABCC8):c.3926G>A (p.Gly1309Glu),6833,ABCC8,HGNC:59,Uncertain significance,0,"Jul 02, 2025",1564878341,-,RCV002691114|RCV004534172,MedGen:C3661900|,not provided|ABCC8-related disorder,germline,germline,GRCh38,NC_000011.10,11,17397255,17397255,na,na,11p15.1,"criteria provided, single submitter",2,-,N,ClinGen:CA379792132,2,1961048,17397255,C,T,-,-,-,-,-,-,SCV002999655,-,-
2011572,single nucleotide variant,NM_000352.6(ABCC8):c.4686A>G (p.Pro1562=),6833,ABCC8,HGNC:59,Likely benign,0,"May 04, 2022",2496429374,-,RCV002715247,MedGen:C3661900,not provided,germline,germline,GRCh37,NC_000011.9,11,17414598,17414598,na,na,11p15.1,"criteria provided, single submitter",1,-,N,ClinGen:CA473297949,2,1955304,17414598,T,C,-,-,-,-,-,-,SCV002994394,-,-
2011572,single nucleotide variant,NM_000352.6(ABCC8):c.4686A>G (p.Pro1562=),6833,ABCC8,HGNC:59,Likely benign,0,"May 04, 2022",2496429374,-,RCV002715247,MedGen:C3661900,not provided,germline,germline,GRCh38,NC_000011.10,11,17393051,17393051,na,na,11p15.1,"criteria provided, single submitter",1,-,N,ClinGen:CA473297949,2,1955304,17393051,T,C,-,-,-,-,-,-,SCV002994394,-,-
2013005,single nucleotide variant,NM_000352.6(ABCC8):c.2421G>A (p.Leu807=),6833,ABCC8,HGNC:59,Likely benign,0,"Jun 13, 2022",2496578522,-,RCV002715581,MedGen:C3661900,not provided,germline,germline,GRCh37,NC_000011.9,11,17434995,17434995,na,na,11p15.1,"criteria provided, single submitter",1,-,N,ClinGen:CA473301471,2,1960621,17434995,C,T,-,-,-,-,-,-,SCV003000063,-,-
2013005,single nucleotide variant,NM_000352.6(ABCC8):c.2421G>A (p.Leu807=),6833,ABCC8,HGNC:59,Likely benign,0,"Jun 13, 2022",2496578522,-,RCV002715581,MedGen:C3661900,not provided,germline,germline,GRCh38,NC_000011.10,11,17413448,17413448,na,na,11p15.1,"criteria provided, single submitter",1,-,N,ClinGen:CA473301471,2,1960621,17413448,C,T,-,-,-,-,-,-,SCV003000063,-,-
2013178,single nucleotide variant,NM_000352.6(ABCC8):c.1575C>T (p.Thr525=),6833,ABCC8,HGNC:59,Likely benign,0,"May 17, 2023",753182037,-,RCV002725869,MedGen:C3661900,not provided,germline,germline,GRCh37,NC_000011.9,11,17464322,17464322,na,na,11p15.1,"criteria provided, single submitter",1,-,N,ClinGen:CA218445701,2,1962083,17464322,G,A,-,-,-,-,-,-,SCV003004405,-,-
2013178,single nucleotide variant,NM_000352.6(ABCC8):c.1575C>T (p.Thr525=),6833,ABCC8,HGNC:59,Likely benign,0,"May 17, 2023",753182037,-,RCV002725869,MedGen:C3661900,not provided,germline,germline,GRCh38,NC_000011.10,11,17442775,17442775,na,na,11p15.1,"criteria provided, single submitter",1,-,N,ClinGen:CA218445701,2,1962083,17442775,G,A,-,-,-,-,-,-,SCV003004405,-,-
2013347,Inversion,NM_000525.4(KCNJ11):c.1088_1089inv (p.Ser363Leu),3767,KCNJ11,HGNC:6257,Uncertain significance,0,"Jan 31, 2026",-1,-,RCV002735050|RCV004545373|RCV004587374,MedGen:C3661900||MedGen:CN169374,not provided|KCNJ11-related disorder|not specified,germline,germline,GRCh37,NC_000011.9,11,17408550,17408551,na,na,11p15.1,"criteria provided, multiple submitters, no conflicts",3,-,N,ClinGen:CA2580082761,2,1962252,17408550,TG,CA,-,-,-,-,-,-,SCV003002317|SCV005076502,-,-
2013347,Inversion,NM_000525.4(KCNJ11):c.1088_1089inv (p.Ser363Leu),3767,KCNJ11,HGNC:6257,Uncertain significance,0,"Jan 31, 2026",-1,-,RCV002735050|RCV004545373|RCV004587374,MedGen:C3661900||MedGen:CN169374,not provided|KCNJ11-related disorder|not specified,germline,germline,GRCh38,NC_000011.10,11,17387003,17387004,na,na,11p15.1,"criteria provided, multiple submitters, no conflicts",3,-,N,ClinGen:CA2580082761,2,1962252,17387003,TG,CA,-,-,-,-,-,-,SCV003002317|SCV005076502,-,-
2013580,single nucleotide variant,NM_000352.6(ABCC8):c.36G>T (p.Ser12=),6833,ABCC8,HGNC:59,Likely benign,0,"Apr 14, 2022",765938987,-,RCV002716160,MedGen:C3661900,not provided,germline,germline,GRCh37,NC_000011.9,11,17498288,17498288,na,na,11p15.1,"criteria provided, single submitter",1,-,N,ClinGen:CA5903998,2,1963784,17498288,C,A,-,-,-,-,-,-,SCV003005405,-,-
2013580,single nucleotide variant,NM_000352.6(ABCC8):c.36G>T (p.Ser12=),6833,ABCC8,HGNC:59,Likely benign,0,"Apr 14, 2022",765938987,-,RCV002716160,MedGen:C3661900,not provided,germline,germline,GRCh38,NC_000011.10,11,17476741,17476741,na,na,11p15.1,"criteria provided, single submitter",1,-,N,ClinGen:CA5903998,2,1963784,17476741,C,A,-,-,-,-,-,-,SCV003005405,-,-
2014211,single nucleotide variant,NM_000525.4(KCNJ11):c.219C>T (p.Leu73=),3767,KCNJ11,HGNC:6257,Likely benign,0,"Dec 15, 2021",1953590055,-,RCV002686194,MedGen:C3661900,not provided,germline,germline,GRCh37,NC_000011.9,11,17409420,17409420,na,na,11p15.1,"criteria provided, single submitter",1,-,N,ClinGen:CA473515850,2,1951482,17409420,G,A,-,-,-,-,-,-,SCV002989622,-,-
2014211,single nucleotide variant,NM_000525.4(KCNJ11):c.219C>T (p.Leu73=),3767,KCNJ11,HGNC:6257,Likely benign,0,"Dec 15, 2021",1953590055,-,RCV002686194,MedGen:C3661900,not provided,germline,germline,GRCh38,NC_000011.10,11,17387873,17387873,na,na,11p15.1,"criteria provided, single submitter",1,-,N,ClinGen:CA473515850,2,1951482,17387873,G,A,-,-,-,-,-,-,SCV002989622,-,-
2014617,single nucleotide variant,NM_000352.6(ABCC8):c.2019T>C (p.Asp673=),6833,ABCC8,HGNC:59,Likely benign,0,"Jul 16, 2023",1955682420,-,RCV002700196,MedGen:C3661900,not provided,germline,germline,GRCh37,NC_000011.9,11,17449857,17449857,na,na,11p15.1,"criteria provided, single submitter",1,-,N,ClinGen:CA473516058,2,1953183,17449857,A,G,-,-,-,-,-,-,SCV002996877,-,-
2014617,single nucleotide variant,NM_000352.6(ABCC8):c.2019T>C (p.Asp673=),6833,ABCC8,HGNC:59,Likely benign,0,"Jul 16, 2023",1955682420,-,RCV002700196,MedGen:C3661900,not provided,germline,germline,GRCh38,NC_000011.10,11,17428310,17428310,na,na,11p15.1,"criteria provided, single submitter",1,-,N,ClinGen:CA473516058,2,1953183,17428310,A,G,-,-,-,-,-,-,SCV002996877,-,-
2015955,single nucleotide variant,NM_000352.6(ABCC8):c.654G>A (p.Leu218=),6833,ABCC8,HGNC:59,Likely benign,0,"Apr 04, 2022",1282221130,-,RCV002696047,MedGen:C3661900,not provided,germline,germline,GRCh37,NC_000011.9,11,17483298,17483298,na,na,11p15.1,"criteria provided, single submitter",1,-,N,ClinGen:CA473516219,2,1958405,17483298,C,T,-,-,-,-,-,-,SCV002993396,-,-
2015955,single nucleotide variant,NM_000352.6(ABCC8):c.654G>A (p.Leu218=),6833,ABCC8,HGNC:59,Likely benign,0,"Apr 04, 2022",1282221130,-,RCV002696047,MedGen:C3661900,not provided,germline,germline,GRCh38,NC_000011.10,11,17461751,17461751,na,na,11p15.1,"criteria provided, single submitter",1,-,N,ClinGen:CA473516219,2,1958405,17461751,C,T,-,-,-,-,-,-,SCV002993396,-,-
2016673,single nucleotide variant,NM_000352.6(ABCC8):c.582A>G (p.Arg194=),6833,ABCC8,HGNC:59,Likely benign,0,"Nov 29, 2022",747807013,-,RCV002720876,MedGen:C3661900,not provided,germline,germline,GRCh37,NC_000011.9,11,17483370,17483370,na,na,11p15.1,"criteria provided, single submitter",1,-,N,ClinGen:CA5903819,2,1961704,17483370,T,C,-,-,-,-,-,-,SCV003000176,-,-
2016673,single nucleotide variant,NM_000352.6(ABCC8):c.582A>G (p.Arg194=),6833,ABCC8,HGNC:59,Likely benign,0,"Nov 29, 2022",747807013,-,RCV002720876,MedGen:C3661900,not provided,germline,germline,GRCh38,NC_000011.10,11,17461823,17461823,na,na,11p15.1,"criteria provided, single submitter",1,-,N,ClinGen:CA5903819,2,1961704,17461823,T,C,-,-,-,-,-,-,SCV003000176,-,-
2017462,single nucleotide variant,NM_000162.5(GCK):c.1180C>T (p.Arg394Cys),2645,GCK,HGNC:4195,Uncertain significance,0,"Jul 28, 2022",1364766762,-,RCV002681549|RCV005928372,MedGen:C3661900|MedGen:C0280630,not provided|Uterine carcinosarcoma,germline;not applicable,germline,GRCh37,NC_000007.13,7,44185169,44185169,na,na,7p13,"criteria provided, single submitter",2,-,N,ClinGen:CA367398588,2,1950859,44185169,G,A,-,-,-,-,-,-,SCV002991696,-,-
2017462,single nucleotide variant,NM_000162.5(GCK):c.1180C>T (p.Arg394Cys),2645,GCK,HGNC:4195,Uncertain significance,0,"Jul 28, 2022",1364766762,-,RCV002681549|RCV005928372,MedGen:C3661900|MedGen:C0280630,not provided|Uterine carcinosarcoma,germline;not applicable,germline,GRCh38,NC_000007.14,7,44145570,44145570,na,na,7p13,"criteria provided, single submitter",2,-,N,ClinGen:CA367398588,2,1950859,44145570,G,A,-,-,-,-,-,-,SCV002991696,-,-
2017885,single nucleotide variant,NM_000352.6(ABCC8):c.2442G>A (p.Leu814=),6833,ABCC8,HGNC:59,Likely benign,0,"Oct 07, 2022",773601305,-,RCV002700022,MedGen:C3661900,not provided,germline,germline,GRCh37,NC_000011.9,11,17434974,17434974,na,na,11p15.1,"criteria provided, single submitter",1,-,N,ClinGen:CA218428579,2,1952575,17434974,C,T,-,-,-,-,-,-,SCV002996894,-,-
2017885,single nucleotide variant,NM_000352.6(ABCC8):c.2442G>A (p.Leu814=),6833,ABCC8,HGNC:59,Likely benign,0,"Oct 07, 2022",773601305,-,RCV002700022,MedGen:C3661900,not provided,germline,germline,GRCh38,NC_000011.10,11,17413427,17413427,na,na,11p15.1,"criteria provided, single submitter",1,-,N,ClinGen:CA218428579,2,1952575,17413427,C,T,-,-,-,-,-,-,SCV002996894,-,-
2019019,single nucleotide variant,NM_000352.6(ABCC8):c.3825C>A (p.Leu1275=),6833,ABCC8,HGNC:59,Likely benign,0,"Jan 18, 2022",1460453587,-,RCV002720214,MedGen:C3661900,not provided,germline,germline,GRCh37,NC_000011.9,11,17419273,17419273,na,na,11p15.1,"criteria provided, single submitter",1,-,N,ClinGen:CA473298855,2,1956298,17419273,G,T,-,-,-,-,-,-,SCV002992162,-,-
2019019,single nucleotide variant,NM_000352.6(ABCC8):c.3825C>A (p.Leu1275=),6833,ABCC8,HGNC:59,Likely benign,0,"Jan 18, 2022",1460453587,-,RCV002720214,MedGen:C3661900,not provided,germline,germline,GRCh38,NC_000011.10,11,17397726,17397726,na,na,11p15.1,"criteria provided, single submitter",1,-,N,ClinGen:CA473298855,2,1956298,17397726,G,T,-,-,-,-,-,-,SCV002992162,-,-
2019086,single nucleotide variant,NM_000352.6(ABCC8):c.1125A>G (p.Ala375=),6833,ABCC8,HGNC:59,Likely benign,0,"Jan 26, 2022",2496810318,-,RCV002690791,MedGen:C3661900,not provided,germline,germline,GRCh37,NC_000011.9,11,17474717,17474717,na,na,11p15.1,"criteria provided, single submitter",1,-,N,ClinGen:CA473299805,2,1957661,17474717,T,C,-,-,-,-,-,-,SCV002996216,-,-
2019086,single nucleotide variant,NM_000352.6(ABCC8):c.1125A>G (p.Ala375=),6833,ABCC8,HGNC:59,Likely benign,0,"Jan 26, 2022",2496810318,-,RCV002690791,MedGen:C3661900,not provided,germline,germline,GRCh38,NC_000011.10,11,17453170,17453170,na,na,11p15.1,"criteria provided, single submitter",1,-,N,ClinGen:CA473299805,2,1957661,17453170,T,C,-,-,-,-,-,-,SCV002996216,-,-
2019786,single nucleotide variant,NM_000352.6(ABCC8):c.2040+12T>A,6833,ABCC8,HGNC:59,Likely benign,0,"Apr 17, 2024",1955679709,-,RCV002710373,MedGen:C3661900,not provided,germline,germline,GRCh37,NC_000011.9,11,17449824,17449824,na,na,11p15.1,"criteria provided, single submitter",1,-,N,ClinGen:CA2574768625,2,1959652,17449824,A,T,-,-,-,-,-,-,SCV003007721,-,-
2019786,single nucleotide variant,NM_000352.6(ABCC8):c.2040+12T>A,6833,ABCC8,HGNC:59,Likely benign,0,"Apr 17, 2024",1955679709,-,RCV002710373,MedGen:C3661900,not provided,germline,germline,GRCh38,NC_000011.10,11,17428277,17428277,na,na,11p15.1,"criteria provided, single submitter",1,-,N,ClinGen:CA2574768625,2,1959652,17428277,A,T,-,-,-,-,-,-,SCV003007721,-,-
2020608,single nucleotide variant,NM_000352.6(ABCC8):c.3645C>A (p.Ala1215=),6833,ABCC8,HGNC:59,Likely benign,0,"Sep 13, 2022",777936577,-,RCV002710879,MedGen:C3661900,not provided,germline,germline,GRCh37,NC_000011.9,11,17424213,17424213,na,na,11p15.1,"criteria provided, single submitter",1,-,N,ClinGen:CA5902754,2,1963057,17424213,G,T,-,-,-,-,-,-,SCV003001436,-,-
2020608,single nucleotide variant,NM_000352.6(ABCC8):c.3645C>A (p.Ala1215=),6833,ABCC8,HGNC:59,Likely benign,0,"Sep 13, 2022",777936577,-,RCV002710879,MedGen:C3661900,not provided,germline,germline,GRCh38,NC_000011.10,11,17402666,17402666,na,na,11p15.1,"criteria provided, single submitter",1,-,N,ClinGen:CA5902754,2,1963057,17402666,G,T,-,-,-,-,-,-,SCV003001436,-,-
2020700,single nucleotide variant,NM_000525.4(KCNJ11):c.978C>T (p.Tyr326=),3767,KCNJ11,HGNC:6257,Likely benign,0,"Aug 19, 2022",757254860,-,RCV002710949,MedGen:C3661900,not provided,germline,germline,GRCh37,NC_000011.9,11,17408661,17408661,na,na,11p15.1,"criteria provided, single submitter",1,-,N,ClinGen:CA5902206,2,1963149,17408661,G,A,-,-,-,-,-,-,SCV003003225,-,-
2020700,single nucleotide variant,NM_000525.4(KCNJ11):c.978C>T (p.Tyr326=),3767,KCNJ11,HGNC:6257,Likely benign,0,"Aug 19, 2022",757254860,-,RCV002710949,MedGen:C3661900,not provided,germline,germline,GRCh38,NC_000011.10,11,17387114,17387114,na,na,11p15.1,"criteria provided, single submitter",1,-,N,ClinGen:CA5902206,2,1963149,17387114,G,A,-,-,-,-,-,-,SCV003003225,-,-
2021378,single nucleotide variant,NM_000352.6(ABCC8):c.3027C>A (p.Ile1009=),6833,ABCC8,HGNC:59,Likely benign,0,"Dec 13, 2021",751662850,-,RCV002711510,MedGen:C3661900,not provided,germline,germline,GRCh37,NC_000011.9,11,17428570,17428570,na,na,11p15.1,"criteria provided, single submitter",1,-,N,ClinGen:CA473515966,2,1965987,17428570,G,T,-,-,-,-,-,-,SCV002999838,-,-
2021378,single nucleotide variant,NM_000352.6(ABCC8):c.3027C>A (p.Ile1009=),6833,ABCC8,HGNC:59,Likely benign,0,"Dec 13, 2021",751662850,-,RCV002711510,MedGen:C3661900,not provided,germline,germline,GRCh38,NC_000011.10,11,17407023,17407023,na,na,11p15.1,"criteria provided, single submitter",1,-,N,ClinGen:CA473515966,2,1965987,17407023,G,T,-,-,-,-,-,-,SCV002999838,-,-
2024966,single nucleotide variant,NM_000352.6(ABCC8):c.3600C>T (p.Leu1200=),6833,ABCC8,HGNC:59,Likely benign,0,"Feb 06, 2022",1439210331,-,RCV002754947,MedGen:C3661900,not provided,germline,germline,GRCh37,NC_000011.9,11,17424258,17424258,na,na,11p15.1,"criteria provided, single submitter",1,-,N,ClinGen:CA473299471,2,1967538,17424258,G,A,-,-,-,-,-,-,SCV003007155,-,-
2024966,single nucleotide variant,NM_000352.6(ABCC8):c.3600C>T (p.Leu1200=),6833,ABCC8,HGNC:59,Likely benign,0,"Feb 06, 2022",1439210331,-,RCV002754947,MedGen:C3661900,not provided,germline,germline,GRCh38,NC_000011.10,11,17402711,17402711,na,na,11p15.1,"criteria provided, single submitter",1,-,N,ClinGen:CA473299471,2,1967538,17402711,G,A,-,-,-,-,-,-,SCV003007155,-,-
2025889,single nucleotide variant,NM_000525.4(KCNJ11):c.1020C>T (p.Pro340=),3767,KCNJ11,HGNC:6257,Likely benign,0,"Nov 25, 2023",2496407669,-,RCV002746109,MedGen:C3661900,not provided,germline,germline,GRCh37,NC_000011.9,11,17408619,17408619,na,na,11p15.1,"criteria provided, single submitter",1,-,N,ClinGen:CA473515202,2,1972330,17408619,G,A,-,-,-,-,-,-,SCV003011960,-,-
2025889,single nucleotide variant,NM_000525.4(KCNJ11):c.1020C>T (p.Pro340=),3767,KCNJ11,HGNC:6257,Likely benign,0,"Nov 25, 2023",2496407669,-,RCV002746109,MedGen:C3661900,not provided,germline,germline,GRCh38,NC_000011.10,11,17387072,17387072,na,na,11p15.1,"criteria provided, single submitter",1,-,N,ClinGen:CA473515202,2,1972330,17387072,G,A,-,-,-,-,-,-,SCV003011960,-,-
2029335,single nucleotide variant,NM_000352.6(ABCC8):c.2679G>A (p.Leu893=),6833,ABCC8,HGNC:59,Likely benign,0,"Jul 20, 2025",1023939014,-,RCV002745786,MedGen:C3661900,not provided,germline,germline,GRCh37,NC_000011.9,11,17432078,17432078,na,na,11p15.1,"criteria provided, single submitter",1,-,N,ClinGen:CA218426122,2,1971906,17432078,C,T,-,-,-,-,-,-,SCV003016876,-,-
2029335,single nucleotide variant,NM_000352.6(ABCC8):c.2679G>A (p.Leu893=),6833,ABCC8,HGNC:59,Likely benign,0,"Jul 20, 2025",1023939014,-,RCV002745786,MedGen:C3661900,not provided,germline,germline,GRCh38,NC_000011.10,11,17410531,17410531,na,na,11p15.1,"criteria provided, single submitter",1,-,N,ClinGen:CA218426122,2,1971906,17410531,C,T,-,-,-,-,-,-,SCV003016876,-,-
2030797,single nucleotide variant,NM_000352.6(ABCC8):c.1842G>A (p.Leu614=),6833,ABCC8,HGNC:59,Likely benign,0,"Feb 01, 2022",776060408,-,RCV002761065,MedGen:C3661900,not provided,germline,germline,GRCh37,NC_000011.9,11,17450193,17450193,na,na,11p15.1,"criteria provided, single submitter",1,-,N,ClinGen:CA473516572,2,1976811,17450193,C,T,-,-,-,-,-,-,SCV003010767,-,-
2030797,single nucleotide variant,NM_000352.6(ABCC8):c.1842G>A (p.Leu614=),6833,ABCC8,HGNC:59,Likely benign,0,"Feb 01, 2022",776060408,-,RCV002761065,MedGen:C3661900,not provided,germline,germline,GRCh38,NC_000011.10,11,17428646,17428646,na,na,11p15.1,"criteria provided, single submitter",1,-,N,ClinGen:CA473516572,2,1976811,17428646,C,T,-,-,-,-,-,-,SCV003010767,-,-
2033183,single nucleotide variant,NM_000352.6(ABCC8):c.483C>T (p.Ala161=),6833,ABCC8,HGNC:59,Likely benign,0,"Oct 03, 2022",2496865222,-,RCV002750388,MedGen:C3661900,not provided,germline,germline,GRCh37,NC_000011.9,11,17485081,17485081,na,na,11p15.1,"criteria provided, single submitter",1,-,N,ClinGen:CA473301110,2,1972755,17485081,G,A,-,-,-,-,-,-,SCV003013192,-,-
2033183,single nucleotide variant,NM_000352.6(ABCC8):c.483C>T (p.Ala161=),6833,ABCC8,HGNC:59,Likely benign,0,"Oct 03, 2022",2496865222,-,RCV002750388,MedGen:C3661900,not provided,germline,germline,GRCh38,NC_000011.10,11,17463534,17463534,na,na,11p15.1,"criteria provided, single submitter",1,-,N,ClinGen:CA473301110,2,1972755,17463534,G,A,-,-,-,-,-,-,SCV003013192,-,-
2033703,single nucleotide variant,NM_000352.6(ABCC8):c.174G>A (p.Val58=),6833,ABCC8,HGNC:59,Likely benign,0,"Sep 12, 2023",1359486359,-,RCV002741466,MedGen:C3661900,not provided,germline,germline,GRCh37,NC_000011.9,11,17496549,17496549,na,na,11p15.1,"criteria provided, single submitter",1,-,N,ClinGen:CA473302003,2,1974567,17496549,C,T,-,-,-,-,-,-,SCV003010102,-,-
2033703,single nucleotide variant,NM_000352.6(ABCC8):c.174G>A (p.Val58=),6833,ABCC8,HGNC:59,Likely benign,0,"Sep 12, 2023",1359486359,-,RCV002741466,MedGen:C3661900,not provided,germline,germline,GRCh38,NC_000011.10,11,17475002,17475002,na,na,11p15.1,"criteria provided, single submitter",1,-,N,ClinGen:CA473302003,2,1974567,17475002,C,T,-,-,-,-,-,-,SCV003010102,-,-
2035672,single nucleotide variant,NM_000352.6(ABCC8):c.4470C>T (p.Cys1490=),6833,ABCC8,HGNC:59,Likely benign,0,"Dec 22, 2022",762172875,-,RCV002785657,MedGen:C3661900,not provided,germline,germline,GRCh37,NC_000011.9,11,17415888,17415888,na,na,11p15.1,"criteria provided, single submitter",1,-,N,ClinGen:CA5902468,2,1982912,17415888,G,A,-,-,-,-,-,-,SCV003020639,-,-
2035672,single nucleotide variant,NM_000352.6(ABCC8):c.4470C>T (p.Cys1490=),6833,ABCC8,HGNC:59,Likely benign,0,"Dec 22, 2022",762172875,-,RCV002785657,MedGen:C3661900,not provided,germline,germline,GRCh38,NC_000011.10,11,17394341,17394341,na,na,11p15.1,"criteria provided, single submitter",1,-,N,ClinGen:CA5902468,2,1982912,17394341,G,A,-,-,-,-,-,-,SCV003020639,-,-
2041523,single nucleotide variant,NM_000162.5(GCK):c.1184A>G (p.Glu395Gly),2645,GCK,HGNC:4195,Uncertain significance,0,"Jul 29, 2025",751179138,-,RCV002750992,MedGen:C3661900,not provided,germline,germline,GRCh37,NC_000007.13,7,44185165,44185165,na,na,7p13,"criteria provided, multiple submitters, no conflicts",2,-,N,ClinGen:CA4239419,2,1978447,44185165,T,C,-,-,-,-,-,-,SCV003023835|SCV006311868,-,-
2041523,single nucleotide variant,NM_000162.5(GCK):c.1184A>G (p.Glu395Gly),2645,GCK,HGNC:4195,Uncertain significance,0,"Jul 29, 2025",751179138,-,RCV002750992,MedGen:C3661900,not provided,germline,germline,GRCh38,NC_000007.14,7,44145566,44145566,na,na,7p13,"criteria provided, multiple submitters, no conflicts",2,-,N,ClinGen:CA4239419,2,1978447,44145566,T,C,-,-,-,-,-,-,SCV003023835|SCV006311868,-,-
2041758,single nucleotide variant,NM_000352.6(ABCC8):c.3142A>G (p.Arg1048Gly),6833,ABCC8,HGNC:59,Uncertain significance,0,"Jul 19, 2022",1387302006,-,RCV002775121,MedGen:C3661900,not provided,germline,germline,GRCh37,NC_000011.9,11,17428455,17428455,na,na,11p15.1,"criteria provided, single submitter",1,-,N,ClinGen:CA379803158,2,1978682,17428455,T,C,-,-,-,-,-,-,SCV003020035,-,-
2041758,single nucleotide variant,NM_000352.6(ABCC8):c.3142A>G (p.Arg1048Gly),6833,ABCC8,HGNC:59,Uncertain significance,0,"Jul 19, 2022",1387302006,-,RCV002775121,MedGen:C3661900,not provided,germline,germline,GRCh38,NC_000011.10,11,17406908,17406908,na,na,11p15.1,"criteria provided, single submitter",1,-,N,ClinGen:CA379803158,2,1978682,17406908,T,C,-,-,-,-,-,-,SCV003020035,-,-
2043010,single nucleotide variant,NM_000162.5(GCK):c.852C>T (p.Pro284=),2645,GCK,HGNC:4195,Likely benign,0,"Aug 29, 2024",145323719,-,RCV002770483|RCV004823059,"MedGen:C3661900|Human Phenotype Ontology:HP:0004904,MONDO:MONDO:0018911,MedGen:C0342276,OMIM:PS125850,Orphanet:552",not provided|Maturity-onset diabetes of the young,germline,germline,GRCh37,NC_000007.13,7,44187260,44187260,na,na,7p13,"criteria provided, multiple submitters, no conflicts",2,-,N,ClinGen:CA4239513,2,1983855,44187260,G,A,-,-,-,-,-,-,SCV003021928|SCV005594290,-,-
2043010,single nucleotide variant,NM_000162.5(GCK):c.852C>T (p.Pro284=),2645,GCK,HGNC:4195,Likely benign,0,"Aug 29, 2024",145323719,-,RCV002770483|RCV004823059,"MedGen:C3661900|Human Phenotype Ontology:HP:0004904,MONDO:MONDO:0018911,MedGen:C0342276,OMIM:PS125850,Orphanet:552",not provided|Maturity-onset diabetes of the young,germline,germline,GRCh38,NC_000007.14,7,44147661,44147661,na,na,7p13,"criteria provided, multiple submitters, no conflicts",2,-,N,ClinGen:CA4239513,2,1983855,44147661,G,A,-,-,-,-,-,-,SCV003021928|SCV005594290,-,-
2043619,single nucleotide variant,NM_000525.4(KCNJ11):c.540C>G (p.Thr180=),3767,KCNJ11,HGNC:6257,Likely benign,0,"Aug 18, 2023",778825557,-,RCV002805673,MedGen:C3661900,not provided,germline,germline,GRCh37,NC_000011.9,11,17409099,17409099,na,na,11p15.1,"criteria provided, single submitter",1,-,N,ClinGen:CA5902284,2,1987077,17409099,G,C,-,-,-,-,-,-,SCV003030325,-,-
2043619,single nucleotide variant,NM_000525.4(KCNJ11):c.540C>G (p.Thr180=),3767,KCNJ11,HGNC:6257,Likely benign,0,"Aug 18, 2023",778825557,-,RCV002805673,MedGen:C3661900,not provided,germline,germline,GRCh38,NC_000011.10,11,17387552,17387552,na,na,11p15.1,"criteria provided, single submitter",1,-,N,ClinGen:CA5902284,2,1987077,17387552,G,C,-,-,-,-,-,-,SCV003030325,-,-
2046133,single nucleotide variant,NM_000352.6(ABCC8):c.4199-10A>C,6833,ABCC8,HGNC:59,Likely benign,0,"Jun 26, 2022",1953886578,-,RCV002766423,MedGen:C3661900,not provided,germline,germline,GRCh37,NC_000011.9,11,17417275,17417275,na,na,11p15.1,"criteria provided, single submitter",1,-,N,ClinGen:CA1955123277,2,1981767,17417275,T,G,-,-,-,-,-,-,SCV003026987,-,-
2046133,single nucleotide variant,NM_000352.6(ABCC8):c.4199-10A>C,6833,ABCC8,HGNC:59,Likely benign,0,"Jun 26, 2022",1953886578,-,RCV002766423,MedGen:C3661900,not provided,germline,germline,GRCh38,NC_000011.10,11,17395728,17395728,na,na,11p15.1,"criteria provided, single submitter",1,-,N,ClinGen:CA1955123277,2,1981767,17395728,T,G,-,-,-,-,-,-,SCV003026987,-,-
2049832,single nucleotide variant,NM_000162.5(GCK):c.46-3C>T,2645,GCK,HGNC:4195,Uncertain significance,0,"Feb 28, 2024",1413094138,-,RCV002819275|RCV005034434,"MedGen:C3661900|MONDO:MONDO:0100165,MedGen:C5393570,OMIM:606176;Human Phenotype Ontology:HP:0005965,Human Phenotype Ontology:HP:0005978,Human Phenotype Ontology:HP:0100652,MONDO:MONDO:0005148,MeSH:D003924,MedGen:C0011860,OMIM:125853;MONDO:MONDO:0007453,MedGen:C0342277,OMIM:125851,Orphanet:552;MONDO:MONDO:0011236,MedGen:C1865290,OMIM:602485,Orphanet:79299",not provided|Permanent neonatal diabetes mellitus 1;Type 2 diabetes mellitus;Maturity-onset diabetes of the young type 2;Hyperinsulinism due to glucokinase deficiency,germline,germline,GRCh37,NC_000007.13,7,44193065,44193065,na,na,7p13,"criteria provided, multiple submitters, no conflicts",2,-,N,ClinGen:CA574226473,2,1995332,44193065,G,A,-,-,-,-,-,-,SCV003197973|SCV005668366,-,-
2049832,single nucleotide variant,NM_000162.5(GCK):c.46-3C>T,2645,GCK,HGNC:4195,Uncertain significance,0,"Feb 28, 2024",1413094138,-,RCV002819275|RCV005034434,"MedGen:C3661900|MONDO:MONDO:0100165,MedGen:C5393570,OMIM:606176;Human Phenotype Ontology:HP:0005965,Human Phenotype Ontology:HP:0005978,Human Phenotype Ontology:HP:0100652,MONDO:MONDO:0005148,MeSH:D003924,MedGen:C0011860,OMIM:125853;MONDO:MONDO:0007453,MedGen:C0342277,OMIM:125851,Orphanet:552;MONDO:MONDO:0011236,MedGen:C1865290,OMIM:602485,Orphanet:79299",not provided|Permanent neonatal diabetes mellitus 1;Type 2 diabetes mellitus;Maturity-onset diabetes of the young type 2;Hyperinsulinism due to glucokinase deficiency,germline,germline,GRCh38,NC_000007.14,7,44153466,44153466,na,na,7p13,"criteria provided, multiple submitters, no conflicts",2,-,N,ClinGen:CA574226473,2,1995332,44153466,G,A,-,-,-,-,-,-,SCV003197973|SCV005668366,-,-
2049867,single nucleotide variant,NM_000352.6(ABCC8):c.1099C>T (p.Leu367=),6833,ABCC8,HGNC:59,Likely benign,0,"Feb 07, 2024",745500078,-,RCV002819285,MedGen:C3661900,not provided,germline,germline,GRCh37,NC_000011.9,11,17474743,17474743,na,na,11p15.1,"criteria provided, single submitter",1,-,N,ClinGen:CA5903673,2,1995367,17474743,G,A,-,-,-,-,-,-,SCV003198008,-,-
2049867,single nucleotide variant,NM_000352.6(ABCC8):c.1099C>T (p.Leu367=),6833,ABCC8,HGNC:59,Likely benign,0,"Feb 07, 2024",745500078,-,RCV002819285,MedGen:C3661900,not provided,germline,germline,GRCh38,NC_000011.10,11,17453196,17453196,na,na,11p15.1,"criteria provided, single submitter",1,-,N,ClinGen:CA5903673,2,1995367,17453196,G,A,-,-,-,-,-,-,SCV003198008,-,-
2050624,single nucleotide variant,NM_000525.4(KCNJ11):c.1154C>T (p.Ser385Phe),3767,KCNJ11,HGNC:6257,Uncertain significance,0,"May 25, 2022",41282930,-,RCV002814846,MedGen:C3661900,not provided,germline,germline,GRCh37,NC_000011.9,11,17408485,17408485,na,na,11p15.1,"criteria provided, single submitter",1,-,N,ClinGen:CA5902170,2,1998703,17408485,G,A,-,-,-,-,-,-,SCV003198602,-,-
2050624,single nucleotide variant,NM_000525.4(KCNJ11):c.1154C>T (p.Ser385Phe),3767,KCNJ11,HGNC:6257,Uncertain significance,0,"May 25, 2022",41282930,-,RCV002814846,MedGen:C3661900,not provided,germline,germline,GRCh38,NC_000011.10,11,17386938,17386938,na,na,11p15.1,"criteria provided, single submitter",1,-,N,ClinGen:CA5902170,2,1998703,17386938,G,A,-,-,-,-,-,-,SCV003198602,-,-
2051338,single nucleotide variant,NM_000352.6(ABCC8):c.3921G>A (p.Gln1307=),6833,ABCC8,HGNC:59,Likely benign,0,"Jun 02, 2022",2496465199,-,RCV002820055,MedGen:C3661900,not provided,germline,germline,GRCh37,NC_000011.9,11,17418807,17418807,na,na,11p15.1,"criteria provided, single submitter",1,-,N,ClinGen:CA473298683,2,2001992,17418807,C,T,-,-,-,-,-,-,SCV003210997,-,-
2051338,single nucleotide variant,NM_000352.6(ABCC8):c.3921G>A (p.Gln1307=),6833,ABCC8,HGNC:59,Likely benign,0,"Jun 02, 2022",2496465199,-,RCV002820055,MedGen:C3661900,not provided,germline,germline,GRCh38,NC_000011.10,11,17397260,17397260,na,na,11p15.1,"criteria provided, single submitter",1,-,N,ClinGen:CA473298683,2,2001992,17397260,C,T,-,-,-,-,-,-,SCV003210997,-,-
2052095,single nucleotide variant,NM_000352.6(ABCC8):c.2700T>G (p.Ile900Met),6833,ABCC8,HGNC:59,Uncertain significance,0,"Jul 28, 2022",2496543731,-,RCV002820948,MedGen:C3661900,not provided,germline,germline,GRCh37,NC_000011.9,11,17430059,17430059,na,na,11p15.1,"criteria provided, single submitter",1,-,N,ClinGen:CA379805523,2,2005331,17430059,A,C,-,-,-,-,-,-,SCV003206126,-,-
2052095,single nucleotide variant,NM_000352.6(ABCC8):c.2700T>G (p.Ile900Met),6833,ABCC8,HGNC:59,Uncertain significance,0,"Jul 28, 2022",2496543731,-,RCV002820948,MedGen:C3661900,not provided,germline,germline,GRCh38,NC_000011.10,11,17408512,17408512,na,na,11p15.1,"criteria provided, single submitter",1,-,N,ClinGen:CA379805523,2,2005331,17408512,A,C,-,-,-,-,-,-,SCV003206126,-,-
2052346,single nucleotide variant,NM_000352.6(ABCC8):c.2116+9C>G,6833,ABCC8,HGNC:59,Likely benign,0,"Jun 13, 2022",2496662723,-,RCV002828563,MedGen:C3661900,not provided,germline,germline,GRCh37,NC_000011.9,11,17449405,17449405,na,na,11p15.1,"criteria provided, single submitter",1,-,N,ClinGen:CA2580082757,2,2005582,17449405,G,C,-,-,-,-,-,-,SCV003206585,-,-
2052346,single nucleotide variant,NM_000352.6(ABCC8):c.2116+9C>G,6833,ABCC8,HGNC:59,Likely benign,0,"Jun 13, 2022",2496662723,-,RCV002828563,MedGen:C3661900,not provided,germline,germline,GRCh38,NC_000011.10,11,17427858,17427858,na,na,11p15.1,"criteria provided, single submitter",1,-,N,ClinGen:CA2580082757,2,2005582,17427858,G,C,-,-,-,-,-,-,SCV003206585,-,-
2054796,Microsatellite,NM_000352.6(ABCC8):c.375_376del (p.His125fs),6833,ABCC8,HGNC:59,Pathogenic,1,"Jun 01, 2022",2496897477,-,RCV002832777,MedGen:C3661900,not provided,germline,germline,GRCh37,NC_000011.9,11,17491684,17491685,na,na,11p15.1,"criteria provided, single submitter",1,-,N,ClinGen:CA2580615640,2,2001595,17491683,TTG,T,-,-,-,-,-,-,SCV003207730,-,-
2054796,Microsatellite,NM_000352.6(ABCC8):c.375_376del (p.His125fs),6833,ABCC8,HGNC:59,Pathogenic,1,"Jun 01, 2022",2496897477,-,RCV002832777,MedGen:C3661900,not provided,germline,germline,GRCh38,NC_000011.10,11,17470137,17470138,na,na,11p15.1,"criteria provided, single submitter",1,-,N,ClinGen:CA2580615640,2,2001595,17470136,TTG,T,-,-,-,-,-,-,SCV003207730,-,-
2055846,single nucleotide variant,NM_000352.6(ABCC8):c.522G>T (p.Leu174=),6833,ABCC8,HGNC:59,Likely benign,0,"Jun 12, 2022",2496864711,-,RCV002828475,MedGen:C3661900,not provided,germline,germline,GRCh37,NC_000011.9,11,17485042,17485042,na,na,11p15.1,"criteria provided, single submitter",1,-,N,ClinGen:CA473301074,2,2005218,17485042,C,A,-,-,-,-,-,-,SCV003206009,-,-
2055846,single nucleotide variant,NM_000352.6(ABCC8):c.522G>T (p.Leu174=),6833,ABCC8,HGNC:59,Likely benign,0,"Jun 12, 2022",2496864711,-,RCV002828475,MedGen:C3661900,not provided,germline,germline,GRCh38,NC_000011.10,11,17463495,17463495,na,na,11p15.1,"criteria provided, single submitter",1,-,N,ClinGen:CA473301074,2,2005218,17463495,C,A,-,-,-,-,-,-,SCV003206009,-,-
2056483,single nucleotide variant,NM_000352.6(ABCC8):c.3378T>C (p.Ser1126=),6833,ABCC8,HGNC:59,Likely benign,0,"Oct 10, 2022",375846829,-,RCV002801702,MedGen:C3661900,not provided,germline,germline,GRCh37,NC_000011.9,11,17427062,17427062,na,na,11p15.1,"criteria provided, single submitter",1,-,N,ClinGen:CA5902844,2,1995973,17427062,A,G,-,-,-,-,-,-,SCV003202520,-,-
2056483,single nucleotide variant,NM_000352.6(ABCC8):c.3378T>C (p.Ser1126=),6833,ABCC8,HGNC:59,Likely benign,0,"Oct 10, 2022",375846829,-,RCV002801702,MedGen:C3661900,not provided,germline,germline,GRCh38,NC_000011.10,11,17405515,17405515,na,na,11p15.1,"criteria provided, single submitter",1,-,N,ClinGen:CA5902844,2,1995973,17405515,A,G,-,-,-,-,-,-,SCV003202520,-,-
2058424,single nucleotide variant,NM_000352.6(ABCC8):c.2629C>A (p.Arg877=),6833,ABCC8,HGNC:59,Likely benign,0,"Jun 19, 2022",752953495,-,RCV002825065,MedGen:C3661900,not provided,germline,germline,GRCh37,NC_000011.9,11,17432128,17432128,na,na,11p15.1,"criteria provided, single submitter",1,-,N,ClinGen:CA473300959,2,2003065,17432128,G,T,-,-,-,-,-,-,SCV003209917,-,-
2058424,single nucleotide variant,NM_000352.6(ABCC8):c.2629C>A (p.Arg877=),6833,ABCC8,HGNC:59,Likely benign,0,"Jun 19, 2022",752953495,-,RCV002825065,MedGen:C3661900,not provided,germline,germline,GRCh38,NC_000011.10,11,17410581,17410581,na,na,11p15.1,"criteria provided, single submitter",1,-,N,ClinGen:CA473300959,2,2003065,17410581,G,T,-,-,-,-,-,-,SCV003209917,-,-
2059937,single nucleotide variant,NM_000352.6(ABCC8):c.3342C>T (p.Thr1114=),6833,ABCC8,HGNC:59,Likely benign,0,"Dec 17, 2022",2496519679,-,RCV002796675,MedGen:C3661900,not provided,germline,germline,GRCh37,NC_000011.9,11,17427098,17427098,na,na,11p15.1,"criteria provided, single submitter",1,-,N,ClinGen:CA473300135,2,1995564,17427098,G,A,-,-,-,-,-,-,SCV003201325,-,-
2059937,single nucleotide variant,NM_000352.6(ABCC8):c.3342C>T (p.Thr1114=),6833,ABCC8,HGNC:59,Likely benign,0,"Dec 17, 2022",2496519679,-,RCV002796675,MedGen:C3661900,not provided,germline,germline,GRCh38,NC_000011.10,11,17405551,17405551,na,na,11p15.1,"criteria provided, single submitter",1,-,N,ClinGen:CA473300135,2,1995564,17405551,G,A,-,-,-,-,-,-,SCV003201325,-,-
2060588,single nucleotide variant,NM_000352.6(ABCC8):c.4722C>G (p.Ala1574=),6833,ABCC8,HGNC:59,Likely benign,0,"Oct 31, 2022",1237790382,-,RCV002791809,MedGen:C3661900,not provided,germline,germline,GRCh37,NC_000011.9,11,17414562,17414562,na,na,11p15.1,"criteria provided, single submitter",1,-,N,ClinGen:CA473297929,2,1997506,17414562,G,C,-,-,-,-,-,-,SCV003201033,-,-
2060588,single nucleotide variant,NM_000352.6(ABCC8):c.4722C>G (p.Ala1574=),6833,ABCC8,HGNC:59,Likely benign,0,"Oct 31, 2022",1237790382,-,RCV002791809,MedGen:C3661900,not provided,germline,germline,GRCh38,NC_000011.10,11,17393015,17393015,na,na,11p15.1,"criteria provided, single submitter",1,-,N,ClinGen:CA473297929,2,1997506,17393015,G,C,-,-,-,-,-,-,SCV003201033,-,-
2062090,single nucleotide variant,NM_000352.6(ABCC8):c.3163-10G>T,6833,ABCC8,HGNC:59,Likely benign,0,"Jun 10, 2022",2496528690,-,RCV002815899,MedGen:C3661900,not provided,germline,germline,GRCh37,NC_000011.9,11,17428345,17428345,na,na,11p15.1,"criteria provided, single submitter",1,-,N,ClinGen:CA2580082821,2,2004155,17428345,C,A,-,-,-,-,-,-,SCV003210602,-,-
2062090,single nucleotide variant,NM_000352.6(ABCC8):c.3163-10G>T,6833,ABCC8,HGNC:59,Likely benign,0,"Jun 10, 2022",2496528690,-,RCV002815899,MedGen:C3661900,not provided,germline,germline,GRCh38,NC_000011.10,11,17406798,17406798,na,na,11p15.1,"criteria provided, single submitter",1,-,N,ClinGen:CA2580082821,2,2004155,17406798,C,A,-,-,-,-,-,-,SCV003210602,-,-
2064651,single nucleotide variant,NM_000352.6(ABCC8):c.1059C>T (p.Ala353=),6833,ABCC8,HGNC:59,Likely benign,0,"Jul 10, 2022",1956877098,-,RCV002846497,MedGen:C3661900,not provided,germline,germline,GRCh37,NC_000011.9,11,17474783,17474783,na,na,11p15.1,"criteria provided, single submitter",1,-,N,ClinGen:CA473299948,2,2015723,17474783,G,A,-,-,-,-,-,-,SCV003220243,-,-
2064651,single nucleotide variant,NM_000352.6(ABCC8):c.1059C>T (p.Ala353=),6833,ABCC8,HGNC:59,Likely benign,0,"Jul 10, 2022",1956877098,-,RCV002846497,MedGen:C3661900,not provided,germline,germline,GRCh38,NC_000011.10,11,17453236,17453236,na,na,11p15.1,"criteria provided, single submitter",1,-,N,ClinGen:CA473299948,2,2015723,17453236,G,A,-,-,-,-,-,-,SCV003220243,-,-
2065955,single nucleotide variant,NM_000352.6(ABCC8):c.2222+7C>T,6833,ABCC8,HGNC:59,Likely benign,0,"Jun 14, 2022",1955609697,-,RCV002811898,MedGen:C3661900,not provided,germline,germline,GRCh37,NC_000011.9,11,17448589,17448589,na,na,11p15.1,"criteria provided, single submitter",1,-,N,ClinGen:CA2580082735,2,2006720,17448589,G,A,-,-,-,-,-,-,SCV003206759,-,-
2065955,single nucleotide variant,NM_000352.6(ABCC8):c.2222+7C>T,6833,ABCC8,HGNC:59,Likely benign,0,"Jun 14, 2022",1955609697,-,RCV002811898,MedGen:C3661900,not provided,germline,germline,GRCh38,NC_000011.10,11,17427042,17427042,na,na,11p15.1,"criteria provided, single submitter",1,-,N,ClinGen:CA2580082735,2,2006720,17427042,G,A,-,-,-,-,-,-,SCV003206759,-,-
2067103,single nucleotide variant,NM_000352.6(ABCC8):c.921C>T (p.Ile307=),6833,ABCC8,HGNC:59,Likely benign,0,"Jun 25, 2022",2496844840,-,RCV002833984,MedGen:C3661900,not provided,germline,germline,GRCh37,NC_000011.9,11,17482125,17482125,na,na,11p15.1,"criteria provided, single submitter",1,-,N,ClinGen:CA473300574,2,2010439,17482125,G,A,-,-,-,-,-,-,SCV003218102,-,-
2067103,single nucleotide variant,NM_000352.6(ABCC8):c.921C>T (p.Ile307=),6833,ABCC8,HGNC:59,Likely benign,0,"Jun 25, 2022",2496844840,-,RCV002833984,MedGen:C3661900,not provided,germline,germline,GRCh38,NC_000011.10,11,17460578,17460578,na,na,11p15.1,"criteria provided, single submitter",1,-,N,ClinGen:CA473300574,2,2010439,17460578,G,A,-,-,-,-,-,-,SCV003218102,-,-
2068370,single nucleotide variant,NM_000352.6(ABCC8):c.1261G>T (p.Val421Phe),6833,ABCC8,HGNC:59,Uncertain significance,0,"Jul 09, 2022",1591846104,-,RCV002839519,MedGen:C3661900,not provided,germline,germline,GRCh37,NC_000011.9,11,17470134,17470134,na,na,11p15.1,"criteria provided, single submitter",1,-,N,ClinGen:CA379768646,2,2015572,17470134,C,A,-,-,-,-,-,-,SCV003220083,-,-
2068370,single nucleotide variant,NM_000352.6(ABCC8):c.1261G>T (p.Val421Phe),6833,ABCC8,HGNC:59,Uncertain significance,0,"Jul 09, 2022",1591846104,-,RCV002839519,MedGen:C3661900,not provided,germline,germline,GRCh38,NC_000011.10,11,17448587,17448587,na,na,11p15.1,"criteria provided, single submitter",1,-,N,ClinGen:CA379768646,2,2015572,17448587,C,A,-,-,-,-,-,-,SCV003220083,-,-
2070421,single nucleotide variant,NM_000352.6(ABCC8):c.2887G>C (p.Asp963His),6833,ABCC8,HGNC:59,Uncertain significance,0,"Jun 23, 2022",2496535256,-,RCV002842765,MedGen:C3661900,not provided,germline,germline,GRCh37,NC_000011.9,11,17428934,17428934,na,na,11p15.1,"criteria provided, single submitter",1,-,N,ClinGen:CA379804673,2,2009899,17428934,C,G,-,-,-,-,-,-,SCV003215845,-,-
2070421,single nucleotide variant,NM_000352.6(ABCC8):c.2887G>C (p.Asp963His),6833,ABCC8,HGNC:59,Uncertain significance,0,"Jun 23, 2022",2496535256,-,RCV002842765,MedGen:C3661900,not provided,germline,germline,GRCh38,NC_000011.10,11,17407387,17407387,na,na,11p15.1,"criteria provided, single submitter",1,-,N,ClinGen:CA379804673,2,2009899,17407387,C,G,-,-,-,-,-,-,SCV003215845,-,-
2070433,single nucleotide variant,NM_000352.6(ABCC8):c.3075C>A (p.Val1025=),6833,ABCC8,HGNC:59,Likely benign,0,"Jun 23, 2022",2496530812,-,RCV002850914,MedGen:C3661900,not provided,germline,germline,GRCh37,NC_000011.9,11,17428522,17428522,na,na,11p15.1,"criteria provided, single submitter",1,-,N,ClinGen:CA473515879,2,2009911,17428522,G,T,-,-,-,-,-,-,SCV003215857,-,-
2070433,single nucleotide variant,NM_000352.6(ABCC8):c.3075C>A (p.Val1025=),6833,ABCC8,HGNC:59,Likely benign,0,"Jun 23, 2022",2496530812,-,RCV002850914,MedGen:C3661900,not provided,germline,germline,GRCh38,NC_000011.10,11,17406975,17406975,na,na,11p15.1,"criteria provided, single submitter",1,-,N,ClinGen:CA473515879,2,2009911,17406975,G,T,-,-,-,-,-,-,SCV003215857,-,-
2072607,single nucleotide variant,NM_000352.6(ABCC8):c.849T>C (p.Gly283=),6833,ABCC8,HGNC:59,Likely benign,0,"Jul 21, 2022",1957155415,-,RCV002862052,MedGen:C3661900,not provided,germline,germline,GRCh37,NC_000011.9,11,17482197,17482197,na,na,11p15.1,"criteria provided, single submitter",1,-,N,ClinGen:CA473300690,2,2018524,17482197,A,G,-,-,-,-,-,-,SCV003223089,-,-
2072607,single nucleotide variant,NM_000352.6(ABCC8):c.849T>C (p.Gly283=),6833,ABCC8,HGNC:59,Likely benign,0,"Jul 21, 2022",1957155415,-,RCV002862052,MedGen:C3661900,not provided,germline,germline,GRCh38,NC_000011.10,11,17460650,17460650,na,na,11p15.1,"criteria provided, single submitter",1,-,N,ClinGen:CA473300690,2,2018524,17460650,A,G,-,-,-,-,-,-,SCV003223089,-,-
2073453,single nucleotide variant,NM_000352.6(ABCC8):c.2334G>T (p.Leu778=),6833,ABCC8,HGNC:59,Likely benign,0,"Jun 17, 2022",1954972789,-,RCV002816428,MedGen:C3661900,not provided,germline,germline,GRCh37,NC_000011.9,11,17436115,17436115,na,na,11p15.1,"criteria provided, single submitter",1,-,N,ClinGen:CA473301639,2,2007792,17436115,C,A,-,-,-,-,-,-,SCV003213230,-,-
2073453,single nucleotide variant,NM_000352.6(ABCC8):c.2334G>T (p.Leu778=),6833,ABCC8,HGNC:59,Likely benign,0,"Jun 17, 2022",1954972789,-,RCV002816428,MedGen:C3661900,not provided,germline,germline,GRCh38,NC_000011.10,11,17414568,17414568,na,na,11p15.1,"criteria provided, single submitter",1,-,N,ClinGen:CA473301639,2,2007792,17414568,C,A,-,-,-,-,-,-,SCV003213230,-,-
2073496,single nucleotide variant,NM_000352.6(ABCC8):c.159T>C (p.Ser53=),6833,ABCC8,HGNC:59,Likely benign,0,"Jun 18, 2022",1285560687,-,RCV002833408,MedGen:C3661900,not provided,germline,germline,GRCh37,NC_000011.9,11,17496564,17496564,na,na,11p15.1,"criteria provided, single submitter",1,-,N,ClinGen:CA473302029,2,2007835,17496564,A,G,-,-,-,-,-,-,SCV003212132,-,-
2073496,single nucleotide variant,NM_000352.6(ABCC8):c.159T>C (p.Ser53=),6833,ABCC8,HGNC:59,Likely benign,0,"Jun 18, 2022",1285560687,-,RCV002833408,MedGen:C3661900,not provided,germline,germline,GRCh38,NC_000011.10,11,17475017,17475017,na,na,11p15.1,"criteria provided, single submitter",1,-,N,ClinGen:CA473302029,2,2007835,17475017,A,G,-,-,-,-,-,-,SCV003212132,-,-
2073967,single nucleotide variant,NM_000352.6(ABCC8):c.4269C>A (p.Ile1423=),6833,ABCC8,HGNC:59,Likely benign,0,"Jun 23, 2022",2133400968,-,RCV002842527,MedGen:C3661900,not provided,germline,germline,GRCh37,NC_000011.9,11,17417195,17417195,na,na,11p15.1,"criteria provided, single submitter",1,-,N,ClinGen:CA473298222,2,2009603,17417195,G,T,-,-,-,-,-,-,SCV003218920,-,-
2073967,single nucleotide variant,NM_000352.6(ABCC8):c.4269C>A (p.Ile1423=),6833,ABCC8,HGNC:59,Likely benign,0,"Jun 23, 2022",2133400968,-,RCV002842527,MedGen:C3661900,not provided,germline,germline,GRCh38,NC_000011.10,11,17395648,17395648,na,na,11p15.1,"criteria provided, single submitter",1,-,N,ClinGen:CA473298222,2,2009603,17395648,G,T,-,-,-,-,-,-,SCV003218920,-,-
2074718,single nucleotide variant,NM_000352.6(ABCC8):c.1086G>A (p.Leu362=),6833,ABCC8,HGNC:59,Likely benign,0,"Jul 01, 2022",780222248,-,RCV002856362,MedGen:C3661900,not provided,germline,germline,GRCh37,NC_000011.9,11,17474756,17474756,na,na,11p15.1,"criteria provided, single submitter",1,-,N,ClinGen:CA5903675,2,2012929,17474756,C,T,-,-,-,-,-,-,SCV003212407,-,-
2074718,single nucleotide variant,NM_000352.6(ABCC8):c.1086G>A (p.Leu362=),6833,ABCC8,HGNC:59,Likely benign,0,"Jul 01, 2022",780222248,-,RCV002856362,MedGen:C3661900,not provided,germline,germline,GRCh38,NC_000011.10,11,17453209,17453209,na,na,11p15.1,"criteria provided, single submitter",1,-,N,ClinGen:CA5903675,2,2012929,17453209,C,T,-,-,-,-,-,-,SCV003212407,-,-
2074992,single nucleotide variant,NM_000352.6(ABCC8):c.2301C>T (p.Gly767=),6833,ABCC8,HGNC:59,Likely benign,0,"Jul 06, 2022",1216991785,-,RCV002830067,MedGen:C3661900,not provided,germline,germline,GRCh37,NC_000011.9,11,17436148,17436148,na,na,11p15.1,"criteria provided, single submitter",1,-,N,ClinGen:CA473301662,2,2014496,17436148,G,A,-,-,-,-,-,-,SCV003214831,-,-
2074992,single nucleotide variant,NM_000352.6(ABCC8):c.2301C>T (p.Gly767=),6833,ABCC8,HGNC:59,Likely benign,0,"Jul 06, 2022",1216991785,-,RCV002830067,MedGen:C3661900,not provided,germline,germline,GRCh38,NC_000011.10,11,17414601,17414601,na,na,11p15.1,"criteria provided, single submitter",1,-,N,ClinGen:CA473301662,2,2014496,17414601,G,A,-,-,-,-,-,-,SCV003214831,-,-
2077703,single nucleotide variant,NM_000352.6(ABCC8):c.20G>A (p.Gly7Asp),6833,ABCC8,HGNC:59,Conflicting classifications of pathogenicity,1,"Jul 15, 2025",1848809864,-,RCV004700847|RCV002889171,MedGen:CN169374|MedGen:C3661900,not specified|not provided,germline,germline,GRCh37,NC_000011.9,11,17498304,17498304,na,na,11p15.1,"criteria provided, conflicting classifications",2,-,N,ClinGen:CA379790378,2,2026212,17498304,C,T,-,-,-,-,-,-,SCV003232963|SCV005202320,-,-
2077703,single nucleotide variant,NM_000352.6(ABCC8):c.20G>A (p.Gly7Asp),6833,ABCC8,HGNC:59,Conflicting classifications of pathogenicity,1,"Jul 15, 2025",1848809864,-,RCV004700847|RCV002889171,MedGen:CN169374|MedGen:C3661900,not specified|not provided,germline,germline,GRCh38,NC_000011.10,11,17476757,17476757,na,na,11p15.1,"criteria provided, conflicting classifications",2,-,N,ClinGen:CA379790378,2,2026212,17476757,C,T,-,-,-,-,-,-,SCV003232963|SCV005202320,-,-
2078150,single nucleotide variant,NM_000352.6(ABCC8):c.4057T>C (p.Tyr1353His),6833,ABCC8,HGNC:59,Uncertain significance,0,"Aug 30, 2022",2496462086,-,RCV002863396,MedGen:C3661900,not provided,germline,germline,GRCh37,NC_000011.9,11,17418525,17418525,na,na,11p15.1,"criteria provided, single submitter",1,-,N,ClinGen:CA379790654,2,2027939,17418525,A,G,-,-,-,-,-,-,SCV003234442,-,-
2078150,single nucleotide variant,NM_000352.6(ABCC8):c.4057T>C (p.Tyr1353His),6833,ABCC8,HGNC:59,Uncertain significance,0,"Aug 30, 2022",2496462086,-,RCV002863396,MedGen:C3661900,not provided,germline,germline,GRCh38,NC_000011.10,11,17396978,17396978,na,na,11p15.1,"criteria provided, single submitter",1,-,N,ClinGen:CA379790654,2,2027939,17396978,A,G,-,-,-,-,-,-,SCV003234442,-,-
2078349,single nucleotide variant,NM_000352.6(ABCC8):c.580-5C>T,6833,ABCC8,HGNC:59,Likely benign,0,"Sep 22, 2022",2496854965,-,RCV002880811,MedGen:C3661900,not provided,germline,germline,GRCh37,NC_000011.9,11,17483377,17483377,na,na,11p15.1,"criteria provided, single submitter",1,-,N,ClinGen:CA2580082808,2,2029418,17483377,G,A,-,-,-,-,-,-,SCV003231248,-,-
2078349,single nucleotide variant,NM_000352.6(ABCC8):c.580-5C>T,6833,ABCC8,HGNC:59,Likely benign,0,"Sep 22, 2022",2496854965,-,RCV002880811,MedGen:C3661900,not provided,germline,germline,GRCh38,NC_000011.10,11,17461830,17461830,na,na,11p15.1,"criteria provided, single submitter",1,-,N,ClinGen:CA2580082808,2,2029418,17461830,G,A,-,-,-,-,-,-,SCV003231248,-,-
2078578,single nucleotide variant,NM_000352.6(ABCC8):c.1632T>A (p.Ile544=),6833,ABCC8,HGNC:59,Likely benign,0,"Sep 09, 2022",2496698649,-,RCV002863830,MedGen:C3661900,not provided,germline,germline,GRCh37,NC_000011.9,11,17453790,17453790,na,na,11p15.1,"criteria provided, single submitter",1,-,N,ClinGen:CA473303013,2,2029647,17453790,A,T,-,-,-,-,-,-,SCV003235394,-,-
2078578,single nucleotide variant,NM_000352.6(ABCC8):c.1632T>A (p.Ile544=),6833,ABCC8,HGNC:59,Likely benign,0,"Sep 09, 2022",2496698649,-,RCV002863830,MedGen:C3661900,not provided,germline,germline,GRCh38,NC_000011.10,11,17432243,17432243,na,na,11p15.1,"criteria provided, single submitter",1,-,N,ClinGen:CA473303013,2,2029647,17432243,A,T,-,-,-,-,-,-,SCV003235394,-,-
2078661,single nucleotide variant,NM_000352.6(ABCC8):c.2415C>T (p.Cys805=),6833,ABCC8,HGNC:59,Likely benign,0,"Sep 17, 2022",1238887462,-,RCV002872136,MedGen:C3661900,not provided,germline,germline,GRCh37,NC_000011.9,11,17435001,17435001,na,na,11p15.1,"criteria provided, single submitter",1,-,N,ClinGen:CA473301479,2,2031019,17435001,G,A,-,-,-,-,-,-,SCV003237266,-,-
2078661,single nucleotide variant,NM_000352.6(ABCC8):c.2415C>T (p.Cys805=),6833,ABCC8,HGNC:59,Likely benign,0,"Sep 17, 2022",1238887462,-,RCV002872136,MedGen:C3661900,not provided,germline,germline,GRCh38,NC_000011.10,11,17413454,17413454,na,na,11p15.1,"criteria provided, single submitter",1,-,N,ClinGen:CA473301479,2,2031019,17413454,G,A,-,-,-,-,-,-,SCV003237266,-,-
2079970,single nucleotide variant,NM_000352.6(ABCC8):c.4146T>C (p.Ser1382=),6833,ABCC8,HGNC:59,Likely benign,0,"Aug 06, 2022",886039877,-,RCV002847489,MedGen:C3661900,not provided,germline,germline,GRCh37,NC_000011.9,11,17417451,17417451,na,na,11p15.1,"criteria provided, single submitter",1,-,N,ClinGen:CA473298307,2,2022062,17417451,A,G,-,-,-,-,-,-,SCV003227929,-,-
2079970,single nucleotide variant,NM_000352.6(ABCC8):c.4146T>C (p.Ser1382=),6833,ABCC8,HGNC:59,Likely benign,0,"Aug 06, 2022",886039877,-,RCV002847489,MedGen:C3661900,not provided,germline,germline,GRCh38,NC_000011.10,11,17395904,17395904,na,na,11p15.1,"criteria provided, single submitter",1,-,N,ClinGen:CA473298307,2,2022062,17395904,A,G,-,-,-,-,-,-,SCV003227929,-,-
2080191,Duplication,NM_000352.6(ABCC8):c.-9_1dup (p.Met1fs),6833,ABCC8,HGNC:59,Pathogenic,1,"Sep 15, 2022",2496931516,-,RCV002847655,MedGen:C3661900,not provided,germline,germline,GRCh37,NC_000011.9,11,17498322,17498323,na,na,11p15.1,"criteria provided, single submitter",1,-,N,ClinGen:CA2580082802,2,2022283,17498322,A,ATGGCGGCGCG,-,-,-,-,-,-,SCV003227859,-,-
2080191,Duplication,NM_000352.6(ABCC8):c.-9_1dup (p.Met1fs),6833,ABCC8,HGNC:59,Pathogenic,1,"Sep 15, 2022",2496931516,-,RCV002847655,MedGen:C3661900,not provided,germline,germline,GRCh38,NC_000011.10,11,17476775,17476776,na,na,11p15.1,"criteria provided, single submitter",1,-,N,ClinGen:CA2580082802,2,2022283,17476775,A,ATGGCGGCGCG,-,-,-,-,-,-,SCV003227859,-,-
2080214,single nucleotide variant,NM_000352.6(ABCC8):c.3868-4A>C,6833,ABCC8,HGNC:59,Likely benign,0,"Aug 06, 2022",1953988886,-,RCV002847673,MedGen:C3661900,not provided,germline,germline,GRCh37,NC_000011.9,11,17418864,17418864,na,na,11p15.1,"criteria provided, single submitter",1,-,N,ClinGen:CA2580082750,2,2022306,17418864,T,G,-,-,-,-,-,-,SCV003228930,-,-
2080214,single nucleotide variant,NM_000352.6(ABCC8):c.3868-4A>C,6833,ABCC8,HGNC:59,Likely benign,0,"Aug 06, 2022",1953988886,-,RCV002847673,MedGen:C3661900,not provided,germline,germline,GRCh38,NC_000011.10,11,17397317,17397317,na,na,11p15.1,"criteria provided, single submitter",1,-,N,ClinGen:CA2580082750,2,2022306,17397317,T,G,-,-,-,-,-,-,SCV003228930,-,-
2080318,single nucleotide variant,NM_000352.6(ABCC8):c.2116+10A>C,6833,ABCC8,HGNC:59,Likely benign,0,"Aug 07, 2022",2496662710,-,RCV002875594,MedGen:C3661900,not provided,germline,germline,GRCh37,NC_000011.9,11,17449404,17449404,na,na,11p15.1,"criteria provided, single submitter",1,-,N,ClinGen:CA2580082756,2,2022410,17449404,T,G,-,-,-,-,-,-,SCV003228239,-,-
2080318,single nucleotide variant,NM_000352.6(ABCC8):c.2116+10A>C,6833,ABCC8,HGNC:59,Likely benign,0,"Aug 07, 2022",2496662710,-,RCV002875594,MedGen:C3661900,not provided,germline,germline,GRCh38,NC_000011.10,11,17427857,17427857,na,na,11p15.1,"criteria provided, single submitter",1,-,N,ClinGen:CA2580082756,2,2022410,17427857,T,G,-,-,-,-,-,-,SCV003228239,-,-
2080863,single nucleotide variant,NM_000352.6(ABCC8):c.4011C>T (p.Asn1337=),6833,ABCC8,HGNC:59,Likely benign,0,"Apr 11, 2023",2496462740,-,RCV002853210,MedGen:C3661900,not provided,germline,germline,GRCh37,NC_000011.9,11,17418571,17418571,na,na,11p15.1,"criteria provided, single submitter",1,-,N,ClinGen:CA473298562,2,2025515,17418571,G,A,-,-,-,-,-,-,SCV003225599,-,-
2080863,single nucleotide variant,NM_000352.6(ABCC8):c.4011C>T (p.Asn1337=),6833,ABCC8,HGNC:59,Likely benign,0,"Apr 11, 2023",2496462740,-,RCV002853210,MedGen:C3661900,not provided,germline,germline,GRCh38,NC_000011.10,11,17397024,17397024,na,na,11p15.1,"criteria provided, single submitter",1,-,N,ClinGen:CA473298562,2,2025515,17397024,G,A,-,-,-,-,-,-,SCV003225599,-,-
2081724,single nucleotide variant,NM_000352.6(ABCC8):c.3545G>T (p.Arg1182Leu),6833,ABCC8,HGNC:59,Likely pathogenic,1,"Sep 03, 2022",193922400,-,RCV002894028,MedGen:C3661900,not provided,germline,germline,GRCh37,NC_000011.9,11,17426071,17426071,na,na,11p15.1,"criteria provided, single submitter",1,-,N,ClinGen:CA5902785,2,2028930,17426071,C,A,-,-,-,-,-,-,SCV003231569,-,-
2081724,single nucleotide variant,NM_000352.6(ABCC8):c.3545G>T (p.Arg1182Leu),6833,ABCC8,HGNC:59,Likely pathogenic,1,"Sep 03, 2022",193922400,-,RCV002894028,MedGen:C3661900,not provided,germline,germline,GRCh38,NC_000011.10,11,17404524,17404524,na,na,11p15.1,"criteria provided, single submitter",1,-,N,ClinGen:CA5902785,2,2028930,17404524,C,A,-,-,-,-,-,-,SCV003231569,-,-
2082846,single nucleotide variant,NM_000352.6(ABCC8):c.2913G>A (p.Glu971=),6833,ABCC8,HGNC:59,Likely benign,0,"Sep 26, 2022",1177827656,-,RCV002881315,MedGen:C3661900,not provided,germline,germline,GRCh37,NC_000011.9,11,17428908,17428908,na,na,11p15.1,"criteria provided, single submitter",1,-,N,ClinGen:CA473300315,2,2032628,17428908,C,T,-,-,-,-,-,-,SCV003237780,-,-
2082846,single nucleotide variant,NM_000352.6(ABCC8):c.2913G>A (p.Glu971=),6833,ABCC8,HGNC:59,Likely benign,0,"Sep 26, 2022",1177827656,-,RCV002881315,MedGen:C3661900,not provided,germline,germline,GRCh38,NC_000011.10,11,17407361,17407361,na,na,11p15.1,"criteria provided, single submitter",1,-,N,ClinGen:CA473300315,2,2032628,17407361,C,T,-,-,-,-,-,-,SCV003237780,-,-
2083396,single nucleotide variant,NM_000352.6(ABCC8):c.3237C>G (p.Leu1079=),6833,ABCC8,HGNC:59,Likely benign,0,"Aug 05, 2022",888495082,-,RCV002862802,MedGen:C3661900,not provided,germline,germline,GRCh37,NC_000011.9,11,17428261,17428261,na,na,11p15.1,"criteria provided, single submitter",1,-,N,ClinGen:CA473515836,2,2021635,17428261,G,C,-,-,-,-,-,-,SCV003227034,-,-
2083396,single nucleotide variant,NM_000352.6(ABCC8):c.3237C>G (p.Leu1079=),6833,ABCC8,HGNC:59,Likely benign,0,"Aug 05, 2022",888495082,-,RCV002862802,MedGen:C3661900,not provided,germline,germline,GRCh38,NC_000011.10,11,17406714,17406714,na,na,11p15.1,"criteria provided, single submitter",1,-,N,ClinGen:CA473515836,2,2021635,17406714,G,C,-,-,-,-,-,-,SCV003227034,-,-
2083551,single nucleotide variant,NM_000352.6(ABCC8):c.3097C>T (p.Leu1033=),6833,ABCC8,HGNC:59,Likely benign,0,"Aug 05, 2022",2496530544,-,RCV002866416,MedGen:C3661900,not provided,germline,germline,GRCh37,NC_000011.9,11,17428500,17428500,na,na,11p15.1,"criteria provided, single submitter",1,-,N,ClinGen:CA473516188,2,2021790,17428500,G,A,-,-,-,-,-,-,SCV003227242,-,-
2083551,single nucleotide variant,NM_000352.6(ABCC8):c.3097C>T (p.Leu1033=),6833,ABCC8,HGNC:59,Likely benign,0,"Aug 05, 2022",2496530544,-,RCV002866416,MedGen:C3661900,not provided,germline,germline,GRCh38,NC_000011.10,11,17406953,17406953,na,na,11p15.1,"criteria provided, single submitter",1,-,N,ClinGen:CA473516188,2,2021790,17406953,G,A,-,-,-,-,-,-,SCV003227242,-,-
2083813,single nucleotide variant,NM_000352.6(ABCC8):c.4298G>A (p.Gly1433Asp),6833,ABCC8,HGNC:59,Likely pathogenic,1,"Sep 23, 2023",1469202310,-,RCV002857871,MedGen:C3661900,not provided,germline,germline,GRCh37,NC_000011.9,11,17417166,17417166,na,na,11p15.1,"criteria provided, single submitter",1,-,N,ClinGen:CA379786355,2,2023332,17417166,C,T,-,-,-,-,-,-,SCV003228515,-,-
2083813,single nucleotide variant,NM_000352.6(ABCC8):c.4298G>A (p.Gly1433Asp),6833,ABCC8,HGNC:59,Likely pathogenic,1,"Sep 23, 2023",1469202310,-,RCV002857871,MedGen:C3661900,not provided,germline,germline,GRCh38,NC_000011.10,11,17395619,17395619,na,na,11p15.1,"criteria provided, single submitter",1,-,N,ClinGen:CA379786355,2,2023332,17395619,C,T,-,-,-,-,-,-,SCV003228515,-,-
2084479,single nucleotide variant,NM_000352.6(ABCC8):c.3474T>C (p.Tyr1158=),6833,ABCC8,HGNC:59,Likely benign,0,"Aug 20, 2022",1182240612,-,RCV002853033,MedGen:C3661900,not provided,germline,germline,GRCh37,NC_000011.9,11,17426142,17426142,na,na,11p15.1,"criteria provided, single submitter",1,-,N,ClinGen:CA473299676,2,2025276,17426142,A,G,-,-,-,-,-,-,SCV003225995,-,-
2084479,single nucleotide variant,NM_000352.6(ABCC8):c.3474T>C (p.Tyr1158=),6833,ABCC8,HGNC:59,Likely benign,0,"Aug 20, 2022",1182240612,-,RCV002853033,MedGen:C3661900,not provided,germline,germline,GRCh38,NC_000011.10,11,17404595,17404595,na,na,11p15.1,"criteria provided, single submitter",1,-,N,ClinGen:CA473299676,2,2025276,17404595,A,G,-,-,-,-,-,-,SCV003225995,-,-
2084565,single nucleotide variant,NM_000352.6(ABCC8):c.1758G>A (p.Leu586=),6833,ABCC8,HGNC:59,Likely benign,0,"Aug 20, 2022",1955815275,-,RCV002853097,MedGen:C3661900,not provided,germline,germline,GRCh37,NC_000011.9,11,17452420,17452420,na,na,11p15.1,"criteria provided, single submitter",1,-,N,ClinGen:CA473302853,2,2025362,17452420,C,T,-,-,-,-,-,-,SCV003226084,-,-
2084565,single nucleotide variant,NM_000352.6(ABCC8):c.1758G>A (p.Leu586=),6833,ABCC8,HGNC:59,Likely benign,0,"Aug 20, 2022",1955815275,-,RCV002853097,MedGen:C3661900,not provided,germline,germline,GRCh38,NC_000011.10,11,17430873,17430873,na,na,11p15.1,"criteria provided, single submitter",1,-,N,ClinGen:CA473302853,2,2025362,17430873,C,T,-,-,-,-,-,-,SCV003226084,-,-
2084960,single nucleotide variant,NM_000352.6(ABCC8):c.1788G>A (p.Val596=),6833,ABCC8,HGNC:59,Likely benign,0,"Aug 25, 2022",1371996539,-,RCV002889369,MedGen:C3661900,not provided,germline,germline,GRCh37,NC_000011.9,11,17452390,17452390,na,na,11p15.1,"criteria provided, single submitter",1,-,N,ClinGen:CA473302817,2,2027040,17452390,C,T,-,-,-,-,-,-,SCV003233100,-,-
2084960,single nucleotide variant,NM_000352.6(ABCC8):c.1788G>A (p.Val596=),6833,ABCC8,HGNC:59,Likely benign,0,"Aug 25, 2022",1371996539,-,RCV002889369,MedGen:C3661900,not provided,germline,germline,GRCh38,NC_000011.10,11,17430843,17430843,na,na,11p15.1,"criteria provided, single submitter",1,-,N,ClinGen:CA473302817,2,2027040,17430843,C,T,-,-,-,-,-,-,SCV003233100,-,-
2085507,single nucleotide variant,NM_000352.6(ABCC8):c.3650+9C>G,6833,ABCC8,HGNC:59,Likely benign,0,"Sep 13, 2022",1591730796,-,RCV002881185,MedGen:C3661900,not provided,germline,germline,GRCh37,NC_000011.9,11,17424199,17424199,na,na,11p15.1,"criteria provided, single submitter",1,-,N,ClinGen:CA2580082776,2,2030160,17424199,G,C,-,-,-,-,-,-,SCV003230930,-,-
2085507,single nucleotide variant,NM_000352.6(ABCC8):c.3650+9C>G,6833,ABCC8,HGNC:59,Likely benign,0,"Sep 13, 2022",1591730796,-,RCV002881185,MedGen:C3661900,not provided,germline,germline,GRCh38,NC_000011.10,11,17402652,17402652,na,na,11p15.1,"criteria provided, single submitter",1,-,N,ClinGen:CA2580082776,2,2030160,17402652,G,C,-,-,-,-,-,-,SCV003230930,-,-
2086940,single nucleotide variant,NM_000352.6(ABCC8):c.4614A>T (p.Arg1538=),6833,ABCC8,HGNC:59,Likely benign,0,"Aug 03, 2022",2496430267,-,RCV002862576,MedGen:C3661900,not provided,germline,germline,GRCh37,NC_000011.9,11,17414670,17414670,na,na,11p15.1,"criteria provided, single submitter",1,-,N,ClinGen:CA473298001,2,2021337,17414670,T,A,-,-,-,-,-,-,SCV003227576,-,-
2086940,single nucleotide variant,NM_000352.6(ABCC8):c.4614A>T (p.Arg1538=),6833,ABCC8,HGNC:59,Likely benign,0,"Aug 03, 2022",2496430267,-,RCV002862576,MedGen:C3661900,not provided,germline,germline,GRCh38,NC_000011.10,11,17393123,17393123,na,na,11p15.1,"criteria provided, single submitter",1,-,N,ClinGen:CA473298001,2,2021337,17393123,T,A,-,-,-,-,-,-,SCV003227576,-,-
2087111,single nucleotide variant,NM_000352.6(ABCC8):c.276C>T (p.Gly92=),6833,ABCC8,HGNC:59,Likely benign,0,"Aug 04, 2022",2496918487,-,RCV002862706,MedGen:C3661900,not provided,germline,germline,GRCh37,NC_000011.9,11,17496447,17496447,na,na,11p15.1,"criteria provided, single submitter",1,-,N,ClinGen:CA473301921,2,2021508,17496447,G,A,-,-,-,-,-,-,SCV003226898,-,-
2087111,single nucleotide variant,NM_000352.6(ABCC8):c.276C>T (p.Gly92=),6833,ABCC8,HGNC:59,Likely benign,0,"Aug 04, 2022",2496918487,-,RCV002862706,MedGen:C3661900,not provided,germline,germline,GRCh38,NC_000011.10,11,17474900,17474900,na,na,11p15.1,"criteria provided, single submitter",1,-,N,ClinGen:CA473301921,2,2021508,17474900,G,A,-,-,-,-,-,-,SCV003226898,-,-
2087118,single nucleotide variant,NM_000352.6(ABCC8):c.1630+9A>G,6833,ABCC8,HGNC:59,Likely benign,0,"Apr 06, 2023",1956364530,-,RCV002866346,MedGen:C3661900,not provided,germline,germline,GRCh37,NC_000011.9,11,17464258,17464258,na,na,11p15.1,"criteria provided, single submitter",1,-,N,ClinGen:CA935532242,2,2021515,17464258,T,C,-,-,-,-,-,-,SCV003226905,-,-
2087118,single nucleotide variant,NM_000352.6(ABCC8):c.1630+9A>G,6833,ABCC8,HGNC:59,Likely benign,0,"Apr 06, 2023",1956364530,-,RCV002866346,MedGen:C3661900,not provided,germline,germline,GRCh38,NC_000011.10,11,17442711,17442711,na,na,11p15.1,"criteria provided, single submitter",1,-,N,ClinGen:CA935532242,2,2021515,17442711,T,C,-,-,-,-,-,-,SCV003226905,-,-
2087166,single nucleotide variant,NM_000352.6(ABCC8):c.3198G>A (p.Val1066=),6833,ABCC8,HGNC:59,Likely benign,0,"Aug 16, 2022",1409042189,-,RCV002862746,MedGen:C3661900,not provided,germline,germline,GRCh37,NC_000011.9,11,17428300,17428300,na,na,11p15.1,"criteria provided, single submitter",1,-,N,ClinGen:CA473515936,2,2021563,17428300,C,T,-,-,-,-,-,-,SCV003226956,-,-
2087166,single nucleotide variant,NM_000352.6(ABCC8):c.3198G>A (p.Val1066=),6833,ABCC8,HGNC:59,Likely benign,0,"Aug 16, 2022",1409042189,-,RCV002862746,MedGen:C3661900,not provided,germline,germline,GRCh38,NC_000011.10,11,17406753,17406753,na,na,11p15.1,"criteria provided, single submitter",1,-,N,ClinGen:CA473515936,2,2021563,17406753,C,T,-,-,-,-,-,-,SCV003226956,-,-
2087175,single nucleotide variant,NM_000352.6(ABCC8):c.2166C>T (p.Leu722=),6833,ABCC8,HGNC:59,Likely benign,0,"Aug 04, 2022",2496657713,-,RCV002862754,MedGen:C3661900,not provided,germline,germline,GRCh37,NC_000011.9,11,17448652,17448652,na,na,11p15.1,"criteria provided, single submitter",1,-,N,ClinGen:CA473302447,2,2021572,17448652,G,A,-,-,-,-,-,-,SCV003226966,-,-
2087175,single nucleotide variant,NM_000352.6(ABCC8):c.2166C>T (p.Leu722=),6833,ABCC8,HGNC:59,Likely benign,0,"Aug 04, 2022",2496657713,-,RCV002862754,MedGen:C3661900,not provided,germline,germline,GRCh38,NC_000011.10,11,17427105,17427105,na,na,11p15.1,"criteria provided, single submitter",1,-,N,ClinGen:CA473302447,2,2021572,17427105,G,A,-,-,-,-,-,-,SCV003226966,-,-
2087493,single nucleotide variant,NM_000352.6(ABCC8):c.528G>T (p.Val176=),6833,ABCC8,HGNC:59,Likely benign,0,"Aug 09, 2022",2496864625,-,RCV002875784,MedGen:C3661900,not provided,germline,germline,GRCh37,NC_000011.9,11,17485036,17485036,na,na,11p15.1,"criteria provided, single submitter",1,-,N,ClinGen:CA473301068,2,2023171,17485036,C,A,-,-,-,-,-,-,SCV003229161,-,-
2087493,single nucleotide variant,NM_000352.6(ABCC8):c.528G>T (p.Val176=),6833,ABCC8,HGNC:59,Likely benign,0,"Aug 09, 2022",2496864625,-,RCV002875784,MedGen:C3661900,not provided,germline,germline,GRCh38,NC_000011.10,11,17463489,17463489,na,na,11p15.1,"criteria provided, single submitter",1,-,N,ClinGen:CA473301068,2,2023171,17463489,C,A,-,-,-,-,-,-,SCV003229161,-,-
2088160,single nucleotide variant,NM_000352.6(ABCC8):c.1204C>T (p.Leu402=),6833,ABCC8,HGNC:59,Likely benign,0,"Nov 24, 2022",2496781881,-,RCV002858381,MedGen:C3661900,not provided,germline,germline,GRCh37,NC_000011.9,11,17470191,17470191,na,na,11p15.1,"criteria provided, single submitter",1,-,N,ClinGen:CA473299277,2,2026404,17470191,G,A,-,-,-,-,-,-,SCV003230434,-,-
2088160,single nucleotide variant,NM_000352.6(ABCC8):c.1204C>T (p.Leu402=),6833,ABCC8,HGNC:59,Likely benign,0,"Nov 24, 2022",2496781881,-,RCV002858381,MedGen:C3661900,not provided,germline,germline,GRCh38,NC_000011.10,11,17448644,17448644,na,na,11p15.1,"criteria provided, single submitter",1,-,N,ClinGen:CA473299277,2,2026404,17448644,G,A,-,-,-,-,-,-,SCV003230434,-,-
2088598,single nucleotide variant,NM_000352.6(ABCC8):c.2385A>G (p.Lys795=),6833,ABCC8,HGNC:59,Likely benign,0,"Jan 13, 2024",2496586581,-,RCV002863440,MedGen:C3661900,not provided,germline,germline,GRCh37,NC_000011.9,11,17436064,17436064,na,na,11p15.1,"criteria provided, single submitter",1,-,N,ClinGen:CA473301558,2,2028123,17436064,T,C,-,-,-,-,-,-,SCV003235094,-,-
2088598,single nucleotide variant,NM_000352.6(ABCC8):c.2385A>G (p.Lys795=),6833,ABCC8,HGNC:59,Likely benign,0,"Jan 13, 2024",2496586581,-,RCV002863440,MedGen:C3661900,not provided,germline,germline,GRCh38,NC_000011.10,11,17414517,17414517,na,na,11p15.1,"criteria provided, single submitter",1,-,N,ClinGen:CA473301558,2,2028123,17414517,T,C,-,-,-,-,-,-,SCV003235094,-,-
2088942,Deletion,NM_000352.6(ABCC8):c.2325del (p.Lys775fs),6833,ABCC8,HGNC:59,Pathogenic,1,"Oct 04, 2022",2496587254,-,RCV002880977,MedGen:C3661900,not provided,germline,germline,GRCh37,NC_000011.9,11,17436124,17436124,na,na,11p15.1,"criteria provided, single submitter",1,-,N,ClinGen:CA2580082755,2,2029750,17436123,GT,G,-,-,-,-,-,-,SCV003235627,-,-
2088942,Deletion,NM_000352.6(ABCC8):c.2325del (p.Lys775fs),6833,ABCC8,HGNC:59,Pathogenic,1,"Oct 04, 2022",2496587254,-,RCV002880977,MedGen:C3661900,not provided,germline,germline,GRCh38,NC_000011.10,11,17414577,17414577,na,na,11p15.1,"criteria provided, single submitter",1,-,N,ClinGen:CA2580082755,2,2029750,17414576,GT,G,-,-,-,-,-,-,SCV003235627,-,-
2089643,single nucleotide variant,NM_000352.6(ABCC8):c.3609T>C (p.Phe1203=),6833,ABCC8,HGNC:59,Likely benign,0,"Sep 22, 2022",1408989154,-,RCV002898913,MedGen:C3661900,not provided,germline,germline,GRCh37,NC_000011.9,11,17424249,17424249,na,na,11p15.1,"criteria provided, single submitter",1,-,N,ClinGen:CA473299460,2,2031739,17424249,A,G,-,-,-,-,-,-,SCV003236285,-,-
2089643,single nucleotide variant,NM_000352.6(ABCC8):c.3609T>C (p.Phe1203=),6833,ABCC8,HGNC:59,Likely benign,0,"Sep 22, 2022",1408989154,-,RCV002898913,MedGen:C3661900,not provided,germline,germline,GRCh38,NC_000011.10,11,17402702,17402702,na,na,11p15.1,"criteria provided, single submitter",1,-,N,ClinGen:CA473299460,2,2031739,17402702,A,G,-,-,-,-,-,-,SCV003236285,-,-
2089992,Insertion,NM_000525.4(KCNJ11):c.813_814insT (p.Pro272fs),3767,KCNJ11,HGNC:6257,Pathogenic,1,"Oct 07, 2022",764143976,-,RCV002868042,MedGen:C3661900,not provided,germline,germline,GRCh37,NC_000011.9,11,17408825,17408826,na,na,11p15.1,"criteria provided, single submitter",1,-,N,ClinGen:CA5902241,2,2034644,17408825,G,GA,-,-,-,-,-,-,SCV003236020,-,-
2089992,Insertion,NM_000525.4(KCNJ11):c.813_814insT (p.Pro272fs),3767,KCNJ11,HGNC:6257,Pathogenic,1,"Oct 07, 2022",764143976,-,RCV002868042,MedGen:C3661900,not provided,germline,germline,GRCh38,NC_000011.10,11,17387278,17387279,na,na,11p15.1,"criteria provided, single submitter",1,-,N,ClinGen:CA5902241,2,2034644,17387278,G,GA,-,-,-,-,-,-,SCV003236020,-,-
2092800,single nucleotide variant,NM_000525.4(KCNJ11):c.1096G>A (p.Gly366Arg),3767,KCNJ11,HGNC:6257,Uncertain significance,0,"Mar 25, 2024",149141985,-,RCV002886661|RCV005045044,"MedGen:C3661900|MONDO:MONDO:0012522,MedGen:C1864623,OMIM:610582,Orphanet:99886;MONDO:MONDO:0011153,MedGen:C2931833,OMIM:601820,Orphanet:276580,Orphanet:276603;MONDO:MONDO:0030087,MedGen:C5394296,OMIM:618856;Human Phenotype Ontology:HP:0005965,Human Phenotype Ontology:HP:0005978,Human Phenotype Ontology:HP:0100652,MONDO:MONDO:0005148,MeSH:D003924,MedGen:C0011860,OMIM:125853;MONDO:MONDO:0014589,MedGen:C4225365,OMIM:616329,Orphanet:552","not provided|Diabetes mellitus, transient neonatal, 3;Hyperinsulinemic hypoglycemia, familial, 2;Diabetes mellitus, permanent neonatal 2;Type 2 diabetes mellitus;Maturity-onset diabetes of the young type 13",germline,germline,GRCh37,NC_000011.9,11,17408543,17408543,na,na,11p15.1,"criteria provided, multiple submitters, no conflicts",2,-,N,ClinGen:CA5902183,2,2046522,17408543,C,T,-,-,-,-,-,-,SCV003254244|SCV005676597,-,-
2092800,single nucleotide variant,NM_000525.4(KCNJ11):c.1096G>A (p.Gly366Arg),3767,KCNJ11,HGNC:6257,Uncertain significance,0,"Mar 25, 2024",149141985,-,RCV002886661|RCV005045044,"MedGen:C3661900|MONDO:MONDO:0012522,MedGen:C1864623,OMIM:610582,Orphanet:99886;MONDO:MONDO:0011153,MedGen:C2931833,OMIM:601820,Orphanet:276580,Orphanet:276603;MONDO:MONDO:0030087,MedGen:C5394296,OMIM:618856;Human Phenotype Ontology:HP:0005965,Human Phenotype Ontology:HP:0005978,Human Phenotype Ontology:HP:0100652,MONDO:MONDO:0005148,MeSH:D003924,MedGen:C0011860,OMIM:125853;MONDO:MONDO:0014589,MedGen:C4225365,OMIM:616329,Orphanet:552","not provided|Diabetes mellitus, transient neonatal, 3;Hyperinsulinemic hypoglycemia, familial, 2;Diabetes mellitus, permanent neonatal 2;Type 2 diabetes mellitus;Maturity-onset diabetes of the young type 13",germline,germline,GRCh38,NC_000011.10,11,17386996,17386996,na,na,11p15.1,"criteria provided, multiple submitters, no conflicts",2,-,N,ClinGen:CA5902183,2,2046522,17386996,C,T,-,-,-,-,-,-,SCV003254244|SCV005676597,-,-
2093023,single nucleotide variant,NM_000352.6(ABCC8):c.39C>T (p.Ala13=),6833,ABCC8,HGNC:59,Likely benign,0,"Sep 20, 2022",1405329688,-,RCV002913847,MedGen:C3661900,not provided,germline,germline,GRCh37,NC_000011.9,11,17498285,17498285,na,na,11p15.1,"criteria provided, single submitter",1,-,N,ClinGen:CA473302314,2,2046747,17498285,G,A,-,-,-,-,-,-,SCV003252935,-,-
2093023,single nucleotide variant,NM_000352.6(ABCC8):c.39C>T (p.Ala13=),6833,ABCC8,HGNC:59,Likely benign,0,"Sep 20, 2022",1405329688,-,RCV002913847,MedGen:C3661900,not provided,germline,germline,GRCh38,NC_000011.10,11,17476738,17476738,na,na,11p15.1,"criteria provided, single submitter",1,-,N,ClinGen:CA473302314,2,2046747,17476738,G,A,-,-,-,-,-,-,SCV003252935,-,-
2093117,single nucleotide variant,NM_000525.4(KCNJ11):c.408C>T (p.Arg136=),3767,KCNJ11,HGNC:6257,Likely benign,0,"Jul 21, 2023",2496410894,-,RCV002913920|RCV004536448,MedGen:C3661900|,not provided|KCNJ11-related disorder,germline,germline,GRCh37,NC_000011.9,11,17409231,17409231,na,na,11p15.1,"criteria provided, single submitter",2,-,N,ClinGen:CA473515574,2,2046842,17409231,G,A,-,-,-,-,-,-,SCV003254710,-,-
2093117,single nucleotide variant,NM_000525.4(KCNJ11):c.408C>T (p.Arg136=),3767,KCNJ11,HGNC:6257,Likely benign,0,"Jul 21, 2023",2496410894,-,RCV002913920|RCV004536448,MedGen:C3661900|,not provided|KCNJ11-related disorder,germline,germline,GRCh38,NC_000011.10,11,17387684,17387684,na,na,11p15.1,"criteria provided, single submitter",2,-,N,ClinGen:CA473515574,2,2046842,17387684,G,A,-,-,-,-,-,-,SCV003254710,-,-
2093244,Indel,NM_000162.5(GCK):c.1020-1_1020delinsTT,2645,GCK,HGNC:4195,Likely pathogenic,1,"Oct 04, 2022",2484498786,-,RCV002867585,MedGen:C3661900,not provided,germline,germline,GRCh37,NC_000007.13,7,44185329,44185330,na,na,7p13,"criteria provided, single submitter",1,-,N,ClinGen:CA2580077165,2,2034038,44185329,GC,AA,-,-,-,-,-,-,SCV003240019,-,-
2093244,Indel,NM_000162.5(GCK):c.1020-1_1020delinsTT,2645,GCK,HGNC:4195,Likely pathogenic,1,"Oct 04, 2022",2484498786,-,RCV002867585,MedGen:C3661900,not provided,germline,germline,GRCh38,NC_000007.14,7,44145730,44145731,na,na,7p13,"criteria provided, single submitter",1,-,N,ClinGen:CA2580077165,2,2034038,44145730,GC,AA,-,-,-,-,-,-,SCV003240019,-,-
2093245,single nucleotide variant,NM_000162.5(GCK):c.657G>A (p.Gln219=),2645,GCK,HGNC:4195,Likely benign,0,"Oct 04, 2022",2484522432,-,RCV002885350,MedGen:C3661900,not provided,germline,germline,GRCh37,NC_000007.13,7,44189381,44189381,na,na,7p13,"criteria provided, single submitter",1,-,N,ClinGen:CA454608998,2,2034039,44189381,C,T,-,-,-,-,-,-,SCV003240020,-,-
2093245,single nucleotide variant,NM_000162.5(GCK):c.657G>A (p.Gln219=),2645,GCK,HGNC:4195,Likely benign,0,"Oct 04, 2022",2484522432,-,RCV002885350,MedGen:C3661900,not provided,germline,germline,GRCh38,NC_000007.14,7,44149782,44149782,na,na,7p13,"criteria provided, single submitter",1,-,N,ClinGen:CA454608998,2,2034039,44149782,C,T,-,-,-,-,-,-,SCV003240020,-,-
2095545,single nucleotide variant,NM_000352.6(ABCC8):c.1149T>C (p.Thr383=),6833,ABCC8,HGNC:59,Likely benign,0,"Mar 14, 2023",1956872908,-,RCV002908221|RCV005608803,MedGen:C3661900|,not provided|Hereditary hyperinsulinism,germline,germline,GRCh37,NC_000011.9,11,17474693,17474693,na,na,11p15.1,"criteria provided, single submitter",2,-,N,ClinGen:CA473299766,2,2042821,17474693,A,G,-,-,-,-,-,-,SCV003250789,-,-
2095545,single nucleotide variant,NM_000352.6(ABCC8):c.1149T>C (p.Thr383=),6833,ABCC8,HGNC:59,Likely benign,0,"Mar 14, 2023",1956872908,-,RCV002908221|RCV005608803,MedGen:C3661900|,not provided|Hereditary hyperinsulinism,germline,germline,GRCh38,NC_000011.10,11,17453146,17453146,na,na,11p15.1,"criteria provided, single submitter",2,-,N,ClinGen:CA473299766,2,2042821,17453146,A,G,-,-,-,-,-,-,SCV003250789,-,-
2097326,single nucleotide variant,NM_000352.6(ABCC8):c.2390+1G>A,6833,ABCC8,HGNC:59,Likely pathogenic,1,"Oct 20, 2022",2496586476,-,RCV002890102,MedGen:C3661900,not provided,germline,germline,GRCh37,NC_000011.9,11,17436058,17436058,na,na,11p15.1,"criteria provided, single submitter",1,-,N,ClinGen:CA379808955,2,2035542,17436058,C,T,-,-,-,-,-,-,SCV003239659,-,-
2097326,single nucleotide variant,NM_000352.6(ABCC8):c.2390+1G>A,6833,ABCC8,HGNC:59,Likely pathogenic,1,"Oct 20, 2022",2496586476,-,RCV002890102,MedGen:C3661900,not provided,germline,germline,GRCh38,NC_000011.10,11,17414511,17414511,na,na,11p15.1,"criteria provided, single submitter",1,-,N,ClinGen:CA379808955,2,2035542,17414511,C,T,-,-,-,-,-,-,SCV003239659,-,-
2100298,Deletion,NM_000162.5(GCK):c.1315_1322del (p.Ile439fs),2645,GCK,HGNC:4195,Pathogenic,1,"Sep 29, 2022",2484492504,-,RCV002885182,MedGen:C3661900,not provided,germline,germline,GRCh37,NC_000007.13,7,44184811,44184818,na,na,7p13,"criteria provided, single submitter",1,-,N,ClinGen:CA2580077134,2,2033366,44184810,CGACTCGAT,C,-,-,-,-,-,-,SCV003239987,-,-
2100298,Deletion,NM_000162.5(GCK):c.1315_1322del (p.Ile439fs),2645,GCK,HGNC:4195,Pathogenic,1,"Sep 29, 2022",2484492504,-,RCV002885182,MedGen:C3661900,not provided,germline,germline,GRCh38,NC_000007.14,7,44145212,44145219,na,na,7p13,"criteria provided, single submitter",1,-,N,ClinGen:CA2580077134,2,2033366,44145211,CGACTCGAT,C,-,-,-,-,-,-,SCV003239987,-,-
2100457,single nucleotide variant,NM_000352.6(ABCC8):c.1119G>C (p.Leu373=),6833,ABCC8,HGNC:59,Likely benign,0,"Sep 30, 2022",2496810348,-,RCV002872439,MedGen:C3661900,not provided,germline,germline,GRCh37,NC_000011.9,11,17474723,17474723,na,na,11p15.1,"criteria provided, single submitter",1,-,N,ClinGen:CA473299819,2,2033525,17474723,C,G,-,-,-,-,-,-,SCV003239077,-,-
2100457,single nucleotide variant,NM_000352.6(ABCC8):c.1119G>C (p.Leu373=),6833,ABCC8,HGNC:59,Likely benign,0,"Sep 30, 2022",2496810348,-,RCV002872439,MedGen:C3661900,not provided,germline,germline,GRCh38,NC_000011.10,11,17453176,17453176,na,na,11p15.1,"criteria provided, single submitter",1,-,N,ClinGen:CA473299819,2,2033525,17453176,C,G,-,-,-,-,-,-,SCV003239077,-,-
2101154,single nucleotide variant,NM_000352.6(ABCC8):c.2391-7A>T,6833,ABCC8,HGNC:59,Likely benign,0,"Oct 25, 2022",2496579112,-,RCV002899407,MedGen:C3661900,not provided,germline,germline,GRCh37,NC_000011.9,11,17435032,17435032,na,na,11p15.1,"criteria provided, single submitter",1,-,N,ClinGen:CA2580082749,2,2036787,17435032,T,A,-,-,-,-,-,-,SCV003242756,-,-
2101154,single nucleotide variant,NM_000352.6(ABCC8):c.2391-7A>T,6833,ABCC8,HGNC:59,Likely benign,0,"Oct 25, 2022",2496579112,-,RCV002899407,MedGen:C3661900,not provided,germline,germline,GRCh38,NC_000011.10,11,17413485,17413485,na,na,11p15.1,"criteria provided, single submitter",1,-,N,ClinGen:CA2580082749,2,2036787,17413485,T,A,-,-,-,-,-,-,SCV003242756,-,-
2101931,single nucleotide variant,NM_000352.6(ABCC8):c.4662T>C (p.Gly1554=),6833,ABCC8,HGNC:59,Likely benign,0,"Dec 12, 2021",2496429648,-,RCV002908081,MedGen:C3661900,not provided,germline,germline,GRCh37,NC_000011.9,11,17414622,17414622,na,na,11p15.1,"criteria provided, single submitter",1,-,N,ClinGen:CA473297963,2,2040160,17414622,A,G,-,-,-,-,-,-,SCV003246385,-,-
2101931,single nucleotide variant,NM_000352.6(ABCC8):c.4662T>C (p.Gly1554=),6833,ABCC8,HGNC:59,Likely benign,0,"Dec 12, 2021",2496429648,-,RCV002908081,MedGen:C3661900,not provided,germline,germline,GRCh38,NC_000011.10,11,17393075,17393075,na,na,11p15.1,"criteria provided, single submitter",1,-,N,ClinGen:CA473297963,2,2040160,17393075,A,G,-,-,-,-,-,-,SCV003246385,-,-
2102551,single nucleotide variant,NM_000352.6(ABCC8):c.3591T>G (p.Leu1197=),6833,ABCC8,HGNC:59,Likely benign,0,"Jun 04, 2023",764985838,-,RCV002917210,MedGen:C3661900,not provided,germline,germline,GRCh37,NC_000011.9,11,17424267,17424267,na,na,11p15.1,"criteria provided, single submitter",1,-,N,ClinGen:CA5902761,2,2042080,17424267,A,C,-,-,-,-,-,-,SCV003249179,-,-
2102551,single nucleotide variant,NM_000352.6(ABCC8):c.3591T>G (p.Leu1197=),6833,ABCC8,HGNC:59,Likely benign,0,"Jun 04, 2023",764985838,-,RCV002917210,MedGen:C3661900,not provided,germline,germline,GRCh38,NC_000011.10,11,17402720,17402720,na,na,11p15.1,"criteria provided, single submitter",1,-,N,ClinGen:CA5902761,2,2042080,17402720,A,C,-,-,-,-,-,-,SCV003249179,-,-
2102962,single nucleotide variant,NM_000352.6(ABCC8):c.2041-5T>C,6833,ABCC8,HGNC:59,Likely benign,0,"Oct 23, 2022",745777000,-,RCV002913253,MedGen:C3661900,not provided,germline,germline,GRCh37,NC_000011.9,11,17449494,17449494,na,na,11p15.1,"criteria provided, single submitter",1,-,N,ClinGen:CA5903319,2,2043789,17449494,A,G,-,-,-,-,-,-,SCV003249515,-,-
2102962,single nucleotide variant,NM_000352.6(ABCC8):c.2041-5T>C,6833,ABCC8,HGNC:59,Likely benign,0,"Oct 23, 2022",745777000,-,RCV002913253,MedGen:C3661900,not provided,germline,germline,GRCh38,NC_000011.10,11,17427947,17427947,na,na,11p15.1,"criteria provided, single submitter",1,-,N,ClinGen:CA5903319,2,2043789,17427947,A,G,-,-,-,-,-,-,SCV003249515,-,-
2105368,single nucleotide variant,NM_000162.5(GCK):c.1111T>G (p.Cys371Gly),2645,GCK,HGNC:4195,Uncertain significance,0,"Sep 01, 2024",2484497875,-,RCV002933238,MedGen:C3661900,not provided,germline,germline,GRCh37,NC_000007.13,7,44185238,44185238,na,na,7p13,"criteria provided, single submitter",1,-,N,ClinGen:CA367398944,2,2055250,44185238,A,C,-,-,-,-,-,-,SCV003264761,-,-
2105368,single nucleotide variant,NM_000162.5(GCK):c.1111T>G (p.Cys371Gly),2645,GCK,HGNC:4195,Uncertain significance,0,"Sep 01, 2024",2484497875,-,RCV002933238,MedGen:C3661900,not provided,germline,germline,GRCh38,NC_000007.14,7,44145639,44145639,na,na,7p13,"criteria provided, single submitter",1,-,N,ClinGen:CA367398944,2,2055250,44145639,A,C,-,-,-,-,-,-,SCV003264761,-,-
2108444,Deletion,NM_000162.5(GCK):c.490del (p.Leu164fs),2645,GCK,HGNC:4195,Pathogenic,1,"Feb 11, 2022",2484524472,-,RCV002919002,MedGen:C3661900,not provided,germline,germline,GRCh37,NC_000007.13,7,44189657,44189657,na,na,7p13,"criteria provided, single submitter",1,-,N,ClinGen:CA2580077187,2,2053147,44189656,AG,A,-,-,-,-,-,-,SCV003263093,-,-
2108444,Deletion,NM_000162.5(GCK):c.490del (p.Leu164fs),2645,GCK,HGNC:4195,Pathogenic,1,"Feb 11, 2022",2484524472,-,RCV002919002,MedGen:C3661900,not provided,germline,germline,GRCh38,NC_000007.14,7,44150058,44150058,na,na,7p13,"criteria provided, single submitter",1,-,N,ClinGen:CA2580077187,2,2053147,44150057,AG,A,-,-,-,-,-,-,SCV003263093,-,-
2109250,single nucleotide variant,NM_000162.5(GCK):c.1020-16T>A,2645,GCK,HGNC:4195,Uncertain significance,0,"Sep 27, 2022",2484498956,-,RCV002938613,MedGen:C3661900,not provided,germline,germline,GRCh37,NC_000007.13,7,44185345,44185345,na,na,7p13,"criteria provided, single submitter",1,-,N,ClinGen:CA2578877985,2,2056547,44185345,A,T,-,-,-,-,-,-,SCV003264323,-,-
2109250,single nucleotide variant,NM_000162.5(GCK):c.1020-16T>A,2645,GCK,HGNC:4195,Uncertain significance,0,"Sep 27, 2022",2484498956,-,RCV002938613,MedGen:C3661900,not provided,germline,germline,GRCh38,NC_000007.14,7,44145746,44145746,na,na,7p13,"criteria provided, single submitter",1,-,N,ClinGen:CA2578877985,2,2056547,44145746,A,T,-,-,-,-,-,-,SCV003264323,-,-
2109411,single nucleotide variant,NM_000352.6(ABCC8):c.4620C>T (p.His1540=),6833,ABCC8,HGNC:59,Likely benign,0,"Aug 06, 2022",2496430182,-,RCV002914675,MedGen:C3661900,not provided,germline,germline,GRCh37,NC_000011.9,11,17414664,17414664,na,na,11p15.1,"criteria provided, single submitter",1,-,N,ClinGen:CA473297997,2,2056708,17414664,G,A,-,-,-,-,-,-,SCV003264643,-,-
2109411,single nucleotide variant,NM_000352.6(ABCC8):c.4620C>T (p.His1540=),6833,ABCC8,HGNC:59,Likely benign,0,"Aug 06, 2022",2496430182,-,RCV002914675,MedGen:C3661900,not provided,germline,germline,GRCh38,NC_000011.10,11,17393117,17393117,na,na,11p15.1,"criteria provided, single submitter",1,-,N,ClinGen:CA473297997,2,2056708,17393117,G,A,-,-,-,-,-,-,SCV003264643,-,-
2111507,single nucleotide variant,NM_000525.4(KCNJ11):c.778G>A (p.Val260Ile),3767,KCNJ11,HGNC:6257,Uncertain significance,0,"Dec 21, 2021",992548655,-,RCV002922232,MedGen:C3661900,not provided,germline,germline,GRCh37,NC_000011.9,11,17408861,17408861,na,na,11p15.1,"criteria provided, single submitter",1,-,N,ClinGen:CA218399602,2,2051036,17408861,C,T,-,-,-,-,-,-,SCV003257933,-,-
2111507,single nucleotide variant,NM_000525.4(KCNJ11):c.778G>A (p.Val260Ile),3767,KCNJ11,HGNC:6257,Uncertain significance,0,"Dec 21, 2021",992548655,-,RCV002922232,MedGen:C3661900,not provided,germline,germline,GRCh38,NC_000011.10,11,17387314,17387314,na,na,11p15.1,"criteria provided, single submitter",1,-,N,ClinGen:CA218399602,2,2051036,17387314,C,T,-,-,-,-,-,-,SCV003257933,-,-
2112771,single nucleotide variant,NM_000352.6(ABCC8):c.3204G>T (p.Thr1068=),6833,ABCC8,HGNC:59,Likely benign,0,"Dec 23, 2021",760793070,-,RCV002938429,MedGen:C3661900,not provided,germline,germline,GRCh37,NC_000011.9,11,17428294,17428294,na,na,11p15.1,"criteria provided, single submitter",1,-,N,ClinGen:CA473515921,2,2056188,17428294,C,A,-,-,-,-,-,-,SCV003266273,-,-
2112771,single nucleotide variant,NM_000352.6(ABCC8):c.3204G>T (p.Thr1068=),6833,ABCC8,HGNC:59,Likely benign,0,"Dec 23, 2021",760793070,-,RCV002938429,MedGen:C3661900,not provided,germline,germline,GRCh38,NC_000011.10,11,17406747,17406747,na,na,11p15.1,"criteria provided, single submitter",1,-,N,ClinGen:CA473515921,2,2056188,17406747,C,A,-,-,-,-,-,-,SCV003266273,-,-
2113665,single nucleotide variant,NM_000525.4(KCNJ11):c.1155T>A (p.Ser385=),3767,KCNJ11,HGNC:6257,Likely benign,0,"Dec 25, 2021",1057070401,-,RCV002933852,MedGen:C3661900,not provided,germline,germline,GRCh37,NC_000011.9,11,17408484,17408484,na,na,11p15.1,"criteria provided, single submitter",1,-,N,ClinGen:CA473514938,2,2059676,17408484,A,T,-,-,-,-,-,-,SCV003271062,-,-
2113665,single nucleotide variant,NM_000525.4(KCNJ11):c.1155T>A (p.Ser385=),3767,KCNJ11,HGNC:6257,Likely benign,0,"Dec 25, 2021",1057070401,-,RCV002933852,MedGen:C3661900,not provided,germline,germline,GRCh38,NC_000011.10,11,17386937,17386937,na,na,11p15.1,"criteria provided, single submitter",1,-,N,ClinGen:CA473514938,2,2059676,17386937,A,T,-,-,-,-,-,-,SCV003271062,-,-
2117854,single nucleotide variant,NM_000352.6(ABCC8):c.3193A>T (p.Met1065Leu),6833,ABCC8,HGNC:59,Uncertain significance,0,"May 13, 2020",1954547506,-,RCV002923951,MedGen:C3661900,not provided,germline,germline,GRCh37,NC_000011.9,11,17428305,17428305,na,na,11p15.1,"criteria provided, single submitter",1,-,N,ClinGen:CA379802899,2,2063867,17428305,T,A,-,-,-,-,-,-,SCV003274853,-,-
2117854,single nucleotide variant,NM_000352.6(ABCC8):c.3193A>T (p.Met1065Leu),6833,ABCC8,HGNC:59,Uncertain significance,0,"May 13, 2020",1954547506,-,RCV002923951,MedGen:C3661900,not provided,germline,germline,GRCh38,NC_000011.10,11,17406758,17406758,na,na,11p15.1,"criteria provided, single submitter",1,-,N,ClinGen:CA379802899,2,2063867,17406758,T,A,-,-,-,-,-,-,SCV003274853,-,-
2118763,single nucleotide variant,NM_000352.6(ABCC8):c.1511G>A (p.Arg504His),6833,ABCC8,HGNC:59,Likely benign,0,"Jan 06, 2026",143451249,-,RCV002966418,MedGen:C3661900,not provided,germline,germline,GRCh37,NC_000011.9,11,17464386,17464386,na,na,11p15.1,"criteria provided, single submitter",1,-,N,ClinGen:CA5903544,2,2067370,17464386,C,T,-,-,-,-,-,-,SCV003279471,-,-
2118763,single nucleotide variant,NM_000352.6(ABCC8):c.1511G>A (p.Arg504His),6833,ABCC8,HGNC:59,Likely benign,0,"Jan 06, 2026",143451249,-,RCV002966418,MedGen:C3661900,not provided,germline,germline,GRCh38,NC_000011.10,11,17442839,17442839,na,na,11p15.1,"criteria provided, single submitter",1,-,N,ClinGen:CA5903544,2,2067370,17442839,C,T,-,-,-,-,-,-,SCV003279471,-,-
2121855,single nucleotide variant,NM_000352.6(ABCC8):c.3775G>A (p.Val1259Met),6833,ABCC8,HGNC:59,Uncertain significance,0,"Nov 29, 2024",745948796,-,RCV002958363|RCV005045099,"MedGen:C3661900|MONDO:MONDO:0012480,MedGen:C1835887,OMIM:610374,Orphanet:99886;MONDO:MONDO:0009415,MedGen:C0271714,OMIM:240800;MONDO:MONDO:0030088,MedGen:C5394303,OMIM:618857;Human Phenotype Ontology:HP:0005965,Human Phenotype Ontology:HP:0005978,Human Phenotype Ontology:HP:0100652,MONDO:MONDO:0005148,MeSH:D003924,MedGen:C0011860,OMIM:125853;MONDO:MONDO:0009734,MedGen:C2931832,OMIM:256450,Orphanet:276575,Orphanet:276598","not provided|Diabetes mellitus, transient neonatal, 2;Leucine-induced hypoglycemia;Diabetes mellitus, permanent neonatal 3;Type 2 diabetes mellitus;Hyperinsulinemic hypoglycemia, familial, 1",germline,germline,GRCh37,NC_000011.9,11,17419323,17419323,na,na,11p15.1,"criteria provided, multiple submitters, no conflicts",3,-,N,ClinGen:CA5902692,2,2065295,17419323,C,T,-,-,-,-,-,-,SCV003278707|SCV003923735|SCV005681084,-,-
2121855,single nucleotide variant,NM_000352.6(ABCC8):c.3775G>A (p.Val1259Met),6833,ABCC8,HGNC:59,Uncertain significance,0,"Nov 29, 2024",745948796,-,RCV002958363|RCV005045099,"MedGen:C3661900|MONDO:MONDO:0012480,MedGen:C1835887,OMIM:610374,Orphanet:99886;MONDO:MONDO:0009415,MedGen:C0271714,OMIM:240800;MONDO:MONDO:0030088,MedGen:C5394303,OMIM:618857;Human Phenotype Ontology:HP:0005965,Human Phenotype Ontology:HP:0005978,Human Phenotype Ontology:HP:0100652,MONDO:MONDO:0005148,MeSH:D003924,MedGen:C0011860,OMIM:125853;MONDO:MONDO:0009734,MedGen:C2931832,OMIM:256450,Orphanet:276575,Orphanet:276598","not provided|Diabetes mellitus, transient neonatal, 2;Leucine-induced hypoglycemia;Diabetes mellitus, permanent neonatal 3;Type 2 diabetes mellitus;Hyperinsulinemic hypoglycemia, familial, 1",germline,germline,GRCh38,NC_000011.10,11,17397776,17397776,na,na,11p15.1,"criteria provided, multiple submitters, no conflicts",3,-,N,ClinGen:CA5902692,2,2065295,17397776,C,T,-,-,-,-,-,-,SCV003278707|SCV003923735|SCV005681084,-,-
2121967,single nucleotide variant,NM_000162.5(GCK):c.1153G>C (p.Gly385Arg),2645,GCK,HGNC:4195,Likely pathogenic,1,"Sep 29, 2025",193922267,-,RCV002958450|RCV005862540,"MedGen:C3661900|MONDO:MONDO:0015967,MedGen:C3888631,Orphanet:183625",not provided|Monogenic diabetes,germline,germline,GRCh37,NC_000007.13,7,44185196,44185196,na,na,7p13,reviewed by expert panel,2,-,N,ClinGen:CA367398717,2,2065408,44185196,C,G,-,-,-,-,-,-,SCV006555198,-,-
2121967,single nucleotide variant,NM_000162.5(GCK):c.1153G>C (p.Gly385Arg),2645,GCK,HGNC:4195,Likely pathogenic,1,"Sep 29, 2025",193922267,-,RCV002958450|RCV005862540,"MedGen:C3661900|MONDO:MONDO:0015967,MedGen:C3888631,Orphanet:183625",not provided|Monogenic diabetes,germline,germline,GRCh38,NC_000007.14,7,44145597,44145597,na,na,7p13,reviewed by expert panel,2,-,N,ClinGen:CA367398717,2,2065408,44145597,C,G,-,-,-,-,-,-,SCV006555198,-,-
2122182,single nucleotide variant,NM_000352.6(ABCC8):c.2256-1G>T,6833,ABCC8,HGNC:59,Likely pathogenic,1,"Apr 12, 2022",2496593562,-,RCV002943648,MedGen:C3661900,not provided,germline,germline,GRCh37,NC_000011.9,11,17436887,17436887,na,na,11p15.1,"criteria provided, single submitter",1,-,N,ClinGen:CA379810961,2,2066920,17436887,C,A,-,-,-,-,-,-,SCV003277008,-,-
2122182,single nucleotide variant,NM_000352.6(ABCC8):c.2256-1G>T,6833,ABCC8,HGNC:59,Likely pathogenic,1,"Apr 12, 2022",2496593562,-,RCV002943648,MedGen:C3661900,not provided,germline,germline,GRCh38,NC_000011.10,11,17415340,17415340,na,na,11p15.1,"criteria provided, single submitter",1,-,N,ClinGen:CA379810961,2,2066920,17415340,C,A,-,-,-,-,-,-,SCV003277008,-,-
2125949,single nucleotide variant,NM_000162.5(GCK):c.481A>T (p.Lys161Ter),2645,GCK,HGNC:4195,Pathogenic,1,"Jan 19, 2022",2484529250,-,RCV002954283,MedGen:C3661900,not provided,germline,germline,GRCh37,NC_000007.13,7,44190557,44190557,na,na,7p13,"criteria provided, single submitter",1,-,N,ClinGen:CA367401837,2,2068426,44190557,T,A,-,-,-,-,-,-,SCV003280334,-,-
2125949,single nucleotide variant,NM_000162.5(GCK):c.481A>T (p.Lys161Ter),2645,GCK,HGNC:4195,Pathogenic,1,"Jan 19, 2022",2484529250,-,RCV002954283,MedGen:C3661900,not provided,germline,germline,GRCh38,NC_000007.14,7,44150958,44150958,na,na,7p13,"criteria provided, single submitter",1,-,N,ClinGen:CA367401837,2,2068426,44150958,T,A,-,-,-,-,-,-,SCV003280334,-,-
2128902,single nucleotide variant,NM_000352.6(ABCC8):c.3039G>T (p.Ser1013=),6833,ABCC8,HGNC:59,Likely benign,0,"Jun 28, 2023",17846762,-,RCV002933984,MedGen:C3661900,not provided,germline,germline,GRCh37,NC_000011.9,11,17428558,17428558,na,na,11p15.1,"criteria provided, single submitter",1,-,N,ClinGen:CA5902933,2,2066217,17428558,C,A,-,-,-,-,-,-,SCV003278554,-,-
2128902,single nucleotide variant,NM_000352.6(ABCC8):c.3039G>T (p.Ser1013=),6833,ABCC8,HGNC:59,Likely benign,0,"Jun 28, 2023",17846762,-,RCV002933984,MedGen:C3661900,not provided,germline,germline,GRCh38,NC_000011.10,11,17407011,17407011,na,na,11p15.1,"criteria provided, single submitter",1,-,N,ClinGen:CA5902933,2,2066217,17407011,C,A,-,-,-,-,-,-,SCV003278554,-,-
2128969,single nucleotide variant,NM_000352.6(ABCC8):c.1740C>T (p.Leu580=),6833,ABCC8,HGNC:59,Likely benign,0,"Apr 26, 2023",570157680,-,RCV002966105,MedGen:C3661900,not provided,germline,germline,GRCh37,NC_000011.9,11,17452438,17452438,na,na,11p15.1,"criteria provided, single submitter",1,-,N,ClinGen:CA218442718,2,2066284,17452438,G,A,-,-,-,-,-,-,SCV003277406,-,-
2128969,single nucleotide variant,NM_000352.6(ABCC8):c.1740C>T (p.Leu580=),6833,ABCC8,HGNC:59,Likely benign,0,"Apr 26, 2023",570157680,-,RCV002966105,MedGen:C3661900,not provided,germline,germline,GRCh38,NC_000011.10,11,17430891,17430891,na,na,11p15.1,"criteria provided, single submitter",1,-,N,ClinGen:CA218442718,2,2066284,17430891,G,A,-,-,-,-,-,-,SCV003277406,-,-
2132009,single nucleotide variant,NM_000525.4(KCNJ11):c.-134G>A,3767,KCNJ11,HGNC:6257,Uncertain significance,0,"Jan 24, 2023",387906398,-,RCV002995240,MedGen:C3661900,not provided,germline,germline,GRCh37,NC_000011.9,11,17409772,17409772,na,na,11p15.1,"criteria provided, single submitter",1,-,N,ClinGen:CA2580082782,2,2079244,17409772,C,T,-,-,-,-,-,-,SCV003295257,-,-
2132009,single nucleotide variant,NM_000525.4(KCNJ11):c.-134G>A,3767,KCNJ11,HGNC:6257,Uncertain significance,0,"Jan 24, 2023",387906398,-,RCV002995240,MedGen:C3661900,not provided,germline,germline,GRCh38,NC_000011.10,11,17388225,17388225,na,na,11p15.1,"criteria provided, single submitter",1,-,N,ClinGen:CA2580082782,2,2079244,17388225,C,T,-,-,-,-,-,-,SCV003295257,-,-
2132538,single nucleotide variant,NM_000352.6(ABCC8):c.1258C>T (p.Leu420=),6833,ABCC8,HGNC:59,Likely benign,0,"Jan 14, 2022",2496781399,-,RCV002995950|RCV005616521,MedGen:C3661900|,not provided|Hereditary hyperinsulinism,germline,germline,GRCh37,NC_000011.9,11,17470137,17470137,na,na,11p15.1,"criteria provided, single submitter",2,-,N,ClinGen:CA473299202,2,2082352,17470137,G,A,-,-,-,-,-,-,SCV003295743,-,-
2132538,single nucleotide variant,NM_000352.6(ABCC8):c.1258C>T (p.Leu420=),6833,ABCC8,HGNC:59,Likely benign,0,"Jan 14, 2022",2496781399,-,RCV002995950|RCV005616521,MedGen:C3661900|,not provided|Hereditary hyperinsulinism,germline,germline,GRCh38,NC_000011.10,11,17448590,17448590,na,na,11p15.1,"criteria provided, single submitter",2,-,N,ClinGen:CA473299202,2,2082352,17448590,G,A,-,-,-,-,-,-,SCV003295743,-,-
2132937,single nucleotide variant,NM_000352.6(ABCC8):c.3960C>G (p.Thr1320=),6833,ABCC8,HGNC:59,Likely benign,0,"Aug 19, 2022",137868047,-,RCV003009358,MedGen:C3661900,not provided,germline,germline,GRCh37,NC_000011.9,11,17418768,17418768,na,na,11p15.1,"criteria provided, single submitter",1,-,N,ClinGen:CA473298627,2,2084048,17418768,G,C,-,-,-,-,-,-,SCV003299191,-,-
2132937,single nucleotide variant,NM_000352.6(ABCC8):c.3960C>G (p.Thr1320=),6833,ABCC8,HGNC:59,Likely benign,0,"Aug 19, 2022",137868047,-,RCV003009358,MedGen:C3661900,not provided,germline,germline,GRCh38,NC_000011.10,11,17397221,17397221,na,na,11p15.1,"criteria provided, single submitter",1,-,N,ClinGen:CA473298627,2,2084048,17397221,G,C,-,-,-,-,-,-,SCV003299191,-,-
2133950,single nucleotide variant,NM_000162.5(GCK):c.1253+9G>A,2645,GCK,HGNC:4195,Likely benign,0,"Dec 13, 2021",769645457,-,RCV003017906,MedGen:C3661900,not provided,germline,germline,GRCh37,NC_000007.13,7,44185087,44185087,na,na,7p13,"criteria provided, single submitter",1,-,N,ClinGen:CA4239408,2,2087659,44185087,C,T,-,-,-,-,-,-,SCV003304906,-,-
2133950,single nucleotide variant,NM_000162.5(GCK):c.1253+9G>A,2645,GCK,HGNC:4195,Likely benign,0,"Dec 13, 2021",769645457,-,RCV003017906,MedGen:C3661900,not provided,germline,germline,GRCh38,NC_000007.14,7,44145488,44145488,na,na,7p13,"criteria provided, single submitter",1,-,N,ClinGen:CA4239408,2,2087659,44145488,C,T,-,-,-,-,-,-,SCV003304906,-,-
2134141,single nucleotide variant,NM_000352.6(ABCC8):c.1728C>T (p.Ala576=),6833,ABCC8,HGNC:59,Likely benign,0,"Jan 19, 2022",2496688995,-,RCV003000128,MedGen:C3661900,not provided,germline,germline,GRCh37,NC_000011.9,11,17452450,17452450,na,na,11p15.1,"criteria provided, single submitter",1,-,N,ClinGen:CA473302872,2,2087850,17452450,G,A,-,-,-,-,-,-,SCV003307187,-,-
2134141,single nucleotide variant,NM_000352.6(ABCC8):c.1728C>T (p.Ala576=),6833,ABCC8,HGNC:59,Likely benign,0,"Jan 19, 2022",2496688995,-,RCV003000128,MedGen:C3661900,not provided,germline,germline,GRCh38,NC_000011.10,11,17430903,17430903,na,na,11p15.1,"criteria provided, single submitter",1,-,N,ClinGen:CA473302872,2,2087850,17430903,G,A,-,-,-,-,-,-,SCV003307187,-,-
2136527,single nucleotide variant,NM_000352.6(ABCC8):c.2017G>A (p.Asp673Asn),6833,ABCC8,HGNC:59,Uncertain significance,0,"Apr 30, 2025",777986828,-,RCV003002828|RCV005045150,"MedGen:C3661900|MONDO:MONDO:0012480,MedGen:C1835887,OMIM:610374,Orphanet:99886;MONDO:MONDO:0009415,MedGen:C0271714,OMIM:240800;MONDO:MONDO:0030088,MedGen:C5394303,OMIM:618857;Human Phenotype Ontology:HP:0005965,Human Phenotype Ontology:HP:0005978,Human Phenotype Ontology:HP:0100652,MONDO:MONDO:0005148,MeSH:D003924,MedGen:C0011860,OMIM:125853;MONDO:MONDO:0009734,MedGen:C2931832,OMIM:256450,Orphanet:276575,Orphanet:276598","not provided|Diabetes mellitus, transient neonatal, 2;Leucine-induced hypoglycemia;Diabetes mellitus, permanent neonatal 3;Type 2 diabetes mellitus;Hyperinsulinemic hypoglycemia, familial, 1",germline,germline,GRCh37,NC_000011.9,11,17449859,17449859,na,na,11p15.1,"criteria provided, multiple submitters, no conflicts",4,-,N,ClinGen:CA5903346,2,2083868,17449859,C,T,-,-,-,-,-,-,SCV003299800|SCV004238852|SCV005676377|SCV006562437,-,-
2136527,single nucleotide variant,NM_000352.6(ABCC8):c.2017G>A (p.Asp673Asn),6833,ABCC8,HGNC:59,Uncertain significance,0,"Apr 30, 2025",777986828,-,RCV003002828|RCV005045150,"MedGen:C3661900|MONDO:MONDO:0012480,MedGen:C1835887,OMIM:610374,Orphanet:99886;MONDO:MONDO:0009415,MedGen:C0271714,OMIM:240800;MONDO:MONDO:0030088,MedGen:C5394303,OMIM:618857;Human Phenotype Ontology:HP:0005965,Human Phenotype Ontology:HP:0005978,Human Phenotype Ontology:HP:0100652,MONDO:MONDO:0005148,MeSH:D003924,MedGen:C0011860,OMIM:125853;MONDO:MONDO:0009734,MedGen:C2931832,OMIM:256450,Orphanet:276575,Orphanet:276598","not provided|Diabetes mellitus, transient neonatal, 2;Leucine-induced hypoglycemia;Diabetes mellitus, permanent neonatal 3;Type 2 diabetes mellitus;Hyperinsulinemic hypoglycemia, familial, 1",germline,germline,GRCh38,NC_000011.10,11,17428312,17428312,na,na,11p15.1,"criteria provided, multiple submitters, no conflicts",4,-,N,ClinGen:CA5903346,2,2083868,17428312,C,T,-,-,-,-,-,-,SCV003299800|SCV004238852|SCV005676377|SCV006562437,-,-
2137246,single nucleotide variant,NM_000352.6(ABCC8):c.2160C>G (p.Ser720=),6833,ABCC8,HGNC:59,Likely benign,0,"Jan 17, 2022",1449419749,-,RCV002999964,MedGen:C3661900,not provided,germline,germline,GRCh37,NC_000011.9,11,17448658,17448658,na,na,11p15.1,"criteria provided, single submitter",1,-,N,ClinGen:CA473302457,2,2087185,17448658,G,C,-,-,-,-,-,-,SCV003304585,-,-
2137246,single nucleotide variant,NM_000352.6(ABCC8):c.2160C>G (p.Ser720=),6833,ABCC8,HGNC:59,Likely benign,0,"Jan 17, 2022",1449419749,-,RCV002999964,MedGen:C3661900,not provided,germline,germline,GRCh38,NC_000011.10,11,17427111,17427111,na,na,11p15.1,"criteria provided, single submitter",1,-,N,ClinGen:CA473302457,2,2087185,17427111,G,C,-,-,-,-,-,-,SCV003304585,-,-
2137315,single nucleotide variant,NM_000352.6(ABCC8):c.2476-8G>T,6833,ABCC8,HGNC:59,Likely benign,0,"Jul 23, 2022",2496572606,-,RCV003017804,MedGen:C3661900,not provided,germline,germline,GRCh37,NC_000011.9,11,17434301,17434301,na,na,11p15.1,"criteria provided, single submitter",1,-,N,ClinGen:CA2580082739,2,2087254,17434301,C,A,-,-,-,-,-,-,SCV003302675,-,-
2137315,single nucleotide variant,NM_000352.6(ABCC8):c.2476-8G>T,6833,ABCC8,HGNC:59,Likely benign,0,"Jul 23, 2022",2496572606,-,RCV003017804,MedGen:C3661900,not provided,germline,germline,GRCh38,NC_000011.10,11,17412754,17412754,na,na,11p15.1,"criteria provided, single submitter",1,-,N,ClinGen:CA2580082739,2,2087254,17412754,C,A,-,-,-,-,-,-,SCV003302675,-,-
2138797,single nucleotide variant,NM_000352.6(ABCC8):c.318G>C (p.Leu106=),6833,ABCC8,HGNC:59,Likely benign,0,"Jan 17, 2022",762615496,-,RCV002993695,MedGen:C3661900,not provided,germline,germline,GRCh37,NC_000011.9,11,17491742,17491742,na,na,11p15.1,"criteria provided, single submitter",1,-,N,ClinGen:CA473301683,2,2078282,17491742,C,G,-,-,-,-,-,-,SCV003290256,-,-
2138797,single nucleotide variant,NM_000352.6(ABCC8):c.318G>C (p.Leu106=),6833,ABCC8,HGNC:59,Likely benign,0,"Jan 17, 2022",762615496,-,RCV002993695,MedGen:C3661900,not provided,germline,germline,GRCh38,NC_000011.10,11,17470195,17470195,na,na,11p15.1,"criteria provided, single submitter",1,-,N,ClinGen:CA473301683,2,2078282,17470195,C,G,-,-,-,-,-,-,SCV003290256,-,-
2141039,Deletion,NM_000162.5(GCK):c.255_256del (p.Arg85fs),2645,GCK,HGNC:4195,Pathogenic,1,"Mar 09, 2024",2484535746,-,RCV003007767,MedGen:C3661900,not provided,germline,germline,GRCh37,NC_000007.13,7,44191977,44191978,na,na,7p13,"criteria provided, single submitter",1,-,N,ClinGen:CA2580077163,2,2086998,44191976,ACC,A,-,-,-,-,-,-,SCV003302986,-,-
2141039,Deletion,NM_000162.5(GCK):c.255_256del (p.Arg85fs),2645,GCK,HGNC:4195,Pathogenic,1,"Mar 09, 2024",2484535746,-,RCV003007767,MedGen:C3661900,not provided,germline,germline,GRCh38,NC_000007.14,7,44152378,44152379,na,na,7p13,"criteria provided, single submitter",1,-,N,ClinGen:CA2580077163,2,2086998,44152377,ACC,A,-,-,-,-,-,-,SCV003302986,-,-
2142258,single nucleotide variant,NM_000162.5(GCK):c.465G>A (p.Arg155=),2645,GCK,HGNC:4195,Likely benign,0,"May 18, 2022",757281286,-,RCV002985748,MedGen:C3661900,not provided,germline,germline,GRCh37,NC_000007.13,7,44190573,44190573,na,na,7p13,"criteria provided, single submitter",1,-,N,ClinGen:CA4239629,2,2077874,44190573,C,T,-,-,-,-,-,-,SCV003290128,-,-
2142258,single nucleotide variant,NM_000162.5(GCK):c.465G>A (p.Arg155=),2645,GCK,HGNC:4195,Likely benign,0,"May 18, 2022",757281286,-,RCV002985748,MedGen:C3661900,not provided,germline,germline,GRCh38,NC_000007.14,7,44150974,44150974,na,na,7p13,"criteria provided, single submitter",1,-,N,ClinGen:CA4239629,2,2077874,44150974,C,T,-,-,-,-,-,-,SCV003290128,-,-
2144690,single nucleotide variant,NM_000352.6(ABCC8):c.2295G>A (p.Lys765=),6833,ABCC8,HGNC:59,Likely benign,0,"Mar 13, 2024",2496587547,-,RCV003005513,MedGen:C3661900,not provided,germline,germline,GRCh37,NC_000011.9,11,17436154,17436154,na,na,11p15.1,"criteria provided, single submitter",1,-,N,ClinGen:CA473301666,2,2089360,17436154,C,T,-,-,-,-,-,-,SCV003303952,-,-
2144690,single nucleotide variant,NM_000352.6(ABCC8):c.2295G>A (p.Lys765=),6833,ABCC8,HGNC:59,Likely benign,0,"Mar 13, 2024",2496587547,-,RCV003005513,MedGen:C3661900,not provided,germline,germline,GRCh38,NC_000011.10,11,17414607,17414607,na,na,11p15.1,"criteria provided, single submitter",1,-,N,ClinGen:CA473301666,2,2089360,17414607,C,T,-,-,-,-,-,-,SCV003303952,-,-
2146841,single nucleotide variant,NM_000352.6(ABCC8):c.4533T>A (p.Ile1511=),6833,ABCC8,HGNC:59,Likely benign,0,"Nov 06, 2023",1953787015,-,RCV003019082,MedGen:C3661900,not provided,germline,germline,GRCh37,NC_000011.9,11,17415825,17415825,na,na,11p15.1,"criteria provided, single submitter",1,-,N,ClinGen:CA473298057,2,2097985,17415825,A,T,-,-,-,-,-,-,SCV003308632,-,-
2146841,single nucleotide variant,NM_000352.6(ABCC8):c.4533T>A (p.Ile1511=),6833,ABCC8,HGNC:59,Likely benign,0,"Nov 06, 2023",1953787015,-,RCV003019082,MedGen:C3661900,not provided,germline,germline,GRCh38,NC_000011.10,11,17394278,17394278,na,na,11p15.1,"criteria provided, single submitter",1,-,N,ClinGen:CA473298057,2,2097985,17394278,A,T,-,-,-,-,-,-,SCV003308632,-,-
2147288,single nucleotide variant,NM_000352.6(ABCC8):c.90G>T (p.Ala30=),6833,ABCC8,HGNC:59,Likely benign,0,"Apr 19, 2025",377209579,-,RCV003021854|RCV005522761,"MedGen:C3661900|MeSH:D030342,MedGen:C0950123",not provided|Inborn genetic diseases,germline,germline,GRCh37,NC_000011.9,11,17498234,17498234,na,na,11p15.1,"criteria provided, multiple submitters, no conflicts",2,-,N,ClinGen:CA473302235,2,2099730,17498234,C,A,-,-,-,-,-,-,SCV003321168|SCV006197974,-,-
2147288,single nucleotide variant,NM_000352.6(ABCC8):c.90G>T (p.Ala30=),6833,ABCC8,HGNC:59,Likely benign,0,"Apr 19, 2025",377209579,-,RCV003021854|RCV005522761,"MedGen:C3661900|MeSH:D030342,MedGen:C0950123",not provided|Inborn genetic diseases,germline,germline,GRCh38,NC_000011.10,11,17476687,17476687,na,na,11p15.1,"criteria provided, multiple submitters, no conflicts",2,-,N,ClinGen:CA473302235,2,2099730,17476687,C,A,-,-,-,-,-,-,SCV003321168|SCV006197974,-,-
2147769,Deletion,NM_000352.6(ABCC8):c.3682del (p.Glu1228fs),6833,ABCC8,HGNC:59,Pathogenic,1,"Mar 01, 2022",768706912,-,RCV003016946,MedGen:C3661900,not provided,germline,germline,GRCh37,NC_000011.9,11,17419957,17419957,na,na,11p15.1,"criteria provided, single submitter",1,-,N,ClinGen:CA5902728,2,2101511,17419956,TC,T,-,-,-,-,-,-,SCV003319534,-,-
2147769,Deletion,NM_000352.6(ABCC8):c.3682del (p.Glu1228fs),6833,ABCC8,HGNC:59,Pathogenic,1,"Mar 01, 2022",768706912,-,RCV003016946,MedGen:C3661900,not provided,germline,germline,GRCh38,NC_000011.10,11,17398410,17398410,na,na,11p15.1,"criteria provided, single submitter",1,-,N,ClinGen:CA5902728,2,2101511,17398409,TC,T,-,-,-,-,-,-,SCV003319534,-,-
2148119,single nucleotide variant,NM_000352.6(ABCC8):c.2004C>A (p.Pro668=),6833,ABCC8,HGNC:59,Likely benign,0,"Jan 22, 2022",2496667705,-,RCV003003051,MedGen:C3661900,not provided,germline,germline,GRCh37,NC_000011.9,11,17449872,17449872,na,na,11p15.1,"criteria provided, single submitter",1,-,N,ClinGen:CA473516096,2,2089019,17449872,G,T,-,-,-,-,-,-,SCV003306613,-,-
2148119,single nucleotide variant,NM_000352.6(ABCC8):c.2004C>A (p.Pro668=),6833,ABCC8,HGNC:59,Likely benign,0,"Jan 22, 2022",2496667705,-,RCV003003051,MedGen:C3661900,not provided,germline,germline,GRCh38,NC_000011.10,11,17428325,17428325,na,na,11p15.1,"criteria provided, single submitter",1,-,N,ClinGen:CA473516096,2,2089019,17428325,G,T,-,-,-,-,-,-,SCV003306613,-,-
2148627,single nucleotide variant,NM_000352.6(ABCC8):c.3159C>T (p.Ser1053=),6833,ABCC8,HGNC:59,Likely benign,0,"Jan 28, 2022",1374545314,-,RCV003013298,MedGen:C3661900,not provided,germline,germline,GRCh37,NC_000011.9,11,17428438,17428438,na,na,11p15.1,"criteria provided, single submitter",1,-,N,ClinGen:CA473516056,2,2090823,17428438,G,A,-,-,-,-,-,-,SCV003305763,-,-
2148627,single nucleotide variant,NM_000352.6(ABCC8):c.3159C>T (p.Ser1053=),6833,ABCC8,HGNC:59,Likely benign,0,"Jan 28, 2022",1374545314,-,RCV003013298,MedGen:C3661900,not provided,germline,germline,GRCh38,NC_000011.10,11,17406891,17406891,na,na,11p15.1,"criteria provided, single submitter",1,-,N,ClinGen:CA473516056,2,2090823,17406891,G,A,-,-,-,-,-,-,SCV003305763,-,-
2149424,single nucleotide variant,NM_000352.6(ABCC8):c.687C>T (p.Thr229=),6833,ABCC8,HGNC:59,Likely benign,0,"Feb 06, 2022",746573789,-,RCV002996997,MedGen:C3661900,not provided,germline,germline,GRCh37,NC_000011.9,11,17483265,17483265,na,na,11p15.1,"criteria provided, single submitter",1,-,N,ClinGen:CA5903798,2,2094210,17483265,G,A,-,-,-,-,-,-,SCV003313352,-,-
2149424,single nucleotide variant,NM_000352.6(ABCC8):c.687C>T (p.Thr229=),6833,ABCC8,HGNC:59,Likely benign,0,"Feb 06, 2022",746573789,-,RCV002996997,MedGen:C3661900,not provided,germline,germline,GRCh38,NC_000011.10,11,17461718,17461718,na,na,11p15.1,"criteria provided, single submitter",1,-,N,ClinGen:CA5903798,2,2094210,17461718,G,A,-,-,-,-,-,-,SCV003313352,-,-
2150348,single nucleotide variant,NM_000162.5(GCK):c.146C>G (p.Thr49Ser),2645,GCK,HGNC:4195,Uncertain significance,0,"Aug 09, 2022",193922286,-,RCV003018951,MedGen:C3661900,not provided,germline,germline,GRCh37,NC_000007.13,7,44192962,44192962,na,na,7p13,"criteria provided, single submitter",1,-,N,ClinGen:CA367403400,2,2097728,44192962,G,C,-,-,-,-,-,-,SCV003309583,-,-
2150348,single nucleotide variant,NM_000162.5(GCK):c.146C>G (p.Thr49Ser),2645,GCK,HGNC:4195,Uncertain significance,0,"Aug 09, 2022",193922286,-,RCV003018951,MedGen:C3661900,not provided,germline,germline,GRCh38,NC_000007.14,7,44153363,44153363,na,na,7p13,"criteria provided, single submitter",1,-,N,ClinGen:CA367403400,2,2097728,44153363,G,C,-,-,-,-,-,-,SCV003309583,-,-
2150645,single nucleotide variant,NM_000352.6(ABCC8):c.1458G>A (p.Arg486=),6833,ABCC8,HGNC:59,Likely benign,0,"Mar 02, 2022",2496755300,-,RCV003021666,MedGen:C3661900,not provided,germline,germline,GRCh37,NC_000011.9,11,17464734,17464734,na,na,11p15.1,"criteria provided, single submitter",1,-,N,ClinGen:CA473298590,2,2099324,17464734,C,T,-,-,-,-,-,-,SCV003318455,-,-
2150645,single nucleotide variant,NM_000352.6(ABCC8):c.1458G>A (p.Arg486=),6833,ABCC8,HGNC:59,Likely benign,0,"Mar 02, 2022",2496755300,-,RCV003021666,MedGen:C3661900,not provided,germline,germline,GRCh38,NC_000011.10,11,17443187,17443187,na,na,11p15.1,"criteria provided, single submitter",1,-,N,ClinGen:CA473298590,2,2099324,17443187,C,T,-,-,-,-,-,-,SCV003318455,-,-
2150938,single nucleotide variant,NM_000352.6(ABCC8):c.3737G>A (p.Trp1246Ter),6833,ABCC8,HGNC:59,Pathogenic,1,"Feb 21, 2022",2133413622,-,RCV003033613,MedGen:C3661900,not provided,germline,germline,GRCh37,NC_000011.9,11,17419902,17419902,na,na,11p15.1,"criteria provided, single submitter",1,-,N,ClinGen:CA379794032,2,2100918,17419902,C,T,-,-,-,-,-,-,SCV003322622,-,-
2150938,single nucleotide variant,NM_000352.6(ABCC8):c.3737G>A (p.Trp1246Ter),6833,ABCC8,HGNC:59,Pathogenic,1,"Feb 21, 2022",2133413622,-,RCV003033613,MedGen:C3661900,not provided,germline,germline,GRCh38,NC_000011.10,11,17398355,17398355,na,na,11p15.1,"criteria provided, single submitter",1,-,N,ClinGen:CA379794032,2,2100918,17398355,C,T,-,-,-,-,-,-,SCV003322622,-,-
2154002,single nucleotide variant,NM_000162.5(GCK):c.851C>T (p.Pro284Leu),2645,GCK,HGNC:4195,Uncertain significance,0,"Mar 29, 2022",2096275366,-,RCV003031070,MedGen:C3661900,not provided,germline,germline,GRCh37,NC_000007.13,7,44187261,44187261,na,na,7p13,"criteria provided, single submitter",1,-,N,ClinGen:CA367400423,2,2098687,44187261,G,A,-,-,-,-,-,-,SCV003314216,-,-
2154002,single nucleotide variant,NM_000162.5(GCK):c.851C>T (p.Pro284Leu),2645,GCK,HGNC:4195,Uncertain significance,0,"Mar 29, 2022",2096275366,-,RCV003031070,MedGen:C3661900,not provided,germline,germline,GRCh38,NC_000007.14,7,44147662,44147662,na,na,7p13,"criteria provided, single submitter",1,-,N,ClinGen:CA367400423,2,2098687,44147662,G,A,-,-,-,-,-,-,SCV003314216,-,-
2154123,single nucleotide variant,NM_000525.4(KCNJ11):c.24C>T (p.Ile8=),3767,KCNJ11,HGNC:6257,Likely benign,0,"Aug 06, 2022",1228103724,-,RCV003019289|RCV004540504,MedGen:C3661900|,not provided|KCNJ11-related disorder,germline,germline,GRCh37,NC_000011.9,11,17409615,17409615,na,na,11p15.1,"criteria provided, single submitter",2,-,N,ClinGen:CA473515740,2,2098808,17409615,G,A,-,-,-,-,-,-,SCV003316880,-,-
2154123,single nucleotide variant,NM_000525.4(KCNJ11):c.24C>T (p.Ile8=),3767,KCNJ11,HGNC:6257,Likely benign,0,"Aug 06, 2022",1228103724,-,RCV003019289|RCV004540504,MedGen:C3661900|,not provided|KCNJ11-related disorder,germline,germline,GRCh38,NC_000011.10,11,17388068,17388068,na,na,11p15.1,"criteria provided, single submitter",2,-,N,ClinGen:CA473515740,2,2098808,17388068,G,A,-,-,-,-,-,-,SCV003316880,-,-
2154506,single nucleotide variant,NM_000525.4(KCNJ11):c.262A>G (p.Met88Val),3767,KCNJ11,HGNC:6257,Uncertain significance,0,"Feb 20, 2022",756124560,-,RCV003014431,MedGen:C3661900,not provided,germline,germline,GRCh37,NC_000011.9,11,17409377,17409377,na,na,11p15.1,"criteria provided, single submitter",1,-,N,ClinGen:CA379775003,2,2100490,17409377,T,C,-,-,-,-,-,-,SCV003317347,-,-
2154506,single nucleotide variant,NM_000525.4(KCNJ11):c.262A>G (p.Met88Val),3767,KCNJ11,HGNC:6257,Uncertain significance,0,"Feb 20, 2022",756124560,-,RCV003014431,MedGen:C3661900,not provided,germline,germline,GRCh38,NC_000011.10,11,17387830,17387830,na,na,11p15.1,"criteria provided, single submitter",1,-,N,ClinGen:CA379775003,2,2100490,17387830,T,C,-,-,-,-,-,-,SCV003317347,-,-
2154893,single nucleotide variant,NM_000352.6(ABCC8):c.2277C>G (p.Thr759=),6833,ABCC8,HGNC:59,Likely benign,0,"May 13, 2023",1801261,-,RCV003000148,MedGen:C3661900,not provided,germline,germline,GRCh37,NC_000011.9,11,17436865,17436865,na,na,11p15.1,"criteria provided, single submitter",1,-,N,ClinGen:CA473301730,2,2087934,17436865,G,C,-,-,-,-,-,-,SCV003302082,-,-
2154893,single nucleotide variant,NM_000352.6(ABCC8):c.2277C>G (p.Thr759=),6833,ABCC8,HGNC:59,Likely benign,0,"May 13, 2023",1801261,-,RCV003000148,MedGen:C3661900,not provided,germline,germline,GRCh38,NC_000011.10,11,17415318,17415318,na,na,11p15.1,"criteria provided, single submitter",1,-,N,ClinGen:CA473301730,2,2087934,17415318,G,C,-,-,-,-,-,-,SCV003302082,-,-
2156328,single nucleotide variant,NM_000352.6(ABCC8):c.285T>A (p.Ser95=),6833,ABCC8,HGNC:59,Likely benign,0,"Feb 04, 2022",2496918381,-,RCV003009987,MedGen:C3661900,not provided,germline,germline,GRCh37,NC_000011.9,11,17496438,17496438,na,na,11p15.1,"criteria provided, single submitter",1,-,N,ClinGen:CA473301917,2,2093246,17496438,A,T,-,-,-,-,-,-,SCV003312810,-,-
2156328,single nucleotide variant,NM_000352.6(ABCC8):c.285T>A (p.Ser95=),6833,ABCC8,HGNC:59,Likely benign,0,"Feb 04, 2022",2496918381,-,RCV003009987,MedGen:C3661900,not provided,germline,germline,GRCh38,NC_000011.10,11,17474891,17474891,na,na,11p15.1,"criteria provided, single submitter",1,-,N,ClinGen:CA473301917,2,2093246,17474891,A,T,-,-,-,-,-,-,SCV003312810,-,-
2156342,single nucleotide variant,NM_000162.5(GCK):c.314A>G (p.His105Arg),2645,GCK,HGNC:4195,Uncertain significance,0,"Mar 12, 2022",1221589316,-,RCV003009988,MedGen:C3661900,not provided,germline,germline,GRCh37,NC_000007.13,7,44191919,44191919,na,na,7p13,"criteria provided, single submitter",1,-,N,ClinGen:CA367402728,2,2093260,44191919,T,C,-,-,-,-,-,-,SCV003312825,-,-
2156342,single nucleotide variant,NM_000162.5(GCK):c.314A>G (p.His105Arg),2645,GCK,HGNC:4195,Uncertain significance,0,"Mar 12, 2022",1221589316,-,RCV003009988,MedGen:C3661900,not provided,germline,germline,GRCh38,NC_000007.14,7,44152320,44152320,na,na,7p13,"criteria provided, single submitter",1,-,N,ClinGen:CA367402728,2,2093260,44152320,T,C,-,-,-,-,-,-,SCV003312825,-,-
2157625,single nucleotide variant,NM_000162.5(GCK):c.880G>C (p.Gly294Arg),2645,GCK,HGNC:4195,Uncertain significance,0,"Apr 01, 2022",2128820044,-,RCV003019186,MedGen:C3661900,not provided,germline,germline,GRCh37,NC_000007.13,7,44186201,44186201,na,na,7p13,"criteria provided, single submitter",1,-,N,ClinGen:CA367400151,2,2098429,44186201,C,G,-,-,-,-,-,-,SCV003315011,-,-
2157625,single nucleotide variant,NM_000162.5(GCK):c.880G>C (p.Gly294Arg),2645,GCK,HGNC:4195,Uncertain significance,0,"Apr 01, 2022",2128820044,-,RCV003019186,MedGen:C3661900,not provided,germline,germline,GRCh38,NC_000007.14,7,44146602,44146602,na,na,7p13,"criteria provided, single submitter",1,-,N,ClinGen:CA367400151,2,2098429,44146602,C,G,-,-,-,-,-,-,SCV003315011,-,-
2158609,single nucleotide variant,NM_000352.6(ABCC8):c.6C>T (p.Pro2=),6833,ABCC8,HGNC:59,Likely benign,0,"Mar 31, 2022",747789003,-,RCV003037907,MedGen:C3661900,not provided,germline,germline,GRCh37,NC_000011.9,11,17498318,17498318,na,na,11p15.1,"criteria provided, single submitter",1,-,N,ClinGen:CA473302382,2,2103305,17498318,G,A,-,-,-,-,-,-,SCV003316832,-,-
2158609,single nucleotide variant,NM_000352.6(ABCC8):c.6C>T (p.Pro2=),6833,ABCC8,HGNC:59,Likely benign,0,"Mar 31, 2022",747789003,-,RCV003037907,MedGen:C3661900,not provided,germline,germline,GRCh38,NC_000011.10,11,17476771,17476771,na,na,11p15.1,"criteria provided, single submitter",1,-,N,ClinGen:CA473302382,2,2103305,17476771,G,A,-,-,-,-,-,-,SCV003316832,-,-
2159643,single nucleotide variant,NM_000352.6(ABCC8):c.2068C>G (p.Pro690Ala),6833,ABCC8,HGNC:59,Uncertain significance,0,"Feb 03, 2025",2496663546,-,RCV003034065,MedGen:C3661900,not provided,germline,germline,GRCh37,NC_000011.9,11,17449462,17449462,na,na,11p15.1,"criteria provided, single submitter",1,-,N,ClinGen:CA379814872,2,2108229,17449462,G,C,-,-,-,-,-,-,SCV003326638,-,-
2159643,single nucleotide variant,NM_000352.6(ABCC8):c.2068C>G (p.Pro690Ala),6833,ABCC8,HGNC:59,Uncertain significance,0,"Feb 03, 2025",2496663546,-,RCV003034065,MedGen:C3661900,not provided,germline,germline,GRCh38,NC_000011.10,11,17427915,17427915,na,na,11p15.1,"criteria provided, single submitter",1,-,N,ClinGen:CA379814872,2,2108229,17427915,G,C,-,-,-,-,-,-,SCV003326638,-,-
2159850,single nucleotide variant,NM_000352.6(ABCC8):c.3678T>G (p.Leu1226=),6833,ABCC8,HGNC:59,Likely benign,0,"Apr 11, 2023",2496475622,-,RCV003034170,MedGen:C3661900,not provided,germline,germline,GRCh37,NC_000011.9,11,17419961,17419961,na,na,11p15.1,"criteria provided, single submitter",1,-,N,ClinGen:CA473299030,2,2108436,17419961,A,C,-,-,-,-,-,-,SCV003328619,-,-
2159850,single nucleotide variant,NM_000352.6(ABCC8):c.3678T>G (p.Leu1226=),6833,ABCC8,HGNC:59,Likely benign,0,"Apr 11, 2023",2496475622,-,RCV003034170,MedGen:C3661900,not provided,germline,germline,GRCh38,NC_000011.10,11,17398414,17398414,na,na,11p15.1,"criteria provided, single submitter",1,-,N,ClinGen:CA473299030,2,2108436,17398414,A,C,-,-,-,-,-,-,SCV003328619,-,-
2160092,single nucleotide variant,NM_000352.6(ABCC8):c.4412-7T>A,6833,ABCC8,HGNC:59,Likely benign,0,"May 13, 2022",766761148,-,RCV003032000,MedGen:C3661900,not provided,germline,germline,GRCh37,NC_000011.9,11,17415953,17415953,na,na,11p15.1,"criteria provided, single submitter",1,-,N,ClinGen:CA5902471,2,2109972,17415953,A,T,-,-,-,-,-,-,SCV003327742,-,-
2160092,single nucleotide variant,NM_000352.6(ABCC8):c.4412-7T>A,6833,ABCC8,HGNC:59,Likely benign,0,"May 13, 2022",766761148,-,RCV003032000,MedGen:C3661900,not provided,germline,germline,GRCh38,NC_000011.10,11,17394406,17394406,na,na,11p15.1,"criteria provided, single submitter",1,-,N,ClinGen:CA5902471,2,2109972,17394406,A,T,-,-,-,-,-,-,SCV003327742,-,-
2160317,single nucleotide variant,NM_000162.5(GCK):c.568A>G (p.Lys190Glu),2645,GCK,HGNC:4195,Uncertain significance,0,"Apr 15, 2022",2484523834,-,RCV003042239,MedGen:C3661900,not provided,germline,germline,GRCh37,NC_000007.13,7,44189579,44189579,na,na,7p13,"criteria provided, single submitter",1,-,N,ClinGen:CA367401542,2,2110197,44189579,T,C,-,-,-,-,-,-,SCV003327392,-,-
2160317,single nucleotide variant,NM_000162.5(GCK):c.568A>G (p.Lys190Glu),2645,GCK,HGNC:4195,Uncertain significance,0,"Apr 15, 2022",2484523834,-,RCV003042239,MedGen:C3661900,not provided,germline,germline,GRCh38,NC_000007.14,7,44149980,44149980,na,na,7p13,"criteria provided, single submitter",1,-,N,ClinGen:CA367401542,2,2110197,44149980,T,C,-,-,-,-,-,-,SCV003327392,-,-
2161699,Duplication,NM_000352.6(ABCC8):c.2431_2435dup (p.Asp812fs),6833,ABCC8,HGNC:59,Pathogenic,1,"Mar 21, 2022",2496578365,-,RCV003046470,MedGen:C3661900,not provided,germline,germline,GRCh37,NC_000011.9,11,17434980,17434981,na,na,11p15.1,"criteria provided, single submitter",1,-,N,ClinGen:CA2580082742,2,2115463,17434980,G,GTCGAT,-,-,-,-,-,-,SCV003331604,-,-
2161699,Duplication,NM_000352.6(ABCC8):c.2431_2435dup (p.Asp812fs),6833,ABCC8,HGNC:59,Pathogenic,1,"Mar 21, 2022",2496578365,-,RCV003046470,MedGen:C3661900,not provided,germline,germline,GRCh38,NC_000011.10,11,17413433,17413434,na,na,11p15.1,"criteria provided, single submitter",1,-,N,ClinGen:CA2580082742,2,2115463,17413433,G,GTCGAT,-,-,-,-,-,-,SCV003331604,-,-
2162363,single nucleotide variant,NM_000352.6(ABCC8):c.1266C>T (p.Ala422=),6833,ABCC8,HGNC:59,Likely benign,0,"Feb 28, 2022",2496781274,-,RCV003041729,MedGen:C3661900,not provided,germline,germline,GRCh37,NC_000011.9,11,17470129,17470129,na,na,11p15.1,"criteria provided, single submitter",1,-,N,ClinGen:CA473299189,2,2104600,17470129,G,A,-,-,-,-,-,-,SCV003318920,-,-
2162363,single nucleotide variant,NM_000352.6(ABCC8):c.1266C>T (p.Ala422=),6833,ABCC8,HGNC:59,Likely benign,0,"Feb 28, 2022",2496781274,-,RCV003041729,MedGen:C3661900,not provided,germline,germline,GRCh38,NC_000011.10,11,17448582,17448582,na,na,11p15.1,"criteria provided, single submitter",1,-,N,ClinGen:CA473299189,2,2104600,17448582,G,A,-,-,-,-,-,-,SCV003318920,-,-
2166154,Deletion,NM_000352.6(ABCC8):c.1_5del (p.Met1fs),6833,ABCC8,HGNC:59,Pathogenic,1,"Mar 08, 2022",2496931386,-,RCV003023583,MedGen:C3661900,not provided,germline,germline,GRCh37,NC_000011.9,11,17498319,17498323,na,na,11p15.1,"criteria provided, single submitter",1,-,N,ClinGen:CA2580082800,2,2105693,17498318,GGGCAT,G,-,-,-,-,-,-,SCV003318441,-,-
2166154,Deletion,NM_000352.6(ABCC8):c.1_5del (p.Met1fs),6833,ABCC8,HGNC:59,Pathogenic,1,"Mar 08, 2022",2496931386,-,RCV003023583,MedGen:C3661900,not provided,germline,germline,GRCh38,NC_000011.10,11,17476772,17476776,na,na,11p15.1,"criteria provided, single submitter",1,-,N,ClinGen:CA2580082800,2,2105693,17476771,GGGCAT,G,-,-,-,-,-,-,SCV003318441,-,-
2166168,single nucleotide variant,NM_000352.6(ABCC8):c.3132C>G (p.Thr1044=),6833,ABCC8,HGNC:59,Likely benign,0,"Mar 02, 2022",757631836,-,RCV003045183,MedGen:C3661900,not provided,germline,germline,GRCh37,NC_000011.9,11,17428465,17428465,na,na,11p15.1,"criteria provided, single submitter",1,-,N,ClinGen:CA473516123,2,2105707,17428465,G,C,-,-,-,-,-,-,SCV003320809,-,-
2166168,single nucleotide variant,NM_000352.6(ABCC8):c.3132C>G (p.Thr1044=),6833,ABCC8,HGNC:59,Likely benign,0,"Mar 02, 2022",757631836,-,RCV003045183,MedGen:C3661900,not provided,germline,germline,GRCh38,NC_000011.10,11,17406918,17406918,na,na,11p15.1,"criteria provided, single submitter",1,-,N,ClinGen:CA473516123,2,2105707,17406918,G,C,-,-,-,-,-,-,SCV003320809,-,-
2166519,single nucleotide variant,NM_000352.6(ABCC8):c.2695-4C>A,6833,ABCC8,HGNC:59,Likely benign,0,"Mar 06, 2022",1327783295,-,RCV003029169,MedGen:C3661900,not provided,germline,germline,GRCh37,NC_000011.9,11,17430068,17430068,na,na,11p15.1,"criteria provided, single submitter",1,-,N,ClinGen:CA674210590,2,2107355,17430068,G,T,-,-,-,-,-,-,SCV003323460,-,-
2166519,single nucleotide variant,NM_000352.6(ABCC8):c.2695-4C>A,6833,ABCC8,HGNC:59,Likely benign,0,"Mar 06, 2022",1327783295,-,RCV003029169,MedGen:C3661900,not provided,germline,germline,GRCh38,NC_000011.10,11,17408521,17408521,na,na,11p15.1,"criteria provided, single submitter",1,-,N,ClinGen:CA674210590,2,2107355,17408521,G,T,-,-,-,-,-,-,SCV003323460,-,-
2167982,single nucleotide variant,NM_000352.6(ABCC8):c.3163-8C>G,6833,ABCC8,HGNC:59,Likely benign,0,"Mar 15, 2022",1489967666,-,RCV003034705,MedGen:C3661900,not provided,germline,germline,GRCh37,NC_000011.9,11,17428343,17428343,na,na,11p15.1,"criteria provided, single submitter",1,-,N,ClinGen:CA674183631,2,2112700,17428343,G,C,-,-,-,-,-,-,SCV003324083,-,-
2167982,single nucleotide variant,NM_000352.6(ABCC8):c.3163-8C>G,6833,ABCC8,HGNC:59,Likely benign,0,"Mar 15, 2022",1489967666,-,RCV003034705,MedGen:C3661900,not provided,germline,germline,GRCh38,NC_000011.10,11,17406796,17406796,na,na,11p15.1,"criteria provided, single submitter",1,-,N,ClinGen:CA674183631,2,2112700,17406796,G,C,-,-,-,-,-,-,SCV003324083,-,-
2168215,single nucleotide variant,NM_000162.5(GCK):c.1253+2T>C,2645,GCK,HGNC:4195,Pathogenic,1,"Mar 16, 2022",1057524902,-,RCV003027068,MedGen:C3661900,not provided,germline,germline,GRCh37,NC_000007.13,7,44185094,44185094,na,na,7p13,"criteria provided, single submitter",1,-,N,ClinGen:CA367398182,2,2112933,44185094,A,G,-,-,-,-,-,-,SCV003326088,-,-
2168215,single nucleotide variant,NM_000162.5(GCK):c.1253+2T>C,2645,GCK,HGNC:4195,Pathogenic,1,"Mar 16, 2022",1057524902,-,RCV003027068,MedGen:C3661900,not provided,germline,germline,GRCh38,NC_000007.14,7,44145495,44145495,na,na,7p13,"criteria provided, single submitter",1,-,N,ClinGen:CA367398182,2,2112933,44145495,A,G,-,-,-,-,-,-,SCV003326088,-,-
2171681,single nucleotide variant,NM_000352.6(ABCC8):c.2109C>A (p.Ile703=),6833,ABCC8,HGNC:59,Likely benign,0,"Mar 18, 2022",2496662941,-,RCV003029721,MedGen:C3661900,not provided,germline,germline,GRCh37,NC_000011.9,11,17449421,17449421,na,na,11p15.1,"criteria provided, single submitter",1,-,N,ClinGen:CA473302568,2,2113786,17449421,G,T,-,-,-,-,-,-,SCV003336794,-,-
2171681,single nucleotide variant,NM_000352.6(ABCC8):c.2109C>A (p.Ile703=),6833,ABCC8,HGNC:59,Likely benign,0,"Mar 18, 2022",2496662941,-,RCV003029721,MedGen:C3661900,not provided,germline,germline,GRCh38,NC_000011.10,11,17427874,17427874,na,na,11p15.1,"criteria provided, single submitter",1,-,N,ClinGen:CA473302568,2,2113786,17427874,G,T,-,-,-,-,-,-,SCV003336794,-,-
2171938,single nucleotide variant,NM_000352.6(ABCC8):c.4107C>T (p.Ala1369=),6833,ABCC8,HGNC:59,Likely benign,0,"Mar 18, 2022",2496461403,-,RCV003029847,MedGen:C3661900,not provided,germline,germline,GRCh37,NC_000011.9,11,17418475,17418475,na,na,11p15.1,"criteria provided, single submitter",1,-,N,ClinGen:CA473298435,2,2114043,17418475,G,A,-,-,-,-,-,-,SCV003332611,-,-
2171938,single nucleotide variant,NM_000352.6(ABCC8):c.4107C>T (p.Ala1369=),6833,ABCC8,HGNC:59,Likely benign,0,"Mar 18, 2022",2496461403,-,RCV003029847,MedGen:C3661900,not provided,germline,germline,GRCh38,NC_000011.10,11,17396928,17396928,na,na,11p15.1,"criteria provided, single submitter",1,-,N,ClinGen:CA473298435,2,2114043,17396928,G,A,-,-,-,-,-,-,SCV003332611,-,-
2171956,single nucleotide variant,NM_000352.6(ABCC8):c.1878C>A (p.Pro626=),6833,ABCC8,HGNC:59,Likely benign,0,"Sep 29, 2023",373130710,-,RCV003029857,MedGen:C3661900,not provided,germline,germline,GRCh37,NC_000011.9,11,17450157,17450157,na,na,11p15.1,"criteria provided, single submitter",1,-,N,ClinGen:CA473516552,2,2114061,17450157,G,T,-,-,-,-,-,-,SCV003332631,-,-
2171956,single nucleotide variant,NM_000352.6(ABCC8):c.1878C>A (p.Pro626=),6833,ABCC8,HGNC:59,Likely benign,0,"Sep 29, 2023",373130710,-,RCV003029857,MedGen:C3661900,not provided,germline,germline,GRCh38,NC_000011.10,11,17428610,17428610,na,na,11p15.1,"criteria provided, single submitter",1,-,N,ClinGen:CA473516552,2,2114061,17428610,G,T,-,-,-,-,-,-,SCV003332631,-,-
2172705,single nucleotide variant,NM_000352.6(ABCC8):c.1468-8C>T,6833,ABCC8,HGNC:59,Likely benign,0,"Mar 28, 2022",2496753052,-,RCV003053759,MedGen:C3661900,not provided,germline,germline,GRCh37,NC_000011.9,11,17464437,17464437,na,na,11p15.1,"criteria provided, single submitter",1,-,N,ClinGen:CA2580082747,2,2118696,17464437,G,A,-,-,-,-,-,-,SCV003335493,-,-
2172705,single nucleotide variant,NM_000352.6(ABCC8):c.1468-8C>T,6833,ABCC8,HGNC:59,Likely benign,0,"Mar 28, 2022",2496753052,-,RCV003053759,MedGen:C3661900,not provided,germline,germline,GRCh38,NC_000011.10,11,17442890,17442890,na,na,11p15.1,"criteria provided, single submitter",1,-,N,ClinGen:CA2580082747,2,2118696,17442890,G,A,-,-,-,-,-,-,SCV003335493,-,-
2172706,single nucleotide variant,NM_000352.6(ABCC8):c.1468-9C>G,6833,ABCC8,HGNC:59,Likely benign,0,"Mar 28, 2022",747227034,-,RCV003030608,MedGen:C3661900,not provided,germline,germline,GRCh37,NC_000011.9,11,17464438,17464438,na,na,11p15.1,"criteria provided, single submitter",1,-,N,ClinGen:CA5903553,2,2118697,17464438,G,C,-,-,-,-,-,-,SCV003335494,-,-
2172706,single nucleotide variant,NM_000352.6(ABCC8):c.1468-9C>G,6833,ABCC8,HGNC:59,Likely benign,0,"Mar 28, 2022",747227034,-,RCV003030608,MedGen:C3661900,not provided,germline,germline,GRCh38,NC_000011.10,11,17442891,17442891,na,na,11p15.1,"criteria provided, single submitter",1,-,N,ClinGen:CA5903553,2,2118697,17442891,G,C,-,-,-,-,-,-,SCV003335494,-,-
2172716,single nucleotide variant,NM_000352.6(ABCC8):c.216C>T (p.Asn72=),6833,ABCC8,HGNC:59,Likely benign,0,"Feb 16, 2024",761173142,-,RCV003053766,MedGen:C3661900,not provided,germline,germline,GRCh37,NC_000011.9,11,17496507,17496507,na,na,11p15.1,"criteria provided, single submitter",1,-,N,ClinGen:CA5903948,2,2118707,17496507,G,A,-,-,-,-,-,-,SCV003335504,-,-
2172716,single nucleotide variant,NM_000352.6(ABCC8):c.216C>T (p.Asn72=),6833,ABCC8,HGNC:59,Likely benign,0,"Feb 16, 2024",761173142,-,RCV003053766,MedGen:C3661900,not provided,germline,germline,GRCh38,NC_000011.10,11,17474960,17474960,na,na,11p15.1,"criteria provided, single submitter",1,-,N,ClinGen:CA5903948,2,2118707,17474960,G,A,-,-,-,-,-,-,SCV003335504,-,-
2172749,single nucleotide variant,NM_000352.6(ABCC8):c.3504G>A (p.Leu1168=),6833,ABCC8,HGNC:59,Likely benign,0,"Feb 16, 2023",1954416854,-,RCV003030629,MedGen:C3661900,not provided,germline,germline,GRCh37,NC_000011.9,11,17426112,17426112,na,na,11p15.1,"criteria provided, single submitter",1,-,N,ClinGen:CA473299652,2,2118740,17426112,C,T,-,-,-,-,-,-,SCV003335537,-,-
2172749,single nucleotide variant,NM_000352.6(ABCC8):c.3504G>A (p.Leu1168=),6833,ABCC8,HGNC:59,Likely benign,0,"Feb 16, 2023",1954416854,-,RCV003030629,MedGen:C3661900,not provided,germline,germline,GRCh38,NC_000011.10,11,17404565,17404565,na,na,11p15.1,"criteria provided, single submitter",1,-,N,ClinGen:CA473299652,2,2118740,17404565,C,T,-,-,-,-,-,-,SCV003335537,-,-
2174253,single nucleotide variant,NM_000162.5(GCK):c.44A>G (p.Lys15Arg),2645,GCK,HGNC:4195,Uncertain significance,0,"Apr 10, 2022",2484626373,-,RCV003035762,MedGen:C3661900,not provided,germline,germline,GRCh37,NC_000007.13,7,44228509,44228509,na,na,7p13,"criteria provided, single submitter",1,-,N,ClinGen:CA367357957,2,2124125,44228509,T,C,-,-,-,-,-,-,SCV003341432,-,-
2174253,single nucleotide variant,NM_000162.5(GCK):c.44A>G (p.Lys15Arg),2645,GCK,HGNC:4195,Uncertain significance,0,"Apr 10, 2022",2484626373,-,RCV003035762,MedGen:C3661900,not provided,germline,germline,GRCh38,NC_000007.14,7,44188910,44188910,na,na,7p13,"criteria provided, single submitter",1,-,N,ClinGen:CA367357957,2,2124125,44188910,T,C,-,-,-,-,-,-,SCV003341432,-,-
2174723,single nucleotide variant,NM_000352.6(ABCC8):c.876C>T (p.Ser292=),6833,ABCC8,HGNC:59,Likely benign,0,"Mar 29, 2023",2496845272,-,RCV003047661,MedGen:C3661900,not provided,germline,germline,GRCh37,NC_000011.9,11,17482170,17482170,na,na,11p15.1,"criteria provided, single submitter",1,-,N,ClinGen:CA473300645,2,2127184,17482170,G,A,-,-,-,-,-,-,SCV003338743,-,-
2174723,single nucleotide variant,NM_000352.6(ABCC8):c.876C>T (p.Ser292=),6833,ABCC8,HGNC:59,Likely benign,0,"Mar 29, 2023",2496845272,-,RCV003047661,MedGen:C3661900,not provided,germline,germline,GRCh38,NC_000011.10,11,17460623,17460623,na,na,11p15.1,"criteria provided, single submitter",1,-,N,ClinGen:CA473300645,2,2127184,17460623,G,A,-,-,-,-,-,-,SCV003338743,-,-
2176958,single nucleotide variant,NM_000352.6(ABCC8):c.2277C>A (p.Thr759=),6833,ABCC8,HGNC:59,Likely benign,0,"Apr 05, 2022",1801261,-,RCV003049322,MedGen:C3661900,not provided,germline,germline,GRCh37,NC_000011.9,11,17436865,17436865,na,na,11p15.1,"criteria provided, single submitter",1,-,N,ClinGen:CA473301729,2,2121764,17436865,G,T,-,-,-,-,-,-,SCV003344775,-,-
2176958,single nucleotide variant,NM_000352.6(ABCC8):c.2277C>A (p.Thr759=),6833,ABCC8,HGNC:59,Likely benign,0,"Apr 05, 2022",1801261,-,RCV003049322,MedGen:C3661900,not provided,germline,germline,GRCh38,NC_000011.10,11,17415318,17415318,na,na,11p15.1,"criteria provided, single submitter",1,-,N,ClinGen:CA473301729,2,2121764,17415318,G,T,-,-,-,-,-,-,SCV003344775,-,-
2179045,Deletion,NM_000352.6(ABCC8):c.1437del (p.Lys480fs),6833,ABCC8,HGNC:59,Pathogenic,1,"Mar 23, 2022",2496755478,-,RCV003024486,MedGen:C3661900,not provided,germline,germline,GRCh37,NC_000011.9,11,17464755,17464755,na,na,11p15.1,"criteria provided, single submitter",1,-,N,ClinGen:CA2580082751,2,2115975,17464754,TG,T,-,-,-,-,-,-,SCV003337910,-,-
2179045,Deletion,NM_000352.6(ABCC8):c.1437del (p.Lys480fs),6833,ABCC8,HGNC:59,Pathogenic,1,"Mar 23, 2022",2496755478,-,RCV003024486,MedGen:C3661900,not provided,germline,germline,GRCh38,NC_000011.10,11,17443208,17443208,na,na,11p15.1,"criteria provided, single submitter",1,-,N,ClinGen:CA2580082751,2,2115975,17443207,TG,T,-,-,-,-,-,-,SCV003337910,-,-
2180007,single nucleotide variant,NM_000352.6(ABCC8):c.291-7A>G,6833,ABCC8,HGNC:59,Likely benign,0,"Jul 23, 2022",2496898496,-,RCV003033137,MedGen:C3661900,not provided,germline,germline,GRCh37,NC_000011.9,11,17491776,17491776,na,na,11p15.1,"criteria provided, single submitter",1,-,N,ClinGen:CA2580082762,2,2119527,17491776,T,C,-,-,-,-,-,-,SCV003334488,-,-
2180007,single nucleotide variant,NM_000352.6(ABCC8):c.291-7A>G,6833,ABCC8,HGNC:59,Likely benign,0,"Jul 23, 2022",2496898496,-,RCV003033137,MedGen:C3661900,not provided,germline,germline,GRCh38,NC_000011.10,11,17470229,17470229,na,na,11p15.1,"criteria provided, single submitter",1,-,N,ClinGen:CA2580082762,2,2119527,17470229,T,C,-,-,-,-,-,-,SCV003334488,-,-
2180403,single nucleotide variant,NM_000162.5(GCK):c.1201G>A (p.Val401Ile),2645,GCK,HGNC:4195,Uncertain significance,0,"Nov 10, 2022",761204125,-,RCV003049053,MedGen:C3661900,not provided,germline,germline,GRCh37,NC_000007.13,7,44185148,44185148,na,na,7p13,"criteria provided, single submitter",1,-,N,ClinGen:CA4239414,2,2121221,44185148,C,T,-,-,-,-,-,-,SCV003338216,-,-
2180403,single nucleotide variant,NM_000162.5(GCK):c.1201G>A (p.Val401Ile),2645,GCK,HGNC:4195,Uncertain significance,0,"Nov 10, 2022",761204125,-,RCV003049053,MedGen:C3661900,not provided,germline,germline,GRCh38,NC_000007.14,7,44145549,44145549,na,na,7p13,"criteria provided, single submitter",1,-,N,ClinGen:CA4239414,2,2121221,44145549,C,T,-,-,-,-,-,-,SCV003338216,-,-
2180784,single nucleotide variant,NM_000352.6(ABCC8):c.3985C>T (p.Leu1329=),6833,ABCC8,HGNC:59,Likely benign,0,"Jun 09, 2022",2133408304,-,RCV003054276,MedGen:C3661900,not provided,germline,germline,GRCh37,NC_000011.9,11,17418743,17418743,na,na,11p15.1,"criteria provided, single submitter",1,-,N,ClinGen:CA473298600,2,2122890,17418743,G,A,-,-,-,-,-,-,SCV003339314,-,-
2180784,single nucleotide variant,NM_000352.6(ABCC8):c.3985C>T (p.Leu1329=),6833,ABCC8,HGNC:59,Likely benign,0,"Jun 09, 2022",2133408304,-,RCV003054276,MedGen:C3661900,not provided,germline,germline,GRCh38,NC_000011.10,11,17397196,17397196,na,na,11p15.1,"criteria provided, single submitter",1,-,N,ClinGen:CA473298600,2,2122890,17397196,G,A,-,-,-,-,-,-,SCV003339314,-,-
2180822,Duplication,NM_000352.6(ABCC8):c.856dup (p.Ala286fs),6833,ABCC8,HGNC:59,Pathogenic/Likely pathogenic,1,"Oct 02, 2025",2496845455,-,RCV003054295|RCV003475477,"MedGen:C3661900|Human Phenotype Ontology:HP:0005965,Human Phenotype Ontology:HP:0005978,Human Phenotype Ontology:HP:0100652,MONDO:MONDO:0005148,MeSH:D003924,MedGen:C0011860,OMIM:125853",not provided|Type 2 diabetes mellitus,germline;unknown,germline,GRCh37,NC_000011.9,11,17482189,17482190,na,na,11p15.1,"criteria provided, multiple submitters, no conflicts",2,-,N,ClinGen:CA2580082778,2,2122928,17482189,G,GC,-,-,-,-,-,-,SCV003339360|SCV004204185,-,-
2180822,Duplication,NM_000352.6(ABCC8):c.856dup (p.Ala286fs),6833,ABCC8,HGNC:59,Pathogenic/Likely pathogenic,1,"Oct 02, 2025",2496845455,-,RCV003054295|RCV003475477,"MedGen:C3661900|Human Phenotype Ontology:HP:0005965,Human Phenotype Ontology:HP:0005978,Human Phenotype Ontology:HP:0100652,MONDO:MONDO:0005148,MeSH:D003924,MedGen:C0011860,OMIM:125853",not provided|Type 2 diabetes mellitus,germline;unknown,germline,GRCh38,NC_000011.10,11,17460642,17460643,na,na,11p15.1,"criteria provided, multiple submitters, no conflicts",2,-,N,ClinGen:CA2580082778,2,2122928,17460642,G,GC,-,-,-,-,-,-,SCV003339360|SCV004204185,-,-
2182210,single nucleotide variant,NM_000352.6(ABCC8):c.1768C>G (p.Leu590Val),6833,ABCC8,HGNC:59,Uncertain significance,0,"Apr 07, 2024",2496688518,-,RCV003036224,MedGen:C3661900,not provided,germline,germline,GRCh37,NC_000011.9,11,17452410,17452410,na,na,11p15.1,"criteria provided, multiple submitters, no conflicts",2,-,N,ClinGen:CA379816956,2,2128207,17452410,G,C,-,-,-,-,-,-,SCV003352107|SCV005391966,-,-
2182210,single nucleotide variant,NM_000352.6(ABCC8):c.1768C>G (p.Leu590Val),6833,ABCC8,HGNC:59,Uncertain significance,0,"Apr 07, 2024",2496688518,-,RCV003036224,MedGen:C3661900,not provided,germline,germline,GRCh38,NC_000011.10,11,17430863,17430863,na,na,11p15.1,"criteria provided, multiple submitters, no conflicts",2,-,N,ClinGen:CA379816956,2,2128207,17430863,G,C,-,-,-,-,-,-,SCV003352107|SCV005391966,-,-
2183567,single nucleotide variant,NM_000352.6(ABCC8):c.4164T>C (p.Ser1388=),6833,ABCC8,HGNC:59,Likely benign,0,"Sep 07, 2022",2496452676,-,RCV003054548,MedGen:C3661900,not provided,germline,germline,GRCh37,NC_000011.9,11,17417433,17417433,na,na,11p15.1,"criteria provided, single submitter",1,-,N,ClinGen:CA473298296,2,2119220,17417433,A,G,-,-,-,-,-,-,SCV003337732,-,-
2183567,single nucleotide variant,NM_000352.6(ABCC8):c.4164T>C (p.Ser1388=),6833,ABCC8,HGNC:59,Likely benign,0,"Sep 07, 2022",2496452676,-,RCV003054548,MedGen:C3661900,not provided,germline,germline,GRCh38,NC_000011.10,11,17395886,17395886,na,na,11p15.1,"criteria provided, single submitter",1,-,N,ClinGen:CA473298296,2,2119220,17395886,A,G,-,-,-,-,-,-,SCV003337732,-,-
2184123,single nucleotide variant,NM_000352.6(ABCC8):c.2184G>A (p.Gly728=),6833,ABCC8,HGNC:59,Likely benign,0,"Jul 14, 2023",1185205947,-,RCV003027897,MedGen:C3661900,not provided,germline,germline,GRCh37,NC_000011.9,11,17448634,17448634,na,na,11p15.1,"criteria provided, single submitter",1,-,N,ClinGen:CA473302403,2,2121071,17448634,C,T,-,-,-,-,-,-,SCV003342448,-,-
2184123,single nucleotide variant,NM_000352.6(ABCC8):c.2184G>A (p.Gly728=),6833,ABCC8,HGNC:59,Likely benign,0,"Jul 14, 2023",1185205947,-,RCV003027897,MedGen:C3661900,not provided,germline,germline,GRCh38,NC_000011.10,11,17427087,17427087,na,na,11p15.1,"criteria provided, single submitter",1,-,N,ClinGen:CA473302403,2,2121071,17427087,C,T,-,-,-,-,-,-,SCV003342448,-,-
2187117,single nucleotide variant,NM_000352.6(ABCC8):c.3078G>A (p.Leu1026=),6833,ABCC8,HGNC:59,Likely benign,0,"Jan 03, 2024",1954569008,-,RCV003044925,MedGen:C3661900,not provided,germline,germline,GRCh37,NC_000011.9,11,17428519,17428519,na,na,11p15.1,"criteria provided, single submitter",1,-,N,ClinGen:CA473515871,2,2134398,17428519,C,T,-,-,-,-,-,-,SCV003350753,-,-
2187117,single nucleotide variant,NM_000352.6(ABCC8):c.3078G>A (p.Leu1026=),6833,ABCC8,HGNC:59,Likely benign,0,"Jan 03, 2024",1954569008,-,RCV003044925,MedGen:C3661900,not provided,germline,germline,GRCh38,NC_000011.10,11,17406972,17406972,na,na,11p15.1,"criteria provided, single submitter",1,-,N,ClinGen:CA473515871,2,2134398,17406972,C,T,-,-,-,-,-,-,SCV003350753,-,-
2188561,single nucleotide variant,NM_000352.6(ABCC8):c.1572G>T (p.Thr524=),6833,ABCC8,HGNC:59,Likely benign,0,"May 05, 2022",61748766,-,RCV003044719,MedGen:C3661900,not provided,germline,germline,GRCh37,NC_000011.9,11,17464325,17464325,na,na,11p15.1,"criteria provided, single submitter",1,-,N,ClinGen:CA473298459,2,2134015,17464325,C,A,-,-,-,-,-,-,SCV003349070,-,-
2188561,single nucleotide variant,NM_000352.6(ABCC8):c.1572G>T (p.Thr524=),6833,ABCC8,HGNC:59,Likely benign,0,"May 05, 2022",61748766,-,RCV003044719,MedGen:C3661900,not provided,germline,germline,GRCh38,NC_000011.10,11,17442778,17442778,na,na,11p15.1,"criteria provided, single submitter",1,-,N,ClinGen:CA473298459,2,2134015,17442778,C,A,-,-,-,-,-,-,SCV003349070,-,-
2188568,single nucleotide variant,NM_000352.6(ABCC8):c.4026G>A (p.Gly1342=),6833,ABCC8,HGNC:59,Likely benign,0,"May 05, 2022",1953966771,-,RCV003044723,MedGen:C3661900,not provided,germline,germline,GRCh37,NC_000011.9,11,17418556,17418556,na,na,11p15.1,"criteria provided, single submitter",1,-,N,ClinGen:CA473298556,2,2134022,17418556,C,T,-,-,-,-,-,-,SCV003349077,-,-
2188568,single nucleotide variant,NM_000352.6(ABCC8):c.4026G>A (p.Gly1342=),6833,ABCC8,HGNC:59,Likely benign,0,"May 05, 2022",1953966771,-,RCV003044723,MedGen:C3661900,not provided,germline,germline,GRCh38,NC_000011.10,11,17397009,17397009,na,na,11p15.1,"criteria provided, single submitter",1,-,N,ClinGen:CA473298556,2,2134022,17397009,C,T,-,-,-,-,-,-,SCV003349077,-,-
2188785,Deletion,NM_000352.6(ABCC8):c.2298_2308del (p.Arg766fs),6833,ABCC8,HGNC:59,Pathogenic,1,"May 08, 2022",2496587394,-,RCV003048662,MedGen:C3661900,not provided,germline,germline,GRCh37,NC_000011.9,11,17436141,17436151,na,na,11p15.1,"criteria provided, single submitter",1,-,N,ClinGen:CA2580082759,2,2135530,17436140,GCCACGGGGCCT,G,-,-,-,-,-,-,SCV003352755,-,-
2188785,Deletion,NM_000352.6(ABCC8):c.2298_2308del (p.Arg766fs),6833,ABCC8,HGNC:59,Pathogenic,1,"May 08, 2022",2496587394,-,RCV003048662,MedGen:C3661900,not provided,germline,germline,GRCh38,NC_000011.10,11,17414594,17414604,na,na,11p15.1,"criteria provided, single submitter",1,-,N,ClinGen:CA2580082759,2,2135530,17414593,GCCACGGGGCCT,G,-,-,-,-,-,-,SCV003352755,-,-
2189496,single nucleotide variant,NM_000352.6(ABCC8):c.1924-2A>G,6833,ABCC8,HGNC:59,Likely pathogenic,1,"Apr 28, 2022",2496668989,-,RCV003048240,MedGen:C3661900,not provided,germline,germline,GRCh37,NC_000011.9,11,17449954,17449954,na,na,11p15.1,"criteria provided, single submitter",1,-,N,ClinGen:CA379815476,2,2131508,17449954,T,C,-,-,-,-,-,-,SCV003346134,-,-
2189496,single nucleotide variant,NM_000352.6(ABCC8):c.1924-2A>G,6833,ABCC8,HGNC:59,Likely pathogenic,1,"Apr 28, 2022",2496668989,-,RCV003048240,MedGen:C3661900,not provided,germline,germline,GRCh38,NC_000011.10,11,17428407,17428407,na,na,11p15.1,"criteria provided, single submitter",1,-,N,ClinGen:CA379815476,2,2131508,17428407,T,C,-,-,-,-,-,-,SCV003346134,-,-
2191214,single nucleotide variant,NM_000352.6(ABCC8):c.2016C>A (p.Gly672=),6833,ABCC8,HGNC:59,Likely benign,0,"Mar 17, 2024",771361396,-,RCV003052356,MedGen:C3661900,not provided,germline,germline,GRCh37,NC_000011.9,11,17449860,17449860,na,na,11p15.1,"criteria provided, single submitter",1,-,N,ClinGen:CA5903348,2,2131079,17449860,G,T,-,-,-,-,-,-,SCV003352928,-,-
2191214,single nucleotide variant,NM_000352.6(ABCC8):c.2016C>A (p.Gly672=),6833,ABCC8,HGNC:59,Likely benign,0,"Mar 17, 2024",771361396,-,RCV003052356,MedGen:C3661900,not provided,germline,germline,GRCh38,NC_000011.10,11,17428313,17428313,na,na,11p15.1,"criteria provided, single submitter",1,-,N,ClinGen:CA5903348,2,2131079,17428313,G,T,-,-,-,-,-,-,SCV003352928,-,-
2191659,single nucleotide variant,NM_000162.5(GCK):c.920T>C (p.Leu307Pro),2645,GCK,HGNC:4195,Uncertain significance,0,"May 03, 2022",2484507042,-,RCV003040639,MedGen:C3661900,not provided,germline,germline,GRCh37,NC_000007.13,7,44186161,44186161,na,na,7p13,"criteria provided, single submitter",1,-,N,ClinGen:CA367400021,2,2132820,44186161,A,G,-,-,-,-,-,-,SCV003348429,-,-
2191659,single nucleotide variant,NM_000162.5(GCK):c.920T>C (p.Leu307Pro),2645,GCK,HGNC:4195,Uncertain significance,0,"May 03, 2022",2484507042,-,RCV003040639,MedGen:C3661900,not provided,germline,germline,GRCh38,NC_000007.14,7,44146562,44146562,na,na,7p13,"criteria provided, single submitter",1,-,N,ClinGen:CA367400021,2,2132820,44146562,A,G,-,-,-,-,-,-,SCV003348429,-,-
2192744,single nucleotide variant,NM_000352.6(ABCC8):c.3047T>C (p.Val1016Ala),6833,ABCC8,HGNC:59,Uncertain significance,0,"Jan 18, 2023",573791452,-,RCV003059988,MedGen:C3661900,not provided,germline,germline,GRCh37,NC_000011.9,11,17428550,17428550,na,na,11p15.1,"criteria provided, single submitter",1,-,N,ClinGen:CA5902930,2,2136283,17428550,A,G,-,-,-,-,-,-,SCV003194809,-,-
2192744,single nucleotide variant,NM_000352.6(ABCC8):c.3047T>C (p.Val1016Ala),6833,ABCC8,HGNC:59,Uncertain significance,0,"Jan 18, 2023",573791452,-,RCV003059988,MedGen:C3661900,not provided,germline,germline,GRCh38,NC_000011.10,11,17407003,17407003,na,na,11p15.1,"criteria provided, single submitter",1,-,N,ClinGen:CA5902930,2,2136283,17407003,A,G,-,-,-,-,-,-,SCV003194809,-,-
2219059,single nucleotide variant,NM_000352.6(ABCC8):c.2030G>A (p.Cys677Tyr),6833,ABCC8,HGNC:59,Uncertain significance,0,"Jun 18, 2024",770262664,-,RCV002702152|RCV005050771,"MeSH:D030342,MedGen:C0950123|MONDO:MONDO:0009415,MedGen:C0271714,OMIM:240800;MONDO:MONDO:0012480,MedGen:C1835887,OMIM:610374,Orphanet:99886;Human Phenotype Ontology:HP:0005965,Human Phenotype Ontology:HP:0005978,Human Phenotype Ontology:HP:0100652,MONDO:MONDO:0005148,MeSH:D003924,MedGen:C0011860,OMIM:125853;MONDO:MONDO:0030088,MedGen:C5394303,OMIM:618857;MONDO:MONDO:0009734,MedGen:C2931832,OMIM:256450,Orphanet:276575,Orphanet:276598","Inborn genetic diseases|Leucine-induced hypoglycemia;Diabetes mellitus, transient neonatal, 2;Type 2 diabetes mellitus;Diabetes mellitus, permanent neonatal 3;Hyperinsulinemic hypoglycemia, familial, 1",germline,germline,GRCh37,NC_000011.9,11,17449846,17449846,na,na,11p15.1,"criteria provided, multiple submitters, no conflicts",2,-,N,ClinGen:CA5903344,2,2227029,17449846,C,T,-,-,-,-,-,-,SCV003547451|SCV005676376,-,-
2219059,single nucleotide variant,NM_000352.6(ABCC8):c.2030G>A (p.Cys677Tyr),6833,ABCC8,HGNC:59,Uncertain significance,0,"Jun 18, 2024",770262664,-,RCV002702152|RCV005050771,"MeSH:D030342,MedGen:C0950123|MONDO:MONDO:0009415,MedGen:C0271714,OMIM:240800;MONDO:MONDO:0012480,MedGen:C1835887,OMIM:610374,Orphanet:99886;Human Phenotype Ontology:HP:0005965,Human Phenotype Ontology:HP:0005978,Human Phenotype Ontology:HP:0100652,MONDO:MONDO:0005148,MeSH:D003924,MedGen:C0011860,OMIM:125853;MONDO:MONDO:0030088,MedGen:C5394303,OMIM:618857;MONDO:MONDO:0009734,MedGen:C2931832,OMIM:256450,Orphanet:276575,Orphanet:276598","Inborn genetic diseases|Leucine-induced hypoglycemia;Diabetes mellitus, transient neonatal, 2;Type 2 diabetes mellitus;Diabetes mellitus, permanent neonatal 3;Hyperinsulinemic hypoglycemia, familial, 1",germline,germline,GRCh38,NC_000011.10,11,17428299,17428299,na,na,11p15.1,"criteria provided, multiple submitters, no conflicts",2,-,N,ClinGen:CA5903344,2,2227029,17428299,C,T,-,-,-,-,-,-,SCV003547451|SCV005676376,-,-
2219799,single nucleotide variant,NM_000352.6(ABCC8):c.3511G>A (p.Ala1171Thr),6833,ABCC8,HGNC:59,Uncertain significance,0,"Apr 07, 2021",754671453,-,RCV002702781,"MeSH:D030342,MedGen:C0950123",Inborn genetic diseases,germline,germline,GRCh37,NC_000011.9,11,17426105,17426105,na,na,11p15.1,"criteria provided, single submitter",1,-,N,ClinGen:CA5902792,2,2230344,17426105,C,T,-,-,-,-,-,-,SCV003564508,-,-
2219799,single nucleotide variant,NM_000352.6(ABCC8):c.3511G>A (p.Ala1171Thr),6833,ABCC8,HGNC:59,Uncertain significance,0,"Apr 07, 2021",754671453,-,RCV002702781,"MeSH:D030342,MedGen:C0950123",Inborn genetic diseases,germline,germline,GRCh38,NC_000011.10,11,17404558,17404558,na,na,11p15.1,"criteria provided, single submitter",1,-,N,ClinGen:CA5902792,2,2230344,17404558,C,T,-,-,-,-,-,-,SCV003564508,-,-
2222113,single nucleotide variant,NM_000352.6(ABCC8):c.3098T>C (p.Leu1033Pro),6833,ABCC8,HGNC:59,Uncertain significance,0,"Jul 21, 2021",1954567467,-,RCV002751848,"MeSH:D030342,MedGen:C0950123",Inborn genetic diseases,germline,germline,GRCh37,NC_000011.9,11,17428499,17428499,na,na,11p15.1,"criteria provided, single submitter",1,-,N,ClinGen:CA379803319,2,2239161,17428499,A,G,-,-,-,-,-,-,SCV003566879,-,-
2222113,single nucleotide variant,NM_000352.6(ABCC8):c.3098T>C (p.Leu1033Pro),6833,ABCC8,HGNC:59,Uncertain significance,0,"Jul 21, 2021",1954567467,-,RCV002751848,"MeSH:D030342,MedGen:C0950123",Inborn genetic diseases,germline,germline,GRCh38,NC_000011.10,11,17406952,17406952,na,na,11p15.1,"criteria provided, single submitter",1,-,N,ClinGen:CA379803319,2,2239161,17406952,A,G,-,-,-,-,-,-,SCV003566879,-,-
2255264,single nucleotide variant,NM_000352.6(ABCC8):c.602C>A (p.Pro201Gln),6833,ABCC8,HGNC:59,Uncertain significance,0,"Nov 12, 2021",933815442,-,RCV002802875,"MeSH:D030342,MedGen:C0950123",Inborn genetic diseases,germline,germline,GRCh37,NC_000011.9,11,17483350,17483350,na,na,11p15.1,"criteria provided, single submitter",1,-,N,ClinGen:CA218452168,2,2261103,17483350,G,T,-,-,-,-,-,-,SCV003593506,-,-
2255264,single nucleotide variant,NM_000352.6(ABCC8):c.602C>A (p.Pro201Gln),6833,ABCC8,HGNC:59,Uncertain significance,0,"Nov 12, 2021",933815442,-,RCV002802875,"MeSH:D030342,MedGen:C0950123",Inborn genetic diseases,germline,germline,GRCh38,NC_000011.10,11,17461803,17461803,na,na,11p15.1,"criteria provided, single submitter",1,-,N,ClinGen:CA218452168,2,2261103,17461803,G,T,-,-,-,-,-,-,SCV003593506,-,-
2259824,single nucleotide variant,NM_000525.4(KCNJ11):c.26C>T (p.Pro9Leu),3767,KCNJ11,HGNC:6257,Uncertain significance,0,"Dec 14, 2021",1953594033,-,RCV002821529,"MeSH:D030342,MedGen:C0950123",Inborn genetic diseases,germline,germline,GRCh37,NC_000011.9,11,17409613,17409613,na,na,11p15.1,"criteria provided, single submitter",1,-,N,ClinGen:CA379777721,2,2267396,17409613,G,A,-,-,-,-,-,-,SCV003596113,-,-
2259824,single nucleotide variant,NM_000525.4(KCNJ11):c.26C>T (p.Pro9Leu),3767,KCNJ11,HGNC:6257,Uncertain significance,0,"Dec 14, 2021",1953594033,-,RCV002821529,"MeSH:D030342,MedGen:C0950123",Inborn genetic diseases,germline,germline,GRCh38,NC_000011.10,11,17388066,17388066,na,na,11p15.1,"criteria provided, single submitter",1,-,N,ClinGen:CA379777721,2,2267396,17388066,G,A,-,-,-,-,-,-,SCV003596113,-,-
2266079,single nucleotide variant,NM_000525.4(KCNJ11):c.304C>T (p.Pro102Ser),3767,KCNJ11,HGNC:6257,Uncertain significance,0,"Feb 10, 2022",1238425004,-,RCV002826987,"MeSH:D030342,MedGen:C0950123",Inborn genetic diseases,germline,germline,GRCh37,NC_000011.9,11,17409335,17409335,na,na,11p15.1,"criteria provided, single submitter",1,-,N,ClinGen:CA379774580,2,2276257,17409335,G,A,-,-,-,-,-,-,SCV003614898,-,-
2266079,single nucleotide variant,NM_000525.4(KCNJ11):c.304C>T (p.Pro102Ser),3767,KCNJ11,HGNC:6257,Uncertain significance,0,"Feb 10, 2022",1238425004,-,RCV002826987,"MeSH:D030342,MedGen:C0950123",Inborn genetic diseases,germline,germline,GRCh38,NC_000011.10,11,17387788,17387788,na,na,11p15.1,"criteria provided, single submitter",1,-,N,ClinGen:CA379774580,2,2276257,17387788,G,A,-,-,-,-,-,-,SCV003614898,-,-
2266418,single nucleotide variant,NM_000352.6(ABCC8):c.2603T>C (p.Met868Thr),6833,ABCC8,HGNC:59,Uncertain significance,0,"Feb 24, 2022",2496558111,-,RCV002818270,"MeSH:D030342,MedGen:C0950123",Inborn genetic diseases,germline,germline,GRCh37,NC_000011.9,11,17432154,17432154,na,na,11p15.1,"criteria provided, single submitter",1,-,N,ClinGen:CA379806497,2,2277895,17432154,A,G,-,-,-,-,-,-,SCV003613195,-,-
2266418,single nucleotide variant,NM_000352.6(ABCC8):c.2603T>C (p.Met868Thr),6833,ABCC8,HGNC:59,Uncertain significance,0,"Feb 24, 2022",2496558111,-,RCV002818270,"MeSH:D030342,MedGen:C0950123",Inborn genetic diseases,germline,germline,GRCh38,NC_000011.10,11,17410607,17410607,na,na,11p15.1,"criteria provided, single submitter",1,-,N,ClinGen:CA379806497,2,2277895,17410607,A,G,-,-,-,-,-,-,SCV003613195,-,-
2270269,single nucleotide variant,NM_000352.6(ABCC8):c.622G>T (p.Glu208Ter),6833,ABCC8,HGNC:59,Pathogenic,1,"Mar 31, 2022",2133680513,-,RCV002827594,"MeSH:D030342,MedGen:C0950123",Inborn genetic diseases,germline,germline,GRCh37,NC_000011.9,11,17483330,17483330,na,na,11p15.1,"criteria provided, single submitter",1,-,N,ClinGen:CA379779124,2,2279155,17483330,C,A,-,-,-,-,-,-,SCV003608919,-,-
2270269,single nucleotide variant,NM_000352.6(ABCC8):c.622G>T (p.Glu208Ter),6833,ABCC8,HGNC:59,Pathogenic,1,"Mar 31, 2022",2133680513,-,RCV002827594,"MeSH:D030342,MedGen:C0950123",Inborn genetic diseases,germline,germline,GRCh38,NC_000011.10,11,17461783,17461783,na,na,11p15.1,"criteria provided, single submitter",1,-,N,ClinGen:CA379779124,2,2279155,17461783,C,A,-,-,-,-,-,-,SCV003608919,-,-
2277583,single nucleotide variant,NM_000525.4(KCNJ11):c.720G>C (p.Met240Ile),3767,KCNJ11,HGNC:6257,Uncertain significance,0,"Dec 20, 2023",368520582,-,RCV002855146,"MeSH:D030342,MedGen:C0950123",Inborn genetic diseases,germline,germline,GRCh37,NC_000011.9,11,17408919,17408919,na,na,11p15.1,"criteria provided, single submitter",1,-,N,ClinGen:CA5902259,2,2296426,17408919,C,G,-,-,-,-,-,-,SCV003626452,-,-
2277583,single nucleotide variant,NM_000525.4(KCNJ11):c.720G>C (p.Met240Ile),3767,KCNJ11,HGNC:6257,Uncertain significance,0,"Dec 20, 2023",368520582,-,RCV002855146,"MeSH:D030342,MedGen:C0950123",Inborn genetic diseases,germline,germline,GRCh38,NC_000011.10,11,17387372,17387372,na,na,11p15.1,"criteria provided, single submitter",1,-,N,ClinGen:CA5902259,2,2296426,17387372,C,G,-,-,-,-,-,-,SCV003626452,-,-
2291271,single nucleotide variant,NM_000352.6(ABCC8):c.2120A>C (p.Gln707Pro),6833,ABCC8,HGNC:59,Uncertain significance,0,"Aug 17, 2022",765287539,-,RCV002900853|RCV005608917,"MeSH:D030342,MedGen:C0950123|",Inborn genetic diseases|Hereditary hyperinsulinism,germline,germline,GRCh37,NC_000011.9,11,17448698,17448698,na,na,11p15.1,"criteria provided, single submitter",2,-,N,ClinGen:CA379813824,2,2307962,17448698,T,G,-,-,-,-,-,-,SCV003640554,-,-
2291271,single nucleotide variant,NM_000352.6(ABCC8):c.2120A>C (p.Gln707Pro),6833,ABCC8,HGNC:59,Uncertain significance,0,"Aug 17, 2022",765287539,-,RCV002900853|RCV005608917,"MeSH:D030342,MedGen:C0950123|",Inborn genetic diseases|Hereditary hyperinsulinism,germline,germline,GRCh38,NC_000011.10,11,17427151,17427151,na,na,11p15.1,"criteria provided, single submitter",2,-,N,ClinGen:CA379813824,2,2307962,17427151,T,G,-,-,-,-,-,-,SCV003640554,-,-
2294146,single nucleotide variant,NM_000352.6(ABCC8):c.3490C>T (p.Leu1164Phe),6833,ABCC8,HGNC:59,Uncertain significance,0,"Oct 26, 2022",2496512952,-,RCV002879623,"MeSH:D030342,MedGen:C0950123",Inborn genetic diseases,germline,germline,GRCh37,NC_000011.9,11,17426126,17426126,na,na,11p15.1,"criteria provided, single submitter",1,-,N,ClinGen:CA379797987,2,2307381,17426126,G,A,-,-,-,-,-,-,SCV003636027,-,-
2294146,single nucleotide variant,NM_000352.6(ABCC8):c.3490C>T (p.Leu1164Phe),6833,ABCC8,HGNC:59,Uncertain significance,0,"Oct 26, 2022",2496512952,-,RCV002879623,"MeSH:D030342,MedGen:C0950123",Inborn genetic diseases,germline,germline,GRCh38,NC_000011.10,11,17404579,17404579,na,na,11p15.1,"criteria provided, single submitter",1,-,N,ClinGen:CA379797987,2,2307381,17404579,G,A,-,-,-,-,-,-,SCV003636027,-,-
2294783,single nucleotide variant,NM_000352.6(ABCC8):c.157A>G (p.Ser53Gly),6833,ABCC8,HGNC:59,Uncertain significance,0,"Sep 06, 2022",2496919580,-,RCV002892095,"MeSH:D030342,MedGen:C0950123",Inborn genetic diseases,germline,germline,GRCh37,NC_000011.9,11,17496566,17496566,na,na,11p15.1,"criteria provided, single submitter",1,-,N,ClinGen:CA379788653,2,2310613,17496566,T,C,-,-,-,-,-,-,SCV003640065,-,-
2294783,single nucleotide variant,NM_000352.6(ABCC8):c.157A>G (p.Ser53Gly),6833,ABCC8,HGNC:59,Uncertain significance,0,"Sep 06, 2022",2496919580,-,RCV002892095,"MeSH:D030342,MedGen:C0950123",Inborn genetic diseases,germline,germline,GRCh38,NC_000011.10,11,17475019,17475019,na,na,11p15.1,"criteria provided, single submitter",1,-,N,ClinGen:CA379788653,2,2310613,17475019,T,C,-,-,-,-,-,-,SCV003640065,-,-
2297337,single nucleotide variant,NM_000525.4(KCNJ11):c.784G>A (p.Asp262Asn),3767,KCNJ11,HGNC:6257,Uncertain significance,0,"Jan 12, 2026",1953577404,-,RCV002874550|RCV006473303,"MeSH:D030342,MedGen:C0950123|MedGen:C3661900",Inborn genetic diseases|not provided,germline,germline,GRCh37,NC_000011.9,11,17408855,17408855,na,na,11p15.1,"criteria provided, multiple submitters, no conflicts",2,-,N,ClinGen:CA379770767,2,2305396,17408855,C,T,-,-,-,-,-,-,SCV003641210|SCV007410343,-,-
2297337,single nucleotide variant,NM_000525.4(KCNJ11):c.784G>A (p.Asp262Asn),3767,KCNJ11,HGNC:6257,Uncertain significance,0,"Jan 12, 2026",1953577404,-,RCV002874550|RCV006473303,"MeSH:D030342,MedGen:C0950123|MedGen:C3661900",Inborn genetic diseases|not provided,germline,germline,GRCh38,NC_000011.10,11,17387308,17387308,na,na,11p15.1,"criteria provided, multiple submitters, no conflicts",2,-,N,ClinGen:CA379770767,2,2305396,17387308,C,T,-,-,-,-,-,-,SCV003641210|SCV007410343,-,-
2310171,single nucleotide variant,NM_000352.6(ABCC8):c.3995C>T (p.Ser1332Leu),6833,ABCC8,HGNC:59,Uncertain significance,0,"Oct 04, 2022",552324811,-,RCV002888343,"MeSH:D030342,MedGen:C0950123",Inborn genetic diseases,germline,germline,GRCh37,NC_000011.9,11,17418587,17418587,na,na,11p15.1,"criteria provided, single submitter",1,-,N,ClinGen:CA218409706,2,2315645,17418587,G,A,-,-,-,-,-,-,SCV003650907,-,-
2310171,single nucleotide variant,NM_000352.6(ABCC8):c.3995C>T (p.Ser1332Leu),6833,ABCC8,HGNC:59,Uncertain significance,0,"Oct 04, 2022",552324811,-,RCV002888343,"MeSH:D030342,MedGen:C0950123",Inborn genetic diseases,germline,germline,GRCh38,NC_000011.10,11,17397040,17397040,na,na,11p15.1,"criteria provided, single submitter",1,-,N,ClinGen:CA218409706,2,2315645,17397040,G,A,-,-,-,-,-,-,SCV003650907,-,-
2376836,single nucleotide variant,NM_000525.4(KCNJ11):c.973C>T (p.Arg325Cys),3767,KCNJ11,HGNC:6257,Uncertain significance,0,"Jun 06, 2024",550315112,-,RCV002694044|RCV005047383,"MeSH:D030342,MedGen:C0950123|Human Phenotype Ontology:HP:0005965,Human Phenotype Ontology:HP:0005978,Human Phenotype Ontology:HP:0100652,MONDO:MONDO:0005148,MeSH:D003924,MedGen:C0011860,OMIM:125853;MONDO:MONDO:0014589,MedGen:C4225365,OMIM:616329,Orphanet:552;MONDO:MONDO:0012522,MedGen:C1864623,OMIM:610582,Orphanet:99886;MONDO:MONDO:0011153,MedGen:C2931833,OMIM:601820,Orphanet:276580,Orphanet:276603;MONDO:MONDO:0030087,MedGen:C5394296,OMIM:618856","Inborn genetic diseases|Type 2 diabetes mellitus;Maturity-onset diabetes of the young type 13;Diabetes mellitus, transient neonatal, 3;Hyperinsulinemic hypoglycemia, familial, 2;Diabetes mellitus, permanent neonatal 2",germline,germline,GRCh37,NC_000011.9,11,17408666,17408666,na,na,11p15.1,"criteria provided, multiple submitters, no conflicts",2,-,N,ClinGen:CA5902209,2,2390252,17408666,G,A,-,-,-,-,-,-,SCV003729830|SCV005676602,-,-
2376836,single nucleotide variant,NM_000525.4(KCNJ11):c.973C>T (p.Arg325Cys),3767,KCNJ11,HGNC:6257,Uncertain significance,0,"Jun 06, 2024",550315112,-,RCV002694044|RCV005047383,"MeSH:D030342,MedGen:C0950123|Human Phenotype Ontology:HP:0005965,Human Phenotype Ontology:HP:0005978,Human Phenotype Ontology:HP:0100652,MONDO:MONDO:0005148,MeSH:D003924,MedGen:C0011860,OMIM:125853;MONDO:MONDO:0014589,MedGen:C4225365,OMIM:616329,Orphanet:552;MONDO:MONDO:0012522,MedGen:C1864623,OMIM:610582,Orphanet:99886;MONDO:MONDO:0011153,MedGen:C2931833,OMIM:601820,Orphanet:276580,Orphanet:276603;MONDO:MONDO:0030087,MedGen:C5394296,OMIM:618856","Inborn genetic diseases|Type 2 diabetes mellitus;Maturity-onset diabetes of the young type 13;Diabetes mellitus, transient neonatal, 3;Hyperinsulinemic hypoglycemia, familial, 2;Diabetes mellitus, permanent neonatal 2",germline,germline,GRCh38,NC_000011.10,11,17387119,17387119,na,na,11p15.1,"criteria provided, multiple submitters, no conflicts",2,-,N,ClinGen:CA5902209,2,2390252,17387119,G,A,-,-,-,-,-,-,SCV003729830|SCV005676602,-,-
2378411,single nucleotide variant,NM_000352.6(ABCC8):c.689A>G (p.Tyr230Cys),6833,ABCC8,HGNC:59,Uncertain significance,0,"Feb 13, 2025",140476117,-,RCV002704900|RCV003321979|RCV005099136,"MeSH:D030342,MedGen:C0950123|MONDO:MONDO:0009734,MedGen:C2931832,OMIM:256450,Orphanet:276575,Orphanet:276598|MedGen:C3661900","Inborn genetic diseases|Hyperinsulinemic hypoglycemia, familial, 1|not provided",germline,germline,GRCh37,NC_000011.9,11,17483263,17483263,na,na,11p15.1,"criteria provided, multiple submitters, no conflicts",4,-,N,ClinGen:CA500015,2,2395795,17483263,T,C,-,-,-,-,-,-,SCV003742599|SCV004026576|SCV005768426|SCV005890306,-,-
2378411,single nucleotide variant,NM_000352.6(ABCC8):c.689A>G (p.Tyr230Cys),6833,ABCC8,HGNC:59,Uncertain significance,0,"Feb 13, 2025",140476117,-,RCV002704900|RCV003321979|RCV005099136,"MeSH:D030342,MedGen:C0950123|MONDO:MONDO:0009734,MedGen:C2931832,OMIM:256450,Orphanet:276575,Orphanet:276598|MedGen:C3661900","Inborn genetic diseases|Hyperinsulinemic hypoglycemia, familial, 1|not provided",germline,germline,GRCh38,NC_000011.10,11,17461716,17461716,na,na,11p15.1,"criteria provided, multiple submitters, no conflicts",4,-,N,ClinGen:CA500015,2,2395795,17461716,T,C,-,-,-,-,-,-,SCV003742599|SCV004026576|SCV005768426|SCV005890306,-,-
2402050,single nucleotide variant,NM_000352.6(ABCC8):c.2695-20G>A,6833,ABCC8,HGNC:59,Benign/Likely benign,0,"Jan 28, 2026",17846755,-,RCV003120209|RCV003491319,MedGen:C3661900|MedGen:CN169374,not provided|not specified,germline,germline,GRCh37,NC_000011.9,11,17430084,17430084,na,na,11p15.1,"criteria provided, multiple submitters, no conflicts",3,-,N,ClinGen:CA5903039,2,2428608,17430084,C,T,-,-,-,-,-,-,SCV003800054|SCV004241241|SCV004353252,-,-
2402050,single nucleotide variant,NM_000352.6(ABCC8):c.2695-20G>A,6833,ABCC8,HGNC:59,Benign/Likely benign,0,"Jan 28, 2026",17846755,-,RCV003120209|RCV003491319,MedGen:C3661900|MedGen:CN169374,not provided|not specified,germline,germline,GRCh38,NC_000011.10,11,17408537,17408537,na,na,11p15.1,"criteria provided, multiple submitters, no conflicts",3,-,N,ClinGen:CA5903039,2,2428608,17408537,C,T,-,-,-,-,-,-,SCV003800054|SCV004241241|SCV004353252,-,-
2402110,single nucleotide variant,NM_000352.6(ABCC8):c.3329+11C>T,6833,ABCC8,HGNC:59,Likely benign,0,"Jul 27, 2025",759882121,-,RCV003120269,MedGen:C3661900,not provided,germline,germline,GRCh37,NC_000011.9,11,17428158,17428158,na,na,11p15.1,"criteria provided, multiple submitters, no conflicts",2,-,N,ClinGen:CA5902865,2,2428668,17428158,G,A,-,-,-,-,-,-,SCV003800415|SCV004537687,-,-
2402110,single nucleotide variant,NM_000352.6(ABCC8):c.3329+11C>T,6833,ABCC8,HGNC:59,Likely benign,0,"Jul 27, 2025",759882121,-,RCV003120269,MedGen:C3661900,not provided,germline,germline,GRCh38,NC_000011.10,11,17406611,17406611,na,na,11p15.1,"criteria provided, multiple submitters, no conflicts",2,-,N,ClinGen:CA5902865,2,2428668,17406611,G,A,-,-,-,-,-,-,SCV003800415|SCV004537687,-,-
2402123,single nucleotide variant,NM_000162.5(GCK):c.437T>C (p.Leu146Pro),2645,GCK,HGNC:4195,Pathogenic,1,"Aug 13, 2023",2096280084,-,RCV003120282|RCV003326023,"MedGen:C3661900|MONDO:MONDO:0015967,MedGen:C3888631,Orphanet:183625",not provided|Monogenic diabetes,germline,germline,GRCh37,NC_000007.13,7,44190601,44190601,na,na,7p13,reviewed by expert panel,4,-,N,ClinGen:CA367401978,2,2428681,44190601,A,G,-,-,-,-,-,-,SCV004032093,-,-
2402123,single nucleotide variant,NM_000162.5(GCK):c.437T>C (p.Leu146Pro),2645,GCK,HGNC:4195,Pathogenic,1,"Aug 13, 2023",2096280084,-,RCV003120282|RCV003326023,"MedGen:C3661900|MONDO:MONDO:0015967,MedGen:C3888631,Orphanet:183625",not provided|Monogenic diabetes,germline,germline,GRCh38,NC_000007.14,7,44151002,44151002,na,na,7p13,reviewed by expert panel,4,-,N,ClinGen:CA367401978,2,2428681,44151002,A,G,-,-,-,-,-,-,SCV004032093,-,-
2404410,single nucleotide variant,NM_000352.6(ABCC8):c.2095A>G (p.Ile699Val),6833,ABCC8,HGNC:59,Uncertain significance,0,"Aug 21, 2022",2496663204,-,RCV003129436,MedGen:C3661900,not provided,germline,germline,GRCh37,NC_000011.9,11,17449435,17449435,na,na,11p15.1,"criteria provided, single submitter",1,-,N,ClinGen:CA379814776,2,2430903,17449435,T,C,-,-,-,-,-,-,SCV003806030,-,-
2404410,single nucleotide variant,NM_000352.6(ABCC8):c.2095A>G (p.Ile699Val),6833,ABCC8,HGNC:59,Uncertain significance,0,"Aug 21, 2022",2496663204,-,RCV003129436,MedGen:C3661900,not provided,germline,germline,GRCh38,NC_000011.10,11,17427888,17427888,na,na,11p15.1,"criteria provided, single submitter",1,-,N,ClinGen:CA379814776,2,2430903,17427888,T,C,-,-,-,-,-,-,SCV003806030,-,-
2405343,Deletion,NM_000162.5(GCK):c.579+4del,2645,GCK,HGNC:4195,Pathogenic,1,"Apr 19, 2024",2484523726,-,RCV003142422|RCV003329474|RCV004527452,"MONDO:MONDO:0007453,MedGen:C0342277,OMIM:125851,Orphanet:552|Human Phenotype Ontology:HP:0004904,MONDO:MONDO:0018911,MedGen:C0342276,OMIM:PS125850,Orphanet:552|MONDO:MONDO:0015967,MedGen:C3888631,Orphanet:183625",Maturity-onset diabetes of the young type 2|Maturity-onset diabetes of the young|Monogenic diabetes,germline,germline,GRCh37,NC_000007.13,7,44189564,44189564,na,na,7p13,reviewed by expert panel,3,-,N,ClinGen:CA2573051051,2,2431839,44189563,CT,C,-,-,-,-,-,-,SCV005040700,-,-
2405343,Deletion,NM_000162.5(GCK):c.579+4del,2645,GCK,HGNC:4195,Pathogenic,1,"Apr 19, 2024",2484523726,-,RCV003142422|RCV003329474|RCV004527452,"MONDO:MONDO:0007453,MedGen:C0342277,OMIM:125851,Orphanet:552|Human Phenotype Ontology:HP:0004904,MONDO:MONDO:0018911,MedGen:C0342276,OMIM:PS125850,Orphanet:552|MONDO:MONDO:0015967,MedGen:C3888631,Orphanet:183625",Maturity-onset diabetes of the young type 2|Maturity-onset diabetes of the young|Monogenic diabetes,germline,germline,GRCh38,NC_000007.14,7,44149965,44149965,na,na,7p13,reviewed by expert panel,3,-,N,ClinGen:CA2573051051,2,2431839,44149964,CT,C,-,-,-,-,-,-,SCV005040700,-,-
2405628,single nucleotide variant,NM_000525.4(KCNJ11):c.650T>C (p.Met217Thr),3767,KCNJ11,HGNC:6257,Uncertain significance,0,"Mar 15, 2021",774156815,-,RCV003133798,MedGen:C3661900,not provided,germline,germline,GRCh37,NC_000011.9,11,17408989,17408989,na,na,11p15.1,"criteria provided, single submitter",1,-,N,ClinGen:CA5902270,2,2433000,17408989,A,G,-,-,-,-,-,-,SCV003814021,-,-
2405628,single nucleotide variant,NM_000525.4(KCNJ11):c.650T>C (p.Met217Thr),3767,KCNJ11,HGNC:6257,Uncertain significance,0,"Mar 15, 2021",774156815,-,RCV003133798,MedGen:C3661900,not provided,germline,germline,GRCh38,NC_000011.10,11,17387442,17387442,na,na,11p15.1,"criteria provided, single submitter",1,-,N,ClinGen:CA5902270,2,2433000,17387442,A,G,-,-,-,-,-,-,SCV003814021,-,-
2405629,single nucleotide variant,NM_000525.4(KCNJ11):c.229A>G (p.Met77Val),3767,KCNJ11,HGNC:6257,Uncertain significance,0,"May 09, 2022",2496411723,-,RCV003131317,MedGen:C3661900,not provided,germline,germline,GRCh37,NC_000011.9,11,17409410,17409410,na,na,11p15.1,"criteria provided, single submitter",1,-,N,ClinGen:CA379775307,2,2433001,17409410,T,C,-,-,-,-,-,-,SCV003814023,-,-
2405629,single nucleotide variant,NM_000525.4(KCNJ11):c.229A>G (p.Met77Val),3767,KCNJ11,HGNC:6257,Uncertain significance,0,"May 09, 2022",2496411723,-,RCV003131317,MedGen:C3661900,not provided,germline,germline,GRCh38,NC_000011.10,11,17387863,17387863,na,na,11p15.1,"criteria provided, single submitter",1,-,N,ClinGen:CA379775307,2,2433001,17387863,T,C,-,-,-,-,-,-,SCV003814023,-,-
2412591,single nucleotide variant,NM_000162.5(GCK):c.1213A>G (p.Thr405Ala),2645,GCK,HGNC:4195,Uncertain significance,0,"Sep 27, 2024",2484496141,-,RCV003135342,MedGen:C3661900,not provided,germline,germline,GRCh37,NC_000007.13,7,44185136,44185136,na,na,7p13,"criteria provided, multiple submitters, no conflicts",2,-,N,ClinGen:CA367398384,2,2432082,44185136,T,C,-,-,-,-,-,-,SCV003814502|SCV005906640,-,-
2412591,single nucleotide variant,NM_000162.5(GCK):c.1213A>G (p.Thr405Ala),2645,GCK,HGNC:4195,Uncertain significance,0,"Sep 27, 2024",2484496141,-,RCV003135342,MedGen:C3661900,not provided,germline,germline,GRCh38,NC_000007.14,7,44145537,44145537,na,na,7p13,"criteria provided, multiple submitters, no conflicts",2,-,N,ClinGen:CA367398384,2,2432082,44145537,T,C,-,-,-,-,-,-,SCV003814502|SCV005906640,-,-
2412592,single nucleotide variant,NM_000162.3(GCK):c.-1460G>A,2645,GCK,HGNC:4195,Uncertain significance,0,"Aug 08, 2023",534538794,-,RCV003135343,MedGen:C3661900,not provided,germline,germline,GRCh37,NC_000007.13,7,44230012,44230012,na,na,7p13,"criteria provided, single submitter",1,-,N,ClinGen:CA157885579,2,2432083,44230012,C,T,-,-,-,-,-,-,SCV003814503,-,-
2412592,single nucleotide variant,NM_000162.3(GCK):c.-1460G>A,2645,GCK,HGNC:4195,Uncertain significance,0,"Aug 08, 2023",534538794,-,RCV003135343,MedGen:C3661900,not provided,germline,germline,GRCh38,NC_000007.14,7,44190413,44190413,na,na,7p13,"criteria provided, single submitter",1,-,N,ClinGen:CA157885579,2,2432083,44190413,C,T,-,-,-,-,-,-,SCV003814503,-,-
2414422,single nucleotide variant,NM_000352.6(ABCC8):c.1363A>G (p.Ile455Val),6833,ABCC8,HGNC:59,Uncertain significance,0,"Jan 15, 2021",1238075497,-,RCV003139491,MedGen:C3661900,not provided,germline,germline,GRCh37,NC_000011.9,11,17464829,17464829,na,na,11p15.1,"criteria provided, single submitter",1,-,N,ClinGen:CA379767239,2,2438739,17464829,T,C,-,-,-,-,-,-,SCV003824356,-,-
2414422,single nucleotide variant,NM_000352.6(ABCC8):c.1363A>G (p.Ile455Val),6833,ABCC8,HGNC:59,Uncertain significance,0,"Jan 15, 2021",1238075497,-,RCV003139491,MedGen:C3661900,not provided,germline,germline,GRCh38,NC_000011.10,11,17443282,17443282,na,na,11p15.1,"criteria provided, single submitter",1,-,N,ClinGen:CA379767239,2,2438739,17443282,T,C,-,-,-,-,-,-,SCV003824356,-,-
2414423,single nucleotide variant,NM_000352.6(ABCC8):c.2725A>T (p.Arg909Trp),6833,ABCC8,HGNC:59,Uncertain significance,0,"Nov 06, 2020",1954647279,-,RCV003139492,MedGen:C3661900,not provided,germline,germline,GRCh37,NC_000011.9,11,17430034,17430034,na,na,11p15.1,"criteria provided, single submitter",1,-,N,ClinGen:CA379805426,2,2438740,17430034,T,A,-,-,-,-,-,-,SCV003824359,-,-
2414423,single nucleotide variant,NM_000352.6(ABCC8):c.2725A>T (p.Arg909Trp),6833,ABCC8,HGNC:59,Uncertain significance,0,"Nov 06, 2020",1954647279,-,RCV003139492,MedGen:C3661900,not provided,germline,germline,GRCh38,NC_000011.10,11,17408487,17408487,na,na,11p15.1,"criteria provided, single submitter",1,-,N,ClinGen:CA379805426,2,2438740,17408487,T,A,-,-,-,-,-,-,SCV003824359,-,-
2414424,single nucleotide variant,NM_000352.6(ABCC8):c.1468-48G>A,6833,ABCC8,HGNC:59,Uncertain significance,0,"Feb 23, 2022",2496753266,-,RCV003139493,MedGen:C3661900,not provided,germline,germline,GRCh37,NC_000011.9,11,17464477,17464477,na,na,11p15.1,"criteria provided, single submitter",1,-,N,ClinGen:CA2580082748,2,2438741,17464477,C,T,-,-,-,-,-,-,SCV003824360,-,-
2414424,single nucleotide variant,NM_000352.6(ABCC8):c.1468-48G>A,6833,ABCC8,HGNC:59,Uncertain significance,0,"Feb 23, 2022",2496753266,-,RCV003139493,MedGen:C3661900,not provided,germline,germline,GRCh38,NC_000011.10,11,17442930,17442930,na,na,11p15.1,"criteria provided, single submitter",1,-,N,ClinGen:CA2580082748,2,2438741,17442930,C,T,-,-,-,-,-,-,SCV003824360,-,-
2414425,single nucleotide variant,NM_000352.6(ABCC8):c.4674G>C (p.Glu1558Asp),6833,ABCC8,HGNC:59,Uncertain significance,0,"May 07, 2025",2133390078,-,RCV003139494|RCV005522818,"MedGen:C3661900|MeSH:D030342,MedGen:C0950123",not provided|Inborn genetic diseases,germline,germline,GRCh37,NC_000011.9,11,17414610,17414610,na,na,11p15.1,"criteria provided, multiple submitters, no conflicts",2,-,N,ClinGen:CA379781093,2,2438742,17414610,C,G,-,-,-,-,-,-,SCV003824361|SCV006195556,-,-
2414425,single nucleotide variant,NM_000352.6(ABCC8):c.4674G>C (p.Glu1558Asp),6833,ABCC8,HGNC:59,Uncertain significance,0,"May 07, 2025",2133390078,-,RCV003139494|RCV005522818,"MedGen:C3661900|MeSH:D030342,MedGen:C0950123",not provided|Inborn genetic diseases,germline,germline,GRCh38,NC_000011.10,11,17393063,17393063,na,na,11p15.1,"criteria provided, multiple submitters, no conflicts",2,-,N,ClinGen:CA379781093,2,2438742,17393063,C,G,-,-,-,-,-,-,SCV003824361|SCV006195556,-,-
2414426,single nucleotide variant,NM_000352.6(ABCC8):c.3408A>G (p.Pro1136=),6833,ABCC8,HGNC:59,Uncertain significance,0,"Jun 24, 2019",756140198,-,RCV003139495,MedGen:C3661900,not provided,germline,germline,GRCh37,NC_000011.9,11,17426208,17426208,na,na,11p15.1,"criteria provided, single submitter",1,-,N,ClinGen:CA5902812,2,2438743,17426208,T,C,-,-,-,-,-,-,SCV003824365,-,-
2414426,single nucleotide variant,NM_000352.6(ABCC8):c.3408A>G (p.Pro1136=),6833,ABCC8,HGNC:59,Uncertain significance,0,"Jun 24, 2019",756140198,-,RCV003139495,MedGen:C3661900,not provided,germline,germline,GRCh38,NC_000011.10,11,17404661,17404661,na,na,11p15.1,"criteria provided, single submitter",1,-,N,ClinGen:CA5902812,2,2438743,17404661,T,C,-,-,-,-,-,-,SCV003824365,-,-
2414804,Deletion,NM_000162.5(GCK):c.12_13del (p.Asp4fs),2645,GCK,HGNC:4195,Conflicting classifications of pathogenicity,1,"Jun 30, 2025",1483208659,-,RCV003145824|RCV005047435,"MedGen:C3661900|Human Phenotype Ontology:HP:0005965,Human Phenotype Ontology:HP:0005978,Human Phenotype Ontology:HP:0100652,MONDO:MONDO:0005148,MeSH:D003924,MedGen:C0011860,OMIM:125853;MONDO:MONDO:0007453,MedGen:C0342277,OMIM:125851,Orphanet:552;MONDO:MONDO:0011236,MedGen:C1865290,OMIM:602485,Orphanet:79299;MONDO:MONDO:0100165,MedGen:C5393570,OMIM:606176",not provided|Type 2 diabetes mellitus;Maturity-onset diabetes of the young type 2;Hyperinsulinism due to glucokinase deficiency;Permanent neonatal diabetes mellitus 1,germline,germline,GRCh37,NC_000007.13,7,44228540,44228541,na,na,7p13,"criteria provided, conflicting classifications",3,-,N,ClinGen:CA454592303,2,2440443,44228539,CTG,C,-,-,-,-,-,-,SCV003832976|SCV005668368|SCV007455221,-,-
2414804,Deletion,NM_000162.5(GCK):c.12_13del (p.Asp4fs),2645,GCK,HGNC:4195,Conflicting classifications of pathogenicity,1,"Jun 30, 2025",1483208659,-,RCV003145824|RCV005047435,"MedGen:C3661900|Human Phenotype Ontology:HP:0005965,Human Phenotype Ontology:HP:0005978,Human Phenotype Ontology:HP:0100652,MONDO:MONDO:0005148,MeSH:D003924,MedGen:C0011860,OMIM:125853;MONDO:MONDO:0007453,MedGen:C0342277,OMIM:125851,Orphanet:552;MONDO:MONDO:0011236,MedGen:C1865290,OMIM:602485,Orphanet:79299;MONDO:MONDO:0100165,MedGen:C5393570,OMIM:606176",not provided|Type 2 diabetes mellitus;Maturity-onset diabetes of the young type 2;Hyperinsulinism due to glucokinase deficiency;Permanent neonatal diabetes mellitus 1,germline,germline,GRCh38,NC_000007.14,7,44188941,44188942,na,na,7p13,"criteria provided, conflicting classifications",3,-,N,ClinGen:CA454592303,2,2440443,44188940,CTG,C,-,-,-,-,-,-,SCV003832976|SCV005668368|SCV007455221,-,-
2415451,single nucleotide variant,NM_000162.5(GCK):c.692A>T (p.Asn231Ile),2645,GCK,HGNC:4195,Uncertain significance,0,"Jul 21, 2025",2484515000,-,RCV003147994|RCV003147991|RCV003147992|RCV003147993|RCV006473725,"MONDO:MONDO:0100165,MedGen:C5393570,OMIM:606176|Human Phenotype Ontology:HP:0005965,Human Phenotype Ontology:HP:0005978,Human Phenotype Ontology:HP:0100652,MONDO:MONDO:0005148,MeSH:D003924,MedGen:C0011860,OMIM:125853|MONDO:MONDO:0011236,MedGen:C1865290,OMIM:602485,Orphanet:79299|MONDO:MONDO:0007453,MedGen:C0342277,OMIM:125851,Orphanet:552|MedGen:C3661900",Permanent neonatal diabetes mellitus 1|Type 2 diabetes mellitus|Hyperinsulinism due to glucokinase deficiency|Maturity-onset diabetes of the young type 2|not provided,germline;unknown,germline,GRCh37,NC_000007.13,7,44187420,44187420,na,na,7p13,"criteria provided, multiple submitters, no conflicts",2,-,N,ClinGen:CA367400768,2,2441736,44187420,T,A,-,-,-,-,-,-,SCV003835518|SCV003835727|SCV003835736|SCV003835737|SCV007420201,-,-
2415451,single nucleotide variant,NM_000162.5(GCK):c.692A>T (p.Asn231Ile),2645,GCK,HGNC:4195,Uncertain significance,0,"Jul 21, 2025",2484515000,-,RCV003147994|RCV003147991|RCV003147992|RCV003147993|RCV006473725,"MONDO:MONDO:0100165,MedGen:C5393570,OMIM:606176|Human Phenotype Ontology:HP:0005965,Human Phenotype Ontology:HP:0005978,Human Phenotype Ontology:HP:0100652,MONDO:MONDO:0005148,MeSH:D003924,MedGen:C0011860,OMIM:125853|MONDO:MONDO:0011236,MedGen:C1865290,OMIM:602485,Orphanet:79299|MONDO:MONDO:0007453,MedGen:C0342277,OMIM:125851,Orphanet:552|MedGen:C3661900",Permanent neonatal diabetes mellitus 1|Type 2 diabetes mellitus|Hyperinsulinism due to glucokinase deficiency|Maturity-onset diabetes of the young type 2|not provided,germline;unknown,germline,GRCh38,NC_000007.14,7,44147821,44147821,na,na,7p13,"criteria provided, multiple submitters, no conflicts",2,-,N,ClinGen:CA367400768,2,2441736,44147821,T,A,-,-,-,-,-,-,SCV003835518|SCV003835727|SCV003835736|SCV003835737|SCV007420201,-,-
2416800,single nucleotide variant,NM_000352.6(ABCC8):c.1819G>A (p.Val607Met),6833,ABCC8,HGNC:59,Likely pathogenic,1,"Jul 01, 2025",377405677,-,RCV003151472|RCV005438173|RCV005047440,"MedGen:C3661900|Human Phenotype Ontology:HP:0004904,MONDO:MONDO:0018911,MedGen:C0342276,OMIM:PS125850,Orphanet:552|MONDO:MONDO:0030088,MedGen:C5394303,OMIM:618857;MONDO:MONDO:0012480,MedGen:C1835887,OMIM:610374,Orphanet:99886;Human Phenotype Ontology:HP:0005965,Human Phenotype Ontology:HP:0005978,Human Phenotype Ontology:HP:0100652,MONDO:MONDO:0005148,MeSH:D003924,MedGen:C0011860,OMIM:125853;MONDO:MONDO:0009415,MedGen:C0271714,OMIM:240800;MONDO:MONDO:0009734,MedGen:C2931832,OMIM:256450,Orphanet:276575,Orphanet:276598","not provided|Maturity-onset diabetes of the young|Diabetes mellitus, permanent neonatal 3;Diabetes mellitus, transient neonatal, 2;Type 2 diabetes mellitus;Leucine-induced hypoglycemia;Hyperinsulinemic hypoglycemia, familial, 1",germline,germline,GRCh37,NC_000011.9,11,17450216,17450216,na,na,11p15.1,"criteria provided, multiple submitters, no conflicts",3,-,N,ClinGen:CA5903419,2,2443080,17450216,C,T,-,-,-,-,-,-,SCV005676385|SCV006110460,-,-
2416800,single nucleotide variant,NM_000352.6(ABCC8):c.1819G>A (p.Val607Met),6833,ABCC8,HGNC:59,Likely pathogenic,1,"Jul 01, 2025",377405677,-,RCV003151472|RCV005438173|RCV005047440,"MedGen:C3661900|Human Phenotype Ontology:HP:0004904,MONDO:MONDO:0018911,MedGen:C0342276,OMIM:PS125850,Orphanet:552|MONDO:MONDO:0030088,MedGen:C5394303,OMIM:618857;MONDO:MONDO:0012480,MedGen:C1835887,OMIM:610374,Orphanet:99886;Human Phenotype Ontology:HP:0005965,Human Phenotype Ontology:HP:0005978,Human Phenotype Ontology:HP:0100652,MONDO:MONDO:0005148,MeSH:D003924,MedGen:C0011860,OMIM:125853;MONDO:MONDO:0009415,MedGen:C0271714,OMIM:240800;MONDO:MONDO:0009734,MedGen:C2931832,OMIM:256450,Orphanet:276575,Orphanet:276598","not provided|Maturity-onset diabetes of the young|Diabetes mellitus, permanent neonatal 3;Diabetes mellitus, transient neonatal, 2;Type 2 diabetes mellitus;Leucine-induced hypoglycemia;Hyperinsulinemic hypoglycemia, familial, 1",germline,germline,GRCh38,NC_000011.10,11,17428669,17428669,na,na,11p15.1,"criteria provided, multiple submitters, no conflicts",3,-,N,ClinGen:CA5903419,2,2443080,17428669,C,T,-,-,-,-,-,-,SCV005676385|SCV006110460,-,-
2416857,single nucleotide variant,NM_000162.5(GCK):c.367T>C (p.Phe123Leu),2645,GCK,HGNC:4195,Conflicting classifications of pathogenicity,1,"Jan 07, 2025",2484530209,-,RCV003151529,MedGen:C3661900,not provided,germline;unknown,germline,GRCh37,NC_000007.13,7,44190671,44190671,na,na,7p13,"criteria provided, conflicting classifications",3,-,N,ClinGen:CA367402221,2,2443137,44190671,A,G,-,-,-,-,-,-,SCV005388325|SCV007297146,-,-
2416857,single nucleotide variant,NM_000162.5(GCK):c.367T>C (p.Phe123Leu),2645,GCK,HGNC:4195,Conflicting classifications of pathogenicity,1,"Jan 07, 2025",2484530209,-,RCV003151529,MedGen:C3661900,not provided,germline;unknown,germline,GRCh38,NC_000007.14,7,44151072,44151072,na,na,7p13,"criteria provided, conflicting classifications",3,-,N,ClinGen:CA367402221,2,2443137,44151072,A,G,-,-,-,-,-,-,SCV005388325|SCV007297146,-,-
2416859,single nucleotide variant,NM_000352.6(ABCC8):c.122T>C (p.Phe41Ser),6833,ABCC8,HGNC:59,Likely pathogenic,1,"May 06, 2021",2496929792,-,RCV003151531|RCV004786882,"MedGen:CN169374|MONDO:MONDO:0009734,MedGen:C2931832,OMIM:256450,Orphanet:276575,Orphanet:276598","not specified|Hyperinsulinemic hypoglycemia, familial, 1",germline,germline,GRCh37,NC_000011.9,11,17498202,17498202,na,na,11p15.1,"criteria provided, single submitter",2,-,N,ClinGen:CA379789885,2,2443139,17498202,A,G,-,-,-,-,-,-,SCV005399299,-,-
2416859,single nucleotide variant,NM_000352.6(ABCC8):c.122T>C (p.Phe41Ser),6833,ABCC8,HGNC:59,Likely pathogenic,1,"May 06, 2021",2496929792,-,RCV003151531|RCV004786882,"MedGen:CN169374|MONDO:MONDO:0009734,MedGen:C2931832,OMIM:256450,Orphanet:276575,Orphanet:276598","not specified|Hyperinsulinemic hypoglycemia, familial, 1",germline,germline,GRCh38,NC_000011.10,11,17476655,17476655,na,na,11p15.1,"criteria provided, single submitter",2,-,N,ClinGen:CA379789885,2,2443139,17476655,A,G,-,-,-,-,-,-,SCV005399299,-,-
2416884,single nucleotide variant,NM_000352.6(ABCC8):c.3013T>A (p.Ser1005Thr),6833,ABCC8,HGNC:59,Uncertain significance,0,"Aug 31, 2022",1054112153,-,RCV003151556,MedGen:CN169374,not specified,germline,germline,GRCh37,NC_000011.9,11,17428584,17428584,na,na,11p15.1,no assertion criteria provided,1,-,N,ClinGen:CA218423080,2,2443164,17428584,A,T,-,-,-,-,-,-,SCV003839681,-,-
2416884,single nucleotide variant,NM_000352.6(ABCC8):c.3013T>A (p.Ser1005Thr),6833,ABCC8,HGNC:59,Uncertain significance,0,"Aug 31, 2022",1054112153,-,RCV003151556,MedGen:CN169374,not specified,germline,germline,GRCh38,NC_000011.10,11,17407037,17407037,na,na,11p15.1,no assertion criteria provided,1,-,N,ClinGen:CA218423080,2,2443164,17407037,A,T,-,-,-,-,-,-,SCV003839681,-,-
2417135,single nucleotide variant,NM_000352.6(ABCC8):c.1168G>A (p.Ala390Thr),6833,ABCC8,HGNC:59,Uncertain significance,0,"May 23, 2023",561312830,-,RCV003152006|RCV004529608,MedGen:C3661900|,not provided|ABCC8-related disorder,germline,germline,GRCh37,NC_000011.9,11,17474674,17474674,na,na,11p15.1,"criteria provided, multiple submitters, no conflicts",2,-,N,ClinGen:CA5903666,2,2443399,17474674,C,T,-,-,-,-,-,-,SCV003840351|SCV004109891,-,-
2417135,single nucleotide variant,NM_000352.6(ABCC8):c.1168G>A (p.Ala390Thr),6833,ABCC8,HGNC:59,Uncertain significance,0,"May 23, 2023",561312830,-,RCV003152006|RCV004529608,MedGen:C3661900|,not provided|ABCC8-related disorder,germline,germline,GRCh38,NC_000011.10,11,17453127,17453127,na,na,11p15.1,"criteria provided, multiple submitters, no conflicts",2,-,N,ClinGen:CA5903666,2,2443399,17453127,C,T,-,-,-,-,-,-,SCV003840351|SCV004109891,-,-
2417225,single nucleotide variant,NM_000352.6(ABCC8):c.647G>C (p.Arg216Pro),6833,ABCC8,HGNC:59,Uncertain significance,0,"Sep 12, 2022",199702708,-,RCV003152097,MedGen:C3661900,not provided,germline,germline,GRCh37,NC_000011.9,11,17483305,17483305,na,na,11p15.1,"criteria provided, single submitter",1,-,N,ClinGen:CA379778886,2,2443490,17483305,C,G,-,-,-,-,-,-,SCV003840492,-,-
2417225,single nucleotide variant,NM_000352.6(ABCC8):c.647G>C (p.Arg216Pro),6833,ABCC8,HGNC:59,Uncertain significance,0,"Sep 12, 2022",199702708,-,RCV003152097,MedGen:C3661900,not provided,germline,germline,GRCh38,NC_000011.10,11,17461758,17461758,na,na,11p15.1,"criteria provided, single submitter",1,-,N,ClinGen:CA379778886,2,2443490,17461758,C,G,-,-,-,-,-,-,SCV003840492,-,-
2417313,Deletion,NM_000162.5(GCK):c.1020-33_1025del,2645,GCK,HGNC:4195,Likely pathogenic,1,"Sep 09, 2022",2484498715,-,RCV003152185,MedGen:C3661900,not provided,germline,germline,GRCh37,NC_000007.13,7,44185324,44185362,na,na,7p13,"criteria provided, single submitter",1,-,N,ClinGen:CA2580077164,2,2443578,44185323,CGTGTCGCTGCGGGGCGGGAGGAGGTAGGGCGGTCGCTGA,C,-,-,-,-,-,-,SCV003840636,-,-
2417313,Deletion,NM_000162.5(GCK):c.1020-33_1025del,2645,GCK,HGNC:4195,Likely pathogenic,1,"Sep 09, 2022",2484498715,-,RCV003152185,MedGen:C3661900,not provided,germline,germline,GRCh38,NC_000007.14,7,44145725,44145763,na,na,7p13,"criteria provided, single submitter",1,-,N,ClinGen:CA2580077164,2,2443578,44145724,CGTGTCGCTGCGGGGCGGGAGGAGGTAGGGCGGTCGCTGA,C,-,-,-,-,-,-,SCV003840636,-,-
2417877,Deletion,NM_000352.6(ABCC8):c.1571_1588del (p.Thr524_Glu529del),6833,ABCC8,HGNC:59,Uncertain significance,0,"Feb 23, 2023",2496751834,-,RCV004577391,"MONDO:MONDO:0009734,MedGen:C2931832,OMIM:256450,Orphanet:276575,Orphanet:276598","Hyperinsulinemic hypoglycemia, familial, 1",unknown,unknown,GRCh37,NC_000011.9,11,17464309,17464326,na,na,11p15.1,"criteria provided, single submitter",1,-,N,ClinGen:CA2580082736,2,2444144,17464308,ATCTCCTTCCTGCGGGTCG,A,-,-,-,-,-,-,SCV003841514,-,-
2417877,Deletion,NM_000352.6(ABCC8):c.1571_1588del (p.Thr524_Glu529del),6833,ABCC8,HGNC:59,Uncertain significance,0,"Feb 23, 2023",2496751834,-,RCV004577391,"MONDO:MONDO:0009734,MedGen:C2931832,OMIM:256450,Orphanet:276575,Orphanet:276598","Hyperinsulinemic hypoglycemia, familial, 1",unknown,unknown,GRCh38,NC_000011.10,11,17442762,17442779,na,na,11p15.1,"criteria provided, single submitter",1,-,N,ClinGen:CA2580082736,2,2444144,17442761,ATCTCCTTCCTGCGGGTCG,A,-,-,-,-,-,-,SCV003841514,-,-
2418318,single nucleotide variant,NM_000352.6(ABCC8):c.1011+1G>A,6833,ABCC8,HGNC:59,Likely pathogenic,1,"Mar 12, 2023",2133673996,-,RCV003154369,MedGen:C3661900,not provided,germline,germline,GRCh37,NC_000011.9,11,17482034,17482034,na,na,11p15.1,"criteria provided, single submitter",1,-,N,ClinGen:CA379775514,2,2444588,17482034,C,T,-,-,-,-,-,-,SCV003842431,-,-
2418318,single nucleotide variant,NM_000352.6(ABCC8):c.1011+1G>A,6833,ABCC8,HGNC:59,Likely pathogenic,1,"Mar 12, 2023",2133673996,-,RCV003154369,MedGen:C3661900,not provided,germline,germline,GRCh38,NC_000011.10,11,17460487,17460487,na,na,11p15.1,"criteria provided, single submitter",1,-,N,ClinGen:CA379775514,2,2444588,17460487,C,T,-,-,-,-,-,-,SCV003842431,-,-
2419509,single nucleotide variant,NM_000525.4(KCNJ11):c.848T>A (p.Ile283Asn),3767,KCNJ11,HGNC:6257,Uncertain significance,0,"Sep 22, 2022",1248339289,-,RCV003156441,MedGen:C3661900,not provided,germline,germline,GRCh37,NC_000011.9,11,17408791,17408791,na,na,11p15.1,"criteria provided, single submitter",1,-,N,ClinGen:CA379770307,2,2446087,17408791,A,T,-,-,-,-,-,-,SCV003845402,-,-
2419509,single nucleotide variant,NM_000525.4(KCNJ11):c.848T>A (p.Ile283Asn),3767,KCNJ11,HGNC:6257,Uncertain significance,0,"Sep 22, 2022",1248339289,-,RCV003156441,MedGen:C3661900,not provided,germline,germline,GRCh38,NC_000011.10,11,17387244,17387244,na,na,11p15.1,"criteria provided, single submitter",1,-,N,ClinGen:CA379770307,2,2446087,17387244,A,T,-,-,-,-,-,-,SCV003845402,-,-
2454175,single nucleotide variant,NM_000352.6(ABCC8):c.3461C>T (p.Ala1154Val),6833,ABCC8,HGNC:59,Uncertain significance,0,"Jan 25, 2023",1954421148,-,RCV003199240,"MeSH:D030342,MedGen:C0950123",Inborn genetic diseases,germline,germline,GRCh37,NC_000011.9,11,17426155,17426155,na,na,11p15.1,"criteria provided, single submitter",1,-,N,ClinGen:CA379798260,2,2479144,17426155,G,A,-,-,-,-,-,-,SCV003890991,-,-
2454175,single nucleotide variant,NM_000352.6(ABCC8):c.3461C>T (p.Ala1154Val),6833,ABCC8,HGNC:59,Uncertain significance,0,"Jan 25, 2023",1954421148,-,RCV003199240,"MeSH:D030342,MedGen:C0950123",Inborn genetic diseases,germline,germline,GRCh38,NC_000011.10,11,17404608,17404608,na,na,11p15.1,"criteria provided, single submitter",1,-,N,ClinGen:CA379798260,2,2479144,17404608,G,A,-,-,-,-,-,-,SCV003890991,-,-
2463104,single nucleotide variant,NM_000352.6(ABCC8):c.949C>A (p.Pro317Thr),6833,ABCC8,HGNC:59,Uncertain significance,0,"Feb 15, 2023",2496844449,-,RCV003205250,"MeSH:D030342,MedGen:C0950123",Inborn genetic diseases,germline,germline,GRCh37,NC_000011.9,11,17482097,17482097,na,na,11p15.1,"criteria provided, single submitter",1,-,N,ClinGen:CA379776499,2,2485275,17482097,G,T,-,-,-,-,-,-,SCV003907884,-,-
2463104,single nucleotide variant,NM_000352.6(ABCC8):c.949C>A (p.Pro317Thr),6833,ABCC8,HGNC:59,Uncertain significance,0,"Feb 15, 2023",2496844449,-,RCV003205250,"MeSH:D030342,MedGen:C0950123",Inborn genetic diseases,germline,germline,GRCh38,NC_000011.10,11,17460550,17460550,na,na,11p15.1,"criteria provided, single submitter",1,-,N,ClinGen:CA379776499,2,2485275,17460550,G,T,-,-,-,-,-,-,SCV003907884,-,-
2467785,single nucleotide variant,NM_000162.5(GCK):c.921C>G (p.Leu307=),2645,GCK,HGNC:4195,Likely benign,0,"Feb 02, 2023",1007314573,-,RCV003221248,"Human Phenotype Ontology:HP:0004904,MONDO:MONDO:0018911,MedGen:C0342276,OMIM:PS125850,Orphanet:552",Maturity-onset diabetes of the young,germline,germline,GRCh37,NC_000007.13,7,44186160,44186160,na,na,7p13,"criteria provided, single submitter",1,-,N,ClinGen:CA157914514,2,2496645,44186160,G,C,-,-,-,-,-,-,SCV003911070,-,-
2467785,single nucleotide variant,NM_000162.5(GCK):c.921C>G (p.Leu307=),2645,GCK,HGNC:4195,Likely benign,0,"Feb 02, 2023",1007314573,-,RCV003221248,"Human Phenotype Ontology:HP:0004904,MONDO:MONDO:0018911,MedGen:C0342276,OMIM:PS125850,Orphanet:552",Maturity-onset diabetes of the young,germline,germline,GRCh38,NC_000007.14,7,44146561,44146561,na,na,7p13,"criteria provided, single submitter",1,-,N,ClinGen:CA157914514,2,2496645,44146561,G,C,-,-,-,-,-,-,SCV003911070,-,-
2471215,single nucleotide variant,NM_000352.6(ABCC8):c.3326T>G (p.Met1109Arg),6833,ABCC8,HGNC:59,Uncertain significance,0,"Mar 01, 2023",2496526490,-,RCV003196211,"MeSH:D030342,MedGen:C0950123",Inborn genetic diseases,germline,germline,GRCh37,NC_000011.9,11,17428172,17428172,na,na,11p15.1,"criteria provided, single submitter",1,-,N,ClinGen:CA379801074,2,2492181,17428172,A,C,-,-,-,-,-,-,SCV003904650,-,-
2471215,single nucleotide variant,NM_000352.6(ABCC8):c.3326T>G (p.Met1109Arg),6833,ABCC8,HGNC:59,Uncertain significance,0,"Mar 01, 2023",2496526490,-,RCV003196211,"MeSH:D030342,MedGen:C0950123",Inborn genetic diseases,germline,germline,GRCh38,NC_000011.10,11,17406625,17406625,na,na,11p15.1,"criteria provided, single submitter",1,-,N,ClinGen:CA379801074,2,2492181,17406625,A,C,-,-,-,-,-,-,SCV003904650,-,-
2477701,single nucleotide variant,NM_000162.5(GCK):c.576A>C (p.Arg192Ser),2645,GCK,HGNC:4195,Uncertain significance,0,"Oct 18, 2022",2484523771,-,RCV003223813,MedGen:C3661900,not provided,germline,germline,GRCh37,NC_000007.13,7,44189571,44189571,na,na,7p13,"criteria provided, single submitter",1,-,N,ClinGen:CA367401517,2,2499721,44189571,T,G,-,-,-,-,-,-,SCV003919227,-,-
2477701,single nucleotide variant,NM_000162.5(GCK):c.576A>C (p.Arg192Ser),2645,GCK,HGNC:4195,Uncertain significance,0,"Oct 18, 2022",2484523771,-,RCV003223813,MedGen:C3661900,not provided,germline,germline,GRCh38,NC_000007.14,7,44149972,44149972,na,na,7p13,"criteria provided, single submitter",1,-,N,ClinGen:CA367401517,2,2499721,44149972,T,G,-,-,-,-,-,-,SCV003919227,-,-
2478020,single nucleotide variant,NM_000162.5(GCK):c.232G>T (p.Asp78Tyr),2645,GCK,HGNC:4195,Pathogenic,1,"Dec 02, 2024",2484535997,-,RCV003224686|RCV004798038,"MONDO:MONDO:0007453,MedGen:C0342277,OMIM:125851,Orphanet:552;MONDO:MONDO:0100165,MedGen:C5393570,OMIM:606176;Human Phenotype Ontology:HP:0005965,Human Phenotype Ontology:HP:0005978,Human Phenotype Ontology:HP:0100652,MONDO:MONDO:0005148,MeSH:D003924,MedGen:C0011860,OMIM:125853;MONDO:MONDO:0011236,MedGen:C1865290,OMIM:602485,Orphanet:79299|MONDO:MONDO:0015967,MedGen:C3888631,Orphanet:183625",Maturity-onset diabetes of the young type 2;Permanent neonatal diabetes mellitus 1;Type 2 diabetes mellitus;Hyperinsulinism due to glucokinase deficiency|Monogenic diabetes,germline,germline,GRCh37,NC_000007.13,7,44192001,44192001,na,na,7p13,reviewed by expert panel,2,-,N,ClinGen:CA367403044,2,2500039,44192001,C,A,-,-,-,-,-,-,SCV005420249,-,-
2478020,single nucleotide variant,NM_000162.5(GCK):c.232G>T (p.Asp78Tyr),2645,GCK,HGNC:4195,Pathogenic,1,"Dec 02, 2024",2484535997,-,RCV003224686|RCV004798038,"MONDO:MONDO:0007453,MedGen:C0342277,OMIM:125851,Orphanet:552;MONDO:MONDO:0100165,MedGen:C5393570,OMIM:606176;Human Phenotype Ontology:HP:0005965,Human Phenotype Ontology:HP:0005978,Human Phenotype Ontology:HP:0100652,MONDO:MONDO:0005148,MeSH:D003924,MedGen:C0011860,OMIM:125853;MONDO:MONDO:0011236,MedGen:C1865290,OMIM:602485,Orphanet:79299|MONDO:MONDO:0015967,MedGen:C3888631,Orphanet:183625",Maturity-onset diabetes of the young type 2;Permanent neonatal diabetes mellitus 1;Type 2 diabetes mellitus;Hyperinsulinism due to glucokinase deficiency|Monogenic diabetes,germline,germline,GRCh38,NC_000007.14,7,44152402,44152402,na,na,7p13,reviewed by expert panel,2,-,N,ClinGen:CA367403044,2,2500039,44152402,C,A,-,-,-,-,-,-,SCV005420249,-,-
2523131,Insertion,NM_000162.5(GCK):c.122_123insAGGAGATG (p.Met41fs),2645,GCK,HGNC:4195,Likely pathogenic,1,-,2484540047,-,RCV003224852,"MONDO:MONDO:0007453,MedGen:C0342277,OMIM:125851,Orphanet:552;MONDO:MONDO:0100165,MedGen:C5393570,OMIM:606176;Human Phenotype Ontology:HP:0005965,Human Phenotype Ontology:HP:0005978,Human Phenotype Ontology:HP:0100652,MONDO:MONDO:0005148,MeSH:D003924,MedGen:C0011860,OMIM:125853;MONDO:MONDO:0011236,MedGen:C1865290,OMIM:602485,Orphanet:79299",Maturity-onset diabetes of the young type 2;Permanent neonatal diabetes mellitus 1;Type 2 diabetes mellitus;Hyperinsulinism due to glucokinase deficiency,germline,germline,GRCh37,NC_000007.13,7,44192985,44192986,na,na,7p13,"criteria provided, single submitter",1,-,N,ClinGen:CA2580077173,2,2500233,44192985,C,CCATCTCCT,-,-,-,-,-,-,SCV003920882,-,-
2523131,Insertion,NM_000162.5(GCK):c.122_123insAGGAGATG (p.Met41fs),2645,GCK,HGNC:4195,Likely pathogenic,1,-,2484540047,-,RCV003224852,"MONDO:MONDO:0007453,MedGen:C0342277,OMIM:125851,Orphanet:552;MONDO:MONDO:0100165,MedGen:C5393570,OMIM:606176;Human Phenotype Ontology:HP:0005965,Human Phenotype Ontology:HP:0005978,Human Phenotype Ontology:HP:0100652,MONDO:MONDO:0005148,MeSH:D003924,MedGen:C0011860,OMIM:125853;MONDO:MONDO:0011236,MedGen:C1865290,OMIM:602485,Orphanet:79299",Maturity-onset diabetes of the young type 2;Permanent neonatal diabetes mellitus 1;Type 2 diabetes mellitus;Hyperinsulinism due to glucokinase deficiency,germline,germline,GRCh38,NC_000007.14,7,44153386,44153387,na,na,7p13,"criteria provided, single submitter",1,-,N,ClinGen:CA2580077173,2,2500233,44153386,C,CCATCTCCT,-,-,-,-,-,-,SCV003920882,-,-
2523962,single nucleotide variant,NM_000352.6(ABCC8):c.580-2A>G,6833,ABCC8,HGNC:59,Likely pathogenic,1,"Mar 09, 2023",2496854928,-,RCV003226666,"MONDO:MONDO:0017182,MedGen:C3888018,Orphanet:276525",Familial hyperinsulinism,germline,germline,GRCh37,NC_000011.9,11,17483374,17483374,na,na,11p15.1,"criteria provided, single submitter",1,-,N,ClinGen:CA379779539,2,2501069,17483374,T,C,-,-,-,-,-,-,SCV003922633,-,-
2523962,single nucleotide variant,NM_000352.6(ABCC8):c.580-2A>G,6833,ABCC8,HGNC:59,Likely pathogenic,1,"Mar 09, 2023",2496854928,-,RCV003226666,"MONDO:MONDO:0017182,MedGen:C3888018,Orphanet:276525",Familial hyperinsulinism,germline,germline,GRCh38,NC_000011.10,11,17461827,17461827,na,na,11p15.1,"criteria provided, single submitter",1,-,N,ClinGen:CA379779539,2,2501069,17461827,T,C,-,-,-,-,-,-,SCV003922633,-,-
2524440,single nucleotide variant,NM_000162.5(GCK):c.318G>C (p.Gln106His),2645,GCK,HGNC:4195,Uncertain significance,0,"Nov 04, 2022",2484535309,-,RCV003227332,MedGen:C3661900,not provided,germline,germline,GRCh37,NC_000007.13,7,44191915,44191915,na,na,7p13,"criteria provided, single submitter",1,-,N,ClinGen:CA367402709,2,2501537,44191915,C,G,-,-,-,-,-,-,SCV003923746,-,-
2524440,single nucleotide variant,NM_000162.5(GCK):c.318G>C (p.Gln106His),2645,GCK,HGNC:4195,Uncertain significance,0,"Nov 04, 2022",2484535309,-,RCV003227332,MedGen:C3661900,not provided,germline,germline,GRCh38,NC_000007.14,7,44152316,44152316,na,na,7p13,"criteria provided, single submitter",1,-,N,ClinGen:CA367402709,2,2501537,44152316,C,G,-,-,-,-,-,-,SCV003923746,-,-
2524568,Indel,NM_000352.6(ABCC8):c.3126_3129delinsTC (p.Leu1043fs),6833,ABCC8,HGNC:59,Likely pathogenic,1,-,2496530024,-,RCV003227460,"MONDO:MONDO:0009734,MedGen:C2931832,OMIM:256450,Orphanet:276575,Orphanet:276598","Hyperinsulinemic hypoglycemia, familial, 1",paternal,germline,GRCh37,NC_000011.9,11,17428468,17428471,na,na,11p15.1,no assertion criteria provided,1,-,N,ClinGen:CA2580615698,2,2501665,17428468,CAGG,GA,-,-,-,-,-,-,SCV003922072,-,-
2524568,Indel,NM_000352.6(ABCC8):c.3126_3129delinsTC (p.Leu1043fs),6833,ABCC8,HGNC:59,Likely pathogenic,1,-,2496530024,-,RCV003227460,"MONDO:MONDO:0009734,MedGen:C2931832,OMIM:256450,Orphanet:276575,Orphanet:276598","Hyperinsulinemic hypoglycemia, familial, 1",paternal,germline,GRCh38,NC_000011.10,11,17406921,17406924,na,na,11p15.1,no assertion criteria provided,1,-,N,ClinGen:CA2580615698,2,2501665,17406921,CAGG,GA,-,-,-,-,-,-,SCV003922072,-,-
2524725,single nucleotide variant,NM_000525.4(KCNJ11):c.112A>G (p.Lys38Glu),3767,KCNJ11,HGNC:6257,Conflicting classifications of pathogenicity,1,"Nov 18, 2024",2496412209,-,RCV003228205|RCV005414682,"MONDO:MONDO:0011153,MedGen:C2931833,OMIM:601820,Orphanet:276580,Orphanet:276603|MedGen:C3661900","Hyperinsulinemic hypoglycemia, familial, 2|not provided",germline,germline,GRCh37,NC_000011.9,11,17409527,17409527,na,na,11p15.1,"criteria provided, conflicting classifications",2,-,N,ClinGen:CA379776881,2,2501786,17409527,T,C,-,-,-,-,-,-,SCV003924309|SCV006081678,-,-
2524725,single nucleotide variant,NM_000525.4(KCNJ11):c.112A>G (p.Lys38Glu),3767,KCNJ11,HGNC:6257,Conflicting classifications of pathogenicity,1,"Nov 18, 2024",2496412209,-,RCV003228205|RCV005414682,"MONDO:MONDO:0011153,MedGen:C2931833,OMIM:601820,Orphanet:276580,Orphanet:276603|MedGen:C3661900","Hyperinsulinemic hypoglycemia, familial, 2|not provided",germline,germline,GRCh38,NC_000011.10,11,17387980,17387980,na,na,11p15.1,"criteria provided, conflicting classifications",2,-,N,ClinGen:CA379776881,2,2501786,17387980,T,C,-,-,-,-,-,-,SCV003924309|SCV006081678,-,-
2524738,single nucleotide variant,NM_000525.4(KCNJ11):c.1046T>C (p.Leu349Pro),3767,KCNJ11,HGNC:6257,Uncertain significance,0,"Mar 17, 2024",761453394,-,RCV003228219|RCV003988097|RCV005616620,"MONDO:MONDO:0011153,MedGen:C2931833,OMIM:601820,Orphanet:276580,Orphanet:276603|MONDO:MONDO:0030087,MedGen:C5394296,OMIM:618856|MONDO:MONDO:0100164,MedGen:C1833104,OMIM:PS606176,Orphanet:99885","Hyperinsulinemic hypoglycemia, familial, 2|Diabetes mellitus, permanent neonatal 2|Permanent neonatal diabetes mellitus",germline,germline,GRCh37,NC_000011.9,11,17408593,17408593,na,na,11p15.1,"criteria provided, single submitter",2,-,N,ClinGen:CA218399215,2,2501800,17408593,A,G,-,-,-,-,-,-,SCV003924346|SCV004805126,-,-
2524738,single nucleotide variant,NM_000525.4(KCNJ11):c.1046T>C (p.Leu349Pro),3767,KCNJ11,HGNC:6257,Uncertain significance,0,"Mar 17, 2024",761453394,-,RCV003228219|RCV003988097|RCV005616620,"MONDO:MONDO:0011153,MedGen:C2931833,OMIM:601820,Orphanet:276580,Orphanet:276603|MONDO:MONDO:0030087,MedGen:C5394296,OMIM:618856|MONDO:MONDO:0100164,MedGen:C1833104,OMIM:PS606176,Orphanet:99885","Hyperinsulinemic hypoglycemia, familial, 2|Diabetes mellitus, permanent neonatal 2|Permanent neonatal diabetes mellitus",germline,germline,GRCh38,NC_000011.10,11,17387046,17387046,na,na,11p15.1,"criteria provided, single submitter",2,-,N,ClinGen:CA218399215,2,2501800,17387046,A,G,-,-,-,-,-,-,SCV003924346|SCV004805126,-,-
2534299,single nucleotide variant,NM_000162.5(GCK):c.562G>C (p.Ala188Pro),2645,GCK,HGNC:4195,Likely pathogenic,1,"Nov 14, 2022",751279776,-,RCV003228508,MedGen:C3661900,not provided,germline,germline,GRCh37,NC_000007.13,7,44189585,44189585,na,na,7p13,"criteria provided, single submitter",1,-,N,ClinGen:CA367401562,2,2502089,44189585,C,G,-,-,-,-,-,-,SCV003924946,-,-
2534299,single nucleotide variant,NM_000162.5(GCK):c.562G>C (p.Ala188Pro),2645,GCK,HGNC:4195,Likely pathogenic,1,"Nov 14, 2022",751279776,-,RCV003228508,MedGen:C3661900,not provided,germline,germline,GRCh38,NC_000007.14,7,44149986,44149986,na,na,7p13,"criteria provided, single submitter",1,-,N,ClinGen:CA367401562,2,2502089,44149986,C,G,-,-,-,-,-,-,SCV003924946,-,-
2534380,single nucleotide variant,NM_000352.6(ABCC8):c.421G>A (p.Val141Met),6833,ABCC8,HGNC:59,Uncertain significance,0,"May 25, 2022",2496866140,-,RCV003228588|RCV005608943,"MONDO:MONDO:0009734,MedGen:C2931832,OMIM:256450,Orphanet:276575,Orphanet:276598|","Hyperinsulinemic hypoglycemia, familial, 1|Hereditary hyperinsulinism",germline,germline,GRCh37,NC_000011.9,11,17485143,17485143,na,na,11p15.1,"criteria provided, single submitter",2,-,N,ClinGen:CA379780654,2,2502170,17485143,C,T,-,-,-,-,-,-,SCV003925153,-,-
2534380,single nucleotide variant,NM_000352.6(ABCC8):c.421G>A (p.Val141Met),6833,ABCC8,HGNC:59,Uncertain significance,0,"May 25, 2022",2496866140,-,RCV003228588|RCV005608943,"MONDO:MONDO:0009734,MedGen:C2931832,OMIM:256450,Orphanet:276575,Orphanet:276598|","Hyperinsulinemic hypoglycemia, familial, 1|Hereditary hyperinsulinism",germline,germline,GRCh38,NC_000011.10,11,17463596,17463596,na,na,11p15.1,"criteria provided, single submitter",2,-,N,ClinGen:CA379780654,2,2502170,17463596,C,T,-,-,-,-,-,-,SCV003925153,-,-
2534397,single nucleotide variant,NM_000352.6(ABCC8):c.2105G>A (p.Arg702His),6833,ABCC8,HGNC:59,Uncertain significance,0,"Jun 24, 2022",755181061,-,RCV003228605,"MONDO:MONDO:0009734,MedGen:C2931832,OMIM:256450,Orphanet:276575,Orphanet:276598","Hyperinsulinemic hypoglycemia, familial, 1",germline,germline,GRCh37,NC_000011.9,11,17449425,17449425,na,na,11p15.1,"criteria provided, single submitter",1,-,N,ClinGen:CA5903314,2,2502187,17449425,C,T,-,-,-,-,-,-,SCV003925194,-,-
2534397,single nucleotide variant,NM_000352.6(ABCC8):c.2105G>A (p.Arg702His),6833,ABCC8,HGNC:59,Uncertain significance,0,"Jun 24, 2022",755181061,-,RCV003228605,"MONDO:MONDO:0009734,MedGen:C2931832,OMIM:256450,Orphanet:276575,Orphanet:276598","Hyperinsulinemic hypoglycemia, familial, 1",germline,germline,GRCh38,NC_000011.10,11,17427878,17427878,na,na,11p15.1,"criteria provided, single submitter",1,-,N,ClinGen:CA5903314,2,2502187,17427878,C,T,-,-,-,-,-,-,SCV003925194,-,-
2534399,single nucleotide variant,NM_000352.6(ABCC8):c.3928G>T (p.Ala1310Ser),6833,ABCC8,HGNC:59,Uncertain significance,0,"Apr 30, 2024",745417115,-,RCV003228607|RCV005047473,"MONDO:MONDO:0009734,MedGen:C2931832,OMIM:256450,Orphanet:276575,Orphanet:276598|MONDO:MONDO:0009415,MedGen:C0271714,OMIM:240800;MONDO:MONDO:0030088,MedGen:C5394303,OMIM:618857;MONDO:MONDO:0009734,MedGen:C2931832,OMIM:256450,Orphanet:276575,Orphanet:276598;MONDO:MONDO:0012480,MedGen:C1835887,OMIM:610374,Orphanet:99886;Human Phenotype Ontology:HP:0005965,Human Phenotype Ontology:HP:0005978,Human Phenotype Ontology:HP:0100652,MONDO:MONDO:0005148,MeSH:D003924,MedGen:C0011860,OMIM:125853","Hyperinsulinemic hypoglycemia, familial, 1|Leucine-induced hypoglycemia;Diabetes mellitus, permanent neonatal 3;Hyperinsulinemic hypoglycemia, familial, 1;Diabetes mellitus, transient neonatal, 2;Type 2 diabetes mellitus",germline,germline,GRCh37,NC_000011.9,11,17418800,17418800,na,na,11p15.1,"criteria provided, multiple submitters, no conflicts",2,-,N,ClinGen:CA5902646,2,2502189,17418800,C,A,-,-,-,-,-,-,SCV003925201|SCV005681076,-,-
2534399,single nucleotide variant,NM_000352.6(ABCC8):c.3928G>T (p.Ala1310Ser),6833,ABCC8,HGNC:59,Uncertain significance,0,"Apr 30, 2024",745417115,-,RCV003228607|RCV005047473,"MONDO:MONDO:0009734,MedGen:C2931832,OMIM:256450,Orphanet:276575,Orphanet:276598|MONDO:MONDO:0009415,MedGen:C0271714,OMIM:240800;MONDO:MONDO:0030088,MedGen:C5394303,OMIM:618857;MONDO:MONDO:0009734,MedGen:C2931832,OMIM:256450,Orphanet:276575,Orphanet:276598;MONDO:MONDO:0012480,MedGen:C1835887,OMIM:610374,Orphanet:99886;Human Phenotype Ontology:HP:0005965,Human Phenotype Ontology:HP:0005978,Human Phenotype Ontology:HP:0100652,MONDO:MONDO:0005148,MeSH:D003924,MedGen:C0011860,OMIM:125853","Hyperinsulinemic hypoglycemia, familial, 1|Leucine-induced hypoglycemia;Diabetes mellitus, permanent neonatal 3;Hyperinsulinemic hypoglycemia, familial, 1;Diabetes mellitus, transient neonatal, 2;Type 2 diabetes mellitus",germline,germline,GRCh38,NC_000011.10,11,17397253,17397253,na,na,11p15.1,"criteria provided, multiple submitters, no conflicts",2,-,N,ClinGen:CA5902646,2,2502189,17397253,C,A,-,-,-,-,-,-,SCV003925201|SCV005681076,-,-
2534403,single nucleotide variant,NM_000352.6(ABCC8):c.1332+3A>G,6833,ABCC8,HGNC:59,Uncertain significance,0,"Jul 11, 2022",1956629415,-,RCV003228611,"MONDO:MONDO:0009734,MedGen:C2931832,OMIM:256450,Orphanet:276575,Orphanet:276598","Hyperinsulinemic hypoglycemia, familial, 1",germline,germline,GRCh37,NC_000011.9,11,17470060,17470060,na,na,11p15.1,"criteria provided, single submitter",1,-,N,ClinGen:CA2580615639,2,2502193,17470060,T,C,-,-,-,-,-,-,SCV003925219,-,-
2534403,single nucleotide variant,NM_000352.6(ABCC8):c.1332+3A>G,6833,ABCC8,HGNC:59,Uncertain significance,0,"Jul 11, 2022",1956629415,-,RCV003228611,"MONDO:MONDO:0009734,MedGen:C2931832,OMIM:256450,Orphanet:276575,Orphanet:276598","Hyperinsulinemic hypoglycemia, familial, 1",germline,germline,GRCh38,NC_000011.10,11,17448513,17448513,na,na,11p15.1,"criteria provided, single submitter",1,-,N,ClinGen:CA2580615639,2,2502193,17448513,T,C,-,-,-,-,-,-,SCV003925219,-,-
2534405,single nucleotide variant,NM_000352.6(ABCC8):c.1571C>T (p.Thr524Met),6833,ABCC8,HGNC:59,Uncertain significance,0,"May 15, 2025",765028814,-,RCV003228613|RCV005639500,"MONDO:MONDO:0009734,MedGen:C2931832,OMIM:256450,Orphanet:276575,Orphanet:276598|MedGen:C3661900","Hyperinsulinemic hypoglycemia, familial, 1|not provided",germline,germline,GRCh37,NC_000011.9,11,17464326,17464326,na,na,11p15.1,"criteria provided, multiple submitters, no conflicts",3,-,N,ClinGen:CA5903525,2,2502195,17464326,G,A,-,-,-,-,-,-,SCV003925234|SCV006326586|SCV007426484,-,-
2534405,single nucleotide variant,NM_000352.6(ABCC8):c.1571C>T (p.Thr524Met),6833,ABCC8,HGNC:59,Uncertain significance,0,"May 15, 2025",765028814,-,RCV003228613|RCV005639500,"MONDO:MONDO:0009734,MedGen:C2931832,OMIM:256450,Orphanet:276575,Orphanet:276598|MedGen:C3661900","Hyperinsulinemic hypoglycemia, familial, 1|not provided",germline,germline,GRCh38,NC_000011.10,11,17442779,17442779,na,na,11p15.1,"criteria provided, multiple submitters, no conflicts",3,-,N,ClinGen:CA5903525,2,2502195,17442779,G,A,-,-,-,-,-,-,SCV003925234|SCV006326586|SCV007426484,-,-
2534432,single nucleotide variant,NM_000352.6(ABCC8):c.1913A>C (p.Tyr638Ser),6833,ABCC8,HGNC:59,Uncertain significance,0,"Jan 31, 2022",2496671097,-,RCV003228640,"MONDO:MONDO:0009734,MedGen:C2931832,OMIM:256450,Orphanet:276575,Orphanet:276598","Hyperinsulinemic hypoglycemia, familial, 1",germline,germline,GRCh37,NC_000011.9,11,17450122,17450122,na,na,11p15.1,"criteria provided, single submitter",1,-,N,ClinGen:CA379815572,2,2502222,17450122,T,G,-,-,-,-,-,-,SCV003925321,-,-
2534432,single nucleotide variant,NM_000352.6(ABCC8):c.1913A>C (p.Tyr638Ser),6833,ABCC8,HGNC:59,Uncertain significance,0,"Jan 31, 2022",2496671097,-,RCV003228640,"MONDO:MONDO:0009734,MedGen:C2931832,OMIM:256450,Orphanet:276575,Orphanet:276598","Hyperinsulinemic hypoglycemia, familial, 1",germline,germline,GRCh38,NC_000011.10,11,17428575,17428575,na,na,11p15.1,"criteria provided, single submitter",1,-,N,ClinGen:CA379815572,2,2502222,17428575,T,G,-,-,-,-,-,-,SCV003925321,-,-
2534451,single nucleotide variant,NM_000352.6(ABCC8):c.1012-7C>G,6833,ABCC8,HGNC:59,Uncertain significance,0,"Mar 30, 2022",1432242497,-,RCV003228660,"MONDO:MONDO:0009734,MedGen:C2931832,OMIM:256450,Orphanet:276575,Orphanet:276598","Hyperinsulinemic hypoglycemia, familial, 1",germline,germline,GRCh37,NC_000011.9,11,17474837,17474837,na,na,11p15.1,"criteria provided, single submitter",1,-,N,ClinGen:CA674193988,2,2502242,17474837,G,C,-,-,-,-,-,-,SCV003925370,-,-
2534451,single nucleotide variant,NM_000352.6(ABCC8):c.1012-7C>G,6833,ABCC8,HGNC:59,Uncertain significance,0,"Mar 30, 2022",1432242497,-,RCV003228660,"MONDO:MONDO:0009734,MedGen:C2931832,OMIM:256450,Orphanet:276575,Orphanet:276598","Hyperinsulinemic hypoglycemia, familial, 1",germline,germline,GRCh38,NC_000011.10,11,17453290,17453290,na,na,11p15.1,"criteria provided, single submitter",1,-,N,ClinGen:CA674193988,2,2502242,17453290,G,C,-,-,-,-,-,-,SCV003925370,-,-
2534452,single nucleotide variant,NM_000352.6(ABCC8):c.2684A>T (p.His895Leu),6833,ABCC8,HGNC:59,Uncertain significance,0,"Mar 31, 2022",768566884,-,RCV003228661,"MONDO:MONDO:0009734,MedGen:C2931832,OMIM:256450,Orphanet:276575,Orphanet:276598","Hyperinsulinemic hypoglycemia, familial, 1",germline,germline,GRCh37,NC_000011.9,11,17432073,17432073,na,na,11p15.1,"criteria provided, single submitter",1,-,N,ClinGen:CA379805958,2,2502243,17432073,T,A,-,-,-,-,-,-,SCV003925372,-,-
2534452,single nucleotide variant,NM_000352.6(ABCC8):c.2684A>T (p.His895Leu),6833,ABCC8,HGNC:59,Uncertain significance,0,"Mar 31, 2022",768566884,-,RCV003228661,"MONDO:MONDO:0009734,MedGen:C2931832,OMIM:256450,Orphanet:276575,Orphanet:276598","Hyperinsulinemic hypoglycemia, familial, 1",germline,germline,GRCh38,NC_000011.10,11,17410526,17410526,na,na,11p15.1,"criteria provided, single submitter",1,-,N,ClinGen:CA379805958,2,2502243,17410526,T,A,-,-,-,-,-,-,SCV003925372,-,-
2534483,single nucleotide variant,NM_000162.5(GCK):c.360G>C (p.Glu120Asp),2645,GCK,HGNC:4195,Uncertain significance,0,"Mar 31, 2023",2484534814,-,RCV003228693,"Human Phenotype Ontology:HP:0005965,Human Phenotype Ontology:HP:0005978,Human Phenotype Ontology:HP:0100652,MONDO:MONDO:0005148,MeSH:D003924,MedGen:C0011860,OMIM:125853",Type 2 diabetes mellitus,germline,germline,GRCh37,NC_000007.13,7,44191873,44191873,na,na,7p13,"criteria provided, single submitter",1,-,N,ClinGen:CA367402557,2,2502275,44191873,C,G,-,-,-,-,-,-,SCV003924365,-,-
2534483,single nucleotide variant,NM_000162.5(GCK):c.360G>C (p.Glu120Asp),2645,GCK,HGNC:4195,Uncertain significance,0,"Mar 31, 2023",2484534814,-,RCV003228693,"Human Phenotype Ontology:HP:0005965,Human Phenotype Ontology:HP:0005978,Human Phenotype Ontology:HP:0100652,MONDO:MONDO:0005148,MeSH:D003924,MedGen:C0011860,OMIM:125853",Type 2 diabetes mellitus,germline,germline,GRCh38,NC_000007.14,7,44152274,44152274,na,na,7p13,"criteria provided, single submitter",1,-,N,ClinGen:CA367402557,2,2502275,44152274,C,G,-,-,-,-,-,-,SCV003924365,-,-
2668321,single nucleotide variant,NM_000352.6(ABCC8):c.851C>T (p.Ala284Val),6833,ABCC8,HGNC:59,Uncertain significance,0,"Nov 27, 2022",1957155307,-,RCV003229974,MedGen:C3661900,not provided,germline,germline,GRCh37,NC_000011.9,11,17482195,17482195,na,na,11p15.1,"criteria provided, single submitter",1,-,N,ClinGen:CA379777596,2,2503140,17482195,G,A,-,-,-,-,-,-,SCV003927314,-,-
2668321,single nucleotide variant,NM_000352.6(ABCC8):c.851C>T (p.Ala284Val),6833,ABCC8,HGNC:59,Uncertain significance,0,"Nov 27, 2022",1957155307,-,RCV003229974,MedGen:C3661900,not provided,germline,germline,GRCh38,NC_000011.10,11,17460648,17460648,na,na,11p15.1,"criteria provided, single submitter",1,-,N,ClinGen:CA379777596,2,2503140,17460648,G,A,-,-,-,-,-,-,SCV003927314,-,-
2668407,single nucleotide variant,NM_000525.4(KCNJ11):c.1056C>A (p.Asp352Glu),3767,KCNJ11,HGNC:6257,Uncertain significance,0,"Nov 25, 2022",1953570095,-,RCV003230060,MedGen:C3661900,not provided,germline,germline,GRCh37,NC_000011.9,11,17408583,17408583,na,na,11p15.1,"criteria provided, single submitter",1,-,N,ClinGen:CA379769336,2,2503226,17408583,G,T,-,-,-,-,-,-,SCV003927417,-,-
2668407,single nucleotide variant,NM_000525.4(KCNJ11):c.1056C>A (p.Asp352Glu),3767,KCNJ11,HGNC:6257,Uncertain significance,0,"Nov 25, 2022",1953570095,-,RCV003230060,MedGen:C3661900,not provided,germline,germline,GRCh38,NC_000011.10,11,17387036,17387036,na,na,11p15.1,"criteria provided, single submitter",1,-,N,ClinGen:CA379769336,2,2503226,17387036,G,T,-,-,-,-,-,-,SCV003927417,-,-
2668655,single nucleotide variant,NM_000162.5(GCK):c.1A>T (p.Met1Leu),2645,GCK,HGNC:4195,Likely benign,0,-,2484626558,-,RCV003230246,"MONDO:MONDO:0011236,MedGen:C1865290,OMIM:602485,Orphanet:79299",Hyperinsulinism due to glucokinase deficiency,germline,germline,GRCh37,NC_000007.13,7,44228552,44228552,na,na,7p13,"criteria provided, single submitter",1,-,N,ClinGen:CA367358357,2,2503474,44228552,T,A,-,-,-,-,-,-,SCV003926612,-,-
2668655,single nucleotide variant,NM_000162.5(GCK):c.1A>T (p.Met1Leu),2645,GCK,HGNC:4195,Likely benign,0,-,2484626558,-,RCV003230246,"MONDO:MONDO:0011236,MedGen:C1865290,OMIM:602485,Orphanet:79299",Hyperinsulinism due to glucokinase deficiency,germline,germline,GRCh38,NC_000007.14,7,44188953,44188953,na,na,7p13,"criteria provided, single submitter",1,-,N,ClinGen:CA367358357,2,2503474,44188953,T,A,-,-,-,-,-,-,SCV003926612,-,-
2668802,Deletion,NM_000162.5(GCK):c.810_814del (p.Leu271fs),2645,GCK,HGNC:4195,Pathogenic,1,"Jun 11, 2025",2484513635,-,RCV003230883|RCV006561266,"MONDO:MONDO:0015967,MedGen:C3888631,Orphanet:183625|MedGen:C3661900",Monogenic diabetes|not provided,germline,germline,GRCh37,NC_000007.13,7,44187298,44187302,na,na,7p13,"criteria provided, multiple submitters, no conflicts",2,-,N,ClinGen:CA2580615880,2,2503892,44187297,TCCAGC,T,-,-,-,-,-,-,SCV003928820|SCV007461527,-,-
2668802,Deletion,NM_000162.5(GCK):c.810_814del (p.Leu271fs),2645,GCK,HGNC:4195,Pathogenic,1,"Jun 11, 2025",2484513635,-,RCV003230883|RCV006561266,"MONDO:MONDO:0015967,MedGen:C3888631,Orphanet:183625|MedGen:C3661900",Monogenic diabetes|not provided,germline,germline,GRCh38,NC_000007.14,7,44147699,44147703,na,na,7p13,"criteria provided, multiple submitters, no conflicts",2,-,N,ClinGen:CA2580615880,2,2503892,44147698,TCCAGC,T,-,-,-,-,-,-,SCV003928820|SCV007461527,-,-
2668803,single nucleotide variant,NM_000162.5(GCK):c.130G>T (p.Gly44Cys),2645,GCK,HGNC:4195,Conflicting classifications of pathogenicity,1,"Feb 19, 2024",267601516,-,RCV003230884|RCV003420621|RCV003561253|RCV005414683,"MedGen:CN169374||MedGen:C3661900|Human Phenotype Ontology:HP:0005965,Human Phenotype Ontology:HP:0005978,Human Phenotype Ontology:HP:0100652,MONDO:MONDO:0005148,MeSH:D003924,MedGen:C0011860,OMIM:125853",not specified|GCK-related disorder|not provided|Type 2 diabetes mellitus,germline,germline,GRCh37,NC_000007.13,7,44192978,44192978,na,na,7p13,"criteria provided, conflicting classifications",4,-,N,ClinGen:CA367403443,2,2503893,44192978,C,A,-,-,-,-,-,-,SCV003928822|SCV004114552|SCV004295190|SCV006082239,-,-
2668803,single nucleotide variant,NM_000162.5(GCK):c.130G>T (p.Gly44Cys),2645,GCK,HGNC:4195,Conflicting classifications of pathogenicity,1,"Feb 19, 2024",267601516,-,RCV003230884|RCV003420621|RCV003561253|RCV005414683,"MedGen:CN169374||MedGen:C3661900|Human Phenotype Ontology:HP:0005965,Human Phenotype Ontology:HP:0005978,Human Phenotype Ontology:HP:0100652,MONDO:MONDO:0005148,MeSH:D003924,MedGen:C0011860,OMIM:125853",not specified|GCK-related disorder|not provided|Type 2 diabetes mellitus,germline,germline,GRCh38,NC_000007.14,7,44153379,44153379,na,na,7p13,"criteria provided, conflicting classifications",4,-,N,ClinGen:CA367403443,2,2503893,44153379,C,A,-,-,-,-,-,-,SCV003928822|SCV004114552|SCV004295190|SCV006082239,-,-
2668804,Duplication,NM_000162.5(GCK):c.509_517dup (p.Lys172_Ala173insGlyPheLys),2645,GCK,HGNC:4195,Likely pathogenic,1,"Apr 04, 2025",2484524321,-,RCV003230885|RCV006474083,"MONDO:MONDO:0015967,MedGen:C3888631,Orphanet:183625|MedGen:C3661900",Monogenic diabetes|not provided,germline,germline,GRCh37,NC_000007.13,7,44189629,44189630,na,na,7p13,reviewed by expert panel,3,-,N,ClinGen:CA2573050986,2,2503894,44189629,G,GCCTTGAAGC,-,-,-,-,-,-,SCV003932648,-,-
2668804,Duplication,NM_000162.5(GCK):c.509_517dup (p.Lys172_Ala173insGlyPheLys),2645,GCK,HGNC:4195,Likely pathogenic,1,"Apr 04, 2025",2484524321,-,RCV003230885|RCV006474083,"MONDO:MONDO:0015967,MedGen:C3888631,Orphanet:183625|MedGen:C3661900",Monogenic diabetes|not provided,germline,germline,GRCh38,NC_000007.14,7,44150030,44150031,na,na,7p13,reviewed by expert panel,3,-,N,ClinGen:CA2573050986,2,2503894,44150030,G,GCCTTGAAGC,-,-,-,-,-,-,SCV003932648,-,-
2668823,single nucleotide variant,NM_000352.6(ABCC8):c.443T>C (p.Ile148Thr),6833,ABCC8,HGNC:59,Uncertain significance,0,"Nov 24, 2025",767409085,-,RCV003230906|RCV005047476,"MedGen:CN169374|MONDO:MONDO:0009415,MedGen:C0271714,OMIM:240800;MONDO:MONDO:0030088,MedGen:C5394303,OMIM:618857;MONDO:MONDO:0009734,MedGen:C2931832,OMIM:256450,Orphanet:276575,Orphanet:276598;MONDO:MONDO:0012480,MedGen:C1835887,OMIM:610374,Orphanet:99886;Human Phenotype Ontology:HP:0005965,Human Phenotype Ontology:HP:0005978,Human Phenotype Ontology:HP:0100652,MONDO:MONDO:0005148,MeSH:D003924,MedGen:C0011860,OMIM:125853","not specified|Leucine-induced hypoglycemia;Diabetes mellitus, permanent neonatal 3;Hyperinsulinemic hypoglycemia, familial, 1;Diabetes mellitus, transient neonatal, 2;Type 2 diabetes mellitus",germline,germline,GRCh37,NC_000011.9,11,17485121,17485121,na,na,11p15.1,"criteria provided, multiple submitters, no conflicts",2,-,N,ClinGen:CA5903869,2,2503915,17485121,A,G,-,-,-,-,-,-,SCV003928943|SCV005676107,-,-
2668823,single nucleotide variant,NM_000352.6(ABCC8):c.443T>C (p.Ile148Thr),6833,ABCC8,HGNC:59,Uncertain significance,0,"Nov 24, 2025",767409085,-,RCV003230906|RCV005047476,"MedGen:CN169374|MONDO:MONDO:0009415,MedGen:C0271714,OMIM:240800;MONDO:MONDO:0030088,MedGen:C5394303,OMIM:618857;MONDO:MONDO:0009734,MedGen:C2931832,OMIM:256450,Orphanet:276575,Orphanet:276598;MONDO:MONDO:0012480,MedGen:C1835887,OMIM:610374,Orphanet:99886;Human Phenotype Ontology:HP:0005965,Human Phenotype Ontology:HP:0005978,Human Phenotype Ontology:HP:0100652,MONDO:MONDO:0005148,MeSH:D003924,MedGen:C0011860,OMIM:125853","not specified|Leucine-induced hypoglycemia;Diabetes mellitus, permanent neonatal 3;Hyperinsulinemic hypoglycemia, familial, 1;Diabetes mellitus, transient neonatal, 2;Type 2 diabetes mellitus",germline,germline,GRCh38,NC_000011.10,11,17463574,17463574,na,na,11p15.1,"criteria provided, multiple submitters, no conflicts",2,-,N,ClinGen:CA5903869,2,2503915,17463574,A,G,-,-,-,-,-,-,SCV003928943|SCV005676107,-,-
2669340,single nucleotide variant,NM_000162.5(GCK):c.59T>C (p.Leu20Pro),2645,GCK,HGNC:4195,Likely pathogenic,1,"Jul 19, 2023",2484540522,-,RCV003231847,MedGen:C3661900,not provided,germline,germline,GRCh37,NC_000007.13,7,44193049,44193049,na,na,7p13,"criteria provided, single submitter",1,-,N,ClinGen:CA367403809,2,2504386,44193049,A,G,-,-,-,-,-,-,SCV003929953,-,-
2669340,single nucleotide variant,NM_000162.5(GCK):c.59T>C (p.Leu20Pro),2645,GCK,HGNC:4195,Likely pathogenic,1,"Jul 19, 2023",2484540522,-,RCV003231847,MedGen:C3661900,not provided,germline,germline,GRCh38,NC_000007.14,7,44153450,44153450,na,na,7p13,"criteria provided, single submitter",1,-,N,ClinGen:CA367403809,2,2504386,44153450,A,G,-,-,-,-,-,-,SCV003929953,-,-
2669951,single nucleotide variant,NM_000525.4(KCNJ11):c.1019C>A (p.Pro340His),3767,KCNJ11,HGNC:6257,Uncertain significance,0,"Dec 08, 2022",1324969572,-,RCV003233164,MedGen:C3661900,not provided,germline,germline,GRCh37,NC_000011.9,11,17408620,17408620,na,na,11p15.1,"criteria provided, single submitter",1,-,N,ClinGen:CA379769410,2,2504984,17408620,G,T,-,-,-,-,-,-,SCV003930987,-,-
2669951,single nucleotide variant,NM_000525.4(KCNJ11):c.1019C>A (p.Pro340His),3767,KCNJ11,HGNC:6257,Uncertain significance,0,"Dec 08, 2022",1324969572,-,RCV003233164,MedGen:C3661900,not provided,germline,germline,GRCh38,NC_000011.10,11,17387073,17387073,na,na,11p15.1,"criteria provided, single submitter",1,-,N,ClinGen:CA379769410,2,2504984,17387073,G,T,-,-,-,-,-,-,SCV003930987,-,-
2670449,Indel,NM_000162.5(GCK):c.627_628delinsAG (p.Met210Val),2645,GCK,HGNC:4195,Likely pathogenic,1,"May 26, 2023",2484522653,-,RCV003234753,"MONDO:MONDO:0015967,MedGen:C3888631,Orphanet:183625",Monogenic diabetes,germline,germline,GRCh37,NC_000007.13,7,44189410,44189411,na,na,7p13,reviewed by expert panel,1,-,N,ClinGen:CA2018007653,2,2505485,44189410,TC,CT,-,-,-,-,-,-,SCV003932643,-,-
2670449,Indel,NM_000162.5(GCK):c.627_628delinsAG (p.Met210Val),2645,GCK,HGNC:4195,Likely pathogenic,1,"May 26, 2023",2484522653,-,RCV003234753,"MONDO:MONDO:0015967,MedGen:C3888631,Orphanet:183625",Monogenic diabetes,germline,germline,GRCh38,NC_000007.14,7,44149811,44149812,na,na,7p13,reviewed by expert panel,1,-,N,ClinGen:CA2018007653,2,2505485,44149811,TC,CT,-,-,-,-,-,-,SCV003932643,-,-
2670450,single nucleotide variant,NM_000162.5(GCK):c.628A>G (p.Met210Val),2645,GCK,HGNC:4195,Likely pathogenic,1,"May 26, 2023",2484522642,-,RCV003234754,"MONDO:MONDO:0015967,MedGen:C3888631,Orphanet:183625",Monogenic diabetes,germline,germline,GRCh37,NC_000007.13,7,44189410,44189410,na,na,7p13,reviewed by expert panel,1,-,N,ClinGen:CA367401305,2,2505486,44189410,T,C,-,-,-,-,-,-,SCV003932644,-,-
2670450,single nucleotide variant,NM_000162.5(GCK):c.628A>G (p.Met210Val),2645,GCK,HGNC:4195,Likely pathogenic,1,"May 26, 2023",2484522642,-,RCV003234754,"MONDO:MONDO:0015967,MedGen:C3888631,Orphanet:183625",Monogenic diabetes,germline,germline,GRCh38,NC_000007.14,7,44149811,44149811,na,na,7p13,reviewed by expert panel,1,-,N,ClinGen:CA367401305,2,2505486,44149811,T,C,-,-,-,-,-,-,SCV003932644,-,-
2670451,single nucleotide variant,NM_000162.5(GCK):c.363+2T>A,2645,GCK,HGNC:4195,Pathogenic,1,"May 26, 2023",2484534778,-,RCV003234755,"MONDO:MONDO:0015967,MedGen:C3888631,Orphanet:183625",Monogenic diabetes,germline,germline,GRCh37,NC_000007.13,7,44191868,44191868,na,na,7p13,reviewed by expert panel,1,-,N,ClinGen:CA367402542,2,2505487,44191868,A,T,-,-,-,-,-,-,SCV003932646,-,-
2670451,single nucleotide variant,NM_000162.5(GCK):c.363+2T>A,2645,GCK,HGNC:4195,Pathogenic,1,"May 26, 2023",2484534778,-,RCV003234755,"MONDO:MONDO:0015967,MedGen:C3888631,Orphanet:183625",Monogenic diabetes,germline,germline,GRCh38,NC_000007.14,7,44152269,44152269,na,na,7p13,reviewed by expert panel,1,-,N,ClinGen:CA367402542,2,2505487,44152269,A,T,-,-,-,-,-,-,SCV003932646,-,-
2670452,Deletion,NM_000162.5(GCK):c.1391_1392del (p.Gly464fs),2645,GCK,HGNC:4195,Likely pathogenic,1,"Mar 24, 2023",2484491285,-,RCV003234756,"MONDO:MONDO:0015967,MedGen:C3888631,Orphanet:183625",Monogenic diabetes,germline,germline,GRCh37,NC_000007.13,7,44184741,44184742,na,na,7p13,reviewed by expert panel,1,-,N,ClinGen:CA2573102977,2,2505488,44184740,GGC,G,-,-,-,-,-,-,SCV003932647,-,-
2670452,Deletion,NM_000162.5(GCK):c.1391_1392del (p.Gly464fs),2645,GCK,HGNC:4195,Likely pathogenic,1,"Mar 24, 2023",2484491285,-,RCV003234756,"MONDO:MONDO:0015967,MedGen:C3888631,Orphanet:183625",Monogenic diabetes,germline,germline,GRCh38,NC_000007.14,7,44145142,44145143,na,na,7p13,reviewed by expert panel,1,-,N,ClinGen:CA2573102977,2,2505488,44145141,GGC,G,-,-,-,-,-,-,SCV003932647,-,-
2671107,single nucleotide variant,NM_000162.5(GCK):c.1354G>C (p.Val452Leu),2645,GCK,HGNC:4195,Likely pathogenic,1,"May 03, 2023",2484491913,-,RCV003236379,"MONDO:MONDO:0017182,MedGen:C3888018,Orphanet:276525",Familial hyperinsulinism,germline,germline,GRCh37,NC_000007.13,7,44184779,44184779,na,na,7p13,"criteria provided, single submitter",1,-,N,ClinGen:CA367396891,2,2506148,44184779,C,G,-,-,-,-,-,-,SCV003934328,-,-
2671107,single nucleotide variant,NM_000162.5(GCK):c.1354G>C (p.Val452Leu),2645,GCK,HGNC:4195,Likely pathogenic,1,"May 03, 2023",2484491913,-,RCV003236379,"MONDO:MONDO:0017182,MedGen:C3888018,Orphanet:276525",Familial hyperinsulinism,germline,germline,GRCh38,NC_000007.14,7,44145180,44145180,na,na,7p13,"criteria provided, single submitter",1,-,N,ClinGen:CA367396891,2,2506148,44145180,C,G,-,-,-,-,-,-,SCV003934328,-,-
2671144,single nucleotide variant,NM_000352.6(ABCC8):c.4486G>A (p.Val1496Met),6833,ABCC8,HGNC:59,Uncertain significance,0,"Aug 16, 2023",377696470,-,RCV003236417|RCV003321985,"MedGen:CN169374|MONDO:MONDO:0009734,MedGen:C2931832,OMIM:256450,Orphanet:276575,Orphanet:276598","not specified|Hyperinsulinemic hypoglycemia, familial, 1",germline,germline,GRCh37,NC_000011.9,11,17415872,17415872,na,na,11p15.1,"criteria provided, multiple submitters, no conflicts",2,-,N,ClinGen:CA5902464,2,2506186,17415872,C,T,-,-,-,-,-,-,SCV003934472|SCV004026525,-,-
2671144,single nucleotide variant,NM_000352.6(ABCC8):c.4486G>A (p.Val1496Met),6833,ABCC8,HGNC:59,Uncertain significance,0,"Aug 16, 2023",377696470,-,RCV003236417|RCV003321985,"MedGen:CN169374|MONDO:MONDO:0009734,MedGen:C2931832,OMIM:256450,Orphanet:276575,Orphanet:276598","not specified|Hyperinsulinemic hypoglycemia, familial, 1",germline,germline,GRCh38,NC_000011.10,11,17394325,17394325,na,na,11p15.1,"criteria provided, multiple submitters, no conflicts",2,-,N,ClinGen:CA5902464,2,2506186,17394325,C,T,-,-,-,-,-,-,SCV003934472|SCV004026525,-,-
2671145,single nucleotide variant,NM_000352.6(ABCC8):c.3785C>T (p.Ala1262Val),6833,ABCC8,HGNC:59,Uncertain significance,0,"May 10, 2023",2496470238,-,RCV003236418,MedGen:CN169374,not specified,germline,germline,GRCh37,NC_000011.9,11,17419313,17419313,na,na,11p15.1,"criteria provided, single submitter",1,-,N,ClinGen:CA379793524,2,2506187,17419313,G,A,-,-,-,-,-,-,SCV003934473,-,-
2671145,single nucleotide variant,NM_000352.6(ABCC8):c.3785C>T (p.Ala1262Val),6833,ABCC8,HGNC:59,Uncertain significance,0,"May 10, 2023",2496470238,-,RCV003236418,MedGen:CN169374,not specified,germline,germline,GRCh38,NC_000011.10,11,17397766,17397766,na,na,11p15.1,"criteria provided, single submitter",1,-,N,ClinGen:CA379793524,2,2506187,17397766,G,A,-,-,-,-,-,-,SCV003934473,-,-
2671146,single nucleotide variant,NM_000352.6(ABCC8):c.86A>G (p.Asp29Gly),6833,ABCC8,HGNC:59,Uncertain significance,0,"May 03, 2023",1591934736,-,RCV003236419,MedGen:CN169374,not specified,germline,germline,GRCh37,NC_000011.9,11,17498238,17498238,na,na,11p15.1,"criteria provided, single submitter",1,-,N,ClinGen:CA379790032,2,2506188,17498238,T,C,-,-,-,-,-,-,SCV003934474,-,-
2671146,single nucleotide variant,NM_000352.6(ABCC8):c.86A>G (p.Asp29Gly),6833,ABCC8,HGNC:59,Uncertain significance,0,"May 03, 2023",1591934736,-,RCV003236419,MedGen:CN169374,not specified,germline,germline,GRCh38,NC_000011.10,11,17476691,17476691,na,na,11p15.1,"criteria provided, single submitter",1,-,N,ClinGen:CA379790032,2,2506188,17476691,T,C,-,-,-,-,-,-,SCV003934474,-,-
2671174,single nucleotide variant,NM_000525.4(KCNJ11):c.11G>A (p.Arg4His),3767,KCNJ11,HGNC:6257,Uncertain significance,0,"May 10, 2023",769283457,-,RCV003236448,MedGen:CN169374,not specified,germline,germline,GRCh37,NC_000011.9,11,17409628,17409628,na,na,11p15.1,"criteria provided, single submitter",1,-,N,ClinGen:CA5902348,2,2506217,17409628,C,T,-,-,-,-,-,-,SCV003934612,-,-
2671174,single nucleotide variant,NM_000525.4(KCNJ11):c.11G>A (p.Arg4His),3767,KCNJ11,HGNC:6257,Uncertain significance,0,"May 10, 2023",769283457,-,RCV003236448,MedGen:CN169374,not specified,germline,germline,GRCh38,NC_000011.10,11,17388081,17388081,na,na,11p15.1,"criteria provided, single submitter",1,-,N,ClinGen:CA5902348,2,2506217,17388081,C,T,-,-,-,-,-,-,SCV003934612,-,-
2689181,single nucleotide variant,NM_000352.6(ABCC8):c.4400C>T (p.Pro1467Leu),6833,ABCC8,HGNC:59,Uncertain significance,0,"Aug 29, 2023",2496445156,-,RCV003291150|RCV003661030,"MeSH:D030342,MedGen:C0950123|MedGen:C3661900",Inborn genetic diseases|not provided,germline,germline,GRCh37,NC_000011.9,11,17416730,17416730,na,na,11p15.1,"criteria provided, multiple submitters, no conflicts",2,-,N,ClinGen:CA379785105,2,2533440,17416730,G,A,-,-,-,-,-,-,SCV003962831|SCV004383291,-,-
2689181,single nucleotide variant,NM_000352.6(ABCC8):c.4400C>T (p.Pro1467Leu),6833,ABCC8,HGNC:59,Uncertain significance,0,"Aug 29, 2023",2496445156,-,RCV003291150|RCV003661030,"MeSH:D030342,MedGen:C0950123|MedGen:C3661900",Inborn genetic diseases|not provided,germline,germline,GRCh38,NC_000011.10,11,17395183,17395183,na,na,11p15.1,"criteria provided, multiple submitters, no conflicts",2,-,N,ClinGen:CA379785105,2,2533440,17395183,G,A,-,-,-,-,-,-,SCV003962831|SCV004383291,-,-
2692567,single nucleotide variant,NM_000352.6(ABCC8):c.3514A>G (p.Ile1172Val),6833,ABCC8,HGNC:59,Likely benign,0,"Apr 05, 2023",2496512553,-,RCV003286286,"MeSH:D030342,MedGen:C0950123",Inborn genetic diseases,germline,germline,GRCh37,NC_000011.9,11,17426102,17426102,na,na,11p15.1,"criteria provided, single submitter",1,-,N,ClinGen:CA379797810,2,2533256,17426102,T,C,-,-,-,-,-,-,SCV003960433,-,-
2692567,single nucleotide variant,NM_000352.6(ABCC8):c.3514A>G (p.Ile1172Val),6833,ABCC8,HGNC:59,Likely benign,0,"Apr 05, 2023",2496512553,-,RCV003286286,"MeSH:D030342,MedGen:C0950123",Inborn genetic diseases,germline,germline,GRCh38,NC_000011.10,11,17404555,17404555,na,na,11p15.1,"criteria provided, single submitter",1,-,N,ClinGen:CA379797810,2,2533256,17404555,T,C,-,-,-,-,-,-,SCV003960433,-,-
2712699,single nucleotide variant,NM_000352.6(ABCC8):c.1366C>T (p.Leu456Phe),6833,ABCC8,HGNC:59,Uncertain significance,0,"May 03, 2023",200257654,-,RCV003261826,"MeSH:D030342,MedGen:C0950123",Inborn genetic diseases,germline,germline,GRCh37,NC_000011.9,11,17464826,17464826,na,na,11p15.1,"criteria provided, single submitter",1,-,N,ClinGen:CA379767222,2,2542399,17464826,G,A,-,-,-,-,-,-,SCV003968404,-,-
2712699,single nucleotide variant,NM_000352.6(ABCC8):c.1366C>T (p.Leu456Phe),6833,ABCC8,HGNC:59,Uncertain significance,0,"May 03, 2023",200257654,-,RCV003261826,"MeSH:D030342,MedGen:C0950123",Inborn genetic diseases,germline,germline,GRCh38,NC_000011.10,11,17443279,17443279,na,na,11p15.1,"criteria provided, single submitter",1,-,N,ClinGen:CA379767222,2,2542399,17443279,G,A,-,-,-,-,-,-,SCV003968404,-,-
2728160,single nucleotide variant,NM_000162.5(GCK):c.534G>A (p.Gly178=),2645,GCK,HGNC:4195,Likely benign,0,"Apr 07, 2023",749386678,-,RCV003301116,"Human Phenotype Ontology:HP:0004904,MONDO:MONDO:0018911,MedGen:C0342276,OMIM:PS125850,Orphanet:552",Maturity-onset diabetes of the young,germline,germline,GRCh37,NC_000007.13,7,44189613,44189613,na,na,7p13,"criteria provided, single submitter",1,-,N,ClinGen:CA4239610,2,2561394,44189613,C,T,-,-,-,-,-,-,SCV004000045,-,-
2728160,single nucleotide variant,NM_000162.5(GCK):c.534G>A (p.Gly178=),2645,GCK,HGNC:4195,Likely benign,0,"Apr 07, 2023",749386678,-,RCV003301116,"Human Phenotype Ontology:HP:0004904,MONDO:MONDO:0018911,MedGen:C0342276,OMIM:PS125850,Orphanet:552",Maturity-onset diabetes of the young,germline,germline,GRCh38,NC_000007.14,7,44150014,44150014,na,na,7p13,"criteria provided, single submitter",1,-,N,ClinGen:CA4239610,2,2561394,44150014,C,T,-,-,-,-,-,-,SCV004000045,-,-
2729398,single nucleotide variant,NM_000162.5(GCK):c.458C>A (p.Pro153His),2645,GCK,HGNC:4195,Likely pathogenic,1,"Apr 28, 2024",2484529426,-,RCV003283408|RCV004527455,"Human Phenotype Ontology:HP:0004904,MONDO:MONDO:0018911,MedGen:C0342276,OMIM:PS125850,Orphanet:552|MONDO:MONDO:0015967,MedGen:C3888631,Orphanet:183625",Maturity-onset diabetes of the young|Monogenic diabetes,germline,germline,GRCh37,NC_000007.13,7,44190580,44190580,na,na,7p13,reviewed by expert panel,2,-,N,ClinGen:CA367401917,2,2567920,44190580,G,T,-,-,-,-,-,-,SCV005040694,-,-
2729398,single nucleotide variant,NM_000162.5(GCK):c.458C>A (p.Pro153His),2645,GCK,HGNC:4195,Likely pathogenic,1,"Apr 28, 2024",2484529426,-,RCV003283408|RCV004527455,"Human Phenotype Ontology:HP:0004904,MONDO:MONDO:0018911,MedGen:C0342276,OMIM:PS125850,Orphanet:552|MONDO:MONDO:0015967,MedGen:C3888631,Orphanet:183625",Maturity-onset diabetes of the young|Monogenic diabetes,germline,germline,GRCh38,NC_000007.14,7,44150981,44150981,na,na,7p13,reviewed by expert panel,2,-,N,ClinGen:CA367401917,2,2567920,44150981,G,T,-,-,-,-,-,-,SCV005040694,-,-
2734838,single nucleotide variant,NM_000352.6(ABCC8):c.3307C>A (p.Arg1103=),6833,ABCC8,HGNC:59,Likely benign,0,"May 01, 2024",144348011,-,RCV003297641|RCV003738427,"MeSH:D030342,MedGen:C0950123|MedGen:C3661900",Inborn genetic diseases|not provided,germline,germline,GRCh37,NC_000011.9,11,17428191,17428191,na,na,11p15.1,"criteria provided, multiple submitters, no conflicts",2,-,N,ClinGen:CA5902872,2,2568301,17428191,G,T,-,-,-,-,-,-,SCV004009395|SCV004559951,-,-
2734838,single nucleotide variant,NM_000352.6(ABCC8):c.3307C>A (p.Arg1103=),6833,ABCC8,HGNC:59,Likely benign,0,"May 01, 2024",144348011,-,RCV003297641|RCV003738427,"MeSH:D030342,MedGen:C0950123|MedGen:C3661900",Inborn genetic diseases|not provided,germline,germline,GRCh38,NC_000011.10,11,17406644,17406644,na,na,11p15.1,"criteria provided, multiple submitters, no conflicts",2,-,N,ClinGen:CA5902872,2,2568301,17406644,G,T,-,-,-,-,-,-,SCV004009395|SCV004559951,-,-
2736590,Deletion,NM_000162.5(GCK):c.1391del (p.Gly464fs),2645,GCK,HGNC:4195,Likely pathogenic,1,"Jun 18, 2023",2484491317,-,RCV003313352,"MONDO:MONDO:0015967,MedGen:C3888631,Orphanet:183625",Monogenic diabetes,germline,germline,GRCh37,NC_000007.13,7,44184742,44184742,na,na,7p13,reviewed by expert panel,1,-,N,ClinGen:CA2573102976,2,2571642,44184741,GC,G,-,-,-,-,-,-,SCV004012118,-,-
2736590,Deletion,NM_000162.5(GCK):c.1391del (p.Gly464fs),2645,GCK,HGNC:4195,Likely pathogenic,1,"Jun 18, 2023",2484491317,-,RCV003313352,"MONDO:MONDO:0015967,MedGen:C3888631,Orphanet:183625",Monogenic diabetes,germline,germline,GRCh38,NC_000007.14,7,44145143,44145143,na,na,7p13,reviewed by expert panel,1,-,N,ClinGen:CA2573102976,2,2571642,44145142,GC,G,-,-,-,-,-,-,SCV004012118,-,-
2736591,Deletion,NM_000162.5(GCK):c.1312_1314del (p.Phe438del),2645,GCK,HGNC:4195,Uncertain significance,0,"Jun 20, 2023",2484492681,-,RCV003313353,"MONDO:MONDO:0015967,MedGen:C3888631,Orphanet:183625",Monogenic diabetes,germline,germline,GRCh37,NC_000007.13,7,44184819,44184821,na,na,7p13,reviewed by expert panel,1,-,N,ClinGen:CA2017997767,2,2571643,44184818,TGAA,T,-,-,-,-,-,-,SCV004012119,-,-
2736591,Deletion,NM_000162.5(GCK):c.1312_1314del (p.Phe438del),2645,GCK,HGNC:4195,Uncertain significance,0,"Jun 20, 2023",2484492681,-,RCV003313353,"MONDO:MONDO:0015967,MedGen:C3888631,Orphanet:183625",Monogenic diabetes,germline,germline,GRCh38,NC_000007.14,7,44145220,44145222,na,na,7p13,reviewed by expert panel,1,-,N,ClinGen:CA2017997767,2,2571643,44145219,TGAA,T,-,-,-,-,-,-,SCV004012119,-,-
2736592,Deletion,NM_000162.5(GCK):c.1307_1319del (p.Ile436fs),2645,GCK,HGNC:4195,Likely pathogenic,1,"Jun 20, 2023",2484492578,-,RCV005254759|RCV003313354,"MedGen:C3661900|MONDO:MONDO:0007453,MedGen:C0342277,OMIM:125851,Orphanet:552",not provided|Maturity-onset diabetes of the young type 2,germline,germline,GRCh37,NC_000007.13,7,44184814,44184826,na,na,7p13,reviewed by expert panel,2,-,N,ClinGen:CA2573106064,2,2571644,44184813,CTCGATGAAGGTGA,C,-,-,-,-,-,-,SCV004012120,-,-
2736592,Deletion,NM_000162.5(GCK):c.1307_1319del (p.Ile436fs),2645,GCK,HGNC:4195,Likely pathogenic,1,"Jun 20, 2023",2484492578,-,RCV005254759|RCV003313354,"MedGen:C3661900|MONDO:MONDO:0007453,MedGen:C0342277,OMIM:125851,Orphanet:552",not provided|Maturity-onset diabetes of the young type 2,germline,germline,GRCh38,NC_000007.14,7,44145215,44145227,na,na,7p13,reviewed by expert panel,2,-,N,ClinGen:CA2573106064,2,2571644,44145214,CTCGATGAAGGTGA,C,-,-,-,-,-,-,SCV004012120,-,-
2736593,Indel,NM_000162.5(GCK):c.1265_1273delinsTGCGAGCCACCTTCAT (p.Arg422fs),2645,GCK,HGNC:4195,Likely pathogenic,1,"Jun 20, 2023",2484493345,-,RCV003313355,"MONDO:MONDO:0015967,MedGen:C3888631,Orphanet:183625",Monogenic diabetes,germline,germline,GRCh37,NC_000007.13,7,44184860,44184868,na,na,7p13,reviewed by expert panel,1,-,N,ClinGen:CA1139771342,2,2571645,44184860,CATGGAACC,ATGAAGGTGGCTCGCA,-,-,-,-,-,-,SCV004012124,-,-
2736593,Indel,NM_000162.5(GCK):c.1265_1273delinsTGCGAGCCACCTTCAT (p.Arg422fs),2645,GCK,HGNC:4195,Likely pathogenic,1,"Jun 20, 2023",2484493345,-,RCV003313355,"MONDO:MONDO:0015967,MedGen:C3888631,Orphanet:183625",Monogenic diabetes,germline,germline,GRCh38,NC_000007.14,7,44145261,44145269,na,na,7p13,reviewed by expert panel,1,-,N,ClinGen:CA1139771342,2,2571645,44145261,CATGGAACC,ATGAAGGTGGCTCGCA,-,-,-,-,-,-,SCV004012124,-,-
2736594,Deletion,NM_000162.5(GCK):c.1346_1362del (p.Ala449fs),2645,GCK,HGNC:4195,Pathogenic,1,"Jun 24, 2023",2484491745,-,RCV003313356,"MONDO:MONDO:0015967,MedGen:C3888631,Orphanet:183625",Monogenic diabetes,germline,germline,GRCh37,NC_000007.13,7,44184771,44184787,na,na,7p13,reviewed by expert panel,1,-,N,ClinGen:CA2017997776,2,2571646,44184770,CCGCCGAGACCAGGGCCG,C,-,-,-,-,-,-,SCV004012128,-,-
2736594,Deletion,NM_000162.5(GCK):c.1346_1362del (p.Ala449fs),2645,GCK,HGNC:4195,Pathogenic,1,"Jun 24, 2023",2484491745,-,RCV003313356,"MONDO:MONDO:0015967,MedGen:C3888631,Orphanet:183625",Monogenic diabetes,germline,germline,GRCh38,NC_000007.14,7,44145172,44145188,na,na,7p13,reviewed by expert panel,1,-,N,ClinGen:CA2017997776,2,2571646,44145171,CCGCCGAGACCAGGGCCG,C,-,-,-,-,-,-,SCV004012128,-,-
2736595,Deletion,NM_000162.5(GCK):c.1379_*2del (p.Ala460fs),2645,GCK,HGNC:4195,Likely pathogenic,1,"Jun 18, 2023",2484491206,-,RCV003313357,"MONDO:MONDO:0015967,MedGen:C3888631,Orphanet:183625",Monogenic diabetes,germline,germline,GRCh37,NC_000007.13,7,44184733,44184754,na,na,7p13,reviewed by expert panel,1,-,N,ClinGen:CA2497028747,2,2571647,44184732,CTCTCACTGGCCCAGCATACAGG,C,-,-,-,-,-,-,SCV004012129,-,-
2736595,Deletion,NM_000162.5(GCK):c.1379_*2del (p.Ala460fs),2645,GCK,HGNC:4195,Likely pathogenic,1,"Jun 18, 2023",2484491206,-,RCV003313357,"MONDO:MONDO:0015967,MedGen:C3888631,Orphanet:183625",Monogenic diabetes,germline,germline,GRCh38,NC_000007.14,7,44145134,44145155,na,na,7p13,reviewed by expert panel,1,-,N,ClinGen:CA2497028747,2,2571647,44145133,CTCTCACTGGCCCAGCATACAGG,C,-,-,-,-,-,-,SCV004012129,-,-
2736596,Deletion,NM_000162.5(GCK):c.1343del (p.Gly448fs),2645,GCK,HGNC:4195,Pathogenic,1,"Jun 24, 2023",2484492158,-,RCV003313358,"MONDO:MONDO:0015967,MedGen:C3888631,Orphanet:183625",Monogenic diabetes,germline,germline,GRCh37,NC_000007.13,7,44184790,44184790,na,na,7p13,reviewed by expert panel,1,-,N,ClinGen:CA2017997775,2,2571648,44184789,GC,G,-,-,-,-,-,-,SCV004012131,-,-
2736596,Deletion,NM_000162.5(GCK):c.1343del (p.Gly448fs),2645,GCK,HGNC:4195,Pathogenic,1,"Jun 24, 2023",2484492158,-,RCV003313358,"MONDO:MONDO:0015967,MedGen:C3888631,Orphanet:183625",Monogenic diabetes,germline,germline,GRCh38,NC_000007.14,7,44145191,44145191,na,na,7p13,reviewed by expert panel,1,-,N,ClinGen:CA2017997775,2,2571648,44145190,GC,G,-,-,-,-,-,-,SCV004012131,-,-
2736597,Duplication,NM_000162.5(GCK):c.1339dup (p.Arg447fs),2645,GCK,HGNC:4195,Pathogenic,1,"Jun 25, 2023",1064795242,-,RCV003313359,"MONDO:MONDO:0015967,MedGen:C3888631,Orphanet:183625",Monogenic diabetes,germline,germline,GRCh37,NC_000007.13,7,44184793,44184794,na,na,7p13,reviewed by expert panel,1,-,N,ClinGen:CA2017997774,2,2571649,44184793,C,CG,-,-,-,-,-,-,SCV004012132,-,-
2736597,Duplication,NM_000162.5(GCK):c.1339dup (p.Arg447fs),2645,GCK,HGNC:4195,Pathogenic,1,"Jun 25, 2023",1064795242,-,RCV003313359,"MONDO:MONDO:0015967,MedGen:C3888631,Orphanet:183625",Monogenic diabetes,germline,germline,GRCh38,NC_000007.14,7,44145194,44145195,na,na,7p13,reviewed by expert panel,1,-,N,ClinGen:CA2017997774,2,2571649,44145194,C,CG,-,-,-,-,-,-,SCV004012132,-,-
2736598,Deletion,NM_000162.5(GCK):c.1335_1345del (p.Arg447fs),2645,GCK,HGNC:4195,Pathogenic,1,"Jun 25, 2023",2484492107,-,RCV003313360,"MONDO:MONDO:0015967,MedGen:C3888631,Orphanet:183625",Monogenic diabetes,germline,germline,GRCh37,NC_000007.13,7,44184788,44184798,na,na,7p13,reviewed by expert panel,1,-,N,ClinGen:CA2017997773,2,2571650,44184787,GCGCCCCGGCCA,G,-,-,-,-,-,-,SCV004012133,-,-
2736598,Deletion,NM_000162.5(GCK):c.1335_1345del (p.Arg447fs),2645,GCK,HGNC:4195,Pathogenic,1,"Jun 25, 2023",2484492107,-,RCV003313360,"MONDO:MONDO:0015967,MedGen:C3888631,Orphanet:183625",Monogenic diabetes,germline,germline,GRCh38,NC_000007.14,7,44145189,44145199,na,na,7p13,reviewed by expert panel,1,-,N,ClinGen:CA2017997773,2,2571650,44145188,GCGCCCCGGCCA,G,-,-,-,-,-,-,SCV004012133,-,-
2736599,Duplication,NM_000162.5(GCK):c.1319_1323dup (p.Glu442fs),2645,GCK,HGNC:4195,Pathogenic,1,"Jun 25, 2023",2484492459,-,RCV003313361,"MONDO:MONDO:0015967,MedGen:C3888631,Orphanet:183625",Monogenic diabetes,germline,germline,GRCh37,NC_000007.13,7,44184809,44184810,na,na,7p13,reviewed by expert panel,1,-,N,ClinGen:CA2573106102,2,2571651,44184809,C,CCGACT,-,-,-,-,-,-,SCV004012136,-,-
2736599,Duplication,NM_000162.5(GCK):c.1319_1323dup (p.Glu442fs),2645,GCK,HGNC:4195,Pathogenic,1,"Jun 25, 2023",2484492459,-,RCV003313361,"MONDO:MONDO:0015967,MedGen:C3888631,Orphanet:183625",Monogenic diabetes,germline,germline,GRCh38,NC_000007.14,7,44145210,44145211,na,na,7p13,reviewed by expert panel,1,-,N,ClinGen:CA2573106102,2,2571651,44145210,C,CCGACT,-,-,-,-,-,-,SCV004012136,-,-
2736600,single nucleotide variant,NM_000162.5(GCK):c.1318G>T (p.Glu440Ter),2645,GCK,HGNC:4195,Pathogenic,1,"Jun 25, 2023",2096270569,-,RCV003313362|RCV005102859,"MONDO:MONDO:0015967,MedGen:C3888631,Orphanet:183625|MedGen:C3661900",Monogenic diabetes|not provided,germline,germline,GRCh37,NC_000007.13,7,44184815,44184815,na,na,7p13,reviewed by expert panel,2,-,N,ClinGen:CA367397036,2,2571652,44184815,C,A,-,-,-,-,-,-,SCV004012137,-,-
2736600,single nucleotide variant,NM_000162.5(GCK):c.1318G>T (p.Glu440Ter),2645,GCK,HGNC:4195,Pathogenic,1,"Jun 25, 2023",2096270569,-,RCV003313362|RCV005102859,"MONDO:MONDO:0015967,MedGen:C3888631,Orphanet:183625|MedGen:C3661900",Monogenic diabetes|not provided,germline,germline,GRCh38,NC_000007.14,7,44145216,44145216,na,na,7p13,reviewed by expert panel,2,-,N,ClinGen:CA367397036,2,2571652,44145216,C,A,-,-,-,-,-,-,SCV004012137,-,-
2736601,Deletion,NM_000162.5(GCK):c.1309_1310del (p.Thr437fs),2645,GCK,HGNC:4195,Pathogenic,1,"Jun 25, 2023",2484492787,-,RCV003313363,"MONDO:MONDO:0007453,MedGen:C0342277,OMIM:125851,Orphanet:552",Maturity-onset diabetes of the young type 2,germline,germline,GRCh37,NC_000007.13,7,44184823,44184824,na,na,7p13,reviewed by expert panel,1,-,N,ClinGen:CA2573106063,2,2571653,44184822,GGT,G,-,-,-,-,-,-,SCV004012138,-,-
2736601,Deletion,NM_000162.5(GCK):c.1309_1310del (p.Thr437fs),2645,GCK,HGNC:4195,Pathogenic,1,"Jun 25, 2023",2484492787,-,RCV003313363,"MONDO:MONDO:0007453,MedGen:C0342277,OMIM:125851,Orphanet:552",Maturity-onset diabetes of the young type 2,germline,germline,GRCh38,NC_000007.14,7,44145224,44145225,na,na,7p13,reviewed by expert panel,1,-,N,ClinGen:CA2573106063,2,2571653,44145223,GGT,G,-,-,-,-,-,-,SCV004012138,-,-
2736602,single nucleotide variant,NM_000162.5(GCK):c.1302C>A (p.Cys434Ter),2645,GCK,HGNC:4195,Pathogenic,1,"Jun 25, 2023",781723641,-,RCV003313364,"MONDO:MONDO:0015967,MedGen:C3888631,Orphanet:183625",Monogenic diabetes,germline,germline,GRCh37,NC_000007.13,7,44184831,44184831,na,na,7p13,reviewed by expert panel,1,-,N,ClinGen:CA367397114,2,2571654,44184831,G,T,-,-,-,-,-,-,SCV004012139,-,-
2736602,single nucleotide variant,NM_000162.5(GCK):c.1302C>A (p.Cys434Ter),2645,GCK,HGNC:4195,Pathogenic,1,"Jun 25, 2023",781723641,-,RCV003313364,"MONDO:MONDO:0015967,MedGen:C3888631,Orphanet:183625",Monogenic diabetes,germline,germline,GRCh38,NC_000007.14,7,44145232,44145232,na,na,7p13,reviewed by expert panel,1,-,N,ClinGen:CA367397114,2,2571654,44145232,G,T,-,-,-,-,-,-,SCV004012139,-,-
2736603,Deletion,NM_000162.5(GCK):c.1378del (p.Ala460fs),2645,GCK,HGNC:4195,Pathogenic,1,"Jun 18, 2023",2484491395,-,RCV003313365,"MONDO:MONDO:0007453,MedGen:C0342277,OMIM:125851,Orphanet:552",Maturity-onset diabetes of the young type 2,germline,germline,GRCh37,NC_000007.13,7,44184755,44184755,na,na,7p13,reviewed by expert panel,1,-,N,ClinGen:CA2573102978,2,2571655,44184754,GC,G,-,-,-,-,-,-,SCV004012140,-,-
2736603,Deletion,NM_000162.5(GCK):c.1378del (p.Ala460fs),2645,GCK,HGNC:4195,Pathogenic,1,"Jun 18, 2023",2484491395,-,RCV003313365,"MONDO:MONDO:0007453,MedGen:C0342277,OMIM:125851,Orphanet:552",Maturity-onset diabetes of the young type 2,germline,germline,GRCh38,NC_000007.14,7,44145156,44145156,na,na,7p13,reviewed by expert panel,1,-,N,ClinGen:CA2573102978,2,2571655,44145155,GC,G,-,-,-,-,-,-,SCV004012140,-,-
2736604,single nucleotide variant,NM_000162.5(GCK):c.1261G>T (p.Glu421Ter),2645,GCK,HGNC:4195,Pathogenic,1,"Jun 25, 2023",2484493563,-,RCV003313366,"MONDO:MONDO:0007453,MedGen:C0342277,OMIM:125851,Orphanet:552",Maturity-onset diabetes of the young type 2,germline,germline,GRCh37,NC_000007.13,7,44184872,44184872,na,na,7p13,reviewed by expert panel,1,-,N,ClinGen:CA367397285,2,2571656,44184872,C,A,-,-,-,-,-,-,SCV004012141,-,-
2736604,single nucleotide variant,NM_000162.5(GCK):c.1261G>T (p.Glu421Ter),2645,GCK,HGNC:4195,Pathogenic,1,"Jun 25, 2023",2484493563,-,RCV003313366,"MONDO:MONDO:0007453,MedGen:C0342277,OMIM:125851,Orphanet:552",Maturity-onset diabetes of the young type 2,germline,germline,GRCh38,NC_000007.14,7,44145273,44145273,na,na,7p13,reviewed by expert panel,1,-,N,ClinGen:CA367397285,2,2571656,44145273,C,A,-,-,-,-,-,-,SCV004012141,-,-
2736605,Deletion,NM_000162.5(GCK):c.1261del (p.Glu421fs),2645,GCK,HGNC:4195,Pathogenic,1,"Jun 26, 2023",2484493573,-,RCV003313367,"MONDO:MONDO:0015967,MedGen:C3888631,Orphanet:183625",Monogenic diabetes,germline,germline,GRCh37,NC_000007.13,7,44184872,44184872,na,na,7p13,reviewed by expert panel,1,-,N,ClinGen:CA2018007672,2,2571657,44184871,TC,T,-,-,-,-,-,-,SCV004012142,-,-
2736605,Deletion,NM_000162.5(GCK):c.1261del (p.Glu421fs),2645,GCK,HGNC:4195,Pathogenic,1,"Jun 26, 2023",2484493573,-,RCV003313367,"MONDO:MONDO:0015967,MedGen:C3888631,Orphanet:183625",Monogenic diabetes,germline,germline,GRCh38,NC_000007.14,7,44145273,44145273,na,na,7p13,reviewed by expert panel,1,-,N,ClinGen:CA2018007672,2,2571657,44145272,TC,T,-,-,-,-,-,-,SCV004012142,-,-
2736606,single nucleotide variant,NM_000162.5(GCK):c.1256T>C (p.Phe419Ser),2645,GCK,HGNC:4195,Likely pathogenic,1,"Oct 10, 2023",2484493609,-,RCV003313368,"MONDO:MONDO:0015967,MedGen:C3888631,Orphanet:183625",Monogenic diabetes,germline,germline,GRCh37,NC_000007.13,7,44184877,44184877,na,na,7p13,reviewed by expert panel,1,-,N,ClinGen:CA367397309,2,2571658,44184877,A,G,-,-,-,-,-,-,SCV004012143,-,-
2736606,single nucleotide variant,NM_000162.5(GCK):c.1256T>C (p.Phe419Ser),2645,GCK,HGNC:4195,Likely pathogenic,1,"Oct 10, 2023",2484493609,-,RCV003313368,"MONDO:MONDO:0015967,MedGen:C3888631,Orphanet:183625",Monogenic diabetes,germline,germline,GRCh38,NC_000007.14,7,44145278,44145278,na,na,7p13,reviewed by expert panel,1,-,N,ClinGen:CA367397309,2,2571658,44145278,A,G,-,-,-,-,-,-,SCV004012143,-,-
2736607,Deletion,NM_000162.5(GCK):c.1256del (p.Phe419fs),2645,GCK,HGNC:4195,Pathogenic,1,"Jun 26, 2023",2484493618,-,RCV003313369,"MONDO:MONDO:0007453,MedGen:C0342277,OMIM:125851,Orphanet:552",Maturity-onset diabetes of the young type 2,germline,germline,GRCh37,NC_000007.13,7,44184877,44184877,na,na,7p13,reviewed by expert panel,1,-,N,ClinGen:CA1139771322,2,2571659,44184876,GA,G,-,-,-,-,-,-,SCV004012144,-,-
2736607,Deletion,NM_000162.5(GCK):c.1256del (p.Phe419fs),2645,GCK,HGNC:4195,Pathogenic,1,"Jun 26, 2023",2484493618,-,RCV003313369,"MONDO:MONDO:0007453,MedGen:C0342277,OMIM:125851,Orphanet:552",Maturity-onset diabetes of the young type 2,germline,germline,GRCh38,NC_000007.14,7,44145278,44145278,na,na,7p13,reviewed by expert panel,1,-,N,ClinGen:CA1139771322,2,2571659,44145277,GA,G,-,-,-,-,-,-,SCV004012144,-,-
2736608,single nucleotide variant,NM_000162.5(GCK):c.1255T>G (p.Phe419Val),2645,GCK,HGNC:4195,Uncertain significance,0,"Jun 26, 2023",1554334478,-,RCV003313370,"MONDO:MONDO:0015967,MedGen:C3888631,Orphanet:183625",Monogenic diabetes,germline,germline,GRCh37,NC_000007.13,7,44184878,44184878,na,na,7p13,reviewed by expert panel,1,-,N,ClinGen:CA367397313,2,2571660,44184878,A,C,-,-,-,-,-,-,SCV004012145,-,-
2736608,single nucleotide variant,NM_000162.5(GCK):c.1255T>G (p.Phe419Val),2645,GCK,HGNC:4195,Uncertain significance,0,"Jun 26, 2023",1554334478,-,RCV003313370,"MONDO:MONDO:0015967,MedGen:C3888631,Orphanet:183625",Monogenic diabetes,germline,germline,GRCh38,NC_000007.14,7,44145279,44145279,na,na,7p13,reviewed by expert panel,1,-,N,ClinGen:CA367397313,2,2571660,44145279,A,C,-,-,-,-,-,-,SCV004012145,-,-
2736609,single nucleotide variant,NM_000162.5(GCK):c.1254-1G>T,2645,GCK,HGNC:4195,Pathogenic,1,"Jun 26, 2023",2484493651,-,RCV003313371,"MONDO:MONDO:0015967,MedGen:C3888631,Orphanet:183625",Monogenic diabetes,germline,germline,GRCh37,NC_000007.13,7,44184880,44184880,na,na,7p13,reviewed by expert panel,1,-,N,ClinGen:CA367397324,2,2571661,44184880,C,A,-,-,-,-,-,-,SCV004012146,-,-
2736609,single nucleotide variant,NM_000162.5(GCK):c.1254-1G>T,2645,GCK,HGNC:4195,Pathogenic,1,"Jun 26, 2023",2484493651,-,RCV003313371,"MONDO:MONDO:0015967,MedGen:C3888631,Orphanet:183625",Monogenic diabetes,germline,germline,GRCh38,NC_000007.14,7,44145281,44145281,na,na,7p13,reviewed by expert panel,1,-,N,ClinGen:CA367397324,2,2571661,44145281,C,A,-,-,-,-,-,-,SCV004012146,-,-
2736610,Deletion,NM_000162.5(GCK):c.1373_1384del (p.Lys458_Cys461del),2645,GCK,HGNC:4195,Uncertain significance,0,"Jun 18, 2023",2484491365,-,RCV003313372,"MONDO:MONDO:0015967,MedGen:C3888631,Orphanet:183625",Monogenic diabetes,germline,germline,GRCh37,NC_000007.13,7,44184749,44184760,na,na,7p13,reviewed by expert panel,1,-,N,ClinGen:CA2017997780,2,2571662,44184748,ATACAGGCCTTCT,A,-,-,-,-,-,-,SCV004012148,-,-
2736610,Deletion,NM_000162.5(GCK):c.1373_1384del (p.Lys458_Cys461del),2645,GCK,HGNC:4195,Uncertain significance,0,"Jun 18, 2023",2484491365,-,RCV003313372,"MONDO:MONDO:0015967,MedGen:C3888631,Orphanet:183625",Monogenic diabetes,germline,germline,GRCh38,NC_000007.14,7,44145150,44145161,na,na,7p13,reviewed by expert panel,1,-,N,ClinGen:CA2017997780,2,2571662,44145149,ATACAGGCCTTCT,A,-,-,-,-,-,-,SCV004012148,-,-
2736611,Deletion,NM_000162.5(GCK):c.1368del (p.Cys457fs),2645,GCK,HGNC:4195,Likely pathogenic,1,"Jun 19, 2023",2484491553,-,RCV003313373|RCV005047518,"MONDO:MONDO:0015967,MedGen:C3888631,Orphanet:183625|MONDO:MONDO:0007453,MedGen:C0342277,OMIM:125851,Orphanet:552;MONDO:MONDO:0100165,MedGen:C5393570,OMIM:606176;Human Phenotype Ontology:HP:0005965,Human Phenotype Ontology:HP:0005978,Human Phenotype Ontology:HP:0100652,MONDO:MONDO:0005148,MeSH:D003924,MedGen:C0011860,OMIM:125853;MONDO:MONDO:0011236,MedGen:C1865290,OMIM:602485,Orphanet:79299",Monogenic diabetes|Maturity-onset diabetes of the young type 2;Permanent neonatal diabetes mellitus 1;Type 2 diabetes mellitus;Hyperinsulinism due to glucokinase deficiency,germline,germline,GRCh37,NC_000007.13,7,44184765,44184765,na,na,7p13,reviewed by expert panel,2,-,N,ClinGen:CA2017997779,2,2571663,44184764,AG,A,-,-,-,-,-,-,SCV004012149,-,-
2736611,Deletion,NM_000162.5(GCK):c.1368del (p.Cys457fs),2645,GCK,HGNC:4195,Likely pathogenic,1,"Jun 19, 2023",2484491553,-,RCV003313373|RCV005047518,"MONDO:MONDO:0015967,MedGen:C3888631,Orphanet:183625|MONDO:MONDO:0007453,MedGen:C0342277,OMIM:125851,Orphanet:552;MONDO:MONDO:0100165,MedGen:C5393570,OMIM:606176;Human Phenotype Ontology:HP:0005965,Human Phenotype Ontology:HP:0005978,Human Phenotype Ontology:HP:0100652,MONDO:MONDO:0005148,MeSH:D003924,MedGen:C0011860,OMIM:125853;MONDO:MONDO:0011236,MedGen:C1865290,OMIM:602485,Orphanet:79299",Monogenic diabetes|Maturity-onset diabetes of the young type 2;Permanent neonatal diabetes mellitus 1;Type 2 diabetes mellitus;Hyperinsulinism due to glucokinase deficiency,germline,germline,GRCh38,NC_000007.14,7,44145166,44145166,na,na,7p13,reviewed by expert panel,2,-,N,ClinGen:CA2017997779,2,2571663,44145165,AG,A,-,-,-,-,-,-,SCV004012149,-,-
2736612,Indel,NM_000162.5(GCK):c.1358_*127delinsT (p.Ser453fs),2645,GCK,HGNC:4195,Likely pathogenic,1,"Jun 20, 2023",2484490183,-,RCV003313374,"MONDO:MONDO:0015967,MedGen:C3888631,Orphanet:183625",Monogenic diabetes,germline,germline,GRCh37,NC_000007.13,7,44184608,44184775,na,na,7p13,reviewed by expert panel,1,-,N,ClinGen:CA2496602227,2,2571664,44184608,GGCCTGGGTCCTGACAAGGCCAGGCCTCCTGCCCCGCCAGGCTGCGAGCACGTGTGGGGAGCACTTCCCCATGGAGCCTGGGTGCTGTGGGGCTGTGGCATCCTCCCTGCGCTTGCGGCCACTGCTCTCACTGGCCCAGCATACAGGCCTTCTTACAGGCCACCGCCG,A,-,-,-,-,-,-,SCV004012150,-,-
2736612,Indel,NM_000162.5(GCK):c.1358_*127delinsT (p.Ser453fs),2645,GCK,HGNC:4195,Likely pathogenic,1,"Jun 20, 2023",2484490183,-,RCV003313374,"MONDO:MONDO:0015967,MedGen:C3888631,Orphanet:183625",Monogenic diabetes,germline,germline,GRCh38,NC_000007.14,7,44145009,44145176,na,na,7p13,reviewed by expert panel,1,-,N,ClinGen:CA2496602227,2,2571664,44145009,GGCCTGGGTCCTGACAAGGCCAGGCCTCCTGCCCCGCCAGGCTGCGAGCACGTGTGGGGAGCACTTCCCCATGGAGCCTGGGTGCTGTGGGGCTGTGGCATCCTCCCTGCGCTTGCGGCCACTGCTCTCACTGGCCCAGCATACAGGCCTTCTTACAGGCCACCGCCG,A,-,-,-,-,-,-,SCV004012150,-,-
2736613,single nucleotide variant,NM_000162.5(GCK):c.1313T>A (p.Phe438Tyr),2645,GCK,HGNC:4195,Uncertain significance,0,"Jun 20, 2023",2484492701,-,RCV003313375,"MONDO:MONDO:0015967,MedGen:C3888631,Orphanet:183625",Monogenic diabetes,germline,germline,GRCh37,NC_000007.13,7,44184820,44184820,na,na,7p13,reviewed by expert panel,1,-,N,ClinGen:CA367397060,2,2571665,44184820,A,T,-,-,-,-,-,-,SCV004012153,-,-
2736613,single nucleotide variant,NM_000162.5(GCK):c.1313T>A (p.Phe438Tyr),2645,GCK,HGNC:4195,Uncertain significance,0,"Jun 20, 2023",2484492701,-,RCV003313375,"MONDO:MONDO:0015967,MedGen:C3888631,Orphanet:183625",Monogenic diabetes,germline,germline,GRCh38,NC_000007.14,7,44145221,44145221,na,na,7p13,reviewed by expert panel,1,-,N,ClinGen:CA367397060,2,2571665,44145221,A,T,-,-,-,-,-,-,SCV004012153,-,-
2736790,single nucleotide variant,NM_000525.4(KCNJ11):c.526C>G (p.Arg176Gly),3767,KCNJ11,HGNC:6257,Uncertain significance,0,"Jan 04, 2023",201264306,-,RCV003313552,MedGen:C3661900,not provided,germline,germline,GRCh37,NC_000011.9,11,17409113,17409113,na,na,11p15.1,"criteria provided, single submitter",1,-,N,ClinGen:CA379773015,2,2571843,17409113,G,C,-,-,-,-,-,-,SCV004012509,-,-
2736790,single nucleotide variant,NM_000525.4(KCNJ11):c.526C>G (p.Arg176Gly),3767,KCNJ11,HGNC:6257,Uncertain significance,0,"Jan 04, 2023",201264306,-,RCV003313552,MedGen:C3661900,not provided,germline,germline,GRCh38,NC_000011.10,11,17387566,17387566,na,na,11p15.1,"criteria provided, single submitter",1,-,N,ClinGen:CA379773015,2,2571843,17387566,G,C,-,-,-,-,-,-,SCV004012509,-,-
2738607,single nucleotide variant,NM_000352.6(ABCC8):c.2012A>G (p.Asp671Gly),6833,ABCC8,HGNC:59,Uncertain significance,0,"Jan 21, 2023",2496667597,-,RCV003318001,MedGen:C3661900,not provided,germline,germline,GRCh37,NC_000011.9,11,17449864,17449864,na,na,11p15.1,"criteria provided, single submitter",1,-,N,ClinGen:CA379815156,2,2573665,17449864,T,C,-,-,-,-,-,-,SCV004021315,-,-
2738607,single nucleotide variant,NM_000352.6(ABCC8):c.2012A>G (p.Asp671Gly),6833,ABCC8,HGNC:59,Uncertain significance,0,"Jan 21, 2023",2496667597,-,RCV003318001,MedGen:C3661900,not provided,germline,germline,GRCh38,NC_000011.10,11,17428317,17428317,na,na,11p15.1,"criteria provided, single submitter",1,-,N,ClinGen:CA379815156,2,2573665,17428317,T,C,-,-,-,-,-,-,SCV004021315,-,-
2739092,single nucleotide variant,NM_000162.5(GCK):c.502A>G (p.Thr168Ala),2645,GCK,HGNC:4195,Pathogenic,1,"Jul 28, 2023",2484524391,-,RCV003318522,"MONDO:MONDO:0015967,MedGen:C3888631,Orphanet:183625",Monogenic diabetes,germline,germline,GRCh37,NC_000007.13,7,44189645,44189645,na,na,7p13,reviewed by expert panel,1,-,N,ClinGen:CA367401753,2,2574157,44189645,T,C,-,-,-,-,-,-,SCV004022333,-,-
2739092,single nucleotide variant,NM_000162.5(GCK):c.502A>G (p.Thr168Ala),2645,GCK,HGNC:4195,Pathogenic,1,"Jul 28, 2023",2484524391,-,RCV003318522,"MONDO:MONDO:0015967,MedGen:C3888631,Orphanet:183625",Monogenic diabetes,germline,germline,GRCh38,NC_000007.14,7,44150046,44150046,na,na,7p13,reviewed by expert panel,1,-,N,ClinGen:CA367401753,2,2574157,44150046,T,C,-,-,-,-,-,-,SCV004022333,-,-
2739093,single nucleotide variant,NM_000162.5(GCK):c.502A>C (p.Thr168Pro),2645,GCK,HGNC:4195,Pathogenic,1,"Jul 29, 2023",2484524391,-,RCV003318523,"MONDO:MONDO:0015967,MedGen:C3888631,Orphanet:183625",Monogenic diabetes,germline,germline,GRCh37,NC_000007.13,7,44189645,44189645,na,na,7p13,reviewed by expert panel,1,-,N,ClinGen:CA367401755,2,2574158,44189645,T,G,-,-,-,-,-,-,SCV004022334,-,-
2739093,single nucleotide variant,NM_000162.5(GCK):c.502A>C (p.Thr168Pro),2645,GCK,HGNC:4195,Pathogenic,1,"Jul 29, 2023",2484524391,-,RCV003318523,"MONDO:MONDO:0015967,MedGen:C3888631,Orphanet:183625",Monogenic diabetes,germline,germline,GRCh38,NC_000007.14,7,44150046,44150046,na,na,7p13,reviewed by expert panel,1,-,N,ClinGen:CA367401755,2,2574158,44150046,T,G,-,-,-,-,-,-,SCV004022334,-,-
2739094,Deletion,NM_000162.5(GCK):c.1373_1376del (p.Lys458fs),2645,GCK,HGNC:4195,Pathogenic,1,"Jul 29, 2023",2484491439,-,RCV003318524,"MONDO:MONDO:0015967,MedGen:C3888631,Orphanet:183625",Monogenic diabetes,germline,germline,GRCh37,NC_000007.13,7,44184757,44184760,na,na,7p13,reviewed by expert panel,1,-,N,ClinGen:CA2573102979,2,2574159,44184756,CTTCT,C,-,-,-,-,-,-,SCV004022335,-,-
2739094,Deletion,NM_000162.5(GCK):c.1373_1376del (p.Lys458fs),2645,GCK,HGNC:4195,Pathogenic,1,"Jul 29, 2023",2484491439,-,RCV003318524,"MONDO:MONDO:0015967,MedGen:C3888631,Orphanet:183625",Monogenic diabetes,germline,germline,GRCh38,NC_000007.14,7,44145158,44145161,na,na,7p13,reviewed by expert panel,1,-,N,ClinGen:CA2573102979,2,2574159,44145157,CTTCT,C,-,-,-,-,-,-,SCV004022335,-,-
2739095,single nucleotide variant,NM_000162.5(GCK):c.1254-1G>C,2645,GCK,HGNC:4195,Pathogenic,1,"Jul 29, 2023",2484493651,-,RCV003318525,"MONDO:MONDO:0015967,MedGen:C3888631,Orphanet:183625",Monogenic diabetes,germline,germline,GRCh37,NC_000007.13,7,44184880,44184880,na,na,7p13,reviewed by expert panel,1,-,N,ClinGen:CA367397326,2,2574160,44184880,C,G,-,-,-,-,-,-,SCV004022336,-,-
2739095,single nucleotide variant,NM_000162.5(GCK):c.1254-1G>C,2645,GCK,HGNC:4195,Pathogenic,1,"Jul 29, 2023",2484493651,-,RCV003318525,"MONDO:MONDO:0015967,MedGen:C3888631,Orphanet:183625",Monogenic diabetes,germline,germline,GRCh38,NC_000007.14,7,44145281,44145281,na,na,7p13,reviewed by expert panel,1,-,N,ClinGen:CA367397326,2,2574160,44145281,C,G,-,-,-,-,-,-,SCV004022336,-,-
2739096,Duplication,NM_000162.5(GCK):c.1331dup (p.Ser445fs),2645,GCK,HGNC:4195,Likely pathogenic,1,"Jul 30, 2023",2484492358,-,RCV003318526,"MONDO:MONDO:0015967,MedGen:C3888631,Orphanet:183625",Monogenic diabetes,germline,germline,GRCh37,NC_000007.13,7,44184801,44184802,na,na,7p13,reviewed by expert panel,1,-,N,ClinGen:CA2017997770,2,2574161,44184801,G,GC,-,-,-,-,-,-,SCV004022342,-,-
2739096,Duplication,NM_000162.5(GCK):c.1331dup (p.Ser445fs),2645,GCK,HGNC:4195,Likely pathogenic,1,"Jul 30, 2023",2484492358,-,RCV003318526,"MONDO:MONDO:0015967,MedGen:C3888631,Orphanet:183625",Monogenic diabetes,germline,germline,GRCh38,NC_000007.14,7,44145202,44145203,na,na,7p13,reviewed by expert panel,1,-,N,ClinGen:CA2017997770,2,2574161,44145202,G,GC,-,-,-,-,-,-,SCV004022342,-,-
2739097,single nucleotide variant,NM_000162.5(GCK):c.1175G>C (p.Arg392Pro),2645,GCK,HGNC:4195,Likely pathogenic,1,"Sep 29, 2025",193922269,-,RCV003318527|RCV003561294,"MONDO:MONDO:0015967,MedGen:C3888631,Orphanet:183625|MedGen:C3661900",Monogenic diabetes|not provided,germline,germline,GRCh37,NC_000007.13,7,44185174,44185174,na,na,7p13,reviewed by expert panel,2,-,N,ClinGen:CA367398617,2,2574162,44185174,C,G,-,-,-,-,-,-,SCV004022346,-,-
2739097,single nucleotide variant,NM_000162.5(GCK):c.1175G>C (p.Arg392Pro),2645,GCK,HGNC:4195,Likely pathogenic,1,"Sep 29, 2025",193922269,-,RCV003318527|RCV003561294,"MONDO:MONDO:0015967,MedGen:C3888631,Orphanet:183625|MedGen:C3661900",Monogenic diabetes|not provided,germline,germline,GRCh38,NC_000007.14,7,44145575,44145575,na,na,7p13,reviewed by expert panel,2,-,N,ClinGen:CA367398617,2,2574162,44145575,C,G,-,-,-,-,-,-,SCV004022346,-,-
2739098,single nucleotide variant,NM_000162.5(GCK):c.1142T>C (p.Met381Thr),2645,GCK,HGNC:4195,Pathogenic,1,"Jul 17, 2023",193922266,-,RCV003318528|RCV005102881,"MONDO:MONDO:0015967,MedGen:C3888631,Orphanet:183625|MedGen:C3661900",Monogenic diabetes|not provided,germline,germline,GRCh37,NC_000007.13,7,44185207,44185207,na,na,7p13,reviewed by expert panel,2,-,N,ClinGen:CA367398764,2,2574163,44185207,A,G,-,-,-,-,-,-,SCV004022351,-,-
2739098,single nucleotide variant,NM_000162.5(GCK):c.1142T>C (p.Met381Thr),2645,GCK,HGNC:4195,Pathogenic,1,"Jul 17, 2023",193922266,-,RCV003318528|RCV005102881,"MONDO:MONDO:0015967,MedGen:C3888631,Orphanet:183625|MedGen:C3661900",Monogenic diabetes|not provided,germline,germline,GRCh38,NC_000007.14,7,44145608,44145608,na,na,7p13,reviewed by expert panel,2,-,N,ClinGen:CA367398764,2,2574163,44145608,A,G,-,-,-,-,-,-,SCV004022351,-,-
2739379,single nucleotide variant,NM_000525.4(KCNJ11):c.949C>T (p.Pro317Ser),3767,KCNJ11,HGNC:6257,Uncertain significance,0,"Oct 04, 2023",1197405390,-,RCV003319027,MedGen:C3661900,not provided,germline,germline,GRCh37,NC_000011.9,11,17408690,17408690,na,na,11p15.1,"criteria provided, multiple submitters, no conflicts",2,-,N,ClinGen:CA379769686,2,2574445,17408690,G,A,-,-,-,-,-,-,SCV004023000|SCV005198530,-,-
2739379,single nucleotide variant,NM_000525.4(KCNJ11):c.949C>T (p.Pro317Ser),3767,KCNJ11,HGNC:6257,Uncertain significance,0,"Oct 04, 2023",1197405390,-,RCV003319027,MedGen:C3661900,not provided,germline,germline,GRCh38,NC_000011.10,11,17387143,17387143,na,na,11p15.1,"criteria provided, multiple submitters, no conflicts",2,-,N,ClinGen:CA379769686,2,2574445,17387143,G,A,-,-,-,-,-,-,SCV004023000|SCV005198530,-,-
2740759,single nucleotide variant,NM_000352.6(ABCC8):c.2941G>A (p.Glu981Lys),6833,ABCC8,HGNC:59,Uncertain significance,0,"Feb 07, 2023",2496532386,-,RCV003321429,MedGen:C3661900,not provided,germline,germline,GRCh37,NC_000011.9,11,17428656,17428656,na,na,11p15.1,"criteria provided, single submitter",1,-,N,ClinGen:CA379804310,2,2575863,17428656,C,T,-,-,-,-,-,-,SCV004025844,-,-
2740759,single nucleotide variant,NM_000352.6(ABCC8):c.2941G>A (p.Glu981Lys),6833,ABCC8,HGNC:59,Uncertain significance,0,"Feb 07, 2023",2496532386,-,RCV003321429,MedGen:C3661900,not provided,germline,germline,GRCh38,NC_000011.10,11,17407109,17407109,na,na,11p15.1,"criteria provided, single submitter",1,-,N,ClinGen:CA379804310,2,2575863,17407109,C,T,-,-,-,-,-,-,SCV004025844,-,-
2741090,single nucleotide variant,NM_000352.6(ABCC8):c.4649T>A (p.Val1550Asp),6833,ABCC8,HGNC:59,Uncertain significance,0,"Aug 16, 2023",1221760584,-,RCV003322254,"MONDO:MONDO:0009734,MedGen:C2931832,OMIM:256450,Orphanet:276575,Orphanet:276598","Hyperinsulinemic hypoglycemia, familial, 1",germline,germline,GRCh37,NC_000011.9,11,17414635,17414635,na,na,11p15.1,"criteria provided, single submitter",1,-,N,ClinGen:CA379781304,2,2576193,17414635,A,T,-,-,-,-,-,-,SCV004026502,-,-
2741090,single nucleotide variant,NM_000352.6(ABCC8):c.4649T>A (p.Val1550Asp),6833,ABCC8,HGNC:59,Uncertain significance,0,"Aug 16, 2023",1221760584,-,RCV003322254,"MONDO:MONDO:0009734,MedGen:C2931832,OMIM:256450,Orphanet:276575,Orphanet:276598","Hyperinsulinemic hypoglycemia, familial, 1",germline,germline,GRCh38,NC_000011.10,11,17393088,17393088,na,na,11p15.1,"criteria provided, single submitter",1,-,N,ClinGen:CA379781304,2,2576193,17393088,A,T,-,-,-,-,-,-,SCV004026502,-,-
2741091,single nucleotide variant,NM_000352.6(ABCC8):c.3551C>A (p.Ala1184Glu),6833,ABCC8,HGNC:59,Likely pathogenic,1,"Aug 16, 2023",137852675,-,RCV003322255,"MONDO:MONDO:0009734,MedGen:C2931832,OMIM:256450,Orphanet:276575,Orphanet:276598","Hyperinsulinemic hypoglycemia, familial, 1",germline,germline,GRCh37,NC_000011.9,11,17426065,17426065,na,na,11p15.1,"criteria provided, single submitter",1,-,N,ClinGen:CA218417179,2,2576194,17426065,G,T,-,-,-,-,-,-,SCV004026504,-,-
2741091,single nucleotide variant,NM_000352.6(ABCC8):c.3551C>A (p.Ala1184Glu),6833,ABCC8,HGNC:59,Likely pathogenic,1,"Aug 16, 2023",137852675,-,RCV003322255,"MONDO:MONDO:0009734,MedGen:C2931832,OMIM:256450,Orphanet:276575,Orphanet:276598","Hyperinsulinemic hypoglycemia, familial, 1",germline,germline,GRCh38,NC_000011.10,11,17404518,17404518,na,na,11p15.1,"criteria provided, single submitter",1,-,N,ClinGen:CA218417179,2,2576194,17404518,G,T,-,-,-,-,-,-,SCV004026504,-,-
2741092,single nucleotide variant,NM_000352.6(ABCC8):c.4259G>A (p.Arg1420His),6833,ABCC8,HGNC:59,Conflicting classifications of pathogenicity,1,"Feb 27, 2025",1272388614,-,RCV003322256|RCV003466058|RCV005102900|RCV005047525,"MONDO:MONDO:0009734,MedGen:C2931832,OMIM:256450,Orphanet:276575,Orphanet:276598|Human Phenotype Ontology:HP:0005965,Human Phenotype Ontology:HP:0005978,Human Phenotype Ontology:HP:0100652,MONDO:MONDO:0005148,MeSH:D003924,MedGen:C0011860,OMIM:125853|MedGen:C3661900|MONDO:MONDO:0009415,MedGen:C0271714,OMIM:240800;MONDO:MONDO:0030088,MedGen:C5394303,OMIM:618857;MONDO:MONDO:0009734,MedGen:C2931832,OMIM:256450,Orphanet:276575,Orphanet:276598;MONDO:MONDO:0012480,MedGen:C1835887,OMIM:610374,Orphanet:99886;Human Phenotype Ontology:HP:0005965,Human Phenotype Ontology:HP:0005978,Human Phenotype Ontology:HP:0100652,MONDO:MONDO:0005148,MeSH:D003924,MedGen:C0011860,OMIM:125853","Hyperinsulinemic hypoglycemia, familial, 1|Type 2 diabetes mellitus|not provided|Leucine-induced hypoglycemia;Diabetes mellitus, permanent neonatal 3;Hyperinsulinemic hypoglycemia, familial, 1;Diabetes mellitus, transient neonatal, 2;Type 2 diabetes mellitus",germline;unknown,germline,GRCh37,NC_000011.9,11,17417205,17417205,na,na,11p15.1,"criteria provided, conflicting classifications",4,-,N,ClinGen:CA379786666,2,2576195,17417205,C,T,-,-,-,-,-,-,SCV004026507|SCV004194249|SCV005676665|SCV005835803,-,-
2741092,single nucleotide variant,NM_000352.6(ABCC8):c.4259G>A (p.Arg1420His),6833,ABCC8,HGNC:59,Conflicting classifications of pathogenicity,1,"Feb 27, 2025",1272388614,-,RCV003322256|RCV003466058|RCV005102900|RCV005047525,"MONDO:MONDO:0009734,MedGen:C2931832,OMIM:256450,Orphanet:276575,Orphanet:276598|Human Phenotype Ontology:HP:0005965,Human Phenotype Ontology:HP:0005978,Human Phenotype Ontology:HP:0100652,MONDO:MONDO:0005148,MeSH:D003924,MedGen:C0011860,OMIM:125853|MedGen:C3661900|MONDO:MONDO:0009415,MedGen:C0271714,OMIM:240800;MONDO:MONDO:0030088,MedGen:C5394303,OMIM:618857;MONDO:MONDO:0009734,MedGen:C2931832,OMIM:256450,Orphanet:276575,Orphanet:276598;MONDO:MONDO:0012480,MedGen:C1835887,OMIM:610374,Orphanet:99886;Human Phenotype Ontology:HP:0005965,Human Phenotype Ontology:HP:0005978,Human Phenotype Ontology:HP:0100652,MONDO:MONDO:0005148,MeSH:D003924,MedGen:C0011860,OMIM:125853","Hyperinsulinemic hypoglycemia, familial, 1|Type 2 diabetes mellitus|not provided|Leucine-induced hypoglycemia;Diabetes mellitus, permanent neonatal 3;Hyperinsulinemic hypoglycemia, familial, 1;Diabetes mellitus, transient neonatal, 2;Type 2 diabetes mellitus",germline;unknown,germline,GRCh38,NC_000011.10,11,17395658,17395658,na,na,11p15.1,"criteria provided, conflicting classifications",4,-,N,ClinGen:CA379786666,2,2576195,17395658,C,T,-,-,-,-,-,-,SCV004026507|SCV004194249|SCV005676665|SCV005835803,-,-
2741093,single nucleotide variant,NM_000352.6(ABCC8):c.4123G>A (p.Gly1375Arg),6833,ABCC8,HGNC:59,Uncertain significance,0,"Aug 31, 2025",866198779,-,RCV003322257|RCV006472363,"MONDO:MONDO:0009734,MedGen:C2931832,OMIM:256450,Orphanet:276575,Orphanet:276598|MedGen:C3661900","Hyperinsulinemic hypoglycemia, familial, 1|not provided",germline;unknown,germline,GRCh37,NC_000011.9,11,17417474,17417474,na,na,11p15.1,"criteria provided, multiple submitters, no conflicts",3,-,N,ClinGen:CA218408270,2,2576196,17417474,C,T,-,-,-,-,-,-,SCV004026512|SCV007374504|SCV007449676,-,-
2741093,single nucleotide variant,NM_000352.6(ABCC8):c.4123G>A (p.Gly1375Arg),6833,ABCC8,HGNC:59,Uncertain significance,0,"Aug 31, 2025",866198779,-,RCV003322257|RCV006472363,"MONDO:MONDO:0009734,MedGen:C2931832,OMIM:256450,Orphanet:276575,Orphanet:276598|MedGen:C3661900","Hyperinsulinemic hypoglycemia, familial, 1|not provided",germline;unknown,germline,GRCh38,NC_000011.10,11,17395927,17395927,na,na,11p15.1,"criteria provided, multiple submitters, no conflicts",3,-,N,ClinGen:CA218408270,2,2576196,17395927,C,T,-,-,-,-,-,-,SCV004026512|SCV007374504|SCV007449676,-,-
2741094,single nucleotide variant,NM_000352.6(ABCC8):c.4114C>T (p.Gln1372Ter),6833,ABCC8,HGNC:59,Pathogenic,1,"Aug 16, 2023",530152803,-,RCV003322258,"MONDO:MONDO:0009734,MedGen:C2931832,OMIM:256450,Orphanet:276575,Orphanet:276598","Hyperinsulinemic hypoglycemia, familial, 1",germline,germline,GRCh37,NC_000011.9,11,17418468,17418468,na,na,11p15.1,"criteria provided, single submitter",1,-,N,ClinGen:CA5902582,2,2576197,17418468,G,A,-,-,-,-,-,-,SCV004026513,-,-
2741094,single nucleotide variant,NM_000352.6(ABCC8):c.4114C>T (p.Gln1372Ter),6833,ABCC8,HGNC:59,Pathogenic,1,"Aug 16, 2023",530152803,-,RCV003322258,"MONDO:MONDO:0009734,MedGen:C2931832,OMIM:256450,Orphanet:276575,Orphanet:276598","Hyperinsulinemic hypoglycemia, familial, 1",germline,germline,GRCh38,NC_000011.10,11,17396921,17396921,na,na,11p15.1,"criteria provided, single submitter",1,-,N,ClinGen:CA5902582,2,2576197,17396921,G,A,-,-,-,-,-,-,SCV004026513,-,-
2741095,single nucleotide variant,NM_000352.6(ABCC8):c.4076C>T (p.Pro1359Leu),6833,ABCC8,HGNC:59,Conflicting classifications of pathogenicity,1,"Oct 24, 2025",377686759,-,RCV003322259|RCV003466059|RCV003561296|RCV005047526,"MONDO:MONDO:0009734,MedGen:C2931832,OMIM:256450,Orphanet:276575,Orphanet:276598|Human Phenotype Ontology:HP:0005965,Human Phenotype Ontology:HP:0005978,Human Phenotype Ontology:HP:0100652,MONDO:MONDO:0005148,MeSH:D003924,MedGen:C0011860,OMIM:125853|MedGen:C3661900|MONDO:MONDO:0009415,MedGen:C0271714,OMIM:240800;MONDO:MONDO:0030088,MedGen:C5394303,OMIM:618857;MONDO:MONDO:0009734,MedGen:C2931832,OMIM:256450,Orphanet:276575,Orphanet:276598;MONDO:MONDO:0012480,MedGen:C1835887,OMIM:610374,Orphanet:99886;Human Phenotype Ontology:HP:0005965,Human Phenotype Ontology:HP:0005978,Human Phenotype Ontology:HP:0100652,MONDO:MONDO:0005148,MeSH:D003924,MedGen:C0011860,OMIM:125853","Hyperinsulinemic hypoglycemia, familial, 1|Type 2 diabetes mellitus|not provided|Leucine-induced hypoglycemia;Diabetes mellitus, permanent neonatal 3;Hyperinsulinemic hypoglycemia, familial, 1;Diabetes mellitus, transient neonatal, 2;Type 2 diabetes mellitus",germline;unknown,germline,GRCh37,NC_000011.9,11,17418506,17418506,na,na,11p15.1,"criteria provided, conflicting classifications",4,-,N,ClinGen:CA5902590,2,2576198,17418506,G,A,-,-,-,-,-,-,SCV004026515|SCV004196659|SCV004295378|SCV005683385,-,-
2741095,single nucleotide variant,NM_000352.6(ABCC8):c.4076C>T (p.Pro1359Leu),6833,ABCC8,HGNC:59,Conflicting classifications of pathogenicity,1,"Oct 24, 2025",377686759,-,RCV003322259|RCV003466059|RCV003561296|RCV005047526,"MONDO:MONDO:0009734,MedGen:C2931832,OMIM:256450,Orphanet:276575,Orphanet:276598|Human Phenotype Ontology:HP:0005965,Human Phenotype Ontology:HP:0005978,Human Phenotype Ontology:HP:0100652,MONDO:MONDO:0005148,MeSH:D003924,MedGen:C0011860,OMIM:125853|MedGen:C3661900|MONDO:MONDO:0009415,MedGen:C0271714,OMIM:240800;MONDO:MONDO:0030088,MedGen:C5394303,OMIM:618857;MONDO:MONDO:0009734,MedGen:C2931832,OMIM:256450,Orphanet:276575,Orphanet:276598;MONDO:MONDO:0012480,MedGen:C1835887,OMIM:610374,Orphanet:99886;Human Phenotype Ontology:HP:0005965,Human Phenotype Ontology:HP:0005978,Human Phenotype Ontology:HP:0100652,MONDO:MONDO:0005148,MeSH:D003924,MedGen:C0011860,OMIM:125853","Hyperinsulinemic hypoglycemia, familial, 1|Type 2 diabetes mellitus|not provided|Leucine-induced hypoglycemia;Diabetes mellitus, permanent neonatal 3;Hyperinsulinemic hypoglycemia, familial, 1;Diabetes mellitus, transient neonatal, 2;Type 2 diabetes mellitus",germline;unknown,germline,GRCh38,NC_000011.10,11,17396959,17396959,na,na,11p15.1,"criteria provided, conflicting classifications",4,-,N,ClinGen:CA5902590,2,2576198,17396959,G,A,-,-,-,-,-,-,SCV004026515|SCV004196659|SCV004295378|SCV005683385,-,-
2741096,single nucleotide variant,NM_000352.6(ABCC8):c.3995C>A (p.Ser1332Ter),6833,ABCC8,HGNC:59,Likely pathogenic,1,"Aug 16, 2023",552324811,-,RCV003322260,"MONDO:MONDO:0009734,MedGen:C2931832,OMIM:256450,Orphanet:276575,Orphanet:276598","Hyperinsulinemic hypoglycemia, familial, 1",germline,germline,GRCh37,NC_000011.9,11,17418587,17418587,na,na,11p15.1,"criteria provided, single submitter",1,-,N,ClinGen:CA379791285,2,2576199,17418587,G,T,-,-,-,-,-,-,SCV004026517,-,-
2741096,single nucleotide variant,NM_000352.6(ABCC8):c.3995C>A (p.Ser1332Ter),6833,ABCC8,HGNC:59,Likely pathogenic,1,"Aug 16, 2023",552324811,-,RCV003322260,"MONDO:MONDO:0009734,MedGen:C2931832,OMIM:256450,Orphanet:276575,Orphanet:276598","Hyperinsulinemic hypoglycemia, familial, 1",germline,germline,GRCh38,NC_000011.10,11,17397040,17397040,na,na,11p15.1,"criteria provided, single submitter",1,-,N,ClinGen:CA379791285,2,2576199,17397040,G,T,-,-,-,-,-,-,SCV004026517,-,-
2741097,Deletion,NM_000352.6(ABCC8):c.3828del (p.Ala1277fs),6833,ABCC8,HGNC:59,Pathogenic,1,"Aug 16, 2023",775657272,-,RCV003322261,"MONDO:MONDO:0009734,MedGen:C2931832,OMIM:256450,Orphanet:276575,Orphanet:276598","Hyperinsulinemic hypoglycemia, familial, 1",germline,germline,GRCh37,NC_000011.9,11,17419270,17419270,na,na,11p15.1,"criteria provided, single submitter",1,-,N,ClinGen:CA5902686,2,2576200,17419269,CA,C,-,-,-,-,-,-,SCV004026521,-,-
2741097,Deletion,NM_000352.6(ABCC8):c.3828del (p.Ala1277fs),6833,ABCC8,HGNC:59,Pathogenic,1,"Aug 16, 2023",775657272,-,RCV003322261,"MONDO:MONDO:0009734,MedGen:C2931832,OMIM:256450,Orphanet:276575,Orphanet:276598","Hyperinsulinemic hypoglycemia, familial, 1",germline,germline,GRCh38,NC_000011.10,11,17397723,17397723,na,na,11p15.1,"criteria provided, single submitter",1,-,N,ClinGen:CA5902686,2,2576200,17397722,CA,C,-,-,-,-,-,-,SCV004026521,-,-
2741098,single nucleotide variant,NM_000352.6(ABCC8):c.3447T>A (p.Cys1149Ter),6833,ABCC8,HGNC:59,Likely pathogenic,1,"Aug 16, 2023",764564256,-,RCV003322262,"MONDO:MONDO:0009734,MedGen:C2931832,OMIM:256450,Orphanet:276575,Orphanet:276598","Hyperinsulinemic hypoglycemia, familial, 1",germline,germline,GRCh37,NC_000011.9,11,17426169,17426169,na,na,11p15.1,"criteria provided, single submitter",1,-,N,ClinGen:CA5902804,2,2576201,17426169,A,T,-,-,-,-,-,-,SCV004026523,-,-
2741098,single nucleotide variant,NM_000352.6(ABCC8):c.3447T>A (p.Cys1149Ter),6833,ABCC8,HGNC:59,Likely pathogenic,1,"Aug 16, 2023",764564256,-,RCV003322262,"MONDO:MONDO:0009734,MedGen:C2931832,OMIM:256450,Orphanet:276575,Orphanet:276598","Hyperinsulinemic hypoglycemia, familial, 1",germline,germline,GRCh38,NC_000011.10,11,17404622,17404622,na,na,11p15.1,"criteria provided, single submitter",1,-,N,ClinGen:CA5902804,2,2576201,17404622,A,T,-,-,-,-,-,-,SCV004026523,-,-
2741099,single nucleotide variant,NM_000352.6(ABCC8):c.3440T>G (p.Leu1147Arg),6833,ABCC8,HGNC:59,Conflicting classifications of pathogenicity,1,"Jan 06, 2025",1262517518,-,RCV003322263|RCV003466060|RCV004736333|RCV004719319,"MONDO:MONDO:0009734,MedGen:C2931832,OMIM:256450,Orphanet:276575,Orphanet:276598|Human Phenotype Ontology:HP:0005965,Human Phenotype Ontology:HP:0005978,Human Phenotype Ontology:HP:0100652,MONDO:MONDO:0005148,MeSH:D003924,MedGen:C0011860,OMIM:125853||MedGen:C3661900","Hyperinsulinemic hypoglycemia, familial, 1|Type 2 diabetes mellitus|ABCC8-related disorder|not provided",germline;unknown,germline,GRCh37,NC_000011.9,11,17426176,17426176,na,na,11p15.1,"criteria provided, conflicting classifications",5,-,N,ClinGen:CA379798436,2,2576202,17426176,A,C,-,-,-,-,-,-,SCV004026524|SCV004192904|SCV005325036|SCV005835831,-,-
2741099,single nucleotide variant,NM_000352.6(ABCC8):c.3440T>G (p.Leu1147Arg),6833,ABCC8,HGNC:59,Conflicting classifications of pathogenicity,1,"Jan 06, 2025",1262517518,-,RCV003322263|RCV003466060|RCV004736333|RCV004719319,"MONDO:MONDO:0009734,MedGen:C2931832,OMIM:256450,Orphanet:276575,Orphanet:276598|Human Phenotype Ontology:HP:0005965,Human Phenotype Ontology:HP:0005978,Human Phenotype Ontology:HP:0100652,MONDO:MONDO:0005148,MeSH:D003924,MedGen:C0011860,OMIM:125853||MedGen:C3661900","Hyperinsulinemic hypoglycemia, familial, 1|Type 2 diabetes mellitus|ABCC8-related disorder|not provided",germline;unknown,germline,GRCh38,NC_000011.10,11,17404629,17404629,na,na,11p15.1,"criteria provided, conflicting classifications",5,-,N,ClinGen:CA379798436,2,2576202,17404629,A,C,-,-,-,-,-,-,SCV004026524|SCV004192904|SCV005325036|SCV005835831,-,-
2741100,single nucleotide variant,NM_000352.6(ABCC8):c.3398A>G (p.Gln1133Arg),6833,ABCC8,HGNC:59,Uncertain significance,0,"Aug 16, 2023",769065284,-,RCV003322264,"MONDO:MONDO:0009734,MedGen:C2931832,OMIM:256450,Orphanet:276575,Orphanet:276598","Hyperinsulinemic hypoglycemia, familial, 1",germline,germline,GRCh37,NC_000011.9,11,17427042,17427042,na,na,11p15.1,"criteria provided, single submitter",1,-,N,ClinGen:CA5902840,2,2576203,17427042,T,C,-,-,-,-,-,-,SCV004026527,-,-
2741100,single nucleotide variant,NM_000352.6(ABCC8):c.3398A>G (p.Gln1133Arg),6833,ABCC8,HGNC:59,Uncertain significance,0,"Aug 16, 2023",769065284,-,RCV003322264,"MONDO:MONDO:0009734,MedGen:C2931832,OMIM:256450,Orphanet:276575,Orphanet:276598","Hyperinsulinemic hypoglycemia, familial, 1",germline,germline,GRCh38,NC_000011.10,11,17405495,17405495,na,na,11p15.1,"criteria provided, single submitter",1,-,N,ClinGen:CA5902840,2,2576203,17405495,T,C,-,-,-,-,-,-,SCV004026527,-,-
2741101,single nucleotide variant,NM_000352.6(ABCC8):c.3330-13G>A,6833,ABCC8,HGNC:59,Uncertain significance,0,"Aug 16, 2023",1264980250,-,RCV003322265,"MONDO:MONDO:0009734,MedGen:C2931832,OMIM:256450,Orphanet:276575,Orphanet:276598","Hyperinsulinemic hypoglycemia, familial, 1",germline,germline,GRCh37,NC_000011.9,11,17427123,17427123,na,na,11p15.1,"criteria provided, single submitter",1,-,N,ClinGen:CA597665266,2,2576204,17427123,C,T,-,-,-,-,-,-,SCV004026528,-,-
2741101,single nucleotide variant,NM_000352.6(ABCC8):c.3330-13G>A,6833,ABCC8,HGNC:59,Uncertain significance,0,"Aug 16, 2023",1264980250,-,RCV003322265,"MONDO:MONDO:0009734,MedGen:C2931832,OMIM:256450,Orphanet:276575,Orphanet:276598","Hyperinsulinemic hypoglycemia, familial, 1",germline,germline,GRCh38,NC_000011.10,11,17405576,17405576,na,na,11p15.1,"criteria provided, single submitter",1,-,N,ClinGen:CA597665266,2,2576204,17405576,C,T,-,-,-,-,-,-,SCV004026528,-,-
2741102,single nucleotide variant,NM_000352.6(ABCC8):c.3163-1G>A,6833,ABCC8,HGNC:59,Pathogenic,1,"Aug 16, 2023",754232612,-,RCV003322266|RCV003475560,"MONDO:MONDO:0009734,MedGen:C2931832,OMIM:256450,Orphanet:276575,Orphanet:276598|Human Phenotype Ontology:HP:0005965,Human Phenotype Ontology:HP:0005978,Human Phenotype Ontology:HP:0100652,MONDO:MONDO:0005148,MeSH:D003924,MedGen:C0011860,OMIM:125853","Hyperinsulinemic hypoglycemia, familial, 1|Type 2 diabetes mellitus",germline;unknown,germline,GRCh37,NC_000011.9,11,17428336,17428336,na,na,11p15.1,"criteria provided, multiple submitters, no conflicts",2,-,N,ClinGen:CA5902895,2,2576205,17428336,C,T,-,-,-,-,-,-,SCV004026529|SCV004202880,-,-
2741102,single nucleotide variant,NM_000352.6(ABCC8):c.3163-1G>A,6833,ABCC8,HGNC:59,Pathogenic,1,"Aug 16, 2023",754232612,-,RCV003322266|RCV003475560,"MONDO:MONDO:0009734,MedGen:C2931832,OMIM:256450,Orphanet:276575,Orphanet:276598|Human Phenotype Ontology:HP:0005965,Human Phenotype Ontology:HP:0005978,Human Phenotype Ontology:HP:0100652,MONDO:MONDO:0005148,MeSH:D003924,MedGen:C0011860,OMIM:125853","Hyperinsulinemic hypoglycemia, familial, 1|Type 2 diabetes mellitus",germline;unknown,germline,GRCh38,NC_000011.10,11,17406789,17406789,na,na,11p15.1,"criteria provided, multiple submitters, no conflicts",2,-,N,ClinGen:CA5902895,2,2576205,17406789,C,T,-,-,-,-,-,-,SCV004026529|SCV004202880,-,-
2741103,single nucleotide variant,NM_000352.6(ABCC8):c.2980G>T (p.Glu994Ter),6833,ABCC8,HGNC:59,Pathogenic,1,"Aug 16, 2023",766921341,-,RCV003322268,"MONDO:MONDO:0009734,MedGen:C2931832,OMIM:256450,Orphanet:276575,Orphanet:276598","Hyperinsulinemic hypoglycemia, familial, 1",germline,germline,GRCh37,NC_000011.9,11,17428617,17428617,na,na,11p15.1,"criteria provided, single submitter",1,-,N,ClinGen:CA379804085,2,2576207,17428617,C,A,-,-,-,-,-,-,SCV004026534,-,-
2741103,single nucleotide variant,NM_000352.6(ABCC8):c.2980G>T (p.Glu994Ter),6833,ABCC8,HGNC:59,Pathogenic,1,"Aug 16, 2023",766921341,-,RCV003322268,"MONDO:MONDO:0009734,MedGen:C2931832,OMIM:256450,Orphanet:276575,Orphanet:276598","Hyperinsulinemic hypoglycemia, familial, 1",germline,germline,GRCh38,NC_000011.10,11,17407070,17407070,na,na,11p15.1,"criteria provided, single submitter",1,-,N,ClinGen:CA379804085,2,2576207,17407070,C,A,-,-,-,-,-,-,SCV004026534,-,-
2741104,single nucleotide variant,NM_000352.6(ABCC8):c.2699T>C (p.Ile900Thr),6833,ABCC8,HGNC:59,Uncertain significance,0,"Aug 16, 2023",1398633586,-,RCV003322269,"MONDO:MONDO:0009734,MedGen:C2931832,OMIM:256450,Orphanet:276575,Orphanet:276598","Hyperinsulinemic hypoglycemia, familial, 1",germline,germline,GRCh37,NC_000011.9,11,17430060,17430060,na,na,11p15.1,"criteria provided, single submitter",1,-,N,ClinGen:CA379805525,2,2576208,17430060,A,G,-,-,-,-,-,-,SCV004026538,-,-
2741104,single nucleotide variant,NM_000352.6(ABCC8):c.2699T>C (p.Ile900Thr),6833,ABCC8,HGNC:59,Uncertain significance,0,"Aug 16, 2023",1398633586,-,RCV003322269,"MONDO:MONDO:0009734,MedGen:C2931832,OMIM:256450,Orphanet:276575,Orphanet:276598","Hyperinsulinemic hypoglycemia, familial, 1",germline,germline,GRCh38,NC_000011.10,11,17408513,17408513,na,na,11p15.1,"criteria provided, single submitter",1,-,N,ClinGen:CA379805525,2,2576208,17408513,A,G,-,-,-,-,-,-,SCV004026538,-,-
2741105,Microsatellite,NM_000352.6(ABCC8):c.2350GAG[1] (p.Glu785del),6833,ABCC8,HGNC:59,Uncertain significance,0,"Aug 16, 2023",1564905523,-,RCV003322270,"MONDO:MONDO:0009734,MedGen:C2931832,OMIM:256450,Orphanet:276575,Orphanet:276598","Hyperinsulinemic hypoglycemia, familial, 1",germline,germline,GRCh37,NC_000011.9,11,17436094,17436096,na,na,11p15.1,"criteria provided, single submitter",1,-,N,ClinGen:CA918828120,2,2576209,17436093,TCTC,T,-,-,-,-,-,-,SCV004026542,-,-
2741105,Microsatellite,NM_000352.6(ABCC8):c.2350GAG[1] (p.Glu785del),6833,ABCC8,HGNC:59,Uncertain significance,0,"Aug 16, 2023",1564905523,-,RCV003322270,"MONDO:MONDO:0009734,MedGen:C2931832,OMIM:256450,Orphanet:276575,Orphanet:276598","Hyperinsulinemic hypoglycemia, familial, 1",germline,germline,GRCh38,NC_000011.10,11,17414547,17414549,na,na,11p15.1,"criteria provided, single submitter",1,-,N,ClinGen:CA918828120,2,2576209,17414546,TCTC,T,-,-,-,-,-,-,SCV004026542,-,-
2741106,single nucleotide variant,NM_000352.6(ABCC8):c.2151C>A (p.Cys717Ter),6833,ABCC8,HGNC:59,Pathogenic,1,"Aug 16, 2023",776027296,-,RCV003322271,"MONDO:MONDO:0009734,MedGen:C2931832,OMIM:256450,Orphanet:276575,Orphanet:276598","Hyperinsulinemic hypoglycemia, familial, 1",germline,germline,GRCh37,NC_000011.9,11,17448667,17448667,na,na,11p15.1,"criteria provided, single submitter",1,-,N,ClinGen:CA5903289,2,2576210,17448667,G,T,-,-,-,-,-,-,SCV004026545,-,-
2741106,single nucleotide variant,NM_000352.6(ABCC8):c.2151C>A (p.Cys717Ter),6833,ABCC8,HGNC:59,Pathogenic,1,"Aug 16, 2023",776027296,-,RCV003322271,"MONDO:MONDO:0009734,MedGen:C2931832,OMIM:256450,Orphanet:276575,Orphanet:276598","Hyperinsulinemic hypoglycemia, familial, 1",germline,germline,GRCh38,NC_000011.10,11,17427120,17427120,na,na,11p15.1,"criteria provided, single submitter",1,-,N,ClinGen:CA5903289,2,2576210,17427120,G,T,-,-,-,-,-,-,SCV004026545,-,-
2741107,single nucleotide variant,NM_000352.6(ABCC8):c.4453C>T (p.Gln1485Ter),6833,ABCC8,HGNC:59,Pathogenic,1,"Aug 16, 2023",1252605804,-,RCV003322272,"MONDO:MONDO:0009734,MedGen:C2931832,OMIM:256450,Orphanet:276575,Orphanet:276598","Hyperinsulinemic hypoglycemia, familial, 1",germline,germline,GRCh37,NC_000011.9,11,17415905,17415905,na,na,11p15.1,"criteria provided, single submitter",1,-,N,ClinGen:CA379783441,2,2576211,17415905,G,A,-,-,-,-,-,-,SCV004026557,-,-
2741107,single nucleotide variant,NM_000352.6(ABCC8):c.4453C>T (p.Gln1485Ter),6833,ABCC8,HGNC:59,Pathogenic,1,"Aug 16, 2023",1252605804,-,RCV003322272,"MONDO:MONDO:0009734,MedGen:C2931832,OMIM:256450,Orphanet:276575,Orphanet:276598","Hyperinsulinemic hypoglycemia, familial, 1",germline,germline,GRCh38,NC_000011.10,11,17394358,17394358,na,na,11p15.1,"criteria provided, single submitter",1,-,N,ClinGen:CA379783441,2,2576211,17394358,G,A,-,-,-,-,-,-,SCV004026557,-,-
2741108,single nucleotide variant,NM_000352.6(ABCC8):c.1290G>A (p.Trp430Ter),6833,ABCC8,HGNC:59,Pathogenic/Likely pathogenic,1,"Aug 16, 2023",767500007,-,RCV003322273|RCV004763649,"MONDO:MONDO:0009734,MedGen:C2931832,OMIM:256450,Orphanet:276575,Orphanet:276598|MedGen:C3661900","Hyperinsulinemic hypoglycemia, familial, 1|not provided",germline,germline,GRCh37,NC_000011.9,11,17470105,17470105,na,na,11p15.1,"criteria provided, multiple submitters, no conflicts",2,-,N,ClinGen:CA5903624,2,2576212,17470105,C,T,-,-,-,-,-,-,SCV004026565|SCV005370548,-,-
2741108,single nucleotide variant,NM_000352.6(ABCC8):c.1290G>A (p.Trp430Ter),6833,ABCC8,HGNC:59,Pathogenic/Likely pathogenic,1,"Aug 16, 2023",767500007,-,RCV003322273|RCV004763649,"MONDO:MONDO:0009734,MedGen:C2931832,OMIM:256450,Orphanet:276575,Orphanet:276598|MedGen:C3661900","Hyperinsulinemic hypoglycemia, familial, 1|not provided",germline,germline,GRCh38,NC_000011.10,11,17448558,17448558,na,na,11p15.1,"criteria provided, multiple submitters, no conflicts",2,-,N,ClinGen:CA5903624,2,2576212,17448558,C,T,-,-,-,-,-,-,SCV004026565|SCV005370548,-,-
2741109,Deletion,NM_000352.6(ABCC8):c.1138del (p.Ala380fs),6833,ABCC8,HGNC:59,Pathogenic,1,"Aug 16, 2023",1564964065,-,RCV003322274,"MONDO:MONDO:0009734,MedGen:C2931832,OMIM:256450,Orphanet:276575,Orphanet:276598","Hyperinsulinemic hypoglycemia, familial, 1",germline,germline,GRCh37,NC_000011.9,11,17474704,17474704,na,na,11p15.1,"criteria provided, single submitter",1,-,N,ClinGen:CA597904577,2,2576213,17474703,GC,G,-,-,-,-,-,-,SCV004026569,-,-
2741109,Deletion,NM_000352.6(ABCC8):c.1138del (p.Ala380fs),6833,ABCC8,HGNC:59,Pathogenic,1,"Aug 16, 2023",1564964065,-,RCV003322274,"MONDO:MONDO:0009734,MedGen:C2931832,OMIM:256450,Orphanet:276575,Orphanet:276598","Hyperinsulinemic hypoglycemia, familial, 1",germline,germline,GRCh38,NC_000011.10,11,17453157,17453157,na,na,11p15.1,"criteria provided, single submitter",1,-,N,ClinGen:CA597904577,2,2576213,17453156,GC,G,-,-,-,-,-,-,SCV004026569,-,-
2741110,single nucleotide variant,NM_000352.6(ABCC8):c.1112C>T (p.Thr371Ile),6833,ABCC8,HGNC:59,Uncertain significance,0,"Jan 10, 2024",1305716949,-,RCV003322275|RCV003988108,"MONDO:MONDO:0009734,MedGen:C2931832,OMIM:256450,Orphanet:276575,Orphanet:276598|MedGen:CN169374","Hyperinsulinemic hypoglycemia, familial, 1|not specified",germline,germline,GRCh37,NC_000011.9,11,17474730,17474730,na,na,11p15.1,"criteria provided, multiple submitters, no conflicts",2,-,N,ClinGen:CA379770837,2,2576214,17474730,G,A,-,-,-,-,-,-,SCV004026570|SCV004804349,-,-
2741110,single nucleotide variant,NM_000352.6(ABCC8):c.1112C>T (p.Thr371Ile),6833,ABCC8,HGNC:59,Uncertain significance,0,"Jan 10, 2024",1305716949,-,RCV003322275|RCV003988108,"MONDO:MONDO:0009734,MedGen:C2931832,OMIM:256450,Orphanet:276575,Orphanet:276598|MedGen:CN169374","Hyperinsulinemic hypoglycemia, familial, 1|not specified",germline,germline,GRCh38,NC_000011.10,11,17453183,17453183,na,na,11p15.1,"criteria provided, multiple submitters, no conflicts",2,-,N,ClinGen:CA379770837,2,2576214,17453183,G,A,-,-,-,-,-,-,SCV004026570|SCV004804349,-,-
2741111,single nucleotide variant,NM_000352.6(ABCC8):c.929A>T (p.Asp310Val),6833,ABCC8,HGNC:59,Uncertain significance,0,"Aug 16, 2023",761869476,-,RCV003322276|RCV004538940,"MONDO:MONDO:0009734,MedGen:C2931832,OMIM:256450,Orphanet:276575,Orphanet:276598|","Hyperinsulinemic hypoglycemia, familial, 1|ABCC8-related disorder",germline,germline,GRCh37,NC_000011.9,11,17482117,17482117,na,na,11p15.1,"criteria provided, multiple submitters, no conflicts",2,-,N,ClinGen:CA5903723,2,2576215,17482117,T,A,-,-,-,-,-,-,SCV004026572|SCV004119197,-,-
2741111,single nucleotide variant,NM_000352.6(ABCC8):c.929A>T (p.Asp310Val),6833,ABCC8,HGNC:59,Uncertain significance,0,"Aug 16, 2023",761869476,-,RCV003322276|RCV004538940,"MONDO:MONDO:0009734,MedGen:C2931832,OMIM:256450,Orphanet:276575,Orphanet:276598|","Hyperinsulinemic hypoglycemia, familial, 1|ABCC8-related disorder",germline,germline,GRCh38,NC_000011.10,11,17460570,17460570,na,na,11p15.1,"criteria provided, multiple submitters, no conflicts",2,-,N,ClinGen:CA5903723,2,2576215,17460570,T,A,-,-,-,-,-,-,SCV004026572|SCV004119197,-,-
2741112,single nucleotide variant,NM_000352.6(ABCC8):c.148+1G>A,6833,ABCC8,HGNC:59,Pathogenic/Likely pathogenic,1,"Mar 20, 2025",766312766,-,RCV003322277|RCV005047527,"MONDO:MONDO:0009734,MedGen:C2931832,OMIM:256450,Orphanet:276575,Orphanet:276598|MONDO:MONDO:0009415,MedGen:C0271714,OMIM:240800;MONDO:MONDO:0030088,MedGen:C5394303,OMIM:618857;MONDO:MONDO:0009734,MedGen:C2931832,OMIM:256450,Orphanet:276575,Orphanet:276598;MONDO:MONDO:0012480,MedGen:C1835887,OMIM:610374,Orphanet:99886;Human Phenotype Ontology:HP:0005965,Human Phenotype Ontology:HP:0005978,Human Phenotype Ontology:HP:0100652,MONDO:MONDO:0005148,MeSH:D003924,MedGen:C0011860,OMIM:125853","Hyperinsulinemic hypoglycemia, familial, 1|Leucine-induced hypoglycemia;Diabetes mellitus, permanent neonatal 3;Hyperinsulinemic hypoglycemia, familial, 1;Diabetes mellitus, transient neonatal, 2;Type 2 diabetes mellitus",germline;unknown,germline,GRCh37,NC_000011.9,11,17498175,17498175,na,na,11p15.1,"criteria provided, multiple submitters, no conflicts",3,-,N,ClinGen:CA5903972,2,2576216,17498175,C,T,-,-,-,-,-,-,SCV004026587|SCV005676125|SCV006323516,-,-
2741112,single nucleotide variant,NM_000352.6(ABCC8):c.148+1G>A,6833,ABCC8,HGNC:59,Pathogenic/Likely pathogenic,1,"Mar 20, 2025",766312766,-,RCV003322277|RCV005047527,"MONDO:MONDO:0009734,MedGen:C2931832,OMIM:256450,Orphanet:276575,Orphanet:276598|MONDO:MONDO:0009415,MedGen:C0271714,OMIM:240800;MONDO:MONDO:0030088,MedGen:C5394303,OMIM:618857;MONDO:MONDO:0009734,MedGen:C2931832,OMIM:256450,Orphanet:276575,Orphanet:276598;MONDO:MONDO:0012480,MedGen:C1835887,OMIM:610374,Orphanet:99886;Human Phenotype Ontology:HP:0005965,Human Phenotype Ontology:HP:0005978,Human Phenotype Ontology:HP:0100652,MONDO:MONDO:0005148,MeSH:D003924,MedGen:C0011860,OMIM:125853","Hyperinsulinemic hypoglycemia, familial, 1|Leucine-induced hypoglycemia;Diabetes mellitus, permanent neonatal 3;Hyperinsulinemic hypoglycemia, familial, 1;Diabetes mellitus, transient neonatal, 2;Type 2 diabetes mellitus",germline;unknown,germline,GRCh38,NC_000011.10,11,17476628,17476628,na,na,11p15.1,"criteria provided, multiple submitters, no conflicts",3,-,N,ClinGen:CA5903972,2,2576216,17476628,C,T,-,-,-,-,-,-,SCV004026587|SCV005676125|SCV006323516,-,-
2741113,single nucleotide variant,NM_000352.6(ABCC8):c.107A>G (p.His36Arg),6833,ABCC8,HGNC:59,Uncertain significance,0,"Aug 16, 2023",1468544724,-,RCV003322278,"MONDO:MONDO:0009734,MedGen:C2931832,OMIM:256450,Orphanet:276575,Orphanet:276598","Hyperinsulinemic hypoglycemia, familial, 1",germline,germline,GRCh37,NC_000011.9,11,17498217,17498217,na,na,11p15.1,"criteria provided, single submitter",1,-,N,ClinGen:CA379789969,2,2576217,17498217,T,C,-,-,-,-,-,-,SCV004026588,-,-
2741113,single nucleotide variant,NM_000352.6(ABCC8):c.107A>G (p.His36Arg),6833,ABCC8,HGNC:59,Uncertain significance,0,"Aug 16, 2023",1468544724,-,RCV003322278,"MONDO:MONDO:0009734,MedGen:C2931832,OMIM:256450,Orphanet:276575,Orphanet:276598","Hyperinsulinemic hypoglycemia, familial, 1",germline,germline,GRCh38,NC_000011.10,11,17476670,17476670,na,na,11p15.1,"criteria provided, single submitter",1,-,N,ClinGen:CA379789969,2,2576217,17476670,T,C,-,-,-,-,-,-,SCV004026588,-,-
2741114,single nucleotide variant,NM_000352.6(ABCC8):c.4324G>A (p.Glu1442Lys),6833,ABCC8,HGNC:59,Uncertain significance,0,"May 20, 2024",759663539,-,RCV004690400|RCV003322279,"MedGen:CN169374|MONDO:MONDO:0009734,MedGen:C2931832,OMIM:256450,Orphanet:276575,Orphanet:276598","not specified|Hyperinsulinemic hypoglycemia, familial, 1",germline,germline,GRCh37,NC_000011.9,11,17416806,17416806,na,na,11p15.1,"criteria provided, multiple submitters, no conflicts",2,-,N,ClinGen:CA379785883,2,2576218,17416806,C,T,-,-,-,-,-,-,SCV004026590|SCV005185190,-,-
2741114,single nucleotide variant,NM_000352.6(ABCC8):c.4324G>A (p.Glu1442Lys),6833,ABCC8,HGNC:59,Uncertain significance,0,"May 20, 2024",759663539,-,RCV004690400|RCV003322279,"MedGen:CN169374|MONDO:MONDO:0009734,MedGen:C2931832,OMIM:256450,Orphanet:276575,Orphanet:276598","not specified|Hyperinsulinemic hypoglycemia, familial, 1",germline,germline,GRCh38,NC_000011.10,11,17395259,17395259,na,na,11p15.1,"criteria provided, multiple submitters, no conflicts",2,-,N,ClinGen:CA379785883,2,2576218,17395259,C,T,-,-,-,-,-,-,SCV004026590|SCV005185190,-,-
2741115,single nucleotide variant,NM_000352.6(ABCC8):c.61G>A (p.Val21Ile),6833,ABCC8,HGNC:59,Uncertain significance,0,"Aug 16, 2023",1176097396,-,RCV003322280,"MONDO:MONDO:0009734,MedGen:C2931832,OMIM:256450,Orphanet:276575,Orphanet:276598","Hyperinsulinemic hypoglycemia, familial, 1",germline,germline,GRCh37,NC_000011.9,11,17498263,17498263,na,na,11p15.1,"criteria provided, single submitter",1,-,N,ClinGen:CA379790102,2,2576219,17498263,C,T,-,-,-,-,-,-,SCV004026593,-,-
2741115,single nucleotide variant,NM_000352.6(ABCC8):c.61G>A (p.Val21Ile),6833,ABCC8,HGNC:59,Uncertain significance,0,"Aug 16, 2023",1176097396,-,RCV003322280,"MONDO:MONDO:0009734,MedGen:C2931832,OMIM:256450,Orphanet:276575,Orphanet:276598","Hyperinsulinemic hypoglycemia, familial, 1",germline,germline,GRCh38,NC_000011.10,11,17476716,17476716,na,na,11p15.1,"criteria provided, single submitter",1,-,N,ClinGen:CA379790102,2,2576219,17476716,C,T,-,-,-,-,-,-,SCV004026593,-,-
2741116,single nucleotide variant,NM_000352.6(ABCC8):c.55C>T (p.Gln19Ter),6833,ABCC8,HGNC:59,Pathogenic,1,"Aug 16, 2023",1407486337,-,RCV003322281,"MONDO:MONDO:0009734,MedGen:C2931832,OMIM:256450,Orphanet:276575,Orphanet:276598","Hyperinsulinemic hypoglycemia, familial, 1",germline,germline,GRCh37,NC_000011.9,11,17498269,17498269,na,na,11p15.1,"criteria provided, single submitter",1,-,N,ClinGen:CA379790127,2,2576220,17498269,G,A,-,-,-,-,-,-,SCV004026594,-,-
2741116,single nucleotide variant,NM_000352.6(ABCC8):c.55C>T (p.Gln19Ter),6833,ABCC8,HGNC:59,Pathogenic,1,"Aug 16, 2023",1407486337,-,RCV003322281,"MONDO:MONDO:0009734,MedGen:C2931832,OMIM:256450,Orphanet:276575,Orphanet:276598","Hyperinsulinemic hypoglycemia, familial, 1",germline,germline,GRCh38,NC_000011.10,11,17476722,17476722,na,na,11p15.1,"criteria provided, single submitter",1,-,N,ClinGen:CA379790127,2,2576220,17476722,G,A,-,-,-,-,-,-,SCV004026594,-,-
2741117,single nucleotide variant,NM_000352.6(ABCC8):c.106C>T (p.His36Tyr),6833,ABCC8,HGNC:59,Uncertain significance,0,"Dec 17, 2024",1565001297,-,RCV003322282|RCV005240746,"MONDO:MONDO:0009734,MedGen:C2931832,OMIM:256450,Orphanet:276575,Orphanet:276598|MedGen:CN169374","Hyperinsulinemic hypoglycemia, familial, 1|not specified",germline,germline,GRCh37,NC_000011.9,11,17498218,17498218,na,na,11p15.1,"criteria provided, multiple submitters, no conflicts",2,-,N,ClinGen:CA379789975,2,2576221,17498218,G,A,-,-,-,-,-,-,SCV004026600|SCV005883266,-,-
2741117,single nucleotide variant,NM_000352.6(ABCC8):c.106C>T (p.His36Tyr),6833,ABCC8,HGNC:59,Uncertain significance,0,"Dec 17, 2024",1565001297,-,RCV003322282|RCV005240746,"MONDO:MONDO:0009734,MedGen:C2931832,OMIM:256450,Orphanet:276575,Orphanet:276598|MedGen:CN169374","Hyperinsulinemic hypoglycemia, familial, 1|not specified",germline,germline,GRCh38,NC_000011.10,11,17476671,17476671,na,na,11p15.1,"criteria provided, multiple submitters, no conflicts",2,-,N,ClinGen:CA379789975,2,2576221,17476671,G,A,-,-,-,-,-,-,SCV004026600|SCV005883266,-,-
2741866,single nucleotide variant,NM_000162.5(GCK):c.317A>C (p.Gln106Pro),2645,GCK,HGNC:4195,Likely pathogenic,1,"Apr 14, 2023",1275130611,-,RCV003323266,"MONDO:MONDO:0007453,MedGen:C0342277,OMIM:125851,Orphanet:552",Maturity-onset diabetes of the young type 2,de novo,germline,GRCh37,NC_000007.13,7,44191916,44191916,na,na,7p13,"criteria provided, single submitter",1,-,N,ClinGen:CA367402714,2,2576969,44191916,T,G,-,-,-,-,-,-,SCV004028482,-,-
2741866,single nucleotide variant,NM_000162.5(GCK):c.317A>C (p.Gln106Pro),2645,GCK,HGNC:4195,Likely pathogenic,1,"Apr 14, 2023",1275130611,-,RCV003323266,"MONDO:MONDO:0007453,MedGen:C0342277,OMIM:125851,Orphanet:552",Maturity-onset diabetes of the young type 2,de novo,germline,GRCh38,NC_000007.14,7,44152317,44152317,na,na,7p13,"criteria provided, single submitter",1,-,N,ClinGen:CA367402714,2,2576969,44152317,T,G,-,-,-,-,-,-,SCV004028482,-,-
2742966,single nucleotide variant,NM_000162.5(GCK):c.667G>C (p.Gly223Arg),2645,GCK,HGNC:4195,Likely pathogenic,1,"Nov 13, 2023",1360415315,-,RCV003325674,MedGen:C3661900,not provided,germline,germline,GRCh37,NC_000007.13,7,44189371,44189371,na,na,7p13,"criteria provided, multiple submitters, no conflicts",2,-,N,ClinGen:CA367401164,2,2578075,44189371,C,G,-,-,-,-,-,-,SCV004031546|SCV004295168,-,-
2742966,single nucleotide variant,NM_000162.5(GCK):c.667G>C (p.Gly223Arg),2645,GCK,HGNC:4195,Likely pathogenic,1,"Nov 13, 2023",1360415315,-,RCV003325674,MedGen:C3661900,not provided,germline,germline,GRCh38,NC_000007.14,7,44149772,44149772,na,na,7p13,"criteria provided, multiple submitters, no conflicts",2,-,N,ClinGen:CA367401164,2,2578075,44149772,C,G,-,-,-,-,-,-,SCV004031546|SCV004295168,-,-
2743237,single nucleotide variant,NM_000162.5(GCK):c.1112G>A (p.Cys371Tyr),2645,GCK,HGNC:4195,Likely pathogenic,1,"Aug 09, 2023",587780343,-,RCV003326073|RCV005103908,"MONDO:MONDO:0015967,MedGen:C3888631,Orphanet:183625|MedGen:C3661900",Monogenic diabetes|not provided,germline,germline,GRCh37,NC_000007.13,7,44185237,44185237,na,na,7p13,reviewed by expert panel,2,-,N,ClinGen:CA367398935,2,2578347,44185237,C,T,-,-,-,-,-,-,SCV004032071,-,-
2743237,single nucleotide variant,NM_000162.5(GCK):c.1112G>A (p.Cys371Tyr),2645,GCK,HGNC:4195,Likely pathogenic,1,"Aug 09, 2023",587780343,-,RCV003326073|RCV005103908,"MONDO:MONDO:0015967,MedGen:C3888631,Orphanet:183625|MedGen:C3661900",Monogenic diabetes|not provided,germline,germline,GRCh38,NC_000007.14,7,44145638,44145638,na,na,7p13,reviewed by expert panel,2,-,N,ClinGen:CA367398935,2,2578347,44145638,C,T,-,-,-,-,-,-,SCV004032071,-,-
2743238,single nucleotide variant,NM_000162.5(GCK):c.1121T>A (p.Val374Glu),2645,GCK,HGNC:4195,Likely pathogenic,1,"Aug 09, 2023",2484497707,-,RCV003326074|RCV006472383,"MONDO:MONDO:0015967,MedGen:C3888631,Orphanet:183625|MedGen:C3661900",Monogenic diabetes|not provided,germline,germline,GRCh37,NC_000007.13,7,44185228,44185228,na,na,7p13,reviewed by expert panel,2,-,N,ClinGen:CA367398869,2,2578348,44185228,A,T,-,-,-,-,-,-,SCV004032075,-,-
2743238,single nucleotide variant,NM_000162.5(GCK):c.1121T>A (p.Val374Glu),2645,GCK,HGNC:4195,Likely pathogenic,1,"Aug 09, 2023",2484497707,-,RCV003326074|RCV006472383,"MONDO:MONDO:0015967,MedGen:C3888631,Orphanet:183625|MedGen:C3661900",Monogenic diabetes|not provided,germline,germline,GRCh38,NC_000007.14,7,44145629,44145629,na,na,7p13,reviewed by expert panel,2,-,N,ClinGen:CA367398869,2,2578348,44145629,A,T,-,-,-,-,-,-,SCV004032075,-,-
2743239,single nucleotide variant,NM_000162.5(GCK):c.898G>C (p.Glu300Gln),2645,GCK,HGNC:4195,Pathogenic,1,"Oct 13, 2024",1255911887,-,RCV003326075,"MONDO:MONDO:0015967,MedGen:C3888631,Orphanet:183625",Monogenic diabetes,germline,germline,GRCh37,NC_000007.13,7,44186183,44186183,na,na,7p13,reviewed by expert panel,1,-,N,ClinGen:CA367400083,2,2578349,44186183,C,G,-,-,-,-,-,-,SCV004032076,-,-
2743239,single nucleotide variant,NM_000162.5(GCK):c.898G>C (p.Glu300Gln),2645,GCK,HGNC:4195,Pathogenic,1,"Oct 13, 2024",1255911887,-,RCV003326075,"MONDO:MONDO:0015967,MedGen:C3888631,Orphanet:183625",Monogenic diabetes,germline,germline,GRCh38,NC_000007.14,7,44146584,44146584,na,na,7p13,reviewed by expert panel,1,-,N,ClinGen:CA367400083,2,2578349,44146584,C,G,-,-,-,-,-,-,SCV004032076,-,-
2743240,single nucleotide variant,NM_000162.5(GCK):c.1398A>G (p.Ter466Trp),2645,GCK,HGNC:4195,Likely pathogenic,1,"Aug 10, 2023",2484491222,-,RCV003326076,"MONDO:MONDO:0015967,MedGen:C3888631,Orphanet:183625",Monogenic diabetes,germline,germline,GRCh37,NC_000007.13,7,44184735,44184735,na,na,7p13,reviewed by expert panel,1,-,N,ClinGen:CA367396716,2,2578350,44184735,T,C,-,-,-,-,-,-,SCV004032077,-,-
2743240,single nucleotide variant,NM_000162.5(GCK):c.1398A>G (p.Ter466Trp),2645,GCK,HGNC:4195,Likely pathogenic,1,"Aug 10, 2023",2484491222,-,RCV003326076,"MONDO:MONDO:0015967,MedGen:C3888631,Orphanet:183625",Monogenic diabetes,germline,germline,GRCh38,NC_000007.14,7,44145136,44145136,na,na,7p13,reviewed by expert panel,1,-,N,ClinGen:CA367396716,2,2578350,44145136,T,C,-,-,-,-,-,-,SCV004032077,-,-
2743241,single nucleotide variant,NM_000162.5(GCK):c.1396T>C (p.Ter466Arg),2645,GCK,HGNC:4195,Likely pathogenic,1,"Aug 10, 2023",2484491257,-,RCV003326077,"MONDO:MONDO:0015967,MedGen:C3888631,Orphanet:183625",Monogenic diabetes,germline,germline,GRCh37,NC_000007.13,7,44184737,44184737,na,na,7p13,reviewed by expert panel,1,-,N,ClinGen:CA367396721,2,2578351,44184737,A,G,-,-,-,-,-,-,SCV004032078,-,-
2743241,single nucleotide variant,NM_000162.5(GCK):c.1396T>C (p.Ter466Arg),2645,GCK,HGNC:4195,Likely pathogenic,1,"Aug 10, 2023",2484491257,-,RCV003326077,"MONDO:MONDO:0015967,MedGen:C3888631,Orphanet:183625",Monogenic diabetes,germline,germline,GRCh38,NC_000007.14,7,44145138,44145138,na,na,7p13,reviewed by expert panel,1,-,N,ClinGen:CA367396721,2,2578351,44145138,A,G,-,-,-,-,-,-,SCV004032078,-,-
2743242,single nucleotide variant,NM_000162.5(GCK):c.884G>T (p.Gly295Val),2645,GCK,HGNC:4195,Likely pathogenic,1,"Aug 11, 2023",2096273902,-,RCV003326078,"MONDO:MONDO:0015967,MedGen:C3888631,Orphanet:183625",Monogenic diabetes,germline,germline,GRCh37,NC_000007.13,7,44186197,44186197,na,na,7p13,reviewed by expert panel,1,-,N,ClinGen:CA367400134,2,2578352,44186197,C,A,-,-,-,-,-,-,SCV004032080,-,-
2743242,single nucleotide variant,NM_000162.5(GCK):c.884G>T (p.Gly295Val),2645,GCK,HGNC:4195,Likely pathogenic,1,"Aug 11, 2023",2096273902,-,RCV003326078,"MONDO:MONDO:0015967,MedGen:C3888631,Orphanet:183625",Monogenic diabetes,germline,germline,GRCh38,NC_000007.14,7,44146598,44146598,na,na,7p13,reviewed by expert panel,1,-,N,ClinGen:CA367400134,2,2578352,44146598,C,A,-,-,-,-,-,-,SCV004032080,-,-
2743243,single nucleotide variant,NM_000162.5(GCK):c.782G>A (p.Gly261Glu),2645,GCK,HGNC:4195,Pathogenic,1,"Aug 12, 2023",2484514005,-,RCV003326079|RCV004818322,"MONDO:MONDO:0015967,MedGen:C3888631,Orphanet:183625|MedGen:C3661900",Monogenic diabetes|not provided,germline,germline,GRCh37,NC_000007.13,7,44187330,44187330,na,na,7p13,reviewed by expert panel,2,-,N,ClinGen:CA367400569,2,2578353,44187330,C,T,-,-,-,-,-,-,SCV004032084,-,-
2743243,single nucleotide variant,NM_000162.5(GCK):c.782G>A (p.Gly261Glu),2645,GCK,HGNC:4195,Pathogenic,1,"Aug 12, 2023",2484514005,-,RCV003326079|RCV004818322,"MONDO:MONDO:0015967,MedGen:C3888631,Orphanet:183625|MedGen:C3661900",Monogenic diabetes|not provided,germline,germline,GRCh38,NC_000007.14,7,44147731,44147731,na,na,7p13,reviewed by expert panel,2,-,N,ClinGen:CA367400569,2,2578353,44147731,C,T,-,-,-,-,-,-,SCV004032084,-,-
2743244,single nucleotide variant,NM_000162.5(GCK):c.775G>T (p.Ala259Ser),2645,GCK,HGNC:4195,Likely pathogenic,1,"Aug 12, 2023",1375656631,-,RCV003326080,"MONDO:MONDO:0015967,MedGen:C3888631,Orphanet:183625",Monogenic diabetes,germline,germline,GRCh37,NC_000007.13,7,44187337,44187337,na,na,7p13,reviewed by expert panel,1,-,N,ClinGen:CA367400582,2,2578354,44187337,C,A,-,-,-,-,-,-,SCV004032088,-,-
2743244,single nucleotide variant,NM_000162.5(GCK):c.775G>T (p.Ala259Ser),2645,GCK,HGNC:4195,Likely pathogenic,1,"Aug 12, 2023",1375656631,-,RCV003326080,"MONDO:MONDO:0015967,MedGen:C3888631,Orphanet:183625",Monogenic diabetes,germline,germline,GRCh38,NC_000007.14,7,44147738,44147738,na,na,7p13,reviewed by expert panel,1,-,N,ClinGen:CA367400582,2,2578354,44147738,C,A,-,-,-,-,-,-,SCV004032088,-,-
2743245,single nucleotide variant,NM_000162.5(GCK):c.437T>G (p.Leu146Arg),2645,GCK,HGNC:4195,Likely pathogenic,1,"Aug 13, 2023",2096280084,-,RCV003326081,"MONDO:MONDO:0015967,MedGen:C3888631,Orphanet:183625",Monogenic diabetes,germline,germline,GRCh37,NC_000007.13,7,44190601,44190601,na,na,7p13,reviewed by expert panel,1,-,N,ClinGen:CA367401977,2,2578355,44190601,A,C,-,-,-,-,-,-,SCV004032091,-,-
2743245,single nucleotide variant,NM_000162.5(GCK):c.437T>G (p.Leu146Arg),2645,GCK,HGNC:4195,Likely pathogenic,1,"Aug 13, 2023",2096280084,-,RCV003326081,"MONDO:MONDO:0015967,MedGen:C3888631,Orphanet:183625",Monogenic diabetes,germline,germline,GRCh38,NC_000007.14,7,44151002,44151002,na,na,7p13,reviewed by expert panel,1,-,N,ClinGen:CA367401977,2,2578355,44151002,A,C,-,-,-,-,-,-,SCV004032091,-,-
2743246,single nucleotide variant,NM_000162.5(GCK):c.-97G>A,2645,GCK,HGNC:4195,Uncertain significance,0,"Aug 13, 2023",2484626837,-,RCV003326082,"MONDO:MONDO:0015967,MedGen:C3888631,Orphanet:183625",Monogenic diabetes,germline,germline,GRCh37,NC_000007.13,7,44228649,44228649,na,na,7p13,reviewed by expert panel,1,-,N,ClinGen:CA2497028745,2,2578356,44228649,C,T,-,-,-,-,-,-,SCV004032097,-,-
2743246,single nucleotide variant,NM_000162.5(GCK):c.-97G>A,2645,GCK,HGNC:4195,Uncertain significance,0,"Aug 13, 2023",2484626837,-,RCV003326082,"MONDO:MONDO:0015967,MedGen:C3888631,Orphanet:183625",Monogenic diabetes,germline,germline,GRCh38,NC_000007.14,7,44189050,44189050,na,na,7p13,reviewed by expert panel,1,-,N,ClinGen:CA2497028745,2,2578356,44189050,C,T,-,-,-,-,-,-,SCV004032097,-,-
2743247,single nucleotide variant,NM_000162.5(GCK):c.110T>G (p.Met37Arg),2645,GCK,HGNC:4195,Pathogenic,1,"Aug 25, 2023",2484540129,-,RCV003326083,"MONDO:MONDO:0015967,MedGen:C3888631,Orphanet:183625",Monogenic diabetes,germline,germline,GRCh37,NC_000007.13,7,44192998,44192998,na,na,7p13,reviewed by expert panel,1,-,N,ClinGen:CA367403541,2,2578357,44192998,A,C,-,-,-,-,-,-,SCV004032098,-,-
2743247,single nucleotide variant,NM_000162.5(GCK):c.110T>G (p.Met37Arg),2645,GCK,HGNC:4195,Pathogenic,1,"Aug 25, 2023",2484540129,-,RCV003326083,"MONDO:MONDO:0015967,MedGen:C3888631,Orphanet:183625",Monogenic diabetes,germline,germline,GRCh38,NC_000007.14,7,44153399,44153399,na,na,7p13,reviewed by expert panel,1,-,N,ClinGen:CA367403541,2,2578357,44153399,A,C,-,-,-,-,-,-,SCV004032098,-,-
2743248,Microsatellite,NM_000162.5(GCK):c.1346_1347del (p.Ala449fs),2645,GCK,HGNC:4195,Likely pathogenic,1,"Aug 26, 2023",2484492040,-,RCV003326084,"MONDO:MONDO:0015967,MedGen:C3888631,Orphanet:183625",Monogenic diabetes,germline,germline,GRCh37,NC_000007.13,7,44184786,44184787,na,na,7p13,reviewed by expert panel,1,-,N,ClinGen:CA2573105963,2,2578358,44184785,CCG,C,-,-,-,-,-,-,SCV004032101,-,-
2743248,Microsatellite,NM_000162.5(GCK):c.1346_1347del (p.Ala449fs),2645,GCK,HGNC:4195,Likely pathogenic,1,"Aug 26, 2023",2484492040,-,RCV003326084,"MONDO:MONDO:0015967,MedGen:C3888631,Orphanet:183625",Monogenic diabetes,germline,germline,GRCh38,NC_000007.14,7,44145187,44145188,na,na,7p13,reviewed by expert panel,1,-,N,ClinGen:CA2573105963,2,2578358,44145186,CCG,C,-,-,-,-,-,-,SCV004032101,-,-
2743249,single nucleotide variant,NM_000162.5(GCK):c.1189C>G (p.Arg397Gly),2645,GCK,HGNC:4195,Likely pathogenic,1,"Nov 23, 2023",370464857,-,RCV003326085,"MONDO:MONDO:0015967,MedGen:C3888631,Orphanet:183625",Monogenic diabetes,germline,germline,GRCh37,NC_000007.13,7,44185160,44185160,na,na,7p13,reviewed by expert panel,2,-,N,ClinGen:CA367398536,2,2578359,44185160,G,C,-,-,-,-,-,-,SCV004032104,-,-
2743249,single nucleotide variant,NM_000162.5(GCK):c.1189C>G (p.Arg397Gly),2645,GCK,HGNC:4195,Likely pathogenic,1,"Nov 23, 2023",370464857,-,RCV003326085,"MONDO:MONDO:0015967,MedGen:C3888631,Orphanet:183625",Monogenic diabetes,germline,germline,GRCh38,NC_000007.14,7,44145561,44145561,na,na,7p13,reviewed by expert panel,2,-,N,ClinGen:CA367398536,2,2578359,44145561,G,C,-,-,-,-,-,-,SCV004032104,-,-
2743250,Duplication,NM_000162.5(GCK):c.1363dup (p.Val455fs),2645,GCK,HGNC:4195,Likely pathogenic,1,"Sep 01, 2023",377247972,-,RCV003326086,"MONDO:MONDO:0015967,MedGen:C3888631,Orphanet:183625",Monogenic diabetes,germline,germline,GRCh37,NC_000007.13,7,44184769,44184770,na,na,7p13,reviewed by expert panel,1,-,N,ClinGen:CA2573102980,2,2578360,44184769,A,AC,-,-,-,-,-,-,SCV004032108,-,-
2743250,Duplication,NM_000162.5(GCK):c.1363dup (p.Val455fs),2645,GCK,HGNC:4195,Likely pathogenic,1,"Sep 01, 2023",377247972,-,RCV003326086,"MONDO:MONDO:0015967,MedGen:C3888631,Orphanet:183625",Monogenic diabetes,germline,germline,GRCh38,NC_000007.14,7,44145170,44145171,na,na,7p13,reviewed by expert panel,1,-,N,ClinGen:CA2573102980,2,2578360,44145170,A,AC,-,-,-,-,-,-,SCV004032108,-,-
2743251,Deletion,NM_000162.5(GCK):c.1348del (p.Ala450fs),2645,GCK,HGNC:4195,Likely pathogenic,1,"Sep 01, 2023",2484492019,-,RCV003326087,"MONDO:MONDO:0015967,MedGen:C3888631,Orphanet:183625",Monogenic diabetes,germline,germline,GRCh37,NC_000007.13,7,44184785,44184785,na,na,7p13,reviewed by expert panel,1,-,N,ClinGen:CA2017997777,2,2578361,44184784,GC,G,-,-,-,-,-,-,SCV004032110,-,-
2743251,Deletion,NM_000162.5(GCK):c.1348del (p.Ala450fs),2645,GCK,HGNC:4195,Likely pathogenic,1,"Sep 01, 2023",2484492019,-,RCV003326087,"MONDO:MONDO:0015967,MedGen:C3888631,Orphanet:183625",Monogenic diabetes,germline,germline,GRCh38,NC_000007.14,7,44145186,44145186,na,na,7p13,reviewed by expert panel,1,-,N,ClinGen:CA2017997777,2,2578361,44145185,GC,G,-,-,-,-,-,-,SCV004032110,-,-
2743252,single nucleotide variant,NM_000162.5(GCK):c.1111T>C (p.Cys371Arg),2645,GCK,HGNC:4195,Likely pathogenic,1,"Aug 09, 2023",2484497875,-,RCV003326088,"MONDO:MONDO:0015967,MedGen:C3888631,Orphanet:183625",Monogenic diabetes,germline,germline,GRCh37,NC_000007.13,7,44185238,44185238,na,na,7p13,reviewed by expert panel,1,-,N,ClinGen:CA367398947,2,2578362,44185238,A,G,-,-,-,-,-,-,SCV004032117,-,-
2743252,single nucleotide variant,NM_000162.5(GCK):c.1111T>C (p.Cys371Arg),2645,GCK,HGNC:4195,Likely pathogenic,1,"Aug 09, 2023",2484497875,-,RCV003326088,"MONDO:MONDO:0015967,MedGen:C3888631,Orphanet:183625",Monogenic diabetes,germline,germline,GRCh38,NC_000007.14,7,44145639,44145639,na,na,7p13,reviewed by expert panel,1,-,N,ClinGen:CA367398947,2,2578362,44145639,A,G,-,-,-,-,-,-,SCV004032117,-,-
2744495,single nucleotide variant,NM_000162.5(GCK):c.613G>C (p.Asp205His),2645,GCK,HGNC:4195,Pathogenic,1,"Sep 04, 2023",2484522855,-,RCV003327892,MedGen:C3661900,not provided,germline,germline,GRCh37,NC_000007.13,7,44189425,44189425,na,na,7p13,"criteria provided, single submitter",1,-,N,ClinGen:CA367401349,2,2579457,44189425,C,G,-,-,-,-,-,-,SCV004034601,-,-
2744495,single nucleotide variant,NM_000162.5(GCK):c.613G>C (p.Asp205His),2645,GCK,HGNC:4195,Pathogenic,1,"Sep 04, 2023",2484522855,-,RCV003327892,MedGen:C3661900,not provided,germline,germline,GRCh38,NC_000007.14,7,44149826,44149826,na,na,7p13,"criteria provided, single submitter",1,-,N,ClinGen:CA367401349,2,2579457,44149826,C,G,-,-,-,-,-,-,SCV004034601,-,-
2747545,single nucleotide variant,NC_000007.14:g.44189508G>A,2645,GCK,HGNC:4195,Uncertain significance,0,"Mar 13, 2023",2484628368,-,RCV003329011,MedGen:C3661900,not provided,germline,germline,GRCh37,NC_000007.13,7,44229107,44229107,na,na,7p13,"criteria provided, single submitter",1,-,N,ClinGen:CA2580617883,2,2580036,44229107,G,A,-,-,-,-,-,-,SCV004035753,-,-
2747545,single nucleotide variant,NC_000007.14:g.44189508G>A,2645,GCK,HGNC:4195,Uncertain significance,0,"Mar 13, 2023",2484628368,-,RCV003329011,MedGen:C3661900,not provided,germline,germline,GRCh38,NC_000007.14,7,44189508,44189508,na,na,7p13,"criteria provided, single submitter",1,-,N,ClinGen:CA2580617883,2,2580036,44189508,G,A,-,-,-,-,-,-,SCV004035753,-,-
2748240,single nucleotide variant,NM_000352.6(ABCC8):c.1507C>T (p.Leu503Phe),6833,ABCC8,HGNC:59,Uncertain significance,0,"Mar 23, 2023",1027198360,-,RCV003329848,MedGen:C3661900,not provided,germline,germline,GRCh37,NC_000011.9,11,17464390,17464390,na,na,11p15.1,"criteria provided, single submitter",1,-,N,ClinGen:CA218445791,2,2580653,17464390,G,A,-,-,-,-,-,-,SCV004036638,-,-
2748240,single nucleotide variant,NM_000352.6(ABCC8):c.1507C>T (p.Leu503Phe),6833,ABCC8,HGNC:59,Uncertain significance,0,"Mar 23, 2023",1027198360,-,RCV003329848,MedGen:C3661900,not provided,germline,germline,GRCh38,NC_000011.10,11,17442843,17442843,na,na,11p15.1,"criteria provided, single submitter",1,-,N,ClinGen:CA218445791,2,2580653,17442843,G,A,-,-,-,-,-,-,SCV004036638,-,-
2748441,single nucleotide variant,NM_000162.5(GCK):c.580-9T>G,2645,GCK,HGNC:4195,Likely pathogenic,1,"Oct 27, 2025",2484523126,-,RCV003330050|RCV005931134|RCV006472394,"Human Phenotype Ontology:HP:0004904,MONDO:MONDO:0018911,MedGen:C0342276,OMIM:PS125850,Orphanet:552|MONDO:MONDO:0015967,MedGen:C3888631,Orphanet:183625|MedGen:C3661900",Maturity-onset diabetes of the young|Monogenic diabetes|not provided,germline,germline,GRCh37,NC_000007.13,7,44189467,44189467,na,na,7p13,reviewed by expert panel,3,-,N,ClinGen:CA2580618180,2,2580855,44189467,A,C,-,-,-,-,-,-,SCV007095701,-,-
2748441,single nucleotide variant,NM_000162.5(GCK):c.580-9T>G,2645,GCK,HGNC:4195,Likely pathogenic,1,"Oct 27, 2025",2484523126,-,RCV003330050|RCV005931134|RCV006472394,"Human Phenotype Ontology:HP:0004904,MONDO:MONDO:0018911,MedGen:C0342276,OMIM:PS125850,Orphanet:552|MONDO:MONDO:0015967,MedGen:C3888631,Orphanet:183625|MedGen:C3661900",Maturity-onset diabetes of the young|Monogenic diabetes|not provided,germline,germline,GRCh38,NC_000007.14,7,44149868,44149868,na,na,7p13,reviewed by expert panel,3,-,N,ClinGen:CA2580618180,2,2580855,44149868,A,C,-,-,-,-,-,-,SCV007095701,-,-
2748442,single nucleotide variant,NM_000162.5(GCK):c.580-3C>A,2645,GCK,HGNC:4195,Uncertain significance,0,"Nov 01, 2022",2484523095,-,RCV003330051|RCV003447654,"Human Phenotype Ontology:HP:0004904,MONDO:MONDO:0018911,MedGen:C0342276,OMIM:PS125850,Orphanet:552|MONDO:MONDO:0007453,MedGen:C0342277,OMIM:125851,Orphanet:552",Maturity-onset diabetes of the young|Maturity-onset diabetes of the young type 2,germline,germline,GRCh37,NC_000007.13,7,44189461,44189461,na,na,7p13,"criteria provided, multiple submitters, no conflicts",2,-,N,ClinGen:CA2573051303,2,2580856,44189461,G,T,-,-,-,-,-,-,SCV004037047|SCV004175635,-,-
2748442,single nucleotide variant,NM_000162.5(GCK):c.580-3C>A,2645,GCK,HGNC:4195,Uncertain significance,0,"Nov 01, 2022",2484523095,-,RCV003330051|RCV003447654,"Human Phenotype Ontology:HP:0004904,MONDO:MONDO:0018911,MedGen:C0342276,OMIM:PS125850,Orphanet:552|MONDO:MONDO:0007453,MedGen:C0342277,OMIM:125851,Orphanet:552",Maturity-onset diabetes of the young|Maturity-onset diabetes of the young type 2,germline,germline,GRCh38,NC_000007.14,7,44149862,44149862,na,na,7p13,"criteria provided, multiple submitters, no conflicts",2,-,N,ClinGen:CA2573051303,2,2580856,44149862,G,T,-,-,-,-,-,-,SCV004037047|SCV004175635,-,-
2748443,Deletion,NM_000162.5(GCK):c.580-3del,2645,GCK,HGNC:4195,Uncertain significance,0,"Nov 01, 2022",2484523104,-,RCV003330052,"Human Phenotype Ontology:HP:0004904,MONDO:MONDO:0018911,MedGen:C0342276,OMIM:PS125850,Orphanet:552",Maturity-onset diabetes of the young,germline,germline,GRCh37,NC_000007.13,7,44189461,44189461,na,na,7p13,"criteria provided, single submitter",1,-,N,ClinGen:CA2580618179,2,2580857,44189460,TG,T,-,-,-,-,-,-,SCV004037048,-,-
2748443,Deletion,NM_000162.5(GCK):c.580-3del,2645,GCK,HGNC:4195,Uncertain significance,0,"Nov 01, 2022",2484523104,-,RCV003330052,"Human Phenotype Ontology:HP:0004904,MONDO:MONDO:0018911,MedGen:C0342276,OMIM:PS125850,Orphanet:552",Maturity-onset diabetes of the young,germline,germline,GRCh38,NC_000007.14,7,44149862,44149862,na,na,7p13,"criteria provided, single submitter",1,-,N,ClinGen:CA2580618179,2,2580857,44149861,TG,T,-,-,-,-,-,-,SCV004037048,-,-
2748444,single nucleotide variant,NM_000162.5(GCK):c.677T>G (p.Val226Gly),2645,GCK,HGNC:4195,Likely pathogenic,1,"Nov 01, 2022",193922319,-,RCV003330053,"Human Phenotype Ontology:HP:0004904,MONDO:MONDO:0018911,MedGen:C0342276,OMIM:PS125850,Orphanet:552",Maturity-onset diabetes of the young,germline,germline,GRCh37,NC_000007.13,7,44189361,44189361,na,na,7p13,"criteria provided, single submitter",1,-,N,ClinGen:CA367401120,2,2580858,44189361,A,C,-,-,-,-,-,-,SCV004037049,-,-
2748444,single nucleotide variant,NM_000162.5(GCK):c.677T>G (p.Val226Gly),2645,GCK,HGNC:4195,Likely pathogenic,1,"Nov 01, 2022",193922319,-,RCV003330053,"Human Phenotype Ontology:HP:0004904,MONDO:MONDO:0018911,MedGen:C0342276,OMIM:PS125850,Orphanet:552",Maturity-onset diabetes of the young,germline,germline,GRCh38,NC_000007.14,7,44149762,44149762,na,na,7p13,"criteria provided, single submitter",1,-,N,ClinGen:CA367401120,2,2580858,44149762,A,C,-,-,-,-,-,-,SCV004037049,-,-
2748445,single nucleotide variant,NM_000162.5(GCK):c.679G>C (p.Gly227Arg),2645,GCK,HGNC:4195,Pathogenic,1,"Sep 26, 2025",2484522183,-,RCV003330054|RCV004719320|RCV005647407,"Human Phenotype Ontology:HP:0004904,MONDO:MONDO:0018911,MedGen:C0342276,OMIM:PS125850,Orphanet:552|MONDO:MONDO:0007453,MedGen:C0342277,OMIM:125851,Orphanet:552|MONDO:MONDO:0015967,MedGen:C3888631,Orphanet:183625",Maturity-onset diabetes of the young|Maturity-onset diabetes of the young type 2|Monogenic diabetes,germline,germline,GRCh37,NC_000007.13,7,44189359,44189359,na,na,7p13,reviewed by expert panel,3,-,N,ClinGen:CA367401116,2,2580859,44189359,C,G,-,-,-,-,-,-,SCV006336867,-,-
2748445,single nucleotide variant,NM_000162.5(GCK):c.679G>C (p.Gly227Arg),2645,GCK,HGNC:4195,Pathogenic,1,"Sep 26, 2025",2484522183,-,RCV003330054|RCV004719320|RCV005647407,"Human Phenotype Ontology:HP:0004904,MONDO:MONDO:0018911,MedGen:C0342276,OMIM:PS125850,Orphanet:552|MONDO:MONDO:0007453,MedGen:C0342277,OMIM:125851,Orphanet:552|MONDO:MONDO:0015967,MedGen:C3888631,Orphanet:183625",Maturity-onset diabetes of the young|Maturity-onset diabetes of the young type 2|Monogenic diabetes,germline,germline,GRCh38,NC_000007.14,7,44149760,44149760,na,na,7p13,reviewed by expert panel,3,-,N,ClinGen:CA367401116,2,2580859,44149760,C,G,-,-,-,-,-,-,SCV006336867,-,-
2748446,single nucleotide variant,NM_000162.5(GCK):c.679+5G>A,2645,GCK,HGNC:4195,Pathogenic,1,"Sep 17, 2025",2484522134,-,RCV003330055|RCV004721178|RCV005647408,"Human Phenotype Ontology:HP:0004904,MONDO:MONDO:0018911,MedGen:C0342276,OMIM:PS125850,Orphanet:552|MedGen:C3661900|MONDO:MONDO:0015967,MedGen:C3888631,Orphanet:183625",Maturity-onset diabetes of the young|not provided|Monogenic diabetes,germline,germline,GRCh37,NC_000007.13,7,44189354,44189354,na,na,7p13,reviewed by expert panel,3,-,N,ClinGen:CA2578878305,2,2580860,44189354,C,T,-,-,-,-,-,-,SCV006336863,-,-
2748446,single nucleotide variant,NM_000162.5(GCK):c.679+5G>A,2645,GCK,HGNC:4195,Pathogenic,1,"Sep 17, 2025",2484522134,-,RCV003330055|RCV004721178|RCV005647408,"Human Phenotype Ontology:HP:0004904,MONDO:MONDO:0018911,MedGen:C0342276,OMIM:PS125850,Orphanet:552|MedGen:C3661900|MONDO:MONDO:0015967,MedGen:C3888631,Orphanet:183625",Maturity-onset diabetes of the young|not provided|Monogenic diabetes,germline,germline,GRCh38,NC_000007.14,7,44149755,44149755,na,na,7p13,reviewed by expert panel,3,-,N,ClinGen:CA2578878305,2,2580860,44149755,C,T,-,-,-,-,-,-,SCV006336863,-,-
2748447,single nucleotide variant,NM_000162.5(GCK):c.680-6C>G,2645,GCK,HGNC:4195,Pathogenic,1,"Nov 01, 2022",1435165422,-,RCV003330056,"Human Phenotype Ontology:HP:0004904,MONDO:MONDO:0018911,MedGen:C0342276,OMIM:PS125850,Orphanet:552",Maturity-onset diabetes of the young,de novo,germline,GRCh37,NC_000007.13,7,44187438,44187438,na,na,7p13,"criteria provided, single submitter",1,-,N,ClinGen:CA2580618178,2,2580861,44187438,G,C,-,-,-,-,-,-,SCV004037054,-,-
2748447,single nucleotide variant,NM_000162.5(GCK):c.680-6C>G,2645,GCK,HGNC:4195,Pathogenic,1,"Nov 01, 2022",1435165422,-,RCV003330056,"Human Phenotype Ontology:HP:0004904,MONDO:MONDO:0018911,MedGen:C0342276,OMIM:PS125850,Orphanet:552",Maturity-onset diabetes of the young,de novo,germline,GRCh38,NC_000007.14,7,44147839,44147839,na,na,7p13,"criteria provided, single submitter",1,-,N,ClinGen:CA2580618178,2,2580861,44147839,G,C,-,-,-,-,-,-,SCV004037054,-,-
2748448,single nucleotide variant,NM_000162.5(GCK):c.863+5G>A,2645,GCK,HGNC:4195,Likely pathogenic,1,"Nov 01, 2022",2484512979,-,RCV003330057,"Human Phenotype Ontology:HP:0004904,MONDO:MONDO:0018911,MedGen:C0342276,OMIM:PS125850,Orphanet:552",Maturity-onset diabetes of the young,germline,germline,GRCh37,NC_000007.13,7,44187244,44187244,na,na,7p13,"criteria provided, single submitter",1,-,N,ClinGen:CA2580618177,2,2580862,44187244,C,T,-,-,-,-,-,-,SCV004037057,-,-
2748448,single nucleotide variant,NM_000162.5(GCK):c.863+5G>A,2645,GCK,HGNC:4195,Likely pathogenic,1,"Nov 01, 2022",2484512979,-,RCV003330057,"Human Phenotype Ontology:HP:0004904,MONDO:MONDO:0018911,MedGen:C0342276,OMIM:PS125850,Orphanet:552",Maturity-onset diabetes of the young,germline,germline,GRCh38,NC_000007.14,7,44147645,44147645,na,na,7p13,"criteria provided, single submitter",1,-,N,ClinGen:CA2580618177,2,2580862,44147645,C,T,-,-,-,-,-,-,SCV004037057,-,-
2748449,single nucleotide variant,NM_000162.5(GCK):c.1019G>C (p.Ser340Thr),2645,GCK,HGNC:4195,Pathogenic,1,"Nov 18, 2025",1376631949,-,RCV003330058|RCV005931135,"Human Phenotype Ontology:HP:0004904,MONDO:MONDO:0018911,MedGen:C0342276,OMIM:PS125850,Orphanet:552|MONDO:MONDO:0015967,MedGen:C3888631,Orphanet:183625",Maturity-onset diabetes of the young|Monogenic diabetes,germline,germline,GRCh37,NC_000007.13,7,44186062,44186062,na,na,7p13,reviewed by expert panel,2,-,N,ClinGen:CA367399685,2,2580863,44186062,C,G,-,-,-,-,-,-,SCV007095699,-,-
2748449,single nucleotide variant,NM_000162.5(GCK):c.1019G>C (p.Ser340Thr),2645,GCK,HGNC:4195,Pathogenic,1,"Nov 18, 2025",1376631949,-,RCV003330058|RCV005931135,"Human Phenotype Ontology:HP:0004904,MONDO:MONDO:0018911,MedGen:C0342276,OMIM:PS125850,Orphanet:552|MONDO:MONDO:0015967,MedGen:C3888631,Orphanet:183625",Maturity-onset diabetes of the young|Monogenic diabetes,germline,germline,GRCh38,NC_000007.14,7,44146463,44146463,na,na,7p13,reviewed by expert panel,2,-,N,ClinGen:CA367399685,2,2580863,44146463,C,G,-,-,-,-,-,-,SCV007095699,-,-
2748450,single nucleotide variant,NM_000162.5(GCK):c.1019+20G>A,2645,GCK,HGNC:4195,Pathogenic/Likely pathogenic,1,"Jun 24, 2025",2484505724,-,RCV003330059|RCV006275156,"Human Phenotype Ontology:HP:0004904,MONDO:MONDO:0018911,MedGen:C0342276,OMIM:PS125850,Orphanet:552|MedGen:C3661900",Maturity-onset diabetes of the young|not provided,germline,germline,GRCh37,NC_000007.13,7,44186042,44186042,na,na,7p13,"criteria provided, multiple submitters, no conflicts",2,-,N,ClinGen:CA2580612105,2,2580864,44186042,C,T,-,-,-,-,-,-,SCV004037060|SCV007130527,-,-
2748450,single nucleotide variant,NM_000162.5(GCK):c.1019+20G>A,2645,GCK,HGNC:4195,Pathogenic/Likely pathogenic,1,"Jun 24, 2025",2484505724,-,RCV003330059|RCV006275156,"Human Phenotype Ontology:HP:0004904,MONDO:MONDO:0018911,MedGen:C0342276,OMIM:PS125850,Orphanet:552|MedGen:C3661900",Maturity-onset diabetes of the young|not provided,germline,germline,GRCh38,NC_000007.14,7,44146443,44146443,na,na,7p13,"criteria provided, multiple submitters, no conflicts",2,-,N,ClinGen:CA2580612105,2,2580864,44146443,C,T,-,-,-,-,-,-,SCV004037060|SCV007130527,-,-
2748451,Duplication,NM_000162.5(GCK):c.1190_1253+11dup,2645,GCK,HGNC:4195,Likely pathogenic,1,"Nov 01, 2022",2484495238,-,RCV003330060,"Human Phenotype Ontology:HP:0004904,MONDO:MONDO:0018911,MedGen:C0342276,OMIM:PS125850,Orphanet:552",Maturity-onset diabetes of the young,germline,germline,GRCh37,NC_000007.13,7,44185084,44185085,na,na,7p13,"criteria provided, single submitter",1,-,N,ClinGen:CA2580618176,2,2580865,44185084,G,GGGCGGGCTCACCTGGGGTGCAGCTTGTACACGGAGCCATCCACGCCCACAGTGATGCGCATTACGTCCTCGCTGC,-,-,-,-,-,-,SCV004037061,-,-
2748451,Duplication,NM_000162.5(GCK):c.1190_1253+11dup,2645,GCK,HGNC:4195,Likely pathogenic,1,"Nov 01, 2022",2484495238,-,RCV003330060,"Human Phenotype Ontology:HP:0004904,MONDO:MONDO:0018911,MedGen:C0342276,OMIM:PS125850,Orphanet:552",Maturity-onset diabetes of the young,germline,germline,GRCh38,NC_000007.14,7,44145485,44145486,na,na,7p13,"criteria provided, single submitter",1,-,N,ClinGen:CA2580618176,2,2580865,44145485,G,GGGCGGGCTCACCTGGGGTGCAGCTTGTACACGGAGCCATCCACGCCCACAGTGATGCGCATTACGTCCTCGCTGC,-,-,-,-,-,-,SCV004037061,-,-
2748455,single nucleotide variant,NM_000162.5(GCK):c.208G>C (p.Glu70Gln),2645,GCK,HGNC:4195,Conflicting classifications of pathogenicity,1,"Nov 18, 2024",2128823091,-,RCV003330064|RCV005061278,"Human Phenotype Ontology:HP:0004904,MONDO:MONDO:0018911,MedGen:C0342276,OMIM:PS125850,Orphanet:552|MedGen:CN169374",Maturity-onset diabetes of the young|not specified,germline,germline,GRCh37,NC_000007.13,7,44192900,44192900,na,na,7p13,"criteria provided, conflicting classifications",2,-,N,ClinGen:CA367403201,2,2580869,44192900,C,G,-,-,-,-,-,-,SCV004037066|SCV005726669,-,-
2748455,single nucleotide variant,NM_000162.5(GCK):c.208G>C (p.Glu70Gln),2645,GCK,HGNC:4195,Conflicting classifications of pathogenicity,1,"Nov 18, 2024",2128823091,-,RCV003330064|RCV005061278,"Human Phenotype Ontology:HP:0004904,MONDO:MONDO:0018911,MedGen:C0342276,OMIM:PS125850,Orphanet:552|MedGen:CN169374",Maturity-onset diabetes of the young|not specified,germline,germline,GRCh38,NC_000007.14,7,44153301,44153301,na,na,7p13,"criteria provided, conflicting classifications",2,-,N,ClinGen:CA367403201,2,2580869,44153301,C,G,-,-,-,-,-,-,SCV004037066|SCV005726669,-,-
2748462,single nucleotide variant,NM_000162.5(GCK):c.208+15C>G,2645,GCK,HGNC:4195,Likely pathogenic,1,"Nov 01, 2022",2096283005,-,RCV003330071,"Human Phenotype Ontology:HP:0004904,MONDO:MONDO:0018911,MedGen:C0342276,OMIM:PS125850,Orphanet:552",Maturity-onset diabetes of the young,germline,germline,GRCh37,NC_000007.13,7,44192885,44192885,na,na,7p13,"criteria provided, single submitter",1,-,N,ClinGen:CA2580618175,2,2580876,44192885,G,C,-,-,-,-,-,-,SCV004037074,-,-
2748462,single nucleotide variant,NM_000162.5(GCK):c.208+15C>G,2645,GCK,HGNC:4195,Likely pathogenic,1,"Nov 01, 2022",2096283005,-,RCV003330071,"Human Phenotype Ontology:HP:0004904,MONDO:MONDO:0018911,MedGen:C0342276,OMIM:PS125850,Orphanet:552",Maturity-onset diabetes of the young,germline,germline,GRCh38,NC_000007.14,7,44153286,44153286,na,na,7p13,"criteria provided, single submitter",1,-,N,ClinGen:CA2580618175,2,2580876,44153286,G,C,-,-,-,-,-,-,SCV004037074,-,-
2748463,single nucleotide variant,NM_000162.5(GCK):c.356C>G (p.Ala119Gly),2645,GCK,HGNC:4195,Uncertain significance,0,"Nov 01, 2022",1176659689,-,RCV003330072,"Human Phenotype Ontology:HP:0004904,MONDO:MONDO:0018911,MedGen:C0342276,OMIM:PS125850,Orphanet:552",Maturity-onset diabetes of the young,germline,germline,GRCh37,NC_000007.13,7,44191877,44191877,na,na,7p13,"criteria provided, single submitter",1,-,N,ClinGen:CA367402565,2,2580877,44191877,G,C,-,-,-,-,-,-,SCV004037075,-,-
2748463,single nucleotide variant,NM_000162.5(GCK):c.356C>G (p.Ala119Gly),2645,GCK,HGNC:4195,Uncertain significance,0,"Nov 01, 2022",1176659689,-,RCV003330072,"Human Phenotype Ontology:HP:0004904,MONDO:MONDO:0018911,MedGen:C0342276,OMIM:PS125850,Orphanet:552",Maturity-onset diabetes of the young,germline,germline,GRCh38,NC_000007.14,7,44152278,44152278,na,na,7p13,"criteria provided, single submitter",1,-,N,ClinGen:CA367402565,2,2580877,44152278,G,C,-,-,-,-,-,-,SCV004037075,-,-
2748464,single nucleotide variant,NM_000162.5(GCK):c.482A>G (p.Lys161Arg),2645,GCK,HGNC:4195,Likely pathogenic,1,"Nov 01, 2022",2484529240,-,RCV003330073,"Human Phenotype Ontology:HP:0004904,MONDO:MONDO:0018911,MedGen:C0342276,OMIM:PS125850,Orphanet:552",Maturity-onset diabetes of the young,germline,germline,GRCh37,NC_000007.13,7,44190556,44190556,na,na,7p13,"criteria provided, single submitter",1,-,N,ClinGen:CA367401831,2,2580878,44190556,T,C,-,-,-,-,-,-,SCV004037076,-,-
2748464,single nucleotide variant,NM_000162.5(GCK):c.482A>G (p.Lys161Arg),2645,GCK,HGNC:4195,Likely pathogenic,1,"Nov 01, 2022",2484529240,-,RCV003330073,"Human Phenotype Ontology:HP:0004904,MONDO:MONDO:0018911,MedGen:C0342276,OMIM:PS125850,Orphanet:552",Maturity-onset diabetes of the young,germline,germline,GRCh38,NC_000007.14,7,44150957,44150957,na,na,7p13,"criteria provided, single submitter",1,-,N,ClinGen:CA367401831,2,2580878,44150957,T,C,-,-,-,-,-,-,SCV004037076,-,-
2748465,Deletion,NM_000162.5(GCK):c.484-11_484-6del,2645,GCK,HGNC:4195,Likely pathogenic,1,"Nov 01, 2022",2484524530,-,RCV003330074,"Human Phenotype Ontology:HP:0004904,MONDO:MONDO:0018911,MedGen:C0342276,OMIM:PS125850,Orphanet:552",Maturity-onset diabetes of the young,germline,germline,GRCh37,NC_000007.13,7,44189669,44189674,na,na,7p13,"criteria provided, single submitter",1,-,N,ClinGen:CA2580618181,2,2580879,44189668,GGGGAGA,G,-,-,-,-,-,-,SCV004037077,-,-
2748465,Deletion,NM_000162.5(GCK):c.484-11_484-6del,2645,GCK,HGNC:4195,Likely pathogenic,1,"Nov 01, 2022",2484524530,-,RCV003330074,"Human Phenotype Ontology:HP:0004904,MONDO:MONDO:0018911,MedGen:C0342276,OMIM:PS125850,Orphanet:552",Maturity-onset diabetes of the young,germline,germline,GRCh38,NC_000007.14,7,44150070,44150075,na,na,7p13,"criteria provided, single submitter",1,-,N,ClinGen:CA2580618181,2,2580879,44150069,GGGGAGA,G,-,-,-,-,-,-,SCV004037077,-,-
2748466,single nucleotide variant,NM_000162.5(GCK):c.484G>A (p.Gly162Ser),2645,GCK,HGNC:4195,Conflicting classifications of pathogenicity,1,"Jul 30, 2024",2484524501,-,RCV003330075|RCV004701039,"Human Phenotype Ontology:HP:0004904,MONDO:MONDO:0018911,MedGen:C0342276,OMIM:PS125850,Orphanet:552|MedGen:C3661900",Maturity-onset diabetes of the young|not provided,germline,germline,GRCh37,NC_000007.13,7,44189663,44189663,na,na,7p13,"criteria provided, conflicting classifications",3,-,N,ClinGen:CA367401809,2,2580880,44189663,C,T,-,-,-,-,-,-,SCV004037078|SCV005202002|SCV005835303,-,-
2748466,single nucleotide variant,NM_000162.5(GCK):c.484G>A (p.Gly162Ser),2645,GCK,HGNC:4195,Conflicting classifications of pathogenicity,1,"Jul 30, 2024",2484524501,-,RCV003330075|RCV004701039,"Human Phenotype Ontology:HP:0004904,MONDO:MONDO:0018911,MedGen:C0342276,OMIM:PS125850,Orphanet:552|MedGen:C3661900",Maturity-onset diabetes of the young|not provided,germline,germline,GRCh38,NC_000007.14,7,44150064,44150064,na,na,7p13,"criteria provided, conflicting classifications",3,-,N,ClinGen:CA367401809,2,2580880,44150064,C,T,-,-,-,-,-,-,SCV004037078|SCV005202002|SCV005835303,-,-
2748706,single nucleotide variant,NM_000162.5(GCK):c.1322C>A (p.Ser441Ter),2645,GCK,HGNC:4195,Pathogenic,1,"Sep 08, 2023",1286804191,-,RCV003330366,"MONDO:MONDO:0015967,MedGen:C3888631,Orphanet:183625",Monogenic diabetes,germline,germline,GRCh37,NC_000007.13,7,44184811,44184811,na,na,7p13,reviewed by expert panel,1,-,N,ClinGen:CA367397019,2,2581124,44184811,G,T,-,-,-,-,-,-,SCV004037457,-,-
2748706,single nucleotide variant,NM_000162.5(GCK):c.1322C>A (p.Ser441Ter),2645,GCK,HGNC:4195,Pathogenic,1,"Sep 08, 2023",1286804191,-,RCV003330366,"MONDO:MONDO:0015967,MedGen:C3888631,Orphanet:183625",Monogenic diabetes,germline,germline,GRCh38,NC_000007.14,7,44145212,44145212,na,na,7p13,reviewed by expert panel,1,-,N,ClinGen:CA367397019,2,2581124,44145212,G,T,-,-,-,-,-,-,SCV004037457,-,-
2748707,single nucleotide variant,NM_000162.5(GCK):c.1144T>G (p.Cys382Gly),2645,GCK,HGNC:4195,Likely pathogenic,1,"Nov 24, 2023",1554334613,-,RCV003330367,"MONDO:MONDO:0015967,MedGen:C3888631,Orphanet:183625",Monogenic diabetes,germline,germline,GRCh37,NC_000007.13,7,44185205,44185205,na,na,7p13,reviewed by expert panel,1,-,N,ClinGen:CA367398753,2,2581125,44185205,A,C,-,-,-,-,-,-,SCV004037458,-,-
2748707,single nucleotide variant,NM_000162.5(GCK):c.1144T>G (p.Cys382Gly),2645,GCK,HGNC:4195,Likely pathogenic,1,"Nov 24, 2023",1554334613,-,RCV003330367,"MONDO:MONDO:0015967,MedGen:C3888631,Orphanet:183625",Monogenic diabetes,germline,germline,GRCh38,NC_000007.14,7,44145606,44145606,na,na,7p13,reviewed by expert panel,1,-,N,ClinGen:CA367398753,2,2581125,44145606,A,C,-,-,-,-,-,-,SCV004037458,-,-
2748708,single nucleotide variant,NM_000162.5(GCK):c.824G>C (p.Arg275Pro),2645,GCK,HGNC:4195,Likely pathogenic,1,"Jan 10, 2025",767565869,-,RCV003330368,"MONDO:MONDO:0015967,MedGen:C3888631,Orphanet:183625",Monogenic diabetes,germline,germline,GRCh37,NC_000007.13,7,44187288,44187288,na,na,7p13,reviewed by expert panel,1,-,N,ClinGen:CA367400478,2,2581126,44187288,C,G,-,-,-,-,-,-,SCV004037461,-,-
2748708,single nucleotide variant,NM_000162.5(GCK):c.824G>C (p.Arg275Pro),2645,GCK,HGNC:4195,Likely pathogenic,1,"Jan 10, 2025",767565869,-,RCV003330368,"MONDO:MONDO:0015967,MedGen:C3888631,Orphanet:183625",Monogenic diabetes,germline,germline,GRCh38,NC_000007.14,7,44147689,44147689,na,na,7p13,reviewed by expert panel,1,-,N,ClinGen:CA367400478,2,2581126,44147689,C,G,-,-,-,-,-,-,SCV004037461,-,-
2748709,Microsatellite,NM_000162.5(GCK):c.1303_1306dup (p.Ile436fs),2645,GCK,HGNC:4195,Likely pathogenic,1,"Sep 08, 2023",2484492888,-,RCV003330369,"MONDO:MONDO:0007453,MedGen:C0342277,OMIM:125851,Orphanet:552",Maturity-onset diabetes of the young type 2,germline,germline,GRCh37,NC_000007.13,7,44184826,44184827,na,na,7p13,reviewed by expert panel,1,-,N,ClinGen:CA2573106066,2,2581127,44184826,A,ATCTC,-,-,-,-,-,-,SCV004037464,-,-
2748709,Microsatellite,NM_000162.5(GCK):c.1303_1306dup (p.Ile436fs),2645,GCK,HGNC:4195,Likely pathogenic,1,"Sep 08, 2023",2484492888,-,RCV003330369,"MONDO:MONDO:0007453,MedGen:C0342277,OMIM:125851,Orphanet:552",Maturity-onset diabetes of the young type 2,germline,germline,GRCh38,NC_000007.14,7,44145227,44145228,na,na,7p13,reviewed by expert panel,1,-,N,ClinGen:CA2573106066,2,2581127,44145227,A,ATCTC,-,-,-,-,-,-,SCV004037464,-,-
2748710,single nucleotide variant,NM_000162.5(GCK):c.1240A>T (p.Lys414Ter),2645,GCK,HGNC:4195,Pathogenic,1,"Sep 08, 2023",193922272,-,RCV003330370,"MONDO:MONDO:0015967,MedGen:C3888631,Orphanet:183625",Monogenic diabetes,germline,germline,GRCh37,NC_000007.13,7,44185109,44185109,na,na,7p13,reviewed by expert panel,1,-,N,ClinGen:CA367398252,2,2581128,44185109,T,A,-,-,-,-,-,-,SCV004037466,-,-
2748710,single nucleotide variant,NM_000162.5(GCK):c.1240A>T (p.Lys414Ter),2645,GCK,HGNC:4195,Pathogenic,1,"Sep 08, 2023",193922272,-,RCV003330370,"MONDO:MONDO:0015967,MedGen:C3888631,Orphanet:183625",Monogenic diabetes,germline,germline,GRCh38,NC_000007.14,7,44145510,44145510,na,na,7p13,reviewed by expert panel,1,-,N,ClinGen:CA367398252,2,2581128,44145510,T,A,-,-,-,-,-,-,SCV004037466,-,-
2748711,Deletion,NM_000162.5(GCK):c.1254-12_1257del,2645,GCK,HGNC:4195,Pathogenic,1,"Sep 20, 2023",2484493596,-,RCV003330371,"MONDO:MONDO:0015967,MedGen:C3888631,Orphanet:183625",Monogenic diabetes,germline,germline,GRCh37,NC_000007.13,7,44184876,44184891,na,na,7p13,reviewed by expert panel,1,-,N,ClinGen:CA2580610925,2,2581129,44184875,TGAAGCTGGGCAGAAGA,T,-,-,-,-,-,-,SCV004037470,-,-
2748711,Deletion,NM_000162.5(GCK):c.1254-12_1257del,2645,GCK,HGNC:4195,Pathogenic,1,"Sep 20, 2023",2484493596,-,RCV003330371,"MONDO:MONDO:0015967,MedGen:C3888631,Orphanet:183625",Monogenic diabetes,germline,germline,GRCh38,NC_000007.14,7,44145277,44145292,na,na,7p13,reviewed by expert panel,1,-,N,ClinGen:CA2580610925,2,2581129,44145276,TGAAGCTGGGCAGAAGA,T,-,-,-,-,-,-,SCV004037470,-,-
2748758,single nucleotide variant,NM_000162.5(GCK):c.1012G>A (p.Val338Met),2645,GCK,HGNC:4195,Uncertain significance,0,"Aug 17, 2023",1301609910,-,RCV003331580,MedGen:CN169374,not specified,germline,germline,GRCh37,NC_000007.13,7,44186069,44186069,na,na,7p13,"criteria provided, single submitter",1,-,N,ClinGen:CA367399707,2,2581175,44186069,C,T,-,-,-,-,-,-,SCV004037941,-,-
2748758,single nucleotide variant,NM_000162.5(GCK):c.1012G>A (p.Val338Met),2645,GCK,HGNC:4195,Uncertain significance,0,"Aug 17, 2023",1301609910,-,RCV003331580,MedGen:CN169374,not specified,germline,germline,GRCh38,NC_000007.14,7,44146470,44146470,na,na,7p13,"criteria provided, single submitter",1,-,N,ClinGen:CA367399707,2,2581175,44146470,C,T,-,-,-,-,-,-,SCV004037941,-,-
2748868,single nucleotide variant,NM_000352.6(ABCC8):c.1881T>G (p.His627Gln),6833,ABCC8,HGNC:59,Uncertain significance,0,"Aug 22, 2023",999485855,-,RCV003331690,MedGen:CN169374,not specified,germline,germline,GRCh37,NC_000011.9,11,17450154,17450154,na,na,11p15.1,"criteria provided, single submitter",1,-,N,ClinGen:CA379815769,2,2581285,17450154,A,C,-,-,-,-,-,-,SCV004038792,-,-
2748868,single nucleotide variant,NM_000352.6(ABCC8):c.1881T>G (p.His627Gln),6833,ABCC8,HGNC:59,Uncertain significance,0,"Aug 22, 2023",999485855,-,RCV003331690,MedGen:CN169374,not specified,germline,germline,GRCh38,NC_000011.10,11,17428607,17428607,na,na,11p15.1,"criteria provided, single submitter",1,-,N,ClinGen:CA379815769,2,2581285,17428607,A,C,-,-,-,-,-,-,SCV004038792,-,-
2748888,single nucleotide variant,NM_000162.5(GCK):c.1174C>A (p.Arg392Ser),2645,GCK,HGNC:4195,Pathogenic,1,"Nov 26, 2025",1167124132,-,RCV003331710,"MONDO:MONDO:0015967,MedGen:C3888631,Orphanet:183625",Monogenic diabetes,germline,germline,GRCh37,NC_000007.13,7,44185175,44185175,na,na,7p13,reviewed by expert panel,2,-,N,ClinGen:CA367398628,2,2581305,44185175,G,T,-,-,-,-,-,-,SCV004174250,-,-
2748888,single nucleotide variant,NM_000162.5(GCK):c.1174C>A (p.Arg392Ser),2645,GCK,HGNC:4195,Pathogenic,1,"Nov 26, 2025",1167124132,-,RCV003331710,"MONDO:MONDO:0015967,MedGen:C3888631,Orphanet:183625",Monogenic diabetes,germline,germline,GRCh38,NC_000007.14,7,44145576,44145576,na,na,7p13,reviewed by expert panel,2,-,N,ClinGen:CA367398628,2,2581305,44145576,G,T,-,-,-,-,-,-,SCV004174250,-,-
2748889,single nucleotide variant,NM_000162.5(GCK):c.323A>G (p.Tyr108Cys),2645,GCK,HGNC:4195,Uncertain significance,0,"Nov 22, 2023",2484535259,-,RCV003331711|RCV003445233,"MedGen:CN169374|MONDO:MONDO:0015967,MedGen:C3888631,Orphanet:183625",not specified|Monogenic diabetes,germline,germline,GRCh37,NC_000007.13,7,44191910,44191910,na,na,7p13,reviewed by expert panel,2,-,N,ClinGen:CA367402684,2,2581306,44191910,T,C,-,-,-,-,-,-,SCV004174234,-,-
2748889,single nucleotide variant,NM_000162.5(GCK):c.323A>G (p.Tyr108Cys),2645,GCK,HGNC:4195,Uncertain significance,0,"Nov 22, 2023",2484535259,-,RCV003331711|RCV003445233,"MedGen:CN169374|MONDO:MONDO:0015967,MedGen:C3888631,Orphanet:183625",not specified|Monogenic diabetes,germline,germline,GRCh38,NC_000007.14,7,44152311,44152311,na,na,7p13,reviewed by expert panel,2,-,N,ClinGen:CA367402684,2,2581306,44152311,T,C,-,-,-,-,-,-,SCV004174234,-,-
2749135,single nucleotide variant,NM_000352.6(ABCC8):c.2630G>A (p.Arg877Gln),6833,ABCC8,HGNC:59,Uncertain significance,0,"Nov 06, 2024",549910824,-,RCV003331961|RCV005047535|RCV005103938,"MedGen:CN169374|MONDO:MONDO:0009415,MedGen:C0271714,OMIM:240800;MONDO:MONDO:0030088,MedGen:C5394303,OMIM:618857;MONDO:MONDO:0009734,MedGen:C2931832,OMIM:256450,Orphanet:276575,Orphanet:276598;MONDO:MONDO:0012480,MedGen:C1835887,OMIM:610374,Orphanet:99886;Human Phenotype Ontology:HP:0005965,Human Phenotype Ontology:HP:0005978,Human Phenotype Ontology:HP:0100652,MONDO:MONDO:0005148,MeSH:D003924,MedGen:C0011860,OMIM:125853|MedGen:C3661900","not specified|Leucine-induced hypoglycemia;Diabetes mellitus, permanent neonatal 3;Hyperinsulinemic hypoglycemia, familial, 1;Diabetes mellitus, transient neonatal, 2;Type 2 diabetes mellitus|not provided",germline,germline,GRCh37,NC_000011.9,11,17432127,17432127,na,na,11p15.1,"criteria provided, multiple submitters, no conflicts",3,-,N,ClinGen:CA5903067,2,2581556,17432127,C,T,-,-,-,-,-,-,SCV004038390|SCV005676333|SCV005766932,-,-
2749135,single nucleotide variant,NM_000352.6(ABCC8):c.2630G>A (p.Arg877Gln),6833,ABCC8,HGNC:59,Uncertain significance,0,"Nov 06, 2024",549910824,-,RCV003331961|RCV005047535|RCV005103938,"MedGen:CN169374|MONDO:MONDO:0009415,MedGen:C0271714,OMIM:240800;MONDO:MONDO:0030088,MedGen:C5394303,OMIM:618857;MONDO:MONDO:0009734,MedGen:C2931832,OMIM:256450,Orphanet:276575,Orphanet:276598;MONDO:MONDO:0012480,MedGen:C1835887,OMIM:610374,Orphanet:99886;Human Phenotype Ontology:HP:0005965,Human Phenotype Ontology:HP:0005978,Human Phenotype Ontology:HP:0100652,MONDO:MONDO:0005148,MeSH:D003924,MedGen:C0011860,OMIM:125853|MedGen:C3661900","not specified|Leucine-induced hypoglycemia;Diabetes mellitus, permanent neonatal 3;Hyperinsulinemic hypoglycemia, familial, 1;Diabetes mellitus, transient neonatal, 2;Type 2 diabetes mellitus|not provided",germline,germline,GRCh38,NC_000011.10,11,17410580,17410580,na,na,11p15.1,"criteria provided, multiple submitters, no conflicts",3,-,N,ClinGen:CA5903067,2,2581556,17410580,C,T,-,-,-,-,-,-,SCV004038390|SCV005676333|SCV005766932,-,-
2749202,single nucleotide variant,NM_000352.6(ABCC8):c.267T>G (p.Ile89Met),6833,ABCC8,HGNC:59,Uncertain significance,0,"Aug 10, 2023",748024592,-,RCV003332029,MedGen:CN169374,not specified,germline,germline,GRCh37,NC_000011.9,11,17496456,17496456,na,na,11p15.1,"criteria provided, single submitter",1,-,N,ClinGen:CA379787377,2,2581624,17496456,A,C,-,-,-,-,-,-,SCV004038888,-,-
2749202,single nucleotide variant,NM_000352.6(ABCC8):c.267T>G (p.Ile89Met),6833,ABCC8,HGNC:59,Uncertain significance,0,"Aug 10, 2023",748024592,-,RCV003332029,MedGen:CN169374,not specified,germline,germline,GRCh38,NC_000011.10,11,17474909,17474909,na,na,11p15.1,"criteria provided, single submitter",1,-,N,ClinGen:CA379787377,2,2581624,17474909,A,C,-,-,-,-,-,-,SCV004038888,-,-
2750285,single nucleotide variant,NM_000162.5(GCK):c.950A>C (p.His317Pro),2645,GCK,HGNC:4195,Uncertain significance,0,"Aug 29, 2025",2096273774,-,RCV003333829|RCV005629983,"MONDO:MONDO:0007453,MedGen:C0342277,OMIM:125851,Orphanet:552|MONDO:MONDO:0015967,MedGen:C3888631,Orphanet:183625",Maturity-onset diabetes of the young type 2|Monogenic diabetes,germline,germline,GRCh37,NC_000007.13,7,44186131,44186131,na,na,7p13,reviewed by expert panel,2,-,N,ClinGen:CA367399922,2,2582713,44186131,T,G,-,-,-,-,-,-,SCV006312205,-,-
2750285,single nucleotide variant,NM_000162.5(GCK):c.950A>C (p.His317Pro),2645,GCK,HGNC:4195,Uncertain significance,0,"Aug 29, 2025",2096273774,-,RCV003333829|RCV005629983,"MONDO:MONDO:0007453,MedGen:C0342277,OMIM:125851,Orphanet:552|MONDO:MONDO:0015967,MedGen:C3888631,Orphanet:183625",Maturity-onset diabetes of the young type 2|Monogenic diabetes,germline,germline,GRCh38,NC_000007.14,7,44146532,44146532,na,na,7p13,reviewed by expert panel,2,-,N,ClinGen:CA367399922,2,2582713,44146532,T,G,-,-,-,-,-,-,SCV006312205,-,-
2752183,single nucleotide variant,NM_000525.4(KCNJ11):c.61C>A (p.Pro21Thr),3767,KCNJ11,HGNC:6257,Uncertain significance,0,"Aug 15, 2025",1393796559,-,RCV003336590|RCV005047539|RCV006561451,"Human Phenotype Ontology:HP:0100651,MONDO:MONDO:0005147,MedGen:C0011854,OMIM:222100;MONDO:MONDO:0012919,MedGen:C2675866,OMIM:612520;Human Phenotype Ontology:HP:0005965,Human Phenotype Ontology:HP:0005978,Human Phenotype Ontology:HP:0100652,MONDO:MONDO:0005148,MeSH:D003924,MedGen:C0011860,OMIM:125853;MONDO:MONDO:0010894,MedGen:C1838100,OMIM:600496,Orphanet:552|MONDO:MONDO:0012522,MedGen:C1864623,OMIM:610582,Orphanet:99886;Human Phenotype Ontology:HP:0005965,Human Phenotype Ontology:HP:0005978,Human Phenotype Ontology:HP:0100652,MONDO:MONDO:0005148,MeSH:D003924,MedGen:C0011860,OMIM:125853;MONDO:MONDO:0014589,MedGen:C4225365,OMIM:616329,Orphanet:552;MONDO:MONDO:0011153,MedGen:C2931833,OMIM:601820,Orphanet:276580,Orphanet:276603;MONDO:MONDO:0030087,MedGen:C5394296,OMIM:618856|MedGen:C3661900","Diabetes mellitus type 1;Type 1 diabetes mellitus 20;Type 2 diabetes mellitus;Maturity-onset diabetes of the young type 3|Diabetes mellitus, transient neonatal, 3;Type 2 diabetes mellitus;Maturity-onset diabetes of the young type 13;Hyperinsulinemic hypoglycemia, familial, 2;Diabetes mellitus, permanent neonatal 2|not provided",germline,germline,GRCh37,NC_000011.9,11,17409578,17409578,na,na,11p15.1,"criteria provided, multiple submitters, no conflicts",3,-,N,ClinGen:CA379777433,2,2584620,17409578,G,T,-,-,-,-,-,-,SCV004046599|SCV005676640|SCV007494177,-,-
2752183,single nucleotide variant,NM_000525.4(KCNJ11):c.61C>A (p.Pro21Thr),3767,KCNJ11,HGNC:6257,Uncertain significance,0,"Aug 15, 2025",1393796559,-,RCV003336590|RCV005047539|RCV006561451,"Human Phenotype Ontology:HP:0100651,MONDO:MONDO:0005147,MedGen:C0011854,OMIM:222100;MONDO:MONDO:0012919,MedGen:C2675866,OMIM:612520;Human Phenotype Ontology:HP:0005965,Human Phenotype Ontology:HP:0005978,Human Phenotype Ontology:HP:0100652,MONDO:MONDO:0005148,MeSH:D003924,MedGen:C0011860,OMIM:125853;MONDO:MONDO:0010894,MedGen:C1838100,OMIM:600496,Orphanet:552|MONDO:MONDO:0012522,MedGen:C1864623,OMIM:610582,Orphanet:99886;Human Phenotype Ontology:HP:0005965,Human Phenotype Ontology:HP:0005978,Human Phenotype Ontology:HP:0100652,MONDO:MONDO:0005148,MeSH:D003924,MedGen:C0011860,OMIM:125853;MONDO:MONDO:0014589,MedGen:C4225365,OMIM:616329,Orphanet:552;MONDO:MONDO:0011153,MedGen:C2931833,OMIM:601820,Orphanet:276580,Orphanet:276603;MONDO:MONDO:0030087,MedGen:C5394296,OMIM:618856|MedGen:C3661900","Diabetes mellitus type 1;Type 1 diabetes mellitus 20;Type 2 diabetes mellitus;Maturity-onset diabetes of the young type 3|Diabetes mellitus, transient neonatal, 3;Type 2 diabetes mellitus;Maturity-onset diabetes of the young type 13;Hyperinsulinemic hypoglycemia, familial, 2;Diabetes mellitus, permanent neonatal 2|not provided",germline,germline,GRCh38,NC_000011.10,11,17388031,17388031,na,na,11p15.1,"criteria provided, multiple submitters, no conflicts",3,-,N,ClinGen:CA379777433,2,2584620,17388031,G,T,-,-,-,-,-,-,SCV004046599|SCV005676640|SCV007494177,-,-
2752199,single nucleotide variant,NM_000352.6(ABCC8):c.1468-52G>A,6833,ABCC8,HGNC:59,Uncertain significance,0,"Jan 06, 2023",546856458,-,RCV003336606,"MONDO:MONDO:0009734,MedGen:C2931832,OMIM:256450,Orphanet:276575,Orphanet:276598","Hyperinsulinemic hypoglycemia, familial, 1",germline,germline,GRCh37,NC_000011.9,11,17464481,17464481,na,na,11p15.1,"criteria provided, single submitter",1,-,N,ClinGen:CA5903568,2,2584636,17464481,C,T,-,-,-,-,-,-,SCV004046638,-,-
2752199,single nucleotide variant,NM_000352.6(ABCC8):c.1468-52G>A,6833,ABCC8,HGNC:59,Uncertain significance,0,"Jan 06, 2023",546856458,-,RCV003336606,"MONDO:MONDO:0009734,MedGen:C2931832,OMIM:256450,Orphanet:276575,Orphanet:276598","Hyperinsulinemic hypoglycemia, familial, 1",germline,germline,GRCh38,NC_000011.10,11,17442934,17442934,na,na,11p15.1,"criteria provided, single submitter",1,-,N,ClinGen:CA5903568,2,2584636,17442934,C,T,-,-,-,-,-,-,SCV004046638,-,-
2752934,single nucleotide variant,NM_000352.6(ABCC8):c.4016C>A (p.Pro1339Gln),6833,ABCC8,HGNC:59,Uncertain significance,0,-,1953967565,-,RCV003337988,"Human Phenotype Ontology:HP:0005965,Human Phenotype Ontology:HP:0005978,Human Phenotype Ontology:HP:0100652,MONDO:MONDO:0005148,MeSH:D003924,MedGen:C0011860,OMIM:125853",Type 2 diabetes mellitus,germline,germline,GRCh37,NC_000011.9,11,17418566,17418566,na,na,11p15.1,"criteria provided, single submitter",1,-,N,ClinGen:CA379791063,2,2585372,17418566,G,T,-,-,-,-,-,-,SCV004048475,-,-
2752934,single nucleotide variant,NM_000352.6(ABCC8):c.4016C>A (p.Pro1339Gln),6833,ABCC8,HGNC:59,Uncertain significance,0,-,1953967565,-,RCV003337988,"Human Phenotype Ontology:HP:0005965,Human Phenotype Ontology:HP:0005978,Human Phenotype Ontology:HP:0100652,MONDO:MONDO:0005148,MeSH:D003924,MedGen:C0011860,OMIM:125853",Type 2 diabetes mellitus,germline,germline,GRCh38,NC_000011.10,11,17397019,17397019,na,na,11p15.1,"criteria provided, single submitter",1,-,N,ClinGen:CA379791063,2,2585372,17397019,G,T,-,-,-,-,-,-,SCV004048475,-,-
2764194,single nucleotide variant,NM_000352.6(ABCC8):c.289G>A (p.Gly97Arg),6833,ABCC8,HGNC:59,Uncertain significance,0,"Aug 13, 2023",1405170371,-,RCV003361040|RCV005608958,"MeSH:D030342,MedGen:C0950123|",Inborn genetic diseases|Hereditary hyperinsulinism,germline,germline,GRCh37,NC_000011.9,11,17496434,17496434,na,na,11p15.1,"criteria provided, single submitter",2,-,N,ClinGen:CA379787027,2,2587856,17496434,C,T,-,-,-,-,-,-,SCV004054139,-,-
2764194,single nucleotide variant,NM_000352.6(ABCC8):c.289G>A (p.Gly97Arg),6833,ABCC8,HGNC:59,Uncertain significance,0,"Aug 13, 2023",1405170371,-,RCV003361040|RCV005608958,"MeSH:D030342,MedGen:C0950123|",Inborn genetic diseases|Hereditary hyperinsulinism,germline,germline,GRCh38,NC_000011.10,11,17474887,17474887,na,na,11p15.1,"criteria provided, single submitter",2,-,N,ClinGen:CA379787027,2,2587856,17474887,C,T,-,-,-,-,-,-,SCV004054139,-,-
2773293,single nucleotide variant,NM_000352.6(ABCC8):c.4406G>A (p.Gly1469Asp),6833,ABCC8,HGNC:59,Uncertain significance,0,"Jul 12, 2023",2496445094,-,RCV003378764,"MeSH:D030342,MedGen:C0950123",Inborn genetic diseases,germline,germline,GRCh37,NC_000011.9,11,17416724,17416724,na,na,11p15.1,"criteria provided, single submitter",1,-,N,ClinGen:CA379785090,2,2611301,17416724,C,T,-,-,-,-,-,-,SCV004081233,-,-
2773293,single nucleotide variant,NM_000352.6(ABCC8):c.4406G>A (p.Gly1469Asp),6833,ABCC8,HGNC:59,Uncertain significance,0,"Jul 12, 2023",2496445094,-,RCV003378764,"MeSH:D030342,MedGen:C0950123",Inborn genetic diseases,germline,germline,GRCh38,NC_000011.10,11,17395177,17395177,na,na,11p15.1,"criteria provided, single submitter",1,-,N,ClinGen:CA379785090,2,2611301,17395177,C,T,-,-,-,-,-,-,SCV004081233,-,-
2780927,single nucleotide variant,NM_000525.4(KCNJ11):c.324G>C (p.Glu108Asp),3767,KCNJ11,HGNC:6257,Uncertain significance,0,"Jul 25, 2023",2496411239,-,RCV003384535,"MeSH:D030342,MedGen:C0950123",Inborn genetic diseases,germline,germline,GRCh37,NC_000011.9,11,17409315,17409315,na,na,11p15.1,"criteria provided, single submitter",1,-,N,ClinGen:CA379774442,2,2613822,17409315,C,G,-,-,-,-,-,-,SCV004086830,-,-
2780927,single nucleotide variant,NM_000525.4(KCNJ11):c.324G>C (p.Glu108Asp),3767,KCNJ11,HGNC:6257,Uncertain significance,0,"Jul 25, 2023",2496411239,-,RCV003384535,"MeSH:D030342,MedGen:C0950123",Inborn genetic diseases,germline,germline,GRCh38,NC_000011.10,11,17387768,17387768,na,na,11p15.1,"criteria provided, single submitter",1,-,N,ClinGen:CA379774442,2,2613822,17387768,C,G,-,-,-,-,-,-,SCV004086830,-,-
2791891,single nucleotide variant,NM_000352.6(ABCC8):c.4099C>T (p.Leu1367Phe),6833,ABCC8,HGNC:59,Uncertain significance,0,"Aug 08, 2023",753493120,-,RCV003374288,"MeSH:D030342,MedGen:C0950123",Inborn genetic diseases,germline,germline,GRCh37,NC_000011.9,11,17418483,17418483,na,na,11p15.1,"criteria provided, single submitter",1,-,N,ClinGen:CA218409572,2,2617533,17418483,G,A,-,-,-,-,-,-,SCV004083349,-,-
2791891,single nucleotide variant,NM_000352.6(ABCC8):c.4099C>T (p.Leu1367Phe),6833,ABCC8,HGNC:59,Uncertain significance,0,"Aug 08, 2023",753493120,-,RCV003374288,"MeSH:D030342,MedGen:C0950123",Inborn genetic diseases,germline,germline,GRCh38,NC_000011.10,11,17396936,17396936,na,na,11p15.1,"criteria provided, single submitter",1,-,N,ClinGen:CA218409572,2,2617533,17396936,G,A,-,-,-,-,-,-,SCV004083349,-,-
2794456,Duplication,NM_000525.4(KCNJ11):c.160dup (p.Arg54fs),3767,KCNJ11,HGNC:6257,Pathogenic/Likely pathogenic,1,"Feb 09, 2024",2496411976,-,RCV003387624|RCV005061368,"MONDO:MONDO:0030087,MedGen:C5394296,OMIM:618856|MedGen:C3661900","Diabetes mellitus, permanent neonatal 2|not provided",germline,germline,GRCh37,NC_000011.9,11,17409478,17409479,na,na,11p15.1,"criteria provided, multiple submitters, no conflicts",2,-,N,ClinGen:CA2582341666,2,2626936,17409478,C,CG,-,-,-,-,-,-,SCV004099125|SCV005701204,-,-
2794456,Duplication,NM_000525.4(KCNJ11):c.160dup (p.Arg54fs),3767,KCNJ11,HGNC:6257,Pathogenic/Likely pathogenic,1,"Feb 09, 2024",2496411976,-,RCV003387624|RCV005061368,"MONDO:MONDO:0030087,MedGen:C5394296,OMIM:618856|MedGen:C3661900","Diabetes mellitus, permanent neonatal 2|not provided",germline,germline,GRCh38,NC_000011.10,11,17387931,17387932,na,na,11p15.1,"criteria provided, multiple submitters, no conflicts",2,-,N,ClinGen:CA2582341666,2,2626936,17387931,C,CG,-,-,-,-,-,-,SCV004099125|SCV005701204,-,-
2794594,single nucleotide variant,NM_000162.5(GCK):c.679+1G>C,2645,GCK,HGNC:4195,Pathogenic,1,"Oct 30, 2023",2128821468,-,RCV003388272,"MONDO:MONDO:0007453,MedGen:C0342277,OMIM:125851,Orphanet:552",Maturity-onset diabetes of the young type 2,germline,germline,GRCh37,NC_000007.13,7,44189358,44189358,na,na,7p13,no assertion criteria provided,1,-,N,ClinGen:CA367401111,2,2627074,44189358,C,G,-,-,-,-,-,-,SCV004099437,-,-
2794594,single nucleotide variant,NM_000162.5(GCK):c.679+1G>C,2645,GCK,HGNC:4195,Pathogenic,1,"Oct 30, 2023",2128821468,-,RCV003388272,"MONDO:MONDO:0007453,MedGen:C0342277,OMIM:125851,Orphanet:552",Maturity-onset diabetes of the young type 2,germline,germline,GRCh38,NC_000007.14,7,44149759,44149759,na,na,7p13,no assertion criteria provided,1,-,N,ClinGen:CA367401111,2,2627074,44149759,C,G,-,-,-,-,-,-,SCV004099437,-,-
2794680,Deletion,NM_000162.5(GCK):c.53del (p.Gln18fs),2645,GCK,HGNC:4195,Pathogenic,1,"Sep 08, 2023",2484540589,-,RCV003388354,"MONDO:MONDO:0015967,MedGen:C3888631,Orphanet:183625",Monogenic diabetes,germline,germline,GRCh37,NC_000007.13,7,44193055,44193055,na,na,7p13,"criteria provided, single submitter",1,-,N,ClinGen:CA2582341645,2,2627160,44193054,CT,C,-,-,-,-,-,-,SCV004099628,-,-
2794680,Deletion,NM_000162.5(GCK):c.53del (p.Gln18fs),2645,GCK,HGNC:4195,Pathogenic,1,"Sep 08, 2023",2484540589,-,RCV003388354,"MONDO:MONDO:0015967,MedGen:C3888631,Orphanet:183625",Monogenic diabetes,germline,germline,GRCh38,NC_000007.14,7,44153456,44153456,na,na,7p13,"criteria provided, single submitter",1,-,N,ClinGen:CA2582341645,2,2627160,44153455,CT,C,-,-,-,-,-,-,SCV004099628,-,-
2794719,Deletion,NM_000162.5(GCK):c.924del (p.Arg308fs),2645,GCK,HGNC:4195,Pathogenic,1,"Sep 12, 2023",2484507006,-,RCV003388393,"MONDO:MONDO:0015967,MedGen:C3888631,Orphanet:183625",Monogenic diabetes,germline,germline,GRCh37,NC_000007.13,7,44186157,44186157,na,na,7p13,"criteria provided, single submitter",1,-,N,ClinGen:CA2582341646,2,2627199,44186156,GC,G,-,-,-,-,-,-,SCV004099756,-,-
2794719,Deletion,NM_000162.5(GCK):c.924del (p.Arg308fs),2645,GCK,HGNC:4195,Pathogenic,1,"Sep 12, 2023",2484507006,-,RCV003388393,"MONDO:MONDO:0015967,MedGen:C3888631,Orphanet:183625",Monogenic diabetes,germline,germline,GRCh38,NC_000007.14,7,44146558,44146558,na,na,7p13,"criteria provided, single submitter",1,-,N,ClinGen:CA2582341646,2,2627199,44146557,GC,G,-,-,-,-,-,-,SCV004099756,-,-
2794802,single nucleotide variant,NM_000352.6(ABCC8):c.1069G>A (p.Val357Ile),6833,ABCC8,HGNC:59,Uncertain significance,1,"Jun 07, 2024",771392416,-,RCV003388477|RCV003883990|RCV005047560,"MedGen:CN169374|Human Phenotype Ontology:HP:0004904,MONDO:MONDO:0018911,MedGen:C0342276,OMIM:PS125850,Orphanet:552|MONDO:MONDO:0009415,MedGen:C0271714,OMIM:240800;MONDO:MONDO:0030088,MedGen:C5394303,OMIM:618857;Human Phenotype Ontology:HP:0005965,Human Phenotype Ontology:HP:0005978,Human Phenotype Ontology:HP:0100652,MONDO:MONDO:0005148,MeSH:D003924,MedGen:C0011860,OMIM:125853;MONDO:MONDO:0012480,MedGen:C1835887,OMIM:610374,Orphanet:99886;MONDO:MONDO:0009734,MedGen:C2931832,OMIM:256450,Orphanet:276575,Orphanet:276598","not specified|Maturity-onset diabetes of the young|Leucine-induced hypoglycemia;Diabetes mellitus, permanent neonatal 3;Type 2 diabetes mellitus;Diabetes mellitus, transient neonatal, 2;Hyperinsulinemic hypoglycemia, familial, 1",germline;inherited,germline,GRCh37,NC_000011.9,11,17474773,17474773,na,na,11p15.1,"criteria provided, multiple submitters, no conflicts",3,-,N,ClinGen:CA5903677,2,2627283,17474773,C,T,-,-,-,-,-,-,SCV004100007|SCV005676424,-,-
2794802,single nucleotide variant,NM_000352.6(ABCC8):c.1069G>A (p.Val357Ile),6833,ABCC8,HGNC:59,Uncertain significance,1,"Jun 07, 2024",771392416,-,RCV003388477|RCV003883990|RCV005047560,"MedGen:CN169374|Human Phenotype Ontology:HP:0004904,MONDO:MONDO:0018911,MedGen:C0342276,OMIM:PS125850,Orphanet:552|MONDO:MONDO:0009415,MedGen:C0271714,OMIM:240800;MONDO:MONDO:0030088,MedGen:C5394303,OMIM:618857;Human Phenotype Ontology:HP:0005965,Human Phenotype Ontology:HP:0005978,Human Phenotype Ontology:HP:0100652,MONDO:MONDO:0005148,MeSH:D003924,MedGen:C0011860,OMIM:125853;MONDO:MONDO:0012480,MedGen:C1835887,OMIM:610374,Orphanet:99886;MONDO:MONDO:0009734,MedGen:C2931832,OMIM:256450,Orphanet:276575,Orphanet:276598","not specified|Maturity-onset diabetes of the young|Leucine-induced hypoglycemia;Diabetes mellitus, permanent neonatal 3;Type 2 diabetes mellitus;Diabetes mellitus, transient neonatal, 2;Hyperinsulinemic hypoglycemia, familial, 1",germline;inherited,germline,GRCh38,NC_000011.10,11,17453226,17453226,na,na,11p15.1,"criteria provided, multiple submitters, no conflicts",3,-,N,ClinGen:CA5903677,2,2627283,17453226,C,T,-,-,-,-,-,-,SCV004100007|SCV005676424,-,-
2795868,Duplication,NM_000162.5(GCK):c.1305dup (p.Ile436fs),2645,GCK,HGNC:4195,Likely pathogenic,1,"Nov 03, 2023",2484492907,-,RCV003397215,"MONDO:MONDO:0007453,MedGen:C0342277,OMIM:125851,Orphanet:552",Maturity-onset diabetes of the young type 2,germline,germline,GRCh37,NC_000007.13,7,44184827,44184828,na,na,7p13,reviewed by expert panel,1,-,N,ClinGen:CA2573106065,2,2628360,44184827,T,TC,-,-,-,-,-,-,SCV004102855,-,-
2795868,Duplication,NM_000162.5(GCK):c.1305dup (p.Ile436fs),2645,GCK,HGNC:4195,Likely pathogenic,1,"Nov 03, 2023",2484492907,-,RCV003397215,"MONDO:MONDO:0007453,MedGen:C0342277,OMIM:125851,Orphanet:552",Maturity-onset diabetes of the young type 2,germline,germline,GRCh38,NC_000007.14,7,44145228,44145229,na,na,7p13,reviewed by expert panel,1,-,N,ClinGen:CA2573106065,2,2628360,44145228,T,TC,-,-,-,-,-,-,SCV004102855,-,-
2795869,Duplication,NM_000162.5(GCK):c.1297_1300dup (p.Cys434Ter),2645,GCK,HGNC:4195,Likely pathogenic,1,"Nov 03, 2023",2484492934,-,RCV003397216,"MONDO:MONDO:0007453,MedGen:C0342277,OMIM:125851,Orphanet:552",Maturity-onset diabetes of the young type 2,germline,germline,GRCh37,NC_000007.13,7,44184832,44184833,na,na,7p13,reviewed by expert panel,1,-,N,ClinGen:CA1139771343,2,2628361,44184832,C,CAGCT,-,-,-,-,-,-,SCV004102856,-,-
2795869,Duplication,NM_000162.5(GCK):c.1297_1300dup (p.Cys434Ter),2645,GCK,HGNC:4195,Likely pathogenic,1,"Nov 03, 2023",2484492934,-,RCV003397216,"MONDO:MONDO:0007453,MedGen:C0342277,OMIM:125851,Orphanet:552",Maturity-onset diabetes of the young type 2,germline,germline,GRCh38,NC_000007.14,7,44145233,44145234,na,na,7p13,reviewed by expert panel,1,-,N,ClinGen:CA1139771343,2,2628361,44145233,C,CAGCT,-,-,-,-,-,-,SCV004102856,-,-
2795870,single nucleotide variant,NM_000162.5(GCK):c.1254-2A>G,2645,GCK,HGNC:4195,Pathogenic,1,"Nov 03, 2023",2484493664,-,RCV003397217,"MONDO:MONDO:0015967,MedGen:C3888631,Orphanet:183625",Monogenic diabetes,germline,germline,GRCh37,NC_000007.13,7,44184881,44184881,na,na,7p13,reviewed by expert panel,1,-,N,ClinGen:CA367397333,2,2628362,44184881,T,C,-,-,-,-,-,-,SCV004102857,-,-
2795870,single nucleotide variant,NM_000162.5(GCK):c.1254-2A>G,2645,GCK,HGNC:4195,Pathogenic,1,"Nov 03, 2023",2484493664,-,RCV003397217,"MONDO:MONDO:0015967,MedGen:C3888631,Orphanet:183625",Monogenic diabetes,germline,germline,GRCh38,NC_000007.14,7,44145282,44145282,na,na,7p13,reviewed by expert panel,1,-,N,ClinGen:CA367397333,2,2628362,44145282,T,C,-,-,-,-,-,-,SCV004102857,-,-
2795871,single nucleotide variant,NM_000162.5(GCK):c.443T>C (p.Phe148Ser),2645,GCK,HGNC:4195,Uncertain significance,0,"Oct 03, 2023",2484529584,-,RCV003397218,"MONDO:MONDO:0015967,MedGen:C3888631,Orphanet:183625",Monogenic diabetes,germline,germline,GRCh37,NC_000007.13,7,44190595,44190595,na,na,7p13,reviewed by expert panel,1,-,N,ClinGen:CA367401964,2,2628363,44190595,A,G,-,-,-,-,-,-,SCV004102859,-,-
2795871,single nucleotide variant,NM_000162.5(GCK):c.443T>C (p.Phe148Ser),2645,GCK,HGNC:4195,Uncertain significance,0,"Oct 03, 2023",2484529584,-,RCV003397218,"MONDO:MONDO:0015967,MedGen:C3888631,Orphanet:183625",Monogenic diabetes,germline,germline,GRCh38,NC_000007.14,7,44150996,44150996,na,na,7p13,reviewed by expert panel,1,-,N,ClinGen:CA367401964,2,2628363,44150996,A,G,-,-,-,-,-,-,SCV004102859,-,-
2795872,single nucleotide variant,NM_000162.5(GCK):c.465G>T (p.Arg155Ser),2645,GCK,HGNC:4195,Likely pathogenic,1,"Oct 03, 2023",757281286,-,RCV003397219|RCV003565665,"MONDO:MONDO:0015967,MedGen:C3888631,Orphanet:183625|MedGen:C3661900",Monogenic diabetes|not provided,germline,germline,GRCh37,NC_000007.13,7,44190573,44190573,na,na,7p13,reviewed by expert panel,2,-,N,ClinGen:CA367401896,2,2628364,44190573,C,A,-,-,-,-,-,-,SCV004102860,-,-
2795872,single nucleotide variant,NM_000162.5(GCK):c.465G>T (p.Arg155Ser),2645,GCK,HGNC:4195,Likely pathogenic,1,"Oct 03, 2023",757281286,-,RCV003397219|RCV003565665,"MONDO:MONDO:0015967,MedGen:C3888631,Orphanet:183625|MedGen:C3661900",Monogenic diabetes|not provided,germline,germline,GRCh38,NC_000007.14,7,44150974,44150974,na,na,7p13,reviewed by expert panel,2,-,N,ClinGen:CA367401896,2,2628364,44150974,C,A,-,-,-,-,-,-,SCV004102860,-,-
2795873,single nucleotide variant,NM_000162.5(GCK):c.1132G>C (p.Ala378Pro),2645,GCK,HGNC:4195,Likely pathogenic,1,"Oct 03, 2023",104894016,-,RCV003397220|RCV005104286,"MONDO:MONDO:0015967,MedGen:C3888631,Orphanet:183625|MedGen:C3661900",Monogenic diabetes|not provided,germline,germline,GRCh37,NC_000007.13,7,44185217,44185217,na,na,7p13,reviewed by expert panel,2,-,N,ClinGen:CA367398808,2,2628365,44185217,C,G,-,-,-,-,-,-,SCV004102861,-,-
2795873,single nucleotide variant,NM_000162.5(GCK):c.1132G>C (p.Ala378Pro),2645,GCK,HGNC:4195,Likely pathogenic,1,"Oct 03, 2023",104894016,-,RCV003397220|RCV005104286,"MONDO:MONDO:0015967,MedGen:C3888631,Orphanet:183625|MedGen:C3661900",Monogenic diabetes|not provided,germline,germline,GRCh38,NC_000007.14,7,44145618,44145618,na,na,7p13,reviewed by expert panel,2,-,N,ClinGen:CA367398808,2,2628365,44145618,C,G,-,-,-,-,-,-,SCV004102861,-,-
2795874,single nucleotide variant,NM_000162.5(GCK):c.689G>A (p.Cys230Tyr),2645,GCK,HGNC:4195,Pathogenic,1,"Nov 22, 2023",2484515022,-,RCV003397221,"MONDO:MONDO:0015967,MedGen:C3888631,Orphanet:183625",Monogenic diabetes,germline,germline,GRCh37,NC_000007.13,7,44187423,44187423,na,na,7p13,reviewed by expert panel,1,-,N,ClinGen:CA367400776,2,2628366,44187423,C,T,-,-,-,-,-,-,SCV004102865,-,-
2795874,single nucleotide variant,NM_000162.5(GCK):c.689G>A (p.Cys230Tyr),2645,GCK,HGNC:4195,Pathogenic,1,"Nov 22, 2023",2484515022,-,RCV003397221,"MONDO:MONDO:0015967,MedGen:C3888631,Orphanet:183625",Monogenic diabetes,germline,germline,GRCh38,NC_000007.14,7,44147824,44147824,na,na,7p13,reviewed by expert panel,1,-,N,ClinGen:CA367400776,2,2628366,44147824,C,T,-,-,-,-,-,-,SCV004102865,-,-
2796334,single nucleotide variant,NM_000352.6(ABCC8):c.3622G>A (p.Glu1208Lys),6833,ABCC8,HGNC:59,Uncertain significance,0,"Feb 12, 2023",2496501702,-,RCV004539029,-,ABCC8-related disorder,germline,germline,GRCh37,NC_000011.9,11,17424236,17424236,na,na,11p15.1,"criteria provided, single submitter",1,-,N,ClinGen:CA379796513,2,2630579,17424236,C,T,-,-,-,-,-,-,SCV004112606,-,-
2796334,single nucleotide variant,NM_000352.6(ABCC8):c.3622G>A (p.Glu1208Lys),6833,ABCC8,HGNC:59,Uncertain significance,0,"Feb 12, 2023",2496501702,-,RCV004539029,-,ABCC8-related disorder,germline,germline,GRCh38,NC_000011.10,11,17402689,17402689,na,na,11p15.1,"criteria provided, single submitter",1,-,N,ClinGen:CA379796513,2,2630579,17402689,C,T,-,-,-,-,-,-,SCV004112606,-,-
2796576,single nucleotide variant,NM_000525.4(KCNJ11):c.329G>T (p.Cys110Phe),3767,KCNJ11,HGNC:6257,Uncertain significance,0,"Mar 26, 2024",1306643774,-,RCV004527933,-,KCNJ11-related disorder,germline,germline,GRCh37,NC_000011.9,11,17409310,17409310,na,na,11p15.1,no assertion criteria provided,1,-,N,ClinGen:CA379774404,2,2630821,17409310,C,A,-,-,-,-,-,-,SCV004103080,-,-
2796576,single nucleotide variant,NM_000525.4(KCNJ11):c.329G>T (p.Cys110Phe),3767,KCNJ11,HGNC:6257,Uncertain significance,0,"Mar 26, 2024",1306643774,-,RCV004527933,-,KCNJ11-related disorder,germline,germline,GRCh38,NC_000011.10,11,17387763,17387763,na,na,11p15.1,no assertion criteria provided,1,-,N,ClinGen:CA379774404,2,2630821,17387763,C,A,-,-,-,-,-,-,SCV004103080,-,-
2797007,single nucleotide variant,NM_000162.5(GCK):c.1106G>C (p.Arg369Pro),2645,GCK,HGNC:4195,Pathogenic,1,"Jun 17, 2023",1372420759,-,RCV003416862,-,GCK-related disorder,germline,germline,GRCh37,NC_000007.13,7,44185243,44185243,na,na,7p13,"criteria provided, single submitter",1,-,N,ClinGen:CA367398967,2,2632567,44185243,C,G,-,-,-,-,-,-,SCV004108175,-,-
2797007,single nucleotide variant,NM_000162.5(GCK):c.1106G>C (p.Arg369Pro),2645,GCK,HGNC:4195,Pathogenic,1,"Jun 17, 2023",1372420759,-,RCV003416862,-,GCK-related disorder,germline,germline,GRCh38,NC_000007.14,7,44145644,44145644,na,na,7p13,"criteria provided, single submitter",1,-,N,ClinGen:CA367398967,2,2632567,44145644,C,G,-,-,-,-,-,-,SCV004108175,-,-
2797187,single nucleotide variant,NM_000162.5(GCK):c.859C>G (p.Gln287Glu),2645,GCK,HGNC:4195,Uncertain significance,0,"May 01, 2023",2484513044,-,RCV003408314,-,GCK-related disorder,germline,germline,GRCh37,NC_000007.13,7,44187253,44187253,na,na,7p13,"criteria provided, single submitter",1,-,N,ClinGen:CA367400409,2,2632747,44187253,G,C,-,-,-,-,-,-,SCV004108424,-,-
2797187,single nucleotide variant,NM_000162.5(GCK):c.859C>G (p.Gln287Glu),2645,GCK,HGNC:4195,Uncertain significance,0,"May 01, 2023",2484513044,-,RCV003408314,-,GCK-related disorder,germline,germline,GRCh38,NC_000007.14,7,44147654,44147654,na,na,7p13,"criteria provided, single submitter",1,-,N,ClinGen:CA367400409,2,2632747,44147654,G,C,-,-,-,-,-,-,SCV004108424,-,-
2798345,single nucleotide variant,NM_000525.4(KCNJ11):c.637G>A (p.Ala213Thr),3767,KCNJ11,HGNC:6257,Conflicting classifications of pathogenicity,1,"Apr 02, 2023",1202775818,-,RCV003459856|RCV004539024,"Human Phenotype Ontology:HP:0005965,Human Phenotype Ontology:HP:0005978,Human Phenotype Ontology:HP:0100652,MONDO:MONDO:0005148,MeSH:D003924,MedGen:C0011860,OMIM:125853|",Type 2 diabetes mellitus|KCNJ11-related disorder,germline;unknown,germline,GRCh37,NC_000011.9,11,17409002,17409002,na,na,11p15.1,"criteria provided, conflicting classifications",2,-,N,ClinGen:CA379771936,2,2630405,17409002,C,T,-,-,-,-,-,-,SCV004110031|SCV004198066,-,-
2798345,single nucleotide variant,NM_000525.4(KCNJ11):c.637G>A (p.Ala213Thr),3767,KCNJ11,HGNC:6257,Conflicting classifications of pathogenicity,1,"Apr 02, 2023",1202775818,-,RCV003459856|RCV004539024,"Human Phenotype Ontology:HP:0005965,Human Phenotype Ontology:HP:0005978,Human Phenotype Ontology:HP:0100652,MONDO:MONDO:0005148,MeSH:D003924,MedGen:C0011860,OMIM:125853|",Type 2 diabetes mellitus|KCNJ11-related disorder,germline;unknown,germline,GRCh38,NC_000011.10,11,17387455,17387455,na,na,11p15.1,"criteria provided, conflicting classifications",2,-,N,ClinGen:CA379771936,2,2630405,17387455,C,T,-,-,-,-,-,-,SCV004110031|SCV004198066,-,-
2798378,single nucleotide variant,NM_000352.6(ABCC8):c.4533T>G (p.Ile1511Met),6833,ABCC8,HGNC:59,Uncertain significance,0,"Feb 05, 2023",1953787015,-,RCV004527884,-,ABCC8-related disorder,germline,germline,GRCh37,NC_000011.9,11,17415825,17415825,na,na,11p15.1,"criteria provided, single submitter",1,-,N,ClinGen:CA379782753,2,2630438,17415825,A,C,-,-,-,-,-,-,SCV004112388,-,-
2798378,single nucleotide variant,NM_000352.6(ABCC8):c.4533T>G (p.Ile1511Met),6833,ABCC8,HGNC:59,Uncertain significance,0,"Feb 05, 2023",1953787015,-,RCV004527884,-,ABCC8-related disorder,germline,germline,GRCh38,NC_000011.10,11,17394278,17394278,na,na,11p15.1,"criteria provided, single submitter",1,-,N,ClinGen:CA379782753,2,2630438,17394278,A,C,-,-,-,-,-,-,SCV004112388,-,-
2799449,single nucleotide variant,NM_000352.6(ABCC8):c.4538T>C (p.Met1513Thr),6833,ABCC8,HGNC:59,Likely pathogenic,1,"Dec 19, 2022",2496438882,-,RCV004534276,-,ABCC8-related disorder,germline,germline,GRCh37,NC_000011.9,11,17415820,17415820,na,na,11p15.1,"criteria provided, single submitter",1,-,N,ClinGen:CA379782719,2,2635444,17415820,A,G,-,-,-,-,-,-,SCV004112969,-,-
2799449,single nucleotide variant,NM_000352.6(ABCC8):c.4538T>C (p.Met1513Thr),6833,ABCC8,HGNC:59,Likely pathogenic,1,"Dec 19, 2022",2496438882,-,RCV004534276,-,ABCC8-related disorder,germline,germline,GRCh38,NC_000011.10,11,17394273,17394273,na,na,11p15.1,"criteria provided, single submitter",1,-,N,ClinGen:CA379782719,2,2635444,17394273,A,G,-,-,-,-,-,-,SCV004112969,-,-
2799758,single nucleotide variant,NM_000352.6(ABCC8):c.1957C>T (p.Arg653Trp),6833,ABCC8,HGNC:59,Uncertain significance,0,"Apr 22, 2024",372230762,-,RCV004534318|RCV005047574,"|MONDO:MONDO:0009415,MedGen:C0271714,OMIM:240800;MONDO:MONDO:0030088,MedGen:C5394303,OMIM:618857;Human Phenotype Ontology:HP:0005965,Human Phenotype Ontology:HP:0005978,Human Phenotype Ontology:HP:0100652,MONDO:MONDO:0005148,MeSH:D003924,MedGen:C0011860,OMIM:125853;MONDO:MONDO:0012480,MedGen:C1835887,OMIM:610374,Orphanet:99886;MONDO:MONDO:0009734,MedGen:C2931832,OMIM:256450,Orphanet:276575,Orphanet:276598","ABCC8-related disorder|Leucine-induced hypoglycemia;Diabetes mellitus, permanent neonatal 3;Type 2 diabetes mellitus;Diabetes mellitus, transient neonatal, 2;Hyperinsulinemic hypoglycemia, familial, 1",germline,germline,GRCh37,NC_000011.9,11,17449919,17449919,na,na,11p15.1,"criteria provided, multiple submitters, no conflicts",2,-,N,ClinGen:CA5903365,2,2635754,17449919,G,A,-,-,-,-,-,-,SCV004116318|SCV005676380,-,-
2799758,single nucleotide variant,NM_000352.6(ABCC8):c.1957C>T (p.Arg653Trp),6833,ABCC8,HGNC:59,Uncertain significance,0,"Apr 22, 2024",372230762,-,RCV004534318|RCV005047574,"|MONDO:MONDO:0009415,MedGen:C0271714,OMIM:240800;MONDO:MONDO:0030088,MedGen:C5394303,OMIM:618857;Human Phenotype Ontology:HP:0005965,Human Phenotype Ontology:HP:0005978,Human Phenotype Ontology:HP:0100652,MONDO:MONDO:0005148,MeSH:D003924,MedGen:C0011860,OMIM:125853;MONDO:MONDO:0012480,MedGen:C1835887,OMIM:610374,Orphanet:99886;MONDO:MONDO:0009734,MedGen:C2931832,OMIM:256450,Orphanet:276575,Orphanet:276598","ABCC8-related disorder|Leucine-induced hypoglycemia;Diabetes mellitus, permanent neonatal 3;Type 2 diabetes mellitus;Diabetes mellitus, transient neonatal, 2;Hyperinsulinemic hypoglycemia, familial, 1",germline,germline,GRCh38,NC_000011.10,11,17428372,17428372,na,na,11p15.1,"criteria provided, multiple submitters, no conflicts",2,-,N,ClinGen:CA5903365,2,2635754,17428372,G,A,-,-,-,-,-,-,SCV004116318|SCV005676380,-,-
2800001,single nucleotide variant,NM_000162.5(GCK):c.219C>G (p.Asp73Glu),2645,GCK,HGNC:4195,Uncertain significance,0,"Sep 21, 2022",2096281841,-,RCV003394466,-,GCK-related disorder,germline,germline,GRCh37,NC_000007.13,7,44192014,44192014,na,na,7p13,"criteria provided, single submitter",1,-,N,ClinGen:CA367403096,2,2637323,44192014,G,C,-,-,-,-,-,-,SCV004121553,-,-
2800001,single nucleotide variant,NM_000162.5(GCK):c.219C>G (p.Asp73Glu),2645,GCK,HGNC:4195,Uncertain significance,0,"Sep 21, 2022",2096281841,-,RCV003394466,-,GCK-related disorder,germline,germline,GRCh38,NC_000007.14,7,44152415,44152415,na,na,7p13,"criteria provided, single submitter",1,-,N,ClinGen:CA367403096,2,2637323,44152415,G,C,-,-,-,-,-,-,SCV004121553,-,-
2800255,single nucleotide variant,NM_000352.6(ABCC8):c.917G>T (p.Arg306Leu),6833,ABCC8,HGNC:59,Conflicting classifications of pathogenicity,1,"Apr 13, 2023",1409900082,-,RCV003720881|RCV004529660,MedGen:C3661900|,not provided|ABCC8-related disorder,germline,germline,GRCh37,NC_000011.9,11,17482129,17482129,na,na,11p15.1,"criteria provided, conflicting classifications",2,-,N,ClinGen:CA379776915,2,2628538,17482129,C,A,-,-,-,-,-,-,SCV004105890|SCV004517034,-,-
2800255,single nucleotide variant,NM_000352.6(ABCC8):c.917G>T (p.Arg306Leu),6833,ABCC8,HGNC:59,Conflicting classifications of pathogenicity,1,"Apr 13, 2023",1409900082,-,RCV003720881|RCV004529660,MedGen:C3661900|,not provided|ABCC8-related disorder,germline,germline,GRCh38,NC_000011.10,11,17460582,17460582,na,na,11p15.1,"criteria provided, conflicting classifications",2,-,N,ClinGen:CA379776915,2,2628538,17460582,C,A,-,-,-,-,-,-,SCV004105890|SCV004517034,-,-
2800418,single nucleotide variant,NM_000352.6(ABCC8):c.4589G>A (p.Arg1530His),6833,ABCC8,HGNC:59,Uncertain significance,0,"Mar 21, 2023",747928876,-,RCV004529678,-,ABCC8-related disorder,germline,germline,GRCh37,NC_000011.9,11,17415263,17415263,na,na,11p15.1,"criteria provided, single submitter",1,-,N,ClinGen:CA5902424,2,2628701,17415263,C,T,-,-,-,-,-,-,SCV004106634,-,-
2800418,single nucleotide variant,NM_000352.6(ABCC8):c.4589G>A (p.Arg1530His),6833,ABCC8,HGNC:59,Uncertain significance,0,"Mar 21, 2023",747928876,-,RCV004529678,-,ABCC8-related disorder,germline,germline,GRCh38,NC_000011.10,11,17393716,17393716,na,na,11p15.1,"criteria provided, single submitter",1,-,N,ClinGen:CA5902424,2,2628701,17393716,C,T,-,-,-,-,-,-,SCV004106634,-,-
2800784,single nucleotide variant,NM_000162.5(GCK):c.46-4647C>A,2645,GCK,HGNC:4195,Uncertain significance,0,"Mar 06, 2023",1368053970,-,RCV003412371,-,GCK-related disorder,germline,germline,GRCh37,NC_000007.13,7,44197709,44197709,na,na,7p13,"criteria provided, single submitter",1,-,N,ClinGen:CA367404498,2,2629946,44197709,G,T,-,-,-,-,-,-,SCV004111203,-,-
2800784,single nucleotide variant,NM_000162.5(GCK):c.46-4647C>A,2645,GCK,HGNC:4195,Uncertain significance,0,"Mar 06, 2023",1368053970,-,RCV003412371,-,GCK-related disorder,germline,germline,GRCh38,NC_000007.14,7,44158110,44158110,na,na,7p13,"criteria provided, single submitter",1,-,N,ClinGen:CA367404498,2,2629946,44158110,G,T,-,-,-,-,-,-,SCV004111203,-,-
2801191,single nucleotide variant,NM_000352.6(ABCC8):c.1525C>A (p.Leu509Met),6833,ABCC8,HGNC:59,Uncertain significance,0,"Aug 08, 2023",1683872043,-,RCV004528541,-,ABCC8-related disorder,germline,germline,GRCh37,NC_000011.9,11,17464372,17464372,na,na,11p15.1,"criteria provided, single submitter",1,-,N,ClinGen:CA379766542,2,2631658,17464372,G,T,-,-,-,-,-,-,SCV004105133,-,-
2801191,single nucleotide variant,NM_000352.6(ABCC8):c.1525C>A (p.Leu509Met),6833,ABCC8,HGNC:59,Uncertain significance,0,"Aug 08, 2023",1683872043,-,RCV004528541,-,ABCC8-related disorder,germline,germline,GRCh38,NC_000011.10,11,17442825,17442825,na,na,11p15.1,"criteria provided, single submitter",1,-,N,ClinGen:CA379766542,2,2631658,17442825,G,T,-,-,-,-,-,-,SCV004105133,-,-
2801198,single nucleotide variant,NM_000352.6(ABCC8):c.2117-2A>G,6833,ABCC8,HGNC:59,Pathogenic,1,"Jul 18, 2023",1476853180,-,RCV004528542,-,ABCC8-related disorder,germline,germline,GRCh37,NC_000011.9,11,17448703,17448703,na,na,11p15.1,"criteria provided, single submitter",1,-,N,ClinGen:CA379813845,2,2631665,17448703,T,C,-,-,-,-,-,-,SCV004105142,-,-
2801198,single nucleotide variant,NM_000352.6(ABCC8):c.2117-2A>G,6833,ABCC8,HGNC:59,Pathogenic,1,"Jul 18, 2023",1476853180,-,RCV004528542,-,ABCC8-related disorder,germline,germline,GRCh38,NC_000011.10,11,17427156,17427156,na,na,11p15.1,"criteria provided, single submitter",1,-,N,ClinGen:CA379813845,2,2631665,17427156,T,C,-,-,-,-,-,-,SCV004105142,-,-
2801555,single nucleotide variant,NM_000162.5(GCK):c.373T>A (p.Tyr125Asn),2645,GCK,HGNC:4195,Uncertain significance,0,"May 24, 2023",2484530113,-,RCV003400047,-,GCK-related disorder,germline,germline,GRCh37,NC_000007.13,7,44190665,44190665,na,na,7p13,"criteria provided, single submitter",1,-,N,ClinGen:CA367402197,2,2633338,44190665,A,T,-,-,-,-,-,-,SCV004104528,-,-
2801555,single nucleotide variant,NM_000162.5(GCK):c.373T>A (p.Tyr125Asn),2645,GCK,HGNC:4195,Uncertain significance,0,"May 24, 2023",2484530113,-,RCV003400047,-,GCK-related disorder,germline,germline,GRCh38,NC_000007.14,7,44151066,44151066,na,na,7p13,"criteria provided, single submitter",1,-,N,ClinGen:CA367402197,2,2633338,44151066,A,T,-,-,-,-,-,-,SCV004104528,-,-
2801595,single nucleotide variant,NM_000162.5(GCK):c.364-1G>C,2645,GCK,HGNC:4195,Pathogenic,1,"Apr 06, 2023",1057521094,-,RCV003400068,-,GCK-related disorder,germline,germline,GRCh37,NC_000007.13,7,44190675,44190675,na,na,7p13,"criteria provided, single submitter",1,-,N,ClinGen:CA367402236,2,2633378,44190675,C,G,-,-,-,-,-,-,SCV004110190,-,-
2801595,single nucleotide variant,NM_000162.5(GCK):c.364-1G>C,2645,GCK,HGNC:4195,Pathogenic,1,"Apr 06, 2023",1057521094,-,RCV003400068,-,GCK-related disorder,germline,germline,GRCh38,NC_000007.14,7,44151076,44151076,na,na,7p13,"criteria provided, single submitter",1,-,N,ClinGen:CA367402236,2,2633378,44151076,C,G,-,-,-,-,-,-,SCV004110190,-,-
2802054,single nucleotide variant,NC_000007.14:g.44189510C>G,2645,GCK,HGNC:4195,Pathogenic,1,"Jan 07, 2026",2484628372,-,RCV003392982|RCV003553921|RCV006454813|RCV006455641,"|MedGen:C3661900|MONDO:MONDO:0015967,MedGen:C3888631,Orphanet:183625|MONDO:MONDO:0007453,MedGen:C0342277,OMIM:125851,Orphanet:552",GCK-related disorder|not provided|Monogenic diabetes|Maturity-onset diabetes of the young type 2,germline,germline,GRCh37,NC_000007.13,7,44229109,44229109,na,na,7p13,reviewed by expert panel,4,-,N,ClinGen:CA2695198477,2,2635153,44229109,C,G,-,-,-,-,-,-,SCV007338197,-,-
2802054,single nucleotide variant,NC_000007.14:g.44189510C>G,2645,GCK,HGNC:4195,Pathogenic,1,"Jan 07, 2026",2484628372,-,RCV003392982|RCV003553921|RCV006454813|RCV006455641,"|MedGen:C3661900|MONDO:MONDO:0015967,MedGen:C3888631,Orphanet:183625|MONDO:MONDO:0007453,MedGen:C0342277,OMIM:125851,Orphanet:552",GCK-related disorder|not provided|Monogenic diabetes|Maturity-onset diabetes of the young type 2,germline,germline,GRCh38,NC_000007.14,7,44189510,44189510,na,na,7p13,reviewed by expert panel,4,-,N,ClinGen:CA2695198477,2,2635153,44189510,C,G,-,-,-,-,-,-,SCV007338197,-,-
2803591,single nucleotide variant,NM_000162.5(GCK):c.1014G>A (p.Val338=),2645,GCK,HGNC:4195,Uncertain significance,0,"May 10, 2023",2484506066,-,RCV003408321|RCV003689081,|MedGen:C3661900,GCK-related disorder|not provided,germline,germline,GRCh37,NC_000007.13,7,44186067,44186067,na,na,7p13,"criteria provided, multiple submitters, no conflicts",2,-,N,ClinGen:CA454607716,2,2632759,44186067,C,T,-,-,-,-,-,-,SCV004108440|SCV004450707,-,-
2803591,single nucleotide variant,NM_000162.5(GCK):c.1014G>A (p.Val338=),2645,GCK,HGNC:4195,Uncertain significance,0,"May 10, 2023",2484506066,-,RCV003408321|RCV003689081,|MedGen:C3661900,GCK-related disorder|not provided,germline,germline,GRCh38,NC_000007.14,7,44146468,44146468,na,na,7p13,"criteria provided, multiple submitters, no conflicts",2,-,N,ClinGen:CA454607716,2,2632759,44146468,C,T,-,-,-,-,-,-,SCV004108440|SCV004450707,-,-
2804887,single nucleotide variant,NM_000352.6(ABCC8):c.3117C>A (p.Ser1039Arg),6833,ABCC8,HGNC:59,Uncertain significance,0,"May 09, 2024",199723884,-,RCV005047579|RCV004784154|RCV004536651,"MONDO:MONDO:0009415,MedGen:C0271714,OMIM:240800;MONDO:MONDO:0030088,MedGen:C5394303,OMIM:618857;Human Phenotype Ontology:HP:0005965,Human Phenotype Ontology:HP:0005978,Human Phenotype Ontology:HP:0100652,MONDO:MONDO:0005148,MeSH:D003924,MedGen:C0011860,OMIM:125853;MONDO:MONDO:0012480,MedGen:C1835887,OMIM:610374,Orphanet:99886;MONDO:MONDO:0009734,MedGen:C2931832,OMIM:256450,Orphanet:276575,Orphanet:276598|MedGen:C3661900|","Leucine-induced hypoglycemia;Diabetes mellitus, permanent neonatal 3;Type 2 diabetes mellitus;Diabetes mellitus, transient neonatal, 2;Hyperinsulinemic hypoglycemia, familial, 1|not provided|ABCC8-related disorder",germline,germline,GRCh37,NC_000011.9,11,17428480,17428480,na,na,11p15.1,"criteria provided, multiple submitters, no conflicts",3,-,N,ClinGen:CA379803250,2,2636684,17428480,G,T,-,-,-,-,-,-,SCV004117576|SCV005396002|SCV005676301,-,-
2804887,single nucleotide variant,NM_000352.6(ABCC8):c.3117C>A (p.Ser1039Arg),6833,ABCC8,HGNC:59,Uncertain significance,0,"May 09, 2024",199723884,-,RCV005047579|RCV004784154|RCV004536651,"MONDO:MONDO:0009415,MedGen:C0271714,OMIM:240800;MONDO:MONDO:0030088,MedGen:C5394303,OMIM:618857;Human Phenotype Ontology:HP:0005965,Human Phenotype Ontology:HP:0005978,Human Phenotype Ontology:HP:0100652,MONDO:MONDO:0005148,MeSH:D003924,MedGen:C0011860,OMIM:125853;MONDO:MONDO:0012480,MedGen:C1835887,OMIM:610374,Orphanet:99886;MONDO:MONDO:0009734,MedGen:C2931832,OMIM:256450,Orphanet:276575,Orphanet:276598|MedGen:C3661900|","Leucine-induced hypoglycemia;Diabetes mellitus, permanent neonatal 3;Type 2 diabetes mellitus;Diabetes mellitus, transient neonatal, 2;Hyperinsulinemic hypoglycemia, familial, 1|not provided|ABCC8-related disorder",germline,germline,GRCh38,NC_000011.10,11,17406933,17406933,na,na,11p15.1,"criteria provided, multiple submitters, no conflicts",3,-,N,ClinGen:CA379803250,2,2636684,17406933,G,T,-,-,-,-,-,-,SCV004117576|SCV005396002|SCV005676301,-,-
2805397,Duplication,NM_000352.6(ABCC8):c.4383_4384dup (p.Val1462fs),6833,ABCC8,HGNC:59,Likely pathogenic,1,"Nov 16, 2023",1953845407,-,RCV003405215,"MONDO:MONDO:0030088,MedGen:C5394303,OMIM:618857;MONDO:MONDO:0009734,MedGen:C2931832,OMIM:256450,Orphanet:276575,Orphanet:276598;MONDO:MONDO:0009415,MedGen:C0271714,OMIM:240800","Diabetes mellitus, permanent neonatal 3;Hyperinsulinemic hypoglycemia, familial, 1;Leucine-induced hypoglycemia",germline,germline,GRCh37,NC_000011.9,11,17416745,17416746,na,na,11p15.1,"criteria provided, single submitter",1,-,N,ClinGen:CA2695201095,2,2637920,17416745,A,ACC,-,-,-,-,-,-,SCV004123114,-,-
2805397,Duplication,NM_000352.6(ABCC8):c.4383_4384dup (p.Val1462fs),6833,ABCC8,HGNC:59,Likely pathogenic,1,"Nov 16, 2023",1953845407,-,RCV003405215,"MONDO:MONDO:0030088,MedGen:C5394303,OMIM:618857;MONDO:MONDO:0009734,MedGen:C2931832,OMIM:256450,Orphanet:276575,Orphanet:276598;MONDO:MONDO:0009415,MedGen:C0271714,OMIM:240800","Diabetes mellitus, permanent neonatal 3;Hyperinsulinemic hypoglycemia, familial, 1;Leucine-induced hypoglycemia",germline,germline,GRCh38,NC_000011.10,11,17395198,17395199,na,na,11p15.1,"criteria provided, single submitter",1,-,N,ClinGen:CA2695201095,2,2637920,17395198,A,ACC,-,-,-,-,-,-,SCV004123114,-,-
2816487,Deletion,NM_000525.4(KCNJ11):c.825_842del (p.His276_Leu281del),3767,KCNJ11,HGNC:6257,Uncertain significance,0,"Nov 01, 2022",2496408862,-,RCV003397952,MedGen:C3661900,not provided,germline,germline,GRCh37,NC_000011.9,11,17408797,17408814,na,na,11p15.1,"criteria provided, single submitter",1,-,N,ClinGen:CA2695201085,2,2641642,17408796,GAGGTCCTGGTGGTGGTGC,G,-,-,-,-,-,-,SCV004136022,-,-
2816487,Deletion,NM_000525.4(KCNJ11):c.825_842del (p.His276_Leu281del),3767,KCNJ11,HGNC:6257,Uncertain significance,0,"Nov 01, 2022",2496408862,-,RCV003397952,MedGen:C3661900,not provided,germline,germline,GRCh38,NC_000011.10,11,17387250,17387267,na,na,11p15.1,"criteria provided, single submitter",1,-,N,ClinGen:CA2695201085,2,2641642,17387249,GAGGTCCTGGTGGTGGTGC,G,-,-,-,-,-,-,SCV004136022,-,-
2816488,single nucleotide variant,NM_000525.4(KCNJ11):c.310G>A (p.Glu104Lys),3767,KCNJ11,HGNC:6257,Uncertain significance,0,"Jun 24, 2025",145429555,-,RCV003397953,MedGen:C3661900,not provided,germline,germline,GRCh37,NC_000011.9,11,17409329,17409329,na,na,11p15.1,"criteria provided, multiple submitters, no conflicts",2,-,N,ClinGen:CA5902303,2,2641643,17409329,C,T,-,-,-,-,-,-,SCV004136023|SCV007130875,-,-
2816488,single nucleotide variant,NM_000525.4(KCNJ11):c.310G>A (p.Glu104Lys),3767,KCNJ11,HGNC:6257,Uncertain significance,0,"Jun 24, 2025",145429555,-,RCV003397953,MedGen:C3661900,not provided,germline,germline,GRCh38,NC_000011.10,11,17387782,17387782,na,na,11p15.1,"criteria provided, multiple submitters, no conflicts",2,-,N,ClinGen:CA5902303,2,2641643,17387782,C,T,-,-,-,-,-,-,SCV004136023|SCV007130875,-,-
2816489,single nucleotide variant,NM_000352.6(ABCC8):c.1817+442C>T,6833,ABCC8,HGNC:59,Likely benign,0,"Dec 01, 2022",147864425,-,RCV003397954,MedGen:C3661900,not provided,germline,germline,GRCh37,NC_000011.9,11,17451919,17451919,na,na,11p15.1,"criteria provided, single submitter",1,-,N,ClinGen:CA218442419,2,2641644,17451919,G,A,-,-,-,-,-,-,SCV004136033,-,-
2816489,single nucleotide variant,NM_000352.6(ABCC8):c.1817+442C>T,6833,ABCC8,HGNC:59,Likely benign,0,"Dec 01, 2022",147864425,-,RCV003397954,MedGen:C3661900,not provided,germline,germline,GRCh38,NC_000011.10,11,17430372,17430372,na,na,11p15.1,"criteria provided, single submitter",1,-,N,ClinGen:CA218442419,2,2641644,17430372,G,A,-,-,-,-,-,-,SCV004136033,-,-
2816490,single nucleotide variant,NM_000352.6(ABCC8):c.84G>A (p.Val28=),6833,ABCC8,HGNC:59,Conflicting classifications of pathogenicity,0,"Mar 18, 2023",1253284091,-,RCV003397955,MedGen:C3661900,not provided,germline,germline,GRCh37,NC_000011.9,11,17498240,17498240,na,na,11p15.1,"criteria provided, conflicting classifications",2,-,N,ClinGen:CA473302242,2,2641645,17498240,C,T,-,-,-,-,-,-,SCV004136035|SCV004623140,-,-
2816490,single nucleotide variant,NM_000352.6(ABCC8):c.84G>A (p.Val28=),6833,ABCC8,HGNC:59,Conflicting classifications of pathogenicity,0,"Mar 18, 2023",1253284091,-,RCV003397955,MedGen:C3661900,not provided,germline,germline,GRCh38,NC_000011.10,11,17476693,17476693,na,na,11p15.1,"criteria provided, conflicting classifications",2,-,N,ClinGen:CA473302242,2,2641645,17476693,C,T,-,-,-,-,-,-,SCV004136035|SCV004623140,-,-
2828423,single nucleotide variant,NM_000162.5(GCK):c.192C>T (p.Ser64=),2645,GCK,HGNC:4195,Likely benign,0,"Nov 01, 2022",2484539611,-,RCV003433782,MedGen:C3661900,not provided,germline,germline,GRCh37,NC_000007.13,7,44192916,44192916,na,na,7p13,"criteria provided, single submitter",1,-,N,ClinGen:CA454610484,2,2657425,44192916,G,A,-,-,-,-,-,-,SCV004156834,-,-
2828423,single nucleotide variant,NM_000162.5(GCK):c.192C>T (p.Ser64=),2645,GCK,HGNC:4195,Likely benign,0,"Nov 01, 2022",2484539611,-,RCV003433782,MedGen:C3661900,not provided,germline,germline,GRCh38,NC_000007.14,7,44153317,44153317,na,na,7p13,"criteria provided, single submitter",1,-,N,ClinGen:CA454610484,2,2657425,44153317,G,A,-,-,-,-,-,-,SCV004156834,-,-
2830378,single nucleotide variant,NM_000162.5(GCK):c.350G>T (p.Gly117Val),2645,GCK,HGNC:4195,Likely pathogenic,1,"Nov 23, 2023",2484534928,-,RCV003441593|RCV003479519|RCV003445236,"MedGen:C3661900|MedGen:CN169374|MONDO:MONDO:0015967,MedGen:C3888631,Orphanet:183625",not provided|not specified|Monogenic diabetes,germline,germline,GRCh37,NC_000007.13,7,44191883,44191883,na,na,7p13,reviewed by expert panel,3,-,N,ClinGen:CA367402580,2,2662928,44191883,C,A,-,-,-,-,-,-,SCV004174249,-,-
2830378,single nucleotide variant,NM_000162.5(GCK):c.350G>T (p.Gly117Val),2645,GCK,HGNC:4195,Likely pathogenic,1,"Nov 23, 2023",2484534928,-,RCV003441593|RCV003479519|RCV003445236,"MedGen:C3661900|MedGen:CN169374|MONDO:MONDO:0015967,MedGen:C3888631,Orphanet:183625",not provided|not specified|Monogenic diabetes,germline,germline,GRCh38,NC_000007.14,7,44152284,44152284,na,na,7p13,reviewed by expert panel,3,-,N,ClinGen:CA367402580,2,2662928,44152284,C,A,-,-,-,-,-,-,SCV004174249,-,-
2830409,Deletion,NM_000162.5(GCK):c.529_536del (p.Glu177fs),2645,GCK,HGNC:4195,Pathogenic,1,"Nov 06, 2023",2484524110,-,RCV003441624,MedGen:C3661900,not provided,germline,germline,GRCh37,NC_000007.13,7,44189611,44189618,na,na,7p13,"criteria provided, single submitter",1,-,N,ClinGen:CA2695198476,2,2662959,44189610,GTTCCCTTC,G,-,-,-,-,-,-,SCV004169065,-,-
2830409,Deletion,NM_000162.5(GCK):c.529_536del (p.Glu177fs),2645,GCK,HGNC:4195,Pathogenic,1,"Nov 06, 2023",2484524110,-,RCV003441624,MedGen:C3661900,not provided,germline,germline,GRCh38,NC_000007.14,7,44150012,44150019,na,na,7p13,"criteria provided, single submitter",1,-,N,ClinGen:CA2695198476,2,2662959,44150011,GTTCCCTTC,G,-,-,-,-,-,-,SCV004169065,-,-
2831033,single nucleotide variant,NM_000525.4(KCNJ11):c.344A>T (p.His115Leu),3767,KCNJ11,HGNC:6257,Uncertain significance,0,"Apr 18, 2023",374334444,-,RCV003443302,MedGen:C3661900,not provided,germline,germline,GRCh37,NC_000011.9,11,17409295,17409295,na,na,11p15.1,"criteria provided, single submitter",1,-,N,ClinGen:CA379774304,2,2663586,17409295,T,A,-,-,-,-,-,-,SCV004168199,-,-
2831033,single nucleotide variant,NM_000525.4(KCNJ11):c.344A>T (p.His115Leu),3767,KCNJ11,HGNC:6257,Uncertain significance,0,"Apr 18, 2023",374334444,-,RCV003443302,MedGen:C3661900,not provided,germline,germline,GRCh38,NC_000011.10,11,17387748,17387748,na,na,11p15.1,"criteria provided, single submitter",1,-,N,ClinGen:CA379774304,2,2663586,17387748,T,A,-,-,-,-,-,-,SCV004168199,-,-
2831813,single nucleotide variant,NM_000162.5(GCK):c.109A>G (p.Met37Val),2645,GCK,HGNC:4195,Likely pathogenic,1,"Nov 22, 2023",2484540140,-,RCV003445456,"MONDO:MONDO:0015967,MedGen:C3888631,Orphanet:183625",Monogenic diabetes,germline,germline,GRCh37,NC_000007.13,7,44192999,44192999,na,na,7p13,reviewed by expert panel,2,-,N,ClinGen:CA367403551,2,2664358,44192999,T,C,-,-,-,-,-,-,SCV004174225,-,-
2831813,single nucleotide variant,NM_000162.5(GCK):c.109A>G (p.Met37Val),2645,GCK,HGNC:4195,Likely pathogenic,1,"Nov 22, 2023",2484540140,-,RCV003445456,"MONDO:MONDO:0015967,MedGen:C3888631,Orphanet:183625",Monogenic diabetes,germline,germline,GRCh38,NC_000007.14,7,44153400,44153400,na,na,7p13,reviewed by expert panel,2,-,N,ClinGen:CA367403551,2,2664358,44153400,T,C,-,-,-,-,-,-,SCV004174225,-,-
2831814,single nucleotide variant,NM_000162.5(GCK):c.1331G>A (p.Gly444Asp),2645,GCK,HGNC:4195,Uncertain significance,0,"Nov 23, 2023",2096270533,-,RCV003445457|RCV003479521|RCV003689088,"MONDO:MONDO:0015967,MedGen:C3888631,Orphanet:183625|MedGen:CN169374|MedGen:C3661900",Monogenic diabetes|not specified|not provided,germline,germline,GRCh37,NC_000007.13,7,44184802,44184802,na,na,7p13,reviewed by expert panel,3,-,N,ClinGen:CA367396980,2,2664359,44184802,C,T,-,-,-,-,-,-,SCV004174226,-,-
2831814,single nucleotide variant,NM_000162.5(GCK):c.1331G>A (p.Gly444Asp),2645,GCK,HGNC:4195,Uncertain significance,0,"Nov 23, 2023",2096270533,-,RCV003445457|RCV003479521|RCV003689088,"MONDO:MONDO:0015967,MedGen:C3888631,Orphanet:183625|MedGen:CN169374|MedGen:C3661900",Monogenic diabetes|not specified|not provided,germline,germline,GRCh38,NC_000007.14,7,44145203,44145203,na,na,7p13,reviewed by expert panel,3,-,N,ClinGen:CA367396980,2,2664359,44145203,C,T,-,-,-,-,-,-,SCV004174226,-,-
2831815,single nucleotide variant,NM_000162.5(GCK):c.1019+1G>A,2645,GCK,HGNC:4195,Pathogenic,1,"Nov 24, 2023",2484505962,-,RCV003445458|RCV005638659,"MONDO:MONDO:0015967,MedGen:C3888631,Orphanet:183625|MedGen:C3661900",Monogenic diabetes|not provided,germline,germline,GRCh37,NC_000007.13,7,44186061,44186061,na,na,7p13,reviewed by expert panel,3,-,N,ClinGen:CA367399681,2,2664360,44186061,C,T,-,-,-,-,-,-,SCV004174228,-,-
2831815,single nucleotide variant,NM_000162.5(GCK):c.1019+1G>A,2645,GCK,HGNC:4195,Pathogenic,1,"Nov 24, 2023",2484505962,-,RCV003445458|RCV005638659,"MONDO:MONDO:0015967,MedGen:C3888631,Orphanet:183625|MedGen:C3661900",Monogenic diabetes|not provided,germline,germline,GRCh38,NC_000007.14,7,44146462,44146462,na,na,7p13,reviewed by expert panel,3,-,N,ClinGen:CA367399681,2,2664360,44146462,C,T,-,-,-,-,-,-,SCV004174228,-,-
2831816,single nucleotide variant,NM_000162.5(GCK):c.1019+1G>T,2645,GCK,HGNC:4195,Pathogenic,1,"Nov 24, 2023",2484505962,-,RCV003445459,"MONDO:MONDO:0015967,MedGen:C3888631,Orphanet:183625",Monogenic diabetes,germline,germline,GRCh37,NC_000007.13,7,44186061,44186061,na,na,7p13,reviewed by expert panel,2,-,N,ClinGen:CA367399678,2,2664361,44186061,C,A,-,-,-,-,-,-,SCV004174229,-,-
2831816,single nucleotide variant,NM_000162.5(GCK):c.1019+1G>T,2645,GCK,HGNC:4195,Pathogenic,1,"Nov 24, 2023",2484505962,-,RCV003445459,"MONDO:MONDO:0015967,MedGen:C3888631,Orphanet:183625",Monogenic diabetes,germline,germline,GRCh38,NC_000007.14,7,44146462,44146462,na,na,7p13,reviewed by expert panel,2,-,N,ClinGen:CA367399678,2,2664361,44146462,C,A,-,-,-,-,-,-,SCV004174229,-,-
2831817,single nucleotide variant,NM_000162.5(GCK):c.1019+5G>A,2645,GCK,HGNC:4195,Likely pathogenic,1,"Nov 24, 2023",2484505927,-,RCV003445460|RCV004701063,"MONDO:MONDO:0015967,MedGen:C3888631,Orphanet:183625|MedGen:C3661900",Monogenic diabetes|not provided,germline;unknown,germline,GRCh37,NC_000007.13,7,44186057,44186057,na,na,7p13,reviewed by expert panel,4,-,N,ClinGen:CA913189165,2,2664362,44186057,C,T,-,-,-,-,-,-,SCV004174230,-,-
2831817,single nucleotide variant,NM_000162.5(GCK):c.1019+5G>A,2645,GCK,HGNC:4195,Likely pathogenic,1,"Nov 24, 2023",2484505927,-,RCV003445460|RCV004701063,"MONDO:MONDO:0015967,MedGen:C3888631,Orphanet:183625|MedGen:C3661900",Monogenic diabetes|not provided,germline;unknown,germline,GRCh38,NC_000007.14,7,44146458,44146458,na,na,7p13,reviewed by expert panel,4,-,N,ClinGen:CA913189165,2,2664362,44146458,C,T,-,-,-,-,-,-,SCV004174230,-,-
2831818,Deletion,NM_000162.5(GCK):c.1298_1309del (p.Ser433_Ile436del),2645,GCK,HGNC:4195,Likely pathogenic,1,"Nov 24, 2023",2484492810,-,RCV003445461|RCV003479522,"MONDO:MONDO:0015967,MedGen:C3888631,Orphanet:183625|MedGen:CN169374",Monogenic diabetes|not specified,germline,germline,GRCh37,NC_000007.13,7,44184824,44184835,na,na,7p13,reviewed by expert panel,2,-,N,ClinGen:CA2580617739,2,2664363,44184823,GTGATCTCGCAGC,G,-,-,-,-,-,-,SCV004174231,-,-
2831818,Deletion,NM_000162.5(GCK):c.1298_1309del (p.Ser433_Ile436del),2645,GCK,HGNC:4195,Likely pathogenic,1,"Nov 24, 2023",2484492810,-,RCV003445461|RCV003479522,"MONDO:MONDO:0015967,MedGen:C3888631,Orphanet:183625|MedGen:CN169374",Monogenic diabetes|not specified,germline,germline,GRCh38,NC_000007.14,7,44145225,44145236,na,na,7p13,reviewed by expert panel,2,-,N,ClinGen:CA2580617739,2,2664363,44145224,GTGATCTCGCAGC,G,-,-,-,-,-,-,SCV004174231,-,-
2831819,single nucleotide variant,NM_000162.5(GCK):c.567C>G (p.Ile189Met),2645,GCK,HGNC:4195,Likely pathogenic,1,"Dec 02, 2023",2128821587,-,RCV003445462|RCV005414293,"MONDO:MONDO:0015967,MedGen:C3888631,Orphanet:183625|MONDO:MONDO:0007453,MedGen:C0342277,OMIM:125851,Orphanet:552",Monogenic diabetes|Maturity-onset diabetes of the young type 2,germline,germline,GRCh37,NC_000007.13,7,44189580,44189580,na,na,7p13,reviewed by expert panel,2,-,N,ClinGen:CA367401545,2,2664364,44189580,G,C,-,-,-,-,-,-,SCV004174238,-,-
2831819,single nucleotide variant,NM_000162.5(GCK):c.567C>G (p.Ile189Met),2645,GCK,HGNC:4195,Likely pathogenic,1,"Dec 02, 2023",2128821587,-,RCV003445462|RCV005414293,"MONDO:MONDO:0015967,MedGen:C3888631,Orphanet:183625|MONDO:MONDO:0007453,MedGen:C0342277,OMIM:125851,Orphanet:552",Monogenic diabetes|Maturity-onset diabetes of the young type 2,germline,germline,GRCh38,NC_000007.14,7,44149981,44149981,na,na,7p13,reviewed by expert panel,2,-,N,ClinGen:CA367401545,2,2664364,44149981,G,C,-,-,-,-,-,-,SCV004174238,-,-
2831820,single nucleotide variant,NM_000162.5(GCK):c.823C>G (p.Arg275Gly),2645,GCK,HGNC:4195,Pathogenic,1,"Jan 10, 2025",556436603,-,RCV003445463|RCV003479524,"MONDO:MONDO:0015967,MedGen:C3888631,Orphanet:183625|MedGen:CN169374",Monogenic diabetes|not specified,germline,germline,GRCh37,NC_000007.13,7,44187289,44187289,na,na,7p13,reviewed by expert panel,2,-,N,ClinGen:CA367400479,2,2664365,44187289,G,C,-,-,-,-,-,-,SCV004174240,-,-
2831820,single nucleotide variant,NM_000162.5(GCK):c.823C>G (p.Arg275Gly),2645,GCK,HGNC:4195,Pathogenic,1,"Jan 10, 2025",556436603,-,RCV003445463|RCV003479524,"MONDO:MONDO:0015967,MedGen:C3888631,Orphanet:183625|MedGen:CN169374",Monogenic diabetes|not specified,germline,germline,GRCh38,NC_000007.14,7,44147690,44147690,na,na,7p13,reviewed by expert panel,2,-,N,ClinGen:CA367400479,2,2664365,44147690,G,C,-,-,-,-,-,-,SCV004174240,-,-
2831821,single nucleotide variant,NM_000162.5(GCK):c.976A>C (p.Thr326Pro),2645,GCK,HGNC:4195,Pathogenic,1,"Dec 02, 2023",2484506435,-,RCV003445464,"MONDO:MONDO:0015967,MedGen:C3888631,Orphanet:183625",Monogenic diabetes,germline,germline,GRCh37,NC_000007.13,7,44186105,44186105,na,na,7p13,reviewed by expert panel,1,-,N,ClinGen:CA367399833,2,2664366,44186105,T,G,-,-,-,-,-,-,SCV004174243,-,-
2831821,single nucleotide variant,NM_000162.5(GCK):c.976A>C (p.Thr326Pro),2645,GCK,HGNC:4195,Pathogenic,1,"Dec 02, 2023",2484506435,-,RCV003445464,"MONDO:MONDO:0015967,MedGen:C3888631,Orphanet:183625",Monogenic diabetes,germline,germline,GRCh38,NC_000007.14,7,44146506,44146506,na,na,7p13,reviewed by expert panel,1,-,N,ClinGen:CA367399833,2,2664366,44146506,T,G,-,-,-,-,-,-,SCV004174243,-,-
2831822,single nucleotide variant,NM_000162.5(GCK):c.797T>C (p.Leu266Pro),2645,GCK,HGNC:4195,Uncertain significance,0,"Dec 02, 2023",2484513807,-,RCV003445465,"MONDO:MONDO:0015967,MedGen:C3888631,Orphanet:183625",Monogenic diabetes,germline,germline,GRCh37,NC_000007.13,7,44187315,44187315,na,na,7p13,reviewed by expert panel,1,-,N,ClinGen:CA367400539,2,2664367,44187315,A,G,-,-,-,-,-,-,SCV004174244,-,-
2831822,single nucleotide variant,NM_000162.5(GCK):c.797T>C (p.Leu266Pro),2645,GCK,HGNC:4195,Uncertain significance,0,"Dec 02, 2023",2484513807,-,RCV003445465,"MONDO:MONDO:0015967,MedGen:C3888631,Orphanet:183625",Monogenic diabetes,germline,germline,GRCh38,NC_000007.14,7,44147716,44147716,na,na,7p13,reviewed by expert panel,1,-,N,ClinGen:CA367400539,2,2664367,44147716,A,G,-,-,-,-,-,-,SCV004174244,-,-
2831823,single nucleotide variant,NM_000162.5(GCK):c.565A>G (p.Ile189Val),2645,GCK,HGNC:4195,Uncertain significance,0,"Nov 22, 2023",757978639,-,RCV003445466|RCV003479525,"MONDO:MONDO:0015967,MedGen:C3888631,Orphanet:183625|MedGen:CN169374",Monogenic diabetes|not specified,germline,germline,GRCh37,NC_000007.13,7,44189582,44189582,na,na,7p13,reviewed by expert panel,2,-,N,ClinGen:CA4239602,2,2664368,44189582,T,C,-,-,-,-,-,-,SCV004174245,-,-
2831823,single nucleotide variant,NM_000162.5(GCK):c.565A>G (p.Ile189Val),2645,GCK,HGNC:4195,Uncertain significance,0,"Nov 22, 2023",757978639,-,RCV003445466|RCV003479525,"MONDO:MONDO:0015967,MedGen:C3888631,Orphanet:183625|MedGen:CN169374",Monogenic diabetes|not specified,germline,germline,GRCh38,NC_000007.14,7,44149983,44149983,na,na,7p13,reviewed by expert panel,2,-,N,ClinGen:CA4239602,2,2664368,44149983,T,C,-,-,-,-,-,-,SCV004174245,-,-
2831824,single nucleotide variant,NM_000162.5(GCK):c.797T>A (p.Leu266Gln),2645,GCK,HGNC:4195,Uncertain significance,0,"Dec 02, 2023",2484513807,-,RCV003445467,"MONDO:MONDO:0015967,MedGen:C3888631,Orphanet:183625",Monogenic diabetes,germline,germline,GRCh37,NC_000007.13,7,44187315,44187315,na,na,7p13,reviewed by expert panel,1,-,N,ClinGen:CA367400540,2,2664369,44187315,A,T,-,-,-,-,-,-,SCV004174246,-,-
2831824,single nucleotide variant,NM_000162.5(GCK):c.797T>A (p.Leu266Gln),2645,GCK,HGNC:4195,Uncertain significance,0,"Dec 02, 2023",2484513807,-,RCV003445467,"MONDO:MONDO:0015967,MedGen:C3888631,Orphanet:183625",Monogenic diabetes,germline,germline,GRCh38,NC_000007.14,7,44147716,44147716,na,na,7p13,reviewed by expert panel,1,-,N,ClinGen:CA367400540,2,2664369,44147716,A,T,-,-,-,-,-,-,SCV004174246,-,-
2831825,single nucleotide variant,NM_000162.5(GCK):c.1133C>A (p.Ala378Asp),2645,GCK,HGNC:4195,Pathogenic,1,"Nov 22, 2023",193929374,-,RCV003445468|RCV003479526,"MONDO:MONDO:0007453,MedGen:C0342277,OMIM:125851,Orphanet:552|MONDO:MONDO:0015967,MedGen:C3888631,Orphanet:183625",Maturity-onset diabetes of the young type 2|Monogenic diabetes,germline,germline,GRCh37,NC_000007.13,7,44185216,44185216,na,na,7p13,reviewed by expert panel,2,-,N,ClinGen:CA367398804,2,2664370,44185216,G,T,-,-,-,-,-,-,SCV004174248,-,-
2831825,single nucleotide variant,NM_000162.5(GCK):c.1133C>A (p.Ala378Asp),2645,GCK,HGNC:4195,Pathogenic,1,"Nov 22, 2023",193929374,-,RCV003445468|RCV003479526,"MONDO:MONDO:0007453,MedGen:C0342277,OMIM:125851,Orphanet:552|MONDO:MONDO:0015967,MedGen:C3888631,Orphanet:183625",Maturity-onset diabetes of the young type 2|Monogenic diabetes,germline,germline,GRCh38,NC_000007.14,7,44145617,44145617,na,na,7p13,reviewed by expert panel,2,-,N,ClinGen:CA367398804,2,2664370,44145617,G,T,-,-,-,-,-,-,SCV004174248,-,-
2832102,single nucleotide variant,NM_000352.6(ABCC8):c.2162C>G (p.Ser721Trp),6833,ABCC8,HGNC:59,Uncertain significance,1,"Mar 26, 2024",1340200621,-,RCV004573113|RCV004654220,"MedGen:C3661900|MeSH:D030342,MedGen:C0950123",not provided|Inborn genetic diseases,germline;unknown,germline,GRCh37,NC_000011.9,11,17448656,17448656,na,na,11p15.1,"criteria provided, single submitter",2,-,N,-,2,2664652,17448656,G,C,-,-,-,-,-,-,SCV005152143,-,-
2832102,single nucleotide variant,NM_000352.6(ABCC8):c.2162C>G (p.Ser721Trp),6833,ABCC8,HGNC:59,Uncertain significance,1,"Mar 26, 2024",1340200621,-,RCV004573113|RCV004654220,"MedGen:C3661900|MeSH:D030342,MedGen:C0950123",not provided|Inborn genetic diseases,germline;unknown,germline,GRCh38,NC_000011.10,11,17427109,17427109,na,na,11p15.1,"criteria provided, single submitter",2,-,N,-,2,2664652,17427109,G,C,-,-,-,-,-,-,SCV005152143,-,-
2832188,single nucleotide variant,NM_000525.4(KCNJ11):c.1058A>G (p.His353Arg),3767,KCNJ11,HGNC:6257,Uncertain significance,0,"Apr 28, 2023",756762581,-,RCV003447713,"MONDO:MONDO:0011153,MedGen:C2931833,OMIM:601820,Orphanet:276580,Orphanet:276603","Hyperinsulinemic hypoglycemia, familial, 2",germline,germline,GRCh37,NC_000011.9,11,17408581,17408581,na,na,11p15.1,"criteria provided, single submitter",1,-,N,ClinGen:CA5902191,2,2664738,17408581,T,C,-,-,-,-,-,-,SCV004175379,-,-
2832188,single nucleotide variant,NM_000525.4(KCNJ11):c.1058A>G (p.His353Arg),3767,KCNJ11,HGNC:6257,Uncertain significance,0,"Apr 28, 2023",756762581,-,RCV003447713,"MONDO:MONDO:0011153,MedGen:C2931833,OMIM:601820,Orphanet:276580,Orphanet:276603","Hyperinsulinemic hypoglycemia, familial, 2",germline,germline,GRCh38,NC_000011.10,11,17387034,17387034,na,na,11p15.1,"criteria provided, single submitter",1,-,N,ClinGen:CA5902191,2,2664738,17387034,T,C,-,-,-,-,-,-,SCV004175379,-,-
2832300,single nucleotide variant,NM_000162.5(GCK):c.554T>C (p.Leu185Pro),2645,GCK,HGNC:4195,Likely pathogenic,1,"Dec 09, 2022",1583599749,-,RCV003447825,"MONDO:MONDO:0007453,MedGen:C0342277,OMIM:125851,Orphanet:552",Maturity-onset diabetes of the young type 2,germline,germline,GRCh37,NC_000007.13,7,44189593,44189593,na,na,7p13,"criteria provided, single submitter",1,-,N,ClinGen:CA367401583,2,2664850,44189593,A,G,-,-,-,-,-,-,SCV004175653,-,-
2832300,single nucleotide variant,NM_000162.5(GCK):c.554T>C (p.Leu185Pro),2645,GCK,HGNC:4195,Likely pathogenic,1,"Dec 09, 2022",1583599749,-,RCV003447825,"MONDO:MONDO:0007453,MedGen:C0342277,OMIM:125851,Orphanet:552",Maturity-onset diabetes of the young type 2,germline,germline,GRCh38,NC_000007.14,7,44149994,44149994,na,na,7p13,"criteria provided, single submitter",1,-,N,ClinGen:CA367401583,2,2664850,44149994,A,G,-,-,-,-,-,-,SCV004175653,-,-
2832614,single nucleotide variant,NM_000352.6(ABCC8):c.1672-473T>G,6833,ABCC8,HGNC:59,Uncertain significance,0,"Jun 14, 2023",778678067,-,RCV003448594,"MONDO:MONDO:0009734,MedGen:C2931832,OMIM:256450,Orphanet:276575,Orphanet:276598","Hyperinsulinemic hypoglycemia, familial, 1",germline,germline,GRCh37,NC_000011.9,11,17452979,17452979,na,na,11p15.1,"criteria provided, single submitter",1,-,N,ClinGen:CA218443022,2,2665044,17452979,A,C,-,-,-,-,-,-,SCV004176115,-,-
2832614,single nucleotide variant,NM_000352.6(ABCC8):c.1672-473T>G,6833,ABCC8,HGNC:59,Uncertain significance,0,"Jun 14, 2023",778678067,-,RCV003448594,"MONDO:MONDO:0009734,MedGen:C2931832,OMIM:256450,Orphanet:276575,Orphanet:276598","Hyperinsulinemic hypoglycemia, familial, 1",germline,germline,GRCh38,NC_000011.10,11,17431432,17431432,na,na,11p15.1,"criteria provided, single submitter",1,-,N,ClinGen:CA218443022,2,2665044,17431432,A,C,-,-,-,-,-,-,SCV004176115,-,-
2832688,Deletion,NM_000352.6(ABCC8):c.3231del (p.Cys1078fs),6833,ABCC8,HGNC:59,Likely pathogenic,1,"Sep 11, 2023",2496527659,-,RCV003470014,"Human Phenotype Ontology:HP:0005965,Human Phenotype Ontology:HP:0005978,Human Phenotype Ontology:HP:0100652,MONDO:MONDO:0005148,MeSH:D003924,MedGen:C0011860,OMIM:125853",Type 2 diabetes mellitus,unknown,unknown,GRCh37,NC_000011.9,11,17428267,17428267,na,na,11p15.1,"criteria provided, single submitter",1,-,N,ClinGen:CA2695201089,2,2676391,17428266,AC,A,-,-,-,-,-,-,SCV004191272,-,-
2832688,Deletion,NM_000352.6(ABCC8):c.3231del (p.Cys1078fs),6833,ABCC8,HGNC:59,Likely pathogenic,1,"Sep 11, 2023",2496527659,-,RCV003470014,"Human Phenotype Ontology:HP:0005965,Human Phenotype Ontology:HP:0005978,Human Phenotype Ontology:HP:0100652,MONDO:MONDO:0005148,MeSH:D003924,MedGen:C0011860,OMIM:125853",Type 2 diabetes mellitus,unknown,unknown,GRCh38,NC_000011.10,11,17406720,17406720,na,na,11p15.1,"criteria provided, single submitter",1,-,N,ClinGen:CA2695201089,2,2676391,17406719,AC,A,-,-,-,-,-,-,SCV004191272,-,-
2832736,single nucleotide variant,NM_000352.6(ABCC8):c.1817+1G>A,6833,ABCC8,HGNC:59,Likely pathogenic,1,"Sep 09, 2023",1554926476,-,RCV003470049,"Human Phenotype Ontology:HP:0005965,Human Phenotype Ontology:HP:0005978,Human Phenotype Ontology:HP:0100652,MONDO:MONDO:0005148,MeSH:D003924,MedGen:C0011860,OMIM:125853",Type 2 diabetes mellitus,unknown,unknown,GRCh37,NC_000011.9,11,17452360,17452360,na,na,11p15.1,"criteria provided, single submitter",1,-,N,ClinGen:CA379816859,2,2676438,17452360,C,T,-,-,-,-,-,-,SCV004191914,-,-
2832736,single nucleotide variant,NM_000352.6(ABCC8):c.1817+1G>A,6833,ABCC8,HGNC:59,Likely pathogenic,1,"Sep 09, 2023",1554926476,-,RCV003470049,"Human Phenotype Ontology:HP:0005965,Human Phenotype Ontology:HP:0005978,Human Phenotype Ontology:HP:0100652,MONDO:MONDO:0005148,MeSH:D003924,MedGen:C0011860,OMIM:125853",Type 2 diabetes mellitus,unknown,unknown,GRCh38,NC_000011.10,11,17430813,17430813,na,na,11p15.1,"criteria provided, single submitter",1,-,N,ClinGen:CA379816859,2,2676438,17430813,C,T,-,-,-,-,-,-,SCV004191914,-,-
2832830,single nucleotide variant,NM_000352.6(ABCC8):c.2654T>A (p.Leu885Ter),6833,ABCC8,HGNC:59,Likely pathogenic,1,"Sep 06, 2023",2496557533,-,RCV003470113,"Human Phenotype Ontology:HP:0005965,Human Phenotype Ontology:HP:0005978,Human Phenotype Ontology:HP:0100652,MONDO:MONDO:0005148,MeSH:D003924,MedGen:C0011860,OMIM:125853",Type 2 diabetes mellitus,unknown,unknown,GRCh37,NC_000011.9,11,17432103,17432103,na,na,11p15.1,"criteria provided, single submitter",1,-,N,ClinGen:CA379806155,2,2676532,17432103,A,T,-,-,-,-,-,-,SCV004192594,-,-
2832830,single nucleotide variant,NM_000352.6(ABCC8):c.2654T>A (p.Leu885Ter),6833,ABCC8,HGNC:59,Likely pathogenic,1,"Sep 06, 2023",2496557533,-,RCV003470113,"Human Phenotype Ontology:HP:0005965,Human Phenotype Ontology:HP:0005978,Human Phenotype Ontology:HP:0100652,MONDO:MONDO:0005148,MeSH:D003924,MedGen:C0011860,OMIM:125853",Type 2 diabetes mellitus,unknown,unknown,GRCh38,NC_000011.10,11,17410556,17410556,na,na,11p15.1,"criteria provided, single submitter",1,-,N,ClinGen:CA379806155,2,2676532,17410556,A,T,-,-,-,-,-,-,SCV004192594,-,-
2832888,Deletion,NM_000352.6(ABCC8):c.619_629del (p.Pro207fs),6833,ABCC8,HGNC:59,Pathogenic,1,"Sep 04, 2023",2496854288,-,RCV003470122,"Human Phenotype Ontology:HP:0005965,Human Phenotype Ontology:HP:0005978,Human Phenotype Ontology:HP:0100652,MONDO:MONDO:0005148,MeSH:D003924,MedGen:C0011860,OMIM:125853",Type 2 diabetes mellitus,unknown,unknown,GRCh37,NC_000011.9,11,17483323,17483333,na,na,11p15.1,"criteria provided, single submitter",1,-,N,ClinGen:CA2695201100,2,2676590,17483322,CAGGTCCTCGGG,C,-,-,-,-,-,-,SCV004192994,-,-
2832888,Deletion,NM_000352.6(ABCC8):c.619_629del (p.Pro207fs),6833,ABCC8,HGNC:59,Pathogenic,1,"Sep 04, 2023",2496854288,-,RCV003470122,"Human Phenotype Ontology:HP:0005965,Human Phenotype Ontology:HP:0005978,Human Phenotype Ontology:HP:0100652,MONDO:MONDO:0005148,MeSH:D003924,MedGen:C0011860,OMIM:125853",Type 2 diabetes mellitus,unknown,unknown,GRCh38,NC_000011.10,11,17461776,17461786,na,na,11p15.1,"criteria provided, single submitter",1,-,N,ClinGen:CA2695201100,2,2676590,17461775,CAGGTCCTCGGG,C,-,-,-,-,-,-,SCV004192994,-,-
2832900,Microsatellite,NM_000352.6(ABCC8):c.3827_3828del (p.Ser1276fs),6833,ABCC8,HGNC:59,Pathogenic/Likely pathogenic,1,"Mar 12, 2024",2496469826,-,RCV003470133|RCV003565676|RCV004719332,"Human Phenotype Ontology:HP:0005965,Human Phenotype Ontology:HP:0005978,Human Phenotype Ontology:HP:0100652,MONDO:MONDO:0005148,MeSH:D003924,MedGen:C0011860,OMIM:125853|MedGen:C3661900|MONDO:MONDO:0009734,MedGen:C2931832,OMIM:256450,Orphanet:276575,Orphanet:276598","Type 2 diabetes mellitus|not provided|Hyperinsulinemic hypoglycemia, familial, 1",germline;unknown,germline,GRCh37,NC_000011.9,11,17419270,17419271,na,na,11p15.1,"criteria provided, multiple submitters, no conflicts",3,-,N,ClinGen:CA2574767942,2,2676601,17419269,CAG,C,-,-,-,-,-,-,SCV004193105|SCV004326415|SCV005326328,-,-
2832900,Microsatellite,NM_000352.6(ABCC8):c.3827_3828del (p.Ser1276fs),6833,ABCC8,HGNC:59,Pathogenic/Likely pathogenic,1,"Mar 12, 2024",2496469826,-,RCV003470133|RCV003565676|RCV004719332,"Human Phenotype Ontology:HP:0005965,Human Phenotype Ontology:HP:0005978,Human Phenotype Ontology:HP:0100652,MONDO:MONDO:0005148,MeSH:D003924,MedGen:C0011860,OMIM:125853|MedGen:C3661900|MONDO:MONDO:0009734,MedGen:C2931832,OMIM:256450,Orphanet:276575,Orphanet:276598","Type 2 diabetes mellitus|not provided|Hyperinsulinemic hypoglycemia, familial, 1",germline;unknown,germline,GRCh38,NC_000011.10,11,17397723,17397724,na,na,11p15.1,"criteria provided, multiple submitters, no conflicts",3,-,N,ClinGen:CA2574767942,2,2676601,17397722,CAG,C,-,-,-,-,-,-,SCV004193105|SCV004326415|SCV005326328,-,-
2833210,Deletion,NM_000352.6(ABCC8):c.2388del (p.Gln796fs),6833,ABCC8,HGNC:59,Likely pathogenic,1,"Feb 04, 2023",2496586530,-,RCV003472539,"Human Phenotype Ontology:HP:0005965,Human Phenotype Ontology:HP:0005978,Human Phenotype Ontology:HP:0100652,MONDO:MONDO:0005148,MeSH:D003924,MedGen:C0011860,OMIM:125853",Type 2 diabetes mellitus,unknown,unknown,GRCh37,NC_000011.9,11,17436061,17436061,na,na,11p15.1,"criteria provided, single submitter",1,-,N,ClinGen:CA2695201096,2,2678187,17436060,GT,G,-,-,-,-,-,-,SCV004200407,-,-
2833210,Deletion,NM_000352.6(ABCC8):c.2388del (p.Gln796fs),6833,ABCC8,HGNC:59,Likely pathogenic,1,"Feb 04, 2023",2496586530,-,RCV003472539,"Human Phenotype Ontology:HP:0005965,Human Phenotype Ontology:HP:0005978,Human Phenotype Ontology:HP:0100652,MONDO:MONDO:0005148,MeSH:D003924,MedGen:C0011860,OMIM:125853",Type 2 diabetes mellitus,unknown,unknown,GRCh38,NC_000011.10,11,17414514,17414514,na,na,11p15.1,"criteria provided, single submitter",1,-,N,ClinGen:CA2695201096,2,2678187,17414513,GT,G,-,-,-,-,-,-,SCV004200407,-,-
2833230,Deletion,NM_000352.6(ABCC8):c.3804del (p.Asn1269fs),6833,ABCC8,HGNC:59,Likely pathogenic,1,"Feb 02, 2023",2496470052,-,RCV003472559,"Human Phenotype Ontology:HP:0005965,Human Phenotype Ontology:HP:0005978,Human Phenotype Ontology:HP:0100652,MONDO:MONDO:0005148,MeSH:D003924,MedGen:C0011860,OMIM:125853",Type 2 diabetes mellitus,unknown,unknown,GRCh37,NC_000011.9,11,17419294,17419294,na,na,11p15.1,"criteria provided, single submitter",1,-,N,ClinGen:CA2612644393,2,2678207,17419293,TG,T,-,-,-,-,-,-,SCV004200518,-,-
2833230,Deletion,NM_000352.6(ABCC8):c.3804del (p.Asn1269fs),6833,ABCC8,HGNC:59,Likely pathogenic,1,"Feb 02, 2023",2496470052,-,RCV003472559,"Human Phenotype Ontology:HP:0005965,Human Phenotype Ontology:HP:0005978,Human Phenotype Ontology:HP:0100652,MONDO:MONDO:0005148,MeSH:D003924,MedGen:C0011860,OMIM:125853",Type 2 diabetes mellitus,unknown,unknown,GRCh38,NC_000011.10,11,17397747,17397747,na,na,11p15.1,"criteria provided, single submitter",1,-,N,ClinGen:CA2612644393,2,2678207,17397746,TG,T,-,-,-,-,-,-,SCV004200518,-,-
2833264,single nucleotide variant,NM_000352.6(ABCC8):c.160C>T (p.Gln54Ter),6833,ABCC8,HGNC:59,Pathogenic,1,"Jan 23, 2023",2496919542,-,RCV003463460,"Human Phenotype Ontology:HP:0005965,Human Phenotype Ontology:HP:0005978,Human Phenotype Ontology:HP:0100652,MONDO:MONDO:0005148,MeSH:D003924,MedGen:C0011860,OMIM:125853",Type 2 diabetes mellitus,unknown,unknown,GRCh37,NC_000011.9,11,17496563,17496563,na,na,11p15.1,"criteria provided, single submitter",1,-,N,ClinGen:CA379788626,2,2678241,17496563,G,A,-,-,-,-,-,-,SCV004206140,-,-
2833264,single nucleotide variant,NM_000352.6(ABCC8):c.160C>T (p.Gln54Ter),6833,ABCC8,HGNC:59,Pathogenic,1,"Jan 23, 2023",2496919542,-,RCV003463460,"Human Phenotype Ontology:HP:0005965,Human Phenotype Ontology:HP:0005978,Human Phenotype Ontology:HP:0100652,MONDO:MONDO:0005148,MeSH:D003924,MedGen:C0011860,OMIM:125853",Type 2 diabetes mellitus,unknown,unknown,GRCh38,NC_000011.10,11,17475016,17475016,na,na,11p15.1,"criteria provided, single submitter",1,-,N,ClinGen:CA379788626,2,2678241,17475016,G,A,-,-,-,-,-,-,SCV004206140,-,-
2833403,single nucleotide variant,NM_000352.6(ABCC8):c.3162+2T>A,6833,ABCC8,HGNC:59,Likely pathogenic,1,"Jan 01, 2023",2496529464,-,RCV003471849,"Human Phenotype Ontology:HP:0005965,Human Phenotype Ontology:HP:0005978,Human Phenotype Ontology:HP:0100652,MONDO:MONDO:0005148,MeSH:D003924,MedGen:C0011860,OMIM:125853",Type 2 diabetes mellitus,unknown,unknown,GRCh37,NC_000011.9,11,17428433,17428433,na,na,11p15.1,"criteria provided, single submitter",1,-,N,ClinGen:CA379803059,2,2678380,17428433,A,T,-,-,-,-,-,-,SCV004209080,-,-
2833403,single nucleotide variant,NM_000352.6(ABCC8):c.3162+2T>A,6833,ABCC8,HGNC:59,Likely pathogenic,1,"Jan 01, 2023",2496529464,-,RCV003471849,"Human Phenotype Ontology:HP:0005965,Human Phenotype Ontology:HP:0005978,Human Phenotype Ontology:HP:0100652,MONDO:MONDO:0005148,MeSH:D003924,MedGen:C0011860,OMIM:125853",Type 2 diabetes mellitus,unknown,unknown,GRCh38,NC_000011.10,11,17406886,17406886,na,na,11p15.1,"criteria provided, single submitter",1,-,N,ClinGen:CA379803059,2,2678380,17406886,A,T,-,-,-,-,-,-,SCV004209080,-,-
2833513,Deletion,NM_000352.6(ABCC8):c.3941_3966del (p.Ile1314fs),6833,ABCC8,HGNC:59,Likely pathogenic,1,"Dec 19, 2022",2496464688,-,RCV003466300,"Human Phenotype Ontology:HP:0005965,Human Phenotype Ontology:HP:0005978,Human Phenotype Ontology:HP:0100652,MONDO:MONDO:0005148,MeSH:D003924,MedGen:C0011860,OMIM:125853",Type 2 diabetes mellitus,unknown,unknown,GRCh37,NC_000011.9,11,17418762,17418787,na,na,11p15.1,"criteria provided, single submitter",1,-,N,ClinGen:CA2695201092,2,2678490,17418761,CTGCCTCGGTTTTCAGGAGCCCATGGA,C,-,-,-,-,-,-,SCV004209836,-,-
2833513,Deletion,NM_000352.6(ABCC8):c.3941_3966del (p.Ile1314fs),6833,ABCC8,HGNC:59,Likely pathogenic,1,"Dec 19, 2022",2496464688,-,RCV003466300,"Human Phenotype Ontology:HP:0005965,Human Phenotype Ontology:HP:0005978,Human Phenotype Ontology:HP:0100652,MONDO:MONDO:0005148,MeSH:D003924,MedGen:C0011860,OMIM:125853",Type 2 diabetes mellitus,unknown,unknown,GRCh38,NC_000011.10,11,17397215,17397240,na,na,11p15.1,"criteria provided, single submitter",1,-,N,ClinGen:CA2695201092,2,2678490,17397214,CTGCCTCGGTTTTCAGGAGCCCATGGA,C,-,-,-,-,-,-,SCV004209836,-,-
2834624,Duplication,NM_000525.4(KCNJ11):c.993dup (p.Lys332fs),3767,KCNJ11,HGNC:6257,Likely pathogenic,1,"Sep 19, 2023",2496407839,-,RCV003461768,"Human Phenotype Ontology:HP:0005965,Human Phenotype Ontology:HP:0005978,Human Phenotype Ontology:HP:0100652,MONDO:MONDO:0005148,MeSH:D003924,MedGen:C0011860,OMIM:125853",Type 2 diabetes mellitus,unknown,unknown,GRCh37,NC_000011.9,11,17408645,17408646,na,na,11p15.1,"criteria provided, single submitter",1,-,N,ClinGen:CA2695201082,2,2676203,17408645,T,TG,-,-,-,-,-,-,SCV004198052,-,-
2834624,Duplication,NM_000525.4(KCNJ11):c.993dup (p.Lys332fs),3767,KCNJ11,HGNC:6257,Likely pathogenic,1,"Sep 19, 2023",2496407839,-,RCV003461768,"Human Phenotype Ontology:HP:0005965,Human Phenotype Ontology:HP:0005978,Human Phenotype Ontology:HP:0100652,MONDO:MONDO:0005148,MeSH:D003924,MedGen:C0011860,OMIM:125853",Type 2 diabetes mellitus,unknown,unknown,GRCh38,NC_000011.10,11,17387098,17387099,na,na,11p15.1,"criteria provided, single submitter",1,-,N,ClinGen:CA2695201082,2,2676203,17387098,T,TG,-,-,-,-,-,-,SCV004198052,-,-
2834625,Deletion,NM_000525.4(KCNJ11):c.639del (p.Thr214fs),3767,KCNJ11,HGNC:6257,Likely pathogenic,1,"Nov 11, 2023",2496409870,-,RCV003461769,"Human Phenotype Ontology:HP:0005965,Human Phenotype Ontology:HP:0005978,Human Phenotype Ontology:HP:0100652,MONDO:MONDO:0005148,MeSH:D003924,MedGen:C0011860,OMIM:125853",Type 2 diabetes mellitus,unknown,unknown,GRCh37,NC_000011.9,11,17409000,17409000,na,na,11p15.1,"criteria provided, single submitter",1,-,N,ClinGen:CA2695201081,2,2676204,17408999,TG,T,-,-,-,-,-,-,SCV004198054,-,-
2834625,Deletion,NM_000525.4(KCNJ11):c.639del (p.Thr214fs),3767,KCNJ11,HGNC:6257,Likely pathogenic,1,"Nov 11, 2023",2496409870,-,RCV003461769,"Human Phenotype Ontology:HP:0005965,Human Phenotype Ontology:HP:0005978,Human Phenotype Ontology:HP:0100652,MONDO:MONDO:0005148,MeSH:D003924,MedGen:C0011860,OMIM:125853",Type 2 diabetes mellitus,unknown,unknown,GRCh38,NC_000011.10,11,17387453,17387453,na,na,11p15.1,"criteria provided, single submitter",1,-,N,ClinGen:CA2695201081,2,2676204,17387452,TG,T,-,-,-,-,-,-,SCV004198054,-,-
2834626,single nucleotide variant,NM_000525.4(KCNJ11):c.286G>A (p.Ala96Thr),3767,KCNJ11,HGNC:6257,Conflicting classifications of pathogenicity,1,"Nov 24, 2025",766658650,-,RCV003461770|RCV005422319,"Human Phenotype Ontology:HP:0005965,Human Phenotype Ontology:HP:0005978,Human Phenotype Ontology:HP:0100652,MONDO:MONDO:0005148,MeSH:D003924,MedGen:C0011860,OMIM:125853|MedGen:C3661900",Type 2 diabetes mellitus|not provided,germline;unknown,germline,GRCh37,NC_000011.9,11,17409353,17409353,na,na,11p15.1,"criteria provided, conflicting classifications",3,-,N,ClinGen:CA5902312,2,2676205,17409353,C,T,-,-,-,-,-,-,SCV004198057|SCV006088088|SCV007374502,-,-
2834626,single nucleotide variant,NM_000525.4(KCNJ11):c.286G>A (p.Ala96Thr),3767,KCNJ11,HGNC:6257,Conflicting classifications of pathogenicity,1,"Nov 24, 2025",766658650,-,RCV003461770|RCV005422319,"Human Phenotype Ontology:HP:0005965,Human Phenotype Ontology:HP:0005978,Human Phenotype Ontology:HP:0100652,MONDO:MONDO:0005148,MeSH:D003924,MedGen:C0011860,OMIM:125853|MedGen:C3661900",Type 2 diabetes mellitus|not provided,germline;unknown,germline,GRCh38,NC_000011.10,11,17387806,17387806,na,na,11p15.1,"criteria provided, conflicting classifications",3,-,N,ClinGen:CA5902312,2,2676205,17387806,C,T,-,-,-,-,-,-,SCV004198057|SCV006088088|SCV007374502,-,-
2834627,Deletion,NM_000525.4(KCNJ11):c.399del (p.Phe133fs),3767,KCNJ11,HGNC:6257,Likely pathogenic,1,"Jun 08, 2023",2496410962,-,RCV003469879,"Human Phenotype Ontology:HP:0005965,Human Phenotype Ontology:HP:0005978,Human Phenotype Ontology:HP:0100652,MONDO:MONDO:0005148,MeSH:D003924,MedGen:C0011860,OMIM:125853",Type 2 diabetes mellitus,unknown,unknown,GRCh37,NC_000011.9,11,17409240,17409240,na,na,11p15.1,"criteria provided, single submitter",1,-,N,ClinGen:CA2695201086,2,2676206,17409239,CA,C,-,-,-,-,-,-,SCV004198062,-,-
2834627,Deletion,NM_000525.4(KCNJ11):c.399del (p.Phe133fs),3767,KCNJ11,HGNC:6257,Likely pathogenic,1,"Jun 08, 2023",2496410962,-,RCV003469879,"Human Phenotype Ontology:HP:0005965,Human Phenotype Ontology:HP:0005978,Human Phenotype Ontology:HP:0100652,MONDO:MONDO:0005148,MeSH:D003924,MedGen:C0011860,OMIM:125853",Type 2 diabetes mellitus,unknown,unknown,GRCh38,NC_000011.10,11,17387693,17387693,na,na,11p15.1,"criteria provided, single submitter",1,-,N,ClinGen:CA2695201086,2,2676206,17387692,CA,C,-,-,-,-,-,-,SCV004198062,-,-
2834628,Deletion,NM_000525.4(KCNJ11):c.816_829del (p.Ser273fs),3767,KCNJ11,HGNC:6257,Likely pathogenic,1,"Jun 01, 2023",2496408893,-,RCV003461771,"Human Phenotype Ontology:HP:0005965,Human Phenotype Ontology:HP:0005978,Human Phenotype Ontology:HP:0100652,MONDO:MONDO:0005148,MeSH:D003924,MedGen:C0011860,OMIM:125853",Type 2 diabetes mellitus,unknown,unknown,GRCh37,NC_000011.9,11,17408810,17408823,na,na,11p15.1,"criteria provided, single submitter",1,-,N,ClinGen:CA2612638664,2,2676207,17408809,TGGTGCAGGTCGCTG,T,-,-,-,-,-,-,SCV004198063,-,-
2834628,Deletion,NM_000525.4(KCNJ11):c.816_829del (p.Ser273fs),3767,KCNJ11,HGNC:6257,Likely pathogenic,1,"Jun 01, 2023",2496408893,-,RCV003461771,"Human Phenotype Ontology:HP:0005965,Human Phenotype Ontology:HP:0005978,Human Phenotype Ontology:HP:0100652,MONDO:MONDO:0005148,MeSH:D003924,MedGen:C0011860,OMIM:125853",Type 2 diabetes mellitus,unknown,unknown,GRCh38,NC_000011.10,11,17387263,17387276,na,na,11p15.1,"criteria provided, single submitter",1,-,N,ClinGen:CA2612638664,2,2676207,17387262,TGGTGCAGGTCGCTG,T,-,-,-,-,-,-,SCV004198063,-,-
2834629,single nucleotide variant,NM_000525.4(KCNJ11):c.270G>A (p.Trp90Ter),3767,KCNJ11,HGNC:6257,Likely pathogenic,1,"Feb 28, 2023",2496411567,-,RCV003461772,"Human Phenotype Ontology:HP:0005965,Human Phenotype Ontology:HP:0005978,Human Phenotype Ontology:HP:0100652,MONDO:MONDO:0005148,MeSH:D003924,MedGen:C0011860,OMIM:125853",Type 2 diabetes mellitus,unknown,unknown,GRCh37,NC_000011.9,11,17409369,17409369,na,na,11p15.1,"criteria provided, single submitter",1,-,N,ClinGen:CA379774942,2,2676208,17409369,C,T,-,-,-,-,-,-,SCV004198069,-,-
2834629,single nucleotide variant,NM_000525.4(KCNJ11):c.270G>A (p.Trp90Ter),3767,KCNJ11,HGNC:6257,Likely pathogenic,1,"Feb 28, 2023",2496411567,-,RCV003461772,"Human Phenotype Ontology:HP:0005965,Human Phenotype Ontology:HP:0005978,Human Phenotype Ontology:HP:0100652,MONDO:MONDO:0005148,MeSH:D003924,MedGen:C0011860,OMIM:125853",Type 2 diabetes mellitus,unknown,unknown,GRCh38,NC_000011.10,11,17387822,17387822,na,na,11p15.1,"criteria provided, single submitter",1,-,N,ClinGen:CA379774942,2,2676208,17387822,C,T,-,-,-,-,-,-,SCV004198069,-,-
2834630,Deletion,NM_000525.4(KCNJ11):c.991_992del (p.Ser331fs),3767,KCNJ11,HGNC:6257,Likely pathogenic,1,"Jul 14, 2022",2496407871,-,RCV003469880,"Human Phenotype Ontology:HP:0005965,Human Phenotype Ontology:HP:0005978,Human Phenotype Ontology:HP:0100652,MONDO:MONDO:0005148,MeSH:D003924,MedGen:C0011860,OMIM:125853",Type 2 diabetes mellitus,unknown,unknown,GRCh37,NC_000011.9,11,17408647,17408648,na,na,11p15.1,"criteria provided, single submitter",1,-,N,ClinGen:CA2695201083,2,2676209,17408646,GGA,G,-,-,-,-,-,-,SCV004198073,-,-
2834630,Deletion,NM_000525.4(KCNJ11):c.991_992del (p.Ser331fs),3767,KCNJ11,HGNC:6257,Likely pathogenic,1,"Jul 14, 2022",2496407871,-,RCV003469880,"Human Phenotype Ontology:HP:0005965,Human Phenotype Ontology:HP:0005978,Human Phenotype Ontology:HP:0100652,MONDO:MONDO:0005148,MeSH:D003924,MedGen:C0011860,OMIM:125853",Type 2 diabetes mellitus,unknown,unknown,GRCh38,NC_000011.10,11,17387100,17387101,na,na,11p15.1,"criteria provided, single submitter",1,-,N,ClinGen:CA2695201083,2,2676209,17387099,GGA,G,-,-,-,-,-,-,SCV004198073,-,-
2834631,single nucleotide variant,NM_000525.4(KCNJ11):c.844G>T (p.Glu282Ter),3767,KCNJ11,HGNC:6257,Likely pathogenic,1,"May 11, 2022",267607196,-,RCV003461773,"Human Phenotype Ontology:HP:0005965,Human Phenotype Ontology:HP:0005978,Human Phenotype Ontology:HP:0100652,MONDO:MONDO:0005148,MeSH:D003924,MedGen:C0011860,OMIM:125853",Type 2 diabetes mellitus,unknown,unknown,GRCh37,NC_000011.9,11,17408795,17408795,na,na,11p15.1,"criteria provided, single submitter",1,-,N,ClinGen:CA379770326,2,2676210,17408795,C,A,-,-,-,-,-,-,SCV004198074,-,-
2834631,single nucleotide variant,NM_000525.4(KCNJ11):c.844G>T (p.Glu282Ter),3767,KCNJ11,HGNC:6257,Likely pathogenic,1,"May 11, 2022",267607196,-,RCV003461773,"Human Phenotype Ontology:HP:0005965,Human Phenotype Ontology:HP:0005978,Human Phenotype Ontology:HP:0100652,MONDO:MONDO:0005148,MeSH:D003924,MedGen:C0011860,OMIM:125853",Type 2 diabetes mellitus,unknown,unknown,GRCh38,NC_000011.10,11,17387248,17387248,na,na,11p15.1,"criteria provided, single submitter",1,-,N,ClinGen:CA379770326,2,2676210,17387248,C,A,-,-,-,-,-,-,SCV004198074,-,-
2834632,Duplication,NM_000525.4(KCNJ11):c.491_494dup (p.Cys166fs),3767,KCNJ11,HGNC:6257,Likely pathogenic,1,"Apr 18, 2022",2496410564,-,RCV003461774,"Human Phenotype Ontology:HP:0005965,Human Phenotype Ontology:HP:0005978,Human Phenotype Ontology:HP:0100652,MONDO:MONDO:0005148,MeSH:D003924,MedGen:C0011860,OMIM:125853",Type 2 diabetes mellitus,unknown,unknown,GRCh37,NC_000011.9,11,17409144,17409145,na,na,11p15.1,"criteria provided, single submitter",1,-,N,ClinGen:CA2695201084,2,2676211,17409144,G,GCCAA,-,-,-,-,-,-,SCV004198075,-,-
2834632,Duplication,NM_000525.4(KCNJ11):c.491_494dup (p.Cys166fs),3767,KCNJ11,HGNC:6257,Likely pathogenic,1,"Apr 18, 2022",2496410564,-,RCV003461774,"Human Phenotype Ontology:HP:0005965,Human Phenotype Ontology:HP:0005978,Human Phenotype Ontology:HP:0100652,MONDO:MONDO:0005148,MeSH:D003924,MedGen:C0011860,OMIM:125853",Type 2 diabetes mellitus,unknown,unknown,GRCh38,NC_000011.10,11,17387597,17387598,na,na,11p15.1,"criteria provided, single submitter",1,-,N,ClinGen:CA2695201084,2,2676211,17387597,G,GCCAA,-,-,-,-,-,-,SCV004198075,-,-
2834913,Deletion,NM_000352.6(ABCC8):c.3336del (p.Phe1112fs),6833,ABCC8,HGNC:59,Likely pathogenic,1,"Mar 30, 2023",2496519759,-,RCV003472452,"Human Phenotype Ontology:HP:0005965,Human Phenotype Ontology:HP:0005978,Human Phenotype Ontology:HP:0100652,MONDO:MONDO:0005148,MeSH:D003924,MedGen:C0011860,OMIM:125853",Type 2 diabetes mellitus,unknown,unknown,GRCh37,NC_000011.9,11,17427104,17427104,na,na,11p15.1,"criteria provided, single submitter",1,-,N,ClinGen:CA2695201087,2,2677767,17427103,CA,C,-,-,-,-,-,-,SCV004204035,-,-
2834913,Deletion,NM_000352.6(ABCC8):c.3336del (p.Phe1112fs),6833,ABCC8,HGNC:59,Likely pathogenic,1,"Mar 30, 2023",2496519759,-,RCV003472452,"Human Phenotype Ontology:HP:0005965,Human Phenotype Ontology:HP:0005978,Human Phenotype Ontology:HP:0100652,MONDO:MONDO:0005148,MeSH:D003924,MedGen:C0011860,OMIM:125853",Type 2 diabetes mellitus,unknown,unknown,GRCh38,NC_000011.10,11,17405557,17405557,na,na,11p15.1,"criteria provided, single submitter",1,-,N,ClinGen:CA2695201087,2,2677767,17405556,CA,C,-,-,-,-,-,-,SCV004204035,-,-
2835010,single nucleotide variant,NM_000352.6(ABCC8):c.2040+1G>A,6833,ABCC8,HGNC:59,Likely pathogenic,1,"Feb 05, 2024",780950595,-,RCV003471690,"Human Phenotype Ontology:HP:0005965,Human Phenotype Ontology:HP:0005978,Human Phenotype Ontology:HP:0100652,MONDO:MONDO:0005148,MeSH:D003924,MedGen:C0011860,OMIM:125853",Type 2 diabetes mellitus,unknown,unknown,GRCh37,NC_000011.9,11,17449835,17449835,na,na,11p15.1,"criteria provided, single submitter",1,-,N,ClinGen:CA379815034,2,2677865,17449835,C,T,-,-,-,-,-,-,SCV004204785,-,-
2835010,single nucleotide variant,NM_000352.6(ABCC8):c.2040+1G>A,6833,ABCC8,HGNC:59,Likely pathogenic,1,"Feb 05, 2024",780950595,-,RCV003471690,"Human Phenotype Ontology:HP:0005965,Human Phenotype Ontology:HP:0005978,Human Phenotype Ontology:HP:0100652,MONDO:MONDO:0005148,MeSH:D003924,MedGen:C0011860,OMIM:125853",Type 2 diabetes mellitus,unknown,unknown,GRCh38,NC_000011.10,11,17428288,17428288,na,na,11p15.1,"criteria provided, single submitter",1,-,N,ClinGen:CA379815034,2,2677865,17428288,C,T,-,-,-,-,-,-,SCV004204785,-,-
2835063,Deletion,NM_000352.6(ABCC8):c.3302del (p.Leu1101fs),6833,ABCC8,HGNC:59,Likely pathogenic,1,"Mar 18, 2023",2496526832,-,RCV003463322,"Human Phenotype Ontology:HP:0005965,Human Phenotype Ontology:HP:0005978,Human Phenotype Ontology:HP:0100652,MONDO:MONDO:0005148,MeSH:D003924,MedGen:C0011860,OMIM:125853",Type 2 diabetes mellitus,unknown,unknown,GRCh37,NC_000011.9,11,17428196,17428196,na,na,11p15.1,"criteria provided, single submitter",1,-,N,ClinGen:CA2695201088,2,2677918,17428195,TA,T,-,-,-,-,-,-,SCV004207791,-,-
2835063,Deletion,NM_000352.6(ABCC8):c.3302del (p.Leu1101fs),6833,ABCC8,HGNC:59,Likely pathogenic,1,"Mar 18, 2023",2496526832,-,RCV003463322,"Human Phenotype Ontology:HP:0005965,Human Phenotype Ontology:HP:0005978,Human Phenotype Ontology:HP:0100652,MONDO:MONDO:0005148,MeSH:D003924,MedGen:C0011860,OMIM:125853",Type 2 diabetes mellitus,unknown,unknown,GRCh38,NC_000011.10,11,17406649,17406649,na,na,11p15.1,"criteria provided, single submitter",1,-,N,ClinGen:CA2695201088,2,2677918,17406648,TA,T,-,-,-,-,-,-,SCV004207791,-,-
2835079,Indel,NM_000352.6(ABCC8):c.857_859delinsGCAT (p.Ala286fs),6833,ABCC8,HGNC:59,Likely pathogenic,1,"Mar 13, 2023",2496845416,-,RCV003472476,"Human Phenotype Ontology:HP:0005965,Human Phenotype Ontology:HP:0005978,Human Phenotype Ontology:HP:0100652,MONDO:MONDO:0005148,MeSH:D003924,MedGen:C0011860,OMIM:125853",Type 2 diabetes mellitus,unknown,unknown,GRCh37,NC_000011.9,11,17482187,17482189,na,na,11p15.1,"criteria provided, single submitter",1,-,N,ClinGen:CA2695201098,2,2677934,17482187,TGG,ATGC,-,-,-,-,-,-,SCV004203507,-,-
2835079,Indel,NM_000352.6(ABCC8):c.857_859delinsGCAT (p.Ala286fs),6833,ABCC8,HGNC:59,Likely pathogenic,1,"Mar 13, 2023",2496845416,-,RCV003472476,"Human Phenotype Ontology:HP:0005965,Human Phenotype Ontology:HP:0005978,Human Phenotype Ontology:HP:0100652,MONDO:MONDO:0005148,MeSH:D003924,MedGen:C0011860,OMIM:125853",Type 2 diabetes mellitus,unknown,unknown,GRCh38,NC_000011.10,11,17460640,17460642,na,na,11p15.1,"criteria provided, single submitter",1,-,N,ClinGen:CA2695201098,2,2677934,17460640,TGG,ATGC,-,-,-,-,-,-,SCV004203507,-,-
2835221,single nucleotide variant,NM_000352.6(ABCC8):c.96C>G (p.Asn32Lys),6833,ABCC8,HGNC:59,Pathogenic,1,"Jan 21, 2025",2496930134,-,RCV003463382|RCV003553964|RCV005240778,"Human Phenotype Ontology:HP:0005965,Human Phenotype Ontology:HP:0005978,Human Phenotype Ontology:HP:0100652,MONDO:MONDO:0005148,MeSH:D003924,MedGen:C0011860,OMIM:125853|MedGen:C3661900|MONDO:MONDO:0017182,MedGen:C3888018,Orphanet:276525",Type 2 diabetes mellitus|not provided|Familial hyperinsulinism,germline;unknown,germline,GRCh37,NC_000011.9,11,17498228,17498228,na,na,11p15.1,"criteria provided, multiple submitters, no conflicts",3,-,N,ClinGen:CA379790011,2,2678076,17498228,G,C,-,-,-,-,-,-,SCV004206560|SCV004295396|SCV005887712,-,-
2835221,single nucleotide variant,NM_000352.6(ABCC8):c.96C>G (p.Asn32Lys),6833,ABCC8,HGNC:59,Pathogenic,1,"Jan 21, 2025",2496930134,-,RCV003463382|RCV003553964|RCV005240778,"Human Phenotype Ontology:HP:0005965,Human Phenotype Ontology:HP:0005978,Human Phenotype Ontology:HP:0100652,MONDO:MONDO:0005148,MeSH:D003924,MedGen:C0011860,OMIM:125853|MedGen:C3661900|MONDO:MONDO:0017182,MedGen:C3888018,Orphanet:276525",Type 2 diabetes mellitus|not provided|Familial hyperinsulinism,germline;unknown,germline,GRCh38,NC_000011.10,11,17476681,17476681,na,na,11p15.1,"criteria provided, multiple submitters, no conflicts",3,-,N,ClinGen:CA379790011,2,2678076,17476681,G,C,-,-,-,-,-,-,SCV004206560|SCV004295396|SCV005887712,-,-
2835961,single nucleotide variant,NM_000352.6(ABCC8):c.3330-1G>C,6833,ABCC8,HGNC:59,Likely pathogenic,1,"Oct 01, 2023",2496519859,-,RCV003461659,"Human Phenotype Ontology:HP:0005965,Human Phenotype Ontology:HP:0005978,Human Phenotype Ontology:HP:0100652,MONDO:MONDO:0005148,MeSH:D003924,MedGen:C0011860,OMIM:125853",Type 2 diabetes mellitus,unknown,unknown,GRCh37,NC_000011.9,11,17427111,17427111,na,na,11p15.1,"criteria provided, single submitter",1,-,N,ClinGen:CA379800680,2,2675844,17427111,C,G,-,-,-,-,-,-,SCV004198656,-,-
2835961,single nucleotide variant,NM_000352.6(ABCC8):c.3330-1G>C,6833,ABCC8,HGNC:59,Likely pathogenic,1,"Oct 01, 2023",2496519859,-,RCV003461659,"Human Phenotype Ontology:HP:0005965,Human Phenotype Ontology:HP:0005978,Human Phenotype Ontology:HP:0100652,MONDO:MONDO:0005148,MeSH:D003924,MedGen:C0011860,OMIM:125853",Type 2 diabetes mellitus,unknown,unknown,GRCh38,NC_000011.10,11,17405564,17405564,na,na,11p15.1,"criteria provided, single submitter",1,-,N,ClinGen:CA379800680,2,2675844,17405564,C,G,-,-,-,-,-,-,SCV004198656,-,-
2835987,Deletion,NM_000352.6(ABCC8):c.2305_2327del (p.Val769fs),6833,ABCC8,HGNC:59,Likely pathogenic,1,"Sep 30, 2023",2496587224,-,RCV003468260,"Human Phenotype Ontology:HP:0005965,Human Phenotype Ontology:HP:0005978,Human Phenotype Ontology:HP:0100652,MONDO:MONDO:0005148,MeSH:D003924,MedGen:C0011860,OMIM:125853",Type 2 diabetes mellitus,unknown,unknown,GRCh37,NC_000011.9,11,17436122,17436144,na,na,11p15.1,"criteria provided, single submitter",1,-,N,ClinGen:CA2695201090,2,2675870,17436121,TGGTTTCTGCGAAGCATAGGCCAC,T,-,-,-,-,-,-,SCV004191006,-,-
2835987,Deletion,NM_000352.6(ABCC8):c.2305_2327del (p.Val769fs),6833,ABCC8,HGNC:59,Likely pathogenic,1,"Sep 30, 2023",2496587224,-,RCV003468260,"Human Phenotype Ontology:HP:0005965,Human Phenotype Ontology:HP:0005978,Human Phenotype Ontology:HP:0100652,MONDO:MONDO:0005148,MeSH:D003924,MedGen:C0011860,OMIM:125853",Type 2 diabetes mellitus,unknown,unknown,GRCh38,NC_000011.10,11,17414575,17414597,na,na,11p15.1,"criteria provided, single submitter",1,-,N,ClinGen:CA2695201090,2,2675870,17414574,TGGTTTCTGCGAAGCATAGGCCAC,T,-,-,-,-,-,-,SCV004191006,-,-
2836186,single nucleotide variant,NM_000352.6(ABCC8):c.4238C>T (p.Pro1413Leu),6833,ABCC8,HGNC:59,Pathogenic/Likely pathogenic,1,"Apr 02, 2024",1436692401,-,RCV003463196|RCV003553959|RCV005047597,"Human Phenotype Ontology:HP:0005965,Human Phenotype Ontology:HP:0005978,Human Phenotype Ontology:HP:0100652,MONDO:MONDO:0005148,MeSH:D003924,MedGen:C0011860,OMIM:125853|MedGen:C3661900|MONDO:MONDO:0009415,MedGen:C0271714,OMIM:240800;MONDO:MONDO:0030088,MedGen:C5394303,OMIM:618857;Human Phenotype Ontology:HP:0005965,Human Phenotype Ontology:HP:0005978,Human Phenotype Ontology:HP:0100652,MONDO:MONDO:0005148,MeSH:D003924,MedGen:C0011860,OMIM:125853;MONDO:MONDO:0012480,MedGen:C1835887,OMIM:610374,Orphanet:99886;MONDO:MONDO:0009734,MedGen:C2931832,OMIM:256450,Orphanet:276575,Orphanet:276598","Type 2 diabetes mellitus|not provided|Leucine-induced hypoglycemia;Diabetes mellitus, permanent neonatal 3;Type 2 diabetes mellitus;Diabetes mellitus, transient neonatal, 2;Hyperinsulinemic hypoglycemia, familial, 1",germline;unknown,germline,GRCh37,NC_000011.9,11,17417226,17417226,na,na,11p15.1,"criteria provided, multiple submitters, no conflicts",3,-,N,ClinGen:CA379786862,2,2677316,17417226,G,A,-,-,-,-,-,-,SCV004191472|SCV004295375|SCV005676667,-,-
2836186,single nucleotide variant,NM_000352.6(ABCC8):c.4238C>T (p.Pro1413Leu),6833,ABCC8,HGNC:59,Pathogenic/Likely pathogenic,1,"Apr 02, 2024",1436692401,-,RCV003463196|RCV003553959|RCV005047597,"Human Phenotype Ontology:HP:0005965,Human Phenotype Ontology:HP:0005978,Human Phenotype Ontology:HP:0100652,MONDO:MONDO:0005148,MeSH:D003924,MedGen:C0011860,OMIM:125853|MedGen:C3661900|MONDO:MONDO:0009415,MedGen:C0271714,OMIM:240800;MONDO:MONDO:0030088,MedGen:C5394303,OMIM:618857;Human Phenotype Ontology:HP:0005965,Human Phenotype Ontology:HP:0005978,Human Phenotype Ontology:HP:0100652,MONDO:MONDO:0005148,MeSH:D003924,MedGen:C0011860,OMIM:125853;MONDO:MONDO:0012480,MedGen:C1835887,OMIM:610374,Orphanet:99886;MONDO:MONDO:0009734,MedGen:C2931832,OMIM:256450,Orphanet:276575,Orphanet:276598","Type 2 diabetes mellitus|not provided|Leucine-induced hypoglycemia;Diabetes mellitus, permanent neonatal 3;Type 2 diabetes mellitus;Diabetes mellitus, transient neonatal, 2;Hyperinsulinemic hypoglycemia, familial, 1",germline;unknown,germline,GRCh38,NC_000011.10,11,17395679,17395679,na,na,11p15.1,"criteria provided, multiple submitters, no conflicts",3,-,N,ClinGen:CA379786862,2,2677316,17395679,G,A,-,-,-,-,-,-,SCV004191472|SCV004295375|SCV005676667,-,-
2836244,single nucleotide variant,NM_000352.6(ABCC8):c.3329+1G>A,6833,ABCC8,HGNC:59,Likely pathogenic,1,"May 31, 2023",2496526474,-,RCV003471612,"Human Phenotype Ontology:HP:0005965,Human Phenotype Ontology:HP:0005978,Human Phenotype Ontology:HP:0100652,MONDO:MONDO:0005148,MeSH:D003924,MedGen:C0011860,OMIM:125853",Type 2 diabetes mellitus,unknown,unknown,GRCh37,NC_000011.9,11,17428168,17428168,na,na,11p15.1,"criteria provided, single submitter",1,-,N,ClinGen:CA379800988,2,2677374,17428168,C,T,-,-,-,-,-,-,SCV004192115,-,-
2836244,single nucleotide variant,NM_000352.6(ABCC8):c.3329+1G>A,6833,ABCC8,HGNC:59,Likely pathogenic,1,"May 31, 2023",2496526474,-,RCV003471612,"Human Phenotype Ontology:HP:0005965,Human Phenotype Ontology:HP:0005978,Human Phenotype Ontology:HP:0100652,MONDO:MONDO:0005148,MeSH:D003924,MedGen:C0011860,OMIM:125853",Type 2 diabetes mellitus,unknown,unknown,GRCh38,NC_000011.10,11,17406621,17406621,na,na,11p15.1,"criteria provided, single submitter",1,-,N,ClinGen:CA379800988,2,2677374,17406621,C,T,-,-,-,-,-,-,SCV004192115,-,-
2836284,single nucleotide variant,NM_000352.6(ABCC8):c.4545+2T>C,6833,ABCC8,HGNC:59,Likely pathogenic,1,"May 27, 2023",1554904006,-,RCV003471635,"Human Phenotype Ontology:HP:0005965,Human Phenotype Ontology:HP:0005978,Human Phenotype Ontology:HP:0100652,MONDO:MONDO:0005148,MeSH:D003924,MedGen:C0011860,OMIM:125853",Type 2 diabetes mellitus,unknown,unknown,GRCh37,NC_000011.9,11,17415811,17415811,na,na,11p15.1,"criteria provided, single submitter",1,-,N,ClinGen:CA379782612,2,2677414,17415811,A,G,-,-,-,-,-,-,SCV004209044,-,-
2836284,single nucleotide variant,NM_000352.6(ABCC8):c.4545+2T>C,6833,ABCC8,HGNC:59,Likely pathogenic,1,"May 27, 2023",1554904006,-,RCV003471635,"Human Phenotype Ontology:HP:0005965,Human Phenotype Ontology:HP:0005978,Human Phenotype Ontology:HP:0100652,MONDO:MONDO:0005148,MeSH:D003924,MedGen:C0011860,OMIM:125853",Type 2 diabetes mellitus,unknown,unknown,GRCh38,NC_000011.10,11,17394264,17394264,na,na,11p15.1,"criteria provided, single submitter",1,-,N,ClinGen:CA379782612,2,2677414,17394264,A,G,-,-,-,-,-,-,SCV004209044,-,-
2836302,single nucleotide variant,NM_000352.6(ABCC8):c.4414G>A (p.Ala1472Thr),6833,ABCC8,HGNC:59,Conflicting classifications of pathogenicity,1,"Jun 05, 2025",1368661753,-,RCV003471649|RCV005100201,"Human Phenotype Ontology:HP:0005965,Human Phenotype Ontology:HP:0005978,Human Phenotype Ontology:HP:0100652,MONDO:MONDO:0005148,MeSH:D003924,MedGen:C0011860,OMIM:125853|MedGen:C3661900",Type 2 diabetes mellitus|not provided,germline;unknown,germline,GRCh37,NC_000011.9,11,17415944,17415944,na,na,11p15.1,"criteria provided, conflicting classifications",2,-,N,ClinGen:CA379783826,2,2677432,17415944,C,T,-,-,-,-,-,-,SCV004209575|SCV005813076,-,-
2836302,single nucleotide variant,NM_000352.6(ABCC8):c.4414G>A (p.Ala1472Thr),6833,ABCC8,HGNC:59,Conflicting classifications of pathogenicity,1,"Jun 05, 2025",1368661753,-,RCV003471649|RCV005100201,"Human Phenotype Ontology:HP:0005965,Human Phenotype Ontology:HP:0005978,Human Phenotype Ontology:HP:0100652,MONDO:MONDO:0005148,MeSH:D003924,MedGen:C0011860,OMIM:125853|MedGen:C3661900",Type 2 diabetes mellitus|not provided,germline;unknown,germline,GRCh38,NC_000011.10,11,17394397,17394397,na,na,11p15.1,"criteria provided, conflicting classifications",2,-,N,ClinGen:CA379783826,2,2677432,17394397,C,T,-,-,-,-,-,-,SCV004209575|SCV005813076,-,-
2836326,single nucleotide variant,NM_000352.6(ABCC8):c.2497C>T (p.Gln833Ter),6833,ABCC8,HGNC:59,Pathogenic/Likely pathogenic,1,"May 16, 2023",2496572258,-,RCV003476601|RCV004596587,"Human Phenotype Ontology:HP:0005965,Human Phenotype Ontology:HP:0005978,Human Phenotype Ontology:HP:0100652,MONDO:MONDO:0005148,MeSH:D003924,MedGen:C0011860,OMIM:125853|MONDO:MONDO:0009734,MedGen:C2931832,OMIM:256450,Orphanet:276575,Orphanet:276598","Type 2 diabetes mellitus|Hyperinsulinemic hypoglycemia, familial, 1",germline;unknown,germline,GRCh37,NC_000011.9,11,17434272,17434272,na,na,11p15.1,"criteria provided, multiple submitters, no conflicts",2,-,N,ClinGen:CA379807620,2,2677454,17434272,G,A,-,-,-,-,-,-,SCV004202658|SCV005088745,-,-
2836326,single nucleotide variant,NM_000352.6(ABCC8):c.2497C>T (p.Gln833Ter),6833,ABCC8,HGNC:59,Pathogenic/Likely pathogenic,1,"May 16, 2023",2496572258,-,RCV003476601|RCV004596587,"Human Phenotype Ontology:HP:0005965,Human Phenotype Ontology:HP:0005978,Human Phenotype Ontology:HP:0100652,MONDO:MONDO:0005148,MeSH:D003924,MedGen:C0011860,OMIM:125853|MONDO:MONDO:0009734,MedGen:C2931832,OMIM:256450,Orphanet:276575,Orphanet:276598","Type 2 diabetes mellitus|Hyperinsulinemic hypoglycemia, familial, 1",germline;unknown,germline,GRCh38,NC_000011.10,11,17412725,17412725,na,na,11p15.1,"criteria provided, multiple submitters, no conflicts",2,-,N,ClinGen:CA379807620,2,2677454,17412725,G,A,-,-,-,-,-,-,SCV004202658|SCV005088745,-,-
2836342,single nucleotide variant,NM_000352.6(ABCC8):c.2557-2A>G,6833,ABCC8,HGNC:59,Likely pathogenic,1,"May 05, 2023",2496558567,-,RCV003476614,"Human Phenotype Ontology:HP:0005965,Human Phenotype Ontology:HP:0005978,Human Phenotype Ontology:HP:0100652,MONDO:MONDO:0005148,MeSH:D003924,MedGen:C0011860,OMIM:125853",Type 2 diabetes mellitus,unknown,unknown,GRCh37,NC_000011.9,11,17432202,17432202,na,na,11p15.1,"criteria provided, single submitter",1,-,N,ClinGen:CA379806768,2,2677467,17432202,T,C,-,-,-,-,-,-,SCV004202769,-,-
2836342,single nucleotide variant,NM_000352.6(ABCC8):c.2557-2A>G,6833,ABCC8,HGNC:59,Likely pathogenic,1,"May 05, 2023",2496558567,-,RCV003476614,"Human Phenotype Ontology:HP:0005965,Human Phenotype Ontology:HP:0005978,Human Phenotype Ontology:HP:0100652,MONDO:MONDO:0005148,MeSH:D003924,MedGen:C0011860,OMIM:125853",Type 2 diabetes mellitus,unknown,unknown,GRCh38,NC_000011.10,11,17410655,17410655,na,na,11p15.1,"criteria provided, single submitter",1,-,N,ClinGen:CA379806768,2,2677467,17410655,T,C,-,-,-,-,-,-,SCV004202769,-,-
2836573,Indel,NM_000352.6(ABCC8):c.2556_2556+15delinsCCTGGGGTCCTTGT,6833,ABCC8,HGNC:59,Likely pathogenic,1,"Mar 15, 2022",2496571287,-,RCV003474037,"Human Phenotype Ontology:HP:0005965,Human Phenotype Ontology:HP:0005978,Human Phenotype Ontology:HP:0100652,MONDO:MONDO:0005148,MeSH:D003924,MedGen:C0011860,OMIM:125853",Type 2 diabetes mellitus,unknown,unknown,GRCh37,NC_000011.9,11,17434198,17434213,na,na,11p15.1,"criteria provided, single submitter",1,-,N,ClinGen:CA2695201094,2,2678995,17434198,GGAACTTGCACTCACC,ACAAGGACCCCAGG,-,-,-,-,-,-,SCV004202560,-,-
2836573,Indel,NM_000352.6(ABCC8):c.2556_2556+15delinsCCTGGGGTCCTTGT,6833,ABCC8,HGNC:59,Likely pathogenic,1,"Mar 15, 2022",2496571287,-,RCV003474037,"Human Phenotype Ontology:HP:0005965,Human Phenotype Ontology:HP:0005978,Human Phenotype Ontology:HP:0100652,MONDO:MONDO:0005148,MeSH:D003924,MedGen:C0011860,OMIM:125853",Type 2 diabetes mellitus,unknown,unknown,GRCh38,NC_000011.10,11,17412651,17412666,na,na,11p15.1,"criteria provided, single submitter",1,-,N,ClinGen:CA2695201094,2,2678995,17412651,GGAACTTGCACTCACC,ACAAGGACCCCAGG,-,-,-,-,-,-,SCV004202560,-,-
2836586,single nucleotide variant,NM_000352.6(ABCC8):c.2140C>T (p.Gln714Ter),6833,ABCC8,HGNC:59,Likely pathogenic,1,"Mar 02, 2022",1320325015,-,RCV003463552,"Human Phenotype Ontology:HP:0005965,Human Phenotype Ontology:HP:0005978,Human Phenotype Ontology:HP:0100652,MONDO:MONDO:0005148,MeSH:D003924,MedGen:C0011860,OMIM:125853",Type 2 diabetes mellitus,unknown,unknown,GRCh37,NC_000011.9,11,17448678,17448678,na,na,11p15.1,"criteria provided, single submitter",1,-,N,ClinGen:CA379813736,2,2679008,17448678,G,A,-,-,-,-,-,-,SCV004204929,-,-
2836586,single nucleotide variant,NM_000352.6(ABCC8):c.2140C>T (p.Gln714Ter),6833,ABCC8,HGNC:59,Likely pathogenic,1,"Mar 02, 2022",1320325015,-,RCV003463552,"Human Phenotype Ontology:HP:0005965,Human Phenotype Ontology:HP:0005978,Human Phenotype Ontology:HP:0100652,MONDO:MONDO:0005148,MeSH:D003924,MedGen:C0011860,OMIM:125853",Type 2 diabetes mellitus,unknown,unknown,GRCh38,NC_000011.10,11,17427131,17427131,na,na,11p15.1,"criteria provided, single submitter",1,-,N,ClinGen:CA379813736,2,2679008,17427131,G,A,-,-,-,-,-,-,SCV004204929,-,-
2837463,single nucleotide variant,NM_000352.6(ABCC8):c.1817+1G>C,6833,ABCC8,HGNC:59,Pathogenic,1,"Oct 28, 2023",1554926476,-,RCV003460047,"Human Phenotype Ontology:HP:0005965,Human Phenotype Ontology:HP:0005978,Human Phenotype Ontology:HP:0100652,MONDO:MONDO:0005148,MeSH:D003924,MedGen:C0011860,OMIM:125853",Type 2 diabetes mellitus,unknown,unknown,GRCh37,NC_000011.9,11,17452360,17452360,na,na,11p15.1,"criteria provided, single submitter",1,-,N,ClinGen:CA379816858,2,2675201,17452360,C,G,-,-,-,-,-,-,SCV004192794,-,-
2837463,single nucleotide variant,NM_000352.6(ABCC8):c.1817+1G>C,6833,ABCC8,HGNC:59,Pathogenic,1,"Oct 28, 2023",1554926476,-,RCV003460047,"Human Phenotype Ontology:HP:0005965,Human Phenotype Ontology:HP:0005978,Human Phenotype Ontology:HP:0100652,MONDO:MONDO:0005148,MeSH:D003924,MedGen:C0011860,OMIM:125853",Type 2 diabetes mellitus,unknown,unknown,GRCh38,NC_000011.10,11,17430813,17430813,na,na,11p15.1,"criteria provided, single submitter",1,-,N,ClinGen:CA379816858,2,2675201,17430813,C,G,-,-,-,-,-,-,SCV004192794,-,-
2837619,single nucleotide variant,NM_000352.6(ABCC8):c.1822C>T (p.Gln608Ter),6833,ABCC8,HGNC:59,Pathogenic,1,"Oct 26, 2023",2496672554,-,RCV003460107,"Human Phenotype Ontology:HP:0005965,Human Phenotype Ontology:HP:0005978,Human Phenotype Ontology:HP:0100652,MONDO:MONDO:0005148,MeSH:D003924,MedGen:C0011860,OMIM:125853",Type 2 diabetes mellitus,unknown,unknown,GRCh37,NC_000011.9,11,17450213,17450213,na,na,11p15.1,"criteria provided, single submitter",1,-,N,ClinGen:CA379816093,2,2675358,17450213,G,A,-,-,-,-,-,-,SCV004195904,-,-
2837619,single nucleotide variant,NM_000352.6(ABCC8):c.1822C>T (p.Gln608Ter),6833,ABCC8,HGNC:59,Pathogenic,1,"Oct 26, 2023",2496672554,-,RCV003460107,"Human Phenotype Ontology:HP:0005965,Human Phenotype Ontology:HP:0005978,Human Phenotype Ontology:HP:0100652,MONDO:MONDO:0005148,MeSH:D003924,MedGen:C0011860,OMIM:125853",Type 2 diabetes mellitus,unknown,unknown,GRCh38,NC_000011.10,11,17428666,17428666,na,na,11p15.1,"criteria provided, single submitter",1,-,N,ClinGen:CA379816093,2,2675358,17428666,G,A,-,-,-,-,-,-,SCV004195904,-,-
2837817,Deletion,NM_000352.6(ABCC8):c.945del (p.Pro317fs),6833,ABCC8,HGNC:59,Pathogenic,1,"Aug 10, 2023",2496844552,-,RCV003470252,"Human Phenotype Ontology:HP:0005965,Human Phenotype Ontology:HP:0005978,Human Phenotype Ontology:HP:0100652,MONDO:MONDO:0005148,MeSH:D003924,MedGen:C0011860,OMIM:125853",Type 2 diabetes mellitus,unknown,unknown,GRCh37,NC_000011.9,11,17482101,17482101,na,na,11p15.1,"criteria provided, single submitter",1,-,N,ClinGen:CA2695201097,2,2676810,17482100,CG,C,-,-,-,-,-,-,SCV004195716,-,-
2837817,Deletion,NM_000352.6(ABCC8):c.945del (p.Pro317fs),6833,ABCC8,HGNC:59,Pathogenic,1,"Aug 10, 2023",2496844552,-,RCV003470252,"Human Phenotype Ontology:HP:0005965,Human Phenotype Ontology:HP:0005978,Human Phenotype Ontology:HP:0100652,MONDO:MONDO:0005148,MeSH:D003924,MedGen:C0011860,OMIM:125853",Type 2 diabetes mellitus,unknown,unknown,GRCh38,NC_000011.10,11,17460554,17460554,na,na,11p15.1,"criteria provided, single submitter",1,-,N,ClinGen:CA2695201097,2,2676810,17460553,CG,C,-,-,-,-,-,-,SCV004195716,-,-
2837827,Insertion,NM_000352.6(ABCC8):c.3989_3990insG (p.Pro1331fs),6833,ABCC8,HGNC:59,Likely pathogenic,1,"Aug 09, 2023",2496462958,-,RCV003461952,"Human Phenotype Ontology:HP:0005965,Human Phenotype Ontology:HP:0005978,Human Phenotype Ontology:HP:0100652,MONDO:MONDO:0005148,MeSH:D003924,MedGen:C0011860,OMIM:125853",Type 2 diabetes mellitus,unknown,unknown,GRCh37,NC_000011.9,11,17418592,17418593,na,na,11p15.1,"criteria provided, single submitter",1,-,N,ClinGen:CA2695201091,2,2676820,17418592,T,TC,-,-,-,-,-,-,SCV004195827,-,-
2837827,Insertion,NM_000352.6(ABCC8):c.3989_3990insG (p.Pro1331fs),6833,ABCC8,HGNC:59,Likely pathogenic,1,"Aug 09, 2023",2496462958,-,RCV003461952,"Human Phenotype Ontology:HP:0005965,Human Phenotype Ontology:HP:0005978,Human Phenotype Ontology:HP:0100652,MONDO:MONDO:0005148,MeSH:D003924,MedGen:C0011860,OMIM:125853",Type 2 diabetes mellitus,unknown,unknown,GRCh38,NC_000011.10,11,17397045,17397046,na,na,11p15.1,"criteria provided, single submitter",1,-,N,ClinGen:CA2695201091,2,2676820,17397045,T,TC,-,-,-,-,-,-,SCV004195827,-,-
2837869,single nucleotide variant,NM_000352.6(ABCC8):c.1289G>A (p.Trp430Ter),6833,ABCC8,HGNC:59,Pathogenic,1,"Feb 21, 2024",2496780919,-,RCV003470267,"Human Phenotype Ontology:HP:0005965,Human Phenotype Ontology:HP:0005978,Human Phenotype Ontology:HP:0100652,MONDO:MONDO:0005148,MeSH:D003924,MedGen:C0011860,OMIM:125853",Type 2 diabetes mellitus,unknown,unknown,GRCh37,NC_000011.9,11,17470106,17470106,na,na,11p15.1,"criteria provided, single submitter",1,-,N,ClinGen:CA379768586,2,2676857,17470106,C,T,-,-,-,-,-,-,SCV004196466,-,-
2837869,single nucleotide variant,NM_000352.6(ABCC8):c.1289G>A (p.Trp430Ter),6833,ABCC8,HGNC:59,Pathogenic,1,"Feb 21, 2024",2496780919,-,RCV003470267,"Human Phenotype Ontology:HP:0005965,Human Phenotype Ontology:HP:0005978,Human Phenotype Ontology:HP:0100652,MONDO:MONDO:0005148,MeSH:D003924,MedGen:C0011860,OMIM:125853",Type 2 diabetes mellitus,unknown,unknown,GRCh38,NC_000011.10,11,17448559,17448559,na,na,11p15.1,"criteria provided, single submitter",1,-,N,ClinGen:CA379768586,2,2676857,17448559,C,T,-,-,-,-,-,-,SCV004196466,-,-
2838004,single nucleotide variant,NM_000352.6(ABCC8):c.3329+2T>C,6833,ABCC8,HGNC:59,Pathogenic,1,"Jun 29, 2023",2496526463,-,RCV003463105,"Human Phenotype Ontology:HP:0005965,Human Phenotype Ontology:HP:0005978,Human Phenotype Ontology:HP:0100652,MONDO:MONDO:0005148,MeSH:D003924,MedGen:C0011860,OMIM:125853",Type 2 diabetes mellitus,unknown,unknown,GRCh37,NC_000011.9,11,17428167,17428167,na,na,11p15.1,"criteria provided, single submitter",1,-,N,ClinGen:CA379800978,2,2676995,17428167,A,G,-,-,-,-,-,-,SCV004197766,-,-
2838004,single nucleotide variant,NM_000352.6(ABCC8):c.3329+2T>C,6833,ABCC8,HGNC:59,Pathogenic,1,"Jun 29, 2023",2496526463,-,RCV003463105,"Human Phenotype Ontology:HP:0005965,Human Phenotype Ontology:HP:0005978,Human Phenotype Ontology:HP:0100652,MONDO:MONDO:0005148,MeSH:D003924,MedGen:C0011860,OMIM:125853",Type 2 diabetes mellitus,unknown,unknown,GRCh38,NC_000011.10,11,17406620,17406620,na,na,11p15.1,"criteria provided, single submitter",1,-,N,ClinGen:CA379800978,2,2676995,17406620,A,G,-,-,-,-,-,-,SCV004197766,-,-
2838226,Deletion,NM_000352.6(ABCC8):c.290+2del,6833,ABCC8,HGNC:59,Likely pathogenic,1,"Jun 15, 2023",2496918299,-,RCV003463163,"Human Phenotype Ontology:HP:0005965,Human Phenotype Ontology:HP:0005978,Human Phenotype Ontology:HP:0100652,MONDO:MONDO:0005148,MeSH:D003924,MedGen:C0011860,OMIM:125853",Type 2 diabetes mellitus,unknown,unknown,GRCh37,NC_000011.9,11,17496431,17496431,na,na,11p15.1,"criteria provided, single submitter",1,-,N,ClinGen:CA2695201101,2,2677217,17496430,CA,C,-,-,-,-,-,-,SCV004190723,-,-
2838226,Deletion,NM_000352.6(ABCC8):c.290+2del,6833,ABCC8,HGNC:59,Likely pathogenic,1,"Jun 15, 2023",2496918299,-,RCV003463163,"Human Phenotype Ontology:HP:0005965,Human Phenotype Ontology:HP:0005978,Human Phenotype Ontology:HP:0100652,MONDO:MONDO:0005148,MeSH:D003924,MedGen:C0011860,OMIM:125853",Type 2 diabetes mellitus,unknown,unknown,GRCh38,NC_000011.10,11,17474884,17474884,na,na,11p15.1,"criteria provided, single submitter",1,-,N,ClinGen:CA2695201101,2,2677217,17474883,CA,C,-,-,-,-,-,-,SCV004190723,-,-
2838240,single nucleotide variant,NM_000352.6(ABCC8):c.580A>T (p.Arg194Ter),6833,ABCC8,HGNC:59,Likely pathogenic,1,"Dec 18, 2022",2496854886,-,RCV003466331,"Human Phenotype Ontology:HP:0005965,Human Phenotype Ontology:HP:0005978,Human Phenotype Ontology:HP:0100652,MONDO:MONDO:0005148,MeSH:D003924,MedGen:C0011860,OMIM:125853",Type 2 diabetes mellitus,unknown,unknown,GRCh37,NC_000011.9,11,17483372,17483372,na,na,11p15.1,"criteria provided, single submitter",1,-,N,ClinGen:CA379779518,2,2678521,17483372,T,A,-,-,-,-,-,-,SCV004209947,-,-
2838240,single nucleotide variant,NM_000352.6(ABCC8):c.580A>T (p.Arg194Ter),6833,ABCC8,HGNC:59,Likely pathogenic,1,"Dec 18, 2022",2496854886,-,RCV003466331,"Human Phenotype Ontology:HP:0005965,Human Phenotype Ontology:HP:0005978,Human Phenotype Ontology:HP:0100652,MONDO:MONDO:0005148,MeSH:D003924,MedGen:C0011860,OMIM:125853",Type 2 diabetes mellitus,unknown,unknown,GRCh38,NC_000011.10,11,17461825,17461825,na,na,11p15.1,"criteria provided, single submitter",1,-,N,ClinGen:CA379779518,2,2678521,17461825,T,A,-,-,-,-,-,-,SCV004209947,-,-
2838300,single nucleotide variant,NM_000352.6(ABCC8):c.4412-2A>C,6833,ABCC8,HGNC:59,Likely pathogenic,1,"Dec 03, 2022",1554904136,-,RCV003472577,"Human Phenotype Ontology:HP:0005965,Human Phenotype Ontology:HP:0005978,Human Phenotype Ontology:HP:0100652,MONDO:MONDO:0005148,MeSH:D003924,MedGen:C0011860,OMIM:125853",Type 2 diabetes mellitus,unknown,unknown,GRCh37,NC_000011.9,11,17415948,17415948,na,na,11p15.1,"criteria provided, single submitter",1,-,N,ClinGen:CA379783875,2,2678581,17415948,T,G,-,-,-,-,-,-,SCV004202300,-,-
2838300,single nucleotide variant,NM_000352.6(ABCC8):c.4412-2A>C,6833,ABCC8,HGNC:59,Likely pathogenic,1,"Dec 03, 2022",1554904136,-,RCV003472577,"Human Phenotype Ontology:HP:0005965,Human Phenotype Ontology:HP:0005978,Human Phenotype Ontology:HP:0100652,MONDO:MONDO:0005148,MeSH:D003924,MedGen:C0011860,OMIM:125853",Type 2 diabetes mellitus,unknown,unknown,GRCh38,NC_000011.10,11,17394401,17394401,na,na,11p15.1,"criteria provided, single submitter",1,-,N,ClinGen:CA379783875,2,2678581,17394401,T,G,-,-,-,-,-,-,SCV004202300,-,-
2838351,Deletion,NM_000352.6(ABCC8):c.1813del (p.Leu604_Val605insTer),6833,ABCC8,HGNC:59,Likely pathogenic,1,"Oct 22, 2022",2496687937,-,RCV003472628,"Human Phenotype Ontology:HP:0005965,Human Phenotype Ontology:HP:0005978,Human Phenotype Ontology:HP:0100652,MONDO:MONDO:0005148,MeSH:D003924,MedGen:C0011860,OMIM:125853",Type 2 diabetes mellitus,unknown,unknown,GRCh37,NC_000011.9,11,17452365,17452365,na,na,11p15.1,"criteria provided, single submitter",1,-,N,ClinGen:CA2695201093,2,2678632,17452364,AC,A,-,-,-,-,-,-,SCV004200666,-,-
2838351,Deletion,NM_000352.6(ABCC8):c.1813del (p.Leu604_Val605insTer),6833,ABCC8,HGNC:59,Likely pathogenic,1,"Oct 22, 2022",2496687937,-,RCV003472628,"Human Phenotype Ontology:HP:0005965,Human Phenotype Ontology:HP:0005978,Human Phenotype Ontology:HP:0100652,MONDO:MONDO:0005148,MeSH:D003924,MedGen:C0011860,OMIM:125853",Type 2 diabetes mellitus,unknown,unknown,GRCh38,NC_000011.10,11,17430818,17430818,na,na,11p15.1,"criteria provided, single submitter",1,-,N,ClinGen:CA2695201093,2,2678632,17430817,AC,A,-,-,-,-,-,-,SCV004200666,-,-
2838499,single nucleotide variant,NM_000352.6(ABCC8):c.4181T>G (p.Met1394Arg),6833,ABCC8,HGNC:59,Likely pathogenic,1,"Nov 21, 2023",2496452499,-,RCV003472771|RCV003553966,"Human Phenotype Ontology:HP:0005965,Human Phenotype Ontology:HP:0005978,Human Phenotype Ontology:HP:0100652,MONDO:MONDO:0005148,MeSH:D003924,MedGen:C0011860,OMIM:125853|MedGen:C3661900",Type 2 diabetes mellitus|not provided,germline;unknown,germline,GRCh37,NC_000011.9,11,17417416,17417416,na,na,11p15.1,"criteria provided, multiple submitters, no conflicts",2,-,N,ClinGen:CA379787876,2,2678780,17417416,A,C,-,-,-,-,-,-,SCV004201239|SCV004295376,-,-
2838499,single nucleotide variant,NM_000352.6(ABCC8):c.4181T>G (p.Met1394Arg),6833,ABCC8,HGNC:59,Likely pathogenic,1,"Nov 21, 2023",2496452499,-,RCV003472771|RCV003553966,"Human Phenotype Ontology:HP:0005965,Human Phenotype Ontology:HP:0005978,Human Phenotype Ontology:HP:0100652,MONDO:MONDO:0005148,MeSH:D003924,MedGen:C0011860,OMIM:125853|MedGen:C3661900",Type 2 diabetes mellitus|not provided,germline;unknown,germline,GRCh38,NC_000011.10,11,17395869,17395869,na,na,11p15.1,"criteria provided, multiple submitters, no conflicts",2,-,N,ClinGen:CA379787876,2,2678780,17395869,A,C,-,-,-,-,-,-,SCV004201239|SCV004295376,-,-
2838525,single nucleotide variant,NM_000352.6(ABCC8):c.2676C>G (p.Tyr892Ter),6833,ABCC8,HGNC:59,Likely pathogenic,1,"Aug 02, 2022",2496557201,-,RCV003472798,"Human Phenotype Ontology:HP:0005965,Human Phenotype Ontology:HP:0005978,Human Phenotype Ontology:HP:0100652,MONDO:MONDO:0005148,MeSH:D003924,MedGen:C0011860,OMIM:125853",Type 2 diabetes mellitus,unknown,unknown,GRCh37,NC_000011.9,11,17432081,17432081,na,na,11p15.1,"criteria provided, single submitter",1,-,N,ClinGen:CA379805999,2,2678807,17432081,G,C,-,-,-,-,-,-,SCV004203605,-,-
2838525,single nucleotide variant,NM_000352.6(ABCC8):c.2676C>G (p.Tyr892Ter),6833,ABCC8,HGNC:59,Likely pathogenic,1,"Aug 02, 2022",2496557201,-,RCV003472798,"Human Phenotype Ontology:HP:0005965,Human Phenotype Ontology:HP:0005978,Human Phenotype Ontology:HP:0100652,MONDO:MONDO:0005148,MeSH:D003924,MedGen:C0011860,OMIM:125853",Type 2 diabetes mellitus,unknown,unknown,GRCh38,NC_000011.10,11,17410534,17410534,na,na,11p15.1,"criteria provided, single submitter",1,-,N,ClinGen:CA379805999,2,2678807,17410534,G,C,-,-,-,-,-,-,SCV004203605,-,-
2838573,Duplication,NM_000352.6(ABCC8):c.836_852dup (p.Ile287fs),6833,ABCC8,HGNC:59,Pathogenic,1,"Aug 01, 2022",2496845533,-,RCV003472831,"Human Phenotype Ontology:HP:0005965,Human Phenotype Ontology:HP:0005978,Human Phenotype Ontology:HP:0100652,MONDO:MONDO:0005148,MeSH:D003924,MedGen:C0011860,OMIM:125853",Type 2 diabetes mellitus,unknown,unknown,GRCh37,NC_000011.9,11,17482193,17482194,na,na,11p15.1,"criteria provided, single submitter",1,-,N,ClinGen:CA2695201099,2,2678855,17482193,G,GGGCACCTTGAGTGCCCT,-,-,-,-,-,-,SCV004201693,-,-
2838573,Duplication,NM_000352.6(ABCC8):c.836_852dup (p.Ile287fs),6833,ABCC8,HGNC:59,Pathogenic,1,"Aug 01, 2022",2496845533,-,RCV003472831,"Human Phenotype Ontology:HP:0005965,Human Phenotype Ontology:HP:0005978,Human Phenotype Ontology:HP:0100652,MONDO:MONDO:0005148,MeSH:D003924,MedGen:C0011860,OMIM:125853",Type 2 diabetes mellitus,unknown,unknown,GRCh38,NC_000011.10,11,17460646,17460647,na,na,11p15.1,"criteria provided, single submitter",1,-,N,ClinGen:CA2695201099,2,2678855,17460646,G,GGGCACCTTGAGTGCCCT,-,-,-,-,-,-,SCV004201693,-,-
2838614,single nucleotide variant,NM_000352.6(ABCC8):c.1914C>A (p.Tyr638Ter),6833,ABCC8,HGNC:59,Pathogenic/Likely pathogenic,1,"Nov 14, 2022",1179991710,-,RCV003472873|RCV003679225,"Human Phenotype Ontology:HP:0005965,Human Phenotype Ontology:HP:0005978,Human Phenotype Ontology:HP:0100652,MONDO:MONDO:0005148,MeSH:D003924,MedGen:C0011860,OMIM:125853|MedGen:C3661900",Type 2 diabetes mellitus|not provided,germline;unknown,germline,GRCh37,NC_000011.9,11,17450121,17450121,na,na,11p15.1,"criteria provided, multiple submitters, no conflicts",2,-,N,ClinGen:CA379815569,2,2678897,17450121,G,T,-,-,-,-,-,-,SCV004201804|SCV004412426,-,-
2838614,single nucleotide variant,NM_000352.6(ABCC8):c.1914C>A (p.Tyr638Ter),6833,ABCC8,HGNC:59,Pathogenic/Likely pathogenic,1,"Nov 14, 2022",1179991710,-,RCV003472873|RCV003679225,"Human Phenotype Ontology:HP:0005965,Human Phenotype Ontology:HP:0005978,Human Phenotype Ontology:HP:0100652,MONDO:MONDO:0005148,MeSH:D003924,MedGen:C0011860,OMIM:125853|MedGen:C3661900",Type 2 diabetes mellitus|not provided,germline;unknown,germline,GRCh38,NC_000011.10,11,17428574,17428574,na,na,11p15.1,"criteria provided, multiple submitters, no conflicts",2,-,N,ClinGen:CA379815569,2,2678897,17428574,G,T,-,-,-,-,-,-,SCV004201804|SCV004412426,-,-
2838632,single nucleotide variant,NM_000352.6(ABCC8):c.149-2A>T,6833,ABCC8,HGNC:59,Likely pathogenic,1,"Jun 13, 2022",2496919689,-,RCV003472891,"Human Phenotype Ontology:HP:0005965,Human Phenotype Ontology:HP:0005978,Human Phenotype Ontology:HP:0100652,MONDO:MONDO:0005148,MeSH:D003924,MedGen:C0011860,OMIM:125853",Type 2 diabetes mellitus,unknown,unknown,GRCh37,NC_000011.9,11,17496576,17496576,na,na,11p15.1,"criteria provided, single submitter",1,-,N,ClinGen:CA379788753,2,2678915,17496576,T,A,-,-,-,-,-,-,SCV004201915,-,-
2838632,single nucleotide variant,NM_000352.6(ABCC8):c.149-2A>T,6833,ABCC8,HGNC:59,Likely pathogenic,1,"Jun 13, 2022",2496919689,-,RCV003472891,"Human Phenotype Ontology:HP:0005965,Human Phenotype Ontology:HP:0005978,Human Phenotype Ontology:HP:0100652,MONDO:MONDO:0005148,MeSH:D003924,MedGen:C0011860,OMIM:125853",Type 2 diabetes mellitus,unknown,unknown,GRCh38,NC_000011.10,11,17475029,17475029,na,na,11p15.1,"criteria provided, single submitter",1,-,N,ClinGen:CA379788753,2,2678915,17475029,T,A,-,-,-,-,-,-,SCV004201915,-,-
2843448,Deletion,NM_000162.5(GCK):c.1030_1039del (p.Asp344fs),2645,GCK,HGNC:4195,Pathogenic,1,"Jan 27, 2024",2484498603,-,RCV003479790,"MONDO:MONDO:0015967,MedGen:C3888631,Orphanet:183625",Monogenic diabetes,germline,germline,GRCh37,NC_000007.13,7,44185310,44185319,na,na,7p13,reviewed by expert panel,2,-,N,ClinGen:CA2580612102,2,2682417,44185309,TGCTTGCGGTC,T,-,-,-,-,-,-,SCV004242352,-,-
2843448,Deletion,NM_000162.5(GCK):c.1030_1039del (p.Asp344fs),2645,GCK,HGNC:4195,Pathogenic,1,"Jan 27, 2024",2484498603,-,RCV003479790,"MONDO:MONDO:0015967,MedGen:C3888631,Orphanet:183625",Monogenic diabetes,germline,germline,GRCh38,NC_000007.14,7,44145711,44145720,na,na,7p13,reviewed by expert panel,2,-,N,ClinGen:CA2580612102,2,2682417,44145710,TGCTTGCGGTC,T,-,-,-,-,-,-,SCV004242352,-,-
2843679,single nucleotide variant,NM_000162.5(GCK):c.503C>A (p.Thr168Asn),2645,GCK,HGNC:4195,Pathogenic,1,"Dec 08, 2023",2096278825,-,RCV003481516,"MONDO:MONDO:0015967,MedGen:C3888631,Orphanet:183625",Monogenic diabetes,germline,germline,GRCh37,NC_000007.13,7,44189644,44189644,na,na,7p13,reviewed by expert panel,1,-,N,ClinGen:CA367401747,2,2682649,44189644,G,T,-,-,-,-,-,-,SCV004223869,-,-
2843679,single nucleotide variant,NM_000162.5(GCK):c.503C>A (p.Thr168Asn),2645,GCK,HGNC:4195,Pathogenic,1,"Dec 08, 2023",2096278825,-,RCV003481516,"MONDO:MONDO:0015967,MedGen:C3888631,Orphanet:183625",Monogenic diabetes,germline,germline,GRCh38,NC_000007.14,7,44150045,44150045,na,na,7p13,reviewed by expert panel,1,-,N,ClinGen:CA367401747,2,2682649,44150045,G,T,-,-,-,-,-,-,SCV004223869,-,-
2843680,single nucleotide variant,NM_000162.5(GCK):c.461T>G (p.Val154Gly),2645,GCK,HGNC:4195,Likely pathogenic,1,"Dec 08, 2023",2484529399,-,RCV003481517,"MONDO:MONDO:0015967,MedGen:C3888631,Orphanet:183625",Monogenic diabetes,germline,germline,GRCh37,NC_000007.13,7,44190577,44190577,na,na,7p13,reviewed by expert panel,1,-,N,ClinGen:CA367401907,2,2682650,44190577,A,C,-,-,-,-,-,-,SCV004223873,-,-
2843680,single nucleotide variant,NM_000162.5(GCK):c.461T>G (p.Val154Gly),2645,GCK,HGNC:4195,Likely pathogenic,1,"Dec 08, 2023",2484529399,-,RCV003481517,"MONDO:MONDO:0015967,MedGen:C3888631,Orphanet:183625",Monogenic diabetes,germline,germline,GRCh38,NC_000007.14,7,44150978,44150978,na,na,7p13,reviewed by expert panel,1,-,N,ClinGen:CA367401907,2,2682650,44150978,A,C,-,-,-,-,-,-,SCV004223873,-,-
2843681,single nucleotide variant,NM_000162.5(GCK):c.110T>C (p.Met37Thr),2645,GCK,HGNC:4195,Likely pathogenic,1,"Dec 08, 2023",2484540129,-,RCV003481518,"MONDO:MONDO:0015967,MedGen:C3888631,Orphanet:183625",Monogenic diabetes,germline,germline,GRCh37,NC_000007.13,7,44192998,44192998,na,na,7p13,reviewed by expert panel,1,-,N,ClinGen:CA367403544,2,2682651,44192998,A,G,-,-,-,-,-,-,SCV004223876,-,-
2843681,single nucleotide variant,NM_000162.5(GCK):c.110T>C (p.Met37Thr),2645,GCK,HGNC:4195,Likely pathogenic,1,"Dec 08, 2023",2484540129,-,RCV003481518,"MONDO:MONDO:0015967,MedGen:C3888631,Orphanet:183625",Monogenic diabetes,germline,germline,GRCh38,NC_000007.14,7,44153399,44153399,na,na,7p13,reviewed by expert panel,1,-,N,ClinGen:CA367403544,2,2682651,44153399,A,G,-,-,-,-,-,-,SCV004223876,-,-
2843682,single nucleotide variant,NM_000162.5(GCK):c.3G>A (p.Met1Ile),2645,GCK,HGNC:4195,Uncertain significance,0,"Dec 08, 2023",2484626549,-,RCV003481519,"MONDO:MONDO:0015967,MedGen:C3888631,Orphanet:183625",Monogenic diabetes,germline,germline,GRCh37,NC_000007.13,7,44228550,44228550,na,na,7p13,reviewed by expert panel,1,-,N,ClinGen:CA367358349,2,2682652,44228550,C,T,-,-,-,-,-,-,SCV004223878,-,-
2843682,single nucleotide variant,NM_000162.5(GCK):c.3G>A (p.Met1Ile),2645,GCK,HGNC:4195,Uncertain significance,0,"Dec 08, 2023",2484626549,-,RCV003481519,"MONDO:MONDO:0015967,MedGen:C3888631,Orphanet:183625",Monogenic diabetes,germline,germline,GRCh38,NC_000007.14,7,44188951,44188951,na,na,7p13,reviewed by expert panel,1,-,N,ClinGen:CA367358349,2,2682652,44188951,C,T,-,-,-,-,-,-,SCV004223878,-,-
2843683,single nucleotide variant,NM_000162.5(GCK):c.324C>A (p.Tyr108Ter),2645,GCK,HGNC:4195,Pathogenic,1,"Dec 15, 2023",765007563,-,RCV003481520,"MONDO:MONDO:0015967,MedGen:C3888631,Orphanet:183625",Monogenic diabetes,germline,germline,GRCh37,NC_000007.13,7,44191909,44191909,na,na,7p13,reviewed by expert panel,1,-,N,ClinGen:CA367402681,2,2682653,44191909,G,T,-,-,-,-,-,-,SCV004223879,-,-
2843683,single nucleotide variant,NM_000162.5(GCK):c.324C>A (p.Tyr108Ter),2645,GCK,HGNC:4195,Pathogenic,1,"Dec 15, 2023",765007563,-,RCV003481520,"MONDO:MONDO:0015967,MedGen:C3888631,Orphanet:183625",Monogenic diabetes,germline,germline,GRCh38,NC_000007.14,7,44152310,44152310,na,na,7p13,reviewed by expert panel,1,-,N,ClinGen:CA367402681,2,2682653,44152310,G,T,-,-,-,-,-,-,SCV004223879,-,-
2845236,Duplication,NM_000162.5(GCK):c.1083dup (p.Thr362fs),2645,GCK,HGNC:4195,Pathogenic,1,"May 15, 2024",2484498146,-,RCV003482697|RCV004690419,"MedGen:C3661900|MONDO:MONDO:0015967,MedGen:C3888631,Orphanet:183625",not provided|Monogenic diabetes,germline;unknown,germline,GRCh37,NC_000007.13,7,44185265,44185266,na,na,7p13,"criteria provided, multiple submitters, no conflicts",2,-,N,ClinGen:CA2695203053,2,2684201,44185265,T,TG,-,-,-,-,-,-,SCV004229656|SCV005185761,-,-
2845236,Duplication,NM_000162.5(GCK):c.1083dup (p.Thr362fs),2645,GCK,HGNC:4195,Pathogenic,1,"May 15, 2024",2484498146,-,RCV003482697|RCV004690419,"MedGen:C3661900|MONDO:MONDO:0015967,MedGen:C3888631,Orphanet:183625",not provided|Monogenic diabetes,germline;unknown,germline,GRCh38,NC_000007.14,7,44145666,44145667,na,na,7p13,"criteria provided, multiple submitters, no conflicts",2,-,N,ClinGen:CA2695203053,2,2684201,44145666,T,TG,-,-,-,-,-,-,SCV004229656|SCV005185761,-,-
2845237,single nucleotide variant,NM_000162.5(GCK):c.170T>A (p.Met57Lys),2645,GCK,HGNC:4195,Likely pathogenic,1,"Jun 17, 2025",2484539759,-,RCV003482698|RCV005402037,"MedGen:C3661900|MONDO:MONDO:0015967,MedGen:C3888631,Orphanet:183625",not provided|Monogenic diabetes,germline;unknown,germline,GRCh37,NC_000007.13,7,44192938,44192938,na,na,7p13,reviewed by expert panel,3,-,N,ClinGen:CA367403317,2,2684202,44192938,A,T,-,-,-,-,-,-,SCV006059950,-,-
2845237,single nucleotide variant,NM_000162.5(GCK):c.170T>A (p.Met57Lys),2645,GCK,HGNC:4195,Likely pathogenic,1,"Jun 17, 2025",2484539759,-,RCV003482698|RCV005402037,"MedGen:C3661900|MONDO:MONDO:0015967,MedGen:C3888631,Orphanet:183625",not provided|Monogenic diabetes,germline;unknown,germline,GRCh38,NC_000007.14,7,44153339,44153339,na,na,7p13,reviewed by expert panel,3,-,N,ClinGen:CA367403317,2,2684202,44153339,A,T,-,-,-,-,-,-,SCV006059950,-,-
2845238,single nucleotide variant,NM_000162.5(GCK):c.227C>A (p.Ser76Tyr),2645,GCK,HGNC:4195,Uncertain significance,0,"Feb 01, 2023",2484536033,-,RCV003482699,MedGen:C3661900,not provided,unknown,unknown,GRCh37,NC_000007.13,7,44192006,44192006,na,na,7p13,"criteria provided, single submitter",1,-,N,ClinGen:CA367403060,2,2684203,44192006,G,T,-,-,-,-,-,-,SCV004229658,-,-
2845238,single nucleotide variant,NM_000162.5(GCK):c.227C>A (p.Ser76Tyr),2645,GCK,HGNC:4195,Uncertain significance,0,"Feb 01, 2023",2484536033,-,RCV003482699,MedGen:C3661900,not provided,unknown,unknown,GRCh38,NC_000007.14,7,44152407,44152407,na,na,7p13,"criteria provided, single submitter",1,-,N,ClinGen:CA367403060,2,2684203,44152407,G,T,-,-,-,-,-,-,SCV004229658,-,-
2845239,single nucleotide variant,NM_000162.5(GCK):c.28G>A (p.Ala10Thr),2645,GCK,HGNC:4195,Uncertain significance,0,"Mar 11, 2024",1265357992,-,RCV003482700|RCV005036832,"MedGen:C3661900|Human Phenotype Ontology:HP:0005965,Human Phenotype Ontology:HP:0005978,Human Phenotype Ontology:HP:0100652,MONDO:MONDO:0005148,MeSH:D003924,MedGen:C0011860,OMIM:125853;MONDO:MONDO:0011236,MedGen:C1865290,OMIM:602485,Orphanet:79299;MONDO:MONDO:0100165,MedGen:C5393570,OMIM:606176;MONDO:MONDO:0007453,MedGen:C0342277,OMIM:125851,Orphanet:552",not provided|Type 2 diabetes mellitus;Hyperinsulinism due to glucokinase deficiency;Permanent neonatal diabetes mellitus 1;Maturity-onset diabetes of the young type 2,germline;unknown,germline,GRCh37,NC_000007.13,7,44228525,44228525,na,na,7p13,"criteria provided, multiple submitters, no conflicts",2,-,N,ClinGen:CA367358129,2,2684204,44228525,C,T,-,-,-,-,-,-,SCV004229659|SCV005668367,-,-
2845239,single nucleotide variant,NM_000162.5(GCK):c.28G>A (p.Ala10Thr),2645,GCK,HGNC:4195,Uncertain significance,0,"Mar 11, 2024",1265357992,-,RCV003482700|RCV005036832,"MedGen:C3661900|Human Phenotype Ontology:HP:0005965,Human Phenotype Ontology:HP:0005978,Human Phenotype Ontology:HP:0100652,MONDO:MONDO:0005148,MeSH:D003924,MedGen:C0011860,OMIM:125853;MONDO:MONDO:0011236,MedGen:C1865290,OMIM:602485,Orphanet:79299;MONDO:MONDO:0100165,MedGen:C5393570,OMIM:606176;MONDO:MONDO:0007453,MedGen:C0342277,OMIM:125851,Orphanet:552",not provided|Type 2 diabetes mellitus;Hyperinsulinism due to glucokinase deficiency;Permanent neonatal diabetes mellitus 1;Maturity-onset diabetes of the young type 2,germline;unknown,germline,GRCh38,NC_000007.14,7,44188926,44188926,na,na,7p13,"criteria provided, multiple submitters, no conflicts",2,-,N,ClinGen:CA367358129,2,2684204,44188926,C,T,-,-,-,-,-,-,SCV004229659|SCV005668367,-,-
2845240,single nucleotide variant,NM_000162.5(GCK):c.343A>G (p.Met115Val),2645,GCK,HGNC:4195,Uncertain significance,0,"Jan 14, 2024",771677681,-,RCV003482701|RCV005036833,"MedGen:C3661900|Human Phenotype Ontology:HP:0005965,Human Phenotype Ontology:HP:0005978,Human Phenotype Ontology:HP:0100652,MONDO:MONDO:0005148,MeSH:D003924,MedGen:C0011860,OMIM:125853;MONDO:MONDO:0011236,MedGen:C1865290,OMIM:602485,Orphanet:79299;MONDO:MONDO:0100165,MedGen:C5393570,OMIM:606176;MONDO:MONDO:0007453,MedGen:C0342277,OMIM:125851,Orphanet:552",not provided|Type 2 diabetes mellitus;Hyperinsulinism due to glucokinase deficiency;Permanent neonatal diabetes mellitus 1;Maturity-onset diabetes of the young type 2,germline;unknown,germline,GRCh37,NC_000007.13,7,44191890,44191890,na,na,7p13,"criteria provided, multiple submitters, no conflicts",2,-,N,ClinGen:CA4239673,2,2684205,44191890,T,C,-,-,-,-,-,-,SCV004229660|SCV005668356,-,-
2845240,single nucleotide variant,NM_000162.5(GCK):c.343A>G (p.Met115Val),2645,GCK,HGNC:4195,Uncertain significance,0,"Jan 14, 2024",771677681,-,RCV003482701|RCV005036833,"MedGen:C3661900|Human Phenotype Ontology:HP:0005965,Human Phenotype Ontology:HP:0005978,Human Phenotype Ontology:HP:0100652,MONDO:MONDO:0005148,MeSH:D003924,MedGen:C0011860,OMIM:125853;MONDO:MONDO:0011236,MedGen:C1865290,OMIM:602485,Orphanet:79299;MONDO:MONDO:0100165,MedGen:C5393570,OMIM:606176;MONDO:MONDO:0007453,MedGen:C0342277,OMIM:125851,Orphanet:552",not provided|Type 2 diabetes mellitus;Hyperinsulinism due to glucokinase deficiency;Permanent neonatal diabetes mellitus 1;Maturity-onset diabetes of the young type 2,germline;unknown,germline,GRCh38,NC_000007.14,7,44152291,44152291,na,na,7p13,"criteria provided, multiple submitters, no conflicts",2,-,N,ClinGen:CA4239673,2,2684205,44152291,T,C,-,-,-,-,-,-,SCV004229660|SCV005668356,-,-
2845242,Deletion,NM_000162.3(GCK):c.46_54del,2645,GCK,HGNC:4195,Uncertain significance,0,"Nov 04, 2022",-1,-,RCV003482703,MedGen:C3661900,not provided,unknown,unknown,GRCh37,NC_000007.13,7,44193054,44193062,na,na,7p13,"criteria provided, single submitter",1,-,N,ClinGen:CA2697557255,2,2684207,44193053,TCTGCTCTAC,T,-,-,-,-,-,-,SCV004229662,-,-
2845242,Deletion,NM_000162.3(GCK):c.46_54del,2645,GCK,HGNC:4195,Uncertain significance,0,"Nov 04, 2022",-1,-,RCV003482703,MedGen:C3661900,not provided,unknown,unknown,GRCh38,NC_000007.14,7,44153455,44153463,na,na,7p13,"criteria provided, single submitter",1,-,N,ClinGen:CA2697557255,2,2684207,44153454,TCTGCTCTAC,T,-,-,-,-,-,-,SCV004229662,-,-
2845243,single nucleotide variant,NM_000162.5(GCK):c.557G>A (p.Arg186Gln),2645,GCK,HGNC:4195,Uncertain significance,0,"Mar 20, 2023",2096278714,-,RCV003482704,MedGen:C3661900,not provided,unknown,unknown,GRCh37,NC_000007.13,7,44189590,44189590,na,na,7p13,"criteria provided, single submitter",1,-,N,ClinGen:CA367401578,2,2684208,44189590,C,T,-,-,-,-,-,-,SCV004229664,-,-
2845243,single nucleotide variant,NM_000162.5(GCK):c.557G>A (p.Arg186Gln),2645,GCK,HGNC:4195,Uncertain significance,0,"Mar 20, 2023",2096278714,-,RCV003482704,MedGen:C3661900,not provided,unknown,unknown,GRCh38,NC_000007.14,7,44149991,44149991,na,na,7p13,"criteria provided, single submitter",1,-,N,ClinGen:CA367401578,2,2684208,44149991,C,T,-,-,-,-,-,-,SCV004229664,-,-
2845244,single nucleotide variant,NM_000162.5(GCK):c.632T>C (p.Ile211Thr),2645,GCK,HGNC:4195,Pathogenic,1,"Sep 02, 2023",1554335400,-,RCV003482705,MedGen:C3661900,not provided,unknown,unknown,GRCh37,NC_000007.13,7,44189406,44189406,na,na,7p13,"criteria provided, single submitter",1,-,N,ClinGen:CA367401287,2,2684209,44189406,A,G,-,-,-,-,-,-,SCV004229665,-,-
2845244,single nucleotide variant,NM_000162.5(GCK):c.632T>C (p.Ile211Thr),2645,GCK,HGNC:4195,Pathogenic,1,"Sep 02, 2023",1554335400,-,RCV003482705,MedGen:C3661900,not provided,unknown,unknown,GRCh38,NC_000007.14,7,44149807,44149807,na,na,7p13,"criteria provided, single submitter",1,-,N,ClinGen:CA367401287,2,2684209,44149807,A,G,-,-,-,-,-,-,SCV004229665,-,-
2845245,single nucleotide variant,NM_000162.5(GCK):c.666C>A (p.Val222=),2645,GCK,HGNC:4195,Uncertain significance,0,"Sep 04, 2023",193922318,-,RCV003482706,MedGen:C3661900,not provided,germline;unknown,germline,GRCh37,NC_000007.13,7,44189372,44189372,na,na,7p13,"criteria provided, multiple submitters, no conflicts",2,-,N,ClinGen:CA454608973,2,2684210,44189372,G,T,-,-,-,-,-,-,SCV004229666|SCV004363707,-,-
2845245,single nucleotide variant,NM_000162.5(GCK):c.666C>A (p.Val222=),2645,GCK,HGNC:4195,Uncertain significance,0,"Sep 04, 2023",193922318,-,RCV003482706,MedGen:C3661900,not provided,germline;unknown,germline,GRCh38,NC_000007.14,7,44149773,44149773,na,na,7p13,"criteria provided, multiple submitters, no conflicts",2,-,N,ClinGen:CA454608973,2,2684210,44149773,G,T,-,-,-,-,-,-,SCV004229666|SCV004363707,-,-
2845246,single nucleotide variant,NM_000162.5(GCK):c.679+3A>C,2645,GCK,HGNC:4195,Uncertain significance,0,"Jul 25, 2023",2484522141,-,RCV003482707,MedGen:C3661900,not provided,unknown,unknown,GRCh37,NC_000007.13,7,44189356,44189356,na,na,7p13,"criteria provided, single submitter",1,-,N,ClinGen:CA2697557252,2,2684211,44189356,T,G,-,-,-,-,-,-,SCV004229668,-,-
2845246,single nucleotide variant,NM_000162.5(GCK):c.679+3A>C,2645,GCK,HGNC:4195,Uncertain significance,0,"Jul 25, 2023",2484522141,-,RCV003482707,MedGen:C3661900,not provided,unknown,unknown,GRCh38,NC_000007.14,7,44149757,44149757,na,na,7p13,"criteria provided, single submitter",1,-,N,ClinGen:CA2697557252,2,2684211,44149757,T,G,-,-,-,-,-,-,SCV004229668,-,-
2845247,single nucleotide variant,NM_000162.5(GCK):c.741C>G (p.Asp247Glu),2645,GCK,HGNC:4195,Uncertain significance,0,"Dec 26, 2024",767476001,-,RCV003482708|RCV005062987,MedGen:C3661900|MedGen:CN169374,not provided|not specified,germline;unknown,germline,GRCh37,NC_000007.13,7,44187371,44187371,na,na,7p13,"criteria provided, multiple submitters, no conflicts",3,-,N,ClinGen:CA367400653,2,2684212,44187371,G,C,-,-,-,-,-,-,SCV004229670|SCV005725841|SCV006103985,-,-
2845247,single nucleotide variant,NM_000162.5(GCK):c.741C>G (p.Asp247Glu),2645,GCK,HGNC:4195,Uncertain significance,0,"Dec 26, 2024",767476001,-,RCV003482708|RCV005062987,MedGen:C3661900|MedGen:CN169374,not provided|not specified,germline;unknown,germline,GRCh38,NC_000007.14,7,44147772,44147772,na,na,7p13,"criteria provided, multiple submitters, no conflicts",3,-,N,ClinGen:CA367400653,2,2684212,44147772,G,C,-,-,-,-,-,-,SCV004229670|SCV005725841|SCV006103985,-,-
2845248,single nucleotide variant,NM_000162.5(GCK):c.964G>T (p.Glu322Ter),2645,GCK,HGNC:4195,Likely pathogenic,1,"Oct 15, 2022",763870160,-,RCV003482709,MedGen:C3661900,not provided,unknown,unknown,GRCh37,NC_000007.13,7,44186117,44186117,na,na,7p13,"criteria provided, single submitter",1,-,N,ClinGen:CA367399872,2,2684213,44186117,C,A,-,-,-,-,-,-,SCV004229671,-,-
2845248,single nucleotide variant,NM_000162.5(GCK):c.964G>T (p.Glu322Ter),2645,GCK,HGNC:4195,Likely pathogenic,1,"Oct 15, 2022",763870160,-,RCV003482709,MedGen:C3661900,not provided,unknown,unknown,GRCh38,NC_000007.14,7,44146518,44146518,na,na,7p13,"criteria provided, single submitter",1,-,N,ClinGen:CA367399872,2,2684213,44146518,C,A,-,-,-,-,-,-,SCV004229671,-,-
2850325,single nucleotide variant,NM_000525.4(KCNJ11):c.259G>A (p.Ala87Thr),3767,KCNJ11,HGNC:6257,Uncertain significance,0,"May 25, 2023",764444072,-,RCV003487952|RCV005356454,"MedGen:C3661900|MONDO:MONDO:0012522,MedGen:C1864623,OMIM:610582,Orphanet:99886;MONDO:MONDO:0011153,MedGen:C2931833,OMIM:601820,Orphanet:276580,Orphanet:276603;MONDO:MONDO:0014589,MedGen:C4225365,OMIM:616329,Orphanet:552;MONDO:MONDO:0030087,MedGen:C5394296,OMIM:618856","not provided|Diabetes mellitus, transient neonatal, 3;Hyperinsulinemic hypoglycemia, familial, 2;Maturity-onset diabetes of the young type 13;Diabetes mellitus, permanent neonatal 2",germline,germline,GRCh37,NC_000011.9,11,17409380,17409380,na,na,11p15.1,"criteria provided, multiple submitters, no conflicts",2,-,N,ClinGen:CA5902318,2,2689289,17409380,C,T,-,-,-,-,-,-,SCV004235868|SCV005918618,-,-
2850325,single nucleotide variant,NM_000525.4(KCNJ11):c.259G>A (p.Ala87Thr),3767,KCNJ11,HGNC:6257,Uncertain significance,0,"May 25, 2023",764444072,-,RCV003487952|RCV005356454,"MedGen:C3661900|MONDO:MONDO:0012522,MedGen:C1864623,OMIM:610582,Orphanet:99886;MONDO:MONDO:0011153,MedGen:C2931833,OMIM:601820,Orphanet:276580,Orphanet:276603;MONDO:MONDO:0014589,MedGen:C4225365,OMIM:616329,Orphanet:552;MONDO:MONDO:0030087,MedGen:C5394296,OMIM:618856","not provided|Diabetes mellitus, transient neonatal, 3;Hyperinsulinemic hypoglycemia, familial, 2;Maturity-onset diabetes of the young type 13;Diabetes mellitus, permanent neonatal 2",germline,germline,GRCh38,NC_000011.10,11,17387833,17387833,na,na,11p15.1,"criteria provided, multiple submitters, no conflicts",2,-,N,ClinGen:CA5902318,2,2689289,17387833,C,T,-,-,-,-,-,-,SCV004235868|SCV005918618,-,-
2851836,single nucleotide variant,NM_000352.6(ABCC8):c.553G>A (p.Val185Met),6833,ABCC8,HGNC:59,Uncertain significance,0,"May 13, 2025",747129513,-,RCV003489509,MedGen:C3661900,not provided,germline,germline,GRCh37,NC_000011.9,11,17485011,17485011,na,na,11p15.1,"criteria provided, multiple submitters, no conflicts",2,-,N,ClinGen:CA5903844,2,2690805,17485011,C,T,-,-,-,-,-,-,SCV004238853|SCV005819461,-,-
2851836,single nucleotide variant,NM_000352.6(ABCC8):c.553G>A (p.Val185Met),6833,ABCC8,HGNC:59,Uncertain significance,0,"May 13, 2025",747129513,-,RCV003489509,MedGen:C3661900,not provided,germline,germline,GRCh38,NC_000011.10,11,17463464,17463464,na,na,11p15.1,"criteria provided, multiple submitters, no conflicts",2,-,N,ClinGen:CA5903844,2,2690805,17463464,C,T,-,-,-,-,-,-,SCV004238853|SCV005819461,-,-
2852359,single nucleotide variant,NM_000352.6(ABCC8):c.1912T>C (p.Tyr638His),6833,ABCC8,HGNC:59,Uncertain significance,0,"Dec 19, 2023",750685008,-,RCV003489598,MedGen:CN169374,not specified,germline,germline,GRCh37,NC_000011.9,11,17450123,17450123,na,na,11p15.1,"criteria provided, single submitter",1,-,N,ClinGen:CA5903401,2,2691332,17450123,A,G,-,-,-,-,-,-,SCV004241323,-,-
2852359,single nucleotide variant,NM_000352.6(ABCC8):c.1912T>C (p.Tyr638His),6833,ABCC8,HGNC:59,Uncertain significance,0,"Dec 19, 2023",750685008,-,RCV003489598,MedGen:CN169374,not specified,germline,germline,GRCh38,NC_000011.10,11,17428576,17428576,na,na,11p15.1,"criteria provided, single submitter",1,-,N,ClinGen:CA5903401,2,2691332,17428576,A,G,-,-,-,-,-,-,SCV004241323,-,-
2852508,single nucleotide variant,NM_000162.5(GCK):c.30C>T (p.Ala10=),2645,GCK,HGNC:4195,Likely benign,0,"Dec 07, 2023",779084403,-,RCV003489725,MedGen:CN169374,not specified,germline,germline,GRCh37,NC_000007.13,7,44228523,44228523,na,na,7p13,"criteria provided, single submitter",1,-,N,ClinGen:CA4239797,2,2691485,44228523,G,A,-,-,-,-,-,-,SCV004241890,-,-
2852508,single nucleotide variant,NM_000162.5(GCK):c.30C>T (p.Ala10=),2645,GCK,HGNC:4195,Likely benign,0,"Dec 07, 2023",779084403,-,RCV003489725,MedGen:CN169374,not specified,germline,germline,GRCh38,NC_000007.14,7,44188924,44188924,na,na,7p13,"criteria provided, single submitter",1,-,N,ClinGen:CA4239797,2,2691485,44188924,G,A,-,-,-,-,-,-,SCV004241890,-,-
2852827,single nucleotide variant,NM_000162.5(GCK):c.1398A>T (p.Ter466Cys),2645,GCK,HGNC:4195,Pathogenic,1,"Jan 02, 2024",2484491222,-,RCV003494020,"MONDO:MONDO:0015967,MedGen:C3888631,Orphanet:183625",Monogenic diabetes,germline,germline,GRCh37,NC_000007.13,7,44184735,44184735,na,na,7p13,reviewed by expert panel,1,-,N,ClinGen:CA367396714,2,2691823,44184735,T,A,-,-,-,-,-,-,SCV004242340,-,-
2852827,single nucleotide variant,NM_000162.5(GCK):c.1398A>T (p.Ter466Cys),2645,GCK,HGNC:4195,Pathogenic,1,"Jan 02, 2024",2484491222,-,RCV003494020,"MONDO:MONDO:0015967,MedGen:C3888631,Orphanet:183625",Monogenic diabetes,germline,germline,GRCh38,NC_000007.14,7,44145136,44145136,na,na,7p13,reviewed by expert panel,1,-,N,ClinGen:CA367396714,2,2691823,44145136,T,A,-,-,-,-,-,-,SCV004242340,-,-
2852828,single nucleotide variant,NM_000162.5(GCK):c.1306A>T (p.Ile436Phe),2645,GCK,HGNC:4195,Likely pathogenic,1,"Jan 22, 2024",755498926,-,RCV003494021,"MONDO:MONDO:0015967,MedGen:C3888631,Orphanet:183625",Monogenic diabetes,germline,germline,GRCh37,NC_000007.13,7,44184827,44184827,na,na,7p13,reviewed by expert panel,1,-,N,ClinGen:CA367397094,2,2691824,44184827,T,A,-,-,-,-,-,-,SCV004242344,-,-
2852828,single nucleotide variant,NM_000162.5(GCK):c.1306A>T (p.Ile436Phe),2645,GCK,HGNC:4195,Likely pathogenic,1,"Jan 22, 2024",755498926,-,RCV003494021,"MONDO:MONDO:0015967,MedGen:C3888631,Orphanet:183625",Monogenic diabetes,germline,germline,GRCh38,NC_000007.14,7,44145228,44145228,na,na,7p13,reviewed by expert panel,1,-,N,ClinGen:CA367397094,2,2691824,44145228,T,A,-,-,-,-,-,-,SCV004242344,-,-
2852829,Deletion,NM_000162.5(GCK):c.1144del (p.Cys382fs),2645,GCK,HGNC:4195,Pathogenic,1,"Jul 28, 2025",2484497283,-,RCV003494022,"MONDO:MONDO:0015967,MedGen:C3888631,Orphanet:183625",Monogenic diabetes,germline,germline,GRCh37,NC_000007.13,7,44185205,44185205,na,na,7p13,reviewed by expert panel,1,-,N,ClinGen:CA2580612100,2,2691825,44185204,CA,C,-,-,-,-,-,-,SCV004242347,-,-
2852829,Deletion,NM_000162.5(GCK):c.1144del (p.Cys382fs),2645,GCK,HGNC:4195,Pathogenic,1,"Jul 28, 2025",2484497283,-,RCV003494022,"MONDO:MONDO:0015967,MedGen:C3888631,Orphanet:183625",Monogenic diabetes,germline,germline,GRCh38,NC_000007.14,7,44145606,44145606,na,na,7p13,reviewed by expert panel,1,-,N,ClinGen:CA2580612100,2,2691825,44145605,CA,C,-,-,-,-,-,-,SCV004242347,-,-
2852830,single nucleotide variant,NM_000162.5(GCK):c.630G>A (p.Met210Ile),2645,GCK,HGNC:4195,Pathogenic,1,"Jan 22, 2024",193922313,-,RCV003494023,"MONDO:MONDO:0015967,MedGen:C3888631,Orphanet:183625",Monogenic diabetes,germline,germline,GRCh37,NC_000007.13,7,44189408,44189408,na,na,7p13,reviewed by expert panel,1,-,N,ClinGen:CA367401296,2,2691826,44189408,C,T,-,-,-,-,-,-,SCV004242348,-,-
2852830,single nucleotide variant,NM_000162.5(GCK):c.630G>A (p.Met210Ile),2645,GCK,HGNC:4195,Pathogenic,1,"Jan 22, 2024",193922313,-,RCV003494023,"MONDO:MONDO:0015967,MedGen:C3888631,Orphanet:183625",Monogenic diabetes,germline,germline,GRCh38,NC_000007.14,7,44149809,44149809,na,na,7p13,reviewed by expert panel,1,-,N,ClinGen:CA367401296,2,2691826,44149809,C,T,-,-,-,-,-,-,SCV004242348,-,-
2852831,single nucleotide variant,NM_000162.5(GCK):c.622G>C (p.Ala208Pro),2645,GCK,HGNC:4195,Likely pathogenic,1,"Jan 22, 2024",1476637197,-,RCV003494024,"MONDO:MONDO:0015967,MedGen:C3888631,Orphanet:183625",Monogenic diabetes,germline,germline,GRCh37,NC_000007.13,7,44189416,44189416,na,na,7p13,reviewed by expert panel,1,-,N,ClinGen:CA367401320,2,2691827,44189416,C,G,-,-,-,-,-,-,SCV004242349,-,-
2852831,single nucleotide variant,NM_000162.5(GCK):c.622G>C (p.Ala208Pro),2645,GCK,HGNC:4195,Likely pathogenic,1,"Jan 22, 2024",1476637197,-,RCV003494024,"MONDO:MONDO:0015967,MedGen:C3888631,Orphanet:183625",Monogenic diabetes,germline,germline,GRCh38,NC_000007.14,7,44149817,44149817,na,na,7p13,reviewed by expert panel,1,-,N,ClinGen:CA367401320,2,2691827,44149817,C,G,-,-,-,-,-,-,SCV004242349,-,-
2852832,single nucleotide variant,NM_000162.5(GCK):c.113A>T (p.Gln38Leu),2645,GCK,HGNC:4195,Likely pathogenic,1,"Jan 05, 2024",1064794268,-,RCV003494025,"MONDO:MONDO:0015967,MedGen:C3888631,Orphanet:183625",Monogenic diabetes,germline,germline,GRCh37,NC_000007.13,7,44192995,44192995,na,na,7p13,reviewed by expert panel,1,-,N,ClinGen:CA367403522,2,2691828,44192995,T,A,-,-,-,-,-,-,SCV004242350,-,-
2852832,single nucleotide variant,NM_000162.5(GCK):c.113A>T (p.Gln38Leu),2645,GCK,HGNC:4195,Likely pathogenic,1,"Jan 05, 2024",1064794268,-,RCV003494025,"MONDO:MONDO:0015967,MedGen:C3888631,Orphanet:183625",Monogenic diabetes,germline,germline,GRCh38,NC_000007.14,7,44153396,44153396,na,na,7p13,reviewed by expert panel,1,-,N,ClinGen:CA367403522,2,2691828,44153396,T,A,-,-,-,-,-,-,SCV004242350,-,-
2852833,single nucleotide variant,NM_000162.5(GCK):c.521C>T (p.Ser174Leu),2645,GCK,HGNC:4195,Pathogenic,1,"Jan 22, 2024",2484524286,-,RCV003494026|RCV003908985|RCV006478712,"MONDO:MONDO:0015967,MedGen:C3888631,Orphanet:183625||MedGen:C3661900",Monogenic diabetes|GCK-related disorder|not provided,germline,germline,GRCh37,NC_000007.13,7,44189626,44189626,na,na,7p13,reviewed by expert panel,3,-,N,ClinGen:CA367401688,2,2691829,44189626,G,A,-,-,-,-,-,-,SCV004242351,-,-
2852833,single nucleotide variant,NM_000162.5(GCK):c.521C>T (p.Ser174Leu),2645,GCK,HGNC:4195,Pathogenic,1,"Jan 22, 2024",2484524286,-,RCV003494026|RCV003908985|RCV006478712,"MONDO:MONDO:0015967,MedGen:C3888631,Orphanet:183625||MedGen:C3661900",Monogenic diabetes|GCK-related disorder|not provided,germline,germline,GRCh38,NC_000007.14,7,44150027,44150027,na,na,7p13,reviewed by expert panel,3,-,N,ClinGen:CA367401688,2,2691829,44150027,G,A,-,-,-,-,-,-,SCV004242351,-,-
2852834,single nucleotide variant,NM_000162.5(GCK):c.749G>C (p.Arg250Pro),2645,GCK,HGNC:4195,Uncertain significance,0,"Feb 02, 2024",370375148,-,RCV003494027,"MONDO:MONDO:0015967,MedGen:C3888631,Orphanet:183625",Monogenic diabetes,germline,germline,GRCh37,NC_000007.13,7,44187363,44187363,na,na,7p13,reviewed by expert panel,1,-,N,ClinGen:CA367400637,2,2691830,44187363,C,G,-,-,-,-,-,-,SCV004242358,-,-
2852834,single nucleotide variant,NM_000162.5(GCK):c.749G>C (p.Arg250Pro),2645,GCK,HGNC:4195,Uncertain significance,0,"Feb 02, 2024",370375148,-,RCV003494027,"MONDO:MONDO:0015967,MedGen:C3888631,Orphanet:183625",Monogenic diabetes,germline,germline,GRCh38,NC_000007.14,7,44147764,44147764,na,na,7p13,reviewed by expert panel,1,-,N,ClinGen:CA367400637,2,2691830,44147764,C,G,-,-,-,-,-,-,SCV004242358,-,-
2852835,single nucleotide variant,NM_000162.5(GCK):c.679+3A>T,2645,GCK,HGNC:4195,Likely pathogenic,1,"Sep 17, 2025",2484522141,-,RCV003494028,"MONDO:MONDO:0015967,MedGen:C3888631,Orphanet:183625",Monogenic diabetes,germline,germline,GRCh37,NC_000007.13,7,44189356,44189356,na,na,7p13,reviewed by expert panel,1,-,N,ClinGen:CA2529312623,2,2691831,44189356,T,A,-,-,-,-,-,-,SCV004242359,-,-
2852835,single nucleotide variant,NM_000162.5(GCK):c.679+3A>T,2645,GCK,HGNC:4195,Likely pathogenic,1,"Sep 17, 2025",2484522141,-,RCV003494028,"MONDO:MONDO:0015967,MedGen:C3888631,Orphanet:183625",Monogenic diabetes,germline,germline,GRCh38,NC_000007.14,7,44149757,44149757,na,na,7p13,reviewed by expert panel,1,-,N,ClinGen:CA2529312623,2,2691831,44149757,T,A,-,-,-,-,-,-,SCV004242359,-,-
2852836,single nucleotide variant,NM_000162.5(GCK):c.676G>C (p.Val226Leu),2645,GCK,HGNC:4195,Uncertain significance,0,"Feb 02, 2024",148311934,-,RCV003494029,"MONDO:MONDO:0015967,MedGen:C3888631,Orphanet:183625",Monogenic diabetes,germline,germline,GRCh37,NC_000007.13,7,44189362,44189362,na,na,7p13,reviewed by expert panel,1,-,N,ClinGen:CA367401125,2,2691832,44189362,C,G,-,-,-,-,-,-,SCV004242360,-,-
2852836,single nucleotide variant,NM_000162.5(GCK):c.676G>C (p.Val226Leu),2645,GCK,HGNC:4195,Uncertain significance,0,"Feb 02, 2024",148311934,-,RCV003494029,"MONDO:MONDO:0015967,MedGen:C3888631,Orphanet:183625",Monogenic diabetes,germline,germline,GRCh38,NC_000007.14,7,44149763,44149763,na,na,7p13,reviewed by expert panel,1,-,N,ClinGen:CA367401125,2,2691832,44149763,C,G,-,-,-,-,-,-,SCV004242360,-,-
2852837,single nucleotide variant,NM_000162.5(GCK):c.110T>A (p.Met37Lys),2645,GCK,HGNC:4195,Uncertain significance,0,"Feb 02, 2024",2484540129,-,RCV003494030,"MONDO:MONDO:0015967,MedGen:C3888631,Orphanet:183625",Monogenic diabetes,germline,germline,GRCh37,NC_000007.13,7,44192998,44192998,na,na,7p13,reviewed by expert panel,1,-,N,ClinGen:CA367403546,2,2691833,44192998,A,T,-,-,-,-,-,-,SCV004242362,-,-
2852837,single nucleotide variant,NM_000162.5(GCK):c.110T>A (p.Met37Lys),2645,GCK,HGNC:4195,Uncertain significance,0,"Feb 02, 2024",2484540129,-,RCV003494030,"MONDO:MONDO:0015967,MedGen:C3888631,Orphanet:183625",Monogenic diabetes,germline,germline,GRCh38,NC_000007.14,7,44153399,44153399,na,na,7p13,reviewed by expert panel,1,-,N,ClinGen:CA367403546,2,2691833,44153399,A,T,-,-,-,-,-,-,SCV004242362,-,-
2852838,single nucleotide variant,NM_000162.5(GCK):c.323A>T (p.Tyr108Phe),2645,GCK,HGNC:4195,Uncertain significance,0,"Jan 18, 2024",2484535259,-,RCV003494031,"MONDO:MONDO:0015967,MedGen:C3888631,Orphanet:183625",Monogenic diabetes,germline,germline,GRCh37,NC_000007.13,7,44191910,44191910,na,na,7p13,reviewed by expert panel,1,-,N,ClinGen:CA367402683,2,2691834,44191910,T,A,-,-,-,-,-,-,SCV004242365,-,-
2852838,single nucleotide variant,NM_000162.5(GCK):c.323A>T (p.Tyr108Phe),2645,GCK,HGNC:4195,Uncertain significance,0,"Jan 18, 2024",2484535259,-,RCV003494031,"MONDO:MONDO:0015967,MedGen:C3888631,Orphanet:183625",Monogenic diabetes,germline,germline,GRCh38,NC_000007.14,7,44152311,44152311,na,na,7p13,reviewed by expert panel,1,-,N,ClinGen:CA367402683,2,2691834,44152311,T,A,-,-,-,-,-,-,SCV004242365,-,-
2852839,single nucleotide variant,NM_000162.5(GCK):c.659G>T (p.Cys220Phe),2645,GCK,HGNC:4195,Uncertain significance,0,"Jan 18, 2024",193922316,-,RCV003494032|RCV003565693,"MONDO:MONDO:0015967,MedGen:C3888631,Orphanet:183625|MedGen:C3661900",Monogenic diabetes|not provided,germline,germline,GRCh37,NC_000007.13,7,44189379,44189379,na,na,7p13,reviewed by expert panel,2,-,N,ClinGen:CA367401193,2,2691835,44189379,C,A,-,-,-,-,-,-,SCV004242368,-,-
2852839,single nucleotide variant,NM_000162.5(GCK):c.659G>T (p.Cys220Phe),2645,GCK,HGNC:4195,Uncertain significance,0,"Jan 18, 2024",193922316,-,RCV003494032|RCV003565693,"MONDO:MONDO:0015967,MedGen:C3888631,Orphanet:183625|MedGen:C3661900",Monogenic diabetes|not provided,germline,germline,GRCh38,NC_000007.14,7,44149780,44149780,na,na,7p13,reviewed by expert panel,2,-,N,ClinGen:CA367401193,2,2691835,44149780,C,A,-,-,-,-,-,-,SCV004242368,-,-
2854874,Insertion,NM_000162.5(GCK):c.1141_1142insCATA (p.Met381fs),2645,GCK,HGNC:4195,Pathogenic,1,"Jan 25, 2024",2484497363,-,RCV003551832,MedGen:C3661900,not provided,germline,germline,GRCh37,NC_000007.13,7,44185207,44185208,na,na,7p13,"criteria provided, single submitter",1,-,N,ClinGen:CA2697557249,2,2698583,44185207,A,ATATG,-,-,-,-,-,-,SCV004252777,-,-
2854874,Insertion,NM_000162.5(GCK):c.1141_1142insCATA (p.Met381fs),2645,GCK,HGNC:4195,Pathogenic,1,"Jan 25, 2024",2484497363,-,RCV003551832,MedGen:C3661900,not provided,germline,germline,GRCh38,NC_000007.14,7,44145608,44145609,na,na,7p13,"criteria provided, single submitter",1,-,N,ClinGen:CA2697557249,2,2698583,44145608,A,ATATG,-,-,-,-,-,-,SCV004252777,-,-
2854970,single nucleotide variant,NM_000162.5(GCK):c.679+8C>G,2645,GCK,HGNC:4195,Likely benign,0,"Nov 24, 2023",1281256686,-,RCV003551869,MedGen:C3661900,not provided,germline,germline,GRCh37,NC_000007.13,7,44189351,44189351,na,na,7p13,"criteria provided, single submitter",1,-,N,ClinGen:CA2697557251,2,2698679,44189351,G,C,-,-,-,-,-,-,SCV004249549,-,-
2854970,single nucleotide variant,NM_000162.5(GCK):c.679+8C>G,2645,GCK,HGNC:4195,Likely benign,0,"Nov 24, 2023",1281256686,-,RCV003551869,MedGen:C3661900,not provided,germline,germline,GRCh38,NC_000007.14,7,44149752,44149752,na,na,7p13,"criteria provided, single submitter",1,-,N,ClinGen:CA2697557251,2,2698679,44149752,G,C,-,-,-,-,-,-,SCV004249549,-,-
2855353,single nucleotide variant,NM_000352.6(ABCC8):c.823-19C>T,6833,ABCC8,HGNC:59,Likely benign,0,"Dec 02, 2023",1425396182,-,RCV003547187,MedGen:C3661900,not provided,germline,germline,GRCh37,NC_000011.9,11,17482242,17482242,na,na,11p15.1,"criteria provided, single submitter",1,-,N,ClinGen:CA597904603,2,2700354,17482242,G,A,-,-,-,-,-,-,SCV004249781,-,-
2855353,single nucleotide variant,NM_000352.6(ABCC8):c.823-19C>T,6833,ABCC8,HGNC:59,Likely benign,0,"Dec 02, 2023",1425396182,-,RCV003547187,MedGen:C3661900,not provided,germline,germline,GRCh38,NC_000011.10,11,17460695,17460695,na,na,11p15.1,"criteria provided, single submitter",1,-,N,ClinGen:CA597904603,2,2700354,17460695,G,A,-,-,-,-,-,-,SCV004249781,-,-
2856023,single nucleotide variant,NM_000162.5(GCK):c.1219G>C (p.Gly407Arg),2645,GCK,HGNC:4195,Uncertain significance,0,"Feb 13, 2024",2096271295,-,RCV003577301,MedGen:C3661900,not provided,germline,germline,GRCh37,NC_000007.13,7,44185130,44185130,na,na,7p13,"criteria provided, single submitter",1,-,N,ClinGen:CA367398355,2,2702306,44185130,C,G,-,-,-,-,-,-,SCV004366167,-,-
2856023,single nucleotide variant,NM_000162.5(GCK):c.1219G>C (p.Gly407Arg),2645,GCK,HGNC:4195,Uncertain significance,0,"Feb 13, 2024",2096271295,-,RCV003577301,MedGen:C3661900,not provided,germline,germline,GRCh38,NC_000007.14,7,44145531,44145531,na,na,7p13,"criteria provided, single submitter",1,-,N,ClinGen:CA367398355,2,2702306,44145531,C,G,-,-,-,-,-,-,SCV004366167,-,-
2856172,single nucleotide variant,NM_000352.6(ABCC8):c.1999G>A (p.Val667Ile),6833,ABCC8,HGNC:59,Uncertain significance,0,"Dec 17, 2023",2496667766,-,RCV003579474,MedGen:C3661900,not provided,germline,germline,GRCh37,NC_000011.9,11,17449877,17449877,na,na,11p15.1,"criteria provided, single submitter",1,-,N,ClinGen:CA379815210,2,2703745,17449877,C,T,-,-,-,-,-,-,SCV004366713,-,-
2856172,single nucleotide variant,NM_000352.6(ABCC8):c.1999G>A (p.Val667Ile),6833,ABCC8,HGNC:59,Uncertain significance,0,"Dec 17, 2023",2496667766,-,RCV003579474,MedGen:C3661900,not provided,germline,germline,GRCh38,NC_000011.10,11,17428330,17428330,na,na,11p15.1,"criteria provided, single submitter",1,-,N,ClinGen:CA379815210,2,2703745,17428330,C,T,-,-,-,-,-,-,SCV004366713,-,-
2857455,single nucleotide variant,NM_000352.6(ABCC8):c.1777C>T (p.Leu593=),6833,ABCC8,HGNC:59,Likely benign,0,"Jun 06, 2023",2496688365,-,RCV003544275,MedGen:C3661900,not provided,germline,germline,GRCh37,NC_000011.9,11,17452401,17452401,na,na,11p15.1,"criteria provided, single submitter",1,-,N,ClinGen:CA473302830,2,2694748,17452401,G,A,-,-,-,-,-,-,SCV004248577,-,-
2857455,single nucleotide variant,NM_000352.6(ABCC8):c.1777C>T (p.Leu593=),6833,ABCC8,HGNC:59,Likely benign,0,"Jun 06, 2023",2496688365,-,RCV003544275,MedGen:C3661900,not provided,germline,germline,GRCh38,NC_000011.10,11,17430854,17430854,na,na,11p15.1,"criteria provided, single submitter",1,-,N,ClinGen:CA473302830,2,2694748,17430854,G,A,-,-,-,-,-,-,SCV004248577,-,-
2858240,single nucleotide variant,NM_000352.6(ABCC8):c.1818-2A>C,6833,ABCC8,HGNC:59,Likely pathogenic,1,"Nov 17, 2023",2496672683,-,RCV003543161,MedGen:C3661900,not provided,germline,germline,GRCh37,NC_000011.9,11,17450219,17450219,na,na,11p15.1,"criteria provided, single submitter",1,-,N,ClinGen:CA379816119,2,2696821,17450219,T,G,-,-,-,-,-,-,SCV004248080,-,-
2858240,single nucleotide variant,NM_000352.6(ABCC8):c.1818-2A>C,6833,ABCC8,HGNC:59,Likely pathogenic,1,"Nov 17, 2023",2496672683,-,RCV003543161,MedGen:C3661900,not provided,germline,germline,GRCh38,NC_000011.10,11,17428672,17428672,na,na,11p15.1,"criteria provided, single submitter",1,-,N,ClinGen:CA379816119,2,2696821,17428672,T,G,-,-,-,-,-,-,SCV004248080,-,-
2858644,Deletion,NM_000162.5(GCK):c.1297_1311del (p.Ser433_Thr437del),2645,GCK,HGNC:4195,Uncertain significance,0,"Dec 28, 2023",2484492763,-,RCV003551796,MedGen:C3661900,not provided,germline,germline,GRCh37,NC_000007.13,7,44184822,44184836,na,na,7p13,"criteria provided, single submitter",1,-,N,ClinGen:CA2697557239,2,2698504,44184821,AGGTGATCTCGCAGCT,A,-,-,-,-,-,-,SCV004252692,-,-
2858644,Deletion,NM_000162.5(GCK):c.1297_1311del (p.Ser433_Thr437del),2645,GCK,HGNC:4195,Uncertain significance,0,"Dec 28, 2023",2484492763,-,RCV003551796,MedGen:C3661900,not provided,germline,germline,GRCh38,NC_000007.14,7,44145223,44145237,na,na,7p13,"criteria provided, single submitter",1,-,N,ClinGen:CA2697557239,2,2698504,44145222,AGGTGATCTCGCAGCT,A,-,-,-,-,-,-,SCV004252692,-,-
2859052,single nucleotide variant,NM_000162.5(GCK):c.476T>C (p.Ile159Thr),2645,GCK,HGNC:4195,Uncertain significance,0,"Jan 27, 2024",2484529294,-,RCV003547122,MedGen:C3661900,not provided,germline,germline,GRCh37,NC_000007.13,7,44190562,44190562,na,na,7p13,"criteria provided, single submitter",1,-,N,ClinGen:CA367401855,2,2700200,44190562,A,G,-,-,-,-,-,-,SCV004253162,-,-
2859052,single nucleotide variant,NM_000162.5(GCK):c.476T>C (p.Ile159Thr),2645,GCK,HGNC:4195,Uncertain significance,0,"Jan 27, 2024",2484529294,-,RCV003547122,MedGen:C3661900,not provided,germline,germline,GRCh38,NC_000007.14,7,44150963,44150963,na,na,7p13,"criteria provided, single submitter",1,-,N,ClinGen:CA367401855,2,2700200,44150963,A,G,-,-,-,-,-,-,SCV004253162,-,-
2859153,Deletion,NM_000352.6(ABCC8):c.4400del (p.Pro1467fs),6833,ABCC8,HGNC:59,Pathogenic,1,"Dec 01, 2023",2496445175,-,RCV003547162,MedGen:C3661900,not provided,germline,germline,GRCh37,NC_000011.9,11,17416730,17416730,na,na,11p15.1,"criteria provided, single submitter",1,-,N,ClinGen:CA2574768359,2,2700301,17416729,TG,T,-,-,-,-,-,-,SCV004253267,-,-
2859153,Deletion,NM_000352.6(ABCC8):c.4400del (p.Pro1467fs),6833,ABCC8,HGNC:59,Pathogenic,1,"Dec 01, 2023",2496445175,-,RCV003547162,MedGen:C3661900,not provided,germline,germline,GRCh38,NC_000011.10,11,17395183,17395183,na,na,11p15.1,"criteria provided, single submitter",1,-,N,ClinGen:CA2574768359,2,2700301,17395182,TG,T,-,-,-,-,-,-,SCV004253267,-,-
2859172,Deletion,NM_000162.5(GCK):c.698_700del (p.Cys233del),2645,GCK,HGNC:4195,Uncertain significance,0,"Dec 26, 2023",2484514922,-,RCV003549749,MedGen:C3661900,not provided,germline,germline,GRCh37,NC_000007.13,7,44187412,44187414,na,na,7p13,"criteria provided, single submitter",1,-,N,ClinGen:CA2697557250,2,2701589,44187411,TAGC,T,-,-,-,-,-,-,SCV004251377,-,-
2859172,Deletion,NM_000162.5(GCK):c.698_700del (p.Cys233del),2645,GCK,HGNC:4195,Uncertain significance,0,"Dec 26, 2023",2484514922,-,RCV003549749,MedGen:C3661900,not provided,germline,germline,GRCh38,NC_000007.14,7,44147813,44147815,na,na,7p13,"criteria provided, single submitter",1,-,N,ClinGen:CA2697557250,2,2701589,44147812,TAGC,T,-,-,-,-,-,-,SCV004251377,-,-
2859215,single nucleotide variant,NM_000352.6(ABCC8):c.4623C>T (p.Thr1541=),6833,ABCC8,HGNC:59,Likely benign,0,"Dec 09, 2023",2496430165,-,RCV003549778,MedGen:C3661900,not provided,germline,germline,GRCh37,NC_000011.9,11,17414661,17414661,na,na,11p15.1,"criteria provided, single submitter",1,-,N,ClinGen:CA473297994,2,2701632,17414661,G,A,-,-,-,-,-,-,SCV004251421,-,-
2859215,single nucleotide variant,NM_000352.6(ABCC8):c.4623C>T (p.Thr1541=),6833,ABCC8,HGNC:59,Likely benign,0,"Dec 09, 2023",2496430165,-,RCV003549778,MedGen:C3661900,not provided,germline,germline,GRCh38,NC_000011.10,11,17393114,17393114,na,na,11p15.1,"criteria provided, single submitter",1,-,N,ClinGen:CA473297994,2,2701632,17393114,G,A,-,-,-,-,-,-,SCV004251421,-,-
2860323,single nucleotide variant,NM_000352.6(ABCC8):c.2391-4C>G,6833,ABCC8,HGNC:59,Likely benign,0,"Jan 02, 2024",2496578902,-,RCV003575340,MedGen:C3661900,not provided,germline,germline,GRCh37,NC_000011.9,11,17435029,17435029,na,na,11p15.1,"criteria provided, single submitter",1,-,N,ClinGen:CA2697548459,2,2705315,17435029,G,C,-,-,-,-,-,-,SCV004368387,-,-
2860323,single nucleotide variant,NM_000352.6(ABCC8):c.2391-4C>G,6833,ABCC8,HGNC:59,Likely benign,0,"Jan 02, 2024",2496578902,-,RCV003575340,MedGen:C3661900,not provided,germline,germline,GRCh38,NC_000011.10,11,17413482,17413482,na,na,11p15.1,"criteria provided, single submitter",1,-,N,ClinGen:CA2697548459,2,2705315,17413482,G,C,-,-,-,-,-,-,SCV004368387,-,-
2860423,single nucleotide variant,NM_000162.5(GCK):c.379T>G (p.Ser127Ala),2645,GCK,HGNC:4195,Uncertain significance,0,"Jan 10, 2024",2096280167,-,RCV003575387,MedGen:C3661900,not provided,germline,germline,GRCh37,NC_000007.13,7,44190659,44190659,na,na,7p13,"criteria provided, single submitter",1,-,N,ClinGen:CA367402181,2,2705415,44190659,A,C,-,-,-,-,-,-,SCV004364458,-,-
2860423,single nucleotide variant,NM_000162.5(GCK):c.379T>G (p.Ser127Ala),2645,GCK,HGNC:4195,Uncertain significance,0,"Jan 10, 2024",2096280167,-,RCV003575387,MedGen:C3661900,not provided,germline,germline,GRCh38,NC_000007.14,7,44151060,44151060,na,na,7p13,"criteria provided, single submitter",1,-,N,ClinGen:CA367402181,2,2705415,44151060,A,C,-,-,-,-,-,-,SCV004364458,-,-
2861472,single nucleotide variant,NM_000352.6(ABCC8):c.2557-12C>A,6833,ABCC8,HGNC:59,Likely benign,0,"Nov 27, 2023",2133461675,-,RCV003551504,MedGen:C3661900,not provided,germline,germline,GRCh37,NC_000011.9,11,17432212,17432212,na,na,11p15.1,"criteria provided, single submitter",1,-,N,ClinGen:CA2697548449,2,2697910,17432212,G,T,-,-,-,-,-,-,SCV004249388,-,-
2861472,single nucleotide variant,NM_000352.6(ABCC8):c.2557-12C>A,6833,ABCC8,HGNC:59,Likely benign,0,"Nov 27, 2023",2133461675,-,RCV003551504,MedGen:C3661900,not provided,germline,germline,GRCh38,NC_000011.10,11,17410665,17410665,na,na,11p15.1,"criteria provided, single submitter",1,-,N,ClinGen:CA2697548449,2,2697910,17410665,G,T,-,-,-,-,-,-,SCV004249388,-,-
2861553,single nucleotide variant,NM_000352.6(ABCC8):c.1412C>A (p.Ala471Asp),6833,ABCC8,HGNC:59,Uncertain significance,0,"Nov 21, 2023",780283224,-,RCV003551545,MedGen:C3661900,not provided,germline;unknown,germline,GRCh37,NC_000011.9,11,17464780,17464780,na,na,11p15.1,"criteria provided, multiple submitters, no conflicts",2,-,N,ClinGen:CA379767075,2,2697991,17464780,G,T,-,-,-,-,-,-,SCV004249472|SCV005621331,-,-
2861553,single nucleotide variant,NM_000352.6(ABCC8):c.1412C>A (p.Ala471Asp),6833,ABCC8,HGNC:59,Uncertain significance,0,"Nov 21, 2023",780283224,-,RCV003551545,MedGen:C3661900,not provided,germline;unknown,germline,GRCh38,NC_000011.10,11,17443233,17443233,na,na,11p15.1,"criteria provided, multiple submitters, no conflicts",2,-,N,ClinGen:CA379767075,2,2697991,17443233,G,T,-,-,-,-,-,-,SCV004249472|SCV005621331,-,-
2861670,single nucleotide variant,NM_000352.6(ABCC8):c.3264A>G (p.Thr1088=),6833,ABCC8,HGNC:59,Likely benign,0,"Dec 25, 2023",777990215,-,RCV003551608,MedGen:C3661900,not provided,germline,germline,GRCh37,NC_000011.9,11,17428234,17428234,na,na,11p15.1,"criteria provided, single submitter",1,-,N,ClinGen:CA5902877,2,2698108,17428234,T,C,-,-,-,-,-,-,SCV004251613,-,-
2861670,single nucleotide variant,NM_000352.6(ABCC8):c.3264A>G (p.Thr1088=),6833,ABCC8,HGNC:59,Likely benign,0,"Dec 25, 2023",777990215,-,RCV003551608,MedGen:C3661900,not provided,germline,germline,GRCh38,NC_000011.10,11,17406687,17406687,na,na,11p15.1,"criteria provided, single submitter",1,-,N,ClinGen:CA5902877,2,2698108,17406687,T,C,-,-,-,-,-,-,SCV004251613,-,-
2862164,single nucleotide variant,NM_000162.5(GCK):c.1327G>A (p.Glu443Lys),2645,GCK,HGNC:4195,Uncertain significance,0,"Sep 23, 2024",1562711915,-,RCV003549568|RCV004690420,MedGen:C3661900|MedGen:CN169374,not provided|not specified,germline,germline,GRCh37,NC_000007.13,7,44184806,44184806,na,na,7p13,"criteria provided, multiple submitters, no conflicts",2,-,N,ClinGen:CA367396999,2,2701170,44184806,C,T,-,-,-,-,-,-,SCV004250203|SCV005185911,-,-
2862164,single nucleotide variant,NM_000162.5(GCK):c.1327G>A (p.Glu443Lys),2645,GCK,HGNC:4195,Uncertain significance,0,"Sep 23, 2024",1562711915,-,RCV003549568|RCV004690420,MedGen:C3661900|MedGen:CN169374,not provided|not specified,germline,germline,GRCh38,NC_000007.14,7,44145207,44145207,na,na,7p13,"criteria provided, multiple submitters, no conflicts",2,-,N,ClinGen:CA367396999,2,2701170,44145207,C,T,-,-,-,-,-,-,SCV004250203|SCV005185911,-,-
2862289,Deletion,NM_000352.6(ABCC8):c.227del (p.Ile76fs),6833,ABCC8,HGNC:59,Pathogenic,1,"Dec 06, 2023",2496918974,-,RCV003549623,MedGen:C3661900,not provided,germline,germline,GRCh37,NC_000011.9,11,17496496,17496496,na,na,11p15.1,"criteria provided, single submitter",1,-,N,ClinGen:CA2697548463,2,2701295,17496495,GA,G,-,-,-,-,-,-,SCV004250421,-,-
2862289,Deletion,NM_000352.6(ABCC8):c.227del (p.Ile76fs),6833,ABCC8,HGNC:59,Pathogenic,1,"Dec 06, 2023",2496918974,-,RCV003549623,MedGen:C3661900,not provided,germline,germline,GRCh38,NC_000011.10,11,17474949,17474949,na,na,11p15.1,"criteria provided, single submitter",1,-,N,ClinGen:CA2697548463,2,2701295,17474948,GA,G,-,-,-,-,-,-,SCV004250421,-,-
2862516,single nucleotide variant,NM_000352.6(ABCC8):c.2695-5T>C,6833,ABCC8,HGNC:59,Likely benign,0,"Dec 09, 2023",2496543843,-,RCV003549711,MedGen:C3661900,not provided,germline,germline,GRCh37,NC_000011.9,11,17430069,17430069,na,na,11p15.1,"criteria provided, single submitter",1,-,N,ClinGen:CA2697548441,2,2701522,17430069,A,G,-,-,-,-,-,-,SCV004254520,-,-
2862516,single nucleotide variant,NM_000352.6(ABCC8):c.2695-5T>C,6833,ABCC8,HGNC:59,Likely benign,0,"Dec 09, 2023",2496543843,-,RCV003549711,MedGen:C3661900,not provided,germline,germline,GRCh38,NC_000011.10,11,17408522,17408522,na,na,11p15.1,"criteria provided, single submitter",1,-,N,ClinGen:CA2697548441,2,2701522,17408522,A,G,-,-,-,-,-,-,SCV004254520,-,-
2862543,single nucleotide variant,NM_000352.6(ABCC8):c.652C>T (p.Leu218=),6833,ABCC8,HGNC:59,Likely benign,0,"Dec 09, 2023",2496853989,-,RCV003549725,MedGen:C3661900,not provided,germline,germline,GRCh37,NC_000011.9,11,17483300,17483300,na,na,11p15.1,"criteria provided, single submitter",1,-,N,ClinGen:CA473516220,2,2701549,17483300,G,A,-,-,-,-,-,-,SCV004254549,-,-
2862543,single nucleotide variant,NM_000352.6(ABCC8):c.652C>T (p.Leu218=),6833,ABCC8,HGNC:59,Likely benign,0,"Dec 09, 2023",2496853989,-,RCV003549725,MedGen:C3661900,not provided,germline,germline,GRCh38,NC_000011.10,11,17461753,17461753,na,na,11p15.1,"criteria provided, single submitter",1,-,N,ClinGen:CA473516220,2,2701549,17461753,G,A,-,-,-,-,-,-,SCV004254549,-,-
2862618,single nucleotide variant,NM_000352.6(ABCC8):c.1329A>G (p.Val443=),6833,ABCC8,HGNC:59,Likely benign,0,"Dec 13, 2023",2496780637,-,RCV003577590,MedGen:C3661900,not provided,germline,germline,GRCh37,NC_000011.9,11,17470066,17470066,na,na,11p15.1,"criteria provided, single submitter",1,-,N,ClinGen:CA473299095,2,2702922,17470066,T,C,-,-,-,-,-,-,SCV004363799,-,-
2862618,single nucleotide variant,NM_000352.6(ABCC8):c.1329A>G (p.Val443=),6833,ABCC8,HGNC:59,Likely benign,0,"Dec 13, 2023",2496780637,-,RCV003577590,MedGen:C3661900,not provided,germline,germline,GRCh38,NC_000011.10,11,17448519,17448519,na,na,11p15.1,"criteria provided, single submitter",1,-,N,ClinGen:CA473299095,2,2702922,17448519,T,C,-,-,-,-,-,-,SCV004363799,-,-
2862837,single nucleotide variant,NM_000352.6(ABCC8):c.3400-8T>C,6833,ABCC8,HGNC:59,Likely benign,0,"Dec 14, 2023",2496514024,-,RCV003579174,MedGen:C3661900,not provided,germline,germline,GRCh37,NC_000011.9,11,17426224,17426224,na,na,11p15.1,"criteria provided, single submitter",1,-,N,ClinGen:CA2697548462,2,2703141,17426224,A,G,-,-,-,-,-,-,SCV004365053,-,-
2862837,single nucleotide variant,NM_000352.6(ABCC8):c.3400-8T>C,6833,ABCC8,HGNC:59,Likely benign,0,"Dec 14, 2023",2496514024,-,RCV003579174,MedGen:C3661900,not provided,germline,germline,GRCh38,NC_000011.10,11,17404677,17404677,na,na,11p15.1,"criteria provided, single submitter",1,-,N,ClinGen:CA2697548462,2,2703141,17404677,A,G,-,-,-,-,-,-,SCV004365053,-,-
2863235,single nucleotide variant,NM_000525.4(KCNJ11):c.31G>T (p.Glu11Ter),3767,KCNJ11,HGNC:6257,Pathogenic,1,"Dec 22, 2023",542961309,-,RCV003573151,MedGen:C3661900,not provided,germline,germline,GRCh37,NC_000011.9,11,17409608,17409608,na,na,11p15.1,"criteria provided, single submitter",1,-,N,ClinGen:CA379777663,2,2704823,17409608,C,A,-,-,-,-,-,-,SCV004366854,-,-
2863235,single nucleotide variant,NM_000525.4(KCNJ11):c.31G>T (p.Glu11Ter),3767,KCNJ11,HGNC:6257,Pathogenic,1,"Dec 22, 2023",542961309,-,RCV003573151,MedGen:C3661900,not provided,germline,germline,GRCh38,NC_000011.10,11,17388061,17388061,na,na,11p15.1,"criteria provided, single submitter",1,-,N,ClinGen:CA379777663,2,2704823,17388061,C,A,-,-,-,-,-,-,SCV004366854,-,-
2864657,single nucleotide variant,NM_000352.6(ABCC8):c.1284C>T (p.Leu428=),6833,ABCC8,HGNC:59,Likely benign,0,"Nov 14, 2023",552671722,-,RCV003542762,MedGen:C3661900,not provided,germline,germline,GRCh37,NC_000011.9,11,17470111,17470111,na,na,11p15.1,"criteria provided, single submitter",1,-,N,ClinGen:CA5903627,2,2695970,17470111,G,A,-,-,-,-,-,-,SCV004248268,-,-
2864657,single nucleotide variant,NM_000352.6(ABCC8):c.1284C>T (p.Leu428=),6833,ABCC8,HGNC:59,Likely benign,0,"Nov 14, 2023",552671722,-,RCV003542762,MedGen:C3661900,not provided,germline,germline,GRCh38,NC_000011.10,11,17448564,17448564,na,na,11p15.1,"criteria provided, single submitter",1,-,N,ClinGen:CA5903627,2,2695970,17448564,G,A,-,-,-,-,-,-,SCV004248268,-,-
2864715,single nucleotide variant,NM_000352.6(ABCC8):c.579+15T>A,6833,ABCC8,HGNC:59,Likely benign,0,"Nov 19, 2023",2496863995,-,RCV003549211,MedGen:C3661900,not provided,germline,germline,GRCh37,NC_000011.9,11,17484970,17484970,na,na,11p15.1,"criteria provided, single submitter",1,-,N,ClinGen:CA2697548467,2,2697318,17484970,A,T,-,-,-,-,-,-,SCV004250922,-,-
2864715,single nucleotide variant,NM_000352.6(ABCC8):c.579+15T>A,6833,ABCC8,HGNC:59,Likely benign,0,"Nov 19, 2023",2496863995,-,RCV003549211,MedGen:C3661900,not provided,germline,germline,GRCh38,NC_000011.10,11,17463423,17463423,na,na,11p15.1,"criteria provided, single submitter",1,-,N,ClinGen:CA2697548467,2,2697318,17463423,A,T,-,-,-,-,-,-,SCV004250922,-,-
2865875,Deletion,NM_000352.6(ABCC8):c.2953del (p.Leu985fs),6833,ABCC8,HGNC:59,Pathogenic,1,"Dec 10, 2023",2496532246,-,RCV003549503,MedGen:C3661900,not provided,germline,germline,GRCh37,NC_000011.9,11,17428644,17428644,na,na,11p15.1,"criteria provided, single submitter",1,-,N,ClinGen:CA2697548437,2,2701035,17428643,AG,A,-,-,-,-,-,-,SCV004250065,-,-
2865875,Deletion,NM_000352.6(ABCC8):c.2953del (p.Leu985fs),6833,ABCC8,HGNC:59,Pathogenic,1,"Dec 10, 2023",2496532246,-,RCV003549503,MedGen:C3661900,not provided,germline,germline,GRCh38,NC_000011.10,11,17407097,17407097,na,na,11p15.1,"criteria provided, single submitter",1,-,N,ClinGen:CA2697548437,2,2701035,17407096,AG,A,-,-,-,-,-,-,SCV004250065,-,-
2866731,single nucleotide variant,NM_000352.6(ABCC8):c.3663G>A (p.Arg1221=),6833,ABCC8,HGNC:59,Likely benign,0,"Jul 08, 2024",2496475788,-,RCV003572983,MedGen:C3661900,not provided,germline,germline,GRCh37,NC_000011.9,11,17419976,17419976,na,na,11p15.1,"criteria provided, single submitter",1,-,N,ClinGen:CA473299043,2,2704461,17419976,C,T,-,-,-,-,-,-,SCV004365455,-,-
2866731,single nucleotide variant,NM_000352.6(ABCC8):c.3663G>A (p.Arg1221=),6833,ABCC8,HGNC:59,Likely benign,0,"Jul 08, 2024",2496475788,-,RCV003572983,MedGen:C3661900,not provided,germline,germline,GRCh38,NC_000011.10,11,17398429,17398429,na,na,11p15.1,"criteria provided, single submitter",1,-,N,ClinGen:CA473299043,2,2704461,17398429,C,T,-,-,-,-,-,-,SCV004365455,-,-
2867452,single nucleotide variant,NM_000162.5(GCK):c.1004T>A (p.Val335Glu),2645,GCK,HGNC:4195,Uncertain significance,0,"Jan 11, 2024",2484506130,-,RCV003547805,MedGen:C3661900,not provided,germline,germline,GRCh37,NC_000007.13,7,44186077,44186077,na,na,7p13,"criteria provided, single submitter",1,-,N,ClinGen:CA367399733,2,2709042,44186077,A,T,-,-,-,-,-,-,SCV004259920,-,-
2867452,single nucleotide variant,NM_000162.5(GCK):c.1004T>A (p.Val335Glu),2645,GCK,HGNC:4195,Uncertain significance,0,"Jan 11, 2024",2484506130,-,RCV003547805,MedGen:C3661900,not provided,germline,germline,GRCh38,NC_000007.14,7,44146478,44146478,na,na,7p13,"criteria provided, single submitter",1,-,N,ClinGen:CA367399733,2,2709042,44146478,A,T,-,-,-,-,-,-,SCV004259920,-,-
2868010,single nucleotide variant,NM_000352.6(ABCC8):c.4608+7G>A,6833,ABCC8,HGNC:59,Likely benign,0,"Jan 22, 2024",779032718,-,RCV003552629|RCV005608984,MedGen:C3661900|,not provided|Hereditary hyperinsulinism,germline,germline,GRCh37,NC_000011.9,11,17415237,17415237,na,na,11p15.1,"criteria provided, single submitter",2,-,N,ClinGen:CA2697548443,2,2710869,17415237,C,T,-,-,-,-,-,-,SCV004264541,-,-
2868010,single nucleotide variant,NM_000352.6(ABCC8):c.4608+7G>A,6833,ABCC8,HGNC:59,Likely benign,0,"Jan 22, 2024",779032718,-,RCV003552629|RCV005608984,MedGen:C3661900|,not provided|Hereditary hyperinsulinism,germline,germline,GRCh38,NC_000011.10,11,17393690,17393690,na,na,11p15.1,"criteria provided, single submitter",2,-,N,ClinGen:CA2697548443,2,2710869,17393690,C,T,-,-,-,-,-,-,SCV004264541,-,-
2872237,single nucleotide variant,NM_000352.6(ABCC8):c.4704G>C (p.Arg1568=),6833,ABCC8,HGNC:59,Likely benign,0,"Jun 12, 2025",1953707498,-,RCV003550582,MedGen:C3661900,not provided,germline,germline,GRCh37,NC_000011.9,11,17414580,17414580,na,na,11p15.1,"criteria provided, single submitter",1,-,N,ClinGen:CA473297936,2,2713814,17414580,C,G,-,-,-,-,-,-,SCV004268790,-,-
2872237,single nucleotide variant,NM_000352.6(ABCC8):c.4704G>C (p.Arg1568=),6833,ABCC8,HGNC:59,Likely benign,0,"Jun 12, 2025",1953707498,-,RCV003550582,MedGen:C3661900,not provided,germline,germline,GRCh38,NC_000011.10,11,17393033,17393033,na,na,11p15.1,"criteria provided, single submitter",1,-,N,ClinGen:CA473297936,2,2713814,17393033,C,G,-,-,-,-,-,-,SCV004268790,-,-
2872282,single nucleotide variant,NM_000352.6(ABCC8):c.3650+1G>T,6833,ABCC8,HGNC:59,Likely pathogenic,1,"Jan 28, 2024",2496501378,-,RCV003550606,MedGen:C3661900,not provided,germline,germline,GRCh37,NC_000011.9,11,17424207,17424207,na,na,11p15.1,"criteria provided, single submitter",1,-,N,ClinGen:CA379796348,2,2713859,17424207,C,A,-,-,-,-,-,-,SCV004269673,-,-
2872282,single nucleotide variant,NM_000352.6(ABCC8):c.3650+1G>T,6833,ABCC8,HGNC:59,Likely pathogenic,1,"Jan 28, 2024",2496501378,-,RCV003550606,MedGen:C3661900,not provided,germline,germline,GRCh38,NC_000011.10,11,17402660,17402660,na,na,11p15.1,"criteria provided, single submitter",1,-,N,ClinGen:CA379796348,2,2713859,17402660,C,A,-,-,-,-,-,-,SCV004269673,-,-
2873724,single nucleotide variant,NM_000352.6(ABCC8):c.933G>T (p.Leu311=),6833,ABCC8,HGNC:59,Likely benign,0,"Jun 19, 2023",776498313,-,RCV003553529,MedGen:C3661900,not provided,germline,germline,GRCh37,NC_000011.9,11,17482113,17482113,na,na,11p15.1,"criteria provided, single submitter",1,-,N,ClinGen:CA473300559,2,2719203,17482113,C,A,-,-,-,-,-,-,SCV004274632,-,-
2873724,single nucleotide variant,NM_000352.6(ABCC8):c.933G>T (p.Leu311=),6833,ABCC8,HGNC:59,Likely benign,0,"Jun 19, 2023",776498313,-,RCV003553529,MedGen:C3661900,not provided,germline,germline,GRCh38,NC_000011.10,11,17460566,17460566,na,na,11p15.1,"criteria provided, single submitter",1,-,N,ClinGen:CA473300559,2,2719203,17460566,C,A,-,-,-,-,-,-,SCV004274632,-,-
2874326,single nucleotide variant,NM_000352.6(ABCC8):c.1572G>C (p.Thr524=),6833,ABCC8,HGNC:59,Likely benign,0,"Jan 07, 2024",61748766,-,RCV003545211,MedGen:C3661900,not provided,germline,germline,GRCh37,NC_000011.9,11,17464325,17464325,na,na,11p15.1,"criteria provided, single submitter",1,-,N,ClinGen:CA473298460,2,2708161,17464325,C,G,-,-,-,-,-,-,SCV004263494,-,-
2874326,single nucleotide variant,NM_000352.6(ABCC8):c.1572G>C (p.Thr524=),6833,ABCC8,HGNC:59,Likely benign,0,"Jan 07, 2024",61748766,-,RCV003545211,MedGen:C3661900,not provided,germline,germline,GRCh38,NC_000011.10,11,17442778,17442778,na,na,11p15.1,"criteria provided, single submitter",1,-,N,ClinGen:CA473298460,2,2708161,17442778,C,G,-,-,-,-,-,-,SCV004263494,-,-
2876220,single nucleotide variant,NM_000352.6(ABCC8):c.3557+17T>A,6833,ABCC8,HGNC:59,Likely benign,0,"Jun 20, 2023",2496511782,-,RCV003553191,MedGen:C3661900,not provided,germline,germline,GRCh37,NC_000011.9,11,17426042,17426042,na,na,11p15.1,"criteria provided, single submitter",1,-,N,ClinGen:CA2697548457,2,2715222,17426042,A,T,-,-,-,-,-,-,SCV004269527,-,-
2876220,single nucleotide variant,NM_000352.6(ABCC8):c.3557+17T>A,6833,ABCC8,HGNC:59,Likely benign,0,"Jun 20, 2023",2496511782,-,RCV003553191,MedGen:C3661900,not provided,germline,germline,GRCh38,NC_000011.10,11,17404495,17404495,na,na,11p15.1,"criteria provided, single submitter",1,-,N,ClinGen:CA2697548457,2,2715222,17404495,A,T,-,-,-,-,-,-,SCV004269527,-,-
2877901,single nucleotide variant,NM_000352.6(ABCC8):c.2668C>T (p.Leu890=),6833,ABCC8,HGNC:59,Likely benign,0,"Jan 05, 2024",2496557326,-,RCV003545073,MedGen:C3661900,not provided,germline,germline,GRCh37,NC_000011.9,11,17432089,17432089,na,na,11p15.1,"criteria provided, single submitter",1,-,N,ClinGen:CA473300890,2,2707869,17432089,G,A,-,-,-,-,-,-,SCV004260899,-,-
2877901,single nucleotide variant,NM_000352.6(ABCC8):c.2668C>T (p.Leu890=),6833,ABCC8,HGNC:59,Likely benign,0,"Jan 05, 2024",2496557326,-,RCV003545073,MedGen:C3661900,not provided,germline,germline,GRCh38,NC_000011.10,11,17410542,17410542,na,na,11p15.1,"criteria provided, single submitter",1,-,N,ClinGen:CA473300890,2,2707869,17410542,G,A,-,-,-,-,-,-,SCV004260899,-,-
2878458,Deletion,NM_000352.6(ABCC8):c.2114del (p.Arg705fs),6833,ABCC8,HGNC:59,Pathogenic,1,"Jan 24, 2024",2496662886,-,RCV003552692,MedGen:C3661900,not provided,germline,germline,GRCh37,NC_000011.9,11,17449416,17449416,na,na,11p15.1,"criteria provided, single submitter",1,-,N,ClinGen:CA2697548442,2,2711006,17449415,TC,T,-,-,-,-,-,-,SCV004264088,-,-
2878458,Deletion,NM_000352.6(ABCC8):c.2114del (p.Arg705fs),6833,ABCC8,HGNC:59,Pathogenic,1,"Jan 24, 2024",2496662886,-,RCV003552692,MedGen:C3661900,not provided,germline,germline,GRCh38,NC_000011.10,11,17427869,17427869,na,na,11p15.1,"criteria provided, single submitter",1,-,N,ClinGen:CA2697548442,2,2711006,17427868,TC,T,-,-,-,-,-,-,SCV004264088,-,-
2879779,single nucleotide variant,NM_000352.6(ABCC8):c.2391-17G>C,6833,ABCC8,HGNC:59,Likely benign,0,"Jun 15, 2023",201484528,-,RCV003546111,MedGen:C3661900,not provided,germline,germline,GRCh37,NC_000011.9,11,17435042,17435042,na,na,11p15.1,"criteria provided, single submitter",1,-,N,ClinGen:CA2697548460,2,2716233,17435042,C,G,-,-,-,-,-,-,SCV004270499,-,-
2879779,single nucleotide variant,NM_000352.6(ABCC8):c.2391-17G>C,6833,ABCC8,HGNC:59,Likely benign,0,"Jun 15, 2023",201484528,-,RCV003546111,MedGen:C3661900,not provided,germline,germline,GRCh38,NC_000011.10,11,17413495,17413495,na,na,11p15.1,"criteria provided, single submitter",1,-,N,ClinGen:CA2697548460,2,2716233,17413495,C,G,-,-,-,-,-,-,SCV004270499,-,-
2881195,single nucleotide variant,NM_000352.6(ABCC8):c.3756G>A (p.Glu1252=),6833,ABCC8,HGNC:59,Likely benign,0,"Jun 21, 2023",2496470604,-,RCV003556690,MedGen:C3661900,not provided,germline,germline,GRCh37,NC_000011.9,11,17419342,17419342,na,na,11p15.1,"criteria provided, single submitter",1,-,N,ClinGen:CA473298936,2,2721985,17419342,C,T,-,-,-,-,-,-,SCV004277619,-,-
2881195,single nucleotide variant,NM_000352.6(ABCC8):c.3756G>A (p.Glu1252=),6833,ABCC8,HGNC:59,Likely benign,0,"Jun 21, 2023",2496470604,-,RCV003556690,MedGen:C3661900,not provided,germline,germline,GRCh38,NC_000011.10,11,17397795,17397795,na,na,11p15.1,"criteria provided, single submitter",1,-,N,ClinGen:CA473298936,2,2721985,17397795,C,T,-,-,-,-,-,-,SCV004277619,-,-
2881661,single nucleotide variant,NM_000352.6(ABCC8):c.1431G>A (p.Val477=),6833,ABCC8,HGNC:59,Likely benign,0,"Jul 27, 2023",2496755582,-,RCV003561463|RCV005616667,MedGen:C3661900|,not provided|Hereditary hyperinsulinism,germline,germline,GRCh37,NC_000011.9,11,17464761,17464761,na,na,11p15.1,"criteria provided, single submitter",2,-,N,ClinGen:CA473298626,2,2723749,17464761,C,T,-,-,-,-,-,-,SCV004279212,-,-
2881661,single nucleotide variant,NM_000352.6(ABCC8):c.1431G>A (p.Val477=),6833,ABCC8,HGNC:59,Likely benign,0,"Jul 27, 2023",2496755582,-,RCV003561463|RCV005616667,MedGen:C3661900|,not provided|Hereditary hyperinsulinism,germline,germline,GRCh38,NC_000011.10,11,17443214,17443214,na,na,11p15.1,"criteria provided, single submitter",2,-,N,ClinGen:CA473298626,2,2723749,17443214,C,T,-,-,-,-,-,-,SCV004279212,-,-
2882137,single nucleotide variant,NM_000525.4(KCNJ11):c.844G>C (p.Glu282Gln),3767,KCNJ11,HGNC:6257,Likely pathogenic,1,"Nov 15, 2023",267607196,-,RCV003554606,MedGen:C3661900,not provided,germline,germline,GRCh37,NC_000011.9,11,17408795,17408795,na,na,11p15.1,"criteria provided, single submitter",1,-,N,ClinGen:CA379770329,2,2725519,17408795,C,G,-,-,-,-,-,-,SCV004282348,-,-
2882137,single nucleotide variant,NM_000525.4(KCNJ11):c.844G>C (p.Glu282Gln),3767,KCNJ11,HGNC:6257,Likely pathogenic,1,"Nov 15, 2023",267607196,-,RCV003554606,MedGen:C3661900,not provided,germline,germline,GRCh38,NC_000011.10,11,17387248,17387248,na,na,11p15.1,"criteria provided, single submitter",1,-,N,ClinGen:CA379770329,2,2725519,17387248,C,G,-,-,-,-,-,-,SCV004282348,-,-
2882296,single nucleotide variant,NM_000352.6(ABCC8):c.1584G>A (p.Lys528=),6833,ABCC8,HGNC:59,Likely benign,0,"Jun 23, 2023",2496751885,-,RCV003554679,MedGen:C3661900,not provided,germline,germline,GRCh37,NC_000011.9,11,17464313,17464313,na,na,11p15.1,"criteria provided, single submitter",1,-,N,ClinGen:CA473298444,2,2725678,17464313,C,T,-,-,-,-,-,-,SCV004282788,-,-
2882296,single nucleotide variant,NM_000352.6(ABCC8):c.1584G>A (p.Lys528=),6833,ABCC8,HGNC:59,Likely benign,0,"Jun 23, 2023",2496751885,-,RCV003554679,MedGen:C3661900,not provided,germline,germline,GRCh38,NC_000011.10,11,17442766,17442766,na,na,11p15.1,"criteria provided, single submitter",1,-,N,ClinGen:CA473298444,2,2725678,17442766,C,T,-,-,-,-,-,-,SCV004282788,-,-
2882827,single nucleotide variant,NM_000352.6(ABCC8):c.3988+20G>T,6833,ABCC8,HGNC:59,Likely benign,0,"Jun 25, 2023",1953978101,-,RCV003559620,MedGen:C3661900,not provided,germline,germline,GRCh37,NC_000011.9,11,17418720,17418720,na,na,11p15.1,"criteria provided, single submitter",1,-,N,ClinGen:CA2697548436,2,2728801,17418720,C,A,-,-,-,-,-,-,SCV004285128,-,-
2882827,single nucleotide variant,NM_000352.6(ABCC8):c.3988+20G>T,6833,ABCC8,HGNC:59,Likely benign,0,"Jun 25, 2023",1953978101,-,RCV003559620,MedGen:C3661900,not provided,germline,germline,GRCh38,NC_000011.10,11,17397173,17397173,na,na,11p15.1,"criteria provided, single submitter",1,-,N,ClinGen:CA2697548436,2,2728801,17397173,C,A,-,-,-,-,-,-,SCV004285128,-,-
2883431,single nucleotide variant,NM_000352.6(ABCC8):c.3400-16C>T,6833,ABCC8,HGNC:59,Likely benign,0,"Nov 17, 2023",1266253644,-,RCV003579797,MedGen:C3661900,not provided,germline,germline,GRCh37,NC_000011.9,11,17426232,17426232,na,na,11p15.1,"criteria provided, single submitter",1,-,N,ClinGen:CA597665229,2,2730696,17426232,G,A,-,-,-,-,-,-,SCV004343884,-,-
2883431,single nucleotide variant,NM_000352.6(ABCC8):c.3400-16C>T,6833,ABCC8,HGNC:59,Likely benign,0,"Nov 17, 2023",1266253644,-,RCV003579797,MedGen:C3661900,not provided,germline,germline,GRCh38,NC_000011.10,11,17404685,17404685,na,na,11p15.1,"criteria provided, single submitter",1,-,N,ClinGen:CA597665229,2,2730696,17404685,G,A,-,-,-,-,-,-,SCV004343884,-,-
2883471,single nucleotide variant,NM_000352.6(ABCC8):c.580-17G>A,6833,ABCC8,HGNC:59,Likely benign,0,"Jul 31, 2024",372233601,-,RCV003579817,MedGen:C3661900,not provided,germline,germline,GRCh37,NC_000011.9,11,17483389,17483389,na,na,11p15.1,"criteria provided, single submitter",1,-,N,ClinGen:CA5903826,2,2730736,17483389,C,T,-,-,-,-,-,-,SCV004343930,-,-
2883471,single nucleotide variant,NM_000352.6(ABCC8):c.580-17G>A,6833,ABCC8,HGNC:59,Likely benign,0,"Jul 31, 2024",372233601,-,RCV003579817,MedGen:C3661900,not provided,germline,germline,GRCh38,NC_000011.10,11,17461842,17461842,na,na,11p15.1,"criteria provided, single submitter",1,-,N,ClinGen:CA5903826,2,2730736,17461842,C,T,-,-,-,-,-,-,SCV004343930,-,-
2887256,single nucleotide variant,NM_000352.6(ABCC8):c.4494G>A (p.Lys1498=),6833,ABCC8,HGNC:59,Likely benign,0,"Jun 28, 2023",1953789888,-,RCV003573316,MedGen:C3661900,not provided,germline,germline,GRCh37,NC_000011.9,11,17415864,17415864,na,na,11p15.1,"criteria provided, single submitter",1,-,N,ClinGen:CA473298079,2,2731948,17415864,C,T,-,-,-,-,-,-,SCV004353190,-,-
2887256,single nucleotide variant,NM_000352.6(ABCC8):c.4494G>A (p.Lys1498=),6833,ABCC8,HGNC:59,Likely benign,0,"Jun 28, 2023",1953789888,-,RCV003573316,MedGen:C3661900,not provided,germline,germline,GRCh38,NC_000011.10,11,17394317,17394317,na,na,11p15.1,"criteria provided, single submitter",1,-,N,ClinGen:CA473298079,2,2731948,17394317,C,T,-,-,-,-,-,-,SCV004353190,-,-
2889552,single nucleotide variant,NM_000352.6(ABCC8):c.2400G>T (p.Met800Ile),6833,ABCC8,HGNC:59,Uncertain significance,0,"Feb 27, 2025",2496578776,-,RCV003559437,MedGen:C3661900,not provided,germline,germline,GRCh37,NC_000011.9,11,17435016,17435016,na,na,11p15.1,"criteria provided, single submitter",1,-,N,ClinGen:CA379808789,2,2728214,17435016,C,A,-,-,-,-,-,-,SCV004285994,-,-
2889552,single nucleotide variant,NM_000352.6(ABCC8):c.2400G>T (p.Met800Ile),6833,ABCC8,HGNC:59,Uncertain significance,0,"Feb 27, 2025",2496578776,-,RCV003559437,MedGen:C3661900,not provided,germline,germline,GRCh38,NC_000011.10,11,17413469,17413469,na,na,11p15.1,"criteria provided, single submitter",1,-,N,ClinGen:CA379808789,2,2728214,17413469,C,A,-,-,-,-,-,-,SCV004285994,-,-
2890042,single nucleotide variant,NM_000352.6(ABCC8):c.2727G>A (p.Arg909=),6833,ABCC8,HGNC:59,Likely benign,0,"May 01, 2025",2496543438,-,RCV003578080,MedGen:C3661900,not provided,germline,germline,GRCh37,NC_000011.9,11,17430032,17430032,na,na,11p15.1,"criteria provided, single submitter",1,-,N,ClinGen:CA473300614,2,2730000,17430032,C,T,-,-,-,-,-,-,SCV004344424,-,-
2890042,single nucleotide variant,NM_000352.6(ABCC8):c.2727G>A (p.Arg909=),6833,ABCC8,HGNC:59,Likely benign,0,"May 01, 2025",2496543438,-,RCV003578080,MedGen:C3661900,not provided,germline,germline,GRCh38,NC_000011.10,11,17408485,17408485,na,na,11p15.1,"criteria provided, single submitter",1,-,N,ClinGen:CA473300614,2,2730000,17408485,C,T,-,-,-,-,-,-,SCV004344424,-,-
2890332,single nucleotide variant,NM_000352.6(ABCC8):c.291-20G>A,6833,ABCC8,HGNC:59,Likely benign,0,"Jan 16, 2026",779340910,-,RCV003580054,MedGen:C3661900,not provided,germline,germline,GRCh37,NC_000011.9,11,17491789,17491789,na,na,11p15.1,"criteria provided, single submitter",1,-,N,ClinGen:CA5903918,2,2731577,17491789,C,T,-,-,-,-,-,-,SCV004354479,-,-
2890332,single nucleotide variant,NM_000352.6(ABCC8):c.291-20G>A,6833,ABCC8,HGNC:59,Likely benign,0,"Jan 16, 2026",779340910,-,RCV003580054,MedGen:C3661900,not provided,germline,germline,GRCh38,NC_000011.10,11,17470242,17470242,na,na,11p15.1,"criteria provided, single submitter",1,-,N,ClinGen:CA5903918,2,2731577,17470242,C,T,-,-,-,-,-,-,SCV004354479,-,-
2890459,single nucleotide variant,NM_000352.6(ABCC8):c.2040+13G>A,6833,ABCC8,HGNC:59,Likely benign,0,"Jun 28, 2023",2496667190,-,RCV003573229,MedGen:C3661900,not provided,germline,germline,GRCh37,NC_000011.9,11,17449823,17449823,na,na,11p15.1,"criteria provided, single submitter",1,-,N,ClinGen:CA2697548447,2,2731704,17449823,C,T,-,-,-,-,-,-,SCV004354640,-,-
2890459,single nucleotide variant,NM_000352.6(ABCC8):c.2040+13G>A,6833,ABCC8,HGNC:59,Likely benign,0,"Jun 28, 2023",2496667190,-,RCV003573229,MedGen:C3661900,not provided,germline,germline,GRCh38,NC_000011.10,11,17428276,17428276,na,na,11p15.1,"criteria provided, single submitter",1,-,N,ClinGen:CA2697548447,2,2731704,17428276,C,T,-,-,-,-,-,-,SCV004354640,-,-
2890736,single nucleotide variant,NM_000352.6(ABCC8):c.4119+19C>T,6833,ABCC8,HGNC:59,Likely benign,0,"Jan 18, 2026",376010125,-,RCV003562059|RCV005931434,MedGen:C3661900|MedGen:CN169374,not provided|not specified,germline,germline,GRCh37,NC_000011.9,11,17418444,17418444,na,na,11p15.1,"criteria provided, multiple submitters, no conflicts",2,-,N,ClinGen:CA5902575,2,2733276,17418444,G,A,-,-,-,-,-,-,SCV004290769|SCV007094772,-,-
2890736,single nucleotide variant,NM_000352.6(ABCC8):c.4119+19C>T,6833,ABCC8,HGNC:59,Likely benign,0,"Jan 18, 2026",376010125,-,RCV003562059|RCV005931434,MedGen:C3661900|MedGen:CN169374,not provided|not specified,germline,germline,GRCh38,NC_000011.10,11,17396897,17396897,na,na,11p15.1,"criteria provided, multiple submitters, no conflicts",2,-,N,ClinGen:CA5902575,2,2733276,17396897,G,A,-,-,-,-,-,-,SCV004290769|SCV007094772,-,-
2890889,Deletion,NM_000352.6(ABCC8):c.3557+12del,6833,ABCC8,HGNC:59,Likely benign,0,"Jan 28, 2026",761643668,-,RCV003562107|RCV005240818,MedGen:C3661900|MedGen:CN169374,not provided|not specified,germline,germline,GRCh37,NC_000011.9,11,17426047,17426047,na,na,11p15.1,"criteria provided, multiple submitters, no conflicts",2,-,N,ClinGen:CA5902783,2,2733430,17426046,CT,C,-,-,-,-,-,-,SCV004291132|SCV005885131,-,-
2890889,Deletion,NM_000352.6(ABCC8):c.3557+12del,6833,ABCC8,HGNC:59,Likely benign,0,"Jan 28, 2026",761643668,-,RCV003562107|RCV005240818,MedGen:C3661900|MedGen:CN169374,not provided|not specified,germline,germline,GRCh38,NC_000011.10,11,17404500,17404500,na,na,11p15.1,"criteria provided, multiple submitters, no conflicts",2,-,N,ClinGen:CA5902783,2,2733430,17404499,CT,C,-,-,-,-,-,-,SCV004291132|SCV005885131,-,-
2893526,Deletion,NM_000352.6(ABCC8):c.3988+18del,6833,ABCC8,HGNC:59,Likely benign,0,"Jul 16, 2025",1293729034,-,RCV003579867,MedGen:C3661900,not provided,germline,germline,GRCh37,NC_000011.9,11,17418722,17418722,na,na,11p15.1,"criteria provided, single submitter",1,-,N,ClinGen:CA597904454,2,2730904,17418721,CT,C,-,-,-,-,-,-,SCV004344134,-,-
2893526,Deletion,NM_000352.6(ABCC8):c.3988+18del,6833,ABCC8,HGNC:59,Likely benign,0,"Jul 16, 2025",1293729034,-,RCV003579867,MedGen:C3661900,not provided,germline,germline,GRCh38,NC_000011.10,11,17397175,17397175,na,na,11p15.1,"criteria provided, single submitter",1,-,N,ClinGen:CA597904454,2,2730904,17397174,CT,C,-,-,-,-,-,-,SCV004344134,-,-
2893635,single nucleotide variant,NM_000352.6(ABCC8):c.3399+12C>G,6833,ABCC8,HGNC:59,Likely benign,0,"Dec 01, 2023",372561049,-,RCV003579898,MedGen:C3661900,not provided,germline,germline,GRCh37,NC_000011.9,11,17427029,17427029,na,na,11p15.1,"criteria provided, single submitter",1,-,N,ClinGen:CA674182524,2,2731014,17427029,G,C,-,-,-,-,-,-,SCV004353460,-,-
2893635,single nucleotide variant,NM_000352.6(ABCC8):c.3399+12C>G,6833,ABCC8,HGNC:59,Likely benign,0,"Dec 01, 2023",372561049,-,RCV003579898,MedGen:C3661900,not provided,germline,germline,GRCh38,NC_000011.10,11,17405482,17405482,na,na,11p15.1,"criteria provided, single submitter",1,-,N,ClinGen:CA674182524,2,2731014,17405482,G,C,-,-,-,-,-,-,SCV004353460,-,-
2894391,single nucleotide variant,NM_000352.6(ABCC8):c.3989-8G>A,6833,ABCC8,HGNC:59,Likely benign,0,"Jul 20, 2023",1454350624,-,RCV003554983,MedGen:C3661900,not provided,germline,germline,GRCh37,NC_000011.9,11,17418601,17418601,na,na,11p15.1,"criteria provided, single submitter",1,-,N,ClinGen:CA2697548435,2,2734354,17418601,C,T,-,-,-,-,-,-,SCV004293039,-,-
2894391,single nucleotide variant,NM_000352.6(ABCC8):c.3989-8G>A,6833,ABCC8,HGNC:59,Likely benign,0,"Jul 20, 2023",1454350624,-,RCV003554983,MedGen:C3661900,not provided,germline,germline,GRCh38,NC_000011.10,11,17397054,17397054,na,na,11p15.1,"criteria provided, single submitter",1,-,N,ClinGen:CA2697548435,2,2734354,17397054,C,T,-,-,-,-,-,-,SCV004293039,-,-
2894520,single nucleotide variant,NM_000352.6(ABCC8):c.3568C>T (p.Gln1190Ter),6833,ABCC8,HGNC:59,Pathogenic,1,"May 27, 2023",2496502495,-,RCV003555053,MedGen:C3661900,not provided,germline,germline,GRCh37,NC_000011.9,11,17424290,17424290,na,na,11p15.1,"criteria provided, single submitter",1,-,N,ClinGen:CA379796881,2,2734492,17424290,G,A,-,-,-,-,-,-,SCV004292691,-,-
2894520,single nucleotide variant,NM_000352.6(ABCC8):c.3568C>T (p.Gln1190Ter),6833,ABCC8,HGNC:59,Pathogenic,1,"May 27, 2023",2496502495,-,RCV003555053,MedGen:C3661900,not provided,germline,germline,GRCh38,NC_000011.10,11,17402743,17402743,na,na,11p15.1,"criteria provided, single submitter",1,-,N,ClinGen:CA379796881,2,2734492,17402743,G,A,-,-,-,-,-,-,SCV004292691,-,-
2894667,single nucleotide variant,NM_000352.6(ABCC8):c.2274G>C (p.Ala758=),6833,ABCC8,HGNC:59,Likely benign,0,"May 27, 2023",761258571,-,RCV003555139,MedGen:C3661900,not provided,germline,germline,GRCh37,NC_000011.9,11,17436868,17436868,na,na,11p15.1,"criteria provided, single submitter",1,-,N,ClinGen:CA473301732,2,2734640,17436868,C,G,-,-,-,-,-,-,SCV004292285,-,-
2894667,single nucleotide variant,NM_000352.6(ABCC8):c.2274G>C (p.Ala758=),6833,ABCC8,HGNC:59,Likely benign,0,"May 27, 2023",761258571,-,RCV003555139,MedGen:C3661900,not provided,germline,germline,GRCh38,NC_000011.10,11,17415321,17415321,na,na,11p15.1,"criteria provided, single submitter",1,-,N,ClinGen:CA473301732,2,2734640,17415321,C,G,-,-,-,-,-,-,SCV004292285,-,-
2895230,single nucleotide variant,NM_000352.6(ABCC8):c.823-14G>T,6833,ABCC8,HGNC:59,Likely benign,0,"Dec 20, 2025",551637077,-,RCV003562450,MedGen:C3661900,not provided,germline,germline,GRCh37,NC_000011.9,11,17482237,17482237,na,na,11p15.1,"criteria provided, single submitter",1,-,N,ClinGen:CA5903745,2,2737879,17482237,C,A,-,-,-,-,-,-,SCV004299836,-,-
2895230,single nucleotide variant,NM_000352.6(ABCC8):c.823-14G>T,6833,ABCC8,HGNC:59,Likely benign,0,"Dec 20, 2025",551637077,-,RCV003562450,MedGen:C3661900,not provided,germline,germline,GRCh38,NC_000011.10,11,17460690,17460690,na,na,11p15.1,"criteria provided, single submitter",1,-,N,ClinGen:CA5903745,2,2737879,17460690,C,A,-,-,-,-,-,-,SCV004299836,-,-
2895821,single nucleotide variant,NM_000352.6(ABCC8):c.2820+19G>A,6833,ABCC8,HGNC:59,Likely benign,0,"Dec 16, 2024",773626748,-,RCV003555597|RCV005240837,MedGen:C3661900|MedGen:CN169374,not provided|not specified,germline,germline,GRCh37,NC_000011.9,11,17429920,17429920,na,na,11p15.1,"criteria provided, multiple submitters, no conflicts",2,-,N,ClinGen:CA5903018,2,2739770,17429920,C,T,-,-,-,-,-,-,SCV004301196|SCV005883438,-,-
2895821,single nucleotide variant,NM_000352.6(ABCC8):c.2820+19G>A,6833,ABCC8,HGNC:59,Likely benign,0,"Dec 16, 2024",773626748,-,RCV003555597|RCV005240837,MedGen:C3661900|MedGen:CN169374,not provided|not specified,germline,germline,GRCh38,NC_000011.10,11,17408373,17408373,na,na,11p15.1,"criteria provided, multiple submitters, no conflicts",2,-,N,ClinGen:CA5903018,2,2739770,17408373,C,T,-,-,-,-,-,-,SCV004301196|SCV005883438,-,-
2895952,Deletion,NM_000352.6(ABCC8):c.2694+19del,6833,ABCC8,HGNC:59,Benign,0,"Jan 24, 2024",770130431,-,RCV003555642,MedGen:C3661900,not provided,germline,germline,GRCh37,NC_000011.9,11,17432044,17432044,na,na,11p15.1,"criteria provided, single submitter",1,-,N,ClinGen:CA5903053,2,2739902,17432043,AC,A,-,-,-,-,-,-,SCV004300771,-,-
2895952,Deletion,NM_000352.6(ABCC8):c.2694+19del,6833,ABCC8,HGNC:59,Benign,0,"Jan 24, 2024",770130431,-,RCV003555642,MedGen:C3661900,not provided,germline,germline,GRCh38,NC_000011.10,11,17410497,17410497,na,na,11p15.1,"criteria provided, single submitter",1,-,N,ClinGen:CA5903053,2,2739902,17410496,AC,A,-,-,-,-,-,-,SCV004300771,-,-
2896144,single nucleotide variant,NM_000352.6(ABCC8):c.822+15A>G,6833,ABCC8,HGNC:59,Likely benign,0,"Feb 12, 2024",889230134,-,RCV003576069,MedGen:C3661900,not provided,germline,germline,GRCh37,NC_000011.9,11,17483115,17483115,na,na,11p15.1,"criteria provided, single submitter",1,-,N,ClinGen:CA218451940,2,2741392,17483115,T,C,-,-,-,-,-,-,SCV004369431,-,-
2896144,single nucleotide variant,NM_000352.6(ABCC8):c.822+15A>G,6833,ABCC8,HGNC:59,Likely benign,0,"Feb 12, 2024",889230134,-,RCV003576069,MedGen:C3661900,not provided,germline,germline,GRCh38,NC_000011.10,11,17461568,17461568,na,na,11p15.1,"criteria provided, single submitter",1,-,N,ClinGen:CA218451940,2,2741392,17461568,T,C,-,-,-,-,-,-,SCV004369431,-,-
2896210,single nucleotide variant,NM_000352.6(ABCC8):c.4198+12G>A,6833,ABCC8,HGNC:59,Likely benign,0,"Jan 14, 2026",1953893795,-,RCV003555671,MedGen:C3661900,not provided,germline,germline,GRCh37,NC_000011.9,11,17417387,17417387,na,na,11p15.1,"criteria provided, single submitter",1,-,N,ClinGen:CA935525150,2,2741458,17417387,C,T,-,-,-,-,-,-,SCV004305864,-,-
2896210,single nucleotide variant,NM_000352.6(ABCC8):c.4198+12G>A,6833,ABCC8,HGNC:59,Likely benign,0,"Jan 14, 2026",1953893795,-,RCV003555671,MedGen:C3661900,not provided,germline,germline,GRCh38,NC_000011.10,11,17395840,17395840,na,na,11p15.1,"criteria provided, single submitter",1,-,N,ClinGen:CA935525150,2,2741458,17395840,C,T,-,-,-,-,-,-,SCV004305864,-,-
2896378,single nucleotide variant,NM_000352.6(ABCC8):c.1012-19G>T,6833,ABCC8,HGNC:59,Likely benign,0,"Jan 11, 2026",764824272,-,RCV003555721,MedGen:C3661900,not provided,germline,germline,GRCh37,NC_000011.9,11,17474849,17474849,na,na,11p15.1,"criteria provided, single submitter",1,-,N,ClinGen:CA5903688,2,2741627,17474849,C,A,-,-,-,-,-,-,SCV004305928,-,-
2896378,single nucleotide variant,NM_000352.6(ABCC8):c.1012-19G>T,6833,ABCC8,HGNC:59,Likely benign,0,"Jan 11, 2026",764824272,-,RCV003555721,MedGen:C3661900,not provided,germline,germline,GRCh38,NC_000011.10,11,17453302,17453302,na,na,11p15.1,"criteria provided, single submitter",1,-,N,ClinGen:CA5903688,2,2741627,17453302,C,A,-,-,-,-,-,-,SCV004305928,-,-
2897152,single nucleotide variant,NM_000352.6(ABCC8):c.2557-15C>A,6833,ABCC8,HGNC:59,Likely benign,0,"May 28, 2023",765913353,-,RCV003565873,MedGen:C3661900,not provided,germline,germline,GRCh37,NC_000011.9,11,17432215,17432215,na,na,11p15.1,"criteria provided, single submitter",1,-,N,ClinGen:CA2697548450,2,2744989,17432215,G,T,-,-,-,-,-,-,SCV004306121,-,-
2897152,single nucleotide variant,NM_000352.6(ABCC8):c.2557-15C>A,6833,ABCC8,HGNC:59,Likely benign,0,"May 28, 2023",765913353,-,RCV003565873,MedGen:C3661900,not provided,germline,germline,GRCh38,NC_000011.10,11,17410668,17410668,na,na,11p15.1,"criteria provided, single submitter",1,-,N,ClinGen:CA2697548450,2,2744989,17410668,G,T,-,-,-,-,-,-,SCV004306121,-,-
2897400,single nucleotide variant,NM_000352.6(ABCC8):c.4608+18G>A,6833,ABCC8,HGNC:59,Likely benign,0,"Jul 25, 2023",2496434168,-,RCV003563108,MedGen:C3661900,not provided,germline,germline,GRCh37,NC_000011.9,11,17415226,17415226,na,na,11p15.1,"criteria provided, single submitter",1,-,N,ClinGen:CA2697548440,2,2746525,17415226,C,T,-,-,-,-,-,-,SCV004308728,-,-
2897400,single nucleotide variant,NM_000352.6(ABCC8):c.4608+18G>A,6833,ABCC8,HGNC:59,Likely benign,0,"Jul 25, 2023",2496434168,-,RCV003563108,MedGen:C3661900,not provided,germline,germline,GRCh38,NC_000011.10,11,17393679,17393679,na,na,11p15.1,"criteria provided, single submitter",1,-,N,ClinGen:CA2697548440,2,2746525,17393679,C,T,-,-,-,-,-,-,SCV004308728,-,-
2897620,single nucleotide variant,NM_000352.6(ABCC8):c.2556+7G>A,6833,ABCC8,HGNC:59,Likely benign,0,"Jul 25, 2023",2496571374,-,RCV003563210,MedGen:C3661900,not provided,germline,germline,GRCh37,NC_000011.9,11,17434206,17434206,na,na,11p15.1,"criteria provided, single submitter",1,-,N,ClinGen:CA2612661785,2,2746745,17434206,C,T,-,-,-,-,-,-,SCV004308750,-,-
2897620,single nucleotide variant,NM_000352.6(ABCC8):c.2556+7G>A,6833,ABCC8,HGNC:59,Likely benign,0,"Jul 25, 2023",2496571374,-,RCV003563210,MedGen:C3661900,not provided,germline,germline,GRCh38,NC_000011.10,11,17412659,17412659,na,na,11p15.1,"criteria provided, single submitter",1,-,N,ClinGen:CA2612661785,2,2746745,17412659,C,T,-,-,-,-,-,-,SCV004308750,-,-
2898053,single nucleotide variant,NM_000352.6(ABCC8):c.3162+11C>T,6833,ABCC8,HGNC:59,Benign,0,"Dec 16, 2025",190395695,-,RCV003562185,MedGen:C3661900,not provided,germline,germline,GRCh37,NC_000011.9,11,17428424,17428424,na,na,11p15.1,"criteria provided, single submitter",1,-,N,ClinGen:CA5902906,2,2733718,17428424,G,A,-,-,-,-,-,-,SCV004290343,-,-
2898053,single nucleotide variant,NM_000352.6(ABCC8):c.3162+11C>T,6833,ABCC8,HGNC:59,Benign,0,"Dec 16, 2025",190395695,-,RCV003562185,MedGen:C3661900,not provided,germline,germline,GRCh38,NC_000011.10,11,17406877,17406877,na,na,11p15.1,"criteria provided, single submitter",1,-,N,ClinGen:CA5902906,2,2733718,17406877,G,A,-,-,-,-,-,-,SCV004290343,-,-
2898838,single nucleotide variant,NM_000352.6(ABCC8):c.1924-6C>A,6833,ABCC8,HGNC:59,Likely benign,0,"Jul 03, 2023",909796311,-,RCV003557709,MedGen:C3661900,not provided,germline,germline,GRCh37,NC_000011.9,11,17449958,17449958,na,na,11p15.1,"criteria provided, single submitter",1,-,N,ClinGen:CA2697548454,2,2735830,17449958,G,T,-,-,-,-,-,-,SCV004295878,-,-
2898838,single nucleotide variant,NM_000352.6(ABCC8):c.1924-6C>A,6833,ABCC8,HGNC:59,Likely benign,0,"Jul 03, 2023",909796311,-,RCV003557709,MedGen:C3661900,not provided,germline,germline,GRCh38,NC_000011.10,11,17428411,17428411,na,na,11p15.1,"criteria provided, single submitter",1,-,N,ClinGen:CA2697548454,2,2735830,17428411,G,T,-,-,-,-,-,-,SCV004295878,-,-
2899798,single nucleotide variant,NM_000352.6(ABCC8):c.2291+20T>A,6833,ABCC8,HGNC:59,Likely benign,0,"Jan 06, 2026",768992594,-,RCV003555491,MedGen:C3661900,not provided,germline,germline,GRCh37,NC_000011.9,11,17436831,17436831,na,na,11p15.1,"criteria provided, single submitter",1,-,N,ClinGen:CA5903215,2,2739445,17436831,A,T,-,-,-,-,-,-,SCV004300378,-,-
2899798,single nucleotide variant,NM_000352.6(ABCC8):c.2291+20T>A,6833,ABCC8,HGNC:59,Likely benign,0,"Jan 06, 2026",768992594,-,RCV003555491,MedGen:C3661900,not provided,germline,germline,GRCh38,NC_000011.10,11,17415284,17415284,na,na,11p15.1,"criteria provided, single submitter",1,-,N,ClinGen:CA5903215,2,2739445,17415284,A,T,-,-,-,-,-,-,SCV004300378,-,-
2899886,single nucleotide variant,NM_000352.6(ABCC8):c.2256-18T>C,6833,ABCC8,HGNC:59,Likely benign,0,"Jan 06, 2025",1204368601,-,RCV003555525,MedGen:C3661900,not provided,germline,germline,GRCh37,NC_000011.9,11,17436904,17436904,na,na,11p15.1,"criteria provided, single submitter",1,-,N,ClinGen:CA674214722,2,2739533,17436904,A,G,-,-,-,-,-,-,SCV004302125,-,-
2899886,single nucleotide variant,NM_000352.6(ABCC8):c.2256-18T>C,6833,ABCC8,HGNC:59,Likely benign,0,"Jan 06, 2025",1204368601,-,RCV003555525,MedGen:C3661900,not provided,germline,germline,GRCh38,NC_000011.10,11,17415357,17415357,na,na,11p15.1,"criteria provided, single submitter",1,-,N,ClinGen:CA674214722,2,2739533,17415357,A,G,-,-,-,-,-,-,SCV004302125,-,-
2900022,single nucleotide variant,NM_000352.6(ABCC8):c.2117-18C>A,6833,ABCC8,HGNC:59,Likely benign,0,"Jan 09, 2026",527619296,-,RCV003575916,MedGen:C3661900,not provided,germline,germline,GRCh37,NC_000011.9,11,17448719,17448719,na,na,11p15.1,"criteria provided, single submitter",1,-,N,ClinGen:CA5903296,2,2740964,17448719,G,T,-,-,-,-,-,-,SCV004368577,-,-
2900022,single nucleotide variant,NM_000352.6(ABCC8):c.2117-18C>A,6833,ABCC8,HGNC:59,Likely benign,0,"Jan 09, 2026",527619296,-,RCV003575916,MedGen:C3661900,not provided,germline,germline,GRCh38,NC_000011.10,11,17427172,17427172,na,na,11p15.1,"criteria provided, single submitter",1,-,N,ClinGen:CA5903296,2,2740964,17427172,G,T,-,-,-,-,-,-,SCV004368577,-,-
2900255,single nucleotide variant,NM_000352.6(ABCC8):c.2556+13T>G,6833,ABCC8,HGNC:59,Likely benign,0,"Jan 14, 2026",1168942845,-,RCV003576020,MedGen:C3661900,not provided,germline,germline,GRCh37,NC_000011.9,11,17434200,17434200,na,na,11p15.1,"criteria provided, single submitter",1,-,N,ClinGen:CA597665542,2,2741197,17434200,A,C,-,-,-,-,-,-,SCV004369198,-,-
2900255,single nucleotide variant,NM_000352.6(ABCC8):c.2556+13T>G,6833,ABCC8,HGNC:59,Likely benign,0,"Jan 14, 2026",1168942845,-,RCV003576020,MedGen:C3661900,not provided,germline,germline,GRCh38,NC_000011.10,11,17412653,17412653,na,na,11p15.1,"criteria provided, single submitter",1,-,N,ClinGen:CA597665542,2,2741197,17412653,A,C,-,-,-,-,-,-,SCV004369198,-,-
2901209,Deletion,NM_000352.6(ABCC8):c.2040+13del,6833,ABCC8,HGNC:59,Likely benign,0,"Jul 18, 2023",2496667200,-,RCV003565769,MedGen:C3661900,not provided,germline,germline,GRCh37,NC_000011.9,11,17449823,17449823,na,na,11p15.1,"criteria provided, single submitter",1,-,N,ClinGen:CA2697548446,2,2744740,17449822,GC,G,-,-,-,-,-,-,SCV004309113,-,-
2901209,Deletion,NM_000352.6(ABCC8):c.2040+13del,6833,ABCC8,HGNC:59,Likely benign,0,"Jul 18, 2023",2496667200,-,RCV003565769,MedGen:C3661900,not provided,germline,germline,GRCh38,NC_000011.10,11,17428276,17428276,na,na,11p15.1,"criteria provided, single submitter",1,-,N,ClinGen:CA2697548446,2,2744740,17428275,GC,G,-,-,-,-,-,-,SCV004309113,-,-
2901563,single nucleotide variant,NM_000525.4(KCNJ11):c.612C>A (p.Asp204Glu),3767,KCNJ11,HGNC:6257,Likely pathogenic,1,"Jan 23, 2023",577757932,-,RCV003557563,MedGen:C3661900,not provided,germline,germline,GRCh37,NC_000011.9,11,17409027,17409027,na,na,11p15.1,"criteria provided, single submitter",1,-,N,ClinGen:CA218399743,2,2735540,17409027,G,T,-,-,-,-,-,-,SCV004295363,-,-
2901563,single nucleotide variant,NM_000525.4(KCNJ11):c.612C>A (p.Asp204Glu),3767,KCNJ11,HGNC:6257,Likely pathogenic,1,"Jan 23, 2023",577757932,-,RCV003557563,MedGen:C3661900,not provided,germline,germline,GRCh38,NC_000011.10,11,17387480,17387480,na,na,11p15.1,"criteria provided, single submitter",1,-,N,ClinGen:CA218399743,2,2735540,17387480,G,T,-,-,-,-,-,-,SCV004295363,-,-
2901564,single nucleotide variant,NM_000525.4(KCNJ11):c.491T>C (p.Leu164Pro),3767,KCNJ11,HGNC:6257,Pathogenic,1,"Apr 12, 2023",2496410573,-,RCV003557564,MedGen:C3661900,not provided,germline,germline,GRCh37,NC_000011.9,11,17409148,17409148,na,na,11p15.1,"criteria provided, single submitter",1,-,N,ClinGen:CA379773258,2,2735541,17409148,A,G,-,-,-,-,-,-,SCV004295364,-,-
2901564,single nucleotide variant,NM_000525.4(KCNJ11):c.491T>C (p.Leu164Pro),3767,KCNJ11,HGNC:6257,Pathogenic,1,"Apr 12, 2023",2496410573,-,RCV003557564,MedGen:C3661900,not provided,germline,germline,GRCh38,NC_000011.10,11,17387601,17387601,na,na,11p15.1,"criteria provided, single submitter",1,-,N,ClinGen:CA379773258,2,2735541,17387601,A,G,-,-,-,-,-,-,SCV004295364,-,-
2901566,single nucleotide variant,NM_000525.4(KCNJ11):c.151G>T (p.Glu51Ter),3767,KCNJ11,HGNC:6257,Pathogenic,1,"Jun 04, 2023",2496412015,-,RCV003557566,MedGen:C3661900,not provided,germline,germline,GRCh37,NC_000011.9,11,17409488,17409488,na,na,11p15.1,"criteria provided, single submitter",1,-,N,ClinGen:CA379776316,2,2735543,17409488,C,A,-,-,-,-,-,-,SCV004295367,-,-
2901566,single nucleotide variant,NM_000525.4(KCNJ11):c.151G>T (p.Glu51Ter),3767,KCNJ11,HGNC:6257,Pathogenic,1,"Jun 04, 2023",2496412015,-,RCV003557566,MedGen:C3661900,not provided,germline,germline,GRCh38,NC_000011.10,11,17387941,17387941,na,na,11p15.1,"criteria provided, single submitter",1,-,N,ClinGen:CA379776316,2,2735543,17387941,C,A,-,-,-,-,-,-,SCV004295367,-,-
2901567,single nucleotide variant,NM_000352.6(ABCC8):c.4661G>A (p.Gly1554Asp),6833,ABCC8,HGNC:59,Pathogenic,1,"Sep 21, 2023",760494159,-,RCV003557567,MedGen:C3661900,not provided,germline,germline,GRCh37,NC_000011.9,11,17414623,17414623,na,na,11p15.1,"criteria provided, single submitter",1,-,N,ClinGen:CA379781222,2,2735544,17414623,C,T,-,-,-,-,-,-,SCV004295369,-,-
2901567,single nucleotide variant,NM_000352.6(ABCC8):c.4661G>A (p.Gly1554Asp),6833,ABCC8,HGNC:59,Pathogenic,1,"Sep 21, 2023",760494159,-,RCV003557567,MedGen:C3661900,not provided,germline,germline,GRCh38,NC_000011.10,11,17393076,17393076,na,na,11p15.1,"criteria provided, single submitter",1,-,N,ClinGen:CA379781222,2,2735544,17393076,C,T,-,-,-,-,-,-,SCV004295369,-,-
2901568,Deletion,NM_000352.6(ABCC8):c.4284del (p.Val1429fs),6833,ABCC8,HGNC:59,Pathogenic,1,"Sep 29, 2023",2496449904,-,RCV003557568,MedGen:C3661900,not provided,germline,germline,GRCh37,NC_000011.9,11,17417180,17417180,na,na,11p15.1,"criteria provided, single submitter",1,-,N,ClinGen:CA2612638714,2,2735545,17417179,CG,C,-,-,-,-,-,-,SCV004295373,-,-
2901568,Deletion,NM_000352.6(ABCC8):c.4284del (p.Val1429fs),6833,ABCC8,HGNC:59,Pathogenic,1,"Sep 29, 2023",2496449904,-,RCV003557568,MedGen:C3661900,not provided,germline,germline,GRCh38,NC_000011.10,11,17395633,17395633,na,na,11p15.1,"criteria provided, single submitter",1,-,N,ClinGen:CA2612638714,2,2735545,17395632,CG,C,-,-,-,-,-,-,SCV004295373,-,-
2901570,Deletion,NM_000352.6(ABCC8):c.2585_2588del (p.His862fs),6833,ABCC8,HGNC:59,Pathogenic,1,"Oct 14, 2023",1381068943,-,RCV003557569,MedGen:C3661900,not provided,germline,germline,GRCh37,NC_000011.9,11,17432169,17432172,na,na,11p15.1,"criteria provided, single submitter",1,-,N,ClinGen:CA674211846,2,2735547,17432168,CAGAT,C,-,-,-,-,-,-,SCV004295383,-,-
2901570,Deletion,NM_000352.6(ABCC8):c.2585_2588del (p.His862fs),6833,ABCC8,HGNC:59,Pathogenic,1,"Oct 14, 2023",1381068943,-,RCV003557569,MedGen:C3661900,not provided,germline,germline,GRCh38,NC_000011.10,11,17410622,17410625,na,na,11p15.1,"criteria provided, single submitter",1,-,N,ClinGen:CA674211846,2,2735547,17410621,CAGAT,C,-,-,-,-,-,-,SCV004295383,-,-
2901572,single nucleotide variant,NM_000352.6(ABCC8):c.2064G>A (p.Trp688Ter),6833,ABCC8,HGNC:59,Pathogenic,1,"Mar 06, 2024",1955658464,-,RCV003557571|RCV004574103,"MedGen:C3661900|Human Phenotype Ontology:HP:0005965,Human Phenotype Ontology:HP:0005978,Human Phenotype Ontology:HP:0100652,MONDO:MONDO:0005148,MeSH:D003924,MedGen:C0011860,OMIM:125853",not provided|Type 2 diabetes mellitus,germline;unknown,germline,GRCh37,NC_000011.9,11,17449466,17449466,na,na,11p15.1,"criteria provided, multiple submitters, no conflicts",2,-,N,ClinGen:CA379814887,2,2735549,17449466,C,T,-,-,-,-,-,-,SCV004295386|SCV005057730,-,-
2901572,single nucleotide variant,NM_000352.6(ABCC8):c.2064G>A (p.Trp688Ter),6833,ABCC8,HGNC:59,Pathogenic,1,"Mar 06, 2024",1955658464,-,RCV003557571|RCV004574103,"MedGen:C3661900|Human Phenotype Ontology:HP:0005965,Human Phenotype Ontology:HP:0005978,Human Phenotype Ontology:HP:0100652,MONDO:MONDO:0005148,MeSH:D003924,MedGen:C0011860,OMIM:125853",not provided|Type 2 diabetes mellitus,germline;unknown,germline,GRCh38,NC_000011.10,11,17427919,17427919,na,na,11p15.1,"criteria provided, multiple submitters, no conflicts",2,-,N,ClinGen:CA379814887,2,2735549,17427919,C,T,-,-,-,-,-,-,SCV004295386|SCV005057730,-,-
2901574,single nucleotide variant,NM_000352.6(ABCC8):c.2056T>A (p.Phe686Ile),6833,ABCC8,HGNC:59,Likely pathogenic,1,"Dec 15, 2022",2496663699,-,RCV003557573,MedGen:C3661900,not provided,germline,germline,GRCh37,NC_000011.9,11,17449474,17449474,na,na,11p15.1,"criteria provided, single submitter",1,-,N,ClinGen:CA379814922,2,2735551,17449474,A,T,-,-,-,-,-,-,SCV004295388,-,-
2901574,single nucleotide variant,NM_000352.6(ABCC8):c.2056T>A (p.Phe686Ile),6833,ABCC8,HGNC:59,Likely pathogenic,1,"Dec 15, 2022",2496663699,-,RCV003557573,MedGen:C3661900,not provided,germline,germline,GRCh38,NC_000011.10,11,17427927,17427927,na,na,11p15.1,"criteria provided, single submitter",1,-,N,ClinGen:CA379814922,2,2735551,17427927,A,T,-,-,-,-,-,-,SCV004295388,-,-
2901575,single nucleotide variant,NM_000352.6(ABCC8):c.1473T>G (p.Tyr491Ter),6833,ABCC8,HGNC:59,Pathogenic,1,"Aug 07, 2024",2496752969,-,RCV003557574,MedGen:C3661900,not provided,germline,germline,GRCh37,NC_000011.9,11,17464424,17464424,na,na,11p15.1,"criteria provided, multiple submitters, no conflicts",2,-,N,ClinGen:CA379766740,2,2735552,17464424,A,C,-,-,-,-,-,-,SCV004295390|SCV006321677,-,-
2901575,single nucleotide variant,NM_000352.6(ABCC8):c.1473T>G (p.Tyr491Ter),6833,ABCC8,HGNC:59,Pathogenic,1,"Aug 07, 2024",2496752969,-,RCV003557574,MedGen:C3661900,not provided,germline,germline,GRCh38,NC_000011.10,11,17442877,17442877,na,na,11p15.1,"criteria provided, multiple submitters, no conflicts",2,-,N,ClinGen:CA379766740,2,2735552,17442877,A,C,-,-,-,-,-,-,SCV004295390|SCV006321677,-,-
2901576,single nucleotide variant,NM_000352.6(ABCC8):c.429G>A (p.Trp143Ter),6833,ABCC8,HGNC:59,Pathogenic,1,"Sep 27, 2023",2496866040,-,RCV003557575,MedGen:C3661900,not provided,germline,germline,GRCh37,NC_000011.9,11,17485135,17485135,na,na,11p15.1,"criteria provided, single submitter",1,-,N,ClinGen:CA379780525,2,2735553,17485135,C,T,-,-,-,-,-,-,SCV004295394,-,-
2901576,single nucleotide variant,NM_000352.6(ABCC8):c.429G>A (p.Trp143Ter),6833,ABCC8,HGNC:59,Pathogenic,1,"Sep 27, 2023",2496866040,-,RCV003557575,MedGen:C3661900,not provided,germline,germline,GRCh38,NC_000011.10,11,17463588,17463588,na,na,11p15.1,"criteria provided, single submitter",1,-,N,ClinGen:CA379780525,2,2735553,17463588,C,T,-,-,-,-,-,-,SCV004295394,-,-
2901577,single nucleotide variant,NM_000352.6(ABCC8):c.298G>T (p.Glu100Ter),6833,ABCC8,HGNC:59,Pathogenic,1,"Nov 22, 2023",200687571,-,RCV003557576|RCV004574104,"MedGen:C3661900|Human Phenotype Ontology:HP:0005965,Human Phenotype Ontology:HP:0005978,Human Phenotype Ontology:HP:0100652,MONDO:MONDO:0005148,MeSH:D003924,MedGen:C0011860,OMIM:125853",not provided|Type 2 diabetes mellitus,germline;unknown,germline,GRCh37,NC_000011.9,11,17491762,17491762,na,na,11p15.1,"criteria provided, multiple submitters, no conflicts",2,-,N,ClinGen:CA379784991,2,2735554,17491762,C,A,-,-,-,-,-,-,SCV004295395|SCV005053703,-,-
2901577,single nucleotide variant,NM_000352.6(ABCC8):c.298G>T (p.Glu100Ter),6833,ABCC8,HGNC:59,Pathogenic,1,"Nov 22, 2023",200687571,-,RCV003557576|RCV004574104,"MedGen:C3661900|Human Phenotype Ontology:HP:0005965,Human Phenotype Ontology:HP:0005978,Human Phenotype Ontology:HP:0100652,MONDO:MONDO:0005148,MeSH:D003924,MedGen:C0011860,OMIM:125853",not provided|Type 2 diabetes mellitus,germline;unknown,germline,GRCh38,NC_000011.10,11,17470215,17470215,na,na,11p15.1,"criteria provided, multiple submitters, no conflicts",2,-,N,ClinGen:CA379784991,2,2735554,17470215,C,A,-,-,-,-,-,-,SCV004295395|SCV005053703,-,-
2901579,single nucleotide variant,NM_000352.6(ABCC8):c.80T>C (p.Phe27Ser),6833,ABCC8,HGNC:59,Likely pathogenic,1,"Jan 20, 2024",2496930367,-,RCV003557578,MedGen:C3661900,not provided,germline,germline,GRCh37,NC_000011.9,11,17498244,17498244,na,na,11p15.1,"criteria provided, single submitter",1,-,N,ClinGen:CA379790046,2,2735556,17498244,A,G,-,-,-,-,-,-,SCV004295398,-,-
2901579,single nucleotide variant,NM_000352.6(ABCC8):c.80T>C (p.Phe27Ser),6833,ABCC8,HGNC:59,Likely pathogenic,1,"Jan 20, 2024",2496930367,-,RCV003557578,MedGen:C3661900,not provided,germline,germline,GRCh38,NC_000011.10,11,17476697,17476697,na,na,11p15.1,"criteria provided, single submitter",1,-,N,ClinGen:CA379790046,2,2735556,17476697,A,G,-,-,-,-,-,-,SCV004295398,-,-
2901794,single nucleotide variant,NM_000352.6(ABCC8):c.1923+19C>A,6833,ABCC8,HGNC:59,Likely benign,0,"Jul 07, 2023",2496670743,-,RCV003560203,MedGen:C3661900,not provided,germline,germline,GRCh37,NC_000011.9,11,17450093,17450093,na,na,11p15.1,"criteria provided, single submitter",1,-,N,ClinGen:CA2697548456,2,2737097,17450093,G,T,-,-,-,-,-,-,SCV004299144,-,-
2901794,single nucleotide variant,NM_000352.6(ABCC8):c.1923+19C>A,6833,ABCC8,HGNC:59,Likely benign,0,"Jul 07, 2023",2496670743,-,RCV003560203,MedGen:C3661900,not provided,germline,germline,GRCh38,NC_000011.10,11,17428546,17428546,na,na,11p15.1,"criteria provided, single submitter",1,-,N,ClinGen:CA2697548456,2,2737097,17428546,G,T,-,-,-,-,-,-,SCV004299144,-,-
2902241,single nucleotide variant,NM_000352.6(ABCC8):c.2527C>G (p.Leu843Val),6833,ABCC8,HGNC:59,Uncertain significance,0,"Jun 24, 2023",1460523087,-,RCV003562759,MedGen:C3661900,not provided,germline,germline,GRCh37,NC_000011.9,11,17434242,17434242,na,na,11p15.1,"criteria provided, single submitter",1,-,N,ClinGen:CA379807457,2,2738876,17434242,G,C,-,-,-,-,-,-,SCV004301000,-,-
2902241,single nucleotide variant,NM_000352.6(ABCC8):c.2527C>G (p.Leu843Val),6833,ABCC8,HGNC:59,Uncertain significance,0,"Jun 24, 2023",1460523087,-,RCV003562759,MedGen:C3661900,not provided,germline,germline,GRCh38,NC_000011.10,11,17412695,17412695,na,na,11p15.1,"criteria provided, single submitter",1,-,N,ClinGen:CA379807457,2,2738876,17412695,G,C,-,-,-,-,-,-,SCV004301000,-,-
2902363,single nucleotide variant,NM_000352.6(ABCC8):c.3400-14C>G,6833,ABCC8,HGNC:59,Likely benign,0,"Jan 19, 2024",745575417,-,RCV003562793,MedGen:C3661900,not provided,germline,germline,GRCh37,NC_000011.9,11,17426230,17426230,na,na,11p15.1,"criteria provided, single submitter",1,-,N,ClinGen:CA5902817,2,2738999,17426230,G,C,-,-,-,-,-,-,SCV004300588,-,-
2902363,single nucleotide variant,NM_000352.6(ABCC8):c.3400-14C>G,6833,ABCC8,HGNC:59,Likely benign,0,"Jan 19, 2024",745575417,-,RCV003562793,MedGen:C3661900,not provided,germline,germline,GRCh38,NC_000011.10,11,17404683,17404683,na,na,11p15.1,"criteria provided, single submitter",1,-,N,ClinGen:CA5902817,2,2738999,17404683,G,C,-,-,-,-,-,-,SCV004300588,-,-
2902687,single nucleotide variant,NM_000352.6(ABCC8):c.120C>G (p.Leu40=),6833,ABCC8,HGNC:59,Likely benign,0,"Jul 10, 2023",1372171503,-,RCV003575807,MedGen:C3661900,not provided,germline,germline,GRCh37,NC_000011.9,11,17498204,17498204,na,na,11p15.1,"criteria provided, single submitter",1,-,N,ClinGen:CA473302204,2,2740620,17498204,G,C,-,-,-,-,-,-,SCV004369886,-,-
2902687,single nucleotide variant,NM_000352.6(ABCC8):c.120C>G (p.Leu40=),6833,ABCC8,HGNC:59,Likely benign,0,"Jul 10, 2023",1372171503,-,RCV003575807,MedGen:C3661900,not provided,germline,germline,GRCh38,NC_000011.10,11,17476657,17476657,na,na,11p15.1,"criteria provided, single submitter",1,-,N,ClinGen:CA473302204,2,2740620,17476657,G,C,-,-,-,-,-,-,SCV004369886,-,-
2902820,single nucleotide variant,NM_000352.6(ABCC8):c.3400-18C>T,6833,ABCC8,HGNC:59,Likely benign,0,"Feb 10, 2024",1490883778,-,RCV003575854,MedGen:C3661900,not provided,germline,germline,GRCh37,NC_000011.9,11,17426234,17426234,na,na,11p15.1,"criteria provided, single submitter",1,-,N,ClinGen:CA597665230,2,2740753,17426234,G,A,-,-,-,-,-,-,SCV004370044,-,-
2902820,single nucleotide variant,NM_000352.6(ABCC8):c.3400-18C>T,6833,ABCC8,HGNC:59,Likely benign,0,"Feb 10, 2024",1490883778,-,RCV003575854,MedGen:C3661900,not provided,germline,germline,GRCh38,NC_000011.10,11,17404687,17404687,na,na,11p15.1,"criteria provided, single submitter",1,-,N,ClinGen:CA597665230,2,2740753,17404687,G,A,-,-,-,-,-,-,SCV004370044,-,-
2902877,single nucleotide variant,NM_000162.5(GCK):c.430C>G (p.Leu144Val),2645,GCK,HGNC:4195,Uncertain significance,0,"Aug 02, 2023",2484529785,-,RCV003575875,MedGen:C3661900,not provided,germline,germline,GRCh37,NC_000007.13,7,44190608,44190608,na,na,7p13,"criteria provided, single submitter",1,-,N,ClinGen:CA367401998,2,2740810,44190608,G,C,-,-,-,-,-,-,SCV004370106,-,-
2902877,single nucleotide variant,NM_000162.5(GCK):c.430C>G (p.Leu144Val),2645,GCK,HGNC:4195,Uncertain significance,0,"Aug 02, 2023",2484529785,-,RCV003575875,MedGen:C3661900,not provided,germline,germline,GRCh38,NC_000007.14,7,44151009,44151009,na,na,7p13,"criteria provided, single submitter",1,-,N,ClinGen:CA367401998,2,2740810,44151009,G,C,-,-,-,-,-,-,SCV004370106,-,-
2903201,single nucleotide variant,NM_000352.6(ABCC8):c.1817+19C>T,6833,ABCC8,HGNC:59,Likely benign,0,"May 14, 2023",376648638,-,RCV003557960,MedGen:C3661900,not provided,germline,germline,GRCh37,NC_000011.9,11,17452342,17452342,na,na,11p15.1,"criteria provided, single submitter",1,-,N,ClinGen:CA5903442,2,2742431,17452342,G,A,-,-,-,-,-,-,SCV004305734,-,-
2903201,single nucleotide variant,NM_000352.6(ABCC8):c.1817+19C>T,6833,ABCC8,HGNC:59,Likely benign,0,"May 14, 2023",376648638,-,RCV003557960,MedGen:C3661900,not provided,germline,germline,GRCh38,NC_000011.10,11,17430795,17430795,na,na,11p15.1,"criteria provided, single submitter",1,-,N,ClinGen:CA5903442,2,2742431,17430795,G,A,-,-,-,-,-,-,SCV004305734,-,-
2904247,single nucleotide variant,NM_000352.6(ABCC8):c.4546-10C>A,6833,ABCC8,HGNC:59,Likely benign,0,"May 28, 2023",1953756062,-,RCV003568352,MedGen:C3661900,not provided,germline,germline,GRCh37,NC_000011.9,11,17415316,17415316,na,na,11p15.1,"criteria provided, single submitter",1,-,N,ClinGen:CA2612635834,2,2746054,17415316,G,T,-,-,-,-,-,-,SCV004309318,-,-
2904247,single nucleotide variant,NM_000352.6(ABCC8):c.4546-10C>A,6833,ABCC8,HGNC:59,Likely benign,0,"May 28, 2023",1953756062,-,RCV003568352,MedGen:C3661900,not provided,germline,germline,GRCh38,NC_000011.10,11,17393769,17393769,na,na,11p15.1,"criteria provided, single submitter",1,-,N,ClinGen:CA2612635834,2,2746054,17393769,G,T,-,-,-,-,-,-,SCV004309318,-,-
2904897,single nucleotide variant,NM_000162.5(GCK):c.1358C>G (p.Ser453Trp),2645,GCK,HGNC:4195,Pathogenic/Likely pathogenic,1,"Apr 01, 2024",193922283,-,RCV003555319|RCV004786963,"MedGen:C3661900|MONDO:MONDO:0007453,MedGen:C0342277,OMIM:125851,Orphanet:552",not provided|Maturity-onset diabetes of the young type 2,germline,germline,GRCh37,NC_000007.13,7,44184775,44184775,na,na,7p13,"criteria provided, multiple submitters, no conflicts",2,-,N,ClinGen:CA367396875,2,2734985,44184775,G,C,-,-,-,-,-,-,SCV004295118|SCV005399403,-,-
2904897,single nucleotide variant,NM_000162.5(GCK):c.1358C>G (p.Ser453Trp),2645,GCK,HGNC:4195,Pathogenic/Likely pathogenic,1,"Apr 01, 2024",193922283,-,RCV003555319|RCV004786963,"MedGen:C3661900|MONDO:MONDO:0007453,MedGen:C0342277,OMIM:125851,Orphanet:552",not provided|Maturity-onset diabetes of the young type 2,germline,germline,GRCh38,NC_000007.14,7,44145176,44145176,na,na,7p13,"criteria provided, multiple submitters, no conflicts",2,-,N,ClinGen:CA367396875,2,2734985,44145176,G,C,-,-,-,-,-,-,SCV004295118|SCV005399403,-,-
2904898,single nucleotide variant,NM_000162.5(GCK):c.1349C>T (p.Ala450Val),2645,GCK,HGNC:4195,Uncertain significance,0,"Oct 07, 2023",2484491998,-,RCV003555320,MedGen:C3661900,not provided,germline,germline,GRCh37,NC_000007.13,7,44184784,44184784,na,na,7p13,"criteria provided, single submitter",1,-,N,ClinGen:CA367396903,2,2734986,44184784,G,A,-,-,-,-,-,-,SCV004295119,-,-
2904898,single nucleotide variant,NM_000162.5(GCK):c.1349C>T (p.Ala450Val),2645,GCK,HGNC:4195,Uncertain significance,0,"Oct 07, 2023",2484491998,-,RCV003555320,MedGen:C3661900,not provided,germline,germline,GRCh38,NC_000007.14,7,44145185,44145185,na,na,7p13,"criteria provided, single submitter",1,-,N,ClinGen:CA367396903,2,2734986,44145185,G,A,-,-,-,-,-,-,SCV004295119,-,-
2904900,single nucleotide variant,NM_000162.5(GCK):c.1235T>C (p.Val412Ala),2645,GCK,HGNC:4195,Pathogenic,1,"Apr 27, 2024",1554334539,-,RCV003555322|RCV004527459,"MedGen:C3661900|MONDO:MONDO:0015967,MedGen:C3888631,Orphanet:183625",not provided|Monogenic diabetes,germline,germline,GRCh37,NC_000007.13,7,44185114,44185114,na,na,7p13,reviewed by expert panel,2,-,N,ClinGen:CA367398281,2,2734988,44185114,A,G,-,-,-,-,-,-,SCV005040674,-,-
2904900,single nucleotide variant,NM_000162.5(GCK):c.1235T>C (p.Val412Ala),2645,GCK,HGNC:4195,Pathogenic,1,"Apr 27, 2024",1554334539,-,RCV003555322|RCV004527459,"MedGen:C3661900|MONDO:MONDO:0015967,MedGen:C3888631,Orphanet:183625",not provided|Monogenic diabetes,germline,germline,GRCh38,NC_000007.14,7,44145515,44145515,na,na,7p13,reviewed by expert panel,2,-,N,ClinGen:CA367398281,2,2734988,44145515,A,G,-,-,-,-,-,-,SCV005040674,-,-
2904902,single nucleotide variant,NM_000162.5(GCK):c.1217T>C (p.Val406Ala),2645,GCK,HGNC:4195,Uncertain significance,0,"Nov 14, 2024",2484496057,-,RCV003555324,MedGen:C3661900,not provided,germline,germline,GRCh37,NC_000007.13,7,44185132,44185132,na,na,7p13,"criteria provided, single submitter",1,-,N,ClinGen:CA367398363,2,2734990,44185132,A,G,-,-,-,-,-,-,SCV004295128,-,-
2904902,single nucleotide variant,NM_000162.5(GCK):c.1217T>C (p.Val406Ala),2645,GCK,HGNC:4195,Uncertain significance,0,"Nov 14, 2024",2484496057,-,RCV003555324,MedGen:C3661900,not provided,germline,germline,GRCh38,NC_000007.14,7,44145533,44145533,na,na,7p13,"criteria provided, single submitter",1,-,N,ClinGen:CA367398363,2,2734990,44145533,A,G,-,-,-,-,-,-,SCV004295128,-,-
2904903,single nucleotide variant,NM_000162.5(GCK):c.1189C>T (p.Arg397Cys),2645,GCK,HGNC:4195,Likely pathogenic,1,"Sep 08, 2023",370464857,-,RCV003555325|RCV004786964|RCV003883222,"MedGen:C3661900|MONDO:MONDO:0007453,MedGen:C0342277,OMIM:125851,Orphanet:552|MONDO:MONDO:0015967,MedGen:C3888631,Orphanet:183625",not provided|Maturity-onset diabetes of the young type 2|Monogenic diabetes,germline,germline,GRCh37,NC_000007.13,7,44185160,44185160,na,na,7p13,reviewed by expert panel,3,-,N,ClinGen:CA4239418,2,2734991,44185160,G,A,-,-,-,-,-,-,SCV004697898,-,-
2904903,single nucleotide variant,NM_000162.5(GCK):c.1189C>T (p.Arg397Cys),2645,GCK,HGNC:4195,Likely pathogenic,1,"Sep 08, 2023",370464857,-,RCV003555325|RCV004786964|RCV003883222,"MedGen:C3661900|MONDO:MONDO:0007453,MedGen:C0342277,OMIM:125851,Orphanet:552|MONDO:MONDO:0015967,MedGen:C3888631,Orphanet:183625",not provided|Maturity-onset diabetes of the young type 2|Monogenic diabetes,germline,germline,GRCh38,NC_000007.14,7,44145561,44145561,na,na,7p13,reviewed by expert panel,3,-,N,ClinGen:CA4239418,2,2734991,44145561,G,A,-,-,-,-,-,-,SCV004697898,-,-
2904904,single nucleotide variant,NM_000162.5(GCK):c.1183G>T (p.Glu395Ter),2645,GCK,HGNC:4195,Pathogenic,1,"Dec 15, 2025",2484496544,-,RCV003555326,MedGen:C3661900,not provided,germline,germline,GRCh37,NC_000007.13,7,44185166,44185166,na,na,7p13,"criteria provided, single submitter",1,-,N,ClinGen:CA367398575,2,2734992,44185166,C,A,-,-,-,-,-,-,SCV004295130,-,-
2904904,single nucleotide variant,NM_000162.5(GCK):c.1183G>T (p.Glu395Ter),2645,GCK,HGNC:4195,Pathogenic,1,"Dec 15, 2025",2484496544,-,RCV003555326,MedGen:C3661900,not provided,germline,germline,GRCh38,NC_000007.14,7,44145567,44145567,na,na,7p13,"criteria provided, single submitter",1,-,N,ClinGen:CA367398575,2,2734992,44145567,C,A,-,-,-,-,-,-,SCV004295130,-,-
2904911,single nucleotide variant,NM_000162.5(GCK):c.896G>A (p.Gly299Asp),2645,GCK,HGNC:4195,Pathogenic,1,"Apr 29, 2024",2484507297,-,RCV003555330,MedGen:C3661900,not provided,germline,germline,GRCh37,NC_000007.13,7,44186185,44186185,na,na,7p13,"criteria provided, single submitter",1,-,N,ClinGen:CA367400087,2,2734999,44186185,C,T,-,-,-,-,-,-,SCV004295151,-,-
2904911,single nucleotide variant,NM_000162.5(GCK):c.896G>A (p.Gly299Asp),2645,GCK,HGNC:4195,Pathogenic,1,"Apr 29, 2024",2484507297,-,RCV003555330,MedGen:C3661900,not provided,germline,germline,GRCh38,NC_000007.14,7,44146586,44146586,na,na,7p13,"criteria provided, single submitter",1,-,N,ClinGen:CA367400087,2,2734999,44146586,C,T,-,-,-,-,-,-,SCV004295151,-,-
2904913,single nucleotide variant,NM_000162.5(GCK):c.863+5G>T,2645,GCK,HGNC:4195,Likely pathogenic,1,"Dec 05, 2023",2484512979,-,RCV003555332,MedGen:C3661900,not provided,germline,germline,GRCh37,NC_000007.13,7,44187244,44187244,na,na,7p13,"criteria provided, single submitter",1,-,N,ClinGen:CA2695203079,2,2735001,44187244,C,A,-,-,-,-,-,-,SCV004295155,-,-
2904913,single nucleotide variant,NM_000162.5(GCK):c.863+5G>T,2645,GCK,HGNC:4195,Likely pathogenic,1,"Dec 05, 2023",2484512979,-,RCV003555332,MedGen:C3661900,not provided,germline,germline,GRCh38,NC_000007.14,7,44147645,44147645,na,na,7p13,"criteria provided, single submitter",1,-,N,ClinGen:CA2695203079,2,2735001,44147645,C,A,-,-,-,-,-,-,SCV004295155,-,-
2904914,single nucleotide variant,NM_000162.5(GCK):c.856C>T (p.Gln286Ter),2645,GCK,HGNC:4195,Pathogenic,1,"Jul 24, 2023",2484513063,-,RCV003555333,MedGen:C3661900,not provided,germline,germline,GRCh37,NC_000007.13,7,44187256,44187256,na,na,7p13,"criteria provided, single submitter",1,-,N,ClinGen:CA367400415,2,2735002,44187256,G,A,-,-,-,-,-,-,SCV004295156,-,-
2904914,single nucleotide variant,NM_000162.5(GCK):c.856C>T (p.Gln286Ter),2645,GCK,HGNC:4195,Pathogenic,1,"Jul 24, 2023",2484513063,-,RCV003555333,MedGen:C3661900,not provided,germline,germline,GRCh38,NC_000007.14,7,44147657,44147657,na,na,7p13,"criteria provided, single submitter",1,-,N,ClinGen:CA367400415,2,2735002,44147657,G,A,-,-,-,-,-,-,SCV004295156,-,-
2904915,single nucleotide variant,NM_000162.5(GCK):c.834C>A (p.Asp278Glu),2645,GCK,HGNC:4195,Pathogenic,1,"Dec 15, 2023",200071687,-,RCV003555334,MedGen:C3661900,not provided,germline,germline,GRCh37,NC_000007.13,7,44187278,44187278,na,na,7p13,"criteria provided, single submitter",1,-,N,ClinGen:CA367400461,2,2735003,44187278,G,T,-,-,-,-,-,-,SCV004295157,-,-
2904915,single nucleotide variant,NM_000162.5(GCK):c.834C>A (p.Asp278Glu),2645,GCK,HGNC:4195,Pathogenic,1,"Dec 15, 2023",200071687,-,RCV003555334,MedGen:C3661900,not provided,germline,germline,GRCh38,NC_000007.14,7,44147679,44147679,na,na,7p13,"criteria provided, single submitter",1,-,N,ClinGen:CA367400461,2,2735003,44147679,G,T,-,-,-,-,-,-,SCV004295157,-,-
2904917,single nucleotide variant,NM_000162.5(GCK):c.763A>G (p.Thr255Ala),2645,GCK,HGNC:4195,Pathogenic,1,"Nov 24, 2025",2128820605,-,RCV003555335|RCV006255902,"MedGen:C3661900|MONDO:MONDO:0015967,MedGen:C3888631,Orphanet:183625",not provided|Monogenic diabetes,germline,germline,GRCh37,NC_000007.13,7,44187349,44187349,na,na,7p13,reviewed by expert panel,2,-,N,ClinGen:CA367400608,2,2735005,44187349,T,C,-,-,-,-,-,-,SCV007107114,-,-
2904917,single nucleotide variant,NM_000162.5(GCK):c.763A>G (p.Thr255Ala),2645,GCK,HGNC:4195,Pathogenic,1,"Nov 24, 2025",2128820605,-,RCV003555335|RCV006255902,"MedGen:C3661900|MONDO:MONDO:0015967,MedGen:C3888631,Orphanet:183625",not provided|Monogenic diabetes,germline,germline,GRCh38,NC_000007.14,7,44147750,44147750,na,na,7p13,reviewed by expert panel,2,-,N,ClinGen:CA367400608,2,2735005,44147750,T,C,-,-,-,-,-,-,SCV007107114,-,-
2904918,single nucleotide variant,NM_000162.5(GCK):c.753G>A (p.Met251Ile),2645,GCK,HGNC:4195,Pathogenic/Likely pathogenic,1,"Jan 30, 2026",2484514406,-,RCV003555336|RCV004369265,"MedGen:C3661900|Human Phenotype Ontology:HP:0004904,MONDO:MONDO:0018911,MedGen:C0342276,OMIM:PS125850,Orphanet:552",not provided|Maturity-onset diabetes of the young,germline,germline,GRCh37,NC_000007.13,7,44187359,44187359,na,na,7p13,"criteria provided, multiple submitters, no conflicts",2,-,N,ClinGen:CA367400629,2,2735006,44187359,C,T,-,-,-,-,-,-,SCV004295162|SCV005032765,-,-
2904918,single nucleotide variant,NM_000162.5(GCK):c.753G>A (p.Met251Ile),2645,GCK,HGNC:4195,Pathogenic/Likely pathogenic,1,"Jan 30, 2026",2484514406,-,RCV003555336|RCV004369265,"MedGen:C3661900|Human Phenotype Ontology:HP:0004904,MONDO:MONDO:0018911,MedGen:C0342276,OMIM:PS125850,Orphanet:552",not provided|Maturity-onset diabetes of the young,germline,germline,GRCh38,NC_000007.14,7,44147760,44147760,na,na,7p13,"criteria provided, multiple submitters, no conflicts",2,-,N,ClinGen:CA367400629,2,2735006,44147760,C,T,-,-,-,-,-,-,SCV004295162|SCV005032765,-,-
2904923,single nucleotide variant,NM_000162.5(GCK):c.637T>C (p.Cys213Arg),2645,GCK,HGNC:4195,Pathogenic,1,"Nov 18, 2023",2484522580,-,RCV003555338,MedGen:C3661900,not provided,germline,germline,GRCh37,NC_000007.13,7,44189401,44189401,na,na,7p13,"criteria provided, single submitter",1,-,N,ClinGen:CA367401273,2,2735011,44189401,A,G,-,-,-,-,-,-,SCV004295171,-,-
2904923,single nucleotide variant,NM_000162.5(GCK):c.637T>C (p.Cys213Arg),2645,GCK,HGNC:4195,Pathogenic,1,"Nov 18, 2023",2484522580,-,RCV003555338,MedGen:C3661900,not provided,germline,germline,GRCh38,NC_000007.14,7,44149802,44149802,na,na,7p13,"criteria provided, single submitter",1,-,N,ClinGen:CA367401273,2,2735011,44149802,A,G,-,-,-,-,-,-,SCV004295171,-,-
2904926,single nucleotide variant,NM_000162.5(GCK):c.539A>G (p.Asn180Ser),2645,GCK,HGNC:4195,Uncertain significance,0,"May 13, 2024",2484524101,-,RCV003555339,MedGen:C3661900,not provided,germline,germline,GRCh37,NC_000007.13,7,44189608,44189608,na,na,7p13,"criteria provided, multiple submitters, no conflicts",2,-,N,ClinGen:CA367401627,2,2735014,44189608,T,C,-,-,-,-,-,-,SCV004295175|SCV005401379,-,-
2904926,single nucleotide variant,NM_000162.5(GCK):c.539A>G (p.Asn180Ser),2645,GCK,HGNC:4195,Uncertain significance,0,"May 13, 2024",2484524101,-,RCV003555339,MedGen:C3661900,not provided,germline,germline,GRCh38,NC_000007.14,7,44150009,44150009,na,na,7p13,"criteria provided, multiple submitters, no conflicts",2,-,N,ClinGen:CA367401627,2,2735014,44150009,T,C,-,-,-,-,-,-,SCV004295175|SCV005401379,-,-
2904927,single nucleotide variant,NM_000162.5(GCK):c.476T>A (p.Ile159Asn),2645,GCK,HGNC:4195,Conflicting classifications of pathogenicity,1,"Jan 26, 2024",2484529294,-,RCV003555340|RCV004596595,"MedGen:C3661900|MONDO:MONDO:0007453,MedGen:C0342277,OMIM:125851,Orphanet:552",not provided|Maturity-onset diabetes of the young type 2,germline,germline,GRCh37,NC_000007.13,7,44190562,44190562,na,na,7p13,"criteria provided, conflicting classifications",2,-,N,ClinGen:CA367401856,2,2735015,44190562,A,T,-,-,-,-,-,-,SCV004295177|SCV005088900,-,-
2904927,single nucleotide variant,NM_000162.5(GCK):c.476T>A (p.Ile159Asn),2645,GCK,HGNC:4195,Conflicting classifications of pathogenicity,1,"Jan 26, 2024",2484529294,-,RCV003555340|RCV004596595,"MedGen:C3661900|MONDO:MONDO:0007453,MedGen:C0342277,OMIM:125851,Orphanet:552",not provided|Maturity-onset diabetes of the young type 2,germline,germline,GRCh38,NC_000007.14,7,44150963,44150963,na,na,7p13,"criteria provided, conflicting classifications",2,-,N,ClinGen:CA367401856,2,2735015,44150963,A,T,-,-,-,-,-,-,SCV004295177|SCV005088900,-,-
2904930,single nucleotide variant,NM_000162.5(GCK):c.368T>C (p.Phe123Ser),2645,GCK,HGNC:4195,Conflicting classifications of pathogenicity,1,"Jan 08, 2025",2484530200,-,RCV003555342,MedGen:C3661900,not provided,germline;unknown,germline,GRCh37,NC_000007.13,7,44190670,44190670,na,na,7p13,"criteria provided, conflicting classifications",3,-,N,ClinGen:CA367402218,2,2735018,44190670,A,G,-,-,-,-,-,-,SCV004295184|SCV005325810|SCV007297131,-,-
2904930,single nucleotide variant,NM_000162.5(GCK):c.368T>C (p.Phe123Ser),2645,GCK,HGNC:4195,Conflicting classifications of pathogenicity,1,"Jan 08, 2025",2484530200,-,RCV003555342,MedGen:C3661900,not provided,germline;unknown,germline,GRCh38,NC_000007.14,7,44151071,44151071,na,na,7p13,"criteria provided, conflicting classifications",3,-,N,ClinGen:CA367402218,2,2735018,44151071,A,G,-,-,-,-,-,-,SCV004295184|SCV005325810|SCV007297131,-,-
2904931,single nucleotide variant,NM_000162.5(GCK):c.365T>C (p.Leu122Pro),2645,GCK,HGNC:4195,Likely pathogenic,1,"Mar 07, 2024",2484530226,-,RCV003555343|RCV003993693,"MedGen:C3661900|MONDO:MONDO:0015967,MedGen:C3888631,Orphanet:183625",not provided|Monogenic diabetes,germline,germline,GRCh37,NC_000007.13,7,44190673,44190673,na,na,7p13,reviewed by expert panel,2,-,N,ClinGen:CA367402227,2,2735019,44190673,A,G,-,-,-,-,-,-,SCV004812200,-,-
2904931,single nucleotide variant,NM_000162.5(GCK):c.365T>C (p.Leu122Pro),2645,GCK,HGNC:4195,Likely pathogenic,1,"Mar 07, 2024",2484530226,-,RCV003555343|RCV003993693,"MedGen:C3661900|MONDO:MONDO:0015967,MedGen:C3888631,Orphanet:183625",not provided|Monogenic diabetes,germline,germline,GRCh38,NC_000007.14,7,44151074,44151074,na,na,7p13,reviewed by expert panel,2,-,N,ClinGen:CA367402227,2,2735019,44151074,A,G,-,-,-,-,-,-,SCV004812200,-,-
2905592,single nucleotide variant,NM_000352.6(ABCC8):c.580-20A>G,6833,ABCC8,HGNC:59,Likely benign,0,"Jan 08, 2024",1277521547,-,RCV003562581,MedGen:C3661900,not provided,germline,germline,GRCh37,NC_000011.9,11,17483392,17483392,na,na,11p15.1,"criteria provided, single submitter",1,-,N,ClinGen:CA597904513,2,2738354,17483392,T,C,-,-,-,-,-,-,SCV004299478,-,-
2905592,single nucleotide variant,NM_000352.6(ABCC8):c.580-20A>G,6833,ABCC8,HGNC:59,Likely benign,0,"Jan 08, 2024",1277521547,-,RCV003562581,MedGen:C3661900,not provided,germline,germline,GRCh38,NC_000011.10,11,17461845,17461845,na,na,11p15.1,"criteria provided, single submitter",1,-,N,ClinGen:CA597904513,2,2738354,17461845,T,C,-,-,-,-,-,-,SCV004299478,-,-
2905594,single nucleotide variant,NM_000352.6(ABCC8):c.4609-17C>T,6833,ABCC8,HGNC:59,Likely benign,0,"Jan 26, 2024",751194964,-,RCV003562583,MedGen:C3661900,not provided,germline,germline,GRCh37,NC_000011.9,11,17414692,17414692,na,na,11p15.1,"criteria provided, single submitter",1,-,N,ClinGen:CA5902396,2,2738356,17414692,G,A,-,-,-,-,-,-,SCV004300667,-,-
2905594,single nucleotide variant,NM_000352.6(ABCC8):c.4609-17C>T,6833,ABCC8,HGNC:59,Likely benign,0,"Jan 26, 2024",751194964,-,RCV003562583,MedGen:C3661900,not provided,germline,germline,GRCh38,NC_000011.10,11,17393145,17393145,na,na,11p15.1,"criteria provided, single submitter",1,-,N,ClinGen:CA5902396,2,2738356,17393145,G,A,-,-,-,-,-,-,SCV004300667,-,-
2905684,Deletion,NM_000352.6(ABCC8):c.290+18del,6833,ABCC8,HGNC:59,Likely benign,0,"Jan 19, 2026",746259238,-,RCV003562627,MedGen:C3661900,not provided,germline,germline,GRCh37,NC_000011.9,11,17496415,17496415,na,na,11p15.1,"criteria provided, single submitter",1,-,N,ClinGen:CA218462478,2,2738446,17496414,TC,T,-,-,-,-,-,-,SCV004301534,-,-
2905684,Deletion,NM_000352.6(ABCC8):c.290+18del,6833,ABCC8,HGNC:59,Likely benign,0,"Jan 19, 2026",746259238,-,RCV003562627,MedGen:C3661900,not provided,germline,germline,GRCh38,NC_000011.10,11,17474868,17474868,na,na,11p15.1,"criteria provided, single submitter",1,-,N,ClinGen:CA218462478,2,2738446,17474867,TC,T,-,-,-,-,-,-,SCV004301534,-,-
2906601,single nucleotide variant,NM_000352.6(ABCC8):c.2556+17T>C,6833,ABCC8,HGNC:59,Likely benign,0,"Jan 03, 2026",374812726,-,RCV003555812,MedGen:C3661900,not provided,germline,germline,GRCh37,NC_000011.9,11,17434196,17434196,na,na,11p15.1,"criteria provided, single submitter",1,-,N,ClinGen:CA5903094,2,2741956,17434196,A,G,-,-,-,-,-,-,SCV004304003,-,-
2906601,single nucleotide variant,NM_000352.6(ABCC8):c.2556+17T>C,6833,ABCC8,HGNC:59,Likely benign,0,"Jan 03, 2026",374812726,-,RCV003555812,MedGen:C3661900,not provided,germline,germline,GRCh38,NC_000011.10,11,17412649,17412649,na,na,11p15.1,"criteria provided, single submitter",1,-,N,ClinGen:CA5903094,2,2741956,17412649,A,G,-,-,-,-,-,-,SCV004304003,-,-
2906602,single nucleotide variant,NM_000352.6(ABCC8):c.2390+13C>T,6833,ABCC8,HGNC:59,Likely benign,0,"Sep 27, 2025",561269917,-,RCV003555813|RCV005240839,MedGen:C3661900|MedGen:CN169374,not provided|not specified,germline,germline,GRCh37,NC_000011.9,11,17436046,17436046,na,na,11p15.1,"criteria provided, multiple submitters, no conflicts",2,-,N,ClinGen:CA5903175,2,2741957,17436046,G,A,-,-,-,-,-,-,SCV004304005|SCV005884103,-,-
2906602,single nucleotide variant,NM_000352.6(ABCC8):c.2390+13C>T,6833,ABCC8,HGNC:59,Likely benign,0,"Sep 27, 2025",561269917,-,RCV003555813|RCV005240839,MedGen:C3661900|MedGen:CN169374,not provided|not specified,germline,germline,GRCh38,NC_000011.10,11,17414499,17414499,na,na,11p15.1,"criteria provided, multiple submitters, no conflicts",2,-,N,ClinGen:CA5903175,2,2741957,17414499,G,A,-,-,-,-,-,-,SCV004304005|SCV005884103,-,-
2906622,single nucleotide variant,NM_000352.6(ABCC8):c.4199-14T>C,6833,ABCC8,HGNC:59,Likely benign,0,"Jun 16, 2023",1554905029,-,RCV003555821,MedGen:C3661900,not provided,germline,germline,GRCh37,NC_000011.9,11,17417279,17417279,na,na,11p15.1,"criteria provided, single submitter",1,-,N,ClinGen:CA1955123280,2,2741977,17417279,A,G,-,-,-,-,-,-,SCV004304029,-,-
2906622,single nucleotide variant,NM_000352.6(ABCC8):c.4199-14T>C,6833,ABCC8,HGNC:59,Likely benign,0,"Jun 16, 2023",1554905029,-,RCV003555821,MedGen:C3661900,not provided,germline,germline,GRCh38,NC_000011.10,11,17395732,17395732,na,na,11p15.1,"criteria provided, single submitter",1,-,N,ClinGen:CA1955123280,2,2741977,17395732,A,G,-,-,-,-,-,-,SCV004304029,-,-
2906708,single nucleotide variant,NM_000352.6(ABCC8):c.148+12C>G,6833,ABCC8,HGNC:59,Likely benign,0,"Jan 26, 2023",2496929363,-,RCV003555861,MedGen:C3661900,not provided,germline,germline,GRCh37,NC_000011.9,11,17498164,17498164,na,na,11p15.1,"criteria provided, single submitter",1,-,N,ClinGen:CA2697548465,2,2742063,17498164,G,C,-,-,-,-,-,-,SCV004304080,-,-
2906708,single nucleotide variant,NM_000352.6(ABCC8):c.148+12C>G,6833,ABCC8,HGNC:59,Likely benign,0,"Jan 26, 2023",2496929363,-,RCV003555861,MedGen:C3661900,not provided,germline,germline,GRCh38,NC_000011.10,11,17476617,17476617,na,na,11p15.1,"criteria provided, single submitter",1,-,N,ClinGen:CA2697548465,2,2742063,17476617,G,C,-,-,-,-,-,-,SCV004304080,-,-
2907034,single nucleotide variant,NM_000352.6(ABCC8):c.3495G>A (p.Val1165=),6833,ABCC8,HGNC:59,Likely benign,0,"Jul 16, 2023",1431596946,-,RCV003560497,MedGen:C3661900,not provided,germline,germline,GRCh37,NC_000011.9,11,17426121,17426121,na,na,11p15.1,"criteria provided, single submitter",1,-,N,ClinGen:CA473299658,2,2743681,17426121,C,T,-,-,-,-,-,-,SCV004307397,-,-
2907034,single nucleotide variant,NM_000352.6(ABCC8):c.3495G>A (p.Val1165=),6833,ABCC8,HGNC:59,Likely benign,0,"Jul 16, 2023",1431596946,-,RCV003560497,MedGen:C3661900,not provided,germline,germline,GRCh38,NC_000011.10,11,17404574,17404574,na,na,11p15.1,"criteria provided, single submitter",1,-,N,ClinGen:CA473299658,2,2743681,17404574,C,T,-,-,-,-,-,-,SCV004307397,-,-
2907097,single nucleotide variant,NM_000352.6(ABCC8):c.3498C>T (p.Ala1166=),6833,ABCC8,HGNC:59,Likely benign,0,"Jul 16, 2023",2496512828,-,RCV003560526,MedGen:C3661900,not provided,germline,germline,GRCh37,NC_000011.9,11,17426118,17426118,na,na,11p15.1,"criteria provided, single submitter",1,-,N,ClinGen:CA473299655,2,2743744,17426118,G,A,-,-,-,-,-,-,SCV004307071,-,-
2907097,single nucleotide variant,NM_000352.6(ABCC8):c.3498C>T (p.Ala1166=),6833,ABCC8,HGNC:59,Likely benign,0,"Jul 16, 2023",2496512828,-,RCV003560526,MedGen:C3661900,not provided,germline,germline,GRCh38,NC_000011.10,11,17404571,17404571,na,na,11p15.1,"criteria provided, single submitter",1,-,N,ClinGen:CA473299655,2,2743744,17404571,G,A,-,-,-,-,-,-,SCV004307071,-,-
2907367,single nucleotide variant,NM_000352.6(ABCC8):c.1631-13G>A,6833,ABCC8,HGNC:59,Likely benign,0,"Jul 19, 2023",1591808144,-,RCV003568009,MedGen:C3661900,not provided,germline,germline,GRCh37,NC_000011.9,11,17453804,17453804,na,na,11p15.1,"criteria provided, single submitter",1,-,N,ClinGen:CA2697548451,2,2745307,17453804,C,T,-,-,-,-,-,-,SCV004306271,-,-
2907367,single nucleotide variant,NM_000352.6(ABCC8):c.1631-13G>A,6833,ABCC8,HGNC:59,Likely benign,0,"Jul 19, 2023",1591808144,-,RCV003568009,MedGen:C3661900,not provided,germline,germline,GRCh38,NC_000011.10,11,17432257,17432257,na,na,11p15.1,"criteria provided, single submitter",1,-,N,ClinGen:CA2697548451,2,2745307,17432257,C,T,-,-,-,-,-,-,SCV004306271,-,-
2907975,single nucleotide variant,NM_000352.6(ABCC8):c.3843C>A (p.Gly1281=),6833,ABCC8,HGNC:59,Likely benign,0,"Aug 08, 2023",1954013799,-,RCV003570369,MedGen:C3661900,not provided,germline,germline,GRCh37,NC_000011.9,11,17419255,17419255,na,na,11p15.1,"criteria provided, single submitter",1,-,N,ClinGen:CA473298826,2,2747215,17419255,G,T,-,-,-,-,-,-,SCV004308377,-,-
2907975,single nucleotide variant,NM_000352.6(ABCC8):c.3843C>A (p.Gly1281=),6833,ABCC8,HGNC:59,Likely benign,0,"Aug 08, 2023",1954013799,-,RCV003570369,MedGen:C3661900,not provided,germline,germline,GRCh38,NC_000011.10,11,17397708,17397708,na,na,11p15.1,"criteria provided, single submitter",1,-,N,ClinGen:CA473298826,2,2747215,17397708,G,T,-,-,-,-,-,-,SCV004308377,-,-
2909024,single nucleotide variant,NM_000352.6(ABCC8):c.2193G>A (p.Gln731=),6833,ABCC8,HGNC:59,Likely benign,0,"May 31, 2023",2496657369,-,RCV003566675,MedGen:C3661900,not provided,germline,germline,GRCh37,NC_000011.9,11,17448625,17448625,na,na,11p15.1,"criteria provided, single submitter",1,-,N,ClinGen:CA473302385,2,2753026,17448625,C,T,-,-,-,-,-,-,SCV004315654,-,-
2909024,single nucleotide variant,NM_000352.6(ABCC8):c.2193G>A (p.Gln731=),6833,ABCC8,HGNC:59,Likely benign,0,"May 31, 2023",2496657369,-,RCV003566675,MedGen:C3661900,not provided,germline,germline,GRCh38,NC_000011.10,11,17427078,17427078,na,na,11p15.1,"criteria provided, single submitter",1,-,N,ClinGen:CA473302385,2,2753026,17427078,C,T,-,-,-,-,-,-,SCV004315654,-,-
2909581,single nucleotide variant,NM_000162.5(GCK):c.531A>C (p.Glu177Asp),2645,GCK,HGNC:4195,Uncertain significance,1,"Sep 29, 2025",2484524170,-,RCV003564073|RCV005862556,"MedGen:C3661900|MONDO:MONDO:0015967,MedGen:C3888631,Orphanet:183625",not provided|Monogenic diabetes,germline;unknown,germline,GRCh37,NC_000007.13,7,44189616,44189616,na,na,7p13,reviewed by expert panel,3,-,N,ClinGen:CA367401655,2,2754882,44189616,T,G,-,-,-,-,-,-,SCV006555199,-,-
2909581,single nucleotide variant,NM_000162.5(GCK):c.531A>C (p.Glu177Asp),2645,GCK,HGNC:4195,Uncertain significance,1,"Sep 29, 2025",2484524170,-,RCV003564073|RCV005862556,"MedGen:C3661900|MONDO:MONDO:0015967,MedGen:C3888631,Orphanet:183625",not provided|Monogenic diabetes,germline;unknown,germline,GRCh38,NC_000007.14,7,44150017,44150017,na,na,7p13,reviewed by expert panel,3,-,N,ClinGen:CA367401655,2,2754882,44150017,T,G,-,-,-,-,-,-,SCV006555199,-,-
2909914,single nucleotide variant,NM_000352.6(ABCC8):c.921C>A (p.Ile307=),6833,ABCC8,HGNC:59,Likely benign,0,"Aug 30, 2023",2496844840,-,RCV003571800,MedGen:C3661900,not provided,germline,germline,GRCh37,NC_000011.9,11,17482125,17482125,na,na,11p15.1,"criteria provided, single submitter",1,-,N,ClinGen:CA473300575,2,2756513,17482125,G,T,-,-,-,-,-,-,SCV004323569,-,-
2909914,single nucleotide variant,NM_000352.6(ABCC8):c.921C>A (p.Ile307=),6833,ABCC8,HGNC:59,Likely benign,0,"Aug 30, 2023",2496844840,-,RCV003571800,MedGen:C3661900,not provided,germline,germline,GRCh38,NC_000011.10,11,17460578,17460578,na,na,11p15.1,"criteria provided, single submitter",1,-,N,ClinGen:CA473300575,2,2756513,17460578,G,T,-,-,-,-,-,-,SCV004323569,-,-
2910774,single nucleotide variant,NM_000352.6(ABCC8):c.36G>A (p.Ser12=),6833,ABCC8,HGNC:59,Likely benign,0,"Jun 03, 2023",765938987,-,RCV003571930,MedGen:C3661900,not provided,germline,germline,GRCh37,NC_000011.9,11,17498288,17498288,na,na,11p15.1,"criteria provided, single submitter",1,-,N,ClinGen:CA473302320,2,2759962,17498288,C,T,-,-,-,-,-,-,SCV004324049,-,-
2910774,single nucleotide variant,NM_000352.6(ABCC8):c.36G>A (p.Ser12=),6833,ABCC8,HGNC:59,Likely benign,0,"Jun 03, 2023",765938987,-,RCV003571930,MedGen:C3661900,not provided,germline,germline,GRCh38,NC_000011.10,11,17476741,17476741,na,na,11p15.1,"criteria provided, single submitter",1,-,N,ClinGen:CA473302320,2,2759962,17476741,C,T,-,-,-,-,-,-,SCV004324049,-,-
2910886,single nucleotide variant,NM_000352.6(ABCC8):c.2267A>G (p.Glu756Gly),6833,ABCC8,HGNC:59,Uncertain significance,0,"Jan 01, 2025",766784319,-,RCV003571988,MedGen:C3661900,not provided,germline,germline,GRCh37,NC_000011.9,11,17436875,17436875,na,na,11p15.1,"criteria provided, single submitter",1,-,N,ClinGen:CA379810899,2,2760074,17436875,T,C,-,-,-,-,-,-,SCV004326923,-,-
2910886,single nucleotide variant,NM_000352.6(ABCC8):c.2267A>G (p.Glu756Gly),6833,ABCC8,HGNC:59,Uncertain significance,0,"Jan 01, 2025",766784319,-,RCV003571988,MedGen:C3661900,not provided,germline,germline,GRCh38,NC_000011.10,11,17415328,17415328,na,na,11p15.1,"criteria provided, single submitter",1,-,N,ClinGen:CA379810899,2,2760074,17415328,T,C,-,-,-,-,-,-,SCV004326923,-,-
2911718,single nucleotide variant,NM_000352.6(ABCC8):c.1672-13C>G,6833,ABCC8,HGNC:59,Likely benign,0,"Jul 24, 2023",369655742,-,RCV003562967,MedGen:C3661900,not provided,germline,germline,GRCh37,NC_000011.9,11,17452519,17452519,na,na,11p15.1,"criteria provided, single submitter",1,-,N,ClinGen:CA2697548444,2,2746208,17452519,G,C,-,-,-,-,-,-,SCV004307950,-,-
2911718,single nucleotide variant,NM_000352.6(ABCC8):c.1672-13C>G,6833,ABCC8,HGNC:59,Likely benign,0,"Jul 24, 2023",369655742,-,RCV003562967,MedGen:C3661900,not provided,germline,germline,GRCh38,NC_000011.10,11,17430972,17430972,na,na,11p15.1,"criteria provided, single submitter",1,-,N,ClinGen:CA2697548444,2,2746208,17430972,G,C,-,-,-,-,-,-,SCV004307950,-,-
2912237,single nucleotide variant,NM_000352.6(ABCC8):c.957C>T (p.Cys319=),6833,ABCC8,HGNC:59,Likely benign,0,"Jul 29, 2023",2496844357,-,RCV003570757,MedGen:C3661900,not provided,germline,germline,GRCh37,NC_000011.9,11,17482089,17482089,na,na,11p15.1,"criteria provided, single submitter",1,-,N,ClinGen:CA473300526,2,2748026,17482089,G,A,-,-,-,-,-,-,SCV004311859,-,-
2912237,single nucleotide variant,NM_000352.6(ABCC8):c.957C>T (p.Cys319=),6833,ABCC8,HGNC:59,Likely benign,0,"Jul 29, 2023",2496844357,-,RCV003570757,MedGen:C3661900,not provided,germline,germline,GRCh38,NC_000011.10,11,17460542,17460542,na,na,11p15.1,"criteria provided, single submitter",1,-,N,ClinGen:CA473300526,2,2748026,17460542,G,A,-,-,-,-,-,-,SCV004311859,-,-
2913370,single nucleotide variant,NM_000352.6(ABCC8):c.4177C>G (p.Arg1393Gly),6833,ABCC8,HGNC:59,Likely pathogenic,1,"May 31, 2023",776610373,-,RCV003566518,MedGen:C3661900,not provided,germline,germline,GRCh37,NC_000011.9,11,17417420,17417420,na,na,11p15.1,"criteria provided, single submitter",1,-,N,ClinGen:CA379787909,2,2752629,17417420,G,C,-,-,-,-,-,-,SCV004317747,-,-
2913370,single nucleotide variant,NM_000352.6(ABCC8):c.4177C>G (p.Arg1393Gly),6833,ABCC8,HGNC:59,Likely pathogenic,1,"May 31, 2023",776610373,-,RCV003566518,MedGen:C3661900,not provided,germline,germline,GRCh38,NC_000011.10,11,17395873,17395873,na,na,11p15.1,"criteria provided, single submitter",1,-,N,ClinGen:CA379787909,2,2752629,17395873,G,C,-,-,-,-,-,-,SCV004317747,-,-
2913841,Deletion,NM_000352.6(ABCC8):c.2453del (p.Asp818fs),6833,ABCC8,HGNC:59,Pathogenic,1,"Aug 22, 2023",2496578182,-,RCV003569299,MedGen:C3661900,not provided,germline,germline,GRCh37,NC_000011.9,11,17434963,17434963,na,na,11p15.1,"criteria provided, single submitter",1,-,N,ClinGen:CA2697548458,2,2754399,17434962,GT,G,-,-,-,-,-,-,SCV004318915,-,-
2913841,Deletion,NM_000352.6(ABCC8):c.2453del (p.Asp818fs),6833,ABCC8,HGNC:59,Pathogenic,1,"Aug 22, 2023",2496578182,-,RCV003569299,MedGen:C3661900,not provided,germline,germline,GRCh38,NC_000011.10,11,17413416,17413416,na,na,11p15.1,"criteria provided, single submitter",1,-,N,ClinGen:CA2697548458,2,2754399,17413415,GT,G,-,-,-,-,-,-,SCV004318915,-,-
2913848,single nucleotide variant,NM_000352.6(ABCC8):c.264G>A (p.Glu88=),6833,ABCC8,HGNC:59,Likely benign,0,"Aug 30, 2023",2496918658,-,RCV003569304|RCV005608999,MedGen:C3661900|,not provided|Hereditary hyperinsulinism,germline,germline,GRCh37,NC_000011.9,11,17496459,17496459,na,na,11p15.1,"criteria provided, single submitter",2,-,N,ClinGen:CA473301929,2,2754406,17496459,C,T,-,-,-,-,-,-,SCV004318922,-,-
2913848,single nucleotide variant,NM_000352.6(ABCC8):c.264G>A (p.Glu88=),6833,ABCC8,HGNC:59,Likely benign,0,"Aug 30, 2023",2496918658,-,RCV003569304|RCV005608999,MedGen:C3661900|,not provided|Hereditary hyperinsulinism,germline,germline,GRCh38,NC_000011.10,11,17474912,17474912,na,na,11p15.1,"criteria provided, single submitter",2,-,N,ClinGen:CA473301929,2,2754406,17474912,C,T,-,-,-,-,-,-,SCV004318922,-,-
2914284,single nucleotide variant,NM_000352.6(ABCC8):c.363G>T (p.Val121=),6833,ABCC8,HGNC:59,Likely benign,0,"Aug 29, 2023",2496897583,-,RCV003571630,MedGen:C3661900,not provided,germline,germline,GRCh37,NC_000011.9,11,17491697,17491697,na,na,11p15.1,"criteria provided, single submitter",1,-,N,ClinGen:CA473301574,2,2756139,17491697,C,A,-,-,-,-,-,-,SCV004321955,-,-
2914284,single nucleotide variant,NM_000352.6(ABCC8):c.363G>T (p.Val121=),6833,ABCC8,HGNC:59,Likely benign,0,"Aug 29, 2023",2496897583,-,RCV003571630,MedGen:C3661900,not provided,germline,germline,GRCh38,NC_000011.10,11,17470150,17470150,na,na,11p15.1,"criteria provided, single submitter",1,-,N,ClinGen:CA473301574,2,2756139,17470150,C,A,-,-,-,-,-,-,SCV004321955,-,-
2914881,single nucleotide variant,NM_000352.6(ABCC8):c.2117-10C>G,6833,ABCC8,HGNC:59,Likely benign,0,"Sep 04, 2023",886048053,-,RCV003569500,MedGen:C3661900,not provided,germline,germline,GRCh37,NC_000011.9,11,17448711,17448711,na,na,11p15.1,"criteria provided, single submitter",1,-,N,ClinGen:CA2697548439,2,2758038,17448711,G,C,-,-,-,-,-,-,SCV004320914,-,-
2914881,single nucleotide variant,NM_000352.6(ABCC8):c.2117-10C>G,6833,ABCC8,HGNC:59,Likely benign,0,"Sep 04, 2023",886048053,-,RCV003569500,MedGen:C3661900,not provided,germline,germline,GRCh38,NC_000011.10,11,17427164,17427164,na,na,11p15.1,"criteria provided, single submitter",1,-,N,ClinGen:CA2697548439,2,2758038,17427164,G,C,-,-,-,-,-,-,SCV004320914,-,-
2915127,single nucleotide variant,NM_000352.6(ABCC8):c.1818-13G>A,6833,ABCC8,HGNC:59,Likely benign,0,"Jul 31, 2023",2496672878,-,RCV003566141,MedGen:C3661900,not provided,germline,germline,GRCh37,NC_000011.9,11,17450230,17450230,na,na,11p15.1,"criteria provided, single submitter",1,-,N,ClinGen:CA2697548461,2,2748767,17450230,C,T,-,-,-,-,-,-,SCV004310891,-,-
2915127,single nucleotide variant,NM_000352.6(ABCC8):c.1818-13G>A,6833,ABCC8,HGNC:59,Likely benign,0,"Jul 31, 2023",2496672878,-,RCV003566141,MedGen:C3661900,not provided,germline,germline,GRCh38,NC_000011.10,11,17428683,17428683,na,na,11p15.1,"criteria provided, single submitter",1,-,N,ClinGen:CA2697548461,2,2748767,17428683,C,T,-,-,-,-,-,-,SCV004310891,-,-
2915739,single nucleotide variant,NM_000352.6(ABCC8):c.2736C>T (p.Thr912=),6833,ABCC8,HGNC:59,Likely benign,0,"Oct 17, 2023",1432121917,-,RCV003563575,MedGen:C3661900,not provided,germline,germline,GRCh37,NC_000011.9,11,17430023,17430023,na,na,11p15.1,"criteria provided, single submitter",1,-,N,ClinGen:CA473300602,2,2750676,17430023,G,A,-,-,-,-,-,-,SCV004313393,-,-
2915739,single nucleotide variant,NM_000352.6(ABCC8):c.2736C>T (p.Thr912=),6833,ABCC8,HGNC:59,Likely benign,0,"Oct 17, 2023",1432121917,-,RCV003563575,MedGen:C3661900,not provided,germline,germline,GRCh38,NC_000011.10,11,17408476,17408476,na,na,11p15.1,"criteria provided, single submitter",1,-,N,ClinGen:CA473300602,2,2750676,17408476,G,A,-,-,-,-,-,-,SCV004313393,-,-
2915740,single nucleotide variant,NM_000352.6(ABCC8):c.1631-10T>C,6833,ABCC8,HGNC:59,Likely benign,0,"Oct 17, 2023",2496698705,-,RCV003563576,MedGen:C3661900,not provided,germline,germline,GRCh37,NC_000011.9,11,17453801,17453801,na,na,11p15.1,"criteria provided, single submitter",1,-,N,ClinGen:CA2574768700,2,2750677,17453801,A,G,-,-,-,-,-,-,SCV004313394,-,-
2915740,single nucleotide variant,NM_000352.6(ABCC8):c.1631-10T>C,6833,ABCC8,HGNC:59,Likely benign,0,"Oct 17, 2023",2496698705,-,RCV003563576,MedGen:C3661900,not provided,germline,germline,GRCh38,NC_000011.10,11,17432254,17432254,na,na,11p15.1,"criteria provided, single submitter",1,-,N,ClinGen:CA2574768700,2,2750677,17432254,A,G,-,-,-,-,-,-,SCV004313394,-,-
2915840,Duplication,NM_000352.6(ABCC8):c.2819_2820+17dup,6833,ABCC8,HGNC:59,Likely benign,0,"Aug 16, 2023",2496542391,-,RCV003563630,MedGen:C3661900,not provided,germline,germline,GRCh37,NC_000011.9,11,17429921,17429922,na,na,11p15.1,"criteria provided, single submitter",1,-,N,ClinGen:CA2697548438,2,2750777,17429921,A,ATCCCTGGATATACCCACCT,-,-,-,-,-,-,SCV004313500,-,-
2915840,Duplication,NM_000352.6(ABCC8):c.2819_2820+17dup,6833,ABCC8,HGNC:59,Likely benign,0,"Aug 16, 2023",2496542391,-,RCV003563630,MedGen:C3661900,not provided,germline,germline,GRCh38,NC_000011.10,11,17408374,17408375,na,na,11p15.1,"criteria provided, single submitter",1,-,N,ClinGen:CA2697548438,2,2750777,17408374,A,ATCCCTGGATATACCCACCT,-,-,-,-,-,-,SCV004313500,-,-
2916895,Deletion,NM_000352.6(ABCC8):c.4273del (p.Leu1425fs),6833,ABCC8,HGNC:59,Pathogenic,1,"Jun 01, 2023",2496450170,-,RCV003571445,MedGen:C3661900,not provided,germline,germline,GRCh37,NC_000011.9,11,17417191,17417191,na,na,11p15.1,"criteria provided, single submitter",1,-,N,ClinGen:CA2612638731,2,2755723,17417190,AG,A,-,-,-,-,-,-,SCV004321937,-,-
2916895,Deletion,NM_000352.6(ABCC8):c.4273del (p.Leu1425fs),6833,ABCC8,HGNC:59,Pathogenic,1,"Jun 01, 2023",2496450170,-,RCV003571445,MedGen:C3661900,not provided,germline,germline,GRCh38,NC_000011.10,11,17395644,17395644,na,na,11p15.1,"criteria provided, single submitter",1,-,N,ClinGen:CA2612638731,2,2755723,17395643,AG,A,-,-,-,-,-,-,SCV004321937,-,-
2917950,single nucleotide variant,NM_000162.5(GCK):c.301G>T (p.Val101Leu),2645,GCK,HGNC:4195,Uncertain significance,0,"Aug 23, 2023",762922697,-,RCV003564701,MedGen:C3661900,not provided,germline,germline,GRCh37,NC_000007.13,7,44191932,44191932,na,na,7p13,"criteria provided, single submitter",1,-,N,ClinGen:CA367402778,2,2759368,44191932,C,A,-,-,-,-,-,-,SCV004322256,-,-
2917950,single nucleotide variant,NM_000162.5(GCK):c.301G>T (p.Val101Leu),2645,GCK,HGNC:4195,Uncertain significance,0,"Aug 23, 2023",762922697,-,RCV003564701,MedGen:C3661900,not provided,germline,germline,GRCh38,NC_000007.14,7,44152333,44152333,na,na,7p13,"criteria provided, single submitter",1,-,N,ClinGen:CA367402778,2,2759368,44152333,C,A,-,-,-,-,-,-,SCV004322256,-,-
2918246,single nucleotide variant,NM_000352.6(ABCC8):c.4536C>T (p.Asp1512=),6833,ABCC8,HGNC:59,Likely benign,0,"Sep 15, 2023",2496438903,-,RCV003567399,MedGen:C3661900,not provided,germline,germline,GRCh37,NC_000011.9,11,17415822,17415822,na,na,11p15.1,"criteria provided, single submitter",1,-,N,ClinGen:CA473298055,2,2760952,17415822,G,A,-,-,-,-,-,-,SCV004327853,-,-
2918246,single nucleotide variant,NM_000352.6(ABCC8):c.4536C>T (p.Asp1512=),6833,ABCC8,HGNC:59,Likely benign,0,"Sep 15, 2023",2496438903,-,RCV003567399,MedGen:C3661900,not provided,germline,germline,GRCh38,NC_000011.10,11,17394275,17394275,na,na,11p15.1,"criteria provided, single submitter",1,-,N,ClinGen:CA473298055,2,2760952,17394275,G,A,-,-,-,-,-,-,SCV004327853,-,-
2919325,single nucleotide variant,NM_000352.6(ABCC8):c.2475+1G>T,6833,ABCC8,HGNC:59,Likely pathogenic,1,"Apr 25, 2025",772026262,-,RCV003563430|RCV005871219,"MedGen:C3661900|MONDO:MONDO:0009734,MedGen:C2931832,OMIM:256450,Orphanet:276575,Orphanet:276598","not provided|Hyperinsulinemic hypoglycemia, familial, 1",germline,germline,GRCh37,NC_000011.9,11,17434940,17434940,na,na,11p15.1,"criteria provided, multiple submitters, no conflicts",2,-,N,ClinGen:CA379808488,2,2750367,17434940,C,A,-,-,-,-,-,-,SCV004314280|SCV006583971,-,-
2919325,single nucleotide variant,NM_000352.6(ABCC8):c.2475+1G>T,6833,ABCC8,HGNC:59,Likely pathogenic,1,"Apr 25, 2025",772026262,-,RCV003563430|RCV005871219,"MedGen:C3661900|MONDO:MONDO:0009734,MedGen:C2931832,OMIM:256450,Orphanet:276575,Orphanet:276598","not provided|Hyperinsulinemic hypoglycemia, familial, 1",germline,germline,GRCh38,NC_000011.10,11,17413393,17413393,na,na,11p15.1,"criteria provided, multiple submitters, no conflicts",2,-,N,ClinGen:CA379808488,2,2750367,17413393,C,A,-,-,-,-,-,-,SCV004314280|SCV006583971,-,-
2919725,single nucleotide variant,NM_000352.6(ABCC8):c.2529C>G (p.Leu843=),6833,ABCC8,HGNC:59,Likely benign,0,"May 30, 2023",2496571807,-,RCV003571176,MedGen:C3661900,not provided,germline,germline,GRCh37,NC_000011.9,11,17434240,17434240,na,na,11p15.1,"criteria provided, single submitter",1,-,N,ClinGen:CA473301245,2,2752063,17434240,G,C,-,-,-,-,-,-,SCV004316556,-,-
2919725,single nucleotide variant,NM_000352.6(ABCC8):c.2529C>G (p.Leu843=),6833,ABCC8,HGNC:59,Likely benign,0,"May 30, 2023",2496571807,-,RCV003571176,MedGen:C3661900,not provided,germline,germline,GRCh38,NC_000011.10,11,17412693,17412693,na,na,11p15.1,"criteria provided, single submitter",1,-,N,ClinGen:CA473301245,2,2752063,17412693,G,C,-,-,-,-,-,-,SCV004316556,-,-
2920163,single nucleotide variant,NM_000352.6(ABCC8):c.3372T>C (p.Phe1124=),6833,ABCC8,HGNC:59,Likely benign,0,"Aug 18, 2023",2496519396,-,RCV003569000,MedGen:C3661900,not provided,germline,germline,GRCh37,NC_000011.9,11,17427068,17427068,na,na,11p15.1,"criteria provided, single submitter",1,-,N,ClinGen:CA473300069,2,2753797,17427068,A,G,-,-,-,-,-,-,SCV004318740,-,-
2920163,single nucleotide variant,NM_000352.6(ABCC8):c.3372T>C (p.Phe1124=),6833,ABCC8,HGNC:59,Likely benign,0,"Aug 18, 2023",2496519396,-,RCV003569000,MedGen:C3661900,not provided,germline,germline,GRCh38,NC_000011.10,11,17405521,17405521,na,na,11p15.1,"criteria provided, single submitter",1,-,N,ClinGen:CA473300069,2,2753797,17405521,A,G,-,-,-,-,-,-,SCV004318740,-,-
2920176,single nucleotide variant,NM_000352.6(ABCC8):c.3988+14G>C,6833,ABCC8,HGNC:59,Likely benign,0,"Aug 18, 2023",770990642,-,RCV003569007,MedGen:C3661900,not provided,germline,germline,GRCh37,NC_000011.9,11,17418726,17418726,na,na,11p15.1,"criteria provided, single submitter",1,-,N,ClinGen:CA1955124032,2,2753810,17418726,C,G,-,-,-,-,-,-,SCV004318753,-,-
2920176,single nucleotide variant,NM_000352.6(ABCC8):c.3988+14G>C,6833,ABCC8,HGNC:59,Likely benign,0,"Aug 18, 2023",770990642,-,RCV003569007,MedGen:C3661900,not provided,germline,germline,GRCh38,NC_000011.10,11,17397179,17397179,na,na,11p15.1,"criteria provided, single submitter",1,-,N,ClinGen:CA1955124032,2,2753810,17397179,C,G,-,-,-,-,-,-,SCV004318753,-,-
2920778,single nucleotide variant,NM_000352.6(ABCC8):c.1818-1G>A,6833,ABCC8,HGNC:59,Likely pathogenic,1,"Jun 02, 2023",2496672672,-,RCV003567050,MedGen:C3661900,not provided,germline,germline,GRCh37,NC_000011.9,11,17450218,17450218,na,na,11p15.1,"criteria provided, single submitter",1,-,N,ClinGen:CA379816116,2,2757007,17450218,C,T,-,-,-,-,-,-,SCV004319880,-,-
2920778,single nucleotide variant,NM_000352.6(ABCC8):c.1818-1G>A,6833,ABCC8,HGNC:59,Likely pathogenic,1,"Jun 02, 2023",2496672672,-,RCV003567050,MedGen:C3661900,not provided,germline,germline,GRCh38,NC_000011.10,11,17428671,17428671,na,na,11p15.1,"criteria provided, single submitter",1,-,N,ClinGen:CA379816116,2,2757007,17428671,C,T,-,-,-,-,-,-,SCV004319880,-,-
2922010,single nucleotide variant,NM_000352.6(ABCC8):c.1630+16A>T,6833,ABCC8,HGNC:59,Likely benign,0,"Nov 17, 2023",1956364002,-,RCV003565298,MedGen:C3661900,not provided,germline,germline,GRCh37,NC_000011.9,11,17464251,17464251,na,na,11p15.1,"criteria provided, single submitter",1,-,N,ClinGen:CA2697548453,2,2763841,17464251,T,A,-,-,-,-,-,-,SCV004325076,-,-
2922010,single nucleotide variant,NM_000352.6(ABCC8):c.1630+16A>T,6833,ABCC8,HGNC:59,Likely benign,0,"Nov 17, 2023",1956364002,-,RCV003565298,MedGen:C3661900,not provided,germline,germline,GRCh38,NC_000011.10,11,17442704,17442704,na,na,11p15.1,"criteria provided, single submitter",1,-,N,ClinGen:CA2697548453,2,2763841,17442704,T,A,-,-,-,-,-,-,SCV004325076,-,-
2923138,single nucleotide variant,NM_000352.6(ABCC8):c.1482G>A (p.Glu494=),6833,ABCC8,HGNC:59,Likely benign,0,"Oct 20, 2023",2496752906,-,RCV003573964,MedGen:C3661900,not provided,germline,germline,GRCh37,NC_000011.9,11,17464415,17464415,na,na,11p15.1,"criteria provided, single submitter",1,-,N,ClinGen:CA473298530,2,2767564,17464415,C,T,-,-,-,-,-,-,SCV004332093,-,-
2923138,single nucleotide variant,NM_000352.6(ABCC8):c.1482G>A (p.Glu494=),6833,ABCC8,HGNC:59,Likely benign,0,"Oct 20, 2023",2496752906,-,RCV003573964,MedGen:C3661900,not provided,germline,germline,GRCh38,NC_000011.10,11,17442868,17442868,na,na,11p15.1,"criteria provided, single submitter",1,-,N,ClinGen:CA473298530,2,2767564,17442868,C,T,-,-,-,-,-,-,SCV004332093,-,-
2923143,single nucleotide variant,NM_000352.6(ABCC8):c.3784G>C (p.Ala1262Pro),6833,ABCC8,HGNC:59,Likely pathogenic,1,"Oct 11, 2023",1266053680,-,RCV003573967,MedGen:C3661900,not provided,germline,germline,GRCh37,NC_000011.9,11,17419314,17419314,na,na,11p15.1,"criteria provided, single submitter",1,-,N,ClinGen:CA379793537,2,2767569,17419314,C,G,-,-,-,-,-,-,SCV004332099,-,-
2923143,single nucleotide variant,NM_000352.6(ABCC8):c.3784G>C (p.Ala1262Pro),6833,ABCC8,HGNC:59,Likely pathogenic,1,"Oct 11, 2023",1266053680,-,RCV003573967,MedGen:C3661900,not provided,germline,germline,GRCh38,NC_000011.10,11,17397767,17397767,na,na,11p15.1,"criteria provided, single submitter",1,-,N,ClinGen:CA379793537,2,2767569,17397767,C,G,-,-,-,-,-,-,SCV004332099,-,-
2923563,single nucleotide variant,NM_000352.6(ABCC8):c.1177-1G>C,6833,ABCC8,HGNC:59,Likely pathogenic,1,"Oct 17, 2023",1167993548,-,RCV003578680,MedGen:C3661900,not provided,germline,germline,GRCh37,NC_000011.9,11,17470219,17470219,na,na,11p15.1,"criteria provided, single submitter",1,-,N,ClinGen:CA379768837,2,2769288,17470219,C,G,-,-,-,-,-,-,SCV004334055,-,-
2923563,single nucleotide variant,NM_000352.6(ABCC8):c.1177-1G>C,6833,ABCC8,HGNC:59,Likely pathogenic,1,"Oct 17, 2023",1167993548,-,RCV003578680,MedGen:C3661900,not provided,germline,germline,GRCh38,NC_000011.10,11,17448672,17448672,na,na,11p15.1,"criteria provided, single submitter",1,-,N,ClinGen:CA379768837,2,2769288,17448672,C,G,-,-,-,-,-,-,SCV004334055,-,-
2924267,Deletion,NM_000352.6(ABCC8):c.1452_1461del (p.Gln485fs),6833,ABCC8,HGNC:59,Pathogenic,1,"Oct 27, 2023",2496755272,-,RCV003574602,MedGen:C3661900,not provided,germline,germline,GRCh37,NC_000011.9,11,17464731,17464740,na,na,11p15.1,"criteria provided, single submitter",1,-,N,ClinGen:CA2697548452,2,2772157,17464730,TGCTCCGCTGG,T,-,-,-,-,-,-,SCV004334312,-,-
2924267,Deletion,NM_000352.6(ABCC8):c.1452_1461del (p.Gln485fs),6833,ABCC8,HGNC:59,Pathogenic,1,"Oct 27, 2023",2496755272,-,RCV003574602,MedGen:C3661900,not provided,germline,germline,GRCh38,NC_000011.10,11,17443184,17443193,na,na,11p15.1,"criteria provided, single submitter",1,-,N,ClinGen:CA2697548452,2,2772157,17443183,TGCTCCGCTGG,T,-,-,-,-,-,-,SCV004334312,-,-
2926660,single nucleotide variant,NM_000162.5(GCK):c.1124C>A (p.Ser375Tyr),2645,GCK,HGNC:4195,Conflicting classifications of pathogenicity,1,"Nov 16, 2023",193922263,-,RCV003573794,MedGen:C3661900,not provided,germline,germline,GRCh37,NC_000007.13,7,44185225,44185225,na,na,7p13,"criteria provided, conflicting classifications",2,-,N,ClinGen:CA367398843,2,2767216,44185225,G,T,-,-,-,-,-,-,SCV004329628|SCV005078823,-,-
2926660,single nucleotide variant,NM_000162.5(GCK):c.1124C>A (p.Ser375Tyr),2645,GCK,HGNC:4195,Conflicting classifications of pathogenicity,1,"Nov 16, 2023",193922263,-,RCV003573794,MedGen:C3661900,not provided,germline,germline,GRCh38,NC_000007.14,7,44145626,44145626,na,na,7p13,"criteria provided, conflicting classifications",2,-,N,ClinGen:CA367398843,2,2767216,44145626,G,T,-,-,-,-,-,-,SCV004329628|SCV005078823,-,-
2927030,Duplication,NM_000525.4(KCNJ11):c.279dup (p.Ala94fs),3767,KCNJ11,HGNC:6257,Pathogenic,1,"Oct 15, 2023",2496411535,-,RCV003576597,MedGen:C3661900,not provided,germline,germline,GRCh37,NC_000011.9,11,17409359,17409360,na,na,11p15.1,"criteria provided, single submitter",1,-,N,ClinGen:CA2574767941,2,2768880,17409359,C,CG,-,-,-,-,-,-,SCV004335073,-,-
2927030,Duplication,NM_000525.4(KCNJ11):c.279dup (p.Ala94fs),3767,KCNJ11,HGNC:6257,Pathogenic,1,"Oct 15, 2023",2496411535,-,RCV003576597,MedGen:C3661900,not provided,germline,germline,GRCh38,NC_000011.10,11,17387812,17387813,na,na,11p15.1,"criteria provided, single submitter",1,-,N,ClinGen:CA2574767941,2,2768880,17387812,C,CG,-,-,-,-,-,-,SCV004335073,-,-
2927103,single nucleotide variant,NM_000352.6(ABCC8):c.1672-15T>G,6833,ABCC8,HGNC:59,Likely benign,0,"Dec 05, 2023",1053581978,-,RCV003580585,MedGen:C3661900,not provided,germline,germline,GRCh37,NC_000011.9,11,17452521,17452521,na,na,11p15.1,"criteria provided, single submitter",1,-,N,ClinGen:CA2697548445,2,2770253,17452521,A,C,-,-,-,-,-,-,SCV004336484,-,-
2927103,single nucleotide variant,NM_000352.6(ABCC8):c.1672-15T>G,6833,ABCC8,HGNC:59,Likely benign,0,"Dec 05, 2023",1053581978,-,RCV003580585,MedGen:C3661900,not provided,germline,germline,GRCh38,NC_000011.10,11,17430974,17430974,na,na,11p15.1,"criteria provided, single submitter",1,-,N,ClinGen:CA2697548445,2,2770253,17430974,A,C,-,-,-,-,-,-,SCV004336484,-,-
2927141,single nucleotide variant,NM_000352.6(ABCC8):c.1599C>A (p.Leu533=),6833,ABCC8,HGNC:59,Likely benign,0,"Oct 20, 2023",2496751693,-,RCV003580605,MedGen:C3661900,not provided,germline,germline,GRCh37,NC_000011.9,11,17464298,17464298,na,na,11p15.1,"criteria provided, single submitter",1,-,N,ClinGen:CA473298425,2,2770291,17464298,G,T,-,-,-,-,-,-,SCV004336523,-,-
2927141,single nucleotide variant,NM_000352.6(ABCC8):c.1599C>A (p.Leu533=),6833,ABCC8,HGNC:59,Likely benign,0,"Oct 20, 2023",2496751693,-,RCV003580605,MedGen:C3661900,not provided,germline,germline,GRCh38,NC_000011.10,11,17442751,17442751,na,na,11p15.1,"criteria provided, single submitter",1,-,N,ClinGen:CA473298425,2,2770291,17442751,G,T,-,-,-,-,-,-,SCV004336523,-,-
2927309,Duplication,NM_000352.6(ABCC8):c.3558-12dup,6833,ABCC8,HGNC:59,Likely benign,0,"Oct 23, 2023",2496502697,-,RCV003580683,MedGen:C3661900,not provided,germline,germline,GRCh37,NC_000011.9,11,17424311,17424312,na,na,11p15.1,"criteria provided, single submitter",1,-,N,ClinGen:CA2697548455,2,2770459,17424311,G,GA,-,-,-,-,-,-,SCV004335329,-,-
2927309,Duplication,NM_000352.6(ABCC8):c.3558-12dup,6833,ABCC8,HGNC:59,Likely benign,0,"Oct 23, 2023",2496502697,-,RCV003580683,MedGen:C3661900,not provided,germline,germline,GRCh38,NC_000011.10,11,17402764,17402765,na,na,11p15.1,"criteria provided, single submitter",1,-,N,ClinGen:CA2697548455,2,2770459,17402764,G,GA,-,-,-,-,-,-,SCV004335329,-,-
2927319,single nucleotide variant,NM_000352.6(ABCC8):c.828G>A (p.Lys276=),6833,ABCC8,HGNC:59,Likely benign,0,"Oct 22, 2023",2496845732,-,RCV003580691,MedGen:C3661900,not provided,germline,germline,GRCh37,NC_000011.9,11,17482218,17482218,na,na,11p15.1,"criteria provided, single submitter",1,-,N,ClinGen:CA473300712,2,2770469,17482218,C,T,-,-,-,-,-,-,SCV004335339,-,-
2927319,single nucleotide variant,NM_000352.6(ABCC8):c.828G>A (p.Lys276=),6833,ABCC8,HGNC:59,Likely benign,0,"Oct 22, 2023",2496845732,-,RCV003580691,MedGen:C3661900,not provided,germline,germline,GRCh38,NC_000011.10,11,17460671,17460671,na,na,11p15.1,"criteria provided, single submitter",1,-,N,ClinGen:CA473300712,2,2770469,17460671,C,T,-,-,-,-,-,-,SCV004335339,-,-
2928166,single nucleotide variant,NM_000352.6(ABCC8):c.3585C>T (p.Thr1195=),6833,ABCC8,HGNC:59,Likely benign,0,"Sep 24, 2023",1954308724,-,RCV003564966,MedGen:C3661900,not provided,germline,germline,GRCh37,NC_000011.9,11,17424273,17424273,na,na,11p15.1,"criteria provided, single submitter",1,-,N,ClinGen:CA473299492,2,2763105,17424273,G,A,-,-,-,-,-,-,SCV004326104,-,-
2928166,single nucleotide variant,NM_000352.6(ABCC8):c.3585C>T (p.Thr1195=),6833,ABCC8,HGNC:59,Likely benign,0,"Sep 24, 2023",1954308724,-,RCV003564966,MedGen:C3661900,not provided,germline,germline,GRCh38,NC_000011.10,11,17402726,17402726,na,na,11p15.1,"criteria provided, single submitter",1,-,N,ClinGen:CA473299492,2,2763105,17402726,G,A,-,-,-,-,-,-,SCV004326104,-,-
2928501,single nucleotide variant,NM_000352.6(ABCC8):c.3753+11T>C,6833,ABCC8,HGNC:59,Likely benign,0,"Sep 30, 2023",759513178,-,RCV003572652,MedGen:C3661900,not provided,germline,germline,GRCh37,NC_000011.9,11,17419875,17419875,na,na,11p15.1,"criteria provided, single submitter",1,-,N,ClinGen:CA2612645282,2,2764735,17419875,A,G,-,-,-,-,-,-,SCV004332478,-,-
2928501,single nucleotide variant,NM_000352.6(ABCC8):c.3753+11T>C,6833,ABCC8,HGNC:59,Likely benign,0,"Sep 30, 2023",759513178,-,RCV003572652,MedGen:C3661900,not provided,germline,germline,GRCh38,NC_000011.10,11,17398328,17398328,na,na,11p15.1,"criteria provided, single submitter",1,-,N,ClinGen:CA2612645282,2,2764735,17398328,A,G,-,-,-,-,-,-,SCV004332478,-,-
2931432,single nucleotide variant,NM_000352.6(ABCC8):c.3459G>A (p.Leu1153=),6833,ABCC8,HGNC:59,Likely benign,0,"Sep 29, 2023",2496513248,-,RCV003572404,MedGen:C3661900,not provided,germline,germline,GRCh37,NC_000011.9,11,17426157,17426157,na,na,11p15.1,"criteria provided, single submitter",1,-,N,ClinGen:CA473299691,2,2764229,17426157,C,T,-,-,-,-,-,-,SCV004326336,-,-
2931432,single nucleotide variant,NM_000352.6(ABCC8):c.3459G>A (p.Leu1153=),6833,ABCC8,HGNC:59,Likely benign,0,"Sep 29, 2023",2496513248,-,RCV003572404,MedGen:C3661900,not provided,germline,germline,GRCh38,NC_000011.10,11,17404610,17404610,na,na,11p15.1,"criteria provided, single submitter",1,-,N,ClinGen:CA473299691,2,2764229,17404610,C,T,-,-,-,-,-,-,SCV004326336,-,-
2932587,single nucleotide variant,NM_000525.4(KCNJ11):c.131T>C (p.Val44Ala),3767,KCNJ11,HGNC:6257,Likely pathogenic,1,"May 22, 2024",2496412079,-,RCV003574145,MedGen:C3661900,not provided,germline,germline,GRCh37,NC_000011.9,11,17409508,17409508,na,na,11p15.1,"criteria provided, single submitter",1,-,N,ClinGen:CA379776612,2,2767975,17409508,A,G,-,-,-,-,-,-,SCV004331131,-,-
2932587,single nucleotide variant,NM_000525.4(KCNJ11):c.131T>C (p.Val44Ala),3767,KCNJ11,HGNC:6257,Likely pathogenic,1,"May 22, 2024",2496412079,-,RCV003574145,MedGen:C3661900,not provided,germline,germline,GRCh38,NC_000011.10,11,17387961,17387961,na,na,11p15.1,"criteria provided, single submitter",1,-,N,ClinGen:CA379776612,2,2767975,17387961,A,G,-,-,-,-,-,-,SCV004331131,-,-
2933360,single nucleotide variant,NM_000352.6(ABCC8):c.3650+7G>C,6833,ABCC8,HGNC:59,Likely benign,0,"Oct 23, 2023",2496501301,-,RCV003574222,MedGen:C3661900,not provided,germline,germline,GRCh37,NC_000011.9,11,17424201,17424201,na,na,11p15.1,"criteria provided, single submitter",1,-,N,ClinGen:CA2697548448,2,2771344,17424201,C,G,-,-,-,-,-,-,SCV004336697,-,-
2933360,single nucleotide variant,NM_000352.6(ABCC8):c.3650+7G>C,6833,ABCC8,HGNC:59,Likely benign,0,"Oct 23, 2023",2496501301,-,RCV003574222,MedGen:C3661900,not provided,germline,germline,GRCh38,NC_000011.10,11,17402654,17402654,na,na,11p15.1,"criteria provided, single submitter",1,-,N,ClinGen:CA2697548448,2,2771344,17402654,C,G,-,-,-,-,-,-,SCV004336697,-,-
2933507,single nucleotide variant,NM_000352.6(ABCC8):c.132C>T (p.Phe44=),6833,ABCC8,HGNC:59,Likely benign,0,"Oct 23, 2023",1360056942,-,RCV003574297,MedGen:C3661900,not provided,germline,germline,GRCh37,NC_000011.9,11,17498192,17498192,na,na,11p15.1,"criteria provided, single submitter",1,-,N,ClinGen:CA473302197,2,2771491,17498192,G,A,-,-,-,-,-,-,SCV004336021,-,-
2933507,single nucleotide variant,NM_000352.6(ABCC8):c.132C>T (p.Phe44=),6833,ABCC8,HGNC:59,Likely benign,0,"Oct 23, 2023",1360056942,-,RCV003574297,MedGen:C3661900,not provided,germline,germline,GRCh38,NC_000011.10,11,17476645,17476645,na,na,11p15.1,"criteria provided, single submitter",1,-,N,ClinGen:CA473302197,2,2771491,17476645,G,A,-,-,-,-,-,-,SCV004336021,-,-
2936124,single nucleotide variant,NM_000162.5(GCK):c.-429G>A,2645,GCK,HGNC:4195,Uncertain significance,0,"Oct 17, 2022",1296899068,-,RCV003577090,"Human Phenotype Ontology:HP:0004904,MONDO:MONDO:0018911,MedGen:C0342276,OMIM:PS125850,Orphanet:552",Maturity-onset diabetes of the young,unknown,unknown,GRCh37,NC_000007.13,7,44228981,44228981,na,na,7p13,"criteria provided, single submitter",1,-,N,ClinGen:CA2697557240,2,2775401,44228981,C,T,-,-,-,-,-,-,SCV004363580,-,-
2936124,single nucleotide variant,NM_000162.5(GCK):c.-429G>A,2645,GCK,HGNC:4195,Uncertain significance,0,"Oct 17, 2022",1296899068,-,RCV003577090,"Human Phenotype Ontology:HP:0004904,MONDO:MONDO:0018911,MedGen:C0342276,OMIM:PS125850,Orphanet:552",Maturity-onset diabetes of the young,unknown,unknown,GRCh38,NC_000007.14,7,44189382,44189382,na,na,7p13,"criteria provided, single submitter",1,-,N,ClinGen:CA2697557240,2,2775401,44189382,C,T,-,-,-,-,-,-,SCV004363580,-,-
2936140,single nucleotide variant,NM_000162.5(GCK):c.1079C>T (p.Ser360Leu),2645,GCK,HGNC:4195,Uncertain significance,0,"Oct 18, 2023",2128819357,-,RCV003577094,"Human Phenotype Ontology:HP:0004904,MONDO:MONDO:0018911,MedGen:C0342276,OMIM:PS125850,Orphanet:552",Maturity-onset diabetes of the young,unknown,unknown,GRCh37,NC_000007.13,7,44185270,44185270,na,na,7p13,"criteria provided, single submitter",1,-,N,ClinGen:CA367399114,2,2775417,44185270,G,A,-,-,-,-,-,-,SCV004363596,-,-
2936140,single nucleotide variant,NM_000162.5(GCK):c.1079C>T (p.Ser360Leu),2645,GCK,HGNC:4195,Uncertain significance,0,"Oct 18, 2023",2128819357,-,RCV003577094,"Human Phenotype Ontology:HP:0004904,MONDO:MONDO:0018911,MedGen:C0342276,OMIM:PS125850,Orphanet:552",Maturity-onset diabetes of the young,unknown,unknown,GRCh38,NC_000007.14,7,44145671,44145671,na,na,7p13,"criteria provided, single submitter",1,-,N,ClinGen:CA367399114,2,2775417,44145671,G,A,-,-,-,-,-,-,SCV004363596,-,-
2936141,single nucleotide variant,NM_000352.6(ABCC8):c.188G>T (p.Ser63Ile),6833,ABCC8,HGNC:59,Uncertain significance,0,"Oct 27, 2023",2496919339,-,RCV003577095,"Human Phenotype Ontology:HP:0004904,MONDO:MONDO:0018911,MedGen:C0342276,OMIM:PS125850,Orphanet:552",Maturity-onset diabetes of the young,unknown,unknown,GRCh37,NC_000011.9,11,17496535,17496535,na,na,11p15.1,"criteria provided, single submitter",1,-,N,ClinGen:CA379788197,2,2775418,17496535,C,A,-,-,-,-,-,-,SCV004363597,-,-
2936141,single nucleotide variant,NM_000352.6(ABCC8):c.188G>T (p.Ser63Ile),6833,ABCC8,HGNC:59,Uncertain significance,0,"Oct 27, 2023",2496919339,-,RCV003577095,"Human Phenotype Ontology:HP:0004904,MONDO:MONDO:0018911,MedGen:C0342276,OMIM:PS125850,Orphanet:552",Maturity-onset diabetes of the young,unknown,unknown,GRCh38,NC_000011.10,11,17474988,17474988,na,na,11p15.1,"criteria provided, single submitter",1,-,N,ClinGen:CA379788197,2,2775418,17474988,C,A,-,-,-,-,-,-,SCV004363597,-,-
2937373,single nucleotide variant,NM_000352.6(ABCC8):c.4376T>C (p.Leu1459Pro),6833,ABCC8,HGNC:59,Likely pathogenic,1,"Jun 25, 2023",971604271,-,RCV003665258,MedGen:C3661900,not provided,germline,germline,GRCh37,NC_000011.9,11,17416754,17416754,na,na,11p15.1,"criteria provided, single submitter",1,-,N,ClinGen:CA379785270,2,2779676,17416754,A,G,-,-,-,-,-,-,SCV004376032,-,-
2937373,single nucleotide variant,NM_000352.6(ABCC8):c.4376T>C (p.Leu1459Pro),6833,ABCC8,HGNC:59,Likely pathogenic,1,"Jun 25, 2023",971604271,-,RCV003665258,MedGen:C3661900,not provided,germline,germline,GRCh38,NC_000011.10,11,17395207,17395207,na,na,11p15.1,"criteria provided, single submitter",1,-,N,ClinGen:CA379785270,2,2779676,17395207,A,G,-,-,-,-,-,-,SCV004376032,-,-
2937382,single nucleotide variant,NM_000352.6(ABCC8):c.148+11G>T,6833,ABCC8,HGNC:59,Likely benign,0,"Dec 25, 2023",1848793684,-,RCV003665264,MedGen:C3661900,not provided,germline,germline,GRCh37,NC_000011.9,11,17498165,17498165,na,na,11p15.1,"criteria provided, single submitter",1,-,N,ClinGen:CA2612671947,2,2779685,17498165,C,A,-,-,-,-,-,-,SCV004376382,-,-
2937382,single nucleotide variant,NM_000352.6(ABCC8):c.148+11G>T,6833,ABCC8,HGNC:59,Likely benign,0,"Dec 25, 2023",1848793684,-,RCV003665264,MedGen:C3661900,not provided,germline,germline,GRCh38,NC_000011.10,11,17476618,17476618,na,na,11p15.1,"criteria provided, single submitter",1,-,N,ClinGen:CA2612671947,2,2779685,17476618,C,A,-,-,-,-,-,-,SCV004376382,-,-
2937458,single nucleotide variant,NM_000352.6(ABCC8):c.1630+7T>C,6833,ABCC8,HGNC:59,Likely benign,0,"Jul 06, 2023",2496751324,-,RCV003665319,MedGen:C3661900,not provided,germline,germline,GRCh37,NC_000011.9,11,17464260,17464260,na,na,11p15.1,"criteria provided, single submitter",1,-,N,ClinGen:CA2612665794,2,2779761,17464260,A,G,-,-,-,-,-,-,SCV004374802,-,-
2937458,single nucleotide variant,NM_000352.6(ABCC8):c.1630+7T>C,6833,ABCC8,HGNC:59,Likely benign,0,"Jul 06, 2023",2496751324,-,RCV003665319,MedGen:C3661900,not provided,germline,germline,GRCh38,NC_000011.10,11,17442713,17442713,na,na,11p15.1,"criteria provided, single submitter",1,-,N,ClinGen:CA2612665794,2,2779761,17442713,A,G,-,-,-,-,-,-,SCV004374802,-,-
2938278,single nucleotide variant,NM_000352.6(ABCC8):c.171G>A (p.Lys57=),6833,ABCC8,HGNC:59,Likely benign,0,"Oct 15, 2023",750479324,-,RCV003665897,MedGen:C3661900,not provided,germline,germline,GRCh37,NC_000011.9,11,17496552,17496552,na,na,11p15.1,"criteria provided, single submitter",1,-,N,ClinGen:CA473302008,2,2783177,17496552,C,T,-,-,-,-,-,-,SCV004379115,-,-
2938278,single nucleotide variant,NM_000352.6(ABCC8):c.171G>A (p.Lys57=),6833,ABCC8,HGNC:59,Likely benign,0,"Oct 15, 2023",750479324,-,RCV003665897,MedGen:C3661900,not provided,germline,germline,GRCh38,NC_000011.10,11,17475005,17475005,na,na,11p15.1,"criteria provided, single submitter",1,-,N,ClinGen:CA473302008,2,2783177,17475005,C,T,-,-,-,-,-,-,SCV004379115,-,-
2938483,single nucleotide variant,NM_000352.6(ABCC8):c.2694+7G>C,6833,ABCC8,HGNC:59,Likely benign,0,"Dec 24, 2022",2133460747,-,RCV003662387,MedGen:C3661900,not provided,germline,germline,GRCh37,NC_000011.9,11,17432056,17432056,na,na,11p15.1,"criteria provided, single submitter",1,-,N,ClinGen:CA2574767980,2,2784681,17432056,C,G,-,-,-,-,-,-,SCV004380858,-,-
2938483,single nucleotide variant,NM_000352.6(ABCC8):c.2694+7G>C,6833,ABCC8,HGNC:59,Likely benign,0,"Dec 24, 2022",2133460747,-,RCV003662387,MedGen:C3661900,not provided,germline,germline,GRCh38,NC_000011.10,11,17410509,17410509,na,na,11p15.1,"criteria provided, single submitter",1,-,N,ClinGen:CA2574767980,2,2784681,17410509,C,G,-,-,-,-,-,-,SCV004380858,-,-
2939514,single nucleotide variant,NM_000352.6(ABCC8):c.843T>C (p.Thr281=),6833,ABCC8,HGNC:59,Likely benign,0,"Jan 31, 2024",2496845608,-,RCV003671993,MedGen:C3661900,not provided,germline,germline,GRCh37,NC_000011.9,11,17482203,17482203,na,na,11p15.1,"criteria provided, single submitter",1,-,N,ClinGen:CA473300695,2,2788306,17482203,A,G,-,-,-,-,-,-,SCV004384920,-,-
2939514,single nucleotide variant,NM_000352.6(ABCC8):c.843T>C (p.Thr281=),6833,ABCC8,HGNC:59,Likely benign,0,"Jan 31, 2024",2496845608,-,RCV003671993,MedGen:C3661900,not provided,germline,germline,GRCh38,NC_000011.10,11,17460656,17460656,na,na,11p15.1,"criteria provided, single submitter",1,-,N,ClinGen:CA473300695,2,2788306,17460656,A,G,-,-,-,-,-,-,SCV004384920,-,-
2940440,single nucleotide variant,NM_000352.6(ABCC8):c.1176+16T>C,6833,ABCC8,HGNC:59,Likely benign,0,"Oct 28, 2025",909727969,-,RCV003663522,MedGen:C3661900,not provided,germline,germline,GRCh37,NC_000011.9,11,17474650,17474650,na,na,11p15.1,"criteria provided, single submitter",1,-,N,ClinGen:CA218449004,2,2779289,17474650,A,G,-,-,-,-,-,-,SCV004373570,-,-
2940440,single nucleotide variant,NM_000352.6(ABCC8):c.1176+16T>C,6833,ABCC8,HGNC:59,Likely benign,0,"Oct 28, 2025",909727969,-,RCV003663522,MedGen:C3661900,not provided,germline,germline,GRCh38,NC_000011.10,11,17453103,17453103,na,na,11p15.1,"criteria provided, single submitter",1,-,N,ClinGen:CA218449004,2,2779289,17453103,A,G,-,-,-,-,-,-,SCV004373570,-,-
2941594,single nucleotide variant,NM_000352.6(ABCC8):c.1012-16C>T,6833,ABCC8,HGNC:59,Likely benign,0,"Oct 22, 2023",2496811382,-,RCV003660314,MedGen:C3661900,not provided,germline,germline,GRCh37,NC_000011.9,11,17474846,17474846,na,na,11p15.1,"criteria provided, single submitter",1,-,N,ClinGen:CA2612668072,2,2784335,17474846,G,A,-,-,-,-,-,-,SCV004380450,-,-
2941594,single nucleotide variant,NM_000352.6(ABCC8):c.1012-16C>T,6833,ABCC8,HGNC:59,Likely benign,0,"Oct 22, 2023",2496811382,-,RCV003660314,MedGen:C3661900,not provided,germline,germline,GRCh38,NC_000011.10,11,17453299,17453299,na,na,11p15.1,"criteria provided, single submitter",1,-,N,ClinGen:CA2612668072,2,2784335,17453299,G,A,-,-,-,-,-,-,SCV004380450,-,-
2941712,single nucleotide variant,NM_000352.6(ABCC8):c.4546-13C>A,6833,ABCC8,HGNC:59,Likely benign,0,"Sep 09, 2023",1002234097,-,RCV003660391,MedGen:C3661900,not provided,germline,germline,GRCh37,NC_000011.9,11,17415319,17415319,na,na,11p15.1,"criteria provided, single submitter",1,-,N,ClinGen:CA218406352,2,2784454,17415319,G,T,-,-,-,-,-,-,SCV004380492,-,-
2941712,single nucleotide variant,NM_000352.6(ABCC8):c.4546-13C>A,6833,ABCC8,HGNC:59,Likely benign,0,"Sep 09, 2023",1002234097,-,RCV003660391,MedGen:C3661900,not provided,germline,germline,GRCh38,NC_000011.10,11,17393772,17393772,na,na,11p15.1,"criteria provided, single submitter",1,-,N,ClinGen:CA218406352,2,2784454,17393772,G,T,-,-,-,-,-,-,SCV004380492,-,-
2942818,single nucleotide variant,NM_000352.6(ABCC8):c.4698C>T (p.Leu1566=),6833,ABCC8,HGNC:59,Likely benign,0,"May 07, 2023",2496429299,-,RCV003661160,MedGen:C3661900,not provided,germline,germline,GRCh37,NC_000011.9,11,17414586,17414586,na,na,11p15.1,"criteria provided, single submitter",1,-,N,ClinGen:CA473297940,2,2775626,17414586,G,A,-,-,-,-,-,-,SCV004371070,-,-
2942818,single nucleotide variant,NM_000352.6(ABCC8):c.4698C>T (p.Leu1566=),6833,ABCC8,HGNC:59,Likely benign,0,"May 07, 2023",2496429299,-,RCV003661160,MedGen:C3661900,not provided,germline,germline,GRCh38,NC_000011.10,11,17393039,17393039,na,na,11p15.1,"criteria provided, single submitter",1,-,N,ClinGen:CA473297940,2,2775626,17393039,G,A,-,-,-,-,-,-,SCV004371070,-,-
2943796,Deletion,NM_000352.6(ABCC8):c.1955_1958del (p.Ala652fs),6833,ABCC8,HGNC:59,Pathogenic,1,"Oct 12, 2023",1487238267,-,RCV003661693,MedGen:C3661900,not provided,germline,germline,GRCh37,NC_000011.9,11,17449918,17449921,na,na,11p15.1,"criteria provided, single submitter",1,-,N,ClinGen:CA674221222,2,2778759,17449917,CCGGG,C,-,-,-,-,-,-,SCV004374181,-,-
2943796,Deletion,NM_000352.6(ABCC8):c.1955_1958del (p.Ala652fs),6833,ABCC8,HGNC:59,Pathogenic,1,"Oct 12, 2023",1487238267,-,RCV003661693,MedGen:C3661900,not provided,germline,germline,GRCh38,NC_000011.10,11,17428371,17428374,na,na,11p15.1,"criteria provided, single submitter",1,-,N,ClinGen:CA674221222,2,2778759,17428370,CCGGG,C,-,-,-,-,-,-,SCV004374181,-,-
2943945,single nucleotide variant,NM_000352.6(ABCC8):c.1513G>C (p.Gly505Arg),6833,ABCC8,HGNC:59,Uncertain significance,0,"Jun 11, 2025",200977997,-,RCV003665577|RCV005433423,MedGen:C3661900|MedGen:CN169374,not provided|not specified,germline,germline,GRCh37,NC_000011.9,11,17464384,17464384,na,na,11p15.1,"criteria provided, multiple submitters, no conflicts",2,-,N,ClinGen:CA379766564,2,2780204,17464384,C,G,-,-,-,-,-,-,SCV004375670|SCV006102910,-,-
2943945,single nucleotide variant,NM_000352.6(ABCC8):c.1513G>C (p.Gly505Arg),6833,ABCC8,HGNC:59,Uncertain significance,0,"Jun 11, 2025",200977997,-,RCV003665577|RCV005433423,MedGen:C3661900|MedGen:CN169374,not provided|not specified,germline,germline,GRCh38,NC_000011.10,11,17442837,17442837,na,na,11p15.1,"criteria provided, multiple submitters, no conflicts",2,-,N,ClinGen:CA379766564,2,2780204,17442837,C,G,-,-,-,-,-,-,SCV004375670|SCV006102910,-,-
2943946,single nucleotide variant,NM_000352.6(ABCC8):c.1068C>G (p.Tyr356Ter),6833,ABCC8,HGNC:59,Pathogenic,1,"Mar 04, 2023",776713811,-,RCV003665578,MedGen:C3661900,not provided,germline,germline,GRCh37,NC_000011.9,11,17474774,17474774,na,na,11p15.1,"criteria provided, single submitter",1,-,N,ClinGen:CA379771142,2,2780205,17474774,G,C,-,-,-,-,-,-,SCV004375671,-,-
2943946,single nucleotide variant,NM_000352.6(ABCC8):c.1068C>G (p.Tyr356Ter),6833,ABCC8,HGNC:59,Pathogenic,1,"Mar 04, 2023",776713811,-,RCV003665578,MedGen:C3661900,not provided,germline,germline,GRCh38,NC_000011.10,11,17453227,17453227,na,na,11p15.1,"criteria provided, single submitter",1,-,N,ClinGen:CA379771142,2,2780205,17453227,G,C,-,-,-,-,-,-,SCV004375671,-,-
2943947,single nucleotide variant,NM_000352.6(ABCC8):c.67A>C (p.Asn23His),6833,ABCC8,HGNC:59,Likely pathogenic,1,"Mar 22, 2023",774248683,-,RCV003665579,MedGen:C3661900,not provided,germline,germline,GRCh37,NC_000011.9,11,17498257,17498257,na,na,11p15.1,"criteria provided, single submitter",1,-,N,ClinGen:CA379790082,2,2780206,17498257,T,G,-,-,-,-,-,-,SCV004376794,-,-
2943947,single nucleotide variant,NM_000352.6(ABCC8):c.67A>C (p.Asn23His),6833,ABCC8,HGNC:59,Likely pathogenic,1,"Mar 22, 2023",774248683,-,RCV003665579,MedGen:C3661900,not provided,germline,germline,GRCh38,NC_000011.10,11,17476710,17476710,na,na,11p15.1,"criteria provided, single submitter",1,-,N,ClinGen:CA379790082,2,2780206,17476710,T,G,-,-,-,-,-,-,SCV004376794,-,-
2943948,single nucleotide variant,NM_000352.6(ABCC8):c.19G>T (p.Gly7Cys),6833,ABCC8,HGNC:59,Likely pathogenic,1,"Aug 24, 2023",781059815,-,RCV003665580,MedGen:C3661900,not provided,germline,germline,GRCh37,NC_000011.9,11,17498305,17498305,na,na,11p15.1,"criteria provided, single submitter",1,-,N,ClinGen:CA379790383,2,2780207,17498305,C,A,-,-,-,-,-,-,SCV004375672,-,-
2943948,single nucleotide variant,NM_000352.6(ABCC8):c.19G>T (p.Gly7Cys),6833,ABCC8,HGNC:59,Likely pathogenic,1,"Aug 24, 2023",781059815,-,RCV003665580,MedGen:C3661900,not provided,germline,germline,GRCh38,NC_000011.10,11,17476758,17476758,na,na,11p15.1,"criteria provided, single submitter",1,-,N,ClinGen:CA379790383,2,2780207,17476758,C,A,-,-,-,-,-,-,SCV004375672,-,-
2944607,single nucleotide variant,NM_000352.6(ABCC8):c.2222+17C>T,6833,ABCC8,HGNC:59,Likely benign,0,"Jul 25, 2023",2496656924,-,RCV003663787,MedGen:C3661900,not provided,germline,germline,GRCh37,NC_000011.9,11,17448579,17448579,na,na,11p15.1,"criteria provided, single submitter",1,-,N,ClinGen:CA2612664205,2,2782165,17448579,G,A,-,-,-,-,-,-,SCV004377553,-,-
2944607,single nucleotide variant,NM_000352.6(ABCC8):c.2222+17C>T,6833,ABCC8,HGNC:59,Likely benign,0,"Jul 25, 2023",2496656924,-,RCV003663787,MedGen:C3661900,not provided,germline,germline,GRCh38,NC_000011.10,11,17427032,17427032,na,na,11p15.1,"criteria provided, single submitter",1,-,N,ClinGen:CA2612664205,2,2782165,17427032,G,A,-,-,-,-,-,-,SCV004377553,-,-
2946427,single nucleotide variant,NM_000352.6(ABCC8):c.4671T>C (p.Leu1557=),6833,ABCC8,HGNC:59,Likely benign,0,"Oct 06, 2023",1457642939,-,RCV003664817,MedGen:C3661900,not provided,germline,germline,GRCh37,NC_000011.9,11,17414613,17414613,na,na,11p15.1,"criteria provided, single submitter",1,-,N,ClinGen:CA473297955,2,2776636,17414613,A,G,-,-,-,-,-,-,SCV004371661,-,-
2946427,single nucleotide variant,NM_000352.6(ABCC8):c.4671T>C (p.Leu1557=),6833,ABCC8,HGNC:59,Likely benign,0,"Oct 06, 2023",1457642939,-,RCV003664817,MedGen:C3661900,not provided,germline,germline,GRCh38,NC_000011.10,11,17393066,17393066,na,na,11p15.1,"criteria provided, single submitter",1,-,N,ClinGen:CA473297955,2,2776636,17393066,A,G,-,-,-,-,-,-,SCV004371661,-,-
2946975,single nucleotide variant,NM_000162.5(GCK):c.188G>A (p.Arg63His),2645,GCK,HGNC:4195,Uncertain significance,0,"Mar 08, 2023",746444094,-,RCV003665331,MedGen:C3661900,not provided,germline,germline,GRCh37,NC_000007.13,7,44192920,44192920,na,na,7p13,"criteria provided, single submitter",1,-,N,ClinGen:CA4239706,2,2779779,44192920,C,T,-,-,-,-,-,-,SCV004375660,-,-
2946975,single nucleotide variant,NM_000162.5(GCK):c.188G>A (p.Arg63His),2645,GCK,HGNC:4195,Uncertain significance,0,"Mar 08, 2023",746444094,-,RCV003665331,MedGen:C3661900,not provided,germline,germline,GRCh38,NC_000007.14,7,44153321,44153321,na,na,7p13,"criteria provided, single submitter",1,-,N,ClinGen:CA4239706,2,2779779,44153321,C,T,-,-,-,-,-,-,SCV004375660,-,-
2947938,single nucleotide variant,NM_000352.6(ABCC8):c.4143C>A (p.Gly1381=),6833,ABCC8,HGNC:59,Likely benign,0,"May 18, 2023",1193568442,-,RCV003665993,MedGen:C3661900,not provided,germline,germline,GRCh37,NC_000011.9,11,17417454,17417454,na,na,11p15.1,"criteria provided, single submitter",1,-,N,ClinGen:CA473298309,2,2783339,17417454,G,T,-,-,-,-,-,-,SCV004378533,-,-
2947938,single nucleotide variant,NM_000352.6(ABCC8):c.4143C>A (p.Gly1381=),6833,ABCC8,HGNC:59,Likely benign,0,"May 18, 2023",1193568442,-,RCV003665993,MedGen:C3661900,not provided,germline,germline,GRCh38,NC_000011.10,11,17395907,17395907,na,na,11p15.1,"criteria provided, single submitter",1,-,N,ClinGen:CA473298309,2,2783339,17395907,G,T,-,-,-,-,-,-,SCV004378533,-,-
2949805,single nucleotide variant,NM_000352.6(ABCC8):c.1969C>A (p.Arg657=),6833,ABCC8,HGNC:59,Likely benign,0,"Jan 13, 2024",778117119,-,RCV003667191,MedGen:C3661900,not provided,germline,germline,GRCh37,NC_000011.9,11,17449907,17449907,na,na,11p15.1,"criteria provided, single submitter",1,-,N,ClinGen:CA473516174,2,2789963,17449907,G,T,-,-,-,-,-,-,SCV004385041,-,-
2949805,single nucleotide variant,NM_000352.6(ABCC8):c.1969C>A (p.Arg657=),6833,ABCC8,HGNC:59,Likely benign,0,"Jan 13, 2024",778117119,-,RCV003667191,MedGen:C3661900,not provided,germline,germline,GRCh38,NC_000011.10,11,17428360,17428360,na,na,11p15.1,"criteria provided, single submitter",1,-,N,ClinGen:CA473516174,2,2789963,17428360,G,T,-,-,-,-,-,-,SCV004385041,-,-
2949816,single nucleotide variant,NM_000352.6(ABCC8):c.3651-19C>T,6833,ABCC8,HGNC:59,Likely benign,0,"Jan 20, 2024",2496476103,-,RCV003669597,MedGen:C3661900,not provided,germline,germline,GRCh37,NC_000011.9,11,17420007,17420007,na,na,11p15.1,"criteria provided, single submitter",1,-,N,ClinGen:CA2739276238,2,2789974,17420007,G,A,-,-,-,-,-,-,SCV004385012,-,-
2949816,single nucleotide variant,NM_000352.6(ABCC8):c.3651-19C>T,6833,ABCC8,HGNC:59,Likely benign,0,"Jan 20, 2024",2496476103,-,RCV003669597,MedGen:C3661900,not provided,germline,germline,GRCh38,NC_000011.10,11,17398460,17398460,na,na,11p15.1,"criteria provided, single submitter",1,-,N,ClinGen:CA2739276238,2,2789974,17398460,G,A,-,-,-,-,-,-,SCV004385012,-,-
2949909,single nucleotide variant,NM_000352.6(ABCC8):c.4199-15C>T,6833,ABCC8,HGNC:59,Likely benign,0,"Oct 15, 2023",2496451342,-,RCV003669647,MedGen:C3661900,not provided,germline,germline,GRCh37,NC_000011.9,11,17417280,17417280,na,na,11p15.1,"criteria provided, single submitter",1,-,N,ClinGen:CA2612638972,2,2790068,17417280,G,A,-,-,-,-,-,-,SCV004385994,-,-
2949909,single nucleotide variant,NM_000352.6(ABCC8):c.4199-15C>T,6833,ABCC8,HGNC:59,Likely benign,0,"Oct 15, 2023",2496451342,-,RCV003669647,MedGen:C3661900,not provided,germline,germline,GRCh38,NC_000011.10,11,17395733,17395733,na,na,11p15.1,"criteria provided, single submitter",1,-,N,ClinGen:CA2612638972,2,2790068,17395733,G,A,-,-,-,-,-,-,SCV004385994,-,-
2950347,single nucleotide variant,NM_000352.6(ABCC8):c.657G>A (p.Gln219=),6833,ABCC8,HGNC:59,Likely benign,0,"May 15, 2023",2496853912,-,RCV003674692,MedGen:C3661900,not provided,germline,germline,GRCh37,NC_000011.9,11,17483295,17483295,na,na,11p15.1,"criteria provided, single submitter",1,-,N,ClinGen:CA473516216,2,2791804,17483295,C,T,-,-,-,-,-,-,SCV004385939,-,-
2950347,single nucleotide variant,NM_000352.6(ABCC8):c.657G>A (p.Gln219=),6833,ABCC8,HGNC:59,Likely benign,0,"May 15, 2023",2496853912,-,RCV003674692,MedGen:C3661900,not provided,germline,germline,GRCh38,NC_000011.10,11,17461748,17461748,na,na,11p15.1,"criteria provided, single submitter",1,-,N,ClinGen:CA473516216,2,2791804,17461748,C,T,-,-,-,-,-,-,SCV004385939,-,-
2950568,single nucleotide variant,NM_000352.6(ABCC8):c.2787C>G (p.Thr929=),6833,ABCC8,HGNC:59,Likely benign,0,"Apr 09, 2023",1954644379,-,RCV003670178,MedGen:C3661900,not provided,germline,germline,GRCh37,NC_000011.9,11,17429972,17429972,na,na,11p15.1,"criteria provided, single submitter",1,-,N,ClinGen:CA473300533,2,2793321,17429972,G,C,-,-,-,-,-,-,SCV004388260,-,-
2950568,single nucleotide variant,NM_000352.6(ABCC8):c.2787C>G (p.Thr929=),6833,ABCC8,HGNC:59,Likely benign,0,"Apr 09, 2023",1954644379,-,RCV003670178,MedGen:C3661900,not provided,germline,germline,GRCh38,NC_000011.10,11,17408425,17408425,na,na,11p15.1,"criteria provided, single submitter",1,-,N,ClinGen:CA473300533,2,2793321,17408425,G,C,-,-,-,-,-,-,SCV004388260,-,-
2950697,single nucleotide variant,NM_000352.6(ABCC8):c.867G>A (p.Gln289=),6833,ABCC8,HGNC:59,Likely benign,0,"Jan 11, 2023",1403622046,-,RCV003670254,MedGen:C3661900,not provided,germline,germline,GRCh37,NC_000011.9,11,17482179,17482179,na,na,11p15.1,"criteria provided, single submitter",1,-,N,ClinGen:CA473300664,2,2793450,17482179,C,T,-,-,-,-,-,-,SCV004389528,-,-
2950697,single nucleotide variant,NM_000352.6(ABCC8):c.867G>A (p.Gln289=),6833,ABCC8,HGNC:59,Likely benign,0,"Jan 11, 2023",1403622046,-,RCV003670254,MedGen:C3661900,not provided,germline,germline,GRCh38,NC_000011.10,11,17460632,17460632,na,na,11p15.1,"criteria provided, single submitter",1,-,N,ClinGen:CA473300664,2,2793450,17460632,C,T,-,-,-,-,-,-,SCV004389528,-,-
2951271,single nucleotide variant,NM_000352.6(ABCC8):c.3753+6T>C,6833,ABCC8,HGNC:59,Uncertain significance,0,"Jun 17, 2024",2496474893,-,RCV003675374,MedGen:C3661900,not provided,germline,germline,GRCh37,NC_000011.9,11,17419880,17419880,na,na,11p15.1,"criteria provided, single submitter",1,-,N,ClinGen:CA2612645283,2,2795321,17419880,A,G,-,-,-,-,-,-,SCV004390616,-,-
2951271,single nucleotide variant,NM_000352.6(ABCC8):c.3753+6T>C,6833,ABCC8,HGNC:59,Uncertain significance,0,"Jun 17, 2024",2496474893,-,RCV003675374,MedGen:C3661900,not provided,germline,germline,GRCh38,NC_000011.10,11,17398333,17398333,na,na,11p15.1,"criteria provided, single submitter",1,-,N,ClinGen:CA2612645283,2,2795321,17398333,A,G,-,-,-,-,-,-,SCV004390616,-,-
2953133,single nucleotide variant,NM_000352.6(ABCC8):c.4411+18T>C,6833,ABCC8,HGNC:59,Likely benign,0,"Nov 21, 2023",1347629560,-,RCV003666851,MedGen:C3661900,not provided,germline,germline,GRCh37,NC_000011.9,11,17416701,17416701,na,na,11p15.1,"criteria provided, single submitter",1,-,N,ClinGen:CA674175009,2,2789404,17416701,A,G,-,-,-,-,-,-,SCV004385428,-,-
2953133,single nucleotide variant,NM_000352.6(ABCC8):c.4411+18T>C,6833,ABCC8,HGNC:59,Likely benign,0,"Nov 21, 2023",1347629560,-,RCV003666851,MedGen:C3661900,not provided,germline,germline,GRCh38,NC_000011.10,11,17395154,17395154,na,na,11p15.1,"criteria provided, single submitter",1,-,N,ClinGen:CA674175009,2,2789404,17395154,A,G,-,-,-,-,-,-,SCV004385428,-,-
2953897,single nucleotide variant,NM_000352.6(ABCC8):c.408A>G (p.Leu136=),6833,ABCC8,HGNC:59,Likely benign,0,"Aug 22, 2023",1454711291,-,RCV003667432,MedGen:C3661900,not provided,germline,germline,GRCh37,NC_000011.9,11,17491652,17491652,na,na,11p15.1,"criteria provided, single submitter",1,-,N,ClinGen:CA473301507,2,2792765,17491652,T,C,-,-,-,-,-,-,SCV004388410,-,-
2953897,single nucleotide variant,NM_000352.6(ABCC8):c.408A>G (p.Leu136=),6833,ABCC8,HGNC:59,Likely benign,0,"Aug 22, 2023",1454711291,-,RCV003667432,MedGen:C3661900,not provided,germline,germline,GRCh38,NC_000011.10,11,17470105,17470105,na,na,11p15.1,"criteria provided, single submitter",1,-,N,ClinGen:CA473301507,2,2792765,17470105,T,C,-,-,-,-,-,-,SCV004388410,-,-
2954187,single nucleotide variant,NM_000352.6(ABCC8):c.2292-13C>T,6833,ABCC8,HGNC:59,Likely benign,0,"Feb 01, 2024",1209205510,-,RCV003667617,MedGen:C3661900,not provided,germline,germline,GRCh37,NC_000011.9,11,17436170,17436170,na,na,11p15.1,"criteria provided, single submitter",1,-,N,ClinGen:CA2612663043,2,2793055,17436170,G,A,-,-,-,-,-,-,SCV004389252,-,-
2954187,single nucleotide variant,NM_000352.6(ABCC8):c.2292-13C>T,6833,ABCC8,HGNC:59,Likely benign,0,"Feb 01, 2024",1209205510,-,RCV003667617,MedGen:C3661900,not provided,germline,germline,GRCh38,NC_000011.10,11,17414623,17414623,na,na,11p15.1,"criteria provided, single submitter",1,-,N,ClinGen:CA2612663043,2,2793055,17414623,G,A,-,-,-,-,-,-,SCV004389252,-,-
2954710,single nucleotide variant,NM_000352.6(ABCC8):c.3330-19T>C,6833,ABCC8,HGNC:59,Likely benign,0,"Dec 19, 2023",2496519998,-,RCV003675091,MedGen:C3661900,not provided,germline,germline,GRCh37,NC_000011.9,11,17427129,17427129,na,na,11p15.1,"criteria provided, single submitter",1,-,N,ClinGen:CA2612661371,2,2794875,17427129,A,G,-,-,-,-,-,-,SCV004391028,-,-
2954710,single nucleotide variant,NM_000352.6(ABCC8):c.3330-19T>C,6833,ABCC8,HGNC:59,Likely benign,0,"Dec 19, 2023",2496519998,-,RCV003675091,MedGen:C3661900,not provided,germline,germline,GRCh38,NC_000011.10,11,17405582,17405582,na,na,11p15.1,"criteria provided, single submitter",1,-,N,ClinGen:CA2612661371,2,2794875,17405582,A,G,-,-,-,-,-,-,SCV004391028,-,-
2954976,single nucleotide variant,NM_000352.6(ABCC8):c.4155C>G (p.Ser1385=),6833,ABCC8,HGNC:59,Likely benign,0,"Nov 12, 2025",1007114942,-,RCV003670598,MedGen:C3661900,not provided,germline,germline,GRCh37,NC_000011.9,11,17417442,17417442,na,na,11p15.1,"criteria provided, single submitter",1,-,N,ClinGen:CA218408236,2,2796438,17417442,G,C,-,-,-,-,-,-,SCV004392813,-,-
2954976,single nucleotide variant,NM_000352.6(ABCC8):c.4155C>G (p.Ser1385=),6833,ABCC8,HGNC:59,Likely benign,0,"Nov 12, 2025",1007114942,-,RCV003670598,MedGen:C3661900,not provided,germline,germline,GRCh38,NC_000011.10,11,17395895,17395895,na,na,11p15.1,"criteria provided, single submitter",1,-,N,ClinGen:CA218408236,2,2796438,17395895,G,C,-,-,-,-,-,-,SCV004392813,-,-
2955547,single nucleotide variant,NM_000525.4(KCNJ11):c.1094G>T (p.Arg365Leu),3767,KCNJ11,HGNC:6257,Uncertain significance,0,"Nov 10, 2025",750689750,-,RCV003675707,MedGen:C3661900,not provided,germline,germline,GRCh37,NC_000011.9,11,17408545,17408545,na,na,11p15.1,"criteria provided, single submitter",1,-,N,ClinGen:CA379769263,2,2798311,17408545,C,A,-,-,-,-,-,-,SCV004394608,-,-
2955547,single nucleotide variant,NM_000525.4(KCNJ11):c.1094G>T (p.Arg365Leu),3767,KCNJ11,HGNC:6257,Uncertain significance,0,"Nov 10, 2025",750689750,-,RCV003675707,MedGen:C3661900,not provided,germline,germline,GRCh38,NC_000011.10,11,17386998,17386998,na,na,11p15.1,"criteria provided, single submitter",1,-,N,ClinGen:CA379769263,2,2798311,17386998,C,A,-,-,-,-,-,-,SCV004394608,-,-
2956457,single nucleotide variant,NM_000352.6(ABCC8):c.2941G>T (p.Glu981Ter),6833,ABCC8,HGNC:59,Pathogenic,1,"Apr 28, 2023",2496532386,-,RCV003674334,MedGen:C3661900,not provided,germline,germline,GRCh37,NC_000011.9,11,17428656,17428656,na,na,11p15.1,"criteria provided, single submitter",1,-,N,ClinGen:CA379804306,2,2788849,17428656,C,A,-,-,-,-,-,-,SCV004383927,-,-
2956457,single nucleotide variant,NM_000352.6(ABCC8):c.2941G>T (p.Glu981Ter),6833,ABCC8,HGNC:59,Pathogenic,1,"Apr 28, 2023",2496532386,-,RCV003674334,MedGen:C3661900,not provided,germline,germline,GRCh38,NC_000011.10,11,17407109,17407109,na,na,11p15.1,"criteria provided, single submitter",1,-,N,ClinGen:CA379804306,2,2788849,17407109,C,A,-,-,-,-,-,-,SCV004383927,-,-
2956596,single nucleotide variant,NM_000352.6(ABCC8):c.4412-18T>C,6833,ABCC8,HGNC:59,Likely benign,0,"Jul 28, 2023",1465443455,-,RCV003674432,MedGen:C3661900,not provided,germline,germline,GRCh37,NC_000011.9,11,17415964,17415964,na,na,11p15.1,"criteria provided, single submitter",1,-,N,ClinGen:CA597664784,2,2788988,17415964,A,G,-,-,-,-,-,-,SCV004384248,-,-
2956596,single nucleotide variant,NM_000352.6(ABCC8):c.4412-18T>C,6833,ABCC8,HGNC:59,Likely benign,0,"Jul 28, 2023",1465443455,-,RCV003674432,MedGen:C3661900,not provided,germline,germline,GRCh38,NC_000011.10,11,17394417,17394417,na,na,11p15.1,"criteria provided, single submitter",1,-,N,ClinGen:CA597664784,2,2788988,17394417,A,G,-,-,-,-,-,-,SCV004384248,-,-
2958148,single nucleotide variant,NM_000352.6(ABCC8):c.1011+16G>T,6833,ABCC8,HGNC:59,Likely benign,0,"Feb 25, 2024",1446030845,-,RCV003672842,MedGen:C3661900,not provided,germline,germline,GRCh37,NC_000011.9,11,17482019,17482019,na,na,11p15.1,"criteria provided, single submitter",1,-,N,ClinGen:CA597904581,2,2794432,17482019,C,A,-,-,-,-,-,-,SCV004390954,-,-
2958148,single nucleotide variant,NM_000352.6(ABCC8):c.1011+16G>T,6833,ABCC8,HGNC:59,Likely benign,0,"Feb 25, 2024",1446030845,-,RCV003672842,MedGen:C3661900,not provided,germline,germline,GRCh38,NC_000011.10,11,17460472,17460472,na,na,11p15.1,"criteria provided, single submitter",1,-,N,ClinGen:CA597904581,2,2794432,17460472,C,A,-,-,-,-,-,-,SCV004390954,-,-
2959431,single nucleotide variant,NM_000352.6(ABCC8):c.413-15A>C,6833,ABCC8,HGNC:59,Likely benign,0,"Dec 09, 2025",758744263,-,RCV003668628,MedGen:C3661900,not provided,germline,germline,GRCh37,NC_000011.9,11,17485166,17485166,na,na,11p15.1,"criteria provided, single submitter",1,-,N,ClinGen:CA597669358,2,2799607,17485166,T,G,-,-,-,-,-,-,SCV004396280,-,-
2959431,single nucleotide variant,NM_000352.6(ABCC8):c.413-15A>C,6833,ABCC8,HGNC:59,Likely benign,0,"Dec 09, 2025",758744263,-,RCV003668628,MedGen:C3661900,not provided,germline,germline,GRCh38,NC_000011.10,11,17463619,17463619,na,na,11p15.1,"criteria provided, single submitter",1,-,N,ClinGen:CA597669358,2,2799607,17463619,T,G,-,-,-,-,-,-,SCV004396280,-,-
2960243,single nucleotide variant,NM_000352.6(ABCC8):c.822+18C>G,6833,ABCC8,HGNC:59,Likely benign,0,"May 18, 2023",1320076563,-,RCV003669903,MedGen:C3661900,not provided,germline,germline,GRCh37,NC_000011.9,11,17483112,17483112,na,na,11p15.1,"criteria provided, single submitter",1,-,N,ClinGen:CA674197687,2,2790479,17483112,G,C,-,-,-,-,-,-,SCV004387200,-,-
2960243,single nucleotide variant,NM_000352.6(ABCC8):c.822+18C>G,6833,ABCC8,HGNC:59,Likely benign,0,"May 18, 2023",1320076563,-,RCV003669903,MedGen:C3661900,not provided,germline,germline,GRCh38,NC_000011.10,11,17461565,17461565,na,na,11p15.1,"criteria provided, single submitter",1,-,N,ClinGen:CA674197687,2,2790479,17461565,G,C,-,-,-,-,-,-,SCV004387200,-,-
2963441,single nucleotide variant,NM_000525.4(KCNJ11):c.226A>G (p.Thr76Ala),3767,KCNJ11,HGNC:6257,Uncertain significance,0,"Nov 06, 2023",1591696071,-,RCV003681602,MedGen:C3661900,not provided,germline,germline,GRCh37,NC_000011.9,11,17409413,17409413,na,na,11p15.1,"criteria provided, single submitter",1,-,N,ClinGen:CA379775328,2,2803616,17409413,T,C,-,-,-,-,-,-,SCV004399067,-,-
2963441,single nucleotide variant,NM_000525.4(KCNJ11):c.226A>G (p.Thr76Ala),3767,KCNJ11,HGNC:6257,Uncertain significance,0,"Nov 06, 2023",1591696071,-,RCV003681602,MedGen:C3661900,not provided,germline,germline,GRCh38,NC_000011.10,11,17387866,17387866,na,na,11p15.1,"criteria provided, single submitter",1,-,N,ClinGen:CA379775328,2,2803616,17387866,T,C,-,-,-,-,-,-,SCV004399067,-,-
2964285,single nucleotide variant,NM_000352.6(ABCC8):c.2557-13C>T,6833,ABCC8,HGNC:59,Likely benign,0,"Nov 20, 2023",762869440,-,RCV003682102,MedGen:C3661900,not provided,germline,germline,GRCh37,NC_000011.9,11,17432213,17432213,na,na,11p15.1,"criteria provided, single submitter",1,-,N,ClinGen:CA5903080,2,2807050,17432213,G,A,-,-,-,-,-,-,SCV004406498,-,-
2964285,single nucleotide variant,NM_000352.6(ABCC8):c.2557-13C>T,6833,ABCC8,HGNC:59,Likely benign,0,"Nov 20, 2023",762869440,-,RCV003682102,MedGen:C3661900,not provided,germline,germline,GRCh38,NC_000011.10,11,17410666,17410666,na,na,11p15.1,"criteria provided, single submitter",1,-,N,ClinGen:CA5903080,2,2807050,17410666,G,A,-,-,-,-,-,-,SCV004406498,-,-
2964459,single nucleotide variant,NM_000352.6(ABCC8):c.579+11C>T,6833,ABCC8,HGNC:59,Likely benign,0,"Jan 29, 2024",779084508,-,RCV003682215,MedGen:C3661900,not provided,germline,germline,GRCh37,NC_000011.9,11,17484974,17484974,na,na,11p15.1,"criteria provided, single submitter",1,-,N,ClinGen:CA5903841,2,2807224,17484974,G,A,-,-,-,-,-,-,SCV004405970,-,-
2964459,single nucleotide variant,NM_000352.6(ABCC8):c.579+11C>T,6833,ABCC8,HGNC:59,Likely benign,0,"Jan 29, 2024",779084508,-,RCV003682215,MedGen:C3661900,not provided,germline,germline,GRCh38,NC_000011.10,11,17463427,17463427,na,na,11p15.1,"criteria provided, single submitter",1,-,N,ClinGen:CA5903841,2,2807224,17463427,G,A,-,-,-,-,-,-,SCV004405970,-,-
2964878,single nucleotide variant,NM_000352.6(ABCC8):c.3558-14G>A,6833,ABCC8,HGNC:59,Likely benign,0,"Jun 14, 2023",562753567,-,RCV003677233,MedGen:C3661900,not provided,germline,germline,GRCh37,NC_000011.9,11,17424314,17424314,na,na,11p15.1,"criteria provided, single submitter",1,-,N,ClinGen:CA2739276239,2,2808927,17424314,C,T,-,-,-,-,-,-,SCV004406682,-,-
2964878,single nucleotide variant,NM_000352.6(ABCC8):c.3558-14G>A,6833,ABCC8,HGNC:59,Likely benign,0,"Jun 14, 2023",562753567,-,RCV003677233,MedGen:C3661900,not provided,germline,germline,GRCh38,NC_000011.10,11,17402767,17402767,na,na,11p15.1,"criteria provided, single submitter",1,-,N,ClinGen:CA2739276239,2,2808927,17402767,C,T,-,-,-,-,-,-,SCV004406682,-,-
2964897,single nucleotide variant,NM_000352.6(ABCC8):c.2802G>A (p.Gln934=),6833,ABCC8,HGNC:59,Likely benign,0,"Oct 27, 2022",1355755514,-,RCV003677239,MedGen:C3661900,not provided,germline,germline,GRCh37,NC_000011.9,11,17429957,17429957,na,na,11p15.1,"criteria provided, single submitter",1,-,N,ClinGen:CA473300515,2,2808946,17429957,C,T,-,-,-,-,-,-,SCV004406690,-,-
2964897,single nucleotide variant,NM_000352.6(ABCC8):c.2802G>A (p.Gln934=),6833,ABCC8,HGNC:59,Likely benign,0,"Oct 27, 2022",1355755514,-,RCV003677239,MedGen:C3661900,not provided,germline,germline,GRCh38,NC_000011.10,11,17408410,17408410,na,na,11p15.1,"criteria provided, single submitter",1,-,N,ClinGen:CA473300515,2,2808946,17408410,C,T,-,-,-,-,-,-,SCV004406690,-,-
2967067,single nucleotide variant,NM_000352.6(ABCC8):c.148+11G>C,6833,ABCC8,HGNC:59,Likely benign,0,"Aug 17, 2023",1848793684,-,RCV003681484,MedGen:C3661900,not provided,germline,germline,GRCh37,NC_000011.9,11,17498165,17498165,na,na,11p15.1,"criteria provided, single submitter",1,-,N,ClinGen:CA1955161506,2,2803386,17498165,C,G,-,-,-,-,-,-,SCV004401151,-,-
2967067,single nucleotide variant,NM_000352.6(ABCC8):c.148+11G>C,6833,ABCC8,HGNC:59,Likely benign,0,"Aug 17, 2023",1848793684,-,RCV003681484,MedGen:C3661900,not provided,germline,germline,GRCh38,NC_000011.10,11,17476618,17476618,na,na,11p15.1,"criteria provided, single submitter",1,-,N,ClinGen:CA1955161506,2,2803386,17476618,C,G,-,-,-,-,-,-,SCV004401151,-,-
2967970,single nucleotide variant,NM_000352.6(ABCC8):c.2040+17C>T,6833,ABCC8,HGNC:59,Likely benign,0,"May 19, 2025",370711689,-,RCV003682004|RCV005419673,MedGen:C3661900|MedGen:CN169374,not provided|not specified,germline,germline,GRCh37,NC_000011.9,11,17449819,17449819,na,na,11p15.1,"criteria provided, multiple submitters, no conflicts",2,-,N,ClinGen:CA218441330,2,2806881,17449819,G,A,-,-,-,-,-,-,SCV004404682|SCV006085879,-,-
2967970,single nucleotide variant,NM_000352.6(ABCC8):c.2040+17C>T,6833,ABCC8,HGNC:59,Likely benign,0,"May 19, 2025",370711689,-,RCV003682004|RCV005419673,MedGen:C3661900|MedGen:CN169374,not provided|not specified,germline,germline,GRCh38,NC_000011.10,11,17428272,17428272,na,na,11p15.1,"criteria provided, multiple submitters, no conflicts",2,-,N,ClinGen:CA218441330,2,2806881,17428272,G,A,-,-,-,-,-,-,SCV004404682|SCV006085879,-,-
2968247,single nucleotide variant,NM_000352.6(ABCC8):c.1177-14G>T,6833,ABCC8,HGNC:59,Likely benign,0,"Aug 18, 2023",1956638403,-,RCV003684859,MedGen:C3661900,not provided,germline,germline,GRCh37,NC_000011.9,11,17470232,17470232,na,na,11p15.1,"criteria provided, single submitter",1,-,N,ClinGen:CA1955147993,2,2808445,17470232,C,A,-,-,-,-,-,-,SCV004404753,-,-
2968247,single nucleotide variant,NM_000352.6(ABCC8):c.1177-14G>T,6833,ABCC8,HGNC:59,Likely benign,0,"Aug 18, 2023",1956638403,-,RCV003684859,MedGen:C3661900,not provided,germline,germline,GRCh38,NC_000011.10,11,17448685,17448685,na,na,11p15.1,"criteria provided, single submitter",1,-,N,ClinGen:CA1955147993,2,2808445,17448685,C,A,-,-,-,-,-,-,SCV004404753,-,-
2968545,single nucleotide variant,NM_000352.6(ABCC8):c.4545+1G>C,6833,ABCC8,HGNC:59,Likely pathogenic,1,"Oct 27, 2022",2496438801,-,RCV003680243,MedGen:C3661900,not provided,germline,germline,GRCh37,NC_000011.9,11,17415812,17415812,na,na,11p15.1,"criteria provided, single submitter",1,-,N,ClinGen:CA379782618,2,2810017,17415812,C,G,-,-,-,-,-,-,SCV004413585,-,-
2968545,single nucleotide variant,NM_000352.6(ABCC8):c.4545+1G>C,6833,ABCC8,HGNC:59,Likely pathogenic,1,"Oct 27, 2022",2496438801,-,RCV003680243,MedGen:C3661900,not provided,germline,germline,GRCh38,NC_000011.10,11,17394265,17394265,na,na,11p15.1,"criteria provided, single submitter",1,-,N,ClinGen:CA379782618,2,2810017,17394265,C,G,-,-,-,-,-,-,SCV004413585,-,-
2968838,single nucleotide variant,NM_000352.6(ABCC8):c.3738G>A (p.Trp1246Ter),6833,ABCC8,HGNC:59,Pathogenic,1,"Oct 28, 2022",2496475041,-,RCV003680394,MedGen:C3661900,not provided,germline,germline,GRCh37,NC_000011.9,11,17419901,17419901,na,na,11p15.1,"criteria provided, single submitter",1,-,N,ClinGen:CA379794016,2,2810310,17419901,C,T,-,-,-,-,-,-,SCV004411449,-,-
2968838,single nucleotide variant,NM_000352.6(ABCC8):c.3738G>A (p.Trp1246Ter),6833,ABCC8,HGNC:59,Pathogenic,1,"Oct 28, 2022",2496475041,-,RCV003680394,MedGen:C3661900,not provided,germline,germline,GRCh38,NC_000011.10,11,17398354,17398354,na,na,11p15.1,"criteria provided, single submitter",1,-,N,ClinGen:CA379794016,2,2810310,17398354,C,T,-,-,-,-,-,-,SCV004411449,-,-
2969581,single nucleotide variant,NM_000352.6(ABCC8):c.4047G>A (p.Leu1349=),6833,ABCC8,HGNC:59,Likely benign,0,"Mar 13, 2024",756686757,-,RCV003680539,MedGen:C3661900,not provided,germline,germline,GRCh37,NC_000011.9,11,17418535,17418535,na,na,11p15.1,"criteria provided, single submitter",1,-,N,ClinGen:CA5902595,2,2813631,17418535,C,T,-,-,-,-,-,-,SCV004407029,-,-
2969581,single nucleotide variant,NM_000352.6(ABCC8):c.4047G>A (p.Leu1349=),6833,ABCC8,HGNC:59,Likely benign,0,"Mar 13, 2024",756686757,-,RCV003680539,MedGen:C3661900,not provided,germline,germline,GRCh38,NC_000011.10,11,17396988,17396988,na,na,11p15.1,"criteria provided, single submitter",1,-,N,ClinGen:CA5902595,2,2813631,17396988,C,T,-,-,-,-,-,-,SCV004407029,-,-
2969975,single nucleotide variant,NM_000352.6(ABCC8):c.222G>C (p.Arg74=),6833,ABCC8,HGNC:59,Likely benign,0,"Nov 25, 2022",745544561,-,RCV003683365,MedGen:C3661900,not provided,germline,germline,GRCh37,NC_000011.9,11,17496501,17496501,na,na,11p15.1,"criteria provided, single submitter",1,-,N,ClinGen:CA473301956,2,2815304,17496501,C,G,-,-,-,-,-,-,SCV004414210,-,-
2969975,single nucleotide variant,NM_000352.6(ABCC8):c.222G>C (p.Arg74=),6833,ABCC8,HGNC:59,Likely benign,0,"Nov 25, 2022",745544561,-,RCV003683365,MedGen:C3661900,not provided,germline,germline,GRCh38,NC_000011.10,11,17474954,17474954,na,na,11p15.1,"criteria provided, single submitter",1,-,N,ClinGen:CA473301956,2,2815304,17474954,C,G,-,-,-,-,-,-,SCV004414210,-,-
2972022,single nucleotide variant,NM_000352.6(ABCC8):c.2255+20T>A,6833,ABCC8,HGNC:59,Likely benign,0,"Dec 31, 2022",761738901,-,RCV003680055,MedGen:C3661900,not provided,germline,germline,GRCh37,NC_000011.9,11,17438457,17438457,na,na,11p15.1,"criteria provided, single submitter",1,-,N,ClinGen:CA2612664038,2,2809653,17438457,A,T,-,-,-,-,-,-,SCV004408660,-,-
2972022,single nucleotide variant,NM_000352.6(ABCC8):c.2255+20T>A,6833,ABCC8,HGNC:59,Likely benign,0,"Dec 31, 2022",761738901,-,RCV003680055,MedGen:C3661900,not provided,germline,germline,GRCh38,NC_000011.10,11,17416910,17416910,na,na,11p15.1,"criteria provided, single submitter",1,-,N,ClinGen:CA2612664038,2,2809653,17416910,A,T,-,-,-,-,-,-,SCV004408660,-,-
2972747,single nucleotide variant,NM_000352.6(ABCC8):c.1671+11C>G,6833,ABCC8,HGNC:59,Likely benign,0,"Nov 01, 2023",2496698139,-,RCV003685019,MedGen:C3661900,not provided,germline,germline,GRCh37,NC_000011.9,11,17453740,17453740,na,na,11p15.1,"criteria provided, single submitter",1,-,N,ClinGen:CA2739276261,2,2811667,17453740,G,C,-,-,-,-,-,-,SCV004410009,-,-
2972747,single nucleotide variant,NM_000352.6(ABCC8):c.1671+11C>G,6833,ABCC8,HGNC:59,Likely benign,0,"Nov 01, 2023",2496698139,-,RCV003685019,MedGen:C3661900,not provided,germline,germline,GRCh38,NC_000011.10,11,17432193,17432193,na,na,11p15.1,"criteria provided, single submitter",1,-,N,ClinGen:CA2739276261,2,2811667,17432193,G,C,-,-,-,-,-,-,SCV004410009,-,-
2972748,single nucleotide variant,NM_000352.6(ABCC8):c.2556+18T>G,6833,ABCC8,HGNC:59,Likely benign,0,"Jan 05, 2023",2496571236,-,RCV003685020,MedGen:C3661900,not provided,germline,germline,GRCh37,NC_000011.9,11,17434195,17434195,na,na,11p15.1,"criteria provided, single submitter",1,-,N,ClinGen:CA2612661776,2,2811668,17434195,A,C,-,-,-,-,-,-,SCV004408084,-,-
2972748,single nucleotide variant,NM_000352.6(ABCC8):c.2556+18T>G,6833,ABCC8,HGNC:59,Likely benign,0,"Jan 05, 2023",2496571236,-,RCV003685020,MedGen:C3661900,not provided,germline,germline,GRCh38,NC_000011.10,11,17412648,17412648,na,na,11p15.1,"criteria provided, single submitter",1,-,N,ClinGen:CA2612661776,2,2811668,17412648,A,C,-,-,-,-,-,-,SCV004408084,-,-
2972926,single nucleotide variant,NM_000352.6(ABCC8):c.2255+7C>T,6833,ABCC8,HGNC:59,Likely benign,0,"Nov 09, 2022",1591771213,-,RCV003677846,MedGen:C3661900,not provided,germline,germline,GRCh37,NC_000011.9,11,17438470,17438470,na,na,11p15.1,"criteria provided, single submitter",1,-,N,ClinGen:CA2739276255,2,2813124,17438470,G,A,-,-,-,-,-,-,SCV004410523,-,-
2972926,single nucleotide variant,NM_000352.6(ABCC8):c.2255+7C>T,6833,ABCC8,HGNC:59,Likely benign,0,"Nov 09, 2022",1591771213,-,RCV003677846,MedGen:C3661900,not provided,germline,germline,GRCh38,NC_000011.10,11,17416923,17416923,na,na,11p15.1,"criteria provided, single submitter",1,-,N,ClinGen:CA2739276255,2,2813124,17416923,G,A,-,-,-,-,-,-,SCV004410523,-,-
2973144,single nucleotide variant,NM_000352.6(ABCC8):c.2291+7C>G,6833,ABCC8,HGNC:59,Likely benign,0,"Feb 14, 2023",770152618,-,RCV003677945,MedGen:C3661900,not provided,germline,germline,GRCh37,NC_000011.9,11,17436844,17436844,na,na,11p15.1,"criteria provided, single submitter",1,-,N,ClinGen:CA2574768305,2,2813343,17436844,G,C,-,-,-,-,-,-,SCV004410161,-,-
2973144,single nucleotide variant,NM_000352.6(ABCC8):c.2291+7C>G,6833,ABCC8,HGNC:59,Likely benign,0,"Feb 14, 2023",770152618,-,RCV003677945,MedGen:C3661900,not provided,germline,germline,GRCh38,NC_000011.10,11,17415297,17415297,na,na,11p15.1,"criteria provided, single submitter",1,-,N,ClinGen:CA2574768305,2,2813343,17415297,G,C,-,-,-,-,-,-,SCV004410161,-,-
2973575,single nucleotide variant,NM_000352.6(ABCC8):c.4317G>A (p.Leu1439=),6833,ABCC8,HGNC:59,Likely benign,0,"Jan 04, 2024",1487687955,-,RCV003683231,MedGen:C3661900,not provided,germline,germline,GRCh37,NC_000011.9,11,17416813,17416813,na,na,11p15.1,"criteria provided, single submitter",1,-,N,ClinGen:CA473298191,2,2815045,17416813,C,T,-,-,-,-,-,-,SCV004412027,-,-
2973575,single nucleotide variant,NM_000352.6(ABCC8):c.4317G>A (p.Leu1439=),6833,ABCC8,HGNC:59,Likely benign,0,"Jan 04, 2024",1487687955,-,RCV003683231,MedGen:C3661900,not provided,germline,germline,GRCh38,NC_000011.10,11,17395266,17395266,na,na,11p15.1,"criteria provided, single submitter",1,-,N,ClinGen:CA473298191,2,2815045,17395266,C,T,-,-,-,-,-,-,SCV004412027,-,-
2973802,single nucleotide variant,NM_000352.6(ABCC8):c.148+9G>A,6833,ABCC8,HGNC:59,Likely benign,0,"May 28, 2023",1338053010,-,RCV003681904,MedGen:C3661900,not provided,germline,germline,GRCh37,NC_000011.9,11,17498167,17498167,na,na,11p15.1,"criteria provided, single submitter",1,-,N,ClinGen:CA2612671955,2,2804140,17498167,C,T,-,-,-,-,-,-,SCV004399401,-,-
2973802,single nucleotide variant,NM_000352.6(ABCC8):c.148+9G>A,6833,ABCC8,HGNC:59,Likely benign,0,"May 28, 2023",1338053010,-,RCV003681904,MedGen:C3661900,not provided,germline,germline,GRCh38,NC_000011.10,11,17476620,17476620,na,na,11p15.1,"criteria provided, single submitter",1,-,N,ClinGen:CA2612671955,2,2804140,17476620,C,T,-,-,-,-,-,-,SCV004399401,-,-
2974387,single nucleotide variant,NM_000352.6(ABCC8):c.580-15C>G,6833,ABCC8,HGNC:59,Likely benign,0,"Jan 11, 2024",1591890321,-,RCV003679522,MedGen:C3661900,not provided,germline,germline,GRCh37,NC_000011.9,11,17483387,17483387,na,na,11p15.1,"criteria provided, single submitter",1,-,N,ClinGen:CA2739276262,2,2806025,17483387,G,C,-,-,-,-,-,-,SCV004402987,-,-
2974387,single nucleotide variant,NM_000352.6(ABCC8):c.580-15C>G,6833,ABCC8,HGNC:59,Likely benign,0,"Jan 11, 2024",1591890321,-,RCV003679522,MedGen:C3661900,not provided,germline,germline,GRCh38,NC_000011.10,11,17461840,17461840,na,na,11p15.1,"criteria provided, single submitter",1,-,N,ClinGen:CA2739276262,2,2806025,17461840,G,C,-,-,-,-,-,-,SCV004402987,-,-
2974944,single nucleotide variant,NM_000352.6(ABCC8):c.804G>A (p.Glu268=),6833,ABCC8,HGNC:59,Likely benign,0,"Mar 18, 2023",187271585,-,RCV003677345,MedGen:C3661900,not provided,germline,germline,GRCh37,NC_000011.9,11,17483148,17483148,na,na,11p15.1,"criteria provided, single submitter",1,-,N,ClinGen:CA5903774,2,2809148,17483148,C,T,-,-,-,-,-,-,SCV004406407,-,-
2974944,single nucleotide variant,NM_000352.6(ABCC8):c.804G>A (p.Glu268=),6833,ABCC8,HGNC:59,Likely benign,0,"Mar 18, 2023",187271585,-,RCV003677345,MedGen:C3661900,not provided,germline,germline,GRCh38,NC_000011.10,11,17461601,17461601,na,na,11p15.1,"criteria provided, single submitter",1,-,N,ClinGen:CA5903774,2,2809148,17461601,C,T,-,-,-,-,-,-,SCV004406407,-,-
2975145,single nucleotide variant,NM_000352.6(ABCC8):c.2409A>G (p.Glu803=),6833,ABCC8,HGNC:59,Likely benign,0,"Oct 21, 2022",2496578672,-,RCV003677451,MedGen:C3661900,not provided,germline,germline,GRCh37,NC_000011.9,11,17435007,17435007,na,na,11p15.1,"criteria provided, single submitter",1,-,N,ClinGen:CA473301483,2,2809349,17435007,T,C,-,-,-,-,-,-,SCV004406578,-,-
2975145,single nucleotide variant,NM_000352.6(ABCC8):c.2409A>G (p.Glu803=),6833,ABCC8,HGNC:59,Likely benign,0,"Oct 21, 2022",2496578672,-,RCV003677451,MedGen:C3661900,not provided,germline,germline,GRCh38,NC_000011.10,11,17413460,17413460,na,na,11p15.1,"criteria provided, single submitter",1,-,N,ClinGen:CA473301483,2,2809349,17413460,T,C,-,-,-,-,-,-,SCV004406578,-,-
2975871,single nucleotide variant,NM_000352.6(ABCC8):c.4733G>C (p.Arg1578Pro),6833,ABCC8,HGNC:59,Uncertain significance,0,"Dec 23, 2022",143557848,-,RCV003677628,MedGen:C3661900,not provided,germline,germline,GRCh37,NC_000011.9,11,17414551,17414551,na,na,11p15.1,"criteria provided, single submitter",1,-,N,ClinGen:CA379780539,2,2812639,17414551,C,G,-,-,-,-,-,-,SCV004407730,-,-
2975871,single nucleotide variant,NM_000352.6(ABCC8):c.4733G>C (p.Arg1578Pro),6833,ABCC8,HGNC:59,Uncertain significance,0,"Dec 23, 2022",143557848,-,RCV003677628,MedGen:C3661900,not provided,germline,germline,GRCh38,NC_000011.10,11,17393004,17393004,na,na,11p15.1,"criteria provided, single submitter",1,-,N,ClinGen:CA379780539,2,2812639,17393004,C,G,-,-,-,-,-,-,SCV004407730,-,-
2979991,single nucleotide variant,NM_000352.6(ABCC8):c.2226T>A (p.Leu742=),6833,ABCC8,HGNC:59,Likely benign,0,"Feb 14, 2023",757507467,-,RCV003693785,MedGen:C3661900,not provided,germline,germline,GRCh37,NC_000011.9,11,17438506,17438506,na,na,11p15.1,"criteria provided, single submitter",1,-,N,ClinGen:CA473301909,2,2827880,17438506,A,T,-,-,-,-,-,-,SCV004423084,-,-
2979991,single nucleotide variant,NM_000352.6(ABCC8):c.2226T>A (p.Leu742=),6833,ABCC8,HGNC:59,Likely benign,0,"Feb 14, 2023",757507467,-,RCV003693785,MedGen:C3661900,not provided,germline,germline,GRCh38,NC_000011.10,11,17416959,17416959,na,na,11p15.1,"criteria provided, single submitter",1,-,N,ClinGen:CA473301909,2,2827880,17416959,A,T,-,-,-,-,-,-,SCV004423084,-,-
2981195,single nucleotide variant,NM_000352.6(ABCC8):c.2031C>A (p.Cys677Ter),6833,ABCC8,HGNC:59,Pathogenic,1,"Dec 12, 2022",1955681356,-,RCV003713887,MedGen:C3661900,not provided,germline,germline,GRCh37,NC_000011.9,11,17449845,17449845,na,na,11p15.1,"criteria provided, single submitter",1,-,N,ClinGen:CA379815077,2,2818823,17449845,G,T,-,-,-,-,-,-,SCV004486886,-,-
2981195,single nucleotide variant,NM_000352.6(ABCC8):c.2031C>A (p.Cys677Ter),6833,ABCC8,HGNC:59,Pathogenic,1,"Dec 12, 2022",1955681356,-,RCV003713887,MedGen:C3661900,not provided,germline,germline,GRCh38,NC_000011.10,11,17428298,17428298,na,na,11p15.1,"criteria provided, single submitter",1,-,N,ClinGen:CA379815077,2,2818823,17428298,G,T,-,-,-,-,-,-,SCV004486886,-,-
2981625,Deletion,NM_000162.5(GCK):c.710del (p.Glu237fs),2645,GCK,HGNC:4195,Pathogenic,1,"Dec 12, 2024",751505614,-,RCV003709243,MedGen:C3661900,not provided,germline,germline,GRCh37,NC_000007.13,7,44187402,44187402,na,na,7p13,"criteria provided, single submitter",1,-,N,ClinGen:CA4239537,2,2820539,44187401,CT,C,-,-,-,-,-,-,SCV004487094,-,-
2981625,Deletion,NM_000162.5(GCK):c.710del (p.Glu237fs),2645,GCK,HGNC:4195,Pathogenic,1,"Dec 12, 2024",751505614,-,RCV003709243,MedGen:C3661900,not provided,germline,germline,GRCh38,NC_000007.14,7,44147803,44147803,na,na,7p13,"criteria provided, single submitter",1,-,N,ClinGen:CA4239537,2,2820539,44147802,CT,C,-,-,-,-,-,-,SCV004487094,-,-
2981688,single nucleotide variant,NM_000352.6(ABCC8):c.4302C>A (p.Thr1434=),6833,ABCC8,HGNC:59,Likely benign,0,"Dec 13, 2022",2496449586,-,RCV003709271,MedGen:C3661900,not provided,germline,germline,GRCh37,NC_000011.9,11,17417162,17417162,na,na,11p15.1,"criteria provided, single submitter",1,-,N,ClinGen:CA473298200,2,2820602,17417162,G,T,-,-,-,-,-,-,SCV004487040,-,-
2981688,single nucleotide variant,NM_000352.6(ABCC8):c.4302C>A (p.Thr1434=),6833,ABCC8,HGNC:59,Likely benign,0,"Dec 13, 2022",2496449586,-,RCV003709271,MedGen:C3661900,not provided,germline,germline,GRCh38,NC_000011.10,11,17395615,17395615,na,na,11p15.1,"criteria provided, single submitter",1,-,N,ClinGen:CA473298200,2,2820602,17395615,G,T,-,-,-,-,-,-,SCV004487040,-,-
2981693,single nucleotide variant,NM_000352.6(ABCC8):c.2476-13T>G,6833,ABCC8,HGNC:59,Likely benign,0,"Sep 26, 2023",2496572770,-,RCV003709274,MedGen:C3661900,not provided,germline,germline,GRCh37,NC_000011.9,11,17434306,17434306,na,na,11p15.1,"criteria provided, single submitter",1,-,N,ClinGen:CA2739276244,2,2820607,17434306,A,C,-,-,-,-,-,-,SCV004492178,-,-
2981693,single nucleotide variant,NM_000352.6(ABCC8):c.2476-13T>G,6833,ABCC8,HGNC:59,Likely benign,0,"Sep 26, 2023",2496572770,-,RCV003709274,MedGen:C3661900,not provided,germline,germline,GRCh38,NC_000011.10,11,17412759,17412759,na,na,11p15.1,"criteria provided, single submitter",1,-,N,ClinGen:CA2739276244,2,2820607,17412759,A,C,-,-,-,-,-,-,SCV004492178,-,-
2981973,single nucleotide variant,NM_000352.6(ABCC8):c.2496T>C (p.Gly832=),6833,ABCC8,HGNC:59,Likely benign,0,"Dec 19, 2022",2496572275,-,RCV003713976,MedGen:C3661900,not provided,germline,germline,GRCh37,NC_000011.9,11,17434273,17434273,na,na,11p15.1,"criteria provided, single submitter",1,-,N,ClinGen:CA473301285,2,2822170,17434273,A,G,-,-,-,-,-,-,SCV004491427,-,-
2981973,single nucleotide variant,NM_000352.6(ABCC8):c.2496T>C (p.Gly832=),6833,ABCC8,HGNC:59,Likely benign,0,"Dec 19, 2022",2496572275,-,RCV003713976,MedGen:C3661900,not provided,germline,germline,GRCh38,NC_000011.10,11,17412726,17412726,na,na,11p15.1,"criteria provided, single submitter",1,-,N,ClinGen:CA473301285,2,2822170,17412726,A,G,-,-,-,-,-,-,SCV004491427,-,-
2982178,single nucleotide variant,NM_000352.6(ABCC8):c.2391-11A>G,6833,ABCC8,HGNC:59,Likely benign,0,"Nov 15, 2023",2496579167,-,RCV003706792,MedGen:C3661900,not provided,germline,germline,GRCh37,NC_000011.9,11,17435036,17435036,na,na,11p15.1,"criteria provided, single submitter",1,-,N,ClinGen:CA2739276246,2,2823664,17435036,T,C,-,-,-,-,-,-,SCV004485095,-,-
2982178,single nucleotide variant,NM_000352.6(ABCC8):c.2391-11A>G,6833,ABCC8,HGNC:59,Likely benign,0,"Nov 15, 2023",2496579167,-,RCV003706792,MedGen:C3661900,not provided,germline,germline,GRCh38,NC_000011.10,11,17413489,17413489,na,na,11p15.1,"criteria provided, single submitter",1,-,N,ClinGen:CA2739276246,2,2823664,17413489,T,C,-,-,-,-,-,-,SCV004485095,-,-
2983936,single nucleotide variant,NM_000352.6(ABCC8):c.1812A>T (p.Leu604=),6833,ABCC8,HGNC:59,Likely benign,0,"Nov 24, 2022",2496687952,-,RCV003685879,MedGen:C3661900,not provided,germline,germline,GRCh37,NC_000011.9,11,17452366,17452366,na,na,11p15.1,"criteria provided, single submitter",1,-,N,ClinGen:CA473302766,2,2816433,17452366,T,A,-,-,-,-,-,-,SCV004406811,-,-
2983936,single nucleotide variant,NM_000352.6(ABCC8):c.1812A>T (p.Leu604=),6833,ABCC8,HGNC:59,Likely benign,0,"Nov 24, 2022",2496687952,-,RCV003685879,MedGen:C3661900,not provided,germline,germline,GRCh38,NC_000011.10,11,17430819,17430819,na,na,11p15.1,"criteria provided, single submitter",1,-,N,ClinGen:CA473302766,2,2816433,17430819,T,A,-,-,-,-,-,-,SCV004406811,-,-
2984252,single nucleotide variant,NM_000352.6(ABCC8):c.1248G>A (p.Gln416=),6833,ABCC8,HGNC:59,Likely benign,0,"Nov 25, 2022",2496781513,-,RCV003708951,MedGen:C3661900,not provided,germline,germline,GRCh37,NC_000011.9,11,17470147,17470147,na,na,11p15.1,"criteria provided, single submitter",1,-,N,ClinGen:CA473299214,2,2816750,17470147,C,T,-,-,-,-,-,-,SCV004485615,-,-
2984252,single nucleotide variant,NM_000352.6(ABCC8):c.1248G>A (p.Gln416=),6833,ABCC8,HGNC:59,Likely benign,0,"Nov 25, 2022",2496781513,-,RCV003708951,MedGen:C3661900,not provided,germline,germline,GRCh38,NC_000011.10,11,17448600,17448600,na,na,11p15.1,"criteria provided, single submitter",1,-,N,ClinGen:CA473299214,2,2816750,17448600,C,T,-,-,-,-,-,-,SCV004485615,-,-
2985012,single nucleotide variant,NM_000352.6(ABCC8):c.1800C>G (p.Thr600=),6833,ABCC8,HGNC:59,Likely benign,0,"Dec 10, 2022",371181016,-,RCV003709019,MedGen:C3661900,not provided,germline,germline,GRCh37,NC_000011.9,11,17452378,17452378,na,na,11p15.1,"criteria provided, single submitter",1,-,N,ClinGen:CA473302796,2,2820081,17452378,G,C,-,-,-,-,-,-,SCV004487863,-,-
2985012,single nucleotide variant,NM_000352.6(ABCC8):c.1800C>G (p.Thr600=),6833,ABCC8,HGNC:59,Likely benign,0,"Dec 10, 2022",371181016,-,RCV003709019,MedGen:C3661900,not provided,germline,germline,GRCh38,NC_000011.10,11,17430831,17430831,na,na,11p15.1,"criteria provided, single submitter",1,-,N,ClinGen:CA473302796,2,2820081,17430831,G,C,-,-,-,-,-,-,SCV004487863,-,-
2985356,single nucleotide variant,NM_000352.6(ABCC8):c.579+1G>A,6833,ABCC8,HGNC:59,Likely pathogenic,1,"Dec 17, 2022",2496864113,-,RCV003711757,MedGen:C3661900,not provided,germline,germline,GRCh37,NC_000011.9,11,17484984,17484984,na,na,11p15.1,"criteria provided, single submitter",1,-,N,ClinGen:CA379779848,2,2821703,17484984,C,T,-,-,-,-,-,-,SCV004488924,-,-
2985356,single nucleotide variant,NM_000352.6(ABCC8):c.579+1G>A,6833,ABCC8,HGNC:59,Likely pathogenic,1,"Dec 17, 2022",2496864113,-,RCV003711757,MedGen:C3661900,not provided,germline,germline,GRCh38,NC_000011.10,11,17463437,17463437,na,na,11p15.1,"criteria provided, single submitter",1,-,N,ClinGen:CA379779848,2,2821703,17463437,C,T,-,-,-,-,-,-,SCV004488924,-,-
2986214,single nucleotide variant,NM_000352.6(ABCC8):c.3868-10C>A,6833,ABCC8,HGNC:59,Likely benign,0,"Dec 21, 2023",2133409266,-,RCV003691321,MedGen:C3661900,not provided,germline,germline,GRCh37,NC_000011.9,11,17418870,17418870,na,na,11p15.1,"criteria provided, single submitter",1,-,N,ClinGen:CA2612643870,2,2825129,17418870,G,T,-,-,-,-,-,-,SCV004424213,-,-
2986214,single nucleotide variant,NM_000352.6(ABCC8):c.3868-10C>A,6833,ABCC8,HGNC:59,Likely benign,0,"Dec 21, 2023",2133409266,-,RCV003691321,MedGen:C3661900,not provided,germline,germline,GRCh38,NC_000011.10,11,17397323,17397323,na,na,11p15.1,"criteria provided, single submitter",1,-,N,ClinGen:CA2612643870,2,2825129,17397323,G,T,-,-,-,-,-,-,SCV004424213,-,-
2986355,single nucleotide variant,NM_000352.6(ABCC8):c.3095G>A (p.Trp1032Ter),6833,ABCC8,HGNC:59,Pathogenic,1,"Jan 28, 2024",2496530557,-,RCV003680975,MedGen:C3661900,not provided,germline,germline,GRCh37,NC_000011.9,11,17428502,17428502,na,na,11p15.1,"criteria provided, single submitter",1,-,N,ClinGen:CA379803356,2,2825270,17428502,C,T,-,-,-,-,-,-,SCV004425602,-,-
2986355,single nucleotide variant,NM_000352.6(ABCC8):c.3095G>A (p.Trp1032Ter),6833,ABCC8,HGNC:59,Pathogenic,1,"Jan 28, 2024",2496530557,-,RCV003680975,MedGen:C3661900,not provided,germline,germline,GRCh38,NC_000011.10,11,17406955,17406955,na,na,11p15.1,"criteria provided, single submitter",1,-,N,ClinGen:CA379803356,2,2825270,17406955,C,T,-,-,-,-,-,-,SCV004425602,-,-
2986526,single nucleotide variant,NM_000352.6(ABCC8):c.1333-20A>C,6833,ABCC8,HGNC:59,Likely benign,0,"Jan 07, 2023",767045180,-,RCV003681436,MedGen:C3661900,not provided,germline,germline,GRCh37,NC_000011.9,11,17464879,17464879,na,na,11p15.1,"criteria provided, single submitter",1,-,N,ClinGen:CA2739276258,2,2826724,17464879,T,G,-,-,-,-,-,-,SCV004426214,-,-
2986526,single nucleotide variant,NM_000352.6(ABCC8):c.1333-20A>C,6833,ABCC8,HGNC:59,Likely benign,0,"Jan 07, 2023",767045180,-,RCV003681436,MedGen:C3661900,not provided,germline,germline,GRCh38,NC_000011.10,11,17443332,17443332,na,na,11p15.1,"criteria provided, single submitter",1,-,N,ClinGen:CA2739276258,2,2826724,17443332,T,G,-,-,-,-,-,-,SCV004426214,-,-
2986621,single nucleotide variant,NM_000352.6(ABCC8):c.1924-7C>A,6833,ABCC8,HGNC:59,Likely benign,0,"Jan 07, 2023",1318035035,-,RCV003683455,MedGen:C3661900,not provided,germline,germline,GRCh37,NC_000011.9,11,17449959,17449959,na,na,11p15.1,"criteria provided, single submitter",1,-,N,ClinGen:CA597904336,2,2826819,17449959,G,T,-,-,-,-,-,-,SCV004426768,-,-
2986621,single nucleotide variant,NM_000352.6(ABCC8):c.1924-7C>A,6833,ABCC8,HGNC:59,Likely benign,0,"Jan 07, 2023",1318035035,-,RCV003683455,MedGen:C3661900,not provided,germline,germline,GRCh38,NC_000011.10,11,17428412,17428412,na,na,11p15.1,"criteria provided, single submitter",1,-,N,ClinGen:CA597904336,2,2826819,17428412,G,T,-,-,-,-,-,-,SCV004426768,-,-
2988629,single nucleotide variant,NM_000352.6(ABCC8):c.1332+19G>A,6833,ABCC8,HGNC:59,Likely benign,0,"Dec 21, 2022",2496780440,-,RCV003723177,MedGen:C3661900,not provided,germline,germline,GRCh37,NC_000011.9,11,17470044,17470044,na,na,11p15.1,"criteria provided, single submitter",1,-,N,ClinGen:CA2739276248,2,2822841,17470044,C,T,-,-,-,-,-,-,SCV004488349,-,-
2988629,single nucleotide variant,NM_000352.6(ABCC8):c.1332+19G>A,6833,ABCC8,HGNC:59,Likely benign,0,"Dec 21, 2022",2496780440,-,RCV003723177,MedGen:C3661900,not provided,germline,germline,GRCh38,NC_000011.10,11,17448497,17448497,na,na,11p15.1,"criteria provided, single submitter",1,-,N,ClinGen:CA2739276248,2,2822841,17448497,C,T,-,-,-,-,-,-,SCV004488349,-,-
2988889,single nucleotide variant,NM_000352.6(ABCC8):c.2223-20T>C,6833,ABCC8,HGNC:59,Likely benign,0,"Dec 22, 2022",1370792221,-,RCV003714408,MedGen:C3661900,not provided,germline,germline,GRCh37,NC_000011.9,11,17438529,17438529,na,na,11p15.1,"criteria provided, single submitter",1,-,N,ClinGen:CA597665740,2,2823101,17438529,A,G,-,-,-,-,-,-,SCV004488510,-,-
2988889,single nucleotide variant,NM_000352.6(ABCC8):c.2223-20T>C,6833,ABCC8,HGNC:59,Likely benign,0,"Dec 22, 2022",1370792221,-,RCV003714408,MedGen:C3661900,not provided,germline,germline,GRCh38,NC_000011.10,11,17416982,17416982,na,na,11p15.1,"criteria provided, single submitter",1,-,N,ClinGen:CA597665740,2,2823101,17416982,A,G,-,-,-,-,-,-,SCV004488510,-,-
2989456,single nucleotide variant,NM_000352.6(ABCC8):c.2T>C (p.Met1Thr),6833,ABCC8,HGNC:59,Pathogenic,1,"Nov 10, 2025",2496931463,-,RCV003681280,MedGen:C3661900,not provided,germline,germline,GRCh37,NC_000011.9,11,17498322,17498322,na,na,11p15.1,"criteria provided, single submitter",1,-,N,ClinGen:CA379790501,2,2826235,17498322,A,G,-,-,-,-,-,-,SCV004422517,-,-
2989456,single nucleotide variant,NM_000352.6(ABCC8):c.2T>C (p.Met1Thr),6833,ABCC8,HGNC:59,Pathogenic,1,"Nov 10, 2025",2496931463,-,RCV003681280,MedGen:C3661900,not provided,germline,germline,GRCh38,NC_000011.10,11,17476775,17476775,na,na,11p15.1,"criteria provided, single submitter",1,-,N,ClinGen:CA379790501,2,2826235,17476775,A,G,-,-,-,-,-,-,SCV004422517,-,-
2989979,Indel,NM_000352.6(ABCC8):c.1676_1677delinsAA (p.Phe559Ter),6833,ABCC8,HGNC:59,Pathogenic,1,"Jan 13, 2023",2496689814,-,RCV003683858,MedGen:C3661900,not provided,germline,germline,GRCh37,NC_000011.9,11,17452501,17452502,na,na,11p15.1,"criteria provided, single submitter",1,-,N,ClinGen:CA2739276260,2,2828041,17452501,GA,TT,-,-,-,-,-,-,SCV004425292,-,-
2989979,Indel,NM_000352.6(ABCC8):c.1676_1677delinsAA (p.Phe559Ter),6833,ABCC8,HGNC:59,Pathogenic,1,"Jan 13, 2023",2496689814,-,RCV003683858,MedGen:C3661900,not provided,germline,germline,GRCh38,NC_000011.10,11,17430954,17430955,na,na,11p15.1,"criteria provided, single submitter",1,-,N,ClinGen:CA2739276260,2,2828041,17430954,GA,TT,-,-,-,-,-,-,SCV004425292,-,-
2990396,single nucleotide variant,NM_000352.6(ABCC8):c.4147G>C (p.Gly1383Arg),6833,ABCC8,HGNC:59,Likely pathogenic,1,"Jan 17, 2023",748233295,-,RCV003686414,MedGen:C3661900,not provided,germline,germline,GRCh37,NC_000011.9,11,17417450,17417450,na,na,11p15.1,"criteria provided, single submitter",1,-,N,ClinGen:CA379788258,2,2829734,17417450,C,G,-,-,-,-,-,-,SCV004424576,-,-
2990396,single nucleotide variant,NM_000352.6(ABCC8):c.4147G>C (p.Gly1383Arg),6833,ABCC8,HGNC:59,Likely pathogenic,1,"Jan 17, 2023",748233295,-,RCV003686414,MedGen:C3661900,not provided,germline,germline,GRCh38,NC_000011.10,11,17395903,17395903,na,na,11p15.1,"criteria provided, single submitter",1,-,N,ClinGen:CA379788258,2,2829734,17395903,C,G,-,-,-,-,-,-,SCV004424576,-,-
2991051,single nucleotide variant,NM_000352.6(ABCC8):c.4307+17C>T,6833,ABCC8,HGNC:59,Likely benign,0,"Feb 04, 2023",1305808889,-,RCV003686511,MedGen:C3661900,not provided,germline,germline,GRCh37,NC_000011.9,11,17417140,17417140,na,na,11p15.1,"criteria provided, single submitter",1,-,N,ClinGen:CA2612638683,2,2831250,17417140,G,A,-,-,-,-,-,-,SCV004433002,-,-
2991051,single nucleotide variant,NM_000352.6(ABCC8):c.4307+17C>T,6833,ABCC8,HGNC:59,Likely benign,0,"Feb 04, 2023",1305808889,-,RCV003686511,MedGen:C3661900,not provided,germline,germline,GRCh38,NC_000011.10,11,17395593,17395593,na,na,11p15.1,"criteria provided, single submitter",1,-,N,ClinGen:CA2612638683,2,2831250,17395593,G,A,-,-,-,-,-,-,SCV004433002,-,-
2991184,single nucleotide variant,NM_000352.6(ABCC8):c.3283A>T (p.Arg1095Ter),6833,ABCC8,HGNC:59,Pathogenic,1,"Jan 28, 2023",2496527104,-,RCV003689613,MedGen:C3661900,not provided,germline,germline,GRCh37,NC_000011.9,11,17428215,17428215,na,na,11p15.1,"criteria provided, single submitter",1,-,N,ClinGen:CA379801473,2,2832640,17428215,T,A,-,-,-,-,-,-,SCV004433824,-,-
2991184,single nucleotide variant,NM_000352.6(ABCC8):c.3283A>T (p.Arg1095Ter),6833,ABCC8,HGNC:59,Pathogenic,1,"Jan 28, 2023",2496527104,-,RCV003689613,MedGen:C3661900,not provided,germline,germline,GRCh38,NC_000011.10,11,17406668,17406668,na,na,11p15.1,"criteria provided, single submitter",1,-,N,ClinGen:CA379801473,2,2832640,17406668,T,A,-,-,-,-,-,-,SCV004433824,-,-
2991323,single nucleotide variant,NM_000352.6(ABCC8):c.1017A>G (p.Gln339=),6833,ABCC8,HGNC:59,Likely benign,0,"Dec 15, 2023",752399276,-,RCV003689689,MedGen:C3661900,not provided,germline,germline,GRCh37,NC_000011.9,11,17474825,17474825,na,na,11p15.1,"criteria provided, single submitter",1,-,N,ClinGen:CA5903683,2,2832779,17474825,T,C,-,-,-,-,-,-,SCV004435964,-,-
2991323,single nucleotide variant,NM_000352.6(ABCC8):c.1017A>G (p.Gln339=),6833,ABCC8,HGNC:59,Likely benign,0,"Dec 15, 2023",752399276,-,RCV003689689,MedGen:C3661900,not provided,germline,germline,GRCh38,NC_000011.10,11,17453278,17453278,na,na,11p15.1,"criteria provided, single submitter",1,-,N,ClinGen:CA5903683,2,2832779,17453278,T,C,-,-,-,-,-,-,SCV004435964,-,-
2992143,single nucleotide variant,NM_000352.6(ABCC8):c.63C>A (p.Val21=),6833,ABCC8,HGNC:59,Likely benign,0,"Feb 10, 2023",1848805383,-,RCV003689937,MedGen:C3661900,not provided,germline,germline,GRCh37,NC_000011.9,11,17498261,17498261,na,na,11p15.1,"criteria provided, single submitter",1,-,N,ClinGen:CA473302265,2,2836156,17498261,G,T,-,-,-,-,-,-,SCV004434408,-,-
2992143,single nucleotide variant,NM_000352.6(ABCC8):c.63C>A (p.Val21=),6833,ABCC8,HGNC:59,Likely benign,0,"Feb 10, 2023",1848805383,-,RCV003689937,MedGen:C3661900,not provided,germline,germline,GRCh38,NC_000011.10,11,17476714,17476714,na,na,11p15.1,"criteria provided, single submitter",1,-,N,ClinGen:CA473302265,2,2836156,17476714,G,T,-,-,-,-,-,-,SCV004434408,-,-
2993017,Deletion,NM_000162.5(GCK):c.785del (p.Asp262fs),2645,GCK,HGNC:4195,Pathogenic,1,"Feb 21, 2023",2484513961,-,RCV003723526,MedGen:C3661900,not provided,germline,germline,GRCh37,NC_000007.13,7,44187327,44187327,na,na,7p13,"criteria provided, single submitter",1,-,N,ClinGen:CA2739265444,2,2839580,44187326,GT,G,-,-,-,-,-,-,SCV004504735,-,-
2993017,Deletion,NM_000162.5(GCK):c.785del (p.Asp262fs),2645,GCK,HGNC:4195,Pathogenic,1,"Feb 21, 2023",2484513961,-,RCV003723526,MedGen:C3661900,not provided,germline,germline,GRCh38,NC_000007.14,7,44147728,44147728,na,na,7p13,"criteria provided, single submitter",1,-,N,ClinGen:CA2739265444,2,2839580,44147727,GT,G,-,-,-,-,-,-,SCV004504735,-,-
2993541,single nucleotide variant,NM_000352.6(ABCC8):c.4710C>T (p.Asp1570=),6833,ABCC8,HGNC:59,Likely benign,0,"May 22, 2023",2496429093,-,RCV003718979,MedGen:C3661900,not provided,germline,germline,GRCh37,NC_000011.9,11,17414574,17414574,na,na,11p15.1,"criteria provided, single submitter",1,-,N,ClinGen:CA473297934,2,2841388,17414574,G,A,-,-,-,-,-,-,SCV004500116,-,-
2993541,single nucleotide variant,NM_000352.6(ABCC8):c.4710C>T (p.Asp1570=),6833,ABCC8,HGNC:59,Likely benign,0,"May 22, 2023",2496429093,-,RCV003718979,MedGen:C3661900,not provided,germline,germline,GRCh38,NC_000011.10,11,17393027,17393027,na,na,11p15.1,"criteria provided, single submitter",1,-,N,ClinGen:CA473297934,2,2841388,17393027,G,A,-,-,-,-,-,-,SCV004500116,-,-
2994392,single nucleotide variant,NM_000352.6(ABCC8):c.1140C>T (p.Ala380=),6833,ABCC8,HGNC:59,Likely benign,0,"Jan 21, 2023",1956873355,-,RCV003678839,MedGen:C3661900,not provided,germline,germline,GRCh37,NC_000011.9,11,17474702,17474702,na,na,11p15.1,"criteria provided, single submitter",1,-,N,ClinGen:CA473299772,2,2830747,17474702,G,A,-,-,-,-,-,-,SCV004426673,-,-
2994392,single nucleotide variant,NM_000352.6(ABCC8):c.1140C>T (p.Ala380=),6833,ABCC8,HGNC:59,Likely benign,0,"Jan 21, 2023",1956873355,-,RCV003678839,MedGen:C3661900,not provided,germline,germline,GRCh38,NC_000011.10,11,17453155,17453155,na,na,11p15.1,"criteria provided, single submitter",1,-,N,ClinGen:CA473299772,2,2830747,17453155,G,A,-,-,-,-,-,-,SCV004426673,-,-
2994853,single nucleotide variant,NM_000352.6(ABCC8):c.4098C>T (p.Ala1366=),6833,ABCC8,HGNC:59,Likely benign,0,"Jan 28, 2023",2496461584,-,RCV003689515,MedGen:C3661900,not provided,germline,germline,GRCh37,NC_000011.9,11,17418484,17418484,na,na,11p15.1,"criteria provided, single submitter",1,-,N,ClinGen:CA473298445,2,2832469,17418484,G,A,-,-,-,-,-,-,SCV004435320,-,-
2994853,single nucleotide variant,NM_000352.6(ABCC8):c.4098C>T (p.Ala1366=),6833,ABCC8,HGNC:59,Likely benign,0,"Jan 28, 2023",2496461584,-,RCV003689515,MedGen:C3661900,not provided,germline,germline,GRCh38,NC_000011.10,11,17396937,17396937,na,na,11p15.1,"criteria provided, single submitter",1,-,N,ClinGen:CA473298445,2,2832469,17396937,G,A,-,-,-,-,-,-,SCV004435320,-,-
2995986,Deletion,NM_000352.6(ABCC8):c.3674del (p.Lys1225fs),6833,ABCC8,HGNC:59,Pathogenic,1,"Feb 14, 2023",2496475676,-,RCV003692544,MedGen:C3661900,not provided,germline,germline,GRCh37,NC_000011.9,11,17419965,17419965,na,na,11p15.1,"criteria provided, single submitter",1,-,N,ClinGen:CA2739276237,2,2837429,17419964,CT,C,-,-,-,-,-,-,SCV004432868,-,-
2995986,Deletion,NM_000352.6(ABCC8):c.3674del (p.Lys1225fs),6833,ABCC8,HGNC:59,Pathogenic,1,"Feb 14, 2023",2496475676,-,RCV003692544,MedGen:C3661900,not provided,germline,germline,GRCh38,NC_000011.10,11,17398418,17398418,na,na,11p15.1,"criteria provided, single submitter",1,-,N,ClinGen:CA2739276237,2,2837429,17398417,CT,C,-,-,-,-,-,-,SCV004432868,-,-
2996553,single nucleotide variant,NM_000352.6(ABCC8):c.3867+16C>A,6833,ABCC8,HGNC:59,Likely benign,0,"Mar 01, 2023",2496469158,-,RCV003723382,MedGen:C3661900,not provided,germline,germline,GRCh37,NC_000011.9,11,17419215,17419215,na,na,11p15.1,"criteria provided, single submitter",1,-,N,ClinGen:CA2612644328,2,2839282,17419215,G,T,-,-,-,-,-,-,SCV004503075,-,-
2996553,single nucleotide variant,NM_000352.6(ABCC8):c.3867+16C>A,6833,ABCC8,HGNC:59,Likely benign,0,"Mar 01, 2023",2496469158,-,RCV003723382,MedGen:C3661900,not provided,germline,germline,GRCh38,NC_000011.10,11,17397668,17397668,na,na,11p15.1,"criteria provided, single submitter",1,-,N,ClinGen:CA2612644328,2,2839282,17397668,G,T,-,-,-,-,-,-,SCV004503075,-,-
2996590,single nucleotide variant,NM_000352.6(ABCC8):c.3867+16C>T,6833,ABCC8,HGNC:59,Likely benign,0,"Feb 21, 2023",2496469158,-,RCV003723406,MedGen:C3661900,not provided,germline,germline,GRCh37,NC_000011.9,11,17419215,17419215,na,na,11p15.1,"criteria provided, single submitter",1,-,N,ClinGen:CA2612644327,2,2839319,17419215,G,A,-,-,-,-,-,-,SCV004503112,-,-
2996590,single nucleotide variant,NM_000352.6(ABCC8):c.3867+16C>T,6833,ABCC8,HGNC:59,Likely benign,0,"Feb 21, 2023",2496469158,-,RCV003723406,MedGen:C3661900,not provided,germline,germline,GRCh38,NC_000011.10,11,17397668,17397668,na,na,11p15.1,"criteria provided, single submitter",1,-,N,ClinGen:CA2612644327,2,2839319,17397668,G,A,-,-,-,-,-,-,SCV004503112,-,-
2997932,single nucleotide variant,NM_000352.6(ABCC8):c.927C>G (p.Ala309=),6833,ABCC8,HGNC:59,Likely benign,0,"Jan 20, 2023",543571996,-,RCV003694183,MedGen:C3661900,not provided,germline,germline,GRCh37,NC_000011.9,11,17482119,17482119,na,na,11p15.1,"criteria provided, single submitter",1,-,N,ClinGen:CA473300567,2,2830454,17482119,G,C,-,-,-,-,-,-,SCV004425930,-,-
2997932,single nucleotide variant,NM_000352.6(ABCC8):c.927C>G (p.Ala309=),6833,ABCC8,HGNC:59,Likely benign,0,"Jan 20, 2023",543571996,-,RCV003694183,MedGen:C3661900,not provided,germline,germline,GRCh38,NC_000011.10,11,17460572,17460572,na,na,11p15.1,"criteria provided, single submitter",1,-,N,ClinGen:CA473300567,2,2830454,17460572,G,C,-,-,-,-,-,-,SCV004425930,-,-
2997960,single nucleotide variant,NM_000352.6(ABCC8):c.4125G>C (p.Gly1375=),6833,ABCC8,HGNC:59,Likely benign,0,"Jan 28, 2023",764061755,-,RCV003678754,MedGen:C3661900,not provided,germline,germline,GRCh37,NC_000011.9,11,17417472,17417472,na,na,11p15.1,"criteria provided, single submitter",1,-,N,ClinGen:CA5902555,2,2830482,17417472,C,G,-,-,-,-,-,-,SCV004429822,-,-
2997960,single nucleotide variant,NM_000352.6(ABCC8):c.4125G>C (p.Gly1375=),6833,ABCC8,HGNC:59,Likely benign,0,"Jan 28, 2023",764061755,-,RCV003678754,MedGen:C3661900,not provided,germline,germline,GRCh38,NC_000011.10,11,17395925,17395925,na,na,11p15.1,"criteria provided, single submitter",1,-,N,ClinGen:CA5902555,2,2830482,17395925,C,G,-,-,-,-,-,-,SCV004429822,-,-
2998989,single nucleotide variant,NM_000352.6(ABCC8):c.1177-13C>T,6833,ABCC8,HGNC:59,Likely benign,0,"Feb 08, 2023",2496782344,-,RCV003687079,MedGen:C3661900,not provided,germline,germline,GRCh37,NC_000011.9,11,17470231,17470231,na,na,11p15.1,"criteria provided, single submitter",1,-,N,ClinGen:CA2612667918,2,2835331,17470231,G,A,-,-,-,-,-,-,SCV004434388,-,-
2998989,single nucleotide variant,NM_000352.6(ABCC8):c.1177-13C>T,6833,ABCC8,HGNC:59,Likely benign,0,"Feb 08, 2023",2496782344,-,RCV003687079,MedGen:C3661900,not provided,germline,germline,GRCh38,NC_000011.10,11,17448684,17448684,na,na,11p15.1,"criteria provided, single submitter",1,-,N,ClinGen:CA2612667918,2,2835331,17448684,G,A,-,-,-,-,-,-,SCV004434388,-,-
2999180,single nucleotide variant,NM_000352.6(ABCC8):c.2476-20T>C,6833,ABCC8,HGNC:59,Likely benign,0,"Sep 03, 2023",2496572820,-,RCV003687186,MedGen:C3661900,not provided,germline,germline,GRCh37,NC_000011.9,11,17434313,17434313,na,na,11p15.1,"criteria provided, single submitter",1,-,N,ClinGen:CA2739276245,2,2835522,17434313,A,G,-,-,-,-,-,-,SCV004430285,-,-
2999180,single nucleotide variant,NM_000352.6(ABCC8):c.2476-20T>C,6833,ABCC8,HGNC:59,Likely benign,0,"Sep 03, 2023",2496572820,-,RCV003687186,MedGen:C3661900,not provided,germline,germline,GRCh38,NC_000011.10,11,17412766,17412766,na,na,11p15.1,"criteria provided, single submitter",1,-,N,ClinGen:CA2739276245,2,2835522,17412766,A,G,-,-,-,-,-,-,SCV004430285,-,-
3000810,single nucleotide variant,NM_000162.5(GCK):c.1254-1G>A,2645,GCK,HGNC:4195,Uncertain significance,0,"Mar 02, 2023",2484493651,-,RCV003721398,MedGen:C3661900,not provided,germline,germline,GRCh37,NC_000007.13,7,44184880,44184880,na,na,7p13,"criteria provided, single submitter",1,-,N,ClinGen:CA367397328,2,2842273,44184880,C,T,-,-,-,-,-,-,SCV004505569,-,-
3000810,single nucleotide variant,NM_000162.5(GCK):c.1254-1G>A,2645,GCK,HGNC:4195,Uncertain significance,0,"Mar 02, 2023",2484493651,-,RCV003721398,MedGen:C3661900,not provided,germline,germline,GRCh38,NC_000007.14,7,44145281,44145281,na,na,7p13,"criteria provided, single submitter",1,-,N,ClinGen:CA367397328,2,2842273,44145281,C,T,-,-,-,-,-,-,SCV004505569,-,-
3000921,single nucleotide variant,NM_000352.6(ABCC8):c.2255+11G>C,6833,ABCC8,HGNC:59,Likely benign,0,"Jun 16, 2023",2496602432,-,RCV003721455,MedGen:C3661900,not provided,germline,germline,GRCh37,NC_000011.9,11,17438466,17438466,na,na,11p15.1,"criteria provided, single submitter",1,-,N,ClinGen:CA2612664041,2,2842384,17438466,C,G,-,-,-,-,-,-,SCV004505686,-,-
3000921,single nucleotide variant,NM_000352.6(ABCC8):c.2255+11G>C,6833,ABCC8,HGNC:59,Likely benign,0,"Jun 16, 2023",2496602432,-,RCV003721455,MedGen:C3661900,not provided,germline,germline,GRCh38,NC_000011.10,11,17416919,17416919,na,na,11p15.1,"criteria provided, single submitter",1,-,N,ClinGen:CA2612664041,2,2842384,17416919,C,G,-,-,-,-,-,-,SCV004505686,-,-
3000948,single nucleotide variant,NM_000352.6(ABCC8):c.2821-11C>G,6833,ABCC8,HGNC:59,Likely benign,0,"Mar 03, 2023",2496536203,-,RCV003721470,MedGen:C3661900,not provided,germline,germline,GRCh37,NC_000011.9,11,17429011,17429011,na,na,11p15.1,"criteria provided, single submitter",1,-,N,ClinGen:CA2739276251,2,2842411,17429011,G,C,-,-,-,-,-,-,SCV004500186,-,-
3000948,single nucleotide variant,NM_000352.6(ABCC8):c.2821-11C>G,6833,ABCC8,HGNC:59,Likely benign,0,"Mar 03, 2023",2496536203,-,RCV003721470,MedGen:C3661900,not provided,germline,germline,GRCh38,NC_000011.10,11,17407464,17407464,na,na,11p15.1,"criteria provided, single submitter",1,-,N,ClinGen:CA2739276251,2,2842411,17407464,G,C,-,-,-,-,-,-,SCV004500186,-,-
3001800,Deletion,NM_000525.4(KCNJ11):c.317del (p.Thr106fs),3767,KCNJ11,HGNC:6257,Pathogenic,1,"Feb 16, 2023",2496411268,-,RCV003694660,MedGen:C3661900,not provided,germline,germline,GRCh37,NC_000011.9,11,17409322,17409322,na,na,11p15.1,"criteria provided, single submitter",1,-,N,ClinGen:CA2739276316,2,2834748,17409321,AG,A,-,-,-,-,-,-,SCV004432184,-,-
3001800,Deletion,NM_000525.4(KCNJ11):c.317del (p.Thr106fs),3767,KCNJ11,HGNC:6257,Pathogenic,1,"Feb 16, 2023",2496411268,-,RCV003694660,MedGen:C3661900,not provided,germline,germline,GRCh38,NC_000011.10,11,17387775,17387775,na,na,11p15.1,"criteria provided, single submitter",1,-,N,ClinGen:CA2739276316,2,2834748,17387774,AG,A,-,-,-,-,-,-,SCV004432184,-,-
3001852,single nucleotide variant,NM_000352.6(ABCC8):c.148+20C>G,6833,ABCC8,HGNC:59,Likely benign,0,"Feb 05, 2023",2496929276,-,RCV003694692,MedGen:C3661900,not provided,germline,germline,GRCh37,NC_000011.9,11,17498156,17498156,na,na,11p15.1,"criteria provided, single submitter",1,-,N,ClinGen:CA2739276263,2,2834800,17498156,G,C,-,-,-,-,-,-,SCV004430107,-,-
3001852,single nucleotide variant,NM_000352.6(ABCC8):c.148+20C>G,6833,ABCC8,HGNC:59,Likely benign,0,"Feb 05, 2023",2496929276,-,RCV003694692,MedGen:C3661900,not provided,germline,germline,GRCh38,NC_000011.10,11,17476609,17476609,na,na,11p15.1,"criteria provided, single submitter",1,-,N,ClinGen:CA2739276263,2,2834800,17476609,G,C,-,-,-,-,-,-,SCV004430107,-,-
3002108,single nucleotide variant,NM_000525.4(KCNJ11):c.662G>C (p.Arg221Pro),3767,KCNJ11,HGNC:6257,Uncertain significance,0,"Feb 06, 2023",768909861,-,RCV003686955,MedGen:C3661900,not provided,germline,germline,GRCh37,NC_000011.9,11,17408977,17408977,na,na,11p15.1,"criteria provided, single submitter",1,-,N,ClinGen:CA379771653,2,2835057,17408977,C,G,-,-,-,-,-,-,SCV004432720,-,-
3002108,single nucleotide variant,NM_000525.4(KCNJ11):c.662G>C (p.Arg221Pro),3767,KCNJ11,HGNC:6257,Uncertain significance,0,"Feb 06, 2023",768909861,-,RCV003686955,MedGen:C3661900,not provided,germline,germline,GRCh38,NC_000011.10,11,17387430,17387430,na,na,11p15.1,"criteria provided, single submitter",1,-,N,ClinGen:CA379771653,2,2835057,17387430,C,G,-,-,-,-,-,-,SCV004432720,-,-
3002628,single nucleotide variant,NM_000352.6(ABCC8):c.1223C>A (p.Ser408Tyr),6833,ABCC8,HGNC:59,Uncertain significance,0,"Feb 14, 2023",2496781694,-,RCV003690300,MedGen:C3661900,not provided,germline,germline,GRCh37,NC_000011.9,11,17470172,17470172,na,na,11p15.1,"criteria provided, single submitter",1,-,N,ClinGen:CA379768736,2,2836856,17470172,G,T,-,-,-,-,-,-,SCV004430860,-,-
3002628,single nucleotide variant,NM_000352.6(ABCC8):c.1223C>A (p.Ser408Tyr),6833,ABCC8,HGNC:59,Uncertain significance,0,"Feb 14, 2023",2496781694,-,RCV003690300,MedGen:C3661900,not provided,germline,germline,GRCh38,NC_000011.10,11,17448625,17448625,na,na,11p15.1,"criteria provided, single submitter",1,-,N,ClinGen:CA379768736,2,2836856,17448625,G,T,-,-,-,-,-,-,SCV004430860,-,-
3003221,single nucleotide variant,NM_000162.5(GCK):c.586G>T (p.Glu196Ter),2645,GCK,HGNC:4195,Pathogenic,1,"Apr 11, 2023",2484523041,-,RCV003716136,MedGen:C3661900,not provided,germline,germline,GRCh37,NC_000007.13,7,44189452,44189452,na,na,7p13,"criteria provided, single submitter",1,-,N,ClinGen:CA367401443,2,2839999,44189452,C,A,-,-,-,-,-,-,SCV004499649,-,-
3003221,single nucleotide variant,NM_000162.5(GCK):c.586G>T (p.Glu196Ter),2645,GCK,HGNC:4195,Pathogenic,1,"Apr 11, 2023",2484523041,-,RCV003716136,MedGen:C3661900,not provided,germline,germline,GRCh38,NC_000007.14,7,44149853,44149853,na,na,7p13,"criteria provided, single submitter",1,-,N,ClinGen:CA367401443,2,2839999,44149853,C,A,-,-,-,-,-,-,SCV004499649,-,-
3003293,single nucleotide variant,NM_000352.6(ABCC8):c.1011+20G>A,6833,ABCC8,HGNC:59,Likely benign,0,"Nov 08, 2023",774614986,-,RCV003716190,MedGen:C3661900,not provided,germline,germline,GRCh37,NC_000011.9,11,17482015,17482015,na,na,11p15.1,"criteria provided, single submitter",1,-,N,ClinGen:CA5903700,2,2840071,17482015,C,T,-,-,-,-,-,-,SCV004499724,-,-
3003293,single nucleotide variant,NM_000352.6(ABCC8):c.1011+20G>A,6833,ABCC8,HGNC:59,Likely benign,0,"Nov 08, 2023",774614986,-,RCV003716190,MedGen:C3661900,not provided,germline,germline,GRCh38,NC_000011.10,11,17460468,17460468,na,na,11p15.1,"criteria provided, single submitter",1,-,N,ClinGen:CA5903700,2,2840071,17460468,C,T,-,-,-,-,-,-,SCV004499724,-,-
3003328,single nucleotide variant,NM_000352.6(ABCC8):c.4683G>A (p.Lys1561=),6833,ABCC8,HGNC:59,Likely benign,0,"Mar 09, 2023",2496429413,-,RCV003716201,MedGen:C3661900,not provided,germline,germline,GRCh37,NC_000011.9,11,17414601,17414601,na,na,11p15.1,"criteria provided, single submitter",1,-,N,ClinGen:CA473297951,2,2840106,17414601,C,T,-,-,-,-,-,-,SCV004499760,-,-
3003328,single nucleotide variant,NM_000352.6(ABCC8):c.4683G>A (p.Lys1561=),6833,ABCC8,HGNC:59,Likely benign,0,"Mar 09, 2023",2496429413,-,RCV003716201,MedGen:C3661900,not provided,germline,germline,GRCh38,NC_000011.10,11,17393054,17393054,na,na,11p15.1,"criteria provided, single submitter",1,-,N,ClinGen:CA473297951,2,2840106,17393054,C,T,-,-,-,-,-,-,SCV004499760,-,-
3003562,single nucleotide variant,NM_000352.6(ABCC8):c.2390+18G>A,6833,ABCC8,HGNC:59,Likely benign,0,"Sep 27, 2023",777425697,-,RCV003719093,MedGen:C3661900,not provided,germline,germline,GRCh37,NC_000011.9,11,17436041,17436041,na,na,11p15.1,"criteria provided, single submitter",1,-,N,ClinGen:CA2612662899,2,2841625,17436041,C,T,-,-,-,-,-,-,SCV004502040,-,-
3003562,single nucleotide variant,NM_000352.6(ABCC8):c.2390+18G>A,6833,ABCC8,HGNC:59,Likely benign,0,"Sep 27, 2023",777425697,-,RCV003719093,MedGen:C3661900,not provided,germline,germline,GRCh38,NC_000011.10,11,17414494,17414494,na,na,11p15.1,"criteria provided, single submitter",1,-,N,ClinGen:CA2612662899,2,2841625,17414494,C,T,-,-,-,-,-,-,SCV004502040,-,-
3003712,Deletion,NM_000525.4(KCNJ11):c.62del (p.Pro21fs),3767,KCNJ11,HGNC:6257,Pathogenic,1,"Mar 01, 2023",1349144376,-,RCV003721149,MedGen:C3661900,not provided,germline,germline,GRCh37,NC_000011.9,11,17409577,17409577,na,na,11p15.1,"criteria provided, single submitter",1,-,N,ClinGen:CA597904289,2,2841775,17409576,AG,A,-,-,-,-,-,-,SCV004503690,-,-
3003712,Deletion,NM_000525.4(KCNJ11):c.62del (p.Pro21fs),3767,KCNJ11,HGNC:6257,Pathogenic,1,"Mar 01, 2023",1349144376,-,RCV003721149,MedGen:C3661900,not provided,germline,germline,GRCh38,NC_000011.10,11,17388030,17388030,na,na,11p15.1,"criteria provided, single submitter",1,-,N,ClinGen:CA597904289,2,2841775,17388029,AG,A,-,-,-,-,-,-,SCV004503690,-,-
3003799,single nucleotide variant,NM_000162.5(GCK):c.809T>A (p.Leu270Gln),2645,GCK,HGNC:4195,Uncertain significance,0,"Jan 15, 2024",1583596227,-,RCV003721192,MedGen:C3661900,not provided,germline,germline,GRCh37,NC_000007.13,7,44187303,44187303,na,na,7p13,"criteria provided, single submitter",1,-,N,ClinGen:CA367400511,2,2841862,44187303,A,T,-,-,-,-,-,-,SCV004503784,-,-
3003799,single nucleotide variant,NM_000162.5(GCK):c.809T>A (p.Leu270Gln),2645,GCK,HGNC:4195,Uncertain significance,0,"Jan 15, 2024",1583596227,-,RCV003721192,MedGen:C3661900,not provided,germline,germline,GRCh38,NC_000007.14,7,44147704,44147704,na,na,7p13,"criteria provided, single submitter",1,-,N,ClinGen:CA367400511,2,2841862,44147704,A,T,-,-,-,-,-,-,SCV004503784,-,-
3004304,single nucleotide variant,NM_000352.6(ABCC8):c.2652C>T (p.Val884=),6833,ABCC8,HGNC:59,Likely benign,0,"Jul 16, 2023",749936649,-,RCV003724050,MedGen:C3661900,not provided,germline,germline,GRCh37,NC_000011.9,11,17432105,17432105,na,na,11p15.1,"criteria provided, single submitter",1,-,N,ClinGen:CA473300923,2,2843649,17432105,G,A,-,-,-,-,-,-,SCV004500508,-,-
3004304,single nucleotide variant,NM_000352.6(ABCC8):c.2652C>T (p.Val884=),6833,ABCC8,HGNC:59,Likely benign,0,"Jul 16, 2023",749936649,-,RCV003724050,MedGen:C3661900,not provided,germline,germline,GRCh38,NC_000011.10,11,17410558,17410558,na,na,11p15.1,"criteria provided, single submitter",1,-,N,ClinGen:CA473300923,2,2843649,17410558,G,A,-,-,-,-,-,-,SCV004500508,-,-
3004791,Deletion,NM_000525.4(KCNJ11):c.393del (p.Ile131fs),3767,KCNJ11,HGNC:6257,Pathogenic,1,"Mar 16, 2023",2496410975,-,RCV003687800,MedGen:C3661900,not provided,germline,germline,GRCh37,NC_000011.9,11,17409246,17409246,na,na,11p15.1,"criteria provided, single submitter",1,-,N,ClinGen:CA2739276315,2,2846265,17409245,CA,C,-,-,-,-,-,-,SCV004446681,-,-
3004791,Deletion,NM_000525.4(KCNJ11):c.393del (p.Ile131fs),3767,KCNJ11,HGNC:6257,Pathogenic,1,"Mar 16, 2023",2496410975,-,RCV003687800,MedGen:C3661900,not provided,germline,germline,GRCh38,NC_000011.10,11,17387699,17387699,na,na,11p15.1,"criteria provided, single submitter",1,-,N,ClinGen:CA2739276315,2,2846265,17387698,CA,C,-,-,-,-,-,-,SCV004446681,-,-
3004794,single nucleotide variant,NM_000352.6(ABCC8):c.2920+17T>C,6833,ABCC8,HGNC:59,Likely benign,0,"Mar 16, 2023",2496534688,-,RCV003687802,MedGen:C3661900,not provided,germline,germline,GRCh37,NC_000011.9,11,17428884,17428884,na,na,11p15.1,"criteria provided, single submitter",1,-,N,ClinGen:CA2612662232,2,2846268,17428884,A,G,-,-,-,-,-,-,SCV004447375,-,-
3004794,single nucleotide variant,NM_000352.6(ABCC8):c.2920+17T>C,6833,ABCC8,HGNC:59,Likely benign,0,"Mar 16, 2023",2496534688,-,RCV003687802,MedGen:C3661900,not provided,germline,germline,GRCh38,NC_000011.10,11,17407337,17407337,na,na,11p15.1,"criteria provided, single submitter",1,-,N,ClinGen:CA2612662232,2,2846268,17407337,A,G,-,-,-,-,-,-,SCV004447375,-,-
3004818,single nucleotide variant,NM_000352.6(ABCC8):c.1630+8C>A,6833,ABCC8,HGNC:59,Likely benign,0,"Mar 16, 2023",200053398,-,RCV003687810,MedGen:C3661900,not provided,germline,germline,GRCh37,NC_000011.9,11,17464259,17464259,na,na,11p15.1,"criteria provided, single submitter",1,-,N,ClinGen:CA2739276250,2,2846292,17464259,G,T,-,-,-,-,-,-,SCV004446017,-,-
3004818,single nucleotide variant,NM_000352.6(ABCC8):c.1630+8C>A,6833,ABCC8,HGNC:59,Likely benign,0,"Mar 16, 2023",200053398,-,RCV003687810,MedGen:C3661900,not provided,germline,germline,GRCh38,NC_000011.10,11,17442712,17442712,na,na,11p15.1,"criteria provided, single submitter",1,-,N,ClinGen:CA2739276250,2,2846292,17442712,G,T,-,-,-,-,-,-,SCV004446017,-,-
3005657,single nucleotide variant,NM_000352.6(ABCC8):c.433C>T (p.Leu145=),6833,ABCC8,HGNC:59,Likely benign,0,"Mar 26, 2023",2496866008,-,RCV003687943,MedGen:C3661900,not provided,germline,germline,GRCh37,NC_000011.9,11,17485131,17485131,na,na,11p15.1,"criteria provided, single submitter",1,-,N,ClinGen:CA473301150,2,2849702,17485131,G,A,-,-,-,-,-,-,SCV004450692,-,-
3005657,single nucleotide variant,NM_000352.6(ABCC8):c.433C>T (p.Leu145=),6833,ABCC8,HGNC:59,Likely benign,0,"Mar 26, 2023",2496866008,-,RCV003687943,MedGen:C3661900,not provided,germline,germline,GRCh38,NC_000011.10,11,17463584,17463584,na,na,11p15.1,"criteria provided, single submitter",1,-,N,ClinGen:CA473301150,2,2849702,17463584,G,A,-,-,-,-,-,-,SCV004450692,-,-
3006284,single nucleotide variant,NM_000352.6(ABCC8):c.685A>G (p.Thr229Ala),6833,ABCC8,HGNC:59,Likely pathogenic,1,"Apr 03, 2023",984164636,-,RCV003691222,MedGen:C3661900,not provided,germline,germline,GRCh37,NC_000011.9,11,17483267,17483267,na,na,11p15.1,"criteria provided, single submitter",1,-,N,ClinGen:CA218452094,2,2851607,17483267,T,C,-,-,-,-,-,-,SCV004453387,-,-
3006284,single nucleotide variant,NM_000352.6(ABCC8):c.685A>G (p.Thr229Ala),6833,ABCC8,HGNC:59,Likely pathogenic,1,"Apr 03, 2023",984164636,-,RCV003691222,MedGen:C3661900,not provided,germline,germline,GRCh38,NC_000011.10,11,17461720,17461720,na,na,11p15.1,"criteria provided, single submitter",1,-,N,ClinGen:CA218452094,2,2851607,17461720,T,C,-,-,-,-,-,-,SCV004453387,-,-
3006957,single nucleotide variant,NM_000352.6(ABCC8):c.3163-14C>T,6833,ABCC8,HGNC:59,Likely benign,0,"Jan 13, 2024",1954552105,-,RCV003688645,MedGen:C3661900,not provided,germline,germline,GRCh37,NC_000011.9,11,17428349,17428349,na,na,11p15.1,"criteria provided, single submitter",1,-,N,ClinGen:CA1955128557,2,2854419,17428349,G,A,-,-,-,-,-,-,SCV004456026,-,-
3006957,single nucleotide variant,NM_000352.6(ABCC8):c.3163-14C>T,6833,ABCC8,HGNC:59,Likely benign,0,"Jan 13, 2024",1954552105,-,RCV003688645,MedGen:C3661900,not provided,germline,germline,GRCh38,NC_000011.10,11,17406802,17406802,na,na,11p15.1,"criteria provided, single submitter",1,-,N,ClinGen:CA1955128557,2,2854419,17406802,G,A,-,-,-,-,-,-,SCV004456026,-,-
3007179,single nucleotide variant,NM_000352.6(ABCC8):c.4412-10C>T,6833,ABCC8,HGNC:59,Likely benign,0,"Apr 10, 2023",2133395440,-,RCV003688744,MedGen:C3661900,not provided,germline,germline,GRCh37,NC_000011.9,11,17415956,17415956,na,na,11p15.1,"criteria provided, single submitter",1,-,N,ClinGen:CA2739276236,2,2854642,17415956,G,A,-,-,-,-,-,-,SCV004455911,-,-
3007179,single nucleotide variant,NM_000352.6(ABCC8):c.4412-10C>T,6833,ABCC8,HGNC:59,Likely benign,0,"Apr 10, 2023",2133395440,-,RCV003688744,MedGen:C3661900,not provided,germline,germline,GRCh38,NC_000011.10,11,17394409,17394409,na,na,11p15.1,"criteria provided, single submitter",1,-,N,ClinGen:CA2739276236,2,2854642,17394409,G,A,-,-,-,-,-,-,SCV004455911,-,-
3008285,single nucleotide variant,NM_000352.6(ABCC8):c.4198+14C>T,6833,ABCC8,HGNC:59,Likely benign,0,"Sep 02, 2025",753385286,-,RCV003687652,MedGen:C3661900,not provided,germline,germline,GRCh37,NC_000011.9,11,17417385,17417385,na,na,11p15.1,"criteria provided, single submitter",1,-,N,ClinGen:CA5902541,2,2845925,17417385,G,A,-,-,-,-,-,-,SCV004445716,-,-
3008285,single nucleotide variant,NM_000352.6(ABCC8):c.4198+14C>T,6833,ABCC8,HGNC:59,Likely benign,0,"Sep 02, 2025",753385286,-,RCV003687652,MedGen:C3661900,not provided,germline,germline,GRCh38,NC_000011.10,11,17395838,17395838,na,na,11p15.1,"criteria provided, single submitter",1,-,N,ClinGen:CA5902541,2,2845925,17395838,G,A,-,-,-,-,-,-,SCV004445716,-,-
3008722,single nucleotide variant,NM_000352.6(ABCC8):c.3038C>A (p.Ser1013Ter),6833,ABCC8,HGNC:59,Pathogenic,1,"Mar 20, 2023",72559720,-,RCV003692871,MedGen:C3661900,not provided,germline,germline,GRCh37,NC_000011.9,11,17428559,17428559,na,na,11p15.1,"criteria provided, single submitter",1,-,N,ClinGen:CA379803781,2,2847650,17428559,G,T,-,-,-,-,-,-,SCV004448238,-,-
3008722,single nucleotide variant,NM_000352.6(ABCC8):c.3038C>A (p.Ser1013Ter),6833,ABCC8,HGNC:59,Pathogenic,1,"Mar 20, 2023",72559720,-,RCV003692871,MedGen:C3661900,not provided,germline,germline,GRCh38,NC_000011.10,11,17407012,17407012,na,na,11p15.1,"criteria provided, single submitter",1,-,N,ClinGen:CA379803781,2,2847650,17407012,G,T,-,-,-,-,-,-,SCV004448238,-,-
3008933,single nucleotide variant,NM_000352.6(ABCC8):c.1995C>T (p.Ser665=),6833,ABCC8,HGNC:59,Likely benign,0,"Jul 29, 2023",2496667806,-,RCV003692975,MedGen:C3661900,not provided,germline,germline,GRCh37,NC_000011.9,11,17449881,17449881,na,na,11p15.1,"criteria provided, single submitter",1,-,N,ClinGen:CA473516122,2,2847861,17449881,G,A,-,-,-,-,-,-,SCV004446857,-,-
3008933,single nucleotide variant,NM_000352.6(ABCC8):c.1995C>T (p.Ser665=),6833,ABCC8,HGNC:59,Likely benign,0,"Jul 29, 2023",2496667806,-,RCV003692975,MedGen:C3661900,not provided,germline,germline,GRCh38,NC_000011.10,11,17428334,17428334,na,na,11p15.1,"criteria provided, single submitter",1,-,N,ClinGen:CA473516122,2,2847861,17428334,G,A,-,-,-,-,-,-,SCV004446857,-,-
3009061,single nucleotide variant,NM_000352.6(ABCC8):c.3868-11G>A,6833,ABCC8,HGNC:59,Likely benign,0,"Jan 11, 2024",767832934,-,RCV003695639,MedGen:C3661900,not provided,germline,germline,GRCh37,NC_000011.9,11,17418871,17418871,na,na,11p15.1,"criteria provided, single submitter",1,-,N,ClinGen:CA2612643876,2,2849270,17418871,C,T,-,-,-,-,-,-,SCV004450598,-,-
3009061,single nucleotide variant,NM_000352.6(ABCC8):c.3868-11G>A,6833,ABCC8,HGNC:59,Likely benign,0,"Jan 11, 2024",767832934,-,RCV003695639,MedGen:C3661900,not provided,germline,germline,GRCh38,NC_000011.10,11,17397324,17397324,na,na,11p15.1,"criteria provided, single submitter",1,-,N,ClinGen:CA2612643876,2,2849270,17397324,C,T,-,-,-,-,-,-,SCV004450598,-,-
3009096,single nucleotide variant,NM_000352.6(ABCC8):c.3800T>C (p.Ile1267Thr),6833,ABCC8,HGNC:59,Uncertain significance,0,"Mar 27, 2023",2496470092,-,RCV003695654,MedGen:C3661900,not provided,germline,germline,GRCh37,NC_000011.9,11,17419298,17419298,na,na,11p15.1,"criteria provided, single submitter",1,-,N,ClinGen:CA379793445,2,2849305,17419298,A,G,-,-,-,-,-,-,SCV004449191,-,-
3009096,single nucleotide variant,NM_000352.6(ABCC8):c.3800T>C (p.Ile1267Thr),6833,ABCC8,HGNC:59,Uncertain significance,0,"Mar 27, 2023",2496470092,-,RCV003695654,MedGen:C3661900,not provided,germline,germline,GRCh38,NC_000011.10,11,17397751,17397751,na,na,11p15.1,"criteria provided, single submitter",1,-,N,ClinGen:CA379793445,2,2849305,17397751,A,G,-,-,-,-,-,-,SCV004449191,-,-
3009319,single nucleotide variant,NM_000352.6(ABCC8):c.2222+20G>A,6833,ABCC8,HGNC:59,Likely benign,0,"Mar 26, 2023",1238581021,-,RCV003695731,MedGen:C3661900,not provided,germline,germline,GRCh37,NC_000011.9,11,17448576,17448576,na,na,11p15.1,"criteria provided, single submitter",1,-,N,ClinGen:CA597666128,2,2849530,17448576,C,T,-,-,-,-,-,-,SCV004449787,-,-
3009319,single nucleotide variant,NM_000352.6(ABCC8):c.2222+20G>A,6833,ABCC8,HGNC:59,Likely benign,0,"Mar 26, 2023",1238581021,-,RCV003695731,MedGen:C3661900,not provided,germline,germline,GRCh38,NC_000011.10,11,17427029,17427029,na,na,11p15.1,"criteria provided, single submitter",1,-,N,ClinGen:CA597666128,2,2849530,17427029,C,T,-,-,-,-,-,-,SCV004449787,-,-
3009698,single nucleotide variant,NM_000352.6(ABCC8):c.579+19C>T,6833,ABCC8,HGNC:59,Likely benign,0,"Dec 14, 2023",2496863974,-,RCV003691021,MedGen:C3661900,not provided,germline,germline,GRCh37,NC_000011.9,11,17484966,17484966,na,na,11p15.1,"criteria provided, single submitter",1,-,N,ClinGen:CA2612669242,2,2851196,17484966,G,A,-,-,-,-,-,-,SCV004449056,-,-
3009698,single nucleotide variant,NM_000352.6(ABCC8):c.579+19C>T,6833,ABCC8,HGNC:59,Likely benign,0,"Dec 14, 2023",2496863974,-,RCV003691021,MedGen:C3661900,not provided,germline,germline,GRCh38,NC_000011.10,11,17463419,17463419,na,na,11p15.1,"criteria provided, single submitter",1,-,N,ClinGen:CA2612669242,2,2851196,17463419,G,A,-,-,-,-,-,-,SCV004449056,-,-
3009941,single nucleotide variant,NM_000352.6(ABCC8):c.3312C>T (p.Ile1104=),6833,ABCC8,HGNC:59,Likely benign,0,"Apr 06, 2023",2496526663,-,RCV003693519,MedGen:C3661900,not provided,germline,germline,GRCh37,NC_000011.9,11,17428186,17428186,na,na,11p15.1,"criteria provided, single submitter",1,-,N,ClinGen:CA473300222,2,2852297,17428186,G,A,-,-,-,-,-,-,SCV004452547,-,-
3009941,single nucleotide variant,NM_000352.6(ABCC8):c.3312C>T (p.Ile1104=),6833,ABCC8,HGNC:59,Likely benign,0,"Apr 06, 2023",2496526663,-,RCV003693519,MedGen:C3661900,not provided,germline,germline,GRCh38,NC_000011.10,11,17406639,17406639,na,na,11p15.1,"criteria provided, single submitter",1,-,N,ClinGen:CA473300222,2,2852297,17406639,G,A,-,-,-,-,-,-,SCV004452547,-,-
3010125,single nucleotide variant,NM_000352.6(ABCC8):c.2733T>A (p.Gly911=),6833,ABCC8,HGNC:59,Likely benign,0,"Apr 06, 2023",1490068682,-,RCV003693604,MedGen:C3661900,not provided,germline,germline,GRCh37,NC_000011.9,11,17430026,17430026,na,na,11p15.1,"criteria provided, single submitter",1,-,N,ClinGen:CA473300608,2,2852481,17430026,A,T,-,-,-,-,-,-,SCV004451622,-,-
3010125,single nucleotide variant,NM_000352.6(ABCC8):c.2733T>A (p.Gly911=),6833,ABCC8,HGNC:59,Likely benign,0,"Apr 06, 2023",1490068682,-,RCV003693604,MedGen:C3661900,not provided,germline,germline,GRCh38,NC_000011.10,11,17408479,17408479,na,na,11p15.1,"criteria provided, single submitter",1,-,N,ClinGen:CA473300608,2,2852481,17408479,A,T,-,-,-,-,-,-,SCV004451622,-,-
3010937,single nucleotide variant,NM_000352.6(ABCC8):c.4429G>C (p.Gly1477Arg),6833,ABCC8,HGNC:59,Likely pathogenic,1,"Apr 13, 2023",1953795381,-,RCV003701618,MedGen:C3661900,not provided,germline,germline,GRCh37,NC_000011.9,11,17415929,17415929,na,na,11p15.1,"criteria provided, single submitter",1,-,N,ClinGen:CA379783665,2,2855856,17415929,C,G,-,-,-,-,-,-,SCV004455954,-,-
3010937,single nucleotide variant,NM_000352.6(ABCC8):c.4429G>C (p.Gly1477Arg),6833,ABCC8,HGNC:59,Likely pathogenic,1,"Apr 13, 2023",1953795381,-,RCV003701618,MedGen:C3661900,not provided,germline,germline,GRCh38,NC_000011.10,11,17394382,17394382,na,na,11p15.1,"criteria provided, single submitter",1,-,N,ClinGen:CA379783665,2,2855856,17394382,C,G,-,-,-,-,-,-,SCV004455954,-,-
3011470,single nucleotide variant,NM_000352.6(ABCC8):c.3531C>T (p.Ile1177=),6833,ABCC8,HGNC:59,Likely benign,0,"Mar 08, 2023",1954414290,-,RCV003716611,MedGen:C3661900,not provided,germline,germline,GRCh37,NC_000011.9,11,17426085,17426085,na,na,11p15.1,"criteria provided, single submitter",1,-,N,ClinGen:CA473299637,2,2843997,17426085,G,A,-,-,-,-,-,-,SCV004502548,-,-
3011470,single nucleotide variant,NM_000352.6(ABCC8):c.3531C>T (p.Ile1177=),6833,ABCC8,HGNC:59,Likely benign,0,"Mar 08, 2023",1954414290,-,RCV003716611,MedGen:C3661900,not provided,germline,germline,GRCh38,NC_000011.10,11,17404538,17404538,na,na,11p15.1,"criteria provided, single submitter",1,-,N,ClinGen:CA473299637,2,2843997,17404538,G,A,-,-,-,-,-,-,SCV004502548,-,-
3011816,single nucleotide variant,NM_000352.6(ABCC8):c.1074A>G (p.Leu358=),6833,ABCC8,HGNC:59,Likely benign,0,"Mar 19, 2023",1408714796,-,RCV003687496,MedGen:C3661900,not provided,germline,germline,GRCh37,NC_000011.9,11,17474768,17474768,na,na,11p15.1,"criteria provided, single submitter",1,-,N,ClinGen:CA473299911,2,2845617,17474768,T,C,-,-,-,-,-,-,SCV004446197,-,-
3011816,single nucleotide variant,NM_000352.6(ABCC8):c.1074A>G (p.Leu358=),6833,ABCC8,HGNC:59,Likely benign,0,"Mar 19, 2023",1408714796,-,RCV003687496,MedGen:C3661900,not provided,germline,germline,GRCh38,NC_000011.10,11,17453221,17453221,na,na,11p15.1,"criteria provided, single submitter",1,-,N,ClinGen:CA473299911,2,2845617,17453221,T,C,-,-,-,-,-,-,SCV004446197,-,-
3012629,single nucleotide variant,NM_000352.6(ABCC8):c.1041A>C (p.Ser347=),6833,ABCC8,HGNC:59,Likely benign,0,"Mar 23, 2023",2496810999,-,RCV003695515,MedGen:C3661900,not provided,germline,germline,GRCh37,NC_000011.9,11,17474801,17474801,na,na,11p15.1,"criteria provided, single submitter",1,-,N,ClinGen:CA473299982,2,2848985,17474801,T,G,-,-,-,-,-,-,SCV004450840,-,-
3012629,single nucleotide variant,NM_000352.6(ABCC8):c.1041A>C (p.Ser347=),6833,ABCC8,HGNC:59,Likely benign,0,"Mar 23, 2023",2496810999,-,RCV003695515,MedGen:C3661900,not provided,germline,germline,GRCh38,NC_000011.10,11,17453254,17453254,na,na,11p15.1,"criteria provided, single submitter",1,-,N,ClinGen:CA473299982,2,2848985,17453254,T,G,-,-,-,-,-,-,SCV004450840,-,-
3013542,single nucleotide variant,NM_000352.6(ABCC8):c.1707C>G (p.Ala569=),6833,ABCC8,HGNC:59,Likely benign,0,"Apr 11, 2023",147623093,-,RCV003696174,MedGen:C3661900,not provided,germline,germline,GRCh37,NC_000011.9,11,17452471,17452471,na,na,11p15.1,"criteria provided, single submitter",1,-,N,ClinGen:CA473302888,2,2853743,17452471,G,C,-,-,-,-,-,-,SCV004452772,-,-
3013542,single nucleotide variant,NM_000352.6(ABCC8):c.1707C>G (p.Ala569=),6833,ABCC8,HGNC:59,Likely benign,0,"Apr 11, 2023",147623093,-,RCV003696174,MedGen:C3661900,not provided,germline,germline,GRCh38,NC_000011.10,11,17430924,17430924,na,na,11p15.1,"criteria provided, single submitter",1,-,N,ClinGen:CA473302888,2,2853743,17430924,G,C,-,-,-,-,-,-,SCV004452772,-,-
3013645,Deletion,NM_000352.6(ABCC8):c.2390+7del,6833,ABCC8,HGNC:59,Likely benign,0,"Apr 11, 2023",2496586444,-,RCV003696234,MedGen:C3661900,not provided,germline,germline,GRCh37,NC_000011.9,11,17436052,17436052,na,na,11p15.1,"criteria provided, single submitter",1,-,N,ClinGen:CA2739276247,2,2853846,17436051,GC,G,-,-,-,-,-,-,SCV004453657,-,-
3013645,Deletion,NM_000352.6(ABCC8):c.2390+7del,6833,ABCC8,HGNC:59,Likely benign,0,"Apr 11, 2023",2496586444,-,RCV003696234,MedGen:C3661900,not provided,germline,germline,GRCh38,NC_000011.10,11,17414505,17414505,na,na,11p15.1,"criteria provided, single submitter",1,-,N,ClinGen:CA2739276247,2,2853846,17414504,GC,G,-,-,-,-,-,-,SCV004453657,-,-
3013656,Duplication,NM_000352.6(ABCC8):c.2581_2586dup (p.His862_Leu863insIleHis),6833,ABCC8,HGNC:59,Uncertain significance,0,"Jun 24, 2023",2496558230,-,RCV003696241,MedGen:C3661900,not provided,germline,germline,GRCh37,NC_000011.9,11,17432170,17432171,na,na,11p15.1,"criteria provided, single submitter",1,-,N,ClinGen:CA2739276242,2,2853857,17432170,G,GATGGAT,-,-,-,-,-,-,SCV004456426,-,-
3013656,Duplication,NM_000352.6(ABCC8):c.2581_2586dup (p.His862_Leu863insIleHis),6833,ABCC8,HGNC:59,Uncertain significance,0,"Jun 24, 2023",2496558230,-,RCV003696241,MedGen:C3661900,not provided,germline,germline,GRCh38,NC_000011.10,11,17410623,17410624,na,na,11p15.1,"criteria provided, single submitter",1,-,N,ClinGen:CA2739276242,2,2853857,17410623,G,GATGGAT,-,-,-,-,-,-,SCV004456426,-,-
3013850,Deletion,NM_000352.6(ABCC8):c.2004del (p.Ser669fs),6833,ABCC8,HGNC:59,Pathogenic/Likely pathogenic,1,"Apr 24, 2024",2496667722,-,RCV003701362|RCV005047770,"MedGen:C3661900|MONDO:MONDO:0009415,MedGen:C0271714,OMIM:240800;MONDO:MONDO:0030088,MedGen:C5394303,OMIM:618857;MONDO:MONDO:0009734,MedGen:C2931832,OMIM:256450,Orphanet:276575,Orphanet:276598;MONDO:MONDO:0012480,MedGen:C1835887,OMIM:610374,Orphanet:99886;Human Phenotype Ontology:HP:0005965,Human Phenotype Ontology:HP:0005978,Human Phenotype Ontology:HP:0100652,MONDO:MONDO:0005148,MeSH:D003924,MedGen:C0011860,OMIM:125853","not provided|Leucine-induced hypoglycemia;Diabetes mellitus, permanent neonatal 3;Hyperinsulinemic hypoglycemia, familial, 1;Diabetes mellitus, transient neonatal, 2;Type 2 diabetes mellitus",germline,germline,GRCh37,NC_000011.9,11,17449872,17449872,na,na,11p15.1,"criteria provided, multiple submitters, no conflicts",2,-,N,ClinGen:CA2739276252,2,2855342,17449871,TG,T,-,-,-,-,-,-,SCV004457313|SCV005676378,-,-
3013850,Deletion,NM_000352.6(ABCC8):c.2004del (p.Ser669fs),6833,ABCC8,HGNC:59,Pathogenic/Likely pathogenic,1,"Apr 24, 2024",2496667722,-,RCV003701362|RCV005047770,"MedGen:C3661900|MONDO:MONDO:0009415,MedGen:C0271714,OMIM:240800;MONDO:MONDO:0030088,MedGen:C5394303,OMIM:618857;MONDO:MONDO:0009734,MedGen:C2931832,OMIM:256450,Orphanet:276575,Orphanet:276598;MONDO:MONDO:0012480,MedGen:C1835887,OMIM:610374,Orphanet:99886;Human Phenotype Ontology:HP:0005965,Human Phenotype Ontology:HP:0005978,Human Phenotype Ontology:HP:0100652,MONDO:MONDO:0005148,MeSH:D003924,MedGen:C0011860,OMIM:125853","not provided|Leucine-induced hypoglycemia;Diabetes mellitus, permanent neonatal 3;Hyperinsulinemic hypoglycemia, familial, 1;Diabetes mellitus, transient neonatal, 2;Type 2 diabetes mellitus",germline,germline,GRCh38,NC_000011.10,11,17428325,17428325,na,na,11p15.1,"criteria provided, multiple submitters, no conflicts",2,-,N,ClinGen:CA2739276252,2,2855342,17428324,TG,T,-,-,-,-,-,-,SCV004457313|SCV005676378,-,-
3014136,single nucleotide variant,NM_000352.6(ABCC8):c.797T>C (p.Leu266Pro),6833,ABCC8,HGNC:59,Uncertain significance,0,"May 10, 2023",2496852268,-,RCV003701493,MedGen:C3661900,not provided,germline,germline,GRCh37,NC_000011.9,11,17483155,17483155,na,na,11p15.1,"criteria provided, single submitter",1,-,N,ClinGen:CA379778164,2,2855628,17483155,A,G,-,-,-,-,-,-,SCV004456328,-,-
3014136,single nucleotide variant,NM_000352.6(ABCC8):c.797T>C (p.Leu266Pro),6833,ABCC8,HGNC:59,Uncertain significance,0,"May 10, 2023",2496852268,-,RCV003701493,MedGen:C3661900,not provided,germline,germline,GRCh38,NC_000011.10,11,17461608,17461608,na,na,11p15.1,"criteria provided, single submitter",1,-,N,ClinGen:CA379778164,2,2855628,17461608,A,G,-,-,-,-,-,-,SCV004456328,-,-
3014834,Deletion,NM_000352.6(ABCC8):c.2557-11del,6833,ABCC8,HGNC:59,Likely benign,0,"Mar 13, 2023",2496558674,-,RCV003695268,MedGen:C3661900,not provided,germline,germline,GRCh37,NC_000011.9,11,17432211,17432211,na,na,11p15.1,"criteria provided, single submitter",1,-,N,ClinGen:CA2739276243,2,2845379,17432210,AG,A,-,-,-,-,-,-,SCV004447037,-,-
3014834,Deletion,NM_000352.6(ABCC8):c.2557-11del,6833,ABCC8,HGNC:59,Likely benign,0,"Mar 13, 2023",2496558674,-,RCV003695268,MedGen:C3661900,not provided,germline,germline,GRCh38,NC_000011.10,11,17410664,17410664,na,na,11p15.1,"criteria provided, single submitter",1,-,N,ClinGen:CA2739276243,2,2845379,17410663,AG,A,-,-,-,-,-,-,SCV004447037,-,-
3015338,single nucleotide variant,NM_000352.6(ABCC8):c.4661G>T (p.Gly1554Val),6833,ABCC8,HGNC:59,Pathogenic/Likely pathogenic,1,"Oct 21, 2024",760494159,-,RCV003693258|RCV005047758,"MedGen:C3661900|MONDO:MONDO:0009415,MedGen:C0271714,OMIM:240800;MONDO:MONDO:0030088,MedGen:C5394303,OMIM:618857;MONDO:MONDO:0009734,MedGen:C2931832,OMIM:256450,Orphanet:276575,Orphanet:276598;MONDO:MONDO:0012480,MedGen:C1835887,OMIM:610374,Orphanet:99886;Human Phenotype Ontology:HP:0005965,Human Phenotype Ontology:HP:0005978,Human Phenotype Ontology:HP:0100652,MONDO:MONDO:0005148,MeSH:D003924,MedGen:C0011860,OMIM:125853","not provided|Leucine-induced hypoglycemia;Diabetes mellitus, permanent neonatal 3;Hyperinsulinemic hypoglycemia, familial, 1;Diabetes mellitus, transient neonatal, 2;Type 2 diabetes mellitus",germline,germline,GRCh37,NC_000011.9,11,17414623,17414623,na,na,11p15.1,"criteria provided, multiple submitters, no conflicts",2,-,N,ClinGen:CA5902387,2,2848441,17414623,C,A,-,-,-,-,-,-,SCV004447031|SCV005676644,-,-
3015338,single nucleotide variant,NM_000352.6(ABCC8):c.4661G>T (p.Gly1554Val),6833,ABCC8,HGNC:59,Pathogenic/Likely pathogenic,1,"Oct 21, 2024",760494159,-,RCV003693258|RCV005047758,"MedGen:C3661900|MONDO:MONDO:0009415,MedGen:C0271714,OMIM:240800;MONDO:MONDO:0030088,MedGen:C5394303,OMIM:618857;MONDO:MONDO:0009734,MedGen:C2931832,OMIM:256450,Orphanet:276575,Orphanet:276598;MONDO:MONDO:0012480,MedGen:C1835887,OMIM:610374,Orphanet:99886;Human Phenotype Ontology:HP:0005965,Human Phenotype Ontology:HP:0005978,Human Phenotype Ontology:HP:0100652,MONDO:MONDO:0005148,MeSH:D003924,MedGen:C0011860,OMIM:125853","not provided|Leucine-induced hypoglycemia;Diabetes mellitus, permanent neonatal 3;Hyperinsulinemic hypoglycemia, familial, 1;Diabetes mellitus, transient neonatal, 2;Type 2 diabetes mellitus",germline,germline,GRCh38,NC_000011.10,11,17393076,17393076,na,na,11p15.1,"criteria provided, multiple submitters, no conflicts",2,-,N,ClinGen:CA5902387,2,2848441,17393076,C,A,-,-,-,-,-,-,SCV004447031|SCV005676644,-,-
3015653,single nucleotide variant,NM_000352.6(ABCC8):c.579+15T>C,6833,ABCC8,HGNC:59,Likely benign,0,"Mar 23, 2023",2496863995,-,RCV003695401,MedGen:C3661900,not provided,germline,germline,GRCh37,NC_000011.9,11,17484970,17484970,na,na,11p15.1,"criteria provided, single submitter",1,-,N,ClinGen:CA2612669249,2,2848756,17484970,A,G,-,-,-,-,-,-,SCV004447343,-,-
3015653,single nucleotide variant,NM_000352.6(ABCC8):c.579+15T>C,6833,ABCC8,HGNC:59,Likely benign,0,"Mar 23, 2023",2496863995,-,RCV003695401,MedGen:C3661900,not provided,germline,germline,GRCh38,NC_000011.10,11,17463423,17463423,na,na,11p15.1,"criteria provided, single submitter",1,-,N,ClinGen:CA2612669249,2,2848756,17463423,A,G,-,-,-,-,-,-,SCV004447343,-,-
3016241,single nucleotide variant,NM_000352.6(ABCC8):c.3162+14C>T,6833,ABCC8,HGNC:59,Likely benign,0,"Apr 19, 2023",1954557896,-,RCV003693346,MedGen:C3661900,not provided,germline,germline,GRCh37,NC_000011.9,11,17428421,17428421,na,na,11p15.1,"criteria provided, single submitter",1,-,N,ClinGen:CA1955128600,2,2851913,17428421,G,A,-,-,-,-,-,-,SCV004451576,-,-
3016241,single nucleotide variant,NM_000352.6(ABCC8):c.3162+14C>T,6833,ABCC8,HGNC:59,Likely benign,0,"Apr 19, 2023",1954557896,-,RCV003693346,MedGen:C3661900,not provided,germline,germline,GRCh38,NC_000011.10,11,17406874,17406874,na,na,11p15.1,"criteria provided, single submitter",1,-,N,ClinGen:CA1955128600,2,2851913,17406874,G,A,-,-,-,-,-,-,SCV004451576,-,-
3016734,Deletion,NM_000352.6(ABCC8):c.4608+8del,6833,ABCC8,HGNC:59,Benign,0,"Apr 10, 2023",2496434273,-,RCV003695942,MedGen:C3661900,not provided,germline,germline,GRCh37,NC_000011.9,11,17415236,17415236,na,na,11p15.1,"criteria provided, single submitter",1,-,N,ClinGen:CA2739276235,2,2853262,17415235,GC,G,-,-,-,-,-,-,SCV004452390,-,-
3016734,Deletion,NM_000352.6(ABCC8):c.4608+8del,6833,ABCC8,HGNC:59,Benign,0,"Apr 10, 2023",2496434273,-,RCV003695942,MedGen:C3661900,not provided,germline,germline,GRCh38,NC_000011.10,11,17393689,17393689,na,na,11p15.1,"criteria provided, single submitter",1,-,N,ClinGen:CA2739276235,2,2853262,17393688,GC,G,-,-,-,-,-,-,SCV004452390,-,-
3017384,single nucleotide variant,NM_000352.6(ABCC8):c.1785T>C (p.Ser595=),6833,ABCC8,HGNC:59,Likely benign,0,"Jul 14, 2025",983621605,-,RCV003701298,MedGen:C3661900,not provided,germline,germline,GRCh37,NC_000011.9,11,17452393,17452393,na,na,11p15.1,"criteria provided, single submitter",1,-,N,ClinGen:CA218442686,2,2855204,17452393,A,G,-,-,-,-,-,-,SCV004456687,-,-
3017384,single nucleotide variant,NM_000352.6(ABCC8):c.1785T>C (p.Ser595=),6833,ABCC8,HGNC:59,Likely benign,0,"Jul 14, 2025",983621605,-,RCV003701298,MedGen:C3661900,not provided,germline,germline,GRCh38,NC_000011.10,11,17430846,17430846,na,na,11p15.1,"criteria provided, single submitter",1,-,N,ClinGen:CA218442686,2,2855204,17430846,A,G,-,-,-,-,-,-,SCV004456687,-,-
3017899,single nucleotide variant,NM_000352.6(ABCC8):c.2557-6G>A,6833,ABCC8,HGNC:59,Likely benign,0,"Apr 20, 2023",2133461636,-,RCV003704062,MedGen:C3661900,not provided,germline,germline,GRCh37,NC_000011.9,11,17432206,17432206,na,na,11p15.1,"criteria provided, single submitter",1,-,N,ClinGen:CA2612663705,2,2857852,17432206,C,T,-,-,-,-,-,-,SCV004457811,-,-
3017899,single nucleotide variant,NM_000352.6(ABCC8):c.2557-6G>A,6833,ABCC8,HGNC:59,Likely benign,0,"Apr 20, 2023",2133461636,-,RCV003704062,MedGen:C3661900,not provided,germline,germline,GRCh38,NC_000011.10,11,17410659,17410659,na,na,11p15.1,"criteria provided, single submitter",1,-,N,ClinGen:CA2612663705,2,2857852,17410659,C,T,-,-,-,-,-,-,SCV004457811,-,-
3018254,single nucleotide variant,NM_000352.6(ABCC8):c.1062T>C (p.Asn354=),6833,ABCC8,HGNC:59,Likely benign,0,"May 31, 2023",2496810874,-,RCV003699251,MedGen:C3661900,not provided,germline,germline,GRCh37,NC_000011.9,11,17474780,17474780,na,na,11p15.1,"criteria provided, single submitter",1,-,N,ClinGen:CA473299943,2,2858208,17474780,A,G,-,-,-,-,-,-,SCV004459920,-,-
3018254,single nucleotide variant,NM_000352.6(ABCC8):c.1062T>C (p.Asn354=),6833,ABCC8,HGNC:59,Likely benign,0,"May 31, 2023",2496810874,-,RCV003699251,MedGen:C3661900,not provided,germline,germline,GRCh38,NC_000011.10,11,17453233,17453233,na,na,11p15.1,"criteria provided, single submitter",1,-,N,ClinGen:CA473299943,2,2858208,17453233,A,G,-,-,-,-,-,-,SCV004459920,-,-
3018726,single nucleotide variant,NM_000162.5(GCK):c.397T>A (p.Phe133Ile),2645,GCK,HGNC:4195,Conflicting classifications of pathogenicity,1,"Mar 24, 2025",2128822093,-,RCV003704235|RCV005567584,"MedGen:C3661900|Human Phenotype Ontology:HP:0004904,MONDO:MONDO:0018911,MedGen:C0342276,OMIM:PS125850,Orphanet:552",not provided|Maturity-onset diabetes of the young,germline,germline,GRCh37,NC_000007.13,7,44190641,44190641,na,na,7p13,"criteria provided, conflicting classifications",2,-,N,ClinGen:CA367402124,2,2861250,44190641,A,T,-,-,-,-,-,-,SCV004461479|SCV006240549,-,-
3018726,single nucleotide variant,NM_000162.5(GCK):c.397T>A (p.Phe133Ile),2645,GCK,HGNC:4195,Conflicting classifications of pathogenicity,1,"Mar 24, 2025",2128822093,-,RCV003704235|RCV005567584,"MedGen:C3661900|Human Phenotype Ontology:HP:0004904,MONDO:MONDO:0018911,MedGen:C0342276,OMIM:PS125850,Orphanet:552",not provided|Maturity-onset diabetes of the young,germline,germline,GRCh38,NC_000007.14,7,44151042,44151042,na,na,7p13,"criteria provided, conflicting classifications",2,-,N,ClinGen:CA367402124,2,2861250,44151042,A,T,-,-,-,-,-,-,SCV004461479|SCV006240549,-,-
3018912,single nucleotide variant,NM_000352.6(ABCC8):c.2526C>T (p.Ala842=),6833,ABCC8,HGNC:59,Likely benign,0,"Dec 14, 2023",760401293,-,RCV003704348,MedGen:C3661900,not provided,germline,germline,GRCh37,NC_000011.9,11,17434243,17434243,na,na,11p15.1,"criteria provided, single submitter",1,-,N,ClinGen:CA473301248,2,2861437,17434243,G,A,-,-,-,-,-,-,SCV004461224,-,-
3018912,single nucleotide variant,NM_000352.6(ABCC8):c.2526C>T (p.Ala842=),6833,ABCC8,HGNC:59,Likely benign,0,"Dec 14, 2023",760401293,-,RCV003704348,MedGen:C3661900,not provided,germline,germline,GRCh38,NC_000011.10,11,17412696,17412696,na,na,11p15.1,"criteria provided, single submitter",1,-,N,ClinGen:CA473301248,2,2861437,17412696,G,A,-,-,-,-,-,-,SCV004461224,-,-
3018990,Duplication,NM_000352.6(ABCC8):c.2920+10dup,6833,ABCC8,HGNC:59,Likely benign,0,"May 02, 2023",2496534777,-,RCV003704386,MedGen:C3661900,not provided,germline,germline,GRCh37,NC_000011.9,11,17428890,17428891,na,na,11p15.1,"criteria provided, single submitter",1,-,N,ClinGen:CA2739276249,2,2861515,17428890,A,AT,-,-,-,-,-,-,SCV004462372,-,-
3018990,Duplication,NM_000352.6(ABCC8):c.2920+10dup,6833,ABCC8,HGNC:59,Likely benign,0,"May 02, 2023",2496534777,-,RCV003704386,MedGen:C3661900,not provided,germline,germline,GRCh38,NC_000011.10,11,17407343,17407344,na,na,11p15.1,"criteria provided, single submitter",1,-,N,ClinGen:CA2739276249,2,2861515,17407343,A,AT,-,-,-,-,-,-,SCV004462372,-,-
3019312,single nucleotide variant,NM_000352.6(ABCC8):c.1818-8C>T,6833,ABCC8,HGNC:59,Likely benign,0,"May 11, 2023",2496672813,-,RCV003700148,MedGen:C3661900,not provided,germline,germline,GRCh37,NC_000011.9,11,17450225,17450225,na,na,11p15.1,"criteria provided, single submitter",1,-,N,ClinGen:CA2739276259,2,2863124,17450225,G,A,-,-,-,-,-,-,SCV004463648,-,-
3019312,single nucleotide variant,NM_000352.6(ABCC8):c.1818-8C>T,6833,ABCC8,HGNC:59,Likely benign,0,"May 11, 2023",2496672813,-,RCV003700148,MedGen:C3661900,not provided,germline,germline,GRCh38,NC_000011.10,11,17428678,17428678,na,na,11p15.1,"criteria provided, single submitter",1,-,N,ClinGen:CA2739276259,2,2863124,17428678,G,A,-,-,-,-,-,-,SCV004463648,-,-
3020604,single nucleotide variant,NM_000162.5(GCK):c.675C>A (p.Ile225=),2645,GCK,HGNC:4195,Likely benign,0,"Nov 13, 2023",772754004,-,RCV003697825,MedGen:C3661900,not provided,germline,germline,GRCh37,NC_000007.13,7,44189363,44189363,na,na,7p13,"criteria provided, single submitter",1,-,N,ClinGen:CA454608965,2,2868291,44189363,G,T,-,-,-,-,-,-,SCV004468278,-,-
3020604,single nucleotide variant,NM_000162.5(GCK):c.675C>A (p.Ile225=),2645,GCK,HGNC:4195,Likely benign,0,"Nov 13, 2023",772754004,-,RCV003697825,MedGen:C3661900,not provided,germline,germline,GRCh38,NC_000007.14,7,44149764,44149764,na,na,7p13,"criteria provided, single submitter",1,-,N,ClinGen:CA454608965,2,2868291,44149764,G,T,-,-,-,-,-,-,SCV004468278,-,-
3020785,single nucleotide variant,NM_000352.6(ABCC8):c.2920+13G>T,6833,ABCC8,HGNC:59,Likely benign,0,"Apr 13, 2023",2496534716,-,RCV003697948,MedGen:C3661900,not provided,germline,germline,GRCh37,NC_000011.9,11,17428888,17428888,na,na,11p15.1,"criteria provided, single submitter",1,-,N,ClinGen:CA2612662233,2,2868472,17428888,C,A,-,-,-,-,-,-,SCV004469664,-,-
3020785,single nucleotide variant,NM_000352.6(ABCC8):c.2920+13G>T,6833,ABCC8,HGNC:59,Likely benign,0,"Apr 13, 2023",2496534716,-,RCV003697948,MedGen:C3661900,not provided,germline,germline,GRCh38,NC_000011.10,11,17407341,17407341,na,na,11p15.1,"criteria provided, single submitter",1,-,N,ClinGen:CA2612662233,2,2868472,17407341,C,A,-,-,-,-,-,-,SCV004469664,-,-
3021201,single nucleotide variant,NM_000352.6(ABCC8):c.4198+16G>T,6833,ABCC8,HGNC:59,Likely benign,0,"May 31, 2023",2496452145,-,RCV003701129,MedGen:C3661900,not provided,germline,germline,GRCh37,NC_000011.9,11,17417383,17417383,na,na,11p15.1,"criteria provided, single submitter",1,-,N,ClinGen:CA2612639125,2,2870192,17417383,C,A,-,-,-,-,-,-,SCV004472423,-,-
3021201,single nucleotide variant,NM_000352.6(ABCC8):c.4198+16G>T,6833,ABCC8,HGNC:59,Likely benign,0,"May 31, 2023",2496452145,-,RCV003701129,MedGen:C3661900,not provided,germline,germline,GRCh38,NC_000011.10,11,17395836,17395836,na,na,11p15.1,"criteria provided, single submitter",1,-,N,ClinGen:CA2612639125,2,2870192,17395836,C,A,-,-,-,-,-,-,SCV004472423,-,-
3021833,single nucleotide variant,NM_000352.6(ABCC8):c.825G>C (p.Arg275=),6833,ABCC8,HGNC:59,Likely benign,0,"Apr 25, 2023",2496845741,-,RCV003701737,MedGen:C3661900,not provided,germline,germline,GRCh37,NC_000011.9,11,17482221,17482221,na,na,11p15.1,"criteria provided, single submitter",1,-,N,ClinGen:CA473300718,2,2859219,17482221,C,G,-,-,-,-,-,-,SCV004460538,-,-
3021833,single nucleotide variant,NM_000352.6(ABCC8):c.825G>C (p.Arg275=),6833,ABCC8,HGNC:59,Likely benign,0,"Apr 25, 2023",2496845741,-,RCV003701737,MedGen:C3661900,not provided,germline,germline,GRCh38,NC_000011.10,11,17460674,17460674,na,na,11p15.1,"criteria provided, single submitter",1,-,N,ClinGen:CA473300718,2,2859219,17460674,C,G,-,-,-,-,-,-,SCV004460538,-,-
3021837,single nucleotide variant,NM_000352.6(ABCC8):c.4609-20C>A,6833,ABCC8,HGNC:59,Likely benign,0,"Apr 25, 2023",755410863,-,RCV003701738,MedGen:C3661900,not provided,germline,germline,GRCh37,NC_000011.9,11,17414695,17414695,na,na,11p15.1,"criteria provided, single submitter",1,-,N,ClinGen:CA935524256,2,2859223,17414695,G,T,-,-,-,-,-,-,SCV004460007,-,-
3021837,single nucleotide variant,NM_000352.6(ABCC8):c.4609-20C>A,6833,ABCC8,HGNC:59,Likely benign,0,"Apr 25, 2023",755410863,-,RCV003701738,MedGen:C3661900,not provided,germline,germline,GRCh38,NC_000011.10,11,17393148,17393148,na,na,11p15.1,"criteria provided, single submitter",1,-,N,ClinGen:CA935524256,2,2859223,17393148,G,T,-,-,-,-,-,-,SCV004460007,-,-
3023623,single nucleotide variant,NM_000352.6(ABCC8):c.1072T>C (p.Leu358=),6833,ABCC8,HGNC:59,Likely benign,0,"May 20, 2023",2496810721,-,RCV003705045,MedGen:C3661900,not provided,germline,germline,GRCh37,NC_000011.9,11,17474770,17474770,na,na,11p15.1,"criteria provided, single submitter",1,-,N,ClinGen:CA473299913,2,2866150,17474770,A,G,-,-,-,-,-,-,SCV004467701,-,-
3023623,single nucleotide variant,NM_000352.6(ABCC8):c.1072T>C (p.Leu358=),6833,ABCC8,HGNC:59,Likely benign,0,"May 20, 2023",2496810721,-,RCV003705045,MedGen:C3661900,not provided,germline,germline,GRCh38,NC_000011.10,11,17453223,17453223,na,na,11p15.1,"criteria provided, single submitter",1,-,N,ClinGen:CA473299913,2,2866150,17453223,A,G,-,-,-,-,-,-,SCV004467701,-,-
3023820,single nucleotide variant,NM_000352.6(ABCC8):c.148+16G>T,6833,ABCC8,HGNC:59,Likely benign,0,"Jul 08, 2023",777093516,-,RCV003705153,MedGen:C3661900,not provided,germline,germline,GRCh37,NC_000011.9,11,17498160,17498160,na,na,11p15.1,"criteria provided, single submitter",1,-,N,ClinGen:CA597904613,2,2866348,17498160,C,A,-,-,-,-,-,-,SCV004466738,-,-
3023820,single nucleotide variant,NM_000352.6(ABCC8):c.148+16G>T,6833,ABCC8,HGNC:59,Likely benign,0,"Jul 08, 2023",777093516,-,RCV003705153,MedGen:C3661900,not provided,germline,germline,GRCh38,NC_000011.10,11,17476613,17476613,na,na,11p15.1,"criteria provided, single submitter",1,-,N,ClinGen:CA597904613,2,2866348,17476613,C,A,-,-,-,-,-,-,SCV004466738,-,-
3024334,single nucleotide variant,NM_000352.6(ABCC8):c.3249C>T (p.Val1083=),6833,ABCC8,HGNC:59,Likely benign,0,"May 07, 2023",2496527408,-,RCV003705575,MedGen:C3661900,not provided,germline,germline,GRCh37,NC_000011.9,11,17428249,17428249,na,na,11p15.1,"criteria provided, single submitter",1,-,N,ClinGen:CA473515816,2,2869453,17428249,G,A,-,-,-,-,-,-,SCV004470549,-,-
3024334,single nucleotide variant,NM_000352.6(ABCC8):c.3249C>T (p.Val1083=),6833,ABCC8,HGNC:59,Likely benign,0,"May 07, 2023",2496527408,-,RCV003705575,MedGen:C3661900,not provided,germline,germline,GRCh38,NC_000011.10,11,17406702,17406702,na,na,11p15.1,"criteria provided, single submitter",1,-,N,ClinGen:CA473515816,2,2869453,17406702,G,A,-,-,-,-,-,-,SCV004470549,-,-
3024680,single nucleotide variant,NM_000352.6(ABCC8):c.2682C>G (p.Pro894=),6833,ABCC8,HGNC:59,Likely benign,0,"Aug 14, 2023",1954758863,-,RCV003700846,MedGen:C3661900,not provided,germline,germline,GRCh37,NC_000011.9,11,17432075,17432075,na,na,11p15.1,"criteria provided, single submitter",1,-,N,ClinGen:CA473300864,2,2869799,17432075,G,C,-,-,-,-,-,-,SCV004472386,-,-
3024680,single nucleotide variant,NM_000352.6(ABCC8):c.2682C>G (p.Pro894=),6833,ABCC8,HGNC:59,Likely benign,0,"Aug 14, 2023",1954758863,-,RCV003700846,MedGen:C3661900,not provided,germline,germline,GRCh38,NC_000011.10,11,17410528,17410528,na,na,11p15.1,"criteria provided, single submitter",1,-,N,ClinGen:CA473300864,2,2869799,17410528,G,C,-,-,-,-,-,-,SCV004472386,-,-
3025695,single nucleotide variant,NM_000352.6(ABCC8):c.2041-21G>C,6833,ABCC8,HGNC:59,Likely benign,0,"May 14, 2023",746714109,-,RCV003697041,MedGen:C3661900,not provided,germline,germline,GRCh37,NC_000011.9,11,17449510,17449510,na,na,11p15.1,"criteria provided, single submitter",1,-,N,ClinGen:CA2612664254,2,2860767,17449510,C,G,-,-,-,-,-,-,SCV004461818,-,-
3025695,single nucleotide variant,NM_000352.6(ABCC8):c.2041-21G>C,6833,ABCC8,HGNC:59,Likely benign,0,"May 14, 2023",746714109,-,RCV003697041,MedGen:C3661900,not provided,germline,germline,GRCh38,NC_000011.10,11,17427963,17427963,na,na,11p15.1,"criteria provided, single submitter",1,-,N,ClinGen:CA2612664254,2,2860767,17427963,C,G,-,-,-,-,-,-,SCV004461818,-,-
3026414,single nucleotide variant,NM_000352.6(ABCC8):c.3329+11C>A,6833,ABCC8,HGNC:59,Likely benign,0,"May 13, 2023",759882121,-,RCV003702569,MedGen:C3661900,not provided,germline,germline,GRCh37,NC_000011.9,11,17428158,17428158,na,na,11p15.1,"criteria provided, single submitter",1,-,N,ClinGen:CA2574768353,2,2864049,17428158,G,T,-,-,-,-,-,-,SCV004466975,-,-
3026414,single nucleotide variant,NM_000352.6(ABCC8):c.3329+11C>A,6833,ABCC8,HGNC:59,Likely benign,0,"May 13, 2023",759882121,-,RCV003702569,MedGen:C3661900,not provided,germline,germline,GRCh38,NC_000011.10,11,17406611,17406611,na,na,11p15.1,"criteria provided, single submitter",1,-,N,ClinGen:CA2574768353,2,2864049,17406611,G,T,-,-,-,-,-,-,SCV004466975,-,-
3026860,single nucleotide variant,NM_000352.6(ABCC8):c.4651C>T (p.Leu1551=),6833,ABCC8,HGNC:59,Likely benign,0,"May 19, 2023",1320740169,-,RCV003704874,MedGen:C3661900,not provided,germline,germline,GRCh37,NC_000011.9,11,17414633,17414633,na,na,11p15.1,"criteria provided, single submitter",1,-,N,ClinGen:CA473297971,2,2865787,17414633,G,A,-,-,-,-,-,-,SCV004465075,-,-
3026860,single nucleotide variant,NM_000352.6(ABCC8):c.4651C>T (p.Leu1551=),6833,ABCC8,HGNC:59,Likely benign,0,"May 19, 2023",1320740169,-,RCV003704874,MedGen:C3661900,not provided,germline,germline,GRCh38,NC_000011.10,11,17393086,17393086,na,na,11p15.1,"criteria provided, single submitter",1,-,N,ClinGen:CA473297971,2,2865787,17393086,G,A,-,-,-,-,-,-,SCV004465075,-,-
3028835,single nucleotide variant,NM_000352.6(ABCC8):c.3329+17G>A,6833,ABCC8,HGNC:59,Likely benign,0,"Apr 28, 2023",1954535797,-,RCV003702186,MedGen:C3661900,not provided,germline,germline,GRCh37,NC_000011.9,11,17428152,17428152,na,na,11p15.1,"criteria provided, single submitter",1,-,N,ClinGen:CA2612661726,2,2860198,17428152,C,T,-,-,-,-,-,-,SCV004463781,-,-
3028835,single nucleotide variant,NM_000352.6(ABCC8):c.3329+17G>A,6833,ABCC8,HGNC:59,Likely benign,0,"Apr 28, 2023",1954535797,-,RCV003702186,MedGen:C3661900,not provided,germline,germline,GRCh38,NC_000011.10,11,17406605,17406605,na,na,11p15.1,"criteria provided, single submitter",1,-,N,ClinGen:CA2612661726,2,2860198,17406605,C,T,-,-,-,-,-,-,SCV004463781,-,-
3028856,single nucleotide variant,NM_000352.6(ABCC8):c.3867+1G>A,6833,ABCC8,HGNC:59,Likely pathogenic,1,"Feb 27, 2024",2496469312,-,RCV003702193|RCV005047774,"MedGen:C3661900|MONDO:MONDO:0009415,MedGen:C0271714,OMIM:240800;MONDO:MONDO:0030088,MedGen:C5394303,OMIM:618857;MONDO:MONDO:0009734,MedGen:C2931832,OMIM:256450,Orphanet:276575,Orphanet:276598;MONDO:MONDO:0012480,MedGen:C1835887,OMIM:610374,Orphanet:99886;Human Phenotype Ontology:HP:0005965,Human Phenotype Ontology:HP:0005978,Human Phenotype Ontology:HP:0100652,MONDO:MONDO:0005148,MeSH:D003924,MedGen:C0011860,OMIM:125853","not provided|Leucine-induced hypoglycemia;Diabetes mellitus, permanent neonatal 3;Hyperinsulinemic hypoglycemia, familial, 1;Diabetes mellitus, transient neonatal, 2;Type 2 diabetes mellitus",germline,germline,GRCh37,NC_000011.9,11,17419230,17419230,na,na,11p15.1,"criteria provided, multiple submitters, no conflicts",2,-,N,ClinGen:CA379792969,2,2860219,17419230,C,T,-,-,-,-,-,-,SCV004462303|SCV005681080,-,-
3028856,single nucleotide variant,NM_000352.6(ABCC8):c.3867+1G>A,6833,ABCC8,HGNC:59,Likely pathogenic,1,"Feb 27, 2024",2496469312,-,RCV003702193|RCV005047774,"MedGen:C3661900|MONDO:MONDO:0009415,MedGen:C0271714,OMIM:240800;MONDO:MONDO:0030088,MedGen:C5394303,OMIM:618857;MONDO:MONDO:0009734,MedGen:C2931832,OMIM:256450,Orphanet:276575,Orphanet:276598;MONDO:MONDO:0012480,MedGen:C1835887,OMIM:610374,Orphanet:99886;Human Phenotype Ontology:HP:0005965,Human Phenotype Ontology:HP:0005978,Human Phenotype Ontology:HP:0100652,MONDO:MONDO:0005148,MeSH:D003924,MedGen:C0011860,OMIM:125853","not provided|Leucine-induced hypoglycemia;Diabetes mellitus, permanent neonatal 3;Hyperinsulinemic hypoglycemia, familial, 1;Diabetes mellitus, transient neonatal, 2;Type 2 diabetes mellitus",germline,germline,GRCh38,NC_000011.10,11,17397683,17397683,na,na,11p15.1,"criteria provided, multiple submitters, no conflicts",2,-,N,ClinGen:CA379792969,2,2860219,17397683,C,T,-,-,-,-,-,-,SCV004462303|SCV005681080,-,-
3029138,single nucleotide variant,NM_000162.5(GCK):c.951C>A (p.His317Gln),2645,GCK,HGNC:4195,Likely pathogenic,1,"May 02, 2023",1379908545,-,RCV003704517,MedGen:C3661900,not provided,germline,germline,GRCh37,NC_000007.13,7,44186130,44186130,na,na,7p13,"criteria provided, single submitter",1,-,N,ClinGen:CA367399916,2,2861776,44186130,G,T,-,-,-,-,-,-,SCV004461398,-,-
3029138,single nucleotide variant,NM_000162.5(GCK):c.951C>A (p.His317Gln),2645,GCK,HGNC:4195,Likely pathogenic,1,"May 02, 2023",1379908545,-,RCV003704517,MedGen:C3661900,not provided,germline,germline,GRCh38,NC_000007.14,7,44146531,44146531,na,na,7p13,"criteria provided, single submitter",1,-,N,ClinGen:CA367399916,2,2861776,44146531,G,T,-,-,-,-,-,-,SCV004461398,-,-
3029929,single nucleotide variant,NM_000352.6(ABCC8):c.2921-4G>A,6833,ABCC8,HGNC:59,Likely benign,0,"May 17, 2023",762652829,-,RCV003697645,MedGen:C3661900,not provided,germline,germline,GRCh37,NC_000011.9,11,17428680,17428680,na,na,11p15.1,"criteria provided, single submitter",1,-,N,ClinGen:CA2612662001,2,2865148,17428680,C,T,-,-,-,-,-,-,SCV004466895,-,-
3029929,single nucleotide variant,NM_000352.6(ABCC8):c.2921-4G>A,6833,ABCC8,HGNC:59,Likely benign,0,"May 17, 2023",762652829,-,RCV003697645,MedGen:C3661900,not provided,germline,germline,GRCh38,NC_000011.10,11,17407133,17407133,na,na,11p15.1,"criteria provided, single submitter",1,-,N,ClinGen:CA2612662001,2,2865148,17407133,C,T,-,-,-,-,-,-,SCV004466895,-,-
3030067,Deletion,NM_000352.6(ABCC8):c.1769del (p.Leu590fs),6833,ABCC8,HGNC:59,Pathogenic,1,"May 17, 2023",2496688509,-,RCV003697711,MedGen:C3661900,not provided,germline,germline,GRCh37,NC_000011.9,11,17452409,17452409,na,na,11p15.1,"criteria provided, single submitter",1,-,N,ClinGen:CA2612666251,2,2865286,17452408,CA,C,-,-,-,-,-,-,SCV004465721,-,-
3030067,Deletion,NM_000352.6(ABCC8):c.1769del (p.Leu590fs),6833,ABCC8,HGNC:59,Pathogenic,1,"May 17, 2023",2496688509,-,RCV003697711,MedGen:C3661900,not provided,germline,germline,GRCh38,NC_000011.10,11,17430862,17430862,na,na,11p15.1,"criteria provided, single submitter",1,-,N,ClinGen:CA2612666251,2,2865286,17430861,CA,C,-,-,-,-,-,-,SCV004465721,-,-
3030548,single nucleotide variant,NM_000162.5(GCK):c.1264C>G (p.Arg422Gly),2645,GCK,HGNC:4195,Uncertain significance,0,"May 22, 2023",1208845035,-,RCV003700530,MedGen:C3661900,not provided,germline,germline,GRCh37,NC_000007.13,7,44184869,44184869,na,na,7p13,"criteria provided, single submitter",1,-,N,ClinGen:CA367397273,2,2867056,44184869,G,C,-,-,-,-,-,-,SCV004468338,-,-
3030548,single nucleotide variant,NM_000162.5(GCK):c.1264C>G (p.Arg422Gly),2645,GCK,HGNC:4195,Uncertain significance,0,"May 22, 2023",1208845035,-,RCV003700530,MedGen:C3661900,not provided,germline,germline,GRCh38,NC_000007.14,7,44145270,44145270,na,na,7p13,"criteria provided, single submitter",1,-,N,ClinGen:CA367397273,2,2867056,44145270,G,C,-,-,-,-,-,-,SCV004468338,-,-
3030797,single nucleotide variant,NM_000352.6(ABCC8):c.2255+20T>C,6833,ABCC8,HGNC:59,Likely benign,0,"Jul 16, 2023",761738901,-,RCV003698035,MedGen:C3661900,not provided,germline,germline,GRCh37,NC_000011.9,11,17438457,17438457,na,na,11p15.1,"criteria provided, single submitter",1,-,N,ClinGen:CA5903244,2,2868608,17438457,A,G,-,-,-,-,-,-,SCV004469590,-,-
3030797,single nucleotide variant,NM_000352.6(ABCC8):c.2255+20T>C,6833,ABCC8,HGNC:59,Likely benign,0,"Jul 16, 2023",761738901,-,RCV003698035,MedGen:C3661900,not provided,germline,germline,GRCh38,NC_000011.10,11,17416910,17416910,na,na,11p15.1,"criteria provided, single submitter",1,-,N,ClinGen:CA5903244,2,2868608,17416910,A,G,-,-,-,-,-,-,SCV004469590,-,-
3031610,single nucleotide variant,NM_000352.6(ABCC8):c.1401C>T (p.Ile467=),6833,ABCC8,HGNC:59,Likely benign,0,"Mar 01, 2024",2496755875,-,RCV003698571,MedGen:C3661900,not provided,germline,germline,GRCh37,NC_000011.9,11,17464791,17464791,na,na,11p15.1,"criteria provided, single submitter",1,-,N,ClinGen:CA473298670,2,2871592,17464791,G,A,-,-,-,-,-,-,SCV004474100,-,-
3031610,single nucleotide variant,NM_000352.6(ABCC8):c.1401C>T (p.Ile467=),6833,ABCC8,HGNC:59,Likely benign,0,"Mar 01, 2024",2496755875,-,RCV003698571,MedGen:C3661900,not provided,germline,germline,GRCh38,NC_000011.10,11,17443244,17443244,na,na,11p15.1,"criteria provided, single submitter",1,-,N,ClinGen:CA473298670,2,2871592,17443244,G,A,-,-,-,-,-,-,SCV004474100,-,-
3033083,single nucleotide variant,NM_000525.4(KCNJ11):c.1024C>T (p.Pro342Ser),3767,KCNJ11,HGNC:6257,Uncertain significance,0,"Jul 10, 2023",2496407656,-,RCV003712623,MedGen:C3661900,not provided,germline,germline,GRCh37,NC_000011.9,11,17408615,17408615,na,na,11p15.1,"criteria provided, single submitter",1,-,N,ClinGen:CA379769400,2,2876978,17408615,G,A,-,-,-,-,-,-,SCV004479407,-,-
3033083,single nucleotide variant,NM_000525.4(KCNJ11):c.1024C>T (p.Pro342Ser),3767,KCNJ11,HGNC:6257,Uncertain significance,0,"Jul 10, 2023",2496407656,-,RCV003712623,MedGen:C3661900,not provided,germline,germline,GRCh38,NC_000011.10,11,17387068,17387068,na,na,11p15.1,"criteria provided, single submitter",1,-,N,ClinGen:CA379769400,2,2876978,17387068,G,A,-,-,-,-,-,-,SCV004479407,-,-
3033847,single nucleotide variant,NM_000352.6(ABCC8):c.2116+11G>C,6833,ABCC8,HGNC:59,Likely benign,0,"Jan 16, 2023",1955654068,-,RCV003713266,MedGen:C3661900,not provided,germline,germline,GRCh37,NC_000011.9,11,17449403,17449403,na,na,11p15.1,"criteria provided, single submitter",1,-,N,ClinGen:CA1955138171,2,2880354,17449403,C,G,-,-,-,-,-,-,SCV004483864,-,-
3033847,single nucleotide variant,NM_000352.6(ABCC8):c.2116+11G>C,6833,ABCC8,HGNC:59,Likely benign,0,"Jan 16, 2023",1955654068,-,RCV003713266,MedGen:C3661900,not provided,germline,germline,GRCh38,NC_000011.10,11,17427856,17427856,na,na,11p15.1,"criteria provided, single submitter",1,-,N,ClinGen:CA1955138171,2,2880354,17427856,C,G,-,-,-,-,-,-,SCV004483864,-,-
3034406,single nucleotide variant,NM_000352.6(ABCC8):c.3754-14C>T,6833,ABCC8,HGNC:59,Likely benign,0,"Jul 19, 2023",2496470773,-,RCV003698340,MedGen:C3661900,not provided,germline,germline,GRCh37,NC_000011.9,11,17419358,17419358,na,na,11p15.1,"criteria provided, single submitter",1,-,N,ClinGen:CA2612644505,2,2871228,17419358,G,A,-,-,-,-,-,-,SCV004473967,-,-
3034406,single nucleotide variant,NM_000352.6(ABCC8):c.3754-14C>T,6833,ABCC8,HGNC:59,Likely benign,0,"Jul 19, 2023",2496470773,-,RCV003698340,MedGen:C3661900,not provided,germline,germline,GRCh38,NC_000011.10,11,17397811,17397811,na,na,11p15.1,"criteria provided, single submitter",1,-,N,ClinGen:CA2612644505,2,2871228,17397811,G,A,-,-,-,-,-,-,SCV004473967,-,-
3034696,single nucleotide variant,NM_000352.6(ABCC8):c.3163-5T>A,6833,ABCC8,HGNC:59,Likely benign,0,"Jun 09, 2023",779525928,-,RCV003698525,MedGen:C3661900,not provided,germline,germline,GRCh37,NC_000011.9,11,17428340,17428340,na,na,11p15.1,"criteria provided, single submitter",1,-,N,ClinGen:CA5902897,2,2871518,17428340,A,T,-,-,-,-,-,-,SCV004473976,-,-
3034696,single nucleotide variant,NM_000352.6(ABCC8):c.3163-5T>A,6833,ABCC8,HGNC:59,Likely benign,0,"Jun 09, 2023",779525928,-,RCV003698525,MedGen:C3661900,not provided,germline,germline,GRCh38,NC_000011.10,11,17406793,17406793,na,na,11p15.1,"criteria provided, single submitter",1,-,N,ClinGen:CA5902897,2,2871518,17406793,A,T,-,-,-,-,-,-,SCV004473976,-,-
3035757,single nucleotide variant,NM_000352.6(ABCC8):c.438C>T (p.Ala146=),6833,ABCC8,HGNC:59,Likely benign,0,"Sep 23, 2023",1847962147,-,RCV003710307|RCV004373922,"MedGen:C3661900|MeSH:D030342,MedGen:C0950123",not provided|Inborn genetic diseases,germline,germline,GRCh37,NC_000011.9,11,17485126,17485126,na,na,11p15.1,"criteria provided, multiple submitters, no conflicts",2,-,N,ClinGen:CA473301144,2,2876487,17485126,G,A,-,-,-,-,-,-,SCV004478474|SCV005034519,-,-
3035757,single nucleotide variant,NM_000352.6(ABCC8):c.438C>T (p.Ala146=),6833,ABCC8,HGNC:59,Likely benign,0,"Sep 23, 2023",1847962147,-,RCV003710307|RCV004373922,"MedGen:C3661900|MeSH:D030342,MedGen:C0950123",not provided|Inborn genetic diseases,germline,germline,GRCh38,NC_000011.10,11,17463579,17463579,na,na,11p15.1,"criteria provided, multiple submitters, no conflicts",2,-,N,ClinGen:CA473301144,2,2876487,17463579,G,A,-,-,-,-,-,-,SCV004478474|SCV005034519,-,-
3035866,single nucleotide variant,NM_000352.6(ABCC8):c.4608+11C>T,6833,ABCC8,HGNC:59,Likely benign,0,"May 26, 2023",2133392897,-,RCV003710380,MedGen:C3661900,not provided,germline,germline,GRCh37,NC_000011.9,11,17415233,17415233,na,na,11p15.1,"criteria provided, single submitter",1,-,N,ClinGen:CA2612635454,2,2876596,17415233,G,A,-,-,-,-,-,-,SCV004477873,-,-
3035866,single nucleotide variant,NM_000352.6(ABCC8):c.4608+11C>T,6833,ABCC8,HGNC:59,Likely benign,0,"May 26, 2023",2133392897,-,RCV003710380,MedGen:C3661900,not provided,germline,germline,GRCh38,NC_000011.10,11,17393686,17393686,na,na,11p15.1,"criteria provided, single submitter",1,-,N,ClinGen:CA2612635454,2,2876596,17393686,G,A,-,-,-,-,-,-,SCV004477873,-,-
3036624,single nucleotide variant,NM_000352.6(ABCC8):c.4437G>A (p.Glu1479=),6833,ABCC8,HGNC:59,Likely benign,0,"Jan 20, 2023",899197282,-,RCV003713040,MedGen:C3661900,not provided,germline,germline,GRCh37,NC_000011.9,11,17415921,17415921,na,na,11p15.1,"criteria provided, single submitter",1,-,N,ClinGen:CA218406858,2,2879964,17415921,C,T,-,-,-,-,-,-,SCV004481792,-,-
3036624,single nucleotide variant,NM_000352.6(ABCC8):c.4437G>A (p.Glu1479=),6833,ABCC8,HGNC:59,Likely benign,0,"Jan 20, 2023",899197282,-,RCV003713040,MedGen:C3661900,not provided,germline,germline,GRCh38,NC_000011.10,11,17394374,17394374,na,na,11p15.1,"criteria provided, single submitter",1,-,N,ClinGen:CA218406858,2,2879964,17394374,C,T,-,-,-,-,-,-,SCV004481792,-,-
3038089,single nucleotide variant,NM_000352.6(ABCC8):c.2223-16A>G,6833,ABCC8,HGNC:59,Conflicting classifications of pathogenicity,0,"Apr 03, 2025",1955110082,-,RCV003712425|RCV005407223,MedGen:C3661900|MedGen:CN169374,not provided|not specified,germline,germline,GRCh37,NC_000011.9,11,17438525,17438525,na,na,11p15.1,"criteria provided, conflicting classifications",2,-,N,ClinGen:CA1955133304,2,2874310,17438525,T,C,-,-,-,-,-,-,SCV004475757|SCV006073167,-,-
3038089,single nucleotide variant,NM_000352.6(ABCC8):c.2223-16A>G,6833,ABCC8,HGNC:59,Conflicting classifications of pathogenicity,0,"Apr 03, 2025",1955110082,-,RCV003712425|RCV005407223,MedGen:C3661900|MedGen:CN169374,not provided|not specified,germline,germline,GRCh38,NC_000011.10,11,17416978,17416978,na,na,11p15.1,"criteria provided, conflicting classifications",2,-,N,ClinGen:CA1955133304,2,2874310,17416978,T,C,-,-,-,-,-,-,SCV004475757|SCV006073167,-,-
3038299,single nucleotide variant,NM_000352.6(ABCC8):c.4348C>T (p.Leu1450=),6833,ABCC8,HGNC:59,Likely benign,0,"Dec 10, 2023",1033994566,-,RCV003714541,MedGen:C3661900,not provided,germline,germline,GRCh37,NC_000011.9,11,17416782,17416782,na,na,11p15.1,"criteria provided, single submitter",1,-,N,ClinGen:CA218407639,2,2874520,17416782,G,A,-,-,-,-,-,-,SCV004476741,-,-
3038299,single nucleotide variant,NM_000352.6(ABCC8):c.4348C>T (p.Leu1450=),6833,ABCC8,HGNC:59,Likely benign,0,"Dec 10, 2023",1033994566,-,RCV003714541,MedGen:C3661900,not provided,germline,germline,GRCh38,NC_000011.10,11,17395235,17395235,na,na,11p15.1,"criteria provided, single submitter",1,-,N,ClinGen:CA218407639,2,2874520,17395235,G,A,-,-,-,-,-,-,SCV004476741,-,-
3039862,single nucleotide variant,NM_000162.5(GCK):c.375C>T (p.Tyr125=),2645,GCK,HGNC:4195,Likely benign,0,"Feb 21, 2023",1057194666,-,RCV003715881,MedGen:C3661900,not provided,germline,germline,GRCh37,NC_000007.13,7,44190663,44190663,na,na,7p13,"criteria provided, single submitter",1,-,N,ClinGen:CA157918207,2,2881303,44190663,G,A,-,-,-,-,-,-,SCV004482724,-,-
3039862,single nucleotide variant,NM_000162.5(GCK):c.375C>T (p.Tyr125=),2645,GCK,HGNC:4195,Likely benign,0,"Feb 21, 2023",1057194666,-,RCV003715881,MedGen:C3661900,not provided,germline,germline,GRCh38,NC_000007.14,7,44151064,44151064,na,na,7p13,"criteria provided, single submitter",1,-,N,ClinGen:CA157918207,2,2881303,44151064,G,A,-,-,-,-,-,-,SCV004482724,-,-
3039866,single nucleotide variant,NM_000162.5(GCK):c.352A>T (p.Thr118Ser),2645,GCK,HGNC:4195,Uncertain significance,0,"Dec 01, 2025",2128822620,-,RCV003715883,MedGen:C3661900,not provided,germline,germline,GRCh37,NC_000007.13,7,44191881,44191881,na,na,7p13,"criteria provided, single submitter",1,-,N,ClinGen:CA367402575,2,2881307,44191881,T,A,-,-,-,-,-,-,SCV004482771,-,-
3039866,single nucleotide variant,NM_000162.5(GCK):c.352A>T (p.Thr118Ser),2645,GCK,HGNC:4195,Uncertain significance,0,"Dec 01, 2025",2128822620,-,RCV003715883,MedGen:C3661900,not provided,germline,germline,GRCh38,NC_000007.14,7,44152282,44152282,na,na,7p13,"criteria provided, single submitter",1,-,N,ClinGen:CA367402575,2,2881307,44152282,T,A,-,-,-,-,-,-,SCV004482771,-,-
3040975,single nucleotide variant,NM_000352.6(ABCC8):c.2694+12C>T,6833,ABCC8,HGNC:59,Likely benign,0,"Apr 11, 2023",2496556731,-,RCV003712330,MedGen:C3661900,not provided,germline,germline,GRCh37,NC_000011.9,11,17432051,17432051,na,na,11p15.1,"criteria provided, single submitter",1,-,N,ClinGen:CA2612663609,2,2874155,17432051,G,A,-,-,-,-,-,-,SCV004476707,-,-
3040975,single nucleotide variant,NM_000352.6(ABCC8):c.2694+12C>T,6833,ABCC8,HGNC:59,Likely benign,0,"Apr 11, 2023",2496556731,-,RCV003712330,MedGen:C3661900,not provided,germline,germline,GRCh38,NC_000011.10,11,17410504,17410504,na,na,11p15.1,"criteria provided, single submitter",1,-,N,ClinGen:CA2612663609,2,2874155,17410504,G,A,-,-,-,-,-,-,SCV004476707,-,-
3041060,single nucleotide variant,NM_000352.6(ABCC8):c.1923+19C>G,6833,ABCC8,HGNC:59,Likely benign,0,"Apr 22, 2023",2496670743,-,RCV003707289,MedGen:C3661900,not provided,germline,germline,GRCh37,NC_000011.9,11,17450093,17450093,na,na,11p15.1,"criteria provided, single submitter",1,-,N,ClinGen:CA2739276253,2,2875545,17450093,G,C,-,-,-,-,-,-,SCV004477389,-,-
3041060,single nucleotide variant,NM_000352.6(ABCC8):c.1923+19C>G,6833,ABCC8,HGNC:59,Likely benign,0,"Apr 22, 2023",2496670743,-,RCV003707289,MedGen:C3661900,not provided,germline,germline,GRCh38,NC_000011.10,11,17428546,17428546,na,na,11p15.1,"criteria provided, single submitter",1,-,N,ClinGen:CA2739276253,2,2875545,17428546,G,C,-,-,-,-,-,-,SCV004477389,-,-
3042048,single nucleotide variant,NM_000352.6(ABCC8):c.1924-20C>T,6833,ABCC8,HGNC:59,Likely benign,0,"Sep 03, 2023",1156884084,-,RCV003710540,MedGen:C3661900,not provided,germline,germline,GRCh37,NC_000011.9,11,17449972,17449972,na,na,11p15.1,"criteria provided, single submitter",1,-,N,ClinGen:CA597904338,2,2879146,17449972,G,A,-,-,-,-,-,-,SCV004479631,-,-
3042048,single nucleotide variant,NM_000352.6(ABCC8):c.1924-20C>T,6833,ABCC8,HGNC:59,Likely benign,0,"Sep 03, 2023",1156884084,-,RCV003710540,MedGen:C3661900,not provided,germline,germline,GRCh38,NC_000011.10,11,17428425,17428425,na,na,11p15.1,"criteria provided, single submitter",1,-,N,ClinGen:CA597904338,2,2879146,17428425,G,A,-,-,-,-,-,-,SCV004479631,-,-
3042332,single nucleotide variant,NM_000352.6(ABCC8):c.24C>T (p.Ser8=),6833,ABCC8,HGNC:59,Likely benign,0,"Aug 19, 2023",754508426,-,RCV003715503,MedGen:C3661900,not provided,germline,germline,GRCh37,NC_000011.9,11,17498300,17498300,na,na,11p15.1,"criteria provided, single submitter",1,-,N,ClinGen:CA5904000,2,2880734,17498300,G,A,-,-,-,-,-,-,SCV004481835,-,-
3042332,single nucleotide variant,NM_000352.6(ABCC8):c.24C>T (p.Ser8=),6833,ABCC8,HGNC:59,Likely benign,0,"Aug 19, 2023",754508426,-,RCV003715503,MedGen:C3661900,not provided,germline,germline,GRCh38,NC_000011.10,11,17476753,17476753,na,na,11p15.1,"criteria provided, single submitter",1,-,N,ClinGen:CA5904000,2,2880734,17476753,G,A,-,-,-,-,-,-,SCV004481835,-,-
3042463,single nucleotide variant,NM_000352.6(ABCC8):c.2694+17G>A,6833,ABCC8,HGNC:59,Likely benign,0,"Mar 10, 2023",771284990,-,RCV003715599,MedGen:C3661900,not provided,germline,germline,GRCh37,NC_000011.9,11,17432046,17432046,na,na,11p15.1,"criteria provided, single submitter",1,-,N,ClinGen:CA2739276240,2,2880865,17432046,C,T,-,-,-,-,-,-,SCV004482066,-,-
3042463,single nucleotide variant,NM_000352.6(ABCC8):c.2694+17G>A,6833,ABCC8,HGNC:59,Likely benign,0,"Mar 10, 2023",771284990,-,RCV003715599,MedGen:C3661900,not provided,germline,germline,GRCh38,NC_000011.10,11,17410499,17410499,na,na,11p15.1,"criteria provided, single submitter",1,-,N,ClinGen:CA2739276240,2,2880865,17410499,C,T,-,-,-,-,-,-,SCV004482066,-,-
3042925,single nucleotide variant,NM_000352.6(ABCC8):c.4608+20G>A,6833,ABCC8,HGNC:59,Likely benign,0,"Feb 03, 2024",756451185,-,RCV003719543,MedGen:C3661900,not provided,germline,germline,GRCh37,NC_000011.9,11,17415224,17415224,na,na,11p15.1,"criteria provided, single submitter",1,-,N,ClinGen:CA5902416,2,2882322,17415224,C,T,-,-,-,-,-,-,SCV004506868,-,-
3042925,single nucleotide variant,NM_000352.6(ABCC8):c.4608+20G>A,6833,ABCC8,HGNC:59,Likely benign,0,"Feb 03, 2024",756451185,-,RCV003719543,MedGen:C3661900,not provided,germline,germline,GRCh38,NC_000011.10,11,17393677,17393677,na,na,11p15.1,"criteria provided, single submitter",1,-,N,ClinGen:CA5902416,2,2882322,17393677,C,T,-,-,-,-,-,-,SCV004506868,-,-
3043334,single nucleotide variant,NM_000352.6(ABCC8):c.4606G>A (p.Ala1536Thr),6833,ABCC8,HGNC:59,Uncertain significance,0,"Dec 10, 2023",772332005,-,RCV003724222,MedGen:C3661900,not provided,germline,germline,GRCh37,NC_000011.9,11,17415246,17415246,na,na,11p15.1,"criteria provided, single submitter",1,-,N,ClinGen:CA5902422,2,2884032,17415246,C,T,-,-,-,-,-,-,SCV004509276,-,-
3043334,single nucleotide variant,NM_000352.6(ABCC8):c.4606G>A (p.Ala1536Thr),6833,ABCC8,HGNC:59,Uncertain significance,0,"Dec 10, 2023",772332005,-,RCV003724222,MedGen:C3661900,not provided,germline,germline,GRCh38,NC_000011.10,11,17393699,17393699,na,na,11p15.1,"criteria provided, single submitter",1,-,N,ClinGen:CA5902422,2,2884032,17393699,C,T,-,-,-,-,-,-,SCV004509276,-,-
3043934,single nucleotide variant,NM_000352.6(ABCC8):c.3162+12G>A,6833,ABCC8,HGNC:59,Likely benign,0,"Jan 29, 2024",770858452,-,RCV003719662,MedGen:C3661900,not provided,germline,germline,GRCh37,NC_000011.9,11,17428423,17428423,na,na,11p15.1,"criteria provided, single submitter",1,-,N,ClinGen:CA5902905,2,2885929,17428423,C,T,-,-,-,-,-,-,SCV004509896,-,-
3043934,single nucleotide variant,NM_000352.6(ABCC8):c.3162+12G>A,6833,ABCC8,HGNC:59,Likely benign,0,"Jan 29, 2024",770858452,-,RCV003719662,MedGen:C3661900,not provided,germline,germline,GRCh38,NC_000011.10,11,17406876,17406876,na,na,11p15.1,"criteria provided, single submitter",1,-,N,ClinGen:CA5902905,2,2885929,17406876,C,T,-,-,-,-,-,-,SCV004509896,-,-
3044230,single nucleotide variant,NM_000352.6(ABCC8):c.453C>T (p.Thr151=),6833,ABCC8,HGNC:59,Likely benign,0,"Jan 31, 2023",1847960426,-,RCV003722405,MedGen:C3661900,not provided,germline,germline,GRCh37,NC_000011.9,11,17485111,17485111,na,na,11p15.1,"criteria provided, single submitter",1,-,N,ClinGen:CA473301131,2,2887525,17485111,G,A,-,-,-,-,-,-,SCV004512288,-,-
3044230,single nucleotide variant,NM_000352.6(ABCC8):c.453C>T (p.Thr151=),6833,ABCC8,HGNC:59,Likely benign,0,"Jan 31, 2023",1847960426,-,RCV003722405,MedGen:C3661900,not provided,germline,germline,GRCh38,NC_000011.10,11,17463564,17463564,na,na,11p15.1,"criteria provided, single submitter",1,-,N,ClinGen:CA473301131,2,2887525,17463564,G,A,-,-,-,-,-,-,SCV004512288,-,-
3044550,single nucleotide variant,NM_000352.6(ABCC8):c.3651-17T>C,6833,ABCC8,HGNC:59,Likely benign,0,"Jun 27, 2023",1954059048,-,RCV003717642,MedGen:C3661900,not provided,germline,germline,GRCh37,NC_000011.9,11,17420005,17420005,na,na,11p15.1,"criteria provided, single submitter",1,-,N,ClinGen:CA935526366,2,2889147,17420005,A,G,-,-,-,-,-,-,SCV004515237,-,-
3044550,single nucleotide variant,NM_000352.6(ABCC8):c.3651-17T>C,6833,ABCC8,HGNC:59,Likely benign,0,"Jun 27, 2023",1954059048,-,RCV003717642,MedGen:C3661900,not provided,germline,germline,GRCh38,NC_000011.10,11,17398458,17398458,na,na,11p15.1,"criteria provided, single submitter",1,-,N,ClinGen:CA935526366,2,2889147,17398458,A,G,-,-,-,-,-,-,SCV004515237,-,-
3045219,single nucleotide variant,NM_000352.6(ABCC8):c.2041-11G>A,6833,ABCC8,HGNC:59,Likely benign,0,"May 01, 2023",758020121,-,RCV003722813,MedGen:C3661900,not provided,germline,germline,GRCh37,NC_000011.9,11,17449500,17449500,na,na,11p15.1,"criteria provided, single submitter",1,-,N,ClinGen:CA5903320,2,2891118,17449500,C,T,-,-,-,-,-,-,SCV004517835,-,-
3045219,single nucleotide variant,NM_000352.6(ABCC8):c.2041-11G>A,6833,ABCC8,HGNC:59,Likely benign,0,"May 01, 2023",758020121,-,RCV003722813,MedGen:C3661900,not provided,germline,germline,GRCh38,NC_000011.10,11,17427953,17427953,na,na,11p15.1,"criteria provided, single submitter",1,-,N,ClinGen:CA5903320,2,2891118,17427953,C,T,-,-,-,-,-,-,SCV004517835,-,-
3045777,single nucleotide variant,NM_000352.6(ABCC8):c.2124G>A (p.Leu708=),6833,ABCC8,HGNC:59,Likely benign,0,"Mar 20, 2023",2496658265,-,RCV003733018,MedGen:C3661900,not provided,germline,germline,GRCh37,NC_000011.9,11,17448694,17448694,na,na,11p15.1,"criteria provided, single submitter",1,-,N,ClinGen:CA473302528,2,2893845,17448694,C,T,-,-,-,-,-,-,SCV004521238,-,-
3045777,single nucleotide variant,NM_000352.6(ABCC8):c.2124G>A (p.Leu708=),6833,ABCC8,HGNC:59,Likely benign,0,"Mar 20, 2023",2496658265,-,RCV003733018,MedGen:C3661900,not provided,germline,germline,GRCh38,NC_000011.10,11,17427147,17427147,na,na,11p15.1,"criteria provided, single submitter",1,-,N,ClinGen:CA473302528,2,2893845,17427147,C,T,-,-,-,-,-,-,SCV004521238,-,-
3045778,single nucleotide variant,NM_000352.6(ABCC8):c.1817+20G>A,6833,ABCC8,HGNC:59,Likely benign,0,"Jun 25, 2024",756188320,-,RCV003733019,MedGen:C3661900,not provided,germline,germline,GRCh37,NC_000011.9,11,17452341,17452341,na,na,11p15.1,"criteria provided, single submitter",1,-,N,ClinGen:CA5903440,2,2893846,17452341,C,T,-,-,-,-,-,-,SCV004521220,-,-
3045778,single nucleotide variant,NM_000352.6(ABCC8):c.1817+20G>A,6833,ABCC8,HGNC:59,Likely benign,0,"Jun 25, 2024",756188320,-,RCV003733019,MedGen:C3661900,not provided,germline,germline,GRCh38,NC_000011.10,11,17430794,17430794,na,na,11p15.1,"criteria provided, single submitter",1,-,N,ClinGen:CA5903440,2,2893846,17430794,C,T,-,-,-,-,-,-,SCV004521220,-,-
3047308,single nucleotide variant,NM_000352.6(ABCC8):c.2920+11T>C,6833,ABCC8,HGNC:59,Likely benign,0,"Jun 15, 2023",781205365,-,RCV003722239,MedGen:C3661900,not provided,germline,germline,GRCh37,NC_000011.9,11,17428890,17428890,na,na,11p15.1,"criteria provided, single submitter",1,-,N,ClinGen:CA5902985,2,2887149,17428890,A,G,-,-,-,-,-,-,SCV004511709,-,-
3047308,single nucleotide variant,NM_000352.6(ABCC8):c.2920+11T>C,6833,ABCC8,HGNC:59,Likely benign,0,"Jun 15, 2023",781205365,-,RCV003722239,MedGen:C3661900,not provided,germline,germline,GRCh38,NC_000011.10,11,17407343,17407343,na,na,11p15.1,"criteria provided, single submitter",1,-,N,ClinGen:CA5902985,2,2887149,17407343,A,G,-,-,-,-,-,-,SCV004511709,-,-
3047961,single nucleotide variant,NM_000352.6(ABCC8):c.4545+13C>A,6833,ABCC8,HGNC:59,Likely benign,0,"Dec 21, 2023",78338172,-,RCV003720477,MedGen:C3661900,not provided,germline,germline,GRCh37,NC_000011.9,11,17415800,17415800,na,na,11p15.1,"criteria provided, single submitter",1,-,N,ClinGen:CA2580994296,2,2890406,17415800,G,T,-,-,-,-,-,-,SCV004515765,-,-
3047961,single nucleotide variant,NM_000352.6(ABCC8):c.4545+13C>A,6833,ABCC8,HGNC:59,Likely benign,0,"Dec 21, 2023",78338172,-,RCV003720477,MedGen:C3661900,not provided,germline,germline,GRCh38,NC_000011.10,11,17394253,17394253,na,na,11p15.1,"criteria provided, single submitter",1,-,N,ClinGen:CA2580994296,2,2890406,17394253,G,T,-,-,-,-,-,-,SCV004515765,-,-
3048028,single nucleotide variant,NM_000352.6(ABCC8):c.1468-7C>T,6833,ABCC8,HGNC:59,Likely benign,0,"Dec 09, 2023",1415530607,-,RCV003720506,MedGen:C3661900,not provided,germline,germline,GRCh37,NC_000011.9,11,17464436,17464436,na,na,11p15.1,"criteria provided, single submitter",1,-,N,ClinGen:CA2574768746,2,2890473,17464436,G,A,-,-,-,-,-,-,SCV004515541,-,-
3048028,single nucleotide variant,NM_000352.6(ABCC8):c.1468-7C>T,6833,ABCC8,HGNC:59,Likely benign,0,"Dec 09, 2023",1415530607,-,RCV003720506,MedGen:C3661900,not provided,germline,germline,GRCh38,NC_000011.10,11,17442889,17442889,na,na,11p15.1,"criteria provided, single submitter",1,-,N,ClinGen:CA2574768746,2,2890473,17442889,G,A,-,-,-,-,-,-,SCV004515541,-,-
3050078,single nucleotide variant,NM_000352.6(ABCC8):c.1011+15G>C,6833,ABCC8,HGNC:59,Likely benign,0,"Dec 19, 2025",760589480,-,RCV003724523,MedGen:C3661900,not provided,germline,germline,GRCh37,NC_000011.9,11,17482020,17482020,na,na,11p15.1,"criteria provided, single submitter",1,-,N,ClinGen:CA5903701,2,2884734,17482020,C,G,-,-,-,-,-,-,SCV004508745,-,-
3050078,single nucleotide variant,NM_000352.6(ABCC8):c.1011+15G>C,6833,ABCC8,HGNC:59,Likely benign,0,"Dec 19, 2025",760589480,-,RCV003724523,MedGen:C3661900,not provided,germline,germline,GRCh38,NC_000011.10,11,17460473,17460473,na,na,11p15.1,"criteria provided, single submitter",1,-,N,ClinGen:CA5903701,2,2884734,17460473,C,G,-,-,-,-,-,-,SCV004508745,-,-
3050213,single nucleotide variant,NM_000352.6(ABCC8):c.2223-19C>T,6833,ABCC8,HGNC:59,Likely benign,0,"Sep 03, 2023",1029900070,-,RCV003716967,MedGen:C3661900,not provided,germline,germline,GRCh37,NC_000011.9,11,17438528,17438528,na,na,11p15.1,"criteria provided, single submitter",1,-,N,ClinGen:CA218431422,2,2884869,17438528,G,A,-,-,-,-,-,-,SCV004508900,-,-
3050213,single nucleotide variant,NM_000352.6(ABCC8):c.2223-19C>T,6833,ABCC8,HGNC:59,Likely benign,0,"Sep 03, 2023",1029900070,-,RCV003716967,MedGen:C3661900,not provided,germline,germline,GRCh38,NC_000011.10,11,17416981,17416981,na,na,11p15.1,"criteria provided, single submitter",1,-,N,ClinGen:CA218431422,2,2884869,17416981,G,A,-,-,-,-,-,-,SCV004508900,-,-
3050326,single nucleotide variant,NM_000352.6(ABCC8):c.2040+15C>T,6833,ABCC8,HGNC:59,Likely benign,0,"Jan 30, 2026",750450356,-,RCV003717018,MedGen:C3661900,not provided,germline,germline,GRCh37,NC_000011.9,11,17449821,17449821,na,na,11p15.1,"criteria provided, single submitter",1,-,N,ClinGen:CA5903337,2,2884982,17449821,G,A,-,-,-,-,-,-,SCV004510108,-,-
3050326,single nucleotide variant,NM_000352.6(ABCC8):c.2040+15C>T,6833,ABCC8,HGNC:59,Likely benign,0,"Jan 30, 2026",750450356,-,RCV003717018,MedGen:C3661900,not provided,germline,germline,GRCh38,NC_000011.10,11,17428274,17428274,na,na,11p15.1,"criteria provided, single submitter",1,-,N,ClinGen:CA5903337,2,2884982,17428274,G,A,-,-,-,-,-,-,SCV004510108,-,-
3051026,Duplication,NM_000352.6(ABCC8):c.3399+13dup,6833,ABCC8,HGNC:59,Likely benign,0,"Jul 19, 2023",1954471512,-,RCV003724796,MedGen:C3661900,not provided,germline,germline,GRCh37,NC_000011.9,11,17427027,17427028,na,na,11p15.1,"criteria provided, single submitter",1,-,N,ClinGen:CA1955127991,2,2888282,17427027,A,AC,-,-,-,-,-,-,SCV004514441,-,-
3051026,Duplication,NM_000352.6(ABCC8):c.3399+13dup,6833,ABCC8,HGNC:59,Likely benign,0,"Jul 19, 2023",1954471512,-,RCV003724796,MedGen:C3661900,not provided,germline,germline,GRCh38,NC_000011.10,11,17405480,17405481,na,na,11p15.1,"criteria provided, single submitter",1,-,N,ClinGen:CA1955127991,2,2888282,17405480,A,AC,-,-,-,-,-,-,SCV004514441,-,-
3051209,single nucleotide variant,NM_000352.6(ABCC8):c.1983C>T (p.Gly661=),6833,ABCC8,HGNC:59,Likely benign,0,"Aug 05, 2023",2496667956,-,RCV003724906,MedGen:C3661900,not provided,germline,germline,GRCh37,NC_000011.9,11,17449893,17449893,na,na,11p15.1,"criteria provided, single submitter",1,-,N,ClinGen:CA473516143,2,2888465,17449893,G,A,-,-,-,-,-,-,SCV004514701,-,-
3051209,single nucleotide variant,NM_000352.6(ABCC8):c.1983C>T (p.Gly661=),6833,ABCC8,HGNC:59,Likely benign,0,"Aug 05, 2023",2496667956,-,RCV003724906,MedGen:C3661900,not provided,germline,germline,GRCh38,NC_000011.10,11,17428346,17428346,na,na,11p15.1,"criteria provided, single submitter",1,-,N,ClinGen:CA473516143,2,2888465,17428346,G,A,-,-,-,-,-,-,SCV004514701,-,-
3051474,single nucleotide variant,NM_000352.6(ABCC8):c.2694+11A>G,6833,ABCC8,HGNC:59,Likely benign,0,"Dec 01, 2023",1383710412,-,RCV003720274,MedGen:C3661900,not provided,germline,germline,GRCh37,NC_000011.9,11,17432052,17432052,na,na,11p15.1,"criteria provided, single submitter",1,-,N,ClinGen:CA2739276241,2,2890030,17432052,T,C,-,-,-,-,-,-,SCV004515139,-,-
3051474,single nucleotide variant,NM_000352.6(ABCC8):c.2694+11A>G,6833,ABCC8,HGNC:59,Likely benign,0,"Dec 01, 2023",1383710412,-,RCV003720274,MedGen:C3661900,not provided,germline,germline,GRCh38,NC_000011.10,11,17410505,17410505,na,na,11p15.1,"criteria provided, single submitter",1,-,N,ClinGen:CA2739276241,2,2890030,17410505,T,C,-,-,-,-,-,-,SCV004515139,-,-
3051727,single nucleotide variant,NM_000352.6(ABCC8):c.2041-25G>C,6833,ABCC8,HGNC:59,Likely benign,0,"Oct 05, 2023",1554924660,-,RCV003720428|RCV005609079,MedGen:C3661900|,not provided|Hereditary hyperinsulinism,germline,germline,GRCh37,NC_000011.9,11,17449514,17449514,na,na,11p15.1,"criteria provided, single submitter",2,-,N,ClinGen:CA2574768597,2,2890285,17449514,C,G,-,-,-,-,-,-,SCV004515705,-,-
3051727,single nucleotide variant,NM_000352.6(ABCC8):c.2041-25G>C,6833,ABCC8,HGNC:59,Likely benign,0,"Oct 05, 2023",1554924660,-,RCV003720428|RCV005609079,MedGen:C3661900|,not provided|Hereditary hyperinsulinism,germline,germline,GRCh38,NC_000011.10,11,17427967,17427967,na,na,11p15.1,"criteria provided, single submitter",2,-,N,ClinGen:CA2574768597,2,2890285,17427967,C,G,-,-,-,-,-,-,SCV004515705,-,-
3053067,single nucleotide variant,NM_000162.5(GCK):c.334G>A (p.Glu112Lys),2645,GCK,HGNC:4195,Uncertain significance,0,"Nov 01, 2025",568894624,-,RCV003721697,MedGen:C3661900,not provided,germline,germline,GRCh37,NC_000007.13,7,44191899,44191899,na,na,7p13,"criteria provided, multiple submitters, no conflicts",2,-,N,ClinGen:CA157919172,2,2882758,44191899,C,T,-,-,-,-,-,-,SCV004507600|SCV007118580,-,-
3053067,single nucleotide variant,NM_000162.5(GCK):c.334G>A (p.Glu112Lys),2645,GCK,HGNC:4195,Uncertain significance,0,"Nov 01, 2025",568894624,-,RCV003721697,MedGen:C3661900,not provided,germline,germline,GRCh38,NC_000007.14,7,44152300,44152300,na,na,7p13,"criteria provided, multiple submitters, no conflicts",2,-,N,ClinGen:CA157919172,2,2882758,44152300,C,T,-,-,-,-,-,-,SCV004507600|SCV007118580,-,-
3055720,single nucleotide variant,NM_000352.6(ABCC8):c.2475+16T>A,6833,ABCC8,HGNC:59,Likely benign,0,"Oct 13, 2025",369024636,-,RCV003732750,MedGen:C3661900,not provided,germline,germline,GRCh37,NC_000011.9,11,17434925,17434925,na,na,11p15.1,"criteria provided, single submitter",1,-,N,ClinGen:CA5903126,2,2893214,17434925,A,T,-,-,-,-,-,-,SCV004518674,-,-
3055720,single nucleotide variant,NM_000352.6(ABCC8):c.2475+16T>A,6833,ABCC8,HGNC:59,Likely benign,0,"Oct 13, 2025",369024636,-,RCV003732750,MedGen:C3661900,not provided,germline,germline,GRCh38,NC_000011.10,11,17413378,17413378,na,na,11p15.1,"criteria provided, single submitter",1,-,N,ClinGen:CA5903126,2,2893214,17413378,A,T,-,-,-,-,-,-,SCV004518674,-,-
3055835,single nucleotide variant,NM_000352.6(ABCC8):c.4702C>A (p.Arg1568=),6833,ABCC8,HGNC:59,Likely benign,0,"Oct 18, 2023",1268576245,-,RCV003732801,MedGen:C3661900,not provided,germline,germline,GRCh37,NC_000011.9,11,17414582,17414582,na,na,11p15.1,"criteria provided, single submitter",1,-,N,ClinGen:CA473297938,2,2893329,17414582,G,T,-,-,-,-,-,-,SCV004518767,-,-
3055835,single nucleotide variant,NM_000352.6(ABCC8):c.4702C>A (p.Arg1568=),6833,ABCC8,HGNC:59,Likely benign,0,"Oct 18, 2023",1268576245,-,RCV003732801,MedGen:C3661900,not provided,germline,germline,GRCh38,NC_000011.10,11,17393035,17393035,na,na,11p15.1,"criteria provided, single submitter",1,-,N,ClinGen:CA473297938,2,2893329,17393035,G,T,-,-,-,-,-,-,SCV004518767,-,-
3056968,single nucleotide variant,NM_000525.4(KCNJ11):c.693G>A (p.Val231=),3767,KCNJ11,HGNC:6257,Likely benign,0,"Aug 29, 2023",2496409625,-,RCV003733511,MedGen:C3661900,not provided,germline,germline,GRCh37,NC_000011.9,11,17408946,17408946,na,na,11p15.1,"criteria provided, single submitter",1,-,N,ClinGen:CA473515623,2,2897494,17408946,C,T,-,-,-,-,-,-,SCV004523658,-,-
3056968,single nucleotide variant,NM_000525.4(KCNJ11):c.693G>A (p.Val231=),3767,KCNJ11,HGNC:6257,Likely benign,0,"Aug 29, 2023",2496409625,-,RCV003733511,MedGen:C3661900,not provided,germline,germline,GRCh38,NC_000011.10,11,17387399,17387399,na,na,11p15.1,"criteria provided, single submitter",1,-,N,ClinGen:CA473515623,2,2897494,17387399,C,T,-,-,-,-,-,-,SCV004523658,-,-
3056969,single nucleotide variant,NM_000525.4(KCNJ11):c.33A>G (p.Glu11=),3767,KCNJ11,HGNC:6257,Likely benign,0,"Feb 11, 2023",2133381079,-,RCV003733512,MedGen:C3661900,not provided,germline,germline,GRCh37,NC_000011.9,11,17409606,17409606,na,na,11p15.1,"criteria provided, single submitter",1,-,N,ClinGen:CA473515736,2,2897495,17409606,T,C,-,-,-,-,-,-,SCV004523659,-,-
3056969,single nucleotide variant,NM_000525.4(KCNJ11):c.33A>G (p.Glu11=),3767,KCNJ11,HGNC:6257,Likely benign,0,"Feb 11, 2023",2133381079,-,RCV003733512,MedGen:C3661900,not provided,germline,germline,GRCh38,NC_000011.10,11,17388059,17388059,na,na,11p15.1,"criteria provided, single submitter",1,-,N,ClinGen:CA473515736,2,2897495,17388059,T,C,-,-,-,-,-,-,SCV004523659,-,-
3057054,single nucleotide variant,NM_000352.6(ABCC8):c.1467+15G>A,6833,ABCC8,HGNC:59,Likely benign,0,"Nov 24, 2023",777735422,-,RCV003733528,MedGen:C3661900,not provided,germline,germline,GRCh37,NC_000011.9,11,17464710,17464710,na,na,11p15.1,"criteria provided, single submitter",1,-,N,ClinGen:CA2739276257,2,2897580,17464710,C,T,-,-,-,-,-,-,SCV004524124,-,-
3057054,single nucleotide variant,NM_000352.6(ABCC8):c.1467+15G>A,6833,ABCC8,HGNC:59,Likely benign,0,"Nov 24, 2023",777735422,-,RCV003733528,MedGen:C3661900,not provided,germline,germline,GRCh38,NC_000011.10,11,17443163,17443163,na,na,11p15.1,"criteria provided, single submitter",1,-,N,ClinGen:CA2739276257,2,2897580,17443163,C,T,-,-,-,-,-,-,SCV004524124,-,-
3057363,single nucleotide variant,NM_000352.6(ABCC8):c.148+8C>T,6833,ABCC8,HGNC:59,Likely benign,0,"Oct 24, 2023",1451180963,-,RCV003728840,MedGen:C3661900,not provided,germline,germline,GRCh37,NC_000011.9,11,17498168,17498168,na,na,11p15.1,"criteria provided, single submitter",1,-,N,ClinGen:CA597904616,2,2899182,17498168,G,A,-,-,-,-,-,-,SCV004525963,-,-
3057363,single nucleotide variant,NM_000352.6(ABCC8):c.148+8C>T,6833,ABCC8,HGNC:59,Likely benign,0,"Oct 24, 2023",1451180963,-,RCV003728840,MedGen:C3661900,not provided,germline,germline,GRCh38,NC_000011.10,11,17476621,17476621,na,na,11p15.1,"criteria provided, single submitter",1,-,N,ClinGen:CA597904616,2,2899182,17476621,G,A,-,-,-,-,-,-,SCV004525963,-,-
3058160,single nucleotide variant,NM_000352.6(ABCC8):c.1817+15C>T,6833,ABCC8,HGNC:59,Likely benign,0,"Jan 25, 2026",369881844,-,RCV003733828|RCV005240890,MedGen:C3661900|MedGen:CN169374,not provided|not specified,germline,germline,GRCh37,NC_000011.9,11,17452346,17452346,na,na,11p15.1,"criteria provided, multiple submitters, no conflicts",2,-,N,ClinGen:CA5903443,2,2902564,17452346,G,A,-,-,-,-,-,-,SCV004531291|SCV005884105,-,-
3058160,single nucleotide variant,NM_000352.6(ABCC8):c.1817+15C>T,6833,ABCC8,HGNC:59,Likely benign,0,"Jan 25, 2026",369881844,-,RCV003733828|RCV005240890,MedGen:C3661900|MedGen:CN169374,not provided|not specified,germline,germline,GRCh38,NC_000011.10,11,17430799,17430799,na,na,11p15.1,"criteria provided, multiple submitters, no conflicts",2,-,N,ClinGen:CA5903443,2,2902564,17430799,G,A,-,-,-,-,-,-,SCV004531291|SCV005884105,-,-
3058279,single nucleotide variant,NM_000352.6(ABCC8):c.1012-19G>A,6833,ABCC8,HGNC:59,Likely benign,0,"May 19, 2023",764824272,-,RCV003733870,MedGen:C3661900,not provided,germline,germline,GRCh37,NC_000011.9,11,17474849,17474849,na,na,11p15.1,"criteria provided, single submitter",1,-,N,ClinGen:CA2739276256,2,2902684,17474849,C,T,-,-,-,-,-,-,SCV004531366,-,-
3058279,single nucleotide variant,NM_000352.6(ABCC8):c.1012-19G>A,6833,ABCC8,HGNC:59,Likely benign,0,"May 19, 2023",764824272,-,RCV003733870,MedGen:C3661900,not provided,germline,germline,GRCh38,NC_000011.10,11,17453302,17453302,na,na,11p15.1,"criteria provided, single submitter",1,-,N,ClinGen:CA2739276256,2,2902684,17453302,C,T,-,-,-,-,-,-,SCV004531366,-,-
3058307,single nucleotide variant,NM_000352.6(ABCC8):c.3867+12T>C,6833,ABCC8,HGNC:59,Likely benign,0,"Jan 19, 2026",775790085,-,RCV003733882,MedGen:C3661900,not provided,germline,germline,GRCh37,NC_000011.9,11,17419219,17419219,na,na,11p15.1,"criteria provided, single submitter",1,-,N,ClinGen:CA5902677,2,2902712,17419219,A,G,-,-,-,-,-,-,SCV004531333,-,-
3058307,single nucleotide variant,NM_000352.6(ABCC8):c.3867+12T>C,6833,ABCC8,HGNC:59,Likely benign,0,"Jan 19, 2026",775790085,-,RCV003733882,MedGen:C3661900,not provided,germline,germline,GRCh38,NC_000011.10,11,17397672,17397672,na,na,11p15.1,"criteria provided, single submitter",1,-,N,ClinGen:CA5902677,2,2902712,17397672,A,G,-,-,-,-,-,-,SCV004531333,-,-
3059992,single nucleotide variant,NM_000352.6(ABCC8):c.3557+14G>T,6833,ABCC8,HGNC:59,Likely benign,0,"Oct 29, 2023",774803459,-,RCV003733265,MedGen:C3661900,not provided,germline,germline,GRCh37,NC_000011.9,11,17426045,17426045,na,na,11p15.1,"criteria provided, single submitter",1,-,N,ClinGen:CA1955127543,2,2897064,17426045,C,A,-,-,-,-,-,-,SCV004524853,-,-
3059992,single nucleotide variant,NM_000352.6(ABCC8):c.3557+14G>T,6833,ABCC8,HGNC:59,Likely benign,0,"Oct 29, 2023",774803459,-,RCV003733265,MedGen:C3661900,not provided,germline,germline,GRCh38,NC_000011.10,11,17404498,17404498,na,na,11p15.1,"criteria provided, single submitter",1,-,N,ClinGen:CA1955127543,2,2897064,17404498,C,A,-,-,-,-,-,-,SCV004524853,-,-
3060629,Deletion,NM_000352.6(ABCC8):c.4307+20del,6833,ABCC8,HGNC:59,Likely benign,0,"Dec 19, 2025",1564874211,-,RCV003728743,MedGen:C3661900,not provided,germline,germline,GRCh37,NC_000011.9,11,17417137,17417137,na,na,11p15.1,"criteria provided, single submitter",1,-,N,ClinGen:CA597904398,2,2898994,17417136,CT,C,-,-,-,-,-,-,SCV004526720,-,-
3060629,Deletion,NM_000352.6(ABCC8):c.4307+20del,6833,ABCC8,HGNC:59,Likely benign,0,"Dec 19, 2025",1564874211,-,RCV003728743,MedGen:C3661900,not provided,germline,germline,GRCh38,NC_000011.10,11,17395590,17395590,na,na,11p15.1,"criteria provided, single submitter",1,-,N,ClinGen:CA597904398,2,2898994,17395589,CT,C,-,-,-,-,-,-,SCV004526720,-,-
3061224,single nucleotide variant,NM_000352.6(ABCC8):c.1973G>A (p.Gly658Asp),6833,ABCC8,HGNC:59,Uncertain significance,0,"Aug 02, 2025",149400972,-,RCV005692631|RCV003733638,"MeSH:D030342,MedGen:C0950123|MedGen:C3661900",Inborn genetic diseases|not provided,germline,germline,GRCh37,NC_000011.9,11,17449903,17449903,na,na,11p15.1,"criteria provided, multiple submitters, no conflicts",2,-,N,ClinGen:CA218441445,2,2902177,17449903,C,T,-,-,-,-,-,-,SCV004528894|SCV006382373,-,-
3061224,single nucleotide variant,NM_000352.6(ABCC8):c.1973G>A (p.Gly658Asp),6833,ABCC8,HGNC:59,Uncertain significance,0,"Aug 02, 2025",149400972,-,RCV005692631|RCV003733638,"MeSH:D030342,MedGen:C0950123|MedGen:C3661900",Inborn genetic diseases|not provided,germline,germline,GRCh38,NC_000011.10,11,17428356,17428356,na,na,11p15.1,"criteria provided, multiple submitters, no conflicts",2,-,N,ClinGen:CA218441445,2,2902177,17428356,C,T,-,-,-,-,-,-,SCV004528894|SCV006382373,-,-
3061341,Deletion,NM_000352.6(ABCC8):c.1923+11_1923+19del,6833,ABCC8,HGNC:59,Likely benign,0,"Oct 14, 2023",1564925061,-,RCV003733680,MedGen:C3661900,not provided,germline,germline,GRCh37,NC_000011.9,11,17450093,17450101,na,na,11p15.1,"criteria provided, single submitter",1,-,N,ClinGen:CA597904349,2,2902294,17450092,AGGGGAGGCC,A,-,-,-,-,-,-,SCV004530738,-,-
3061341,Deletion,NM_000352.6(ABCC8):c.1923+11_1923+19del,6833,ABCC8,HGNC:59,Likely benign,0,"Oct 14, 2023",1564925061,-,RCV003733680,MedGen:C3661900,not provided,germline,germline,GRCh38,NC_000011.10,11,17428546,17428554,na,na,11p15.1,"criteria provided, single submitter",1,-,N,ClinGen:CA597904349,2,2902294,17428545,AGGGGAGGCC,A,-,-,-,-,-,-,SCV004530738,-,-
3061586,single nucleotide variant,NM_000352.6(ABCC8):c.1011+11C>T,6833,ABCC8,HGNC:59,Likely benign,0,"Oct 23, 2023",939628772,-,RCV003726934,MedGen:C3661900,not provided,germline,germline,GRCh37,NC_000011.9,11,17482024,17482024,na,na,11p15.1,"criteria provided, single submitter",1,-,N,ClinGen:CA218451438,2,2903841,17482024,G,A,-,-,-,-,-,-,SCV004532492,-,-
3061586,single nucleotide variant,NM_000352.6(ABCC8):c.1011+11C>T,6833,ABCC8,HGNC:59,Likely benign,0,"Oct 23, 2023",939628772,-,RCV003726934,MedGen:C3661900,not provided,germline,germline,GRCh38,NC_000011.10,11,17460477,17460477,na,na,11p15.1,"criteria provided, single submitter",1,-,N,ClinGen:CA218451438,2,2903841,17460477,G,A,-,-,-,-,-,-,SCV004532492,-,-
3061938,single nucleotide variant,NM_000352.6(ABCC8):c.3754-12C>T,6833,ABCC8,HGNC:59,Likely benign,0,"Mar 27, 2023",546086223,-,RCV003731738,MedGen:C3661900,not provided,germline,germline,GRCh37,NC_000011.9,11,17419356,17419356,na,na,11p15.1,"criteria provided, single submitter",1,-,N,ClinGen:CA5902698,2,2905487,17419356,G,A,-,-,-,-,-,-,SCV004534775,-,-
3061938,single nucleotide variant,NM_000352.6(ABCC8):c.3754-12C>T,6833,ABCC8,HGNC:59,Likely benign,0,"Mar 27, 2023",546086223,-,RCV003731738,MedGen:C3661900,not provided,germline,germline,GRCh38,NC_000011.10,11,17397809,17397809,na,na,11p15.1,"criteria provided, single submitter",1,-,N,ClinGen:CA5902698,2,2905487,17397809,G,A,-,-,-,-,-,-,SCV004534775,-,-
3061950,single nucleotide variant,NM_000352.6(ABCC8):c.2292-13C>G,6833,ABCC8,HGNC:59,Likely benign,0,"Nov 21, 2023",1209205510,-,RCV003731744,MedGen:C3661900,not provided,germline,germline,GRCh37,NC_000011.9,11,17436170,17436170,na,na,11p15.1,"criteria provided, single submitter",1,-,N,ClinGen:CA597665616,2,2905499,17436170,G,C,-,-,-,-,-,-,SCV004534779,-,-
3061950,single nucleotide variant,NM_000352.6(ABCC8):c.2292-13C>G,6833,ABCC8,HGNC:59,Likely benign,0,"Nov 21, 2023",1209205510,-,RCV003731744,MedGen:C3661900,not provided,germline,germline,GRCh38,NC_000011.10,11,17414623,17414623,na,na,11p15.1,"criteria provided, single submitter",1,-,N,ClinGen:CA597665616,2,2905499,17414623,G,C,-,-,-,-,-,-,SCV004534779,-,-
3061954,single nucleotide variant,NM_000352.6(ABCC8):c.2390+19G>A,6833,ABCC8,HGNC:59,Likely benign,0,"Jul 03, 2023",1342445072,-,RCV003731745,MedGen:C3661900,not provided,germline,germline,GRCh37,NC_000011.9,11,17436040,17436040,na,na,11p15.1,"criteria provided, single submitter",1,-,N,ClinGen:CA935532778,2,2905503,17436040,C,T,-,-,-,-,-,-,SCV004534757,-,-
3061954,single nucleotide variant,NM_000352.6(ABCC8):c.2390+19G>A,6833,ABCC8,HGNC:59,Likely benign,0,"Jul 03, 2023",1342445072,-,RCV003731745,MedGen:C3661900,not provided,germline,germline,GRCh38,NC_000011.10,11,17414493,17414493,na,na,11p15.1,"criteria provided, single submitter",1,-,N,ClinGen:CA935532778,2,2905503,17414493,C,T,-,-,-,-,-,-,SCV004534757,-,-
3062986,single nucleotide variant,NM_000352.6(ABCC8):c.3400-14C>A,6833,ABCC8,HGNC:59,Likely benign,0,"Jan 12, 2024",745575417,-,RCV003732084,MedGen:C3661900,not provided,germline,germline,GRCh37,NC_000011.9,11,17426230,17426230,na,na,11p15.1,"criteria provided, single submitter",1,-,N,ClinGen:CA597665226,2,2909133,17426230,G,T,-,-,-,-,-,-,SCV004538815,-,-
3062986,single nucleotide variant,NM_000352.6(ABCC8):c.3400-14C>A,6833,ABCC8,HGNC:59,Likely benign,0,"Jan 12, 2024",745575417,-,RCV003732084,MedGen:C3661900,not provided,germline,germline,GRCh38,NC_000011.10,11,17404683,17404683,na,na,11p15.1,"criteria provided, single submitter",1,-,N,ClinGen:CA597665226,2,2909133,17404683,G,T,-,-,-,-,-,-,SCV004538815,-,-
3063055,single nucleotide variant,NM_000352.6(ABCC8):c.1468-9C>A,6833,ABCC8,HGNC:59,Likely benign,0,"Jan 22, 2024",747227034,-,RCV003732109,MedGen:C3661900,not provided,germline,germline,GRCh37,NC_000011.9,11,17464438,17464438,na,na,11p15.1,"criteria provided, single submitter",1,-,N,ClinGen:CA2739276254,2,2909202,17464438,G,T,-,-,-,-,-,-,SCV004537935,-,-
3063055,single nucleotide variant,NM_000352.6(ABCC8):c.1468-9C>A,6833,ABCC8,HGNC:59,Likely benign,0,"Jan 22, 2024",747227034,-,RCV003732109,MedGen:C3661900,not provided,germline,germline,GRCh38,NC_000011.10,11,17442891,17442891,na,na,11p15.1,"criteria provided, single submitter",1,-,N,ClinGen:CA2739276254,2,2909202,17442891,G,T,-,-,-,-,-,-,SCV004537935,-,-
3063511,single nucleotide variant,NM_000352.6(ABCC8):c.2263C>T (p.Arg755Trp),6833,ABCC8,HGNC:59,Uncertain significance,0,"Jan 05, 2024",748413285,-,RCV003726288,MedGen:C3661900,not provided,germline,germline,GRCh37,NC_000011.9,11,17436879,17436879,na,na,11p15.1,"criteria provided, single submitter",1,-,N,ClinGen:CA5903233,2,2898218,17436879,G,A,-,-,-,-,-,-,SCV004525239,-,-
3063511,single nucleotide variant,NM_000352.6(ABCC8):c.2263C>T (p.Arg755Trp),6833,ABCC8,HGNC:59,Uncertain significance,0,"Jan 05, 2024",748413285,-,RCV003726288,MedGen:C3661900,not provided,germline,germline,GRCh38,NC_000011.10,11,17415332,17415332,na,na,11p15.1,"criteria provided, single submitter",1,-,N,ClinGen:CA5903233,2,2898218,17415332,G,A,-,-,-,-,-,-,SCV004525239,-,-
3064558,single nucleotide variant,NM_000352.6(ABCC8):c.1842G>T (p.Leu614=),6833,ABCC8,HGNC:59,Likely benign,0,"Dec 17, 2025",776060408,-,RCV003731511,MedGen:C3661900,not provided,germline,germline,GRCh37,NC_000011.9,11,17450193,17450193,na,na,11p15.1,"criteria provided, single submitter",1,-,N,ClinGen:CA501181,2,2901854,17450193,C,A,-,-,-,-,-,-,SCV004529410,-,-
3064558,single nucleotide variant,NM_000352.6(ABCC8):c.1842G>T (p.Leu614=),6833,ABCC8,HGNC:59,Likely benign,0,"Dec 17, 2025",776060408,-,RCV003731511,MedGen:C3661900,not provided,germline,germline,GRCh38,NC_000011.10,11,17428646,17428646,na,na,11p15.1,"criteria provided, single submitter",1,-,N,ClinGen:CA501181,2,2901854,17428646,C,A,-,-,-,-,-,-,SCV004529410,-,-
3064966,single nucleotide variant,NM_000352.6(ABCC8):c.3400-20C>T,6833,ABCC8,HGNC:59,Likely benign,0,"Mar 20, 2023",1056293405,-,RCV003726784,MedGen:C3661900,not provided,germline,germline,GRCh37,NC_000011.9,11,17426236,17426236,na,na,11p15.1,"criteria provided, single submitter",1,-,N,ClinGen:CA218417489,2,2903562,17426236,G,A,-,-,-,-,-,-,SCV004531146,-,-
3064966,single nucleotide variant,NM_000352.6(ABCC8):c.3400-20C>T,6833,ABCC8,HGNC:59,Likely benign,0,"Mar 20, 2023",1056293405,-,RCV003726784,MedGen:C3661900,not provided,germline,germline,GRCh38,NC_000011.10,11,17404689,17404689,na,na,11p15.1,"criteria provided, single submitter",1,-,N,ClinGen:CA218417489,2,2903562,17404689,G,A,-,-,-,-,-,-,SCV004531146,-,-
3065383,single nucleotide variant,NM_000352.6(ABCC8):c.4491G>A (p.Arg1497=),6833,ABCC8,HGNC:59,Likely benign,0,"Sep 20, 2023",778997556,-,RCV003731629|RCV005616771,MedGen:C3661900|,not provided|Hereditary hyperinsulinism,germline,germline,GRCh37,NC_000011.9,11,17415867,17415867,na,na,11p15.1,"criteria provided, single submitter",2,-,N,ClinGen:CA5902463,2,2905278,17415867,C,T,-,-,-,-,-,-,SCV004534230,-,-
3065383,single nucleotide variant,NM_000352.6(ABCC8):c.4491G>A (p.Arg1497=),6833,ABCC8,HGNC:59,Likely benign,0,"Sep 20, 2023",778997556,-,RCV003731629|RCV005616771,MedGen:C3661900|,not provided|Hereditary hyperinsulinism,germline,germline,GRCh38,NC_000011.10,11,17394320,17394320,na,na,11p15.1,"criteria provided, single submitter",2,-,N,ClinGen:CA5902463,2,2905278,17394320,C,T,-,-,-,-,-,-,SCV004534230,-,-
3067618,single nucleotide variant,NM_000352.6(ABCC8):c.1989G>C (p.Leu663=),6833,ABCC8,HGNC:59,Likely benign,0,"Jan 18, 2023",1007312763,-,RCV003739662,MedGen:C3661900,not provided,germline,germline,GRCh37,NC_000011.9,11,17449887,17449887,na,na,11p15.1,"criteria provided, single submitter",1,-,N,ClinGen:CA218441417,2,2899531,17449887,C,G,-,-,-,-,-,-,SCV004557467,-,-
3067618,single nucleotide variant,NM_000352.6(ABCC8):c.1989G>C (p.Leu663=),6833,ABCC8,HGNC:59,Likely benign,0,"Jan 18, 2023",1007312763,-,RCV003739662,MedGen:C3661900,not provided,germline,germline,GRCh38,NC_000011.10,11,17428340,17428340,na,na,11p15.1,"criteria provided, single submitter",1,-,N,ClinGen:CA218441417,2,2899531,17428340,C,G,-,-,-,-,-,-,SCV004557467,-,-
3067827,single nucleotide variant,NM_000352.6(ABCC8):c.1923+11G>A,6833,ABCC8,HGNC:59,Likely benign,0,"Apr 24, 2024",767320031,-,RCV003739788,MedGen:C3661900,not provided,germline,germline,GRCh37,NC_000011.9,11,17450101,17450101,na,na,11p15.1,"criteria provided, single submitter",1,-,N,ClinGen:CA5903393,2,2899740,17450101,C,T,-,-,-,-,-,-,SCV004558015,-,-
3067827,single nucleotide variant,NM_000352.6(ABCC8):c.1923+11G>A,6833,ABCC8,HGNC:59,Likely benign,0,"Apr 24, 2024",767320031,-,RCV003739788,MedGen:C3661900,not provided,germline,germline,GRCh38,NC_000011.10,11,17428554,17428554,na,na,11p15.1,"criteria provided, single submitter",1,-,N,ClinGen:CA5903393,2,2899740,17428554,C,T,-,-,-,-,-,-,SCV004558015,-,-
3068194,single nucleotide variant,NM_000352.6(ABCC8):c.822+11G>A,6833,ABCC8,HGNC:59,Likely benign,0,"Jun 07, 2023",1957189134,-,RCV003731274,MedGen:C3661900,not provided,germline,germline,GRCh37,NC_000011.9,11,17483119,17483119,na,na,11p15.1,"criteria provided, single submitter",1,-,N,ClinGen:CA935542274,2,2901403,17483119,C,T,-,-,-,-,-,-,SCV004529834,-,-
3068194,single nucleotide variant,NM_000352.6(ABCC8):c.822+11G>A,6833,ABCC8,HGNC:59,Likely benign,0,"Jun 07, 2023",1957189134,-,RCV003731274,MedGen:C3661900,not provided,germline,germline,GRCh38,NC_000011.10,11,17461572,17461572,na,na,11p15.1,"criteria provided, single submitter",1,-,N,ClinGen:CA935542274,2,2901403,17461572,C,T,-,-,-,-,-,-,SCV004529834,-,-
3068778,single nucleotide variant,NM_000352.6(ABCC8):c.3444C>T (p.Leu1148=),6833,ABCC8,HGNC:59,Likely benign,0,"Jan 31, 2023",868409876,-,RCV003726651,MedGen:C3661900,not provided,germline,germline,GRCh37,NC_000011.9,11,17426172,17426172,na,na,11p15.1,"criteria provided, single submitter",1,-,N,ClinGen:CA218417394,2,2903285,17426172,G,A,-,-,-,-,-,-,SCV004530467,-,-
3068778,single nucleotide variant,NM_000352.6(ABCC8):c.3444C>T (p.Leu1148=),6833,ABCC8,HGNC:59,Likely benign,0,"Jan 31, 2023",868409876,-,RCV003726651,MedGen:C3661900,not provided,germline,germline,GRCh38,NC_000011.10,11,17404625,17404625,na,na,11p15.1,"criteria provided, single submitter",1,-,N,ClinGen:CA218417394,2,2903285,17404625,G,A,-,-,-,-,-,-,SCV004530467,-,-
3068971,single nucleotide variant,NM_000352.6(ABCC8):c.4545+11G>A,6833,ABCC8,HGNC:59,Likely benign,0,"Jan 21, 2024",371570583,-,RCV003729414,MedGen:C3661900,not provided,germline,germline,GRCh37,NC_000011.9,11,17415802,17415802,na,na,11p15.1,"criteria provided, single submitter",1,-,N,ClinGen:CA218406725,2,2904776,17415802,C,T,-,-,-,-,-,-,SCV004532760,-,-
3068971,single nucleotide variant,NM_000352.6(ABCC8):c.4545+11G>A,6833,ABCC8,HGNC:59,Likely benign,0,"Jan 21, 2024",371570583,-,RCV003729414,MedGen:C3661900,not provided,germline,germline,GRCh38,NC_000011.10,11,17394255,17394255,na,na,11p15.1,"criteria provided, single submitter",1,-,N,ClinGen:CA218406725,2,2904776,17394255,C,T,-,-,-,-,-,-,SCV004532760,-,-
3069272,single nucleotide variant,NM_000352.6(ABCC8):c.2117-15C>G,6833,ABCC8,HGNC:59,Likely benign,0,"May 20, 2024",1292947224,-,RCV003734126,MedGen:C3661900,not provided,germline,germline,GRCh37,NC_000011.9,11,17448716,17448716,na,na,11p15.1,"criteria provided, single submitter",1,-,N,ClinGen:CA597666133,2,2906374,17448716,G,C,-,-,-,-,-,-,SCV004534483,-,-
3069272,single nucleotide variant,NM_000352.6(ABCC8):c.2117-15C>G,6833,ABCC8,HGNC:59,Likely benign,0,"May 20, 2024",1292947224,-,RCV003734126,MedGen:C3661900,not provided,germline,germline,GRCh38,NC_000011.10,11,17427169,17427169,na,na,11p15.1,"criteria provided, single submitter",1,-,N,ClinGen:CA597666133,2,2906374,17427169,G,C,-,-,-,-,-,-,SCV004534483,-,-
3069338,single nucleotide variant,NM_000352.6(ABCC8):c.4308-19C>T,6833,ABCC8,HGNC:59,Likely benign,0,"Jul 19, 2023",764389246,-,RCV003734167,MedGen:C3661900,not provided,germline,germline,GRCh37,NC_000011.9,11,17416841,17416841,na,na,11p15.1,"criteria provided, single submitter",1,-,N,ClinGen:CA5902496,2,2906441,17416841,G,A,-,-,-,-,-,-,SCV004534589,-,-
3069338,single nucleotide variant,NM_000352.6(ABCC8):c.4308-19C>T,6833,ABCC8,HGNC:59,Likely benign,0,"Jul 19, 2023",764389246,-,RCV003734167,MedGen:C3661900,not provided,germline,germline,GRCh38,NC_000011.10,11,17395294,17395294,na,na,11p15.1,"criteria provided, single submitter",1,-,N,ClinGen:CA5902496,2,2906441,17395294,G,A,-,-,-,-,-,-,SCV004534589,-,-
3069813,single nucleotide variant,NM_000352.6(ABCC8):c.3351T>A (p.Leu1117=),6833,ABCC8,HGNC:59,Likely benign,0,"Jan 20, 2023",1385047431,-,RCV003729660,MedGen:C3661900,not provided,germline,germline,GRCh37,NC_000011.9,11,17427089,17427089,na,na,11p15.1,"criteria provided, single submitter",1,-,N,ClinGen:CA473300114,2,2908215,17427089,A,T,-,-,-,-,-,-,SCV004537691,-,-
3069813,single nucleotide variant,NM_000352.6(ABCC8):c.3351T>A (p.Leu1117=),6833,ABCC8,HGNC:59,Likely benign,0,"Jan 20, 2023",1385047431,-,RCV003729660,MedGen:C3661900,not provided,germline,germline,GRCh38,NC_000011.10,11,17405542,17405542,na,na,11p15.1,"criteria provided, single submitter",1,-,N,ClinGen:CA473300114,2,2908215,17405542,A,T,-,-,-,-,-,-,SCV004537691,-,-
3070154,single nucleotide variant,NM_000352.6(ABCC8):c.4198+15G>A,6833,ABCC8,HGNC:59,Likely benign,0,"Dec 06, 2025",375961690,-,RCV003734774,MedGen:C3661900,not provided,germline,germline,GRCh37,NC_000011.9,11,17417384,17417384,na,na,11p15.1,"criteria provided, single submitter",1,-,N,ClinGen:CA5902540,2,2910728,17417384,C,T,-,-,-,-,-,-,SCV004539842,-,-
3070154,single nucleotide variant,NM_000352.6(ABCC8):c.4198+15G>A,6833,ABCC8,HGNC:59,Likely benign,0,"Dec 06, 2025",375961690,-,RCV003734774,MedGen:C3661900,not provided,germline,germline,GRCh38,NC_000011.10,11,17395837,17395837,na,na,11p15.1,"criteria provided, single submitter",1,-,N,ClinGen:CA5902540,2,2910728,17395837,C,T,-,-,-,-,-,-,SCV004539842,-,-
3070484,single nucleotide variant,NM_000352.6(ABCC8):c.3510G>A (p.Leu1170=),6833,ABCC8,HGNC:59,Likely benign,0,"Jan 24, 2024",1048091,-,RCV003737429,MedGen:C3661900,not provided,germline,germline,GRCh37,NC_000011.9,11,17426106,17426106,na,na,11p15.1,"criteria provided, single submitter",1,-,N,ClinGen:CA473299647,2,2911059,17426106,C,T,-,-,-,-,-,-,SCV004559512,-,-
3070484,single nucleotide variant,NM_000352.6(ABCC8):c.3510G>A (p.Leu1170=),6833,ABCC8,HGNC:59,Likely benign,0,"Jan 24, 2024",1048091,-,RCV003737429,MedGen:C3661900,not provided,germline,germline,GRCh38,NC_000011.10,11,17404559,17404559,na,na,11p15.1,"criteria provided, single submitter",1,-,N,ClinGen:CA473299647,2,2911059,17404559,C,T,-,-,-,-,-,-,SCV004559512,-,-
3070710,single nucleotide variant,NM_000352.6(ABCC8):c.1728C>G (p.Ala576=),6833,ABCC8,HGNC:59,Likely benign,0,"Nov 01, 2023",2496688995,-,RCV003734995,MedGen:C3661900,not provided,germline,germline,GRCh37,NC_000011.9,11,17452450,17452450,na,na,11p15.1,"criteria provided, single submitter",1,-,N,ClinGen:CA473302873,2,2912598,17452450,G,C,-,-,-,-,-,-,SCV004548259,-,-
3070710,single nucleotide variant,NM_000352.6(ABCC8):c.1728C>G (p.Ala576=),6833,ABCC8,HGNC:59,Likely benign,0,"Nov 01, 2023",2496688995,-,RCV003734995,MedGen:C3661900,not provided,germline,germline,GRCh38,NC_000011.10,11,17430903,17430903,na,na,11p15.1,"criteria provided, single submitter",1,-,N,ClinGen:CA473302873,2,2912598,17430903,G,C,-,-,-,-,-,-,SCV004548259,-,-
3070770,Deletion,NM_000352.6(ABCC8):c.4609-16del,6833,ABCC8,HGNC:59,Benign,0,"Feb 02, 2024",750089728,-,RCV003735012,MedGen:C3661900,not provided,germline,germline,GRCh37,NC_000011.9,11,17414691,17414691,na,na,11p15.1,"criteria provided, single submitter",1,-,N,ClinGen:CA5902394,2,2912658,17414690,AG,A,-,-,-,-,-,-,SCV004548327,-,-
3070770,Deletion,NM_000352.6(ABCC8):c.4609-16del,6833,ABCC8,HGNC:59,Benign,0,"Feb 02, 2024",750089728,-,RCV003735012,MedGen:C3661900,not provided,germline,germline,GRCh38,NC_000011.10,11,17393144,17393144,na,na,11p15.1,"criteria provided, single submitter",1,-,N,ClinGen:CA5902394,2,2912658,17393143,AG,A,-,-,-,-,-,-,SCV004548327,-,-
3071078,single nucleotide variant,NM_000352.6(ABCC8):c.3400-12C>T,6833,ABCC8,HGNC:59,Likely benign,0,"Dec 27, 2023",201118490,-,RCV003735666,MedGen:C3661900,not provided,germline,germline,GRCh37,NC_000011.9,11,17426228,17426228,na,na,11p15.1,"criteria provided, single submitter",1,-,N,ClinGen:CA5902816,2,2914266,17426228,G,A,-,-,-,-,-,-,SCV004550275,-,-
3071078,single nucleotide variant,NM_000352.6(ABCC8):c.3400-12C>T,6833,ABCC8,HGNC:59,Likely benign,0,"Dec 27, 2023",201118490,-,RCV003735666,MedGen:C3661900,not provided,germline,germline,GRCh38,NC_000011.10,11,17404681,17404681,na,na,11p15.1,"criteria provided, single submitter",1,-,N,ClinGen:CA5902816,2,2914266,17404681,G,A,-,-,-,-,-,-,SCV004550275,-,-
3071101,single nucleotide variant,NM_000352.6(ABCC8):c.823-17A>G,6833,ABCC8,HGNC:59,Likely benign,0,"Feb 15, 2024",374192125,-,RCV003735679,MedGen:C3661900,not provided,germline,germline,GRCh37,NC_000011.9,11,17482240,17482240,na,na,11p15.1,"criteria provided, single submitter",1,-,N,ClinGen:CA5903746,2,2914289,17482240,T,C,-,-,-,-,-,-,SCV004550303,-,-
3071101,single nucleotide variant,NM_000352.6(ABCC8):c.823-17A>G,6833,ABCC8,HGNC:59,Likely benign,0,"Feb 15, 2024",374192125,-,RCV003735679,MedGen:C3661900,not provided,germline,germline,GRCh38,NC_000011.10,11,17460693,17460693,na,na,11p15.1,"criteria provided, single submitter",1,-,N,ClinGen:CA5903746,2,2914289,17460693,T,C,-,-,-,-,-,-,SCV004550303,-,-
3071345,Deletion,NM_000352.6(ABCC8):c.4199-19del,6833,ABCC8,HGNC:59,Likely benign,0,"Nov 08, 2025",747369109,-,RCV003735765,MedGen:C3661900,not provided,germline,germline,GRCh37,NC_000011.9,11,17417284,17417284,na,na,11p15.1,"criteria provided, single submitter",1,-,N,ClinGen:CA5902530,2,2914534,17417283,AG,A,-,-,-,-,-,-,SCV004548938,-,-
3071345,Deletion,NM_000352.6(ABCC8):c.4199-19del,6833,ABCC8,HGNC:59,Likely benign,0,"Nov 08, 2025",747369109,-,RCV003735765,MedGen:C3661900,not provided,germline,germline,GRCh38,NC_000011.10,11,17395737,17395737,na,na,11p15.1,"criteria provided, single submitter",1,-,N,ClinGen:CA5902530,2,2914534,17395736,AG,A,-,-,-,-,-,-,SCV004548938,-,-
3071873,single nucleotide variant,NM_000352.6(ABCC8):c.3162+19G>A,6833,ABCC8,HGNC:59,Likely benign,0,"Dec 11, 2024",978356369,-,RCV003737800|RCV005240913,MedGen:C3661900|MedGen:CN169374,not provided|not specified,germline,germline,GRCh37,NC_000011.9,11,17428416,17428416,na,na,11p15.1,"criteria provided, multiple submitters, no conflicts",2,-,N,ClinGen:CA218422790,2,2917672,17428416,C,T,-,-,-,-,-,-,SCV004554121|SCV005884101,-,-
3071873,single nucleotide variant,NM_000352.6(ABCC8):c.3162+19G>A,6833,ABCC8,HGNC:59,Likely benign,0,"Dec 11, 2024",978356369,-,RCV003737800|RCV005240913,MedGen:C3661900|MedGen:CN169374,not provided|not specified,germline,germline,GRCh38,NC_000011.10,11,17406869,17406869,na,na,11p15.1,"criteria provided, multiple submitters, no conflicts",2,-,N,ClinGen:CA218422790,2,2917672,17406869,C,T,-,-,-,-,-,-,SCV004554121|SCV005884101,-,-
3071879,single nucleotide variant,NM_000352.6(ABCC8):c.148+16G>A,6833,ABCC8,HGNC:59,Likely benign,0,"Nov 18, 2025",777093516,-,RCV003737803,MedGen:C3661900,not provided,germline,germline,GRCh37,NC_000011.9,11,17498160,17498160,na,na,11p15.1,"criteria provided, single submitter",1,-,N,ClinGen:CA5903967,2,2917678,17498160,C,T,-,-,-,-,-,-,SCV004554127,-,-
3071879,single nucleotide variant,NM_000352.6(ABCC8):c.148+16G>A,6833,ABCC8,HGNC:59,Likely benign,0,"Nov 18, 2025",777093516,-,RCV003737803,MedGen:C3661900,not provided,germline,germline,GRCh38,NC_000011.10,11,17476613,17476613,na,na,11p15.1,"criteria provided, single submitter",1,-,N,ClinGen:CA5903967,2,2917678,17476613,C,T,-,-,-,-,-,-,SCV004554127,-,-
3073459,single nucleotide variant,NM_000352.6(ABCC8):c.95A>G (p.Asn32Ser),6833,ABCC8,HGNC:59,Likely pathogenic,1,"Apr 30, 2023",1848801744,-,RCV003734879,MedGen:C3661900,not provided,germline,germline,GRCh37,NC_000011.9,11,17498229,17498229,na,na,11p15.1,"criteria provided, single submitter",1,-,N,ClinGen:CA379790013,2,2912302,17498229,T,C,-,-,-,-,-,-,SCV004547682,-,-
3073459,single nucleotide variant,NM_000352.6(ABCC8):c.95A>G (p.Asn32Ser),6833,ABCC8,HGNC:59,Likely pathogenic,1,"Apr 30, 2023",1848801744,-,RCV003734879,MedGen:C3661900,not provided,germline,germline,GRCh38,NC_000011.10,11,17476682,17476682,na,na,11p15.1,"criteria provided, single submitter",1,-,N,ClinGen:CA379790013,2,2912302,17476682,T,C,-,-,-,-,-,-,SCV004547682,-,-
3074237,single nucleotide variant,NM_000352.6(ABCC8):c.822+14C>A,6833,ABCC8,HGNC:59,Likely benign,0,"Aug 24, 2023",376319013,-,RCV003740092,MedGen:C3661900,not provided,germline,germline,GRCh37,NC_000011.9,11,17483116,17483116,na,na,11p15.1,"criteria provided, single submitter",1,-,N,ClinGen:CA218451945,2,2915687,17483116,G,T,-,-,-,-,-,-,SCV004551995,-,-
3074237,single nucleotide variant,NM_000352.6(ABCC8):c.822+14C>A,6833,ABCC8,HGNC:59,Likely benign,0,"Aug 24, 2023",376319013,-,RCV003740092,MedGen:C3661900,not provided,germline,germline,GRCh38,NC_000011.10,11,17461569,17461569,na,na,11p15.1,"criteria provided, single submitter",1,-,N,ClinGen:CA218451945,2,2915687,17461569,G,T,-,-,-,-,-,-,SCV004551995,-,-
3074249,single nucleotide variant,NM_000352.6(ABCC8):c.2040+14C>A,6833,ABCC8,HGNC:59,Likely benign,0,"Sep 23, 2024",758392763,-,RCV003740099|RCV004783109,MedGen:C3661900|MedGen:CN169374,not provided|not specified,germline,germline,GRCh37,NC_000011.9,11,17449822,17449822,na,na,11p15.1,"criteria provided, multiple submitters, no conflicts",2,-,N,ClinGen:CA5903338,2,2915699,17449822,G,T,-,-,-,-,-,-,SCV004550403|SCV005394831,-,-
3074249,single nucleotide variant,NM_000352.6(ABCC8):c.2040+14C>A,6833,ABCC8,HGNC:59,Likely benign,0,"Sep 23, 2024",758392763,-,RCV003740099|RCV004783109,MedGen:C3661900|MedGen:CN169374,not provided|not specified,germline,germline,GRCh38,NC_000011.10,11,17428275,17428275,na,na,11p15.1,"criteria provided, multiple submitters, no conflicts",2,-,N,ClinGen:CA5903338,2,2915699,17428275,G,T,-,-,-,-,-,-,SCV004550403|SCV005394831,-,-
3074646,single nucleotide variant,NM_000352.6(ABCC8):c.3650+14T>C,6833,ABCC8,HGNC:59,Likely benign,0,"Nov 11, 2025",1359701808,-,RCV003737708|RCV006269890,MedGen:C3661900|MedGen:CN169374,not provided|not specified,germline,germline,GRCh37,NC_000011.9,11,17424194,17424194,na,na,11p15.1,"criteria provided, multiple submitters, no conflicts",2,-,N,ClinGen:CA597665142,2,2917404,17424194,A,G,-,-,-,-,-,-,SCV004552757|SCV007124178,-,-
3074646,single nucleotide variant,NM_000352.6(ABCC8):c.3650+14T>C,6833,ABCC8,HGNC:59,Likely benign,0,"Nov 11, 2025",1359701808,-,RCV003737708|RCV006269890,MedGen:C3661900|MedGen:CN169374,not provided|not specified,germline,germline,GRCh38,NC_000011.10,11,17402647,17402647,na,na,11p15.1,"criteria provided, multiple submitters, no conflicts",2,-,N,ClinGen:CA597665142,2,2917404,17402647,A,G,-,-,-,-,-,-,SCV004552757|SCV007124178,-,-
3075853,single nucleotide variant,NM_000352.6(ABCC8):c.2255+12G>A,6833,ABCC8,HGNC:59,Likely benign,0,"Dec 16, 2025",751965037,-,RCV003738671,MedGen:C3661900,not provided,germline,germline,GRCh37,NC_000011.9,11,17438465,17438465,na,na,11p15.1,"criteria provided, single submitter",1,-,N,ClinGen:CA5903249,2,2911874,17438465,C,T,-,-,-,-,-,-,SCV004559090,-,-
3075853,single nucleotide variant,NM_000352.6(ABCC8):c.2255+12G>A,6833,ABCC8,HGNC:59,Likely benign,0,"Dec 16, 2025",751965037,-,RCV003738671,MedGen:C3661900,not provided,germline,germline,GRCh38,NC_000011.10,11,17416918,17416918,na,na,11p15.1,"criteria provided, single submitter",1,-,N,ClinGen:CA5903249,2,2911874,17416918,C,T,-,-,-,-,-,-,SCV004559090,-,-
3076072,single nucleotide variant,NM_000352.6(ABCC8):c.1467+15G>T,6833,ABCC8,HGNC:59,Likely benign,0,"Oct 28, 2023",777735422,-,RCV003738887,MedGen:C3661900,not provided,germline,germline,GRCh37,NC_000011.9,11,17464710,17464710,na,na,11p15.1,"criteria provided, single submitter",1,-,N,ClinGen:CA5903574,2,2913401,17464710,C,A,-,-,-,-,-,-,SCV004547936,-,-
3076072,single nucleotide variant,NM_000352.6(ABCC8):c.1467+15G>T,6833,ABCC8,HGNC:59,Likely benign,0,"Oct 28, 2023",777735422,-,RCV003738887,MedGen:C3661900,not provided,germline,germline,GRCh38,NC_000011.10,11,17443163,17443163,na,na,11p15.1,"criteria provided, single submitter",1,-,N,ClinGen:CA5903574,2,2913401,17443163,C,A,-,-,-,-,-,-,SCV004547936,-,-
3076604,single nucleotide variant,NM_000352.6(ABCC8):c.4198+14C>G,6833,ABCC8,HGNC:59,Likely benign,0,"Jul 28, 2023",753385286,-,RCV003735992,MedGen:C3661900,not provided,germline,germline,GRCh37,NC_000011.9,11,17417385,17417385,na,na,11p15.1,"criteria provided, single submitter",1,-,N,ClinGen:CA1955123329,2,2915234,17417385,G,C,-,-,-,-,-,-,SCV004551360,-,-
3076604,single nucleotide variant,NM_000352.6(ABCC8):c.4198+14C>G,6833,ABCC8,HGNC:59,Likely benign,0,"Jul 28, 2023",753385286,-,RCV003735992,MedGen:C3661900,not provided,germline,germline,GRCh38,NC_000011.10,11,17395838,17395838,na,na,11p15.1,"criteria provided, single submitter",1,-,N,ClinGen:CA1955123329,2,2915234,17395838,G,C,-,-,-,-,-,-,SCV004551360,-,-
3076829,single nucleotide variant,NM_000525.4(KCNJ11):c.148C>T (p.Arg50Trp),3767,KCNJ11,HGNC:6257,Conflicting classifications of pathogenicity,1,"May 15, 2025",1221366142,-,RCV003740019,MedGen:C3661900,not provided,germline;unknown,germline,GRCh37,NC_000011.9,11,17409491,17409491,na,na,11p15.1,"criteria provided, conflicting classifications",3,-,N,ClinGen:CA379776370,2,2915459,17409491,G,A,-,-,-,-,-,-,SCV004551663|SCV005620605|SCV007103640,-,-
3076829,single nucleotide variant,NM_000525.4(KCNJ11):c.148C>T (p.Arg50Trp),3767,KCNJ11,HGNC:6257,Conflicting classifications of pathogenicity,1,"May 15, 2025",1221366142,-,RCV003740019,MedGen:C3661900,not provided,germline;unknown,germline,GRCh38,NC_000011.10,11,17387944,17387944,na,na,11p15.1,"criteria provided, conflicting classifications",3,-,N,ClinGen:CA379776370,2,2915459,17387944,G,A,-,-,-,-,-,-,SCV004551663|SCV005620605|SCV007103640,-,-
3077256,Deletion,NM_000352.6(ABCC8):c.580-16_580-14del,6833,ABCC8,HGNC:59,Likely benign,0,"Feb 23, 2024",746784867,-,RCV003737648,MedGen:C3661900,not provided,germline,germline,GRCh37,NC_000011.9,11,17483386,17483388,na,na,11p15.1,"criteria provided, single submitter",1,-,N,ClinGen:CA5903824,2,2917194,17483385,TGGG,T,-,-,-,-,-,-,SCV004553421,-,-
3077256,Deletion,NM_000352.6(ABCC8):c.580-16_580-14del,6833,ABCC8,HGNC:59,Likely benign,0,"Feb 23, 2024",746784867,-,RCV003737648,MedGen:C3661900,not provided,germline,germline,GRCh38,NC_000011.10,11,17461839,17461841,na,na,11p15.1,"criteria provided, single submitter",1,-,N,ClinGen:CA5903824,2,2917194,17461838,TGGG,T,-,-,-,-,-,-,SCV004553421,-,-
3077459,Deletion,NM_000352.6(ABCC8):c.1011+17del,6833,ABCC8,HGNC:59,Conflicting classifications of pathogenicity,0,"May 04, 2024",1346712530,-,RCV003739128|RCV005051381,"MedGen:C3661900|MONDO:MONDO:0030088,MedGen:C5394303,OMIM:618857;MONDO:MONDO:0009415,MedGen:C0271714,OMIM:240800;MONDO:MONDO:0012480,MedGen:C1835887,OMIM:610374,Orphanet:99886;Human Phenotype Ontology:HP:0005965,Human Phenotype Ontology:HP:0005978,Human Phenotype Ontology:HP:0100652,MONDO:MONDO:0005148,MeSH:D003924,MedGen:C0011860,OMIM:125853;MONDO:MONDO:0009734,MedGen:C2931832,OMIM:256450,Orphanet:276575,Orphanet:276598","not provided|Diabetes mellitus, permanent neonatal 3;Leucine-induced hypoglycemia;Diabetes mellitus, transient neonatal, 2;Type 2 diabetes mellitus;Hyperinsulinemic hypoglycemia, familial, 1",germline,germline,GRCh37,NC_000011.9,11,17482018,17482018,na,na,11p15.1,"criteria provided, conflicting classifications",2,-,N,ClinGen:CA597904580,2,2918708,17482017,AC,A,-,-,-,-,-,-,SCV004554320|SCV005680892,-,-
3077459,Deletion,NM_000352.6(ABCC8):c.1011+17del,6833,ABCC8,HGNC:59,Conflicting classifications of pathogenicity,0,"May 04, 2024",1346712530,-,RCV003739128|RCV005051381,"MedGen:C3661900|MONDO:MONDO:0030088,MedGen:C5394303,OMIM:618857;MONDO:MONDO:0009415,MedGen:C0271714,OMIM:240800;MONDO:MONDO:0012480,MedGen:C1835887,OMIM:610374,Orphanet:99886;Human Phenotype Ontology:HP:0005965,Human Phenotype Ontology:HP:0005978,Human Phenotype Ontology:HP:0100652,MONDO:MONDO:0005148,MeSH:D003924,MedGen:C0011860,OMIM:125853;MONDO:MONDO:0009734,MedGen:C2931832,OMIM:256450,Orphanet:276575,Orphanet:276598","not provided|Diabetes mellitus, permanent neonatal 3;Leucine-induced hypoglycemia;Diabetes mellitus, transient neonatal, 2;Type 2 diabetes mellitus;Hyperinsulinemic hypoglycemia, familial, 1",germline,germline,GRCh38,NC_000011.10,11,17460471,17460471,na,na,11p15.1,"criteria provided, conflicting classifications",2,-,N,ClinGen:CA597904580,2,2918708,17460470,AC,A,-,-,-,-,-,-,SCV004554320|SCV005680892,-,-
3078248,single nucleotide variant,NM_000352.6(ABCC8):c.1467+16T>G,6833,ABCC8,HGNC:59,Likely benign,0,"Feb 19, 2024",768929919,-,RCV003732345,MedGen:C3661900,not provided,germline,germline,GRCh37,NC_000011.9,11,17464709,17464709,na,na,11p15.1,"criteria provided, single submitter",1,-,N,ClinGen:CA5903573,2,2909579,17464709,A,C,-,-,-,-,-,-,SCV004539291,-,-
3078248,single nucleotide variant,NM_000352.6(ABCC8):c.1467+16T>G,6833,ABCC8,HGNC:59,Likely benign,0,"Feb 19, 2024",768929919,-,RCV003732345,MedGen:C3661900,not provided,germline,germline,GRCh38,NC_000011.10,11,17443162,17443162,na,na,11p15.1,"criteria provided, single submitter",1,-,N,ClinGen:CA5903573,2,2909579,17443162,A,C,-,-,-,-,-,-,SCV004539291,-,-
3078291,single nucleotide variant,NM_000352.6(ABCC8):c.3329+19C>G,6833,ABCC8,HGNC:59,Likely benign,0,"Oct 26, 2025",370464356,-,RCV003732353,MedGen:C3661900,not provided,germline,germline,GRCh37,NC_000011.9,11,17428150,17428150,na,na,11p15.1,"criteria provided, single submitter",1,-,N,ClinGen:CA5902863,2,2909623,17428150,G,C,-,-,-,-,-,-,SCV004539336,-,-
3078291,single nucleotide variant,NM_000352.6(ABCC8):c.3329+19C>G,6833,ABCC8,HGNC:59,Likely benign,0,"Oct 26, 2025",370464356,-,RCV003732353,MedGen:C3661900,not provided,germline,germline,GRCh38,NC_000011.10,11,17406603,17406603,na,na,11p15.1,"criteria provided, single submitter",1,-,N,ClinGen:CA5902863,2,2909623,17406603,G,C,-,-,-,-,-,-,SCV004539336,-,-
3078632,Deletion,NM_000352.6(ABCC8):c.4412-14del,6833,ABCC8,HGNC:59,Benign,0,"Feb 17, 2024",779496995,-,RCV003737509,MedGen:C3661900,not provided,germline,germline,GRCh37,NC_000011.9,11,17415960,17415960,na,na,11p15.1,"criteria provided, single submitter",1,-,N,ClinGen:CA5902474,2,2911279,17415959,CG,C,-,-,-,-,-,-,SCV004559881,-,-
3078632,Deletion,NM_000352.6(ABCC8):c.4412-14del,6833,ABCC8,HGNC:59,Benign,0,"Feb 17, 2024",779496995,-,RCV003737509,MedGen:C3661900,not provided,germline,germline,GRCh38,NC_000011.10,11,17394413,17394413,na,na,11p15.1,"criteria provided, single submitter",1,-,N,ClinGen:CA5902474,2,2911279,17394412,CG,C,-,-,-,-,-,-,SCV004559881,-,-
3078690,single nucleotide variant,NM_000352.6(ABCC8):c.148+19C>A,6833,ABCC8,HGNC:59,Likely benign,0,"Jun 09, 2024",1385393393,-,RCV003737524,MedGen:C3661900,not provided,germline,germline,GRCh37,NC_000011.9,11,17498157,17498157,na,na,11p15.1,"criteria provided, single submitter",1,-,N,ClinGen:CA597904612,2,2911338,17498157,G,T,-,-,-,-,-,-,SCV004559946,-,-
3078690,single nucleotide variant,NM_000352.6(ABCC8):c.148+19C>A,6833,ABCC8,HGNC:59,Likely benign,0,"Jun 09, 2024",1385393393,-,RCV003737524,MedGen:C3661900,not provided,germline,germline,GRCh38,NC_000011.10,11,17476610,17476610,na,na,11p15.1,"criteria provided, single submitter",1,-,N,ClinGen:CA597904612,2,2911338,17476610,G,T,-,-,-,-,-,-,SCV004559946,-,-
3078739,Insertion,NM_000352.6(ABCC8):c.1631-10_1631-9insTAAACGCCTCCCTGTGCTTT,6833,ABCC8,HGNC:59,Likely benign,0,"Dec 02, 2022",1338109043,-,RCV003738529,MedGen:C3661900,not provided,germline,germline,GRCh37,NC_000011.9,11,17453800,17453801,na,na,11p15.1,"criteria provided, single submitter",1,-,N,ClinGen:CA597666475,2,2911387,17453800,G,GAAGCACAGGGAGGCGTTTAA,-,-,-,-,-,-,SCV004560001,-,-
3078739,Insertion,NM_000352.6(ABCC8):c.1631-10_1631-9insTAAACGCCTCCCTGTGCTTT,6833,ABCC8,HGNC:59,Likely benign,0,"Dec 02, 2022",1338109043,-,RCV003738529,MedGen:C3661900,not provided,germline,germline,GRCh38,NC_000011.10,11,17432253,17432254,na,na,11p15.1,"criteria provided, single submitter",1,-,N,ClinGen:CA597666475,2,2911387,17432253,G,GAAGCACAGGGAGGCGTTTAA,-,-,-,-,-,-,SCV004560001,-,-
3078901,single nucleotide variant,NM_000352.6(ABCC8):c.1176+10T>C,6833,ABCC8,HGNC:59,Likely benign,0,"Apr 24, 2023",762053701,-,RCV003738556|RCV005616775,MedGen:C3661900|,not provided|Hereditary hyperinsulinism,germline,germline,GRCh37,NC_000011.9,11,17474656,17474656,na,na,11p15.1,"criteria provided, single submitter",2,-,N,ClinGen:CA5903663,2,2911550,17474656,A,G,-,-,-,-,-,-,SCV004560189,-,-
3078901,single nucleotide variant,NM_000352.6(ABCC8):c.1176+10T>C,6833,ABCC8,HGNC:59,Likely benign,0,"Apr 24, 2023",762053701,-,RCV003738556|RCV005616775,MedGen:C3661900|,not provided|Hereditary hyperinsulinism,germline,germline,GRCh38,NC_000011.10,11,17453109,17453109,na,na,11p15.1,"criteria provided, single submitter",2,-,N,ClinGen:CA5903663,2,2911550,17453109,A,G,-,-,-,-,-,-,SCV004560189,-,-
3079080,single nucleotide variant,NM_000352.6(ABCC8):c.2041-14C>T,6833,ABCC8,HGNC:59,Likely benign,0,"Nov 28, 2023",1191412833,-,RCV003738756,MedGen:C3661900,not provided,germline,germline,GRCh37,NC_000011.9,11,17449503,17449503,na,na,11p15.1,"criteria provided, single submitter",1,-,N,ClinGen:CA597666162,2,2913039,17449503,G,A,-,-,-,-,-,-,SCV004547179,-,-
3079080,single nucleotide variant,NM_000352.6(ABCC8):c.2041-14C>T,6833,ABCC8,HGNC:59,Likely benign,0,"Nov 28, 2023",1191412833,-,RCV003738756,MedGen:C3661900,not provided,germline,germline,GRCh38,NC_000011.10,11,17427956,17427956,na,na,11p15.1,"criteria provided, single submitter",1,-,N,ClinGen:CA597666162,2,2913039,17427956,G,A,-,-,-,-,-,-,SCV004547179,-,-
3079140,single nucleotide variant,NM_000352.6(ABCC8):c.822+16G>A,6833,ABCC8,HGNC:59,Likely benign,0,"Mar 20, 2024",1661569111,-,RCV003738770,MedGen:C3661900,not provided,germline,germline,GRCh37,NC_000011.9,11,17483114,17483114,na,na,11p15.1,"criteria provided, single submitter",1,-,N,ClinGen:CA1955154438,2,2913100,17483114,C,T,-,-,-,-,-,-,SCV004547254,-,-
3079140,single nucleotide variant,NM_000352.6(ABCC8):c.822+16G>A,6833,ABCC8,HGNC:59,Likely benign,0,"Mar 20, 2024",1661569111,-,RCV003738770,MedGen:C3661900,not provided,germline,germline,GRCh38,NC_000011.10,11,17461567,17461567,na,na,11p15.1,"criteria provided, single submitter",1,-,N,ClinGen:CA1955154438,2,2913100,17461567,C,T,-,-,-,-,-,-,SCV004547254,-,-
3079212,single nucleotide variant,NM_000352.6(ABCC8):c.1817+19C>A,6833,ABCC8,HGNC:59,Likely benign,0,"Jan 29, 2024",376648638,-,RCV003738782,MedGen:C3661900,not provided,germline,germline,GRCh37,NC_000011.9,11,17452342,17452342,na,na,11p15.1,"criteria provided, single submitter",1,-,N,ClinGen:CA5903441,2,2913172,17452342,G,T,-,-,-,-,-,-,SCV004547336,-,-
3079212,single nucleotide variant,NM_000352.6(ABCC8):c.1817+19C>A,6833,ABCC8,HGNC:59,Likely benign,0,"Jan 29, 2024",376648638,-,RCV003738782,MedGen:C3661900,not provided,germline,germline,GRCh38,NC_000011.10,11,17430795,17430795,na,na,11p15.1,"criteria provided, single submitter",1,-,N,ClinGen:CA5903441,2,2913172,17430795,G,T,-,-,-,-,-,-,SCV004547336,-,-
3079279,single nucleotide variant,NM_000352.6(ABCC8):c.1878C>G (p.Pro626=),6833,ABCC8,HGNC:59,Likely benign,0,"Dec 13, 2022",373130710,-,RCV003738804,MedGen:C3661900,not provided,germline,germline,GRCh37,NC_000011.9,11,17450157,17450157,na,na,11p15.1,"criteria provided, single submitter",1,-,N,ClinGen:CA218441644,2,2913239,17450157,G,C,-,-,-,-,-,-,SCV004547412,-,-
3079279,single nucleotide variant,NM_000352.6(ABCC8):c.1878C>G (p.Pro626=),6833,ABCC8,HGNC:59,Likely benign,0,"Dec 13, 2022",373130710,-,RCV003738804,MedGen:C3661900,not provided,germline,germline,GRCh38,NC_000011.10,11,17428610,17428610,na,na,11p15.1,"criteria provided, single submitter",1,-,N,ClinGen:CA218441644,2,2913239,17428610,G,C,-,-,-,-,-,-,SCV004547412,-,-
3079296,single nucleotide variant,NM_000352.6(ABCC8):c.1332+11G>C,6833,ABCC8,HGNC:59,Likely benign,0,"Aug 17, 2025",2496780510,-,RCV003738812,MedGen:C3661900,not provided,germline,germline,GRCh37,NC_000011.9,11,17470052,17470052,na,na,11p15.1,"criteria provided, single submitter",1,-,N,ClinGen:CA2612667912,2,2913256,17470052,C,G,-,-,-,-,-,-,SCV004547430,-,-
3079296,single nucleotide variant,NM_000352.6(ABCC8):c.1332+11G>C,6833,ABCC8,HGNC:59,Likely benign,0,"Aug 17, 2025",2496780510,-,RCV003738812,MedGen:C3661900,not provided,germline,germline,GRCh38,NC_000011.10,11,17448505,17448505,na,na,11p15.1,"criteria provided, single submitter",1,-,N,ClinGen:CA2612667912,2,2913256,17448505,C,G,-,-,-,-,-,-,SCV004547430,-,-
3079327,Deletion,NM_000352.6(ABCC8):c.290+12_290+15del,6833,ABCC8,HGNC:59,Likely benign,0,"Dec 30, 2023",2496918168,-,RCV003738824,MedGen:C3661900,not provided,germline,germline,GRCh37,NC_000011.9,11,17496418,17496421,na,na,11p15.1,"criteria provided, single submitter",1,-,N,ClinGen:CA2574769161,2,2913287,17496417,TCAGA,T,-,-,-,-,-,-,SCV004547463,-,-
3079327,Deletion,NM_000352.6(ABCC8):c.290+12_290+15del,6833,ABCC8,HGNC:59,Likely benign,0,"Dec 30, 2023",2496918168,-,RCV003738824,MedGen:C3661900,not provided,germline,germline,GRCh38,NC_000011.10,11,17474871,17474874,na,na,11p15.1,"criteria provided, single submitter",1,-,N,ClinGen:CA2574769161,2,2913287,17474870,TCAGA,T,-,-,-,-,-,-,SCV004547463,-,-
3079407,single nucleotide variant,NM_000352.6(ABCC8):c.1368C>G (p.Leu456=),6833,ABCC8,HGNC:59,Likely benign,0,"Mar 04, 2023",775001123,-,RCV003735818,MedGen:C3661900,not provided,germline,germline,GRCh37,NC_000011.9,11,17464824,17464824,na,na,11p15.1,"criteria provided, single submitter",1,-,N,ClinGen:CA473298718,2,2914668,17464824,G,C,-,-,-,-,-,-,SCV004549086,-,-
3079407,single nucleotide variant,NM_000352.6(ABCC8):c.1368C>G (p.Leu456=),6833,ABCC8,HGNC:59,Likely benign,0,"Mar 04, 2023",775001123,-,RCV003735818,MedGen:C3661900,not provided,germline,germline,GRCh38,NC_000011.10,11,17443277,17443277,na,na,11p15.1,"criteria provided, single submitter",1,-,N,ClinGen:CA473298718,2,2914668,17443277,G,C,-,-,-,-,-,-,SCV004549086,-,-
3080157,single nucleotide variant,NM_000525.4(KCNJ11):c.952A>G (p.Ile318Val),3767,KCNJ11,HGNC:6257,Uncertain significance,0,"Feb 03, 2025",369179692,-,RCV003737536,MedGen:C3661900,not provided,germline,germline,GRCh37,NC_000011.9,11,17408687,17408687,na,na,11p15.1,"criteria provided, single submitter",1,-,N,ClinGen:CA5902213,2,2916729,17408687,T,C,-,-,-,-,-,-,SCV004552318,-,-
3080157,single nucleotide variant,NM_000525.4(KCNJ11):c.952A>G (p.Ile318Val),3767,KCNJ11,HGNC:6257,Uncertain significance,0,"Feb 03, 2025",369179692,-,RCV003737536,MedGen:C3661900,not provided,germline,germline,GRCh38,NC_000011.10,11,17387140,17387140,na,na,11p15.1,"criteria provided, single submitter",1,-,N,ClinGen:CA5902213,2,2916729,17387140,T,C,-,-,-,-,-,-,SCV004552318,-,-
3080585,single nucleotide variant,NM_000352.6(ABCC8):c.4119+11G>C,6833,ABCC8,HGNC:59,Likely benign,0,"Mar 13, 2024",781559986,-,RCV003739047,MedGen:C3661900,not provided,germline,germline,GRCh37,NC_000011.9,11,17418452,17418452,na,na,11p15.1,"criteria provided, single submitter",1,-,N,ClinGen:CA218409482,2,2918465,17418452,C,G,-,-,-,-,-,-,SCV004553688,-,-
3080585,single nucleotide variant,NM_000352.6(ABCC8):c.4119+11G>C,6833,ABCC8,HGNC:59,Likely benign,0,"Mar 13, 2024",781559986,-,RCV003739047,MedGen:C3661900,not provided,germline,germline,GRCh38,NC_000011.10,11,17396905,17396905,na,na,11p15.1,"criteria provided, single submitter",1,-,N,ClinGen:CA218409482,2,2918465,17396905,C,G,-,-,-,-,-,-,SCV004553688,-,-
3080905,single nucleotide variant,NM_000352.6(ABCC8):c.1012-20T>C,6833,ABCC8,HGNC:59,Likely benign,0,"Feb 10, 2023",369829544,-,RCV003736133,MedGen:C3661900,not provided,germline,germline,GRCh37,NC_000011.9,11,17474850,17474850,na,na,11p15.1,"criteria provided, single submitter",1,-,N,ClinGen:CA5903689,2,2920101,17474850,A,G,-,-,-,-,-,-,SCV004561180,-,-
3080905,single nucleotide variant,NM_000352.6(ABCC8):c.1012-20T>C,6833,ABCC8,HGNC:59,Likely benign,0,"Feb 10, 2023",369829544,-,RCV003736133,MedGen:C3661900,not provided,germline,germline,GRCh38,NC_000011.10,11,17453303,17453303,na,na,11p15.1,"criteria provided, single submitter",1,-,N,ClinGen:CA5903689,2,2920101,17453303,A,G,-,-,-,-,-,-,SCV004561180,-,-
3081194,single nucleotide variant,NM_000162.5(GCK):c.799G>C (p.Asp267His),2645,GCK,HGNC:4195,Uncertain significance,0,"Feb 07, 2024",2484513797,-,RCV003634411,"MONDO:MONDO:0007453,MedGen:C0342277,OMIM:125851,Orphanet:552",Maturity-onset diabetes of the young type 2,unknown,unknown,GRCh37,NC_000007.13,7,44187313,44187313,na,na,7p13,"criteria provided, single submitter",1,-,N,ClinGen:CA367400536,2,2920726,44187313,C,G,-,-,-,-,-,-,SCV004543803,-,-
3081194,single nucleotide variant,NM_000162.5(GCK):c.799G>C (p.Asp267His),2645,GCK,HGNC:4195,Uncertain significance,0,"Feb 07, 2024",2484513797,-,RCV003634411,"MONDO:MONDO:0007453,MedGen:C0342277,OMIM:125851,Orphanet:552",Maturity-onset diabetes of the young type 2,unknown,unknown,GRCh38,NC_000007.14,7,44147714,44147714,na,na,7p13,"criteria provided, single submitter",1,-,N,ClinGen:CA367400536,2,2920726,44147714,C,G,-,-,-,-,-,-,SCV004543803,-,-
3081493,Indel,NM_000162.5(GCK):c.431_432delinsCT (p.Leu144Pro),2645,GCK,HGNC:4195,Uncertain significance,0,"Aug 31, 2023",2484529770,-,RCV003740508,MedGen:C3661900,not provided,germline,germline,GRCh37,NC_000007.13,7,44190606,44190607,na,na,7p13,"criteria provided, single submitter",1,-,N,ClinGen:CA2695202965,2,2921032,44190606,CA,AG,-,-,-,-,-,-,SCV004562481,-,-
3081493,Indel,NM_000162.5(GCK):c.431_432delinsCT (p.Leu144Pro),2645,GCK,HGNC:4195,Uncertain significance,0,"Aug 31, 2023",2484529770,-,RCV003740508,MedGen:C3661900,not provided,germline,germline,GRCh38,NC_000007.14,7,44151007,44151008,na,na,7p13,"criteria provided, single submitter",1,-,N,ClinGen:CA2695202965,2,2921032,44151007,CA,AG,-,-,-,-,-,-,SCV004562481,-,-
3081658,Duplication,NM_000162.5(GCK):c.852dup (p.Gly285fs),2645,GCK,HGNC:4195,Likely pathogenic,1,"Sep 12, 2023",2484513130,-,RCV003740618,MedGen:C3661900,not provided,germline,germline,GRCh37,NC_000007.13,7,44187259,44187260,na,na,7p13,"criteria provided, single submitter",1,-,N,ClinGen:CA2739265440,2,2921197,44187259,C,CG,-,-,-,-,-,-,SCV004563707,-,-
3081658,Duplication,NM_000162.5(GCK):c.852dup (p.Gly285fs),2645,GCK,HGNC:4195,Likely pathogenic,1,"Sep 12, 2023",2484513130,-,RCV003740618,MedGen:C3661900,not provided,germline,germline,GRCh38,NC_000007.14,7,44147660,44147661,na,na,7p13,"criteria provided, single submitter",1,-,N,ClinGen:CA2739265440,2,2921197,44147660,C,CG,-,-,-,-,-,-,SCV004563707,-,-
3081673,single nucleotide variant,NM_000162.5(GCK):c.432G>T (p.Leu144=),2645,GCK,HGNC:4195,Likely benign,0,"Jul 09, 2025",1444660066,-,RCV003740627,MedGen:C3661900,not provided,germline,germline,GRCh37,NC_000007.13,7,44190606,44190606,na,na,7p13,"criteria provided, multiple submitters, no conflicts",2,-,N,ClinGen:CA454609812,2,2921212,44190606,C,A,-,-,-,-,-,-,SCV004563755|SCV007372290,-,-
3081673,single nucleotide variant,NM_000162.5(GCK):c.432G>T (p.Leu144=),2645,GCK,HGNC:4195,Likely benign,0,"Jul 09, 2025",1444660066,-,RCV003740627,MedGen:C3661900,not provided,germline,germline,GRCh38,NC_000007.14,7,44151007,44151007,na,na,7p13,"criteria provided, multiple submitters, no conflicts",2,-,N,ClinGen:CA454609812,2,2921212,44151007,C,A,-,-,-,-,-,-,SCV004563755|SCV007372290,-,-
3116039,single nucleotide variant,NM_000352.6(ABCC8):c.2256-20C>T,6833,ABCC8,HGNC:59,Likely benign,0,"Jan 28, 2023",2496593650,-,RCV003814529,MedGen:C3661900,not provided,germline,germline,GRCh37,NC_000011.9,11,17436906,17436906,na,na,11p15.1,"criteria provided, single submitter",1,-,N,ClinGen:CA2612663671,2,2958281,17436906,G,A,-,-,-,-,-,-,SCV004615796,-,-
3116039,single nucleotide variant,NM_000352.6(ABCC8):c.2256-20C>T,6833,ABCC8,HGNC:59,Likely benign,0,"Jan 28, 2023",2496593650,-,RCV003814529,MedGen:C3661900,not provided,germline,germline,GRCh38,NC_000011.10,11,17415359,17415359,na,na,11p15.1,"criteria provided, single submitter",1,-,N,ClinGen:CA2612663671,2,2958281,17415359,G,A,-,-,-,-,-,-,SCV004615796,-,-
3116928,single nucleotide variant,NM_000352.6(ABCC8):c.3714C>G (p.Leu1238=),6833,ABCC8,HGNC:59,Likely benign,0,"Feb 03, 2023",779489003,-,RCV003822412,MedGen:C3661900,not provided,germline,germline,GRCh37,NC_000011.9,11,17419925,17419925,na,na,11p15.1,"criteria provided, single submitter",1,-,N,ClinGen:CA5902726,2,2961766,17419925,G,C,-,-,-,-,-,-,SCV004618627,-,-
3116928,single nucleotide variant,NM_000352.6(ABCC8):c.3714C>G (p.Leu1238=),6833,ABCC8,HGNC:59,Likely benign,0,"Feb 03, 2023",779489003,-,RCV003822412,MedGen:C3661900,not provided,germline,germline,GRCh38,NC_000011.10,11,17398378,17398378,na,na,11p15.1,"criteria provided, single submitter",1,-,N,ClinGen:CA5902726,2,2961766,17398378,G,C,-,-,-,-,-,-,SCV004618627,-,-
3117088,single nucleotide variant,NM_000352.6(ABCC8):c.1631-19C>G,6833,ABCC8,HGNC:59,Likely benign,0,"Feb 23, 2024",1486329558,-,RCV003822875,MedGen:C3661900,not provided,germline,germline,GRCh37,NC_000011.9,11,17453810,17453810,na,na,11p15.1,"criteria provided, single submitter",1,-,N,ClinGen:CA674181804,2,2963221,17453810,G,C,-,-,-,-,-,-,SCV004620350,-,-
3117088,single nucleotide variant,NM_000352.6(ABCC8):c.1631-19C>G,6833,ABCC8,HGNC:59,Likely benign,0,"Feb 23, 2024",1486329558,-,RCV003822875,MedGen:C3661900,not provided,germline,germline,GRCh38,NC_000011.10,11,17432263,17432263,na,na,11p15.1,"criteria provided, single submitter",1,-,N,ClinGen:CA674181804,2,2963221,17432263,G,C,-,-,-,-,-,-,SCV004620350,-,-
3118795,single nucleotide variant,NM_000352.6(ABCC8):c.120C>A (p.Leu40=),6833,ABCC8,HGNC:59,Likely benign,0,"Feb 14, 2024",1372171503,-,RCV003814023,MedGen:C3661900,not provided,germline,germline,GRCh37,NC_000011.9,11,17498204,17498204,na,na,11p15.1,"criteria provided, single submitter",1,-,N,ClinGen:CA473302202,2,2956287,17498204,G,T,-,-,-,-,-,-,SCV004612767,-,-
3118795,single nucleotide variant,NM_000352.6(ABCC8):c.120C>A (p.Leu40=),6833,ABCC8,HGNC:59,Likely benign,0,"Feb 14, 2024",1372171503,-,RCV003814023,MedGen:C3661900,not provided,germline,germline,GRCh38,NC_000011.10,11,17476657,17476657,na,na,11p15.1,"criteria provided, single submitter",1,-,N,ClinGen:CA473302202,2,2956287,17476657,G,T,-,-,-,-,-,-,SCV004612767,-,-
3119050,single nucleotide variant,NM_000352.6(ABCC8):c.1923+9C>G,6833,ABCC8,HGNC:59,Likely benign,0,"Jan 20, 2023",2133539044,-,RCV003811501,MedGen:C3661900,not provided,germline,germline,GRCh37,NC_000011.9,11,17450103,17450103,na,na,11p15.1,"criteria provided, single submitter",1,-,N,ClinGen:CA2740093639,2,2957838,17450103,G,C,-,-,-,-,-,-,SCV004614652,-,-
3119050,single nucleotide variant,NM_000352.6(ABCC8):c.1923+9C>G,6833,ABCC8,HGNC:59,Likely benign,0,"Jan 20, 2023",2133539044,-,RCV003811501,MedGen:C3661900,not provided,germline,germline,GRCh38,NC_000011.10,11,17428556,17428556,na,na,11p15.1,"criteria provided, single submitter",1,-,N,ClinGen:CA2740093639,2,2957838,17428556,G,C,-,-,-,-,-,-,SCV004614652,-,-
3121540,single nucleotide variant,NM_000352.6(ABCC8):c.4119+13G>A,6833,ABCC8,HGNC:59,Likely benign,0,"Oct 19, 2023",1169679238,-,RCV003826339,MedGen:C3661900,not provided,germline,germline,GRCh37,NC_000011.9,11,17418450,17418450,na,na,11p15.1,"criteria provided, single submitter",1,-,N,ClinGen:CA597664900,2,2967677,17418450,C,T,-,-,-,-,-,-,SCV004625514,-,-
3121540,single nucleotide variant,NM_000352.6(ABCC8):c.4119+13G>A,6833,ABCC8,HGNC:59,Likely benign,0,"Oct 19, 2023",1169679238,-,RCV003826339,MedGen:C3661900,not provided,germline,germline,GRCh38,NC_000011.10,11,17396903,17396903,na,na,11p15.1,"criteria provided, single submitter",1,-,N,ClinGen:CA597664900,2,2967677,17396903,C,T,-,-,-,-,-,-,SCV004625514,-,-
3121947,single nucleotide variant,NM_000352.6(ABCC8):c.290+8A>T,6833,ABCC8,HGNC:59,Likely benign,0,"Jul 16, 2023",764705443,-,RCV003810702,MedGen:C3661900,not provided,germline,germline,GRCh37,NC_000011.9,11,17496425,17496425,na,na,11p15.1,"criteria provided, single submitter",1,-,N,ClinGen:CA5903932,2,2955551,17496425,T,A,-,-,-,-,-,-,SCV004611258,-,-
3121947,single nucleotide variant,NM_000352.6(ABCC8):c.290+8A>T,6833,ABCC8,HGNC:59,Likely benign,0,"Jul 16, 2023",764705443,-,RCV003810702,MedGen:C3661900,not provided,germline,germline,GRCh38,NC_000011.10,11,17474878,17474878,na,na,11p15.1,"criteria provided, single submitter",1,-,N,ClinGen:CA5903932,2,2955551,17474878,T,A,-,-,-,-,-,-,SCV004611258,-,-
3121964,single nucleotide variant,NM_000352.6(ABCC8):c.801C>T (p.Cys267=),6833,ABCC8,HGNC:59,Likely benign,0,"Feb 12, 2024",749156441,-,RCV003810719,MedGen:C3661900,not provided,germline,germline,GRCh37,NC_000011.9,11,17483151,17483151,na,na,11p15.1,"criteria provided, single submitter",1,-,N,ClinGen:CA5903776,2,2955568,17483151,G,A,-,-,-,-,-,-,SCV004611264,-,-
3121964,single nucleotide variant,NM_000352.6(ABCC8):c.801C>T (p.Cys267=),6833,ABCC8,HGNC:59,Likely benign,0,"Feb 12, 2024",749156441,-,RCV003810719,MedGen:C3661900,not provided,germline,germline,GRCh38,NC_000011.10,11,17461604,17461604,na,na,11p15.1,"criteria provided, single submitter",1,-,N,ClinGen:CA5903776,2,2955568,17461604,G,A,-,-,-,-,-,-,SCV004611264,-,-
3121965,single nucleotide variant,NM_000352.6(ABCC8):c.2292-17C>T,6833,ABCC8,HGNC:59,Likely benign,0,"Feb 04, 2024",1179218101,-,RCV003810720,MedGen:C3661900,not provided,germline,germline,GRCh37,NC_000011.9,11,17436174,17436174,na,na,11p15.1,"criteria provided, single submitter",1,-,N,ClinGen:CA597665617,2,2955569,17436174,G,A,-,-,-,-,-,-,SCV004611398,-,-
3121965,single nucleotide variant,NM_000352.6(ABCC8):c.2292-17C>T,6833,ABCC8,HGNC:59,Likely benign,0,"Feb 04, 2024",1179218101,-,RCV003810720,MedGen:C3661900,not provided,germline,germline,GRCh38,NC_000011.10,11,17414627,17414627,na,na,11p15.1,"criteria provided, single submitter",1,-,N,ClinGen:CA597665617,2,2955569,17414627,G,A,-,-,-,-,-,-,SCV004611398,-,-
3122179,single nucleotide variant,NM_000352.6(ABCC8):c.1468-15C>T,6833,ABCC8,HGNC:59,Likely benign,0,"Jul 25, 2025",762982215,-,RCV003810934,MedGen:C3661900,not provided,germline,germline,GRCh37,NC_000011.9,11,17464444,17464444,na,na,11p15.1,"criteria provided, single submitter",1,-,N,ClinGen:CA5903556,2,2955783,17464444,G,A,-,-,-,-,-,-,SCV004611839,-,-
3122179,single nucleotide variant,NM_000352.6(ABCC8):c.1468-15C>T,6833,ABCC8,HGNC:59,Likely benign,0,"Jul 25, 2025",762982215,-,RCV003810934,MedGen:C3661900,not provided,germline,germline,GRCh38,NC_000011.10,11,17442897,17442897,na,na,11p15.1,"criteria provided, single submitter",1,-,N,ClinGen:CA5903556,2,2955783,17442897,G,A,-,-,-,-,-,-,SCV004611839,-,-
3122552,single nucleotide variant,NM_000352.6(ABCC8):c.3400-11G>A,6833,ABCC8,HGNC:59,Likely benign,0,"Dec 22, 2023",537597060,-,RCV003819141,MedGen:C3661900,not provided,germline,germline,GRCh37,NC_000011.9,11,17426227,17426227,na,na,11p15.1,"criteria provided, single submitter",1,-,N,ClinGen:CA5902815,2,2957454,17426227,C,T,-,-,-,-,-,-,SCV004613859,-,-
3122552,single nucleotide variant,NM_000352.6(ABCC8):c.3400-11G>A,6833,ABCC8,HGNC:59,Likely benign,0,"Dec 22, 2023",537597060,-,RCV003819141,MedGen:C3661900,not provided,germline,germline,GRCh38,NC_000011.10,11,17404680,17404680,na,na,11p15.1,"criteria provided, single submitter",1,-,N,ClinGen:CA5902815,2,2957454,17404680,C,T,-,-,-,-,-,-,SCV004613859,-,-
3123167,single nucleotide variant,NM_000352.6(ABCC8):c.4199-20C>T,6833,ABCC8,HGNC:59,Likely benign,0,"Nov 02, 2023",1195872819,-,RCV003817400,MedGen:C3661900,not provided,germline,germline,GRCh37,NC_000011.9,11,17417285,17417285,na,na,11p15.1,"criteria provided, single submitter",1,-,N,ClinGen:CA935525127,2,2960665,17417285,G,A,-,-,-,-,-,-,SCV004618318,-,-
3123167,single nucleotide variant,NM_000352.6(ABCC8):c.4199-20C>T,6833,ABCC8,HGNC:59,Likely benign,0,"Nov 02, 2023",1195872819,-,RCV003817400,MedGen:C3661900,not provided,germline,germline,GRCh38,NC_000011.10,11,17395738,17395738,na,na,11p15.1,"criteria provided, single submitter",1,-,N,ClinGen:CA935525127,2,2960665,17395738,G,A,-,-,-,-,-,-,SCV004618318,-,-
3124091,single nucleotide variant,NM_000352.6(ABCC8):c.1672-16G>A,6833,ABCC8,HGNC:59,Likely benign,0,"Jan 11, 2026",2496689967,-,RCV003820287,MedGen:C3661900,not provided,germline,germline,GRCh37,NC_000011.9,11,17452522,17452522,na,na,11p15.1,"criteria provided, single submitter",1,-,N,ClinGen:CA2574768669,2,2964185,17452522,C,T,-,-,-,-,-,-,SCV004622227,-,-
3124091,single nucleotide variant,NM_000352.6(ABCC8):c.1672-16G>A,6833,ABCC8,HGNC:59,Likely benign,0,"Jan 11, 2026",2496689967,-,RCV003820287,MedGen:C3661900,not provided,germline,germline,GRCh38,NC_000011.10,11,17430975,17430975,na,na,11p15.1,"criteria provided, single submitter",1,-,N,ClinGen:CA2574768669,2,2964185,17430975,C,T,-,-,-,-,-,-,SCV004622227,-,-
3124153,single nucleotide variant,NM_000352.6(ABCC8):c.3557+11C>T,6833,ABCC8,HGNC:59,Likely benign,0,"Mar 29, 2023",1954410962,-,RCV003820351,MedGen:C3661900,not provided,germline,germline,GRCh37,NC_000011.9,11,17426048,17426048,na,na,11p15.1,"criteria provided, single submitter",1,-,N,ClinGen:CA2612661173,2,2964249,17426048,G,A,-,-,-,-,-,-,SCV004622416,-,-
3124153,single nucleotide variant,NM_000352.6(ABCC8):c.3557+11C>T,6833,ABCC8,HGNC:59,Likely benign,0,"Mar 29, 2023",1954410962,-,RCV003820351,MedGen:C3661900,not provided,germline,germline,GRCh38,NC_000011.10,11,17404501,17404501,na,na,11p15.1,"criteria provided, single submitter",1,-,N,ClinGen:CA2612661173,2,2964249,17404501,G,A,-,-,-,-,-,-,SCV004622416,-,-
3124722,single nucleotide variant,NM_000352.6(ABCC8):c.1923+13C>A,6833,ABCC8,HGNC:59,Likely benign,0,"Jan 31, 2024",200723096,-,RCV003824085,MedGen:C3661900,not provided,germline,germline,GRCh37,NC_000011.9,11,17450099,17450099,na,na,11p15.1,"criteria provided, single submitter",1,-,N,ClinGen:CA218441583,2,2967407,17450099,G,T,-,-,-,-,-,-,SCV004625062,-,-
3124722,single nucleotide variant,NM_000352.6(ABCC8):c.1923+13C>A,6833,ABCC8,HGNC:59,Likely benign,0,"Jan 31, 2024",200723096,-,RCV003824085,MedGen:C3661900,not provided,germline,germline,GRCh38,NC_000011.10,11,17428552,17428552,na,na,11p15.1,"criteria provided, single submitter",1,-,N,ClinGen:CA218441583,2,2967407,17428552,G,T,-,-,-,-,-,-,SCV004625062,-,-
3126737,single nucleotide variant,NM_000352.6(ABCC8):c.149-7C>A,6833,ABCC8,HGNC:59,Likely benign,0,"Jul 29, 2023",1848685464,-,RCV003822671,MedGen:C3661900,not provided,germline,germline,GRCh37,NC_000011.9,11,17496581,17496581,na,na,11p15.1,"criteria provided, single submitter",1,-,N,ClinGen:CA935532436,2,2962025,17496581,G,T,-,-,-,-,-,-,SCV004617936,-,-
3126737,single nucleotide variant,NM_000352.6(ABCC8):c.149-7C>A,6833,ABCC8,HGNC:59,Likely benign,0,"Jul 29, 2023",1848685464,-,RCV003822671,MedGen:C3661900,not provided,germline,germline,GRCh38,NC_000011.10,11,17475034,17475034,na,na,11p15.1,"criteria provided, single submitter",1,-,N,ClinGen:CA935532436,2,2962025,17475034,G,T,-,-,-,-,-,-,SCV004617936,-,-
3127839,single nucleotide variant,NM_000352.6(ABCC8):c.1314C>G (p.Leu438=),6833,ABCC8,HGNC:59,Likely benign,0,"Mar 11, 2024",2496780723,-,RCV003825871,MedGen:C3661900,not provided,germline,germline,GRCh37,NC_000011.9,11,17470081,17470081,na,na,11p15.1,"criteria provided, single submitter",1,-,N,ClinGen:CA473299116,2,2965721,17470081,G,C,-,-,-,-,-,-,SCV004623315,-,-
3127839,single nucleotide variant,NM_000352.6(ABCC8):c.1314C>G (p.Leu438=),6833,ABCC8,HGNC:59,Likely benign,0,"Mar 11, 2024",2496780723,-,RCV003825871,MedGen:C3661900,not provided,germline,germline,GRCh38,NC_000011.10,11,17448534,17448534,na,na,11p15.1,"criteria provided, single submitter",1,-,N,ClinGen:CA473299116,2,2965721,17448534,G,C,-,-,-,-,-,-,SCV004623315,-,-
3128308,single nucleotide variant,NM_000352.6(ABCC8):c.4704G>A (p.Arg1568=),6833,ABCC8,HGNC:59,Likely benign,0,"Aug 02, 2023",1953707498,-,RCV003823732,MedGen:C3661900,not provided,germline,germline,GRCh37,NC_000011.9,11,17414580,17414580,na,na,11p15.1,"criteria provided, single submitter",1,-,N,ClinGen:CA473297937,2,2967054,17414580,C,T,-,-,-,-,-,-,SCV004624220,-,-
3128308,single nucleotide variant,NM_000352.6(ABCC8):c.4704G>A (p.Arg1568=),6833,ABCC8,HGNC:59,Likely benign,0,"Aug 02, 2023",1953707498,-,RCV003823732,MedGen:C3661900,not provided,germline,germline,GRCh38,NC_000011.10,11,17393033,17393033,na,na,11p15.1,"criteria provided, single submitter",1,-,N,ClinGen:CA473297937,2,2967054,17393033,C,T,-,-,-,-,-,-,SCV004624220,-,-
3128852,single nucleotide variant,NM_000352.6(ABCC8):c.398C>G (p.Pro133Arg),6833,ABCC8,HGNC:59,Likely pathogenic,1,"Dec 15, 2023",2496897244,-,RCV003821895,MedGen:C3661900,not provided,germline,germline,GRCh37,NC_000011.9,11,17491662,17491662,na,na,11p15.1,"criteria provided, single submitter",1,-,N,ClinGen:CA379783848,2,2969761,17491662,G,C,-,-,-,-,-,-,SCV004626904,-,-
3128852,single nucleotide variant,NM_000352.6(ABCC8):c.398C>G (p.Pro133Arg),6833,ABCC8,HGNC:59,Likely pathogenic,1,"Dec 15, 2023",2496897244,-,RCV003821895,MedGen:C3661900,not provided,germline,germline,GRCh38,NC_000011.10,11,17470115,17470115,na,na,11p15.1,"criteria provided, single submitter",1,-,N,ClinGen:CA379783848,2,2969761,17470115,G,C,-,-,-,-,-,-,SCV004626904,-,-
3129514,single nucleotide variant,NM_000352.6(ABCC8):c.148+8C>A,6833,ABCC8,HGNC:59,Likely benign,0,"Jan 11, 2024",1451180963,-,RCV003832783,MedGen:C3661900,not provided,germline,germline,GRCh37,NC_000011.9,11,17498168,17498168,na,na,11p15.1,"criteria provided, single submitter",1,-,N,ClinGen:CA2612671957,2,2971721,17498168,G,T,-,-,-,-,-,-,SCV004629621,-,-
3129514,single nucleotide variant,NM_000352.6(ABCC8):c.148+8C>A,6833,ABCC8,HGNC:59,Likely benign,0,"Jan 11, 2024",1451180963,-,RCV003832783,MedGen:C3661900,not provided,germline,germline,GRCh38,NC_000011.10,11,17476621,17476621,na,na,11p15.1,"criteria provided, single submitter",1,-,N,ClinGen:CA2612671957,2,2971721,17476621,G,T,-,-,-,-,-,-,SCV004629621,-,-
3129545,single nucleotide variant,NM_000352.6(ABCC8):c.3171C>T (p.Thr1057=),6833,ABCC8,HGNC:59,Likely benign,0,"Dec 12, 2023",1251688793,-,RCV003832814,MedGen:C3661900,not provided,germline,germline,GRCh37,NC_000011.9,11,17428327,17428327,na,na,11p15.1,"criteria provided, single submitter",1,-,N,ClinGen:CA473516005,2,2971752,17428327,G,A,-,-,-,-,-,-,SCV004629996,-,-
3129545,single nucleotide variant,NM_000352.6(ABCC8):c.3171C>T (p.Thr1057=),6833,ABCC8,HGNC:59,Likely benign,0,"Dec 12, 2023",1251688793,-,RCV003832814,MedGen:C3661900,not provided,germline,germline,GRCh38,NC_000011.10,11,17406780,17406780,na,na,11p15.1,"criteria provided, single submitter",1,-,N,ClinGen:CA473516005,2,2971752,17406780,G,A,-,-,-,-,-,-,SCV004629996,-,-
3130240,single nucleotide variant,NM_000352.6(ABCC8):c.3867+15G>A,6833,ABCC8,HGNC:59,Likely benign,0,"Jun 24, 2023",1053455400,-,RCV003830647,MedGen:C3661900,not provided,germline,germline,GRCh37,NC_000011.9,11,17419216,17419216,na,na,11p15.1,"criteria provided, single submitter",1,-,N,ClinGen:CA597664913,2,2975041,17419216,C,T,-,-,-,-,-,-,SCV004635344,-,-
3130240,single nucleotide variant,NM_000352.6(ABCC8):c.3867+15G>A,6833,ABCC8,HGNC:59,Likely benign,0,"Jun 24, 2023",1053455400,-,RCV003830647,MedGen:C3661900,not provided,germline,germline,GRCh38,NC_000011.10,11,17397669,17397669,na,na,11p15.1,"criteria provided, single submitter",1,-,N,ClinGen:CA597664913,2,2975041,17397669,C,T,-,-,-,-,-,-,SCV004635344,-,-
3130360,single nucleotide variant,NM_000352.6(ABCC8):c.1468-16T>A,6833,ABCC8,HGNC:59,Likely benign,0,"Aug 10, 2023",1295505661,-,RCV003830767,MedGen:C3661900,not provided,germline,germline,GRCh37,NC_000011.9,11,17464445,17464445,na,na,11p15.1,"criteria provided, single submitter",1,-,N,ClinGen:CA2574768747,2,2975161,17464445,A,T,-,-,-,-,-,-,SCV004635295,-,-
3130360,single nucleotide variant,NM_000352.6(ABCC8):c.1468-16T>A,6833,ABCC8,HGNC:59,Likely benign,0,"Aug 10, 2023",1295505661,-,RCV003830767,MedGen:C3661900,not provided,germline,germline,GRCh38,NC_000011.10,11,17442898,17442898,na,na,11p15.1,"criteria provided, single submitter",1,-,N,ClinGen:CA2574768747,2,2975161,17442898,A,T,-,-,-,-,-,-,SCV004635295,-,-
3131130,single nucleotide variant,NM_000352.6(ABCC8):c.1012-17A>T,6833,ABCC8,HGNC:59,Likely benign,0,"Jan 13, 2026",756892173,-,RCV003839170,MedGen:C3661900,not provided,germline,germline,GRCh37,NC_000011.9,11,17474847,17474847,na,na,11p15.1,"criteria provided, single submitter",1,-,N,ClinGen:CA2574768773,2,2978524,17474847,T,A,-,-,-,-,-,-,SCV004636339,-,-
3131130,single nucleotide variant,NM_000352.6(ABCC8):c.1012-17A>T,6833,ABCC8,HGNC:59,Likely benign,0,"Jan 13, 2026",756892173,-,RCV003839170,MedGen:C3661900,not provided,germline,germline,GRCh38,NC_000011.10,11,17453300,17453300,na,na,11p15.1,"criteria provided, single submitter",1,-,N,ClinGen:CA2574768773,2,2978524,17453300,T,A,-,-,-,-,-,-,SCV004636339,-,-
3131660,single nucleotide variant,NM_000352.6(ABCC8):c.3557+9C>T,6833,ABCC8,HGNC:59,Likely benign,0,"Sep 06, 2023",1465923583,-,RCV003837524,MedGen:C3661900,not provided,germline,germline,GRCh37,NC_000011.9,11,17426050,17426050,na,na,11p15.1,"criteria provided, single submitter",1,-,N,ClinGen:CA597665222,2,2980350,17426050,G,A,-,-,-,-,-,-,SCV004639531,-,-
3131660,single nucleotide variant,NM_000352.6(ABCC8):c.3557+9C>T,6833,ABCC8,HGNC:59,Likely benign,0,"Sep 06, 2023",1465923583,-,RCV003837524,MedGen:C3661900,not provided,germline,germline,GRCh38,NC_000011.10,11,17404503,17404503,na,na,11p15.1,"criteria provided, single submitter",1,-,N,ClinGen:CA597665222,2,2980350,17404503,G,A,-,-,-,-,-,-,SCV004639531,-,-
3131795,single nucleotide variant,NM_000352.6(ABCC8):c.2122C>T (p.Leu708=),6833,ABCC8,HGNC:59,Likely benign,0,"Dec 03, 2024",201240787,-,RCV003837659,MedGen:C3661900,not provided,germline,germline,GRCh37,NC_000011.9,11,17448696,17448696,na,na,11p15.1,"criteria provided, single submitter",1,-,N,ClinGen:CA218440609,2,2980485,17448696,G,A,-,-,-,-,-,-,SCV004640180,-,-
3131795,single nucleotide variant,NM_000352.6(ABCC8):c.2122C>T (p.Leu708=),6833,ABCC8,HGNC:59,Likely benign,0,"Dec 03, 2024",201240787,-,RCV003837659,MedGen:C3661900,not provided,germline,germline,GRCh38,NC_000011.10,11,17427149,17427149,na,na,11p15.1,"criteria provided, single submitter",1,-,N,ClinGen:CA218440609,2,2980485,17427149,G,A,-,-,-,-,-,-,SCV004640180,-,-
3131941,single nucleotide variant,NM_000352.6(ABCC8):c.3754-12C>G,6833,ABCC8,HGNC:59,Likely benign,0,"Sep 20, 2025",546086223,-,RCV003827069,MedGen:C3661900,not provided,germline,germline,GRCh37,NC_000011.9,11,17419356,17419356,na,na,11p15.1,"criteria provided, single submitter",1,-,N,ClinGen:CA5902697,2,2969399,17419356,G,C,-,-,-,-,-,-,SCV004628476,-,-
3131941,single nucleotide variant,NM_000352.6(ABCC8):c.3754-12C>G,6833,ABCC8,HGNC:59,Likely benign,0,"Sep 20, 2025",546086223,-,RCV003827069,MedGen:C3661900,not provided,germline,germline,GRCh38,NC_000011.10,11,17397809,17397809,na,na,11p15.1,"criteria provided, single submitter",1,-,N,ClinGen:CA5902697,2,2969399,17397809,G,C,-,-,-,-,-,-,SCV004628476,-,-
3132120,single nucleotide variant,NM_000525.4(KCNJ11):c.828C>A (p.His276Gln),3767,KCNJ11,HGNC:6257,Uncertain significance,0,"Apr 14, 2023",764950479,-,RCV005616811|RCV003821713,"MONDO:MONDO:0100164,MedGen:C1833104,OMIM:PS606176,Orphanet:99885|MedGen:C3661900",Permanent neonatal diabetes mellitus|not provided,germline,germline,GRCh37,NC_000011.9,11,17408811,17408811,na,na,11p15.1,"criteria provided, single submitter",2,-,N,ClinGen:CA379770445,2,2969579,17408811,G,T,-,-,-,-,-,-,SCV004626877,-,-
3132120,single nucleotide variant,NM_000525.4(KCNJ11):c.828C>A (p.His276Gln),3767,KCNJ11,HGNC:6257,Uncertain significance,0,"Apr 14, 2023",764950479,-,RCV005616811|RCV003821713,"MONDO:MONDO:0100164,MedGen:C1833104,OMIM:PS606176,Orphanet:99885|MedGen:C3661900",Permanent neonatal diabetes mellitus|not provided,germline,germline,GRCh38,NC_000011.10,11,17387264,17387264,na,na,11p15.1,"criteria provided, single submitter",2,-,N,ClinGen:CA379770445,2,2969579,17387264,G,T,-,-,-,-,-,-,SCV004626877,-,-
3133244,single nucleotide variant,NM_000352.6(ABCC8):c.2694+18G>A,6833,ABCC8,HGNC:59,Likely benign,0,"Oct 18, 2023",749340848,-,RCV003838214,MedGen:C3661900,not provided,germline,germline,GRCh37,NC_000011.9,11,17432045,17432045,na,na,11p15.1,"criteria provided, single submitter",1,-,N,ClinGen:CA5903054,2,2974592,17432045,C,T,-,-,-,-,-,-,SCV004633918,-,-
3133244,single nucleotide variant,NM_000352.6(ABCC8):c.2694+18G>A,6833,ABCC8,HGNC:59,Likely benign,0,"Oct 18, 2023",749340848,-,RCV003838214,MedGen:C3661900,not provided,germline,germline,GRCh38,NC_000011.10,11,17410498,17410498,na,na,11p15.1,"criteria provided, single submitter",1,-,N,ClinGen:CA5903054,2,2974592,17410498,C,T,-,-,-,-,-,-,SCV004633918,-,-
3134871,single nucleotide variant,NM_000352.6(ABCC8):c.2407G>A (p.Glu803Lys),6833,ABCC8,HGNC:59,Uncertain significance,0,"Feb 05, 2024",369426518,-,RCV003832543,MedGen:C3661900,not provided,germline,germline,GRCh37,NC_000011.9,11,17435009,17435009,na,na,11p15.1,"criteria provided, single submitter",1,-,N,ClinGen:CA5903145,2,2981401,17435009,C,T,-,-,-,-,-,-,SCV004640550,-,-
3134871,single nucleotide variant,NM_000352.6(ABCC8):c.2407G>A (p.Glu803Lys),6833,ABCC8,HGNC:59,Uncertain significance,0,"Feb 05, 2024",369426518,-,RCV003832543,MedGen:C3661900,not provided,germline,germline,GRCh38,NC_000011.10,11,17413462,17413462,na,na,11p15.1,"criteria provided, single submitter",1,-,N,ClinGen:CA5903145,2,2981401,17413462,C,T,-,-,-,-,-,-,SCV004640550,-,-
3135444,single nucleotide variant,NM_000352.6(ABCC8):c.3400-7C>G,6833,ABCC8,HGNC:59,Likely benign,0,"May 05, 2025",541810250,-,RCV003826739,MedGen:C3661900,not provided,germline,germline,GRCh37,NC_000011.9,11,17426223,17426223,na,na,11p15.1,"criteria provided, single submitter",1,-,N,ClinGen:CA218417477,2,2969069,17426223,G,C,-,-,-,-,-,-,SCV004628006,-,-
3135444,single nucleotide variant,NM_000352.6(ABCC8):c.3400-7C>G,6833,ABCC8,HGNC:59,Likely benign,0,"May 05, 2025",541810250,-,RCV003826739,MedGen:C3661900,not provided,germline,germline,GRCh38,NC_000011.10,11,17404676,17404676,na,na,11p15.1,"criteria provided, single submitter",1,-,N,ClinGen:CA218417477,2,2969069,17404676,G,C,-,-,-,-,-,-,SCV004628006,-,-
3136370,Microsatellite,NM_000352.6(ABCC8):c.4609-7_4609-3del,6833,ABCC8,HGNC:59,Likely benign,0,"Jan 15, 2023",948098253,-,RCV003837700,MedGen:C3661900,not provided,germline,germline,GRCh37,NC_000011.9,11,17414678,17414682,na,na,11p15.1,"criteria provided, single submitter",1,-,N,ClinGen:CA218405705,2,2972590,17414677,TGGGCA,T,-,-,-,-,-,-,SCV004631875,-,-
3136370,Microsatellite,NM_000352.6(ABCC8):c.4609-7_4609-3del,6833,ABCC8,HGNC:59,Likely benign,0,"Jan 15, 2023",948098253,-,RCV003837700,MedGen:C3661900,not provided,germline,germline,GRCh38,NC_000011.10,11,17393131,17393135,na,na,11p15.1,"criteria provided, single submitter",1,-,N,ClinGen:CA218405705,2,2972590,17393130,TGGGCA,T,-,-,-,-,-,-,SCV004631875,-,-
3137284,single nucleotide variant,NM_000352.6(ABCC8):c.2255+13G>A,6833,ABCC8,HGNC:59,Likely benign,0,"Mar 19, 2024",1488880727,-,RCV003836247,MedGen:C3661900,not provided,germline,germline,GRCh37,NC_000011.9,11,17438464,17438464,na,na,11p15.1,"criteria provided, single submitter",1,-,N,ClinGen:CA2574768396,2,2976097,17438464,C,T,-,-,-,-,-,-,SCV004635596,-,-
3137284,single nucleotide variant,NM_000352.6(ABCC8):c.2255+13G>A,6833,ABCC8,HGNC:59,Likely benign,0,"Mar 19, 2024",1488880727,-,RCV003836247,MedGen:C3661900,not provided,germline,germline,GRCh38,NC_000011.10,11,17416917,17416917,na,na,11p15.1,"criteria provided, single submitter",1,-,N,ClinGen:CA2574768396,2,2976097,17416917,C,T,-,-,-,-,-,-,SCV004635596,-,-
3138663,single nucleotide variant,NM_000352.6(ABCC8):c.3984C>G (p.Leu1328=),6833,ABCC8,HGNC:59,Likely benign,0,"Aug 01, 2023",368419322,-,RCV003842875,MedGen:C3661900,not provided,germline,germline,GRCh37,NC_000011.9,11,17418744,17418744,na,na,11p15.1,"criteria provided, single submitter",1,-,N,ClinGen:CA473298601,2,2982229,17418744,G,C,-,-,-,-,-,-,SCV004640724,-,-
3138663,single nucleotide variant,NM_000352.6(ABCC8):c.3984C>G (p.Leu1328=),6833,ABCC8,HGNC:59,Likely benign,0,"Aug 01, 2023",368419322,-,RCV003842875,MedGen:C3661900,not provided,germline,germline,GRCh38,NC_000011.10,11,17397197,17397197,na,na,11p15.1,"criteria provided, single submitter",1,-,N,ClinGen:CA473298601,2,2982229,17397197,G,C,-,-,-,-,-,-,SCV004640724,-,-
3140144,single nucleotide variant,NM_000352.6(ABCC8):c.4119+11G>A,6833,ABCC8,HGNC:59,Likely benign,0,"Dec 20, 2022",781559986,-,RCV003833299,MedGen:C3661900,not provided,germline,germline,GRCh37,NC_000011.9,11,17418452,17418452,na,na,11p15.1,"criteria provided, single submitter",1,-,N,ClinGen:CA5902579,2,2973725,17418452,C,T,-,-,-,-,-,-,SCV004632242,-,-
3140144,single nucleotide variant,NM_000352.6(ABCC8):c.4119+11G>A,6833,ABCC8,HGNC:59,Likely benign,0,"Dec 20, 2022",781559986,-,RCV003833299,MedGen:C3661900,not provided,germline,germline,GRCh38,NC_000011.10,11,17396905,17396905,na,na,11p15.1,"criteria provided, single submitter",1,-,N,ClinGen:CA5902579,2,2973725,17396905,C,T,-,-,-,-,-,-,SCV004632242,-,-
3142834,single nucleotide variant,NM_000352.6(ABCC8):c.1011+12C>A,6833,ABCC8,HGNC:59,Likely benign,0,"Jun 09, 2024",377424021,-,RCV003848176,MedGen:C3661900,not provided,germline,germline,GRCh37,NC_000011.9,11,17482023,17482023,na,na,11p15.1,"criteria provided, single submitter",1,-,N,ClinGen:CA218451432,2,2985049,17482023,G,T,-,-,-,-,-,-,SCV004693375,-,-
3142834,single nucleotide variant,NM_000352.6(ABCC8):c.1011+12C>A,6833,ABCC8,HGNC:59,Likely benign,0,"Jun 09, 2024",377424021,-,RCV003848176,MedGen:C3661900,not provided,germline,germline,GRCh38,NC_000011.10,11,17460476,17460476,na,na,11p15.1,"criteria provided, single submitter",1,-,N,ClinGen:CA218451432,2,2985049,17460476,G,T,-,-,-,-,-,-,SCV004693375,-,-
3143093,Microsatellite,NM_000352.6(ABCC8):c.3400-21_3400-18del,6833,ABCC8,HGNC:59,Likely benign,0,"Sep 30, 2023",2496514147,-,RCV003846256,MedGen:C3661900,not provided,germline,germline,GRCh37,NC_000011.9,11,17426234,17426237,na,na,11p15.1,"criteria provided, single submitter",1,-,N,ClinGen:CA2612661185,2,2986601,17426233,GGAGA,G,-,-,-,-,-,-,SCV004694403,-,-
3143093,Microsatellite,NM_000352.6(ABCC8):c.3400-21_3400-18del,6833,ABCC8,HGNC:59,Likely benign,0,"Sep 30, 2023",2496514147,-,RCV003846256,MedGen:C3661900,not provided,germline,germline,GRCh38,NC_000011.10,11,17404687,17404690,na,na,11p15.1,"criteria provided, single submitter",1,-,N,ClinGen:CA2612661185,2,2986601,17404686,GGAGA,G,-,-,-,-,-,-,SCV004694403,-,-
3143576,single nucleotide variant,NM_000352.6(ABCC8):c.1725G>A (p.Val575=),6833,ABCC8,HGNC:59,Likely benign,0,"Sep 03, 2023",1183091226,-,RCV003844562|RCV005610639,MedGen:C3661900|,not provided|Hereditary hyperinsulinism,germline,germline,GRCh37,NC_000011.9,11,17452453,17452453,na,na,11p15.1,"criteria provided, multiple submitters, no conflicts",3,-,N,ClinGen:CA473302877,2,2988379,17452453,C,T,-,-,-,-,-,-,SCV004647487|SCV005221376,-,-
3143576,single nucleotide variant,NM_000352.6(ABCC8):c.1725G>A (p.Val575=),6833,ABCC8,HGNC:59,Likely benign,0,"Sep 03, 2023",1183091226,-,RCV003844562|RCV005610639,MedGen:C3661900|,not provided|Hereditary hyperinsulinism,germline,germline,GRCh38,NC_000011.10,11,17430906,17430906,na,na,11p15.1,"criteria provided, multiple submitters, no conflicts",3,-,N,ClinGen:CA473302877,2,2988379,17430906,C,T,-,-,-,-,-,-,SCV004647487|SCV005221376,-,-
3145224,single nucleotide variant,NM_000352.6(ABCC8):c.1467+12A>G,6833,ABCC8,HGNC:59,Likely benign,0,"Dec 10, 2023",2496755127,-,RCV003850809,MedGen:C3661900,not provided,germline,germline,GRCh37,NC_000011.9,11,17464713,17464713,na,na,11p15.1,"criteria provided, single submitter",1,-,N,ClinGen:CA2612667106,2,2995202,17464713,T,C,-,-,-,-,-,-,SCV004656481,-,-
3145224,single nucleotide variant,NM_000352.6(ABCC8):c.1467+12A>G,6833,ABCC8,HGNC:59,Likely benign,0,"Dec 10, 2023",2496755127,-,RCV003850809,MedGen:C3661900,not provided,germline,germline,GRCh38,NC_000011.10,11,17443166,17443166,na,na,11p15.1,"criteria provided, single submitter",1,-,N,ClinGen:CA2612667106,2,2995202,17443166,T,C,-,-,-,-,-,-,SCV004656481,-,-
3146841,single nucleotide variant,NM_000352.6(ABCC8):c.4608+9C>T,6833,ABCC8,HGNC:59,Likely benign,0,"Mar 16, 2023",757297282,-,RCV003846180,MedGen:C3661900,not provided,germline,germline,GRCh37,NC_000011.9,11,17415235,17415235,na,na,11p15.1,"criteria provided, single submitter",1,-,N,ClinGen:CA218406280,2,2986525,17415235,G,A,-,-,-,-,-,-,SCV004694321,-,-
3146841,single nucleotide variant,NM_000352.6(ABCC8):c.4608+9C>T,6833,ABCC8,HGNC:59,Likely benign,0,"Mar 16, 2023",757297282,-,RCV003846180,MedGen:C3661900,not provided,germline,germline,GRCh38,NC_000011.10,11,17393688,17393688,na,na,11p15.1,"criteria provided, single submitter",1,-,N,ClinGen:CA218406280,2,2986525,17393688,G,A,-,-,-,-,-,-,SCV004694321,-,-
3146857,single nucleotide variant,NM_000352.6(ABCC8):c.1923+20T>C,6833,ABCC8,HGNC:59,Likely benign,0,"Jul 28, 2023",759524204,-,RCV003841952,MedGen:C3661900,not provided,germline,germline,GRCh37,NC_000011.9,11,17450092,17450092,na,na,11p15.1,"criteria provided, single submitter",1,-,N,ClinGen:CA935538418,2,2987833,17450092,A,G,-,-,-,-,-,-,SCV004648957,-,-
3146857,single nucleotide variant,NM_000352.6(ABCC8):c.1923+20T>C,6833,ABCC8,HGNC:59,Likely benign,0,"Jul 28, 2023",759524204,-,RCV003841952,MedGen:C3661900,not provided,germline,germline,GRCh38,NC_000011.10,11,17428545,17428545,na,na,11p15.1,"criteria provided, single submitter",1,-,N,ClinGen:CA935538418,2,2987833,17428545,A,G,-,-,-,-,-,-,SCV004648957,-,-
3147269,single nucleotide variant,NM_000352.6(ABCC8):c.1011+12C>T,6833,ABCC8,HGNC:59,Likely benign,0,"Jan 20, 2024",377424021,-,RCV003844429,MedGen:C3661900,not provided,germline,germline,GRCh37,NC_000011.9,11,17482023,17482023,na,na,11p15.1,"criteria provided, single submitter",1,-,N,ClinGen:CA2740090854,2,2988246,17482023,G,A,-,-,-,-,-,-,SCV004648659,-,-
3147269,single nucleotide variant,NM_000352.6(ABCC8):c.1011+12C>T,6833,ABCC8,HGNC:59,Likely benign,0,"Jan 20, 2024",377424021,-,RCV003844429,MedGen:C3661900,not provided,germline,germline,GRCh38,NC_000011.10,11,17460476,17460476,na,na,11p15.1,"criteria provided, single submitter",1,-,N,ClinGen:CA2740090854,2,2988246,17460476,G,A,-,-,-,-,-,-,SCV004648659,-,-
3147766,single nucleotide variant,NM_000352.6(ABCC8):c.291-18T>C,6833,ABCC8,HGNC:59,Likely benign,0,"Nov 21, 2023",909361408,-,RCV003849996,MedGen:C3661900,not provided,germline,germline,GRCh37,NC_000011.9,11,17491787,17491787,na,na,11p15.1,"criteria provided, single submitter",1,-,N,ClinGen:CA218455933,2,2991333,17491787,A,G,-,-,-,-,-,-,SCV004652870,-,-
3147766,single nucleotide variant,NM_000352.6(ABCC8):c.291-18T>C,6833,ABCC8,HGNC:59,Likely benign,0,"Nov 21, 2023",909361408,-,RCV003849996,MedGen:C3661900,not provided,germline,germline,GRCh38,NC_000011.10,11,17470240,17470240,na,na,11p15.1,"criteria provided, single submitter",1,-,N,ClinGen:CA218455933,2,2991333,17470240,A,G,-,-,-,-,-,-,SCV004652870,-,-
3148162,single nucleotide variant,NM_000352.6(ABCC8):c.2222+15C>T,6833,ABCC8,HGNC:59,Likely benign,0,"Jan 31, 2024",377174421,-,RCV003858134,MedGen:C3661900,not provided,germline,germline,GRCh37,NC_000011.9,11,17448581,17448581,na,na,11p15.1,"criteria provided, single submitter",1,-,N,ClinGen:CA597666129,2,2993023,17448581,G,A,-,-,-,-,-,-,SCV004653217,-,-
3148162,single nucleotide variant,NM_000352.6(ABCC8):c.2222+15C>T,6833,ABCC8,HGNC:59,Likely benign,0,"Jan 31, 2024",377174421,-,RCV003858134,MedGen:C3661900,not provided,germline,germline,GRCh38,NC_000011.10,11,17427034,17427034,na,na,11p15.1,"criteria provided, single submitter",1,-,N,ClinGen:CA597666129,2,2993023,17427034,G,A,-,-,-,-,-,-,SCV004653217,-,-
3148181,single nucleotide variant,NM_000352.6(ABCC8):c.3163-18C>T,6833,ABCC8,HGNC:59,Likely benign,0,"Mar 17, 2023",370171815,-,RCV003858153,MedGen:C3661900,not provided,germline,germline,GRCh37,NC_000011.9,11,17428353,17428353,na,na,11p15.1,"criteria provided, single submitter",1,-,N,ClinGen:CA218422719,2,2993042,17428353,G,A,-,-,-,-,-,-,SCV004652331,-,-
3148181,single nucleotide variant,NM_000352.6(ABCC8):c.3163-18C>T,6833,ABCC8,HGNC:59,Likely benign,0,"Mar 17, 2023",370171815,-,RCV003858153,MedGen:C3661900,not provided,germline,germline,GRCh38,NC_000011.10,11,17406806,17406806,na,na,11p15.1,"criteria provided, single submitter",1,-,N,ClinGen:CA218422719,2,2993042,17406806,G,A,-,-,-,-,-,-,SCV004652331,-,-
3148621,single nucleotide variant,NM_000352.6(ABCC8):c.4601C>A (p.Thr1534Asn),6833,ABCC8,HGNC:59,Uncertain significance,0,"Mar 14, 2024",1953751569,-,RCV003858398|RCV005040570,"MedGen:C3661900|MONDO:MONDO:0012480,MedGen:C1835887,OMIM:610374,Orphanet:99886;Human Phenotype Ontology:HP:0005965,Human Phenotype Ontology:HP:0005978,Human Phenotype Ontology:HP:0100652,MONDO:MONDO:0005148,MeSH:D003924,MedGen:C0011860,OMIM:125853;MONDO:MONDO:0009415,MedGen:C0271714,OMIM:240800;MONDO:MONDO:0030088,MedGen:C5394303,OMIM:618857;MONDO:MONDO:0009734,MedGen:C2931832,OMIM:256450,Orphanet:276575,Orphanet:276598","not provided|Diabetes mellitus, transient neonatal, 2;Type 2 diabetes mellitus;Leucine-induced hypoglycemia;Diabetes mellitus, permanent neonatal 3;Hyperinsulinemic hypoglycemia, familial, 1",germline,germline,GRCh37,NC_000011.9,11,17415251,17415251,na,na,11p15.1,"criteria provided, multiple submitters, no conflicts",2,-,N,ClinGen:CA379781795,2,2994775,17415251,G,T,-,-,-,-,-,-,SCV004654360|SCV005676649,-,-
3148621,single nucleotide variant,NM_000352.6(ABCC8):c.4601C>A (p.Thr1534Asn),6833,ABCC8,HGNC:59,Uncertain significance,0,"Mar 14, 2024",1953751569,-,RCV003858398|RCV005040570,"MedGen:C3661900|MONDO:MONDO:0012480,MedGen:C1835887,OMIM:610374,Orphanet:99886;Human Phenotype Ontology:HP:0005965,Human Phenotype Ontology:HP:0005978,Human Phenotype Ontology:HP:0100652,MONDO:MONDO:0005148,MeSH:D003924,MedGen:C0011860,OMIM:125853;MONDO:MONDO:0009415,MedGen:C0271714,OMIM:240800;MONDO:MONDO:0030088,MedGen:C5394303,OMIM:618857;MONDO:MONDO:0009734,MedGen:C2931832,OMIM:256450,Orphanet:276575,Orphanet:276598","not provided|Diabetes mellitus, transient neonatal, 2;Type 2 diabetes mellitus;Leucine-induced hypoglycemia;Diabetes mellitus, permanent neonatal 3;Hyperinsulinemic hypoglycemia, familial, 1",germline,germline,GRCh38,NC_000011.10,11,17393704,17393704,na,na,11p15.1,"criteria provided, multiple submitters, no conflicts",2,-,N,ClinGen:CA379781795,2,2994775,17393704,G,T,-,-,-,-,-,-,SCV004654360|SCV005676649,-,-
3149019,single nucleotide variant,NM_000352.6(ABCC8):c.1960G>T (p.Glu654Ter),6833,ABCC8,HGNC:59,Pathogenic,1,"Apr 20, 2023",1955687009,-,RCV003842942,MedGen:C3661900,not provided,germline,germline,GRCh37,NC_000011.9,11,17449916,17449916,na,na,11p15.1,"criteria provided, single submitter",1,-,N,ClinGen:CA379815334,2,2982295,17449916,C,A,-,-,-,-,-,-,SCV004640747,-,-
3149019,single nucleotide variant,NM_000352.6(ABCC8):c.1960G>T (p.Glu654Ter),6833,ABCC8,HGNC:59,Pathogenic,1,"Apr 20, 2023",1955687009,-,RCV003842942,MedGen:C3661900,not provided,germline,germline,GRCh38,NC_000011.10,11,17428369,17428369,na,na,11p15.1,"criteria provided, single submitter",1,-,N,ClinGen:CA379815334,2,2982295,17428369,C,A,-,-,-,-,-,-,SCV004640747,-,-
3149209,single nucleotide variant,NM_000352.6(ABCC8):c.1468-15C>G,6833,ABCC8,HGNC:59,Likely benign,0,"Sep 10, 2025",762982215,-,RCV003843135|RCV006264169,MedGen:C3661900|MedGen:CN169374,not provided|not specified,germline,germline,GRCh37,NC_000011.9,11,17464444,17464444,na,na,11p15.1,"criteria provided, multiple submitters, no conflicts",2,-,N,ClinGen:CA5903557,2,2982488,17464444,G,C,-,-,-,-,-,-,SCV004641552|SCV007120250,-,-
3149209,single nucleotide variant,NM_000352.6(ABCC8):c.1468-15C>G,6833,ABCC8,HGNC:59,Likely benign,0,"Sep 10, 2025",762982215,-,RCV003843135|RCV006264169,MedGen:C3661900|MedGen:CN169374,not provided|not specified,germline,germline,GRCh38,NC_000011.10,11,17442897,17442897,na,na,11p15.1,"criteria provided, multiple submitters, no conflicts",2,-,N,ClinGen:CA5903557,2,2982488,17442897,G,C,-,-,-,-,-,-,SCV004641552|SCV007120250,-,-
3149460,single nucleotide variant,NM_000352.6(ABCC8):c.3329+13C>A,6833,ABCC8,HGNC:59,Likely benign,0,"Jun 25, 2023",1268156942,-,RCV003841122,MedGen:C3661900,not provided,germline,germline,GRCh37,NC_000011.9,11,17428156,17428156,na,na,11p15.1,"criteria provided, single submitter",1,-,N,ClinGen:CA597665301,2,2984027,17428156,G,T,-,-,-,-,-,-,SCV004643085,-,-
3149460,single nucleotide variant,NM_000352.6(ABCC8):c.3329+13C>A,6833,ABCC8,HGNC:59,Likely benign,0,"Jun 25, 2023",1268156942,-,RCV003841122,MedGen:C3661900,not provided,germline,germline,GRCh38,NC_000011.10,11,17406609,17406609,na,na,11p15.1,"criteria provided, single submitter",1,-,N,ClinGen:CA597665301,2,2984027,17406609,G,T,-,-,-,-,-,-,SCV004643085,-,-
3149525,single nucleotide variant,NM_000352.6(ABCC8):c.4198+20C>A,6833,ABCC8,HGNC:59,Likely benign,0,"Jan 11, 2024",994505434,-,RCV003843251,MedGen:C3661900,not provided,germline,germline,GRCh37,NC_000011.9,11,17417379,17417379,na,na,11p15.1,"criteria provided, single submitter",1,-,N,ClinGen:CA218408131,2,2984092,17417379,G,T,-,-,-,-,-,-,SCV004643529,-,-
3149525,single nucleotide variant,NM_000352.6(ABCC8):c.4198+20C>A,6833,ABCC8,HGNC:59,Likely benign,0,"Jan 11, 2024",994505434,-,RCV003843251,MedGen:C3661900,not provided,germline,germline,GRCh38,NC_000011.10,11,17395832,17395832,na,na,11p15.1,"criteria provided, single submitter",1,-,N,ClinGen:CA218408131,2,2984092,17395832,G,T,-,-,-,-,-,-,SCV004643529,-,-
3150141,single nucleotide variant,NM_000352.6(ABCC8):c.2747T>C (p.Phe916Ser),6833,ABCC8,HGNC:59,Uncertain significance,0,"Dec 09, 2023",1954645931,-,RCV003841612,MedGen:C3661900,not provided,germline,germline,GRCh37,NC_000011.9,11,17430012,17430012,na,na,11p15.1,"criteria provided, single submitter",1,-,N,ClinGen:CA379805284,2,2986005,17430012,A,G,-,-,-,-,-,-,SCV004693084,-,-
3150141,single nucleotide variant,NM_000352.6(ABCC8):c.2747T>C (p.Phe916Ser),6833,ABCC8,HGNC:59,Uncertain significance,0,"Dec 09, 2023",1954645931,-,RCV003841612,MedGen:C3661900,not provided,germline,germline,GRCh38,NC_000011.10,11,17408465,17408465,na,na,11p15.1,"criteria provided, single submitter",1,-,N,ClinGen:CA379805284,2,2986005,17408465,A,G,-,-,-,-,-,-,SCV004693084,-,-
3150254,single nucleotide variant,NM_000352.6(ABCC8):c.1577G>A (p.Arg526His),6833,ABCC8,HGNC:59,Conflicting classifications of pathogenicity,1,"May 27, 2025",144481621,-,RCV003849048|RCV005040562|RCV005412608,"MedGen:C3661900|MONDO:MONDO:0012480,MedGen:C1835887,OMIM:610374,Orphanet:99886;Human Phenotype Ontology:HP:0005965,Human Phenotype Ontology:HP:0005978,Human Phenotype Ontology:HP:0100652,MONDO:MONDO:0005148,MeSH:D003924,MedGen:C0011860,OMIM:125853;MONDO:MONDO:0009415,MedGen:C0271714,OMIM:240800;MONDO:MONDO:0030088,MedGen:C5394303,OMIM:618857;MONDO:MONDO:0009734,MedGen:C2931832,OMIM:256450,Orphanet:276575,Orphanet:276598|MONDO:MONDO:0009734,MedGen:C2931832,OMIM:256450,Orphanet:276575,Orphanet:276598","not provided|Diabetes mellitus, transient neonatal, 2;Type 2 diabetes mellitus;Leucine-induced hypoglycemia;Diabetes mellitus, permanent neonatal 3;Hyperinsulinemic hypoglycemia, familial, 1|Hyperinsulinemic hypoglycemia, familial, 1",germline,germline,GRCh37,NC_000011.9,11,17464320,17464320,na,na,11p15.1,"criteria provided, conflicting classifications",4,-,N,ClinGen:CA5903522,2,2987409,17464320,C,T,-,-,-,-,-,-,SCV004647790|SCV005676395|SCV006079723|SCV007109329,-,-
3150254,single nucleotide variant,NM_000352.6(ABCC8):c.1577G>A (p.Arg526His),6833,ABCC8,HGNC:59,Conflicting classifications of pathogenicity,1,"May 27, 2025",144481621,-,RCV003849048|RCV005040562|RCV005412608,"MedGen:C3661900|MONDO:MONDO:0012480,MedGen:C1835887,OMIM:610374,Orphanet:99886;Human Phenotype Ontology:HP:0005965,Human Phenotype Ontology:HP:0005978,Human Phenotype Ontology:HP:0100652,MONDO:MONDO:0005148,MeSH:D003924,MedGen:C0011860,OMIM:125853;MONDO:MONDO:0009415,MedGen:C0271714,OMIM:240800;MONDO:MONDO:0030088,MedGen:C5394303,OMIM:618857;MONDO:MONDO:0009734,MedGen:C2931832,OMIM:256450,Orphanet:276575,Orphanet:276598|MONDO:MONDO:0009734,MedGen:C2931832,OMIM:256450,Orphanet:276575,Orphanet:276598","not provided|Diabetes mellitus, transient neonatal, 2;Type 2 diabetes mellitus;Leucine-induced hypoglycemia;Diabetes mellitus, permanent neonatal 3;Hyperinsulinemic hypoglycemia, familial, 1|Hyperinsulinemic hypoglycemia, familial, 1",germline,germline,GRCh38,NC_000011.10,11,17442773,17442773,na,na,11p15.1,"criteria provided, conflicting classifications",4,-,N,ClinGen:CA5903522,2,2987409,17442773,C,T,-,-,-,-,-,-,SCV004647790|SCV005676395|SCV006079723|SCV007109329,-,-
3150646,single nucleotide variant,NM_000352.6(ABCC8):c.4307+16C>G,6833,ABCC8,HGNC:59,Likely benign,0,"Aug 11, 2023",1351602970,-,RCV003841920,MedGen:C3661900,not provided,germline,germline,GRCh37,NC_000011.9,11,17417141,17417141,na,na,11p15.1,"criteria provided, single submitter",1,-,N,ClinGen:CA597904401,2,2987801,17417141,G,C,-,-,-,-,-,-,SCV004649058,-,-
3150646,single nucleotide variant,NM_000352.6(ABCC8):c.4307+16C>G,6833,ABCC8,HGNC:59,Likely benign,0,"Aug 11, 2023",1351602970,-,RCV003841920,MedGen:C3661900,not provided,germline,germline,GRCh38,NC_000011.10,11,17395594,17395594,na,na,11p15.1,"criteria provided, single submitter",1,-,N,ClinGen:CA597904401,2,2987801,17395594,G,C,-,-,-,-,-,-,SCV004649058,-,-
3150650,single nucleotide variant,NM_000352.6(ABCC8):c.2391-19C>T,6833,ABCC8,HGNC:59,Likely benign,0,"Aug 11, 2023",1335735940,-,RCV003841924,MedGen:C3661900,not provided,germline,germline,GRCh37,NC_000011.9,11,17435044,17435044,na,na,11p15.1,"criteria provided, single submitter",1,-,N,ClinGen:CA597665572,2,2987805,17435044,G,A,-,-,-,-,-,-,SCV004648519,-,-
3150650,single nucleotide variant,NM_000352.6(ABCC8):c.2391-19C>T,6833,ABCC8,HGNC:59,Likely benign,0,"Aug 11, 2023",1335735940,-,RCV003841924,MedGen:C3661900,not provided,germline,germline,GRCh38,NC_000011.10,11,17413497,17413497,na,na,11p15.1,"criteria provided, single submitter",1,-,N,ClinGen:CA597665572,2,2987805,17413497,G,A,-,-,-,-,-,-,SCV004648519,-,-
3150952,single nucleotide variant,NM_000352.6(ABCC8):c.3162+9G>A,6833,ABCC8,HGNC:59,Likely benign,0,"Jan 12, 2023",759375858,-,RCV003849556,MedGen:C3661900,not provided,germline,germline,GRCh37,NC_000011.9,11,17428426,17428426,na,na,11p15.1,"criteria provided, single submitter",1,-,N,ClinGen:CA5902907,2,2989405,17428426,C,T,-,-,-,-,-,-,SCV004650674,-,-
3150952,single nucleotide variant,NM_000352.6(ABCC8):c.3162+9G>A,6833,ABCC8,HGNC:59,Likely benign,0,"Jan 12, 2023",759375858,-,RCV003849556,MedGen:C3661900,not provided,germline,germline,GRCh38,NC_000011.10,11,17406879,17406879,na,na,11p15.1,"criteria provided, single submitter",1,-,N,ClinGen:CA5902907,2,2989405,17406879,C,T,-,-,-,-,-,-,SCV004650674,-,-
3151403,single nucleotide variant,NM_000352.6(ABCC8):c.4464G>C (p.Leu1488=),6833,ABCC8,HGNC:59,Likely benign,0,"Jul 28, 2023",374880588,-,RCV003849812,MedGen:C3661900,not provided,germline,germline,GRCh37,NC_000011.9,11,17415894,17415894,na,na,11p15.1,"criteria provided, single submitter",1,-,N,ClinGen:CA473298098,2,2991149,17415894,C,G,-,-,-,-,-,-,SCV004651701,-,-
3151403,single nucleotide variant,NM_000352.6(ABCC8):c.4464G>C (p.Leu1488=),6833,ABCC8,HGNC:59,Likely benign,0,"Jul 28, 2023",374880588,-,RCV003849812,MedGen:C3661900,not provided,germline,germline,GRCh38,NC_000011.10,11,17394347,17394347,na,na,11p15.1,"criteria provided, single submitter",1,-,N,ClinGen:CA473298098,2,2991149,17394347,C,G,-,-,-,-,-,-,SCV004651701,-,-
3152569,single nucleotide variant,NM_000352.6(ABCC8):c.1497C>T (p.Thr499=),6833,ABCC8,HGNC:59,Likely benign,0,"Sep 08, 2023",745884500,-,RCV003840496,MedGen:C3661900,not provided,germline,germline,GRCh37,NC_000011.9,11,17464400,17464400,na,na,11p15.1,"criteria provided, single submitter",1,-,N,ClinGen:CA473298519,2,2981914,17464400,G,A,-,-,-,-,-,-,SCV004640570,-,-
3152569,single nucleotide variant,NM_000352.6(ABCC8):c.1497C>T (p.Thr499=),6833,ABCC8,HGNC:59,Likely benign,0,"Sep 08, 2023",745884500,-,RCV003840496,MedGen:C3661900,not provided,germline,germline,GRCh38,NC_000011.10,11,17442853,17442853,na,na,11p15.1,"criteria provided, single submitter",1,-,N,ClinGen:CA473298519,2,2981914,17442853,G,A,-,-,-,-,-,-,SCV004640570,-,-
3153319,single nucleotide variant,NM_000352.6(ABCC8):c.2973G>C (p.Gln991His),6833,ABCC8,HGNC:59,Uncertain significance,0,"Aug 21, 2023",369865194,-,RCV003848382,MedGen:C3661900,not provided,germline,germline,GRCh37,NC_000011.9,11,17428624,17428624,na,na,11p15.1,"criteria provided, single submitter",1,-,N,ClinGen:CA379804099,2,2985255,17428624,C,G,-,-,-,-,-,-,SCV004693930,-,-
3153319,single nucleotide variant,NM_000352.6(ABCC8):c.2973G>C (p.Gln991His),6833,ABCC8,HGNC:59,Uncertain significance,0,"Aug 21, 2023",369865194,-,RCV003848382,MedGen:C3661900,not provided,germline,germline,GRCh38,NC_000011.10,11,17407077,17407077,na,na,11p15.1,"criteria provided, single submitter",1,-,N,ClinGen:CA379804099,2,2985255,17407077,C,G,-,-,-,-,-,-,SCV004693930,-,-
3155105,single nucleotide variant,NM_000352.6(ABCC8):c.290+17G>A,6833,ABCC8,HGNC:59,Likely benign,0,"Sep 20, 2023",1324236044,-,RCV003855343,MedGen:C3661900,not provided,germline,germline,GRCh37,NC_000011.9,11,17496416,17496416,na,na,11p15.1,"criteria provided, single submitter",1,-,N,ClinGen:CA674204788,2,2992216,17496416,C,T,-,-,-,-,-,-,SCV004653310,-,-
3155105,single nucleotide variant,NM_000352.6(ABCC8):c.290+17G>A,6833,ABCC8,HGNC:59,Likely benign,0,"Sep 20, 2023",1324236044,-,RCV003855343,MedGen:C3661900,not provided,germline,germline,GRCh38,NC_000011.10,11,17474869,17474869,na,na,11p15.1,"criteria provided, single submitter",1,-,N,ClinGen:CA674204788,2,2992216,17474869,C,T,-,-,-,-,-,-,SCV004653310,-,-
3155701,single nucleotide variant,NM_000352.6(ABCC8):c.1630+15C>T,6833,ABCC8,HGNC:59,Likely benign,0,"Sep 08, 2023",2496751256,-,RCV003855743,MedGen:C3661900,not provided,germline,germline,GRCh37,NC_000011.9,11,17464252,17464252,na,na,11p15.1,"criteria provided, single submitter",1,-,N,ClinGen:CA2740093640,2,2994104,17464252,G,A,-,-,-,-,-,-,SCV004655100,-,-
3155701,single nucleotide variant,NM_000352.6(ABCC8):c.1630+15C>T,6833,ABCC8,HGNC:59,Likely benign,0,"Sep 08, 2023",2496751256,-,RCV003855743,MedGen:C3661900,not provided,germline,germline,GRCh38,NC_000011.10,11,17442705,17442705,na,na,11p15.1,"criteria provided, single submitter",1,-,N,ClinGen:CA2740093640,2,2994104,17442705,G,A,-,-,-,-,-,-,SCV004655100,-,-
3156375,single nucleotide variant,NM_000352.6(ABCC8):c.148+11G>A,6833,ABCC8,HGNC:59,Likely benign,0,"Jan 10, 2024",1848793684,-,RCV003859253,MedGen:C3661900,not provided,germline,germline,GRCh37,NC_000011.9,11,17498165,17498165,na,na,11p15.1,"criteria provided, single submitter",1,-,N,ClinGen:CA2574769362,2,2998606,17498165,C,T,-,-,-,-,-,-,SCV004660103,-,-
3156375,single nucleotide variant,NM_000352.6(ABCC8):c.148+11G>A,6833,ABCC8,HGNC:59,Likely benign,0,"Jan 10, 2024",1848793684,-,RCV003859253,MedGen:C3661900,not provided,germline,germline,GRCh38,NC_000011.10,11,17476618,17476618,na,na,11p15.1,"criteria provided, single submitter",1,-,N,ClinGen:CA2574769362,2,2998606,17476618,C,T,-,-,-,-,-,-,SCV004660103,-,-
3157370,single nucleotide variant,NM_000352.6(ABCC8):c.2823G>A (p.Glu941=),6833,ABCC8,HGNC:59,Likely benign,0,"Aug 10, 2023",2496536101,-,RCV003865320,MedGen:C3661900,not provided,germline,germline,GRCh37,NC_000011.9,11,17428998,17428998,na,na,11p15.1,"criteria provided, single submitter",1,-,N,ClinGen:CA473300427,2,3002193,17428998,C,T,-,-,-,-,-,-,SCV004664059,-,-
3157370,single nucleotide variant,NM_000352.6(ABCC8):c.2823G>A (p.Glu941=),6833,ABCC8,HGNC:59,Likely benign,0,"Aug 10, 2023",2496536101,-,RCV003865320,MedGen:C3661900,not provided,germline,germline,GRCh38,NC_000011.10,11,17407451,17407451,na,na,11p15.1,"criteria provided, single submitter",1,-,N,ClinGen:CA473300427,2,3002193,17407451,C,T,-,-,-,-,-,-,SCV004664059,-,-
3157825,single nucleotide variant,NM_000525.4(KCNJ11):c.214T>C (p.Leu72=),3767,KCNJ11,HGNC:6257,Likely benign,0,"May 17, 2023",754986446,-,RCV003863517,MedGen:C3661900,not provided,germline,germline,GRCh37,NC_000011.9,11,17409425,17409425,na,na,11p15.1,"criteria provided, single submitter",1,-,N,ClinGen:CA473515860,2,3003942,17409425,A,G,-,-,-,-,-,-,SCV004666024,-,-
3157825,single nucleotide variant,NM_000525.4(KCNJ11):c.214T>C (p.Leu72=),3767,KCNJ11,HGNC:6257,Likely benign,0,"May 17, 2023",754986446,-,RCV003863517,MedGen:C3661900,not provided,germline,germline,GRCh38,NC_000011.10,11,17387878,17387878,na,na,11p15.1,"criteria provided, single submitter",1,-,N,ClinGen:CA473515860,2,3003942,17387878,A,G,-,-,-,-,-,-,SCV004666024,-,-
3157826,single nucleotide variant,NM_000525.4(KCNJ11):c.213A>G (p.Thr71=),3767,KCNJ11,HGNC:6257,Likely benign,0,"Mar 08, 2023",1564865706,-,RCV003863518|RCV005616831,"MedGen:C3661900|MONDO:MONDO:0100164,MedGen:C1833104,OMIM:PS606176,Orphanet:99885",not provided|Permanent neonatal diabetes mellitus,germline,germline,GRCh37,NC_000011.9,11,17409426,17409426,na,na,11p15.1,"criteria provided, single submitter",2,-,N,ClinGen:CA473515864,2,3003943,17409426,T,C,-,-,-,-,-,-,SCV004666025,-,-
3157826,single nucleotide variant,NM_000525.4(KCNJ11):c.213A>G (p.Thr71=),3767,KCNJ11,HGNC:6257,Likely benign,0,"Mar 08, 2023",1564865706,-,RCV003863518|RCV005616831,"MedGen:C3661900|MONDO:MONDO:0100164,MedGen:C1833104,OMIM:PS606176,Orphanet:99885",not provided|Permanent neonatal diabetes mellitus,germline,germline,GRCh38,NC_000011.10,11,17387879,17387879,na,na,11p15.1,"criteria provided, single submitter",2,-,N,ClinGen:CA473515864,2,3003943,17387879,T,C,-,-,-,-,-,-,SCV004666025,-,-
3158194,single nucleotide variant,NM_000352.6(ABCC8):c.594C>T (p.Phe198=),6833,ABCC8,HGNC:59,Likely benign,0,"Jan 16, 2023",1957204366,-,RCV003863690,MedGen:C3661900,not provided,germline,germline,GRCh37,NC_000011.9,11,17483358,17483358,na,na,11p15.1,"criteria provided, single submitter",1,-,N,ClinGen:CA473516257,2,3005603,17483358,G,A,-,-,-,-,-,-,SCV004667304,-,-
3158194,single nucleotide variant,NM_000352.6(ABCC8):c.594C>T (p.Phe198=),6833,ABCC8,HGNC:59,Likely benign,0,"Jan 16, 2023",1957204366,-,RCV003863690,MedGen:C3661900,not provided,germline,germline,GRCh38,NC_000011.10,11,17461811,17461811,na,na,11p15.1,"criteria provided, single submitter",1,-,N,ClinGen:CA473516257,2,3005603,17461811,G,A,-,-,-,-,-,-,SCV004667304,-,-
3158855,single nucleotide variant,NM_000352.6(ABCC8):c.1332+13C>T,6833,ABCC8,HGNC:59,Likely benign,0,"Jun 09, 2023",766849152,-,RCV003864157,MedGen:C3661900,not provided,germline,germline,GRCh37,NC_000011.9,11,17470050,17470050,na,na,11p15.1,"criteria provided, single submitter",1,-,N,ClinGen:CA5903621,2,3007558,17470050,G,A,-,-,-,-,-,-,SCV004669079,-,-
3158855,single nucleotide variant,NM_000352.6(ABCC8):c.1332+13C>T,6833,ABCC8,HGNC:59,Likely benign,0,"Jun 09, 2023",766849152,-,RCV003864157,MedGen:C3661900,not provided,germline,germline,GRCh38,NC_000011.10,11,17448503,17448503,na,na,11p15.1,"criteria provided, single submitter",1,-,N,ClinGen:CA5903621,2,3007558,17448503,G,A,-,-,-,-,-,-,SCV004669079,-,-
3158885,single nucleotide variant,NM_000352.6(ABCC8):c.3753+11T>G,6833,ABCC8,HGNC:59,Likely benign,0,"Jan 12, 2024",759513178,-,RCV003864187,MedGen:C3661900,not provided,germline,germline,GRCh37,NC_000011.9,11,17419875,17419875,na,na,11p15.1,"criteria provided, single submitter",1,-,N,ClinGen:CA5902719,2,3007588,17419875,A,C,-,-,-,-,-,-,SCV004668297,-,-
3158885,single nucleotide variant,NM_000352.6(ABCC8):c.3753+11T>G,6833,ABCC8,HGNC:59,Likely benign,0,"Jan 12, 2024",759513178,-,RCV003864187,MedGen:C3661900,not provided,germline,germline,GRCh38,NC_000011.10,11,17398328,17398328,na,na,11p15.1,"criteria provided, single submitter",1,-,N,ClinGen:CA5902719,2,3007588,17398328,A,C,-,-,-,-,-,-,SCV004668297,-,-
3159207,single nucleotide variant,NM_000352.6(ABCC8):c.2910A>G (p.Glu970=),6833,ABCC8,HGNC:59,Likely benign,0,"Oct 09, 2023",2496534998,-,RCV003869352|RCV005610645,MedGen:C3661900|,not provided|Hereditary hyperinsulinism,germline,germline,GRCh37,NC_000011.9,11,17428911,17428911,na,na,11p15.1,"criteria provided, single submitter",2,-,N,ClinGen:CA473300318,2,3009201,17428911,T,C,-,-,-,-,-,-,SCV004670116,-,-
3159207,single nucleotide variant,NM_000352.6(ABCC8):c.2910A>G (p.Glu970=),6833,ABCC8,HGNC:59,Likely benign,0,"Oct 09, 2023",2496534998,-,RCV003869352|RCV005610645,MedGen:C3661900|,not provided|Hereditary hyperinsulinism,germline,germline,GRCh38,NC_000011.10,11,17407364,17407364,na,na,11p15.1,"criteria provided, single submitter",2,-,N,ClinGen:CA473300318,2,3009201,17407364,T,C,-,-,-,-,-,-,SCV004670116,-,-
3160284,single nucleotide variant,NM_000352.6(ABCC8):c.628C>T (p.Leu210=),6833,ABCC8,HGNC:59,Likely benign,0,"Dec 14, 2023",752980376,-,RCV003855099,MedGen:C3661900,not provided,germline,germline,GRCh37,NC_000011.9,11,17483324,17483324,na,na,11p15.1,"criteria provided, single submitter",1,-,N,ClinGen:CA473516239,2,2999988,17483324,G,A,-,-,-,-,-,-,SCV004662269,-,-
3160284,single nucleotide variant,NM_000352.6(ABCC8):c.628C>T (p.Leu210=),6833,ABCC8,HGNC:59,Likely benign,0,"Dec 14, 2023",752980376,-,RCV003855099,MedGen:C3661900,not provided,germline,germline,GRCh38,NC_000011.10,11,17461777,17461777,na,na,11p15.1,"criteria provided, single submitter",1,-,N,ClinGen:CA473516239,2,2999988,17461777,G,A,-,-,-,-,-,-,SCV004662269,-,-
3160449,single nucleotide variant,NM_000352.6(ABCC8):c.486C>A (p.Ile162=),6833,ABCC8,HGNC:59,Likely benign,0,"May 02, 2023",149872185,-,RCV003857329,MedGen:C3661900,not provided,germline,germline,GRCh37,NC_000011.9,11,17485078,17485078,na,na,11p15.1,"criteria provided, single submitter",1,-,N,ClinGen:CA473301106,2,3000154,17485078,G,T,-,-,-,-,-,-,SCV004662878,-,-
3160449,single nucleotide variant,NM_000352.6(ABCC8):c.486C>A (p.Ile162=),6833,ABCC8,HGNC:59,Likely benign,0,"May 02, 2023",149872185,-,RCV003857329,MedGen:C3661900,not provided,germline,germline,GRCh38,NC_000011.10,11,17463531,17463531,na,na,11p15.1,"criteria provided, single submitter",1,-,N,ClinGen:CA473301106,2,3000154,17463531,G,T,-,-,-,-,-,-,SCV004662878,-,-
3160836,single nucleotide variant,NM_000352.6(ABCC8):c.3456C>T (p.Ala1152=),6833,ABCC8,HGNC:59,Likely benign,0,"May 16, 2023",1044800524,-,RCV003862898,MedGen:C3661900,not provided,germline,germline,GRCh37,NC_000011.9,11,17426160,17426160,na,na,11p15.1,"criteria provided, single submitter",1,-,N,ClinGen:CA473299693,2,3001835,17426160,G,A,-,-,-,-,-,-,SCV004663858,-,-
3160836,single nucleotide variant,NM_000352.6(ABCC8):c.3456C>T (p.Ala1152=),6833,ABCC8,HGNC:59,Likely benign,0,"May 16, 2023",1044800524,-,RCV003862898,MedGen:C3661900,not provided,germline,germline,GRCh38,NC_000011.10,11,17404613,17404613,na,na,11p15.1,"criteria provided, single submitter",1,-,N,ClinGen:CA473299693,2,3001835,17404613,G,A,-,-,-,-,-,-,SCV004663858,-,-
3161828,single nucleotide variant,NM_000352.6(ABCC8):c.1817+14C>T,6833,ABCC8,HGNC:59,Likely benign,0,"Jan 13, 2026",779828287,-,RCV003868541,MedGen:C3661900,not provided,germline,germline,GRCh37,NC_000011.9,11,17452347,17452347,na,na,11p15.1,"criteria provided, single submitter",1,-,N,ClinGen:CA5903444,2,3005414,17452347,G,A,-,-,-,-,-,-,SCV004667152,-,-
3161828,single nucleotide variant,NM_000352.6(ABCC8):c.1817+14C>T,6833,ABCC8,HGNC:59,Likely benign,0,"Jan 13, 2026",779828287,-,RCV003868541,MedGen:C3661900,not provided,germline,germline,GRCh38,NC_000011.10,11,17430800,17430800,na,na,11p15.1,"criteria provided, single submitter",1,-,N,ClinGen:CA5903444,2,3005414,17430800,G,A,-,-,-,-,-,-,SCV004667152,-,-
3162325,single nucleotide variant,NM_000352.6(ABCC8):c.3645C>T (p.Ala1215=),6833,ABCC8,HGNC:59,Likely benign,0,"Nov 08, 2022",777936577,-,RCV003868844,MedGen:C3661900,not provided,germline,germline,GRCh37,NC_000011.9,11,17424213,17424213,na,na,11p15.1,"criteria provided, single submitter",1,-,N,ClinGen:CA473299417,2,3007205,17424213,G,A,-,-,-,-,-,-,SCV004668219,-,-
3162325,single nucleotide variant,NM_000352.6(ABCC8):c.3645C>T (p.Ala1215=),6833,ABCC8,HGNC:59,Likely benign,0,"Nov 08, 2022",777936577,-,RCV003868844,MedGen:C3661900,not provided,germline,germline,GRCh38,NC_000011.10,11,17402666,17402666,na,na,11p15.1,"criteria provided, single submitter",1,-,N,ClinGen:CA473299417,2,3007205,17402666,G,A,-,-,-,-,-,-,SCV004668219,-,-
3162385,single nucleotide variant,NM_000352.6(ABCC8):c.4545+16C>T,6833,ABCC8,HGNC:59,Likely benign,0,"Aug 21, 2023",2496438574,-,RCV003861684,MedGen:C3661900,not provided,germline,germline,GRCh37,NC_000011.9,11,17415797,17415797,na,na,11p15.1,"criteria provided, single submitter",1,-,N,ClinGen:CA2612636625,2,3008557,17415797,G,A,-,-,-,-,-,-,SCV004670000,-,-
3162385,single nucleotide variant,NM_000352.6(ABCC8):c.4545+16C>T,6833,ABCC8,HGNC:59,Likely benign,0,"Aug 21, 2023",2496438574,-,RCV003861684,MedGen:C3661900,not provided,germline,germline,GRCh38,NC_000011.10,11,17394250,17394250,na,na,11p15.1,"criteria provided, single submitter",1,-,N,ClinGen:CA2612636625,2,3008557,17394250,G,A,-,-,-,-,-,-,SCV004670000,-,-
3162549,single nucleotide variant,NM_000352.6(ABCC8):c.1333-4T>C,6833,ABCC8,HGNC:59,Likely benign,0,"Nov 02, 2022",2496756453,-,RCV003861848,MedGen:C3661900,not provided,germline,germline,GRCh37,NC_000011.9,11,17464863,17464863,na,na,11p15.1,"criteria provided, single submitter",1,-,N,ClinGen:CA2574768809,2,3008721,17464863,A,G,-,-,-,-,-,-,SCV004671778,-,-
3162549,single nucleotide variant,NM_000352.6(ABCC8):c.1333-4T>C,6833,ABCC8,HGNC:59,Likely benign,0,"Nov 02, 2022",2496756453,-,RCV003861848,MedGen:C3661900,not provided,germline,germline,GRCh38,NC_000011.10,11,17443316,17443316,na,na,11p15.1,"criteria provided, single submitter",1,-,N,ClinGen:CA2574768809,2,3008721,17443316,A,G,-,-,-,-,-,-,SCV004671778,-,-
3163089,single nucleotide variant,NM_000352.6(ABCC8):c.3989-12C>A,6833,ABCC8,HGNC:59,Likely benign,0,"Nov 19, 2023",1953969931,-,RCV003856532,MedGen:C3661900,not provided,germline,germline,GRCh37,NC_000011.9,11,17418605,17418605,na,na,11p15.1,"criteria provided, single submitter",1,-,N,ClinGen:CA1955123958,2,2996381,17418605,G,T,-,-,-,-,-,-,SCV004697073,-,-
3163089,single nucleotide variant,NM_000352.6(ABCC8):c.3989-12C>A,6833,ABCC8,HGNC:59,Likely benign,0,"Nov 19, 2023",1953969931,-,RCV003856532,MedGen:C3661900,not provided,germline,germline,GRCh38,NC_000011.10,11,17397058,17397058,na,na,11p15.1,"criteria provided, single submitter",1,-,N,ClinGen:CA1955123958,2,2996381,17397058,G,T,-,-,-,-,-,-,SCV004697073,-,-
3163106,single nucleotide variant,NM_000352.6(ABCC8):c.759G>A (p.Leu253=),6833,ABCC8,HGNC:59,Likely benign,0,"Feb 17, 2023",2496852737,-,RCV003856549,MedGen:C3661900,not provided,germline,germline,GRCh37,NC_000011.9,11,17483193,17483193,na,na,11p15.1,"criteria provided, single submitter",1,-,N,ClinGen:CA473516301,2,2996398,17483193,C,T,-,-,-,-,-,-,SCV004697092,-,-
3163106,single nucleotide variant,NM_000352.6(ABCC8):c.759G>A (p.Leu253=),6833,ABCC8,HGNC:59,Likely benign,0,"Feb 17, 2023",2496852737,-,RCV003856549,MedGen:C3661900,not provided,germline,germline,GRCh38,NC_000011.10,11,17461646,17461646,na,na,11p15.1,"criteria provided, single submitter",1,-,N,ClinGen:CA473516301,2,2996398,17461646,C,T,-,-,-,-,-,-,SCV004697092,-,-
3163359,single nucleotide variant,NM_000352.6(ABCC8):c.2691C>T (p.Asp897=),6833,ABCC8,HGNC:59,Likely benign,0,"Dec 20, 2023",201609520,-,RCV003854540,MedGen:C3661900,not provided,germline,germline,GRCh37,NC_000011.9,11,17432066,17432066,na,na,11p15.1,"criteria provided, single submitter",1,-,N,ClinGen:CA5903057,2,2997941,17432066,G,A,-,-,-,-,-,-,SCV004660657,-,-
3163359,single nucleotide variant,NM_000352.6(ABCC8):c.2691C>T (p.Asp897=),6833,ABCC8,HGNC:59,Likely benign,0,"Dec 20, 2023",201609520,-,RCV003854540,MedGen:C3661900,not provided,germline,germline,GRCh38,NC_000011.10,11,17410519,17410519,na,na,11p15.1,"criteria provided, single submitter",1,-,N,ClinGen:CA5903057,2,2997941,17410519,G,A,-,-,-,-,-,-,SCV004660657,-,-
3164124,single nucleotide variant,NM_000352.6(ABCC8):c.1924-18C>T,6833,ABCC8,HGNC:59,Likely benign,0,"Mar 19, 2023",758770662,-,RCV003852439,MedGen:C3661900,not provided,germline,germline,GRCh37,NC_000011.9,11,17449970,17449970,na,na,11p15.1,"criteria provided, single submitter",1,-,N,ClinGen:CA2574768627,2,3001296,17449970,G,A,-,-,-,-,-,-,SCV004661996,-,-
3164124,single nucleotide variant,NM_000352.6(ABCC8):c.1924-18C>T,6833,ABCC8,HGNC:59,Likely benign,0,"Mar 19, 2023",758770662,-,RCV003852439,MedGen:C3661900,not provided,germline,germline,GRCh38,NC_000011.10,11,17428423,17428423,na,na,11p15.1,"criteria provided, single submitter",1,-,N,ClinGen:CA2574768627,2,3001296,17428423,G,A,-,-,-,-,-,-,SCV004661996,-,-
3164416,single nucleotide variant,NM_000352.6(ABCC8):c.2832A>G (p.Thr944=),6833,ABCC8,HGNC:59,Likely benign,0,"Apr 07, 2023",1954598978,-,RCV003862651,MedGen:C3661900,not provided,germline,germline,GRCh37,NC_000011.9,11,17428989,17428989,na,na,11p15.1,"criteria provided, single submitter",1,-,N,ClinGen:CA473300416,2,3001588,17428989,T,C,-,-,-,-,-,-,SCV004663330,-,-
3164416,single nucleotide variant,NM_000352.6(ABCC8):c.2832A>G (p.Thr944=),6833,ABCC8,HGNC:59,Likely benign,0,"Apr 07, 2023",1954598978,-,RCV003862651,MedGen:C3661900,not provided,germline,germline,GRCh38,NC_000011.10,11,17407442,17407442,na,na,11p15.1,"criteria provided, single submitter",1,-,N,ClinGen:CA473300416,2,3001588,17407442,T,C,-,-,-,-,-,-,SCV004663330,-,-
3164577,single nucleotide variant,NM_000352.6(ABCC8):c.1672-5C>T,6833,ABCC8,HGNC:59,Likely benign,0,"Jan 04, 2024",1196740833,-,RCV003860634,MedGen:C3661900,not provided,germline,germline,GRCh37,NC_000011.9,11,17452511,17452511,na,na,11p15.1,"criteria provided, single submitter",1,-,N,ClinGen:CA597666379,2,3003043,17452511,G,A,-,-,-,-,-,-,SCV004664176,-,-
3164577,single nucleotide variant,NM_000352.6(ABCC8):c.1672-5C>T,6833,ABCC8,HGNC:59,Likely benign,0,"Jan 04, 2024",1196740833,-,RCV003860634,MedGen:C3661900,not provided,germline,germline,GRCh38,NC_000011.10,11,17430964,17430964,na,na,11p15.1,"criteria provided, single submitter",1,-,N,ClinGen:CA597666379,2,3003043,17430964,G,A,-,-,-,-,-,-,SCV004664176,-,-
3165758,single nucleotide variant,NM_000525.4(KCNJ11):c.552C>T (p.Ser184=),3767,KCNJ11,HGNC:6257,Likely benign,0,"Apr 22, 2023",2496410269,-,RCV003866770,MedGen:C3661900,not provided,germline,germline,GRCh37,NC_000011.9,11,17409087,17409087,na,na,11p15.1,"criteria provided, single submitter",1,-,N,ClinGen:CA473515476,2,3008107,17409087,G,A,-,-,-,-,-,-,SCV004670474,-,-
3165758,single nucleotide variant,NM_000525.4(KCNJ11):c.552C>T (p.Ser184=),3767,KCNJ11,HGNC:6257,Likely benign,0,"Apr 22, 2023",2496410269,-,RCV003866770,MedGen:C3661900,not provided,germline,germline,GRCh38,NC_000011.10,11,17387540,17387540,na,na,11p15.1,"criteria provided, single submitter",1,-,N,ClinGen:CA473515476,2,3008107,17387540,G,A,-,-,-,-,-,-,SCV004670474,-,-
3166586,single nucleotide variant,NM_000352.6(ABCC8):c.2694+17G>C,6833,ABCC8,HGNC:59,Likely benign,0,"Jan 13, 2023",771284990,-,RCV003854036,MedGen:C3661900,not provided,germline,germline,GRCh37,NC_000011.9,11,17432046,17432046,na,na,11p15.1,"criteria provided, single submitter",1,-,N,ClinGen:CA2574767972,2,2995949,17432046,C,G,-,-,-,-,-,-,SCV004696262,-,-
3166586,single nucleotide variant,NM_000352.6(ABCC8):c.2694+17G>C,6833,ABCC8,HGNC:59,Likely benign,0,"Jan 13, 2023",771284990,-,RCV003854036,MedGen:C3661900,not provided,germline,germline,GRCh38,NC_000011.10,11,17410499,17410499,na,na,11p15.1,"criteria provided, single submitter",1,-,N,ClinGen:CA2574767972,2,2995949,17410499,C,G,-,-,-,-,-,-,SCV004696262,-,-
3167063,single nucleotide variant,NM_000352.6(ABCC8):c.1502A>C (p.Glu501Ala),6833,ABCC8,HGNC:59,Likely pathogenic,1,"Jul 29, 2023",749810368,-,RCV003854318,MedGen:C3661900,not provided,germline,germline,GRCh37,NC_000011.9,11,17464395,17464395,na,na,11p15.1,"criteria provided, single submitter",1,-,N,ClinGen:CA5903547,2,2997719,17464395,T,G,-,-,-,-,-,-,SCV004659389,-,-
3167063,single nucleotide variant,NM_000352.6(ABCC8):c.1502A>C (p.Glu501Ala),6833,ABCC8,HGNC:59,Likely pathogenic,1,"Jul 29, 2023",749810368,-,RCV003854318,MedGen:C3661900,not provided,germline,germline,GRCh38,NC_000011.10,11,17442848,17442848,na,na,11p15.1,"criteria provided, single submitter",1,-,N,ClinGen:CA5903547,2,2997719,17442848,T,G,-,-,-,-,-,-,SCV004659389,-,-
3167202,single nucleotide variant,NM_000352.6(ABCC8):c.4105G>A (p.Ala1369Thr),6833,ABCC8,HGNC:59,Conflicting classifications of pathogenicity,0,"Apr 10, 2024",757110,-,RCV003851783|RCV005051407,"MedGen:C3661900|MONDO:MONDO:0012480,MedGen:C1835887,OMIM:610374,Orphanet:99886;Human Phenotype Ontology:HP:0005965,Human Phenotype Ontology:HP:0005978,Human Phenotype Ontology:HP:0100652,MONDO:MONDO:0005148,MeSH:D003924,MedGen:C0011860,OMIM:125853;MONDO:MONDO:0009415,MedGen:C0271714,OMIM:240800;MONDO:MONDO:0030088,MedGen:C5394303,OMIM:618857;MONDO:MONDO:0009734,MedGen:C2931832,OMIM:256450,Orphanet:276575,Orphanet:276598","not provided|Diabetes mellitus, transient neonatal, 2;Type 2 diabetes mellitus;Leucine-induced hypoglycemia;Diabetes mellitus, permanent neonatal 3;Hyperinsulinemic hypoglycemia, familial, 1",germline,germline,GRCh37,NC_000011.9,11,17418477,17418477,na,na,11p15.1,"criteria provided, conflicting classifications",2,-,N,ClinGen:CA5902584,2,2999152,17418477,C,T,-,-,-,-,-,-,SCV004660303|SCV005683381,-,-
3167202,single nucleotide variant,NM_000352.6(ABCC8):c.4105G>A (p.Ala1369Thr),6833,ABCC8,HGNC:59,Conflicting classifications of pathogenicity,0,"Apr 10, 2024",757110,-,RCV003851783|RCV005051407,"MedGen:C3661900|MONDO:MONDO:0012480,MedGen:C1835887,OMIM:610374,Orphanet:99886;Human Phenotype Ontology:HP:0005965,Human Phenotype Ontology:HP:0005978,Human Phenotype Ontology:HP:0100652,MONDO:MONDO:0005148,MeSH:D003924,MedGen:C0011860,OMIM:125853;MONDO:MONDO:0009415,MedGen:C0271714,OMIM:240800;MONDO:MONDO:0030088,MedGen:C5394303,OMIM:618857;MONDO:MONDO:0009734,MedGen:C2931832,OMIM:256450,Orphanet:276575,Orphanet:276598","not provided|Diabetes mellitus, transient neonatal, 2;Type 2 diabetes mellitus;Leucine-induced hypoglycemia;Diabetes mellitus, permanent neonatal 3;Hyperinsulinemic hypoglycemia, familial, 1",germline,germline,GRCh38,NC_000011.10,11,17396930,17396930,na,na,11p15.1,"criteria provided, conflicting classifications",2,-,N,ClinGen:CA5902584,2,2999152,17396930,C,T,-,-,-,-,-,-,SCV004660303|SCV005683381,-,-
3167412,single nucleotide variant,NM_000352.6(ABCC8):c.3399+8G>A,6833,ABCC8,HGNC:59,Likely benign,0,"Mar 03, 2024",1954472055,-,RCV003851993,MedGen:C3661900,not provided,germline,germline,GRCh37,NC_000011.9,11,17427033,17427033,na,na,11p15.1,"criteria provided, single submitter",1,-,N,ClinGen:CA1955127997,2,2999362,17427033,C,T,-,-,-,-,-,-,SCV004661046,-,-
3167412,single nucleotide variant,NM_000352.6(ABCC8):c.3399+8G>A,6833,ABCC8,HGNC:59,Likely benign,0,"Mar 03, 2024",1954472055,-,RCV003851993,MedGen:C3661900,not provided,germline,germline,GRCh38,NC_000011.10,11,17405486,17405486,na,na,11p15.1,"criteria provided, single submitter",1,-,N,ClinGen:CA1955127997,2,2999362,17405486,C,T,-,-,-,-,-,-,SCV004661046,-,-
3167671,single nucleotide variant,NM_000352.6(ABCC8):c.2556+17T>G,6833,ABCC8,HGNC:59,Likely benign,0,"Jan 13, 2026",374812726,-,RCV003860077,MedGen:C3661900,not provided,germline,germline,GRCh37,NC_000011.9,11,17434196,17434196,na,na,11p15.1,"criteria provided, single submitter",1,-,N,ClinGen:CA597665541,2,3000918,17434196,A,C,-,-,-,-,-,-,SCV004662134,-,-
3167671,single nucleotide variant,NM_000352.6(ABCC8):c.2556+17T>G,6833,ABCC8,HGNC:59,Likely benign,0,"Jan 13, 2026",374812726,-,RCV003860077,MedGen:C3661900,not provided,germline,germline,GRCh38,NC_000011.10,11,17412649,17412649,na,na,11p15.1,"criteria provided, single submitter",1,-,N,ClinGen:CA597665541,2,3000918,17412649,A,C,-,-,-,-,-,-,SCV004662134,-,-
3168588,single nucleotide variant,NM_000352.6(ABCC8):c.4608+13T>C,6833,ABCC8,HGNC:59,Likely benign,0,"Feb 02, 2023",2496434196,-,RCV003866062,MedGen:C3661900,not provided,germline,germline,GRCh37,NC_000011.9,11,17415231,17415231,na,na,11p15.1,"criteria provided, single submitter",1,-,N,ClinGen:CA2612635442,2,3004423,17415231,A,G,-,-,-,-,-,-,SCV004666535,-,-
3168588,single nucleotide variant,NM_000352.6(ABCC8):c.4608+13T>C,6833,ABCC8,HGNC:59,Likely benign,0,"Feb 02, 2023",2496434196,-,RCV003866062,MedGen:C3661900,not provided,germline,germline,GRCh38,NC_000011.10,11,17393684,17393684,na,na,11p15.1,"criteria provided, single submitter",1,-,N,ClinGen:CA2612635442,2,3004423,17393684,A,G,-,-,-,-,-,-,SCV004666535,-,-
3168869,single nucleotide variant,NM_000352.6(ABCC8):c.3540C>T (p.Tyr1180=),6833,ABCC8,HGNC:59,Likely benign,0,"Jan 05, 2023",750132336,-,RCV003864084,MedGen:C3661900,not provided,germline,germline,GRCh37,NC_000011.9,11,17426076,17426076,na,na,11p15.1,"criteria provided, single submitter",1,-,N,ClinGen:CA218417208,2,3005997,17426076,G,A,-,-,-,-,-,-,SCV004668648,-,-
3168869,single nucleotide variant,NM_000352.6(ABCC8):c.3540C>T (p.Tyr1180=),6833,ABCC8,HGNC:59,Likely benign,0,"Jan 05, 2023",750132336,-,RCV003864084,MedGen:C3661900,not provided,germline,germline,GRCh38,NC_000011.10,11,17404529,17404529,na,na,11p15.1,"criteria provided, single submitter",1,-,N,ClinGen:CA218417208,2,3005997,17404529,G,A,-,-,-,-,-,-,SCV004668648,-,-
3169686,single nucleotide variant,NM_000352.6(ABCC8):c.3163-20A>C,6833,ABCC8,HGNC:59,Likely benign,0,"Dec 23, 2022",2496528782,-,RCV003869499,MedGen:C3661900,not provided,germline,germline,GRCh37,NC_000011.9,11,17428355,17428355,na,na,11p15.1,"criteria provided, single submitter",1,-,N,ClinGen:CA2740093636,2,3009348,17428355,T,G,-,-,-,-,-,-,SCV004672012,-,-
3169686,single nucleotide variant,NM_000352.6(ABCC8):c.3163-20A>C,6833,ABCC8,HGNC:59,Likely benign,0,"Dec 23, 2022",2496528782,-,RCV003869499,MedGen:C3661900,not provided,germline,germline,GRCh38,NC_000011.10,11,17406808,17406808,na,na,11p15.1,"criteria provided, single submitter",1,-,N,ClinGen:CA2740093636,2,3009348,17406808,T,G,-,-,-,-,-,-,SCV004672012,-,-
3169864,single nucleotide variant,NM_000352.6(ABCC8):c.3557+16G>A,6833,ABCC8,HGNC:59,Likely benign,0,"Jun 23, 2023",765922155,-,RCV003862468,MedGen:C3661900,not provided,germline,germline,GRCh37,NC_000011.9,11,17426043,17426043,na,na,11p15.1,"criteria provided, single submitter",1,-,N,ClinGen:CA597665219,2,3010829,17426043,C,T,-,-,-,-,-,-,SCV004673095,-,-
3169864,single nucleotide variant,NM_000352.6(ABCC8):c.3557+16G>A,6833,ABCC8,HGNC:59,Likely benign,0,"Jun 23, 2023",765922155,-,RCV003862468,MedGen:C3661900,not provided,germline,germline,GRCh38,NC_000011.10,11,17404496,17404496,na,na,11p15.1,"criteria provided, single submitter",1,-,N,ClinGen:CA597665219,2,3010829,17404496,C,T,-,-,-,-,-,-,SCV004673095,-,-
3170703,single nucleotide variant,NM_000352.6(ABCC8):c.61G>T (p.Val21Phe),6833,ABCC8,HGNC:59,Likely pathogenic,1,"Aug 29, 2023",1176097396,-,RCV003875905,MedGen:C3661900,not provided,germline,germline,GRCh37,NC_000011.9,11,17498263,17498263,na,na,11p15.1,"criteria provided, single submitter",1,-,N,ClinGen:CA379790100,2,3014266,17498263,C,A,-,-,-,-,-,-,SCV004677172,-,-
3170703,single nucleotide variant,NM_000352.6(ABCC8):c.61G>T (p.Val21Phe),6833,ABCC8,HGNC:59,Likely pathogenic,1,"Aug 29, 2023",1176097396,-,RCV003875905,MedGen:C3661900,not provided,germline,germline,GRCh38,NC_000011.10,11,17476716,17476716,na,na,11p15.1,"criteria provided, single submitter",1,-,N,ClinGen:CA379790100,2,3014266,17476716,C,A,-,-,-,-,-,-,SCV004677172,-,-
3172049,single nucleotide variant,NM_000352.6(ABCC8):c.4545+14C>G,6833,ABCC8,HGNC:59,Likely benign,0,"Dec 14, 2025",879252093,-,RCV003874652,MedGen:C3661900,not provided,germline,germline,GRCh37,NC_000011.9,11,17415799,17415799,na,na,11p15.1,"criteria provided, single submitter",1,-,N,ClinGen:CA218406720,2,3019541,17415799,G,C,-,-,-,-,-,-,SCV004683401,-,-
3172049,single nucleotide variant,NM_000352.6(ABCC8):c.4545+14C>G,6833,ABCC8,HGNC:59,Likely benign,0,"Dec 14, 2025",879252093,-,RCV003874652,MedGen:C3661900,not provided,germline,germline,GRCh38,NC_000011.10,11,17394252,17394252,na,na,11p15.1,"criteria provided, single submitter",1,-,N,ClinGen:CA218406720,2,3019541,17394252,G,C,-,-,-,-,-,-,SCV004683401,-,-
3173023,single nucleotide variant,NM_000352.6(ABCC8):c.4546-14C>T,6833,ABCC8,HGNC:59,Likely benign,0,"Jan 02, 2024",2496435213,-,RCV003882306,MedGen:C3661900,not provided,germline,germline,GRCh37,NC_000011.9,11,17415320,17415320,na,na,11p15.1,"criteria provided, single submitter",1,-,N,ClinGen:CA2740093651,2,3023120,17415320,G,A,-,-,-,-,-,-,SCV004687554,-,-
3173023,single nucleotide variant,NM_000352.6(ABCC8):c.4546-14C>T,6833,ABCC8,HGNC:59,Likely benign,0,"Jan 02, 2024",2496435213,-,RCV003882306,MedGen:C3661900,not provided,germline,germline,GRCh38,NC_000011.10,11,17393773,17393773,na,na,11p15.1,"criteria provided, single submitter",1,-,N,ClinGen:CA2740093651,2,3023120,17393773,G,A,-,-,-,-,-,-,SCV004687554,-,-
3173996,single nucleotide variant,NM_000525.4(KCNJ11):c.897G>A (p.Gln299=),3767,KCNJ11,HGNC:6257,Likely benign,0,"Oct 22, 2023",1285531435,-,RCV003875534,MedGen:C3661900,not provided,germline,germline,GRCh37,NC_000011.9,11,17408742,17408742,na,na,11p15.1,"criteria provided, single submitter",1,-,N,ClinGen:CA473515355,2,3012407,17408742,C,T,-,-,-,-,-,-,SCV004675800,-,-
3173996,single nucleotide variant,NM_000525.4(KCNJ11):c.897G>A (p.Gln299=),3767,KCNJ11,HGNC:6257,Likely benign,0,"Oct 22, 2023",1285531435,-,RCV003875534,MedGen:C3661900,not provided,germline,germline,GRCh38,NC_000011.10,11,17387195,17387195,na,na,11p15.1,"criteria provided, single submitter",1,-,N,ClinGen:CA473515355,2,3012407,17387195,C,T,-,-,-,-,-,-,SCV004675800,-,-
3174075,single nucleotide variant,NM_000525.4(KCNJ11):c.556C>T (p.His186Tyr),3767,KCNJ11,HGNC:6257,Conflicting classifications of pathogenicity,1,"Nov 13, 2025",2133380076,-,RCV003873358|RCV006269926,MedGen:C3661900|MedGen:CN169374,not provided|not specified,germline,germline,GRCh37,NC_000011.9,11,17409083,17409083,na,na,11p15.1,"criteria provided, conflicting classifications",3,-,N,ClinGen:CA379772721,2,3013783,17409083,G,A,-,-,-,-,-,-,SCV004676664|SCV005389393|SCV007123405,-,-
3174075,single nucleotide variant,NM_000525.4(KCNJ11):c.556C>T (p.His186Tyr),3767,KCNJ11,HGNC:6257,Conflicting classifications of pathogenicity,1,"Nov 13, 2025",2133380076,-,RCV003873358|RCV006269926,MedGen:C3661900|MedGen:CN169374,not provided|not specified,germline,germline,GRCh38,NC_000011.10,11,17387536,17387536,na,na,11p15.1,"criteria provided, conflicting classifications",3,-,N,ClinGen:CA379772721,2,3013783,17387536,G,A,-,-,-,-,-,-,SCV004676664|SCV005389393|SCV007123405,-,-
3174088,single nucleotide variant,NM_000352.6(ABCC8):c.1672-13C>A,6833,ABCC8,HGNC:59,Conflicting classifications of pathogenicity,0,"May 03, 2024",369655742,-,RCV003873371|RCV004690491,MedGen:C3661900|MedGen:CN169374,not provided|not specified,germline,germline,GRCh37,NC_000011.9,11,17452519,17452519,na,na,11p15.1,"criteria provided, conflicting classifications",2,-,N,ClinGen:CA5903471,2,3013796,17452519,G,T,-,-,-,-,-,-,SCV004676516|SCV005185971,-,-
3174088,single nucleotide variant,NM_000352.6(ABCC8):c.1672-13C>A,6833,ABCC8,HGNC:59,Conflicting classifications of pathogenicity,0,"May 03, 2024",369655742,-,RCV003873371|RCV004690491,MedGen:C3661900|MedGen:CN169374,not provided|not specified,germline,germline,GRCh38,NC_000011.10,11,17430972,17430972,na,na,11p15.1,"criteria provided, conflicting classifications",2,-,N,ClinGen:CA5903471,2,3013796,17430972,G,T,-,-,-,-,-,-,SCV004676516|SCV005185971,-,-
3174255,single nucleotide variant,NM_000352.6(ABCC8):c.3558-17T>A,6833,ABCC8,HGNC:59,Likely benign,0,"Sep 29, 2025",2496502752,-,RCV003873538,MedGen:C3661900,not provided,germline,germline,GRCh37,NC_000011.9,11,17424317,17424317,na,na,11p15.1,"criteria provided, single submitter",1,-,N,ClinGen:CA2549494032,2,3013963,17424317,A,T,-,-,-,-,-,-,SCV004676665,-,-
3174255,single nucleotide variant,NM_000352.6(ABCC8):c.3558-17T>A,6833,ABCC8,HGNC:59,Likely benign,0,"Sep 29, 2025",2496502752,-,RCV003873538,MedGen:C3661900,not provided,germline,germline,GRCh38,NC_000011.10,11,17402770,17402770,na,na,11p15.1,"criteria provided, single submitter",1,-,N,ClinGen:CA2549494032,2,3013963,17402770,A,T,-,-,-,-,-,-,SCV004676665,-,-
3175111,single nucleotide variant,NM_000352.6(ABCC8):c.1817+11G>A,6833,ABCC8,HGNC:59,Likely benign,0,"Jan 25, 2024",768601143,-,RCV003871563,MedGen:C3661900,not provided,germline,germline,GRCh37,NC_000011.9,11,17452350,17452350,na,na,11p15.1,"criteria provided, single submitter",1,-,N,ClinGen:CA5903446,2,3017444,17452350,C,T,-,-,-,-,-,-,SCV004681790,-,-
3175111,single nucleotide variant,NM_000352.6(ABCC8):c.1817+11G>A,6833,ABCC8,HGNC:59,Likely benign,0,"Jan 25, 2024",768601143,-,RCV003871563,MedGen:C3661900,not provided,germline,germline,GRCh38,NC_000011.10,11,17430803,17430803,na,na,11p15.1,"criteria provided, single submitter",1,-,N,ClinGen:CA5903446,2,3017444,17430803,C,T,-,-,-,-,-,-,SCV004681790,-,-
3176539,single nucleotide variant,NM_000352.6(ABCC8):c.1456C>T (p.Arg486Trp),6833,ABCC8,HGNC:59,Uncertain significance,0,"May 12, 2025",950691063,-,RCV003881971,MedGen:C3661900,not provided,germline,germline,GRCh37,NC_000011.9,11,17464736,17464736,na,na,11p15.1,"criteria provided, single submitter",1,-,N,ClinGen:CA379766903,2,3022785,17464736,G,A,-,-,-,-,-,-,SCV004686572,-,-
3176539,single nucleotide variant,NM_000352.6(ABCC8):c.1456C>T (p.Arg486Trp),6833,ABCC8,HGNC:59,Uncertain significance,0,"May 12, 2025",950691063,-,RCV003881971,MedGen:C3661900,not provided,germline,germline,GRCh38,NC_000011.10,11,17443189,17443189,na,na,11p15.1,"criteria provided, single submitter",1,-,N,ClinGen:CA379766903,2,3022785,17443189,G,A,-,-,-,-,-,-,SCV004686572,-,-
3176540,single nucleotide variant,NM_000352.6(ABCC8):c.4412-15C>T,6833,ABCC8,HGNC:59,Likely benign,0,"May 17, 2023",2496440749,-,RCV003881972,MedGen:C3661900,not provided,germline,germline,GRCh37,NC_000011.9,11,17415961,17415961,na,na,11p15.1,"criteria provided, single submitter",1,-,N,ClinGen:CA2574768278,2,3022786,17415961,G,A,-,-,-,-,-,-,SCV004686573,-,-
3176540,single nucleotide variant,NM_000352.6(ABCC8):c.4412-15C>T,6833,ABCC8,HGNC:59,Likely benign,0,"May 17, 2023",2496440749,-,RCV003881972,MedGen:C3661900,not provided,germline,germline,GRCh38,NC_000011.10,11,17394414,17394414,na,na,11p15.1,"criteria provided, single submitter",1,-,N,ClinGen:CA2574768278,2,3022786,17394414,G,A,-,-,-,-,-,-,SCV004686573,-,-
3177807,single nucleotide variant,NM_000352.6(ABCC8):c.4411+14G>C,6833,ABCC8,HGNC:59,Likely benign,0,"Jan 22, 2023",1230880108,-,RCV003873245,MedGen:C3661900,not provided,germline,germline,GRCh37,NC_000011.9,11,17416705,17416705,na,na,11p15.1,"criteria provided, single submitter",1,-,N,ClinGen:CA674175011,2,3013670,17416705,C,G,-,-,-,-,-,-,SCV004676026,-,-
3177807,single nucleotide variant,NM_000352.6(ABCC8):c.4411+14G>C,6833,ABCC8,HGNC:59,Likely benign,0,"Jan 22, 2023",1230880108,-,RCV003873245,MedGen:C3661900,not provided,germline,germline,GRCh38,NC_000011.10,11,17395158,17395158,na,na,11p15.1,"criteria provided, single submitter",1,-,N,ClinGen:CA674175011,2,3013670,17395158,C,G,-,-,-,-,-,-,SCV004676026,-,-
3178113,single nucleotide variant,NM_000352.6(ABCC8):c.1672-12C>T,6833,ABCC8,HGNC:59,Likely benign,0,"Dec 19, 2023",1253355355,-,RCV003870893,MedGen:C3661900,not provided,germline,germline,GRCh37,NC_000011.9,11,17452518,17452518,na,na,11p15.1,"criteria provided, single submitter",1,-,N,ClinGen:CA597666380,2,3015286,17452518,G,A,-,-,-,-,-,-,SCV004678732,-,-
3178113,single nucleotide variant,NM_000352.6(ABCC8):c.1672-12C>T,6833,ABCC8,HGNC:59,Likely benign,0,"Dec 19, 2023",1253355355,-,RCV003870893,MedGen:C3661900,not provided,germline,germline,GRCh38,NC_000011.10,11,17430971,17430971,na,na,11p15.1,"criteria provided, single submitter",1,-,N,ClinGen:CA597666380,2,3015286,17430971,G,A,-,-,-,-,-,-,SCV004678732,-,-
3178683,single nucleotide variant,NM_000352.6(ABCC8):c.2222+9T>C,6833,ABCC8,HGNC:59,Likely benign,0,"Jul 19, 2023",2496656992,-,RCV003871285,MedGen:C3661900,not provided,germline,germline,GRCh37,NC_000011.9,11,17448587,17448587,na,na,11p15.1,"criteria provided, single submitter",1,-,N,ClinGen:CA2740093638,2,3017166,17448587,A,G,-,-,-,-,-,-,SCV004681706,-,-
3178683,single nucleotide variant,NM_000352.6(ABCC8):c.2222+9T>C,6833,ABCC8,HGNC:59,Likely benign,0,"Jul 19, 2023",2496656992,-,RCV003871285,MedGen:C3661900,not provided,germline,germline,GRCh38,NC_000011.10,11,17427040,17427040,na,na,11p15.1,"criteria provided, single submitter",1,-,N,ClinGen:CA2740093638,2,3017166,17427040,A,G,-,-,-,-,-,-,SCV004681706,-,-
3179315,single nucleotide variant,NM_000162.5(GCK):c.363+19G>A,2645,GCK,HGNC:4195,Benign,0,"Jan 08, 2026",138885743,-,RCV003877582|RCV005000486,MedGen:C3661900|MedGen:CN169374,not provided|not specified,germline;unknown,germline,GRCh37,NC_000007.13,7,44191851,44191851,na,na,7p13,"criteria provided, multiple submitters, no conflicts",4,-,N,ClinGen:CA4239659,2,3020407,44191851,C,T,-,-,-,-,-,-,SCV004684149|SCV005622233|SCV005887899|SCV007332789,-,-
3179315,single nucleotide variant,NM_000162.5(GCK):c.363+19G>A,2645,GCK,HGNC:4195,Benign,0,"Jan 08, 2026",138885743,-,RCV003877582|RCV005000486,MedGen:C3661900|MedGen:CN169374,not provided|not specified,germline;unknown,germline,GRCh38,NC_000007.14,7,44152252,44152252,na,na,7p13,"criteria provided, multiple submitters, no conflicts",4,-,N,ClinGen:CA4239659,2,3020407,44152252,C,T,-,-,-,-,-,-,SCV004684149|SCV005622233|SCV005887899|SCV007332789,-,-
3179755,single nucleotide variant,NM_000352.6(ABCC8):c.1896G>A (p.Gln632=),6833,ABCC8,HGNC:59,Likely benign,0,"Aug 30, 2023",2496671316,-,RCV003881232,MedGen:C3661900,not provided,germline,germline,GRCh37,NC_000011.9,11,17450139,17450139,na,na,11p15.1,"criteria provided, single submitter",1,-,N,ClinGen:CA473516540,2,3022153,17450139,C,T,-,-,-,-,-,-,SCV004686936,-,-
3179755,single nucleotide variant,NM_000352.6(ABCC8):c.1896G>A (p.Gln632=),6833,ABCC8,HGNC:59,Likely benign,0,"Aug 30, 2023",2496671316,-,RCV003881232,MedGen:C3661900,not provided,germline,germline,GRCh38,NC_000011.10,11,17428592,17428592,na,na,11p15.1,"criteria provided, single submitter",1,-,N,ClinGen:CA473516540,2,3022153,17428592,C,T,-,-,-,-,-,-,SCV004686936,-,-
3181199,single nucleotide variant,NM_000352.6(ABCC8):c.149-14G>A,6833,ABCC8,HGNC:59,Likely benign,0,"Dec 28, 2025",1409566367,-,RCV003870200,MedGen:C3661900,not provided,germline,germline,GRCh37,NC_000011.9,11,17496588,17496588,na,na,11p15.1,"criteria provided, single submitter",1,-,N,ClinGen:CA597670660,2,3013105,17496588,C,T,-,-,-,-,-,-,SCV004674584,-,-
3181199,single nucleotide variant,NM_000352.6(ABCC8):c.149-14G>A,6833,ABCC8,HGNC:59,Likely benign,0,"Dec 28, 2025",1409566367,-,RCV003870200,MedGen:C3661900,not provided,germline,germline,GRCh38,NC_000011.10,11,17475041,17475041,na,na,11p15.1,"criteria provided, single submitter",1,-,N,ClinGen:CA597670660,2,3013105,17475041,C,T,-,-,-,-,-,-,SCV004674584,-,-
3181239,single nucleotide variant,NM_000352.6(ABCC8):c.4185G>A (p.Val1395=),6833,ABCC8,HGNC:59,Likely benign,0,"Feb 26, 2024",370459854,-,RCV003870241,MedGen:C3661900,not provided,germline,germline,GRCh37,NC_000011.9,11,17417412,17417412,na,na,11p15.1,"criteria provided, single submitter",1,-,N,ClinGen:CA5902546,2,3013146,17417412,C,T,-,-,-,-,-,-,SCV004675403,-,-
3181239,single nucleotide variant,NM_000352.6(ABCC8):c.4185G>A (p.Val1395=),6833,ABCC8,HGNC:59,Likely benign,0,"Feb 26, 2024",370459854,-,RCV003870241,MedGen:C3661900,not provided,germline,germline,GRCh38,NC_000011.10,11,17395865,17395865,na,na,11p15.1,"criteria provided, single submitter",1,-,N,ClinGen:CA5902546,2,3013146,17395865,C,T,-,-,-,-,-,-,SCV004675403,-,-
3181906,single nucleotide variant,NM_000352.6(ABCC8):c.1723G>A (p.Val575Met),6833,ABCC8,HGNC:59,Uncertain significance,0,"Jan 26, 2024",149930713,-,RCV003876575,MedGen:C3661900,not provided,germline,germline,GRCh37,NC_000011.9,11,17452455,17452455,na,na,11p15.1,"criteria provided, single submitter",1,-,N,ClinGen:CA5903462,2,3016424,17452455,C,T,-,-,-,-,-,-,SCV004678971,-,-
3181906,single nucleotide variant,NM_000352.6(ABCC8):c.1723G>A (p.Val575Met),6833,ABCC8,HGNC:59,Uncertain significance,0,"Jan 26, 2024",149930713,-,RCV003876575,MedGen:C3661900,not provided,germline,germline,GRCh38,NC_000011.10,11,17430908,17430908,na,na,11p15.1,"criteria provided, single submitter",1,-,N,ClinGen:CA5903462,2,3016424,17430908,C,T,-,-,-,-,-,-,SCV004678971,-,-
3182484,single nucleotide variant,NM_000352.6(ABCC8):c.3557+16G>T,6833,ABCC8,HGNC:59,Likely benign,0,"Jul 17, 2023",765922155,-,RCV003876971,MedGen:C3661900,not provided,germline,germline,GRCh37,NC_000011.9,11,17426043,17426043,na,na,11p15.1,"criteria provided, single submitter",1,-,N,ClinGen:CA5902781,2,3018308,17426043,C,A,-,-,-,-,-,-,SCV004681151,-,-
3182484,single nucleotide variant,NM_000352.6(ABCC8):c.3557+16G>T,6833,ABCC8,HGNC:59,Likely benign,0,"Jul 17, 2023",765922155,-,RCV003876971,MedGen:C3661900,not provided,germline,germline,GRCh38,NC_000011.10,11,17404496,17404496,na,na,11p15.1,"criteria provided, single submitter",1,-,N,ClinGen:CA5902781,2,3018308,17404496,C,A,-,-,-,-,-,-,SCV004681151,-,-
3183157,single nucleotide variant,NM_000352.6(ABCC8):c.1631-13G>C,6833,ABCC8,HGNC:59,Likely benign,0,"Oct 13, 2024",1591808144,-,RCV003880180,MedGen:C3661900,not provided,germline,germline,GRCh37,NC_000011.9,11,17453804,17453804,na,na,11p15.1,"criteria provided, single submitter",1,-,N,ClinGen:CA1955140319,2,3021597,17453804,C,G,-,-,-,-,-,-,SCV004686206,-,-
3183157,single nucleotide variant,NM_000352.6(ABCC8):c.1631-13G>C,6833,ABCC8,HGNC:59,Likely benign,0,"Oct 13, 2024",1591808144,-,RCV003880180,MedGen:C3661900,not provided,germline,germline,GRCh38,NC_000011.10,11,17432257,17432257,na,na,11p15.1,"criteria provided, single submitter",1,-,N,ClinGen:CA1955140319,2,3021597,17432257,C,G,-,-,-,-,-,-,SCV004686206,-,-
3183644,single nucleotide variant,NM_000352.6(ABCC8):c.4307+19C>T,6833,ABCC8,HGNC:59,Likely benign,0,"Jan 25, 2024",1025403081,-,RCV003880921,MedGen:C3661900,not provided,germline,germline,GRCh37,NC_000011.9,11,17417138,17417138,na,na,11p15.1,"criteria provided, single submitter",1,-,N,ClinGen:CA218407902,2,3023826,17417138,G,A,-,-,-,-,-,-,SCV004687977,-,-
3183644,single nucleotide variant,NM_000352.6(ABCC8):c.4307+19C>T,6833,ABCC8,HGNC:59,Likely benign,0,"Jan 25, 2024",1025403081,-,RCV003880921,MedGen:C3661900,not provided,germline,germline,GRCh38,NC_000011.10,11,17395591,17395591,na,na,11p15.1,"criteria provided, single submitter",1,-,N,ClinGen:CA218407902,2,3023826,17395591,G,A,-,-,-,-,-,-,SCV004687977,-,-
3184255,single nucleotide variant,NM_000352.6(ABCC8):c.4546-12C>T,6833,ABCC8,HGNC:59,Likely benign,0,"Apr 25, 2024",905424734,-,RCV003880747|RCV004587582,MedGen:C3661900|MedGen:CN169374,not provided|not specified,germline,germline,GRCh37,NC_000011.9,11,17415318,17415318,na,na,11p15.1,"criteria provided, multiple submitters, no conflicts",2,-,N,ClinGen:CA1955122321,2,3023652,17415318,G,A,-,-,-,-,-,-,SCV004688038|SCV005076474,-,-
3184255,single nucleotide variant,NM_000352.6(ABCC8):c.4546-12C>T,6833,ABCC8,HGNC:59,Likely benign,0,"Apr 25, 2024",905424734,-,RCV003880747|RCV004587582,MedGen:C3661900|MedGen:CN169374,not provided|not specified,germline,germline,GRCh38,NC_000011.10,11,17393771,17393771,na,na,11p15.1,"criteria provided, multiple submitters, no conflicts",2,-,N,ClinGen:CA1955122321,2,3023652,17393771,G,A,-,-,-,-,-,-,SCV004688038|SCV005076474,-,-
3184687,single nucleotide variant,NM_000162.5(GCK):c.1254-13C>A,2645,GCK,HGNC:4195,Uncertain significance,0,"Feb 16, 2024",377159489,-,RCV003883451,"MONDO:MONDO:0015967,MedGen:C3888631,Orphanet:183625",Monogenic diabetes,germline,germline,GRCh37,NC_000007.13,7,44184892,44184892,na,na,7p13,reviewed by expert panel,1,-,N,ClinGen:CA1139771319,2,3024415,44184892,G,T,-,-,-,-,-,-,SCV004697896,-,-
3184687,single nucleotide variant,NM_000162.5(GCK):c.1254-13C>A,2645,GCK,HGNC:4195,Uncertain significance,0,"Feb 16, 2024",377159489,-,RCV003883451,"MONDO:MONDO:0015967,MedGen:C3888631,Orphanet:183625",Monogenic diabetes,germline,germline,GRCh38,NC_000007.14,7,44145293,44145293,na,na,7p13,reviewed by expert panel,1,-,N,ClinGen:CA1139771319,2,3024415,44145293,G,T,-,-,-,-,-,-,SCV004697896,-,-
3184688,single nucleotide variant,NM_000162.5(GCK):c.1358C>A (p.Ser453Ter),2645,GCK,HGNC:4195,Likely pathogenic,1,"Jul 29, 2023",193922283,-,RCV003883452,"MONDO:MONDO:0015967,MedGen:C3888631,Orphanet:183625",Monogenic diabetes,germline,germline,GRCh37,NC_000007.13,7,44184775,44184775,na,na,7p13,reviewed by expert panel,1,-,N,ClinGen:CA367396876,2,3024416,44184775,G,T,-,-,-,-,-,-,SCV004697897,-,-
3184688,single nucleotide variant,NM_000162.5(GCK):c.1358C>A (p.Ser453Ter),2645,GCK,HGNC:4195,Likely pathogenic,1,"Jul 29, 2023",193922283,-,RCV003883452,"MONDO:MONDO:0015967,MedGen:C3888631,Orphanet:183625",Monogenic diabetes,germline,germline,GRCh38,NC_000007.14,7,44145176,44145176,na,na,7p13,reviewed by expert panel,1,-,N,ClinGen:CA367396876,2,3024416,44145176,G,T,-,-,-,-,-,-,SCV004697897,-,-
3184689,single nucleotide variant,NM_000162.5(GCK):c.1159G>A (p.Ala387Thr),2645,GCK,HGNC:4195,Pathogenic,1,"Feb 28, 2024",2096271511,-,RCV003883453,"MONDO:MONDO:0015967,MedGen:C3888631,Orphanet:183625",Monogenic diabetes,germline,germline,GRCh37,NC_000007.13,7,44185190,44185190,na,na,7p13,reviewed by expert panel,1,-,N,ClinGen:CA367398695,2,3024417,44185190,C,T,-,-,-,-,-,-,SCV004697904,-,-
3184689,single nucleotide variant,NM_000162.5(GCK):c.1159G>A (p.Ala387Thr),2645,GCK,HGNC:4195,Pathogenic,1,"Feb 28, 2024",2096271511,-,RCV003883453,"MONDO:MONDO:0015967,MedGen:C3888631,Orphanet:183625",Monogenic diabetes,germline,germline,GRCh38,NC_000007.14,7,44145591,44145591,na,na,7p13,reviewed by expert panel,1,-,N,ClinGen:CA367398695,2,3024417,44145591,C,T,-,-,-,-,-,-,SCV004697904,-,-
3184690,single nucleotide variant,NM_000162.5(GCK):c.1148C>G (p.Ser383Trp),2645,GCK,HGNC:4195,Likely pathogenic,1,"Feb 28, 2024",777870079,-,RCV003883454,"MONDO:MONDO:0015967,MedGen:C3888631,Orphanet:183625",Monogenic diabetes,germline,germline,GRCh37,NC_000007.13,7,44185201,44185201,na,na,7p13,reviewed by expert panel,1,-,N,ClinGen:CA367398735,2,3024418,44185201,G,C,-,-,-,-,-,-,SCV004697910,-,-
3184690,single nucleotide variant,NM_000162.5(GCK):c.1148C>G (p.Ser383Trp),2645,GCK,HGNC:4195,Likely pathogenic,1,"Feb 28, 2024",777870079,-,RCV003883454,"MONDO:MONDO:0015967,MedGen:C3888631,Orphanet:183625",Monogenic diabetes,germline,germline,GRCh38,NC_000007.14,7,44145602,44145602,na,na,7p13,reviewed by expert panel,1,-,N,ClinGen:CA367398735,2,3024418,44145602,G,C,-,-,-,-,-,-,SCV004697910,-,-
3184691,single nucleotide variant,NM_000162.5(GCK):c.1147T>A (p.Ser383Thr),2645,GCK,HGNC:4195,Likely pathogenic,1,"Feb 28, 2024",749298368,-,RCV003883455,"MONDO:MONDO:0015967,MedGen:C3888631,Orphanet:183625",Monogenic diabetes,germline,germline,GRCh37,NC_000007.13,7,44185202,44185202,na,na,7p13,reviewed by expert panel,1,-,N,ClinGen:CA367398738,2,3024419,44185202,A,T,-,-,-,-,-,-,SCV004697911,-,-
3184691,single nucleotide variant,NM_000162.5(GCK):c.1147T>A (p.Ser383Thr),2645,GCK,HGNC:4195,Likely pathogenic,1,"Feb 28, 2024",749298368,-,RCV003883455,"MONDO:MONDO:0015967,MedGen:C3888631,Orphanet:183625",Monogenic diabetes,germline,germline,GRCh38,NC_000007.14,7,44145603,44145603,na,na,7p13,reviewed by expert panel,1,-,N,ClinGen:CA367398738,2,3024419,44145603,A,T,-,-,-,-,-,-,SCV004697911,-,-
3184692,single nucleotide variant,NM_000162.5(GCK):c.683C>G (p.Thr228Arg),2645,GCK,HGNC:4195,Pathogenic,1,"Feb 28, 2024",80356655,-,RCV003883456|RCV005101448,"MONDO:MONDO:0015967,MedGen:C3888631,Orphanet:183625|MedGen:C3661900",Monogenic diabetes|not provided,germline,germline,GRCh37,NC_000007.13,7,44187429,44187429,na,na,7p13,reviewed by expert panel,2,-,N,ClinGen:CA367400787,2,3024420,44187429,G,C,-,-,-,-,-,-,SCV004697916,-,-
3184692,single nucleotide variant,NM_000162.5(GCK):c.683C>G (p.Thr228Arg),2645,GCK,HGNC:4195,Pathogenic,1,"Feb 28, 2024",80356655,-,RCV003883456|RCV005101448,"MONDO:MONDO:0015967,MedGen:C3888631,Orphanet:183625|MedGen:C3661900",Monogenic diabetes|not provided,germline,germline,GRCh38,NC_000007.14,7,44147830,44147830,na,na,7p13,reviewed by expert panel,2,-,N,ClinGen:CA367400787,2,3024420,44147830,G,C,-,-,-,-,-,-,SCV004697916,-,-
3184693,single nucleotide variant,NM_000162.5(GCK):c.683C>A (p.Thr228Lys),2645,GCK,HGNC:4195,Pathogenic,1,"Feb 28, 2024",80356655,-,RCV003883457,"MONDO:MONDO:0015967,MedGen:C3888631,Orphanet:183625",Monogenic diabetes,germline,germline,GRCh37,NC_000007.13,7,44187429,44187429,na,na,7p13,reviewed by expert panel,1,-,N,ClinGen:CA367400788,2,3024421,44187429,G,T,-,-,-,-,-,-,SCV004697919,-,-
3184693,single nucleotide variant,NM_000162.5(GCK):c.683C>A (p.Thr228Lys),2645,GCK,HGNC:4195,Pathogenic,1,"Feb 28, 2024",80356655,-,RCV003883457,"MONDO:MONDO:0015967,MedGen:C3888631,Orphanet:183625",Monogenic diabetes,germline,germline,GRCh38,NC_000007.14,7,44147830,44147830,na,na,7p13,reviewed by expert panel,1,-,N,ClinGen:CA367400788,2,3024421,44147830,G,T,-,-,-,-,-,-,SCV004697919,-,-
3184694,single nucleotide variant,NM_000162.5(GCK):c.389T>A (p.Ile130Asn),2645,GCK,HGNC:4195,Likely pathogenic,1,"Feb 28, 2024",1036483919,-,RCV003883458,"MONDO:MONDO:0015967,MedGen:C3888631,Orphanet:183625",Monogenic diabetes,germline,germline,GRCh37,NC_000007.13,7,44190649,44190649,na,na,7p13,reviewed by expert panel,1,-,N,ClinGen:CA367402147,2,3024422,44190649,A,T,-,-,-,-,-,-,SCV004697923,-,-
3184694,single nucleotide variant,NM_000162.5(GCK):c.389T>A (p.Ile130Asn),2645,GCK,HGNC:4195,Likely pathogenic,1,"Feb 28, 2024",1036483919,-,RCV003883458,"MONDO:MONDO:0015967,MedGen:C3888631,Orphanet:183625",Monogenic diabetes,germline,germline,GRCh38,NC_000007.14,7,44151050,44151050,na,na,7p13,reviewed by expert panel,1,-,N,ClinGen:CA367402147,2,3024422,44151050,A,T,-,-,-,-,-,-,SCV004697923,-,-
3184695,single nucleotide variant,NM_000162.5(GCK):c.523G>C (p.Gly175Arg),2645,GCK,HGNC:4195,Pathogenic,1,"Feb 23, 2024",587780344,-,RCV003883459|RCV005422450,"MONDO:MONDO:0015967,MedGen:C3888631,Orphanet:183625|MedGen:C3661900",Monogenic diabetes|not provided,germline,germline,GRCh37,NC_000007.13,7,44189624,44189624,na,na,7p13,reviewed by expert panel,2,-,N,ClinGen:CA367401686,2,3024423,44189624,C,G,-,-,-,-,-,-,SCV004697926,-,-
3184695,single nucleotide variant,NM_000162.5(GCK):c.523G>C (p.Gly175Arg),2645,GCK,HGNC:4195,Pathogenic,1,"Feb 23, 2024",587780344,-,RCV003883459|RCV005422450,"MONDO:MONDO:0015967,MedGen:C3888631,Orphanet:183625|MedGen:C3661900",Monogenic diabetes|not provided,germline,germline,GRCh38,NC_000007.14,7,44150025,44150025,na,na,7p13,reviewed by expert panel,2,-,N,ClinGen:CA367401686,2,3024423,44150025,C,G,-,-,-,-,-,-,SCV004697926,-,-
3184696,Deletion,NM_000162.5(GCK):c.449_451del (p.Phe150del),2645,GCK,HGNC:4195,Pathogenic,1,"Feb 23, 2024",2484529492,-,RCV003883460|RCV004823246,"MONDO:MONDO:0015967,MedGen:C3888631,Orphanet:183625|Human Phenotype Ontology:HP:0004904,MONDO:MONDO:0018911,MedGen:C0342276,OMIM:PS125850,Orphanet:552",Monogenic diabetes|Maturity-onset diabetes of the young,germline,germline,GRCh37,NC_000007.13,7,44190587,44190589,na,na,7p13,reviewed by expert panel,2,-,N,ClinGen:CA2580612107,2,3024424,44190586,GAGA,G,-,-,-,-,-,-,SCV004697929,-,-
3184696,Deletion,NM_000162.5(GCK):c.449_451del (p.Phe150del),2645,GCK,HGNC:4195,Pathogenic,1,"Feb 23, 2024",2484529492,-,RCV003883460|RCV004823246,"MONDO:MONDO:0015967,MedGen:C3888631,Orphanet:183625|Human Phenotype Ontology:HP:0004904,MONDO:MONDO:0018911,MedGen:C0342276,OMIM:PS125850,Orphanet:552",Monogenic diabetes|Maturity-onset diabetes of the young,germline,germline,GRCh38,NC_000007.14,7,44150988,44150990,na,na,7p13,reviewed by expert panel,2,-,N,ClinGen:CA2580612107,2,3024424,44150987,GAGA,G,-,-,-,-,-,-,SCV004697929,-,-
3187249,single nucleotide variant,NM_000162.5(GCK):c.593A>C (p.Asp198Ala),2645,GCK,HGNC:4195,Conflicting classifications of pathogenicity,1,"Jul 05, 2024",2484523008,-,RCV003887333,MedGen:C3661900,not provided,germline,germline,GRCh37,NC_000007.13,7,44189445,44189445,na,na,7p13,"criteria provided, conflicting classifications",2,-,N,ClinGen:CA367401419,2,3026940,44189445,T,G,-,-,-,-,-,-,SCV004703171|SCV005760608,-,-
3187249,single nucleotide variant,NM_000162.5(GCK):c.593A>C (p.Asp198Ala),2645,GCK,HGNC:4195,Conflicting classifications of pathogenicity,1,"Jul 05, 2024",2484523008,-,RCV003887333,MedGen:C3661900,not provided,germline,germline,GRCh38,NC_000007.14,7,44149846,44149846,na,na,7p13,"criteria provided, conflicting classifications",2,-,N,ClinGen:CA367401419,2,3026940,44149846,T,G,-,-,-,-,-,-,SCV004703171|SCV005760608,-,-
3191397,single nucleotide variant,NM_000352.6(ABCC8):c.1672-4A>G,6833,ABCC8,HGNC:59,Likely benign,0,"Mar 11, 2019",1316827165,-,RCV004539320,-,ABCC8-related disorder,germline,germline,GRCh37,NC_000011.9,11,17452510,17452510,na,na,11p15.1,no assertion criteria provided,1,-,N,ClinGen:CA674181003,2,3036764,17452510,T,C,-,-,-,-,-,-,SCV004735367,-,-
3191397,single nucleotide variant,NM_000352.6(ABCC8):c.1672-4A>G,6833,ABCC8,HGNC:59,Likely benign,0,"Mar 11, 2019",1316827165,-,RCV004539320,-,ABCC8-related disorder,germline,germline,GRCh38,NC_000011.10,11,17430963,17430963,na,na,11p15.1,no assertion criteria provided,1,-,N,ClinGen:CA674181003,2,3036764,17430963,T,C,-,-,-,-,-,-,SCV004735367,-,-
3191918,single nucleotide variant,NM_000352.6(ABCC8):c.-10C>G,6833,ABCC8,HGNC:59,Likely benign,0,"Sep 19, 2019",1363700435,-,RCV004539506,-,ABCC8-related disorder,germline,germline,GRCh37,NC_000011.9,11,17498333,17498333,na,na,11p15.1,no assertion criteria provided,1,-,N,ClinGen:CA597904622,2,3039886,17498333,G,C,-,-,-,-,-,-,SCV004742226,-,-
3191918,single nucleotide variant,NM_000352.6(ABCC8):c.-10C>G,6833,ABCC8,HGNC:59,Likely benign,0,"Sep 19, 2019",1363700435,-,RCV004539506,-,ABCC8-related disorder,germline,germline,GRCh38,NC_000011.10,11,17476786,17476786,na,na,11p15.1,no assertion criteria provided,1,-,N,ClinGen:CA597904622,2,3039886,17476786,G,C,-,-,-,-,-,-,SCV004742226,-,-
3192050,single nucleotide variant,NM_000162.5(GCK):c.-450C>T,2645,GCK,HGNC:4195,Likely benign,0,"Apr 15, 2019",546934866,-,RCV003923975,-,GCK-related disorder,germline,germline,GRCh37,NC_000007.13,7,44229002,44229002,na,na,7p13,no assertion criteria provided,1,-,N,ClinGen:CA157884741,2,3040018,44229002,G,A,-,-,-,-,-,-,SCV004742887,-,-
3192050,single nucleotide variant,NM_000162.5(GCK):c.-450C>T,2645,GCK,HGNC:4195,Likely benign,0,"Apr 15, 2019",546934866,-,RCV003923975,-,GCK-related disorder,germline,germline,GRCh38,NC_000007.14,7,44189403,44189403,na,na,7p13,no assertion criteria provided,1,-,N,ClinGen:CA157884741,2,3040018,44189403,G,A,-,-,-,-,-,-,SCV004742887,-,-
3192527,single nucleotide variant,NM_000162.5(GCK):c.46-11T>A,2645,GCK,HGNC:4195,Likely benign,0,"May 14, 2019",2128823257,-,RCV003929781,-,GCK-related disorder,germline,germline,GRCh37,NC_000007.13,7,44193073,44193073,na,na,7p13,no assertion criteria provided,1,-,N,ClinGen:CA1100761837,2,3041366,44193073,A,T,-,-,-,-,-,-,SCV004739550,-,-
3192527,single nucleotide variant,NM_000162.5(GCK):c.46-11T>A,2645,GCK,HGNC:4195,Likely benign,0,"May 14, 2019",2128823257,-,RCV003929781,-,GCK-related disorder,germline,germline,GRCh38,NC_000007.14,7,44153474,44153474,na,na,7p13,no assertion criteria provided,1,-,N,ClinGen:CA1100761837,2,3041366,44153474,A,T,-,-,-,-,-,-,SCV004739550,-,-
3193246,single nucleotide variant,NM_000525.4(KCNJ11):c.-508T>G,3767,KCNJ11,HGNC:6257,Likely benign,0,"Jun 21, 2021",2496414372,-,RCV004542545,-,KCNJ11-related disorder,germline,germline,GRCh37,NC_000011.9,11,17410146,17410146,na,na,11p15.1,no assertion criteria provided,1,-,N,ClinGen:CA2508887621,2,3059441,17410146,A,C,-,-,-,-,-,-,SCV004797414,-,-
3193246,single nucleotide variant,NM_000525.4(KCNJ11):c.-508T>G,3767,KCNJ11,HGNC:6257,Likely benign,0,"Jun 21, 2021",2496414372,-,RCV004542545,-,KCNJ11-related disorder,germline,germline,GRCh38,NC_000011.10,11,17388599,17388599,na,na,11p15.1,no assertion criteria provided,1,-,N,ClinGen:CA2508887621,2,3059441,17388599,A,C,-,-,-,-,-,-,SCV004797414,-,-
3193661,Deletion,NM_000162.5(GCK):c.1183_1209del (p.Glu395_Arg403del),2645,GCK,HGNC:4195,Likely pathogenic,1,"Feb 08, 2024",1171740250,-,RCV003982667,-,GCK-related disorder,germline,germline,GRCh37,NC_000007.13,7,44185140,44185166,na,na,7p13,no assertion criteria provided,1,-,N,ClinGen:CA574226172,2,3061155,44185139,TGCGCATTACGTCCTCGCTGCGGCTCTC,T,-,-,-,-,-,-,SCV004796912,-,-
3193661,Deletion,NM_000162.5(GCK):c.1183_1209del (p.Glu395_Arg403del),2645,GCK,HGNC:4195,Likely pathogenic,1,"Feb 08, 2024",1171740250,-,RCV003982667,-,GCK-related disorder,germline,germline,GRCh38,NC_000007.14,7,44145541,44145567,na,na,7p13,no assertion criteria provided,1,-,N,ClinGen:CA574226172,2,3061155,44145540,TGCGCATTACGTCCTCGCTGCGGCTCTC,T,-,-,-,-,-,-,SCV004796912,-,-
3194177,single nucleotide variant,NM_000162.5(GCK):c.292C>T (p.Gln98Ter),2645,GCK,HGNC:4195,Pathogenic,1,"Jun 27, 2025",2484535560,-,RCV003893758|RCV005430867,"|MONDO:MONDO:0015967,MedGen:C3888631,Orphanet:183625",GCK-related disorder|Monogenic diabetes,germline,germline,GRCh37,NC_000007.13,7,44191941,44191941,na,na,7p13,reviewed by expert panel,2,-,N,ClinGen:CA367402818,2,3029101,44191941,G,A,-,-,-,-,-,-,SCV006101111,-,-
3194177,single nucleotide variant,NM_000162.5(GCK):c.292C>T (p.Gln98Ter),2645,GCK,HGNC:4195,Pathogenic,1,"Jun 27, 2025",2484535560,-,RCV003893758|RCV005430867,"|MONDO:MONDO:0015967,MedGen:C3888631,Orphanet:183625",GCK-related disorder|Monogenic diabetes,germline,germline,GRCh38,NC_000007.14,7,44152342,44152342,na,na,7p13,reviewed by expert panel,2,-,N,ClinGen:CA367402818,2,3029101,44152342,G,A,-,-,-,-,-,-,SCV006101111,-,-
3194201,Deletion,NM_000162.5(GCK):c.786del (p.Ser263fs),2645,GCK,HGNC:4195,Likely pathogenic,1,"Jan 03, 2024",2484513929,-,RCV003893782,-,GCK-related disorder,germline,germline,GRCh37,NC_000007.13,7,44187326,44187326,na,na,7p13,no assertion criteria provided,1,-,N,ClinGen:CA2740097355,2,3029125,44187325,AG,A,-,-,-,-,-,-,SCV004710054,-,-
3194201,Deletion,NM_000162.5(GCK):c.786del (p.Ser263fs),2645,GCK,HGNC:4195,Likely pathogenic,1,"Jan 03, 2024",2484513929,-,RCV003893782,-,GCK-related disorder,germline,germline,GRCh38,NC_000007.14,7,44147727,44147727,na,na,7p13,no assertion criteria provided,1,-,N,ClinGen:CA2740097355,2,3029125,44147726,AG,A,-,-,-,-,-,-,SCV004710054,-,-
3194479,single nucleotide variant,NM_000162.5(GCK):c.1253+1G>A,2645,GCK,HGNC:4195,Pathogenic,1,"Nov 15, 2023",1394266353,-,RCV003893876,-,GCK-related disorder,germline,germline,GRCh37,NC_000007.13,7,44185095,44185095,na,na,7p13,no assertion criteria provided,1,-,N,ClinGen:CA367398187,2,3030720,44185095,C,T,-,-,-,-,-,-,SCV004716411,-,-
3194479,single nucleotide variant,NM_000162.5(GCK):c.1253+1G>A,2645,GCK,HGNC:4195,Pathogenic,1,"Nov 15, 2023",1394266353,-,RCV003893876,-,GCK-related disorder,germline,germline,GRCh38,NC_000007.14,7,44145496,44145496,na,na,7p13,no assertion criteria provided,1,-,N,ClinGen:CA367398187,2,3030720,44145496,C,T,-,-,-,-,-,-,SCV004716411,-,-
3198227,single nucleotide variant,NM_000352.6(ABCC8):c.4577C>G (p.Ala1526Gly),6833,ABCC8,HGNC:59,Uncertain significance,0,"Oct 20, 2023",2496434707,-,RCV004534584,-,ABCC8-related disorder,germline,germline,GRCh37,NC_000011.9,11,17415275,17415275,na,na,11p15.1,no assertion criteria provided,1,-,N,ClinGen:CA379782032,2,3032305,17415275,G,C,-,-,-,-,-,-,SCV004714801,-,-
3198227,single nucleotide variant,NM_000352.6(ABCC8):c.4577C>G (p.Ala1526Gly),6833,ABCC8,HGNC:59,Uncertain significance,0,"Oct 20, 2023",2496434707,-,RCV004534584,-,ABCC8-related disorder,germline,germline,GRCh38,NC_000011.10,11,17393728,17393728,na,na,11p15.1,no assertion criteria provided,1,-,N,ClinGen:CA379782032,2,3032305,17393728,G,C,-,-,-,-,-,-,SCV004714801,-,-
3198764,single nucleotide variant,NM_000525.4(KCNJ11):c.66C>T (p.Ala22=),3767,KCNJ11,HGNC:6257,Likely benign,0,"Jun 14, 2019",768189518,-,RCV004536968,-,KCNJ11-related disorder,germline,germline,GRCh37,NC_000011.9,11,17409573,17409573,na,na,11p15.1,no assertion criteria provided,1,-,N,ClinGen:CA5902340,2,3034151,17409573,G,A,-,-,-,-,-,-,SCV004722382,-,-
3198764,single nucleotide variant,NM_000525.4(KCNJ11):c.66C>T (p.Ala22=),3767,KCNJ11,HGNC:6257,Likely benign,0,"Jun 14, 2019",768189518,-,RCV004536968,-,KCNJ11-related disorder,germline,germline,GRCh38,NC_000011.10,11,17388026,17388026,na,na,11p15.1,no assertion criteria provided,1,-,N,ClinGen:CA5902340,2,3034151,17388026,G,A,-,-,-,-,-,-,SCV004722382,-,-
3200222,single nucleotide variant,NM_000162.5(GCK):c.468C>T (p.His156=),2645,GCK,HGNC:4195,Likely benign,0,"Feb 16, 2025",749296295,-,RCV003977142|RCV005064916|RCV005240995,|MedGen:C3661900|MedGen:CN169374,GCK-related disorder|not provided|not specified,germline,germline,GRCh37,NC_000007.13,7,44190570,44190570,na,na,7p13,"criteria provided, multiple submitters, no conflicts",4,-,N,ClinGen:CA4239628,2,3058606,44190570,G,A,-,-,-,-,-,-,SCV005720208|SCV005882991|SCV006107672,-,-
3200222,single nucleotide variant,NM_000162.5(GCK):c.468C>T (p.His156=),2645,GCK,HGNC:4195,Likely benign,0,"Feb 16, 2025",749296295,-,RCV003977142|RCV005064916|RCV005240995,|MedGen:C3661900|MedGen:CN169374,GCK-related disorder|not provided|not specified,germline,germline,GRCh38,NC_000007.14,7,44150971,44150971,na,na,7p13,"criteria provided, multiple submitters, no conflicts",4,-,N,ClinGen:CA4239628,2,3058606,44150971,G,A,-,-,-,-,-,-,SCV005720208|SCV005882991|SCV006107672,-,-
3201003,single nucleotide variant,NM_000162.5(GCK):c.765C>T (p.Thr255=),2645,GCK,HGNC:4195,Likely benign,0,"Oct 26, 2025",772908574,-,RCV003899115|RCV006478805,|MedGen:C3661900,GCK-related disorder|not provided,germline,germline,GRCh37,NC_000007.13,7,44187347,44187347,na,na,7p13,"criteria provided, single submitter",2,-,N,ClinGen:CA4239528,2,3029863,44187347,G,A,-,-,-,-,-,-,SCV007352117,-,-
3201003,single nucleotide variant,NM_000162.5(GCK):c.765C>T (p.Thr255=),2645,GCK,HGNC:4195,Likely benign,0,"Oct 26, 2025",772908574,-,RCV003899115|RCV006478805,|MedGen:C3661900,GCK-related disorder|not provided,germline,germline,GRCh38,NC_000007.14,7,44147748,44147748,na,na,7p13,"criteria provided, single submitter",2,-,N,ClinGen:CA4239528,2,3029863,44147748,G,A,-,-,-,-,-,-,SCV007352117,-,-
3204617,single nucleotide variant,NM_000352.6(ABCC8):c.1672-26G>C,6833,ABCC8,HGNC:59,Likely benign,0,"Oct 21, 2022",373158919,-,RCV004543996,-,ABCC8-related disorder,germline,germline,GRCh37,NC_000011.9,11,17452532,17452532,na,na,11p15.1,no assertion criteria provided,1,-,N,ClinGen:CA5903475,2,3048235,17452532,C,G,-,-,-,-,-,-,SCV004764021,-,-
3204617,single nucleotide variant,NM_000352.6(ABCC8):c.1672-26G>C,6833,ABCC8,HGNC:59,Likely benign,0,"Oct 21, 2022",373158919,-,RCV004543996,-,ABCC8-related disorder,germline,germline,GRCh38,NC_000011.10,11,17430985,17430985,na,na,11p15.1,no assertion criteria provided,1,-,N,ClinGen:CA5903475,2,3048235,17430985,C,G,-,-,-,-,-,-,SCV004764021,-,-
3206573,single nucleotide variant,NM_000525.4(KCNJ11):c.1091C>T (p.Ala364Val),3767,KCNJ11,HGNC:6257,Uncertain significance,0,"Dec 06, 2023",1953569137,-,RCV004540860,-,KCNJ11-related disorder,germline,germline,GRCh37,NC_000011.9,11,17408548,17408548,na,na,11p15.1,no assertion criteria provided,1,-,N,ClinGen:CA379769266,2,3055416,17408548,G,A,-,-,-,-,-,-,SCV004794114,-,-
3206573,single nucleotide variant,NM_000525.4(KCNJ11):c.1091C>T (p.Ala364Val),3767,KCNJ11,HGNC:6257,Uncertain significance,0,"Dec 06, 2023",1953569137,-,RCV004540860,-,KCNJ11-related disorder,germline,germline,GRCh38,NC_000011.10,11,17387001,17387001,na,na,11p15.1,no assertion criteria provided,1,-,N,ClinGen:CA379769266,2,3055416,17387001,G,A,-,-,-,-,-,-,SCV004794114,-,-
3209326,single nucleotide variant,NM_000352.6(ABCC8):c.88G>A (p.Ala30Thr),6833,ABCC8,HGNC:59,Uncertain significance,0,"Oct 14, 2025",1474215749,-,RCV004543958|RCV006479054,|MedGen:C3661900,ABCC8-related disorder|not provided,germline,germline,GRCh37,NC_000011.9,11,17498236,17498236,na,na,11p15.1,"criteria provided, single submitter",2,-,N,ClinGen:CA379790027,2,3047756,17498236,C,T,-,-,-,-,-,-,SCV007374396,-,-
3209326,single nucleotide variant,NM_000352.6(ABCC8):c.88G>A (p.Ala30Thr),6833,ABCC8,HGNC:59,Uncertain significance,0,"Oct 14, 2025",1474215749,-,RCV004543958|RCV006479054,|MedGen:C3661900,ABCC8-related disorder|not provided,germline,germline,GRCh38,NC_000011.10,11,17476689,17476689,na,na,11p15.1,"criteria provided, single submitter",2,-,N,ClinGen:CA379790027,2,3047756,17476689,C,T,-,-,-,-,-,-,SCV007374396,-,-
3213221,single nucleotide variant,NM_000352.6(ABCC8):c.1104G>T (p.Leu368=),6833,ABCC8,HGNC:59,Likely benign,0,"Aug 17, 2022",2496810407,-,RCV004545625,-,ABCC8-related disorder,germline,germline,GRCh37,NC_000011.9,11,17474738,17474738,na,na,11p15.1,no assertion criteria provided,1,-,N,ClinGen:CA473299849,2,3052544,17474738,C,A,-,-,-,-,-,-,SCV004780025,-,-
3213221,single nucleotide variant,NM_000352.6(ABCC8):c.1104G>T (p.Leu368=),6833,ABCC8,HGNC:59,Likely benign,0,"Aug 17, 2022",2496810407,-,RCV004545625,-,ABCC8-related disorder,germline,germline,GRCh38,NC_000011.10,11,17453191,17453191,na,na,11p15.1,no assertion criteria provided,1,-,N,ClinGen:CA473299849,2,3052544,17453191,C,A,-,-,-,-,-,-,SCV004780025,-,-
3214269,single nucleotide variant,NM_000352.6(ABCC8):c.3834C>T (p.Gly1278=),6833,ABCC8,HGNC:59,Likely benign,0,"May 08, 2019",140414060,-,RCV004532085,-,ABCC8-related disorder,germline,germline,GRCh37,NC_000011.9,11,17419264,17419264,na,na,11p15.1,no assertion criteria provided,1,-,N,ClinGen:CA5902685,2,3041607,17419264,G,A,-,-,-,-,-,-,SCV004743284,-,-
3214269,single nucleotide variant,NM_000352.6(ABCC8):c.3834C>T (p.Gly1278=),6833,ABCC8,HGNC:59,Likely benign,0,"May 08, 2019",140414060,-,RCV004532085,-,ABCC8-related disorder,germline,germline,GRCh38,NC_000011.10,11,17397717,17397717,na,na,11p15.1,no assertion criteria provided,1,-,N,ClinGen:CA5902685,2,3041607,17397717,G,A,-,-,-,-,-,-,SCV004743284,-,-
3215086,single nucleotide variant,NM_000352.6(ABCC8):c.1468-41G>A,6833,ABCC8,HGNC:59,Likely benign,0,"May 08, 2023",763927134,-,RCV004534700,-,ABCC8-related disorder,germline,germline,GRCh37,NC_000011.9,11,17464470,17464470,na,na,11p15.1,no assertion criteria provided,1,-,N,ClinGen:CA5903562,2,3045024,17464470,C,T,-,-,-,-,-,-,SCV004754425,-,-
3215086,single nucleotide variant,NM_000352.6(ABCC8):c.1468-41G>A,6833,ABCC8,HGNC:59,Likely benign,0,"May 08, 2023",763927134,-,RCV004534700,-,ABCC8-related disorder,germline,germline,GRCh38,NC_000011.10,11,17442923,17442923,na,na,11p15.1,no assertion criteria provided,1,-,N,ClinGen:CA5903562,2,3045024,17442923,C,T,-,-,-,-,-,-,SCV004754425,-,-
3216678,single nucleotide variant,NM_000352.6(ABCC8):c.1644G>A (p.Thr548=),6833,ABCC8,HGNC:59,Likely benign,0,"Jul 29, 2025",565996783,-,RCV004544151|RCV005933398,|MedGen:CN169374,ABCC8-related disorder|not specified,germline,germline,GRCh37,NC_000011.9,11,17453778,17453778,na,na,11p15.1,"criteria provided, single submitter",2,-,N,ClinGen:CA5903499,2,3050519,17453778,C,T,-,-,-,-,-,-,SCV007094651,-,-
3216678,single nucleotide variant,NM_000352.6(ABCC8):c.1644G>A (p.Thr548=),6833,ABCC8,HGNC:59,Likely benign,0,"Jul 29, 2025",565996783,-,RCV004544151|RCV005933398,|MedGen:CN169374,ABCC8-related disorder|not specified,germline,germline,GRCh38,NC_000011.10,11,17432231,17432231,na,na,11p15.1,"criteria provided, single submitter",2,-,N,ClinGen:CA5903499,2,3050519,17432231,C,T,-,-,-,-,-,-,SCV007094651,-,-
3217236,single nucleotide variant,NC_000011.10:g.17476972A>G,6833,ABCC8,HGNC:59,Likely benign,0,"Jul 10, 2023",1224758676,-,RCV004540907,-,ABCC8-related disorder,germline,germline,GRCh37,NC_000011.9,11,17498519,17498519,na,na,11p15.1,no assertion criteria provided,1,-,N,ClinGen:CA597670848,2,3056721,17498519,A,G,-,-,-,-,-,-,SCV004793726,-,-
3217236,single nucleotide variant,NC_000011.10:g.17476972A>G,6833,ABCC8,HGNC:59,Likely benign,0,"Jul 10, 2023",1224758676,-,RCV004540907,-,ABCC8-related disorder,germline,germline,GRCh38,NC_000011.10,11,17476972,17476972,na,na,11p15.1,no assertion criteria provided,1,-,N,ClinGen:CA597670848,2,3056721,17476972,A,G,-,-,-,-,-,-,SCV004793726,-,-
3219297,single nucleotide variant,NM_000162.5(GCK):c.46-14C>A,2645,GCK,HGNC:4195,Likely benign,0,"Feb 02, 2021",2484540820,-,RCV003969556,-,GCK-related disorder,germline,germline,GRCh37,NC_000007.13,7,44193076,44193076,na,na,7p13,no assertion criteria provided,1,-,N,ClinGen:CA2740097356,2,3054636,44193076,G,T,-,-,-,-,-,-,SCV004778492,-,-
3219297,single nucleotide variant,NM_000162.5(GCK):c.46-14C>A,2645,GCK,HGNC:4195,Likely benign,0,"Feb 02, 2021",2484540820,-,RCV003969556,-,GCK-related disorder,germline,germline,GRCh38,NC_000007.14,7,44153477,44153477,na,na,7p13,no assertion criteria provided,1,-,N,ClinGen:CA2740097356,2,3054636,44153477,G,T,-,-,-,-,-,-,SCV004778492,-,-
3219779,single nucleotide variant,NM_000162.5(GCK):c.1020-8C>T,2645,GCK,HGNC:4195,Likely benign,0,"Aug 15, 2019",745939439,-,RCV003971516,-,GCK-related disorder,germline,germline,GRCh37,NC_000007.13,7,44185337,44185337,na,na,7p13,no assertion criteria provided,1,-,N,ClinGen:CA4239445,2,3052781,44185337,G,A,-,-,-,-,-,-,SCV004779180,-,-
3219779,single nucleotide variant,NM_000162.5(GCK):c.1020-8C>T,2645,GCK,HGNC:4195,Likely benign,0,"Aug 15, 2019",745939439,-,RCV003971516,-,GCK-related disorder,germline,germline,GRCh38,NC_000007.14,7,44145738,44145738,na,na,7p13,no assertion criteria provided,1,-,N,ClinGen:CA4239445,2,3052781,44145738,G,A,-,-,-,-,-,-,SCV004779180,-,-
3219880,single nucleotide variant,NM_000162.5(GCK):c.369C>T (p.Phe123=),2645,GCK,HGNC:4195,Likely benign,0,"Apr 20, 2020",1470961138,-,RCV003962266,-,GCK-related disorder,germline,germline,GRCh37,NC_000007.13,7,44190669,44190669,na,na,7p13,no assertion criteria provided,1,-,N,ClinGen:CA454609884,2,3054186,44190669,G,A,-,-,-,-,-,-,SCV004779316,-,-
3219880,single nucleotide variant,NM_000162.5(GCK):c.369C>T (p.Phe123=),2645,GCK,HGNC:4195,Likely benign,0,"Apr 20, 2020",1470961138,-,RCV003962266,-,GCK-related disorder,germline,germline,GRCh38,NC_000007.14,7,44151070,44151070,na,na,7p13,no assertion criteria provided,1,-,N,ClinGen:CA454609884,2,3054186,44151070,G,A,-,-,-,-,-,-,SCV004779316,-,-
3224795,single nucleotide variant,NM_000352.6(ABCC8):c.4297G>C (p.Gly1433Arg),6833,ABCC8,HGNC:59,Uncertain significance,0,"Mar 26, 2024",781090024,-,RCV003990175,"MONDO:MONDO:0009734,MedGen:C2931832,OMIM:256450,Orphanet:276575,Orphanet:276598","Hyperinsulinemic hypoglycemia, familial, 1",germline,germline,GRCh37,NC_000011.9,11,17417167,17417167,na,na,11p15.1,"criteria provided, single submitter",1,-,N,ClinGen:CA379786367,2,3065098,17417167,C,G,-,-,-,-,-,-,SCV004806545,-,-
3224795,single nucleotide variant,NM_000352.6(ABCC8):c.4297G>C (p.Gly1433Arg),6833,ABCC8,HGNC:59,Uncertain significance,0,"Mar 26, 2024",781090024,-,RCV003990175,"MONDO:MONDO:0009734,MedGen:C2931832,OMIM:256450,Orphanet:276575,Orphanet:276598","Hyperinsulinemic hypoglycemia, familial, 1",germline,germline,GRCh38,NC_000011.10,11,17395620,17395620,na,na,11p15.1,"criteria provided, single submitter",1,-,N,ClinGen:CA379786367,2,3065098,17395620,C,G,-,-,-,-,-,-,SCV004806545,-,-
3226175,single nucleotide variant,NM_000162.5(GCK):c.118G>T (p.Glu40Ter),2645,GCK,HGNC:4195,Pathogenic,1,"Nov 30, 2023",794727236,-,RCV003991166,"MONDO:MONDO:0007453,MedGen:C0342277,OMIM:125851,Orphanet:552",Maturity-onset diabetes of the young type 2,germline,germline,GRCh37,NC_000007.13,7,44192990,44192990,na,na,7p13,"criteria provided, single submitter",1,-,N,ClinGen:CA367403485,2,3066162,44192990,C,A,-,-,-,-,-,-,SCV004808486,-,-
3226175,single nucleotide variant,NM_000162.5(GCK):c.118G>T (p.Glu40Ter),2645,GCK,HGNC:4195,Pathogenic,1,"Nov 30, 2023",794727236,-,RCV003991166,"MONDO:MONDO:0007453,MedGen:C0342277,OMIM:125851,Orphanet:552",Maturity-onset diabetes of the young type 2,germline,germline,GRCh38,NC_000007.14,7,44153391,44153391,na,na,7p13,"criteria provided, single submitter",1,-,N,ClinGen:CA367403485,2,3066162,44153391,C,A,-,-,-,-,-,-,SCV004808486,-,-
3226242,single nucleotide variant,NM_000525.4(KCNJ11):c.782T>C (p.Ile261Thr),3767,KCNJ11,HGNC:6257,Uncertain significance,0,"May 22, 2025",1953577440,-,RCV003991233|RCV006454523,"MONDO:MONDO:0014589,MedGen:C4225365,OMIM:616329,Orphanet:552|MONDO:MONDO:0011153,MedGen:C2931833,OMIM:601820,Orphanet:276580,Orphanet:276603","Maturity-onset diabetes of the young type 13|Hyperinsulinemic hypoglycemia, familial, 2",germline;unknown,germline,GRCh37,NC_000011.9,11,17408857,17408857,na,na,11p15.1,"criteria provided, multiple submitters, no conflicts",2,-,N,ClinGen:CA379770793,2,3066229,17408857,A,G,-,-,-,-,-,-,SCV004808559|SCV007334976,-,-
3226242,single nucleotide variant,NM_000525.4(KCNJ11):c.782T>C (p.Ile261Thr),3767,KCNJ11,HGNC:6257,Uncertain significance,0,"May 22, 2025",1953577440,-,RCV003991233|RCV006454523,"MONDO:MONDO:0014589,MedGen:C4225365,OMIM:616329,Orphanet:552|MONDO:MONDO:0011153,MedGen:C2931833,OMIM:601820,Orphanet:276580,Orphanet:276603","Maturity-onset diabetes of the young type 13|Hyperinsulinemic hypoglycemia, familial, 2",germline;unknown,germline,GRCh38,NC_000011.10,11,17387310,17387310,na,na,11p15.1,"criteria provided, multiple submitters, no conflicts",2,-,N,ClinGen:CA379770793,2,3066229,17387310,A,G,-,-,-,-,-,-,SCV004808559|SCV007334976,-,-
3227110,copy number loss,GRCh37/hg19 7p13(chr7:44192900-44193062)x1,2645,GCK,HGNC:4195,Pathogenic,1,"Mar 01, 2024",-1,-,RCV003993504,MedGen:C3661900,not provided,germline,germline,GRCh37,NC_000007.13,7,44192900,44193062,na,na,7p13,"criteria provided, single submitter",1,-,N,-,2,3067815,-1,na,na,-,-,-,-,-,-,SCV004810817,-,-
3227829,Microsatellite,NM_000352.6(ABCC8):c.3122TGACCC[3] (p.Thr1044_Pro1045insLeuThr),6833,ABCC8,HGNC:59,Uncertain significance,0,"Mar 27, 2024",1954561894,-,RCV003993696,"Human Phenotype Ontology:HP:0004904,MONDO:MONDO:0018911,MedGen:C0342276,OMIM:PS125850,Orphanet:552",Maturity-onset diabetes of the young,unknown,unknown,GRCh37,NC_000011.9,11,17428463,17428464,na,na,11p15.1,"criteria provided, single submitter",1,-,N,ClinGen:CA1955128623,2,3068502,17428463,G,GGGGTCA,-,-,-,-,-,-,SCV004809206,-,-
3227829,Microsatellite,NM_000352.6(ABCC8):c.3122TGACCC[3] (p.Thr1044_Pro1045insLeuThr),6833,ABCC8,HGNC:59,Uncertain significance,0,"Mar 27, 2024",1954561894,-,RCV003993696,"Human Phenotype Ontology:HP:0004904,MONDO:MONDO:0018911,MedGen:C0342276,OMIM:PS125850,Orphanet:552",Maturity-onset diabetes of the young,unknown,unknown,GRCh38,NC_000011.10,11,17406916,17406917,na,na,11p15.1,"criteria provided, single submitter",1,-,N,ClinGen:CA1955128623,2,3068502,17406916,G,GGGGTCA,-,-,-,-,-,-,SCV004809206,-,-
3227837,single nucleotide variant,NM_000162.5(GCK):c.450C>A (p.Phe150Leu),2645,GCK,HGNC:4195,Likely pathogenic,1,"Mar 22, 2024",193922299,-,RCV003993702,"MONDO:MONDO:0015967,MedGen:C3888631,Orphanet:183625",Monogenic diabetes,germline,germline,GRCh37,NC_000007.13,7,44190588,44190588,na,na,7p13,reviewed by expert panel,1,-,N,ClinGen:CA367401942,2,3068510,44190588,G,T,-,-,-,-,-,-,SCV004812202,-,-
3227837,single nucleotide variant,NM_000162.5(GCK):c.450C>A (p.Phe150Leu),2645,GCK,HGNC:4195,Likely pathogenic,1,"Mar 22, 2024",193922299,-,RCV003993702,"MONDO:MONDO:0015967,MedGen:C3888631,Orphanet:183625",Monogenic diabetes,germline,germline,GRCh38,NC_000007.14,7,44150989,44150989,na,na,7p13,reviewed by expert panel,1,-,N,ClinGen:CA367401942,2,3068510,44150989,G,T,-,-,-,-,-,-,SCV004812202,-,-
3227838,single nucleotide variant,NM_000162.5(GCK):c.883G>C (p.Gly295Arg),2645,GCK,HGNC:4195,Uncertain significance,0,"Mar 31, 2024",1554334905,-,RCV003993703,"MONDO:MONDO:0015967,MedGen:C3888631,Orphanet:183625",Monogenic diabetes,germline,germline,GRCh37,NC_000007.13,7,44186198,44186198,na,na,7p13,reviewed by expert panel,1,-,N,ClinGen:CA367400138,2,3068511,44186198,C,G,-,-,-,-,-,-,SCV004812208,-,-
3227838,single nucleotide variant,NM_000162.5(GCK):c.883G>C (p.Gly295Arg),2645,GCK,HGNC:4195,Uncertain significance,0,"Mar 31, 2024",1554334905,-,RCV003993703,"MONDO:MONDO:0015967,MedGen:C3888631,Orphanet:183625",Monogenic diabetes,germline,germline,GRCh38,NC_000007.14,7,44146599,44146599,na,na,7p13,reviewed by expert panel,1,-,N,ClinGen:CA367400138,2,3068511,44146599,C,G,-,-,-,-,-,-,SCV004812208,-,-
3227839,single nucleotide variant,NM_000162.5(GCK):c.1361C>T (p.Ala454Val),2645,GCK,HGNC:4195,Likely pathogenic,1,"Mar 31, 2024",1057524900,-,RCV003993704,"MONDO:MONDO:0015967,MedGen:C3888631,Orphanet:183625",Monogenic diabetes,germline,germline,GRCh37,NC_000007.13,7,44184772,44184772,na,na,7p13,reviewed by expert panel,1,-,N,ClinGen:CA367396861,2,3068512,44184772,G,A,-,-,-,-,-,-,SCV004812210,-,-
3227839,single nucleotide variant,NM_000162.5(GCK):c.1361C>T (p.Ala454Val),2645,GCK,HGNC:4195,Likely pathogenic,1,"Mar 31, 2024",1057524900,-,RCV003993704,"MONDO:MONDO:0015967,MedGen:C3888631,Orphanet:183625",Monogenic diabetes,germline,germline,GRCh38,NC_000007.14,7,44145173,44145173,na,na,7p13,reviewed by expert panel,1,-,N,ClinGen:CA367396861,2,3068512,44145173,G,A,-,-,-,-,-,-,SCV004812210,-,-
3227840,single nucleotide variant,NM_000162.5(GCK):c.363+1G>A,2645,GCK,HGNC:4195,Pathogenic,1,"Mar 15, 2024",1441779135,-,RCV003993705,"MONDO:MONDO:0015967,MedGen:C3888631,Orphanet:183625",Monogenic diabetes,germline,germline,GRCh37,NC_000007.13,7,44191869,44191869,na,na,7p13,reviewed by expert panel,1,-,N,ClinGen:CA367402547,2,3068513,44191869,C,T,-,-,-,-,-,-,SCV004812215,-,-
3227840,single nucleotide variant,NM_000162.5(GCK):c.363+1G>A,2645,GCK,HGNC:4195,Pathogenic,1,"Mar 15, 2024",1441779135,-,RCV003993705,"MONDO:MONDO:0015967,MedGen:C3888631,Orphanet:183625",Monogenic diabetes,germline,germline,GRCh38,NC_000007.14,7,44152270,44152270,na,na,7p13,reviewed by expert panel,1,-,N,ClinGen:CA367402547,2,3068513,44152270,C,T,-,-,-,-,-,-,SCV004812215,-,-
3227841,single nucleotide variant,NM_000162.5(GCK):c.429G>T (p.Lys143Asn),2645,GCK,HGNC:4195,Uncertain significance,0,"Mar 22, 2024",1336512557,-,RCV003993706,"MONDO:MONDO:0015967,MedGen:C3888631,Orphanet:183625",Monogenic diabetes,germline,germline,GRCh37,NC_000007.13,7,44190609,44190609,na,na,7p13,reviewed by expert panel,1,-,N,ClinGen:CA367402001,2,3068514,44190609,C,A,-,-,-,-,-,-,SCV004812216,-,-
3227841,single nucleotide variant,NM_000162.5(GCK):c.429G>T (p.Lys143Asn),2645,GCK,HGNC:4195,Uncertain significance,0,"Mar 22, 2024",1336512557,-,RCV003993706,"MONDO:MONDO:0015967,MedGen:C3888631,Orphanet:183625",Monogenic diabetes,germline,germline,GRCh38,NC_000007.14,7,44151010,44151010,na,na,7p13,reviewed by expert panel,1,-,N,ClinGen:CA367402001,2,3068514,44151010,C,A,-,-,-,-,-,-,SCV004812216,-,-
3228174,single nucleotide variant,NM_000162.5(GCK):c.899A>G (p.Glu300Gly),2645,GCK,HGNC:4195,Likely pathogenic,1,"Oct 25, 2024",2484507251,-,RCV003994909|RCV004823249,"MONDO:MONDO:0015967,MedGen:C3888631,Orphanet:183625|Human Phenotype Ontology:HP:0004904,MONDO:MONDO:0018911,MedGen:C0342276,OMIM:PS125850,Orphanet:552",Monogenic diabetes|Maturity-onset diabetes of the young,germline,germline,GRCh37,NC_000007.13,7,44186182,44186182,na,na,7p13,"criteria provided, multiple submitters, no conflicts",2,-,N,ClinGen:CA367400078,2,3068849,44186182,T,C,-,-,-,-,-,-,SCV004813474|SCV005594287,-,-
3228174,single nucleotide variant,NM_000162.5(GCK):c.899A>G (p.Glu300Gly),2645,GCK,HGNC:4195,Likely pathogenic,1,"Oct 25, 2024",2484507251,-,RCV003994909|RCV004823249,"MONDO:MONDO:0015967,MedGen:C3888631,Orphanet:183625|Human Phenotype Ontology:HP:0004904,MONDO:MONDO:0018911,MedGen:C0342276,OMIM:PS125850,Orphanet:552",Monogenic diabetes|Maturity-onset diabetes of the young,germline,germline,GRCh38,NC_000007.14,7,44146583,44146583,na,na,7p13,"criteria provided, multiple submitters, no conflicts",2,-,N,ClinGen:CA367400078,2,3068849,44146583,T,C,-,-,-,-,-,-,SCV004813474|SCV005594287,-,-
3228187,single nucleotide variant,NM_000352.6(ABCC8):c.2921-17G>C,6833,ABCC8,HGNC:59,Likely benign,0,"Feb 23, 2024",1173144432,-,RCV003994922,MedGen:CN169374,not specified,germline,germline,GRCh37,NC_000011.9,11,17428693,17428693,na,na,11p15.1,"criteria provided, single submitter",1,-,N,ClinGen:CA597904328,2,3068862,17428693,C,G,-,-,-,-,-,-,SCV004813555,-,-
3228187,single nucleotide variant,NM_000352.6(ABCC8):c.2921-17G>C,6833,ABCC8,HGNC:59,Likely benign,0,"Feb 23, 2024",1173144432,-,RCV003994922,MedGen:CN169374,not specified,germline,germline,GRCh38,NC_000011.10,11,17407146,17407146,na,na,11p15.1,"criteria provided, single submitter",1,-,N,ClinGen:CA597904328,2,3068862,17407146,C,G,-,-,-,-,-,-,SCV004813555,-,-
3235059,Duplication,NM_000162.5(GCK):c.116_123dup (p.Asp42fs),2645,GCK,HGNC:4195,Likely pathogenic,1,"May 12, 2019",2484540040,-,RCV004018086,"Human Phenotype Ontology:HP:0004904,MONDO:MONDO:0018911,MedGen:C0342276,OMIM:PS125850,Orphanet:552",Maturity-onset diabetes of the young,germline,germline,GRCh37,NC_000007.13,7,44192984,44192985,na,na,7p13,"criteria provided, single submitter",1,-,N,ClinGen:CA913187396,2,3075768,44192984,C,CCATCTCCT,-,-,-,-,-,-,SCV004847747,-,-
3235059,Duplication,NM_000162.5(GCK):c.116_123dup (p.Asp42fs),2645,GCK,HGNC:4195,Likely pathogenic,1,"May 12, 2019",2484540040,-,RCV004018086,"Human Phenotype Ontology:HP:0004904,MONDO:MONDO:0018911,MedGen:C0342276,OMIM:PS125850,Orphanet:552",Maturity-onset diabetes of the young,germline,germline,GRCh38,NC_000007.14,7,44153385,44153386,na,na,7p13,"criteria provided, single submitter",1,-,N,ClinGen:CA913187396,2,3075768,44153385,C,CCATCTCCT,-,-,-,-,-,-,SCV004847747,-,-
3282885,single nucleotide variant,NM_000352.6(ABCC8):c.1094C>T (p.Ala365Val),6833,ABCC8,HGNC:59,Uncertain significance,0,"Oct 03, 2023",772541301,-,RCV004422697,"MeSH:D030342,MedGen:C0950123",Inborn genetic diseases,germline,germline,GRCh37,NC_000011.9,11,17474748,17474748,na,na,11p15.1,"criteria provided, single submitter",1,-,N,ClinGen:CA5903674,2,3128813,17474748,G,A,-,-,-,-,-,-,SCV004910933,-,-
3282885,single nucleotide variant,NM_000352.6(ABCC8):c.1094C>T (p.Ala365Val),6833,ABCC8,HGNC:59,Uncertain significance,0,"Oct 03, 2023",772541301,-,RCV004422697,"MeSH:D030342,MedGen:C0950123",Inborn genetic diseases,germline,germline,GRCh38,NC_000011.10,11,17453201,17453201,na,na,11p15.1,"criteria provided, single submitter",1,-,N,ClinGen:CA5903674,2,3128813,17453201,G,A,-,-,-,-,-,-,SCV004910933,-,-
3282910,single nucleotide variant,NM_000352.6(ABCC8):c.1997T>G (p.Leu666Arg),6833,ABCC8,HGNC:59,Uncertain significance,0,"Mar 14, 2024",200670709,-,RCV004422722|RCV005863900,"MeSH:D030342,MedGen:C0950123|Human Phenotype Ontology:HP:0002092,Human Phenotype Ontology:HP:0006546,MONDO:MONDO:0015924,MeSH:D000081029,MedGen:C2973725,Orphanet:182090",Inborn genetic diseases|Pulmonary arterial hypertension,germline,germline,GRCh37,NC_000011.9,11,17449879,17449879,na,na,11p15.1,"criteria provided, multiple submitters, no conflicts",2,-,N,ClinGen:CA218441395,2,3128838,17449879,A,C,-,-,-,-,-,-,SCV004910160|SCV006557163,-,-
3282910,single nucleotide variant,NM_000352.6(ABCC8):c.1997T>G (p.Leu666Arg),6833,ABCC8,HGNC:59,Uncertain significance,0,"Mar 14, 2024",200670709,-,RCV004422722|RCV005863900,"MeSH:D030342,MedGen:C0950123|Human Phenotype Ontology:HP:0002092,Human Phenotype Ontology:HP:0006546,MONDO:MONDO:0015924,MeSH:D000081029,MedGen:C2973725,Orphanet:182090",Inborn genetic diseases|Pulmonary arterial hypertension,germline,germline,GRCh38,NC_000011.10,11,17428332,17428332,na,na,11p15.1,"criteria provided, multiple submitters, no conflicts",2,-,N,ClinGen:CA218441395,2,3128838,17428332,A,C,-,-,-,-,-,-,SCV004910160|SCV006557163,-,-
3282922,single nucleotide variant,NM_000352.6(ABCC8):c.2371A>T (p.Ser791Cys),6833,ABCC8,HGNC:59,Uncertain significance,0,"Oct 02, 2021",780745751,-,RCV004422734,"MeSH:D030342,MedGen:C0950123",Inborn genetic diseases,germline,germline,GRCh37,NC_000011.9,11,17436078,17436078,na,na,11p15.1,"criteria provided, single submitter",1,-,N,ClinGen:CA218429457,2,3128850,17436078,T,A,-,-,-,-,-,-,SCV004910173,-,-
3282922,single nucleotide variant,NM_000352.6(ABCC8):c.2371A>T (p.Ser791Cys),6833,ABCC8,HGNC:59,Uncertain significance,0,"Oct 02, 2021",780745751,-,RCV004422734,"MeSH:D030342,MedGen:C0950123",Inborn genetic diseases,germline,germline,GRCh38,NC_000011.10,11,17414531,17414531,na,na,11p15.1,"criteria provided, single submitter",1,-,N,ClinGen:CA218429457,2,3128850,17414531,T,A,-,-,-,-,-,-,SCV004910173,-,-
3282976,single nucleotide variant,NM_000352.6(ABCC8):c.4204A>G (p.Ile1402Val),6833,ABCC8,HGNC:59,Uncertain significance,0,"Jun 26, 2024",1413089349,-,RCV004422788,"MeSH:D030342,MedGen:C0950123",Inborn genetic diseases,germline,germline,GRCh37,NC_000011.9,11,17417260,17417260,na,na,11p15.1,"criteria provided, single submitter",1,-,N,ClinGen:CA379787455,2,3128904,17417260,T,C,-,-,-,-,-,-,SCV004909206,-,-
3282976,single nucleotide variant,NM_000352.6(ABCC8):c.4204A>G (p.Ile1402Val),6833,ABCC8,HGNC:59,Uncertain significance,0,"Jun 26, 2024",1413089349,-,RCV004422788,"MeSH:D030342,MedGen:C0950123",Inborn genetic diseases,germline,germline,GRCh38,NC_000011.10,11,17395713,17395713,na,na,11p15.1,"criteria provided, single submitter",1,-,N,ClinGen:CA379787455,2,3128904,17395713,T,C,-,-,-,-,-,-,SCV004909206,-,-
3283007,single nucleotide variant,NM_000352.6(ABCC8):c.554T>G (p.Val185Gly),6833,ABCC8,HGNC:59,Uncertain significance,0,"Jan 16, 2024",2496864342,-,RCV004422819,"MeSH:D030342,MedGen:C0950123",Inborn genetic diseases,germline,germline,GRCh37,NC_000011.9,11,17485010,17485010,na,na,11p15.1,"criteria provided, single submitter",1,-,N,ClinGen:CA379779903,2,3128935,17485010,A,C,-,-,-,-,-,-,SCV004909238,-,-
3283007,single nucleotide variant,NM_000352.6(ABCC8):c.554T>G (p.Val185Gly),6833,ABCC8,HGNC:59,Uncertain significance,0,"Jan 16, 2024",2496864342,-,RCV004422819,"MeSH:D030342,MedGen:C0950123",Inborn genetic diseases,germline,germline,GRCh38,NC_000011.10,11,17463463,17463463,na,na,11p15.1,"criteria provided, single submitter",1,-,N,ClinGen:CA379779903,2,3128935,17463463,A,C,-,-,-,-,-,-,SCV004909238,-,-
3283047,single nucleotide variant,NM_000352.6(ABCC8):c.808T>C (p.Phe270Leu),6833,ABCC8,HGNC:59,Uncertain significance,0,"Jan 09, 2024",2496852055,-,RCV004422859,"MeSH:D030342,MedGen:C0950123",Inborn genetic diseases,germline,germline,GRCh37,NC_000011.9,11,17483144,17483144,na,na,11p15.1,"criteria provided, single submitter",1,-,N,ClinGen:CA379778105,2,3128975,17483144,A,G,-,-,-,-,-,-,SCV004909278,-,-
3283047,single nucleotide variant,NM_000352.6(ABCC8):c.808T>C (p.Phe270Leu),6833,ABCC8,HGNC:59,Uncertain significance,0,"Jan 09, 2024",2496852055,-,RCV004422859,"MeSH:D030342,MedGen:C0950123",Inborn genetic diseases,germline,germline,GRCh38,NC_000011.10,11,17461597,17461597,na,na,11p15.1,"criteria provided, single submitter",1,-,N,ClinGen:CA379778105,2,3128975,17461597,A,G,-,-,-,-,-,-,SCV004909278,-,-
3382321,single nucleotide variant,NM_000162.5(GCK):c.750C>G (p.Arg250=),2645,GCK,HGNC:4195,Likely benign,0,"Dec 31, 2023",2484514432,-,RCV004520628,"Human Phenotype Ontology:HP:0004904,MONDO:MONDO:0018911,MedGen:C0342276,OMIM:PS125850,Orphanet:552",Maturity-onset diabetes of the young,germline,germline,GRCh37,NC_000007.13,7,44187362,44187362,na,na,7p13,"criteria provided, single submitter",1,-,N,ClinGen:CA454608727,2,3230477,44187362,G,C,-,-,-,-,-,-,SCV005032673,-,-
3382321,single nucleotide variant,NM_000162.5(GCK):c.750C>G (p.Arg250=),2645,GCK,HGNC:4195,Likely benign,0,"Dec 31, 2023",2484514432,-,RCV004520628,"Human Phenotype Ontology:HP:0004904,MONDO:MONDO:0018911,MedGen:C0342276,OMIM:PS125850,Orphanet:552",Maturity-onset diabetes of the young,germline,germline,GRCh38,NC_000007.14,7,44147763,44147763,na,na,7p13,"criteria provided, single submitter",1,-,N,ClinGen:CA454608727,2,3230477,44147763,G,C,-,-,-,-,-,-,SCV005032673,-,-
3382322,single nucleotide variant,NM_000162.5(GCK):c.814G>T (p.Glu272Ter),2645,GCK,HGNC:4195,Pathogenic,1,"Jan 16, 2024",2484513616,-,RCV004520629,"Human Phenotype Ontology:HP:0004904,MONDO:MONDO:0018911,MedGen:C0342276,OMIM:PS125850,Orphanet:552",Maturity-onset diabetes of the young,germline,germline,GRCh37,NC_000007.13,7,44187298,44187298,na,na,7p13,"criteria provided, single submitter",1,-,N,ClinGen:CA367400502,2,3230478,44187298,C,A,-,-,-,-,-,-,SCV005032674,-,-
3382322,single nucleotide variant,NM_000162.5(GCK):c.814G>T (p.Glu272Ter),2645,GCK,HGNC:4195,Pathogenic,1,"Jan 16, 2024",2484513616,-,RCV004520629,"Human Phenotype Ontology:HP:0004904,MONDO:MONDO:0018911,MedGen:C0342276,OMIM:PS125850,Orphanet:552",Maturity-onset diabetes of the young,germline,germline,GRCh38,NC_000007.14,7,44147699,44147699,na,na,7p13,"criteria provided, single submitter",1,-,N,ClinGen:CA367400502,2,3230478,44147699,C,A,-,-,-,-,-,-,SCV005032674,-,-
3382323,single nucleotide variant,NM_000162.5(GCK):c.818A>G (p.Tyr273Cys),2645,GCK,HGNC:4195,Uncertain significance,0,"Jan 02, 2024",1182603872,-,RCV004520630,"Human Phenotype Ontology:HP:0004904,MONDO:MONDO:0018911,MedGen:C0342276,OMIM:PS125850,Orphanet:552",Maturity-onset diabetes of the young,germline,germline,GRCh37,NC_000007.13,7,44187294,44187294,na,na,7p13,"criteria provided, single submitter",1,-,N,ClinGen:CA367400492,2,3230479,44187294,T,C,-,-,-,-,-,-,SCV005032542,-,-
3382323,single nucleotide variant,NM_000162.5(GCK):c.818A>G (p.Tyr273Cys),2645,GCK,HGNC:4195,Uncertain significance,0,"Jan 02, 2024",1182603872,-,RCV004520630,"Human Phenotype Ontology:HP:0004904,MONDO:MONDO:0018911,MedGen:C0342276,OMIM:PS125850,Orphanet:552",Maturity-onset diabetes of the young,germline,germline,GRCh38,NC_000007.14,7,44147695,44147695,na,na,7p13,"criteria provided, single submitter",1,-,N,ClinGen:CA367400492,2,3230479,44147695,T,C,-,-,-,-,-,-,SCV005032542,-,-
3382324,Deletion,NM_000162.5(GCK):c.905del (p.Val302fs),2645,GCK,HGNC:4195,Pathogenic,1,"Jul 18, 2019",2484507211,-,RCV004520631,"Human Phenotype Ontology:HP:0004904,MONDO:MONDO:0018911,MedGen:C0342276,OMIM:PS125850,Orphanet:552",Maturity-onset diabetes of the young,germline,germline,GRCh37,NC_000007.13,7,44186176,44186176,na,na,7p13,"criteria provided, single submitter",1,-,N,ClinGen:CA2825001548,2,3230480,44186175,CA,C,-,-,-,-,-,-,SCV005032543,-,-
3382324,Deletion,NM_000162.5(GCK):c.905del (p.Val302fs),2645,GCK,HGNC:4195,Pathogenic,1,"Jul 18, 2019",2484507211,-,RCV004520631,"Human Phenotype Ontology:HP:0004904,MONDO:MONDO:0018911,MedGen:C0342276,OMIM:PS125850,Orphanet:552",Maturity-onset diabetes of the young,germline,germline,GRCh38,NC_000007.14,7,44146577,44146577,na,na,7p13,"criteria provided, single submitter",1,-,N,ClinGen:CA2825001548,2,3230480,44146576,CA,C,-,-,-,-,-,-,SCV005032543,-,-
3385485,single nucleotide variant,NM_000525.4(KCNJ11):c.433G>T (p.Ala145Ser),3767,KCNJ11,HGNC:6257,Uncertain significance,0,"Feb 16, 2024",1490024562,-,RCV004518660|RCV005051451,"MeSH:D030342,MedGen:C0950123|MONDO:MONDO:0012522,MedGen:C1864623,OMIM:610582,Orphanet:99886;MONDO:MONDO:0014589,MedGen:C4225365,OMIM:616329,Orphanet:552;Human Phenotype Ontology:HP:0005965,Human Phenotype Ontology:HP:0005978,Human Phenotype Ontology:HP:0100652,MONDO:MONDO:0005148,MeSH:D003924,MedGen:C0011860,OMIM:125853;MONDO:MONDO:0011153,MedGen:C2931833,OMIM:601820,Orphanet:276580,Orphanet:276603;MONDO:MONDO:0030087,MedGen:C5394296,OMIM:618856","Inborn genetic diseases|Diabetes mellitus, transient neonatal, 3;Maturity-onset diabetes of the young type 13;Type 2 diabetes mellitus;Hyperinsulinemic hypoglycemia, familial, 2;Diabetes mellitus, permanent neonatal 2",germline,germline,GRCh37,NC_000011.9,11,17409206,17409206,na,na,11p15.1,"criteria provided, multiple submitters, no conflicts",2,-,N,ClinGen:CA379773768,2,3231945,17409206,C,A,-,-,-,-,-,-,SCV005035869|SCV005676621,-,-
3385485,single nucleotide variant,NM_000525.4(KCNJ11):c.433G>T (p.Ala145Ser),3767,KCNJ11,HGNC:6257,Uncertain significance,0,"Feb 16, 2024",1490024562,-,RCV004518660|RCV005051451,"MeSH:D030342,MedGen:C0950123|MONDO:MONDO:0012522,MedGen:C1864623,OMIM:610582,Orphanet:99886;MONDO:MONDO:0014589,MedGen:C4225365,OMIM:616329,Orphanet:552;Human Phenotype Ontology:HP:0005965,Human Phenotype Ontology:HP:0005978,Human Phenotype Ontology:HP:0100652,MONDO:MONDO:0005148,MeSH:D003924,MedGen:C0011860,OMIM:125853;MONDO:MONDO:0011153,MedGen:C2931833,OMIM:601820,Orphanet:276580,Orphanet:276603;MONDO:MONDO:0030087,MedGen:C5394296,OMIM:618856","Inborn genetic diseases|Diabetes mellitus, transient neonatal, 3;Maturity-onset diabetes of the young type 13;Type 2 diabetes mellitus;Hyperinsulinemic hypoglycemia, familial, 2;Diabetes mellitus, permanent neonatal 2",germline,germline,GRCh38,NC_000011.10,11,17387659,17387659,na,na,11p15.1,"criteria provided, multiple submitters, no conflicts",2,-,N,ClinGen:CA379773768,2,3231945,17387659,C,A,-,-,-,-,-,-,SCV005035869|SCV005676621,-,-
3391882,single nucleotide variant,NM_000352.6(ABCC8):c.3131C>A (p.Thr1044Asn),6833,ABCC8,HGNC:59,Uncertain significance,0,"Feb 04, 2024",2496529934,-,RCV004525331,"MeSH:D030342,MedGen:C0950123",Inborn genetic diseases,germline,germline,GRCh37,NC_000011.9,11,17428466,17428466,na,na,11p15.1,"criteria provided, single submitter",1,-,N,ClinGen:CA379803198,2,3231260,17428466,G,T,-,-,-,-,-,-,SCV005034982,-,-
3391882,single nucleotide variant,NM_000352.6(ABCC8):c.3131C>A (p.Thr1044Asn),6833,ABCC8,HGNC:59,Uncertain significance,0,"Feb 04, 2024",2496529934,-,RCV004525331,"MeSH:D030342,MedGen:C0950123",Inborn genetic diseases,germline,germline,GRCh38,NC_000011.10,11,17406919,17406919,na,na,11p15.1,"criteria provided, single submitter",1,-,N,ClinGen:CA379803198,2,3231260,17406919,G,T,-,-,-,-,-,-,SCV005034982,-,-
3392584,Deletion,NM_000162.5(GCK):c.1226del (p.Asp409fs),2645,GCK,HGNC:4195,Pathogenic,1,"Mar 13, 2024",2484495896,-,RCV004526308,"MONDO:MONDO:0015967,MedGen:C3888631,Orphanet:183625",Monogenic diabetes,germline,germline,GRCh37,NC_000007.13,7,44185123,44185123,na,na,7p13,"criteria provided, single submitter",1,-,N,ClinGen:CA645372117,2,3233458,44185122,AT,A,-,-,-,-,-,-,SCV005039347,-,-
3392584,Deletion,NM_000162.5(GCK):c.1226del (p.Asp409fs),2645,GCK,HGNC:4195,Pathogenic,1,"Mar 13, 2024",2484495896,-,RCV004526308,"MONDO:MONDO:0015967,MedGen:C3888631,Orphanet:183625",Monogenic diabetes,germline,germline,GRCh38,NC_000007.14,7,44145524,44145524,na,na,7p13,"criteria provided, single submitter",1,-,N,ClinGen:CA645372117,2,3233458,44145523,AT,A,-,-,-,-,-,-,SCV005039347,-,-
3392593,single nucleotide variant,NM_000525.4(KCNJ11):c.966G>T (p.Glu322Asp),3767,KCNJ11,HGNC:6257,Uncertain significance,0,"Mar 13, 2024",746578913,-,RCV004526317,MedGen:CN169374,not specified,germline,germline,GRCh37,NC_000011.9,11,17408673,17408673,na,na,11p15.1,"criteria provided, single submitter",1,-,N,ClinGen:CA379769611,2,3233467,17408673,C,A,-,-,-,-,-,-,SCV005039377,-,-
3392593,single nucleotide variant,NM_000525.4(KCNJ11):c.966G>T (p.Glu322Asp),3767,KCNJ11,HGNC:6257,Uncertain significance,0,"Mar 13, 2024",746578913,-,RCV004526317,MedGen:CN169374,not specified,germline,germline,GRCh38,NC_000011.10,11,17387126,17387126,na,na,11p15.1,"criteria provided, single submitter",1,-,N,ClinGen:CA379769611,2,3233467,17387126,C,A,-,-,-,-,-,-,SCV005039377,-,-
3392637,Deletion,NC_000011.9:g.(17453792_17464266)_(17464860_17470062)del,6833,ABCC8,HGNC:59,Pathogenic,1,"Mar 11, 2024",-1,-,RCV004526361,"MONDO:MONDO:0017182,MedGen:C3888018,Orphanet:276525",Familial hyperinsulinism,germline,germline,GRCh37,NC_000011.9,11,17453792,17470062,na,na,11p15.1,"criteria provided, single submitter",1,-,N,-,2,3233511,-1,na,na,-,-,-,-,-,-,SCV005039512,-,-
3392654,single nucleotide variant,NM_000162.5(GCK):c.1239C>G (p.Tyr413Ter),2645,GCK,HGNC:4195,Pathogenic,1,"Mar 11, 2024",2484495664,-,RCV004579626,"MONDO:MONDO:0015967,MedGen:C3888631,Orphanet:183625",Monogenic diabetes,germline,germline,GRCh37,NC_000007.13,7,44185110,44185110,na,na,7p13,"criteria provided, single submitter",1,-,N,ClinGen:CA367398260,2,3233528,44185110,G,C,-,-,-,-,-,-,SCV005062093,-,-
3392654,single nucleotide variant,NM_000162.5(GCK):c.1239C>G (p.Tyr413Ter),2645,GCK,HGNC:4195,Pathogenic,1,"Mar 11, 2024",2484495664,-,RCV004579626,"MONDO:MONDO:0015967,MedGen:C3888631,Orphanet:183625",Monogenic diabetes,germline,germline,GRCh38,NC_000007.14,7,44145511,44145511,na,na,7p13,"criteria provided, single submitter",1,-,N,ClinGen:CA367398260,2,3233528,44145511,G,C,-,-,-,-,-,-,SCV005062093,-,-
3392678,single nucleotide variant,NM_000352.6(ABCC8):c.4432G>C (p.Gly1478Arg),6833,ABCC8,HGNC:59,Pathogenic,1,"Mar 08, 2024",72559715,-,RCV004526403,"MONDO:MONDO:0017182,MedGen:C3888018,Orphanet:276525",Familial hyperinsulinism,germline,germline,GRCh37,NC_000011.9,11,17415926,17415926,na,na,11p15.1,"criteria provided, single submitter",1,-,N,ClinGen:CA379783645,2,3233553,17415926,C,G,-,-,-,-,-,-,SCV005039941,-,-
3392678,single nucleotide variant,NM_000352.6(ABCC8):c.4432G>C (p.Gly1478Arg),6833,ABCC8,HGNC:59,Pathogenic,1,"Mar 08, 2024",72559715,-,RCV004526403,"MONDO:MONDO:0017182,MedGen:C3888018,Orphanet:276525",Familial hyperinsulinism,germline,germline,GRCh38,NC_000011.10,11,17394379,17394379,na,na,11p15.1,"criteria provided, single submitter",1,-,N,ClinGen:CA379783645,2,3233553,17394379,C,G,-,-,-,-,-,-,SCV005039941,-,-
3392854,single nucleotide variant,NM_000352.6(ABCC8):c.1238C>G (p.Thr413Ser),6833,ABCC8,HGNC:59,Uncertain significance,0,"Mar 28, 2024",1956634137,-,RCV004526580,MedGen:CN169374,not specified,germline,germline,GRCh37,NC_000011.9,11,17470157,17470157,na,na,11p15.1,"criteria provided, single submitter",1,-,N,ClinGen:CA379768698,2,3233730,17470157,G,C,-,-,-,-,-,-,SCV005040590,-,-
3392854,single nucleotide variant,NM_000352.6(ABCC8):c.1238C>G (p.Thr413Ser),6833,ABCC8,HGNC:59,Uncertain significance,0,"Mar 28, 2024",1956634137,-,RCV004526580,MedGen:CN169374,not specified,germline,germline,GRCh38,NC_000011.10,11,17448610,17448610,na,na,11p15.1,"criteria provided, single submitter",1,-,N,ClinGen:CA379768698,2,3233730,17448610,G,C,-,-,-,-,-,-,SCV005040590,-,-
3392858,single nucleotide variant,NM_000162.5(GCK):c.854G>T (p.Gly285Val),2645,GCK,HGNC:4195,Uncertain significance,0,"Mar 28, 2024",2484513075,-,RCV004526584,MedGen:CN169374,not specified,germline,germline,GRCh37,NC_000007.13,7,44187258,44187258,na,na,7p13,"criteria provided, single submitter",1,-,N,ClinGen:CA367400418,2,3233734,44187258,C,A,-,-,-,-,-,-,SCV005040599,-,-
3392858,single nucleotide variant,NM_000162.5(GCK):c.854G>T (p.Gly285Val),2645,GCK,HGNC:4195,Uncertain significance,0,"Mar 28, 2024",2484513075,-,RCV004526584,MedGen:CN169374,not specified,germline,germline,GRCh38,NC_000007.14,7,44147659,44147659,na,na,7p13,"criteria provided, single submitter",1,-,N,ClinGen:CA367400418,2,3233734,44147659,C,A,-,-,-,-,-,-,SCV005040599,-,-
3393114,single nucleotide variant,NM_000162.5(GCK):c.1345G>T (p.Ala449Ser),2645,GCK,HGNC:4195,Likely pathogenic,1,"Apr 27, 2024",193922282,-,RCV004527567,"MONDO:MONDO:0015967,MedGen:C3888631,Orphanet:183625",Monogenic diabetes,germline,germline,GRCh37,NC_000007.13,7,44184788,44184788,na,na,7p13,reviewed by expert panel,1,-,N,ClinGen:CA367396925,2,3233991,44184788,C,A,-,-,-,-,-,-,SCV005040667,-,-
3393114,single nucleotide variant,NM_000162.5(GCK):c.1345G>T (p.Ala449Ser),2645,GCK,HGNC:4195,Likely pathogenic,1,"Apr 27, 2024",193922282,-,RCV004527567,"MONDO:MONDO:0015967,MedGen:C3888631,Orphanet:183625",Monogenic diabetes,germline,germline,GRCh38,NC_000007.14,7,44145189,44145189,na,na,7p13,reviewed by expert panel,1,-,N,ClinGen:CA367396925,2,3233991,44145189,C,A,-,-,-,-,-,-,SCV005040667,-,-
3393115,single nucleotide variant,NM_000162.5(GCK):c.1235T>A (p.Val412Glu),2645,GCK,HGNC:4195,Pathogenic,1,"Apr 27, 2024",1554334539,-,RCV004527568,"MONDO:MONDO:0015967,MedGen:C3888631,Orphanet:183625",Monogenic diabetes,germline,germline,GRCh37,NC_000007.13,7,44185114,44185114,na,na,7p13,reviewed by expert panel,1,-,N,ClinGen:CA367398282,2,3233992,44185114,A,T,-,-,-,-,-,-,SCV005040673,-,-
3393115,single nucleotide variant,NM_000162.5(GCK):c.1235T>A (p.Val412Glu),2645,GCK,HGNC:4195,Pathogenic,1,"Apr 27, 2024",1554334539,-,RCV004527568,"MONDO:MONDO:0015967,MedGen:C3888631,Orphanet:183625",Monogenic diabetes,germline,germline,GRCh38,NC_000007.14,7,44145515,44145515,na,na,7p13,reviewed by expert panel,1,-,N,ClinGen:CA367398282,2,3233992,44145515,A,T,-,-,-,-,-,-,SCV005040673,-,-
3393116,single nucleotide variant,NM_000162.5(GCK):c.454T>A (p.Phe152Ile),2645,GCK,HGNC:4195,Pathogenic,1,"Apr 18, 2024",2096280050,-,RCV004527569,"MONDO:MONDO:0015967,MedGen:C3888631,Orphanet:183625",Monogenic diabetes,germline,germline,GRCh37,NC_000007.13,7,44190584,44190584,na,na,7p13,reviewed by expert panel,1,-,N,ClinGen:CA367401928,2,3233993,44190584,A,T,-,-,-,-,-,-,SCV005040676,-,-
3393116,single nucleotide variant,NM_000162.5(GCK):c.454T>A (p.Phe152Ile),2645,GCK,HGNC:4195,Pathogenic,1,"Apr 18, 2024",2096280050,-,RCV004527569,"MONDO:MONDO:0015967,MedGen:C3888631,Orphanet:183625",Monogenic diabetes,germline,germline,GRCh38,NC_000007.14,7,44150985,44150985,na,na,7p13,reviewed by expert panel,1,-,N,ClinGen:CA367401928,2,3233993,44150985,A,T,-,-,-,-,-,-,SCV005040676,-,-
3393117,single nucleotide variant,NM_000162.5(GCK):c.1234G>A (p.Val412Met),2645,GCK,HGNC:4195,Pathogenic,1,"Apr 27, 2024",2484495767,-,RCV004527570|RCV005038707,"MONDO:MONDO:0015967,MedGen:C3888631,Orphanet:183625|MONDO:MONDO:0100165,MedGen:C5393570,OMIM:606176;MONDO:MONDO:0007453,MedGen:C0342277,OMIM:125851,Orphanet:552;Human Phenotype Ontology:HP:0005965,Human Phenotype Ontology:HP:0005978,Human Phenotype Ontology:HP:0100652,MONDO:MONDO:0005148,MeSH:D003924,MedGen:C0011860,OMIM:125853;MONDO:MONDO:0011236,MedGen:C1865290,OMIM:602485,Orphanet:79299",Monogenic diabetes|Permanent neonatal diabetes mellitus 1;Maturity-onset diabetes of the young type 2;Type 2 diabetes mellitus;Hyperinsulinism due to glucokinase deficiency,germline,germline,GRCh37,NC_000007.13,7,44185115,44185115,na,na,7p13,reviewed by expert panel,2,-,N,ClinGen:CA367398289,2,3233994,44185115,C,T,-,-,-,-,-,-,SCV005040677,-,-
3393117,single nucleotide variant,NM_000162.5(GCK):c.1234G>A (p.Val412Met),2645,GCK,HGNC:4195,Pathogenic,1,"Apr 27, 2024",2484495767,-,RCV004527570|RCV005038707,"MONDO:MONDO:0015967,MedGen:C3888631,Orphanet:183625|MONDO:MONDO:0100165,MedGen:C5393570,OMIM:606176;MONDO:MONDO:0007453,MedGen:C0342277,OMIM:125851,Orphanet:552;Human Phenotype Ontology:HP:0005965,Human Phenotype Ontology:HP:0005978,Human Phenotype Ontology:HP:0100652,MONDO:MONDO:0005148,MeSH:D003924,MedGen:C0011860,OMIM:125853;MONDO:MONDO:0011236,MedGen:C1865290,OMIM:602485,Orphanet:79299",Monogenic diabetes|Permanent neonatal diabetes mellitus 1;Maturity-onset diabetes of the young type 2;Type 2 diabetes mellitus;Hyperinsulinism due to glucokinase deficiency,germline,germline,GRCh38,NC_000007.14,7,44145516,44145516,na,na,7p13,reviewed by expert panel,2,-,N,ClinGen:CA367398289,2,3233994,44145516,C,T,-,-,-,-,-,-,SCV005040677,-,-
3393118,single nucleotide variant,NM_000162.5(GCK):c.1228G>A (p.Gly410Ser),2645,GCK,HGNC:4195,Pathogenic,1,"Jun 21, 2024",2128819136,-,RCV004527571|RCV006251417,"MONDO:MONDO:0015967,MedGen:C3888631,Orphanet:183625|MedGen:C3661900",Monogenic diabetes|not provided,germline,germline,GRCh37,NC_000007.13,7,44185121,44185121,na,na,7p13,reviewed by expert panel,2,-,N,ClinGen:CA367398315,2,3233995,44185121,C,T,-,-,-,-,-,-,SCV005040679,-,-
3393118,single nucleotide variant,NM_000162.5(GCK):c.1228G>A (p.Gly410Ser),2645,GCK,HGNC:4195,Pathogenic,1,"Jun 21, 2024",2128819136,-,RCV004527571|RCV006251417,"MONDO:MONDO:0015967,MedGen:C3888631,Orphanet:183625|MedGen:C3661900",Monogenic diabetes|not provided,germline,germline,GRCh38,NC_000007.14,7,44145522,44145522,na,na,7p13,reviewed by expert panel,2,-,N,ClinGen:CA367398315,2,3233995,44145522,C,T,-,-,-,-,-,-,SCV005040679,-,-
3393119,single nucleotide variant,NM_000162.5(GCK):c.1228G>T (p.Gly410Cys),2645,GCK,HGNC:4195,Pathogenic,1,"Apr 28, 2024",2128819136,-,RCV004527572,"MONDO:MONDO:0015967,MedGen:C3888631,Orphanet:183625",Monogenic diabetes,germline,germline,GRCh37,NC_000007.13,7,44185121,44185121,na,na,7p13,reviewed by expert panel,1,-,N,ClinGen:CA367398311,2,3233996,44185121,C,A,-,-,-,-,-,-,SCV005040681,-,-
3393119,single nucleotide variant,NM_000162.5(GCK):c.1228G>T (p.Gly410Cys),2645,GCK,HGNC:4195,Pathogenic,1,"Apr 28, 2024",2128819136,-,RCV004527572,"MONDO:MONDO:0015967,MedGen:C3888631,Orphanet:183625",Monogenic diabetes,germline,germline,GRCh38,NC_000007.14,7,44145522,44145522,na,na,7p13,reviewed by expert panel,1,-,N,ClinGen:CA367398311,2,3233996,44145522,C,A,-,-,-,-,-,-,SCV005040681,-,-
3393120,Deletion,NM_000162.5(GCK):c.1169del (p.Ile390fs),2645,GCK,HGNC:4195,Likely pathogenic,1,"Apr 28, 2024",2484496778,-,RCV004527573,"MONDO:MONDO:0015967,MedGen:C3888631,Orphanet:183625",Monogenic diabetes,germline,germline,GRCh37,NC_000007.13,7,44185180,44185180,na,na,7p13,reviewed by expert panel,1,-,N,ClinGen:CA2580610955,2,3233997,44185179,GA,G,-,-,-,-,-,-,SCV005040685,-,-
3393120,Deletion,NM_000162.5(GCK):c.1169del (p.Ile390fs),2645,GCK,HGNC:4195,Likely pathogenic,1,"Apr 28, 2024",2484496778,-,RCV004527573,"MONDO:MONDO:0015967,MedGen:C3888631,Orphanet:183625",Monogenic diabetes,germline,germline,GRCh38,NC_000007.14,7,44145581,44145581,na,na,7p13,reviewed by expert panel,1,-,N,ClinGen:CA2580610955,2,3233997,44145580,GA,G,-,-,-,-,-,-,SCV005040685,-,-
3393121,single nucleotide variant,NM_000162.5(GCK):c.1166T>C (p.Val389Ala),2645,GCK,HGNC:4195,Uncertain significance,0,"Apr 28, 2024",2096271467,-,RCV004527574,"MONDO:MONDO:0015967,MedGen:C3888631,Orphanet:183625",Monogenic diabetes,germline,germline,GRCh37,NC_000007.13,7,44185183,44185183,na,na,7p13,reviewed by expert panel,1,-,N,ClinGen:CA367398657,2,3233998,44185183,A,G,-,-,-,-,-,-,SCV005040686,-,-
3393121,single nucleotide variant,NM_000162.5(GCK):c.1166T>C (p.Val389Ala),2645,GCK,HGNC:4195,Uncertain significance,0,"Apr 28, 2024",2096271467,-,RCV004527574,"MONDO:MONDO:0015967,MedGen:C3888631,Orphanet:183625",Monogenic diabetes,germline,germline,GRCh38,NC_000007.14,7,44145584,44145584,na,na,7p13,reviewed by expert panel,1,-,N,ClinGen:CA367398657,2,3233998,44145584,A,G,-,-,-,-,-,-,SCV005040686,-,-
3393122,single nucleotide variant,NM_000162.5(GCK):c.1157T>G (p.Leu386Arg),2645,GCK,HGNC:4195,Likely pathogenic,1,"Apr 28, 2024",193922268,-,RCV004527575,"MONDO:MONDO:0015967,MedGen:C3888631,Orphanet:183625",Monogenic diabetes,germline,germline,GRCh37,NC_000007.13,7,44185192,44185192,na,na,7p13,reviewed by expert panel,1,-,N,ClinGen:CA367398699,2,3233999,44185192,A,C,-,-,-,-,-,-,SCV005040689,-,-
3393122,single nucleotide variant,NM_000162.5(GCK):c.1157T>G (p.Leu386Arg),2645,GCK,HGNC:4195,Likely pathogenic,1,"Apr 28, 2024",193922268,-,RCV004527575,"MONDO:MONDO:0015967,MedGen:C3888631,Orphanet:183625",Monogenic diabetes,germline,germline,GRCh38,NC_000007.14,7,44145593,44145593,na,na,7p13,reviewed by expert panel,1,-,N,ClinGen:CA367398699,2,3233999,44145593,A,C,-,-,-,-,-,-,SCV005040689,-,-
3393123,Microsatellite,NM_000162.5(GCK):c.1132_1133del (p.Ala378fs),2645,GCK,HGNC:4195,Likely pathogenic,1,"Apr 28, 2024",2484497519,-,RCV004527576,"MONDO:MONDO:0015967,MedGen:C3888631,Orphanet:183625",Monogenic diabetes,germline,germline,GRCh37,NC_000007.13,7,44185216,44185217,na,na,7p13,reviewed by expert panel,1,-,N,ClinGen:CA2580612101,2,3234000,44185215,AGC,A,-,-,-,-,-,-,SCV005040691,-,-
3393123,Microsatellite,NM_000162.5(GCK):c.1132_1133del (p.Ala378fs),2645,GCK,HGNC:4195,Likely pathogenic,1,"Apr 28, 2024",2484497519,-,RCV004527576,"MONDO:MONDO:0015967,MedGen:C3888631,Orphanet:183625",Monogenic diabetes,germline,germline,GRCh38,NC_000007.14,7,44145617,44145618,na,na,7p13,reviewed by expert panel,1,-,N,ClinGen:CA2580612101,2,3234000,44145616,AGC,A,-,-,-,-,-,-,SCV005040691,-,-
3393124,single nucleotide variant,NM_000162.5(GCK):c.466C>G (p.His156Asp),2645,GCK,HGNC:4195,Uncertain significance,1,"Apr 28, 2024",1562718043,-,RCV004527577|RCV005335978,"MONDO:MONDO:0015967,MedGen:C3888631,Orphanet:183625|Human Phenotype Ontology:HP:0004904,MONDO:MONDO:0018911,MedGen:C0342276,OMIM:PS125850,Orphanet:552",Monogenic diabetes|Maturity-onset diabetes of the young,germline,germline,GRCh37,NC_000007.13,7,44190572,44190572,na,na,7p13,reviewed by expert panel,2,-,N,ClinGen:CA367401894,2,3234001,44190572,G,C,-,-,-,-,-,-,SCV005040693,-,-
3393124,single nucleotide variant,NM_000162.5(GCK):c.466C>G (p.His156Asp),2645,GCK,HGNC:4195,Uncertain significance,1,"Apr 28, 2024",1562718043,-,RCV004527577|RCV005335978,"MONDO:MONDO:0015967,MedGen:C3888631,Orphanet:183625|Human Phenotype Ontology:HP:0004904,MONDO:MONDO:0018911,MedGen:C0342276,OMIM:PS125850,Orphanet:552",Monogenic diabetes|Maturity-onset diabetes of the young,germline,germline,GRCh38,NC_000007.14,7,44150973,44150973,na,na,7p13,reviewed by expert panel,2,-,N,ClinGen:CA367401894,2,3234001,44150973,G,C,-,-,-,-,-,-,SCV005040693,-,-
3393125,single nucleotide variant,NM_000162.5(GCK):c.605T>G (p.Met202Arg),2645,GCK,HGNC:4195,Pathogenic,1,"Apr 19, 2024",193922311,-,RCV004527578,"MONDO:MONDO:0015967,MedGen:C3888631,Orphanet:183625",Monogenic diabetes,germline,germline,GRCh37,NC_000007.13,7,44189433,44189433,na,na,7p13,reviewed by expert panel,1,-,N,ClinGen:CA367401376,2,3234002,44189433,A,C,-,-,-,-,-,-,SCV005040699,-,-
3393125,single nucleotide variant,NM_000162.5(GCK):c.605T>G (p.Met202Arg),2645,GCK,HGNC:4195,Pathogenic,1,"Apr 19, 2024",193922311,-,RCV004527578,"MONDO:MONDO:0015967,MedGen:C3888631,Orphanet:183625",Monogenic diabetes,germline,germline,GRCh38,NC_000007.14,7,44149834,44149834,na,na,7p13,reviewed by expert panel,1,-,N,ClinGen:CA367401376,2,3234002,44149834,A,C,-,-,-,-,-,-,SCV005040699,-,-
3393201,single nucleotide variant,NM_000162.5(GCK):c.612T>A (p.Asn204Lys),2645,GCK,HGNC:4195,Likely pathogenic,1,"Jan 12, 2024",2484522862,-,RCV004545931,"MONDO:MONDO:0007453,MedGen:C0342277,OMIM:125851,Orphanet:552",Maturity-onset diabetes of the young type 2,germline,germline,GRCh37,NC_000007.13,7,44189426,44189426,na,na,7p13,"criteria provided, single submitter",1,-,N,ClinGen:CA367401354,2,3234078,44189426,A,T,-,-,-,-,-,-,SCV005040910,-,-
3393201,single nucleotide variant,NM_000162.5(GCK):c.612T>A (p.Asn204Lys),2645,GCK,HGNC:4195,Likely pathogenic,1,"Jan 12, 2024",2484522862,-,RCV004545931,"MONDO:MONDO:0007453,MedGen:C0342277,OMIM:125851,Orphanet:552",Maturity-onset diabetes of the young type 2,germline,germline,GRCh38,NC_000007.14,7,44149827,44149827,na,na,7p13,"criteria provided, single submitter",1,-,N,ClinGen:CA367401354,2,3234078,44149827,A,T,-,-,-,-,-,-,SCV005040910,-,-
3395472,Deletion,NM_000352.6(ABCC8):c.2093_2095del (p.Asn698del),6833,ABCC8,HGNC:59,Likely pathogenic,1,"Mar 05, 2024",2496663221,-,RCV004555728,"MONDO:MONDO:0030088,MedGen:C5394303,OMIM:618857","Diabetes mellitus, permanent neonatal 3",germline,germline,GRCh37,NC_000011.9,11,17449435,17449437,na,na,11p15.1,"criteria provided, single submitter",1,-,N,ClinGen:CA2825001874,2,3236352,17449434,ATGT,A,-,-,-,-,-,-,SCV005044681,-,-
3395472,Deletion,NM_000352.6(ABCC8):c.2093_2095del (p.Asn698del),6833,ABCC8,HGNC:59,Likely pathogenic,1,"Mar 05, 2024",2496663221,-,RCV004555728,"MONDO:MONDO:0030088,MedGen:C5394303,OMIM:618857","Diabetes mellitus, permanent neonatal 3",germline,germline,GRCh38,NC_000011.10,11,17427888,17427890,na,na,11p15.1,"criteria provided, single submitter",1,-,N,ClinGen:CA2825001874,2,3236352,17427887,ATGT,A,-,-,-,-,-,-,SCV005044681,-,-
3395809,single nucleotide variant,NM_000162.5(GCK):c.242G>A (p.Gly81Asp),2645,GCK,HGNC:4195,Likely pathogenic,1,"May 22, 2024",866182415,-,RCV004556149,"MONDO:MONDO:0007453,MedGen:C0342277,OMIM:125851,Orphanet:552",Maturity-onset diabetes of the young type 2,unknown,unknown,GRCh37,NC_000007.13,7,44191991,44191991,na,na,7p13,"criteria provided, single submitter",1,-,N,ClinGen:CA157919284,2,3236689,44191991,C,T,-,-,-,-,-,-,SCV005045209,-,-
3395809,single nucleotide variant,NM_000162.5(GCK):c.242G>A (p.Gly81Asp),2645,GCK,HGNC:4195,Likely pathogenic,1,"May 22, 2024",866182415,-,RCV004556149,"MONDO:MONDO:0007453,MedGen:C0342277,OMIM:125851,Orphanet:552",Maturity-onset diabetes of the young type 2,unknown,unknown,GRCh38,NC_000007.14,7,44152392,44152392,na,na,7p13,"criteria provided, single submitter",1,-,N,ClinGen:CA157919284,2,3236689,44152392,C,T,-,-,-,-,-,-,SCV005045209,-,-
3397977,single nucleotide variant,NM_000162.5(GCK):c.559G>T (p.Asp187Tyr),2645,GCK,HGNC:4195,Likely pathogenic,1,"Jun 09, 2024",2484523947,-,RCV004574977|RCV006488957,"MONDO:MONDO:0015967,MedGen:C3888631,Orphanet:183625|MedGen:C3661900",Monogenic diabetes|not provided,germline,germline,GRCh37,NC_000007.13,7,44189588,44189588,na,na,7p13,reviewed by expert panel,2,-,N,-,2,3238986,44189588,C,A,-,-,-,-,-,-,SCV005050204,-,-
3397977,single nucleotide variant,NM_000162.5(GCK):c.559G>T (p.Asp187Tyr),2645,GCK,HGNC:4195,Likely pathogenic,1,"Jun 09, 2024",2484523947,-,RCV004574977|RCV006488957,"MONDO:MONDO:0015967,MedGen:C3888631,Orphanet:183625|MedGen:C3661900",Monogenic diabetes|not provided,germline,germline,GRCh38,NC_000007.14,7,44149989,44149989,na,na,7p13,reviewed by expert panel,2,-,N,-,2,3238986,44149989,C,A,-,-,-,-,-,-,SCV005050204,-,-
3397978,single nucleotide variant,NM_000162.5(GCK):c.559G>C (p.Asp187His),2645,GCK,HGNC:4195,Likely pathogenic,1,"Jun 09, 2024",2484523947,-,RCV004574978,"MONDO:MONDO:0015967,MedGen:C3888631,Orphanet:183625",Monogenic diabetes,germline,germline,GRCh37,NC_000007.13,7,44189588,44189588,na,na,7p13,reviewed by expert panel,1,-,N,-,2,3238987,44189588,C,G,-,-,-,-,-,-,SCV005050205,-,-
3397978,single nucleotide variant,NM_000162.5(GCK):c.559G>C (p.Asp187His),2645,GCK,HGNC:4195,Likely pathogenic,1,"Jun 09, 2024",2484523947,-,RCV004574978,"MONDO:MONDO:0015967,MedGen:C3888631,Orphanet:183625",Monogenic diabetes,germline,germline,GRCh38,NC_000007.14,7,44149989,44149989,na,na,7p13,reviewed by expert panel,1,-,N,-,2,3238987,44149989,C,G,-,-,-,-,-,-,SCV005050205,-,-
3398514,single nucleotide variant,NM_000352.6(ABCC8):c.1949G>A (p.Arg650His),6833,ABCC8,HGNC:59,Uncertain significance,0,"Nov 10, 2025",775415714,-,RCV004576010|RCV006269954,MedGen:C3661900|MedGen:CN169374,not provided|not specified,germline,germline,GRCh37,NC_000011.9,11,17449927,17449927,na,na,11p15.1,"criteria provided, multiple submitters, no conflicts",3,-,N,-,2,3239524,17449927,C,T,-,-,-,-,-,-,SCV005050502|SCV007124235|SCV007332482,-,-
3398514,single nucleotide variant,NM_000352.6(ABCC8):c.1949G>A (p.Arg650His),6833,ABCC8,HGNC:59,Uncertain significance,0,"Nov 10, 2025",775415714,-,RCV004576010|RCV006269954,MedGen:C3661900|MedGen:CN169374,not provided|not specified,germline,germline,GRCh38,NC_000011.10,11,17428380,17428380,na,na,11p15.1,"criteria provided, multiple submitters, no conflicts",3,-,N,-,2,3239524,17428380,C,T,-,-,-,-,-,-,SCV005050502|SCV007124235|SCV007332482,-,-
3398662,Deletion,NM_000525.4(KCNJ11):c.1090del (p.Ala364fs),3767,KCNJ11,HGNC:6257,Likely pathogenic,1,"Feb 01, 2024",2496407300,-,RCV004576141,"MONDO:MONDO:0011153,MedGen:C2931833,OMIM:601820,Orphanet:276580,Orphanet:276603","Hyperinsulinemic hypoglycemia, familial, 2",germline,germline,GRCh37,NC_000011.9,11,17408549,17408549,na,na,11p15.1,"criteria provided, single submitter",1,-,N,-,2,3239673,17408548,GC,G,-,-,-,-,-,-,SCV005051841,-,-
3398662,Deletion,NM_000525.4(KCNJ11):c.1090del (p.Ala364fs),3767,KCNJ11,HGNC:6257,Likely pathogenic,1,"Feb 01, 2024",2496407300,-,RCV004576141,"MONDO:MONDO:0011153,MedGen:C2931833,OMIM:601820,Orphanet:276580,Orphanet:276603","Hyperinsulinemic hypoglycemia, familial, 2",germline,germline,GRCh38,NC_000011.10,11,17387002,17387002,na,na,11p15.1,"criteria provided, single submitter",1,-,N,-,2,3239673,17387001,GC,G,-,-,-,-,-,-,SCV005051841,-,-
3398737,Deletion,NM_000352.6(ABCC8):c.984del (p.Lys329fs),6833,ABCC8,HGNC:59,Likely pathogenic,1,"Jan 17, 2024",2496844049,-,RCV004576217,"Human Phenotype Ontology:HP:0005965,Human Phenotype Ontology:HP:0005978,Human Phenotype Ontology:HP:0100652,MONDO:MONDO:0005148,MeSH:D003924,MedGen:C0011860,OMIM:125853",Type 2 diabetes mellitus,unknown,unknown,GRCh37,NC_000011.9,11,17482062,17482062,na,na,11p15.1,"criteria provided, single submitter",1,-,N,-,2,3239749,17482061,TC,T,-,-,-,-,-,-,SCV005053394,-,-
3398737,Deletion,NM_000352.6(ABCC8):c.984del (p.Lys329fs),6833,ABCC8,HGNC:59,Likely pathogenic,1,"Jan 17, 2024",2496844049,-,RCV004576217,"Human Phenotype Ontology:HP:0005965,Human Phenotype Ontology:HP:0005978,Human Phenotype Ontology:HP:0100652,MONDO:MONDO:0005148,MeSH:D003924,MedGen:C0011860,OMIM:125853",Type 2 diabetes mellitus,unknown,unknown,GRCh38,NC_000011.10,11,17460515,17460515,na,na,11p15.1,"criteria provided, single submitter",1,-,N,-,2,3239749,17460514,TC,T,-,-,-,-,-,-,SCV005053394,-,-
3398745,Deletion,NM_000352.6(ABCC8):c.2760_2770del (p.Glu920fs),6833,ABCC8,HGNC:59,Likely pathogenic,1,"Jan 17, 2024",2496543075,-,RCV004576225,"Human Phenotype Ontology:HP:0005965,Human Phenotype Ontology:HP:0005978,Human Phenotype Ontology:HP:0100652,MONDO:MONDO:0005148,MeSH:D003924,MedGen:C0011860,OMIM:125853",Type 2 diabetes mellitus,unknown,unknown,GRCh37,NC_000011.9,11,17429989,17429999,na,na,11p15.1,"criteria provided, single submitter",1,-,N,-,2,3239757,17429988,AAGAGCTGGCAT,A,-,-,-,-,-,-,SCV005053461,-,-
3398745,Deletion,NM_000352.6(ABCC8):c.2760_2770del (p.Glu920fs),6833,ABCC8,HGNC:59,Likely pathogenic,1,"Jan 17, 2024",2496543075,-,RCV004576225,"Human Phenotype Ontology:HP:0005965,Human Phenotype Ontology:HP:0005978,Human Phenotype Ontology:HP:0100652,MONDO:MONDO:0005148,MeSH:D003924,MedGen:C0011860,OMIM:125853",Type 2 diabetes mellitus,unknown,unknown,GRCh38,NC_000011.10,11,17408442,17408452,na,na,11p15.1,"criteria provided, single submitter",1,-,N,-,2,3239757,17408441,AAGAGCTGGCAT,A,-,-,-,-,-,-,SCV005053461,-,-
3398816,single nucleotide variant,NM_000352.6(ABCC8):c.2806C>T (p.Gln936Ter),6833,ABCC8,HGNC:59,Pathogenic,1,"Dec 07, 2023",2496542700,-,RCV004576296,"Human Phenotype Ontology:HP:0005965,Human Phenotype Ontology:HP:0005978,Human Phenotype Ontology:HP:0100652,MONDO:MONDO:0005148,MeSH:D003924,MedGen:C0011860,OMIM:125853",Type 2 diabetes mellitus,unknown,unknown,GRCh37,NC_000011.9,11,17429953,17429953,na,na,11p15.1,"criteria provided, single submitter",1,-,N,-,2,3239828,17429953,G,A,-,-,-,-,-,-,SCV005056112,-,-
3398816,single nucleotide variant,NM_000352.6(ABCC8):c.2806C>T (p.Gln936Ter),6833,ABCC8,HGNC:59,Pathogenic,1,"Dec 07, 2023",2496542700,-,RCV004576296,"Human Phenotype Ontology:HP:0005965,Human Phenotype Ontology:HP:0005978,Human Phenotype Ontology:HP:0100652,MONDO:MONDO:0005148,MeSH:D003924,MedGen:C0011860,OMIM:125853",Type 2 diabetes mellitus,unknown,unknown,GRCh38,NC_000011.10,11,17408406,17408406,na,na,11p15.1,"criteria provided, single submitter",1,-,N,-,2,3239828,17408406,G,A,-,-,-,-,-,-,SCV005056112,-,-
3398825,Duplication,NM_000352.6(ABCC8):c.3007dup (p.Tyr1003fs),6833,ABCC8,HGNC:59,Likely pathogenic,1,"Dec 07, 2023",2496531528,-,RCV004576305,"Human Phenotype Ontology:HP:0005965,Human Phenotype Ontology:HP:0005978,Human Phenotype Ontology:HP:0100652,MONDO:MONDO:0005148,MeSH:D003924,MedGen:C0011860,OMIM:125853",Type 2 diabetes mellitus,unknown,unknown,GRCh37,NC_000011.9,11,17428589,17428590,na,na,11p15.1,"criteria provided, single submitter",1,-,N,-,2,3239837,17428589,T,TA,-,-,-,-,-,-,SCV005056170,-,-
3398825,Duplication,NM_000352.6(ABCC8):c.3007dup (p.Tyr1003fs),6833,ABCC8,HGNC:59,Likely pathogenic,1,"Dec 07, 2023",2496531528,-,RCV004576305,"Human Phenotype Ontology:HP:0005965,Human Phenotype Ontology:HP:0005978,Human Phenotype Ontology:HP:0100652,MONDO:MONDO:0005148,MeSH:D003924,MedGen:C0011860,OMIM:125853",Type 2 diabetes mellitus,unknown,unknown,GRCh38,NC_000011.10,11,17407042,17407043,na,na,11p15.1,"criteria provided, single submitter",1,-,N,-,2,3239837,17407042,T,TA,-,-,-,-,-,-,SCV005056170,-,-
3398899,Duplication,NM_000352.6(ABCC8):c.131dup (p.Ile46fs),6833,ABCC8,HGNC:59,Likely pathogenic,1,"Dec 03, 2023",2496929678,-,RCV004574329,"Human Phenotype Ontology:HP:0005965,Human Phenotype Ontology:HP:0005978,Human Phenotype Ontology:HP:0100652,MONDO:MONDO:0005148,MeSH:D003924,MedGen:C0011860,OMIM:125853",Type 2 diabetes mellitus,unknown,unknown,GRCh37,NC_000011.9,11,17498192,17498193,na,na,11p15.1,"criteria provided, single submitter",1,-,N,-,2,3239911,17498192,G,GA,-,-,-,-,-,-,SCV005052169,-,-
3398899,Duplication,NM_000352.6(ABCC8):c.131dup (p.Ile46fs),6833,ABCC8,HGNC:59,Likely pathogenic,1,"Dec 03, 2023",2496929678,-,RCV004574329,"Human Phenotype Ontology:HP:0005965,Human Phenotype Ontology:HP:0005978,Human Phenotype Ontology:HP:0100652,MONDO:MONDO:0005148,MeSH:D003924,MedGen:C0011860,OMIM:125853",Type 2 diabetes mellitus,unknown,unknown,GRCh38,NC_000011.10,11,17476645,17476646,na,na,11p15.1,"criteria provided, single submitter",1,-,N,-,2,3239911,17476645,G,GA,-,-,-,-,-,-,SCV005052169,-,-
3398990,single nucleotide variant,NM_000352.6(ABCC8):c.4119+1G>C,6833,ABCC8,HGNC:59,Likely pathogenic,1,"Nov 14, 2023",797045211,-,RCV004574420,"Human Phenotype Ontology:HP:0005965,Human Phenotype Ontology:HP:0005978,Human Phenotype Ontology:HP:0100652,MONDO:MONDO:0005148,MeSH:D003924,MedGen:C0011860,OMIM:125853",Type 2 diabetes mellitus,unknown,unknown,GRCh37,NC_000011.9,11,17418462,17418462,na,na,11p15.1,"criteria provided, single submitter",1,-,N,-,2,3240002,17418462,C,G,-,-,-,-,-,-,SCV005053823,-,-
3398990,single nucleotide variant,NM_000352.6(ABCC8):c.4119+1G>C,6833,ABCC8,HGNC:59,Likely pathogenic,1,"Nov 14, 2023",797045211,-,RCV004574420,"Human Phenotype Ontology:HP:0005965,Human Phenotype Ontology:HP:0005978,Human Phenotype Ontology:HP:0100652,MONDO:MONDO:0005148,MeSH:D003924,MedGen:C0011860,OMIM:125853",Type 2 diabetes mellitus,unknown,unknown,GRCh38,NC_000011.10,11,17396915,17396915,na,na,11p15.1,"criteria provided, single submitter",1,-,N,-,2,3240002,17396915,C,G,-,-,-,-,-,-,SCV005053823,-,-
3398995,single nucleotide variant,NM_000352.6(ABCC8):c.585C>A (p.Tyr195Ter),6833,ABCC8,HGNC:59,Likely pathogenic,1,"Nov 08, 2023",2496854823,-,RCV004574425,"Human Phenotype Ontology:HP:0005965,Human Phenotype Ontology:HP:0005978,Human Phenotype Ontology:HP:0100652,MONDO:MONDO:0005148,MeSH:D003924,MedGen:C0011860,OMIM:125853",Type 2 diabetes mellitus,unknown,unknown,GRCh37,NC_000011.9,11,17483367,17483367,na,na,11p15.1,"criteria provided, single submitter",1,-,N,-,2,3240007,17483367,G,T,-,-,-,-,-,-,SCV005053854,-,-
3398995,single nucleotide variant,NM_000352.6(ABCC8):c.585C>A (p.Tyr195Ter),6833,ABCC8,HGNC:59,Likely pathogenic,1,"Nov 08, 2023",2496854823,-,RCV004574425,"Human Phenotype Ontology:HP:0005965,Human Phenotype Ontology:HP:0005978,Human Phenotype Ontology:HP:0100652,MONDO:MONDO:0005148,MeSH:D003924,MedGen:C0011860,OMIM:125853",Type 2 diabetes mellitus,unknown,unknown,GRCh38,NC_000011.10,11,17461820,17461820,na,na,11p15.1,"criteria provided, single submitter",1,-,N,-,2,3240007,17461820,G,T,-,-,-,-,-,-,SCV005053854,-,-
3399008,Deletion,NM_000352.6(ABCC8):c.2791_2792del (p.Met931fs),6833,ABCC8,HGNC:59,Likely pathogenic,1,"Nov 04, 2023",1954644231,-,RCV004574438,"Human Phenotype Ontology:HP:0005965,Human Phenotype Ontology:HP:0005978,Human Phenotype Ontology:HP:0100652,MONDO:MONDO:0005148,MeSH:D003924,MedGen:C0011860,OMIM:125853",Type 2 diabetes mellitus,unknown,unknown,GRCh37,NC_000011.9,11,17429967,17429968,na,na,11p15.1,"criteria provided, single submitter",1,-,N,-,2,3240020,17429966,CAT,C,-,-,-,-,-,-,SCV005055054,-,-
3399008,Deletion,NM_000352.6(ABCC8):c.2791_2792del (p.Met931fs),6833,ABCC8,HGNC:59,Likely pathogenic,1,"Nov 04, 2023",1954644231,-,RCV004574438,"Human Phenotype Ontology:HP:0005965,Human Phenotype Ontology:HP:0005978,Human Phenotype Ontology:HP:0100652,MONDO:MONDO:0005148,MeSH:D003924,MedGen:C0011860,OMIM:125853",Type 2 diabetes mellitus,unknown,unknown,GRCh38,NC_000011.10,11,17408420,17408421,na,na,11p15.1,"criteria provided, single submitter",1,-,N,-,2,3240020,17408419,CAT,C,-,-,-,-,-,-,SCV005055054,-,-
3400391,single nucleotide variant,NM_000352.6(ABCC8):c.2256-1G>A,6833,ABCC8,HGNC:59,Likely pathogenic,1,"Mar 17, 2024",2496593562,-,RCV004576394,"Human Phenotype Ontology:HP:0005965,Human Phenotype Ontology:HP:0005978,Human Phenotype Ontology:HP:0100652,MONDO:MONDO:0005148,MeSH:D003924,MedGen:C0011860,OMIM:125853",Type 2 diabetes mellitus,unknown,unknown,GRCh37,NC_000011.9,11,17436887,17436887,na,na,11p15.1,"criteria provided, single submitter",1,-,N,-,2,3241413,17436887,C,T,-,-,-,-,-,-,SCV005060337,-,-
3400391,single nucleotide variant,NM_000352.6(ABCC8):c.2256-1G>A,6833,ABCC8,HGNC:59,Likely pathogenic,1,"Mar 17, 2024",2496593562,-,RCV004576394,"Human Phenotype Ontology:HP:0005965,Human Phenotype Ontology:HP:0005978,Human Phenotype Ontology:HP:0100652,MONDO:MONDO:0005148,MeSH:D003924,MedGen:C0011860,OMIM:125853",Type 2 diabetes mellitus,unknown,unknown,GRCh38,NC_000011.10,11,17415340,17415340,na,na,11p15.1,"criteria provided, single submitter",1,-,N,-,2,3241413,17415340,C,T,-,-,-,-,-,-,SCV005060337,-,-
3400606,single nucleotide variant,NM_000352.6(ABCC8):c.3452C>A (p.Ser1151Ter),6833,ABCC8,HGNC:59,Likely pathogenic,1,"Mar 05, 2024",1225789185,-,RCV004576609,"Human Phenotype Ontology:HP:0005965,Human Phenotype Ontology:HP:0005978,Human Phenotype Ontology:HP:0100652,MONDO:MONDO:0005148,MeSH:D003924,MedGen:C0011860,OMIM:125853",Type 2 diabetes mellitus,unknown,unknown,GRCh37,NC_000011.9,11,17426164,17426164,na,na,11p15.1,"criteria provided, single submitter",1,-,N,-,2,3241628,17426164,G,T,-,-,-,-,-,-,SCV005057795,-,-
3400606,single nucleotide variant,NM_000352.6(ABCC8):c.3452C>A (p.Ser1151Ter),6833,ABCC8,HGNC:59,Likely pathogenic,1,"Mar 05, 2024",1225789185,-,RCV004576609,"Human Phenotype Ontology:HP:0005965,Human Phenotype Ontology:HP:0005978,Human Phenotype Ontology:HP:0100652,MONDO:MONDO:0005148,MeSH:D003924,MedGen:C0011860,OMIM:125853",Type 2 diabetes mellitus,unknown,unknown,GRCh38,NC_000011.10,11,17404617,17404617,na,na,11p15.1,"criteria provided, single submitter",1,-,N,-,2,3241628,17404617,G,T,-,-,-,-,-,-,SCV005057795,-,-
3400688,single nucleotide variant,NM_000352.6(ABCC8):c.580-2A>T,6833,ABCC8,HGNC:59,Likely pathogenic,1,"Feb 19, 2024",2496854928,-,RCV004576691,"Human Phenotype Ontology:HP:0005965,Human Phenotype Ontology:HP:0005978,Human Phenotype Ontology:HP:0100652,MONDO:MONDO:0005148,MeSH:D003924,MedGen:C0011860,OMIM:125853",Type 2 diabetes mellitus,unknown,unknown,GRCh37,NC_000011.9,11,17483374,17483374,na,na,11p15.1,"criteria provided, single submitter",1,-,N,-,2,3241710,17483374,T,A,-,-,-,-,-,-,SCV005059614,-,-
3400688,single nucleotide variant,NM_000352.6(ABCC8):c.580-2A>T,6833,ABCC8,HGNC:59,Likely pathogenic,1,"Feb 19, 2024",2496854928,-,RCV004576691,"Human Phenotype Ontology:HP:0005965,Human Phenotype Ontology:HP:0005978,Human Phenotype Ontology:HP:0100652,MONDO:MONDO:0005148,MeSH:D003924,MedGen:C0011860,OMIM:125853",Type 2 diabetes mellitus,unknown,unknown,GRCh38,NC_000011.10,11,17461827,17461827,na,na,11p15.1,"criteria provided, single submitter",1,-,N,-,2,3241710,17461827,T,A,-,-,-,-,-,-,SCV005059614,-,-
3400755,single nucleotide variant,NM_000352.6(ABCC8):c.2470G>T (p.Glu824Ter),6833,ABCC8,HGNC:59,Pathogenic,1,"Mar 26, 2024",2496577975,-,RCV004576758|RCV005040700,"Human Phenotype Ontology:HP:0005965,Human Phenotype Ontology:HP:0005978,Human Phenotype Ontology:HP:0100652,MONDO:MONDO:0005148,MeSH:D003924,MedGen:C0011860,OMIM:125853|MONDO:MONDO:0009415,MedGen:C0271714,OMIM:240800;MONDO:MONDO:0030088,MedGen:C5394303,OMIM:618857;MONDO:MONDO:0009734,MedGen:C2931832,OMIM:256450,Orphanet:276575,Orphanet:276598;MONDO:MONDO:0012480,MedGen:C1835887,OMIM:610374,Orphanet:99886;Human Phenotype Ontology:HP:0005965,Human Phenotype Ontology:HP:0005978,Human Phenotype Ontology:HP:0100652,MONDO:MONDO:0005148,MeSH:D003924,MedGen:C0011860,OMIM:125853","Type 2 diabetes mellitus|Leucine-induced hypoglycemia;Diabetes mellitus, permanent neonatal 3;Hyperinsulinemic hypoglycemia, familial, 1;Diabetes mellitus, transient neonatal, 2;Type 2 diabetes mellitus",germline;unknown,germline,GRCh37,NC_000011.9,11,17434946,17434946,na,na,11p15.1,"criteria provided, multiple submitters, no conflicts",2,-,N,-,2,3241777,17434946,C,A,-,-,-,-,-,-,SCV005059760|SCV005676342,-,-
3400755,single nucleotide variant,NM_000352.6(ABCC8):c.2470G>T (p.Glu824Ter),6833,ABCC8,HGNC:59,Pathogenic,1,"Mar 26, 2024",2496577975,-,RCV004576758|RCV005040700,"Human Phenotype Ontology:HP:0005965,Human Phenotype Ontology:HP:0005978,Human Phenotype Ontology:HP:0100652,MONDO:MONDO:0005148,MeSH:D003924,MedGen:C0011860,OMIM:125853|MONDO:MONDO:0009415,MedGen:C0271714,OMIM:240800;MONDO:MONDO:0030088,MedGen:C5394303,OMIM:618857;MONDO:MONDO:0009734,MedGen:C2931832,OMIM:256450,Orphanet:276575,Orphanet:276598;MONDO:MONDO:0012480,MedGen:C1835887,OMIM:610374,Orphanet:99886;Human Phenotype Ontology:HP:0005965,Human Phenotype Ontology:HP:0005978,Human Phenotype Ontology:HP:0100652,MONDO:MONDO:0005148,MeSH:D003924,MedGen:C0011860,OMIM:125853","Type 2 diabetes mellitus|Leucine-induced hypoglycemia;Diabetes mellitus, permanent neonatal 3;Hyperinsulinemic hypoglycemia, familial, 1;Diabetes mellitus, transient neonatal, 2;Type 2 diabetes mellitus",germline;unknown,germline,GRCh38,NC_000011.10,11,17413399,17413399,na,na,11p15.1,"criteria provided, multiple submitters, no conflicts",2,-,N,-,2,3241777,17413399,C,A,-,-,-,-,-,-,SCV005059760|SCV005676342,-,-
3400764,single nucleotide variant,NM_000525.4(KCNJ11):c.703C>T (p.Gln235Ter),3767,KCNJ11,HGNC:6257,Likely pathogenic,1,"Mar 05, 2024",2496409508,-,RCV004576767,"Human Phenotype Ontology:HP:0005965,Human Phenotype Ontology:HP:0005978,Human Phenotype Ontology:HP:0100652,MONDO:MONDO:0005148,MeSH:D003924,MedGen:C0011860,OMIM:125853",Type 2 diabetes mellitus,unknown,unknown,GRCh37,NC_000011.9,11,17408936,17408936,na,na,11p15.1,"criteria provided, single submitter",1,-,N,-,2,3241786,17408936,G,A,-,-,-,-,-,-,SCV005059786,-,-
3400764,single nucleotide variant,NM_000525.4(KCNJ11):c.703C>T (p.Gln235Ter),3767,KCNJ11,HGNC:6257,Likely pathogenic,1,"Mar 05, 2024",2496409508,-,RCV004576767,"Human Phenotype Ontology:HP:0005965,Human Phenotype Ontology:HP:0005978,Human Phenotype Ontology:HP:0100652,MONDO:MONDO:0005148,MeSH:D003924,MedGen:C0011860,OMIM:125853",Type 2 diabetes mellitus,unknown,unknown,GRCh38,NC_000011.10,11,17387389,17387389,na,na,11p15.1,"criteria provided, single submitter",1,-,N,-,2,3241786,17387389,G,A,-,-,-,-,-,-,SCV005059786,-,-
3400765,Deletion,NM_000525.4(KCNJ11):c.808del (p.Leu270fs),3767,KCNJ11,HGNC:6257,Likely pathogenic,1,"Feb 14, 2024",2496409024,-,RCV004576768,"Human Phenotype Ontology:HP:0005965,Human Phenotype Ontology:HP:0005978,Human Phenotype Ontology:HP:0100652,MONDO:MONDO:0005148,MeSH:D003924,MedGen:C0011860,OMIM:125853",Type 2 diabetes mellitus,unknown,unknown,GRCh37,NC_000011.9,11,17408831,17408831,na,na,11p15.1,"criteria provided, single submitter",1,-,N,-,2,3241787,17408830,AG,A,-,-,-,-,-,-,SCV005059787,-,-
3400765,Deletion,NM_000525.4(KCNJ11):c.808del (p.Leu270fs),3767,KCNJ11,HGNC:6257,Likely pathogenic,1,"Feb 14, 2024",2496409024,-,RCV004576768,"Human Phenotype Ontology:HP:0005965,Human Phenotype Ontology:HP:0005978,Human Phenotype Ontology:HP:0100652,MONDO:MONDO:0005148,MeSH:D003924,MedGen:C0011860,OMIM:125853",Type 2 diabetes mellitus,unknown,unknown,GRCh38,NC_000011.10,11,17387284,17387284,na,na,11p15.1,"criteria provided, single submitter",1,-,N,-,2,3241787,17387283,AG,A,-,-,-,-,-,-,SCV005059787,-,-
3400766,Deletion,NM_000525.4(KCNJ11):c.368del (p.Phe123fs),3767,KCNJ11,HGNC:6257,Likely pathogenic,1,"Dec 15, 2023",1554901822,-,RCV004576769,"Human Phenotype Ontology:HP:0005965,Human Phenotype Ontology:HP:0005978,Human Phenotype Ontology:HP:0100652,MONDO:MONDO:0005148,MeSH:D003924,MedGen:C0011860,OMIM:125853",Type 2 diabetes mellitus,unknown,unknown,GRCh37,NC_000011.9,11,17409271,17409271,na,na,11p15.1,"criteria provided, single submitter",1,-,N,-,2,3241788,17409270,GA,G,-,-,-,-,-,-,SCV005059791,-,-
3400766,Deletion,NM_000525.4(KCNJ11):c.368del (p.Phe123fs),3767,KCNJ11,HGNC:6257,Likely pathogenic,1,"Dec 15, 2023",1554901822,-,RCV004576769,"Human Phenotype Ontology:HP:0005965,Human Phenotype Ontology:HP:0005978,Human Phenotype Ontology:HP:0100652,MONDO:MONDO:0005148,MeSH:D003924,MedGen:C0011860,OMIM:125853",Type 2 diabetes mellitus,unknown,unknown,GRCh38,NC_000011.10,11,17387724,17387724,na,na,11p15.1,"criteria provided, single submitter",1,-,N,-,2,3241788,17387723,GA,G,-,-,-,-,-,-,SCV005059791,-,-
3400854,single nucleotide variant,NM_000352.6(ABCC8):c.864G>A (p.Trp288Ter),6833,ABCC8,HGNC:59,Likely pathogenic,1,"Feb 02, 2024",2496845350,-,RCV004576858,"Human Phenotype Ontology:HP:0005965,Human Phenotype Ontology:HP:0005978,Human Phenotype Ontology:HP:0100652,MONDO:MONDO:0005148,MeSH:D003924,MedGen:C0011860,OMIM:125853",Type 2 diabetes mellitus,unknown,unknown,GRCh37,NC_000011.9,11,17482182,17482182,na,na,11p15.1,"criteria provided, single submitter",1,-,N,-,2,3241877,17482182,C,T,-,-,-,-,-,-,SCV005060722,-,-
3400854,single nucleotide variant,NM_000352.6(ABCC8):c.864G>A (p.Trp288Ter),6833,ABCC8,HGNC:59,Likely pathogenic,1,"Feb 02, 2024",2496845350,-,RCV004576858,"Human Phenotype Ontology:HP:0005965,Human Phenotype Ontology:HP:0005978,Human Phenotype Ontology:HP:0100652,MONDO:MONDO:0005148,MeSH:D003924,MedGen:C0011860,OMIM:125853",Type 2 diabetes mellitus,unknown,unknown,GRCh38,NC_000011.10,11,17460635,17460635,na,na,11p15.1,"criteria provided, single submitter",1,-,N,-,2,3241877,17460635,C,T,-,-,-,-,-,-,SCV005060722,-,-
3400897,Deletion,NM_000352.6(ABCC8):c.4549_4550del (p.Asn1517fs),6833,ABCC8,HGNC:59,Likely pathogenic,1,"Jan 26, 2024",2496435013,-,RCV004574851,"Human Phenotype Ontology:HP:0005965,Human Phenotype Ontology:HP:0005978,Human Phenotype Ontology:HP:0100652,MONDO:MONDO:0005148,MeSH:D003924,MedGen:C0011860,OMIM:125853",Type 2 diabetes mellitus,unknown,unknown,GRCh37,NC_000011.9,11,17415302,17415303,na,na,11p15.1,"criteria provided, single submitter",1,-,N,-,2,3241920,17415301,GTT,G,-,-,-,-,-,-,SCV005057871,-,-
3400897,Deletion,NM_000352.6(ABCC8):c.4549_4550del (p.Asn1517fs),6833,ABCC8,HGNC:59,Likely pathogenic,1,"Jan 26, 2024",2496435013,-,RCV004574851,"Human Phenotype Ontology:HP:0005965,Human Phenotype Ontology:HP:0005978,Human Phenotype Ontology:HP:0100652,MONDO:MONDO:0005148,MeSH:D003924,MedGen:C0011860,OMIM:125853",Type 2 diabetes mellitus,unknown,unknown,GRCh38,NC_000011.10,11,17393755,17393756,na,na,11p15.1,"criteria provided, single submitter",1,-,N,-,2,3241920,17393754,GTT,G,-,-,-,-,-,-,SCV005057871,-,-
3401027,Deletion,NM_000162.5(GCK):c.364-8del,2645,GCK,HGNC:4195,Conflicting classifications of pathogenicity,0,"Sep 03, 2025",2096280206,-,RCV004577143|RCV005059561,"MONDO:MONDO:0007453,MedGen:C0342277,OMIM:125851,Orphanet:552|MedGen:C3661900",Maturity-onset diabetes of the young type 2|not provided,germline,germline,GRCh37,NC_000007.13,7,44190682,44190682,na,na,7p13,"criteria provided, conflicting classifications",2,-,N,-,2,3242051,44190681,GA,G,-,-,-,-,-,-,SCV005061007|SCV005714447,-,-
3401027,Deletion,NM_000162.5(GCK):c.364-8del,2645,GCK,HGNC:4195,Conflicting classifications of pathogenicity,0,"Sep 03, 2025",2096280206,-,RCV004577143|RCV005059561,"MONDO:MONDO:0007453,MedGen:C0342277,OMIM:125851,Orphanet:552|MedGen:C3661900",Maturity-onset diabetes of the young type 2|not provided,germline,germline,GRCh38,NC_000007.14,7,44151083,44151083,na,na,7p13,"criteria provided, conflicting classifications",2,-,N,-,2,3242051,44151082,GA,G,-,-,-,-,-,-,SCV005061007|SCV005714447,-,-
3402088,Deletion,NC_000011.9:g.(?_17416699)_(17416842_?)del,6833,ABCC8,HGNC:59,Pathogenic,1,"Dec 18, 2023",-1,-,RCV004580312,MedGen:C3661900,not provided,unknown,unknown,GRCh37,NC_000011.9,11,17416699,17416842,na,na,11p15.1,"criteria provided, single submitter",1,-,N,-,2,3244725,-1,na,na,-,-,-,-,-,-,SCV005064316,-,-
3402089,Deletion,NC_000011.9:g.(?_17426039)_(17430084_?)del,6833,ABCC8,HGNC:59,Pathogenic,1,"Oct 24, 2023",-1,-,RCV004580313,MedGen:C3661900,not provided,unknown,unknown,GRCh37,NC_000011.9,11,17426039,17430084,na,na,11p15.1,"criteria provided, single submitter",1,-,N,-,2,3244726,-1,na,na,-,-,-,-,-,-,SCV005064317,-,-
3402090,Deletion,NC_000011.9:g.(?_17496907)_(17498208_?)del,6833,ABCC8,HGNC:59,Likely pathogenic,1,"Jan 27, 2023",-1,-,RCV004580314,MedGen:C3661900,not provided,unknown,unknown,GRCh37,NC_000011.9,11,17496907,17498208,na,na,11p15.1,"criteria provided, single submitter",1,-,N,-,2,3244727,-1,na,na,-,-,-,-,-,-,SCV005064318,-,-
3403561,Deletion,NC_000007.13:g.(?_44228488)_(44229109_?)del,2645,GCK,HGNC:4195,Pathogenic,1,"Nov 03, 2023",-1,-,RCV004583604,MedGen:C3661900,not provided,unknown,unknown,GRCh37,NC_000007.13,7,44228488,44229109,na,na,7p13,"criteria provided, single submitter",1,-,N,-,2,3245843,-1,na,na,-,-,-,-,-,-,SCV005065988,-,-
3409157,single nucleotide variant,NM_000162.5(GCK):c.1166T>A (p.Val389Asp),2645,GCK,HGNC:4195,Likely pathogenic,1,"Jun 22, 2024",2096271467,-,RCV004584572,"MONDO:MONDO:0015967,MedGen:C3888631,Orphanet:183625",Monogenic diabetes,germline,germline,GRCh37,NC_000007.13,7,44185183,44185183,na,na,7p13,reviewed by expert panel,1,-,N,-,2,3250353,44185183,A,T,-,-,-,-,-,-,SCV005073656,-,-
3409157,single nucleotide variant,NM_000162.5(GCK):c.1166T>A (p.Val389Asp),2645,GCK,HGNC:4195,Likely pathogenic,1,"Jun 22, 2024",2096271467,-,RCV004584572,"MONDO:MONDO:0015967,MedGen:C3888631,Orphanet:183625",Monogenic diabetes,germline,germline,GRCh38,NC_000007.14,7,44145584,44145584,na,na,7p13,reviewed by expert panel,1,-,N,-,2,3250353,44145584,A,T,-,-,-,-,-,-,SCV005073656,-,-
3409756,single nucleotide variant,NM_000352.6(ABCC8):c.1468G>T (p.Glu490Ter),6833,ABCC8,HGNC:59,Pathogenic,1,"Jun 01, 2024",1956375263,-,RCV004585688,MedGen:C3661900,not provided,germline,germline,GRCh37,NC_000011.9,11,17464429,17464429,na,na,11p15.1,"criteria provided, single submitter",1,-,N,-,2,3250957,17464429,C,A,-,-,-,-,-,-,SCV005074900,-,-
3409756,single nucleotide variant,NM_000352.6(ABCC8):c.1468G>T (p.Glu490Ter),6833,ABCC8,HGNC:59,Pathogenic,1,"Jun 01, 2024",1956375263,-,RCV004585688,MedGen:C3661900,not provided,germline,germline,GRCh38,NC_000011.10,11,17442882,17442882,na,na,11p15.1,"criteria provided, single submitter",1,-,N,-,2,3250957,17442882,C,A,-,-,-,-,-,-,SCV005074900,-,-
3410093,single nucleotide variant,NM_000352.6(ABCC8):c.2689G>T (p.Asp897Tyr),6833,ABCC8,HGNC:59,Conflicting classifications of pathogenicity,1,"Apr 25, 2024",2496556981,-,RCV004587701|RCV005051454,"MedGen:CN169374|MONDO:MONDO:0009415,MedGen:C0271714,OMIM:240800;MONDO:MONDO:0030088,MedGen:C5394303,OMIM:618857;MONDO:MONDO:0009734,MedGen:C2931832,OMIM:256450,Orphanet:276575,Orphanet:276598;MONDO:MONDO:0012480,MedGen:C1835887,OMIM:610374,Orphanet:99886;Human Phenotype Ontology:HP:0005965,Human Phenotype Ontology:HP:0005978,Human Phenotype Ontology:HP:0100652,MONDO:MONDO:0005148,MeSH:D003924,MedGen:C0011860,OMIM:125853","not specified|Leucine-induced hypoglycemia;Diabetes mellitus, permanent neonatal 3;Hyperinsulinemic hypoglycemia, familial, 1;Diabetes mellitus, transient neonatal, 2;Type 2 diabetes mellitus",germline,germline,GRCh37,NC_000011.9,11,17432068,17432068,na,na,11p15.1,"criteria provided, conflicting classifications",2,-,N,-,2,3251294,17432068,C,A,-,-,-,-,-,-,SCV005076204|SCV005676328,-,-
3410093,single nucleotide variant,NM_000352.6(ABCC8):c.2689G>T (p.Asp897Tyr),6833,ABCC8,HGNC:59,Conflicting classifications of pathogenicity,1,"Apr 25, 2024",2496556981,-,RCV004587701|RCV005051454,"MedGen:CN169374|MONDO:MONDO:0009415,MedGen:C0271714,OMIM:240800;MONDO:MONDO:0030088,MedGen:C5394303,OMIM:618857;MONDO:MONDO:0009734,MedGen:C2931832,OMIM:256450,Orphanet:276575,Orphanet:276598;MONDO:MONDO:0012480,MedGen:C1835887,OMIM:610374,Orphanet:99886;Human Phenotype Ontology:HP:0005965,Human Phenotype Ontology:HP:0005978,Human Phenotype Ontology:HP:0100652,MONDO:MONDO:0005148,MeSH:D003924,MedGen:C0011860,OMIM:125853","not specified|Leucine-induced hypoglycemia;Diabetes mellitus, permanent neonatal 3;Hyperinsulinemic hypoglycemia, familial, 1;Diabetes mellitus, transient neonatal, 2;Type 2 diabetes mellitus",germline,germline,GRCh38,NC_000011.10,11,17410521,17410521,na,na,11p15.1,"criteria provided, conflicting classifications",2,-,N,-,2,3251294,17410521,C,A,-,-,-,-,-,-,SCV005076204|SCV005676328,-,-
3410720,single nucleotide variant,NM_000352.6(ABCC8):c.2368G>C (p.Glu790Gln),6833,ABCC8,HGNC:59,Uncertain significance,0,"Apr 17, 2024",1317396512,-,RCV004586367,MedGen:CN169374,not specified,germline,germline,GRCh37,NC_000011.9,11,17436081,17436081,na,na,11p15.1,"criteria provided, single submitter",1,-,N,-,2,3251923,17436081,C,G,-,-,-,-,-,-,SCV005077678,-,-
3410720,single nucleotide variant,NM_000352.6(ABCC8):c.2368G>C (p.Glu790Gln),6833,ABCC8,HGNC:59,Uncertain significance,0,"Apr 17, 2024",1317396512,-,RCV004586367,MedGen:CN169374,not specified,germline,germline,GRCh38,NC_000011.10,11,17414534,17414534,na,na,11p15.1,"criteria provided, single submitter",1,-,N,-,2,3251923,17414534,C,G,-,-,-,-,-,-,SCV005077678,-,-
3410784,single nucleotide variant,NM_000525.4(KCNJ11):c.1105C>A (p.Arg369Ser),3767,KCNJ11,HGNC:6257,Uncertain significance,0,"Jun 28, 2024",371275937,-,RCV004586431|RCV005040710|RCV006451471,"Human Phenotype Ontology:HP:0005965,Human Phenotype Ontology:HP:0005978,Human Phenotype Ontology:HP:0100652,MONDO:MONDO:0005148,MeSH:D003924,MedGen:C0011860,OMIM:125853|MONDO:MONDO:0012522,MedGen:C1864623,OMIM:610582,Orphanet:99886;MONDO:MONDO:0014589,MedGen:C4225365,OMIM:616329,Orphanet:552;Human Phenotype Ontology:HP:0005965,Human Phenotype Ontology:HP:0005978,Human Phenotype Ontology:HP:0100652,MONDO:MONDO:0005148,MeSH:D003924,MedGen:C0011860,OMIM:125853;MONDO:MONDO:0011153,MedGen:C2931833,OMIM:601820,Orphanet:276580,Orphanet:276603;MONDO:MONDO:0030087,MedGen:C5394296,OMIM:618856|MedGen:C3661900","Type 2 diabetes mellitus|Diabetes mellitus, transient neonatal, 3;Maturity-onset diabetes of the young type 13;Type 2 diabetes mellitus;Hyperinsulinemic hypoglycemia, familial, 2;Diabetes mellitus, permanent neonatal 2|not provided",germline;unknown,germline,GRCh37,NC_000011.9,11,17408534,17408534,na,na,11p15.1,"criteria provided, multiple submitters, no conflicts",3,-,N,-,2,3251987,17408534,G,T,-,-,-,-,-,-,SCV005077790|SCV005676596|SCV007332909,-,-
3410784,single nucleotide variant,NM_000525.4(KCNJ11):c.1105C>A (p.Arg369Ser),3767,KCNJ11,HGNC:6257,Uncertain significance,0,"Jun 28, 2024",371275937,-,RCV004586431|RCV005040710|RCV006451471,"Human Phenotype Ontology:HP:0005965,Human Phenotype Ontology:HP:0005978,Human Phenotype Ontology:HP:0100652,MONDO:MONDO:0005148,MeSH:D003924,MedGen:C0011860,OMIM:125853|MONDO:MONDO:0012522,MedGen:C1864623,OMIM:610582,Orphanet:99886;MONDO:MONDO:0014589,MedGen:C4225365,OMIM:616329,Orphanet:552;Human Phenotype Ontology:HP:0005965,Human Phenotype Ontology:HP:0005978,Human Phenotype Ontology:HP:0100652,MONDO:MONDO:0005148,MeSH:D003924,MedGen:C0011860,OMIM:125853;MONDO:MONDO:0011153,MedGen:C2931833,OMIM:601820,Orphanet:276580,Orphanet:276603;MONDO:MONDO:0030087,MedGen:C5394296,OMIM:618856|MedGen:C3661900","Type 2 diabetes mellitus|Diabetes mellitus, transient neonatal, 3;Maturity-onset diabetes of the young type 13;Type 2 diabetes mellitus;Hyperinsulinemic hypoglycemia, familial, 2;Diabetes mellitus, permanent neonatal 2|not provided",germline;unknown,germline,GRCh38,NC_000011.10,11,17386987,17386987,na,na,11p15.1,"criteria provided, multiple submitters, no conflicts",3,-,N,-,2,3251987,17386987,G,T,-,-,-,-,-,-,SCV005077790|SCV005676596|SCV007332909,-,-
3411057,single nucleotide variant,NM_000352.6(ABCC8):c.4057T>A (p.Tyr1353Asn),6833,ABCC8,HGNC:59,Uncertain significance,0,"Dec 06, 2023",2496462086,-,RCV004588747,MedGen:C3661900,not provided,germline,germline,GRCh37,NC_000011.9,11,17418525,17418525,na,na,11p15.1,"criteria provided, single submitter",1,-,N,-,2,3252261,17418525,A,T,-,-,-,-,-,-,SCV005079958,-,-
3411057,single nucleotide variant,NM_000352.6(ABCC8):c.4057T>A (p.Tyr1353Asn),6833,ABCC8,HGNC:59,Uncertain significance,0,"Dec 06, 2023",2496462086,-,RCV004588747,MedGen:C3661900,not provided,germline,germline,GRCh38,NC_000011.10,11,17396978,17396978,na,na,11p15.1,"criteria provided, single submitter",1,-,N,-,2,3252261,17396978,A,T,-,-,-,-,-,-,SCV005079958,-,-
3411240,single nucleotide variant,NM_000352.6(ABCC8):c.2332C>A (p.Leu778Met),6833,ABCC8,HGNC:59,Uncertain significance,0,"Aug 14, 2023",1299193955,-,RCV004588931,MedGen:C3661900,not provided,germline,germline,GRCh37,NC_000011.9,11,17436117,17436117,na,na,11p15.1,"criteria provided, single submitter",1,-,N,-,2,3252445,17436117,G,T,-,-,-,-,-,-,SCV005080357,-,-
3411240,single nucleotide variant,NM_000352.6(ABCC8):c.2332C>A (p.Leu778Met),6833,ABCC8,HGNC:59,Uncertain significance,0,"Aug 14, 2023",1299193955,-,RCV004588931,MedGen:C3661900,not provided,germline,germline,GRCh38,NC_000011.10,11,17414570,17414570,na,na,11p15.1,"criteria provided, single submitter",1,-,N,-,2,3252445,17414570,G,T,-,-,-,-,-,-,SCV005080357,-,-
3411475,single nucleotide variant,NM_000525.4(KCNJ11):c.291C>A (p.His97Gln),3767,KCNJ11,HGNC:6257,Uncertain significance,0,"Oct 05, 2023",371886780,-,RCV004590653,MedGen:C3661900,not provided,germline,germline,GRCh37,NC_000011.9,11,17409348,17409348,na,na,11p15.1,"criteria provided, single submitter",1,-,N,-,2,3252681,17409348,G,T,-,-,-,-,-,-,SCV005078211,-,-
3411475,single nucleotide variant,NM_000525.4(KCNJ11):c.291C>A (p.His97Gln),3767,KCNJ11,HGNC:6257,Uncertain significance,0,"Oct 05, 2023",371886780,-,RCV004590653,MedGen:C3661900,not provided,germline,germline,GRCh38,NC_000011.10,11,17387801,17387801,na,na,11p15.1,"criteria provided, single submitter",1,-,N,-,2,3252681,17387801,G,T,-,-,-,-,-,-,SCV005078211,-,-
3412217,single nucleotide variant,NM_000352.6(ABCC8):c.2474G>A (p.Arg825Gln),6833,ABCC8,HGNC:59,Uncertain significance,0,"Oct 10, 2023",375172221,-,RCV004592388,MedGen:C3661900,not provided,germline,germline,GRCh37,NC_000011.9,11,17434942,17434942,na,na,11p15.1,"criteria provided, single submitter",1,-,N,-,2,3253423,17434942,C,T,-,-,-,-,-,-,SCV005078727,-,-
3412217,single nucleotide variant,NM_000352.6(ABCC8):c.2474G>A (p.Arg825Gln),6833,ABCC8,HGNC:59,Uncertain significance,0,"Oct 10, 2023",375172221,-,RCV004592388,MedGen:C3661900,not provided,germline,germline,GRCh38,NC_000011.10,11,17413395,17413395,na,na,11p15.1,"criteria provided, single submitter",1,-,N,-,2,3253423,17413395,C,T,-,-,-,-,-,-,SCV005078727,-,-
3415627,single nucleotide variant,NM_000162.5(GCK):c.913G>A (p.Val305Met),2645,GCK,HGNC:4195,Uncertain significance,0,"Jul 03, 2024",-1,-,RCV004598510,"MONDO:MONDO:0007453,MedGen:C0342277,OMIM:125851,Orphanet:552",Maturity-onset diabetes of the young type 2,germline,germline,GRCh37,NC_000007.13,7,44186168,44186168,na,na,7p13,"criteria provided, single submitter",1,-,N,-,2,3256871,44186168,C,T,-,-,-,-,-,-,SCV005091919,-,-
3415627,single nucleotide variant,NM_000162.5(GCK):c.913G>A (p.Val305Met),2645,GCK,HGNC:4195,Uncertain significance,0,"Jul 03, 2024",-1,-,RCV004598510,"MONDO:MONDO:0007453,MedGen:C0342277,OMIM:125851,Orphanet:552",Maturity-onset diabetes of the young type 2,germline,germline,GRCh38,NC_000007.14,7,44146569,44146569,na,na,7p13,"criteria provided, single submitter",1,-,N,-,2,3256871,44146569,C,T,-,-,-,-,-,-,SCV005091919,-,-
3415710,single nucleotide variant,NM_000162.5(GCK):c.363+2T>C,2645,GCK,HGNC:4195,Pathogenic,1,"Jul 04, 2024",-1,-,RCV004598586,"MONDO:MONDO:0015967,MedGen:C3888631,Orphanet:183625",Monogenic diabetes,germline,germline,GRCh37,NC_000007.13,7,44191868,44191868,na,na,7p13,reviewed by expert panel,1,-,N,-,2,3256954,44191868,A,G,-,-,-,-,-,-,SCV005092008,-,-
3415710,single nucleotide variant,NM_000162.5(GCK):c.363+2T>C,2645,GCK,HGNC:4195,Pathogenic,1,"Jul 04, 2024",-1,-,RCV004598586,"MONDO:MONDO:0015967,MedGen:C3888631,Orphanet:183625",Monogenic diabetes,germline,germline,GRCh38,NC_000007.14,7,44152269,44152269,na,na,7p13,reviewed by expert panel,1,-,N,-,2,3256954,44152269,A,G,-,-,-,-,-,-,SCV005092008,-,-
3432791,single nucleotide variant,NM_000162.5(GCK):c.1155G>A (p.Gly385=),2645,GCK,HGNC:4195,Likely benign,0,"Jun 02, 2025",-1,-,RCV004626727|RCV005430868,"Human Phenotype Ontology:HP:0004904,MONDO:MONDO:0018911,MedGen:C0342276,OMIM:PS125850,Orphanet:552|MONDO:MONDO:0015967,MedGen:C3888631,Orphanet:183625",Maturity-onset diabetes of the young|Monogenic diabetes,germline,germline,GRCh37,NC_000007.13,7,44185194,44185194,na,na,7p13,reviewed by expert panel,2,-,N,-,2,3281010,44185194,C,T,-,-,-,-,-,-,SCV006101109,-,-
3432791,single nucleotide variant,NM_000162.5(GCK):c.1155G>A (p.Gly385=),2645,GCK,HGNC:4195,Likely benign,0,"Jun 02, 2025",-1,-,RCV004626727|RCV005430868,"Human Phenotype Ontology:HP:0004904,MONDO:MONDO:0018911,MedGen:C0342276,OMIM:PS125850,Orphanet:552|MONDO:MONDO:0015967,MedGen:C3888631,Orphanet:183625",Maturity-onset diabetes of the young|Monogenic diabetes,germline,germline,GRCh38,NC_000007.14,7,44145595,44145595,na,na,7p13,reviewed by expert panel,2,-,N,-,2,3281010,44145595,C,T,-,-,-,-,-,-,SCV006101109,-,-
3470185,single nucleotide variant,NM_000352.6(ABCC8):c.1375A>G (p.Ser459Gly),6833,ABCC8,HGNC:59,Uncertain significance,0,"Jun 07, 2024",-1,-,RCV004664048,"MeSH:D030342,MedGen:C0950123",Inborn genetic diseases,germline,germline,GRCh37,NC_000011.9,11,17464817,17464817,na,na,11p15.1,"criteria provided, single submitter",1,-,N,-,2,3304018,17464817,T,C,-,-,-,-,-,-,SCV005153943,-,-
3470185,single nucleotide variant,NM_000352.6(ABCC8):c.1375A>G (p.Ser459Gly),6833,ABCC8,HGNC:59,Uncertain significance,0,"Jun 07, 2024",-1,-,RCV004664048,"MeSH:D030342,MedGen:C0950123",Inborn genetic diseases,germline,germline,GRCh38,NC_000011.10,11,17443270,17443270,na,na,11p15.1,"criteria provided, single submitter",1,-,N,-,2,3304018,17443270,T,C,-,-,-,-,-,-,SCV005153943,-,-
3494648,single nucleotide variant,NM_000352.6(ABCC8):c.646C>T (p.Arg216Cys),6833,ABCC8,HGNC:59,Uncertain significance,0,"May 14, 2024",-1,-,RCV004690547,MedGen:CN169374,not specified,germline,germline,GRCh37,NC_000011.9,11,17483306,17483306,na,na,11p15.1,"criteria provided, single submitter",1,-,N,-,2,3335967,17483306,G,A,-,-,-,-,-,-,SCV005184696,-,-
3494648,single nucleotide variant,NM_000352.6(ABCC8):c.646C>T (p.Arg216Cys),6833,ABCC8,HGNC:59,Uncertain significance,0,"May 14, 2024",-1,-,RCV004690547,MedGen:CN169374,not specified,germline,germline,GRCh38,NC_000011.10,11,17461759,17461759,na,na,11p15.1,"criteria provided, single submitter",1,-,N,-,2,3335967,17461759,G,A,-,-,-,-,-,-,SCV005184696,-,-
3494678,single nucleotide variant,NM_000352.6(ABCC8):c.4075C>T (p.Pro1359Ser),6833,ABCC8,HGNC:59,Uncertain significance,0,"May 13, 2024",-1,-,RCV004690577,MedGen:CN169374,not specified,germline,germline,GRCh37,NC_000011.9,11,17418507,17418507,na,na,11p15.1,"criteria provided, single submitter",1,-,N,-,2,3335997,17418507,G,A,-,-,-,-,-,-,SCV005184782,-,-
3494678,single nucleotide variant,NM_000352.6(ABCC8):c.4075C>T (p.Pro1359Ser),6833,ABCC8,HGNC:59,Uncertain significance,0,"May 13, 2024",-1,-,RCV004690577,MedGen:CN169374,not specified,germline,germline,GRCh38,NC_000011.10,11,17396960,17396960,na,na,11p15.1,"criteria provided, single submitter",1,-,N,-,2,3335997,17396960,G,A,-,-,-,-,-,-,SCV005184782,-,-
3494914,Duplication,NM_000162.5(GCK):c.1226_1234dup (p.Ser411_Val412insAspGlySer),2645,GCK,HGNC:4195,Uncertain significance,0,"May 02, 2024",-1,-,RCV004690815,MedGen:CN169374,not specified,germline,germline,GRCh37,NC_000007.13,7,44185114,44185115,na,na,7p13,"criteria provided, single submitter",1,-,N,-,2,3336235,44185114,A,ACGGAGCCAT,-,-,-,-,-,-,SCV005186022,-,-
3494914,Duplication,NM_000162.5(GCK):c.1226_1234dup (p.Ser411_Val412insAspGlySer),2645,GCK,HGNC:4195,Uncertain significance,0,"May 02, 2024",-1,-,RCV004690815,MedGen:CN169374,not specified,germline,germline,GRCh38,NC_000007.14,7,44145515,44145516,na,na,7p13,"criteria provided, single submitter",1,-,N,-,2,3336235,44145515,A,ACGGAGCCAT,-,-,-,-,-,-,SCV005186022,-,-
3494999,single nucleotide variant,NM_000352.6(ABCC8):c.19G>A (p.Gly7Ser),6833,ABCC8,HGNC:59,Uncertain significance,0,"May 29, 2024",-1,-,RCV004690900,MedGen:CN169374,not specified,germline,germline,GRCh37,NC_000011.9,11,17498305,17498305,na,na,11p15.1,"criteria provided, single submitter",1,-,N,-,2,3336320,17498305,C,T,-,-,-,-,-,-,SCV005184460,-,-
3494999,single nucleotide variant,NM_000352.6(ABCC8):c.19G>A (p.Gly7Ser),6833,ABCC8,HGNC:59,Uncertain significance,0,"May 29, 2024",-1,-,RCV004690900,MedGen:CN169374,not specified,germline,germline,GRCh38,NC_000011.10,11,17476758,17476758,na,na,11p15.1,"criteria provided, single submitter",1,-,N,-,2,3336320,17476758,C,T,-,-,-,-,-,-,SCV005184460,-,-
3495047,single nucleotide variant,NM_000352.6(ABCC8):c.3388A>C (p.Thr1130Pro),6833,ABCC8,HGNC:59,Uncertain significance,0,"May 31, 2024",-1,-,RCV004690949,MedGen:CN169374,not specified,germline,germline,GRCh37,NC_000011.9,11,17427052,17427052,na,na,11p15.1,"criteria provided, single submitter",1,-,N,-,2,3336369,17427052,T,G,-,-,-,-,-,-,SCV005184573,-,-
3495047,single nucleotide variant,NM_000352.6(ABCC8):c.3388A>C (p.Thr1130Pro),6833,ABCC8,HGNC:59,Uncertain significance,0,"May 31, 2024",-1,-,RCV004690949,MedGen:CN169374,not specified,germline,germline,GRCh38,NC_000011.10,11,17405505,17405505,na,na,11p15.1,"criteria provided, single submitter",1,-,N,-,2,3336369,17405505,T,G,-,-,-,-,-,-,SCV005184573,-,-
3495802,single nucleotide variant,NM_000162.5(GCK):c.853G>A (p.Gly285Ser),2645,GCK,HGNC:4195,Uncertain significance,0,"May 27, 2022",-1,-,RCV004697642,MedGen:C3661900,not provided,germline,germline,GRCh37,NC_000007.13,7,44187259,44187259,na,na,7p13,"criteria provided, single submitter",1,-,N,-,2,3337140,44187259,C,T,-,-,-,-,-,-,SCV005198017,-,-
3495802,single nucleotide variant,NM_000162.5(GCK):c.853G>A (p.Gly285Ser),2645,GCK,HGNC:4195,Uncertain significance,0,"May 27, 2022",-1,-,RCV004697642,MedGen:C3661900,not provided,germline,germline,GRCh38,NC_000007.14,7,44147660,44147660,na,na,7p13,"criteria provided, single submitter",1,-,N,-,2,3337140,44147660,C,T,-,-,-,-,-,-,SCV005198017,-,-
3497313,single nucleotide variant,NM_000162.5(GCK):c.364C>T (p.Leu122Phe),2645,GCK,HGNC:4195,Likely pathogenic,1,"Aug 01, 2024",-1,-,RCV004699161,"MONDO:MONDO:0015967,MedGen:C3888631,Orphanet:183625",Monogenic diabetes,germline,germline,GRCh37,NC_000007.13,7,44190674,44190674,na,na,7p13,reviewed by expert panel,1,-,N,-,2,3338654,44190674,G,A,-,-,-,-,-,-,SCV005201056,-,-
3497313,single nucleotide variant,NM_000162.5(GCK):c.364C>T (p.Leu122Phe),2645,GCK,HGNC:4195,Likely pathogenic,1,"Aug 01, 2024",-1,-,RCV004699161,"MONDO:MONDO:0015967,MedGen:C3888631,Orphanet:183625",Monogenic diabetes,germline,germline,GRCh38,NC_000007.14,7,44151075,44151075,na,na,7p13,reviewed by expert panel,1,-,N,-,2,3338654,44151075,G,A,-,-,-,-,-,-,SCV005201056,-,-
3498136,single nucleotide variant,NM_000162.5(GCK):c.1092C>A (p.Cys364Ter),2645,GCK,HGNC:4195,Pathogenic,1,"Dec 06, 2023",-1,-,RCV004702125,MedGen:C3661900,not provided,germline,germline,GRCh37,NC_000007.13,7,44185257,44185257,na,na,7p13,"criteria provided, single submitter",1,-,N,-,2,3338868,44185257,G,T,-,-,-,-,-,-,SCV005201993,-,-
3498136,single nucleotide variant,NM_000162.5(GCK):c.1092C>A (p.Cys364Ter),2645,GCK,HGNC:4195,Pathogenic,1,"Dec 06, 2023",-1,-,RCV004702125,MedGen:C3661900,not provided,germline,germline,GRCh38,NC_000007.14,7,44145658,44145658,na,na,7p13,"criteria provided, single submitter",1,-,N,-,2,3338868,44145658,G,T,-,-,-,-,-,-,SCV005201993,-,-
3498137,single nucleotide variant,NM_000162.5(GCK):c.892A>G (p.Met298Val),2645,GCK,HGNC:4195,Uncertain significance,0,"Jan 04, 2024",-1,-,RCV004702126,MedGen:C3661900,not provided,germline,germline,GRCh37,NC_000007.13,7,44186189,44186189,na,na,7p13,"criteria provided, single submitter",1,-,N,-,2,3338869,44186189,T,C,-,-,-,-,-,-,SCV005201996,-,-
3498137,single nucleotide variant,NM_000162.5(GCK):c.892A>G (p.Met298Val),2645,GCK,HGNC:4195,Uncertain significance,0,"Jan 04, 2024",-1,-,RCV004702126,MedGen:C3661900,not provided,germline,germline,GRCh38,NC_000007.14,7,44146590,44146590,na,na,7p13,"criteria provided, single submitter",1,-,N,-,2,3338869,44146590,T,C,-,-,-,-,-,-,SCV005201996,-,-
3498138,single nucleotide variant,NM_000162.5(GCK):c.881G>A (p.Gly294Asp),2645,GCK,HGNC:4195,Pathogenic,1,"Jan 16, 2025",-1,-,RCV004702127|RCV005054491,"MedGen:C3661900|MONDO:MONDO:0015967,MedGen:C3888631,Orphanet:183625",not provided|Monogenic diabetes,germline,germline,GRCh37,NC_000007.13,7,44186200,44186200,na,na,7p13,reviewed by expert panel,2,-,N,-,2,3338870,44186200,C,T,-,-,-,-,-,-,SCV005687802,-,-
3498138,single nucleotide variant,NM_000162.5(GCK):c.881G>A (p.Gly294Asp),2645,GCK,HGNC:4195,Pathogenic,1,"Jan 16, 2025",-1,-,RCV004702127|RCV005054491,"MedGen:C3661900|MONDO:MONDO:0015967,MedGen:C3888631,Orphanet:183625",not provided|Monogenic diabetes,germline,germline,GRCh38,NC_000007.14,7,44146601,44146601,na,na,7p13,reviewed by expert panel,2,-,N,-,2,3338870,44146601,C,T,-,-,-,-,-,-,SCV005687802,-,-
3498139,single nucleotide variant,NM_000162.5(GCK):c.593A>T (p.Asp198Val),2645,GCK,HGNC:4195,Likely pathogenic,1,"Nov 26, 2025",-1,-,RCV004702128,MedGen:C3661900,not provided,germline,germline,GRCh37,NC_000007.13,7,44189445,44189445,na,na,7p13,"criteria provided, single submitter",1,-,N,-,2,3338871,44189445,T,A,-,-,-,-,-,-,SCV005202000,-,-
3498139,single nucleotide variant,NM_000162.5(GCK):c.593A>T (p.Asp198Val),2645,GCK,HGNC:4195,Likely pathogenic,1,"Nov 26, 2025",-1,-,RCV004702128,MedGen:C3661900,not provided,germline,germline,GRCh38,NC_000007.14,7,44149846,44149846,na,na,7p13,"criteria provided, single submitter",1,-,N,-,2,3338871,44149846,T,A,-,-,-,-,-,-,SCV005202000,-,-
3498175,single nucleotide variant,NM_000352.6(ABCC8):c.802G>A (p.Glu268Lys),6833,ABCC8,HGNC:59,Uncertain significance,0,"Jul 12, 2024",-1,-,RCV004702164,MedGen:CN169374,not specified,germline,germline,GRCh37,NC_000011.9,11,17483150,17483150,na,na,11p15.1,"criteria provided, single submitter",1,-,N,-,2,3338907,17483150,C,T,-,-,-,-,-,-,SCV005202516,-,-
3498175,single nucleotide variant,NM_000352.6(ABCC8):c.802G>A (p.Glu268Lys),6833,ABCC8,HGNC:59,Uncertain significance,0,"Jul 12, 2024",-1,-,RCV004702164,MedGen:CN169374,not specified,germline,germline,GRCh38,NC_000011.10,11,17461603,17461603,na,na,11p15.1,"criteria provided, single submitter",1,-,N,-,2,3338907,17461603,C,T,-,-,-,-,-,-,SCV005202516,-,-
3498294,single nucleotide variant,NM_000525.4(KCNJ11):c.1159G>A (p.Asp387Asn),3767,KCNJ11,HGNC:6257,Uncertain significance,0,"Jul 09, 2024",-1,-,RCV004702769,MedGen:CN169374,not specified,germline,germline,GRCh37,NC_000011.9,11,17408480,17408480,na,na,11p15.1,"criteria provided, single submitter",1,-,N,-,2,3339027,17408480,C,T,-,-,-,-,-,-,SCV005203153,-,-
3498294,single nucleotide variant,NM_000525.4(KCNJ11):c.1159G>A (p.Asp387Asn),3767,KCNJ11,HGNC:6257,Uncertain significance,0,"Jul 09, 2024",-1,-,RCV004702769,MedGen:CN169374,not specified,germline,germline,GRCh38,NC_000011.10,11,17386933,17386933,na,na,11p15.1,"criteria provided, single submitter",1,-,N,-,2,3339027,17386933,C,T,-,-,-,-,-,-,SCV005203153,-,-
3498311,single nucleotide variant,NM_000352.6(ABCC8):c.4075C>G (p.Pro1359Ala),6833,ABCC8,HGNC:59,Uncertain significance,0,"Jul 08, 2024",-1,-,RCV004702786,MedGen:CN169374,not specified,germline,germline,GRCh37,NC_000011.9,11,17418507,17418507,na,na,11p15.1,"criteria provided, single submitter",1,-,N,-,2,3339044,17418507,G,C,-,-,-,-,-,-,SCV005203183,-,-
3498311,single nucleotide variant,NM_000352.6(ABCC8):c.4075C>G (p.Pro1359Ala),6833,ABCC8,HGNC:59,Uncertain significance,0,"Jul 08, 2024",-1,-,RCV004702786,MedGen:CN169374,not specified,germline,germline,GRCh38,NC_000011.10,11,17396960,17396960,na,na,11p15.1,"criteria provided, single submitter",1,-,N,-,2,3339044,17396960,G,C,-,-,-,-,-,-,SCV005203183,-,-
3498453,single nucleotide variant,NM_000352.6(ABCC8):c.704C>T (p.Ala235Val),6833,ABCC8,HGNC:59,Uncertain significance,0,"Jul 30, 2024",-1,-,RCV004702928,MedGen:CN169374,not specified,germline,germline,GRCh37,NC_000011.9,11,17483248,17483248,na,na,11p15.1,"criteria provided, single submitter",1,-,N,-,2,3339186,17483248,G,A,-,-,-,-,-,-,SCV005203805,-,-
3498453,single nucleotide variant,NM_000352.6(ABCC8):c.704C>T (p.Ala235Val),6833,ABCC8,HGNC:59,Uncertain significance,0,"Jul 30, 2024",-1,-,RCV004702928,MedGen:CN169374,not specified,germline,germline,GRCh38,NC_000011.10,11,17461701,17461701,na,na,11p15.1,"criteria provided, single submitter",1,-,N,-,2,3339186,17461701,G,A,-,-,-,-,-,-,SCV005203805,-,-
3498545,single nucleotide variant,NM_000352.6(ABCC8):c.1513G>T (p.Gly505Cys),6833,ABCC8,HGNC:59,Uncertain significance,0,"Jul 29, 2024",-1,-,RCV004703021,MedGen:CN169374,not specified,germline,germline,GRCh37,NC_000011.9,11,17464384,17464384,na,na,11p15.1,"criteria provided, single submitter",1,-,N,-,2,3339279,17464384,C,A,-,-,-,-,-,-,SCV005202307,-,-
3498545,single nucleotide variant,NM_000352.6(ABCC8):c.1513G>T (p.Gly505Cys),6833,ABCC8,HGNC:59,Uncertain significance,0,"Jul 29, 2024",-1,-,RCV004703021,MedGen:CN169374,not specified,germline,germline,GRCh38,NC_000011.10,11,17442837,17442837,na,na,11p15.1,"criteria provided, single submitter",1,-,N,-,2,3339279,17442837,C,A,-,-,-,-,-,-,SCV005202307,-,-
3498546,single nucleotide variant,NM_000352.6(ABCC8):c.3416T>C (p.Leu1139Pro),6833,ABCC8,HGNC:59,Uncertain significance,0,"Jul 29, 2024",-1,-,RCV004703022,MedGen:CN169374,not specified,germline,germline,GRCh37,NC_000011.9,11,17426200,17426200,na,na,11p15.1,"criteria provided, single submitter",1,-,N,-,2,3339280,17426200,A,G,-,-,-,-,-,-,SCV005202308,-,-
3498546,single nucleotide variant,NM_000352.6(ABCC8):c.3416T>C (p.Leu1139Pro),6833,ABCC8,HGNC:59,Uncertain significance,0,"Jul 29, 2024",-1,-,RCV004703022,MedGen:CN169374,not specified,germline,germline,GRCh38,NC_000011.10,11,17404653,17404653,na,na,11p15.1,"criteria provided, single submitter",1,-,N,-,2,3339280,17404653,A,G,-,-,-,-,-,-,SCV005202308,-,-
3498627,single nucleotide variant,NM_000352.6(ABCC8):c.4179C>T (p.Arg1393=),6833,ABCC8,HGNC:59,Likely benign,0,"Jul 24, 2024",-1,-,RCV004703103,MedGen:CN169374,not specified,germline,germline,GRCh37,NC_000011.9,11,17417418,17417418,na,na,11p15.1,"criteria provided, single submitter",1,-,N,-,2,3339361,17417418,G,A,-,-,-,-,-,-,SCV005202878,-,-
3498627,single nucleotide variant,NM_000352.6(ABCC8):c.4179C>T (p.Arg1393=),6833,ABCC8,HGNC:59,Likely benign,0,"Jul 24, 2024",-1,-,RCV004703103,MedGen:CN169374,not specified,germline,germline,GRCh38,NC_000011.10,11,17395871,17395871,na,na,11p15.1,"criteria provided, single submitter",1,-,N,-,2,3339361,17395871,G,A,-,-,-,-,-,-,SCV005202878,-,-
3498706,single nucleotide variant,NM_000352.6(ABCC8):c.4076C>G (p.Pro1359Arg),6833,ABCC8,HGNC:59,Uncertain significance,0,"Jul 19, 2024",-1,-,RCV004699676,MedGen:CN169374,not specified,germline,germline,GRCh37,NC_000011.9,11,17418506,17418506,na,na,11p15.1,"criteria provided, single submitter",1,-,N,-,2,3339440,17418506,G,C,-,-,-,-,-,-,SCV005203374,-,-
3498706,single nucleotide variant,NM_000352.6(ABCC8):c.4076C>G (p.Pro1359Arg),6833,ABCC8,HGNC:59,Uncertain significance,0,"Jul 19, 2024",-1,-,RCV004699676,MedGen:CN169374,not specified,germline,germline,GRCh38,NC_000011.10,11,17396959,17396959,na,na,11p15.1,"criteria provided, single submitter",1,-,N,-,2,3339440,17396959,G,C,-,-,-,-,-,-,SCV005203374,-,-
3498734,single nucleotide variant,NM_000352.6(ABCC8):c.4225A>T (p.Ile1409Phe),6833,ABCC8,HGNC:59,Uncertain significance,0,"Jul 17, 2024",-1,-,RCV004699704,MedGen:CN169374,not specified,germline,germline,GRCh37,NC_000011.9,11,17417239,17417239,na,na,11p15.1,"criteria provided, single submitter",1,-,N,-,2,3339468,17417239,T,A,-,-,-,-,-,-,SCV005203473,-,-
3498734,single nucleotide variant,NM_000352.6(ABCC8):c.4225A>T (p.Ile1409Phe),6833,ABCC8,HGNC:59,Uncertain significance,0,"Jul 17, 2024",-1,-,RCV004699704,MedGen:CN169374,not specified,germline,germline,GRCh38,NC_000011.10,11,17395692,17395692,na,na,11p15.1,"criteria provided, single submitter",1,-,N,-,2,3339468,17395692,T,A,-,-,-,-,-,-,SCV005203473,-,-
3498804,single nucleotide variant,NM_000525.4(KCNJ11):c.491T>A (p.Leu164His),3767,KCNJ11,HGNC:6257,Uncertain significance,0,"Jun 13, 2024",-1,-,RCV004699773,MedGen:CN169374,not specified,germline,germline,GRCh37,NC_000011.9,11,17409148,17409148,na,na,11p15.1,"criteria provided, single submitter",1,-,N,-,2,3339537,17409148,A,T,-,-,-,-,-,-,SCV005204285,-,-
3498804,single nucleotide variant,NM_000525.4(KCNJ11):c.491T>A (p.Leu164His),3767,KCNJ11,HGNC:6257,Uncertain significance,0,"Jun 13, 2024",-1,-,RCV004699773,MedGen:CN169374,not specified,germline,germline,GRCh38,NC_000011.10,11,17387601,17387601,na,na,11p15.1,"criteria provided, single submitter",1,-,N,-,2,3339537,17387601,A,T,-,-,-,-,-,-,SCV005204285,-,-
3498867,single nucleotide variant,NM_000352.6(ABCC8):c.2042T>C (p.Ile681Thr),6833,ABCC8,HGNC:59,Uncertain significance,0,"Jun 11, 2024",-1,-,RCV004699836|RCV004736450|RCV005103576,MedGen:CN169374||MedGen:C3661900,not specified|ABCC8-related disorder|not provided,germline,germline,GRCh37,NC_000011.9,11,17449488,17449488,na,na,11p15.1,"criteria provided, multiple submitters, no conflicts",3,-,N,-,2,3339600,17449488,A,G,-,-,-,-,-,-,SCV005204436|SCV005812539,-,-
3498867,single nucleotide variant,NM_000352.6(ABCC8):c.2042T>C (p.Ile681Thr),6833,ABCC8,HGNC:59,Uncertain significance,0,"Jun 11, 2024",-1,-,RCV004699836|RCV004736450|RCV005103576,MedGen:CN169374||MedGen:C3661900,not specified|ABCC8-related disorder|not provided,germline,germline,GRCh38,NC_000011.10,11,17427941,17427941,na,na,11p15.1,"criteria provided, multiple submitters, no conflicts",3,-,N,-,2,3339600,17427941,A,G,-,-,-,-,-,-,SCV005204436|SCV005812539,-,-
3498879,single nucleotide variant,NM_000525.4(KCNJ11):c.1093C>A (p.Arg365Ser),3767,KCNJ11,HGNC:6257,Uncertain significance,0,"Jun 11, 2024",-1,-,RCV004699848,MedGen:CN169374,not specified,germline,germline,GRCh37,NC_000011.9,11,17408546,17408546,na,na,11p15.1,"criteria provided, single submitter",1,-,N,-,2,3339612,17408546,G,T,-,-,-,-,-,-,SCV005204486,-,-
3498879,single nucleotide variant,NM_000525.4(KCNJ11):c.1093C>A (p.Arg365Ser),3767,KCNJ11,HGNC:6257,Uncertain significance,0,"Jun 11, 2024",-1,-,RCV004699848,MedGen:CN169374,not specified,germline,germline,GRCh38,NC_000011.10,11,17386999,17386999,na,na,11p15.1,"criteria provided, single submitter",1,-,N,-,2,3339612,17386999,G,T,-,-,-,-,-,-,SCV005204486,-,-
3498925,single nucleotide variant,NM_000525.4(KCNJ11):c.*14G>A,3767,KCNJ11,HGNC:6257,Uncertain significance,0,"Nov 14, 2024",-1,-,RCV004699895|RCV004798079,"MedGen:CN169374|MONDO:MONDO:0014589,MedGen:C4225365,OMIM:616329,Orphanet:552",not specified|Maturity-onset diabetes of the young type 13,de novo;germline,germline,GRCh37,NC_000011.9,11,17408452,17408452,na,na,11p15.1,"criteria provided, multiple submitters, no conflicts",2,-,N,-,2,3339659,17408452,C,T,-,-,-,-,-,-,SCV005204931|SCV005419190,-,-
3498925,single nucleotide variant,NM_000525.4(KCNJ11):c.*14G>A,3767,KCNJ11,HGNC:6257,Uncertain significance,0,"Nov 14, 2024",-1,-,RCV004699895|RCV004798079,"MedGen:CN169374|MONDO:MONDO:0014589,MedGen:C4225365,OMIM:616329,Orphanet:552",not specified|Maturity-onset diabetes of the young type 13,de novo;germline,germline,GRCh38,NC_000011.10,11,17386905,17386905,na,na,11p15.1,"criteria provided, multiple submitters, no conflicts",2,-,N,-,2,3339659,17386905,C,T,-,-,-,-,-,-,SCV005204931|SCV005419190,-,-
3499197,single nucleotide variant,NM_000162.5(GCK):c.329T>C (p.Ile110Thr),2645,GCK,HGNC:4195,Uncertain significance,0,"Jun 20, 2024",-1,-,RCV004700169,MedGen:CN169374,not specified,germline,germline,GRCh37,NC_000007.13,7,44191904,44191904,na,na,7p13,"criteria provided, single submitter",1,-,N,-,2,3339934,44191904,A,G,-,-,-,-,-,-,SCV005204547,-,-
3499197,single nucleotide variant,NM_000162.5(GCK):c.329T>C (p.Ile110Thr),2645,GCK,HGNC:4195,Uncertain significance,0,"Jun 20, 2024",-1,-,RCV004700169,MedGen:CN169374,not specified,germline,germline,GRCh38,NC_000007.14,7,44152305,44152305,na,na,7p13,"criteria provided, single submitter",1,-,N,-,2,3339934,44152305,A,G,-,-,-,-,-,-,SCV005204547,-,-
3499217,single nucleotide variant,NM_000352.6(ABCC8):c.1468-14G>A,6833,ABCC8,HGNC:59,Conflicting classifications of pathogenicity,0,"Jun 19, 2024",-1,-,RCV004701110|RCV005040756,"MedGen:CN169374|MONDO:MONDO:0009734,MedGen:C2931832,OMIM:256450,Orphanet:276575,Orphanet:276598;MONDO:MONDO:0009415,MedGen:C0271714,OMIM:240800;MONDO:MONDO:0030088,MedGen:C5394303,OMIM:618857;MONDO:MONDO:0012480,MedGen:C1835887,OMIM:610374,Orphanet:99886;Human Phenotype Ontology:HP:0005965,Human Phenotype Ontology:HP:0005978,Human Phenotype Ontology:HP:0100652,MONDO:MONDO:0005148,MeSH:D003924,MedGen:C0011860,OMIM:125853","not specified|Hyperinsulinemic hypoglycemia, familial, 1;Leucine-induced hypoglycemia;Diabetes mellitus, permanent neonatal 3;Diabetes mellitus, transient neonatal, 2;Type 2 diabetes mellitus",germline,germline,GRCh37,NC_000011.9,11,17464443,17464443,na,na,11p15.1,"criteria provided, conflicting classifications",2,-,N,-,2,3339954,17464443,C,T,-,-,-,-,-,-,SCV005204590|SCV005676405,-,-
3499217,single nucleotide variant,NM_000352.6(ABCC8):c.1468-14G>A,6833,ABCC8,HGNC:59,Conflicting classifications of pathogenicity,0,"Jun 19, 2024",-1,-,RCV004701110|RCV005040756,"MedGen:CN169374|MONDO:MONDO:0009734,MedGen:C2931832,OMIM:256450,Orphanet:276575,Orphanet:276598;MONDO:MONDO:0009415,MedGen:C0271714,OMIM:240800;MONDO:MONDO:0030088,MedGen:C5394303,OMIM:618857;MONDO:MONDO:0012480,MedGen:C1835887,OMIM:610374,Orphanet:99886;Human Phenotype Ontology:HP:0005965,Human Phenotype Ontology:HP:0005978,Human Phenotype Ontology:HP:0100652,MONDO:MONDO:0005148,MeSH:D003924,MedGen:C0011860,OMIM:125853","not specified|Hyperinsulinemic hypoglycemia, familial, 1;Leucine-induced hypoglycemia;Diabetes mellitus, permanent neonatal 3;Diabetes mellitus, transient neonatal, 2;Type 2 diabetes mellitus",germline,germline,GRCh38,NC_000011.10,11,17442896,17442896,na,na,11p15.1,"criteria provided, conflicting classifications",2,-,N,-,2,3339954,17442896,C,T,-,-,-,-,-,-,SCV005204590|SCV005676405,-,-
3499579,single nucleotide variant,NM_000162.5(GCK):c.685G>C (p.Gly229Arg),2645,GCK,HGNC:4195,Likely pathogenic,1,"Dec 20, 2023",-1,-,RCV004719575,MedGen:C3661900,not provided,germline,germline,GRCh37,NC_000007.13,7,44187427,44187427,na,na,7p13,"criteria provided, single submitter",1,-,N,-,2,3340323,44187427,C,G,-,-,-,-,-,-,SCV005325947,-,-
3499579,single nucleotide variant,NM_000162.5(GCK):c.685G>C (p.Gly229Arg),2645,GCK,HGNC:4195,Likely pathogenic,1,"Dec 20, 2023",-1,-,RCV004719575,MedGen:C3661900,not provided,germline,germline,GRCh38,NC_000007.14,7,44147828,44147828,na,na,7p13,"criteria provided, single submitter",1,-,N,-,2,3340323,44147828,C,G,-,-,-,-,-,-,SCV005325947,-,-
3499805,Duplication,NM_000352.6(ABCC8):c.2139dup (p.Gln714fs),6833,ABCC8,HGNC:59,Pathogenic,1,"Jun 28, 2023",-1,-,RCV004721847,MedGen:C3661900,not provided,germline,germline,GRCh37,NC_000011.9,11,17448678,17448679,na,na,11p15.1,"criteria provided, single submitter",1,-,N,-,2,3340565,17448678,G,GC,-,-,-,-,-,-,SCV005327046,-,-
3499805,Duplication,NM_000352.6(ABCC8):c.2139dup (p.Gln714fs),6833,ABCC8,HGNC:59,Pathogenic,1,"Jun 28, 2023",-1,-,RCV004721847,MedGen:C3661900,not provided,germline,germline,GRCh38,NC_000011.10,11,17427131,17427132,na,na,11p15.1,"criteria provided, single submitter",1,-,N,-,2,3340565,17427131,G,GC,-,-,-,-,-,-,SCV005327046,-,-
3500332,single nucleotide variant,NM_000352.6(ABCC8):c.2609C>T (p.Ala870Val),6833,ABCC8,HGNC:59,Pathogenic,1,"Sep 23, 2024",-1,-,RCV004720595,"Human Phenotype Ontology:HP:0005965,Human Phenotype Ontology:HP:0005978,Human Phenotype Ontology:HP:0100652,MONDO:MONDO:0005148,MeSH:D003924,MedGen:C0011860,OMIM:125853",Type 2 diabetes mellitus,germline,germline,GRCh37,NC_000011.9,11,17432148,17432148,na,na,11p15.1,"criteria provided, single submitter",1,-,N,-,2,3341095,17432148,G,A,-,-,-,-,-,-,SCV005328389,-,-
3500332,single nucleotide variant,NM_000352.6(ABCC8):c.2609C>T (p.Ala870Val),6833,ABCC8,HGNC:59,Pathogenic,1,"Sep 23, 2024",-1,-,RCV004720595,"Human Phenotype Ontology:HP:0005965,Human Phenotype Ontology:HP:0005978,Human Phenotype Ontology:HP:0100652,MONDO:MONDO:0005148,MeSH:D003924,MedGen:C0011860,OMIM:125853",Type 2 diabetes mellitus,germline,germline,GRCh38,NC_000011.10,11,17410601,17410601,na,na,11p15.1,"criteria provided, single submitter",1,-,N,-,2,3341095,17410601,G,A,-,-,-,-,-,-,SCV005328389,-,-
3501511,single nucleotide variant,NM_000525.4(KCNJ11):c.985G>A (p.Asp329Asn),3767,KCNJ11,HGNC:6257,Uncertain significance,0,"Sep 02, 2024",-1,-,RCV004727585,"MONDO:MONDO:0014589,MedGen:C4225365,OMIM:616329,Orphanet:552",Maturity-onset diabetes of the young type 13,germline,germline,GRCh37,NC_000011.9,11,17408654,17408654,na,na,11p15.1,"criteria provided, single submitter",1,-,N,-,2,3342279,17408654,C,T,-,-,-,-,-,-,SCV005331543,-,-
3501511,single nucleotide variant,NM_000525.4(KCNJ11):c.985G>A (p.Asp329Asn),3767,KCNJ11,HGNC:6257,Uncertain significance,0,"Sep 02, 2024",-1,-,RCV004727585,"MONDO:MONDO:0014589,MedGen:C4225365,OMIM:616329,Orphanet:552",Maturity-onset diabetes of the young type 13,germline,germline,GRCh38,NC_000011.10,11,17387107,17387107,na,na,11p15.1,"criteria provided, single submitter",1,-,N,-,2,3342279,17387107,C,T,-,-,-,-,-,-,SCV005331543,-,-
3501552,single nucleotide variant,NM_000352.6(ABCC8):c.1903G>A (p.Ala635Thr),6833,ABCC8,HGNC:59,Uncertain significance,0,"Mar 12, 2024",-1,-,RCV004727610,MedGen:C3661900,not provided,germline,germline,GRCh37,NC_000011.9,11,17450132,17450132,na,na,11p15.1,"criteria provided, multiple submitters, no conflicts",2,-,N,-,2,3342320,17450132,C,T,-,-,-,-,-,-,SCV005332415|SCV005830137,-,-
3501552,single nucleotide variant,NM_000352.6(ABCC8):c.1903G>A (p.Ala635Thr),6833,ABCC8,HGNC:59,Uncertain significance,0,"Mar 12, 2024",-1,-,RCV004727610,MedGen:C3661900,not provided,germline,germline,GRCh38,NC_000011.10,11,17428585,17428585,na,na,11p15.1,"criteria provided, multiple submitters, no conflicts",2,-,N,-,2,3342320,17428585,C,T,-,-,-,-,-,-,SCV005332415|SCV005830137,-,-
3501926,single nucleotide variant,NM_000162.5(GCK):c.598G>T (p.Val200Leu),2645,GCK,HGNC:4195,Likely pathogenic,1,"Nov 04, 2022",-1,-,RCV004729454,MedGen:C3661900,not provided,germline,germline,GRCh37,NC_000007.13,7,44189440,44189440,na,na,7p13,"criteria provided, single submitter",1,-,N,-,2,3342694,44189440,C,A,-,-,-,-,-,-,SCV005334663,-,-
3501926,single nucleotide variant,NM_000162.5(GCK):c.598G>T (p.Val200Leu),2645,GCK,HGNC:4195,Likely pathogenic,1,"Nov 04, 2022",-1,-,RCV004729454,MedGen:C3661900,not provided,germline,germline,GRCh38,NC_000007.14,7,44149841,44149841,na,na,7p13,"criteria provided, single submitter",1,-,N,-,2,3342694,44149841,C,A,-,-,-,-,-,-,SCV005334663,-,-
3503320,single nucleotide variant,NM_000352.6(ABCC8):c.2041-16G>C,6833,ABCC8,HGNC:59,Uncertain significance,0,"Jul 25, 2024",-1,-,RCV004729906,-,ABCC8-related disorder,germline,germline,GRCh37,NC_000011.9,11,17449505,17449505,na,na,11p15.1,no assertion criteria provided,1,-,N,-,2,3344969,17449505,C,G,-,-,-,-,-,-,SCV005337010,-,-
3503320,single nucleotide variant,NM_000352.6(ABCC8):c.2041-16G>C,6833,ABCC8,HGNC:59,Uncertain significance,0,"Jul 25, 2024",-1,-,RCV004729906,-,ABCC8-related disorder,germline,germline,GRCh38,NC_000011.10,11,17427958,17427958,na,na,11p15.1,no assertion criteria provided,1,-,N,-,2,3344969,17427958,C,G,-,-,-,-,-,-,SCV005337010,-,-
3504082,single nucleotide variant,NM_000352.6(ABCC8):c.381C>G (p.Ile127Met),6833,ABCC8,HGNC:59,Uncertain significance,0,"May 01, 2024",-1,-,RCV004728268,-,ABCC8-related disorder,germline,germline,GRCh37,NC_000011.9,11,17491679,17491679,na,na,11p15.1,no assertion criteria provided,1,-,N,-,2,3347049,17491679,G,C,-,-,-,-,-,-,SCV005339381,-,-
3504082,single nucleotide variant,NM_000352.6(ABCC8):c.381C>G (p.Ile127Met),6833,ABCC8,HGNC:59,Uncertain significance,0,"May 01, 2024",-1,-,RCV004728268,-,ABCC8-related disorder,germline,germline,GRCh38,NC_000011.10,11,17470132,17470132,na,na,11p15.1,no assertion criteria provided,1,-,N,-,2,3347049,17470132,G,C,-,-,-,-,-,-,SCV005339381,-,-
3504345,single nucleotide variant,NM_000352.6(ABCC8):c.4692G>T (p.Lys1564Asn),6833,ABCC8,HGNC:59,Uncertain significance,0,"Jun 14, 2024",-1,-,RCV004729706,-,ABCC8-related disorder,germline,germline,GRCh37,NC_000011.9,11,17414592,17414592,na,na,11p15.1,no assertion criteria provided,1,-,N,-,2,3344678,17414592,C,A,-,-,-,-,-,-,SCV005339982,-,-
3504345,single nucleotide variant,NM_000352.6(ABCC8):c.4692G>T (p.Lys1564Asn),6833,ABCC8,HGNC:59,Uncertain significance,0,"Jun 14, 2024",-1,-,RCV004729706,-,ABCC8-related disorder,germline,germline,GRCh38,NC_000011.10,11,17393045,17393045,na,na,11p15.1,no assertion criteria provided,1,-,N,-,2,3344678,17393045,C,A,-,-,-,-,-,-,SCV005339982,-,-
3504749,single nucleotide variant,NM_000162.5(GCK):c.757G>C (p.Val253Leu),2645,GCK,HGNC:4195,Likely pathogenic,1,"Jun 13, 2024",-1,-,RCV004730418,-,GCK-related disorder,germline,germline,GRCh37,NC_000007.13,7,44187355,44187355,na,na,7p13,no assertion criteria provided,1,-,N,-,2,3346399,44187355,C,G,-,-,-,-,-,-,SCV005340590,-,-
3504749,single nucleotide variant,NM_000162.5(GCK):c.757G>C (p.Val253Leu),2645,GCK,HGNC:4195,Likely pathogenic,1,"Jun 13, 2024",-1,-,RCV004730418,-,GCK-related disorder,germline,germline,GRCh38,NC_000007.14,7,44147756,44147756,na,na,7p13,no assertion criteria provided,1,-,N,-,2,3346399,44147756,C,G,-,-,-,-,-,-,SCV005340590,-,-
3505034,single nucleotide variant,NM_000352.6(ABCC8):c.21C>T (p.Gly7=),6833,ABCC8,HGNC:59,Likely benign,0,"Jul 09, 2024",-1,-,RCV004727828,-,ABCC8-related disorder,germline,germline,GRCh37,NC_000011.9,11,17498303,17498303,na,na,11p15.1,no assertion criteria provided,1,-,N,-,2,3344048,17498303,G,A,-,-,-,-,-,-,SCV005336668,-,-
3505034,single nucleotide variant,NM_000352.6(ABCC8):c.21C>T (p.Gly7=),6833,ABCC8,HGNC:59,Likely benign,0,"Jul 09, 2024",-1,-,RCV004727828,-,ABCC8-related disorder,germline,germline,GRCh38,NC_000011.10,11,17476756,17476756,na,na,11p15.1,no assertion criteria provided,1,-,N,-,2,3344048,17476756,G,A,-,-,-,-,-,-,SCV005336668,-,-
3505769,single nucleotide variant,NM_000525.4(KCNJ11):c.133G>A (p.Ala45Thr),3767,KCNJ11,HGNC:6257,Uncertain significance,0,"May 27, 2024",-1,-,RCV004724244,-,KCNJ11-related disorder,germline,germline,GRCh37,NC_000011.9,11,17409506,17409506,na,na,11p15.1,no assertion criteria provided,1,-,N,-,2,3346100,17409506,C,T,-,-,-,-,-,-,SCV005338986,-,-
3505769,single nucleotide variant,NM_000525.4(KCNJ11):c.133G>A (p.Ala45Thr),3767,KCNJ11,HGNC:6257,Uncertain significance,0,"May 27, 2024",-1,-,RCV004724244,-,KCNJ11-related disorder,germline,germline,GRCh38,NC_000011.10,11,17387959,17387959,na,na,11p15.1,no assertion criteria provided,1,-,N,-,2,3346100,17387959,C,T,-,-,-,-,-,-,SCV005338986,-,-
3505981,single nucleotide variant,NM_000352.6(ABCC8):c.4180A>T (p.Met1394Leu),6833,ABCC8,HGNC:59,Uncertain significance,0,"Sep 13, 2024",-1,-,RCV004728656,-,ABCC8-related disorder,germline,germline,GRCh37,NC_000011.9,11,17417417,17417417,na,na,11p15.1,no assertion criteria provided,1,-,N,-,2,3347627,17417417,T,A,-,-,-,-,-,-,SCV005337969,-,-
3505981,single nucleotide variant,NM_000352.6(ABCC8):c.4180A>T (p.Met1394Leu),6833,ABCC8,HGNC:59,Uncertain significance,0,"Sep 13, 2024",-1,-,RCV004728656,-,ABCC8-related disorder,germline,germline,GRCh38,NC_000011.10,11,17395870,17395870,na,na,11p15.1,no assertion criteria provided,1,-,N,-,2,3347627,17395870,T,A,-,-,-,-,-,-,SCV005337969,-,-
3506199,single nucleotide variant,NM_000352.6(ABCC8):c.1333-1014G>C,6833,ABCC8,HGNC:59,Likely benign,0,"Mar 24, 2020",-1,-,RCV004730268,-,ABCC8-related disorder,germline,germline,GRCh37,NC_000011.9,11,17465873,17465873,na,na,11p15.1,no assertion criteria provided,1,-,N,-,2,3347846,17465873,C,G,-,-,-,-,-,-,SCV005339549,-,-
3506199,single nucleotide variant,NM_000352.6(ABCC8):c.1333-1014G>C,6833,ABCC8,HGNC:59,Likely benign,0,"Mar 24, 2020",-1,-,RCV004730268,-,ABCC8-related disorder,germline,germline,GRCh38,NC_000011.10,11,17444326,17444326,na,na,11p15.1,no assertion criteria provided,1,-,N,-,2,3347846,17444326,C,G,-,-,-,-,-,-,SCV005339549,-,-
3507463,single nucleotide variant,NM_000162.5(GCK):c.307A>C (p.Thr103Pro),2645,GCK,HGNC:4195,Uncertain significance,0,"Mar 11, 2024",-1,-,RCV004750987,-,GCK-related disorder,germline,germline,GRCh37,NC_000007.13,7,44191926,44191926,na,na,7p13,no assertion criteria provided,1,-,N,-,2,3348233,44191926,T,G,-,-,-,-,-,-,SCV005342709,-,-
3507463,single nucleotide variant,NM_000162.5(GCK):c.307A>C (p.Thr103Pro),2645,GCK,HGNC:4195,Uncertain significance,0,"Mar 11, 2024",-1,-,RCV004750987,-,GCK-related disorder,germline,germline,GRCh38,NC_000007.14,7,44152327,44152327,na,na,7p13,no assertion criteria provided,1,-,N,-,2,3348233,44152327,T,G,-,-,-,-,-,-,SCV005342709,-,-
3511846,single nucleotide variant,NM_000352.6(ABCC8):c.3988+9C>G,6833,ABCC8,HGNC:59,Conflicting classifications of pathogenicity,0,"Jan 28, 2026",-1,-,RCV004735162|RCV005040767|RCV006474686,"|MONDO:MONDO:0009734,MedGen:C2931832,OMIM:256450,Orphanet:276575,Orphanet:276598;MONDO:MONDO:0009415,MedGen:C0271714,OMIM:240800;MONDO:MONDO:0030088,MedGen:C5394303,OMIM:618857;MONDO:MONDO:0012480,MedGen:C1835887,OMIM:610374,Orphanet:99886;Human Phenotype Ontology:HP:0005965,Human Phenotype Ontology:HP:0005978,Human Phenotype Ontology:HP:0100652,MONDO:MONDO:0005148,MeSH:D003924,MedGen:C0011860,OMIM:125853|MedGen:C3661900","ABCC8-related disorder|Hyperinsulinemic hypoglycemia, familial, 1;Leucine-induced hypoglycemia;Diabetes mellitus, permanent neonatal 3;Diabetes mellitus, transient neonatal, 2;Type 2 diabetes mellitus|not provided",germline,germline,GRCh37,NC_000011.9,11,17418731,17418731,na,na,11p15.1,"criteria provided, conflicting classifications",3,-,N,-,2,3352624,17418731,G,C,-,-,-,-,-,-,SCV005681073|SCV007427981,-,-
3511846,single nucleotide variant,NM_000352.6(ABCC8):c.3988+9C>G,6833,ABCC8,HGNC:59,Conflicting classifications of pathogenicity,0,"Jan 28, 2026",-1,-,RCV004735162|RCV005040767|RCV006474686,"|MONDO:MONDO:0009734,MedGen:C2931832,OMIM:256450,Orphanet:276575,Orphanet:276598;MONDO:MONDO:0009415,MedGen:C0271714,OMIM:240800;MONDO:MONDO:0030088,MedGen:C5394303,OMIM:618857;MONDO:MONDO:0012480,MedGen:C1835887,OMIM:610374,Orphanet:99886;Human Phenotype Ontology:HP:0005965,Human Phenotype Ontology:HP:0005978,Human Phenotype Ontology:HP:0100652,MONDO:MONDO:0005148,MeSH:D003924,MedGen:C0011860,OMIM:125853|MedGen:C3661900","ABCC8-related disorder|Hyperinsulinemic hypoglycemia, familial, 1;Leucine-induced hypoglycemia;Diabetes mellitus, permanent neonatal 3;Diabetes mellitus, transient neonatal, 2;Type 2 diabetes mellitus|not provided",germline,germline,GRCh38,NC_000011.10,11,17397184,17397184,na,na,11p15.1,"criteria provided, conflicting classifications",3,-,N,-,2,3352624,17397184,G,C,-,-,-,-,-,-,SCV005681073|SCV007427981,-,-
3513694,single nucleotide variant,NM_000352.6(ABCC8):c.4190C>T (p.Thr1397Met),6833,ABCC8,HGNC:59,Uncertain significance,0,"Mar 09, 2024",-1,-,RCV004735306,-,ABCC8-related disorder,germline,germline,GRCh37,NC_000011.9,11,17417407,17417407,na,na,11p15.1,no assertion criteria provided,1,-,N,-,2,3354474,17417407,G,A,-,-,-,-,-,-,SCV005355640,-,-
3513694,single nucleotide variant,NM_000352.6(ABCC8):c.4190C>T (p.Thr1397Met),6833,ABCC8,HGNC:59,Uncertain significance,0,"Mar 09, 2024",-1,-,RCV004735306,-,ABCC8-related disorder,germline,germline,GRCh38,NC_000011.10,11,17395860,17395860,na,na,11p15.1,no assertion criteria provided,1,-,N,-,2,3354474,17395860,G,A,-,-,-,-,-,-,SCV005355640,-,-
3515734,single nucleotide variant,NM_000352.6(ABCC8):c.1673C>A (p.Thr558Asn),6833,ABCC8,HGNC:59,Uncertain significance,0,"Jul 18, 2024",-1,-,RCV004735981,-,ABCC8-related disorder,germline,germline,GRCh37,NC_000011.9,11,17452505,17452505,na,na,11p15.1,no assertion criteria provided,1,-,N,-,2,3356514,17452505,G,T,-,-,-,-,-,-,SCV005362098,-,-
3515734,single nucleotide variant,NM_000352.6(ABCC8):c.1673C>A (p.Thr558Asn),6833,ABCC8,HGNC:59,Uncertain significance,0,"Jul 18, 2024",-1,-,RCV004735981,-,ABCC8-related disorder,germline,germline,GRCh38,NC_000011.10,11,17430958,17430958,na,na,11p15.1,no assertion criteria provided,1,-,N,-,2,3356514,17430958,G,T,-,-,-,-,-,-,SCV005362098,-,-
3518663,single nucleotide variant,NM_000162.5(GCK):c.500G>A (p.Trp167Ter),2645,GCK,HGNC:4195,Pathogenic,1,"Nov 14, 2024",-1,-,RCV004760982,MedGen:C3661900,not provided,germline,germline,GRCh37,NC_000007.13,7,44189647,44189647,na,na,7p13,"criteria provided, multiple submitters, no conflicts",2,-,N,-,2,3359451,44189647,C,T,-,-,-,-,-,-,SCV005370208|SCV005835284,-,-
3518663,single nucleotide variant,NM_000162.5(GCK):c.500G>A (p.Trp167Ter),2645,GCK,HGNC:4195,Pathogenic,1,"Nov 14, 2024",-1,-,RCV004760982,MedGen:C3661900,not provided,germline,germline,GRCh38,NC_000007.14,7,44150048,44150048,na,na,7p13,"criteria provided, multiple submitters, no conflicts",2,-,N,-,2,3359451,44150048,C,T,-,-,-,-,-,-,SCV005370208|SCV005835284,-,-
3519148,single nucleotide variant,NM_000352.6(ABCC8):c.1448A>G (p.Gln483Arg),6833,ABCC8,HGNC:59,Uncertain significance,0,"Jun 15, 2023",-1,-,RCV004762457,MedGen:C3661900,not provided,germline,germline,GRCh37,NC_000011.9,11,17464744,17464744,na,na,11p15.1,"criteria provided, single submitter",1,-,N,-,2,3359937,17464744,T,C,-,-,-,-,-,-,SCV005372528,-,-
3519148,single nucleotide variant,NM_000352.6(ABCC8):c.1448A>G (p.Gln483Arg),6833,ABCC8,HGNC:59,Uncertain significance,0,"Jun 15, 2023",-1,-,RCV004762457,MedGen:C3661900,not provided,germline,germline,GRCh38,NC_000011.10,11,17443197,17443197,na,na,11p15.1,"criteria provided, single submitter",1,-,N,-,2,3359937,17443197,T,C,-,-,-,-,-,-,SCV005372528,-,-
3519697,single nucleotide variant,NM_000352.6(ABCC8):c.3380A>C (p.Asp1127Ala),6833,ABCC8,HGNC:59,Uncertain significance,0,"Jun 26, 2023",-1,-,RCV004763993,MedGen:C3661900,not provided,germline,germline,GRCh37,NC_000011.9,11,17427060,17427060,na,na,11p15.1,"criteria provided, single submitter",1,-,N,-,2,3360486,17427060,T,G,-,-,-,-,-,-,SCV005370597,-,-
3519697,single nucleotide variant,NM_000352.6(ABCC8):c.3380A>C (p.Asp1127Ala),6833,ABCC8,HGNC:59,Uncertain significance,0,"Jun 26, 2023",-1,-,RCV004763993,MedGen:C3661900,not provided,germline,germline,GRCh38,NC_000011.10,11,17405513,17405513,na,na,11p15.1,"criteria provided, single submitter",1,-,N,-,2,3360486,17405513,T,G,-,-,-,-,-,-,SCV005370597,-,-
3521119,single nucleotide variant,NM_000525.4(KCNJ11):c.147C>G (p.Ile49Met),3767,KCNJ11,HGNC:6257,Uncertain significance,0,"Jul 31, 2023",-1,-,RCV004762941,MedGen:C3661900,not provided,germline,germline,GRCh37,NC_000011.9,11,17409492,17409492,na,na,11p15.1,"criteria provided, single submitter",1,-,N,-,2,3361909,17409492,G,C,-,-,-,-,-,-,SCV005373233,-,-
3521119,single nucleotide variant,NM_000525.4(KCNJ11):c.147C>G (p.Ile49Met),3767,KCNJ11,HGNC:6257,Uncertain significance,0,"Jul 31, 2023",-1,-,RCV004762941,MedGen:C3661900,not provided,germline,germline,GRCh38,NC_000011.10,11,17387945,17387945,na,na,11p15.1,"criteria provided, single submitter",1,-,N,-,2,3361909,17387945,G,C,-,-,-,-,-,-,SCV005373233,-,-
3521661,single nucleotide variant,NM_000352.6(ABCC8):c.1844C>G (p.Ser615Cys),6833,ABCC8,HGNC:59,Uncertain significance,0,"Sep 22, 2024",-1,-,RCV004764459,"MONDO:MONDO:0009734,MedGen:C2931832,OMIM:256450,Orphanet:276575,Orphanet:276598","Hyperinsulinemic hypoglycemia, familial, 1",germline,germline,GRCh37,NC_000011.9,11,17450191,17450191,na,na,11p15.1,"criteria provided, single submitter",1,-,N,-,2,3362451,17450191,G,C,-,-,-,-,-,-,SCV005373888,-,-
3521661,single nucleotide variant,NM_000352.6(ABCC8):c.1844C>G (p.Ser615Cys),6833,ABCC8,HGNC:59,Uncertain significance,0,"Sep 22, 2024",-1,-,RCV004764459,"MONDO:MONDO:0009734,MedGen:C2931832,OMIM:256450,Orphanet:276575,Orphanet:276598","Hyperinsulinemic hypoglycemia, familial, 1",germline,germline,GRCh38,NC_000011.10,11,17428644,17428644,na,na,11p15.1,"criteria provided, single submitter",1,-,N,-,2,3362451,17428644,G,C,-,-,-,-,-,-,SCV005373888,-,-
3521724,single nucleotide variant,NM_000525.4(KCNJ11):c.212C>T (p.Thr71Ile),3767,KCNJ11,HGNC:6257,Uncertain significance,0,"Sep 22, 2024",-1,-,RCV004764523|RCV005040782,"MONDO:MONDO:0030087,MedGen:C5394296,OMIM:618856|Human Phenotype Ontology:HP:0005965,Human Phenotype Ontology:HP:0005978,Human Phenotype Ontology:HP:0100652,MONDO:MONDO:0005148,MeSH:D003924,MedGen:C0011860,OMIM:125853;MONDO:MONDO:0014589,MedGen:C4225365,OMIM:616329,Orphanet:552;MONDO:MONDO:0012522,MedGen:C1864623,OMIM:610582,Orphanet:99886;MONDO:MONDO:0011153,MedGen:C2931833,OMIM:601820,Orphanet:276580,Orphanet:276603;MONDO:MONDO:0030087,MedGen:C5394296,OMIM:618856","Diabetes mellitus, permanent neonatal 2|Type 2 diabetes mellitus;Maturity-onset diabetes of the young type 13;Diabetes mellitus, transient neonatal, 3;Hyperinsulinemic hypoglycemia, familial, 2;Diabetes mellitus, permanent neonatal 2",germline,germline,GRCh37,NC_000011.9,11,17409427,17409427,na,na,11p15.1,"criteria provided, multiple submitters, no conflicts",2,-,N,-,2,3362515,17409427,G,A,-,-,-,-,-,-,SCV005374017|SCV005676630,-,-
3521724,single nucleotide variant,NM_000525.4(KCNJ11):c.212C>T (p.Thr71Ile),3767,KCNJ11,HGNC:6257,Uncertain significance,0,"Sep 22, 2024",-1,-,RCV004764523|RCV005040782,"MONDO:MONDO:0030087,MedGen:C5394296,OMIM:618856|Human Phenotype Ontology:HP:0005965,Human Phenotype Ontology:HP:0005978,Human Phenotype Ontology:HP:0100652,MONDO:MONDO:0005148,MeSH:D003924,MedGen:C0011860,OMIM:125853;MONDO:MONDO:0014589,MedGen:C4225365,OMIM:616329,Orphanet:552;MONDO:MONDO:0012522,MedGen:C1864623,OMIM:610582,Orphanet:99886;MONDO:MONDO:0011153,MedGen:C2931833,OMIM:601820,Orphanet:276580,Orphanet:276603;MONDO:MONDO:0030087,MedGen:C5394296,OMIM:618856","Diabetes mellitus, permanent neonatal 2|Type 2 diabetes mellitus;Maturity-onset diabetes of the young type 13;Diabetes mellitus, transient neonatal, 3;Hyperinsulinemic hypoglycemia, familial, 2;Diabetes mellitus, permanent neonatal 2",germline,germline,GRCh38,NC_000011.10,11,17387880,17387880,na,na,11p15.1,"criteria provided, multiple submitters, no conflicts",2,-,N,-,2,3362515,17387880,G,A,-,-,-,-,-,-,SCV005374017|SCV005676630,-,-
3523200,single nucleotide variant,NM_000525.4(KCNJ11):c.974G>T (p.Arg325Leu),3767,KCNJ11,HGNC:6257,Uncertain significance,0,"Nov 05, 2023",-1,-,RCV004770572,MedGen:C3661900,not provided,germline,germline,GRCh37,NC_000011.9,11,17408665,17408665,na,na,11p15.1,"criteria provided, single submitter",1,-,N,-,2,3363991,17408665,C,A,-,-,-,-,-,-,SCV005375504,-,-
3523200,single nucleotide variant,NM_000525.4(KCNJ11):c.974G>T (p.Arg325Leu),3767,KCNJ11,HGNC:6257,Uncertain significance,0,"Nov 05, 2023",-1,-,RCV004770572,MedGen:C3661900,not provided,germline,germline,GRCh38,NC_000011.10,11,17387118,17387118,na,na,11p15.1,"criteria provided, single submitter",1,-,N,-,2,3363991,17387118,C,A,-,-,-,-,-,-,SCV005375504,-,-
3526161,single nucleotide variant,NM_000162.5(GCK):c.1225G>T (p.Asp409Tyr),2645,GCK,HGNC:4195,Conflicting classifications of pathogenicity,1,"Jan 01, 2025",-1,-,RCV004771593|RCV005104968,"MONDO:MONDO:0007453,MedGen:C0342277,OMIM:125851,Orphanet:552|MedGen:C3661900",Maturity-onset diabetes of the young type 2|not provided,germline,germline,GRCh37,NC_000007.13,7,44185124,44185124,na,na,7p13,"criteria provided, conflicting classifications",2,-,N,-,2,3366960,44185124,C,A,-,-,-,-,-,-,SCV005382183|SCV005828957,-,-
3526161,single nucleotide variant,NM_000162.5(GCK):c.1225G>T (p.Asp409Tyr),2645,GCK,HGNC:4195,Conflicting classifications of pathogenicity,1,"Jan 01, 2025",-1,-,RCV004771593|RCV005104968,"MONDO:MONDO:0007453,MedGen:C0342277,OMIM:125851,Orphanet:552|MedGen:C3661900",Maturity-onset diabetes of the young type 2|not provided,germline,germline,GRCh38,NC_000007.14,7,44145525,44145525,na,na,7p13,"criteria provided, conflicting classifications",2,-,N,-,2,3366960,44145525,C,A,-,-,-,-,-,-,SCV005382183|SCV005828957,-,-
3526682,single nucleotide variant,NM_000352.6(ABCC8):c.1885C>T (p.Pro629Ser),6833,ABCC8,HGNC:59,Uncertain significance,0,"Jan 04, 2024",-1,-,RCV004771995,MedGen:C3661900,not provided,germline,germline,GRCh37,NC_000011.9,11,17450150,17450150,na,na,11p15.1,"criteria provided, single submitter",1,-,N,-,2,3367483,17450150,G,A,-,-,-,-,-,-,SCV005385229,-,-
3526682,single nucleotide variant,NM_000352.6(ABCC8):c.1885C>T (p.Pro629Ser),6833,ABCC8,HGNC:59,Uncertain significance,0,"Jan 04, 2024",-1,-,RCV004771995,MedGen:C3661900,not provided,germline,germline,GRCh38,NC_000011.10,11,17428603,17428603,na,na,11p15.1,"criteria provided, single submitter",1,-,N,-,2,3367483,17428603,G,A,-,-,-,-,-,-,SCV005385229,-,-
3529023,single nucleotide variant,NM_000525.4(KCNJ11):c.17G>A (p.Gly6Asp),3767,KCNJ11,HGNC:6257,Uncertain significance,0,"Feb 27, 2024",-1,-,RCV004773845,MedGen:C3661900,not provided,germline,germline,GRCh37,NC_000011.9,11,17409622,17409622,na,na,11p15.1,"criteria provided, single submitter",1,-,N,-,2,3369832,17409622,C,T,-,-,-,-,-,-,SCV005387223,-,-
3529023,single nucleotide variant,NM_000525.4(KCNJ11):c.17G>A (p.Gly6Asp),3767,KCNJ11,HGNC:6257,Uncertain significance,0,"Feb 27, 2024",-1,-,RCV004773845,MedGen:C3661900,not provided,germline,germline,GRCh38,NC_000011.10,11,17388075,17388075,na,na,11p15.1,"criteria provided, single submitter",1,-,N,-,2,3369832,17388075,C,T,-,-,-,-,-,-,SCV005387223,-,-
3529295,single nucleotide variant,NM_000352.6(ABCC8):c.77G>A (p.Cys26Tyr),6833,ABCC8,HGNC:59,Uncertain significance,0,"Dec 19, 2023",-1,-,RCV004774117,MedGen:C3661900,not provided,germline,germline,GRCh37,NC_000011.9,11,17498247,17498247,na,na,11p15.1,"criteria provided, single submitter",1,-,N,-,2,3370104,17498247,C,T,-,-,-,-,-,-,SCV005383720,-,-
3529295,single nucleotide variant,NM_000352.6(ABCC8):c.77G>A (p.Cys26Tyr),6833,ABCC8,HGNC:59,Uncertain significance,0,"Dec 19, 2023",-1,-,RCV004774117,MedGen:C3661900,not provided,germline,germline,GRCh38,NC_000011.10,11,17476700,17476700,na,na,11p15.1,"criteria provided, single submitter",1,-,N,-,2,3370104,17476700,C,T,-,-,-,-,-,-,SCV005383720,-,-
3529480,single nucleotide variant,NM_000352.6(ABCC8):c.2507G>A (p.Arg836Gln),6833,ABCC8,HGNC:59,Likely pathogenic,1,"Aug 08, 2024",-1,-,RCV004776322,"MONDO:MONDO:0009734,MedGen:C2931832,OMIM:256450,Orphanet:276575,Orphanet:276598","Hyperinsulinemic hypoglycemia, familial, 1",inherited,germline,GRCh37,NC_000011.9,11,17434262,17434262,na,na,11p15.1,"criteria provided, single submitter",1,-,N,-,2,3370289,17434262,C,T,-,-,-,-,-,-,SCV005387602,-,-
3529480,single nucleotide variant,NM_000352.6(ABCC8):c.2507G>A (p.Arg836Gln),6833,ABCC8,HGNC:59,Likely pathogenic,1,"Aug 08, 2024",-1,-,RCV004776322,"MONDO:MONDO:0009734,MedGen:C2931832,OMIM:256450,Orphanet:276575,Orphanet:276598","Hyperinsulinemic hypoglycemia, familial, 1",inherited,germline,GRCh38,NC_000011.10,11,17412715,17412715,na,na,11p15.1,"criteria provided, single submitter",1,-,N,-,2,3370289,17412715,C,T,-,-,-,-,-,-,SCV005387602,-,-
3530625,single nucleotide variant,NM_000352.6(ABCC8):c.4539G>T (p.Met1513Ile),6833,ABCC8,HGNC:59,Likely pathogenic,1,"May 09, 2025",-1,-,RCV004778210,MedGen:C3661900,not provided,germline,germline,GRCh37,NC_000011.9,11,17415819,17415819,na,na,11p15.1,"criteria provided, single submitter",1,-,N,-,2,3371435,17415819,C,A,-,-,-,-,-,-,SCV005388162,-,-
3530625,single nucleotide variant,NM_000352.6(ABCC8):c.4539G>T (p.Met1513Ile),6833,ABCC8,HGNC:59,Likely pathogenic,1,"May 09, 2025",-1,-,RCV004778210,MedGen:C3661900,not provided,germline,germline,GRCh38,NC_000011.10,11,17394272,17394272,na,na,11p15.1,"criteria provided, single submitter",1,-,N,-,2,3371435,17394272,C,A,-,-,-,-,-,-,SCV005388162,-,-
3530744,single nucleotide variant,NM_000352.6(ABCC8):c.4498A>G (p.Ser1500Gly),6833,ABCC8,HGNC:59,Uncertain significance,0,"Jan 22, 2026",-1,-,RCV004778329|RCV005051482,"MedGen:C3661900|MONDO:MONDO:0009734,MedGen:C2931832,OMIM:256450,Orphanet:276575,Orphanet:276598;MONDO:MONDO:0009415,MedGen:C0271714,OMIM:240800;MONDO:MONDO:0030088,MedGen:C5394303,OMIM:618857;MONDO:MONDO:0012480,MedGen:C1835887,OMIM:610374,Orphanet:99886;Human Phenotype Ontology:HP:0005965,Human Phenotype Ontology:HP:0005978,Human Phenotype Ontology:HP:0100652,MONDO:MONDO:0005148,MeSH:D003924,MedGen:C0011860,OMIM:125853","not provided|Hyperinsulinemic hypoglycemia, familial, 1;Leucine-induced hypoglycemia;Diabetes mellitus, permanent neonatal 3;Diabetes mellitus, transient neonatal, 2;Type 2 diabetes mellitus",germline,germline,GRCh37,NC_000011.9,11,17415860,17415860,na,na,11p15.1,"criteria provided, multiple submitters, no conflicts",2,-,N,-,2,3371554,17415860,T,C,-,-,-,-,-,-,SCV005388320|SCV005676653,-,-
3530744,single nucleotide variant,NM_000352.6(ABCC8):c.4498A>G (p.Ser1500Gly),6833,ABCC8,HGNC:59,Uncertain significance,0,"Jan 22, 2026",-1,-,RCV004778329|RCV005051482,"MedGen:C3661900|MONDO:MONDO:0009734,MedGen:C2931832,OMIM:256450,Orphanet:276575,Orphanet:276598;MONDO:MONDO:0009415,MedGen:C0271714,OMIM:240800;MONDO:MONDO:0030088,MedGen:C5394303,OMIM:618857;MONDO:MONDO:0012480,MedGen:C1835887,OMIM:610374,Orphanet:99886;Human Phenotype Ontology:HP:0005965,Human Phenotype Ontology:HP:0005978,Human Phenotype Ontology:HP:0100652,MONDO:MONDO:0005148,MeSH:D003924,MedGen:C0011860,OMIM:125853","not provided|Hyperinsulinemic hypoglycemia, familial, 1;Leucine-induced hypoglycemia;Diabetes mellitus, permanent neonatal 3;Diabetes mellitus, transient neonatal, 2;Type 2 diabetes mellitus",germline,germline,GRCh38,NC_000011.10,11,17394313,17394313,na,na,11p15.1,"criteria provided, multiple submitters, no conflicts",2,-,N,-,2,3371554,17394313,T,C,-,-,-,-,-,-,SCV005388320|SCV005676653,-,-
3530757,single nucleotide variant,NM_000352.6(ABCC8):c.317T>C (p.Leu106Pro),6833,ABCC8,HGNC:59,Uncertain significance,0,"Mar 25, 2024",-1,-,RCV004778342,MedGen:C3661900,not provided,germline,germline,GRCh37,NC_000011.9,11,17491743,17491743,na,na,11p15.1,"criteria provided, single submitter",1,-,N,-,2,3371567,17491743,A,G,-,-,-,-,-,-,SCV005388340,-,-
3530757,single nucleotide variant,NM_000352.6(ABCC8):c.317T>C (p.Leu106Pro),6833,ABCC8,HGNC:59,Uncertain significance,0,"Mar 25, 2024",-1,-,RCV004778342,MedGen:C3661900,not provided,germline,germline,GRCh38,NC_000011.10,11,17470196,17470196,na,na,11p15.1,"criteria provided, single submitter",1,-,N,-,2,3371567,17470196,A,G,-,-,-,-,-,-,SCV005388340,-,-
3530773,single nucleotide variant,NM_000352.6(ABCC8):c.329C>T (p.Ala110Val),6833,ABCC8,HGNC:59,Uncertain significance,0,"Mar 25, 2024",-1,-,RCV004778358,MedGen:C3661900,not provided,germline,germline,GRCh37,NC_000011.9,11,17491731,17491731,na,na,11p15.1,"criteria provided, single submitter",1,-,N,-,2,3371583,17491731,G,A,-,-,-,-,-,-,SCV005389526,-,-
3530773,single nucleotide variant,NM_000352.6(ABCC8):c.329C>T (p.Ala110Val),6833,ABCC8,HGNC:59,Uncertain significance,0,"Mar 25, 2024",-1,-,RCV004778358,MedGen:C3661900,not provided,germline,germline,GRCh38,NC_000011.10,11,17470184,17470184,na,na,11p15.1,"criteria provided, single submitter",1,-,N,-,2,3371583,17470184,G,A,-,-,-,-,-,-,SCV005389526,-,-
3531155,single nucleotide variant,NM_000162.5(GCK):c.806T>C (p.Phe269Ser),2645,GCK,HGNC:4195,Uncertain significance,0,"Apr 04, 2024",-1,-,RCV004779729,MedGen:C3661900,not provided,germline,germline,GRCh37,NC_000007.13,7,44187306,44187306,na,na,7p13,"criteria provided, single submitter",1,-,N,-,2,3371965,44187306,A,G,-,-,-,-,-,-,SCV005390876,-,-
3531155,single nucleotide variant,NM_000162.5(GCK):c.806T>C (p.Phe269Ser),2645,GCK,HGNC:4195,Uncertain significance,0,"Apr 04, 2024",-1,-,RCV004779729,MedGen:C3661900,not provided,germline,germline,GRCh38,NC_000007.14,7,44147707,44147707,na,na,7p13,"criteria provided, single submitter",1,-,N,-,2,3371965,44147707,A,G,-,-,-,-,-,-,SCV005390876,-,-
3531471,single nucleotide variant,NM_000352.6(ABCC8):c.1107A>C (p.Gln369His),6833,ABCC8,HGNC:59,Uncertain significance,0,"Apr 09, 2024",-1,-,RCV004781033,MedGen:C3661900,not provided,germline,germline,GRCh37,NC_000011.9,11,17474735,17474735,na,na,11p15.1,"criteria provided, single submitter",1,-,N,-,2,3372281,17474735,T,G,-,-,-,-,-,-,SCV005392121,-,-
3531471,single nucleotide variant,NM_000352.6(ABCC8):c.1107A>C (p.Gln369His),6833,ABCC8,HGNC:59,Uncertain significance,0,"Apr 09, 2024",-1,-,RCV004781033,MedGen:C3661900,not provided,germline,germline,GRCh38,NC_000011.10,11,17453188,17453188,na,na,11p15.1,"criteria provided, single submitter",1,-,N,-,2,3372281,17453188,T,G,-,-,-,-,-,-,SCV005392121,-,-
3531778,single nucleotide variant,NM_000162.5(GCK):c.1181G>A (p.Arg394His),2645,GCK,HGNC:4195,Uncertain significance,0,"Apr 23, 2024",-1,-,RCV004781340,MedGen:C3661900,not provided,germline,germline,GRCh37,NC_000007.13,7,44185168,44185168,na,na,7p13,"criteria provided, single submitter",1,-,N,-,2,3372588,44185168,C,T,-,-,-,-,-,-,SCV005388618,-,-
3531778,single nucleotide variant,NM_000162.5(GCK):c.1181G>A (p.Arg394His),2645,GCK,HGNC:4195,Uncertain significance,0,"Apr 23, 2024",-1,-,RCV004781340,MedGen:C3661900,not provided,germline,germline,GRCh38,NC_000007.14,7,44145569,44145569,na,na,7p13,"criteria provided, single submitter",1,-,N,-,2,3372588,44145569,C,T,-,-,-,-,-,-,SCV005388618,-,-
3532815,single nucleotide variant,NM_000352.6(ABCC8):c.2188A>G (p.Met730Val),6833,ABCC8,HGNC:59,Uncertain significance,0,"Mar 04, 2024",-1,-,RCV004778913,MedGen:C3661900,not provided,germline,germline,GRCh37,NC_000011.9,11,17448630,17448630,na,na,11p15.1,"criteria provided, single submitter",1,-,N,-,2,3373626,17448630,T,C,-,-,-,-,-,-,SCV005388916,-,-
3532815,single nucleotide variant,NM_000352.6(ABCC8):c.2188A>G (p.Met730Val),6833,ABCC8,HGNC:59,Uncertain significance,0,"Mar 04, 2024",-1,-,RCV004778913,MedGen:C3661900,not provided,germline,germline,GRCh38,NC_000011.10,11,17427083,17427083,na,na,11p15.1,"criteria provided, single submitter",1,-,N,-,2,3373626,17427083,T,C,-,-,-,-,-,-,SCV005388916,-,-
3532894,single nucleotide variant,NM_000352.6(ABCC8):c.1823A>G (p.Gln608Arg),6833,ABCC8,HGNC:59,Uncertain significance,0,"Sep 09, 2025",-1,-,RCV004778992,MedGen:C3661900,not provided,germline,germline,GRCh37,NC_000011.9,11,17450212,17450212,na,na,11p15.1,"criteria provided, multiple submitters, no conflicts",2,-,N,-,2,3373705,17450212,T,C,-,-,-,-,-,-,SCV005389031|SCV007460833,-,-
3532894,single nucleotide variant,NM_000352.6(ABCC8):c.1823A>G (p.Gln608Arg),6833,ABCC8,HGNC:59,Uncertain significance,0,"Sep 09, 2025",-1,-,RCV004778992,MedGen:C3661900,not provided,germline,germline,GRCh38,NC_000011.10,11,17428665,17428665,na,na,11p15.1,"criteria provided, multiple submitters, no conflicts",2,-,N,-,2,3373705,17428665,T,C,-,-,-,-,-,-,SCV005389031|SCV007460833,-,-
3534033,single nucleotide variant,NM_000352.6(ABCC8):c.361G>A (p.Val121Met),6833,ABCC8,HGNC:59,Uncertain significance,0,"Sep 12, 2024",-1,-,RCV004783251,MedGen:CN169374,not specified,germline,germline,GRCh37,NC_000011.9,11,17491699,17491699,na,na,11p15.1,"criteria provided, single submitter",1,-,N,-,2,3374844,17491699,C,T,-,-,-,-,-,-,SCV005394524,-,-
3534033,single nucleotide variant,NM_000352.6(ABCC8):c.361G>A (p.Val121Met),6833,ABCC8,HGNC:59,Uncertain significance,0,"Sep 12, 2024",-1,-,RCV004783251,MedGen:CN169374,not specified,germline,germline,GRCh38,NC_000011.10,11,17470152,17470152,na,na,11p15.1,"criteria provided, single submitter",1,-,N,-,2,3374844,17470152,C,T,-,-,-,-,-,-,SCV005394524,-,-
3534080,single nucleotide variant,NM_000352.6(ABCC8):c.3429C>A (p.Ser1143Arg),6833,ABCC8,HGNC:59,Uncertain significance,0,"Sep 11, 2024",-1,-,RCV004783298,MedGen:CN169374,not specified,germline,germline,GRCh37,NC_000011.9,11,17426187,17426187,na,na,11p15.1,"criteria provided, single submitter",1,-,N,-,2,3374891,17426187,G,T,-,-,-,-,-,-,SCV005394946,-,-
3534080,single nucleotide variant,NM_000352.6(ABCC8):c.3429C>A (p.Ser1143Arg),6833,ABCC8,HGNC:59,Uncertain significance,0,"Sep 11, 2024",-1,-,RCV004783298,MedGen:CN169374,not specified,germline,germline,GRCh38,NC_000011.10,11,17404640,17404640,na,na,11p15.1,"criteria provided, single submitter",1,-,N,-,2,3374891,17404640,G,T,-,-,-,-,-,-,SCV005394946,-,-
3534110,Deletion,NM_000162.5(GCK):c.863+15del,2645,GCK,HGNC:4195,Benign/Likely benign,0,"Feb 06, 2025",-1,-,RCV004783328|RCV005061418,MedGen:CN169374|MedGen:C3661900,not specified|not provided,germline,germline,GRCh37,NC_000007.13,7,44187234,44187234,na,na,7p13,"criteria provided, multiple submitters, no conflicts",2,-,N,-,2,3374921,44187233,AG,A,-,-,-,-,-,-,SCV005395007|SCV005700842,-,-
3534110,Deletion,NM_000162.5(GCK):c.863+15del,2645,GCK,HGNC:4195,Benign/Likely benign,0,"Feb 06, 2025",-1,-,RCV004783328|RCV005061418,MedGen:CN169374|MedGen:C3661900,not specified|not provided,germline,germline,GRCh38,NC_000007.14,7,44147635,44147635,na,na,7p13,"criteria provided, multiple submitters, no conflicts",2,-,N,-,2,3374921,44147634,AG,A,-,-,-,-,-,-,SCV005395007|SCV005700842,-,-
3534434,single nucleotide variant,NM_000352.6(ABCC8):c.2691C>G (p.Asp897Glu),6833,ABCC8,HGNC:59,Uncertain significance,0,"Sep 24, 2024",-1,-,RCV004783653,MedGen:CN169374,not specified,germline,germline,GRCh37,NC_000011.9,11,17432066,17432066,na,na,11p15.1,"criteria provided, single submitter",1,-,N,-,2,3375246,17432066,G,C,-,-,-,-,-,-,SCV005394734,-,-
3534434,single nucleotide variant,NM_000352.6(ABCC8):c.2691C>G (p.Asp897Glu),6833,ABCC8,HGNC:59,Uncertain significance,0,"Sep 24, 2024",-1,-,RCV004783653,MedGen:CN169374,not specified,germline,germline,GRCh38,NC_000011.10,11,17410519,17410519,na,na,11p15.1,"criteria provided, single submitter",1,-,N,-,2,3375246,17410519,G,C,-,-,-,-,-,-,SCV005394734,-,-
3534466,single nucleotide variant,NM_000352.6(ABCC8):c.2983A>G (p.Ile995Val),6833,ABCC8,HGNC:59,Uncertain significance,0,"Sep 23, 2024",-1,-,RCV004783685|RCV005105047,MedGen:CN169374|MedGen:C3661900,not specified|not provided,germline,germline,GRCh37,NC_000011.9,11,17428614,17428614,na,na,11p15.1,"criteria provided, multiple submitters, no conflicts",2,-,N,-,2,3375278,17428614,T,C,-,-,-,-,-,-,SCV005394797|SCV005773778,-,-
3534466,single nucleotide variant,NM_000352.6(ABCC8):c.2983A>G (p.Ile995Val),6833,ABCC8,HGNC:59,Uncertain significance,0,"Sep 23, 2024",-1,-,RCV004783685|RCV005105047,MedGen:CN169374|MedGen:C3661900,not specified|not provided,germline,germline,GRCh38,NC_000011.10,11,17407067,17407067,na,na,11p15.1,"criteria provided, multiple submitters, no conflicts",2,-,N,-,2,3375278,17407067,T,C,-,-,-,-,-,-,SCV005394797|SCV005773778,-,-
3536332,single nucleotide variant,NM_000162.5(GCK):c.1127C>T (p.Thr376Met),2645,GCK,HGNC:4195,Uncertain significance,0,"Oct 08, 2024",-1,-,RCV004789739,"MONDO:MONDO:0007453,MedGen:C0342277,OMIM:125851,Orphanet:552",Maturity-onset diabetes of the young type 2,germline,germline,GRCh37,NC_000007.13,7,44185222,44185222,na,na,7p13,"criteria provided, single submitter",1,-,N,-,2,3377148,44185222,G,A,-,-,-,-,-,-,SCV005399896,-,-
3536332,single nucleotide variant,NM_000162.5(GCK):c.1127C>T (p.Thr376Met),2645,GCK,HGNC:4195,Uncertain significance,0,"Oct 08, 2024",-1,-,RCV004789739,"MONDO:MONDO:0007453,MedGen:C0342277,OMIM:125851,Orphanet:552",Maturity-onset diabetes of the young type 2,germline,germline,GRCh38,NC_000007.14,7,44145623,44145623,na,na,7p13,"criteria provided, single submitter",1,-,N,-,2,3377148,44145623,G,A,-,-,-,-,-,-,SCV005399896,-,-
3536338,Microsatellite,NM_000162.5(GCK):c.91AAG[1] (p.Lys32del),2645,GCK,HGNC:4195,Likely pathogenic,1,"Apr 11, 2025",-1,-,RCV004789745|RCV005105063,"MONDO:MONDO:0007453,MedGen:C0342277,OMIM:125851,Orphanet:552|MedGen:C3661900",Maturity-onset diabetes of the young type 2|not provided,germline,germline,GRCh37,NC_000007.13,7,44193012,44193014,na,na,7p13,"criteria provided, multiple submitters, no conflicts",4,-,N,-,2,3377154,44193011,CCTT,C,-,-,-,-,-,-,SCV005399904|SCV005689479|SCV005835287|SCV006074103,-,-
3536338,Microsatellite,NM_000162.5(GCK):c.91AAG[1] (p.Lys32del),2645,GCK,HGNC:4195,Likely pathogenic,1,"Apr 11, 2025",-1,-,RCV004789745|RCV005105063,"MONDO:MONDO:0007453,MedGen:C0342277,OMIM:125851,Orphanet:552|MedGen:C3661900",Maturity-onset diabetes of the young type 2|not provided,germline,germline,GRCh38,NC_000007.14,7,44153413,44153415,na,na,7p13,"criteria provided, multiple submitters, no conflicts",4,-,N,-,2,3377154,44153412,CCTT,C,-,-,-,-,-,-,SCV005399904|SCV005689479|SCV005835287|SCV006074103,-,-
3540463,single nucleotide variant,NM_000352.6(ABCC8):c.1324C>A (p.Pro442Thr),6833,ABCC8,HGNC:59,Uncertain significance,0,"May 24, 2024",-1,-,RCV004794790,MedGen:C3661900,not provided,germline,germline,GRCh37,NC_000011.9,11,17470071,17470071,na,na,11p15.1,"criteria provided, single submitter",1,-,N,-,2,3381280,17470071,G,T,-,-,-,-,-,-,SCV005414571,-,-
3540463,single nucleotide variant,NM_000352.6(ABCC8):c.1324C>A (p.Pro442Thr),6833,ABCC8,HGNC:59,Uncertain significance,0,"May 24, 2024",-1,-,RCV004794790,MedGen:C3661900,not provided,germline,germline,GRCh38,NC_000011.10,11,17448524,17448524,na,na,11p15.1,"criteria provided, single submitter",1,-,N,-,2,3381280,17448524,G,T,-,-,-,-,-,-,SCV005414571,-,-
3540542,single nucleotide variant,NM_000352.6(ABCC8):c.505T>G (p.Phe169Val),6833,ABCC8,HGNC:59,Uncertain significance,0,"May 24, 2024",-1,-,RCV004794869,MedGen:C3661900,not provided,germline,germline,GRCh37,NC_000011.9,11,17485059,17485059,na,na,11p15.1,"criteria provided, single submitter",1,-,N,-,2,3381359,17485059,A,C,-,-,-,-,-,-,SCV005414692,-,-
3540542,single nucleotide variant,NM_000352.6(ABCC8):c.505T>G (p.Phe169Val),6833,ABCC8,HGNC:59,Uncertain significance,0,"May 24, 2024",-1,-,RCV004794869,MedGen:C3661900,not provided,germline,germline,GRCh38,NC_000011.10,11,17463512,17463512,na,na,11p15.1,"criteria provided, single submitter",1,-,N,-,2,3381359,17463512,A,C,-,-,-,-,-,-,SCV005414692,-,-
3541936,Duplication,NM_000162.5(GCK):c.800dup (p.Asp267fs),2645,GCK,HGNC:4195,Pathogenic,1,-,-1,-,RCV004795650,"MONDO:MONDO:0007453,MedGen:C0342277,OMIM:125851,Orphanet:552;Human Phenotype Ontology:HP:0005965,Human Phenotype Ontology:HP:0005978,Human Phenotype Ontology:HP:0100652,MONDO:MONDO:0005148,MeSH:D003924,MedGen:C0011860,OMIM:125853;MONDO:MONDO:0011236,MedGen:C1865290,OMIM:602485,Orphanet:79299;MONDO:MONDO:0100165,MedGen:C5393570,OMIM:606176",Maturity-onset diabetes of the young type 2;Type 2 diabetes mellitus;Hyperinsulinism due to glucokinase deficiency;Permanent neonatal diabetes mellitus 1,germline,germline,GRCh37,NC_000007.13,7,44187311,44187312,na,na,7p13,"criteria provided, single submitter",1,-,N,-,2,3382762,44187311,G,GT,-,-,-,-,-,-,SCV005417146,-,-
3541936,Duplication,NM_000162.5(GCK):c.800dup (p.Asp267fs),2645,GCK,HGNC:4195,Pathogenic,1,-,-1,-,RCV004795650,"MONDO:MONDO:0007453,MedGen:C0342277,OMIM:125851,Orphanet:552;Human Phenotype Ontology:HP:0005965,Human Phenotype Ontology:HP:0005978,Human Phenotype Ontology:HP:0100652,MONDO:MONDO:0005148,MeSH:D003924,MedGen:C0011860,OMIM:125853;MONDO:MONDO:0011236,MedGen:C1865290,OMIM:602485,Orphanet:79299;MONDO:MONDO:0100165,MedGen:C5393570,OMIM:606176",Maturity-onset diabetes of the young type 2;Type 2 diabetes mellitus;Hyperinsulinism due to glucokinase deficiency;Permanent neonatal diabetes mellitus 1,germline,germline,GRCh38,NC_000007.14,7,44147712,44147713,na,na,7p13,"criteria provided, single submitter",1,-,N,-,2,3382762,44147712,G,GT,-,-,-,-,-,-,SCV005417146,-,-
3542501,single nucleotide variant,NM_000352.6(ABCC8):c.663C>G (p.Phe221Leu),6833,ABCC8,HGNC:59,Uncertain significance,0,"Nov 14, 2024",-1,-,RCV004798086,"MONDO:MONDO:0978299,MedGen:C6012723,OMIM:621196","Maturity-onset diabetes of the young, type 12",de novo,germline,GRCh37,NC_000011.9,11,17483289,17483289,na,na,11p15.1,"criteria provided, single submitter",1,-,N,-,2,3383336,17483289,G,C,-,-,-,-,-,-,SCV005419182,-,-
3542501,single nucleotide variant,NM_000352.6(ABCC8):c.663C>G (p.Phe221Leu),6833,ABCC8,HGNC:59,Uncertain significance,0,"Nov 14, 2024",-1,-,RCV004798086,"MONDO:MONDO:0978299,MedGen:C6012723,OMIM:621196","Maturity-onset diabetes of the young, type 12",de novo,germline,GRCh38,NC_000011.10,11,17461742,17461742,na,na,11p15.1,"criteria provided, single submitter",1,-,N,-,2,3383336,17461742,G,C,-,-,-,-,-,-,SCV005419182,-,-
3542502,single nucleotide variant,NM_000352.6(ABCC8):c.2318C>T (p.Ser773Leu),6833,ABCC8,HGNC:59,Uncertain significance,0,"Nov 14, 2024",-1,-,RCV004798087,"MONDO:MONDO:0978299,MedGen:C6012723,OMIM:621196","Maturity-onset diabetes of the young, type 12",de novo,germline,GRCh37,NC_000011.9,11,17436131,17436131,na,na,11p15.1,"criteria provided, single submitter",1,-,N,-,2,3383337,17436131,G,A,-,-,-,-,-,-,SCV005419183,-,-
3542502,single nucleotide variant,NM_000352.6(ABCC8):c.2318C>T (p.Ser773Leu),6833,ABCC8,HGNC:59,Uncertain significance,0,"Nov 14, 2024",-1,-,RCV004798087,"MONDO:MONDO:0978299,MedGen:C6012723,OMIM:621196","Maturity-onset diabetes of the young, type 12",de novo,germline,GRCh38,NC_000011.10,11,17414584,17414584,na,na,11p15.1,"criteria provided, single submitter",1,-,N,-,2,3383337,17414584,G,A,-,-,-,-,-,-,SCV005419183,-,-
3542503,single nucleotide variant,NM_000162.5(GCK):c.45+5C>G,2645,GCK,HGNC:4195,Uncertain significance,0,"Nov 14, 2024",-1,-,RCV004798088,"MONDO:MONDO:0007453,MedGen:C0342277,OMIM:125851,Orphanet:552",Maturity-onset diabetes of the young type 2,de novo,germline,GRCh37,NC_000007.13,7,44228503,44228503,na,na,7p13,"criteria provided, single submitter",1,-,N,-,2,3383338,44228503,G,C,-,-,-,-,-,-,SCV005419185,-,-
3542503,single nucleotide variant,NM_000162.5(GCK):c.45+5C>G,2645,GCK,HGNC:4195,Uncertain significance,0,"Nov 14, 2024",-1,-,RCV004798088,"MONDO:MONDO:0007453,MedGen:C0342277,OMIM:125851,Orphanet:552",Maturity-onset diabetes of the young type 2,de novo,germline,GRCh38,NC_000007.14,7,44188904,44188904,na,na,7p13,"criteria provided, single submitter",1,-,N,-,2,3383338,44188904,G,C,-,-,-,-,-,-,SCV005419185,-,-
3542506,single nucleotide variant,NM_000162.5(GCK):c.752T>A (p.Met251Lys),2645,GCK,HGNC:4195,Likely pathogenic,1,"Nov 14, 2024",-1,-,RCV004798091,"MONDO:MONDO:0007453,MedGen:C0342277,OMIM:125851,Orphanet:552",Maturity-onset diabetes of the young type 2,de novo,germline,GRCh37,NC_000007.13,7,44187360,44187360,na,na,7p13,"criteria provided, single submitter",1,-,N,-,2,3383341,44187360,A,T,-,-,-,-,-,-,SCV005419189,-,-
3542506,single nucleotide variant,NM_000162.5(GCK):c.752T>A (p.Met251Lys),2645,GCK,HGNC:4195,Likely pathogenic,1,"Nov 14, 2024",-1,-,RCV004798091,"MONDO:MONDO:0007453,MedGen:C0342277,OMIM:125851,Orphanet:552",Maturity-onset diabetes of the young type 2,de novo,germline,GRCh38,NC_000007.14,7,44147761,44147761,na,na,7p13,"criteria provided, single submitter",1,-,N,-,2,3383341,44147761,A,T,-,-,-,-,-,-,SCV005419189,-,-
3542597,single nucleotide variant,NM_000162.5(GCK):c.460G>A (p.Val154Met),2645,GCK,HGNC:4195,Likely pathogenic,1,"Aug 12, 2024",-1,-,RCV004798181,-,See cases,unknown,unknown,GRCh37,NC_000007.13,7,44190578,44190578,na,na,7p13,"criteria provided, single submitter",1,-,N,-,2,3383432,44190578,C,T,-,-,-,-,-,-,SCV005419390,-,-
3542597,single nucleotide variant,NM_000162.5(GCK):c.460G>A (p.Val154Met),2645,GCK,HGNC:4195,Likely pathogenic,1,"Aug 12, 2024",-1,-,RCV004798181,-,See cases,unknown,unknown,GRCh38,NC_000007.14,7,44150979,44150979,na,na,7p13,"criteria provided, single submitter",1,-,N,-,2,3383432,44150979,C,T,-,-,-,-,-,-,SCV005419390,-,-
3542909,Deletion,NM_000162.5(GCK):c.1210_1211del (p.Ile404fs),2645,GCK,HGNC:4195,Pathogenic,1,"Jan 06, 2025",-1,-,RCV004798493,MedGen:C3661900,not provided,germline,germline,GRCh37,NC_000007.13,7,44185138,44185139,na,na,7p13,"criteria provided, single submitter",1,-,N,-,2,3383744,44185137,GAT,G,-,-,-,-,-,-,SCV005419971,-,-
3542909,Deletion,NM_000162.5(GCK):c.1210_1211del (p.Ile404fs),2645,GCK,HGNC:4195,Pathogenic,1,"Jan 06, 2025",-1,-,RCV004798493,MedGen:C3661900,not provided,germline,germline,GRCh38,NC_000007.14,7,44145539,44145540,na,na,7p13,"criteria provided, single submitter",1,-,N,-,2,3383744,44145538,GAT,G,-,-,-,-,-,-,SCV005419971,-,-
3543078,single nucleotide variant,NM_000162.5(GCK):c.162T>G (p.Ser54Arg),2645,GCK,HGNC:4195,Likely pathogenic,1,"Dec 02, 2024",-1,-,RCV004798663,"MONDO:MONDO:0015967,MedGen:C3888631,Orphanet:183625",Monogenic diabetes,germline,germline,GRCh37,NC_000007.13,7,44192946,44192946,na,na,7p13,reviewed by expert panel,1,-,N,-,2,3383913,44192946,A,C,-,-,-,-,-,-,SCV005420230,-,-
3543078,single nucleotide variant,NM_000162.5(GCK):c.162T>G (p.Ser54Arg),2645,GCK,HGNC:4195,Likely pathogenic,1,"Dec 02, 2024",-1,-,RCV004798663,"MONDO:MONDO:0015967,MedGen:C3888631,Orphanet:183625",Monogenic diabetes,germline,germline,GRCh38,NC_000007.14,7,44153347,44153347,na,na,7p13,reviewed by expert panel,1,-,N,-,2,3383913,44153347,A,C,-,-,-,-,-,-,SCV005420230,-,-
3543079,single nucleotide variant,NM_000162.5(GCK):c.1148C>A (p.Ser383Ter),2645,GCK,HGNC:4195,Likely pathogenic,1,"Dec 02, 2024",-1,-,RCV004798664,"MONDO:MONDO:0015967,MedGen:C3888631,Orphanet:183625",Monogenic diabetes,germline,germline,GRCh37,NC_000007.13,7,44185201,44185201,na,na,7p13,reviewed by expert panel,1,-,N,-,2,3383914,44185201,G,T,-,-,-,-,-,-,SCV005420231,-,-
3543079,single nucleotide variant,NM_000162.5(GCK):c.1148C>A (p.Ser383Ter),2645,GCK,HGNC:4195,Likely pathogenic,1,"Dec 02, 2024",-1,-,RCV004798664,"MONDO:MONDO:0015967,MedGen:C3888631,Orphanet:183625",Monogenic diabetes,germline,germline,GRCh38,NC_000007.14,7,44145602,44145602,na,na,7p13,reviewed by expert panel,1,-,N,-,2,3383914,44145602,G,T,-,-,-,-,-,-,SCV005420231,-,-
3543080,single nucleotide variant,NM_000162.5(GCK):c.1088A>G (p.Asp363Gly),2645,GCK,HGNC:4195,Pathogenic,1,"Sep 19, 2025",-1,-,RCV004798665,"MONDO:MONDO:0015967,MedGen:C3888631,Orphanet:183625",Monogenic diabetes,germline,germline,GRCh37,NC_000007.13,7,44185261,44185261,na,na,7p13,reviewed by expert panel,1,-,N,-,2,3383915,44185261,T,C,-,-,-,-,-,-,SCV005420232,-,-
3543080,single nucleotide variant,NM_000162.5(GCK):c.1088A>G (p.Asp363Gly),2645,GCK,HGNC:4195,Pathogenic,1,"Sep 19, 2025",-1,-,RCV004798665,"MONDO:MONDO:0015967,MedGen:C3888631,Orphanet:183625",Monogenic diabetes,germline,germline,GRCh38,NC_000007.14,7,44145662,44145662,na,na,7p13,reviewed by expert panel,1,-,N,-,2,3383915,44145662,T,C,-,-,-,-,-,-,SCV005420232,-,-
3543081,single nucleotide variant,NM_000162.5(GCK):c.650A>T (p.Asp217Val),2645,GCK,HGNC:4195,Uncertain significance,0,"Nov 16, 2024",-1,-,RCV004798666,"MONDO:MONDO:0015967,MedGen:C3888631,Orphanet:183625",Monogenic diabetes,germline,germline,GRCh37,NC_000007.13,7,44189388,44189388,na,na,7p13,reviewed by expert panel,1,-,N,-,2,3383916,44189388,T,A,-,-,-,-,-,-,SCV005420234,-,-
3543081,single nucleotide variant,NM_000162.5(GCK):c.650A>T (p.Asp217Val),2645,GCK,HGNC:4195,Uncertain significance,0,"Nov 16, 2024",-1,-,RCV004798666,"MONDO:MONDO:0015967,MedGen:C3888631,Orphanet:183625",Monogenic diabetes,germline,germline,GRCh38,NC_000007.14,7,44149789,44149789,na,na,7p13,reviewed by expert panel,1,-,N,-,2,3383916,44149789,T,A,-,-,-,-,-,-,SCV005420234,-,-
3543082,single nucleotide variant,NM_000162.5(GCK):c.651C>A (p.Asp217Glu),2645,GCK,HGNC:4195,Uncertain significance,0,"Nov 16, 2024",-1,-,RCV004798667|RCV005105140,"MONDO:MONDO:0015967,MedGen:C3888631,Orphanet:183625|MedGen:C3661900",Monogenic diabetes|not provided,germline,germline,GRCh37,NC_000007.13,7,44189387,44189387,na,na,7p13,reviewed by expert panel,3,-,N,-,2,3383917,44189387,G,T,-,-,-,-,-,-,SCV005420235,-,-
3543082,single nucleotide variant,NM_000162.5(GCK):c.651C>A (p.Asp217Glu),2645,GCK,HGNC:4195,Uncertain significance,0,"Nov 16, 2024",-1,-,RCV004798667|RCV005105140,"MONDO:MONDO:0015967,MedGen:C3888631,Orphanet:183625|MedGen:C3661900",Monogenic diabetes|not provided,germline,germline,GRCh38,NC_000007.14,7,44149788,44149788,na,na,7p13,reviewed by expert panel,3,-,N,-,2,3383917,44149788,G,T,-,-,-,-,-,-,SCV005420235,-,-
3543083,single nucleotide variant,NM_000162.5(GCK):c.651C>G (p.Asp217Glu),2645,GCK,HGNC:4195,Uncertain significance,0,"Nov 16, 2024",-1,-,RCV004798668,"MONDO:MONDO:0015967,MedGen:C3888631,Orphanet:183625",Monogenic diabetes,germline,germline,GRCh37,NC_000007.13,7,44189387,44189387,na,na,7p13,reviewed by expert panel,1,-,N,-,2,3383918,44189387,G,C,-,-,-,-,-,-,SCV005420236,-,-
3543083,single nucleotide variant,NM_000162.5(GCK):c.651C>G (p.Asp217Glu),2645,GCK,HGNC:4195,Uncertain significance,0,"Nov 16, 2024",-1,-,RCV004798668,"MONDO:MONDO:0015967,MedGen:C3888631,Orphanet:183625",Monogenic diabetes,germline,germline,GRCh38,NC_000007.14,7,44149788,44149788,na,na,7p13,reviewed by expert panel,1,-,N,-,2,3383918,44149788,G,C,-,-,-,-,-,-,SCV005420236,-,-
3543084,single nucleotide variant,NM_000162.5(GCK):c.531A>T (p.Glu177Asp),2645,GCK,HGNC:4195,Likely pathogenic,1,"Nov 16, 2024",-1,-,RCV004798669,"MONDO:MONDO:0015967,MedGen:C3888631,Orphanet:183625",Monogenic diabetes,germline,germline,GRCh37,NC_000007.13,7,44189616,44189616,na,na,7p13,reviewed by expert panel,1,-,N,-,2,3383919,44189616,T,A,-,-,-,-,-,-,SCV005420237,-,-
3543084,single nucleotide variant,NM_000162.5(GCK):c.531A>T (p.Glu177Asp),2645,GCK,HGNC:4195,Likely pathogenic,1,"Nov 16, 2024",-1,-,RCV004798669,"MONDO:MONDO:0015967,MedGen:C3888631,Orphanet:183625",Monogenic diabetes,germline,germline,GRCh38,NC_000007.14,7,44150017,44150017,na,na,7p13,reviewed by expert panel,1,-,N,-,2,3383919,44150017,T,A,-,-,-,-,-,-,SCV005420237,-,-
3543085,single nucleotide variant,NM_000162.5(GCK):c.530A>G (p.Glu177Gly),2645,GCK,HGNC:4195,Uncertain significance,0,"Nov 16, 2024",-1,-,RCV004798670,"MONDO:MONDO:0015967,MedGen:C3888631,Orphanet:183625",Monogenic diabetes,germline,germline,GRCh37,NC_000007.13,7,44189617,44189617,na,na,7p13,reviewed by expert panel,1,-,N,-,2,3383920,44189617,T,C,-,-,-,-,-,-,SCV005420238,-,-
3543085,single nucleotide variant,NM_000162.5(GCK):c.530A>G (p.Glu177Gly),2645,GCK,HGNC:4195,Uncertain significance,0,"Nov 16, 2024",-1,-,RCV004798670,"MONDO:MONDO:0015967,MedGen:C3888631,Orphanet:183625",Monogenic diabetes,germline,germline,GRCh38,NC_000007.14,7,44150018,44150018,na,na,7p13,reviewed by expert panel,1,-,N,-,2,3383920,44150018,T,C,-,-,-,-,-,-,SCV005420238,-,-
3543086,single nucleotide variant,NM_000162.5(GCK):c.1091G>T (p.Cys364Phe),2645,GCK,HGNC:4195,Uncertain significance,0,"Nov 16, 2024",-1,-,RCV004798671,"MONDO:MONDO:0015967,MedGen:C3888631,Orphanet:183625",Monogenic diabetes,germline,germline,GRCh37,NC_000007.13,7,44185258,44185258,na,na,7p13,reviewed by expert panel,1,-,N,-,2,3383921,44185258,C,A,-,-,-,-,-,-,SCV005420239,-,-
3543086,single nucleotide variant,NM_000162.5(GCK):c.1091G>T (p.Cys364Phe),2645,GCK,HGNC:4195,Uncertain significance,0,"Nov 16, 2024",-1,-,RCV004798671,"MONDO:MONDO:0015967,MedGen:C3888631,Orphanet:183625",Monogenic diabetes,germline,germline,GRCh38,NC_000007.14,7,44145659,44145659,na,na,7p13,reviewed by expert panel,1,-,N,-,2,3383921,44145659,C,A,-,-,-,-,-,-,SCV005420239,-,-
3543087,single nucleotide variant,NM_000162.5(GCK):c.1092C>G (p.Cys364Trp),2645,GCK,HGNC:4195,Uncertain significance,0,"Nov 16, 2024",-1,-,RCV004798672,"MONDO:MONDO:0015967,MedGen:C3888631,Orphanet:183625",Monogenic diabetes,germline,germline,GRCh37,NC_000007.13,7,44185257,44185257,na,na,7p13,reviewed by expert panel,1,-,N,-,2,3383922,44185257,G,C,-,-,-,-,-,-,SCV005420240,-,-
3543087,single nucleotide variant,NM_000162.5(GCK):c.1092C>G (p.Cys364Trp),2645,GCK,HGNC:4195,Uncertain significance,0,"Nov 16, 2024",-1,-,RCV004798672,"MONDO:MONDO:0015967,MedGen:C3888631,Orphanet:183625",Monogenic diabetes,germline,germline,GRCh38,NC_000007.14,7,44145658,44145658,na,na,7p13,reviewed by expert panel,1,-,N,-,2,3383922,44145658,G,C,-,-,-,-,-,-,SCV005420240,-,-
3543088,single nucleotide variant,NM_000162.5(GCK):c.821A>G (p.Asp274Gly),2645,GCK,HGNC:4195,Likely pathogenic,1,"Dec 02, 2024",-1,-,RCV004798673,"MONDO:MONDO:0015967,MedGen:C3888631,Orphanet:183625",Monogenic diabetes,germline,germline,GRCh37,NC_000007.13,7,44187291,44187291,na,na,7p13,reviewed by expert panel,1,-,N,-,2,3383923,44187291,T,C,-,-,-,-,-,-,SCV005420241,-,-
3543088,single nucleotide variant,NM_000162.5(GCK):c.821A>G (p.Asp274Gly),2645,GCK,HGNC:4195,Likely pathogenic,1,"Dec 02, 2024",-1,-,RCV004798673,"MONDO:MONDO:0015967,MedGen:C3888631,Orphanet:183625",Monogenic diabetes,germline,germline,GRCh38,NC_000007.14,7,44147692,44147692,na,na,7p13,reviewed by expert panel,1,-,N,-,2,3383923,44147692,T,C,-,-,-,-,-,-,SCV005420241,-,-
3543089,single nucleotide variant,NM_000162.5(GCK):c.820G>A (p.Asp274Asn),2645,GCK,HGNC:4195,Likely pathogenic,1,"Oct 28, 2025",-1,-,RCV004798674,"MONDO:MONDO:0015967,MedGen:C3888631,Orphanet:183625",Monogenic diabetes,germline,germline,GRCh37,NC_000007.13,7,44187292,44187292,na,na,7p13,reviewed by expert panel,2,-,N,-,2,3383924,44187292,C,T,-,-,-,-,-,-,SCV005420242,-,-
3543089,single nucleotide variant,NM_000162.5(GCK):c.820G>A (p.Asp274Asn),2645,GCK,HGNC:4195,Likely pathogenic,1,"Oct 28, 2025",-1,-,RCV004798674,"MONDO:MONDO:0015967,MedGen:C3888631,Orphanet:183625",Monogenic diabetes,germline,germline,GRCh38,NC_000007.14,7,44147693,44147693,na,na,7p13,reviewed by expert panel,2,-,N,-,2,3383924,44147693,C,T,-,-,-,-,-,-,SCV005420242,-,-
3543090,single nucleotide variant,NM_000162.5(GCK):c.821A>C (p.Asp274Ala),2645,GCK,HGNC:4195,Pathogenic,1,"Nov 04, 2024",-1,-,RCV004798675|RCV005105141,"MONDO:MONDO:0015967,MedGen:C3888631,Orphanet:183625|MedGen:C3661900",Monogenic diabetes|not provided,germline,germline,GRCh37,NC_000007.13,7,44187291,44187291,na,na,7p13,reviewed by expert panel,4,-,N,-,2,3383925,44187291,T,G,-,-,-,-,-,-,SCV005420243,-,-
3543090,single nucleotide variant,NM_000162.5(GCK):c.821A>C (p.Asp274Ala),2645,GCK,HGNC:4195,Pathogenic,1,"Nov 04, 2024",-1,-,RCV004798675|RCV005105141,"MONDO:MONDO:0015967,MedGen:C3888631,Orphanet:183625|MedGen:C3661900",Monogenic diabetes|not provided,germline,germline,GRCh38,NC_000007.14,7,44147692,44147692,na,na,7p13,reviewed by expert panel,4,-,N,-,2,3383925,44147692,T,G,-,-,-,-,-,-,SCV005420243,-,-
3543091,single nucleotide variant,NM_000162.5(GCK):c.820G>T (p.Asp274Tyr),2645,GCK,HGNC:4195,Likely pathogenic,1,"Nov 04, 2024",-1,-,RCV004798676,"MONDO:MONDO:0015967,MedGen:C3888631,Orphanet:183625",Monogenic diabetes,germline,germline,GRCh37,NC_000007.13,7,44187292,44187292,na,na,7p13,reviewed by expert panel,2,-,N,-,2,3383926,44187292,C,A,-,-,-,-,-,-,SCV005420244,-,-
3543091,single nucleotide variant,NM_000162.5(GCK):c.820G>T (p.Asp274Tyr),2645,GCK,HGNC:4195,Likely pathogenic,1,"Nov 04, 2024",-1,-,RCV004798676,"MONDO:MONDO:0015967,MedGen:C3888631,Orphanet:183625",Monogenic diabetes,germline,germline,GRCh38,NC_000007.14,7,44147693,44147693,na,na,7p13,reviewed by expert panel,2,-,N,-,2,3383926,44147693,C,A,-,-,-,-,-,-,SCV005420244,-,-
3543092,single nucleotide variant,NM_000162.5(GCK):c.424A>T (p.Lys142Ter),2645,GCK,HGNC:4195,Pathogenic,1,"Dec 02, 2024",-1,-,RCV004798677,"MONDO:MONDO:0015967,MedGen:C3888631,Orphanet:183625",Monogenic diabetes,germline,germline,GRCh37,NC_000007.13,7,44190614,44190614,na,na,7p13,reviewed by expert panel,1,-,N,-,2,3383927,44190614,T,A,-,-,-,-,-,-,SCV005420245,-,-
3543092,single nucleotide variant,NM_000162.5(GCK):c.424A>T (p.Lys142Ter),2645,GCK,HGNC:4195,Pathogenic,1,"Dec 02, 2024",-1,-,RCV004798677,"MONDO:MONDO:0015967,MedGen:C3888631,Orphanet:183625",Monogenic diabetes,germline,germline,GRCh38,NC_000007.14,7,44151015,44151015,na,na,7p13,reviewed by expert panel,1,-,N,-,2,3383927,44151015,T,A,-,-,-,-,-,-,SCV005420245,-,-
3543093,single nucleotide variant,NM_000162.5(GCK):c.232G>A (p.Asp78Asn),2645,GCK,HGNC:4195,Pathogenic,1,"Dec 02, 2024",-1,-,RCV004798678,"MONDO:MONDO:0015967,MedGen:C3888631,Orphanet:183625",Monogenic diabetes,germline,germline,GRCh37,NC_000007.13,7,44192001,44192001,na,na,7p13,reviewed by expert panel,1,-,N,-,2,3383928,44192001,C,T,-,-,-,-,-,-,SCV005420246,-,-
3543093,single nucleotide variant,NM_000162.5(GCK):c.232G>A (p.Asp78Asn),2645,GCK,HGNC:4195,Pathogenic,1,"Dec 02, 2024",-1,-,RCV004798678,"MONDO:MONDO:0015967,MedGen:C3888631,Orphanet:183625",Monogenic diabetes,germline,germline,GRCh38,NC_000007.14,7,44152402,44152402,na,na,7p13,reviewed by expert panel,1,-,N,-,2,3383928,44152402,C,T,-,-,-,-,-,-,SCV005420246,-,-
3543094,single nucleotide variant,NM_000162.5(GCK):c.232G>C (p.Asp78His),2645,GCK,HGNC:4195,Pathogenic,1,"Dec 02, 2024",-1,-,RCV004798679,"MONDO:MONDO:0015967,MedGen:C3888631,Orphanet:183625",Monogenic diabetes,germline,germline,GRCh37,NC_000007.13,7,44192001,44192001,na,na,7p13,reviewed by expert panel,1,-,N,-,2,3383929,44192001,C,G,-,-,-,-,-,-,SCV005420247,-,-
3543094,single nucleotide variant,NM_000162.5(GCK):c.232G>C (p.Asp78His),2645,GCK,HGNC:4195,Pathogenic,1,"Dec 02, 2024",-1,-,RCV004798679,"MONDO:MONDO:0015967,MedGen:C3888631,Orphanet:183625",Monogenic diabetes,germline,germline,GRCh38,NC_000007.14,7,44152402,44152402,na,na,7p13,reviewed by expert panel,1,-,N,-,2,3383929,44152402,C,G,-,-,-,-,-,-,SCV005420247,-,-
3543095,single nucleotide variant,NM_000162.5(GCK):c.234C>G (p.Asp78Glu),2645,GCK,HGNC:4195,Pathogenic,1,"Dec 02, 2024",-1,-,RCV004798680,"MONDO:MONDO:0015967,MedGen:C3888631,Orphanet:183625",Monogenic diabetes,germline,germline,GRCh37,NC_000007.13,7,44191999,44191999,na,na,7p13,reviewed by expert panel,1,-,N,-,2,3383930,44191999,G,C,-,-,-,-,-,-,SCV005420248,-,-
3543095,single nucleotide variant,NM_000162.5(GCK):c.234C>G (p.Asp78Glu),2645,GCK,HGNC:4195,Pathogenic,1,"Dec 02, 2024",-1,-,RCV004798680,"MONDO:MONDO:0015967,MedGen:C3888631,Orphanet:183625",Monogenic diabetes,germline,germline,GRCh38,NC_000007.14,7,44152400,44152400,na,na,7p13,reviewed by expert panel,1,-,N,-,2,3383930,44152400,G,C,-,-,-,-,-,-,SCV005420248,-,-
3543096,single nucleotide variant,NM_000162.5(GCK):c.233A>G (p.Asp78Gly),2645,GCK,HGNC:4195,Likely pathogenic,1,"Oct 28, 2024",-1,-,RCV004798681|RCV005105142,"MONDO:MONDO:0015967,MedGen:C3888631,Orphanet:183625|MedGen:C3661900",Monogenic diabetes|not provided,germline,germline,GRCh37,NC_000007.13,7,44192000,44192000,na,na,7p13,reviewed by expert panel,2,-,N,-,2,3383931,44192000,T,C,-,-,-,-,-,-,SCV005420250,-,-
3543096,single nucleotide variant,NM_000162.5(GCK):c.233A>G (p.Asp78Gly),2645,GCK,HGNC:4195,Likely pathogenic,1,"Oct 28, 2024",-1,-,RCV004798681|RCV005105142,"MONDO:MONDO:0015967,MedGen:C3888631,Orphanet:183625|MedGen:C3661900",Monogenic diabetes|not provided,germline,germline,GRCh38,NC_000007.14,7,44152401,44152401,na,na,7p13,reviewed by expert panel,2,-,N,-,2,3383931,44152401,T,C,-,-,-,-,-,-,SCV005420250,-,-
3543350,Deletion,NC_000011.10:g.17445123_17455212del,6833,ABCC8,HGNC:59,Pathogenic,1,"Oct 01, 2024",-1,-,RCV004799722,"MONDO:MONDO:0100164,MedGen:C1833104,OMIM:PS606176,Orphanet:99885",Permanent neonatal diabetes mellitus,germline,germline,GRCh38,NC_000011.10,11,17445123,17455212,na,na,11p15.1,"criteria provided, single submitter",1,-,N,-,2,3384195,-1,na,na,-,-,-,-,-,-,SCV005414528,-,-
3543901,single nucleotide variant,NM_000352.6(ABCC8):c.94A>G (p.Asn32Asp),6833,ABCC8,HGNC:59,Uncertain significance,0,"Oct 11, 2024",-1,-,RCV004799891,MedGen:CN169374,not specified,germline,germline,GRCh37,NC_000011.9,11,17498230,17498230,na,na,11p15.1,"criteria provided, single submitter",1,-,N,-,2,3384755,17498230,T,C,-,-,-,-,-,-,SCV005422398,-,-
3543901,single nucleotide variant,NM_000352.6(ABCC8):c.94A>G (p.Asn32Asp),6833,ABCC8,HGNC:59,Uncertain significance,0,"Oct 11, 2024",-1,-,RCV004799891,MedGen:CN169374,not specified,germline,germline,GRCh38,NC_000011.10,11,17476683,17476683,na,na,11p15.1,"criteria provided, single submitter",1,-,N,-,2,3384755,17476683,T,C,-,-,-,-,-,-,SCV005422398,-,-
3543906,single nucleotide variant,NM_000162.5(GCK):c.45+7C>T,2645,GCK,HGNC:4195,Uncertain significance,0,"Oct 11, 2024",-1,-,RCV004799896,MedGen:CN169374,not specified,germline,germline,GRCh37,NC_000007.13,7,44228501,44228501,na,na,7p13,"criteria provided, single submitter",1,-,N,-,2,3384760,44228501,G,A,-,-,-,-,-,-,SCV005422417,-,-
3543906,single nucleotide variant,NM_000162.5(GCK):c.45+7C>T,2645,GCK,HGNC:4195,Uncertain significance,0,"Oct 11, 2024",-1,-,RCV004799896,MedGen:CN169374,not specified,germline,germline,GRCh38,NC_000007.14,7,44188902,44188902,na,na,7p13,"criteria provided, single submitter",1,-,N,-,2,3384760,44188902,G,A,-,-,-,-,-,-,SCV005422417,-,-
3543907,Duplication,NM_000162.5(GCK):c.616dup (p.Thr206fs),2645,GCK,HGNC:4195,Pathogenic,1,"Oct 11, 2024",-1,-,RCV004799897,"MONDO:MONDO:0015967,MedGen:C3888631,Orphanet:183625",Monogenic diabetes,germline,germline,GRCh37,NC_000007.13,7,44189421,44189422,na,na,7p13,"criteria provided, single submitter",1,-,N,-,2,3384761,44189421,G,GT,-,-,-,-,-,-,SCV005422418,-,-
3543907,Duplication,NM_000162.5(GCK):c.616dup (p.Thr206fs),2645,GCK,HGNC:4195,Pathogenic,1,"Oct 11, 2024",-1,-,RCV004799897,"MONDO:MONDO:0015967,MedGen:C3888631,Orphanet:183625",Monogenic diabetes,germline,germline,GRCh38,NC_000007.14,7,44149822,44149823,na,na,7p13,"criteria provided, single submitter",1,-,N,-,2,3384761,44149822,G,GT,-,-,-,-,-,-,SCV005422418,-,-
3544093,single nucleotide variant,NM_000162.5(GCK):c.1102C>G (p.Arg368Gly),2645,GCK,HGNC:4195,Uncertain significance,0,"Oct 04, 2024",-1,-,RCV004800084,MedGen:CN169374,not specified,germline,germline,GRCh37,NC_000007.13,7,44185247,44185247,na,na,7p13,"criteria provided, single submitter",1,-,N,-,2,3384948,44185247,G,C,-,-,-,-,-,-,SCV005423445,-,-
3544093,single nucleotide variant,NM_000162.5(GCK):c.1102C>G (p.Arg368Gly),2645,GCK,HGNC:4195,Uncertain significance,0,"Oct 04, 2024",-1,-,RCV004800084,MedGen:CN169374,not specified,germline,germline,GRCh38,NC_000007.14,7,44145648,44145648,na,na,7p13,"criteria provided, single submitter",1,-,N,-,2,3384948,44145648,G,C,-,-,-,-,-,-,SCV005423445,-,-
3544384,single nucleotide variant,NM_000352.6(ABCC8):c.1369G>A (p.Gly457Arg),6833,ABCC8,HGNC:59,Uncertain significance,0,"Oct 12, 2025",-1,-,RCV004800864|RCV006479367,MedGen:CN169374|MedGen:C3661900,not specified|not provided,germline,germline,GRCh37,NC_000011.9,11,17464823,17464823,na,na,11p15.1,"criteria provided, multiple submitters, no conflicts",2,-,N,-,2,3385242,17464823,C,T,-,-,-,-,-,-,SCV005422825|SCV007426679,-,-
3544384,single nucleotide variant,NM_000352.6(ABCC8):c.1369G>A (p.Gly457Arg),6833,ABCC8,HGNC:59,Uncertain significance,0,"Oct 12, 2025",-1,-,RCV004800864|RCV006479367,MedGen:CN169374|MedGen:C3661900,not specified|not provided,germline,germline,GRCh38,NC_000011.10,11,17443276,17443276,na,na,11p15.1,"criteria provided, multiple submitters, no conflicts",2,-,N,-,2,3385242,17443276,C,T,-,-,-,-,-,-,SCV005422825|SCV007426679,-,-
3544393,single nucleotide variant,NM_000352.6(ABCC8):c.4595T>C (p.Val1532Ala),6833,ABCC8,HGNC:59,Uncertain significance,0,"Oct 16, 2024",-1,-,RCV004800873,MedGen:CN169374,not specified,germline,germline,GRCh37,NC_000011.9,11,17415257,17415257,na,na,11p15.1,"criteria provided, single submitter",1,-,N,-,2,3385251,17415257,A,G,-,-,-,-,-,-,SCV005422841,-,-
3544393,single nucleotide variant,NM_000352.6(ABCC8):c.4595T>C (p.Val1532Ala),6833,ABCC8,HGNC:59,Uncertain significance,0,"Oct 16, 2024",-1,-,RCV004800873,MedGen:CN169374,not specified,germline,germline,GRCh38,NC_000011.10,11,17393710,17393710,na,na,11p15.1,"criteria provided, single submitter",1,-,N,-,2,3385251,17393710,A,G,-,-,-,-,-,-,SCV005422841,-,-
3548508,single nucleotide variant,NM_000352.6(ABCC8):c.2501G>A (p.Arg834His),6833,ABCC8,HGNC:59,Uncertain significance,0,"Jun 27, 2025",-1,-,RCV004810335,MedGen:C3661900,not provided,germline,germline,GRCh37,NC_000011.9,11,17434268,17434268,na,na,11p15.1,"criteria provided, multiple submitters, no conflicts",2,-,N,-,2,3389384,17434268,C,T,-,-,-,-,-,-,SCV005432606|SCV007422493,-,-
3548508,single nucleotide variant,NM_000352.6(ABCC8):c.2501G>A (p.Arg834His),6833,ABCC8,HGNC:59,Uncertain significance,0,"Jun 27, 2025",-1,-,RCV004810335,MedGen:C3661900,not provided,germline,germline,GRCh38,NC_000011.10,11,17412721,17412721,na,na,11p15.1,"criteria provided, multiple submitters, no conflicts",2,-,N,-,2,3389384,17412721,C,T,-,-,-,-,-,-,SCV005432606|SCV007422493,-,-
3550609,single nucleotide variant,NM_000352.6(ABCC8):c.4549A>G (p.Asn1517Asp),6833,ABCC8,HGNC:59,Uncertain significance,0,"Jun 17, 2024",-1,-,RCV004819148,MedGen:C3661900,not provided,germline,germline,GRCh37,NC_000011.9,11,17415303,17415303,na,na,11p15.1,"criteria provided, multiple submitters, no conflicts",2,-,N,-,2,3391528,17415303,T,C,-,-,-,-,-,-,SCV005439430|SCV005701139,-,-
3550609,single nucleotide variant,NM_000352.6(ABCC8):c.4549A>G (p.Asn1517Asp),6833,ABCC8,HGNC:59,Uncertain significance,0,"Jun 17, 2024",-1,-,RCV004819148,MedGen:C3661900,not provided,germline,germline,GRCh38,NC_000011.10,11,17393756,17393756,na,na,11p15.1,"criteria provided, multiple submitters, no conflicts",2,-,N,-,2,3391528,17393756,T,C,-,-,-,-,-,-,SCV005439430|SCV005701139,-,-
3551698,single nucleotide variant,NM_000352.6(ABCC8):c.2588T>C (p.Leu863Pro),6833,ABCC8,HGNC:59,Uncertain significance,0,"Jun 27, 2024",-1,-,RCV004820411,MedGen:C3661900,not provided,germline,germline,GRCh37,NC_000011.9,11,17432169,17432169,na,na,11p15.1,"criteria provided, single submitter",1,-,N,-,2,3392619,17432169,A,G,-,-,-,-,-,-,SCV005440908,-,-
3551698,single nucleotide variant,NM_000352.6(ABCC8):c.2588T>C (p.Leu863Pro),6833,ABCC8,HGNC:59,Uncertain significance,0,"Jun 27, 2024",-1,-,RCV004820411,MedGen:C3661900,not provided,germline,germline,GRCh38,NC_000011.10,11,17410622,17410622,na,na,11p15.1,"criteria provided, single submitter",1,-,N,-,2,3392619,17410622,A,G,-,-,-,-,-,-,SCV005440908,-,-
3552575,single nucleotide variant,NM_000162.5(GCK):c.46-2A>T,2645,GCK,HGNC:4195,Pathogenic,1,"Jan 03, 2025",-1,-,RCV004994494,"MONDO:MONDO:0015967,MedGen:C3888631,Orphanet:183625",Monogenic diabetes,germline,germline,GRCh37,NC_000007.13,7,44193064,44193064,na,na,7p13,reviewed by expert panel,1,-,N,-,2,3393498,44193064,T,A,-,-,-,-,-,-,SCV005442834,-,-
3552575,single nucleotide variant,NM_000162.5(GCK):c.46-2A>T,2645,GCK,HGNC:4195,Pathogenic,1,"Jan 03, 2025",-1,-,RCV004994494,"MONDO:MONDO:0015967,MedGen:C3888631,Orphanet:183625",Monogenic diabetes,germline,germline,GRCh38,NC_000007.14,7,44153465,44153465,na,na,7p13,reviewed by expert panel,1,-,N,-,2,3393498,44153465,T,A,-,-,-,-,-,-,SCV005442834,-,-
3552576,single nucleotide variant,NM_000162.5(GCK):c.46-1G>T,2645,GCK,HGNC:4195,Likely pathogenic,1,"Jan 03, 2025",-1,-,RCV004994495,"MONDO:MONDO:0015967,MedGen:C3888631,Orphanet:183625",Monogenic diabetes,germline,germline,GRCh37,NC_000007.13,7,44193063,44193063,na,na,7p13,reviewed by expert panel,1,-,N,-,2,3393499,44193063,C,A,-,-,-,-,-,-,SCV005442836,-,-
3552576,single nucleotide variant,NM_000162.5(GCK):c.46-1G>T,2645,GCK,HGNC:4195,Likely pathogenic,1,"Jan 03, 2025",-1,-,RCV004994495,"MONDO:MONDO:0015967,MedGen:C3888631,Orphanet:183625",Monogenic diabetes,germline,germline,GRCh38,NC_000007.14,7,44153464,44153464,na,na,7p13,reviewed by expert panel,1,-,N,-,2,3393499,44153464,C,A,-,-,-,-,-,-,SCV005442836,-,-
3552577,single nucleotide variant,NM_000162.5(GCK):c.47T>A (p.Val16Glu),2645,GCK,HGNC:4195,Uncertain significance,0,"Jan 03, 2025",-1,-,RCV004994496,"MONDO:MONDO:0015967,MedGen:C3888631,Orphanet:183625",Monogenic diabetes,germline,germline,GRCh37,NC_000007.13,7,44193061,44193061,na,na,7p13,reviewed by expert panel,1,-,N,-,2,3393500,44193061,A,T,-,-,-,-,-,-,SCV005442837,-,-
3552577,single nucleotide variant,NM_000162.5(GCK):c.47T>A (p.Val16Glu),2645,GCK,HGNC:4195,Uncertain significance,0,"Jan 03, 2025",-1,-,RCV004994496,"MONDO:MONDO:0015967,MedGen:C3888631,Orphanet:183625",Monogenic diabetes,germline,germline,GRCh38,NC_000007.14,7,44153462,44153462,na,na,7p13,reviewed by expert panel,1,-,N,-,2,3393500,44153462,A,T,-,-,-,-,-,-,SCV005442837,-,-
3562111,single nucleotide variant,NM_000352.6(ABCC8):c.4190C>A (p.Thr1397Lys),6833,ABCC8,HGNC:59,Uncertain significance,0,"Apr 27, 2025",-1,-,RCV004961378|RCV006631214,"MeSH:D030342,MedGen:C0950123|MedGen:C3661900",Inborn genetic diseases|not provided,germline,germline,GRCh37,NC_000011.9,11,17417407,17417407,na,na,11p15.1,"criteria provided, multiple submitters, no conflicts",2,-,N,-,2,3403042,17417407,G,T,-,-,-,-,-,-,SCV005455370|SCV007511060,-,-
3562111,single nucleotide variant,NM_000352.6(ABCC8):c.4190C>A (p.Thr1397Lys),6833,ABCC8,HGNC:59,Uncertain significance,0,"Apr 27, 2025",-1,-,RCV004961378|RCV006631214,"MeSH:D030342,MedGen:C0950123|MedGen:C3661900",Inborn genetic diseases|not provided,germline,germline,GRCh38,NC_000011.10,11,17395860,17395860,na,na,11p15.1,"criteria provided, multiple submitters, no conflicts",2,-,N,-,2,3403042,17395860,G,T,-,-,-,-,-,-,SCV005455370|SCV007511060,-,-
3562153,single nucleotide variant,NM_000352.6(ABCC8):c.4398G>T (p.Leu1466=),6833,ABCC8,HGNC:59,Likely benign,0,"Feb 18, 2025",-1,-,RCV004961381|RCV006565452,"MeSH:D030342,MedGen:C0950123|MedGen:C3661900",Inborn genetic diseases|not provided,germline,germline,GRCh37,NC_000011.9,11,17416732,17416732,na,na,11p15.1,"criteria provided, multiple submitters, no conflicts",2,-,N,-,2,3403085,17416732,C,A,-,-,-,-,-,-,SCV005457435|SCV007464945,-,-
3562153,single nucleotide variant,NM_000352.6(ABCC8):c.4398G>T (p.Leu1466=),6833,ABCC8,HGNC:59,Likely benign,0,"Feb 18, 2025",-1,-,RCV004961381|RCV006565452,"MeSH:D030342,MedGen:C0950123|MedGen:C3661900",Inborn genetic diseases|not provided,germline,germline,GRCh38,NC_000011.10,11,17395185,17395185,na,na,11p15.1,"criteria provided, multiple submitters, no conflicts",2,-,N,-,2,3403085,17395185,C,A,-,-,-,-,-,-,SCV005457435|SCV007464945,-,-
3562345,single nucleotide variant,NM_000352.6(ABCC8):c.470T>A (p.Phe157Tyr),6833,ABCC8,HGNC:59,Uncertain significance,0,"Sep 25, 2024",-1,-,RCV004961418,"MeSH:D030342,MedGen:C0950123",Inborn genetic diseases,germline,germline,GRCh37,NC_000011.9,11,17485094,17485094,na,na,11p15.1,"criteria provided, single submitter",1,-,N,-,2,3403277,17485094,A,T,-,-,-,-,-,-,SCV005452733,-,-
3562345,single nucleotide variant,NM_000352.6(ABCC8):c.470T>A (p.Phe157Tyr),6833,ABCC8,HGNC:59,Uncertain significance,0,"Sep 25, 2024",-1,-,RCV004961418,"MeSH:D030342,MedGen:C0950123",Inborn genetic diseases,germline,germline,GRCh38,NC_000011.10,11,17463547,17463547,na,na,11p15.1,"criteria provided, single submitter",1,-,N,-,2,3403277,17463547,A,T,-,-,-,-,-,-,SCV005452733,-,-
3562436,single nucleotide variant,NM_000352.6(ABCC8):c.778C>T (p.Leu260Phe),6833,ABCC8,HGNC:59,Uncertain significance,0,"Nov 24, 2024",-1,-,RCV004961428,"MeSH:D030342,MedGen:C0950123",Inborn genetic diseases,germline,germline,GRCh37,NC_000011.9,11,17483174,17483174,na,na,11p15.1,"criteria provided, single submitter",1,-,N,-,2,3403368,17483174,G,A,-,-,-,-,-,-,SCV005454854,-,-
3562436,single nucleotide variant,NM_000352.6(ABCC8):c.778C>T (p.Leu260Phe),6833,ABCC8,HGNC:59,Uncertain significance,0,"Nov 24, 2024",-1,-,RCV004961428,"MeSH:D030342,MedGen:C0950123",Inborn genetic diseases,germline,germline,GRCh38,NC_000011.10,11,17461627,17461627,na,na,11p15.1,"criteria provided, single submitter",1,-,N,-,2,3403368,17461627,G,A,-,-,-,-,-,-,SCV005454854,-,-
3565424,single nucleotide variant,NM_000352.6(ABCC8):c.3358A>C (p.Ile1120Leu),6833,ABCC8,HGNC:59,Uncertain significance,0,"Jul 06, 2024",-1,-,RCV004959333,"MeSH:D030342,MedGen:C0950123",Inborn genetic diseases,germline,germline,GRCh37,NC_000011.9,11,17427082,17427082,na,na,11p15.1,"criteria provided, single submitter",1,-,N,-,2,3402896,17427082,T,G,-,-,-,-,-,-,SCV005455206,-,-
3565424,single nucleotide variant,NM_000352.6(ABCC8):c.3358A>C (p.Ile1120Leu),6833,ABCC8,HGNC:59,Uncertain significance,0,"Jul 06, 2024",-1,-,RCV004959333,"MeSH:D030342,MedGen:C0950123",Inborn genetic diseases,germline,germline,GRCh38,NC_000011.10,11,17405535,17405535,na,na,11p15.1,"criteria provided, single submitter",1,-,N,-,2,3402896,17405535,T,G,-,-,-,-,-,-,SCV005455206,-,-
3677976,single nucleotide variant,NM_000162.5(GCK):c.951C>T (p.His317=),2645,GCK,HGNC:4195,Likely benign,0,"Jun 28, 2024",-1,-,RCV004823537,"Human Phenotype Ontology:HP:0004904,MONDO:MONDO:0018911,MedGen:C0342276,OMIM:PS125850,Orphanet:552",Maturity-onset diabetes of the young,germline,germline,GRCh37,NC_000007.13,7,44186130,44186130,na,na,7p13,"criteria provided, single submitter",1,-,N,-,2,3519367,44186130,G,A,-,-,-,-,-,-,SCV005589876,-,-
3677976,single nucleotide variant,NM_000162.5(GCK):c.951C>T (p.His317=),2645,GCK,HGNC:4195,Likely benign,0,"Jun 28, 2024",-1,-,RCV004823537,"Human Phenotype Ontology:HP:0004904,MONDO:MONDO:0018911,MedGen:C0342276,OMIM:PS125850,Orphanet:552",Maturity-onset diabetes of the young,germline,germline,GRCh38,NC_000007.14,7,44146531,44146531,na,na,7p13,"criteria provided, single submitter",1,-,N,-,2,3519367,44146531,G,A,-,-,-,-,-,-,SCV005589876,-,-
3677977,single nucleotide variant,NM_000162.5(GCK):c.237G>A (p.Leu79=),2645,GCK,HGNC:4195,Conflicting classifications of pathogenicity,0,"Aug 12, 2024",-1,-,RCV004823538|RCV005038907,"Human Phenotype Ontology:HP:0004904,MONDO:MONDO:0018911,MedGen:C0342276,OMIM:PS125850,Orphanet:552|MONDO:MONDO:0007453,MedGen:C0342277,OMIM:125851,Orphanet:552;MONDO:MONDO:0100165,MedGen:C5393570,OMIM:606176;Human Phenotype Ontology:HP:0005965,Human Phenotype Ontology:HP:0005978,Human Phenotype Ontology:HP:0100652,MONDO:MONDO:0005148,MeSH:D003924,MedGen:C0011860,OMIM:125853;MONDO:MONDO:0011236,MedGen:C1865290,OMIM:602485,Orphanet:79299",Maturity-onset diabetes of the young|Maturity-onset diabetes of the young type 2;Permanent neonatal diabetes mellitus 1;Type 2 diabetes mellitus;Hyperinsulinism due to glucokinase deficiency,germline,germline,GRCh37,NC_000007.13,7,44191996,44191996,na,na,7p13,"criteria provided, conflicting classifications",2,-,N,-,2,3519368,44191996,C,T,-,-,-,-,-,-,SCV005589877|SCV005668358,-,-
3677977,single nucleotide variant,NM_000162.5(GCK):c.237G>A (p.Leu79=),2645,GCK,HGNC:4195,Conflicting classifications of pathogenicity,0,"Aug 12, 2024",-1,-,RCV004823538|RCV005038907,"Human Phenotype Ontology:HP:0004904,MONDO:MONDO:0018911,MedGen:C0342276,OMIM:PS125850,Orphanet:552|MONDO:MONDO:0007453,MedGen:C0342277,OMIM:125851,Orphanet:552;MONDO:MONDO:0100165,MedGen:C5393570,OMIM:606176;Human Phenotype Ontology:HP:0005965,Human Phenotype Ontology:HP:0005978,Human Phenotype Ontology:HP:0100652,MONDO:MONDO:0005148,MeSH:D003924,MedGen:C0011860,OMIM:125853;MONDO:MONDO:0011236,MedGen:C1865290,OMIM:602485,Orphanet:79299",Maturity-onset diabetes of the young|Maturity-onset diabetes of the young type 2;Permanent neonatal diabetes mellitus 1;Type 2 diabetes mellitus;Hyperinsulinism due to glucokinase deficiency,germline,germline,GRCh38,NC_000007.14,7,44152397,44152397,na,na,7p13,"criteria provided, conflicting classifications",2,-,N,-,2,3519368,44152397,C,T,-,-,-,-,-,-,SCV005589877|SCV005668358,-,-
3677978,single nucleotide variant,NM_000162.5(GCK):c.942G>A (p.Leu314=),2645,GCK,HGNC:4195,Likely benign,0,"Oct 04, 2024",-1,-,RCV004823539,"Human Phenotype Ontology:HP:0004904,MONDO:MONDO:0018911,MedGen:C0342276,OMIM:PS125850,Orphanet:552",Maturity-onset diabetes of the young,germline,germline,GRCh37,NC_000007.13,7,44186139,44186139,na,na,7p13,"criteria provided, single submitter",1,-,N,-,2,3519369,44186139,C,T,-,-,-,-,-,-,SCV005594288,-,-
3677978,single nucleotide variant,NM_000162.5(GCK):c.942G>A (p.Leu314=),2645,GCK,HGNC:4195,Likely benign,0,"Oct 04, 2024",-1,-,RCV004823539,"Human Phenotype Ontology:HP:0004904,MONDO:MONDO:0018911,MedGen:C0342276,OMIM:PS125850,Orphanet:552",Maturity-onset diabetes of the young,germline,germline,GRCh38,NC_000007.14,7,44146540,44146540,na,na,7p13,"criteria provided, single submitter",1,-,N,-,2,3519369,44146540,C,T,-,-,-,-,-,-,SCV005594288,-,-
3677979,single nucleotide variant,NM_000162.5(GCK):c.996G>A (p.Thr332=),2645,GCK,HGNC:4195,Likely benign,0,"Oct 04, 2024",-1,-,RCV004823540,"Human Phenotype Ontology:HP:0004904,MONDO:MONDO:0018911,MedGen:C0342276,OMIM:PS125850,Orphanet:552",Maturity-onset diabetes of the young,germline,germline,GRCh37,NC_000007.13,7,44186085,44186085,na,na,7p13,"criteria provided, single submitter",1,-,N,-,2,3519370,44186085,C,T,-,-,-,-,-,-,SCV005594289,-,-
3677979,single nucleotide variant,NM_000162.5(GCK):c.996G>A (p.Thr332=),2645,GCK,HGNC:4195,Likely benign,0,"Oct 04, 2024",-1,-,RCV004823540,"Human Phenotype Ontology:HP:0004904,MONDO:MONDO:0018911,MedGen:C0342276,OMIM:PS125850,Orphanet:552",Maturity-onset diabetes of the young,germline,germline,GRCh38,NC_000007.14,7,44146486,44146486,na,na,7p13,"criteria provided, single submitter",1,-,N,-,2,3519370,44146486,C,T,-,-,-,-,-,-,SCV005594289,-,-
3687552,single nucleotide variant,NM_000525.4(KCNJ11):c.736G>A (p.Gly246Ser),3767,KCNJ11,HGNC:6257,Uncertain significance,0,"Sep 01, 2024",-1,-,RCV004989794,"MeSH:D030342,MedGen:C0950123",Inborn genetic diseases,germline,germline,GRCh37,NC_000011.9,11,17408903,17408903,na,na,11p15.1,"criteria provided, single submitter",1,-,N,-,2,3532451,17408903,C,T,-,-,-,-,-,-,SCV005602511,-,-
3687552,single nucleotide variant,NM_000525.4(KCNJ11):c.736G>A (p.Gly246Ser),3767,KCNJ11,HGNC:6257,Uncertain significance,0,"Sep 01, 2024",-1,-,RCV004989794,"MeSH:D030342,MedGen:C0950123",Inborn genetic diseases,germline,germline,GRCh38,NC_000011.10,11,17387356,17387356,na,na,11p15.1,"criteria provided, single submitter",1,-,N,-,2,3532451,17387356,C,T,-,-,-,-,-,-,SCV005602511,-,-
3719984,single nucleotide variant,NM_000352.6(ABCC8):c.3777G>T (p.Val1259=),6833,ABCC8,HGNC:59,Uncertain significance,0,"Dec 21, 2023",-1,-,RCV005046541,"MONDO:MONDO:0009415,MedGen:C0271714,OMIM:240800;MONDO:MONDO:0030088,MedGen:C5394303,OMIM:618857;MONDO:MONDO:0012480,MedGen:C1835887,OMIM:610374,Orphanet:99886;Human Phenotype Ontology:HP:0005965,Human Phenotype Ontology:HP:0005978,Human Phenotype Ontology:HP:0100652,MONDO:MONDO:0005148,MeSH:D003924,MedGen:C0011860,OMIM:125853;MONDO:MONDO:0009734,MedGen:C2931832,OMIM:256450,Orphanet:276575,Orphanet:276598","Leucine-induced hypoglycemia;Diabetes mellitus, permanent neonatal 3;Diabetes mellitus, transient neonatal, 2;Type 2 diabetes mellitus;Hyperinsulinemic hypoglycemia, familial, 1",germline,germline,GRCh37,NC_000011.9,11,17419321,17419321,na,na,11p15.1,"criteria provided, single submitter",1,-,N,-,2,3599320,17419321,C,A,-,-,-,-,-,-,SCV005681083,-,-
3719984,single nucleotide variant,NM_000352.6(ABCC8):c.3777G>T (p.Val1259=),6833,ABCC8,HGNC:59,Uncertain significance,0,"Dec 21, 2023",-1,-,RCV005046541,"MONDO:MONDO:0009415,MedGen:C0271714,OMIM:240800;MONDO:MONDO:0030088,MedGen:C5394303,OMIM:618857;MONDO:MONDO:0012480,MedGen:C1835887,OMIM:610374,Orphanet:99886;Human Phenotype Ontology:HP:0005965,Human Phenotype Ontology:HP:0005978,Human Phenotype Ontology:HP:0100652,MONDO:MONDO:0005148,MeSH:D003924,MedGen:C0011860,OMIM:125853;MONDO:MONDO:0009734,MedGen:C2931832,OMIM:256450,Orphanet:276575,Orphanet:276598","Leucine-induced hypoglycemia;Diabetes mellitus, permanent neonatal 3;Diabetes mellitus, transient neonatal, 2;Type 2 diabetes mellitus;Hyperinsulinemic hypoglycemia, familial, 1",germline,germline,GRCh38,NC_000011.10,11,17397774,17397774,na,na,11p15.1,"criteria provided, single submitter",1,-,N,-,2,3599320,17397774,C,A,-,-,-,-,-,-,SCV005681083,-,-
3719985,single nucleotide variant,NM_000352.6(ABCC8):c.3682G>A (p.Glu1228Lys),6833,ABCC8,HGNC:59,Uncertain significance,0,"Jun 05, 2024",-1,-,RCV005046542,"MONDO:MONDO:0009415,MedGen:C0271714,OMIM:240800;MONDO:MONDO:0030088,MedGen:C5394303,OMIM:618857;MONDO:MONDO:0012480,MedGen:C1835887,OMIM:610374,Orphanet:99886;Human Phenotype Ontology:HP:0005965,Human Phenotype Ontology:HP:0005978,Human Phenotype Ontology:HP:0100652,MONDO:MONDO:0005148,MeSH:D003924,MedGen:C0011860,OMIM:125853;MONDO:MONDO:0009734,MedGen:C2931832,OMIM:256450,Orphanet:276575,Orphanet:276598","Leucine-induced hypoglycemia;Diabetes mellitus, permanent neonatal 3;Diabetes mellitus, transient neonatal, 2;Type 2 diabetes mellitus;Hyperinsulinemic hypoglycemia, familial, 1",germline,germline,GRCh37,NC_000011.9,11,17419957,17419957,na,na,11p15.1,"criteria provided, single submitter",1,-,N,-,2,3599321,17419957,C,T,-,-,-,-,-,-,SCV005681086,-,-
3719985,single nucleotide variant,NM_000352.6(ABCC8):c.3682G>A (p.Glu1228Lys),6833,ABCC8,HGNC:59,Uncertain significance,0,"Jun 05, 2024",-1,-,RCV005046542,"MONDO:MONDO:0009415,MedGen:C0271714,OMIM:240800;MONDO:MONDO:0030088,MedGen:C5394303,OMIM:618857;MONDO:MONDO:0012480,MedGen:C1835887,OMIM:610374,Orphanet:99886;Human Phenotype Ontology:HP:0005965,Human Phenotype Ontology:HP:0005978,Human Phenotype Ontology:HP:0100652,MONDO:MONDO:0005148,MeSH:D003924,MedGen:C0011860,OMIM:125853;MONDO:MONDO:0009734,MedGen:C2931832,OMIM:256450,Orphanet:276575,Orphanet:276598","Leucine-induced hypoglycemia;Diabetes mellitus, permanent neonatal 3;Diabetes mellitus, transient neonatal, 2;Type 2 diabetes mellitus;Hyperinsulinemic hypoglycemia, familial, 1",germline,germline,GRCh38,NC_000011.10,11,17398410,17398410,na,na,11p15.1,"criteria provided, single submitter",1,-,N,-,2,3599321,17398410,C,T,-,-,-,-,-,-,SCV005681086,-,-
3719986,single nucleotide variant,NM_000352.6(ABCC8):c.3665T>C (p.Phe1222Ser),6833,ABCC8,HGNC:59,Uncertain significance,0,"Feb 19, 2024",-1,-,RCV005050063,"MONDO:MONDO:0009415,MedGen:C0271714,OMIM:240800;MONDO:MONDO:0030088,MedGen:C5394303,OMIM:618857;MONDO:MONDO:0012480,MedGen:C1835887,OMIM:610374,Orphanet:99886;Human Phenotype Ontology:HP:0005965,Human Phenotype Ontology:HP:0005978,Human Phenotype Ontology:HP:0100652,MONDO:MONDO:0005148,MeSH:D003924,MedGen:C0011860,OMIM:125853;MONDO:MONDO:0009734,MedGen:C2931832,OMIM:256450,Orphanet:276575,Orphanet:276598","Leucine-induced hypoglycemia;Diabetes mellitus, permanent neonatal 3;Diabetes mellitus, transient neonatal, 2;Type 2 diabetes mellitus;Hyperinsulinemic hypoglycemia, familial, 1",germline,germline,GRCh37,NC_000011.9,11,17419974,17419974,na,na,11p15.1,"criteria provided, single submitter",1,-,N,-,2,3599322,17419974,A,G,-,-,-,-,-,-,SCV005681087,-,-
3719986,single nucleotide variant,NM_000352.6(ABCC8):c.3665T>C (p.Phe1222Ser),6833,ABCC8,HGNC:59,Uncertain significance,0,"Feb 19, 2024",-1,-,RCV005050063,"MONDO:MONDO:0009415,MedGen:C0271714,OMIM:240800;MONDO:MONDO:0030088,MedGen:C5394303,OMIM:618857;MONDO:MONDO:0012480,MedGen:C1835887,OMIM:610374,Orphanet:99886;Human Phenotype Ontology:HP:0005965,Human Phenotype Ontology:HP:0005978,Human Phenotype Ontology:HP:0100652,MONDO:MONDO:0005148,MeSH:D003924,MedGen:C0011860,OMIM:125853;MONDO:MONDO:0009734,MedGen:C2931832,OMIM:256450,Orphanet:276575,Orphanet:276598","Leucine-induced hypoglycemia;Diabetes mellitus, permanent neonatal 3;Diabetes mellitus, transient neonatal, 2;Type 2 diabetes mellitus;Hyperinsulinemic hypoglycemia, familial, 1",germline,germline,GRCh38,NC_000011.10,11,17398427,17398427,na,na,11p15.1,"criteria provided, single submitter",1,-,N,-,2,3599322,17398427,A,G,-,-,-,-,-,-,SCV005681087,-,-
3719987,single nucleotide variant,NM_000352.6(ABCC8):c.3662G>A (p.Arg1221Gln),6833,ABCC8,HGNC:59,Uncertain significance,0,"Apr 03, 2024",-1,-,RCV005046543,"MONDO:MONDO:0009415,MedGen:C0271714,OMIM:240800;MONDO:MONDO:0030088,MedGen:C5394303,OMIM:618857;MONDO:MONDO:0012480,MedGen:C1835887,OMIM:610374,Orphanet:99886;Human Phenotype Ontology:HP:0005965,Human Phenotype Ontology:HP:0005978,Human Phenotype Ontology:HP:0100652,MONDO:MONDO:0005148,MeSH:D003924,MedGen:C0011860,OMIM:125853;MONDO:MONDO:0009734,MedGen:C2931832,OMIM:256450,Orphanet:276575,Orphanet:276598","Leucine-induced hypoglycemia;Diabetes mellitus, permanent neonatal 3;Diabetes mellitus, transient neonatal, 2;Type 2 diabetes mellitus;Hyperinsulinemic hypoglycemia, familial, 1",germline,germline,GRCh37,NC_000011.9,11,17419977,17419977,na,na,11p15.1,"criteria provided, single submitter",1,-,N,-,2,3599323,17419977,C,T,-,-,-,-,-,-,SCV005681088,-,-
3719987,single nucleotide variant,NM_000352.6(ABCC8):c.3662G>A (p.Arg1221Gln),6833,ABCC8,HGNC:59,Uncertain significance,0,"Apr 03, 2024",-1,-,RCV005046543,"MONDO:MONDO:0009415,MedGen:C0271714,OMIM:240800;MONDO:MONDO:0030088,MedGen:C5394303,OMIM:618857;MONDO:MONDO:0012480,MedGen:C1835887,OMIM:610374,Orphanet:99886;Human Phenotype Ontology:HP:0005965,Human Phenotype Ontology:HP:0005978,Human Phenotype Ontology:HP:0100652,MONDO:MONDO:0005148,MeSH:D003924,MedGen:C0011860,OMIM:125853;MONDO:MONDO:0009734,MedGen:C2931832,OMIM:256450,Orphanet:276575,Orphanet:276598","Leucine-induced hypoglycemia;Diabetes mellitus, permanent neonatal 3;Diabetes mellitus, transient neonatal, 2;Type 2 diabetes mellitus;Hyperinsulinemic hypoglycemia, familial, 1",germline,germline,GRCh38,NC_000011.10,11,17398430,17398430,na,na,11p15.1,"criteria provided, single submitter",1,-,N,-,2,3599323,17398430,C,T,-,-,-,-,-,-,SCV005681088,-,-
3719988,single nucleotide variant,NM_000352.6(ABCC8):c.3650+2T>G,6833,ABCC8,HGNC:59,Pathogenic,1,"Mar 14, 2024",-1,-,RCV005046544,"MONDO:MONDO:0009415,MedGen:C0271714,OMIM:240800;MONDO:MONDO:0030088,MedGen:C5394303,OMIM:618857;MONDO:MONDO:0012480,MedGen:C1835887,OMIM:610374,Orphanet:99886;Human Phenotype Ontology:HP:0005965,Human Phenotype Ontology:HP:0005978,Human Phenotype Ontology:HP:0100652,MONDO:MONDO:0005148,MeSH:D003924,MedGen:C0011860,OMIM:125853;MONDO:MONDO:0009734,MedGen:C2931832,OMIM:256450,Orphanet:276575,Orphanet:276598","Leucine-induced hypoglycemia;Diabetes mellitus, permanent neonatal 3;Diabetes mellitus, transient neonatal, 2;Type 2 diabetes mellitus;Hyperinsulinemic hypoglycemia, familial, 1",germline,germline,GRCh37,NC_000011.9,11,17424206,17424206,na,na,11p15.1,"criteria provided, single submitter",1,-,N,-,2,3599324,17424206,A,C,-,-,-,-,-,-,SCV005681089,-,-
3719988,single nucleotide variant,NM_000352.6(ABCC8):c.3650+2T>G,6833,ABCC8,HGNC:59,Pathogenic,1,"Mar 14, 2024",-1,-,RCV005046544,"MONDO:MONDO:0009415,MedGen:C0271714,OMIM:240800;MONDO:MONDO:0030088,MedGen:C5394303,OMIM:618857;MONDO:MONDO:0012480,MedGen:C1835887,OMIM:610374,Orphanet:99886;Human Phenotype Ontology:HP:0005965,Human Phenotype Ontology:HP:0005978,Human Phenotype Ontology:HP:0100652,MONDO:MONDO:0005148,MeSH:D003924,MedGen:C0011860,OMIM:125853;MONDO:MONDO:0009734,MedGen:C2931832,OMIM:256450,Orphanet:276575,Orphanet:276598","Leucine-induced hypoglycemia;Diabetes mellitus, permanent neonatal 3;Diabetes mellitus, transient neonatal, 2;Type 2 diabetes mellitus;Hyperinsulinemic hypoglycemia, familial, 1",germline,germline,GRCh38,NC_000011.10,11,17402659,17402659,na,na,11p15.1,"criteria provided, single submitter",1,-,N,-,2,3599324,17402659,A,C,-,-,-,-,-,-,SCV005681089,-,-
3719989,single nucleotide variant,NM_000352.6(ABCC8):c.3650+2T>C,6833,ABCC8,HGNC:59,Pathogenic/Likely pathogenic,1,"Sep 24, 2025",-1,-,RCV005046546|RCV006636014,"MONDO:MONDO:0009415,MedGen:C0271714,OMIM:240800;MONDO:MONDO:0012480,MedGen:C1835887,OMIM:610374,Orphanet:99886;Human Phenotype Ontology:HP:0005965,Human Phenotype Ontology:HP:0005978,Human Phenotype Ontology:HP:0100652,MONDO:MONDO:0005148,MeSH:D003924,MedGen:C0011860,OMIM:125853;MONDO:MONDO:0030088,MedGen:C5394303,OMIM:618857;MONDO:MONDO:0009734,MedGen:C2931832,OMIM:256450,Orphanet:276575,Orphanet:276598|MONDO:MONDO:0009734,MedGen:C2931832,OMIM:256450,Orphanet:276575,Orphanet:276598","Leucine-induced hypoglycemia;Diabetes mellitus, transient neonatal, 2;Type 2 diabetes mellitus;Diabetes mellitus, permanent neonatal 3;Hyperinsulinemic hypoglycemia, familial, 1|Hyperinsulinemic hypoglycemia, familial, 1",germline,germline,GRCh37,NC_000011.9,11,17424206,17424206,na,na,11p15.1,"criteria provided, multiple submitters, no conflicts",2,-,N,-,2,3599326,17424206,A,G,-,-,-,-,-,-,SCV005681091|SCV006550976,-,-
3719989,single nucleotide variant,NM_000352.6(ABCC8):c.3650+2T>C,6833,ABCC8,HGNC:59,Pathogenic/Likely pathogenic,1,"Sep 24, 2025",-1,-,RCV005046546|RCV006636014,"MONDO:MONDO:0009415,MedGen:C0271714,OMIM:240800;MONDO:MONDO:0012480,MedGen:C1835887,OMIM:610374,Orphanet:99886;Human Phenotype Ontology:HP:0005965,Human Phenotype Ontology:HP:0005978,Human Phenotype Ontology:HP:0100652,MONDO:MONDO:0005148,MeSH:D003924,MedGen:C0011860,OMIM:125853;MONDO:MONDO:0030088,MedGen:C5394303,OMIM:618857;MONDO:MONDO:0009734,MedGen:C2931832,OMIM:256450,Orphanet:276575,Orphanet:276598|MONDO:MONDO:0009734,MedGen:C2931832,OMIM:256450,Orphanet:276575,Orphanet:276598","Leucine-induced hypoglycemia;Diabetes mellitus, transient neonatal, 2;Type 2 diabetes mellitus;Diabetes mellitus, permanent neonatal 3;Hyperinsulinemic hypoglycemia, familial, 1|Hyperinsulinemic hypoglycemia, familial, 1",germline,germline,GRCh38,NC_000011.10,11,17402659,17402659,na,na,11p15.1,"criteria provided, multiple submitters, no conflicts",2,-,N,-,2,3599326,17402659,A,G,-,-,-,-,-,-,SCV005681091|SCV006550976,-,-
3719990,Deletion,NM_000352.6(ABCC8):c.3623_3625del (p.Glu1208del),6833,ABCC8,HGNC:59,Uncertain significance,0,"Feb 27, 2024",-1,-,RCV005046547,"MONDO:MONDO:0009415,MedGen:C0271714,OMIM:240800;MONDO:MONDO:0030088,MedGen:C5394303,OMIM:618857;MONDO:MONDO:0012480,MedGen:C1835887,OMIM:610374,Orphanet:99886;Human Phenotype Ontology:HP:0005965,Human Phenotype Ontology:HP:0005978,Human Phenotype Ontology:HP:0100652,MONDO:MONDO:0005148,MeSH:D003924,MedGen:C0011860,OMIM:125853;MONDO:MONDO:0009734,MedGen:C2931832,OMIM:256450,Orphanet:276575,Orphanet:276598","Leucine-induced hypoglycemia;Diabetes mellitus, permanent neonatal 3;Diabetes mellitus, transient neonatal, 2;Type 2 diabetes mellitus;Hyperinsulinemic hypoglycemia, familial, 1",germline,germline,GRCh37,NC_000011.9,11,17424233,17424235,na,na,11p15.1,"criteria provided, single submitter",1,-,N,-,2,3599327,17424232,CCTT,C,-,-,-,-,-,-,SCV005681092,-,-
3719990,Deletion,NM_000352.6(ABCC8):c.3623_3625del (p.Glu1208del),6833,ABCC8,HGNC:59,Uncertain significance,0,"Feb 27, 2024",-1,-,RCV005046547,"MONDO:MONDO:0009415,MedGen:C0271714,OMIM:240800;MONDO:MONDO:0030088,MedGen:C5394303,OMIM:618857;MONDO:MONDO:0012480,MedGen:C1835887,OMIM:610374,Orphanet:99886;Human Phenotype Ontology:HP:0005965,Human Phenotype Ontology:HP:0005978,Human Phenotype Ontology:HP:0100652,MONDO:MONDO:0005148,MeSH:D003924,MedGen:C0011860,OMIM:125853;MONDO:MONDO:0009734,MedGen:C2931832,OMIM:256450,Orphanet:276575,Orphanet:276598","Leucine-induced hypoglycemia;Diabetes mellitus, permanent neonatal 3;Diabetes mellitus, transient neonatal, 2;Type 2 diabetes mellitus;Hyperinsulinemic hypoglycemia, familial, 1",germline,germline,GRCh38,NC_000011.10,11,17402686,17402688,na,na,11p15.1,"criteria provided, single submitter",1,-,N,-,2,3599327,17402685,CCTT,C,-,-,-,-,-,-,SCV005681092,-,-
3719991,single nucleotide variant,NM_000352.6(ABCC8):c.3589C>G (p.Leu1197Val),6833,ABCC8,HGNC:59,Uncertain significance,0,"Mar 08, 2024",-1,-,RCV005046548,"MONDO:MONDO:0009415,MedGen:C0271714,OMIM:240800;MONDO:MONDO:0030088,MedGen:C5394303,OMIM:618857;MONDO:MONDO:0012480,MedGen:C1835887,OMIM:610374,Orphanet:99886;Human Phenotype Ontology:HP:0005965,Human Phenotype Ontology:HP:0005978,Human Phenotype Ontology:HP:0100652,MONDO:MONDO:0005148,MeSH:D003924,MedGen:C0011860,OMIM:125853;MONDO:MONDO:0009734,MedGen:C2931832,OMIM:256450,Orphanet:276575,Orphanet:276598","Leucine-induced hypoglycemia;Diabetes mellitus, permanent neonatal 3;Diabetes mellitus, transient neonatal, 2;Type 2 diabetes mellitus;Hyperinsulinemic hypoglycemia, familial, 1",germline,germline,GRCh37,NC_000011.9,11,17424269,17424269,na,na,11p15.1,"criteria provided, single submitter",1,-,N,-,2,3599328,17424269,G,C,-,-,-,-,-,-,SCV005681093,-,-
3719991,single nucleotide variant,NM_000352.6(ABCC8):c.3589C>G (p.Leu1197Val),6833,ABCC8,HGNC:59,Uncertain significance,0,"Mar 08, 2024",-1,-,RCV005046548,"MONDO:MONDO:0009415,MedGen:C0271714,OMIM:240800;MONDO:MONDO:0030088,MedGen:C5394303,OMIM:618857;MONDO:MONDO:0012480,MedGen:C1835887,OMIM:610374,Orphanet:99886;Human Phenotype Ontology:HP:0005965,Human Phenotype Ontology:HP:0005978,Human Phenotype Ontology:HP:0100652,MONDO:MONDO:0005148,MeSH:D003924,MedGen:C0011860,OMIM:125853;MONDO:MONDO:0009734,MedGen:C2931832,OMIM:256450,Orphanet:276575,Orphanet:276598","Leucine-induced hypoglycemia;Diabetes mellitus, permanent neonatal 3;Diabetes mellitus, transient neonatal, 2;Type 2 diabetes mellitus;Hyperinsulinemic hypoglycemia, familial, 1",germline,germline,GRCh38,NC_000011.10,11,17402722,17402722,na,na,11p15.1,"criteria provided, single submitter",1,-,N,-,2,3599328,17402722,G,C,-,-,-,-,-,-,SCV005681093,-,-
3719992,single nucleotide variant,NM_000352.6(ABCC8):c.3515T>A (p.Ile1172Asn),6833,ABCC8,HGNC:59,Uncertain significance,0,"Apr 15, 2024",-1,-,RCV005050064,"MONDO:MONDO:0009415,MedGen:C0271714,OMIM:240800;MONDO:MONDO:0030088,MedGen:C5394303,OMIM:618857;MONDO:MONDO:0012480,MedGen:C1835887,OMIM:610374,Orphanet:99886;Human Phenotype Ontology:HP:0005965,Human Phenotype Ontology:HP:0005978,Human Phenotype Ontology:HP:0100652,MONDO:MONDO:0005148,MeSH:D003924,MedGen:C0011860,OMIM:125853;MONDO:MONDO:0009734,MedGen:C2931832,OMIM:256450,Orphanet:276575,Orphanet:276598","Leucine-induced hypoglycemia;Diabetes mellitus, permanent neonatal 3;Diabetes mellitus, transient neonatal, 2;Type 2 diabetes mellitus;Hyperinsulinemic hypoglycemia, familial, 1",germline,germline,GRCh37,NC_000011.9,11,17426101,17426101,na,na,11p15.1,"criteria provided, single submitter",1,-,N,-,2,3599329,17426101,A,T,-,-,-,-,-,-,SCV005681095,-,-
3719992,single nucleotide variant,NM_000352.6(ABCC8):c.3515T>A (p.Ile1172Asn),6833,ABCC8,HGNC:59,Uncertain significance,0,"Apr 15, 2024",-1,-,RCV005050064,"MONDO:MONDO:0009415,MedGen:C0271714,OMIM:240800;MONDO:MONDO:0030088,MedGen:C5394303,OMIM:618857;MONDO:MONDO:0012480,MedGen:C1835887,OMIM:610374,Orphanet:99886;Human Phenotype Ontology:HP:0005965,Human Phenotype Ontology:HP:0005978,Human Phenotype Ontology:HP:0100652,MONDO:MONDO:0005148,MeSH:D003924,MedGen:C0011860,OMIM:125853;MONDO:MONDO:0009734,MedGen:C2931832,OMIM:256450,Orphanet:276575,Orphanet:276598","Leucine-induced hypoglycemia;Diabetes mellitus, permanent neonatal 3;Diabetes mellitus, transient neonatal, 2;Type 2 diabetes mellitus;Hyperinsulinemic hypoglycemia, familial, 1",germline,germline,GRCh38,NC_000011.10,11,17404554,17404554,na,na,11p15.1,"criteria provided, single submitter",1,-,N,-,2,3599329,17404554,A,T,-,-,-,-,-,-,SCV005681095,-,-
3719993,single nucleotide variant,NM_000352.6(ABCC8):c.3484G>A (p.Val1162Met),6833,ABCC8,HGNC:59,Uncertain significance,0,"Dec 29, 2023",-1,-,RCV005046549,"MONDO:MONDO:0009415,MedGen:C0271714,OMIM:240800;MONDO:MONDO:0030088,MedGen:C5394303,OMIM:618857;MONDO:MONDO:0012480,MedGen:C1835887,OMIM:610374,Orphanet:99886;Human Phenotype Ontology:HP:0005965,Human Phenotype Ontology:HP:0005978,Human Phenotype Ontology:HP:0100652,MONDO:MONDO:0005148,MeSH:D003924,MedGen:C0011860,OMIM:125853;MONDO:MONDO:0009734,MedGen:C2931832,OMIM:256450,Orphanet:276575,Orphanet:276598","Leucine-induced hypoglycemia;Diabetes mellitus, permanent neonatal 3;Diabetes mellitus, transient neonatal, 2;Type 2 diabetes mellitus;Hyperinsulinemic hypoglycemia, familial, 1",germline,germline,GRCh37,NC_000011.9,11,17426132,17426132,na,na,11p15.1,"criteria provided, single submitter",1,-,N,-,2,3599330,17426132,C,T,-,-,-,-,-,-,SCV005676281,-,-
3719993,single nucleotide variant,NM_000352.6(ABCC8):c.3484G>A (p.Val1162Met),6833,ABCC8,HGNC:59,Uncertain significance,0,"Dec 29, 2023",-1,-,RCV005046549,"MONDO:MONDO:0009415,MedGen:C0271714,OMIM:240800;MONDO:MONDO:0030088,MedGen:C5394303,OMIM:618857;MONDO:MONDO:0012480,MedGen:C1835887,OMIM:610374,Orphanet:99886;Human Phenotype Ontology:HP:0005965,Human Phenotype Ontology:HP:0005978,Human Phenotype Ontology:HP:0100652,MONDO:MONDO:0005148,MeSH:D003924,MedGen:C0011860,OMIM:125853;MONDO:MONDO:0009734,MedGen:C2931832,OMIM:256450,Orphanet:276575,Orphanet:276598","Leucine-induced hypoglycemia;Diabetes mellitus, permanent neonatal 3;Diabetes mellitus, transient neonatal, 2;Type 2 diabetes mellitus;Hyperinsulinemic hypoglycemia, familial, 1",germline,germline,GRCh38,NC_000011.10,11,17404585,17404585,na,na,11p15.1,"criteria provided, single submitter",1,-,N,-,2,3599330,17404585,C,T,-,-,-,-,-,-,SCV005676281,-,-
3719994,single nucleotide variant,NM_000352.6(ABCC8):c.3457C>A (p.Leu1153Met),6833,ABCC8,HGNC:59,Uncertain significance,0,"May 18, 2024",-1,-,RCV005046550,"MONDO:MONDO:0009415,MedGen:C0271714,OMIM:240800;MONDO:MONDO:0030088,MedGen:C5394303,OMIM:618857;MONDO:MONDO:0012480,MedGen:C1835887,OMIM:610374,Orphanet:99886;Human Phenotype Ontology:HP:0005965,Human Phenotype Ontology:HP:0005978,Human Phenotype Ontology:HP:0100652,MONDO:MONDO:0005148,MeSH:D003924,MedGen:C0011860,OMIM:125853;MONDO:MONDO:0009734,MedGen:C2931832,OMIM:256450,Orphanet:276575,Orphanet:276598","Leucine-induced hypoglycemia;Diabetes mellitus, permanent neonatal 3;Diabetes mellitus, transient neonatal, 2;Type 2 diabetes mellitus;Hyperinsulinemic hypoglycemia, familial, 1",germline,germline,GRCh37,NC_000011.9,11,17426159,17426159,na,na,11p15.1,"criteria provided, single submitter",1,-,N,-,2,3599331,17426159,G,T,-,-,-,-,-,-,SCV005676282,-,-
3719994,single nucleotide variant,NM_000352.6(ABCC8):c.3457C>A (p.Leu1153Met),6833,ABCC8,HGNC:59,Uncertain significance,0,"May 18, 2024",-1,-,RCV005046550,"MONDO:MONDO:0009415,MedGen:C0271714,OMIM:240800;MONDO:MONDO:0030088,MedGen:C5394303,OMIM:618857;MONDO:MONDO:0012480,MedGen:C1835887,OMIM:610374,Orphanet:99886;Human Phenotype Ontology:HP:0005965,Human Phenotype Ontology:HP:0005978,Human Phenotype Ontology:HP:0100652,MONDO:MONDO:0005148,MeSH:D003924,MedGen:C0011860,OMIM:125853;MONDO:MONDO:0009734,MedGen:C2931832,OMIM:256450,Orphanet:276575,Orphanet:276598","Leucine-induced hypoglycemia;Diabetes mellitus, permanent neonatal 3;Diabetes mellitus, transient neonatal, 2;Type 2 diabetes mellitus;Hyperinsulinemic hypoglycemia, familial, 1",germline,germline,GRCh38,NC_000011.10,11,17404612,17404612,na,na,11p15.1,"criteria provided, single submitter",1,-,N,-,2,3599331,17404612,G,T,-,-,-,-,-,-,SCV005676282,-,-
3719995,single nucleotide variant,NM_000352.6(ABCC8):c.3399G>T (p.Gln1133His),6833,ABCC8,HGNC:59,Likely pathogenic,1,"Apr 12, 2024",-1,-,RCV005046551,"MONDO:MONDO:0009415,MedGen:C0271714,OMIM:240800;MONDO:MONDO:0030088,MedGen:C5394303,OMIM:618857;MONDO:MONDO:0012480,MedGen:C1835887,OMIM:610374,Orphanet:99886;Human Phenotype Ontology:HP:0005965,Human Phenotype Ontology:HP:0005978,Human Phenotype Ontology:HP:0100652,MONDO:MONDO:0005148,MeSH:D003924,MedGen:C0011860,OMIM:125853;MONDO:MONDO:0009734,MedGen:C2931832,OMIM:256450,Orphanet:276575,Orphanet:276598","Leucine-induced hypoglycemia;Diabetes mellitus, permanent neonatal 3;Diabetes mellitus, transient neonatal, 2;Type 2 diabetes mellitus;Hyperinsulinemic hypoglycemia, familial, 1",germline,germline,GRCh37,NC_000011.9,11,17427041,17427041,na,na,11p15.1,"criteria provided, single submitter",1,-,N,-,2,3599332,17427041,C,A,-,-,-,-,-,-,SCV005676286,-,-
3719995,single nucleotide variant,NM_000352.6(ABCC8):c.3399G>T (p.Gln1133His),6833,ABCC8,HGNC:59,Likely pathogenic,1,"Apr 12, 2024",-1,-,RCV005046551,"MONDO:MONDO:0009415,MedGen:C0271714,OMIM:240800;MONDO:MONDO:0030088,MedGen:C5394303,OMIM:618857;MONDO:MONDO:0012480,MedGen:C1835887,OMIM:610374,Orphanet:99886;Human Phenotype Ontology:HP:0005965,Human Phenotype Ontology:HP:0005978,Human Phenotype Ontology:HP:0100652,MONDO:MONDO:0005148,MeSH:D003924,MedGen:C0011860,OMIM:125853;MONDO:MONDO:0009734,MedGen:C2931832,OMIM:256450,Orphanet:276575,Orphanet:276598","Leucine-induced hypoglycemia;Diabetes mellitus, permanent neonatal 3;Diabetes mellitus, transient neonatal, 2;Type 2 diabetes mellitus;Hyperinsulinemic hypoglycemia, familial, 1",germline,germline,GRCh38,NC_000011.10,11,17405494,17405494,na,na,11p15.1,"criteria provided, single submitter",1,-,N,-,2,3599332,17405494,C,A,-,-,-,-,-,-,SCV005676286,-,-
3719996,single nucleotide variant,NM_000352.6(ABCC8):c.3335T>C (p.Phe1112Ser),6833,ABCC8,HGNC:59,Uncertain significance,0,"Jan 04, 2024",-1,-,RCV005046552,"MONDO:MONDO:0009415,MedGen:C0271714,OMIM:240800;MONDO:MONDO:0030088,MedGen:C5394303,OMIM:618857;MONDO:MONDO:0012480,MedGen:C1835887,OMIM:610374,Orphanet:99886;Human Phenotype Ontology:HP:0005965,Human Phenotype Ontology:HP:0005978,Human Phenotype Ontology:HP:0100652,MONDO:MONDO:0005148,MeSH:D003924,MedGen:C0011860,OMIM:125853;MONDO:MONDO:0009734,MedGen:C2931832,OMIM:256450,Orphanet:276575,Orphanet:276598","Leucine-induced hypoglycemia;Diabetes mellitus, permanent neonatal 3;Diabetes mellitus, transient neonatal, 2;Type 2 diabetes mellitus;Hyperinsulinemic hypoglycemia, familial, 1",germline,germline,GRCh37,NC_000011.9,11,17427105,17427105,na,na,11p15.1,"criteria provided, single submitter",1,-,N,-,2,3599333,17427105,A,G,-,-,-,-,-,-,SCV005676287,-,-
3719996,single nucleotide variant,NM_000352.6(ABCC8):c.3335T>C (p.Phe1112Ser),6833,ABCC8,HGNC:59,Uncertain significance,0,"Jan 04, 2024",-1,-,RCV005046552,"MONDO:MONDO:0009415,MedGen:C0271714,OMIM:240800;MONDO:MONDO:0030088,MedGen:C5394303,OMIM:618857;MONDO:MONDO:0012480,MedGen:C1835887,OMIM:610374,Orphanet:99886;Human Phenotype Ontology:HP:0005965,Human Phenotype Ontology:HP:0005978,Human Phenotype Ontology:HP:0100652,MONDO:MONDO:0005148,MeSH:D003924,MedGen:C0011860,OMIM:125853;MONDO:MONDO:0009734,MedGen:C2931832,OMIM:256450,Orphanet:276575,Orphanet:276598","Leucine-induced hypoglycemia;Diabetes mellitus, permanent neonatal 3;Diabetes mellitus, transient neonatal, 2;Type 2 diabetes mellitus;Hyperinsulinemic hypoglycemia, familial, 1",germline,germline,GRCh38,NC_000011.10,11,17405558,17405558,na,na,11p15.1,"criteria provided, single submitter",1,-,N,-,2,3599333,17405558,A,G,-,-,-,-,-,-,SCV005676287,-,-
3719997,single nucleotide variant,NM_000352.6(ABCC8):c.3330G>A (p.Arg1110=),6833,ABCC8,HGNC:59,Uncertain significance,0,"May 16, 2024",-1,-,RCV005046553,"MONDO:MONDO:0009415,MedGen:C0271714,OMIM:240800;MONDO:MONDO:0030088,MedGen:C5394303,OMIM:618857;MONDO:MONDO:0012480,MedGen:C1835887,OMIM:610374,Orphanet:99886;Human Phenotype Ontology:HP:0005965,Human Phenotype Ontology:HP:0005978,Human Phenotype Ontology:HP:0100652,MONDO:MONDO:0005148,MeSH:D003924,MedGen:C0011860,OMIM:125853;MONDO:MONDO:0009734,MedGen:C2931832,OMIM:256450,Orphanet:276575,Orphanet:276598","Leucine-induced hypoglycemia;Diabetes mellitus, permanent neonatal 3;Diabetes mellitus, transient neonatal, 2;Type 2 diabetes mellitus;Hyperinsulinemic hypoglycemia, familial, 1",germline,germline,GRCh37,NC_000011.9,11,17427110,17427110,na,na,11p15.1,"criteria provided, single submitter",1,-,N,-,2,3599334,17427110,C,T,-,-,-,-,-,-,SCV005676288,-,-
3719997,single nucleotide variant,NM_000352.6(ABCC8):c.3330G>A (p.Arg1110=),6833,ABCC8,HGNC:59,Uncertain significance,0,"May 16, 2024",-1,-,RCV005046553,"MONDO:MONDO:0009415,MedGen:C0271714,OMIM:240800;MONDO:MONDO:0030088,MedGen:C5394303,OMIM:618857;MONDO:MONDO:0012480,MedGen:C1835887,OMIM:610374,Orphanet:99886;Human Phenotype Ontology:HP:0005965,Human Phenotype Ontology:HP:0005978,Human Phenotype Ontology:HP:0100652,MONDO:MONDO:0005148,MeSH:D003924,MedGen:C0011860,OMIM:125853;MONDO:MONDO:0009734,MedGen:C2931832,OMIM:256450,Orphanet:276575,Orphanet:276598","Leucine-induced hypoglycemia;Diabetes mellitus, permanent neonatal 3;Diabetes mellitus, transient neonatal, 2;Type 2 diabetes mellitus;Hyperinsulinemic hypoglycemia, familial, 1",germline,germline,GRCh38,NC_000011.10,11,17405563,17405563,na,na,11p15.1,"criteria provided, single submitter",1,-,N,-,2,3599334,17405563,C,T,-,-,-,-,-,-,SCV005676288,-,-
3719998,single nucleotide variant,NM_000352.6(ABCC8):c.3330-5C>T,6833,ABCC8,HGNC:59,Uncertain significance,0,"Feb 20, 2024",-1,-,RCV005046554,"MONDO:MONDO:0009415,MedGen:C0271714,OMIM:240800;MONDO:MONDO:0030088,MedGen:C5394303,OMIM:618857;MONDO:MONDO:0012480,MedGen:C1835887,OMIM:610374,Orphanet:99886;Human Phenotype Ontology:HP:0005965,Human Phenotype Ontology:HP:0005978,Human Phenotype Ontology:HP:0100652,MONDO:MONDO:0005148,MeSH:D003924,MedGen:C0011860,OMIM:125853;MONDO:MONDO:0009734,MedGen:C2931832,OMIM:256450,Orphanet:276575,Orphanet:276598","Leucine-induced hypoglycemia;Diabetes mellitus, permanent neonatal 3;Diabetes mellitus, transient neonatal, 2;Type 2 diabetes mellitus;Hyperinsulinemic hypoglycemia, familial, 1",germline,germline,GRCh37,NC_000011.9,11,17427115,17427115,na,na,11p15.1,"criteria provided, single submitter",1,-,N,-,2,3599335,17427115,G,A,-,-,-,-,-,-,SCV005676289,-,-
3719998,single nucleotide variant,NM_000352.6(ABCC8):c.3330-5C>T,6833,ABCC8,HGNC:59,Uncertain significance,0,"Feb 20, 2024",-1,-,RCV005046554,"MONDO:MONDO:0009415,MedGen:C0271714,OMIM:240800;MONDO:MONDO:0030088,MedGen:C5394303,OMIM:618857;MONDO:MONDO:0012480,MedGen:C1835887,OMIM:610374,Orphanet:99886;Human Phenotype Ontology:HP:0005965,Human Phenotype Ontology:HP:0005978,Human Phenotype Ontology:HP:0100652,MONDO:MONDO:0005148,MeSH:D003924,MedGen:C0011860,OMIM:125853;MONDO:MONDO:0009734,MedGen:C2931832,OMIM:256450,Orphanet:276575,Orphanet:276598","Leucine-induced hypoglycemia;Diabetes mellitus, permanent neonatal 3;Diabetes mellitus, transient neonatal, 2;Type 2 diabetes mellitus;Hyperinsulinemic hypoglycemia, familial, 1",germline,germline,GRCh38,NC_000011.10,11,17405568,17405568,na,na,11p15.1,"criteria provided, single submitter",1,-,N,-,2,3599335,17405568,G,A,-,-,-,-,-,-,SCV005676289,-,-
3719999,single nucleotide variant,NM_000352.6(ABCC8):c.3327G>C (p.Met1109Ile),6833,ABCC8,HGNC:59,Uncertain significance,0,"May 07, 2024",-1,-,RCV005046555,"MONDO:MONDO:0009415,MedGen:C0271714,OMIM:240800;MONDO:MONDO:0030088,MedGen:C5394303,OMIM:618857;MONDO:MONDO:0012480,MedGen:C1835887,OMIM:610374,Orphanet:99886;Human Phenotype Ontology:HP:0005965,Human Phenotype Ontology:HP:0005978,Human Phenotype Ontology:HP:0100652,MONDO:MONDO:0005148,MeSH:D003924,MedGen:C0011860,OMIM:125853;MONDO:MONDO:0009734,MedGen:C2931832,OMIM:256450,Orphanet:276575,Orphanet:276598","Leucine-induced hypoglycemia;Diabetes mellitus, permanent neonatal 3;Diabetes mellitus, transient neonatal, 2;Type 2 diabetes mellitus;Hyperinsulinemic hypoglycemia, familial, 1",germline,germline,GRCh37,NC_000011.9,11,17428171,17428171,na,na,11p15.1,"criteria provided, single submitter",1,-,N,-,2,3599336,17428171,C,G,-,-,-,-,-,-,SCV005676291,-,-
3719999,single nucleotide variant,NM_000352.6(ABCC8):c.3327G>C (p.Met1109Ile),6833,ABCC8,HGNC:59,Uncertain significance,0,"May 07, 2024",-1,-,RCV005046555,"MONDO:MONDO:0009415,MedGen:C0271714,OMIM:240800;MONDO:MONDO:0030088,MedGen:C5394303,OMIM:618857;MONDO:MONDO:0012480,MedGen:C1835887,OMIM:610374,Orphanet:99886;Human Phenotype Ontology:HP:0005965,Human Phenotype Ontology:HP:0005978,Human Phenotype Ontology:HP:0100652,MONDO:MONDO:0005148,MeSH:D003924,MedGen:C0011860,OMIM:125853;MONDO:MONDO:0009734,MedGen:C2931832,OMIM:256450,Orphanet:276575,Orphanet:276598","Leucine-induced hypoglycemia;Diabetes mellitus, permanent neonatal 3;Diabetes mellitus, transient neonatal, 2;Type 2 diabetes mellitus;Hyperinsulinemic hypoglycemia, familial, 1",germline,germline,GRCh38,NC_000011.10,11,17406624,17406624,na,na,11p15.1,"criteria provided, single submitter",1,-,N,-,2,3599336,17406624,C,G,-,-,-,-,-,-,SCV005676291,-,-
3720000,single nucleotide variant,NM_000352.6(ABCC8):c.3261G>A (p.Trp1087Ter),6833,ABCC8,HGNC:59,Likely pathogenic,1,"Jun 17, 2024",-1,-,RCV005046556,"MONDO:MONDO:0009415,MedGen:C0271714,OMIM:240800;MONDO:MONDO:0030088,MedGen:C5394303,OMIM:618857;MONDO:MONDO:0012480,MedGen:C1835887,OMIM:610374,Orphanet:99886;Human Phenotype Ontology:HP:0005965,Human Phenotype Ontology:HP:0005978,Human Phenotype Ontology:HP:0100652,MONDO:MONDO:0005148,MeSH:D003924,MedGen:C0011860,OMIM:125853;MONDO:MONDO:0009734,MedGen:C2931832,OMIM:256450,Orphanet:276575,Orphanet:276598","Leucine-induced hypoglycemia;Diabetes mellitus, permanent neonatal 3;Diabetes mellitus, transient neonatal, 2;Type 2 diabetes mellitus;Hyperinsulinemic hypoglycemia, familial, 1",germline,germline,GRCh37,NC_000011.9,11,17428237,17428237,na,na,11p15.1,"criteria provided, single submitter",1,-,N,-,2,3599337,17428237,C,T,-,-,-,-,-,-,SCV005676293,-,-
3720000,single nucleotide variant,NM_000352.6(ABCC8):c.3261G>A (p.Trp1087Ter),6833,ABCC8,HGNC:59,Likely pathogenic,1,"Jun 17, 2024",-1,-,RCV005046556,"MONDO:MONDO:0009415,MedGen:C0271714,OMIM:240800;MONDO:MONDO:0030088,MedGen:C5394303,OMIM:618857;MONDO:MONDO:0012480,MedGen:C1835887,OMIM:610374,Orphanet:99886;Human Phenotype Ontology:HP:0005965,Human Phenotype Ontology:HP:0005978,Human Phenotype Ontology:HP:0100652,MONDO:MONDO:0005148,MeSH:D003924,MedGen:C0011860,OMIM:125853;MONDO:MONDO:0009734,MedGen:C2931832,OMIM:256450,Orphanet:276575,Orphanet:276598","Leucine-induced hypoglycemia;Diabetes mellitus, permanent neonatal 3;Diabetes mellitus, transient neonatal, 2;Type 2 diabetes mellitus;Hyperinsulinemic hypoglycemia, familial, 1",germline,germline,GRCh38,NC_000011.10,11,17406690,17406690,na,na,11p15.1,"criteria provided, single submitter",1,-,N,-,2,3599337,17406690,C,T,-,-,-,-,-,-,SCV005676293,-,-
3720001,single nucleotide variant,NM_000352.6(ABCC8):c.3238G>A (p.Val1080Ile),6833,ABCC8,HGNC:59,Uncertain significance,0,"Jun 13, 2024",-1,-,RCV005046557,"MONDO:MONDO:0009415,MedGen:C0271714,OMIM:240800;MONDO:MONDO:0030088,MedGen:C5394303,OMIM:618857;MONDO:MONDO:0012480,MedGen:C1835887,OMIM:610374,Orphanet:99886;Human Phenotype Ontology:HP:0005965,Human Phenotype Ontology:HP:0005978,Human Phenotype Ontology:HP:0100652,MONDO:MONDO:0005148,MeSH:D003924,MedGen:C0011860,OMIM:125853;MONDO:MONDO:0009734,MedGen:C2931832,OMIM:256450,Orphanet:276575,Orphanet:276598","Leucine-induced hypoglycemia;Diabetes mellitus, permanent neonatal 3;Diabetes mellitus, transient neonatal, 2;Type 2 diabetes mellitus;Hyperinsulinemic hypoglycemia, familial, 1",germline,germline,GRCh37,NC_000011.9,11,17428260,17428260,na,na,11p15.1,"criteria provided, single submitter",1,-,N,-,2,3599338,17428260,C,T,-,-,-,-,-,-,SCV005676294,-,-
3720001,single nucleotide variant,NM_000352.6(ABCC8):c.3238G>A (p.Val1080Ile),6833,ABCC8,HGNC:59,Uncertain significance,0,"Jun 13, 2024",-1,-,RCV005046557,"MONDO:MONDO:0009415,MedGen:C0271714,OMIM:240800;MONDO:MONDO:0030088,MedGen:C5394303,OMIM:618857;MONDO:MONDO:0012480,MedGen:C1835887,OMIM:610374,Orphanet:99886;Human Phenotype Ontology:HP:0005965,Human Phenotype Ontology:HP:0005978,Human Phenotype Ontology:HP:0100652,MONDO:MONDO:0005148,MeSH:D003924,MedGen:C0011860,OMIM:125853;MONDO:MONDO:0009734,MedGen:C2931832,OMIM:256450,Orphanet:276575,Orphanet:276598","Leucine-induced hypoglycemia;Diabetes mellitus, permanent neonatal 3;Diabetes mellitus, transient neonatal, 2;Type 2 diabetes mellitus;Hyperinsulinemic hypoglycemia, familial, 1",germline,germline,GRCh38,NC_000011.10,11,17406713,17406713,na,na,11p15.1,"criteria provided, single submitter",1,-,N,-,2,3599338,17406713,C,T,-,-,-,-,-,-,SCV005676294,-,-
3720002,single nucleotide variant,NM_000352.6(ABCC8):c.3188A>G (p.Tyr1063Cys),6833,ABCC8,HGNC:59,Uncertain significance,0,"Mar 07, 2024",-1,-,RCV005046558,"MONDO:MONDO:0009415,MedGen:C0271714,OMIM:240800;MONDO:MONDO:0030088,MedGen:C5394303,OMIM:618857;MONDO:MONDO:0012480,MedGen:C1835887,OMIM:610374,Orphanet:99886;Human Phenotype Ontology:HP:0005965,Human Phenotype Ontology:HP:0005978,Human Phenotype Ontology:HP:0100652,MONDO:MONDO:0005148,MeSH:D003924,MedGen:C0011860,OMIM:125853;MONDO:MONDO:0009734,MedGen:C2931832,OMIM:256450,Orphanet:276575,Orphanet:276598","Leucine-induced hypoglycemia;Diabetes mellitus, permanent neonatal 3;Diabetes mellitus, transient neonatal, 2;Type 2 diabetes mellitus;Hyperinsulinemic hypoglycemia, familial, 1",germline,germline,GRCh37,NC_000011.9,11,17428310,17428310,na,na,11p15.1,"criteria provided, single submitter",1,-,N,-,2,3599339,17428310,T,C,-,-,-,-,-,-,SCV005676295,-,-
3720002,single nucleotide variant,NM_000352.6(ABCC8):c.3188A>G (p.Tyr1063Cys),6833,ABCC8,HGNC:59,Uncertain significance,0,"Mar 07, 2024",-1,-,RCV005046558,"MONDO:MONDO:0009415,MedGen:C0271714,OMIM:240800;MONDO:MONDO:0030088,MedGen:C5394303,OMIM:618857;MONDO:MONDO:0012480,MedGen:C1835887,OMIM:610374,Orphanet:99886;Human Phenotype Ontology:HP:0005965,Human Phenotype Ontology:HP:0005978,Human Phenotype Ontology:HP:0100652,MONDO:MONDO:0005148,MeSH:D003924,MedGen:C0011860,OMIM:125853;MONDO:MONDO:0009734,MedGen:C2931832,OMIM:256450,Orphanet:276575,Orphanet:276598","Leucine-induced hypoglycemia;Diabetes mellitus, permanent neonatal 3;Diabetes mellitus, transient neonatal, 2;Type 2 diabetes mellitus;Hyperinsulinemic hypoglycemia, familial, 1",germline,germline,GRCh38,NC_000011.10,11,17406763,17406763,na,na,11p15.1,"criteria provided, single submitter",1,-,N,-,2,3599339,17406763,T,C,-,-,-,-,-,-,SCV005676295,-,-
3720003,single nucleotide variant,NM_000352.6(ABCC8):c.3170C>A (p.Thr1057Asn),6833,ABCC8,HGNC:59,Uncertain significance,0,"Mar 02, 2024",-1,-,RCV005046559,"MONDO:MONDO:0009415,MedGen:C0271714,OMIM:240800;MONDO:MONDO:0030088,MedGen:C5394303,OMIM:618857;MONDO:MONDO:0012480,MedGen:C1835887,OMIM:610374,Orphanet:99886;Human Phenotype Ontology:HP:0005965,Human Phenotype Ontology:HP:0005978,Human Phenotype Ontology:HP:0100652,MONDO:MONDO:0005148,MeSH:D003924,MedGen:C0011860,OMIM:125853;MONDO:MONDO:0009734,MedGen:C2931832,OMIM:256450,Orphanet:276575,Orphanet:276598","Leucine-induced hypoglycemia;Diabetes mellitus, permanent neonatal 3;Diabetes mellitus, transient neonatal, 2;Type 2 diabetes mellitus;Hyperinsulinemic hypoglycemia, familial, 1",germline,germline,GRCh37,NC_000011.9,11,17428328,17428328,na,na,11p15.1,"criteria provided, single submitter",1,-,N,-,2,3599340,17428328,G,T,-,-,-,-,-,-,SCV005676296,-,-
3720003,single nucleotide variant,NM_000352.6(ABCC8):c.3170C>A (p.Thr1057Asn),6833,ABCC8,HGNC:59,Uncertain significance,0,"Mar 02, 2024",-1,-,RCV005046559,"MONDO:MONDO:0009415,MedGen:C0271714,OMIM:240800;MONDO:MONDO:0030088,MedGen:C5394303,OMIM:618857;MONDO:MONDO:0012480,MedGen:C1835887,OMIM:610374,Orphanet:99886;Human Phenotype Ontology:HP:0005965,Human Phenotype Ontology:HP:0005978,Human Phenotype Ontology:HP:0100652,MONDO:MONDO:0005148,MeSH:D003924,MedGen:C0011860,OMIM:125853;MONDO:MONDO:0009734,MedGen:C2931832,OMIM:256450,Orphanet:276575,Orphanet:276598","Leucine-induced hypoglycemia;Diabetes mellitus, permanent neonatal 3;Diabetes mellitus, transient neonatal, 2;Type 2 diabetes mellitus;Hyperinsulinemic hypoglycemia, familial, 1",germline,germline,GRCh38,NC_000011.10,11,17406781,17406781,na,na,11p15.1,"criteria provided, single submitter",1,-,N,-,2,3599340,17406781,G,T,-,-,-,-,-,-,SCV005676296,-,-
3720004,single nucleotide variant,NM_000352.6(ABCC8):c.3162+1G>A,6833,ABCC8,HGNC:59,Likely pathogenic,1,"Dec 27, 2023",-1,-,RCV005046560,"MONDO:MONDO:0009415,MedGen:C0271714,OMIM:240800;MONDO:MONDO:0030088,MedGen:C5394303,OMIM:618857;MONDO:MONDO:0012480,MedGen:C1835887,OMIM:610374,Orphanet:99886;Human Phenotype Ontology:HP:0005965,Human Phenotype Ontology:HP:0005978,Human Phenotype Ontology:HP:0100652,MONDO:MONDO:0005148,MeSH:D003924,MedGen:C0011860,OMIM:125853;MONDO:MONDO:0009734,MedGen:C2931832,OMIM:256450,Orphanet:276575,Orphanet:276598","Leucine-induced hypoglycemia;Diabetes mellitus, permanent neonatal 3;Diabetes mellitus, transient neonatal, 2;Type 2 diabetes mellitus;Hyperinsulinemic hypoglycemia, familial, 1",germline,germline,GRCh37,NC_000011.9,11,17428434,17428434,na,na,11p15.1,"criteria provided, single submitter",1,-,N,-,2,3599341,17428434,C,T,-,-,-,-,-,-,SCV005676298,-,-
3720004,single nucleotide variant,NM_000352.6(ABCC8):c.3162+1G>A,6833,ABCC8,HGNC:59,Likely pathogenic,1,"Dec 27, 2023",-1,-,RCV005046560,"MONDO:MONDO:0009415,MedGen:C0271714,OMIM:240800;MONDO:MONDO:0030088,MedGen:C5394303,OMIM:618857;MONDO:MONDO:0012480,MedGen:C1835887,OMIM:610374,Orphanet:99886;Human Phenotype Ontology:HP:0005965,Human Phenotype Ontology:HP:0005978,Human Phenotype Ontology:HP:0100652,MONDO:MONDO:0005148,MeSH:D003924,MedGen:C0011860,OMIM:125853;MONDO:MONDO:0009734,MedGen:C2931832,OMIM:256450,Orphanet:276575,Orphanet:276598","Leucine-induced hypoglycemia;Diabetes mellitus, permanent neonatal 3;Diabetes mellitus, transient neonatal, 2;Type 2 diabetes mellitus;Hyperinsulinemic hypoglycemia, familial, 1",germline,germline,GRCh38,NC_000011.10,11,17406887,17406887,na,na,11p15.1,"criteria provided, single submitter",1,-,N,-,2,3599341,17406887,C,T,-,-,-,-,-,-,SCV005676298,-,-
3720005,Indel,NM_000352.6(ABCC8):c.3096_3097delinsAA (p.Trp1032_Leu1033delinsTer),6833,ABCC8,HGNC:59,Likely pathogenic,1,"Jun 07, 2024",-1,-,RCV005046561,"MONDO:MONDO:0009415,MedGen:C0271714,OMIM:240800;MONDO:MONDO:0030088,MedGen:C5394303,OMIM:618857;MONDO:MONDO:0012480,MedGen:C1835887,OMIM:610374,Orphanet:99886;Human Phenotype Ontology:HP:0005965,Human Phenotype Ontology:HP:0005978,Human Phenotype Ontology:HP:0100652,MONDO:MONDO:0005148,MeSH:D003924,MedGen:C0011860,OMIM:125853;MONDO:MONDO:0009734,MedGen:C2931832,OMIM:256450,Orphanet:276575,Orphanet:276598","Leucine-induced hypoglycemia;Diabetes mellitus, permanent neonatal 3;Diabetes mellitus, transient neonatal, 2;Type 2 diabetes mellitus;Hyperinsulinemic hypoglycemia, familial, 1",germline,germline,GRCh37,NC_000011.9,11,17428500,17428501,na,na,11p15.1,"criteria provided, single submitter",1,-,N,-,2,3599342,17428500,GC,TT,-,-,-,-,-,-,SCV005676303,-,-
3720005,Indel,NM_000352.6(ABCC8):c.3096_3097delinsAA (p.Trp1032_Leu1033delinsTer),6833,ABCC8,HGNC:59,Likely pathogenic,1,"Jun 07, 2024",-1,-,RCV005046561,"MONDO:MONDO:0009415,MedGen:C0271714,OMIM:240800;MONDO:MONDO:0030088,MedGen:C5394303,OMIM:618857;MONDO:MONDO:0012480,MedGen:C1835887,OMIM:610374,Orphanet:99886;Human Phenotype Ontology:HP:0005965,Human Phenotype Ontology:HP:0005978,Human Phenotype Ontology:HP:0100652,MONDO:MONDO:0005148,MeSH:D003924,MedGen:C0011860,OMIM:125853;MONDO:MONDO:0009734,MedGen:C2931832,OMIM:256450,Orphanet:276575,Orphanet:276598","Leucine-induced hypoglycemia;Diabetes mellitus, permanent neonatal 3;Diabetes mellitus, transient neonatal, 2;Type 2 diabetes mellitus;Hyperinsulinemic hypoglycemia, familial, 1",germline,germline,GRCh38,NC_000011.10,11,17406953,17406954,na,na,11p15.1,"criteria provided, single submitter",1,-,N,-,2,3599342,17406953,GC,TT,-,-,-,-,-,-,SCV005676303,-,-
3720007,single nucleotide variant,NM_000352.6(ABCC8):c.3019G>C (p.Ala1007Pro),6833,ABCC8,HGNC:59,Uncertain significance,0,"Apr 29, 2024",-1,-,RCV005046562,"MONDO:MONDO:0009415,MedGen:C0271714,OMIM:240800;MONDO:MONDO:0030088,MedGen:C5394303,OMIM:618857;MONDO:MONDO:0012480,MedGen:C1835887,OMIM:610374,Orphanet:99886;Human Phenotype Ontology:HP:0005965,Human Phenotype Ontology:HP:0005978,Human Phenotype Ontology:HP:0100652,MONDO:MONDO:0005148,MeSH:D003924,MedGen:C0011860,OMIM:125853;MONDO:MONDO:0009734,MedGen:C2931832,OMIM:256450,Orphanet:276575,Orphanet:276598","Leucine-induced hypoglycemia;Diabetes mellitus, permanent neonatal 3;Diabetes mellitus, transient neonatal, 2;Type 2 diabetes mellitus;Hyperinsulinemic hypoglycemia, familial, 1",germline,germline,GRCh37,NC_000011.9,11,17428578,17428578,na,na,11p15.1,"criteria provided, single submitter",1,-,N,-,2,3599343,17428578,C,G,-,-,-,-,-,-,SCV005676304,-,-
3720007,single nucleotide variant,NM_000352.6(ABCC8):c.3019G>C (p.Ala1007Pro),6833,ABCC8,HGNC:59,Uncertain significance,0,"Apr 29, 2024",-1,-,RCV005046562,"MONDO:MONDO:0009415,MedGen:C0271714,OMIM:240800;MONDO:MONDO:0030088,MedGen:C5394303,OMIM:618857;MONDO:MONDO:0012480,MedGen:C1835887,OMIM:610374,Orphanet:99886;Human Phenotype Ontology:HP:0005965,Human Phenotype Ontology:HP:0005978,Human Phenotype Ontology:HP:0100652,MONDO:MONDO:0005148,MeSH:D003924,MedGen:C0011860,OMIM:125853;MONDO:MONDO:0009734,MedGen:C2931832,OMIM:256450,Orphanet:276575,Orphanet:276598","Leucine-induced hypoglycemia;Diabetes mellitus, permanent neonatal 3;Diabetes mellitus, transient neonatal, 2;Type 2 diabetes mellitus;Hyperinsulinemic hypoglycemia, familial, 1",germline,germline,GRCh38,NC_000011.10,11,17407031,17407031,na,na,11p15.1,"criteria provided, single submitter",1,-,N,-,2,3599343,17407031,C,G,-,-,-,-,-,-,SCV005676304,-,-
3720008,single nucleotide variant,NM_000352.6(ABCC8):c.3014C>T (p.Ser1005Phe),6833,ABCC8,HGNC:59,Uncertain significance,0,"May 31, 2024",-1,-,RCV005046563,"MONDO:MONDO:0009415,MedGen:C0271714,OMIM:240800;MONDO:MONDO:0030088,MedGen:C5394303,OMIM:618857;MONDO:MONDO:0012480,MedGen:C1835887,OMIM:610374,Orphanet:99886;Human Phenotype Ontology:HP:0005965,Human Phenotype Ontology:HP:0005978,Human Phenotype Ontology:HP:0100652,MONDO:MONDO:0005148,MeSH:D003924,MedGen:C0011860,OMIM:125853;MONDO:MONDO:0009734,MedGen:C2931832,OMIM:256450,Orphanet:276575,Orphanet:276598","Leucine-induced hypoglycemia;Diabetes mellitus, permanent neonatal 3;Diabetes mellitus, transient neonatal, 2;Type 2 diabetes mellitus;Hyperinsulinemic hypoglycemia, familial, 1",germline,germline,GRCh37,NC_000011.9,11,17428583,17428583,na,na,11p15.1,"criteria provided, single submitter",1,-,N,-,2,3599344,17428583,G,A,-,-,-,-,-,-,SCV005676305,-,-
3720008,single nucleotide variant,NM_000352.6(ABCC8):c.3014C>T (p.Ser1005Phe),6833,ABCC8,HGNC:59,Uncertain significance,0,"May 31, 2024",-1,-,RCV005046563,"MONDO:MONDO:0009415,MedGen:C0271714,OMIM:240800;MONDO:MONDO:0030088,MedGen:C5394303,OMIM:618857;MONDO:MONDO:0012480,MedGen:C1835887,OMIM:610374,Orphanet:99886;Human Phenotype Ontology:HP:0005965,Human Phenotype Ontology:HP:0005978,Human Phenotype Ontology:HP:0100652,MONDO:MONDO:0005148,MeSH:D003924,MedGen:C0011860,OMIM:125853;MONDO:MONDO:0009734,MedGen:C2931832,OMIM:256450,Orphanet:276575,Orphanet:276598","Leucine-induced hypoglycemia;Diabetes mellitus, permanent neonatal 3;Diabetes mellitus, transient neonatal, 2;Type 2 diabetes mellitus;Hyperinsulinemic hypoglycemia, familial, 1",germline,germline,GRCh38,NC_000011.10,11,17407036,17407036,na,na,11p15.1,"criteria provided, single submitter",1,-,N,-,2,3599344,17407036,G,A,-,-,-,-,-,-,SCV005676305,-,-
3720009,single nucleotide variant,NM_000352.6(ABCC8):c.3009C>G (p.Tyr1003Ter),6833,ABCC8,HGNC:59,Likely pathogenic,1,"Mar 09, 2024",-1,-,RCV005050065,"MONDO:MONDO:0009415,MedGen:C0271714,OMIM:240800;MONDO:MONDO:0030088,MedGen:C5394303,OMIM:618857;MONDO:MONDO:0012480,MedGen:C1835887,OMIM:610374,Orphanet:99886;Human Phenotype Ontology:HP:0005965,Human Phenotype Ontology:HP:0005978,Human Phenotype Ontology:HP:0100652,MONDO:MONDO:0005148,MeSH:D003924,MedGen:C0011860,OMIM:125853;MONDO:MONDO:0009734,MedGen:C2931832,OMIM:256450,Orphanet:276575,Orphanet:276598","Leucine-induced hypoglycemia;Diabetes mellitus, permanent neonatal 3;Diabetes mellitus, transient neonatal, 2;Type 2 diabetes mellitus;Hyperinsulinemic hypoglycemia, familial, 1",germline,germline,GRCh37,NC_000011.9,11,17428588,17428588,na,na,11p15.1,"criteria provided, single submitter",1,-,N,-,2,3599345,17428588,G,C,-,-,-,-,-,-,SCV005676306,-,-
3720009,single nucleotide variant,NM_000352.6(ABCC8):c.3009C>G (p.Tyr1003Ter),6833,ABCC8,HGNC:59,Likely pathogenic,1,"Mar 09, 2024",-1,-,RCV005050065,"MONDO:MONDO:0009415,MedGen:C0271714,OMIM:240800;MONDO:MONDO:0030088,MedGen:C5394303,OMIM:618857;MONDO:MONDO:0012480,MedGen:C1835887,OMIM:610374,Orphanet:99886;Human Phenotype Ontology:HP:0005965,Human Phenotype Ontology:HP:0005978,Human Phenotype Ontology:HP:0100652,MONDO:MONDO:0005148,MeSH:D003924,MedGen:C0011860,OMIM:125853;MONDO:MONDO:0009734,MedGen:C2931832,OMIM:256450,Orphanet:276575,Orphanet:276598","Leucine-induced hypoglycemia;Diabetes mellitus, permanent neonatal 3;Diabetes mellitus, transient neonatal, 2;Type 2 diabetes mellitus;Hyperinsulinemic hypoglycemia, familial, 1",germline,germline,GRCh38,NC_000011.10,11,17407041,17407041,na,na,11p15.1,"criteria provided, single submitter",1,-,N,-,2,3599345,17407041,G,C,-,-,-,-,-,-,SCV005676306,-,-
3720010,single nucleotide variant,NM_000352.6(ABCC8):c.3001G>A (p.Ala1001Thr),6833,ABCC8,HGNC:59,Uncertain significance,0,"Dec 27, 2023",-1,-,RCV005046564,"MONDO:MONDO:0009415,MedGen:C0271714,OMIM:240800;MONDO:MONDO:0030088,MedGen:C5394303,OMIM:618857;MONDO:MONDO:0012480,MedGen:C1835887,OMIM:610374,Orphanet:99886;Human Phenotype Ontology:HP:0005965,Human Phenotype Ontology:HP:0005978,Human Phenotype Ontology:HP:0100652,MONDO:MONDO:0005148,MeSH:D003924,MedGen:C0011860,OMIM:125853;MONDO:MONDO:0009734,MedGen:C2931832,OMIM:256450,Orphanet:276575,Orphanet:276598","Leucine-induced hypoglycemia;Diabetes mellitus, permanent neonatal 3;Diabetes mellitus, transient neonatal, 2;Type 2 diabetes mellitus;Hyperinsulinemic hypoglycemia, familial, 1",germline,germline,GRCh37,NC_000011.9,11,17428596,17428596,na,na,11p15.1,"criteria provided, single submitter",1,-,N,-,2,3599346,17428596,C,T,-,-,-,-,-,-,SCV005676307,-,-
3720010,single nucleotide variant,NM_000352.6(ABCC8):c.3001G>A (p.Ala1001Thr),6833,ABCC8,HGNC:59,Uncertain significance,0,"Dec 27, 2023",-1,-,RCV005046564,"MONDO:MONDO:0009415,MedGen:C0271714,OMIM:240800;MONDO:MONDO:0030088,MedGen:C5394303,OMIM:618857;MONDO:MONDO:0012480,MedGen:C1835887,OMIM:610374,Orphanet:99886;Human Phenotype Ontology:HP:0005965,Human Phenotype Ontology:HP:0005978,Human Phenotype Ontology:HP:0100652,MONDO:MONDO:0005148,MeSH:D003924,MedGen:C0011860,OMIM:125853;MONDO:MONDO:0009734,MedGen:C2931832,OMIM:256450,Orphanet:276575,Orphanet:276598","Leucine-induced hypoglycemia;Diabetes mellitus, permanent neonatal 3;Diabetes mellitus, transient neonatal, 2;Type 2 diabetes mellitus;Hyperinsulinemic hypoglycemia, familial, 1",germline,germline,GRCh38,NC_000011.10,11,17407049,17407049,na,na,11p15.1,"criteria provided, single submitter",1,-,N,-,2,3599346,17407049,C,T,-,-,-,-,-,-,SCV005676307,-,-
3720011,single nucleotide variant,NM_000352.6(ABCC8):c.2980G>A (p.Glu994Lys),6833,ABCC8,HGNC:59,Uncertain significance,0,"Sep 09, 2025",-1,-,RCV005046565|RCV006489325,"MONDO:MONDO:0009415,MedGen:C0271714,OMIM:240800;MONDO:MONDO:0030088,MedGen:C5394303,OMIM:618857;MONDO:MONDO:0012480,MedGen:C1835887,OMIM:610374,Orphanet:99886;Human Phenotype Ontology:HP:0005965,Human Phenotype Ontology:HP:0005978,Human Phenotype Ontology:HP:0100652,MONDO:MONDO:0005148,MeSH:D003924,MedGen:C0011860,OMIM:125853;MONDO:MONDO:0009734,MedGen:C2931832,OMIM:256450,Orphanet:276575,Orphanet:276598|MedGen:C3661900","Leucine-induced hypoglycemia;Diabetes mellitus, permanent neonatal 3;Diabetes mellitus, transient neonatal, 2;Type 2 diabetes mellitus;Hyperinsulinemic hypoglycemia, familial, 1|not provided",germline,germline,GRCh37,NC_000011.9,11,17428617,17428617,na,na,11p15.1,"criteria provided, multiple submitters, no conflicts",2,-,N,-,2,3599347,17428617,C,T,-,-,-,-,-,-,SCV005676309|SCV007376593,-,-
3720011,single nucleotide variant,NM_000352.6(ABCC8):c.2980G>A (p.Glu994Lys),6833,ABCC8,HGNC:59,Uncertain significance,0,"Sep 09, 2025",-1,-,RCV005046565|RCV006489325,"MONDO:MONDO:0009415,MedGen:C0271714,OMIM:240800;MONDO:MONDO:0030088,MedGen:C5394303,OMIM:618857;MONDO:MONDO:0012480,MedGen:C1835887,OMIM:610374,Orphanet:99886;Human Phenotype Ontology:HP:0005965,Human Phenotype Ontology:HP:0005978,Human Phenotype Ontology:HP:0100652,MONDO:MONDO:0005148,MeSH:D003924,MedGen:C0011860,OMIM:125853;MONDO:MONDO:0009734,MedGen:C2931832,OMIM:256450,Orphanet:276575,Orphanet:276598|MedGen:C3661900","Leucine-induced hypoglycemia;Diabetes mellitus, permanent neonatal 3;Diabetes mellitus, transient neonatal, 2;Type 2 diabetes mellitus;Hyperinsulinemic hypoglycemia, familial, 1|not provided",germline,germline,GRCh38,NC_000011.10,11,17407070,17407070,na,na,11p15.1,"criteria provided, multiple submitters, no conflicts",2,-,N,-,2,3599347,17407070,C,T,-,-,-,-,-,-,SCV005676309|SCV007376593,-,-
3720012,single nucleotide variant,NM_000352.6(ABCC8):c.2969A>C (p.His990Pro),6833,ABCC8,HGNC:59,Uncertain significance,0,"Apr 04, 2024",-1,-,RCV005046566,"MONDO:MONDO:0009415,MedGen:C0271714,OMIM:240800;MONDO:MONDO:0030088,MedGen:C5394303,OMIM:618857;MONDO:MONDO:0012480,MedGen:C1835887,OMIM:610374,Orphanet:99886;Human Phenotype Ontology:HP:0005965,Human Phenotype Ontology:HP:0005978,Human Phenotype Ontology:HP:0100652,MONDO:MONDO:0005148,MeSH:D003924,MedGen:C0011860,OMIM:125853;MONDO:MONDO:0009734,MedGen:C2931832,OMIM:256450,Orphanet:276575,Orphanet:276598","Leucine-induced hypoglycemia;Diabetes mellitus, permanent neonatal 3;Diabetes mellitus, transient neonatal, 2;Type 2 diabetes mellitus;Hyperinsulinemic hypoglycemia, familial, 1",germline,germline,GRCh37,NC_000011.9,11,17428628,17428628,na,na,11p15.1,"criteria provided, single submitter",1,-,N,-,2,3599348,17428628,T,G,-,-,-,-,-,-,SCV005676310,-,-
3720012,single nucleotide variant,NM_000352.6(ABCC8):c.2969A>C (p.His990Pro),6833,ABCC8,HGNC:59,Uncertain significance,0,"Apr 04, 2024",-1,-,RCV005046566,"MONDO:MONDO:0009415,MedGen:C0271714,OMIM:240800;MONDO:MONDO:0030088,MedGen:C5394303,OMIM:618857;MONDO:MONDO:0012480,MedGen:C1835887,OMIM:610374,Orphanet:99886;Human Phenotype Ontology:HP:0005965,Human Phenotype Ontology:HP:0005978,Human Phenotype Ontology:HP:0100652,MONDO:MONDO:0005148,MeSH:D003924,MedGen:C0011860,OMIM:125853;MONDO:MONDO:0009734,MedGen:C2931832,OMIM:256450,Orphanet:276575,Orphanet:276598","Leucine-induced hypoglycemia;Diabetes mellitus, permanent neonatal 3;Diabetes mellitus, transient neonatal, 2;Type 2 diabetes mellitus;Hyperinsulinemic hypoglycemia, familial, 1",germline,germline,GRCh38,NC_000011.10,11,17407081,17407081,na,na,11p15.1,"criteria provided, single submitter",1,-,N,-,2,3599348,17407081,T,G,-,-,-,-,-,-,SCV005676310,-,-
3720013,single nucleotide variant,NM_000352.6(ABCC8):c.2957C>T (p.Ser986Leu),6833,ABCC8,HGNC:59,Uncertain significance,0,"Feb 14, 2024",-1,-,RCV005050066,"MONDO:MONDO:0009415,MedGen:C0271714,OMIM:240800;MONDO:MONDO:0030088,MedGen:C5394303,OMIM:618857;MONDO:MONDO:0012480,MedGen:C1835887,OMIM:610374,Orphanet:99886;Human Phenotype Ontology:HP:0005965,Human Phenotype Ontology:HP:0005978,Human Phenotype Ontology:HP:0100652,MONDO:MONDO:0005148,MeSH:D003924,MedGen:C0011860,OMIM:125853;MONDO:MONDO:0009734,MedGen:C2931832,OMIM:256450,Orphanet:276575,Orphanet:276598","Leucine-induced hypoglycemia;Diabetes mellitus, permanent neonatal 3;Diabetes mellitus, transient neonatal, 2;Type 2 diabetes mellitus;Hyperinsulinemic hypoglycemia, familial, 1",germline,germline,GRCh37,NC_000011.9,11,17428640,17428640,na,na,11p15.1,"criteria provided, single submitter",1,-,N,-,2,3599350,17428640,G,A,-,-,-,-,-,-,SCV005676314,-,-
3720013,single nucleotide variant,NM_000352.6(ABCC8):c.2957C>T (p.Ser986Leu),6833,ABCC8,HGNC:59,Uncertain significance,0,"Feb 14, 2024",-1,-,RCV005050066,"MONDO:MONDO:0009415,MedGen:C0271714,OMIM:240800;MONDO:MONDO:0030088,MedGen:C5394303,OMIM:618857;MONDO:MONDO:0012480,MedGen:C1835887,OMIM:610374,Orphanet:99886;Human Phenotype Ontology:HP:0005965,Human Phenotype Ontology:HP:0005978,Human Phenotype Ontology:HP:0100652,MONDO:MONDO:0005148,MeSH:D003924,MedGen:C0011860,OMIM:125853;MONDO:MONDO:0009734,MedGen:C2931832,OMIM:256450,Orphanet:276575,Orphanet:276598","Leucine-induced hypoglycemia;Diabetes mellitus, permanent neonatal 3;Diabetes mellitus, transient neonatal, 2;Type 2 diabetes mellitus;Hyperinsulinemic hypoglycemia, familial, 1",germline,germline,GRCh38,NC_000011.10,11,17407093,17407093,na,na,11p15.1,"criteria provided, single submitter",1,-,N,-,2,3599350,17407093,G,A,-,-,-,-,-,-,SCV005676314,-,-
3720014,single nucleotide variant,NM_000352.6(ABCC8):c.2929G>C (p.Ala977Pro),6833,ABCC8,HGNC:59,Uncertain significance,0,"Jan 22, 2024",-1,-,RCV005046568,"MONDO:MONDO:0009415,MedGen:C0271714,OMIM:240800;MONDO:MONDO:0030088,MedGen:C5394303,OMIM:618857;MONDO:MONDO:0012480,MedGen:C1835887,OMIM:610374,Orphanet:99886;Human Phenotype Ontology:HP:0005965,Human Phenotype Ontology:HP:0005978,Human Phenotype Ontology:HP:0100652,MONDO:MONDO:0005148,MeSH:D003924,MedGen:C0011860,OMIM:125853;MONDO:MONDO:0009734,MedGen:C2931832,OMIM:256450,Orphanet:276575,Orphanet:276598","Leucine-induced hypoglycemia;Diabetes mellitus, permanent neonatal 3;Diabetes mellitus, transient neonatal, 2;Type 2 diabetes mellitus;Hyperinsulinemic hypoglycemia, familial, 1",germline,germline,GRCh37,NC_000011.9,11,17428668,17428668,na,na,11p15.1,"criteria provided, single submitter",1,-,N,-,2,3599351,17428668,C,G,-,-,-,-,-,-,SCV005676315,-,-
3720014,single nucleotide variant,NM_000352.6(ABCC8):c.2929G>C (p.Ala977Pro),6833,ABCC8,HGNC:59,Uncertain significance,0,"Jan 22, 2024",-1,-,RCV005046568,"MONDO:MONDO:0009415,MedGen:C0271714,OMIM:240800;MONDO:MONDO:0030088,MedGen:C5394303,OMIM:618857;MONDO:MONDO:0012480,MedGen:C1835887,OMIM:610374,Orphanet:99886;Human Phenotype Ontology:HP:0005965,Human Phenotype Ontology:HP:0005978,Human Phenotype Ontology:HP:0100652,MONDO:MONDO:0005148,MeSH:D003924,MedGen:C0011860,OMIM:125853;MONDO:MONDO:0009734,MedGen:C2931832,OMIM:256450,Orphanet:276575,Orphanet:276598","Leucine-induced hypoglycemia;Diabetes mellitus, permanent neonatal 3;Diabetes mellitus, transient neonatal, 2;Type 2 diabetes mellitus;Hyperinsulinemic hypoglycemia, familial, 1",germline,germline,GRCh38,NC_000011.10,11,17407121,17407121,na,na,11p15.1,"criteria provided, single submitter",1,-,N,-,2,3599351,17407121,C,G,-,-,-,-,-,-,SCV005676315,-,-
3720015,single nucleotide variant,NM_000352.6(ABCC8):c.2917G>T (p.Glu973Ter),6833,ABCC8,HGNC:59,Likely pathogenic,1,"Jan 10, 2024",-1,-,RCV005046569,"MONDO:MONDO:0009415,MedGen:C0271714,OMIM:240800;MONDO:MONDO:0030088,MedGen:C5394303,OMIM:618857;MONDO:MONDO:0012480,MedGen:C1835887,OMIM:610374,Orphanet:99886;Human Phenotype Ontology:HP:0005965,Human Phenotype Ontology:HP:0005978,Human Phenotype Ontology:HP:0100652,MONDO:MONDO:0005148,MeSH:D003924,MedGen:C0011860,OMIM:125853;MONDO:MONDO:0009734,MedGen:C2931832,OMIM:256450,Orphanet:276575,Orphanet:276598","Leucine-induced hypoglycemia;Diabetes mellitus, permanent neonatal 3;Diabetes mellitus, transient neonatal, 2;Type 2 diabetes mellitus;Hyperinsulinemic hypoglycemia, familial, 1",germline,germline,GRCh37,NC_000011.9,11,17428904,17428904,na,na,11p15.1,"criteria provided, single submitter",1,-,N,-,2,3599352,17428904,C,A,-,-,-,-,-,-,SCV005676317,-,-
3720015,single nucleotide variant,NM_000352.6(ABCC8):c.2917G>T (p.Glu973Ter),6833,ABCC8,HGNC:59,Likely pathogenic,1,"Jan 10, 2024",-1,-,RCV005046569,"MONDO:MONDO:0009415,MedGen:C0271714,OMIM:240800;MONDO:MONDO:0030088,MedGen:C5394303,OMIM:618857;MONDO:MONDO:0012480,MedGen:C1835887,OMIM:610374,Orphanet:99886;Human Phenotype Ontology:HP:0005965,Human Phenotype Ontology:HP:0005978,Human Phenotype Ontology:HP:0100652,MONDO:MONDO:0005148,MeSH:D003924,MedGen:C0011860,OMIM:125853;MONDO:MONDO:0009734,MedGen:C2931832,OMIM:256450,Orphanet:276575,Orphanet:276598","Leucine-induced hypoglycemia;Diabetes mellitus, permanent neonatal 3;Diabetes mellitus, transient neonatal, 2;Type 2 diabetes mellitus;Hyperinsulinemic hypoglycemia, familial, 1",germline,germline,GRCh38,NC_000011.10,11,17407357,17407357,na,na,11p15.1,"criteria provided, single submitter",1,-,N,-,2,3599352,17407357,C,A,-,-,-,-,-,-,SCV005676317,-,-
3720016,single nucleotide variant,NM_000352.6(ABCC8):c.2894T>C (p.Leu965Pro),6833,ABCC8,HGNC:59,Uncertain significance,0,"May 04, 2024",-1,-,RCV005046570,"MONDO:MONDO:0009415,MedGen:C0271714,OMIM:240800;MONDO:MONDO:0030088,MedGen:C5394303,OMIM:618857;MONDO:MONDO:0012480,MedGen:C1835887,OMIM:610374,Orphanet:99886;Human Phenotype Ontology:HP:0005965,Human Phenotype Ontology:HP:0005978,Human Phenotype Ontology:HP:0100652,MONDO:MONDO:0005148,MeSH:D003924,MedGen:C0011860,OMIM:125853;MONDO:MONDO:0009734,MedGen:C2931832,OMIM:256450,Orphanet:276575,Orphanet:276598","Leucine-induced hypoglycemia;Diabetes mellitus, permanent neonatal 3;Diabetes mellitus, transient neonatal, 2;Type 2 diabetes mellitus;Hyperinsulinemic hypoglycemia, familial, 1",germline,germline,GRCh37,NC_000011.9,11,17428927,17428927,na,na,11p15.1,"criteria provided, single submitter",1,-,N,-,2,3599353,17428927,A,G,-,-,-,-,-,-,SCV005676318,-,-
3720016,single nucleotide variant,NM_000352.6(ABCC8):c.2894T>C (p.Leu965Pro),6833,ABCC8,HGNC:59,Uncertain significance,0,"May 04, 2024",-1,-,RCV005046570,"MONDO:MONDO:0009415,MedGen:C0271714,OMIM:240800;MONDO:MONDO:0030088,MedGen:C5394303,OMIM:618857;MONDO:MONDO:0012480,MedGen:C1835887,OMIM:610374,Orphanet:99886;Human Phenotype Ontology:HP:0005965,Human Phenotype Ontology:HP:0005978,Human Phenotype Ontology:HP:0100652,MONDO:MONDO:0005148,MeSH:D003924,MedGen:C0011860,OMIM:125853;MONDO:MONDO:0009734,MedGen:C2931832,OMIM:256450,Orphanet:276575,Orphanet:276598","Leucine-induced hypoglycemia;Diabetes mellitus, permanent neonatal 3;Diabetes mellitus, transient neonatal, 2;Type 2 diabetes mellitus;Hyperinsulinemic hypoglycemia, familial, 1",germline,germline,GRCh38,NC_000011.10,11,17407380,17407380,na,na,11p15.1,"criteria provided, single submitter",1,-,N,-,2,3599353,17407380,A,G,-,-,-,-,-,-,SCV005676318,-,-
3720017,single nucleotide variant,NM_000352.6(ABCC8):c.2869C>T (p.Arg957Cys),6833,ABCC8,HGNC:59,Uncertain significance,0,"Feb 01, 2024",-1,-,RCV005050067,"MONDO:MONDO:0009415,MedGen:C0271714,OMIM:240800;MONDO:MONDO:0030088,MedGen:C5394303,OMIM:618857;MONDO:MONDO:0012480,MedGen:C1835887,OMIM:610374,Orphanet:99886;Human Phenotype Ontology:HP:0005965,Human Phenotype Ontology:HP:0005978,Human Phenotype Ontology:HP:0100652,MONDO:MONDO:0005148,MeSH:D003924,MedGen:C0011860,OMIM:125853;MONDO:MONDO:0009734,MedGen:C2931832,OMIM:256450,Orphanet:276575,Orphanet:276598","Leucine-induced hypoglycemia;Diabetes mellitus, permanent neonatal 3;Diabetes mellitus, transient neonatal, 2;Type 2 diabetes mellitus;Hyperinsulinemic hypoglycemia, familial, 1",germline,germline,GRCh37,NC_000011.9,11,17428952,17428952,na,na,11p15.1,"criteria provided, single submitter",1,-,N,-,2,3599355,17428952,G,A,-,-,-,-,-,-,SCV005676322,-,-
3720017,single nucleotide variant,NM_000352.6(ABCC8):c.2869C>T (p.Arg957Cys),6833,ABCC8,HGNC:59,Uncertain significance,0,"Feb 01, 2024",-1,-,RCV005050067,"MONDO:MONDO:0009415,MedGen:C0271714,OMIM:240800;MONDO:MONDO:0030088,MedGen:C5394303,OMIM:618857;MONDO:MONDO:0012480,MedGen:C1835887,OMIM:610374,Orphanet:99886;Human Phenotype Ontology:HP:0005965,Human Phenotype Ontology:HP:0005978,Human Phenotype Ontology:HP:0100652,MONDO:MONDO:0005148,MeSH:D003924,MedGen:C0011860,OMIM:125853;MONDO:MONDO:0009734,MedGen:C2931832,OMIM:256450,Orphanet:276575,Orphanet:276598","Leucine-induced hypoglycemia;Diabetes mellitus, permanent neonatal 3;Diabetes mellitus, transient neonatal, 2;Type 2 diabetes mellitus;Hyperinsulinemic hypoglycemia, familial, 1",germline,germline,GRCh38,NC_000011.10,11,17407405,17407405,na,na,11p15.1,"criteria provided, single submitter",1,-,N,-,2,3599355,17407405,G,A,-,-,-,-,-,-,SCV005676322,-,-
3720019,single nucleotide variant,NM_000352.6(ABCC8):c.2854C>T (p.Pro952Ser),6833,ABCC8,HGNC:59,Uncertain significance,0,"May 17, 2024",-1,-,RCV005050068,"MONDO:MONDO:0009415,MedGen:C0271714,OMIM:240800;MONDO:MONDO:0030088,MedGen:C5394303,OMIM:618857;MONDO:MONDO:0012480,MedGen:C1835887,OMIM:610374,Orphanet:99886;Human Phenotype Ontology:HP:0005965,Human Phenotype Ontology:HP:0005978,Human Phenotype Ontology:HP:0100652,MONDO:MONDO:0005148,MeSH:D003924,MedGen:C0011860,OMIM:125853;MONDO:MONDO:0009734,MedGen:C2931832,OMIM:256450,Orphanet:276575,Orphanet:276598","Leucine-induced hypoglycemia;Diabetes mellitus, permanent neonatal 3;Diabetes mellitus, transient neonatal, 2;Type 2 diabetes mellitus;Hyperinsulinemic hypoglycemia, familial, 1",germline,germline,GRCh37,NC_000011.9,11,17428967,17428967,na,na,11p15.1,"criteria provided, single submitter",1,-,N,-,2,3599356,17428967,G,A,-,-,-,-,-,-,SCV005676323,-,-
3720019,single nucleotide variant,NM_000352.6(ABCC8):c.2854C>T (p.Pro952Ser),6833,ABCC8,HGNC:59,Uncertain significance,0,"May 17, 2024",-1,-,RCV005050068,"MONDO:MONDO:0009415,MedGen:C0271714,OMIM:240800;MONDO:MONDO:0030088,MedGen:C5394303,OMIM:618857;MONDO:MONDO:0012480,MedGen:C1835887,OMIM:610374,Orphanet:99886;Human Phenotype Ontology:HP:0005965,Human Phenotype Ontology:HP:0005978,Human Phenotype Ontology:HP:0100652,MONDO:MONDO:0005148,MeSH:D003924,MedGen:C0011860,OMIM:125853;MONDO:MONDO:0009734,MedGen:C2931832,OMIM:256450,Orphanet:276575,Orphanet:276598","Leucine-induced hypoglycemia;Diabetes mellitus, permanent neonatal 3;Diabetes mellitus, transient neonatal, 2;Type 2 diabetes mellitus;Hyperinsulinemic hypoglycemia, familial, 1",germline,germline,GRCh38,NC_000011.10,11,17407420,17407420,na,na,11p15.1,"criteria provided, single submitter",1,-,N,-,2,3599356,17407420,G,A,-,-,-,-,-,-,SCV005676323,-,-
3720020,single nucleotide variant,NM_000352.6(ABCC8):c.2706G>A (p.Met902Ile),6833,ABCC8,HGNC:59,Uncertain significance,0,"Sep 27, 2024",-1,-,RCV005046572|RCV005105366,"MONDO:MONDO:0009415,MedGen:C0271714,OMIM:240800;MONDO:MONDO:0030088,MedGen:C5394303,OMIM:618857;MONDO:MONDO:0012480,MedGen:C1835887,OMIM:610374,Orphanet:99886;Human Phenotype Ontology:HP:0005965,Human Phenotype Ontology:HP:0005978,Human Phenotype Ontology:HP:0100652,MONDO:MONDO:0005148,MeSH:D003924,MedGen:C0011860,OMIM:125853;MONDO:MONDO:0009734,MedGen:C2931832,OMIM:256450,Orphanet:276575,Orphanet:276598|MedGen:C3661900","Leucine-induced hypoglycemia;Diabetes mellitus, permanent neonatal 3;Diabetes mellitus, transient neonatal, 2;Type 2 diabetes mellitus;Hyperinsulinemic hypoglycemia, familial, 1|not provided",germline,germline,GRCh37,NC_000011.9,11,17430053,17430053,na,na,11p15.1,"criteria provided, multiple submitters, no conflicts",2,-,N,-,2,3599357,17430053,C,T,-,-,-,-,-,-,SCV005676325|SCV005821207,-,-
3720020,single nucleotide variant,NM_000352.6(ABCC8):c.2706G>A (p.Met902Ile),6833,ABCC8,HGNC:59,Uncertain significance,0,"Sep 27, 2024",-1,-,RCV005046572|RCV005105366,"MONDO:MONDO:0009415,MedGen:C0271714,OMIM:240800;MONDO:MONDO:0030088,MedGen:C5394303,OMIM:618857;MONDO:MONDO:0012480,MedGen:C1835887,OMIM:610374,Orphanet:99886;Human Phenotype Ontology:HP:0005965,Human Phenotype Ontology:HP:0005978,Human Phenotype Ontology:HP:0100652,MONDO:MONDO:0005148,MeSH:D003924,MedGen:C0011860,OMIM:125853;MONDO:MONDO:0009734,MedGen:C2931832,OMIM:256450,Orphanet:276575,Orphanet:276598|MedGen:C3661900","Leucine-induced hypoglycemia;Diabetes mellitus, permanent neonatal 3;Diabetes mellitus, transient neonatal, 2;Type 2 diabetes mellitus;Hyperinsulinemic hypoglycemia, familial, 1|not provided",germline,germline,GRCh38,NC_000011.10,11,17408506,17408506,na,na,11p15.1,"criteria provided, multiple submitters, no conflicts",2,-,N,-,2,3599357,17408506,C,T,-,-,-,-,-,-,SCV005676325|SCV005821207,-,-
3720021,single nucleotide variant,NM_000352.6(ABCC8):c.2680C>T (p.Pro894Ser),6833,ABCC8,HGNC:59,Uncertain significance,0,"Apr 03, 2024",-1,-,RCV005046574,"MONDO:MONDO:0009415,MedGen:C0271714,OMIM:240800;MONDO:MONDO:0030088,MedGen:C5394303,OMIM:618857;MONDO:MONDO:0012480,MedGen:C1835887,OMIM:610374,Orphanet:99886;Human Phenotype Ontology:HP:0005965,Human Phenotype Ontology:HP:0005978,Human Phenotype Ontology:HP:0100652,MONDO:MONDO:0005148,MeSH:D003924,MedGen:C0011860,OMIM:125853;MONDO:MONDO:0009734,MedGen:C2931832,OMIM:256450,Orphanet:276575,Orphanet:276598","Leucine-induced hypoglycemia;Diabetes mellitus, permanent neonatal 3;Diabetes mellitus, transient neonatal, 2;Type 2 diabetes mellitus;Hyperinsulinemic hypoglycemia, familial, 1",germline,germline,GRCh37,NC_000011.9,11,17432077,17432077,na,na,11p15.1,"criteria provided, single submitter",1,-,N,-,2,3599359,17432077,G,A,-,-,-,-,-,-,SCV005676330,-,-
3720021,single nucleotide variant,NM_000352.6(ABCC8):c.2680C>T (p.Pro894Ser),6833,ABCC8,HGNC:59,Uncertain significance,0,"Apr 03, 2024",-1,-,RCV005046574,"MONDO:MONDO:0009415,MedGen:C0271714,OMIM:240800;MONDO:MONDO:0030088,MedGen:C5394303,OMIM:618857;MONDO:MONDO:0012480,MedGen:C1835887,OMIM:610374,Orphanet:99886;Human Phenotype Ontology:HP:0005965,Human Phenotype Ontology:HP:0005978,Human Phenotype Ontology:HP:0100652,MONDO:MONDO:0005148,MeSH:D003924,MedGen:C0011860,OMIM:125853;MONDO:MONDO:0009734,MedGen:C2931832,OMIM:256450,Orphanet:276575,Orphanet:276598","Leucine-induced hypoglycemia;Diabetes mellitus, permanent neonatal 3;Diabetes mellitus, transient neonatal, 2;Type 2 diabetes mellitus;Hyperinsulinemic hypoglycemia, familial, 1",germline,germline,GRCh38,NC_000011.10,11,17410530,17410530,na,na,11p15.1,"criteria provided, single submitter",1,-,N,-,2,3599359,17410530,G,A,-,-,-,-,-,-,SCV005676330,-,-
3720022,Deletion,NM_000352.6(ABCC8):c.2662del (p.His888fs),6833,ABCC8,HGNC:59,Likely pathogenic,1,"Feb 17, 2024",-1,-,RCV005046575,"MONDO:MONDO:0009415,MedGen:C0271714,OMIM:240800;MONDO:MONDO:0030088,MedGen:C5394303,OMIM:618857;MONDO:MONDO:0012480,MedGen:C1835887,OMIM:610374,Orphanet:99886;Human Phenotype Ontology:HP:0005965,Human Phenotype Ontology:HP:0005978,Human Phenotype Ontology:HP:0100652,MONDO:MONDO:0005148,MeSH:D003924,MedGen:C0011860,OMIM:125853;MONDO:MONDO:0009734,MedGen:C2931832,OMIM:256450,Orphanet:276575,Orphanet:276598","Leucine-induced hypoglycemia;Diabetes mellitus, permanent neonatal 3;Diabetes mellitus, transient neonatal, 2;Type 2 diabetes mellitus;Hyperinsulinemic hypoglycemia, familial, 1",germline,germline,GRCh37,NC_000011.9,11,17432095,17432095,na,na,11p15.1,"criteria provided, single submitter",1,-,N,-,2,3599360,17432094,TG,T,-,-,-,-,-,-,SCV005676332,-,-
3720022,Deletion,NM_000352.6(ABCC8):c.2662del (p.His888fs),6833,ABCC8,HGNC:59,Likely pathogenic,1,"Feb 17, 2024",-1,-,RCV005046575,"MONDO:MONDO:0009415,MedGen:C0271714,OMIM:240800;MONDO:MONDO:0030088,MedGen:C5394303,OMIM:618857;MONDO:MONDO:0012480,MedGen:C1835887,OMIM:610374,Orphanet:99886;Human Phenotype Ontology:HP:0005965,Human Phenotype Ontology:HP:0005978,Human Phenotype Ontology:HP:0100652,MONDO:MONDO:0005148,MeSH:D003924,MedGen:C0011860,OMIM:125853;MONDO:MONDO:0009734,MedGen:C2931832,OMIM:256450,Orphanet:276575,Orphanet:276598","Leucine-induced hypoglycemia;Diabetes mellitus, permanent neonatal 3;Diabetes mellitus, transient neonatal, 2;Type 2 diabetes mellitus;Hyperinsulinemic hypoglycemia, familial, 1",germline,germline,GRCh38,NC_000011.10,11,17410548,17410548,na,na,11p15.1,"criteria provided, single submitter",1,-,N,-,2,3599360,17410547,TG,T,-,-,-,-,-,-,SCV005676332,-,-
3720023,single nucleotide variant,NM_000352.6(ABCC8):c.2572G>A (p.Ala858Thr),6833,ABCC8,HGNC:59,Uncertain significance,0,"May 13, 2024",-1,-,RCV005050069,"MONDO:MONDO:0009415,MedGen:C0271714,OMIM:240800;MONDO:MONDO:0030088,MedGen:C5394303,OMIM:618857;MONDO:MONDO:0012480,MedGen:C1835887,OMIM:610374,Orphanet:99886;Human Phenotype Ontology:HP:0005965,Human Phenotype Ontology:HP:0005978,Human Phenotype Ontology:HP:0100652,MONDO:MONDO:0005148,MeSH:D003924,MedGen:C0011860,OMIM:125853;MONDO:MONDO:0009734,MedGen:C2931832,OMIM:256450,Orphanet:276575,Orphanet:276598","Leucine-induced hypoglycemia;Diabetes mellitus, permanent neonatal 3;Diabetes mellitus, transient neonatal, 2;Type 2 diabetes mellitus;Hyperinsulinemic hypoglycemia, familial, 1",germline,germline,GRCh37,NC_000011.9,11,17432185,17432185,na,na,11p15.1,"criteria provided, single submitter",1,-,N,-,2,3599361,17432185,C,T,-,-,-,-,-,-,SCV005676334,-,-
3720023,single nucleotide variant,NM_000352.6(ABCC8):c.2572G>A (p.Ala858Thr),6833,ABCC8,HGNC:59,Uncertain significance,0,"May 13, 2024",-1,-,RCV005050069,"MONDO:MONDO:0009415,MedGen:C0271714,OMIM:240800;MONDO:MONDO:0030088,MedGen:C5394303,OMIM:618857;MONDO:MONDO:0012480,MedGen:C1835887,OMIM:610374,Orphanet:99886;Human Phenotype Ontology:HP:0005965,Human Phenotype Ontology:HP:0005978,Human Phenotype Ontology:HP:0100652,MONDO:MONDO:0005148,MeSH:D003924,MedGen:C0011860,OMIM:125853;MONDO:MONDO:0009734,MedGen:C2931832,OMIM:256450,Orphanet:276575,Orphanet:276598","Leucine-induced hypoglycemia;Diabetes mellitus, permanent neonatal 3;Diabetes mellitus, transient neonatal, 2;Type 2 diabetes mellitus;Hyperinsulinemic hypoglycemia, familial, 1",germline,germline,GRCh38,NC_000011.10,11,17410638,17410638,na,na,11p15.1,"criteria provided, single submitter",1,-,N,-,2,3599361,17410638,C,T,-,-,-,-,-,-,SCV005676334,-,-
3720024,single nucleotide variant,NM_000352.6(ABCC8):c.2543A>G (p.Asn848Ser),6833,ABCC8,HGNC:59,Uncertain significance,0,"Mar 28, 2024",-1,-,RCV005046576,"MONDO:MONDO:0009415,MedGen:C0271714,OMIM:240800;MONDO:MONDO:0030088,MedGen:C5394303,OMIM:618857;MONDO:MONDO:0012480,MedGen:C1835887,OMIM:610374,Orphanet:99886;Human Phenotype Ontology:HP:0005965,Human Phenotype Ontology:HP:0005978,Human Phenotype Ontology:HP:0100652,MONDO:MONDO:0005148,MeSH:D003924,MedGen:C0011860,OMIM:125853;MONDO:MONDO:0009734,MedGen:C2931832,OMIM:256450,Orphanet:276575,Orphanet:276598","Leucine-induced hypoglycemia;Diabetes mellitus, permanent neonatal 3;Diabetes mellitus, transient neonatal, 2;Type 2 diabetes mellitus;Hyperinsulinemic hypoglycemia, familial, 1",germline,germline,GRCh37,NC_000011.9,11,17434226,17434226,na,na,11p15.1,"criteria provided, single submitter",1,-,N,-,2,3599362,17434226,T,C,-,-,-,-,-,-,SCV005676335,-,-
3720024,single nucleotide variant,NM_000352.6(ABCC8):c.2543A>G (p.Asn848Ser),6833,ABCC8,HGNC:59,Uncertain significance,0,"Mar 28, 2024",-1,-,RCV005046576,"MONDO:MONDO:0009415,MedGen:C0271714,OMIM:240800;MONDO:MONDO:0030088,MedGen:C5394303,OMIM:618857;MONDO:MONDO:0012480,MedGen:C1835887,OMIM:610374,Orphanet:99886;Human Phenotype Ontology:HP:0005965,Human Phenotype Ontology:HP:0005978,Human Phenotype Ontology:HP:0100652,MONDO:MONDO:0005148,MeSH:D003924,MedGen:C0011860,OMIM:125853;MONDO:MONDO:0009734,MedGen:C2931832,OMIM:256450,Orphanet:276575,Orphanet:276598","Leucine-induced hypoglycemia;Diabetes mellitus, permanent neonatal 3;Diabetes mellitus, transient neonatal, 2;Type 2 diabetes mellitus;Hyperinsulinemic hypoglycemia, familial, 1",germline,germline,GRCh38,NC_000011.10,11,17412679,17412679,na,na,11p15.1,"criteria provided, single submitter",1,-,N,-,2,3599362,17412679,T,C,-,-,-,-,-,-,SCV005676335,-,-
3720025,Deletion,NM_000352.6(ABCC8):c.2492del (p.Gly831fs),6833,ABCC8,HGNC:59,Likely pathogenic,1,"Jun 18, 2024",-1,-,RCV005046577,"MONDO:MONDO:0009415,MedGen:C0271714,OMIM:240800;MONDO:MONDO:0030088,MedGen:C5394303,OMIM:618857;MONDO:MONDO:0012480,MedGen:C1835887,OMIM:610374,Orphanet:99886;Human Phenotype Ontology:HP:0005965,Human Phenotype Ontology:HP:0005978,Human Phenotype Ontology:HP:0100652,MONDO:MONDO:0005148,MeSH:D003924,MedGen:C0011860,OMIM:125853;MONDO:MONDO:0009734,MedGen:C2931832,OMIM:256450,Orphanet:276575,Orphanet:276598","Leucine-induced hypoglycemia;Diabetes mellitus, permanent neonatal 3;Diabetes mellitus, transient neonatal, 2;Type 2 diabetes mellitus;Hyperinsulinemic hypoglycemia, familial, 1",germline,germline,GRCh37,NC_000011.9,11,17434277,17434277,na,na,11p15.1,"criteria provided, single submitter",1,-,N,-,2,3599363,17434276,AC,A,-,-,-,-,-,-,SCV005676340,-,-
3720025,Deletion,NM_000352.6(ABCC8):c.2492del (p.Gly831fs),6833,ABCC8,HGNC:59,Likely pathogenic,1,"Jun 18, 2024",-1,-,RCV005046577,"MONDO:MONDO:0009415,MedGen:C0271714,OMIM:240800;MONDO:MONDO:0030088,MedGen:C5394303,OMIM:618857;MONDO:MONDO:0012480,MedGen:C1835887,OMIM:610374,Orphanet:99886;Human Phenotype Ontology:HP:0005965,Human Phenotype Ontology:HP:0005978,Human Phenotype Ontology:HP:0100652,MONDO:MONDO:0005148,MeSH:D003924,MedGen:C0011860,OMIM:125853;MONDO:MONDO:0009734,MedGen:C2931832,OMIM:256450,Orphanet:276575,Orphanet:276598","Leucine-induced hypoglycemia;Diabetes mellitus, permanent neonatal 3;Diabetes mellitus, transient neonatal, 2;Type 2 diabetes mellitus;Hyperinsulinemic hypoglycemia, familial, 1",germline,germline,GRCh38,NC_000011.10,11,17412730,17412730,na,na,11p15.1,"criteria provided, single submitter",1,-,N,-,2,3599363,17412729,AC,A,-,-,-,-,-,-,SCV005676340,-,-
3720028,single nucleotide variant,NM_000352.6(ABCC8):c.2465T>C (p.Ile822Thr),6833,ABCC8,HGNC:59,Uncertain significance,0,"Mar 20, 2024",-1,-,RCV005046578,"MONDO:MONDO:0009415,MedGen:C0271714,OMIM:240800;MONDO:MONDO:0030088,MedGen:C5394303,OMIM:618857;MONDO:MONDO:0012480,MedGen:C1835887,OMIM:610374,Orphanet:99886;Human Phenotype Ontology:HP:0005965,Human Phenotype Ontology:HP:0005978,Human Phenotype Ontology:HP:0100652,MONDO:MONDO:0005148,MeSH:D003924,MedGen:C0011860,OMIM:125853;MONDO:MONDO:0009734,MedGen:C2931832,OMIM:256450,Orphanet:276575,Orphanet:276598","Leucine-induced hypoglycemia;Diabetes mellitus, permanent neonatal 3;Diabetes mellitus, transient neonatal, 2;Type 2 diabetes mellitus;Hyperinsulinemic hypoglycemia, familial, 1",germline,germline,GRCh37,NC_000011.9,11,17434951,17434951,na,na,11p15.1,"criteria provided, single submitter",1,-,N,-,2,3599364,17434951,A,G,-,-,-,-,-,-,SCV005676343,-,-
3720028,single nucleotide variant,NM_000352.6(ABCC8):c.2465T>C (p.Ile822Thr),6833,ABCC8,HGNC:59,Uncertain significance,0,"Mar 20, 2024",-1,-,RCV005046578,"MONDO:MONDO:0009415,MedGen:C0271714,OMIM:240800;MONDO:MONDO:0030088,MedGen:C5394303,OMIM:618857;MONDO:MONDO:0012480,MedGen:C1835887,OMIM:610374,Orphanet:99886;Human Phenotype Ontology:HP:0005965,Human Phenotype Ontology:HP:0005978,Human Phenotype Ontology:HP:0100652,MONDO:MONDO:0005148,MeSH:D003924,MedGen:C0011860,OMIM:125853;MONDO:MONDO:0009734,MedGen:C2931832,OMIM:256450,Orphanet:276575,Orphanet:276598","Leucine-induced hypoglycemia;Diabetes mellitus, permanent neonatal 3;Diabetes mellitus, transient neonatal, 2;Type 2 diabetes mellitus;Hyperinsulinemic hypoglycemia, familial, 1",germline,germline,GRCh38,NC_000011.10,11,17413404,17413404,na,na,11p15.1,"criteria provided, single submitter",1,-,N,-,2,3599364,17413404,A,G,-,-,-,-,-,-,SCV005676343,-,-
3720029,single nucleotide variant,NM_000352.6(ABCC8):c.2449G>A (p.Gly817Arg),6833,ABCC8,HGNC:59,Uncertain significance,0,"Jan 05, 2024",-1,-,RCV005046579,"MONDO:MONDO:0009415,MedGen:C0271714,OMIM:240800;MONDO:MONDO:0030088,MedGen:C5394303,OMIM:618857;MONDO:MONDO:0012480,MedGen:C1835887,OMIM:610374,Orphanet:99886;Human Phenotype Ontology:HP:0005965,Human Phenotype Ontology:HP:0005978,Human Phenotype Ontology:HP:0100652,MONDO:MONDO:0005148,MeSH:D003924,MedGen:C0011860,OMIM:125853;MONDO:MONDO:0009734,MedGen:C2931832,OMIM:256450,Orphanet:276575,Orphanet:276598","Leucine-induced hypoglycemia;Diabetes mellitus, permanent neonatal 3;Diabetes mellitus, transient neonatal, 2;Type 2 diabetes mellitus;Hyperinsulinemic hypoglycemia, familial, 1",germline,germline,GRCh37,NC_000011.9,11,17434967,17434967,na,na,11p15.1,"criteria provided, single submitter",1,-,N,-,2,3599365,17434967,C,T,-,-,-,-,-,-,SCV005676344,-,-
3720029,single nucleotide variant,NM_000352.6(ABCC8):c.2449G>A (p.Gly817Arg),6833,ABCC8,HGNC:59,Uncertain significance,0,"Jan 05, 2024",-1,-,RCV005046579,"MONDO:MONDO:0009415,MedGen:C0271714,OMIM:240800;MONDO:MONDO:0030088,MedGen:C5394303,OMIM:618857;MONDO:MONDO:0012480,MedGen:C1835887,OMIM:610374,Orphanet:99886;Human Phenotype Ontology:HP:0005965,Human Phenotype Ontology:HP:0005978,Human Phenotype Ontology:HP:0100652,MONDO:MONDO:0005148,MeSH:D003924,MedGen:C0011860,OMIM:125853;MONDO:MONDO:0009734,MedGen:C2931832,OMIM:256450,Orphanet:276575,Orphanet:276598","Leucine-induced hypoglycemia;Diabetes mellitus, permanent neonatal 3;Diabetes mellitus, transient neonatal, 2;Type 2 diabetes mellitus;Hyperinsulinemic hypoglycemia, familial, 1",germline,germline,GRCh38,NC_000011.10,11,17413420,17413420,na,na,11p15.1,"criteria provided, single submitter",1,-,N,-,2,3599365,17413420,C,T,-,-,-,-,-,-,SCV005676344,-,-
3720030,single nucleotide variant,NM_000352.6(ABCC8):c.2391-5G>T,6833,ABCC8,HGNC:59,Uncertain significance,0,"Feb 19, 2024",-1,-,RCV005050070,"MONDO:MONDO:0009415,MedGen:C0271714,OMIM:240800;MONDO:MONDO:0030088,MedGen:C5394303,OMIM:618857;MONDO:MONDO:0012480,MedGen:C1835887,OMIM:610374,Orphanet:99886;Human Phenotype Ontology:HP:0005965,Human Phenotype Ontology:HP:0005978,Human Phenotype Ontology:HP:0100652,MONDO:MONDO:0005148,MeSH:D003924,MedGen:C0011860,OMIM:125853;MONDO:MONDO:0009734,MedGen:C2931832,OMIM:256450,Orphanet:276575,Orphanet:276598","Leucine-induced hypoglycemia;Diabetes mellitus, permanent neonatal 3;Diabetes mellitus, transient neonatal, 2;Type 2 diabetes mellitus;Hyperinsulinemic hypoglycemia, familial, 1",germline,germline,GRCh37,NC_000011.9,11,17435030,17435030,na,na,11p15.1,"criteria provided, single submitter",1,-,N,-,2,3599366,17435030,C,A,-,-,-,-,-,-,SCV005676348,-,-
3720030,single nucleotide variant,NM_000352.6(ABCC8):c.2391-5G>T,6833,ABCC8,HGNC:59,Uncertain significance,0,"Feb 19, 2024",-1,-,RCV005050070,"MONDO:MONDO:0009415,MedGen:C0271714,OMIM:240800;MONDO:MONDO:0030088,MedGen:C5394303,OMIM:618857;MONDO:MONDO:0012480,MedGen:C1835887,OMIM:610374,Orphanet:99886;Human Phenotype Ontology:HP:0005965,Human Phenotype Ontology:HP:0005978,Human Phenotype Ontology:HP:0100652,MONDO:MONDO:0005148,MeSH:D003924,MedGen:C0011860,OMIM:125853;MONDO:MONDO:0009734,MedGen:C2931832,OMIM:256450,Orphanet:276575,Orphanet:276598","Leucine-induced hypoglycemia;Diabetes mellitus, permanent neonatal 3;Diabetes mellitus, transient neonatal, 2;Type 2 diabetes mellitus;Hyperinsulinemic hypoglycemia, familial, 1",germline,germline,GRCh38,NC_000011.10,11,17413483,17413483,na,na,11p15.1,"criteria provided, single submitter",1,-,N,-,2,3599366,17413483,C,A,-,-,-,-,-,-,SCV005676348,-,-
3720031,single nucleotide variant,NM_000352.6(ABCC8):c.2391-9C>A,6833,ABCC8,HGNC:59,Uncertain significance,0,"Jan 14, 2024",-1,-,RCV005050071,"MONDO:MONDO:0009415,MedGen:C0271714,OMIM:240800;MONDO:MONDO:0030088,MedGen:C5394303,OMIM:618857;MONDO:MONDO:0012480,MedGen:C1835887,OMIM:610374,Orphanet:99886;Human Phenotype Ontology:HP:0005965,Human Phenotype Ontology:HP:0005978,Human Phenotype Ontology:HP:0100652,MONDO:MONDO:0005148,MeSH:D003924,MedGen:C0011860,OMIM:125853;MONDO:MONDO:0009734,MedGen:C2931832,OMIM:256450,Orphanet:276575,Orphanet:276598","Leucine-induced hypoglycemia;Diabetes mellitus, permanent neonatal 3;Diabetes mellitus, transient neonatal, 2;Type 2 diabetes mellitus;Hyperinsulinemic hypoglycemia, familial, 1",germline,germline,GRCh37,NC_000011.9,11,17435034,17435034,na,na,11p15.1,"criteria provided, single submitter",1,-,N,-,2,3599367,17435034,G,T,-,-,-,-,-,-,SCV005676349,-,-
3720031,single nucleotide variant,NM_000352.6(ABCC8):c.2391-9C>A,6833,ABCC8,HGNC:59,Uncertain significance,0,"Jan 14, 2024",-1,-,RCV005050071,"MONDO:MONDO:0009415,MedGen:C0271714,OMIM:240800;MONDO:MONDO:0030088,MedGen:C5394303,OMIM:618857;MONDO:MONDO:0012480,MedGen:C1835887,OMIM:610374,Orphanet:99886;Human Phenotype Ontology:HP:0005965,Human Phenotype Ontology:HP:0005978,Human Phenotype Ontology:HP:0100652,MONDO:MONDO:0005148,MeSH:D003924,MedGen:C0011860,OMIM:125853;MONDO:MONDO:0009734,MedGen:C2931832,OMIM:256450,Orphanet:276575,Orphanet:276598","Leucine-induced hypoglycemia;Diabetes mellitus, permanent neonatal 3;Diabetes mellitus, transient neonatal, 2;Type 2 diabetes mellitus;Hyperinsulinemic hypoglycemia, familial, 1",germline,germline,GRCh38,NC_000011.10,11,17413487,17413487,na,na,11p15.1,"criteria provided, single submitter",1,-,N,-,2,3599367,17413487,G,T,-,-,-,-,-,-,SCV005676349,-,-
3720032,single nucleotide variant,NM_000352.6(ABCC8):c.2389C>G (p.Arg797Gly),6833,ABCC8,HGNC:59,Uncertain significance,0,"Apr 23, 2024",-1,-,RCV005046581|RCV005618435,"MONDO:MONDO:0009415,MedGen:C0271714,OMIM:240800;MONDO:MONDO:0030088,MedGen:C5394303,OMIM:618857;MONDO:MONDO:0012480,MedGen:C1835887,OMIM:610374,Orphanet:99886;Human Phenotype Ontology:HP:0005965,Human Phenotype Ontology:HP:0005978,Human Phenotype Ontology:HP:0100652,MONDO:MONDO:0005148,MeSH:D003924,MedGen:C0011860,OMIM:125853;MONDO:MONDO:0009734,MedGen:C2931832,OMIM:256450,Orphanet:276575,Orphanet:276598|","Leucine-induced hypoglycemia;Diabetes mellitus, permanent neonatal 3;Diabetes mellitus, transient neonatal, 2;Type 2 diabetes mellitus;Hyperinsulinemic hypoglycemia, familial, 1|Hereditary hyperinsulinism",germline,germline,GRCh37,NC_000011.9,11,17436060,17436060,na,na,11p15.1,"criteria provided, single submitter",2,-,N,-,2,3599369,17436060,G,C,-,-,-,-,-,-,SCV005676351,-,-
3720032,single nucleotide variant,NM_000352.6(ABCC8):c.2389C>G (p.Arg797Gly),6833,ABCC8,HGNC:59,Uncertain significance,0,"Apr 23, 2024",-1,-,RCV005046581|RCV005618435,"MONDO:MONDO:0009415,MedGen:C0271714,OMIM:240800;MONDO:MONDO:0030088,MedGen:C5394303,OMIM:618857;MONDO:MONDO:0012480,MedGen:C1835887,OMIM:610374,Orphanet:99886;Human Phenotype Ontology:HP:0005965,Human Phenotype Ontology:HP:0005978,Human Phenotype Ontology:HP:0100652,MONDO:MONDO:0005148,MeSH:D003924,MedGen:C0011860,OMIM:125853;MONDO:MONDO:0009734,MedGen:C2931832,OMIM:256450,Orphanet:276575,Orphanet:276598|","Leucine-induced hypoglycemia;Diabetes mellitus, permanent neonatal 3;Diabetes mellitus, transient neonatal, 2;Type 2 diabetes mellitus;Hyperinsulinemic hypoglycemia, familial, 1|Hereditary hyperinsulinism",germline,germline,GRCh38,NC_000011.10,11,17414513,17414513,na,na,11p15.1,"criteria provided, single submitter",2,-,N,-,2,3599369,17414513,G,C,-,-,-,-,-,-,SCV005676351,-,-
3720033,single nucleotide variant,NM_000352.6(ABCC8):c.2309C>G (p.Ala770Gly),6833,ABCC8,HGNC:59,Uncertain significance,0,"Jun 19, 2024",-1,-,RCV005046582,"MONDO:MONDO:0009415,MedGen:C0271714,OMIM:240800;MONDO:MONDO:0030088,MedGen:C5394303,OMIM:618857;MONDO:MONDO:0012480,MedGen:C1835887,OMIM:610374,Orphanet:99886;Human Phenotype Ontology:HP:0005965,Human Phenotype Ontology:HP:0005978,Human Phenotype Ontology:HP:0100652,MONDO:MONDO:0005148,MeSH:D003924,MedGen:C0011860,OMIM:125853;MONDO:MONDO:0009734,MedGen:C2931832,OMIM:256450,Orphanet:276575,Orphanet:276598","Leucine-induced hypoglycemia;Diabetes mellitus, permanent neonatal 3;Diabetes mellitus, transient neonatal, 2;Type 2 diabetes mellitus;Hyperinsulinemic hypoglycemia, familial, 1",germline,germline,GRCh37,NC_000011.9,11,17436140,17436140,na,na,11p15.1,"criteria provided, single submitter",1,-,N,-,2,3599370,17436140,G,C,-,-,-,-,-,-,SCV005676352,-,-
3720033,single nucleotide variant,NM_000352.6(ABCC8):c.2309C>G (p.Ala770Gly),6833,ABCC8,HGNC:59,Uncertain significance,0,"Jun 19, 2024",-1,-,RCV005046582,"MONDO:MONDO:0009415,MedGen:C0271714,OMIM:240800;MONDO:MONDO:0030088,MedGen:C5394303,OMIM:618857;MONDO:MONDO:0012480,MedGen:C1835887,OMIM:610374,Orphanet:99886;Human Phenotype Ontology:HP:0005965,Human Phenotype Ontology:HP:0005978,Human Phenotype Ontology:HP:0100652,MONDO:MONDO:0005148,MeSH:D003924,MedGen:C0011860,OMIM:125853;MONDO:MONDO:0009734,MedGen:C2931832,OMIM:256450,Orphanet:276575,Orphanet:276598","Leucine-induced hypoglycemia;Diabetes mellitus, permanent neonatal 3;Diabetes mellitus, transient neonatal, 2;Type 2 diabetes mellitus;Hyperinsulinemic hypoglycemia, familial, 1",germline,germline,GRCh38,NC_000011.10,11,17414593,17414593,na,na,11p15.1,"criteria provided, single submitter",1,-,N,-,2,3599370,17414593,G,C,-,-,-,-,-,-,SCV005676352,-,-
3720035,single nucleotide variant,NM_000352.6(ABCC8):c.2278G>A (p.Asp760Asn),6833,ABCC8,HGNC:59,Uncertain significance,0,"Aug 25, 2024",-1,-,RCV005046583|RCV005063354,"MONDO:MONDO:0009415,MedGen:C0271714,OMIM:240800;MONDO:MONDO:0030088,MedGen:C5394303,OMIM:618857;MONDO:MONDO:0012480,MedGen:C1835887,OMIM:610374,Orphanet:99886;Human Phenotype Ontology:HP:0005965,Human Phenotype Ontology:HP:0005978,Human Phenotype Ontology:HP:0100652,MONDO:MONDO:0005148,MeSH:D003924,MedGen:C0011860,OMIM:125853;MONDO:MONDO:0009734,MedGen:C2931832,OMIM:256450,Orphanet:276575,Orphanet:276598|MedGen:C3661900","Leucine-induced hypoglycemia;Diabetes mellitus, permanent neonatal 3;Diabetes mellitus, transient neonatal, 2;Type 2 diabetes mellitus;Hyperinsulinemic hypoglycemia, familial, 1|not provided",germline,germline,GRCh37,NC_000011.9,11,17436864,17436864,na,na,11p15.1,"criteria provided, multiple submitters, no conflicts",2,-,N,-,2,3599371,17436864,C,T,-,-,-,-,-,-,SCV005676355|SCV005706239,-,-
3720035,single nucleotide variant,NM_000352.6(ABCC8):c.2278G>A (p.Asp760Asn),6833,ABCC8,HGNC:59,Uncertain significance,0,"Aug 25, 2024",-1,-,RCV005046583|RCV005063354,"MONDO:MONDO:0009415,MedGen:C0271714,OMIM:240800;MONDO:MONDO:0030088,MedGen:C5394303,OMIM:618857;MONDO:MONDO:0012480,MedGen:C1835887,OMIM:610374,Orphanet:99886;Human Phenotype Ontology:HP:0005965,Human Phenotype Ontology:HP:0005978,Human Phenotype Ontology:HP:0100652,MONDO:MONDO:0005148,MeSH:D003924,MedGen:C0011860,OMIM:125853;MONDO:MONDO:0009734,MedGen:C2931832,OMIM:256450,Orphanet:276575,Orphanet:276598|MedGen:C3661900","Leucine-induced hypoglycemia;Diabetes mellitus, permanent neonatal 3;Diabetes mellitus, transient neonatal, 2;Type 2 diabetes mellitus;Hyperinsulinemic hypoglycemia, familial, 1|not provided",germline,germline,GRCh38,NC_000011.10,11,17415317,17415317,na,na,11p15.1,"criteria provided, multiple submitters, no conflicts",2,-,N,-,2,3599371,17415317,C,T,-,-,-,-,-,-,SCV005676355|SCV005706239,-,-
3720036,single nucleotide variant,NM_000352.6(ABCC8):c.2256C>T (p.Ser752=),6833,ABCC8,HGNC:59,Uncertain significance,0,"May 31, 2024",-1,-,RCV005046584,"MONDO:MONDO:0009415,MedGen:C0271714,OMIM:240800;MONDO:MONDO:0030088,MedGen:C5394303,OMIM:618857;MONDO:MONDO:0012480,MedGen:C1835887,OMIM:610374,Orphanet:99886;Human Phenotype Ontology:HP:0005965,Human Phenotype Ontology:HP:0005978,Human Phenotype Ontology:HP:0100652,MONDO:MONDO:0005148,MeSH:D003924,MedGen:C0011860,OMIM:125853;MONDO:MONDO:0009734,MedGen:C2931832,OMIM:256450,Orphanet:276575,Orphanet:276598","Leucine-induced hypoglycemia;Diabetes mellitus, permanent neonatal 3;Diabetes mellitus, transient neonatal, 2;Type 2 diabetes mellitus;Hyperinsulinemic hypoglycemia, familial, 1",germline,germline,GRCh37,NC_000011.9,11,17436886,17436886,na,na,11p15.1,"criteria provided, single submitter",1,-,N,-,2,3599372,17436886,G,A,-,-,-,-,-,-,SCV005676357,-,-
3720036,single nucleotide variant,NM_000352.6(ABCC8):c.2256C>T (p.Ser752=),6833,ABCC8,HGNC:59,Uncertain significance,0,"May 31, 2024",-1,-,RCV005046584,"MONDO:MONDO:0009415,MedGen:C0271714,OMIM:240800;MONDO:MONDO:0030088,MedGen:C5394303,OMIM:618857;MONDO:MONDO:0012480,MedGen:C1835887,OMIM:610374,Orphanet:99886;Human Phenotype Ontology:HP:0005965,Human Phenotype Ontology:HP:0005978,Human Phenotype Ontology:HP:0100652,MONDO:MONDO:0005148,MeSH:D003924,MedGen:C0011860,OMIM:125853;MONDO:MONDO:0009734,MedGen:C2931832,OMIM:256450,Orphanet:276575,Orphanet:276598","Leucine-induced hypoglycemia;Diabetes mellitus, permanent neonatal 3;Diabetes mellitus, transient neonatal, 2;Type 2 diabetes mellitus;Hyperinsulinemic hypoglycemia, familial, 1",germline,germline,GRCh38,NC_000011.10,11,17415339,17415339,na,na,11p15.1,"criteria provided, single submitter",1,-,N,-,2,3599372,17415339,G,A,-,-,-,-,-,-,SCV005676357,-,-
3720037,Deletion,NM_000352.6(ABCC8):c.2245_2249del (p.Glu749fs),6833,ABCC8,HGNC:59,Likely pathogenic,1,"Mar 04, 2024",-1,-,RCV005050072,"MONDO:MONDO:0009415,MedGen:C0271714,OMIM:240800;MONDO:MONDO:0030088,MedGen:C5394303,OMIM:618857;MONDO:MONDO:0012480,MedGen:C1835887,OMIM:610374,Orphanet:99886;Human Phenotype Ontology:HP:0005965,Human Phenotype Ontology:HP:0005978,Human Phenotype Ontology:HP:0100652,MONDO:MONDO:0005148,MeSH:D003924,MedGen:C0011860,OMIM:125853;MONDO:MONDO:0009734,MedGen:C2931832,OMIM:256450,Orphanet:276575,Orphanet:276598","Leucine-induced hypoglycemia;Diabetes mellitus, permanent neonatal 3;Diabetes mellitus, transient neonatal, 2;Type 2 diabetes mellitus;Hyperinsulinemic hypoglycemia, familial, 1",germline,germline,GRCh37,NC_000011.9,11,17438483,17438487,na,na,11p15.1,"criteria provided, single submitter",1,-,N,-,2,3599373,17438482,GTCCTC,G,-,-,-,-,-,-,SCV005676359,-,-
3720037,Deletion,NM_000352.6(ABCC8):c.2245_2249del (p.Glu749fs),6833,ABCC8,HGNC:59,Likely pathogenic,1,"Mar 04, 2024",-1,-,RCV005050072,"MONDO:MONDO:0009415,MedGen:C0271714,OMIM:240800;MONDO:MONDO:0030088,MedGen:C5394303,OMIM:618857;MONDO:MONDO:0012480,MedGen:C1835887,OMIM:610374,Orphanet:99886;Human Phenotype Ontology:HP:0005965,Human Phenotype Ontology:HP:0005978,Human Phenotype Ontology:HP:0100652,MONDO:MONDO:0005148,MeSH:D003924,MedGen:C0011860,OMIM:125853;MONDO:MONDO:0009734,MedGen:C2931832,OMIM:256450,Orphanet:276575,Orphanet:276598","Leucine-induced hypoglycemia;Diabetes mellitus, permanent neonatal 3;Diabetes mellitus, transient neonatal, 2;Type 2 diabetes mellitus;Hyperinsulinemic hypoglycemia, familial, 1",germline,germline,GRCh38,NC_000011.10,11,17416936,17416940,na,na,11p15.1,"criteria provided, single submitter",1,-,N,-,2,3599373,17416935,GTCCTC,G,-,-,-,-,-,-,SCV005676359,-,-
3720039,single nucleotide variant,NM_000352.6(ABCC8):c.2176G>T (p.Ala726Ser),6833,ABCC8,HGNC:59,Uncertain significance,0,"Aug 25, 2024",-1,-,RCV005046585|RCV005105367,"MONDO:MONDO:0009415,MedGen:C0271714,OMIM:240800;MONDO:MONDO:0030088,MedGen:C5394303,OMIM:618857;MONDO:MONDO:0012480,MedGen:C1835887,OMIM:610374,Orphanet:99886;Human Phenotype Ontology:HP:0005965,Human Phenotype Ontology:HP:0005978,Human Phenotype Ontology:HP:0100652,MONDO:MONDO:0005148,MeSH:D003924,MedGen:C0011860,OMIM:125853;MONDO:MONDO:0009734,MedGen:C2931832,OMIM:256450,Orphanet:276575,Orphanet:276598|MedGen:C3661900","Leucine-induced hypoglycemia;Diabetes mellitus, permanent neonatal 3;Diabetes mellitus, transient neonatal, 2;Type 2 diabetes mellitus;Hyperinsulinemic hypoglycemia, familial, 1|not provided",germline,germline,GRCh37,NC_000011.9,11,17448642,17448642,na,na,11p15.1,"criteria provided, multiple submitters, no conflicts",2,-,N,-,2,3599374,17448642,C,A,-,-,-,-,-,-,SCV005676365|SCV005820789,-,-
3720039,single nucleotide variant,NM_000352.6(ABCC8):c.2176G>T (p.Ala726Ser),6833,ABCC8,HGNC:59,Uncertain significance,0,"Aug 25, 2024",-1,-,RCV005046585|RCV005105367,"MONDO:MONDO:0009415,MedGen:C0271714,OMIM:240800;MONDO:MONDO:0030088,MedGen:C5394303,OMIM:618857;MONDO:MONDO:0012480,MedGen:C1835887,OMIM:610374,Orphanet:99886;Human Phenotype Ontology:HP:0005965,Human Phenotype Ontology:HP:0005978,Human Phenotype Ontology:HP:0100652,MONDO:MONDO:0005148,MeSH:D003924,MedGen:C0011860,OMIM:125853;MONDO:MONDO:0009734,MedGen:C2931832,OMIM:256450,Orphanet:276575,Orphanet:276598|MedGen:C3661900","Leucine-induced hypoglycemia;Diabetes mellitus, permanent neonatal 3;Diabetes mellitus, transient neonatal, 2;Type 2 diabetes mellitus;Hyperinsulinemic hypoglycemia, familial, 1|not provided",germline,germline,GRCh38,NC_000011.10,11,17427095,17427095,na,na,11p15.1,"criteria provided, multiple submitters, no conflicts",2,-,N,-,2,3599374,17427095,C,A,-,-,-,-,-,-,SCV005676365|SCV005820789,-,-
3720040,single nucleotide variant,NM_000352.6(ABCC8):c.2152G>A (p.Gly718Ser),6833,ABCC8,HGNC:59,Uncertain significance,0,"Jun 04, 2024",-1,-,RCV005046586,"MONDO:MONDO:0009415,MedGen:C0271714,OMIM:240800;MONDO:MONDO:0030088,MedGen:C5394303,OMIM:618857;MONDO:MONDO:0012480,MedGen:C1835887,OMIM:610374,Orphanet:99886;Human Phenotype Ontology:HP:0005965,Human Phenotype Ontology:HP:0005978,Human Phenotype Ontology:HP:0100652,MONDO:MONDO:0005148,MeSH:D003924,MedGen:C0011860,OMIM:125853;MONDO:MONDO:0009734,MedGen:C2931832,OMIM:256450,Orphanet:276575,Orphanet:276598","Leucine-induced hypoglycemia;Diabetes mellitus, permanent neonatal 3;Diabetes mellitus, transient neonatal, 2;Type 2 diabetes mellitus;Hyperinsulinemic hypoglycemia, familial, 1",germline,germline,GRCh37,NC_000011.9,11,17448666,17448666,na,na,11p15.1,"criteria provided, single submitter",1,-,N,-,2,3599375,17448666,C,T,-,-,-,-,-,-,SCV005676368,-,-
3720040,single nucleotide variant,NM_000352.6(ABCC8):c.2152G>A (p.Gly718Ser),6833,ABCC8,HGNC:59,Uncertain significance,0,"Jun 04, 2024",-1,-,RCV005046586,"MONDO:MONDO:0009415,MedGen:C0271714,OMIM:240800;MONDO:MONDO:0030088,MedGen:C5394303,OMIM:618857;MONDO:MONDO:0012480,MedGen:C1835887,OMIM:610374,Orphanet:99886;Human Phenotype Ontology:HP:0005965,Human Phenotype Ontology:HP:0005978,Human Phenotype Ontology:HP:0100652,MONDO:MONDO:0005148,MeSH:D003924,MedGen:C0011860,OMIM:125853;MONDO:MONDO:0009734,MedGen:C2931832,OMIM:256450,Orphanet:276575,Orphanet:276598","Leucine-induced hypoglycemia;Diabetes mellitus, permanent neonatal 3;Diabetes mellitus, transient neonatal, 2;Type 2 diabetes mellitus;Hyperinsulinemic hypoglycemia, familial, 1",germline,germline,GRCh38,NC_000011.10,11,17427119,17427119,na,na,11p15.1,"criteria provided, single submitter",1,-,N,-,2,3599375,17427119,C,T,-,-,-,-,-,-,SCV005676368,-,-
3720041,single nucleotide variant,NM_000352.6(ABCC8):c.2135T>C (p.Val712Ala),6833,ABCC8,HGNC:59,Uncertain significance,0,"May 08, 2024",-1,-,RCV005046587,"MONDO:MONDO:0009415,MedGen:C0271714,OMIM:240800;MONDO:MONDO:0030088,MedGen:C5394303,OMIM:618857;MONDO:MONDO:0012480,MedGen:C1835887,OMIM:610374,Orphanet:99886;Human Phenotype Ontology:HP:0005965,Human Phenotype Ontology:HP:0005978,Human Phenotype Ontology:HP:0100652,MONDO:MONDO:0005148,MeSH:D003924,MedGen:C0011860,OMIM:125853;MONDO:MONDO:0009734,MedGen:C2931832,OMIM:256450,Orphanet:276575,Orphanet:276598","Leucine-induced hypoglycemia;Diabetes mellitus, permanent neonatal 3;Diabetes mellitus, transient neonatal, 2;Type 2 diabetes mellitus;Hyperinsulinemic hypoglycemia, familial, 1",germline,germline,GRCh37,NC_000011.9,11,17448683,17448683,na,na,11p15.1,"criteria provided, single submitter",1,-,N,-,2,3599376,17448683,A,G,-,-,-,-,-,-,SCV005676369,-,-
3720041,single nucleotide variant,NM_000352.6(ABCC8):c.2135T>C (p.Val712Ala),6833,ABCC8,HGNC:59,Uncertain significance,0,"May 08, 2024",-1,-,RCV005046587,"MONDO:MONDO:0009415,MedGen:C0271714,OMIM:240800;MONDO:MONDO:0030088,MedGen:C5394303,OMIM:618857;MONDO:MONDO:0012480,MedGen:C1835887,OMIM:610374,Orphanet:99886;Human Phenotype Ontology:HP:0005965,Human Phenotype Ontology:HP:0005978,Human Phenotype Ontology:HP:0100652,MONDO:MONDO:0005148,MeSH:D003924,MedGen:C0011860,OMIM:125853;MONDO:MONDO:0009734,MedGen:C2931832,OMIM:256450,Orphanet:276575,Orphanet:276598","Leucine-induced hypoglycemia;Diabetes mellitus, permanent neonatal 3;Diabetes mellitus, transient neonatal, 2;Type 2 diabetes mellitus;Hyperinsulinemic hypoglycemia, familial, 1",germline,germline,GRCh38,NC_000011.10,11,17427136,17427136,na,na,11p15.1,"criteria provided, single submitter",1,-,N,-,2,3599376,17427136,A,G,-,-,-,-,-,-,SCV005676369,-,-
3720042,single nucleotide variant,NM_000352.6(ABCC8):c.2114G>A (p.Arg705Gln),6833,ABCC8,HGNC:59,Uncertain significance,0,"Feb 21, 2025",-1,-,RCV005050073|RCV005241078,"MONDO:MONDO:0009415,MedGen:C0271714,OMIM:240800;MONDO:MONDO:0030088,MedGen:C5394303,OMIM:618857;MONDO:MONDO:0012480,MedGen:C1835887,OMIM:610374,Orphanet:99886;Human Phenotype Ontology:HP:0005965,Human Phenotype Ontology:HP:0005978,Human Phenotype Ontology:HP:0100652,MONDO:MONDO:0005148,MeSH:D003924,MedGen:C0011860,OMIM:125853;MONDO:MONDO:0009734,MedGen:C2931832,OMIM:256450,Orphanet:276575,Orphanet:276598|MedGen:CN169374","Leucine-induced hypoglycemia;Diabetes mellitus, permanent neonatal 3;Diabetes mellitus, transient neonatal, 2;Type 2 diabetes mellitus;Hyperinsulinemic hypoglycemia, familial, 1|not specified",germline,germline,GRCh37,NC_000011.9,11,17449416,17449416,na,na,11p15.1,"criteria provided, multiple submitters, no conflicts",2,-,N,-,2,3599377,17449416,C,T,-,-,-,-,-,-,SCV005676370|SCV005885466,-,-
3720042,single nucleotide variant,NM_000352.6(ABCC8):c.2114G>A (p.Arg705Gln),6833,ABCC8,HGNC:59,Uncertain significance,0,"Feb 21, 2025",-1,-,RCV005050073|RCV005241078,"MONDO:MONDO:0009415,MedGen:C0271714,OMIM:240800;MONDO:MONDO:0030088,MedGen:C5394303,OMIM:618857;MONDO:MONDO:0012480,MedGen:C1835887,OMIM:610374,Orphanet:99886;Human Phenotype Ontology:HP:0005965,Human Phenotype Ontology:HP:0005978,Human Phenotype Ontology:HP:0100652,MONDO:MONDO:0005148,MeSH:D003924,MedGen:C0011860,OMIM:125853;MONDO:MONDO:0009734,MedGen:C2931832,OMIM:256450,Orphanet:276575,Orphanet:276598|MedGen:CN169374","Leucine-induced hypoglycemia;Diabetes mellitus, permanent neonatal 3;Diabetes mellitus, transient neonatal, 2;Type 2 diabetes mellitus;Hyperinsulinemic hypoglycemia, familial, 1|not specified",germline,germline,GRCh38,NC_000011.10,11,17427869,17427869,na,na,11p15.1,"criteria provided, multiple submitters, no conflicts",2,-,N,-,2,3599377,17427869,C,T,-,-,-,-,-,-,SCV005676370|SCV005885466,-,-
3720043,single nucleotide variant,NM_000352.6(ABCC8):c.2073T>A (p.Asp691Glu),6833,ABCC8,HGNC:59,Uncertain significance,0,"Jun 03, 2024",-1,-,RCV005046588,"MONDO:MONDO:0009415,MedGen:C0271714,OMIM:240800;MONDO:MONDO:0030088,MedGen:C5394303,OMIM:618857;MONDO:MONDO:0012480,MedGen:C1835887,OMIM:610374,Orphanet:99886;Human Phenotype Ontology:HP:0005965,Human Phenotype Ontology:HP:0005978,Human Phenotype Ontology:HP:0100652,MONDO:MONDO:0005148,MeSH:D003924,MedGen:C0011860,OMIM:125853;MONDO:MONDO:0009734,MedGen:C2931832,OMIM:256450,Orphanet:276575,Orphanet:276598","Leucine-induced hypoglycemia;Diabetes mellitus, permanent neonatal 3;Diabetes mellitus, transient neonatal, 2;Type 2 diabetes mellitus;Hyperinsulinemic hypoglycemia, familial, 1",germline,germline,GRCh37,NC_000011.9,11,17449457,17449457,na,na,11p15.1,"criteria provided, single submitter",1,-,N,-,2,3599378,17449457,A,T,-,-,-,-,-,-,SCV005676371,-,-
3720043,single nucleotide variant,NM_000352.6(ABCC8):c.2073T>A (p.Asp691Glu),6833,ABCC8,HGNC:59,Uncertain significance,0,"Jun 03, 2024",-1,-,RCV005046588,"MONDO:MONDO:0009415,MedGen:C0271714,OMIM:240800;MONDO:MONDO:0030088,MedGen:C5394303,OMIM:618857;MONDO:MONDO:0012480,MedGen:C1835887,OMIM:610374,Orphanet:99886;Human Phenotype Ontology:HP:0005965,Human Phenotype Ontology:HP:0005978,Human Phenotype Ontology:HP:0100652,MONDO:MONDO:0005148,MeSH:D003924,MedGen:C0011860,OMIM:125853;MONDO:MONDO:0009734,MedGen:C2931832,OMIM:256450,Orphanet:276575,Orphanet:276598","Leucine-induced hypoglycemia;Diabetes mellitus, permanent neonatal 3;Diabetes mellitus, transient neonatal, 2;Type 2 diabetes mellitus;Hyperinsulinemic hypoglycemia, familial, 1",germline,germline,GRCh38,NC_000011.10,11,17427910,17427910,na,na,11p15.1,"criteria provided, single submitter",1,-,N,-,2,3599378,17427910,A,T,-,-,-,-,-,-,SCV005676371,-,-
3720044,single nucleotide variant,NM_000352.6(ABCC8):c.2054A>G (p.Tyr685Cys),6833,ABCC8,HGNC:59,Uncertain significance,0,"Feb 12, 2024",-1,-,RCV005046590,"MONDO:MONDO:0009415,MedGen:C0271714,OMIM:240800;MONDO:MONDO:0030088,MedGen:C5394303,OMIM:618857;MONDO:MONDO:0012480,MedGen:C1835887,OMIM:610374,Orphanet:99886;Human Phenotype Ontology:HP:0005965,Human Phenotype Ontology:HP:0005978,Human Phenotype Ontology:HP:0100652,MONDO:MONDO:0005148,MeSH:D003924,MedGen:C0011860,OMIM:125853;MONDO:MONDO:0009734,MedGen:C2931832,OMIM:256450,Orphanet:276575,Orphanet:276598","Leucine-induced hypoglycemia;Diabetes mellitus, permanent neonatal 3;Diabetes mellitus, transient neonatal, 2;Type 2 diabetes mellitus;Hyperinsulinemic hypoglycemia, familial, 1",germline,germline,GRCh37,NC_000011.9,11,17449476,17449476,na,na,11p15.1,"criteria provided, single submitter",1,-,N,-,2,3599380,17449476,T,C,-,-,-,-,-,-,SCV005676373,-,-
3720044,single nucleotide variant,NM_000352.6(ABCC8):c.2054A>G (p.Tyr685Cys),6833,ABCC8,HGNC:59,Uncertain significance,0,"Feb 12, 2024",-1,-,RCV005046590,"MONDO:MONDO:0009415,MedGen:C0271714,OMIM:240800;MONDO:MONDO:0030088,MedGen:C5394303,OMIM:618857;MONDO:MONDO:0012480,MedGen:C1835887,OMIM:610374,Orphanet:99886;Human Phenotype Ontology:HP:0005965,Human Phenotype Ontology:HP:0005978,Human Phenotype Ontology:HP:0100652,MONDO:MONDO:0005148,MeSH:D003924,MedGen:C0011860,OMIM:125853;MONDO:MONDO:0009734,MedGen:C2931832,OMIM:256450,Orphanet:276575,Orphanet:276598","Leucine-induced hypoglycemia;Diabetes mellitus, permanent neonatal 3;Diabetes mellitus, transient neonatal, 2;Type 2 diabetes mellitus;Hyperinsulinemic hypoglycemia, familial, 1",germline,germline,GRCh38,NC_000011.10,11,17427929,17427929,na,na,11p15.1,"criteria provided, single submitter",1,-,N,-,2,3599380,17427929,T,C,-,-,-,-,-,-,SCV005676373,-,-
3720046,single nucleotide variant,NM_000352.6(ABCC8):c.1962G>C (p.Glu654Asp),6833,ABCC8,HGNC:59,Uncertain significance,0,"Mar 28, 2024",-1,-,RCV005046591,"MONDO:MONDO:0009415,MedGen:C0271714,OMIM:240800;MONDO:MONDO:0030088,MedGen:C5394303,OMIM:618857;MONDO:MONDO:0012480,MedGen:C1835887,OMIM:610374,Orphanet:99886;Human Phenotype Ontology:HP:0005965,Human Phenotype Ontology:HP:0005978,Human Phenotype Ontology:HP:0100652,MONDO:MONDO:0005148,MeSH:D003924,MedGen:C0011860,OMIM:125853;MONDO:MONDO:0009734,MedGen:C2931832,OMIM:256450,Orphanet:276575,Orphanet:276598","Leucine-induced hypoglycemia;Diabetes mellitus, permanent neonatal 3;Diabetes mellitus, transient neonatal, 2;Type 2 diabetes mellitus;Hyperinsulinemic hypoglycemia, familial, 1",germline,germline,GRCh37,NC_000011.9,11,17449914,17449914,na,na,11p15.1,"criteria provided, single submitter",1,-,N,-,2,3599381,17449914,C,G,-,-,-,-,-,-,SCV005676379,-,-
3720046,single nucleotide variant,NM_000352.6(ABCC8):c.1962G>C (p.Glu654Asp),6833,ABCC8,HGNC:59,Uncertain significance,0,"Mar 28, 2024",-1,-,RCV005046591,"MONDO:MONDO:0009415,MedGen:C0271714,OMIM:240800;MONDO:MONDO:0030088,MedGen:C5394303,OMIM:618857;MONDO:MONDO:0012480,MedGen:C1835887,OMIM:610374,Orphanet:99886;Human Phenotype Ontology:HP:0005965,Human Phenotype Ontology:HP:0005978,Human Phenotype Ontology:HP:0100652,MONDO:MONDO:0005148,MeSH:D003924,MedGen:C0011860,OMIM:125853;MONDO:MONDO:0009734,MedGen:C2931832,OMIM:256450,Orphanet:276575,Orphanet:276598","Leucine-induced hypoglycemia;Diabetes mellitus, permanent neonatal 3;Diabetes mellitus, transient neonatal, 2;Type 2 diabetes mellitus;Hyperinsulinemic hypoglycemia, familial, 1",germline,germline,GRCh38,NC_000011.10,11,17428367,17428367,na,na,11p15.1,"criteria provided, single submitter",1,-,N,-,2,3599381,17428367,C,G,-,-,-,-,-,-,SCV005676379,-,-
3720047,single nucleotide variant,NM_000352.6(ABCC8):c.1924-18C>A,6833,ABCC8,HGNC:59,Conflicting classifications of pathogenicity,0,"Apr 28, 2024",-1,-,RCV005046592|RCV005105368,"MONDO:MONDO:0009415,MedGen:C0271714,OMIM:240800;MONDO:MONDO:0030088,MedGen:C5394303,OMIM:618857;MONDO:MONDO:0012480,MedGen:C1835887,OMIM:610374,Orphanet:99886;Human Phenotype Ontology:HP:0005965,Human Phenotype Ontology:HP:0005978,Human Phenotype Ontology:HP:0100652,MONDO:MONDO:0005148,MeSH:D003924,MedGen:C0011860,OMIM:125853;MONDO:MONDO:0009734,MedGen:C2931832,OMIM:256450,Orphanet:276575,Orphanet:276598|MedGen:C3661900","Leucine-induced hypoglycemia;Diabetes mellitus, permanent neonatal 3;Diabetes mellitus, transient neonatal, 2;Type 2 diabetes mellitus;Hyperinsulinemic hypoglycemia, familial, 1|not provided",germline,germline,GRCh37,NC_000011.9,11,17449970,17449970,na,na,11p15.1,"criteria provided, conflicting classifications",2,-,N,-,2,3599382,17449970,G,T,-,-,-,-,-,-,SCV005676381|SCV005810407,-,-
3720047,single nucleotide variant,NM_000352.6(ABCC8):c.1924-18C>A,6833,ABCC8,HGNC:59,Conflicting classifications of pathogenicity,0,"Apr 28, 2024",-1,-,RCV005046592|RCV005105368,"MONDO:MONDO:0009415,MedGen:C0271714,OMIM:240800;MONDO:MONDO:0030088,MedGen:C5394303,OMIM:618857;MONDO:MONDO:0012480,MedGen:C1835887,OMIM:610374,Orphanet:99886;Human Phenotype Ontology:HP:0005965,Human Phenotype Ontology:HP:0005978,Human Phenotype Ontology:HP:0100652,MONDO:MONDO:0005148,MeSH:D003924,MedGen:C0011860,OMIM:125853;MONDO:MONDO:0009734,MedGen:C2931832,OMIM:256450,Orphanet:276575,Orphanet:276598|MedGen:C3661900","Leucine-induced hypoglycemia;Diabetes mellitus, permanent neonatal 3;Diabetes mellitus, transient neonatal, 2;Type 2 diabetes mellitus;Hyperinsulinemic hypoglycemia, familial, 1|not provided",germline,germline,GRCh38,NC_000011.10,11,17428423,17428423,na,na,11p15.1,"criteria provided, conflicting classifications",2,-,N,-,2,3599382,17428423,G,T,-,-,-,-,-,-,SCV005676381|SCV005810407,-,-
3720048,Deletion,NM_000352.6(ABCC8):c.1901del (p.Pro634fs),6833,ABCC8,HGNC:59,Likely pathogenic,1,"Mar 25, 2024",-1,-,RCV005046593,"MONDO:MONDO:0009415,MedGen:C0271714,OMIM:240800;MONDO:MONDO:0030088,MedGen:C5394303,OMIM:618857;MONDO:MONDO:0012480,MedGen:C1835887,OMIM:610374,Orphanet:99886;Human Phenotype Ontology:HP:0005965,Human Phenotype Ontology:HP:0005978,Human Phenotype Ontology:HP:0100652,MONDO:MONDO:0005148,MeSH:D003924,MedGen:C0011860,OMIM:125853;MONDO:MONDO:0009734,MedGen:C2931832,OMIM:256450,Orphanet:276575,Orphanet:276598","Leucine-induced hypoglycemia;Diabetes mellitus, permanent neonatal 3;Diabetes mellitus, transient neonatal, 2;Type 2 diabetes mellitus;Hyperinsulinemic hypoglycemia, familial, 1",germline,germline,GRCh37,NC_000011.9,11,17450134,17450134,na,na,11p15.1,"criteria provided, single submitter",1,-,N,-,2,3599384,17450133,TG,T,-,-,-,-,-,-,SCV005676383,-,-
3720048,Deletion,NM_000352.6(ABCC8):c.1901del (p.Pro634fs),6833,ABCC8,HGNC:59,Likely pathogenic,1,"Mar 25, 2024",-1,-,RCV005046593,"MONDO:MONDO:0009415,MedGen:C0271714,OMIM:240800;MONDO:MONDO:0030088,MedGen:C5394303,OMIM:618857;MONDO:MONDO:0012480,MedGen:C1835887,OMIM:610374,Orphanet:99886;Human Phenotype Ontology:HP:0005965,Human Phenotype Ontology:HP:0005978,Human Phenotype Ontology:HP:0100652,MONDO:MONDO:0005148,MeSH:D003924,MedGen:C0011860,OMIM:125853;MONDO:MONDO:0009734,MedGen:C2931832,OMIM:256450,Orphanet:276575,Orphanet:276598","Leucine-induced hypoglycemia;Diabetes mellitus, permanent neonatal 3;Diabetes mellitus, transient neonatal, 2;Type 2 diabetes mellitus;Hyperinsulinemic hypoglycemia, familial, 1",germline,germline,GRCh38,NC_000011.10,11,17428587,17428587,na,na,11p15.1,"criteria provided, single submitter",1,-,N,-,2,3599384,17428586,TG,T,-,-,-,-,-,-,SCV005676383,-,-
3720049,single nucleotide variant,NM_000352.6(ABCC8):c.1900C>G (p.Pro634Ala),6833,ABCC8,HGNC:59,Uncertain significance,0,"Mar 01, 2024",-1,-,RCV005050075,"MONDO:MONDO:0009415,MedGen:C0271714,OMIM:240800;MONDO:MONDO:0030088,MedGen:C5394303,OMIM:618857;MONDO:MONDO:0012480,MedGen:C1835887,OMIM:610374,Orphanet:99886;Human Phenotype Ontology:HP:0005965,Human Phenotype Ontology:HP:0005978,Human Phenotype Ontology:HP:0100652,MONDO:MONDO:0005148,MeSH:D003924,MedGen:C0011860,OMIM:125853;MONDO:MONDO:0009734,MedGen:C2931832,OMIM:256450,Orphanet:276575,Orphanet:276598","Leucine-induced hypoglycemia;Diabetes mellitus, permanent neonatal 3;Diabetes mellitus, transient neonatal, 2;Type 2 diabetes mellitus;Hyperinsulinemic hypoglycemia, familial, 1",germline,germline,GRCh37,NC_000011.9,11,17450135,17450135,na,na,11p15.1,"criteria provided, single submitter",1,-,N,-,2,3599385,17450135,G,C,-,-,-,-,-,-,SCV005676384,-,-
3720049,single nucleotide variant,NM_000352.6(ABCC8):c.1900C>G (p.Pro634Ala),6833,ABCC8,HGNC:59,Uncertain significance,0,"Mar 01, 2024",-1,-,RCV005050075,"MONDO:MONDO:0009415,MedGen:C0271714,OMIM:240800;MONDO:MONDO:0030088,MedGen:C5394303,OMIM:618857;MONDO:MONDO:0012480,MedGen:C1835887,OMIM:610374,Orphanet:99886;Human Phenotype Ontology:HP:0005965,Human Phenotype Ontology:HP:0005978,Human Phenotype Ontology:HP:0100652,MONDO:MONDO:0005148,MeSH:D003924,MedGen:C0011860,OMIM:125853;MONDO:MONDO:0009734,MedGen:C2931832,OMIM:256450,Orphanet:276575,Orphanet:276598","Leucine-induced hypoglycemia;Diabetes mellitus, permanent neonatal 3;Diabetes mellitus, transient neonatal, 2;Type 2 diabetes mellitus;Hyperinsulinemic hypoglycemia, familial, 1",germline,germline,GRCh38,NC_000011.10,11,17428588,17428588,na,na,11p15.1,"criteria provided, single submitter",1,-,N,-,2,3599385,17428588,G,C,-,-,-,-,-,-,SCV005676384,-,-
3720050,single nucleotide variant,NM_000352.6(ABCC8):c.1813G>A (p.Val605Met),6833,ABCC8,HGNC:59,Uncertain significance,0,"Nov 03, 2024",-1,-,RCV005046594|RCV005105369,"MONDO:MONDO:0009415,MedGen:C0271714,OMIM:240800;MONDO:MONDO:0030088,MedGen:C5394303,OMIM:618857;MONDO:MONDO:0012480,MedGen:C1835887,OMIM:610374,Orphanet:99886;Human Phenotype Ontology:HP:0005965,Human Phenotype Ontology:HP:0005978,Human Phenotype Ontology:HP:0100652,MONDO:MONDO:0005148,MeSH:D003924,MedGen:C0011860,OMIM:125853;MONDO:MONDO:0009734,MedGen:C2931832,OMIM:256450,Orphanet:276575,Orphanet:276598|MedGen:C3661900","Leucine-induced hypoglycemia;Diabetes mellitus, permanent neonatal 3;Diabetes mellitus, transient neonatal, 2;Type 2 diabetes mellitus;Hyperinsulinemic hypoglycemia, familial, 1|not provided",germline,germline,GRCh37,NC_000011.9,11,17452365,17452365,na,na,11p15.1,"criteria provided, multiple submitters, no conflicts",2,-,N,-,2,3599386,17452365,C,T,-,-,-,-,-,-,SCV005676386|SCV005815688,-,-
3720050,single nucleotide variant,NM_000352.6(ABCC8):c.1813G>A (p.Val605Met),6833,ABCC8,HGNC:59,Uncertain significance,0,"Nov 03, 2024",-1,-,RCV005046594|RCV005105369,"MONDO:MONDO:0009415,MedGen:C0271714,OMIM:240800;MONDO:MONDO:0030088,MedGen:C5394303,OMIM:618857;MONDO:MONDO:0012480,MedGen:C1835887,OMIM:610374,Orphanet:99886;Human Phenotype Ontology:HP:0005965,Human Phenotype Ontology:HP:0005978,Human Phenotype Ontology:HP:0100652,MONDO:MONDO:0005148,MeSH:D003924,MedGen:C0011860,OMIM:125853;MONDO:MONDO:0009734,MedGen:C2931832,OMIM:256450,Orphanet:276575,Orphanet:276598|MedGen:C3661900","Leucine-induced hypoglycemia;Diabetes mellitus, permanent neonatal 3;Diabetes mellitus, transient neonatal, 2;Type 2 diabetes mellitus;Hyperinsulinemic hypoglycemia, familial, 1|not provided",germline,germline,GRCh38,NC_000011.10,11,17430818,17430818,na,na,11p15.1,"criteria provided, multiple submitters, no conflicts",2,-,N,-,2,3599386,17430818,C,T,-,-,-,-,-,-,SCV005676386|SCV005815688,-,-
3720051,single nucleotide variant,NM_000352.6(ABCC8):c.1741T>A (p.Ser581Thr),6833,ABCC8,HGNC:59,Uncertain significance,0,"Jan 03, 2024",-1,-,RCV005046595,"MONDO:MONDO:0009415,MedGen:C0271714,OMIM:240800;MONDO:MONDO:0030088,MedGen:C5394303,OMIM:618857;MONDO:MONDO:0012480,MedGen:C1835887,OMIM:610374,Orphanet:99886;Human Phenotype Ontology:HP:0005965,Human Phenotype Ontology:HP:0005978,Human Phenotype Ontology:HP:0100652,MONDO:MONDO:0005148,MeSH:D003924,MedGen:C0011860,OMIM:125853;MONDO:MONDO:0009734,MedGen:C2931832,OMIM:256450,Orphanet:276575,Orphanet:276598","Leucine-induced hypoglycemia;Diabetes mellitus, permanent neonatal 3;Diabetes mellitus, transient neonatal, 2;Type 2 diabetes mellitus;Hyperinsulinemic hypoglycemia, familial, 1",germline,germline,GRCh37,NC_000011.9,11,17452437,17452437,na,na,11p15.1,"criteria provided, single submitter",1,-,N,-,2,3599387,17452437,A,T,-,-,-,-,-,-,SCV005676388,-,-
3720051,single nucleotide variant,NM_000352.6(ABCC8):c.1741T>A (p.Ser581Thr),6833,ABCC8,HGNC:59,Uncertain significance,0,"Jan 03, 2024",-1,-,RCV005046595,"MONDO:MONDO:0009415,MedGen:C0271714,OMIM:240800;MONDO:MONDO:0030088,MedGen:C5394303,OMIM:618857;MONDO:MONDO:0012480,MedGen:C1835887,OMIM:610374,Orphanet:99886;Human Phenotype Ontology:HP:0005965,Human Phenotype Ontology:HP:0005978,Human Phenotype Ontology:HP:0100652,MONDO:MONDO:0005148,MeSH:D003924,MedGen:C0011860,OMIM:125853;MONDO:MONDO:0009734,MedGen:C2931832,OMIM:256450,Orphanet:276575,Orphanet:276598","Leucine-induced hypoglycemia;Diabetes mellitus, permanent neonatal 3;Diabetes mellitus, transient neonatal, 2;Type 2 diabetes mellitus;Hyperinsulinemic hypoglycemia, familial, 1",germline,germline,GRCh38,NC_000011.10,11,17430890,17430890,na,na,11p15.1,"criteria provided, single submitter",1,-,N,-,2,3599387,17430890,A,T,-,-,-,-,-,-,SCV005676388,-,-
3720052,Deletion,NM_000352.6(ABCC8):c.1731del (p.Phe577fs),6833,ABCC8,HGNC:59,Likely pathogenic,1,"Jan 16, 2024",-1,-,RCV005046596,"MONDO:MONDO:0009415,MedGen:C0271714,OMIM:240800;MONDO:MONDO:0030088,MedGen:C5394303,OMIM:618857;MONDO:MONDO:0012480,MedGen:C1835887,OMIM:610374,Orphanet:99886;Human Phenotype Ontology:HP:0005965,Human Phenotype Ontology:HP:0005978,Human Phenotype Ontology:HP:0100652,MONDO:MONDO:0005148,MeSH:D003924,MedGen:C0011860,OMIM:125853;MONDO:MONDO:0009734,MedGen:C2931832,OMIM:256450,Orphanet:276575,Orphanet:276598","Leucine-induced hypoglycemia;Diabetes mellitus, permanent neonatal 3;Diabetes mellitus, transient neonatal, 2;Type 2 diabetes mellitus;Hyperinsulinemic hypoglycemia, familial, 1",germline,germline,GRCh37,NC_000011.9,11,17452447,17452447,na,na,11p15.1,"criteria provided, single submitter",1,-,N,-,2,3599388,17452446,CA,C,-,-,-,-,-,-,SCV005676389,-,-
3720052,Deletion,NM_000352.6(ABCC8):c.1731del (p.Phe577fs),6833,ABCC8,HGNC:59,Likely pathogenic,1,"Jan 16, 2024",-1,-,RCV005046596,"MONDO:MONDO:0009415,MedGen:C0271714,OMIM:240800;MONDO:MONDO:0030088,MedGen:C5394303,OMIM:618857;MONDO:MONDO:0012480,MedGen:C1835887,OMIM:610374,Orphanet:99886;Human Phenotype Ontology:HP:0005965,Human Phenotype Ontology:HP:0005978,Human Phenotype Ontology:HP:0100652,MONDO:MONDO:0005148,MeSH:D003924,MedGen:C0011860,OMIM:125853;MONDO:MONDO:0009734,MedGen:C2931832,OMIM:256450,Orphanet:276575,Orphanet:276598","Leucine-induced hypoglycemia;Diabetes mellitus, permanent neonatal 3;Diabetes mellitus, transient neonatal, 2;Type 2 diabetes mellitus;Hyperinsulinemic hypoglycemia, familial, 1",germline,germline,GRCh38,NC_000011.10,11,17430900,17430900,na,na,11p15.1,"criteria provided, single submitter",1,-,N,-,2,3599388,17430899,CA,C,-,-,-,-,-,-,SCV005676389,-,-
3720053,single nucleotide variant,NM_000352.6(ABCC8):c.1717C>T (p.Pro573Ser),6833,ABCC8,HGNC:59,Uncertain significance,0,"Dec 26, 2023",-1,-,RCV005046597,"MONDO:MONDO:0009415,MedGen:C0271714,OMIM:240800;MONDO:MONDO:0030088,MedGen:C5394303,OMIM:618857;MONDO:MONDO:0012480,MedGen:C1835887,OMIM:610374,Orphanet:99886;Human Phenotype Ontology:HP:0005965,Human Phenotype Ontology:HP:0005978,Human Phenotype Ontology:HP:0100652,MONDO:MONDO:0005148,MeSH:D003924,MedGen:C0011860,OMIM:125853;MONDO:MONDO:0009734,MedGen:C2931832,OMIM:256450,Orphanet:276575,Orphanet:276598","Leucine-induced hypoglycemia;Diabetes mellitus, permanent neonatal 3;Diabetes mellitus, transient neonatal, 2;Type 2 diabetes mellitus;Hyperinsulinemic hypoglycemia, familial, 1",germline,germline,GRCh37,NC_000011.9,11,17452461,17452461,na,na,11p15.1,"criteria provided, single submitter",1,-,N,-,2,3599389,17452461,G,A,-,-,-,-,-,-,SCV005676390,-,-
3720053,single nucleotide variant,NM_000352.6(ABCC8):c.1717C>T (p.Pro573Ser),6833,ABCC8,HGNC:59,Uncertain significance,0,"Dec 26, 2023",-1,-,RCV005046597,"MONDO:MONDO:0009415,MedGen:C0271714,OMIM:240800;MONDO:MONDO:0030088,MedGen:C5394303,OMIM:618857;MONDO:MONDO:0012480,MedGen:C1835887,OMIM:610374,Orphanet:99886;Human Phenotype Ontology:HP:0005965,Human Phenotype Ontology:HP:0005978,Human Phenotype Ontology:HP:0100652,MONDO:MONDO:0005148,MeSH:D003924,MedGen:C0011860,OMIM:125853;MONDO:MONDO:0009734,MedGen:C2931832,OMIM:256450,Orphanet:276575,Orphanet:276598","Leucine-induced hypoglycemia;Diabetes mellitus, permanent neonatal 3;Diabetes mellitus, transient neonatal, 2;Type 2 diabetes mellitus;Hyperinsulinemic hypoglycemia, familial, 1",germline,germline,GRCh38,NC_000011.10,11,17430914,17430914,na,na,11p15.1,"criteria provided, single submitter",1,-,N,-,2,3599389,17430914,G,A,-,-,-,-,-,-,SCV005676390,-,-
3720054,single nucleotide variant,NM_000352.6(ABCC8):c.1682G>A (p.Gly561Asp),6833,ABCC8,HGNC:59,Uncertain significance,0,"Dec 29, 2023",-1,-,RCV005046599,"MONDO:MONDO:0009415,MedGen:C0271714,OMIM:240800;MONDO:MONDO:0030088,MedGen:C5394303,OMIM:618857;MONDO:MONDO:0012480,MedGen:C1835887,OMIM:610374,Orphanet:99886;Human Phenotype Ontology:HP:0005965,Human Phenotype Ontology:HP:0005978,Human Phenotype Ontology:HP:0100652,MONDO:MONDO:0005148,MeSH:D003924,MedGen:C0011860,OMIM:125853;MONDO:MONDO:0009734,MedGen:C2931832,OMIM:256450,Orphanet:276575,Orphanet:276598","Leucine-induced hypoglycemia;Diabetes mellitus, permanent neonatal 3;Diabetes mellitus, transient neonatal, 2;Type 2 diabetes mellitus;Hyperinsulinemic hypoglycemia, familial, 1",germline,germline,GRCh37,NC_000011.9,11,17452496,17452496,na,na,11p15.1,"criteria provided, single submitter",1,-,N,-,2,3599391,17452496,C,T,-,-,-,-,-,-,SCV005676393,-,-
3720054,single nucleotide variant,NM_000352.6(ABCC8):c.1682G>A (p.Gly561Asp),6833,ABCC8,HGNC:59,Uncertain significance,0,"Dec 29, 2023",-1,-,RCV005046599,"MONDO:MONDO:0009415,MedGen:C0271714,OMIM:240800;MONDO:MONDO:0030088,MedGen:C5394303,OMIM:618857;MONDO:MONDO:0012480,MedGen:C1835887,OMIM:610374,Orphanet:99886;Human Phenotype Ontology:HP:0005965,Human Phenotype Ontology:HP:0005978,Human Phenotype Ontology:HP:0100652,MONDO:MONDO:0005148,MeSH:D003924,MedGen:C0011860,OMIM:125853;MONDO:MONDO:0009734,MedGen:C2931832,OMIM:256450,Orphanet:276575,Orphanet:276598","Leucine-induced hypoglycemia;Diabetes mellitus, permanent neonatal 3;Diabetes mellitus, transient neonatal, 2;Type 2 diabetes mellitus;Hyperinsulinemic hypoglycemia, familial, 1",germline,germline,GRCh38,NC_000011.10,11,17430949,17430949,na,na,11p15.1,"criteria provided, single submitter",1,-,N,-,2,3599391,17430949,C,T,-,-,-,-,-,-,SCV005676393,-,-
3720055,single nucleotide variant,NM_000352.6(ABCC8):c.1570A>G (p.Thr524Ala),6833,ABCC8,HGNC:59,Uncertain significance,0,"Jun 25, 2024",-1,-,RCV005046600,"MONDO:MONDO:0009415,MedGen:C0271714,OMIM:240800;MONDO:MONDO:0030088,MedGen:C5394303,OMIM:618857;MONDO:MONDO:0012480,MedGen:C1835887,OMIM:610374,Orphanet:99886;Human Phenotype Ontology:HP:0005965,Human Phenotype Ontology:HP:0005978,Human Phenotype Ontology:HP:0100652,MONDO:MONDO:0005148,MeSH:D003924,MedGen:C0011860,OMIM:125853;MONDO:MONDO:0009734,MedGen:C2931832,OMIM:256450,Orphanet:276575,Orphanet:276598","Leucine-induced hypoglycemia;Diabetes mellitus, permanent neonatal 3;Diabetes mellitus, transient neonatal, 2;Type 2 diabetes mellitus;Hyperinsulinemic hypoglycemia, familial, 1",germline,germline,GRCh37,NC_000011.9,11,17464327,17464327,na,na,11p15.1,"criteria provided, single submitter",1,-,N,-,2,3599392,17464327,T,C,-,-,-,-,-,-,SCV005676396,-,-
3720055,single nucleotide variant,NM_000352.6(ABCC8):c.1570A>G (p.Thr524Ala),6833,ABCC8,HGNC:59,Uncertain significance,0,"Jun 25, 2024",-1,-,RCV005046600,"MONDO:MONDO:0009415,MedGen:C0271714,OMIM:240800;MONDO:MONDO:0030088,MedGen:C5394303,OMIM:618857;MONDO:MONDO:0012480,MedGen:C1835887,OMIM:610374,Orphanet:99886;Human Phenotype Ontology:HP:0005965,Human Phenotype Ontology:HP:0005978,Human Phenotype Ontology:HP:0100652,MONDO:MONDO:0005148,MeSH:D003924,MedGen:C0011860,OMIM:125853;MONDO:MONDO:0009734,MedGen:C2931832,OMIM:256450,Orphanet:276575,Orphanet:276598","Leucine-induced hypoglycemia;Diabetes mellitus, permanent neonatal 3;Diabetes mellitus, transient neonatal, 2;Type 2 diabetes mellitus;Hyperinsulinemic hypoglycemia, familial, 1",germline,germline,GRCh38,NC_000011.10,11,17442780,17442780,na,na,11p15.1,"criteria provided, single submitter",1,-,N,-,2,3599392,17442780,T,C,-,-,-,-,-,-,SCV005676396,-,-
3720056,single nucleotide variant,NM_000352.6(ABCC8):c.1468-2A>G,6833,ABCC8,HGNC:59,Likely pathogenic,1,"May 14, 2024",-1,-,RCV005046602,"MONDO:MONDO:0009415,MedGen:C0271714,OMIM:240800;MONDO:MONDO:0030088,MedGen:C5394303,OMIM:618857;MONDO:MONDO:0012480,MedGen:C1835887,OMIM:610374,Orphanet:99886;Human Phenotype Ontology:HP:0005965,Human Phenotype Ontology:HP:0005978,Human Phenotype Ontology:HP:0100652,MONDO:MONDO:0005148,MeSH:D003924,MedGen:C0011860,OMIM:125853;MONDO:MONDO:0009734,MedGen:C2931832,OMIM:256450,Orphanet:276575,Orphanet:276598","Leucine-induced hypoglycemia;Diabetes mellitus, permanent neonatal 3;Diabetes mellitus, transient neonatal, 2;Type 2 diabetes mellitus;Hyperinsulinemic hypoglycemia, familial, 1",germline,germline,GRCh37,NC_000011.9,11,17464431,17464431,na,na,11p15.1,"criteria provided, single submitter",1,-,N,-,2,3599394,17464431,T,C,-,-,-,-,-,-,SCV005676404,-,-
3720056,single nucleotide variant,NM_000352.6(ABCC8):c.1468-2A>G,6833,ABCC8,HGNC:59,Likely pathogenic,1,"May 14, 2024",-1,-,RCV005046602,"MONDO:MONDO:0009415,MedGen:C0271714,OMIM:240800;MONDO:MONDO:0030088,MedGen:C5394303,OMIM:618857;MONDO:MONDO:0012480,MedGen:C1835887,OMIM:610374,Orphanet:99886;Human Phenotype Ontology:HP:0005965,Human Phenotype Ontology:HP:0005978,Human Phenotype Ontology:HP:0100652,MONDO:MONDO:0005148,MeSH:D003924,MedGen:C0011860,OMIM:125853;MONDO:MONDO:0009734,MedGen:C2931832,OMIM:256450,Orphanet:276575,Orphanet:276598","Leucine-induced hypoglycemia;Diabetes mellitus, permanent neonatal 3;Diabetes mellitus, transient neonatal, 2;Type 2 diabetes mellitus;Hyperinsulinemic hypoglycemia, familial, 1",germline,germline,GRCh38,NC_000011.10,11,17442884,17442884,na,na,11p15.1,"criteria provided, single submitter",1,-,N,-,2,3599394,17442884,T,C,-,-,-,-,-,-,SCV005676404,-,-
3720058,single nucleotide variant,NM_000352.6(ABCC8):c.1429G>A (p.Val477Met),6833,ABCC8,HGNC:59,Uncertain significance,0,"Apr 25, 2025",-1,-,RCV005050076|RCV005105370|RCV005407371,"MONDO:MONDO:0009415,MedGen:C0271714,OMIM:240800;MONDO:MONDO:0030088,MedGen:C5394303,OMIM:618857;MONDO:MONDO:0012480,MedGen:C1835887,OMIM:610374,Orphanet:99886;Human Phenotype Ontology:HP:0005965,Human Phenotype Ontology:HP:0005978,Human Phenotype Ontology:HP:0100652,MONDO:MONDO:0005148,MeSH:D003924,MedGen:C0011860,OMIM:125853;MONDO:MONDO:0009734,MedGen:C2931832,OMIM:256450,Orphanet:276575,Orphanet:276598|MedGen:C3661900|MedGen:CN169374","Leucine-induced hypoglycemia;Diabetes mellitus, permanent neonatal 3;Diabetes mellitus, transient neonatal, 2;Type 2 diabetes mellitus;Hyperinsulinemic hypoglycemia, familial, 1|not provided|not specified",germline,germline,GRCh37,NC_000011.9,11,17464763,17464763,na,na,11p15.1,"criteria provided, multiple submitters, no conflicts",3,-,N,-,2,3599395,17464763,C,T,-,-,-,-,-,-,SCV005676406|SCV005810685|SCV006073967,-,-
3720058,single nucleotide variant,NM_000352.6(ABCC8):c.1429G>A (p.Val477Met),6833,ABCC8,HGNC:59,Uncertain significance,0,"Apr 25, 2025",-1,-,RCV005050076|RCV005105370|RCV005407371,"MONDO:MONDO:0009415,MedGen:C0271714,OMIM:240800;MONDO:MONDO:0030088,MedGen:C5394303,OMIM:618857;MONDO:MONDO:0012480,MedGen:C1835887,OMIM:610374,Orphanet:99886;Human Phenotype Ontology:HP:0005965,Human Phenotype Ontology:HP:0005978,Human Phenotype Ontology:HP:0100652,MONDO:MONDO:0005148,MeSH:D003924,MedGen:C0011860,OMIM:125853;MONDO:MONDO:0009734,MedGen:C2931832,OMIM:256450,Orphanet:276575,Orphanet:276598|MedGen:C3661900|MedGen:CN169374","Leucine-induced hypoglycemia;Diabetes mellitus, permanent neonatal 3;Diabetes mellitus, transient neonatal, 2;Type 2 diabetes mellitus;Hyperinsulinemic hypoglycemia, familial, 1|not provided|not specified",germline,germline,GRCh38,NC_000011.10,11,17443216,17443216,na,na,11p15.1,"criteria provided, multiple submitters, no conflicts",3,-,N,-,2,3599395,17443216,C,T,-,-,-,-,-,-,SCV005676406|SCV005810685|SCV006073967,-,-
3720059,single nucleotide variant,NM_000352.6(ABCC8):c.1396G>A (p.Val466Ile),6833,ABCC8,HGNC:59,Uncertain significance,0,"Apr 12, 2024",-1,-,RCV005046603,"MONDO:MONDO:0009415,MedGen:C0271714,OMIM:240800;MONDO:MONDO:0030088,MedGen:C5394303,OMIM:618857;MONDO:MONDO:0012480,MedGen:C1835887,OMIM:610374,Orphanet:99886;Human Phenotype Ontology:HP:0005965,Human Phenotype Ontology:HP:0005978,Human Phenotype Ontology:HP:0100652,MONDO:MONDO:0005148,MeSH:D003924,MedGen:C0011860,OMIM:125853;MONDO:MONDO:0009734,MedGen:C2931832,OMIM:256450,Orphanet:276575,Orphanet:276598","Leucine-induced hypoglycemia;Diabetes mellitus, permanent neonatal 3;Diabetes mellitus, transient neonatal, 2;Type 2 diabetes mellitus;Hyperinsulinemic hypoglycemia, familial, 1",germline,germline,GRCh37,NC_000011.9,11,17464796,17464796,na,na,11p15.1,"criteria provided, single submitter",1,-,N,-,2,3599396,17464796,C,T,-,-,-,-,-,-,SCV005676407,-,-
3720059,single nucleotide variant,NM_000352.6(ABCC8):c.1396G>A (p.Val466Ile),6833,ABCC8,HGNC:59,Uncertain significance,0,"Apr 12, 2024",-1,-,RCV005046603,"MONDO:MONDO:0009415,MedGen:C0271714,OMIM:240800;MONDO:MONDO:0030088,MedGen:C5394303,OMIM:618857;MONDO:MONDO:0012480,MedGen:C1835887,OMIM:610374,Orphanet:99886;Human Phenotype Ontology:HP:0005965,Human Phenotype Ontology:HP:0005978,Human Phenotype Ontology:HP:0100652,MONDO:MONDO:0005148,MeSH:D003924,MedGen:C0011860,OMIM:125853;MONDO:MONDO:0009734,MedGen:C2931832,OMIM:256450,Orphanet:276575,Orphanet:276598","Leucine-induced hypoglycemia;Diabetes mellitus, permanent neonatal 3;Diabetes mellitus, transient neonatal, 2;Type 2 diabetes mellitus;Hyperinsulinemic hypoglycemia, familial, 1",germline,germline,GRCh38,NC_000011.10,11,17443249,17443249,na,na,11p15.1,"criteria provided, single submitter",1,-,N,-,2,3599396,17443249,C,T,-,-,-,-,-,-,SCV005676407,-,-
3720060,single nucleotide variant,NM_000352.6(ABCC8):c.1343G>C (p.Gly448Ala),6833,ABCC8,HGNC:59,Uncertain significance,0,"Jul 20, 2025",-1,-,RCV005046604|RCV006454588,"MONDO:MONDO:0009415,MedGen:C0271714,OMIM:240800;MONDO:MONDO:0030088,MedGen:C5394303,OMIM:618857;MONDO:MONDO:0012480,MedGen:C1835887,OMIM:610374,Orphanet:99886;Human Phenotype Ontology:HP:0005965,Human Phenotype Ontology:HP:0005978,Human Phenotype Ontology:HP:0100652,MONDO:MONDO:0005148,MeSH:D003924,MedGen:C0011860,OMIM:125853;MONDO:MONDO:0009734,MedGen:C2931832,OMIM:256450,Orphanet:276575,Orphanet:276598|MedGen:C3661900","Leucine-induced hypoglycemia;Diabetes mellitus, permanent neonatal 3;Diabetes mellitus, transient neonatal, 2;Type 2 diabetes mellitus;Hyperinsulinemic hypoglycemia, familial, 1|not provided",germline,germline,GRCh37,NC_000011.9,11,17464849,17464849,na,na,11p15.1,"criteria provided, multiple submitters, no conflicts",2,-,N,-,2,3599397,17464849,C,G,-,-,-,-,-,-,SCV005676408|SCV007335463,-,-
3720060,single nucleotide variant,NM_000352.6(ABCC8):c.1343G>C (p.Gly448Ala),6833,ABCC8,HGNC:59,Uncertain significance,0,"Jul 20, 2025",-1,-,RCV005046604|RCV006454588,"MONDO:MONDO:0009415,MedGen:C0271714,OMIM:240800;MONDO:MONDO:0030088,MedGen:C5394303,OMIM:618857;MONDO:MONDO:0012480,MedGen:C1835887,OMIM:610374,Orphanet:99886;Human Phenotype Ontology:HP:0005965,Human Phenotype Ontology:HP:0005978,Human Phenotype Ontology:HP:0100652,MONDO:MONDO:0005148,MeSH:D003924,MedGen:C0011860,OMIM:125853;MONDO:MONDO:0009734,MedGen:C2931832,OMIM:256450,Orphanet:276575,Orphanet:276598|MedGen:C3661900","Leucine-induced hypoglycemia;Diabetes mellitus, permanent neonatal 3;Diabetes mellitus, transient neonatal, 2;Type 2 diabetes mellitus;Hyperinsulinemic hypoglycemia, familial, 1|not provided",germline,germline,GRCh38,NC_000011.10,11,17443302,17443302,na,na,11p15.1,"criteria provided, multiple submitters, no conflicts",2,-,N,-,2,3599397,17443302,C,G,-,-,-,-,-,-,SCV005676408|SCV007335463,-,-
3720061,single nucleotide variant,NM_000352.6(ABCC8):c.1287G>A (p.Met429Ile),6833,ABCC8,HGNC:59,Uncertain significance,0,"Jan 08, 2024",-1,-,RCV005046605,"MONDO:MONDO:0009415,MedGen:C0271714,OMIM:240800;MONDO:MONDO:0030088,MedGen:C5394303,OMIM:618857;MONDO:MONDO:0012480,MedGen:C1835887,OMIM:610374,Orphanet:99886;Human Phenotype Ontology:HP:0005965,Human Phenotype Ontology:HP:0005978,Human Phenotype Ontology:HP:0100652,MONDO:MONDO:0005148,MeSH:D003924,MedGen:C0011860,OMIM:125853;MONDO:MONDO:0009734,MedGen:C2931832,OMIM:256450,Orphanet:276575,Orphanet:276598","Leucine-induced hypoglycemia;Diabetes mellitus, permanent neonatal 3;Diabetes mellitus, transient neonatal, 2;Type 2 diabetes mellitus;Hyperinsulinemic hypoglycemia, familial, 1",germline,germline,GRCh37,NC_000011.9,11,17470108,17470108,na,na,11p15.1,"criteria provided, single submitter",1,-,N,-,2,3599398,17470108,C,T,-,-,-,-,-,-,SCV005676410,-,-
3720061,single nucleotide variant,NM_000352.6(ABCC8):c.1287G>A (p.Met429Ile),6833,ABCC8,HGNC:59,Uncertain significance,0,"Jan 08, 2024",-1,-,RCV005046605,"MONDO:MONDO:0009415,MedGen:C0271714,OMIM:240800;MONDO:MONDO:0030088,MedGen:C5394303,OMIM:618857;MONDO:MONDO:0012480,MedGen:C1835887,OMIM:610374,Orphanet:99886;Human Phenotype Ontology:HP:0005965,Human Phenotype Ontology:HP:0005978,Human Phenotype Ontology:HP:0100652,MONDO:MONDO:0005148,MeSH:D003924,MedGen:C0011860,OMIM:125853;MONDO:MONDO:0009734,MedGen:C2931832,OMIM:256450,Orphanet:276575,Orphanet:276598","Leucine-induced hypoglycemia;Diabetes mellitus, permanent neonatal 3;Diabetes mellitus, transient neonatal, 2;Type 2 diabetes mellitus;Hyperinsulinemic hypoglycemia, familial, 1",germline,germline,GRCh38,NC_000011.10,11,17448561,17448561,na,na,11p15.1,"criteria provided, single submitter",1,-,N,-,2,3599398,17448561,C,T,-,-,-,-,-,-,SCV005676410,-,-
3720063,single nucleotide variant,NM_000352.6(ABCC8):c.1268T>C (p.Ile423Thr),6833,ABCC8,HGNC:59,Uncertain significance,0,"Mar 13, 2024",-1,-,RCV005046607,"MONDO:MONDO:0009415,MedGen:C0271714,OMIM:240800;MONDO:MONDO:0030088,MedGen:C5394303,OMIM:618857;MONDO:MONDO:0012480,MedGen:C1835887,OMIM:610374,Orphanet:99886;Human Phenotype Ontology:HP:0005965,Human Phenotype Ontology:HP:0005978,Human Phenotype Ontology:HP:0100652,MONDO:MONDO:0005148,MeSH:D003924,MedGen:C0011860,OMIM:125853;MONDO:MONDO:0009734,MedGen:C2931832,OMIM:256450,Orphanet:276575,Orphanet:276598","Leucine-induced hypoglycemia;Diabetes mellitus, permanent neonatal 3;Diabetes mellitus, transient neonatal, 2;Type 2 diabetes mellitus;Hyperinsulinemic hypoglycemia, familial, 1",germline,germline,GRCh37,NC_000011.9,11,17470127,17470127,na,na,11p15.1,"criteria provided, single submitter",1,-,N,-,2,3599400,17470127,A,G,-,-,-,-,-,-,SCV005676416,-,-
3720063,single nucleotide variant,NM_000352.6(ABCC8):c.1268T>C (p.Ile423Thr),6833,ABCC8,HGNC:59,Uncertain significance,0,"Mar 13, 2024",-1,-,RCV005046607,"MONDO:MONDO:0009415,MedGen:C0271714,OMIM:240800;MONDO:MONDO:0030088,MedGen:C5394303,OMIM:618857;MONDO:MONDO:0012480,MedGen:C1835887,OMIM:610374,Orphanet:99886;Human Phenotype Ontology:HP:0005965,Human Phenotype Ontology:HP:0005978,Human Phenotype Ontology:HP:0100652,MONDO:MONDO:0005148,MeSH:D003924,MedGen:C0011860,OMIM:125853;MONDO:MONDO:0009734,MedGen:C2931832,OMIM:256450,Orphanet:276575,Orphanet:276598","Leucine-induced hypoglycemia;Diabetes mellitus, permanent neonatal 3;Diabetes mellitus, transient neonatal, 2;Type 2 diabetes mellitus;Hyperinsulinemic hypoglycemia, familial, 1",germline,germline,GRCh38,NC_000011.10,11,17448580,17448580,na,na,11p15.1,"criteria provided, single submitter",1,-,N,-,2,3599400,17448580,A,G,-,-,-,-,-,-,SCV005676416,-,-
3720064,single nucleotide variant,NM_000352.6(ABCC8):c.1265C>T (p.Ala422Val),6833,ABCC8,HGNC:59,Uncertain significance,0,"Mar 12, 2024",-1,-,RCV005046608,"MONDO:MONDO:0009415,MedGen:C0271714,OMIM:240800;MONDO:MONDO:0030088,MedGen:C5394303,OMIM:618857;MONDO:MONDO:0012480,MedGen:C1835887,OMIM:610374,Orphanet:99886;Human Phenotype Ontology:HP:0005965,Human Phenotype Ontology:HP:0005978,Human Phenotype Ontology:HP:0100652,MONDO:MONDO:0005148,MeSH:D003924,MedGen:C0011860,OMIM:125853;MONDO:MONDO:0009734,MedGen:C2931832,OMIM:256450,Orphanet:276575,Orphanet:276598","Leucine-induced hypoglycemia;Diabetes mellitus, permanent neonatal 3;Diabetes mellitus, transient neonatal, 2;Type 2 diabetes mellitus;Hyperinsulinemic hypoglycemia, familial, 1",germline,germline,GRCh37,NC_000011.9,11,17470130,17470130,na,na,11p15.1,"criteria provided, single submitter",1,-,N,-,2,3599401,17470130,G,A,-,-,-,-,-,-,SCV005676417,-,-
3720064,single nucleotide variant,NM_000352.6(ABCC8):c.1265C>T (p.Ala422Val),6833,ABCC8,HGNC:59,Uncertain significance,0,"Mar 12, 2024",-1,-,RCV005046608,"MONDO:MONDO:0009415,MedGen:C0271714,OMIM:240800;MONDO:MONDO:0030088,MedGen:C5394303,OMIM:618857;MONDO:MONDO:0012480,MedGen:C1835887,OMIM:610374,Orphanet:99886;Human Phenotype Ontology:HP:0005965,Human Phenotype Ontology:HP:0005978,Human Phenotype Ontology:HP:0100652,MONDO:MONDO:0005148,MeSH:D003924,MedGen:C0011860,OMIM:125853;MONDO:MONDO:0009734,MedGen:C2931832,OMIM:256450,Orphanet:276575,Orphanet:276598","Leucine-induced hypoglycemia;Diabetes mellitus, permanent neonatal 3;Diabetes mellitus, transient neonatal, 2;Type 2 diabetes mellitus;Hyperinsulinemic hypoglycemia, familial, 1",germline,germline,GRCh38,NC_000011.10,11,17448583,17448583,na,na,11p15.1,"criteria provided, single submitter",1,-,N,-,2,3599401,17448583,G,A,-,-,-,-,-,-,SCV005676417,-,-
3720065,single nucleotide variant,NM_000352.6(ABCC8):c.1123G>A (p.Ala375Thr),6833,ABCC8,HGNC:59,Uncertain significance,0,"Oct 29, 2024",-1,-,RCV005046610|RCV005105371,"MONDO:MONDO:0009415,MedGen:C0271714,OMIM:240800;MONDO:MONDO:0030088,MedGen:C5394303,OMIM:618857;MONDO:MONDO:0012480,MedGen:C1835887,OMIM:610374,Orphanet:99886;Human Phenotype Ontology:HP:0005965,Human Phenotype Ontology:HP:0005978,Human Phenotype Ontology:HP:0100652,MONDO:MONDO:0005148,MeSH:D003924,MedGen:C0011860,OMIM:125853;MONDO:MONDO:0009734,MedGen:C2931832,OMIM:256450,Orphanet:276575,Orphanet:276598|MedGen:C3661900","Leucine-induced hypoglycemia;Diabetes mellitus, permanent neonatal 3;Diabetes mellitus, transient neonatal, 2;Type 2 diabetes mellitus;Hyperinsulinemic hypoglycemia, familial, 1|not provided",germline,germline,GRCh37,NC_000011.9,11,17474719,17474719,na,na,11p15.1,"criteria provided, multiple submitters, no conflicts",3,-,N,-,2,3599403,17474719,C,T,-,-,-,-,-,-,SCV005676423|SCV005846637|SCV006312288,-,-
3720065,single nucleotide variant,NM_000352.6(ABCC8):c.1123G>A (p.Ala375Thr),6833,ABCC8,HGNC:59,Uncertain significance,0,"Oct 29, 2024",-1,-,RCV005046610|RCV005105371,"MONDO:MONDO:0009415,MedGen:C0271714,OMIM:240800;MONDO:MONDO:0030088,MedGen:C5394303,OMIM:618857;MONDO:MONDO:0012480,MedGen:C1835887,OMIM:610374,Orphanet:99886;Human Phenotype Ontology:HP:0005965,Human Phenotype Ontology:HP:0005978,Human Phenotype Ontology:HP:0100652,MONDO:MONDO:0005148,MeSH:D003924,MedGen:C0011860,OMIM:125853;MONDO:MONDO:0009734,MedGen:C2931832,OMIM:256450,Orphanet:276575,Orphanet:276598|MedGen:C3661900","Leucine-induced hypoglycemia;Diabetes mellitus, permanent neonatal 3;Diabetes mellitus, transient neonatal, 2;Type 2 diabetes mellitus;Hyperinsulinemic hypoglycemia, familial, 1|not provided",germline,germline,GRCh38,NC_000011.10,11,17453172,17453172,na,na,11p15.1,"criteria provided, multiple submitters, no conflicts",3,-,N,-,2,3599403,17453172,C,T,-,-,-,-,-,-,SCV005676423|SCV005846637|SCV006312288,-,-
3720066,single nucleotide variant,NM_000352.6(ABCC8):c.1064C>A (p.Ala355Asp),6833,ABCC8,HGNC:59,Uncertain significance,0,"Apr 08, 2024",-1,-,RCV005050077,"MONDO:MONDO:0009415,MedGen:C0271714,OMIM:240800;MONDO:MONDO:0030088,MedGen:C5394303,OMIM:618857;MONDO:MONDO:0012480,MedGen:C1835887,OMIM:610374,Orphanet:99886;Human Phenotype Ontology:HP:0005965,Human Phenotype Ontology:HP:0005978,Human Phenotype Ontology:HP:0100652,MONDO:MONDO:0005148,MeSH:D003924,MedGen:C0011860,OMIM:125853;MONDO:MONDO:0009734,MedGen:C2931832,OMIM:256450,Orphanet:276575,Orphanet:276598","Leucine-induced hypoglycemia;Diabetes mellitus, permanent neonatal 3;Diabetes mellitus, transient neonatal, 2;Type 2 diabetes mellitus;Hyperinsulinemic hypoglycemia, familial, 1",germline,germline,GRCh37,NC_000011.9,11,17474778,17474778,na,na,11p15.1,"criteria provided, single submitter",1,-,N,-,2,3599404,17474778,G,T,-,-,-,-,-,-,SCV005676425,-,-
3720066,single nucleotide variant,NM_000352.6(ABCC8):c.1064C>A (p.Ala355Asp),6833,ABCC8,HGNC:59,Uncertain significance,0,"Apr 08, 2024",-1,-,RCV005050077,"MONDO:MONDO:0009415,MedGen:C0271714,OMIM:240800;MONDO:MONDO:0030088,MedGen:C5394303,OMIM:618857;MONDO:MONDO:0012480,MedGen:C1835887,OMIM:610374,Orphanet:99886;Human Phenotype Ontology:HP:0005965,Human Phenotype Ontology:HP:0005978,Human Phenotype Ontology:HP:0100652,MONDO:MONDO:0005148,MeSH:D003924,MedGen:C0011860,OMIM:125853;MONDO:MONDO:0009734,MedGen:C2931832,OMIM:256450,Orphanet:276575,Orphanet:276598","Leucine-induced hypoglycemia;Diabetes mellitus, permanent neonatal 3;Diabetes mellitus, transient neonatal, 2;Type 2 diabetes mellitus;Hyperinsulinemic hypoglycemia, familial, 1",germline,germline,GRCh38,NC_000011.10,11,17453231,17453231,na,na,11p15.1,"criteria provided, single submitter",1,-,N,-,2,3599404,17453231,G,T,-,-,-,-,-,-,SCV005676425,-,-
3720068,single nucleotide variant,NM_000352.6(ABCC8):c.874A>G (p.Ser292Gly),6833,ABCC8,HGNC:59,Uncertain significance,0,"Mar 22, 2024",-1,-,RCV005050078,"MONDO:MONDO:0009415,MedGen:C0271714,OMIM:240800;MONDO:MONDO:0030088,MedGen:C5394303,OMIM:618857;MONDO:MONDO:0012480,MedGen:C1835887,OMIM:610374,Orphanet:99886;Human Phenotype Ontology:HP:0005965,Human Phenotype Ontology:HP:0005978,Human Phenotype Ontology:HP:0100652,MONDO:MONDO:0005148,MeSH:D003924,MedGen:C0011860,OMIM:125853;MONDO:MONDO:0009734,MedGen:C2931832,OMIM:256450,Orphanet:276575,Orphanet:276598","Leucine-induced hypoglycemia;Diabetes mellitus, permanent neonatal 3;Diabetes mellitus, transient neonatal, 2;Type 2 diabetes mellitus;Hyperinsulinemic hypoglycemia, familial, 1",germline,germline,GRCh37,NC_000011.9,11,17482172,17482172,na,na,11p15.1,"criteria provided, single submitter",1,-,N,-,2,3599406,17482172,T,C,-,-,-,-,-,-,SCV005676082,-,-
3720068,single nucleotide variant,NM_000352.6(ABCC8):c.874A>G (p.Ser292Gly),6833,ABCC8,HGNC:59,Uncertain significance,0,"Mar 22, 2024",-1,-,RCV005050078,"MONDO:MONDO:0009415,MedGen:C0271714,OMIM:240800;MONDO:MONDO:0030088,MedGen:C5394303,OMIM:618857;MONDO:MONDO:0012480,MedGen:C1835887,OMIM:610374,Orphanet:99886;Human Phenotype Ontology:HP:0005965,Human Phenotype Ontology:HP:0005978,Human Phenotype Ontology:HP:0100652,MONDO:MONDO:0005148,MeSH:D003924,MedGen:C0011860,OMIM:125853;MONDO:MONDO:0009734,MedGen:C2931832,OMIM:256450,Orphanet:276575,Orphanet:276598","Leucine-induced hypoglycemia;Diabetes mellitus, permanent neonatal 3;Diabetes mellitus, transient neonatal, 2;Type 2 diabetes mellitus;Hyperinsulinemic hypoglycemia, familial, 1",germline,germline,GRCh38,NC_000011.10,11,17460625,17460625,na,na,11p15.1,"criteria provided, single submitter",1,-,N,-,2,3599406,17460625,T,C,-,-,-,-,-,-,SCV005676082,-,-
3720070,single nucleotide variant,NM_000352.6(ABCC8):c.868G>C (p.Ala290Pro),6833,ABCC8,HGNC:59,Uncertain significance,0,"Feb 03, 2024",-1,-,RCV005046612,"MONDO:MONDO:0009415,MedGen:C0271714,OMIM:240800;MONDO:MONDO:0030088,MedGen:C5394303,OMIM:618857;MONDO:MONDO:0012480,MedGen:C1835887,OMIM:610374,Orphanet:99886;Human Phenotype Ontology:HP:0005965,Human Phenotype Ontology:HP:0005978,Human Phenotype Ontology:HP:0100652,MONDO:MONDO:0005148,MeSH:D003924,MedGen:C0011860,OMIM:125853;MONDO:MONDO:0009734,MedGen:C2931832,OMIM:256450,Orphanet:276575,Orphanet:276598","Leucine-induced hypoglycemia;Diabetes mellitus, permanent neonatal 3;Diabetes mellitus, transient neonatal, 2;Type 2 diabetes mellitus;Hyperinsulinemic hypoglycemia, familial, 1",germline,germline,GRCh37,NC_000011.9,11,17482178,17482178,na,na,11p15.1,"criteria provided, single submitter",1,-,N,-,2,3599407,17482178,C,G,-,-,-,-,-,-,SCV005676083,-,-
3720070,single nucleotide variant,NM_000352.6(ABCC8):c.868G>C (p.Ala290Pro),6833,ABCC8,HGNC:59,Uncertain significance,0,"Feb 03, 2024",-1,-,RCV005046612,"MONDO:MONDO:0009415,MedGen:C0271714,OMIM:240800;MONDO:MONDO:0030088,MedGen:C5394303,OMIM:618857;MONDO:MONDO:0012480,MedGen:C1835887,OMIM:610374,Orphanet:99886;Human Phenotype Ontology:HP:0005965,Human Phenotype Ontology:HP:0005978,Human Phenotype Ontology:HP:0100652,MONDO:MONDO:0005148,MeSH:D003924,MedGen:C0011860,OMIM:125853;MONDO:MONDO:0009734,MedGen:C2931832,OMIM:256450,Orphanet:276575,Orphanet:276598","Leucine-induced hypoglycemia;Diabetes mellitus, permanent neonatal 3;Diabetes mellitus, transient neonatal, 2;Type 2 diabetes mellitus;Hyperinsulinemic hypoglycemia, familial, 1",germline,germline,GRCh38,NC_000011.10,11,17460631,17460631,na,na,11p15.1,"criteria provided, single submitter",1,-,N,-,2,3599407,17460631,C,G,-,-,-,-,-,-,SCV005676083,-,-
3720071,single nucleotide variant,NM_000352.6(ABCC8):c.814G>A (p.Ala272Thr),6833,ABCC8,HGNC:59,Uncertain significance,0,"Jun 06, 2024",-1,-,RCV005046613,"MONDO:MONDO:0009415,MedGen:C0271714,OMIM:240800;MONDO:MONDO:0030088,MedGen:C5394303,OMIM:618857;MONDO:MONDO:0012480,MedGen:C1835887,OMIM:610374,Orphanet:99886;Human Phenotype Ontology:HP:0005965,Human Phenotype Ontology:HP:0005978,Human Phenotype Ontology:HP:0100652,MONDO:MONDO:0005148,MeSH:D003924,MedGen:C0011860,OMIM:125853;MONDO:MONDO:0009734,MedGen:C2931832,OMIM:256450,Orphanet:276575,Orphanet:276598","Leucine-induced hypoglycemia;Diabetes mellitus, permanent neonatal 3;Diabetes mellitus, transient neonatal, 2;Type 2 diabetes mellitus;Hyperinsulinemic hypoglycemia, familial, 1",germline,germline,GRCh37,NC_000011.9,11,17483138,17483138,na,na,11p15.1,"criteria provided, single submitter",1,-,N,-,2,3599408,17483138,C,T,-,-,-,-,-,-,SCV005676086,-,-
3720071,single nucleotide variant,NM_000352.6(ABCC8):c.814G>A (p.Ala272Thr),6833,ABCC8,HGNC:59,Uncertain significance,0,"Jun 06, 2024",-1,-,RCV005046613,"MONDO:MONDO:0009415,MedGen:C0271714,OMIM:240800;MONDO:MONDO:0030088,MedGen:C5394303,OMIM:618857;MONDO:MONDO:0012480,MedGen:C1835887,OMIM:610374,Orphanet:99886;Human Phenotype Ontology:HP:0005965,Human Phenotype Ontology:HP:0005978,Human Phenotype Ontology:HP:0100652,MONDO:MONDO:0005148,MeSH:D003924,MedGen:C0011860,OMIM:125853;MONDO:MONDO:0009734,MedGen:C2931832,OMIM:256450,Orphanet:276575,Orphanet:276598","Leucine-induced hypoglycemia;Diabetes mellitus, permanent neonatal 3;Diabetes mellitus, transient neonatal, 2;Type 2 diabetes mellitus;Hyperinsulinemic hypoglycemia, familial, 1",germline,germline,GRCh38,NC_000011.10,11,17461591,17461591,na,na,11p15.1,"criteria provided, single submitter",1,-,N,-,2,3599408,17461591,C,T,-,-,-,-,-,-,SCV005676086,-,-
3720072,single nucleotide variant,NM_000352.6(ABCC8):c.763A>G (p.Ile255Val),6833,ABCC8,HGNC:59,Uncertain significance,0,"Jun 17, 2024",-1,-,RCV005046614,"MONDO:MONDO:0009415,MedGen:C0271714,OMIM:240800;MONDO:MONDO:0030088,MedGen:C5394303,OMIM:618857;MONDO:MONDO:0012480,MedGen:C1835887,OMIM:610374,Orphanet:99886;Human Phenotype Ontology:HP:0005965,Human Phenotype Ontology:HP:0005978,Human Phenotype Ontology:HP:0100652,MONDO:MONDO:0005148,MeSH:D003924,MedGen:C0011860,OMIM:125853;MONDO:MONDO:0009734,MedGen:C2931832,OMIM:256450,Orphanet:276575,Orphanet:276598","Leucine-induced hypoglycemia;Diabetes mellitus, permanent neonatal 3;Diabetes mellitus, transient neonatal, 2;Type 2 diabetes mellitus;Hyperinsulinemic hypoglycemia, familial, 1",germline,germline,GRCh37,NC_000011.9,11,17483189,17483189,na,na,11p15.1,"criteria provided, single submitter",1,-,N,-,2,3599409,17483189,T,C,-,-,-,-,-,-,SCV005676088,-,-
3720072,single nucleotide variant,NM_000352.6(ABCC8):c.763A>G (p.Ile255Val),6833,ABCC8,HGNC:59,Uncertain significance,0,"Jun 17, 2024",-1,-,RCV005046614,"MONDO:MONDO:0009415,MedGen:C0271714,OMIM:240800;MONDO:MONDO:0030088,MedGen:C5394303,OMIM:618857;MONDO:MONDO:0012480,MedGen:C1835887,OMIM:610374,Orphanet:99886;Human Phenotype Ontology:HP:0005965,Human Phenotype Ontology:HP:0005978,Human Phenotype Ontology:HP:0100652,MONDO:MONDO:0005148,MeSH:D003924,MedGen:C0011860,OMIM:125853;MONDO:MONDO:0009734,MedGen:C2931832,OMIM:256450,Orphanet:276575,Orphanet:276598","Leucine-induced hypoglycemia;Diabetes mellitus, permanent neonatal 3;Diabetes mellitus, transient neonatal, 2;Type 2 diabetes mellitus;Hyperinsulinemic hypoglycemia, familial, 1",germline,germline,GRCh38,NC_000011.10,11,17461642,17461642,na,na,11p15.1,"criteria provided, single submitter",1,-,N,-,2,3599409,17461642,T,C,-,-,-,-,-,-,SCV005676088,-,-
3720073,single nucleotide variant,NM_000352.6(ABCC8):c.752G>T (p.Gly251Val),6833,ABCC8,HGNC:59,Uncertain significance,0,"Jan 08, 2024",-1,-,RCV005046615,"MONDO:MONDO:0009415,MedGen:C0271714,OMIM:240800;MONDO:MONDO:0030088,MedGen:C5394303,OMIM:618857;MONDO:MONDO:0012480,MedGen:C1835887,OMIM:610374,Orphanet:99886;Human Phenotype Ontology:HP:0005965,Human Phenotype Ontology:HP:0005978,Human Phenotype Ontology:HP:0100652,MONDO:MONDO:0005148,MeSH:D003924,MedGen:C0011860,OMIM:125853;MONDO:MONDO:0009734,MedGen:C2931832,OMIM:256450,Orphanet:276575,Orphanet:276598","Leucine-induced hypoglycemia;Diabetes mellitus, permanent neonatal 3;Diabetes mellitus, transient neonatal, 2;Type 2 diabetes mellitus;Hyperinsulinemic hypoglycemia, familial, 1",germline,germline,GRCh37,NC_000011.9,11,17483200,17483200,na,na,11p15.1,"criteria provided, single submitter",1,-,N,-,2,3599411,17483200,C,A,-,-,-,-,-,-,SCV005676090,-,-
3720073,single nucleotide variant,NM_000352.6(ABCC8):c.752G>T (p.Gly251Val),6833,ABCC8,HGNC:59,Uncertain significance,0,"Jan 08, 2024",-1,-,RCV005046615,"MONDO:MONDO:0009415,MedGen:C0271714,OMIM:240800;MONDO:MONDO:0030088,MedGen:C5394303,OMIM:618857;MONDO:MONDO:0012480,MedGen:C1835887,OMIM:610374,Orphanet:99886;Human Phenotype Ontology:HP:0005965,Human Phenotype Ontology:HP:0005978,Human Phenotype Ontology:HP:0100652,MONDO:MONDO:0005148,MeSH:D003924,MedGen:C0011860,OMIM:125853;MONDO:MONDO:0009734,MedGen:C2931832,OMIM:256450,Orphanet:276575,Orphanet:276598","Leucine-induced hypoglycemia;Diabetes mellitus, permanent neonatal 3;Diabetes mellitus, transient neonatal, 2;Type 2 diabetes mellitus;Hyperinsulinemic hypoglycemia, familial, 1",germline,germline,GRCh38,NC_000011.10,11,17461653,17461653,na,na,11p15.1,"criteria provided, single submitter",1,-,N,-,2,3599411,17461653,C,A,-,-,-,-,-,-,SCV005676090,-,-
3720074,single nucleotide variant,NM_000352.6(ABCC8):c.752G>A (p.Gly251Glu),6833,ABCC8,HGNC:59,Uncertain significance,0,"Apr 22, 2024",-1,-,RCV005046616,"MONDO:MONDO:0009415,MedGen:C0271714,OMIM:240800;MONDO:MONDO:0030088,MedGen:C5394303,OMIM:618857;MONDO:MONDO:0012480,MedGen:C1835887,OMIM:610374,Orphanet:99886;Human Phenotype Ontology:HP:0005965,Human Phenotype Ontology:HP:0005978,Human Phenotype Ontology:HP:0100652,MONDO:MONDO:0005148,MeSH:D003924,MedGen:C0011860,OMIM:125853;MONDO:MONDO:0009734,MedGen:C2931832,OMIM:256450,Orphanet:276575,Orphanet:276598","Leucine-induced hypoglycemia;Diabetes mellitus, permanent neonatal 3;Diabetes mellitus, transient neonatal, 2;Type 2 diabetes mellitus;Hyperinsulinemic hypoglycemia, familial, 1",germline,germline,GRCh37,NC_000011.9,11,17483200,17483200,na,na,11p15.1,"criteria provided, single submitter",1,-,N,-,2,3599412,17483200,C,T,-,-,-,-,-,-,SCV005676091,-,-
3720074,single nucleotide variant,NM_000352.6(ABCC8):c.752G>A (p.Gly251Glu),6833,ABCC8,HGNC:59,Uncertain significance,0,"Apr 22, 2024",-1,-,RCV005046616,"MONDO:MONDO:0009415,MedGen:C0271714,OMIM:240800;MONDO:MONDO:0030088,MedGen:C5394303,OMIM:618857;MONDO:MONDO:0012480,MedGen:C1835887,OMIM:610374,Orphanet:99886;Human Phenotype Ontology:HP:0005965,Human Phenotype Ontology:HP:0005978,Human Phenotype Ontology:HP:0100652,MONDO:MONDO:0005148,MeSH:D003924,MedGen:C0011860,OMIM:125853;MONDO:MONDO:0009734,MedGen:C2931832,OMIM:256450,Orphanet:276575,Orphanet:276598","Leucine-induced hypoglycemia;Diabetes mellitus, permanent neonatal 3;Diabetes mellitus, transient neonatal, 2;Type 2 diabetes mellitus;Hyperinsulinemic hypoglycemia, familial, 1",germline,germline,GRCh38,NC_000011.10,11,17461653,17461653,na,na,11p15.1,"criteria provided, single submitter",1,-,N,-,2,3599412,17461653,C,T,-,-,-,-,-,-,SCV005676091,-,-
3720075,single nucleotide variant,NM_000352.6(ABCC8):c.743G>A (p.Arg248Gln),6833,ABCC8,HGNC:59,Uncertain significance,0,"Mar 11, 2025",-1,-,RCV005050080|RCV005407372,"MONDO:MONDO:0009415,MedGen:C0271714,OMIM:240800;MONDO:MONDO:0030088,MedGen:C5394303,OMIM:618857;MONDO:MONDO:0012480,MedGen:C1835887,OMIM:610374,Orphanet:99886;Human Phenotype Ontology:HP:0005965,Human Phenotype Ontology:HP:0005978,Human Phenotype Ontology:HP:0100652,MONDO:MONDO:0005148,MeSH:D003924,MedGen:C0011860,OMIM:125853;MONDO:MONDO:0009734,MedGen:C2931832,OMIM:256450,Orphanet:276575,Orphanet:276598|MedGen:CN169374","Leucine-induced hypoglycemia;Diabetes mellitus, permanent neonatal 3;Diabetes mellitus, transient neonatal, 2;Type 2 diabetes mellitus;Hyperinsulinemic hypoglycemia, familial, 1|not specified",germline,germline,GRCh37,NC_000011.9,11,17483209,17483209,na,na,11p15.1,"criteria provided, multiple submitters, no conflicts",2,-,N,-,2,3599413,17483209,C,T,-,-,-,-,-,-,SCV005676092|SCV006071784,-,-
3720075,single nucleotide variant,NM_000352.6(ABCC8):c.743G>A (p.Arg248Gln),6833,ABCC8,HGNC:59,Uncertain significance,0,"Mar 11, 2025",-1,-,RCV005050080|RCV005407372,"MONDO:MONDO:0009415,MedGen:C0271714,OMIM:240800;MONDO:MONDO:0030088,MedGen:C5394303,OMIM:618857;MONDO:MONDO:0012480,MedGen:C1835887,OMIM:610374,Orphanet:99886;Human Phenotype Ontology:HP:0005965,Human Phenotype Ontology:HP:0005978,Human Phenotype Ontology:HP:0100652,MONDO:MONDO:0005148,MeSH:D003924,MedGen:C0011860,OMIM:125853;MONDO:MONDO:0009734,MedGen:C2931832,OMIM:256450,Orphanet:276575,Orphanet:276598|MedGen:CN169374","Leucine-induced hypoglycemia;Diabetes mellitus, permanent neonatal 3;Diabetes mellitus, transient neonatal, 2;Type 2 diabetes mellitus;Hyperinsulinemic hypoglycemia, familial, 1|not specified",germline,germline,GRCh38,NC_000011.10,11,17461662,17461662,na,na,11p15.1,"criteria provided, multiple submitters, no conflicts",2,-,N,-,2,3599413,17461662,C,T,-,-,-,-,-,-,SCV005676092|SCV006071784,-,-
3720077,single nucleotide variant,NM_000352.6(ABCC8):c.713A>G (p.Lys238Arg),6833,ABCC8,HGNC:59,Uncertain significance,0,"Jun 11, 2024",-1,-,RCV005046617,"MONDO:MONDO:0009415,MedGen:C0271714,OMIM:240800;MONDO:MONDO:0030088,MedGen:C5394303,OMIM:618857;MONDO:MONDO:0012480,MedGen:C1835887,OMIM:610374,Orphanet:99886;Human Phenotype Ontology:HP:0005965,Human Phenotype Ontology:HP:0005978,Human Phenotype Ontology:HP:0100652,MONDO:MONDO:0005148,MeSH:D003924,MedGen:C0011860,OMIM:125853;MONDO:MONDO:0009734,MedGen:C2931832,OMIM:256450,Orphanet:276575,Orphanet:276598","Leucine-induced hypoglycemia;Diabetes mellitus, permanent neonatal 3;Diabetes mellitus, transient neonatal, 2;Type 2 diabetes mellitus;Hyperinsulinemic hypoglycemia, familial, 1",germline,germline,GRCh37,NC_000011.9,11,17483239,17483239,na,na,11p15.1,"criteria provided, single submitter",1,-,N,-,2,3599414,17483239,T,C,-,-,-,-,-,-,SCV005676093,-,-
3720077,single nucleotide variant,NM_000352.6(ABCC8):c.713A>G (p.Lys238Arg),6833,ABCC8,HGNC:59,Uncertain significance,0,"Jun 11, 2024",-1,-,RCV005046617,"MONDO:MONDO:0009415,MedGen:C0271714,OMIM:240800;MONDO:MONDO:0030088,MedGen:C5394303,OMIM:618857;MONDO:MONDO:0012480,MedGen:C1835887,OMIM:610374,Orphanet:99886;Human Phenotype Ontology:HP:0005965,Human Phenotype Ontology:HP:0005978,Human Phenotype Ontology:HP:0100652,MONDO:MONDO:0005148,MeSH:D003924,MedGen:C0011860,OMIM:125853;MONDO:MONDO:0009734,MedGen:C2931832,OMIM:256450,Orphanet:276575,Orphanet:276598","Leucine-induced hypoglycemia;Diabetes mellitus, permanent neonatal 3;Diabetes mellitus, transient neonatal, 2;Type 2 diabetes mellitus;Hyperinsulinemic hypoglycemia, familial, 1",germline,germline,GRCh38,NC_000011.10,11,17461692,17461692,na,na,11p15.1,"criteria provided, single submitter",1,-,N,-,2,3599414,17461692,T,C,-,-,-,-,-,-,SCV005676093,-,-
3720078,single nucleotide variant,NM_000352.6(ABCC8):c.703G>A (p.Ala235Thr),6833,ABCC8,HGNC:59,Uncertain significance,0,"Jan 31, 2024",-1,-,RCV005046618,"MONDO:MONDO:0009415,MedGen:C0271714,OMIM:240800;MONDO:MONDO:0030088,MedGen:C5394303,OMIM:618857;MONDO:MONDO:0012480,MedGen:C1835887,OMIM:610374,Orphanet:99886;Human Phenotype Ontology:HP:0005965,Human Phenotype Ontology:HP:0005978,Human Phenotype Ontology:HP:0100652,MONDO:MONDO:0005148,MeSH:D003924,MedGen:C0011860,OMIM:125853;MONDO:MONDO:0009734,MedGen:C2931832,OMIM:256450,Orphanet:276575,Orphanet:276598","Leucine-induced hypoglycemia;Diabetes mellitus, permanent neonatal 3;Diabetes mellitus, transient neonatal, 2;Type 2 diabetes mellitus;Hyperinsulinemic hypoglycemia, familial, 1",germline,germline,GRCh37,NC_000011.9,11,17483249,17483249,na,na,11p15.1,"criteria provided, single submitter",1,-,N,-,2,3599415,17483249,C,T,-,-,-,-,-,-,SCV005676094,-,-
3720078,single nucleotide variant,NM_000352.6(ABCC8):c.703G>A (p.Ala235Thr),6833,ABCC8,HGNC:59,Uncertain significance,0,"Jan 31, 2024",-1,-,RCV005046618,"MONDO:MONDO:0009415,MedGen:C0271714,OMIM:240800;MONDO:MONDO:0030088,MedGen:C5394303,OMIM:618857;MONDO:MONDO:0012480,MedGen:C1835887,OMIM:610374,Orphanet:99886;Human Phenotype Ontology:HP:0005965,Human Phenotype Ontology:HP:0005978,Human Phenotype Ontology:HP:0100652,MONDO:MONDO:0005148,MeSH:D003924,MedGen:C0011860,OMIM:125853;MONDO:MONDO:0009734,MedGen:C2931832,OMIM:256450,Orphanet:276575,Orphanet:276598","Leucine-induced hypoglycemia;Diabetes mellitus, permanent neonatal 3;Diabetes mellitus, transient neonatal, 2;Type 2 diabetes mellitus;Hyperinsulinemic hypoglycemia, familial, 1",germline,germline,GRCh38,NC_000011.10,11,17461702,17461702,na,na,11p15.1,"criteria provided, single submitter",1,-,N,-,2,3599415,17461702,C,T,-,-,-,-,-,-,SCV005676094,-,-
3720079,single nucleotide variant,NM_000352.6(ABCC8):c.664G>A (p.Val222Met),6833,ABCC8,HGNC:59,Uncertain significance,0,"Apr 30, 2025",-1,-,RCV005046619|RCV005241079|RCV006489327|RCV005429125,"MONDO:MONDO:0009415,MedGen:C0271714,OMIM:240800;MONDO:MONDO:0030088,MedGen:C5394303,OMIM:618857;MONDO:MONDO:0012480,MedGen:C1835887,OMIM:610374,Orphanet:99886;Human Phenotype Ontology:HP:0005965,Human Phenotype Ontology:HP:0005978,Human Phenotype Ontology:HP:0100652,MONDO:MONDO:0005148,MeSH:D003924,MedGen:C0011860,OMIM:125853;MONDO:MONDO:0009734,MedGen:C2931832,OMIM:256450,Orphanet:276575,Orphanet:276598|MedGen:CN169374|MedGen:C3661900|MONDO:MONDO:0009415,MedGen:C0271714,OMIM:240800;Human Phenotype Ontology:HP:0005965,Human Phenotype Ontology:HP:0005978,Human Phenotype Ontology:HP:0100652,MONDO:MONDO:0005148,MeSH:D003924,MedGen:C0011860,OMIM:125853;MONDO:MONDO:0009734,MedGen:C2931832,OMIM:256450,Orphanet:276575,Orphanet:276598","Leucine-induced hypoglycemia;Diabetes mellitus, permanent neonatal 3;Diabetes mellitus, transient neonatal, 2;Type 2 diabetes mellitus;Hyperinsulinemic hypoglycemia, familial, 1|not specified|not provided|Leucine-induced hypoglycemia;Type 2 diabetes mellitus;Hyperinsulinemic hypoglycemia, familial, 1",germline;unknown,germline,GRCh37,NC_000011.9,11,17483288,17483288,na,na,11p15.1,"criteria provided, multiple submitters, no conflicts",4,-,N,-,2,3599416,17483288,C,T,-,-,-,-,-,-,SCV005676096|SCV005887170|SCV007374455,-,-
3720079,single nucleotide variant,NM_000352.6(ABCC8):c.664G>A (p.Val222Met),6833,ABCC8,HGNC:59,Uncertain significance,0,"Apr 30, 2025",-1,-,RCV005046619|RCV005241079|RCV006489327|RCV005429125,"MONDO:MONDO:0009415,MedGen:C0271714,OMIM:240800;MONDO:MONDO:0030088,MedGen:C5394303,OMIM:618857;MONDO:MONDO:0012480,MedGen:C1835887,OMIM:610374,Orphanet:99886;Human Phenotype Ontology:HP:0005965,Human Phenotype Ontology:HP:0005978,Human Phenotype Ontology:HP:0100652,MONDO:MONDO:0005148,MeSH:D003924,MedGen:C0011860,OMIM:125853;MONDO:MONDO:0009734,MedGen:C2931832,OMIM:256450,Orphanet:276575,Orphanet:276598|MedGen:CN169374|MedGen:C3661900|MONDO:MONDO:0009415,MedGen:C0271714,OMIM:240800;Human Phenotype Ontology:HP:0005965,Human Phenotype Ontology:HP:0005978,Human Phenotype Ontology:HP:0100652,MONDO:MONDO:0005148,MeSH:D003924,MedGen:C0011860,OMIM:125853;MONDO:MONDO:0009734,MedGen:C2931832,OMIM:256450,Orphanet:276575,Orphanet:276598","Leucine-induced hypoglycemia;Diabetes mellitus, permanent neonatal 3;Diabetes mellitus, transient neonatal, 2;Type 2 diabetes mellitus;Hyperinsulinemic hypoglycemia, familial, 1|not specified|not provided|Leucine-induced hypoglycemia;Type 2 diabetes mellitus;Hyperinsulinemic hypoglycemia, familial, 1",germline;unknown,germline,GRCh38,NC_000011.10,11,17461741,17461741,na,na,11p15.1,"criteria provided, multiple submitters, no conflicts",4,-,N,-,2,3599416,17461741,C,T,-,-,-,-,-,-,SCV005676096|SCV005887170|SCV007374455,-,-
3720080,single nucleotide variant,NM_000352.6(ABCC8):c.643G>T (p.Val215Leu),6833,ABCC8,HGNC:59,Uncertain significance,0,"Feb 09, 2024",-1,-,RCV005046621,"MONDO:MONDO:0009415,MedGen:C0271714,OMIM:240800;MONDO:MONDO:0030088,MedGen:C5394303,OMIM:618857;MONDO:MONDO:0012480,MedGen:C1835887,OMIM:610374,Orphanet:99886;Human Phenotype Ontology:HP:0005965,Human Phenotype Ontology:HP:0005978,Human Phenotype Ontology:HP:0100652,MONDO:MONDO:0005148,MeSH:D003924,MedGen:C0011860,OMIM:125853;MONDO:MONDO:0009734,MedGen:C2931832,OMIM:256450,Orphanet:276575,Orphanet:276598","Leucine-induced hypoglycemia;Diabetes mellitus, permanent neonatal 3;Diabetes mellitus, transient neonatal, 2;Type 2 diabetes mellitus;Hyperinsulinemic hypoglycemia, familial, 1",germline,germline,GRCh37,NC_000011.9,11,17483309,17483309,na,na,11p15.1,"criteria provided, single submitter",1,-,N,-,2,3599418,17483309,C,A,-,-,-,-,-,-,SCV005676098,-,-
3720080,single nucleotide variant,NM_000352.6(ABCC8):c.643G>T (p.Val215Leu),6833,ABCC8,HGNC:59,Uncertain significance,0,"Feb 09, 2024",-1,-,RCV005046621,"MONDO:MONDO:0009415,MedGen:C0271714,OMIM:240800;MONDO:MONDO:0030088,MedGen:C5394303,OMIM:618857;MONDO:MONDO:0012480,MedGen:C1835887,OMIM:610374,Orphanet:99886;Human Phenotype Ontology:HP:0005965,Human Phenotype Ontology:HP:0005978,Human Phenotype Ontology:HP:0100652,MONDO:MONDO:0005148,MeSH:D003924,MedGen:C0011860,OMIM:125853;MONDO:MONDO:0009734,MedGen:C2931832,OMIM:256450,Orphanet:276575,Orphanet:276598","Leucine-induced hypoglycemia;Diabetes mellitus, permanent neonatal 3;Diabetes mellitus, transient neonatal, 2;Type 2 diabetes mellitus;Hyperinsulinemic hypoglycemia, familial, 1",germline,germline,GRCh38,NC_000011.10,11,17461762,17461762,na,na,11p15.1,"criteria provided, single submitter",1,-,N,-,2,3599418,17461762,C,A,-,-,-,-,-,-,SCV005676098,-,-
3720081,Duplication,NM_000352.6(ABCC8):c.597_598dup (p.Thr200fs),6833,ABCC8,HGNC:59,Pathogenic,1,"Mar 07, 2024",-1,-,RCV005046622,"MONDO:MONDO:0009415,MedGen:C0271714,OMIM:240800;MONDO:MONDO:0030088,MedGen:C5394303,OMIM:618857;MONDO:MONDO:0012480,MedGen:C1835887,OMIM:610374,Orphanet:99886;Human Phenotype Ontology:HP:0005965,Human Phenotype Ontology:HP:0005978,Human Phenotype Ontology:HP:0100652,MONDO:MONDO:0005148,MeSH:D003924,MedGen:C0011860,OMIM:125853;MONDO:MONDO:0009734,MedGen:C2931832,OMIM:256450,Orphanet:276575,Orphanet:276598","Leucine-induced hypoglycemia;Diabetes mellitus, permanent neonatal 3;Diabetes mellitus, transient neonatal, 2;Type 2 diabetes mellitus;Hyperinsulinemic hypoglycemia, familial, 1",germline,germline,GRCh37,NC_000011.9,11,17483353,17483354,na,na,11p15.1,"criteria provided, single submitter",1,-,N,-,2,3599419,17483353,G,GTC,-,-,-,-,-,-,SCV005676100,-,-
3720081,Duplication,NM_000352.6(ABCC8):c.597_598dup (p.Thr200fs),6833,ABCC8,HGNC:59,Pathogenic,1,"Mar 07, 2024",-1,-,RCV005046622,"MONDO:MONDO:0009415,MedGen:C0271714,OMIM:240800;MONDO:MONDO:0030088,MedGen:C5394303,OMIM:618857;MONDO:MONDO:0012480,MedGen:C1835887,OMIM:610374,Orphanet:99886;Human Phenotype Ontology:HP:0005965,Human Phenotype Ontology:HP:0005978,Human Phenotype Ontology:HP:0100652,MONDO:MONDO:0005148,MeSH:D003924,MedGen:C0011860,OMIM:125853;MONDO:MONDO:0009734,MedGen:C2931832,OMIM:256450,Orphanet:276575,Orphanet:276598","Leucine-induced hypoglycemia;Diabetes mellitus, permanent neonatal 3;Diabetes mellitus, transient neonatal, 2;Type 2 diabetes mellitus;Hyperinsulinemic hypoglycemia, familial, 1",germline,germline,GRCh38,NC_000011.10,11,17461806,17461807,na,na,11p15.1,"criteria provided, single submitter",1,-,N,-,2,3599419,17461806,G,GTC,-,-,-,-,-,-,SCV005676100,-,-
3720083,single nucleotide variant,NM_000352.6(ABCC8):c.580-1G>C,6833,ABCC8,HGNC:59,Likely pathogenic,1,"Mar 04, 2024",-1,-,RCV005050081,"MONDO:MONDO:0009415,MedGen:C0271714,OMIM:240800;MONDO:MONDO:0030088,MedGen:C5394303,OMIM:618857;MONDO:MONDO:0012480,MedGen:C1835887,OMIM:610374,Orphanet:99886;Human Phenotype Ontology:HP:0005965,Human Phenotype Ontology:HP:0005978,Human Phenotype Ontology:HP:0100652,MONDO:MONDO:0005148,MeSH:D003924,MedGen:C0011860,OMIM:125853;MONDO:MONDO:0009734,MedGen:C2931832,OMIM:256450,Orphanet:276575,Orphanet:276598","Leucine-induced hypoglycemia;Diabetes mellitus, permanent neonatal 3;Diabetes mellitus, transient neonatal, 2;Type 2 diabetes mellitus;Hyperinsulinemic hypoglycemia, familial, 1",germline,germline,GRCh37,NC_000011.9,11,17483373,17483373,na,na,11p15.1,"criteria provided, single submitter",1,-,N,-,2,3599420,17483373,C,G,-,-,-,-,-,-,SCV005676101,-,-
3720083,single nucleotide variant,NM_000352.6(ABCC8):c.580-1G>C,6833,ABCC8,HGNC:59,Likely pathogenic,1,"Mar 04, 2024",-1,-,RCV005050081,"MONDO:MONDO:0009415,MedGen:C0271714,OMIM:240800;MONDO:MONDO:0030088,MedGen:C5394303,OMIM:618857;MONDO:MONDO:0012480,MedGen:C1835887,OMIM:610374,Orphanet:99886;Human Phenotype Ontology:HP:0005965,Human Phenotype Ontology:HP:0005978,Human Phenotype Ontology:HP:0100652,MONDO:MONDO:0005148,MeSH:D003924,MedGen:C0011860,OMIM:125853;MONDO:MONDO:0009734,MedGen:C2931832,OMIM:256450,Orphanet:276575,Orphanet:276598","Leucine-induced hypoglycemia;Diabetes mellitus, permanent neonatal 3;Diabetes mellitus, transient neonatal, 2;Type 2 diabetes mellitus;Hyperinsulinemic hypoglycemia, familial, 1",germline,germline,GRCh38,NC_000011.10,11,17461826,17461826,na,na,11p15.1,"criteria provided, single submitter",1,-,N,-,2,3599420,17461826,C,G,-,-,-,-,-,-,SCV005676101,-,-
3720084,Duplication,NM_000352.6(ABCC8):c.432_435dup (p.Ala146fs),6833,ABCC8,HGNC:59,Likely pathogenic,1,"Mar 07, 2024",-1,-,RCV005050082,"MONDO:MONDO:0009415,MedGen:C0271714,OMIM:240800;MONDO:MONDO:0030088,MedGen:C5394303,OMIM:618857;MONDO:MONDO:0012480,MedGen:C1835887,OMIM:610374,Orphanet:99886;Human Phenotype Ontology:HP:0005965,Human Phenotype Ontology:HP:0005978,Human Phenotype Ontology:HP:0100652,MONDO:MONDO:0005148,MeSH:D003924,MedGen:C0011860,OMIM:125853;MONDO:MONDO:0009734,MedGen:C2931832,OMIM:256450,Orphanet:276575,Orphanet:276598","Leucine-induced hypoglycemia;Diabetes mellitus, permanent neonatal 3;Diabetes mellitus, transient neonatal, 2;Type 2 diabetes mellitus;Hyperinsulinemic hypoglycemia, familial, 1",germline,germline,GRCh37,NC_000011.9,11,17485128,17485129,na,na,11p15.1,"criteria provided, single submitter",1,-,N,-,2,3599422,17485128,C,CCAGG,-,-,-,-,-,-,SCV005676109,-,-
3720084,Duplication,NM_000352.6(ABCC8):c.432_435dup (p.Ala146fs),6833,ABCC8,HGNC:59,Likely pathogenic,1,"Mar 07, 2024",-1,-,RCV005050082,"MONDO:MONDO:0009415,MedGen:C0271714,OMIM:240800;MONDO:MONDO:0030088,MedGen:C5394303,OMIM:618857;MONDO:MONDO:0012480,MedGen:C1835887,OMIM:610374,Orphanet:99886;Human Phenotype Ontology:HP:0005965,Human Phenotype Ontology:HP:0005978,Human Phenotype Ontology:HP:0100652,MONDO:MONDO:0005148,MeSH:D003924,MedGen:C0011860,OMIM:125853;MONDO:MONDO:0009734,MedGen:C2931832,OMIM:256450,Orphanet:276575,Orphanet:276598","Leucine-induced hypoglycemia;Diabetes mellitus, permanent neonatal 3;Diabetes mellitus, transient neonatal, 2;Type 2 diabetes mellitus;Hyperinsulinemic hypoglycemia, familial, 1",germline,germline,GRCh38,NC_000011.10,11,17463581,17463582,na,na,11p15.1,"criteria provided, single submitter",1,-,N,-,2,3599422,17463581,C,CCAGG,-,-,-,-,-,-,SCV005676109,-,-
3720085,single nucleotide variant,NM_000352.6(ABCC8):c.392A>C (p.Asn131Thr),6833,ABCC8,HGNC:59,Uncertain significance,0,"Jan 24, 2024",-1,-,RCV005046624,"MONDO:MONDO:0009415,MedGen:C0271714,OMIM:240800;MONDO:MONDO:0030088,MedGen:C5394303,OMIM:618857;MONDO:MONDO:0012480,MedGen:C1835887,OMIM:610374,Orphanet:99886;Human Phenotype Ontology:HP:0005965,Human Phenotype Ontology:HP:0005978,Human Phenotype Ontology:HP:0100652,MONDO:MONDO:0005148,MeSH:D003924,MedGen:C0011860,OMIM:125853;MONDO:MONDO:0009734,MedGen:C2931832,OMIM:256450,Orphanet:276575,Orphanet:276598","Leucine-induced hypoglycemia;Diabetes mellitus, permanent neonatal 3;Diabetes mellitus, transient neonatal, 2;Type 2 diabetes mellitus;Hyperinsulinemic hypoglycemia, familial, 1",germline,germline,GRCh37,NC_000011.9,11,17491668,17491668,na,na,11p15.1,"criteria provided, single submitter",1,-,N,-,2,3599423,17491668,T,G,-,-,-,-,-,-,SCV005676110,-,-
3720085,single nucleotide variant,NM_000352.6(ABCC8):c.392A>C (p.Asn131Thr),6833,ABCC8,HGNC:59,Uncertain significance,0,"Jan 24, 2024",-1,-,RCV005046624,"MONDO:MONDO:0009415,MedGen:C0271714,OMIM:240800;MONDO:MONDO:0030088,MedGen:C5394303,OMIM:618857;MONDO:MONDO:0012480,MedGen:C1835887,OMIM:610374,Orphanet:99886;Human Phenotype Ontology:HP:0005965,Human Phenotype Ontology:HP:0005978,Human Phenotype Ontology:HP:0100652,MONDO:MONDO:0005148,MeSH:D003924,MedGen:C0011860,OMIM:125853;MONDO:MONDO:0009734,MedGen:C2931832,OMIM:256450,Orphanet:276575,Orphanet:276598","Leucine-induced hypoglycemia;Diabetes mellitus, permanent neonatal 3;Diabetes mellitus, transient neonatal, 2;Type 2 diabetes mellitus;Hyperinsulinemic hypoglycemia, familial, 1",germline,germline,GRCh38,NC_000011.10,11,17470121,17470121,na,na,11p15.1,"criteria provided, single submitter",1,-,N,-,2,3599423,17470121,T,G,-,-,-,-,-,-,SCV005676110,-,-
3720086,single nucleotide variant,NM_000352.6(ABCC8):c.389C>G (p.Ser130Cys),6833,ABCC8,HGNC:59,Uncertain significance,0,"Jun 06, 2024",-1,-,RCV005046625,"MONDO:MONDO:0009415,MedGen:C0271714,OMIM:240800;MONDO:MONDO:0030088,MedGen:C5394303,OMIM:618857;MONDO:MONDO:0012480,MedGen:C1835887,OMIM:610374,Orphanet:99886;Human Phenotype Ontology:HP:0005965,Human Phenotype Ontology:HP:0005978,Human Phenotype Ontology:HP:0100652,MONDO:MONDO:0005148,MeSH:D003924,MedGen:C0011860,OMIM:125853;MONDO:MONDO:0009734,MedGen:C2931832,OMIM:256450,Orphanet:276575,Orphanet:276598","Leucine-induced hypoglycemia;Diabetes mellitus, permanent neonatal 3;Diabetes mellitus, transient neonatal, 2;Type 2 diabetes mellitus;Hyperinsulinemic hypoglycemia, familial, 1",germline,germline,GRCh37,NC_000011.9,11,17491671,17491671,na,na,11p15.1,"criteria provided, single submitter",1,-,N,-,2,3599424,17491671,G,C,-,-,-,-,-,-,SCV005676111,-,-
3720086,single nucleotide variant,NM_000352.6(ABCC8):c.389C>G (p.Ser130Cys),6833,ABCC8,HGNC:59,Uncertain significance,0,"Jun 06, 2024",-1,-,RCV005046625,"MONDO:MONDO:0009415,MedGen:C0271714,OMIM:240800;MONDO:MONDO:0030088,MedGen:C5394303,OMIM:618857;MONDO:MONDO:0012480,MedGen:C1835887,OMIM:610374,Orphanet:99886;Human Phenotype Ontology:HP:0005965,Human Phenotype Ontology:HP:0005978,Human Phenotype Ontology:HP:0100652,MONDO:MONDO:0005148,MeSH:D003924,MedGen:C0011860,OMIM:125853;MONDO:MONDO:0009734,MedGen:C2931832,OMIM:256450,Orphanet:276575,Orphanet:276598","Leucine-induced hypoglycemia;Diabetes mellitus, permanent neonatal 3;Diabetes mellitus, transient neonatal, 2;Type 2 diabetes mellitus;Hyperinsulinemic hypoglycemia, familial, 1",germline,germline,GRCh38,NC_000011.10,11,17470124,17470124,na,na,11p15.1,"criteria provided, single submitter",1,-,N,-,2,3599424,17470124,G,C,-,-,-,-,-,-,SCV005676111,-,-
3720087,single nucleotide variant,NM_000352.6(ABCC8):c.302C>T (p.Ser101Phe),6833,ABCC8,HGNC:59,Uncertain significance,0,"Feb 29, 2024",-1,-,RCV005046626,"MONDO:MONDO:0009415,MedGen:C0271714,OMIM:240800;MONDO:MONDO:0030088,MedGen:C5394303,OMIM:618857;MONDO:MONDO:0012480,MedGen:C1835887,OMIM:610374,Orphanet:99886;Human Phenotype Ontology:HP:0005965,Human Phenotype Ontology:HP:0005978,Human Phenotype Ontology:HP:0100652,MONDO:MONDO:0005148,MeSH:D003924,MedGen:C0011860,OMIM:125853;MONDO:MONDO:0009734,MedGen:C2931832,OMIM:256450,Orphanet:276575,Orphanet:276598","Leucine-induced hypoglycemia;Diabetes mellitus, permanent neonatal 3;Diabetes mellitus, transient neonatal, 2;Type 2 diabetes mellitus;Hyperinsulinemic hypoglycemia, familial, 1",germline,germline,GRCh37,NC_000011.9,11,17491758,17491758,na,na,11p15.1,"criteria provided, single submitter",1,-,N,-,2,3599425,17491758,G,A,-,-,-,-,-,-,SCV005676115,-,-
3720087,single nucleotide variant,NM_000352.6(ABCC8):c.302C>T (p.Ser101Phe),6833,ABCC8,HGNC:59,Uncertain significance,0,"Feb 29, 2024",-1,-,RCV005046626,"MONDO:MONDO:0009415,MedGen:C0271714,OMIM:240800;MONDO:MONDO:0030088,MedGen:C5394303,OMIM:618857;MONDO:MONDO:0012480,MedGen:C1835887,OMIM:610374,Orphanet:99886;Human Phenotype Ontology:HP:0005965,Human Phenotype Ontology:HP:0005978,Human Phenotype Ontology:HP:0100652,MONDO:MONDO:0005148,MeSH:D003924,MedGen:C0011860,OMIM:125853;MONDO:MONDO:0009734,MedGen:C2931832,OMIM:256450,Orphanet:276575,Orphanet:276598","Leucine-induced hypoglycemia;Diabetes mellitus, permanent neonatal 3;Diabetes mellitus, transient neonatal, 2;Type 2 diabetes mellitus;Hyperinsulinemic hypoglycemia, familial, 1",germline,germline,GRCh38,NC_000011.10,11,17470211,17470211,na,na,11p15.1,"criteria provided, single submitter",1,-,N,-,2,3599425,17470211,G,A,-,-,-,-,-,-,SCV005676115,-,-
3720088,single nucleotide variant,NM_000352.6(ABCC8):c.291G>A (p.Gly97=),6833,ABCC8,HGNC:59,Uncertain significance,0,"Jun 04, 2024",-1,-,RCV005046627,"MONDO:MONDO:0009415,MedGen:C0271714,OMIM:240800;MONDO:MONDO:0030088,MedGen:C5394303,OMIM:618857;MONDO:MONDO:0012480,MedGen:C1835887,OMIM:610374,Orphanet:99886;Human Phenotype Ontology:HP:0005965,Human Phenotype Ontology:HP:0005978,Human Phenotype Ontology:HP:0100652,MONDO:MONDO:0005148,MeSH:D003924,MedGen:C0011860,OMIM:125853;MONDO:MONDO:0009734,MedGen:C2931832,OMIM:256450,Orphanet:276575,Orphanet:276598","Leucine-induced hypoglycemia;Diabetes mellitus, permanent neonatal 3;Diabetes mellitus, transient neonatal, 2;Type 2 diabetes mellitus;Hyperinsulinemic hypoglycemia, familial, 1",germline,germline,GRCh37,NC_000011.9,11,17491769,17491769,na,na,11p15.1,"criteria provided, single submitter",1,-,N,-,2,3599426,17491769,C,T,-,-,-,-,-,-,SCV005676117,-,-
3720088,single nucleotide variant,NM_000352.6(ABCC8):c.291G>A (p.Gly97=),6833,ABCC8,HGNC:59,Uncertain significance,0,"Jun 04, 2024",-1,-,RCV005046627,"MONDO:MONDO:0009415,MedGen:C0271714,OMIM:240800;MONDO:MONDO:0030088,MedGen:C5394303,OMIM:618857;MONDO:MONDO:0012480,MedGen:C1835887,OMIM:610374,Orphanet:99886;Human Phenotype Ontology:HP:0005965,Human Phenotype Ontology:HP:0005978,Human Phenotype Ontology:HP:0100652,MONDO:MONDO:0005148,MeSH:D003924,MedGen:C0011860,OMIM:125853;MONDO:MONDO:0009734,MedGen:C2931832,OMIM:256450,Orphanet:276575,Orphanet:276598","Leucine-induced hypoglycemia;Diabetes mellitus, permanent neonatal 3;Diabetes mellitus, transient neonatal, 2;Type 2 diabetes mellitus;Hyperinsulinemic hypoglycemia, familial, 1",germline,germline,GRCh38,NC_000011.10,11,17470222,17470222,na,na,11p15.1,"criteria provided, single submitter",1,-,N,-,2,3599426,17470222,C,T,-,-,-,-,-,-,SCV005676117,-,-
3720089,single nucleotide variant,NM_000352.6(ABCC8):c.278T>C (p.Ile93Thr),6833,ABCC8,HGNC:59,Uncertain significance,0,"May 01, 2024",-1,-,RCV005046629,"MONDO:MONDO:0009415,MedGen:C0271714,OMIM:240800;MONDO:MONDO:0030088,MedGen:C5394303,OMIM:618857;MONDO:MONDO:0012480,MedGen:C1835887,OMIM:610374,Orphanet:99886;Human Phenotype Ontology:HP:0005965,Human Phenotype Ontology:HP:0005978,Human Phenotype Ontology:HP:0100652,MONDO:MONDO:0005148,MeSH:D003924,MedGen:C0011860,OMIM:125853;MONDO:MONDO:0009734,MedGen:C2931832,OMIM:256450,Orphanet:276575,Orphanet:276598","Leucine-induced hypoglycemia;Diabetes mellitus, permanent neonatal 3;Diabetes mellitus, transient neonatal, 2;Type 2 diabetes mellitus;Hyperinsulinemic hypoglycemia, familial, 1",germline,germline,GRCh37,NC_000011.9,11,17496445,17496445,na,na,11p15.1,"criteria provided, single submitter",1,-,N,-,2,3599428,17496445,A,G,-,-,-,-,-,-,SCV005676120,-,-
3720089,single nucleotide variant,NM_000352.6(ABCC8):c.278T>C (p.Ile93Thr),6833,ABCC8,HGNC:59,Uncertain significance,0,"May 01, 2024",-1,-,RCV005046629,"MONDO:MONDO:0009415,MedGen:C0271714,OMIM:240800;MONDO:MONDO:0030088,MedGen:C5394303,OMIM:618857;MONDO:MONDO:0012480,MedGen:C1835887,OMIM:610374,Orphanet:99886;Human Phenotype Ontology:HP:0005965,Human Phenotype Ontology:HP:0005978,Human Phenotype Ontology:HP:0100652,MONDO:MONDO:0005148,MeSH:D003924,MedGen:C0011860,OMIM:125853;MONDO:MONDO:0009734,MedGen:C2931832,OMIM:256450,Orphanet:276575,Orphanet:276598","Leucine-induced hypoglycemia;Diabetes mellitus, permanent neonatal 3;Diabetes mellitus, transient neonatal, 2;Type 2 diabetes mellitus;Hyperinsulinemic hypoglycemia, familial, 1",germline,germline,GRCh38,NC_000011.10,11,17474898,17474898,na,na,11p15.1,"criteria provided, single submitter",1,-,N,-,2,3599428,17474898,A,G,-,-,-,-,-,-,SCV005676120,-,-
3720091,single nucleotide variant,NM_000352.6(ABCC8):c.171G>C (p.Lys57Asn),6833,ABCC8,HGNC:59,Uncertain significance,0,"Mar 02, 2024",-1,-,RCV005050083,"MONDO:MONDO:0009415,MedGen:C0271714,OMIM:240800;MONDO:MONDO:0030088,MedGen:C5394303,OMIM:618857;MONDO:MONDO:0012480,MedGen:C1835887,OMIM:610374,Orphanet:99886;Human Phenotype Ontology:HP:0005965,Human Phenotype Ontology:HP:0005978,Human Phenotype Ontology:HP:0100652,MONDO:MONDO:0005148,MeSH:D003924,MedGen:C0011860,OMIM:125853;MONDO:MONDO:0009734,MedGen:C2931832,OMIM:256450,Orphanet:276575,Orphanet:276598","Leucine-induced hypoglycemia;Diabetes mellitus, permanent neonatal 3;Diabetes mellitus, transient neonatal, 2;Type 2 diabetes mellitus;Hyperinsulinemic hypoglycemia, familial, 1",germline,germline,GRCh37,NC_000011.9,11,17496552,17496552,na,na,11p15.1,"criteria provided, single submitter",1,-,N,-,2,3599429,17496552,C,G,-,-,-,-,-,-,SCV005676123,-,-
3720091,single nucleotide variant,NM_000352.6(ABCC8):c.171G>C (p.Lys57Asn),6833,ABCC8,HGNC:59,Uncertain significance,0,"Mar 02, 2024",-1,-,RCV005050083,"MONDO:MONDO:0009415,MedGen:C0271714,OMIM:240800;MONDO:MONDO:0030088,MedGen:C5394303,OMIM:618857;MONDO:MONDO:0012480,MedGen:C1835887,OMIM:610374,Orphanet:99886;Human Phenotype Ontology:HP:0005965,Human Phenotype Ontology:HP:0005978,Human Phenotype Ontology:HP:0100652,MONDO:MONDO:0005148,MeSH:D003924,MedGen:C0011860,OMIM:125853;MONDO:MONDO:0009734,MedGen:C2931832,OMIM:256450,Orphanet:276575,Orphanet:276598","Leucine-induced hypoglycemia;Diabetes mellitus, permanent neonatal 3;Diabetes mellitus, transient neonatal, 2;Type 2 diabetes mellitus;Hyperinsulinemic hypoglycemia, familial, 1",germline,germline,GRCh38,NC_000011.10,11,17475005,17475005,na,na,11p15.1,"criteria provided, single submitter",1,-,N,-,2,3599429,17475005,C,G,-,-,-,-,-,-,SCV005676123,-,-
3720092,single nucleotide variant,NM_000352.6(ABCC8):c.154G>A (p.Gly52Arg),6833,ABCC8,HGNC:59,Uncertain significance,0,"Jan 08, 2024",-1,-,RCV005046630,"MONDO:MONDO:0009415,MedGen:C0271714,OMIM:240800;MONDO:MONDO:0030088,MedGen:C5394303,OMIM:618857;MONDO:MONDO:0012480,MedGen:C1835887,OMIM:610374,Orphanet:99886;Human Phenotype Ontology:HP:0005965,Human Phenotype Ontology:HP:0005978,Human Phenotype Ontology:HP:0100652,MONDO:MONDO:0005148,MeSH:D003924,MedGen:C0011860,OMIM:125853;MONDO:MONDO:0009734,MedGen:C2931832,OMIM:256450,Orphanet:276575,Orphanet:276598","Leucine-induced hypoglycemia;Diabetes mellitus, permanent neonatal 3;Diabetes mellitus, transient neonatal, 2;Type 2 diabetes mellitus;Hyperinsulinemic hypoglycemia, familial, 1",germline,germline,GRCh37,NC_000011.9,11,17496569,17496569,na,na,11p15.1,"criteria provided, single submitter",1,-,N,-,2,3599430,17496569,C,T,-,-,-,-,-,-,SCV005676124,-,-
3720092,single nucleotide variant,NM_000352.6(ABCC8):c.154G>A (p.Gly52Arg),6833,ABCC8,HGNC:59,Uncertain significance,0,"Jan 08, 2024",-1,-,RCV005046630,"MONDO:MONDO:0009415,MedGen:C0271714,OMIM:240800;MONDO:MONDO:0030088,MedGen:C5394303,OMIM:618857;MONDO:MONDO:0012480,MedGen:C1835887,OMIM:610374,Orphanet:99886;Human Phenotype Ontology:HP:0005965,Human Phenotype Ontology:HP:0005978,Human Phenotype Ontology:HP:0100652,MONDO:MONDO:0005148,MeSH:D003924,MedGen:C0011860,OMIM:125853;MONDO:MONDO:0009734,MedGen:C2931832,OMIM:256450,Orphanet:276575,Orphanet:276598","Leucine-induced hypoglycemia;Diabetes mellitus, permanent neonatal 3;Diabetes mellitus, transient neonatal, 2;Type 2 diabetes mellitus;Hyperinsulinemic hypoglycemia, familial, 1",germline,germline,GRCh38,NC_000011.10,11,17475022,17475022,na,na,11p15.1,"criteria provided, single submitter",1,-,N,-,2,3599430,17475022,C,T,-,-,-,-,-,-,SCV005676124,-,-
3720093,single nucleotide variant,NM_000352.6(ABCC8):c.73G>A (p.Gly25Ser),6833,ABCC8,HGNC:59,Uncertain significance,0,"Apr 08, 2024",-1,-,RCV005046631,"MONDO:MONDO:0009415,MedGen:C0271714,OMIM:240800;MONDO:MONDO:0030088,MedGen:C5394303,OMIM:618857;MONDO:MONDO:0012480,MedGen:C1835887,OMIM:610374,Orphanet:99886;Human Phenotype Ontology:HP:0005965,Human Phenotype Ontology:HP:0005978,Human Phenotype Ontology:HP:0100652,MONDO:MONDO:0005148,MeSH:D003924,MedGen:C0011860,OMIM:125853;MONDO:MONDO:0009734,MedGen:C2931832,OMIM:256450,Orphanet:276575,Orphanet:276598","Leucine-induced hypoglycemia;Diabetes mellitus, permanent neonatal 3;Diabetes mellitus, transient neonatal, 2;Type 2 diabetes mellitus;Hyperinsulinemic hypoglycemia, familial, 1",germline,germline,GRCh37,NC_000011.9,11,17498251,17498251,na,na,11p15.1,"criteria provided, single submitter",1,-,N,-,2,3599431,17498251,C,T,-,-,-,-,-,-,SCV005676128,-,-
3720093,single nucleotide variant,NM_000352.6(ABCC8):c.73G>A (p.Gly25Ser),6833,ABCC8,HGNC:59,Uncertain significance,0,"Apr 08, 2024",-1,-,RCV005046631,"MONDO:MONDO:0009415,MedGen:C0271714,OMIM:240800;MONDO:MONDO:0030088,MedGen:C5394303,OMIM:618857;MONDO:MONDO:0012480,MedGen:C1835887,OMIM:610374,Orphanet:99886;Human Phenotype Ontology:HP:0005965,Human Phenotype Ontology:HP:0005978,Human Phenotype Ontology:HP:0100652,MONDO:MONDO:0005148,MeSH:D003924,MedGen:C0011860,OMIM:125853;MONDO:MONDO:0009734,MedGen:C2931832,OMIM:256450,Orphanet:276575,Orphanet:276598","Leucine-induced hypoglycemia;Diabetes mellitus, permanent neonatal 3;Diabetes mellitus, transient neonatal, 2;Type 2 diabetes mellitus;Hyperinsulinemic hypoglycemia, familial, 1",germline,germline,GRCh38,NC_000011.10,11,17476704,17476704,na,na,11p15.1,"criteria provided, single submitter",1,-,N,-,2,3599431,17476704,C,T,-,-,-,-,-,-,SCV005676128,-,-
3720094,single nucleotide variant,NM_000352.6(ABCC8):c.25G>T (p.Glu9Ter),6833,ABCC8,HGNC:59,Pathogenic,1,"Apr 01, 2024",-1,-,RCV005046632,"MONDO:MONDO:0009415,MedGen:C0271714,OMIM:240800;MONDO:MONDO:0030088,MedGen:C5394303,OMIM:618857;MONDO:MONDO:0012480,MedGen:C1835887,OMIM:610374,Orphanet:99886;Human Phenotype Ontology:HP:0005965,Human Phenotype Ontology:HP:0005978,Human Phenotype Ontology:HP:0100652,MONDO:MONDO:0005148,MeSH:D003924,MedGen:C0011860,OMIM:125853;MONDO:MONDO:0009734,MedGen:C2931832,OMIM:256450,Orphanet:276575,Orphanet:276598","Leucine-induced hypoglycemia;Diabetes mellitus, permanent neonatal 3;Diabetes mellitus, transient neonatal, 2;Type 2 diabetes mellitus;Hyperinsulinemic hypoglycemia, familial, 1",germline,germline,GRCh37,NC_000011.9,11,17498299,17498299,na,na,11p15.1,"criteria provided, single submitter",1,-,N,-,2,3599432,17498299,C,A,-,-,-,-,-,-,SCV005676130,-,-
3720094,single nucleotide variant,NM_000352.6(ABCC8):c.25G>T (p.Glu9Ter),6833,ABCC8,HGNC:59,Pathogenic,1,"Apr 01, 2024",-1,-,RCV005046632,"MONDO:MONDO:0009415,MedGen:C0271714,OMIM:240800;MONDO:MONDO:0030088,MedGen:C5394303,OMIM:618857;MONDO:MONDO:0012480,MedGen:C1835887,OMIM:610374,Orphanet:99886;Human Phenotype Ontology:HP:0005965,Human Phenotype Ontology:HP:0005978,Human Phenotype Ontology:HP:0100652,MONDO:MONDO:0005148,MeSH:D003924,MedGen:C0011860,OMIM:125853;MONDO:MONDO:0009734,MedGen:C2931832,OMIM:256450,Orphanet:276575,Orphanet:276598","Leucine-induced hypoglycemia;Diabetes mellitus, permanent neonatal 3;Diabetes mellitus, transient neonatal, 2;Type 2 diabetes mellitus;Hyperinsulinemic hypoglycemia, familial, 1",germline,germline,GRCh38,NC_000011.10,11,17476752,17476752,na,na,11p15.1,"criteria provided, single submitter",1,-,N,-,2,3599432,17476752,C,A,-,-,-,-,-,-,SCV005676130,-,-
3720095,single nucleotide variant,NM_000352.6(ABCC8):c.13T>G (p.Phe5Val),6833,ABCC8,HGNC:59,Uncertain significance,0,"Jun 09, 2024",-1,-,RCV005050084,"MONDO:MONDO:0009415,MedGen:C0271714,OMIM:240800;MONDO:MONDO:0030088,MedGen:C5394303,OMIM:618857;MONDO:MONDO:0012480,MedGen:C1835887,OMIM:610374,Orphanet:99886;Human Phenotype Ontology:HP:0005965,Human Phenotype Ontology:HP:0005978,Human Phenotype Ontology:HP:0100652,MONDO:MONDO:0005148,MeSH:D003924,MedGen:C0011860,OMIM:125853;MONDO:MONDO:0009734,MedGen:C2931832,OMIM:256450,Orphanet:276575,Orphanet:276598","Leucine-induced hypoglycemia;Diabetes mellitus, permanent neonatal 3;Diabetes mellitus, transient neonatal, 2;Type 2 diabetes mellitus;Hyperinsulinemic hypoglycemia, familial, 1",germline,germline,GRCh37,NC_000011.9,11,17498311,17498311,na,na,11p15.1,"criteria provided, single submitter",1,-,N,-,2,3599433,17498311,A,C,-,-,-,-,-,-,SCV005676131,-,-
3720095,single nucleotide variant,NM_000352.6(ABCC8):c.13T>G (p.Phe5Val),6833,ABCC8,HGNC:59,Uncertain significance,0,"Jun 09, 2024",-1,-,RCV005050084,"MONDO:MONDO:0009415,MedGen:C0271714,OMIM:240800;MONDO:MONDO:0030088,MedGen:C5394303,OMIM:618857;MONDO:MONDO:0012480,MedGen:C1835887,OMIM:610374,Orphanet:99886;Human Phenotype Ontology:HP:0005965,Human Phenotype Ontology:HP:0005978,Human Phenotype Ontology:HP:0100652,MONDO:MONDO:0005148,MeSH:D003924,MedGen:C0011860,OMIM:125853;MONDO:MONDO:0009734,MedGen:C2931832,OMIM:256450,Orphanet:276575,Orphanet:276598","Leucine-induced hypoglycemia;Diabetes mellitus, permanent neonatal 3;Diabetes mellitus, transient neonatal, 2;Type 2 diabetes mellitus;Hyperinsulinemic hypoglycemia, familial, 1",germline,germline,GRCh38,NC_000011.10,11,17476764,17476764,na,na,11p15.1,"criteria provided, single submitter",1,-,N,-,2,3599433,17476764,A,C,-,-,-,-,-,-,SCV005676131,-,-
3720097,single nucleotide variant,NM_000352.6(ABCC8):c.7C>G (p.Leu3Val),6833,ABCC8,HGNC:59,Uncertain significance,0,"Apr 14, 2024",-1,-,RCV005050085,"MONDO:MONDO:0009415,MedGen:C0271714,OMIM:240800;MONDO:MONDO:0030088,MedGen:C5394303,OMIM:618857;MONDO:MONDO:0012480,MedGen:C1835887,OMIM:610374,Orphanet:99886;Human Phenotype Ontology:HP:0005965,Human Phenotype Ontology:HP:0005978,Human Phenotype Ontology:HP:0100652,MONDO:MONDO:0005148,MeSH:D003924,MedGen:C0011860,OMIM:125853;MONDO:MONDO:0009734,MedGen:C2931832,OMIM:256450,Orphanet:276575,Orphanet:276598","Leucine-induced hypoglycemia;Diabetes mellitus, permanent neonatal 3;Diabetes mellitus, transient neonatal, 2;Type 2 diabetes mellitus;Hyperinsulinemic hypoglycemia, familial, 1",germline,germline,GRCh37,NC_000011.9,11,17498317,17498317,na,na,11p15.1,"criteria provided, single submitter",1,-,N,-,2,3599434,17498317,G,C,-,-,-,-,-,-,SCV005676132,-,-
3720097,single nucleotide variant,NM_000352.6(ABCC8):c.7C>G (p.Leu3Val),6833,ABCC8,HGNC:59,Uncertain significance,0,"Apr 14, 2024",-1,-,RCV005050085,"MONDO:MONDO:0009415,MedGen:C0271714,OMIM:240800;MONDO:MONDO:0030088,MedGen:C5394303,OMIM:618857;MONDO:MONDO:0012480,MedGen:C1835887,OMIM:610374,Orphanet:99886;Human Phenotype Ontology:HP:0005965,Human Phenotype Ontology:HP:0005978,Human Phenotype Ontology:HP:0100652,MONDO:MONDO:0005148,MeSH:D003924,MedGen:C0011860,OMIM:125853;MONDO:MONDO:0009734,MedGen:C2931832,OMIM:256450,Orphanet:276575,Orphanet:276598","Leucine-induced hypoglycemia;Diabetes mellitus, permanent neonatal 3;Diabetes mellitus, transient neonatal, 2;Type 2 diabetes mellitus;Hyperinsulinemic hypoglycemia, familial, 1",germline,germline,GRCh38,NC_000011.10,11,17476770,17476770,na,na,11p15.1,"criteria provided, single submitter",1,-,N,-,2,3599434,17476770,G,C,-,-,-,-,-,-,SCV005676132,-,-
3723845,single nucleotide variant,NM_000525.4(KCNJ11):c.1121C>G (p.Pro374Arg),3767,KCNJ11,HGNC:6257,Uncertain significance,0,"May 30, 2024",-1,-,RCV005046499,"Human Phenotype Ontology:HP:0005965,Human Phenotype Ontology:HP:0005978,Human Phenotype Ontology:HP:0100652,MONDO:MONDO:0005148,MeSH:D003924,MedGen:C0011860,OMIM:125853;MONDO:MONDO:0012522,MedGen:C1864623,OMIM:610582,Orphanet:99886;MONDO:MONDO:0011153,MedGen:C2931833,OMIM:601820,Orphanet:276580,Orphanet:276603;MONDO:MONDO:0030087,MedGen:C5394296,OMIM:618856;MONDO:MONDO:0014589,MedGen:C4225365,OMIM:616329,Orphanet:552","Type 2 diabetes mellitus;Diabetes mellitus, transient neonatal, 3;Hyperinsulinemic hypoglycemia, familial, 2;Diabetes mellitus, permanent neonatal 2;Maturity-onset diabetes of the young type 13",germline,germline,GRCh37,NC_000011.9,11,17408518,17408518,na,na,11p15.1,"criteria provided, single submitter",1,-,N,-,2,3599271,17408518,G,C,-,-,-,-,-,-,SCV005676594,-,-
3723845,single nucleotide variant,NM_000525.4(KCNJ11):c.1121C>G (p.Pro374Arg),3767,KCNJ11,HGNC:6257,Uncertain significance,0,"May 30, 2024",-1,-,RCV005046499,"Human Phenotype Ontology:HP:0005965,Human Phenotype Ontology:HP:0005978,Human Phenotype Ontology:HP:0100652,MONDO:MONDO:0005148,MeSH:D003924,MedGen:C0011860,OMIM:125853;MONDO:MONDO:0012522,MedGen:C1864623,OMIM:610582,Orphanet:99886;MONDO:MONDO:0011153,MedGen:C2931833,OMIM:601820,Orphanet:276580,Orphanet:276603;MONDO:MONDO:0030087,MedGen:C5394296,OMIM:618856;MONDO:MONDO:0014589,MedGen:C4225365,OMIM:616329,Orphanet:552","Type 2 diabetes mellitus;Diabetes mellitus, transient neonatal, 3;Hyperinsulinemic hypoglycemia, familial, 2;Diabetes mellitus, permanent neonatal 2;Maturity-onset diabetes of the young type 13",germline,germline,GRCh38,NC_000011.10,11,17386971,17386971,na,na,11p15.1,"criteria provided, single submitter",1,-,N,-,2,3599271,17386971,G,C,-,-,-,-,-,-,SCV005676594,-,-
3723846,single nucleotide variant,NM_000525.4(KCNJ11):c.1060A>G (p.Ser354Gly),3767,KCNJ11,HGNC:6257,Uncertain significance,0,"Mar 25, 2024",-1,-,RCV005046500,"Human Phenotype Ontology:HP:0005965,Human Phenotype Ontology:HP:0005978,Human Phenotype Ontology:HP:0100652,MONDO:MONDO:0005148,MeSH:D003924,MedGen:C0011860,OMIM:125853;MONDO:MONDO:0012522,MedGen:C1864623,OMIM:610582,Orphanet:99886;MONDO:MONDO:0011153,MedGen:C2931833,OMIM:601820,Orphanet:276580,Orphanet:276603;MONDO:MONDO:0030087,MedGen:C5394296,OMIM:618856;MONDO:MONDO:0014589,MedGen:C4225365,OMIM:616329,Orphanet:552","Type 2 diabetes mellitus;Diabetes mellitus, transient neonatal, 3;Hyperinsulinemic hypoglycemia, familial, 2;Diabetes mellitus, permanent neonatal 2;Maturity-onset diabetes of the young type 13",germline,germline,GRCh37,NC_000011.9,11,17408579,17408579,na,na,11p15.1,"criteria provided, single submitter",1,-,N,-,2,3599272,17408579,T,C,-,-,-,-,-,-,SCV005676599,-,-
3723846,single nucleotide variant,NM_000525.4(KCNJ11):c.1060A>G (p.Ser354Gly),3767,KCNJ11,HGNC:6257,Uncertain significance,0,"Mar 25, 2024",-1,-,RCV005046500,"Human Phenotype Ontology:HP:0005965,Human Phenotype Ontology:HP:0005978,Human Phenotype Ontology:HP:0100652,MONDO:MONDO:0005148,MeSH:D003924,MedGen:C0011860,OMIM:125853;MONDO:MONDO:0012522,MedGen:C1864623,OMIM:610582,Orphanet:99886;MONDO:MONDO:0011153,MedGen:C2931833,OMIM:601820,Orphanet:276580,Orphanet:276603;MONDO:MONDO:0030087,MedGen:C5394296,OMIM:618856;MONDO:MONDO:0014589,MedGen:C4225365,OMIM:616329,Orphanet:552","Type 2 diabetes mellitus;Diabetes mellitus, transient neonatal, 3;Hyperinsulinemic hypoglycemia, familial, 2;Diabetes mellitus, permanent neonatal 2;Maturity-onset diabetes of the young type 13",germline,germline,GRCh38,NC_000011.10,11,17387032,17387032,na,na,11p15.1,"criteria provided, single submitter",1,-,N,-,2,3599272,17387032,T,C,-,-,-,-,-,-,SCV005676599,-,-
3723847,single nucleotide variant,NM_000525.4(KCNJ11):c.1033A>G (p.Thr345Ala),3767,KCNJ11,HGNC:6257,Uncertain significance,0,"May 07, 2024",-1,-,RCV005046501,"Human Phenotype Ontology:HP:0005965,Human Phenotype Ontology:HP:0005978,Human Phenotype Ontology:HP:0100652,MONDO:MONDO:0005148,MeSH:D003924,MedGen:C0011860,OMIM:125853;MONDO:MONDO:0012522,MedGen:C1864623,OMIM:610582,Orphanet:99886;MONDO:MONDO:0011153,MedGen:C2931833,OMIM:601820,Orphanet:276580,Orphanet:276603;MONDO:MONDO:0030087,MedGen:C5394296,OMIM:618856;MONDO:MONDO:0014589,MedGen:C4225365,OMIM:616329,Orphanet:552","Type 2 diabetes mellitus;Diabetes mellitus, transient neonatal, 3;Hyperinsulinemic hypoglycemia, familial, 2;Diabetes mellitus, permanent neonatal 2;Maturity-onset diabetes of the young type 13",germline,germline,GRCh37,NC_000011.9,11,17408606,17408606,na,na,11p15.1,"criteria provided, single submitter",1,-,N,-,2,3599273,17408606,T,C,-,-,-,-,-,-,SCV005676600,-,-
3723847,single nucleotide variant,NM_000525.4(KCNJ11):c.1033A>G (p.Thr345Ala),3767,KCNJ11,HGNC:6257,Uncertain significance,0,"May 07, 2024",-1,-,RCV005046501,"Human Phenotype Ontology:HP:0005965,Human Phenotype Ontology:HP:0005978,Human Phenotype Ontology:HP:0100652,MONDO:MONDO:0005148,MeSH:D003924,MedGen:C0011860,OMIM:125853;MONDO:MONDO:0012522,MedGen:C1864623,OMIM:610582,Orphanet:99886;MONDO:MONDO:0011153,MedGen:C2931833,OMIM:601820,Orphanet:276580,Orphanet:276603;MONDO:MONDO:0030087,MedGen:C5394296,OMIM:618856;MONDO:MONDO:0014589,MedGen:C4225365,OMIM:616329,Orphanet:552","Type 2 diabetes mellitus;Diabetes mellitus, transient neonatal, 3;Hyperinsulinemic hypoglycemia, familial, 2;Diabetes mellitus, permanent neonatal 2;Maturity-onset diabetes of the young type 13",germline,germline,GRCh38,NC_000011.10,11,17387059,17387059,na,na,11p15.1,"criteria provided, single submitter",1,-,N,-,2,3599273,17387059,T,C,-,-,-,-,-,-,SCV005676600,-,-
3723848,Deletion,NM_000525.4(KCNJ11):c.1030_1031del (p.Cys344fs),3767,KCNJ11,HGNC:6257,Likely pathogenic,1,"Feb 29, 2024",-1,-,RCV005046502,"Human Phenotype Ontology:HP:0005965,Human Phenotype Ontology:HP:0005978,Human Phenotype Ontology:HP:0100652,MONDO:MONDO:0005148,MeSH:D003924,MedGen:C0011860,OMIM:125853;MONDO:MONDO:0012522,MedGen:C1864623,OMIM:610582,Orphanet:99886;MONDO:MONDO:0011153,MedGen:C2931833,OMIM:601820,Orphanet:276580,Orphanet:276603;MONDO:MONDO:0030087,MedGen:C5394296,OMIM:618856;MONDO:MONDO:0014589,MedGen:C4225365,OMIM:616329,Orphanet:552","Type 2 diabetes mellitus;Diabetes mellitus, transient neonatal, 3;Hyperinsulinemic hypoglycemia, familial, 2;Diabetes mellitus, permanent neonatal 2;Maturity-onset diabetes of the young type 13",germline,germline,GRCh37,NC_000011.9,11,17408608,17408609,na,na,11p15.1,"criteria provided, single submitter",1,-,N,-,2,3599274,17408607,GCA,G,-,-,-,-,-,-,SCV005676601,-,-
3723848,Deletion,NM_000525.4(KCNJ11):c.1030_1031del (p.Cys344fs),3767,KCNJ11,HGNC:6257,Likely pathogenic,1,"Feb 29, 2024",-1,-,RCV005046502,"Human Phenotype Ontology:HP:0005965,Human Phenotype Ontology:HP:0005978,Human Phenotype Ontology:HP:0100652,MONDO:MONDO:0005148,MeSH:D003924,MedGen:C0011860,OMIM:125853;MONDO:MONDO:0012522,MedGen:C1864623,OMIM:610582,Orphanet:99886;MONDO:MONDO:0011153,MedGen:C2931833,OMIM:601820,Orphanet:276580,Orphanet:276603;MONDO:MONDO:0030087,MedGen:C5394296,OMIM:618856;MONDO:MONDO:0014589,MedGen:C4225365,OMIM:616329,Orphanet:552","Type 2 diabetes mellitus;Diabetes mellitus, transient neonatal, 3;Hyperinsulinemic hypoglycemia, familial, 2;Diabetes mellitus, permanent neonatal 2;Maturity-onset diabetes of the young type 13",germline,germline,GRCh38,NC_000011.10,11,17387061,17387062,na,na,11p15.1,"criteria provided, single submitter",1,-,N,-,2,3599274,17387060,GCA,G,-,-,-,-,-,-,SCV005676601,-,-
3723850,single nucleotide variant,NM_000525.4(KCNJ11):c.943T>G (p.Phe315Val),3767,KCNJ11,HGNC:6257,Uncertain significance,0,"May 10, 2024",-1,-,RCV005046503,"Human Phenotype Ontology:HP:0005965,Human Phenotype Ontology:HP:0005978,Human Phenotype Ontology:HP:0100652,MONDO:MONDO:0005148,MeSH:D003924,MedGen:C0011860,OMIM:125853;MONDO:MONDO:0012522,MedGen:C1864623,OMIM:610582,Orphanet:99886;MONDO:MONDO:0011153,MedGen:C2931833,OMIM:601820,Orphanet:276580,Orphanet:276603;MONDO:MONDO:0030087,MedGen:C5394296,OMIM:618856;MONDO:MONDO:0014589,MedGen:C4225365,OMIM:616329,Orphanet:552","Type 2 diabetes mellitus;Diabetes mellitus, transient neonatal, 3;Hyperinsulinemic hypoglycemia, familial, 2;Diabetes mellitus, permanent neonatal 2;Maturity-onset diabetes of the young type 13",germline,germline,GRCh37,NC_000011.9,11,17408696,17408696,na,na,11p15.1,"criteria provided, single submitter",1,-,N,-,2,3599275,17408696,A,C,-,-,-,-,-,-,SCV005676603,-,-
3723850,single nucleotide variant,NM_000525.4(KCNJ11):c.943T>G (p.Phe315Val),3767,KCNJ11,HGNC:6257,Uncertain significance,0,"May 10, 2024",-1,-,RCV005046503,"Human Phenotype Ontology:HP:0005965,Human Phenotype Ontology:HP:0005978,Human Phenotype Ontology:HP:0100652,MONDO:MONDO:0005148,MeSH:D003924,MedGen:C0011860,OMIM:125853;MONDO:MONDO:0012522,MedGen:C1864623,OMIM:610582,Orphanet:99886;MONDO:MONDO:0011153,MedGen:C2931833,OMIM:601820,Orphanet:276580,Orphanet:276603;MONDO:MONDO:0030087,MedGen:C5394296,OMIM:618856;MONDO:MONDO:0014589,MedGen:C4225365,OMIM:616329,Orphanet:552","Type 2 diabetes mellitus;Diabetes mellitus, transient neonatal, 3;Hyperinsulinemic hypoglycemia, familial, 2;Diabetes mellitus, permanent neonatal 2;Maturity-onset diabetes of the young type 13",germline,germline,GRCh38,NC_000011.10,11,17387149,17387149,na,na,11p15.1,"criteria provided, single submitter",1,-,N,-,2,3599275,17387149,A,C,-,-,-,-,-,-,SCV005676603,-,-
3723851,single nucleotide variant,NM_000525.4(KCNJ11):c.817A>G (p.Ser273Gly),3767,KCNJ11,HGNC:6257,Uncertain significance,0,"Jul 30, 2024",-1,-,RCV005050056|RCV005230826,"Human Phenotype Ontology:HP:0005965,Human Phenotype Ontology:HP:0005978,Human Phenotype Ontology:HP:0100652,MONDO:MONDO:0005148,MeSH:D003924,MedGen:C0011860,OMIM:125853;MONDO:MONDO:0012522,MedGen:C1864623,OMIM:610582,Orphanet:99886;MONDO:MONDO:0011153,MedGen:C2931833,OMIM:601820,Orphanet:276580,Orphanet:276603;MONDO:MONDO:0030087,MedGen:C5394296,OMIM:618856;MONDO:MONDO:0014589,MedGen:C4225365,OMIM:616329,Orphanet:552|MedGen:C3661900","Type 2 diabetes mellitus;Diabetes mellitus, transient neonatal, 3;Hyperinsulinemic hypoglycemia, familial, 2;Diabetes mellitus, permanent neonatal 2;Maturity-onset diabetes of the young type 13|not provided",germline,germline,GRCh37,NC_000011.9,11,17408822,17408822,na,na,11p15.1,"criteria provided, multiple submitters, no conflicts",2,-,N,-,2,3599277,17408822,T,C,-,-,-,-,-,-,SCV005676609|SCV005878362,-,-
3723851,single nucleotide variant,NM_000525.4(KCNJ11):c.817A>G (p.Ser273Gly),3767,KCNJ11,HGNC:6257,Uncertain significance,0,"Jul 30, 2024",-1,-,RCV005050056|RCV005230826,"Human Phenotype Ontology:HP:0005965,Human Phenotype Ontology:HP:0005978,Human Phenotype Ontology:HP:0100652,MONDO:MONDO:0005148,MeSH:D003924,MedGen:C0011860,OMIM:125853;MONDO:MONDO:0012522,MedGen:C1864623,OMIM:610582,Orphanet:99886;MONDO:MONDO:0011153,MedGen:C2931833,OMIM:601820,Orphanet:276580,Orphanet:276603;MONDO:MONDO:0030087,MedGen:C5394296,OMIM:618856;MONDO:MONDO:0014589,MedGen:C4225365,OMIM:616329,Orphanet:552|MedGen:C3661900","Type 2 diabetes mellitus;Diabetes mellitus, transient neonatal, 3;Hyperinsulinemic hypoglycemia, familial, 2;Diabetes mellitus, permanent neonatal 2;Maturity-onset diabetes of the young type 13|not provided",germline,germline,GRCh38,NC_000011.10,11,17387275,17387275,na,na,11p15.1,"criteria provided, multiple submitters, no conflicts",2,-,N,-,2,3599277,17387275,T,C,-,-,-,-,-,-,SCV005676609|SCV005878362,-,-
3723852,single nucleotide variant,NM_000525.4(KCNJ11):c.814C>T (p.Pro272Ser),3767,KCNJ11,HGNC:6257,Uncertain significance,0,"Feb 19, 2024",-1,-,RCV005046505|RCV005618434,"Human Phenotype Ontology:HP:0005965,Human Phenotype Ontology:HP:0005978,Human Phenotype Ontology:HP:0100652,MONDO:MONDO:0005148,MeSH:D003924,MedGen:C0011860,OMIM:125853;MONDO:MONDO:0012522,MedGen:C1864623,OMIM:610582,Orphanet:99886;MONDO:MONDO:0011153,MedGen:C2931833,OMIM:601820,Orphanet:276580,Orphanet:276603;MONDO:MONDO:0030087,MedGen:C5394296,OMIM:618856;MONDO:MONDO:0014589,MedGen:C4225365,OMIM:616329,Orphanet:552|MONDO:MONDO:0100164,MedGen:C1833104,OMIM:PS606176,Orphanet:99885","Type 2 diabetes mellitus;Diabetes mellitus, transient neonatal, 3;Hyperinsulinemic hypoglycemia, familial, 2;Diabetes mellitus, permanent neonatal 2;Maturity-onset diabetes of the young type 13|Permanent neonatal diabetes mellitus",germline,germline,GRCh37,NC_000011.9,11,17408825,17408825,na,na,11p15.1,"criteria provided, single submitter",2,-,N,-,2,3599278,17408825,G,A,-,-,-,-,-,-,SCV005676610,-,-
3723852,single nucleotide variant,NM_000525.4(KCNJ11):c.814C>T (p.Pro272Ser),3767,KCNJ11,HGNC:6257,Uncertain significance,0,"Feb 19, 2024",-1,-,RCV005046505|RCV005618434,"Human Phenotype Ontology:HP:0005965,Human Phenotype Ontology:HP:0005978,Human Phenotype Ontology:HP:0100652,MONDO:MONDO:0005148,MeSH:D003924,MedGen:C0011860,OMIM:125853;MONDO:MONDO:0012522,MedGen:C1864623,OMIM:610582,Orphanet:99886;MONDO:MONDO:0011153,MedGen:C2931833,OMIM:601820,Orphanet:276580,Orphanet:276603;MONDO:MONDO:0030087,MedGen:C5394296,OMIM:618856;MONDO:MONDO:0014589,MedGen:C4225365,OMIM:616329,Orphanet:552|MONDO:MONDO:0100164,MedGen:C1833104,OMIM:PS606176,Orphanet:99885","Type 2 diabetes mellitus;Diabetes mellitus, transient neonatal, 3;Hyperinsulinemic hypoglycemia, familial, 2;Diabetes mellitus, permanent neonatal 2;Maturity-onset diabetes of the young type 13|Permanent neonatal diabetes mellitus",germline,germline,GRCh38,NC_000011.10,11,17387278,17387278,na,na,11p15.1,"criteria provided, single submitter",2,-,N,-,2,3599278,17387278,G,A,-,-,-,-,-,-,SCV005676610,-,-
3723854,single nucleotide variant,NM_000525.4(KCNJ11):c.758C>T (p.Ala253Val),3767,KCNJ11,HGNC:6257,Uncertain significance,0,"Mar 15, 2024",-1,-,RCV005046506,"Human Phenotype Ontology:HP:0005965,Human Phenotype Ontology:HP:0005978,Human Phenotype Ontology:HP:0100652,MONDO:MONDO:0005148,MeSH:D003924,MedGen:C0011860,OMIM:125853;MONDO:MONDO:0012522,MedGen:C1864623,OMIM:610582,Orphanet:99886;MONDO:MONDO:0011153,MedGen:C2931833,OMIM:601820,Orphanet:276580,Orphanet:276603;MONDO:MONDO:0030087,MedGen:C5394296,OMIM:618856;MONDO:MONDO:0014589,MedGen:C4225365,OMIM:616329,Orphanet:552","Type 2 diabetes mellitus;Diabetes mellitus, transient neonatal, 3;Hyperinsulinemic hypoglycemia, familial, 2;Diabetes mellitus, permanent neonatal 2;Maturity-onset diabetes of the young type 13",germline,germline,GRCh37,NC_000011.9,11,17408881,17408881,na,na,11p15.1,"criteria provided, single submitter",1,-,N,-,2,3599279,17408881,G,A,-,-,-,-,-,-,SCV005676612,-,-
3723854,single nucleotide variant,NM_000525.4(KCNJ11):c.758C>T (p.Ala253Val),3767,KCNJ11,HGNC:6257,Uncertain significance,0,"Mar 15, 2024",-1,-,RCV005046506,"Human Phenotype Ontology:HP:0005965,Human Phenotype Ontology:HP:0005978,Human Phenotype Ontology:HP:0100652,MONDO:MONDO:0005148,MeSH:D003924,MedGen:C0011860,OMIM:125853;MONDO:MONDO:0012522,MedGen:C1864623,OMIM:610582,Orphanet:99886;MONDO:MONDO:0011153,MedGen:C2931833,OMIM:601820,Orphanet:276580,Orphanet:276603;MONDO:MONDO:0030087,MedGen:C5394296,OMIM:618856;MONDO:MONDO:0014589,MedGen:C4225365,OMIM:616329,Orphanet:552","Type 2 diabetes mellitus;Diabetes mellitus, transient neonatal, 3;Hyperinsulinemic hypoglycemia, familial, 2;Diabetes mellitus, permanent neonatal 2;Maturity-onset diabetes of the young type 13",germline,germline,GRCh38,NC_000011.10,11,17387334,17387334,na,na,11p15.1,"criteria provided, single submitter",1,-,N,-,2,3599279,17387334,G,A,-,-,-,-,-,-,SCV005676612,-,-
3723855,single nucleotide variant,NM_000525.4(KCNJ11):c.733G>T (p.Gly245Cys),3767,KCNJ11,HGNC:6257,Uncertain significance,0,"Apr 09, 2024",-1,-,RCV005046507,"Human Phenotype Ontology:HP:0005965,Human Phenotype Ontology:HP:0005978,Human Phenotype Ontology:HP:0100652,MONDO:MONDO:0005148,MeSH:D003924,MedGen:C0011860,OMIM:125853;MONDO:MONDO:0012522,MedGen:C1864623,OMIM:610582,Orphanet:99886;MONDO:MONDO:0011153,MedGen:C2931833,OMIM:601820,Orphanet:276580,Orphanet:276603;MONDO:MONDO:0030087,MedGen:C5394296,OMIM:618856;MONDO:MONDO:0014589,MedGen:C4225365,OMIM:616329,Orphanet:552","Type 2 diabetes mellitus;Diabetes mellitus, transient neonatal, 3;Hyperinsulinemic hypoglycemia, familial, 2;Diabetes mellitus, permanent neonatal 2;Maturity-onset diabetes of the young type 13",germline,germline,GRCh37,NC_000011.9,11,17408906,17408906,na,na,11p15.1,"criteria provided, single submitter",1,-,N,-,2,3599280,17408906,C,A,-,-,-,-,-,-,SCV005676613,-,-
3723855,single nucleotide variant,NM_000525.4(KCNJ11):c.733G>T (p.Gly245Cys),3767,KCNJ11,HGNC:6257,Uncertain significance,0,"Apr 09, 2024",-1,-,RCV005046507,"Human Phenotype Ontology:HP:0005965,Human Phenotype Ontology:HP:0005978,Human Phenotype Ontology:HP:0100652,MONDO:MONDO:0005148,MeSH:D003924,MedGen:C0011860,OMIM:125853;MONDO:MONDO:0012522,MedGen:C1864623,OMIM:610582,Orphanet:99886;MONDO:MONDO:0011153,MedGen:C2931833,OMIM:601820,Orphanet:276580,Orphanet:276603;MONDO:MONDO:0030087,MedGen:C5394296,OMIM:618856;MONDO:MONDO:0014589,MedGen:C4225365,OMIM:616329,Orphanet:552","Type 2 diabetes mellitus;Diabetes mellitus, transient neonatal, 3;Hyperinsulinemic hypoglycemia, familial, 2;Diabetes mellitus, permanent neonatal 2;Maturity-onset diabetes of the young type 13",germline,germline,GRCh38,NC_000011.10,11,17387359,17387359,na,na,11p15.1,"criteria provided, single submitter",1,-,N,-,2,3599280,17387359,C,A,-,-,-,-,-,-,SCV005676613,-,-
3723856,single nucleotide variant,NM_000525.4(KCNJ11):c.730G>A (p.Val244Met),3767,KCNJ11,HGNC:6257,Uncertain significance,0,"Aug 15, 2025",-1,-,RCV005046508|RCV005626937|RCV006564323,"Human Phenotype Ontology:HP:0005965,Human Phenotype Ontology:HP:0005978,Human Phenotype Ontology:HP:0100652,MONDO:MONDO:0005148,MeSH:D003924,MedGen:C0011860,OMIM:125853;MONDO:MONDO:0012522,MedGen:C1864623,OMIM:610582,Orphanet:99886;MONDO:MONDO:0011153,MedGen:C2931833,OMIM:601820,Orphanet:276580,Orphanet:276603;MONDO:MONDO:0030087,MedGen:C5394296,OMIM:618856;MONDO:MONDO:0014589,MedGen:C4225365,OMIM:616329,Orphanet:552|MONDO:MONDO:0100309,MedGen:C0004138,Orphanet:183518|MedGen:C3661900","Type 2 diabetes mellitus;Diabetes mellitus, transient neonatal, 3;Hyperinsulinemic hypoglycemia, familial, 2;Diabetes mellitus, permanent neonatal 2;Maturity-onset diabetes of the young type 13|Hereditary ataxia|not provided",germline,germline,GRCh37,NC_000011.9,11,17408909,17408909,na,na,11p15.1,"criteria provided, multiple submitters, no conflicts",3,-,N,-,2,3599281,17408909,C,T,-,-,-,-,-,-,SCV005676614|SCV006306361|SCV007493901,-,-
3723856,single nucleotide variant,NM_000525.4(KCNJ11):c.730G>A (p.Val244Met),3767,KCNJ11,HGNC:6257,Uncertain significance,0,"Aug 15, 2025",-1,-,RCV005046508|RCV005626937|RCV006564323,"Human Phenotype Ontology:HP:0005965,Human Phenotype Ontology:HP:0005978,Human Phenotype Ontology:HP:0100652,MONDO:MONDO:0005148,MeSH:D003924,MedGen:C0011860,OMIM:125853;MONDO:MONDO:0012522,MedGen:C1864623,OMIM:610582,Orphanet:99886;MONDO:MONDO:0011153,MedGen:C2931833,OMIM:601820,Orphanet:276580,Orphanet:276603;MONDO:MONDO:0030087,MedGen:C5394296,OMIM:618856;MONDO:MONDO:0014589,MedGen:C4225365,OMIM:616329,Orphanet:552|MONDO:MONDO:0100309,MedGen:C0004138,Orphanet:183518|MedGen:C3661900","Type 2 diabetes mellitus;Diabetes mellitus, transient neonatal, 3;Hyperinsulinemic hypoglycemia, familial, 2;Diabetes mellitus, permanent neonatal 2;Maturity-onset diabetes of the young type 13|Hereditary ataxia|not provided",germline,germline,GRCh38,NC_000011.10,11,17387362,17387362,na,na,11p15.1,"criteria provided, multiple submitters, no conflicts",3,-,N,-,2,3599281,17387362,C,T,-,-,-,-,-,-,SCV005676614|SCV006306361|SCV007493901,-,-
3723857,single nucleotide variant,NM_000525.4(KCNJ11):c.719T>C (p.Met240Thr),3767,KCNJ11,HGNC:6257,Uncertain significance,0,"Jun 04, 2024",-1,-,RCV005050057,"Human Phenotype Ontology:HP:0005965,Human Phenotype Ontology:HP:0005978,Human Phenotype Ontology:HP:0100652,MONDO:MONDO:0005148,MeSH:D003924,MedGen:C0011860,OMIM:125853;MONDO:MONDO:0012522,MedGen:C1864623,OMIM:610582,Orphanet:99886;MONDO:MONDO:0011153,MedGen:C2931833,OMIM:601820,Orphanet:276580,Orphanet:276603;MONDO:MONDO:0030087,MedGen:C5394296,OMIM:618856;MONDO:MONDO:0014589,MedGen:C4225365,OMIM:616329,Orphanet:552","Type 2 diabetes mellitus;Diabetes mellitus, transient neonatal, 3;Hyperinsulinemic hypoglycemia, familial, 2;Diabetes mellitus, permanent neonatal 2;Maturity-onset diabetes of the young type 13",germline,germline,GRCh37,NC_000011.9,11,17408920,17408920,na,na,11p15.1,"criteria provided, single submitter",1,-,N,-,2,3599282,17408920,A,G,-,-,-,-,-,-,SCV005676615,-,-
3723857,single nucleotide variant,NM_000525.4(KCNJ11):c.719T>C (p.Met240Thr),3767,KCNJ11,HGNC:6257,Uncertain significance,0,"Jun 04, 2024",-1,-,RCV005050057,"Human Phenotype Ontology:HP:0005965,Human Phenotype Ontology:HP:0005978,Human Phenotype Ontology:HP:0100652,MONDO:MONDO:0005148,MeSH:D003924,MedGen:C0011860,OMIM:125853;MONDO:MONDO:0012522,MedGen:C1864623,OMIM:610582,Orphanet:99886;MONDO:MONDO:0011153,MedGen:C2931833,OMIM:601820,Orphanet:276580,Orphanet:276603;MONDO:MONDO:0030087,MedGen:C5394296,OMIM:618856;MONDO:MONDO:0014589,MedGen:C4225365,OMIM:616329,Orphanet:552","Type 2 diabetes mellitus;Diabetes mellitus, transient neonatal, 3;Hyperinsulinemic hypoglycemia, familial, 2;Diabetes mellitus, permanent neonatal 2;Maturity-onset diabetes of the young type 13",germline,germline,GRCh38,NC_000011.10,11,17387373,17387373,na,na,11p15.1,"criteria provided, single submitter",1,-,N,-,2,3599282,17387373,A,G,-,-,-,-,-,-,SCV005676615,-,-
3723858,single nucleotide variant,NM_000525.4(KCNJ11):c.635G>A (p.Ser212Asn),3767,KCNJ11,HGNC:6257,Uncertain significance,0,"Jun 19, 2024",-1,-,RCV005046509,"Human Phenotype Ontology:HP:0005965,Human Phenotype Ontology:HP:0005978,Human Phenotype Ontology:HP:0100652,MONDO:MONDO:0005148,MeSH:D003924,MedGen:C0011860,OMIM:125853;MONDO:MONDO:0012522,MedGen:C1864623,OMIM:610582,Orphanet:99886;MONDO:MONDO:0011153,MedGen:C2931833,OMIM:601820,Orphanet:276580,Orphanet:276603;MONDO:MONDO:0030087,MedGen:C5394296,OMIM:618856;MONDO:MONDO:0014589,MedGen:C4225365,OMIM:616329,Orphanet:552","Type 2 diabetes mellitus;Diabetes mellitus, transient neonatal, 3;Hyperinsulinemic hypoglycemia, familial, 2;Diabetes mellitus, permanent neonatal 2;Maturity-onset diabetes of the young type 13",germline,germline,GRCh37,NC_000011.9,11,17409004,17409004,na,na,11p15.1,"criteria provided, single submitter",1,-,N,-,2,3599283,17409004,C,T,-,-,-,-,-,-,SCV005676617,-,-
3723858,single nucleotide variant,NM_000525.4(KCNJ11):c.635G>A (p.Ser212Asn),3767,KCNJ11,HGNC:6257,Uncertain significance,0,"Jun 19, 2024",-1,-,RCV005046509,"Human Phenotype Ontology:HP:0005965,Human Phenotype Ontology:HP:0005978,Human Phenotype Ontology:HP:0100652,MONDO:MONDO:0005148,MeSH:D003924,MedGen:C0011860,OMIM:125853;MONDO:MONDO:0012522,MedGen:C1864623,OMIM:610582,Orphanet:99886;MONDO:MONDO:0011153,MedGen:C2931833,OMIM:601820,Orphanet:276580,Orphanet:276603;MONDO:MONDO:0030087,MedGen:C5394296,OMIM:618856;MONDO:MONDO:0014589,MedGen:C4225365,OMIM:616329,Orphanet:552","Type 2 diabetes mellitus;Diabetes mellitus, transient neonatal, 3;Hyperinsulinemic hypoglycemia, familial, 2;Diabetes mellitus, permanent neonatal 2;Maturity-onset diabetes of the young type 13",germline,germline,GRCh38,NC_000011.10,11,17387457,17387457,na,na,11p15.1,"criteria provided, single submitter",1,-,N,-,2,3599283,17387457,C,T,-,-,-,-,-,-,SCV005676617,-,-
3723859,single nucleotide variant,NM_000525.4(KCNJ11):c.628A>G (p.Ile210Val),3767,KCNJ11,HGNC:6257,Uncertain significance,0,"Apr 08, 2024",-1,-,RCV005050058,"Human Phenotype Ontology:HP:0005965,Human Phenotype Ontology:HP:0005978,Human Phenotype Ontology:HP:0100652,MONDO:MONDO:0005148,MeSH:D003924,MedGen:C0011860,OMIM:125853;MONDO:MONDO:0012522,MedGen:C1864623,OMIM:610582,Orphanet:99886;MONDO:MONDO:0011153,MedGen:C2931833,OMIM:601820,Orphanet:276580,Orphanet:276603;MONDO:MONDO:0030087,MedGen:C5394296,OMIM:618856;MONDO:MONDO:0014589,MedGen:C4225365,OMIM:616329,Orphanet:552","Type 2 diabetes mellitus;Diabetes mellitus, transient neonatal, 3;Hyperinsulinemic hypoglycemia, familial, 2;Diabetes mellitus, permanent neonatal 2;Maturity-onset diabetes of the young type 13",germline,germline,GRCh37,NC_000011.9,11,17409011,17409011,na,na,11p15.1,"criteria provided, single submitter",1,-,N,-,2,3599285,17409011,T,C,-,-,-,-,-,-,SCV005676619,-,-
3723859,single nucleotide variant,NM_000525.4(KCNJ11):c.628A>G (p.Ile210Val),3767,KCNJ11,HGNC:6257,Uncertain significance,0,"Apr 08, 2024",-1,-,RCV005050058,"Human Phenotype Ontology:HP:0005965,Human Phenotype Ontology:HP:0005978,Human Phenotype Ontology:HP:0100652,MONDO:MONDO:0005148,MeSH:D003924,MedGen:C0011860,OMIM:125853;MONDO:MONDO:0012522,MedGen:C1864623,OMIM:610582,Orphanet:99886;MONDO:MONDO:0011153,MedGen:C2931833,OMIM:601820,Orphanet:276580,Orphanet:276603;MONDO:MONDO:0030087,MedGen:C5394296,OMIM:618856;MONDO:MONDO:0014589,MedGen:C4225365,OMIM:616329,Orphanet:552","Type 2 diabetes mellitus;Diabetes mellitus, transient neonatal, 3;Hyperinsulinemic hypoglycemia, familial, 2;Diabetes mellitus, permanent neonatal 2;Maturity-onset diabetes of the young type 13",germline,germline,GRCh38,NC_000011.10,11,17387464,17387464,na,na,11p15.1,"criteria provided, single submitter",1,-,N,-,2,3599285,17387464,T,C,-,-,-,-,-,-,SCV005676619,-,-
3723861,single nucleotide variant,NM_000525.4(KCNJ11):c.325C>T (p.Pro109Ser),3767,KCNJ11,HGNC:6257,Uncertain significance,0,"Mar 26, 2024",-1,-,RCV005050059,"Human Phenotype Ontology:HP:0005965,Human Phenotype Ontology:HP:0005978,Human Phenotype Ontology:HP:0100652,MONDO:MONDO:0005148,MeSH:D003924,MedGen:C0011860,OMIM:125853;MONDO:MONDO:0012522,MedGen:C1864623,OMIM:610582,Orphanet:99886;MONDO:MONDO:0011153,MedGen:C2931833,OMIM:601820,Orphanet:276580,Orphanet:276603;MONDO:MONDO:0030087,MedGen:C5394296,OMIM:618856;MONDO:MONDO:0014589,MedGen:C4225365,OMIM:616329,Orphanet:552","Type 2 diabetes mellitus;Diabetes mellitus, transient neonatal, 3;Hyperinsulinemic hypoglycemia, familial, 2;Diabetes mellitus, permanent neonatal 2;Maturity-onset diabetes of the young type 13",germline,germline,GRCh37,NC_000011.9,11,17409314,17409314,na,na,11p15.1,"criteria provided, single submitter",1,-,N,-,2,3599286,17409314,G,A,-,-,-,-,-,-,SCV005676626,-,-
3723861,single nucleotide variant,NM_000525.4(KCNJ11):c.325C>T (p.Pro109Ser),3767,KCNJ11,HGNC:6257,Uncertain significance,0,"Mar 26, 2024",-1,-,RCV005050059,"Human Phenotype Ontology:HP:0005965,Human Phenotype Ontology:HP:0005978,Human Phenotype Ontology:HP:0100652,MONDO:MONDO:0005148,MeSH:D003924,MedGen:C0011860,OMIM:125853;MONDO:MONDO:0012522,MedGen:C1864623,OMIM:610582,Orphanet:99886;MONDO:MONDO:0011153,MedGen:C2931833,OMIM:601820,Orphanet:276580,Orphanet:276603;MONDO:MONDO:0030087,MedGen:C5394296,OMIM:618856;MONDO:MONDO:0014589,MedGen:C4225365,OMIM:616329,Orphanet:552","Type 2 diabetes mellitus;Diabetes mellitus, transient neonatal, 3;Hyperinsulinemic hypoglycemia, familial, 2;Diabetes mellitus, permanent neonatal 2;Maturity-onset diabetes of the young type 13",germline,germline,GRCh38,NC_000011.10,11,17387767,17387767,na,na,11p15.1,"criteria provided, single submitter",1,-,N,-,2,3599286,17387767,G,A,-,-,-,-,-,-,SCV005676626,-,-
3723862,single nucleotide variant,NM_000525.4(KCNJ11):c.293G>A (p.Gly98Asp),3767,KCNJ11,HGNC:6257,Uncertain significance,0,"Jan 29, 2024",-1,-,RCV005046511,"Human Phenotype Ontology:HP:0005965,Human Phenotype Ontology:HP:0005978,Human Phenotype Ontology:HP:0100652,MONDO:MONDO:0005148,MeSH:D003924,MedGen:C0011860,OMIM:125853;MONDO:MONDO:0012522,MedGen:C1864623,OMIM:610582,Orphanet:99886;MONDO:MONDO:0011153,MedGen:C2931833,OMIM:601820,Orphanet:276580,Orphanet:276603;MONDO:MONDO:0030087,MedGen:C5394296,OMIM:618856;MONDO:MONDO:0014589,MedGen:C4225365,OMIM:616329,Orphanet:552","Type 2 diabetes mellitus;Diabetes mellitus, transient neonatal, 3;Hyperinsulinemic hypoglycemia, familial, 2;Diabetes mellitus, permanent neonatal 2;Maturity-onset diabetes of the young type 13",germline,germline,GRCh37,NC_000011.9,11,17409346,17409346,na,na,11p15.1,"criteria provided, single submitter",1,-,N,-,2,3599287,17409346,C,T,-,-,-,-,-,-,SCV005676628,-,-
3723862,single nucleotide variant,NM_000525.4(KCNJ11):c.293G>A (p.Gly98Asp),3767,KCNJ11,HGNC:6257,Uncertain significance,0,"Jan 29, 2024",-1,-,RCV005046511,"Human Phenotype Ontology:HP:0005965,Human Phenotype Ontology:HP:0005978,Human Phenotype Ontology:HP:0100652,MONDO:MONDO:0005148,MeSH:D003924,MedGen:C0011860,OMIM:125853;MONDO:MONDO:0012522,MedGen:C1864623,OMIM:610582,Orphanet:99886;MONDO:MONDO:0011153,MedGen:C2931833,OMIM:601820,Orphanet:276580,Orphanet:276603;MONDO:MONDO:0030087,MedGen:C5394296,OMIM:618856;MONDO:MONDO:0014589,MedGen:C4225365,OMIM:616329,Orphanet:552","Type 2 diabetes mellitus;Diabetes mellitus, transient neonatal, 3;Hyperinsulinemic hypoglycemia, familial, 2;Diabetes mellitus, permanent neonatal 2;Maturity-onset diabetes of the young type 13",germline,germline,GRCh38,NC_000011.10,11,17387799,17387799,na,na,11p15.1,"criteria provided, single submitter",1,-,N,-,2,3599287,17387799,C,T,-,-,-,-,-,-,SCV005676628,-,-
3723863,single nucleotide variant,NM_000525.4(KCNJ11):c.224T>A (p.Phe75Tyr),3767,KCNJ11,HGNC:6257,Uncertain significance,0,"Jan 26, 2024",-1,-,RCV005046512,"Human Phenotype Ontology:HP:0005965,Human Phenotype Ontology:HP:0005978,Human Phenotype Ontology:HP:0100652,MONDO:MONDO:0005148,MeSH:D003924,MedGen:C0011860,OMIM:125853;MONDO:MONDO:0012522,MedGen:C1864623,OMIM:610582,Orphanet:99886;MONDO:MONDO:0011153,MedGen:C2931833,OMIM:601820,Orphanet:276580,Orphanet:276603;MONDO:MONDO:0030087,MedGen:C5394296,OMIM:618856;MONDO:MONDO:0014589,MedGen:C4225365,OMIM:616329,Orphanet:552","Type 2 diabetes mellitus;Diabetes mellitus, transient neonatal, 3;Hyperinsulinemic hypoglycemia, familial, 2;Diabetes mellitus, permanent neonatal 2;Maturity-onset diabetes of the young type 13",germline,germline,GRCh37,NC_000011.9,11,17409415,17409415,na,na,11p15.1,"criteria provided, single submitter",1,-,N,-,2,3599288,17409415,A,T,-,-,-,-,-,-,SCV005676629,-,-
3723863,single nucleotide variant,NM_000525.4(KCNJ11):c.224T>A (p.Phe75Tyr),3767,KCNJ11,HGNC:6257,Uncertain significance,0,"Jan 26, 2024",-1,-,RCV005046512,"Human Phenotype Ontology:HP:0005965,Human Phenotype Ontology:HP:0005978,Human Phenotype Ontology:HP:0100652,MONDO:MONDO:0005148,MeSH:D003924,MedGen:C0011860,OMIM:125853;MONDO:MONDO:0012522,MedGen:C1864623,OMIM:610582,Orphanet:99886;MONDO:MONDO:0011153,MedGen:C2931833,OMIM:601820,Orphanet:276580,Orphanet:276603;MONDO:MONDO:0030087,MedGen:C5394296,OMIM:618856;MONDO:MONDO:0014589,MedGen:C4225365,OMIM:616329,Orphanet:552","Type 2 diabetes mellitus;Diabetes mellitus, transient neonatal, 3;Hyperinsulinemic hypoglycemia, familial, 2;Diabetes mellitus, permanent neonatal 2;Maturity-onset diabetes of the young type 13",germline,germline,GRCh38,NC_000011.10,11,17387868,17387868,na,na,11p15.1,"criteria provided, single submitter",1,-,N,-,2,3599288,17387868,A,T,-,-,-,-,-,-,SCV005676629,-,-
3723865,single nucleotide variant,NM_000525.4(KCNJ11):c.190G>T (p.Val64Leu),3767,KCNJ11,HGNC:6257,Uncertain significance,0,"Oct 10, 2025",-1,-,RCV005046513|RCV006454587|RCV006489323,"Human Phenotype Ontology:HP:0005965,Human Phenotype Ontology:HP:0005978,Human Phenotype Ontology:HP:0100652,MONDO:MONDO:0005148,MeSH:D003924,MedGen:C0011860,OMIM:125853;MONDO:MONDO:0012522,MedGen:C1864623,OMIM:610582,Orphanet:99886;MONDO:MONDO:0011153,MedGen:C2931833,OMIM:601820,Orphanet:276580,Orphanet:276603;MONDO:MONDO:0030087,MedGen:C5394296,OMIM:618856;MONDO:MONDO:0014589,MedGen:C4225365,OMIM:616329,Orphanet:552|MedGen:CN169374|MedGen:C3661900","Type 2 diabetes mellitus;Diabetes mellitus, transient neonatal, 3;Hyperinsulinemic hypoglycemia, familial, 2;Diabetes mellitus, permanent neonatal 2;Maturity-onset diabetes of the young type 13|not specified|not provided",germline,germline,GRCh37,NC_000011.9,11,17409449,17409449,na,na,11p15.1,"criteria provided, multiple submitters, no conflicts",3,-,N,-,2,3599289,17409449,C,A,-,-,-,-,-,-,SCV005676631|SCV007335699|SCV007385328,-,-
3723865,single nucleotide variant,NM_000525.4(KCNJ11):c.190G>T (p.Val64Leu),3767,KCNJ11,HGNC:6257,Uncertain significance,0,"Oct 10, 2025",-1,-,RCV005046513|RCV006454587|RCV006489323,"Human Phenotype Ontology:HP:0005965,Human Phenotype Ontology:HP:0005978,Human Phenotype Ontology:HP:0100652,MONDO:MONDO:0005148,MeSH:D003924,MedGen:C0011860,OMIM:125853;MONDO:MONDO:0012522,MedGen:C1864623,OMIM:610582,Orphanet:99886;MONDO:MONDO:0011153,MedGen:C2931833,OMIM:601820,Orphanet:276580,Orphanet:276603;MONDO:MONDO:0030087,MedGen:C5394296,OMIM:618856;MONDO:MONDO:0014589,MedGen:C4225365,OMIM:616329,Orphanet:552|MedGen:CN169374|MedGen:C3661900","Type 2 diabetes mellitus;Diabetes mellitus, transient neonatal, 3;Hyperinsulinemic hypoglycemia, familial, 2;Diabetes mellitus, permanent neonatal 2;Maturity-onset diabetes of the young type 13|not specified|not provided",germline,germline,GRCh38,NC_000011.10,11,17387902,17387902,na,na,11p15.1,"criteria provided, multiple submitters, no conflicts",3,-,N,-,2,3599289,17387902,C,A,-,-,-,-,-,-,SCV005676631|SCV007335699|SCV007385328,-,-
3723866,single nucleotide variant,NM_000525.4(KCNJ11):c.110C>G (p.Ser37Cys),3767,KCNJ11,HGNC:6257,Uncertain significance,0,"Apr 08, 2024",-1,-,RCV005046514,"Human Phenotype Ontology:HP:0005965,Human Phenotype Ontology:HP:0005978,Human Phenotype Ontology:HP:0100652,MONDO:MONDO:0005148,MeSH:D003924,MedGen:C0011860,OMIM:125853;MONDO:MONDO:0012522,MedGen:C1864623,OMIM:610582,Orphanet:99886;MONDO:MONDO:0011153,MedGen:C2931833,OMIM:601820,Orphanet:276580,Orphanet:276603;MONDO:MONDO:0030087,MedGen:C5394296,OMIM:618856;MONDO:MONDO:0014589,MedGen:C4225365,OMIM:616329,Orphanet:552","Type 2 diabetes mellitus;Diabetes mellitus, transient neonatal, 3;Hyperinsulinemic hypoglycemia, familial, 2;Diabetes mellitus, permanent neonatal 2;Maturity-onset diabetes of the young type 13",germline,germline,GRCh37,NC_000011.9,11,17409529,17409529,na,na,11p15.1,"criteria provided, single submitter",1,-,N,-,2,3599290,17409529,G,C,-,-,-,-,-,-,SCV005676634,-,-
3723866,single nucleotide variant,NM_000525.4(KCNJ11):c.110C>G (p.Ser37Cys),3767,KCNJ11,HGNC:6257,Uncertain significance,0,"Apr 08, 2024",-1,-,RCV005046514,"Human Phenotype Ontology:HP:0005965,Human Phenotype Ontology:HP:0005978,Human Phenotype Ontology:HP:0100652,MONDO:MONDO:0005148,MeSH:D003924,MedGen:C0011860,OMIM:125853;MONDO:MONDO:0012522,MedGen:C1864623,OMIM:610582,Orphanet:99886;MONDO:MONDO:0011153,MedGen:C2931833,OMIM:601820,Orphanet:276580,Orphanet:276603;MONDO:MONDO:0030087,MedGen:C5394296,OMIM:618856;MONDO:MONDO:0014589,MedGen:C4225365,OMIM:616329,Orphanet:552","Type 2 diabetes mellitus;Diabetes mellitus, transient neonatal, 3;Hyperinsulinemic hypoglycemia, familial, 2;Diabetes mellitus, permanent neonatal 2;Maturity-onset diabetes of the young type 13",germline,germline,GRCh38,NC_000011.10,11,17387982,17387982,na,na,11p15.1,"criteria provided, single submitter",1,-,N,-,2,3599290,17387982,G,C,-,-,-,-,-,-,SCV005676634,-,-
3723867,single nucleotide variant,NM_000525.4(KCNJ11):c.65C>T (p.Ala22Val),3767,KCNJ11,HGNC:6257,Uncertain significance,0,"Feb 20, 2024",-1,-,RCV005046516,"Human Phenotype Ontology:HP:0005965,Human Phenotype Ontology:HP:0005978,Human Phenotype Ontology:HP:0100652,MONDO:MONDO:0005148,MeSH:D003924,MedGen:C0011860,OMIM:125853;MONDO:MONDO:0012522,MedGen:C1864623,OMIM:610582,Orphanet:99886;MONDO:MONDO:0011153,MedGen:C2931833,OMIM:601820,Orphanet:276580,Orphanet:276603;MONDO:MONDO:0030087,MedGen:C5394296,OMIM:618856;MONDO:MONDO:0014589,MedGen:C4225365,OMIM:616329,Orphanet:552","Type 2 diabetes mellitus;Diabetes mellitus, transient neonatal, 3;Hyperinsulinemic hypoglycemia, familial, 2;Diabetes mellitus, permanent neonatal 2;Maturity-onset diabetes of the young type 13",germline,germline,GRCh37,NC_000011.9,11,17409574,17409574,na,na,11p15.1,"criteria provided, single submitter",1,-,N,-,2,3599292,17409574,G,A,-,-,-,-,-,-,SCV005676638,-,-
3723867,single nucleotide variant,NM_000525.4(KCNJ11):c.65C>T (p.Ala22Val),3767,KCNJ11,HGNC:6257,Uncertain significance,0,"Feb 20, 2024",-1,-,RCV005046516,"Human Phenotype Ontology:HP:0005965,Human Phenotype Ontology:HP:0005978,Human Phenotype Ontology:HP:0100652,MONDO:MONDO:0005148,MeSH:D003924,MedGen:C0011860,OMIM:125853;MONDO:MONDO:0012522,MedGen:C1864623,OMIM:610582,Orphanet:99886;MONDO:MONDO:0011153,MedGen:C2931833,OMIM:601820,Orphanet:276580,Orphanet:276603;MONDO:MONDO:0030087,MedGen:C5394296,OMIM:618856;MONDO:MONDO:0014589,MedGen:C4225365,OMIM:616329,Orphanet:552","Type 2 diabetes mellitus;Diabetes mellitus, transient neonatal, 3;Hyperinsulinemic hypoglycemia, familial, 2;Diabetes mellitus, permanent neonatal 2;Maturity-onset diabetes of the young type 13",germline,germline,GRCh38,NC_000011.10,11,17388027,17388027,na,na,11p15.1,"criteria provided, single submitter",1,-,N,-,2,3599292,17388027,G,A,-,-,-,-,-,-,SCV005676638,-,-
3723868,single nucleotide variant,NM_000525.4(KCNJ11):c.62C>T (p.Pro21Leu),3767,KCNJ11,HGNC:6257,Conflicting classifications of pathogenicity,0,"Feb 02, 2026",-1,-,RCV005050060|RCV006455064,"Human Phenotype Ontology:HP:0005965,Human Phenotype Ontology:HP:0005978,Human Phenotype Ontology:HP:0100652,MONDO:MONDO:0005148,MeSH:D003924,MedGen:C0011860,OMIM:125853;MONDO:MONDO:0012522,MedGen:C1864623,OMIM:610582,Orphanet:99886;MONDO:MONDO:0011153,MedGen:C2931833,OMIM:601820,Orphanet:276580,Orphanet:276603;MONDO:MONDO:0030087,MedGen:C5394296,OMIM:618856;MONDO:MONDO:0014589,MedGen:C4225365,OMIM:616329,Orphanet:552|MONDO:MONDO:0011153,MedGen:C2931833,OMIM:601820,Orphanet:276580,Orphanet:276603","Type 2 diabetes mellitus;Diabetes mellitus, transient neonatal, 3;Hyperinsulinemic hypoglycemia, familial, 2;Diabetes mellitus, permanent neonatal 2;Maturity-onset diabetes of the young type 13|Hyperinsulinemic hypoglycemia, familial, 2",germline,germline,GRCh37,NC_000011.9,11,17409577,17409577,na,na,11p15.1,"criteria provided, conflicting classifications",2,-,N,-,2,3599293,17409577,G,A,-,-,-,-,-,-,SCV005676639|SCV007338567,-,-
3723868,single nucleotide variant,NM_000525.4(KCNJ11):c.62C>T (p.Pro21Leu),3767,KCNJ11,HGNC:6257,Conflicting classifications of pathogenicity,0,"Feb 02, 2026",-1,-,RCV005050060|RCV006455064,"Human Phenotype Ontology:HP:0005965,Human Phenotype Ontology:HP:0005978,Human Phenotype Ontology:HP:0100652,MONDO:MONDO:0005148,MeSH:D003924,MedGen:C0011860,OMIM:125853;MONDO:MONDO:0012522,MedGen:C1864623,OMIM:610582,Orphanet:99886;MONDO:MONDO:0011153,MedGen:C2931833,OMIM:601820,Orphanet:276580,Orphanet:276603;MONDO:MONDO:0030087,MedGen:C5394296,OMIM:618856;MONDO:MONDO:0014589,MedGen:C4225365,OMIM:616329,Orphanet:552|MONDO:MONDO:0011153,MedGen:C2931833,OMIM:601820,Orphanet:276580,Orphanet:276603","Type 2 diabetes mellitus;Diabetes mellitus, transient neonatal, 3;Hyperinsulinemic hypoglycemia, familial, 2;Diabetes mellitus, permanent neonatal 2;Maturity-onset diabetes of the young type 13|Hyperinsulinemic hypoglycemia, familial, 2",germline,germline,GRCh38,NC_000011.10,11,17388030,17388030,na,na,11p15.1,"criteria provided, conflicting classifications",2,-,N,-,2,3599293,17388030,G,A,-,-,-,-,-,-,SCV005676639|SCV007338567,-,-
3723869,single nucleotide variant,NM_000525.4(KCNJ11):c.46C>T (p.Arg16Cys),3767,KCNJ11,HGNC:6257,Uncertain significance,0,"Feb 16, 2024",-1,-,RCV005046517,"Human Phenotype Ontology:HP:0005965,Human Phenotype Ontology:HP:0005978,Human Phenotype Ontology:HP:0100652,MONDO:MONDO:0005148,MeSH:D003924,MedGen:C0011860,OMIM:125853;MONDO:MONDO:0012522,MedGen:C1864623,OMIM:610582,Orphanet:99886;MONDO:MONDO:0011153,MedGen:C2931833,OMIM:601820,Orphanet:276580,Orphanet:276603;MONDO:MONDO:0030087,MedGen:C5394296,OMIM:618856;MONDO:MONDO:0014589,MedGen:C4225365,OMIM:616329,Orphanet:552","Type 2 diabetes mellitus;Diabetes mellitus, transient neonatal, 3;Hyperinsulinemic hypoglycemia, familial, 2;Diabetes mellitus, permanent neonatal 2;Maturity-onset diabetes of the young type 13",germline,germline,GRCh37,NC_000011.9,11,17409593,17409593,na,na,11p15.1,"criteria provided, single submitter",1,-,N,-,2,3599294,17409593,G,A,-,-,-,-,-,-,SCV005676641,-,-
3723869,single nucleotide variant,NM_000525.4(KCNJ11):c.46C>T (p.Arg16Cys),3767,KCNJ11,HGNC:6257,Uncertain significance,0,"Feb 16, 2024",-1,-,RCV005046517,"Human Phenotype Ontology:HP:0005965,Human Phenotype Ontology:HP:0005978,Human Phenotype Ontology:HP:0100652,MONDO:MONDO:0005148,MeSH:D003924,MedGen:C0011860,OMIM:125853;MONDO:MONDO:0012522,MedGen:C1864623,OMIM:610582,Orphanet:99886;MONDO:MONDO:0011153,MedGen:C2931833,OMIM:601820,Orphanet:276580,Orphanet:276603;MONDO:MONDO:0030087,MedGen:C5394296,OMIM:618856;MONDO:MONDO:0014589,MedGen:C4225365,OMIM:616329,Orphanet:552","Type 2 diabetes mellitus;Diabetes mellitus, transient neonatal, 3;Hyperinsulinemic hypoglycemia, familial, 2;Diabetes mellitus, permanent neonatal 2;Maturity-onset diabetes of the young type 13",germline,germline,GRCh38,NC_000011.10,11,17388046,17388046,na,na,11p15.1,"criteria provided, single submitter",1,-,N,-,2,3599294,17388046,G,A,-,-,-,-,-,-,SCV005676641,-,-
3723870,single nucleotide variant,NM_000352.6(ABCC8):c.4702C>T (p.Arg1568Trp),6833,ABCC8,HGNC:59,Uncertain significance,0,"May 28, 2024",-1,-,RCV005046518,"MONDO:MONDO:0009415,MedGen:C0271714,OMIM:240800;MONDO:MONDO:0030088,MedGen:C5394303,OMIM:618857;MONDO:MONDO:0012480,MedGen:C1835887,OMIM:610374,Orphanet:99886;Human Phenotype Ontology:HP:0005965,Human Phenotype Ontology:HP:0005978,Human Phenotype Ontology:HP:0100652,MONDO:MONDO:0005148,MeSH:D003924,MedGen:C0011860,OMIM:125853;MONDO:MONDO:0009734,MedGen:C2931832,OMIM:256450,Orphanet:276575,Orphanet:276598","Leucine-induced hypoglycemia;Diabetes mellitus, permanent neonatal 3;Diabetes mellitus, transient neonatal, 2;Type 2 diabetes mellitus;Hyperinsulinemic hypoglycemia, familial, 1",germline,germline,GRCh37,NC_000011.9,11,17414582,17414582,na,na,11p15.1,"criteria provided, single submitter",1,-,N,-,2,3599295,17414582,G,A,-,-,-,-,-,-,SCV005676643,-,-
3723870,single nucleotide variant,NM_000352.6(ABCC8):c.4702C>T (p.Arg1568Trp),6833,ABCC8,HGNC:59,Uncertain significance,0,"May 28, 2024",-1,-,RCV005046518,"MONDO:MONDO:0009415,MedGen:C0271714,OMIM:240800;MONDO:MONDO:0030088,MedGen:C5394303,OMIM:618857;MONDO:MONDO:0012480,MedGen:C1835887,OMIM:610374,Orphanet:99886;Human Phenotype Ontology:HP:0005965,Human Phenotype Ontology:HP:0005978,Human Phenotype Ontology:HP:0100652,MONDO:MONDO:0005148,MeSH:D003924,MedGen:C0011860,OMIM:125853;MONDO:MONDO:0009734,MedGen:C2931832,OMIM:256450,Orphanet:276575,Orphanet:276598","Leucine-induced hypoglycemia;Diabetes mellitus, permanent neonatal 3;Diabetes mellitus, transient neonatal, 2;Type 2 diabetes mellitus;Hyperinsulinemic hypoglycemia, familial, 1",germline,germline,GRCh38,NC_000011.10,11,17393035,17393035,na,na,11p15.1,"criteria provided, single submitter",1,-,N,-,2,3599295,17393035,G,A,-,-,-,-,-,-,SCV005676643,-,-
3723872,Deletion,NM_000352.6(ABCC8):c.4565del (p.Val1522fs),6833,ABCC8,HGNC:59,Likely pathogenic,1,"Feb 05, 2024",-1,-,RCV005046519,"MONDO:MONDO:0009415,MedGen:C0271714,OMIM:240800;MONDO:MONDO:0030088,MedGen:C5394303,OMIM:618857;MONDO:MONDO:0012480,MedGen:C1835887,OMIM:610374,Orphanet:99886;Human Phenotype Ontology:HP:0005965,Human Phenotype Ontology:HP:0005978,Human Phenotype Ontology:HP:0100652,MONDO:MONDO:0005148,MeSH:D003924,MedGen:C0011860,OMIM:125853;MONDO:MONDO:0009734,MedGen:C2931832,OMIM:256450,Orphanet:276575,Orphanet:276598","Leucine-induced hypoglycemia;Diabetes mellitus, permanent neonatal 3;Diabetes mellitus, transient neonatal, 2;Type 2 diabetes mellitus;Hyperinsulinemic hypoglycemia, familial, 1",germline,germline,GRCh37,NC_000011.9,11,17415287,17415287,na,na,11p15.1,"criteria provided, single submitter",1,-,N,-,2,3599297,17415286,CA,C,-,-,-,-,-,-,SCV005676651,-,-
3723872,Deletion,NM_000352.6(ABCC8):c.4565del (p.Val1522fs),6833,ABCC8,HGNC:59,Likely pathogenic,1,"Feb 05, 2024",-1,-,RCV005046519,"MONDO:MONDO:0009415,MedGen:C0271714,OMIM:240800;MONDO:MONDO:0030088,MedGen:C5394303,OMIM:618857;MONDO:MONDO:0012480,MedGen:C1835887,OMIM:610374,Orphanet:99886;Human Phenotype Ontology:HP:0005965,Human Phenotype Ontology:HP:0005978,Human Phenotype Ontology:HP:0100652,MONDO:MONDO:0005148,MeSH:D003924,MedGen:C0011860,OMIM:125853;MONDO:MONDO:0009734,MedGen:C2931832,OMIM:256450,Orphanet:276575,Orphanet:276598","Leucine-induced hypoglycemia;Diabetes mellitus, permanent neonatal 3;Diabetes mellitus, transient neonatal, 2;Type 2 diabetes mellitus;Hyperinsulinemic hypoglycemia, familial, 1",germline,germline,GRCh38,NC_000011.10,11,17393740,17393740,na,na,11p15.1,"criteria provided, single submitter",1,-,N,-,2,3599297,17393739,CA,C,-,-,-,-,-,-,SCV005676651,-,-
3723873,single nucleotide variant,NM_000352.6(ABCC8):c.4456A>G (p.Arg1486Gly),6833,ABCC8,HGNC:59,Uncertain significance,0,"Feb 08, 2024",-1,-,RCV005046520,"MONDO:MONDO:0009415,MedGen:C0271714,OMIM:240800;MONDO:MONDO:0030088,MedGen:C5394303,OMIM:618857;MONDO:MONDO:0012480,MedGen:C1835887,OMIM:610374,Orphanet:99886;Human Phenotype Ontology:HP:0005965,Human Phenotype Ontology:HP:0005978,Human Phenotype Ontology:HP:0100652,MONDO:MONDO:0005148,MeSH:D003924,MedGen:C0011860,OMIM:125853;MONDO:MONDO:0009734,MedGen:C2931832,OMIM:256450,Orphanet:276575,Orphanet:276598","Leucine-induced hypoglycemia;Diabetes mellitus, permanent neonatal 3;Diabetes mellitus, transient neonatal, 2;Type 2 diabetes mellitus;Hyperinsulinemic hypoglycemia, familial, 1",germline,germline,GRCh37,NC_000011.9,11,17415902,17415902,na,na,11p15.1,"criteria provided, single submitter",1,-,N,-,2,3599298,17415902,T,C,-,-,-,-,-,-,SCV005676655,-,-
3723873,single nucleotide variant,NM_000352.6(ABCC8):c.4456A>G (p.Arg1486Gly),6833,ABCC8,HGNC:59,Uncertain significance,0,"Feb 08, 2024",-1,-,RCV005046520,"MONDO:MONDO:0009415,MedGen:C0271714,OMIM:240800;MONDO:MONDO:0030088,MedGen:C5394303,OMIM:618857;MONDO:MONDO:0012480,MedGen:C1835887,OMIM:610374,Orphanet:99886;Human Phenotype Ontology:HP:0005965,Human Phenotype Ontology:HP:0005978,Human Phenotype Ontology:HP:0100652,MONDO:MONDO:0005148,MeSH:D003924,MedGen:C0011860,OMIM:125853;MONDO:MONDO:0009734,MedGen:C2931832,OMIM:256450,Orphanet:276575,Orphanet:276598","Leucine-induced hypoglycemia;Diabetes mellitus, permanent neonatal 3;Diabetes mellitus, transient neonatal, 2;Type 2 diabetes mellitus;Hyperinsulinemic hypoglycemia, familial, 1",germline,germline,GRCh38,NC_000011.10,11,17394355,17394355,na,na,11p15.1,"criteria provided, single submitter",1,-,N,-,2,3599298,17394355,T,C,-,-,-,-,-,-,SCV005676655,-,-
3723874,single nucleotide variant,NM_000352.6(ABCC8):c.4411+18T>G,6833,ABCC8,HGNC:59,Uncertain significance,0,"Mar 10, 2024",-1,-,RCV005046521,"MONDO:MONDO:0009415,MedGen:C0271714,OMIM:240800;MONDO:MONDO:0030088,MedGen:C5394303,OMIM:618857;MONDO:MONDO:0012480,MedGen:C1835887,OMIM:610374,Orphanet:99886;Human Phenotype Ontology:HP:0005965,Human Phenotype Ontology:HP:0005978,Human Phenotype Ontology:HP:0100652,MONDO:MONDO:0005148,MeSH:D003924,MedGen:C0011860,OMIM:125853;MONDO:MONDO:0009734,MedGen:C2931832,OMIM:256450,Orphanet:276575,Orphanet:276598","Leucine-induced hypoglycemia;Diabetes mellitus, permanent neonatal 3;Diabetes mellitus, transient neonatal, 2;Type 2 diabetes mellitus;Hyperinsulinemic hypoglycemia, familial, 1",germline,germline,GRCh37,NC_000011.9,11,17416701,17416701,na,na,11p15.1,"criteria provided, single submitter",1,-,N,-,2,3599299,17416701,A,C,-,-,-,-,-,-,SCV005676656,-,-
3723874,single nucleotide variant,NM_000352.6(ABCC8):c.4411+18T>G,6833,ABCC8,HGNC:59,Uncertain significance,0,"Mar 10, 2024",-1,-,RCV005046521,"MONDO:MONDO:0009415,MedGen:C0271714,OMIM:240800;MONDO:MONDO:0030088,MedGen:C5394303,OMIM:618857;MONDO:MONDO:0012480,MedGen:C1835887,OMIM:610374,Orphanet:99886;Human Phenotype Ontology:HP:0005965,Human Phenotype Ontology:HP:0005978,Human Phenotype Ontology:HP:0100652,MONDO:MONDO:0005148,MeSH:D003924,MedGen:C0011860,OMIM:125853;MONDO:MONDO:0009734,MedGen:C2931832,OMIM:256450,Orphanet:276575,Orphanet:276598","Leucine-induced hypoglycemia;Diabetes mellitus, permanent neonatal 3;Diabetes mellitus, transient neonatal, 2;Type 2 diabetes mellitus;Hyperinsulinemic hypoglycemia, familial, 1",germline,germline,GRCh38,NC_000011.10,11,17395154,17395154,na,na,11p15.1,"criteria provided, single submitter",1,-,N,-,2,3599299,17395154,A,C,-,-,-,-,-,-,SCV005676656,-,-
3723875,single nucleotide variant,NM_000352.6(ABCC8):c.4357G>A (p.Ala1453Thr),6833,ABCC8,HGNC:59,Uncertain significance,0,"Dec 27, 2023",-1,-,RCV005046523,"MONDO:MONDO:0009415,MedGen:C0271714,OMIM:240800;MONDO:MONDO:0030088,MedGen:C5394303,OMIM:618857;MONDO:MONDO:0012480,MedGen:C1835887,OMIM:610374,Orphanet:99886;Human Phenotype Ontology:HP:0005965,Human Phenotype Ontology:HP:0005978,Human Phenotype Ontology:HP:0100652,MONDO:MONDO:0005148,MeSH:D003924,MedGen:C0011860,OMIM:125853;MONDO:MONDO:0009734,MedGen:C2931832,OMIM:256450,Orphanet:276575,Orphanet:276598","Leucine-induced hypoglycemia;Diabetes mellitus, permanent neonatal 3;Diabetes mellitus, transient neonatal, 2;Type 2 diabetes mellitus;Hyperinsulinemic hypoglycemia, familial, 1",germline,germline,GRCh37,NC_000011.9,11,17416773,17416773,na,na,11p15.1,"criteria provided, single submitter",1,-,N,-,2,3599301,17416773,C,T,-,-,-,-,-,-,SCV005676659,-,-
3723875,single nucleotide variant,NM_000352.6(ABCC8):c.4357G>A (p.Ala1453Thr),6833,ABCC8,HGNC:59,Uncertain significance,0,"Dec 27, 2023",-1,-,RCV005046523,"MONDO:MONDO:0009415,MedGen:C0271714,OMIM:240800;MONDO:MONDO:0030088,MedGen:C5394303,OMIM:618857;MONDO:MONDO:0012480,MedGen:C1835887,OMIM:610374,Orphanet:99886;Human Phenotype Ontology:HP:0005965,Human Phenotype Ontology:HP:0005978,Human Phenotype Ontology:HP:0100652,MONDO:MONDO:0005148,MeSH:D003924,MedGen:C0011860,OMIM:125853;MONDO:MONDO:0009734,MedGen:C2931832,OMIM:256450,Orphanet:276575,Orphanet:276598","Leucine-induced hypoglycemia;Diabetes mellitus, permanent neonatal 3;Diabetes mellitus, transient neonatal, 2;Type 2 diabetes mellitus;Hyperinsulinemic hypoglycemia, familial, 1",germline,germline,GRCh38,NC_000011.10,11,17395226,17395226,na,na,11p15.1,"criteria provided, single submitter",1,-,N,-,2,3599301,17395226,C,T,-,-,-,-,-,-,SCV005676659,-,-
3723876,single nucleotide variant,NM_000352.6(ABCC8):c.4345A>C (p.Thr1449Pro),6833,ABCC8,HGNC:59,Uncertain significance,0,"Jan 07, 2024",-1,-,RCV005046524,"MONDO:MONDO:0009415,MedGen:C0271714,OMIM:240800;MONDO:MONDO:0030088,MedGen:C5394303,OMIM:618857;MONDO:MONDO:0012480,MedGen:C1835887,OMIM:610374,Orphanet:99886;Human Phenotype Ontology:HP:0005965,Human Phenotype Ontology:HP:0005978,Human Phenotype Ontology:HP:0100652,MONDO:MONDO:0005148,MeSH:D003924,MedGen:C0011860,OMIM:125853;MONDO:MONDO:0009734,MedGen:C2931832,OMIM:256450,Orphanet:276575,Orphanet:276598","Leucine-induced hypoglycemia;Diabetes mellitus, permanent neonatal 3;Diabetes mellitus, transient neonatal, 2;Type 2 diabetes mellitus;Hyperinsulinemic hypoglycemia, familial, 1",germline,germline,GRCh37,NC_000011.9,11,17416785,17416785,na,na,11p15.1,"criteria provided, single submitter",1,-,N,-,2,3599302,17416785,T,G,-,-,-,-,-,-,SCV005676661,-,-
3723876,single nucleotide variant,NM_000352.6(ABCC8):c.4345A>C (p.Thr1449Pro),6833,ABCC8,HGNC:59,Uncertain significance,0,"Jan 07, 2024",-1,-,RCV005046524,"MONDO:MONDO:0009415,MedGen:C0271714,OMIM:240800;MONDO:MONDO:0030088,MedGen:C5394303,OMIM:618857;MONDO:MONDO:0012480,MedGen:C1835887,OMIM:610374,Orphanet:99886;Human Phenotype Ontology:HP:0005965,Human Phenotype Ontology:HP:0005978,Human Phenotype Ontology:HP:0100652,MONDO:MONDO:0005148,MeSH:D003924,MedGen:C0011860,OMIM:125853;MONDO:MONDO:0009734,MedGen:C2931832,OMIM:256450,Orphanet:276575,Orphanet:276598","Leucine-induced hypoglycemia;Diabetes mellitus, permanent neonatal 3;Diabetes mellitus, transient neonatal, 2;Type 2 diabetes mellitus;Hyperinsulinemic hypoglycemia, familial, 1",germline,germline,GRCh38,NC_000011.10,11,17395238,17395238,na,na,11p15.1,"criteria provided, single submitter",1,-,N,-,2,3599302,17395238,T,G,-,-,-,-,-,-,SCV005676661,-,-
3723878,single nucleotide variant,NM_000352.6(ABCC8):c.4326G>C (p.Glu1442Asp),6833,ABCC8,HGNC:59,Uncertain significance,0,"Dec 15, 2025",-1,-,RCV005046525|RCV006489324,"MONDO:MONDO:0009415,MedGen:C0271714,OMIM:240800;MONDO:MONDO:0030088,MedGen:C5394303,OMIM:618857;MONDO:MONDO:0012480,MedGen:C1835887,OMIM:610374,Orphanet:99886;Human Phenotype Ontology:HP:0005965,Human Phenotype Ontology:HP:0005978,Human Phenotype Ontology:HP:0100652,MONDO:MONDO:0005148,MeSH:D003924,MedGen:C0011860,OMIM:125853;MONDO:MONDO:0009734,MedGen:C2931832,OMIM:256450,Orphanet:276575,Orphanet:276598|MedGen:C3661900","Leucine-induced hypoglycemia;Diabetes mellitus, permanent neonatal 3;Diabetes mellitus, transient neonatal, 2;Type 2 diabetes mellitus;Hyperinsulinemic hypoglycemia, familial, 1|not provided",germline,germline,GRCh37,NC_000011.9,11,17416804,17416804,na,na,11p15.1,"criteria provided, multiple submitters, no conflicts",2,-,N,-,2,3599303,17416804,C,G,-,-,-,-,-,-,SCV005676662|SCV007374503,-,-
3723878,single nucleotide variant,NM_000352.6(ABCC8):c.4326G>C (p.Glu1442Asp),6833,ABCC8,HGNC:59,Uncertain significance,0,"Dec 15, 2025",-1,-,RCV005046525|RCV006489324,"MONDO:MONDO:0009415,MedGen:C0271714,OMIM:240800;MONDO:MONDO:0030088,MedGen:C5394303,OMIM:618857;MONDO:MONDO:0012480,MedGen:C1835887,OMIM:610374,Orphanet:99886;Human Phenotype Ontology:HP:0005965,Human Phenotype Ontology:HP:0005978,Human Phenotype Ontology:HP:0100652,MONDO:MONDO:0005148,MeSH:D003924,MedGen:C0011860,OMIM:125853;MONDO:MONDO:0009734,MedGen:C2931832,OMIM:256450,Orphanet:276575,Orphanet:276598|MedGen:C3661900","Leucine-induced hypoglycemia;Diabetes mellitus, permanent neonatal 3;Diabetes mellitus, transient neonatal, 2;Type 2 diabetes mellitus;Hyperinsulinemic hypoglycemia, familial, 1|not provided",germline,germline,GRCh38,NC_000011.10,11,17395257,17395257,na,na,11p15.1,"criteria provided, multiple submitters, no conflicts",2,-,N,-,2,3599303,17395257,C,G,-,-,-,-,-,-,SCV005676662|SCV007374503,-,-
3723879,Deletion,NM_000352.6(ABCC8):c.4283_4290del (p.Pro1428fs),6833,ABCC8,HGNC:59,Pathogenic,1,"May 03, 2024",-1,-,RCV005046526,"MONDO:MONDO:0009415,MedGen:C0271714,OMIM:240800;MONDO:MONDO:0030088,MedGen:C5394303,OMIM:618857;MONDO:MONDO:0012480,MedGen:C1835887,OMIM:610374,Orphanet:99886;Human Phenotype Ontology:HP:0005965,Human Phenotype Ontology:HP:0005978,Human Phenotype Ontology:HP:0100652,MONDO:MONDO:0005148,MeSH:D003924,MedGen:C0011860,OMIM:125853;MONDO:MONDO:0009734,MedGen:C2931832,OMIM:256450,Orphanet:276575,Orphanet:276598","Leucine-induced hypoglycemia;Diabetes mellitus, permanent neonatal 3;Diabetes mellitus, transient neonatal, 2;Type 2 diabetes mellitus;Hyperinsulinemic hypoglycemia, familial, 1",germline,germline,GRCh37,NC_000011.9,11,17417174,17417181,na,na,11p15.1,"criteria provided, single submitter",1,-,N,-,2,3599304,17417173,AGAGGACGG,A,-,-,-,-,-,-,SCV005676663,-,-
3723879,Deletion,NM_000352.6(ABCC8):c.4283_4290del (p.Pro1428fs),6833,ABCC8,HGNC:59,Pathogenic,1,"May 03, 2024",-1,-,RCV005046526,"MONDO:MONDO:0009415,MedGen:C0271714,OMIM:240800;MONDO:MONDO:0030088,MedGen:C5394303,OMIM:618857;MONDO:MONDO:0012480,MedGen:C1835887,OMIM:610374,Orphanet:99886;Human Phenotype Ontology:HP:0005965,Human Phenotype Ontology:HP:0005978,Human Phenotype Ontology:HP:0100652,MONDO:MONDO:0005148,MeSH:D003924,MedGen:C0011860,OMIM:125853;MONDO:MONDO:0009734,MedGen:C2931832,OMIM:256450,Orphanet:276575,Orphanet:276598","Leucine-induced hypoglycemia;Diabetes mellitus, permanent neonatal 3;Diabetes mellitus, transient neonatal, 2;Type 2 diabetes mellitus;Hyperinsulinemic hypoglycemia, familial, 1",germline,germline,GRCh38,NC_000011.10,11,17395627,17395634,na,na,11p15.1,"criteria provided, single submitter",1,-,N,-,2,3599304,17395626,AGAGGACGG,A,-,-,-,-,-,-,SCV005676663,-,-
3723880,single nucleotide variant,NM_000352.6(ABCC8):c.4288C>T (p.Leu1430Phe),6833,ABCC8,HGNC:59,Conflicting classifications of pathogenicity,1,"Jun 10, 2024",-1,-,RCV005046527|RCV005105365,"MONDO:MONDO:0009415,MedGen:C0271714,OMIM:240800;MONDO:MONDO:0030088,MedGen:C5394303,OMIM:618857;MONDO:MONDO:0012480,MedGen:C1835887,OMIM:610374,Orphanet:99886;Human Phenotype Ontology:HP:0005965,Human Phenotype Ontology:HP:0005978,Human Phenotype Ontology:HP:0100652,MONDO:MONDO:0005148,MeSH:D003924,MedGen:C0011860,OMIM:125853;MONDO:MONDO:0009734,MedGen:C2931832,OMIM:256450,Orphanet:276575,Orphanet:276598|MedGen:C3661900","Leucine-induced hypoglycemia;Diabetes mellitus, permanent neonatal 3;Diabetes mellitus, transient neonatal, 2;Type 2 diabetes mellitus;Hyperinsulinemic hypoglycemia, familial, 1|not provided",germline,germline,GRCh37,NC_000011.9,11,17417176,17417176,na,na,11p15.1,"criteria provided, conflicting classifications",2,-,N,-,2,3599305,17417176,G,A,-,-,-,-,-,-,SCV005676664|SCV005835802,-,-
3723880,single nucleotide variant,NM_000352.6(ABCC8):c.4288C>T (p.Leu1430Phe),6833,ABCC8,HGNC:59,Conflicting classifications of pathogenicity,1,"Jun 10, 2024",-1,-,RCV005046527|RCV005105365,"MONDO:MONDO:0009415,MedGen:C0271714,OMIM:240800;MONDO:MONDO:0030088,MedGen:C5394303,OMIM:618857;MONDO:MONDO:0012480,MedGen:C1835887,OMIM:610374,Orphanet:99886;Human Phenotype Ontology:HP:0005965,Human Phenotype Ontology:HP:0005978,Human Phenotype Ontology:HP:0100652,MONDO:MONDO:0005148,MeSH:D003924,MedGen:C0011860,OMIM:125853;MONDO:MONDO:0009734,MedGen:C2931832,OMIM:256450,Orphanet:276575,Orphanet:276598|MedGen:C3661900","Leucine-induced hypoglycemia;Diabetes mellitus, permanent neonatal 3;Diabetes mellitus, transient neonatal, 2;Type 2 diabetes mellitus;Hyperinsulinemic hypoglycemia, familial, 1|not provided",germline,germline,GRCh38,NC_000011.10,11,17395629,17395629,na,na,11p15.1,"criteria provided, conflicting classifications",2,-,N,-,2,3599305,17395629,G,A,-,-,-,-,-,-,SCV005676664|SCV005835802,-,-
3723881,single nucleotide variant,NM_000352.6(ABCC8):c.4198+3G>T,6833,ABCC8,HGNC:59,Uncertain significance,0,"Jun 05, 2024",-1,-,RCV005046529,"MONDO:MONDO:0009415,MedGen:C0271714,OMIM:240800;MONDO:MONDO:0030088,MedGen:C5394303,OMIM:618857;MONDO:MONDO:0012480,MedGen:C1835887,OMIM:610374,Orphanet:99886;Human Phenotype Ontology:HP:0005965,Human Phenotype Ontology:HP:0005978,Human Phenotype Ontology:HP:0100652,MONDO:MONDO:0005148,MeSH:D003924,MedGen:C0011860,OMIM:125853;MONDO:MONDO:0009734,MedGen:C2931832,OMIM:256450,Orphanet:276575,Orphanet:276598","Leucine-induced hypoglycemia;Diabetes mellitus, permanent neonatal 3;Diabetes mellitus, transient neonatal, 2;Type 2 diabetes mellitus;Hyperinsulinemic hypoglycemia, familial, 1",germline,germline,GRCh37,NC_000011.9,11,17417396,17417396,na,na,11p15.1,"criteria provided, single submitter",1,-,N,-,2,3599307,17417396,C,A,-,-,-,-,-,-,SCV005683372,-,-
3723881,single nucleotide variant,NM_000352.6(ABCC8):c.4198+3G>T,6833,ABCC8,HGNC:59,Uncertain significance,0,"Jun 05, 2024",-1,-,RCV005046529,"MONDO:MONDO:0009415,MedGen:C0271714,OMIM:240800;MONDO:MONDO:0030088,MedGen:C5394303,OMIM:618857;MONDO:MONDO:0012480,MedGen:C1835887,OMIM:610374,Orphanet:99886;Human Phenotype Ontology:HP:0005965,Human Phenotype Ontology:HP:0005978,Human Phenotype Ontology:HP:0100652,MONDO:MONDO:0005148,MeSH:D003924,MedGen:C0011860,OMIM:125853;MONDO:MONDO:0009734,MedGen:C2931832,OMIM:256450,Orphanet:276575,Orphanet:276598","Leucine-induced hypoglycemia;Diabetes mellitus, permanent neonatal 3;Diabetes mellitus, transient neonatal, 2;Type 2 diabetes mellitus;Hyperinsulinemic hypoglycemia, familial, 1",germline,germline,GRCh38,NC_000011.10,11,17395849,17395849,na,na,11p15.1,"criteria provided, single submitter",1,-,N,-,2,3599307,17395849,C,A,-,-,-,-,-,-,SCV005683372,-,-
3723883,single nucleotide variant,NM_000352.6(ABCC8):c.4140C>A (p.Thr1380=),6833,ABCC8,HGNC:59,Uncertain significance,0,"May 27, 2024",-1,-,RCV005046530,"MONDO:MONDO:0009415,MedGen:C0271714,OMIM:240800;MONDO:MONDO:0030088,MedGen:C5394303,OMIM:618857;MONDO:MONDO:0012480,MedGen:C1835887,OMIM:610374,Orphanet:99886;Human Phenotype Ontology:HP:0005965,Human Phenotype Ontology:HP:0005978,Human Phenotype Ontology:HP:0100652,MONDO:MONDO:0005148,MeSH:D003924,MedGen:C0011860,OMIM:125853;MONDO:MONDO:0009734,MedGen:C2931832,OMIM:256450,Orphanet:276575,Orphanet:276598","Leucine-induced hypoglycemia;Diabetes mellitus, permanent neonatal 3;Diabetes mellitus, transient neonatal, 2;Type 2 diabetes mellitus;Hyperinsulinemic hypoglycemia, familial, 1",germline,germline,GRCh37,NC_000011.9,11,17417457,17417457,na,na,11p15.1,"criteria provided, single submitter",1,-,N,-,2,3599308,17417457,G,T,-,-,-,-,-,-,SCV005683378,-,-
3723883,single nucleotide variant,NM_000352.6(ABCC8):c.4140C>A (p.Thr1380=),6833,ABCC8,HGNC:59,Uncertain significance,0,"May 27, 2024",-1,-,RCV005046530,"MONDO:MONDO:0009415,MedGen:C0271714,OMIM:240800;MONDO:MONDO:0030088,MedGen:C5394303,OMIM:618857;MONDO:MONDO:0012480,MedGen:C1835887,OMIM:610374,Orphanet:99886;Human Phenotype Ontology:HP:0005965,Human Phenotype Ontology:HP:0005978,Human Phenotype Ontology:HP:0100652,MONDO:MONDO:0005148,MeSH:D003924,MedGen:C0011860,OMIM:125853;MONDO:MONDO:0009734,MedGen:C2931832,OMIM:256450,Orphanet:276575,Orphanet:276598","Leucine-induced hypoglycemia;Diabetes mellitus, permanent neonatal 3;Diabetes mellitus, transient neonatal, 2;Type 2 diabetes mellitus;Hyperinsulinemic hypoglycemia, familial, 1",germline,germline,GRCh38,NC_000011.10,11,17395910,17395910,na,na,11p15.1,"criteria provided, single submitter",1,-,N,-,2,3599308,17395910,G,T,-,-,-,-,-,-,SCV005683378,-,-
3723886,single nucleotide variant,NM_000352.6(ABCC8):c.4089C>G (p.His1363Gln),6833,ABCC8,HGNC:59,Uncertain significance,0,"Jan 07, 2024",-1,-,RCV005046532,"MONDO:MONDO:0009415,MedGen:C0271714,OMIM:240800;MONDO:MONDO:0030088,MedGen:C5394303,OMIM:618857;MONDO:MONDO:0012480,MedGen:C1835887,OMIM:610374,Orphanet:99886;Human Phenotype Ontology:HP:0005965,Human Phenotype Ontology:HP:0005978,Human Phenotype Ontology:HP:0100652,MONDO:MONDO:0005148,MeSH:D003924,MedGen:C0011860,OMIM:125853;MONDO:MONDO:0009734,MedGen:C2931832,OMIM:256450,Orphanet:276575,Orphanet:276598","Leucine-induced hypoglycemia;Diabetes mellitus, permanent neonatal 3;Diabetes mellitus, transient neonatal, 2;Type 2 diabetes mellitus;Hyperinsulinemic hypoglycemia, familial, 1",germline,germline,GRCh37,NC_000011.9,11,17418493,17418493,na,na,11p15.1,"criteria provided, single submitter",1,-,N,-,2,3599310,17418493,G,C,-,-,-,-,-,-,SCV005683384,-,-
3723886,single nucleotide variant,NM_000352.6(ABCC8):c.4089C>G (p.His1363Gln),6833,ABCC8,HGNC:59,Uncertain significance,0,"Jan 07, 2024",-1,-,RCV005046532,"MONDO:MONDO:0009415,MedGen:C0271714,OMIM:240800;MONDO:MONDO:0030088,MedGen:C5394303,OMIM:618857;MONDO:MONDO:0012480,MedGen:C1835887,OMIM:610374,Orphanet:99886;Human Phenotype Ontology:HP:0005965,Human Phenotype Ontology:HP:0005978,Human Phenotype Ontology:HP:0100652,MONDO:MONDO:0005148,MeSH:D003924,MedGen:C0011860,OMIM:125853;MONDO:MONDO:0009734,MedGen:C2931832,OMIM:256450,Orphanet:276575,Orphanet:276598","Leucine-induced hypoglycemia;Diabetes mellitus, permanent neonatal 3;Diabetes mellitus, transient neonatal, 2;Type 2 diabetes mellitus;Hyperinsulinemic hypoglycemia, familial, 1",germline,germline,GRCh38,NC_000011.10,11,17396946,17396946,na,na,11p15.1,"criteria provided, single submitter",1,-,N,-,2,3599310,17396946,G,C,-,-,-,-,-,-,SCV005683384,-,-
3723887,single nucleotide variant,NM_000352.6(ABCC8):c.4034A>G (p.Gln1345Arg),6833,ABCC8,HGNC:59,Uncertain significance,0,"Jan 09, 2024",-1,-,RCV005046533,"MONDO:MONDO:0009415,MedGen:C0271714,OMIM:240800;MONDO:MONDO:0030088,MedGen:C5394303,OMIM:618857;MONDO:MONDO:0012480,MedGen:C1835887,OMIM:610374,Orphanet:99886;Human Phenotype Ontology:HP:0005965,Human Phenotype Ontology:HP:0005978,Human Phenotype Ontology:HP:0100652,MONDO:MONDO:0005148,MeSH:D003924,MedGen:C0011860,OMIM:125853;MONDO:MONDO:0009734,MedGen:C2931832,OMIM:256450,Orphanet:276575,Orphanet:276598","Leucine-induced hypoglycemia;Diabetes mellitus, permanent neonatal 3;Diabetes mellitus, transient neonatal, 2;Type 2 diabetes mellitus;Hyperinsulinemic hypoglycemia, familial, 1",germline,germline,GRCh37,NC_000011.9,11,17418548,17418548,na,na,11p15.1,"criteria provided, single submitter",1,-,N,-,2,3599311,17418548,T,C,-,-,-,-,-,-,SCV005683388,-,-
3723887,single nucleotide variant,NM_000352.6(ABCC8):c.4034A>G (p.Gln1345Arg),6833,ABCC8,HGNC:59,Uncertain significance,0,"Jan 09, 2024",-1,-,RCV005046533,"MONDO:MONDO:0009415,MedGen:C0271714,OMIM:240800;MONDO:MONDO:0030088,MedGen:C5394303,OMIM:618857;MONDO:MONDO:0012480,MedGen:C1835887,OMIM:610374,Orphanet:99886;Human Phenotype Ontology:HP:0005965,Human Phenotype Ontology:HP:0005978,Human Phenotype Ontology:HP:0100652,MONDO:MONDO:0005148,MeSH:D003924,MedGen:C0011860,OMIM:125853;MONDO:MONDO:0009734,MedGen:C2931832,OMIM:256450,Orphanet:276575,Orphanet:276598","Leucine-induced hypoglycemia;Diabetes mellitus, permanent neonatal 3;Diabetes mellitus, transient neonatal, 2;Type 2 diabetes mellitus;Hyperinsulinemic hypoglycemia, familial, 1",germline,germline,GRCh38,NC_000011.10,11,17397001,17397001,na,na,11p15.1,"criteria provided, single submitter",1,-,N,-,2,3599311,17397001,T,C,-,-,-,-,-,-,SCV005683388,-,-
3723888,Deletion,NM_000352.6(ABCC8):c.3989-28_3989-11del,6833,ABCC8,HGNC:59,Uncertain significance,0,"Jun 03, 2024",-1,-,RCV005046534,"MONDO:MONDO:0009415,MedGen:C0271714,OMIM:240800;MONDO:MONDO:0030088,MedGen:C5394303,OMIM:618857;MONDO:MONDO:0012480,MedGen:C1835887,OMIM:610374,Orphanet:99886;Human Phenotype Ontology:HP:0005965,Human Phenotype Ontology:HP:0005978,Human Phenotype Ontology:HP:0100652,MONDO:MONDO:0005148,MeSH:D003924,MedGen:C0011860,OMIM:125853;MONDO:MONDO:0009734,MedGen:C2931832,OMIM:256450,Orphanet:276575,Orphanet:276598","Leucine-induced hypoglycemia;Diabetes mellitus, permanent neonatal 3;Diabetes mellitus, transient neonatal, 2;Type 2 diabetes mellitus;Hyperinsulinemic hypoglycemia, familial, 1",germline,germline,GRCh37,NC_000011.9,11,17418604,17418621,na,na,11p15.1,"criteria provided, single submitter",1,-,N,-,2,3599312,17418603,GGGCTGGGCTCAGCCACCA,G,-,-,-,-,-,-,SCV005683390,-,-
3723888,Deletion,NM_000352.6(ABCC8):c.3989-28_3989-11del,6833,ABCC8,HGNC:59,Uncertain significance,0,"Jun 03, 2024",-1,-,RCV005046534,"MONDO:MONDO:0009415,MedGen:C0271714,OMIM:240800;MONDO:MONDO:0030088,MedGen:C5394303,OMIM:618857;MONDO:MONDO:0012480,MedGen:C1835887,OMIM:610374,Orphanet:99886;Human Phenotype Ontology:HP:0005965,Human Phenotype Ontology:HP:0005978,Human Phenotype Ontology:HP:0100652,MONDO:MONDO:0005148,MeSH:D003924,MedGen:C0011860,OMIM:125853;MONDO:MONDO:0009734,MedGen:C2931832,OMIM:256450,Orphanet:276575,Orphanet:276598","Leucine-induced hypoglycemia;Diabetes mellitus, permanent neonatal 3;Diabetes mellitus, transient neonatal, 2;Type 2 diabetes mellitus;Hyperinsulinemic hypoglycemia, familial, 1",germline,germline,GRCh38,NC_000011.10,11,17397057,17397074,na,na,11p15.1,"criteria provided, single submitter",1,-,N,-,2,3599312,17397056,GGGCTGGGCTCAGCCACCA,G,-,-,-,-,-,-,SCV005683390,-,-
3723889,single nucleotide variant,NM_000352.6(ABCC8):c.3989-14A>G,6833,ABCC8,HGNC:59,Uncertain significance,0,"Mar 28, 2024",-1,-,RCV005046536,"MONDO:MONDO:0009415,MedGen:C0271714,OMIM:240800;MONDO:MONDO:0030088,MedGen:C5394303,OMIM:618857;MONDO:MONDO:0012480,MedGen:C1835887,OMIM:610374,Orphanet:99886;Human Phenotype Ontology:HP:0005965,Human Phenotype Ontology:HP:0005978,Human Phenotype Ontology:HP:0100652,MONDO:MONDO:0005148,MeSH:D003924,MedGen:C0011860,OMIM:125853;MONDO:MONDO:0009734,MedGen:C2931832,OMIM:256450,Orphanet:276575,Orphanet:276598","Leucine-induced hypoglycemia;Diabetes mellitus, permanent neonatal 3;Diabetes mellitus, transient neonatal, 2;Type 2 diabetes mellitus;Hyperinsulinemic hypoglycemia, familial, 1",germline,germline,GRCh37,NC_000011.9,11,17418607,17418607,na,na,11p15.1,"criteria provided, single submitter",1,-,N,-,2,3599314,17418607,T,C,-,-,-,-,-,-,SCV005681072,-,-
3723889,single nucleotide variant,NM_000352.6(ABCC8):c.3989-14A>G,6833,ABCC8,HGNC:59,Uncertain significance,0,"Mar 28, 2024",-1,-,RCV005046536,"MONDO:MONDO:0009415,MedGen:C0271714,OMIM:240800;MONDO:MONDO:0030088,MedGen:C5394303,OMIM:618857;MONDO:MONDO:0012480,MedGen:C1835887,OMIM:610374,Orphanet:99886;Human Phenotype Ontology:HP:0005965,Human Phenotype Ontology:HP:0005978,Human Phenotype Ontology:HP:0100652,MONDO:MONDO:0005148,MeSH:D003924,MedGen:C0011860,OMIM:125853;MONDO:MONDO:0009734,MedGen:C2931832,OMIM:256450,Orphanet:276575,Orphanet:276598","Leucine-induced hypoglycemia;Diabetes mellitus, permanent neonatal 3;Diabetes mellitus, transient neonatal, 2;Type 2 diabetes mellitus;Hyperinsulinemic hypoglycemia, familial, 1",germline,germline,GRCh38,NC_000011.10,11,17397060,17397060,na,na,11p15.1,"criteria provided, single submitter",1,-,N,-,2,3599314,17397060,T,C,-,-,-,-,-,-,SCV005681072,-,-
3723890,single nucleotide variant,NM_000352.6(ABCC8):c.3988G>T (p.Ala1330Ser),6833,ABCC8,HGNC:59,Uncertain significance,0,"Jun 19, 2024",-1,-,RCV005050062,"MONDO:MONDO:0009415,MedGen:C0271714,OMIM:240800;MONDO:MONDO:0030088,MedGen:C5394303,OMIM:618857;MONDO:MONDO:0012480,MedGen:C1835887,OMIM:610374,Orphanet:99886;Human Phenotype Ontology:HP:0005965,Human Phenotype Ontology:HP:0005978,Human Phenotype Ontology:HP:0100652,MONDO:MONDO:0005148,MeSH:D003924,MedGen:C0011860,OMIM:125853;MONDO:MONDO:0009734,MedGen:C2931832,OMIM:256450,Orphanet:276575,Orphanet:276598","Leucine-induced hypoglycemia;Diabetes mellitus, permanent neonatal 3;Diabetes mellitus, transient neonatal, 2;Type 2 diabetes mellitus;Hyperinsulinemic hypoglycemia, familial, 1",germline,germline,GRCh37,NC_000011.9,11,17418740,17418740,na,na,11p15.1,"criteria provided, single submitter",1,-,N,-,2,3599315,17418740,C,A,-,-,-,-,-,-,SCV005681075,-,-
3723890,single nucleotide variant,NM_000352.6(ABCC8):c.3988G>T (p.Ala1330Ser),6833,ABCC8,HGNC:59,Uncertain significance,0,"Jun 19, 2024",-1,-,RCV005050062,"MONDO:MONDO:0009415,MedGen:C0271714,OMIM:240800;MONDO:MONDO:0030088,MedGen:C5394303,OMIM:618857;MONDO:MONDO:0012480,MedGen:C1835887,OMIM:610374,Orphanet:99886;Human Phenotype Ontology:HP:0005965,Human Phenotype Ontology:HP:0005978,Human Phenotype Ontology:HP:0100652,MONDO:MONDO:0005148,MeSH:D003924,MedGen:C0011860,OMIM:125853;MONDO:MONDO:0009734,MedGen:C2931832,OMIM:256450,Orphanet:276575,Orphanet:276598","Leucine-induced hypoglycemia;Diabetes mellitus, permanent neonatal 3;Diabetes mellitus, transient neonatal, 2;Type 2 diabetes mellitus;Hyperinsulinemic hypoglycemia, familial, 1",germline,germline,GRCh38,NC_000011.10,11,17397193,17397193,na,na,11p15.1,"criteria provided, single submitter",1,-,N,-,2,3599315,17397193,C,A,-,-,-,-,-,-,SCV005681075,-,-
3723891,single nucleotide variant,NM_000352.6(ABCC8):c.3893T>A (p.Val1298Glu),6833,ABCC8,HGNC:59,Uncertain significance,0,"Jun 12, 2024",-1,-,RCV005046537,"MONDO:MONDO:0009415,MedGen:C0271714,OMIM:240800;MONDO:MONDO:0030088,MedGen:C5394303,OMIM:618857;MONDO:MONDO:0012480,MedGen:C1835887,OMIM:610374,Orphanet:99886;Human Phenotype Ontology:HP:0005965,Human Phenotype Ontology:HP:0005978,Human Phenotype Ontology:HP:0100652,MONDO:MONDO:0005148,MeSH:D003924,MedGen:C0011860,OMIM:125853;MONDO:MONDO:0009734,MedGen:C2931832,OMIM:256450,Orphanet:276575,Orphanet:276598","Leucine-induced hypoglycemia;Diabetes mellitus, permanent neonatal 3;Diabetes mellitus, transient neonatal, 2;Type 2 diabetes mellitus;Hyperinsulinemic hypoglycemia, familial, 1",germline,germline,GRCh37,NC_000011.9,11,17418835,17418835,na,na,11p15.1,"criteria provided, single submitter",1,-,N,-,2,3599316,17418835,A,T,-,-,-,-,-,-,SCV005681077,-,-
3723891,single nucleotide variant,NM_000352.6(ABCC8):c.3893T>A (p.Val1298Glu),6833,ABCC8,HGNC:59,Uncertain significance,0,"Jun 12, 2024",-1,-,RCV005046537,"MONDO:MONDO:0009415,MedGen:C0271714,OMIM:240800;MONDO:MONDO:0030088,MedGen:C5394303,OMIM:618857;MONDO:MONDO:0012480,MedGen:C1835887,OMIM:610374,Orphanet:99886;Human Phenotype Ontology:HP:0005965,Human Phenotype Ontology:HP:0005978,Human Phenotype Ontology:HP:0100652,MONDO:MONDO:0005148,MeSH:D003924,MedGen:C0011860,OMIM:125853;MONDO:MONDO:0009734,MedGen:C2931832,OMIM:256450,Orphanet:276575,Orphanet:276598","Leucine-induced hypoglycemia;Diabetes mellitus, permanent neonatal 3;Diabetes mellitus, transient neonatal, 2;Type 2 diabetes mellitus;Hyperinsulinemic hypoglycemia, familial, 1",germline,germline,GRCh38,NC_000011.10,11,17397288,17397288,na,na,11p15.1,"criteria provided, single submitter",1,-,N,-,2,3599316,17397288,A,T,-,-,-,-,-,-,SCV005681077,-,-
3723892,single nucleotide variant,NM_000352.6(ABCC8):c.3837G>A (p.Leu1279=),6833,ABCC8,HGNC:59,Uncertain significance,0,"Dec 27, 2023",-1,-,RCV005046539,"MONDO:MONDO:0009415,MedGen:C0271714,OMIM:240800;MONDO:MONDO:0030088,MedGen:C5394303,OMIM:618857;MONDO:MONDO:0012480,MedGen:C1835887,OMIM:610374,Orphanet:99886;Human Phenotype Ontology:HP:0005965,Human Phenotype Ontology:HP:0005978,Human Phenotype Ontology:HP:0100652,MONDO:MONDO:0005148,MeSH:D003924,MedGen:C0011860,OMIM:125853;MONDO:MONDO:0009734,MedGen:C2931832,OMIM:256450,Orphanet:276575,Orphanet:276598","Leucine-induced hypoglycemia;Diabetes mellitus, permanent neonatal 3;Diabetes mellitus, transient neonatal, 2;Type 2 diabetes mellitus;Hyperinsulinemic hypoglycemia, familial, 1",germline,germline,GRCh37,NC_000011.9,11,17419261,17419261,na,na,11p15.1,"criteria provided, single submitter",1,-,N,-,2,3599318,17419261,C,T,-,-,-,-,-,-,SCV005681081,-,-
3723892,single nucleotide variant,NM_000352.6(ABCC8):c.3837G>A (p.Leu1279=),6833,ABCC8,HGNC:59,Uncertain significance,0,"Dec 27, 2023",-1,-,RCV005046539,"MONDO:MONDO:0009415,MedGen:C0271714,OMIM:240800;MONDO:MONDO:0030088,MedGen:C5394303,OMIM:618857;MONDO:MONDO:0012480,MedGen:C1835887,OMIM:610374,Orphanet:99886;Human Phenotype Ontology:HP:0005965,Human Phenotype Ontology:HP:0005978,Human Phenotype Ontology:HP:0100652,MONDO:MONDO:0005148,MeSH:D003924,MedGen:C0011860,OMIM:125853;MONDO:MONDO:0009734,MedGen:C2931832,OMIM:256450,Orphanet:276575,Orphanet:276598","Leucine-induced hypoglycemia;Diabetes mellitus, permanent neonatal 3;Diabetes mellitus, transient neonatal, 2;Type 2 diabetes mellitus;Hyperinsulinemic hypoglycemia, familial, 1",germline,germline,GRCh38,NC_000011.10,11,17397714,17397714,na,na,11p15.1,"criteria provided, single submitter",1,-,N,-,2,3599318,17397714,C,T,-,-,-,-,-,-,SCV005681081,-,-
3723893,single nucleotide variant,NM_000352.6(ABCC8):c.3799A>G (p.Ile1267Val),6833,ABCC8,HGNC:59,Uncertain significance,0,"Mar 22, 2024",-1,-,RCV005046540,"MONDO:MONDO:0009415,MedGen:C0271714,OMIM:240800;MONDO:MONDO:0030088,MedGen:C5394303,OMIM:618857;MONDO:MONDO:0012480,MedGen:C1835887,OMIM:610374,Orphanet:99886;Human Phenotype Ontology:HP:0005965,Human Phenotype Ontology:HP:0005978,Human Phenotype Ontology:HP:0100652,MONDO:MONDO:0005148,MeSH:D003924,MedGen:C0011860,OMIM:125853;MONDO:MONDO:0009734,MedGen:C2931832,OMIM:256450,Orphanet:276575,Orphanet:276598","Leucine-induced hypoglycemia;Diabetes mellitus, permanent neonatal 3;Diabetes mellitus, transient neonatal, 2;Type 2 diabetes mellitus;Hyperinsulinemic hypoglycemia, familial, 1",germline,germline,GRCh37,NC_000011.9,11,17419299,17419299,na,na,11p15.1,"criteria provided, single submitter",1,-,N,-,2,3599319,17419299,T,C,-,-,-,-,-,-,SCV005681082,-,-
3723893,single nucleotide variant,NM_000352.6(ABCC8):c.3799A>G (p.Ile1267Val),6833,ABCC8,HGNC:59,Uncertain significance,0,"Mar 22, 2024",-1,-,RCV005046540,"MONDO:MONDO:0009415,MedGen:C0271714,OMIM:240800;MONDO:MONDO:0030088,MedGen:C5394303,OMIM:618857;MONDO:MONDO:0012480,MedGen:C1835887,OMIM:610374,Orphanet:99886;Human Phenotype Ontology:HP:0005965,Human Phenotype Ontology:HP:0005978,Human Phenotype Ontology:HP:0100652,MONDO:MONDO:0005148,MeSH:D003924,MedGen:C0011860,OMIM:125853;MONDO:MONDO:0009734,MedGen:C2931832,OMIM:256450,Orphanet:276575,Orphanet:276598","Leucine-induced hypoglycemia;Diabetes mellitus, permanent neonatal 3;Diabetes mellitus, transient neonatal, 2;Type 2 diabetes mellitus;Hyperinsulinemic hypoglycemia, familial, 1",germline,germline,GRCh38,NC_000011.10,11,17397752,17397752,na,na,11p15.1,"criteria provided, single submitter",1,-,N,-,2,3599319,17397752,T,C,-,-,-,-,-,-,SCV005681082,-,-
3728808,single nucleotide variant,NM_000162.5(GCK):c.*12G>A,2645,GCK,HGNC:4195,Uncertain significance,0,"Jan 15, 2024",-1,-,RCV005035825,"Human Phenotype Ontology:HP:0005965,Human Phenotype Ontology:HP:0005978,Human Phenotype Ontology:HP:0100652,MONDO:MONDO:0005148,MeSH:D003924,MedGen:C0011860,OMIM:125853;MONDO:MONDO:0007453,MedGen:C0342277,OMIM:125851,Orphanet:552;MONDO:MONDO:0011236,MedGen:C1865290,OMIM:602485,Orphanet:79299;MONDO:MONDO:0100165,MedGen:C5393570,OMIM:606176",Type 2 diabetes mellitus;Maturity-onset diabetes of the young type 2;Hyperinsulinism due to glucokinase deficiency;Permanent neonatal diabetes mellitus 1,germline,germline,GRCh37,NC_000007.13,7,44184723,44184723,na,na,7p13,"criteria provided, single submitter",1,-,N,-,2,3594701,44184723,C,T,-,-,-,-,-,-,SCV005666171,-,-
3728808,single nucleotide variant,NM_000162.5(GCK):c.*12G>A,2645,GCK,HGNC:4195,Uncertain significance,0,"Jan 15, 2024",-1,-,RCV005035825,"Human Phenotype Ontology:HP:0005965,Human Phenotype Ontology:HP:0005978,Human Phenotype Ontology:HP:0100652,MONDO:MONDO:0005148,MeSH:D003924,MedGen:C0011860,OMIM:125853;MONDO:MONDO:0007453,MedGen:C0342277,OMIM:125851,Orphanet:552;MONDO:MONDO:0011236,MedGen:C1865290,OMIM:602485,Orphanet:79299;MONDO:MONDO:0100165,MedGen:C5393570,OMIM:606176",Type 2 diabetes mellitus;Maturity-onset diabetes of the young type 2;Hyperinsulinism due to glucokinase deficiency;Permanent neonatal diabetes mellitus 1,germline,germline,GRCh38,NC_000007.14,7,44145124,44145124,na,na,7p13,"criteria provided, single submitter",1,-,N,-,2,3594701,44145124,C,T,-,-,-,-,-,-,SCV005666171,-,-
3728810,single nucleotide variant,NM_000162.5(GCK):c.1274C>A (p.Ala425Asp),2645,GCK,HGNC:4195,Uncertain significance,0,"Mar 18, 2024",-1,-,RCV005035826,"Human Phenotype Ontology:HP:0005965,Human Phenotype Ontology:HP:0005978,Human Phenotype Ontology:HP:0100652,MONDO:MONDO:0005148,MeSH:D003924,MedGen:C0011860,OMIM:125853;MONDO:MONDO:0007453,MedGen:C0342277,OMIM:125851,Orphanet:552;MONDO:MONDO:0011236,MedGen:C1865290,OMIM:602485,Orphanet:79299;MONDO:MONDO:0100165,MedGen:C5393570,OMIM:606176",Type 2 diabetes mellitus;Maturity-onset diabetes of the young type 2;Hyperinsulinism due to glucokinase deficiency;Permanent neonatal diabetes mellitus 1,germline,germline,GRCh37,NC_000007.13,7,44184859,44184859,na,na,7p13,"criteria provided, single submitter",1,-,N,-,2,3594702,44184859,G,T,-,-,-,-,-,-,SCV005668326,-,-
3728810,single nucleotide variant,NM_000162.5(GCK):c.1274C>A (p.Ala425Asp),2645,GCK,HGNC:4195,Uncertain significance,0,"Mar 18, 2024",-1,-,RCV005035826,"Human Phenotype Ontology:HP:0005965,Human Phenotype Ontology:HP:0005978,Human Phenotype Ontology:HP:0100652,MONDO:MONDO:0005148,MeSH:D003924,MedGen:C0011860,OMIM:125853;MONDO:MONDO:0007453,MedGen:C0342277,OMIM:125851,Orphanet:552;MONDO:MONDO:0011236,MedGen:C1865290,OMIM:602485,Orphanet:79299;MONDO:MONDO:0100165,MedGen:C5393570,OMIM:606176",Type 2 diabetes mellitus;Maturity-onset diabetes of the young type 2;Hyperinsulinism due to glucokinase deficiency;Permanent neonatal diabetes mellitus 1,germline,germline,GRCh38,NC_000007.14,7,44145260,44145260,na,na,7p13,"criteria provided, single submitter",1,-,N,-,2,3594702,44145260,G,T,-,-,-,-,-,-,SCV005668326,-,-
3728811,single nucleotide variant,NM_000162.5(GCK):c.1253+6C>T,2645,GCK,HGNC:4195,Uncertain significance,0,"May 07, 2024",-1,-,RCV005047973,"Human Phenotype Ontology:HP:0005965,Human Phenotype Ontology:HP:0005978,Human Phenotype Ontology:HP:0100652,MONDO:MONDO:0005148,MeSH:D003924,MedGen:C0011860,OMIM:125853;MONDO:MONDO:0007453,MedGen:C0342277,OMIM:125851,Orphanet:552;MONDO:MONDO:0011236,MedGen:C1865290,OMIM:602485,Orphanet:79299;MONDO:MONDO:0100165,MedGen:C5393570,OMIM:606176",Type 2 diabetes mellitus;Maturity-onset diabetes of the young type 2;Hyperinsulinism due to glucokinase deficiency;Permanent neonatal diabetes mellitus 1,germline,germline,GRCh37,NC_000007.13,7,44185090,44185090,na,na,7p13,"criteria provided, single submitter",1,-,N,-,2,3594703,44185090,G,A,-,-,-,-,-,-,SCV005668327,-,-
3728811,single nucleotide variant,NM_000162.5(GCK):c.1253+6C>T,2645,GCK,HGNC:4195,Uncertain significance,0,"May 07, 2024",-1,-,RCV005047973,"Human Phenotype Ontology:HP:0005965,Human Phenotype Ontology:HP:0005978,Human Phenotype Ontology:HP:0100652,MONDO:MONDO:0005148,MeSH:D003924,MedGen:C0011860,OMIM:125853;MONDO:MONDO:0007453,MedGen:C0342277,OMIM:125851,Orphanet:552;MONDO:MONDO:0011236,MedGen:C1865290,OMIM:602485,Orphanet:79299;MONDO:MONDO:0100165,MedGen:C5393570,OMIM:606176",Type 2 diabetes mellitus;Maturity-onset diabetes of the young type 2;Hyperinsulinism due to glucokinase deficiency;Permanent neonatal diabetes mellitus 1,germline,germline,GRCh38,NC_000007.14,7,44145491,44145491,na,na,7p13,"criteria provided, single submitter",1,-,N,-,2,3594703,44145491,G,A,-,-,-,-,-,-,SCV005668327,-,-
3728812,single nucleotide variant,NM_000162.5(GCK):c.1253+5G>T,2645,GCK,HGNC:4195,Uncertain significance,0,"May 21, 2024",-1,-,RCV005035827,"Human Phenotype Ontology:HP:0005965,Human Phenotype Ontology:HP:0005978,Human Phenotype Ontology:HP:0100652,MONDO:MONDO:0005148,MeSH:D003924,MedGen:C0011860,OMIM:125853;MONDO:MONDO:0007453,MedGen:C0342277,OMIM:125851,Orphanet:552;MONDO:MONDO:0011236,MedGen:C1865290,OMIM:602485,Orphanet:79299;MONDO:MONDO:0100165,MedGen:C5393570,OMIM:606176",Type 2 diabetes mellitus;Maturity-onset diabetes of the young type 2;Hyperinsulinism due to glucokinase deficiency;Permanent neonatal diabetes mellitus 1,germline,germline,GRCh37,NC_000007.13,7,44185091,44185091,na,na,7p13,"criteria provided, single submitter",1,-,N,-,2,3594704,44185091,C,A,-,-,-,-,-,-,SCV005668328,-,-
3728812,single nucleotide variant,NM_000162.5(GCK):c.1253+5G>T,2645,GCK,HGNC:4195,Uncertain significance,0,"May 21, 2024",-1,-,RCV005035827,"Human Phenotype Ontology:HP:0005965,Human Phenotype Ontology:HP:0005978,Human Phenotype Ontology:HP:0100652,MONDO:MONDO:0005148,MeSH:D003924,MedGen:C0011860,OMIM:125853;MONDO:MONDO:0007453,MedGen:C0342277,OMIM:125851,Orphanet:552;MONDO:MONDO:0011236,MedGen:C1865290,OMIM:602485,Orphanet:79299;MONDO:MONDO:0100165,MedGen:C5393570,OMIM:606176",Type 2 diabetes mellitus;Maturity-onset diabetes of the young type 2;Hyperinsulinism due to glucokinase deficiency;Permanent neonatal diabetes mellitus 1,germline,germline,GRCh38,NC_000007.14,7,44145492,44145492,na,na,7p13,"criteria provided, single submitter",1,-,N,-,2,3594704,44145492,C,A,-,-,-,-,-,-,SCV005668328,-,-
3728813,single nucleotide variant,NM_000162.5(GCK):c.1241A>T (p.Lys414Met),2645,GCK,HGNC:4195,Likely pathogenic,1,"Apr 25, 2024",-1,-,RCV005035828,"Human Phenotype Ontology:HP:0005965,Human Phenotype Ontology:HP:0005978,Human Phenotype Ontology:HP:0100652,MONDO:MONDO:0005148,MeSH:D003924,MedGen:C0011860,OMIM:125853;MONDO:MONDO:0007453,MedGen:C0342277,OMIM:125851,Orphanet:552;MONDO:MONDO:0011236,MedGen:C1865290,OMIM:602485,Orphanet:79299;MONDO:MONDO:0100165,MedGen:C5393570,OMIM:606176",Type 2 diabetes mellitus;Maturity-onset diabetes of the young type 2;Hyperinsulinism due to glucokinase deficiency;Permanent neonatal diabetes mellitus 1,germline,germline,GRCh37,NC_000007.13,7,44185108,44185108,na,na,7p13,"criteria provided, single submitter",1,-,N,-,2,3594705,44185108,T,A,-,-,-,-,-,-,SCV005668330,-,-
3728813,single nucleotide variant,NM_000162.5(GCK):c.1241A>T (p.Lys414Met),2645,GCK,HGNC:4195,Likely pathogenic,1,"Apr 25, 2024",-1,-,RCV005035828,"Human Phenotype Ontology:HP:0005965,Human Phenotype Ontology:HP:0005978,Human Phenotype Ontology:HP:0100652,MONDO:MONDO:0005148,MeSH:D003924,MedGen:C0011860,OMIM:125853;MONDO:MONDO:0007453,MedGen:C0342277,OMIM:125851,Orphanet:552;MONDO:MONDO:0011236,MedGen:C1865290,OMIM:602485,Orphanet:79299;MONDO:MONDO:0100165,MedGen:C5393570,OMIM:606176",Type 2 diabetes mellitus;Maturity-onset diabetes of the young type 2;Hyperinsulinism due to glucokinase deficiency;Permanent neonatal diabetes mellitus 1,germline,germline,GRCh38,NC_000007.14,7,44145509,44145509,na,na,7p13,"criteria provided, single submitter",1,-,N,-,2,3594705,44145509,T,A,-,-,-,-,-,-,SCV005668330,-,-
3728814,single nucleotide variant,NM_000162.5(GCK):c.1230C>T (p.Gly410=),2645,GCK,HGNC:4195,Uncertain significance,0,"Apr 25, 2024",-1,-,RCV005047974,"Human Phenotype Ontology:HP:0005965,Human Phenotype Ontology:HP:0005978,Human Phenotype Ontology:HP:0100652,MONDO:MONDO:0005148,MeSH:D003924,MedGen:C0011860,OMIM:125853;MONDO:MONDO:0007453,MedGen:C0342277,OMIM:125851,Orphanet:552;MONDO:MONDO:0011236,MedGen:C1865290,OMIM:602485,Orphanet:79299;MONDO:MONDO:0100165,MedGen:C5393570,OMIM:606176",Type 2 diabetes mellitus;Maturity-onset diabetes of the young type 2;Hyperinsulinism due to glucokinase deficiency;Permanent neonatal diabetes mellitus 1,germline,germline,GRCh37,NC_000007.13,7,44185119,44185119,na,na,7p13,"criteria provided, single submitter",1,-,N,-,2,3594706,44185119,G,A,-,-,-,-,-,-,SCV005668332,-,-
3728814,single nucleotide variant,NM_000162.5(GCK):c.1230C>T (p.Gly410=),2645,GCK,HGNC:4195,Uncertain significance,0,"Apr 25, 2024",-1,-,RCV005047974,"Human Phenotype Ontology:HP:0005965,Human Phenotype Ontology:HP:0005978,Human Phenotype Ontology:HP:0100652,MONDO:MONDO:0005148,MeSH:D003924,MedGen:C0011860,OMIM:125853;MONDO:MONDO:0007453,MedGen:C0342277,OMIM:125851,Orphanet:552;MONDO:MONDO:0011236,MedGen:C1865290,OMIM:602485,Orphanet:79299;MONDO:MONDO:0100165,MedGen:C5393570,OMIM:606176",Type 2 diabetes mellitus;Maturity-onset diabetes of the young type 2;Hyperinsulinism due to glucokinase deficiency;Permanent neonatal diabetes mellitus 1,germline,germline,GRCh38,NC_000007.14,7,44145520,44145520,na,na,7p13,"criteria provided, single submitter",1,-,N,-,2,3594706,44145520,G,A,-,-,-,-,-,-,SCV005668332,-,-
3728815,single nucleotide variant,NM_000162.5(GCK):c.1102C>T (p.Arg368Cys),2645,GCK,HGNC:4195,Uncertain significance,0,"Apr 15, 2024",-1,-,RCV005035829,"Human Phenotype Ontology:HP:0005965,Human Phenotype Ontology:HP:0005978,Human Phenotype Ontology:HP:0100652,MONDO:MONDO:0005148,MeSH:D003924,MedGen:C0011860,OMIM:125853;MONDO:MONDO:0007453,MedGen:C0342277,OMIM:125851,Orphanet:552;MONDO:MONDO:0011236,MedGen:C1865290,OMIM:602485,Orphanet:79299;MONDO:MONDO:0100165,MedGen:C5393570,OMIM:606176",Type 2 diabetes mellitus;Maturity-onset diabetes of the young type 2;Hyperinsulinism due to glucokinase deficiency;Permanent neonatal diabetes mellitus 1,germline,germline,GRCh37,NC_000007.13,7,44185247,44185247,na,na,7p13,"criteria provided, single submitter",1,-,N,-,2,3594707,44185247,G,A,-,-,-,-,-,-,SCV005668335,-,-
3728815,single nucleotide variant,NM_000162.5(GCK):c.1102C>T (p.Arg368Cys),2645,GCK,HGNC:4195,Uncertain significance,0,"Apr 15, 2024",-1,-,RCV005035829,"Human Phenotype Ontology:HP:0005965,Human Phenotype Ontology:HP:0005978,Human Phenotype Ontology:HP:0100652,MONDO:MONDO:0005148,MeSH:D003924,MedGen:C0011860,OMIM:125853;MONDO:MONDO:0007453,MedGen:C0342277,OMIM:125851,Orphanet:552;MONDO:MONDO:0011236,MedGen:C1865290,OMIM:602485,Orphanet:79299;MONDO:MONDO:0100165,MedGen:C5393570,OMIM:606176",Type 2 diabetes mellitus;Maturity-onset diabetes of the young type 2;Hyperinsulinism due to glucokinase deficiency;Permanent neonatal diabetes mellitus 1,germline,germline,GRCh38,NC_000007.14,7,44145648,44145648,na,na,7p13,"criteria provided, single submitter",1,-,N,-,2,3594707,44145648,G,A,-,-,-,-,-,-,SCV005668335,-,-
3728817,single nucleotide variant,NM_000162.5(GCK):c.1058G>A (p.Ser353Asn),2645,GCK,HGNC:4195,Uncertain significance,0,"Feb 28, 2024",-1,-,RCV005035830,"Human Phenotype Ontology:HP:0005965,Human Phenotype Ontology:HP:0005978,Human Phenotype Ontology:HP:0100652,MONDO:MONDO:0005148,MeSH:D003924,MedGen:C0011860,OMIM:125853;MONDO:MONDO:0007453,MedGen:C0342277,OMIM:125851,Orphanet:552;MONDO:MONDO:0011236,MedGen:C1865290,OMIM:602485,Orphanet:79299;MONDO:MONDO:0100165,MedGen:C5393570,OMIM:606176",Type 2 diabetes mellitus;Maturity-onset diabetes of the young type 2;Hyperinsulinism due to glucokinase deficiency;Permanent neonatal diabetes mellitus 1,germline,germline,GRCh37,NC_000007.13,7,44185291,44185291,na,na,7p13,"criteria provided, single submitter",1,-,N,-,2,3594708,44185291,C,T,-,-,-,-,-,-,SCV005668336,-,-
3728817,single nucleotide variant,NM_000162.5(GCK):c.1058G>A (p.Ser353Asn),2645,GCK,HGNC:4195,Uncertain significance,0,"Feb 28, 2024",-1,-,RCV005035830,"Human Phenotype Ontology:HP:0005965,Human Phenotype Ontology:HP:0005978,Human Phenotype Ontology:HP:0100652,MONDO:MONDO:0005148,MeSH:D003924,MedGen:C0011860,OMIM:125853;MONDO:MONDO:0007453,MedGen:C0342277,OMIM:125851,Orphanet:552;MONDO:MONDO:0011236,MedGen:C1865290,OMIM:602485,Orphanet:79299;MONDO:MONDO:0100165,MedGen:C5393570,OMIM:606176",Type 2 diabetes mellitus;Maturity-onset diabetes of the young type 2;Hyperinsulinism due to glucokinase deficiency;Permanent neonatal diabetes mellitus 1,germline,germline,GRCh38,NC_000007.14,7,44145692,44145692,na,na,7p13,"criteria provided, single submitter",1,-,N,-,2,3594708,44145692,C,T,-,-,-,-,-,-,SCV005668336,-,-
3728818,single nucleotide variant,NM_000162.5(GCK):c.1045T>A (p.Tyr349Asn),2645,GCK,HGNC:4195,Uncertain significance,0,"May 07, 2024",-1,-,RCV005035831,"Human Phenotype Ontology:HP:0005965,Human Phenotype Ontology:HP:0005978,Human Phenotype Ontology:HP:0100652,MONDO:MONDO:0005148,MeSH:D003924,MedGen:C0011860,OMIM:125853;MONDO:MONDO:0007453,MedGen:C0342277,OMIM:125851,Orphanet:552;MONDO:MONDO:0011236,MedGen:C1865290,OMIM:602485,Orphanet:79299;MONDO:MONDO:0100165,MedGen:C5393570,OMIM:606176",Type 2 diabetes mellitus;Maturity-onset diabetes of the young type 2;Hyperinsulinism due to glucokinase deficiency;Permanent neonatal diabetes mellitus 1,germline,germline,GRCh37,NC_000007.13,7,44185304,44185304,na,na,7p13,"criteria provided, single submitter",1,-,N,-,2,3594709,44185304,A,T,-,-,-,-,-,-,SCV005668337,-,-
3728818,single nucleotide variant,NM_000162.5(GCK):c.1045T>A (p.Tyr349Asn),2645,GCK,HGNC:4195,Uncertain significance,0,"May 07, 2024",-1,-,RCV005035831,"Human Phenotype Ontology:HP:0005965,Human Phenotype Ontology:HP:0005978,Human Phenotype Ontology:HP:0100652,MONDO:MONDO:0005148,MeSH:D003924,MedGen:C0011860,OMIM:125853;MONDO:MONDO:0007453,MedGen:C0342277,OMIM:125851,Orphanet:552;MONDO:MONDO:0011236,MedGen:C1865290,OMIM:602485,Orphanet:79299;MONDO:MONDO:0100165,MedGen:C5393570,OMIM:606176",Type 2 diabetes mellitus;Maturity-onset diabetes of the young type 2;Hyperinsulinism due to glucokinase deficiency;Permanent neonatal diabetes mellitus 1,germline,germline,GRCh38,NC_000007.14,7,44145705,44145705,na,na,7p13,"criteria provided, single submitter",1,-,N,-,2,3594709,44145705,A,T,-,-,-,-,-,-,SCV005668337,-,-
3728819,single nucleotide variant,NM_000162.5(GCK):c.1024A>T (p.Thr342Ser),2645,GCK,HGNC:4195,Uncertain significance,0,"Apr 28, 2024",-1,-,RCV005035832,"Human Phenotype Ontology:HP:0005965,Human Phenotype Ontology:HP:0005978,Human Phenotype Ontology:HP:0100652,MONDO:MONDO:0005148,MeSH:D003924,MedGen:C0011860,OMIM:125853;MONDO:MONDO:0007453,MedGen:C0342277,OMIM:125851,Orphanet:552;MONDO:MONDO:0011236,MedGen:C1865290,OMIM:602485,Orphanet:79299;MONDO:MONDO:0100165,MedGen:C5393570,OMIM:606176",Type 2 diabetes mellitus;Maturity-onset diabetes of the young type 2;Hyperinsulinism due to glucokinase deficiency;Permanent neonatal diabetes mellitus 1,germline,germline,GRCh37,NC_000007.13,7,44185325,44185325,na,na,7p13,"criteria provided, single submitter",1,-,N,-,2,3594710,44185325,T,A,-,-,-,-,-,-,SCV005668338,-,-
3728819,single nucleotide variant,NM_000162.5(GCK):c.1024A>T (p.Thr342Ser),2645,GCK,HGNC:4195,Uncertain significance,0,"Apr 28, 2024",-1,-,RCV005035832,"Human Phenotype Ontology:HP:0005965,Human Phenotype Ontology:HP:0005978,Human Phenotype Ontology:HP:0100652,MONDO:MONDO:0005148,MeSH:D003924,MedGen:C0011860,OMIM:125853;MONDO:MONDO:0007453,MedGen:C0342277,OMIM:125851,Orphanet:552;MONDO:MONDO:0011236,MedGen:C1865290,OMIM:602485,Orphanet:79299;MONDO:MONDO:0100165,MedGen:C5393570,OMIM:606176",Type 2 diabetes mellitus;Maturity-onset diabetes of the young type 2;Hyperinsulinism due to glucokinase deficiency;Permanent neonatal diabetes mellitus 1,germline,germline,GRCh38,NC_000007.14,7,44145726,44145726,na,na,7p13,"criteria provided, single submitter",1,-,N,-,2,3594710,44145726,T,A,-,-,-,-,-,-,SCV005668338,-,-
3728820,single nucleotide variant,NM_000162.5(GCK):c.1006T>A (p.Ser336Thr),2645,GCK,HGNC:4195,Uncertain significance,0,"Apr 17, 2024",-1,-,RCV005035833,"Human Phenotype Ontology:HP:0005965,Human Phenotype Ontology:HP:0005978,Human Phenotype Ontology:HP:0100652,MONDO:MONDO:0005148,MeSH:D003924,MedGen:C0011860,OMIM:125853;MONDO:MONDO:0007453,MedGen:C0342277,OMIM:125851,Orphanet:552;MONDO:MONDO:0011236,MedGen:C1865290,OMIM:602485,Orphanet:79299;MONDO:MONDO:0100165,MedGen:C5393570,OMIM:606176",Type 2 diabetes mellitus;Maturity-onset diabetes of the young type 2;Hyperinsulinism due to glucokinase deficiency;Permanent neonatal diabetes mellitus 1,germline,germline,GRCh37,NC_000007.13,7,44186075,44186075,na,na,7p13,"criteria provided, single submitter",1,-,N,-,2,3594711,44186075,A,T,-,-,-,-,-,-,SCV005668339,-,-
3728820,single nucleotide variant,NM_000162.5(GCK):c.1006T>A (p.Ser336Thr),2645,GCK,HGNC:4195,Uncertain significance,0,"Apr 17, 2024",-1,-,RCV005035833,"Human Phenotype Ontology:HP:0005965,Human Phenotype Ontology:HP:0005978,Human Phenotype Ontology:HP:0100652,MONDO:MONDO:0005148,MeSH:D003924,MedGen:C0011860,OMIM:125853;MONDO:MONDO:0007453,MedGen:C0342277,OMIM:125851,Orphanet:552;MONDO:MONDO:0011236,MedGen:C1865290,OMIM:602485,Orphanet:79299;MONDO:MONDO:0100165,MedGen:C5393570,OMIM:606176",Type 2 diabetes mellitus;Maturity-onset diabetes of the young type 2;Hyperinsulinism due to glucokinase deficiency;Permanent neonatal diabetes mellitus 1,germline,germline,GRCh38,NC_000007.14,7,44146476,44146476,na,na,7p13,"criteria provided, single submitter",1,-,N,-,2,3594711,44146476,A,T,-,-,-,-,-,-,SCV005668339,-,-
3728821,Indel,NM_000162.5(GCK):c.996_997delinsTT (p.Arg333Cys),2645,GCK,HGNC:4195,Uncertain significance,0,"May 21, 2024",-1,-,RCV005047975,"Human Phenotype Ontology:HP:0005965,Human Phenotype Ontology:HP:0005978,Human Phenotype Ontology:HP:0100652,MONDO:MONDO:0005148,MeSH:D003924,MedGen:C0011860,OMIM:125853;MONDO:MONDO:0007453,MedGen:C0342277,OMIM:125851,Orphanet:552;MONDO:MONDO:0011236,MedGen:C1865290,OMIM:602485,Orphanet:79299;MONDO:MONDO:0100165,MedGen:C5393570,OMIM:606176",Type 2 diabetes mellitus;Maturity-onset diabetes of the young type 2;Hyperinsulinism due to glucokinase deficiency;Permanent neonatal diabetes mellitus 1,germline,germline,GRCh37,NC_000007.13,7,44186084,44186085,na,na,7p13,"criteria provided, single submitter",1,-,N,-,2,3594712,44186084,GC,AA,-,-,-,-,-,-,SCV005668340,-,-
3728821,Indel,NM_000162.5(GCK):c.996_997delinsTT (p.Arg333Cys),2645,GCK,HGNC:4195,Uncertain significance,0,"May 21, 2024",-1,-,RCV005047975,"Human Phenotype Ontology:HP:0005965,Human Phenotype Ontology:HP:0005978,Human Phenotype Ontology:HP:0100652,MONDO:MONDO:0005148,MeSH:D003924,MedGen:C0011860,OMIM:125853;MONDO:MONDO:0007453,MedGen:C0342277,OMIM:125851,Orphanet:552;MONDO:MONDO:0011236,MedGen:C1865290,OMIM:602485,Orphanet:79299;MONDO:MONDO:0100165,MedGen:C5393570,OMIM:606176",Type 2 diabetes mellitus;Maturity-onset diabetes of the young type 2;Hyperinsulinism due to glucokinase deficiency;Permanent neonatal diabetes mellitus 1,germline,germline,GRCh38,NC_000007.14,7,44146485,44146486,na,na,7p13,"criteria provided, single submitter",1,-,N,-,2,3594712,44146485,GC,AA,-,-,-,-,-,-,SCV005668340,-,-
3728822,single nucleotide variant,NM_000162.5(GCK):c.988T>G (p.Phe330Val),2645,GCK,HGNC:4195,Uncertain significance,0,"Apr 30, 2024",-1,-,RCV005035834,"Human Phenotype Ontology:HP:0005965,Human Phenotype Ontology:HP:0005978,Human Phenotype Ontology:HP:0100652,MONDO:MONDO:0005148,MeSH:D003924,MedGen:C0011860,OMIM:125853;MONDO:MONDO:0007453,MedGen:C0342277,OMIM:125851,Orphanet:552;MONDO:MONDO:0011236,MedGen:C1865290,OMIM:602485,Orphanet:79299;MONDO:MONDO:0100165,MedGen:C5393570,OMIM:606176",Type 2 diabetes mellitus;Maturity-onset diabetes of the young type 2;Hyperinsulinism due to glucokinase deficiency;Permanent neonatal diabetes mellitus 1,germline,germline,GRCh37,NC_000007.13,7,44186093,44186093,na,na,7p13,"criteria provided, single submitter",1,-,N,-,2,3594713,44186093,A,C,-,-,-,-,-,-,SCV005668341,-,-
3728822,single nucleotide variant,NM_000162.5(GCK):c.988T>G (p.Phe330Val),2645,GCK,HGNC:4195,Uncertain significance,0,"Apr 30, 2024",-1,-,RCV005035834,"Human Phenotype Ontology:HP:0005965,Human Phenotype Ontology:HP:0005978,Human Phenotype Ontology:HP:0100652,MONDO:MONDO:0005148,MeSH:D003924,MedGen:C0011860,OMIM:125853;MONDO:MONDO:0007453,MedGen:C0342277,OMIM:125851,Orphanet:552;MONDO:MONDO:0011236,MedGen:C1865290,OMIM:602485,Orphanet:79299;MONDO:MONDO:0100165,MedGen:C5393570,OMIM:606176",Type 2 diabetes mellitus;Maturity-onset diabetes of the young type 2;Hyperinsulinism due to glucokinase deficiency;Permanent neonatal diabetes mellitus 1,germline,germline,GRCh38,NC_000007.14,7,44146494,44146494,na,na,7p13,"criteria provided, single submitter",1,-,N,-,2,3594713,44146494,A,C,-,-,-,-,-,-,SCV005668341,-,-
3728823,single nucleotide variant,NM_000162.5(GCK):c.954G>T (p.Gly318=),2645,GCK,HGNC:4195,Uncertain significance,0,"Apr 27, 2024",-1,-,RCV005035835,"Human Phenotype Ontology:HP:0005965,Human Phenotype Ontology:HP:0005978,Human Phenotype Ontology:HP:0100652,MONDO:MONDO:0005148,MeSH:D003924,MedGen:C0011860,OMIM:125853;MONDO:MONDO:0007453,MedGen:C0342277,OMIM:125851,Orphanet:552;MONDO:MONDO:0011236,MedGen:C1865290,OMIM:602485,Orphanet:79299;MONDO:MONDO:0100165,MedGen:C5393570,OMIM:606176",Type 2 diabetes mellitus;Maturity-onset diabetes of the young type 2;Hyperinsulinism due to glucokinase deficiency;Permanent neonatal diabetes mellitus 1,germline,germline,GRCh37,NC_000007.13,7,44186127,44186127,na,na,7p13,"criteria provided, single submitter",1,-,N,-,2,3594714,44186127,C,A,-,-,-,-,-,-,SCV005668342,-,-
3728823,single nucleotide variant,NM_000162.5(GCK):c.954G>T (p.Gly318=),2645,GCK,HGNC:4195,Uncertain significance,0,"Apr 27, 2024",-1,-,RCV005035835,"Human Phenotype Ontology:HP:0005965,Human Phenotype Ontology:HP:0005978,Human Phenotype Ontology:HP:0100652,MONDO:MONDO:0005148,MeSH:D003924,MedGen:C0011860,OMIM:125853;MONDO:MONDO:0007453,MedGen:C0342277,OMIM:125851,Orphanet:552;MONDO:MONDO:0011236,MedGen:C1865290,OMIM:602485,Orphanet:79299;MONDO:MONDO:0100165,MedGen:C5393570,OMIM:606176",Type 2 diabetes mellitus;Maturity-onset diabetes of the young type 2;Hyperinsulinism due to glucokinase deficiency;Permanent neonatal diabetes mellitus 1,germline,germline,GRCh38,NC_000007.14,7,44146528,44146528,na,na,7p13,"criteria provided, single submitter",1,-,N,-,2,3594714,44146528,C,A,-,-,-,-,-,-,SCV005668342,-,-
3728824,single nucleotide variant,NM_000162.5(GCK):c.907C>A (p.Arg303=),2645,GCK,HGNC:4195,Uncertain significance,0,"Jan 30, 2024",-1,-,RCV005035836,"Human Phenotype Ontology:HP:0005965,Human Phenotype Ontology:HP:0005978,Human Phenotype Ontology:HP:0100652,MONDO:MONDO:0005148,MeSH:D003924,MedGen:C0011860,OMIM:125853;MONDO:MONDO:0007453,MedGen:C0342277,OMIM:125851,Orphanet:552;MONDO:MONDO:0011236,MedGen:C1865290,OMIM:602485,Orphanet:79299;MONDO:MONDO:0100165,MedGen:C5393570,OMIM:606176",Type 2 diabetes mellitus;Maturity-onset diabetes of the young type 2;Hyperinsulinism due to glucokinase deficiency;Permanent neonatal diabetes mellitus 1,germline,germline,GRCh37,NC_000007.13,7,44186174,44186174,na,na,7p13,"criteria provided, single submitter",1,-,N,-,2,3594715,44186174,G,T,-,-,-,-,-,-,SCV005668345,-,-
3728824,single nucleotide variant,NM_000162.5(GCK):c.907C>A (p.Arg303=),2645,GCK,HGNC:4195,Uncertain significance,0,"Jan 30, 2024",-1,-,RCV005035836,"Human Phenotype Ontology:HP:0005965,Human Phenotype Ontology:HP:0005978,Human Phenotype Ontology:HP:0100652,MONDO:MONDO:0005148,MeSH:D003924,MedGen:C0011860,OMIM:125853;MONDO:MONDO:0007453,MedGen:C0342277,OMIM:125851,Orphanet:552;MONDO:MONDO:0011236,MedGen:C1865290,OMIM:602485,Orphanet:79299;MONDO:MONDO:0100165,MedGen:C5393570,OMIM:606176",Type 2 diabetes mellitus;Maturity-onset diabetes of the young type 2;Hyperinsulinism due to glucokinase deficiency;Permanent neonatal diabetes mellitus 1,germline,germline,GRCh38,NC_000007.14,7,44146575,44146575,na,na,7p13,"criteria provided, single submitter",1,-,N,-,2,3594715,44146575,G,T,-,-,-,-,-,-,SCV005668345,-,-
3728826,single nucleotide variant,NM_000162.5(GCK):c.483+117T>C,2645,GCK,HGNC:4195,Likely pathogenic,1,"May 23, 2024",-1,-,RCV005035837,"Human Phenotype Ontology:HP:0005965,Human Phenotype Ontology:HP:0005978,Human Phenotype Ontology:HP:0100652,MONDO:MONDO:0005148,MeSH:D003924,MedGen:C0011860,OMIM:125853;MONDO:MONDO:0007453,MedGen:C0342277,OMIM:125851,Orphanet:552;MONDO:MONDO:0011236,MedGen:C1865290,OMIM:602485,Orphanet:79299;MONDO:MONDO:0100165,MedGen:C5393570,OMIM:606176",Type 2 diabetes mellitus;Maturity-onset diabetes of the young type 2;Hyperinsulinism due to glucokinase deficiency;Permanent neonatal diabetes mellitus 1,germline,germline,GRCh37,NC_000007.13,7,44190438,44190438,na,na,7p13,"criteria provided, single submitter",1,-,N,-,2,3594716,44190438,A,G,-,-,-,-,-,-,SCV005668352,-,-
3728826,single nucleotide variant,NM_000162.5(GCK):c.483+117T>C,2645,GCK,HGNC:4195,Likely pathogenic,1,"May 23, 2024",-1,-,RCV005035837,"Human Phenotype Ontology:HP:0005965,Human Phenotype Ontology:HP:0005978,Human Phenotype Ontology:HP:0100652,MONDO:MONDO:0005148,MeSH:D003924,MedGen:C0011860,OMIM:125853;MONDO:MONDO:0007453,MedGen:C0342277,OMIM:125851,Orphanet:552;MONDO:MONDO:0011236,MedGen:C1865290,OMIM:602485,Orphanet:79299;MONDO:MONDO:0100165,MedGen:C5393570,OMIM:606176",Type 2 diabetes mellitus;Maturity-onset diabetes of the young type 2;Hyperinsulinism due to glucokinase deficiency;Permanent neonatal diabetes mellitus 1,germline,germline,GRCh38,NC_000007.14,7,44150839,44150839,na,na,7p13,"criteria provided, single submitter",1,-,N,-,2,3594716,44150839,A,G,-,-,-,-,-,-,SCV005668352,-,-
3728827,single nucleotide variant,NM_000162.5(GCK):c.483+13G>A,2645,GCK,HGNC:4195,Uncertain significance,0,"Feb 20, 2024",-1,-,RCV005035838,"Human Phenotype Ontology:HP:0005965,Human Phenotype Ontology:HP:0005978,Human Phenotype Ontology:HP:0100652,MONDO:MONDO:0005148,MeSH:D003924,MedGen:C0011860,OMIM:125853;MONDO:MONDO:0007453,MedGen:C0342277,OMIM:125851,Orphanet:552;MONDO:MONDO:0011236,MedGen:C1865290,OMIM:602485,Orphanet:79299;MONDO:MONDO:0100165,MedGen:C5393570,OMIM:606176",Type 2 diabetes mellitus;Maturity-onset diabetes of the young type 2;Hyperinsulinism due to glucokinase deficiency;Permanent neonatal diabetes mellitus 1,germline,germline,GRCh37,NC_000007.13,7,44190542,44190542,na,na,7p13,"criteria provided, single submitter",1,-,N,-,2,3594717,44190542,C,T,-,-,-,-,-,-,SCV005668353,-,-
3728827,single nucleotide variant,NM_000162.5(GCK):c.483+13G>A,2645,GCK,HGNC:4195,Uncertain significance,0,"Feb 20, 2024",-1,-,RCV005035838,"Human Phenotype Ontology:HP:0005965,Human Phenotype Ontology:HP:0005978,Human Phenotype Ontology:HP:0100652,MONDO:MONDO:0005148,MeSH:D003924,MedGen:C0011860,OMIM:125853;MONDO:MONDO:0007453,MedGen:C0342277,OMIM:125851,Orphanet:552;MONDO:MONDO:0011236,MedGen:C1865290,OMIM:602485,Orphanet:79299;MONDO:MONDO:0100165,MedGen:C5393570,OMIM:606176",Type 2 diabetes mellitus;Maturity-onset diabetes of the young type 2;Hyperinsulinism due to glucokinase deficiency;Permanent neonatal diabetes mellitus 1,germline,germline,GRCh38,NC_000007.14,7,44150943,44150943,na,na,7p13,"criteria provided, single submitter",1,-,N,-,2,3594717,44150943,C,T,-,-,-,-,-,-,SCV005668353,-,-
3728828,single nucleotide variant,NM_000162.5(GCK):c.364-14C>T,2645,GCK,HGNC:4195,Conflicting classifications of pathogenicity,0,"May 27, 2024",-1,-,RCV005035839|RCV005063320,"Human Phenotype Ontology:HP:0005965,Human Phenotype Ontology:HP:0005978,Human Phenotype Ontology:HP:0100652,MONDO:MONDO:0005148,MeSH:D003924,MedGen:C0011860,OMIM:125853;MONDO:MONDO:0007453,MedGen:C0342277,OMIM:125851,Orphanet:552;MONDO:MONDO:0011236,MedGen:C1865290,OMIM:602485,Orphanet:79299;MONDO:MONDO:0100165,MedGen:C5393570,OMIM:606176|MedGen:C3661900",Type 2 diabetes mellitus;Maturity-onset diabetes of the young type 2;Hyperinsulinism due to glucokinase deficiency;Permanent neonatal diabetes mellitus 1|not provided,germline,germline,GRCh37,NC_000007.13,7,44190688,44190688,na,na,7p13,"criteria provided, conflicting classifications",2,-,N,-,2,3594718,44190688,G,A,-,-,-,-,-,-,SCV005668355|SCV005703917,-,-
3728828,single nucleotide variant,NM_000162.5(GCK):c.364-14C>T,2645,GCK,HGNC:4195,Conflicting classifications of pathogenicity,0,"May 27, 2024",-1,-,RCV005035839|RCV005063320,"Human Phenotype Ontology:HP:0005965,Human Phenotype Ontology:HP:0005978,Human Phenotype Ontology:HP:0100652,MONDO:MONDO:0005148,MeSH:D003924,MedGen:C0011860,OMIM:125853;MONDO:MONDO:0007453,MedGen:C0342277,OMIM:125851,Orphanet:552;MONDO:MONDO:0011236,MedGen:C1865290,OMIM:602485,Orphanet:79299;MONDO:MONDO:0100165,MedGen:C5393570,OMIM:606176|MedGen:C3661900",Type 2 diabetes mellitus;Maturity-onset diabetes of the young type 2;Hyperinsulinism due to glucokinase deficiency;Permanent neonatal diabetes mellitus 1|not provided,germline,germline,GRCh38,NC_000007.14,7,44151089,44151089,na,na,7p13,"criteria provided, conflicting classifications",2,-,N,-,2,3594718,44151089,G,A,-,-,-,-,-,-,SCV005668355|SCV005703917,-,-
3728829,single nucleotide variant,NM_000162.5(GCK):c.315C>A (p.His105Gln),2645,GCK,HGNC:4195,Uncertain significance,0,"Jun 11, 2024",-1,-,RCV005035840,"Human Phenotype Ontology:HP:0005965,Human Phenotype Ontology:HP:0005978,Human Phenotype Ontology:HP:0100652,MONDO:MONDO:0005148,MeSH:D003924,MedGen:C0011860,OMIM:125853;MONDO:MONDO:0007453,MedGen:C0342277,OMIM:125851,Orphanet:552;MONDO:MONDO:0011236,MedGen:C1865290,OMIM:602485,Orphanet:79299;MONDO:MONDO:0100165,MedGen:C5393570,OMIM:606176",Type 2 diabetes mellitus;Maturity-onset diabetes of the young type 2;Hyperinsulinism due to glucokinase deficiency;Permanent neonatal diabetes mellitus 1,germline,germline,GRCh37,NC_000007.13,7,44191918,44191918,na,na,7p13,"criteria provided, single submitter",1,-,N,-,2,3594719,44191918,G,T,-,-,-,-,-,-,SCV005668357,-,-
3728829,single nucleotide variant,NM_000162.5(GCK):c.315C>A (p.His105Gln),2645,GCK,HGNC:4195,Uncertain significance,0,"Jun 11, 2024",-1,-,RCV005035840,"Human Phenotype Ontology:HP:0005965,Human Phenotype Ontology:HP:0005978,Human Phenotype Ontology:HP:0100652,MONDO:MONDO:0005148,MeSH:D003924,MedGen:C0011860,OMIM:125853;MONDO:MONDO:0007453,MedGen:C0342277,OMIM:125851,Orphanet:552;MONDO:MONDO:0011236,MedGen:C1865290,OMIM:602485,Orphanet:79299;MONDO:MONDO:0100165,MedGen:C5393570,OMIM:606176",Type 2 diabetes mellitus;Maturity-onset diabetes of the young type 2;Hyperinsulinism due to glucokinase deficiency;Permanent neonatal diabetes mellitus 1,germline,germline,GRCh38,NC_000007.14,7,44152319,44152319,na,na,7p13,"criteria provided, single submitter",1,-,N,-,2,3594719,44152319,G,T,-,-,-,-,-,-,SCV005668357,-,-
3728830,single nucleotide variant,NM_000162.5(GCK):c.53A>G (p.Gln18Arg),2645,GCK,HGNC:4195,Uncertain significance,0,"Mar 12, 2024",-1,-,RCV005035841,"Human Phenotype Ontology:HP:0005965,Human Phenotype Ontology:HP:0005978,Human Phenotype Ontology:HP:0100652,MONDO:MONDO:0005148,MeSH:D003924,MedGen:C0011860,OMIM:125853;MONDO:MONDO:0007453,MedGen:C0342277,OMIM:125851,Orphanet:552;MONDO:MONDO:0011236,MedGen:C1865290,OMIM:602485,Orphanet:79299;MONDO:MONDO:0100165,MedGen:C5393570,OMIM:606176",Type 2 diabetes mellitus;Maturity-onset diabetes of the young type 2;Hyperinsulinism due to glucokinase deficiency;Permanent neonatal diabetes mellitus 1,germline,germline,GRCh37,NC_000007.13,7,44193055,44193055,na,na,7p13,"criteria provided, single submitter",1,-,N,-,2,3594720,44193055,T,C,-,-,-,-,-,-,SCV005668364,-,-
3728830,single nucleotide variant,NM_000162.5(GCK):c.53A>G (p.Gln18Arg),2645,GCK,HGNC:4195,Uncertain significance,0,"Mar 12, 2024",-1,-,RCV005035841,"Human Phenotype Ontology:HP:0005965,Human Phenotype Ontology:HP:0005978,Human Phenotype Ontology:HP:0100652,MONDO:MONDO:0005148,MeSH:D003924,MedGen:C0011860,OMIM:125853;MONDO:MONDO:0007453,MedGen:C0342277,OMIM:125851,Orphanet:552;MONDO:MONDO:0011236,MedGen:C1865290,OMIM:602485,Orphanet:79299;MONDO:MONDO:0100165,MedGen:C5393570,OMIM:606176",Type 2 diabetes mellitus;Maturity-onset diabetes of the young type 2;Hyperinsulinism due to glucokinase deficiency;Permanent neonatal diabetes mellitus 1,germline,germline,GRCh38,NC_000007.14,7,44153456,44153456,na,na,7p13,"criteria provided, single submitter",1,-,N,-,2,3594720,44153456,T,C,-,-,-,-,-,-,SCV005668364,-,-
3728831,single nucleotide variant,NM_000162.5(GCK):c.49G>C (p.Glu17Gln),2645,GCK,HGNC:4195,Uncertain significance,0,"May 23, 2024",-1,-,RCV005035842,"Human Phenotype Ontology:HP:0005965,Human Phenotype Ontology:HP:0005978,Human Phenotype Ontology:HP:0100652,MONDO:MONDO:0005148,MeSH:D003924,MedGen:C0011860,OMIM:125853;MONDO:MONDO:0007453,MedGen:C0342277,OMIM:125851,Orphanet:552;MONDO:MONDO:0011236,MedGen:C1865290,OMIM:602485,Orphanet:79299;MONDO:MONDO:0100165,MedGen:C5393570,OMIM:606176",Type 2 diabetes mellitus;Maturity-onset diabetes of the young type 2;Hyperinsulinism due to glucokinase deficiency;Permanent neonatal diabetes mellitus 1,germline,germline,GRCh37,NC_000007.13,7,44193059,44193059,na,na,7p13,"criteria provided, single submitter",1,-,N,-,2,3594721,44193059,C,G,-,-,-,-,-,-,SCV005668365,-,-
3728831,single nucleotide variant,NM_000162.5(GCK):c.49G>C (p.Glu17Gln),2645,GCK,HGNC:4195,Uncertain significance,0,"May 23, 2024",-1,-,RCV005035842,"Human Phenotype Ontology:HP:0005965,Human Phenotype Ontology:HP:0005978,Human Phenotype Ontology:HP:0100652,MONDO:MONDO:0005148,MeSH:D003924,MedGen:C0011860,OMIM:125853;MONDO:MONDO:0007453,MedGen:C0342277,OMIM:125851,Orphanet:552;MONDO:MONDO:0011236,MedGen:C1865290,OMIM:602485,Orphanet:79299;MONDO:MONDO:0100165,MedGen:C5393570,OMIM:606176",Type 2 diabetes mellitus;Maturity-onset diabetes of the young type 2;Hyperinsulinism due to glucokinase deficiency;Permanent neonatal diabetes mellitus 1,germline,germline,GRCh38,NC_000007.14,7,44153460,44153460,na,na,7p13,"criteria provided, single submitter",1,-,N,-,2,3594721,44153460,C,G,-,-,-,-,-,-,SCV005668365,-,-
3730388,Deletion,NM_000162.5(GCK):c.520del (p.Ser174fs),2645,GCK,HGNC:4195,Pathogenic,1,"May 21, 2025",-1,-,RCV005000677,MedGen:C3661900,not provided,germline;unknown,germline,GRCh37,NC_000007.13,7,44189627,44189627,na,na,7p13,"criteria provided, multiple submitters, no conflicts",2,-,N,-,2,3571480,44189626,GA,G,-,-,-,-,-,-,SCV005621123|SCV007456370,-,-
3730388,Deletion,NM_000162.5(GCK):c.520del (p.Ser174fs),2645,GCK,HGNC:4195,Pathogenic,1,"May 21, 2025",-1,-,RCV005000677,MedGen:C3661900,not provided,germline;unknown,germline,GRCh38,NC_000007.14,7,44150028,44150028,na,na,7p13,"criteria provided, multiple submitters, no conflicts",2,-,N,-,2,3571480,44150027,GA,G,-,-,-,-,-,-,SCV005621123|SCV007456370,-,-
3730492,single nucleotide variant,NM_000162.5(GCK):c.905T>A (p.Val302Glu),2645,GCK,HGNC:4195,Likely pathogenic,1,"Feb 16, 2024",-1,-,RCV005000781,MedGen:C3661900,not provided,unknown,unknown,GRCh37,NC_000007.13,7,44186176,44186176,na,na,7p13,"criteria provided, single submitter",1,-,N,-,2,3571584,44186176,A,T,-,-,-,-,-,-,SCV005620561,-,-
3730492,single nucleotide variant,NM_000162.5(GCK):c.905T>A (p.Val302Glu),2645,GCK,HGNC:4195,Likely pathogenic,1,"Feb 16, 2024",-1,-,RCV005000781,MedGen:C3661900,not provided,unknown,unknown,GRCh38,NC_000007.14,7,44146577,44146577,na,na,7p13,"criteria provided, single submitter",1,-,N,-,2,3571584,44146577,A,T,-,-,-,-,-,-,SCV005620561,-,-
3730576,single nucleotide variant,NM_000162.5(GCK):c.1210A>T (p.Ile404Phe),2645,GCK,HGNC:4195,Uncertain significance,0,"May 07, 2025",-1,-,RCV005000866|RCV005575295,"MedGen:C3661900|Human Phenotype Ontology:HP:0004904,MONDO:MONDO:0018911,MedGen:C0342276,OMIM:PS125850,Orphanet:552",not provided|Maturity-onset diabetes of the young,germline;unknown,germline,GRCh37,NC_000007.13,7,44185139,44185139,na,na,7p13,"criteria provided, multiple submitters, no conflicts",2,-,N,-,2,3571669,44185139,T,A,-,-,-,-,-,-,SCV005621217|SCV006240546,-,-
3730576,single nucleotide variant,NM_000162.5(GCK):c.1210A>T (p.Ile404Phe),2645,GCK,HGNC:4195,Uncertain significance,0,"May 07, 2025",-1,-,RCV005000866|RCV005575295,"MedGen:C3661900|Human Phenotype Ontology:HP:0004904,MONDO:MONDO:0018911,MedGen:C0342276,OMIM:PS125850,Orphanet:552",not provided|Maturity-onset diabetes of the young,germline;unknown,germline,GRCh38,NC_000007.14,7,44145540,44145540,na,na,7p13,"criteria provided, multiple submitters, no conflicts",2,-,N,-,2,3571669,44145540,T,A,-,-,-,-,-,-,SCV005621217|SCV006240546,-,-
3730580,single nucleotide variant,NM_000352.6(ABCC8):c.635A>G (p.Asp212Gly),6833,ABCC8,HGNC:59,Uncertain significance,0,"Apr 23, 2024",-1,-,RCV005000870,MedGen:C3661900,not provided,unknown,unknown,GRCh37,NC_000011.9,11,17483317,17483317,na,na,11p15.1,"criteria provided, single submitter",1,-,N,-,2,3571673,17483317,T,C,-,-,-,-,-,-,SCV005621222,-,-
3730580,single nucleotide variant,NM_000352.6(ABCC8):c.635A>G (p.Asp212Gly),6833,ABCC8,HGNC:59,Uncertain significance,0,"Apr 23, 2024",-1,-,RCV005000870,MedGen:C3661900,not provided,unknown,unknown,GRCh38,NC_000011.10,11,17461770,17461770,na,na,11p15.1,"criteria provided, single submitter",1,-,N,-,2,3571673,17461770,T,C,-,-,-,-,-,-,SCV005621222,-,-
3730630,single nucleotide variant,NM_000162.5(GCK):c.484-1G>A,2645,GCK,HGNC:4195,Pathogenic,1,"Jan 15, 2025",-1,-,RCV005000920,MedGen:C3661900,not provided,germline;unknown,germline,GRCh37,NC_000007.13,7,44189664,44189664,na,na,7p13,"criteria provided, multiple submitters, no conflicts",2,-,N,-,2,3571723,44189664,C,T,-,-,-,-,-,-,SCV005621281|SCV005835304,-,-
3730630,single nucleotide variant,NM_000162.5(GCK):c.484-1G>A,2645,GCK,HGNC:4195,Pathogenic,1,"Jan 15, 2025",-1,-,RCV005000920,MedGen:C3661900,not provided,germline;unknown,germline,GRCh38,NC_000007.14,7,44150065,44150065,na,na,7p13,"criteria provided, multiple submitters, no conflicts",2,-,N,-,2,3571723,44150065,C,T,-,-,-,-,-,-,SCV005621281|SCV005835304,-,-
3730823,Deletion,NM_000162.5(GCK):c.692del (p.Asn231fs),2645,GCK,HGNC:4195,Pathogenic,1,"Dec 04, 2024",-1,-,RCV004997710,MedGen:C3661900,not provided,unknown,unknown,GRCh37,NC_000007.13,7,44187420,44187420,na,na,7p13,"criteria provided, single submitter",1,-,N,-,2,3571918,44187419,AT,A,-,-,-,-,-,-,SCV005621962,-,-
3730823,Deletion,NM_000162.5(GCK):c.692del (p.Asn231fs),2645,GCK,HGNC:4195,Pathogenic,1,"Dec 04, 2024",-1,-,RCV004997710,MedGen:C3661900,not provided,unknown,unknown,GRCh38,NC_000007.14,7,44147821,44147821,na,na,7p13,"criteria provided, single submitter",1,-,N,-,2,3571918,44147820,AT,A,-,-,-,-,-,-,SCV005621962,-,-
3730897,Indel,NM_000162.5(GCK):c.1237_1250delinsCAGCTAA (p.Tyr413fs),2645,GCK,HGNC:4195,Likely pathogenic,1,"Apr 24, 2024",-1,-,RCV004997784,MedGen:C3661900,not provided,unknown,unknown,GRCh37,NC_000007.13,7,44185099,44185112,na,na,7p13,"criteria provided, single submitter",1,-,N,-,2,3571992,44185099,GGGTGCAGCTTGTA,TTAGCTG,-,-,-,-,-,-,SCV005622196,-,-
3730897,Indel,NM_000162.5(GCK):c.1237_1250delinsCAGCTAA (p.Tyr413fs),2645,GCK,HGNC:4195,Likely pathogenic,1,"Apr 24, 2024",-1,-,RCV004997784,MedGen:C3661900,not provided,unknown,unknown,GRCh38,NC_000007.14,7,44145500,44145513,na,na,7p13,"criteria provided, single submitter",1,-,N,-,2,3571992,44145500,GGGTGCAGCTTGTA,TTAGCTG,-,-,-,-,-,-,SCV005622196,-,-
3732590,single nucleotide variant,NM_000352.6(ABCC8):c.4016C>T (p.Pro1339Leu),6833,ABCC8,HGNC:59,Uncertain significance,0,"Jul 16, 2024",-1,-,RCV005004059,MedGen:C3661900,not provided,germline,germline,GRCh37,NC_000011.9,11,17418566,17418566,na,na,11p15.1,"criteria provided, single submitter",1,-,N,-,2,3573700,17418566,G,A,-,-,-,-,-,-,SCV005628733,-,-
3732590,single nucleotide variant,NM_000352.6(ABCC8):c.4016C>T (p.Pro1339Leu),6833,ABCC8,HGNC:59,Uncertain significance,0,"Jul 16, 2024",-1,-,RCV005004059,MedGen:C3661900,not provided,germline,germline,GRCh38,NC_000011.10,11,17397019,17397019,na,na,11p15.1,"criteria provided, single submitter",1,-,N,-,2,3573700,17397019,G,A,-,-,-,-,-,-,SCV005628733,-,-
3732769,single nucleotide variant,NM_000162.5(GCK):c.776C>G (p.Ala259Gly),2645,GCK,HGNC:4195,Uncertain significance,0,"Jul 18, 2024",-1,-,RCV005004601,MedGen:C3661900,not provided,germline,germline,GRCh37,NC_000007.13,7,44187336,44187336,na,na,7p13,"criteria provided, single submitter",1,-,N,-,2,3573883,44187336,G,C,-,-,-,-,-,-,SCV005629018,-,-
3732769,single nucleotide variant,NM_000162.5(GCK):c.776C>G (p.Ala259Gly),2645,GCK,HGNC:4195,Uncertain significance,0,"Jul 18, 2024",-1,-,RCV005004601,MedGen:C3661900,not provided,germline,germline,GRCh38,NC_000007.14,7,44147737,44147737,na,na,7p13,"criteria provided, single submitter",1,-,N,-,2,3573883,44147737,G,C,-,-,-,-,-,-,SCV005629018,-,-
3733168,single nucleotide variant,NM_000162.5(GCK):c.940C>A (p.Leu314Met),2645,GCK,HGNC:4195,Uncertain significance,0,"Jul 24, 2024",-1,-,RCV005052357,MedGen:C3661900,not provided,germline,germline,GRCh37,NC_000007.13,7,44186141,44186141,na,na,7p13,"criteria provided, multiple submitters, no conflicts",2,-,N,-,2,3600553,44186141,G,T,-,-,-,-,-,-,SCV005685568|SCV005751804,-,-
3733168,single nucleotide variant,NM_000162.5(GCK):c.940C>A (p.Leu314Met),2645,GCK,HGNC:4195,Uncertain significance,0,"Jul 24, 2024",-1,-,RCV005052357,MedGen:C3661900,not provided,germline,germline,GRCh38,NC_000007.14,7,44146542,44146542,na,na,7p13,"criteria provided, multiple submitters, no conflicts",2,-,N,-,2,3600553,44146542,G,T,-,-,-,-,-,-,SCV005685568|SCV005751804,-,-
3733178,single nucleotide variant,NM_000352.6(ABCC8):c.3677T>A (p.Leu1226His),6833,ABCC8,HGNC:59,Uncertain significance,0,"Jul 25, 2024",-1,-,RCV005052367,MedGen:C3661900,not provided,germline,germline,GRCh37,NC_000011.9,11,17419962,17419962,na,na,11p15.1,"criteria provided, single submitter",1,-,N,-,2,3600563,17419962,A,T,-,-,-,-,-,-,SCV005685582,-,-
3733178,single nucleotide variant,NM_000352.6(ABCC8):c.3677T>A (p.Leu1226His),6833,ABCC8,HGNC:59,Uncertain significance,0,"Jul 25, 2024",-1,-,RCV005052367,MedGen:C3661900,not provided,germline,germline,GRCh38,NC_000011.10,11,17398415,17398415,na,na,11p15.1,"criteria provided, single submitter",1,-,N,-,2,3600563,17398415,A,T,-,-,-,-,-,-,SCV005685582,-,-
3733564,single nucleotide variant,NM_000352.6(ABCC8):c.1612A>T (p.Ile538Phe),6833,ABCC8,HGNC:59,Uncertain significance,0,"Jul 23, 2024",-1,-,RCV005052754,MedGen:C3661900,not provided,germline,germline,GRCh37,NC_000011.9,11,17464285,17464285,na,na,11p15.1,"criteria provided, single submitter",1,-,N,-,2,3600950,17464285,T,A,-,-,-,-,-,-,SCV005686288,-,-
3733564,single nucleotide variant,NM_000352.6(ABCC8):c.1612A>T (p.Ile538Phe),6833,ABCC8,HGNC:59,Uncertain significance,0,"Jul 23, 2024",-1,-,RCV005052754,MedGen:C3661900,not provided,germline,germline,GRCh38,NC_000011.10,11,17442738,17442738,na,na,11p15.1,"criteria provided, single submitter",1,-,N,-,2,3600950,17442738,T,A,-,-,-,-,-,-,SCV005686288,-,-
3734786,single nucleotide variant,NM_000162.5(GCK):c.620T>A (p.Val207Glu),2645,GCK,HGNC:4195,Uncertain significance,0,"Jan 29, 2025",-1,-,RCV005054519,"MONDO:MONDO:0015967,MedGen:C3888631,Orphanet:183625",Monogenic diabetes,germline,germline,GRCh37,NC_000007.13,7,44189418,44189418,na,na,7p13,reviewed by expert panel,1,-,N,-,2,3602114,44189418,A,T,-,-,-,-,-,-,SCV005687800,-,-
3734786,single nucleotide variant,NM_000162.5(GCK):c.620T>A (p.Val207Glu),2645,GCK,HGNC:4195,Uncertain significance,0,"Jan 29, 2025",-1,-,RCV005054519,"MONDO:MONDO:0015967,MedGen:C3888631,Orphanet:183625",Monogenic diabetes,germline,germline,GRCh38,NC_000007.14,7,44149819,44149819,na,na,7p13,reviewed by expert panel,1,-,N,-,2,3602114,44149819,A,T,-,-,-,-,-,-,SCV005687800,-,-
3734787,single nucleotide variant,NM_000162.5(GCK):c.619G>A (p.Val207Met),2645,GCK,HGNC:4195,Uncertain significance,0,"Jan 29, 2025",-1,-,RCV005054520,"MONDO:MONDO:0015967,MedGen:C3888631,Orphanet:183625",Monogenic diabetes,germline,germline,GRCh37,NC_000007.13,7,44189419,44189419,na,na,7p13,reviewed by expert panel,1,-,N,-,2,3602115,44189419,C,T,-,-,-,-,-,-,SCV005687801,-,-
3734787,single nucleotide variant,NM_000162.5(GCK):c.619G>A (p.Val207Met),2645,GCK,HGNC:4195,Uncertain significance,0,"Jan 29, 2025",-1,-,RCV005054520,"MONDO:MONDO:0015967,MedGen:C3888631,Orphanet:183625",Monogenic diabetes,germline,germline,GRCh38,NC_000007.14,7,44149820,44149820,na,na,7p13,reviewed by expert panel,1,-,N,-,2,3602115,44149820,C,T,-,-,-,-,-,-,SCV005687801,-,-
3734788,single nucleotide variant,NM_000162.5(GCK):c.1010A>C (p.Gln337Pro),2645,GCK,HGNC:4195,Likely pathogenic,1,"Jan 29, 2025",-1,-,RCV005054521|RCV005422538,"MONDO:MONDO:0015967,MedGen:C3888631,Orphanet:183625|MedGen:C3661900",Monogenic diabetes|not provided,germline,germline,GRCh37,NC_000007.13,7,44186071,44186071,na,na,7p13,reviewed by expert panel,2,-,N,-,2,3602116,44186071,T,G,-,-,-,-,-,-,SCV005687803,-,-
3734788,single nucleotide variant,NM_000162.5(GCK):c.1010A>C (p.Gln337Pro),2645,GCK,HGNC:4195,Likely pathogenic,1,"Jan 29, 2025",-1,-,RCV005054521|RCV005422538,"MONDO:MONDO:0015967,MedGen:C3888631,Orphanet:183625|MedGen:C3661900",Monogenic diabetes|not provided,germline,germline,GRCh38,NC_000007.14,7,44146472,44146472,na,na,7p13,reviewed by expert panel,2,-,N,-,2,3602116,44146472,T,G,-,-,-,-,-,-,SCV005687803,-,-
3734789,Deletion,NM_000162.5(GCK):c.452_454del (p.Ser151del),2645,GCK,HGNC:4195,Pathogenic,1,"Jan 29, 2025",-1,-,RCV005054522|RCV005105395,"MONDO:MONDO:0015967,MedGen:C3888631,Orphanet:183625|MedGen:C3661900",Monogenic diabetes|not provided,germline,germline,GRCh37,NC_000007.13,7,44190584,44190586,na,na,7p13,reviewed by expert panel,2,-,N,-,2,3602117,44190583,AAGG,A,-,-,-,-,-,-,SCV005687805,-,-
3734789,Deletion,NM_000162.5(GCK):c.452_454del (p.Ser151del),2645,GCK,HGNC:4195,Pathogenic,1,"Jan 29, 2025",-1,-,RCV005054522|RCV005105395,"MONDO:MONDO:0015967,MedGen:C3888631,Orphanet:183625|MedGen:C3661900",Monogenic diabetes|not provided,germline,germline,GRCh38,NC_000007.14,7,44150985,44150987,na,na,7p13,reviewed by expert panel,2,-,N,-,2,3602117,44150984,AAGG,A,-,-,-,-,-,-,SCV005687805,-,-
3734790,single nucleotide variant,NM_000162.5(GCK):c.619G>C (p.Val207Leu),2645,GCK,HGNC:4195,Uncertain significance,0,"Jan 29, 2025",-1,-,RCV005054523,"MONDO:MONDO:0015967,MedGen:C3888631,Orphanet:183625",Monogenic diabetes,germline,germline,GRCh37,NC_000007.13,7,44189419,44189419,na,na,7p13,reviewed by expert panel,1,-,N,-,2,3602118,44189419,C,G,-,-,-,-,-,-,SCV005687806,-,-
3734790,single nucleotide variant,NM_000162.5(GCK):c.619G>C (p.Val207Leu),2645,GCK,HGNC:4195,Uncertain significance,0,"Jan 29, 2025",-1,-,RCV005054523,"MONDO:MONDO:0015967,MedGen:C3888631,Orphanet:183625",Monogenic diabetes,germline,germline,GRCh38,NC_000007.14,7,44149820,44149820,na,na,7p13,reviewed by expert panel,1,-,N,-,2,3602118,44149820,C,G,-,-,-,-,-,-,SCV005687806,-,-
3734802,single nucleotide variant,NM_000162.5(GCK):c.1180C>A (p.Arg394Ser),2645,GCK,HGNC:4195,Likely pathogenic,1,"Apr 21, 2025",-1,-,RCV005054535|RCV005105396,"MONDO:MONDO:0015967,MedGen:C3888631,Orphanet:183625|MedGen:C3661900",Monogenic diabetes|not provided,germline,germline,GRCh37,NC_000007.13,7,44185169,44185169,na,na,7p13,reviewed by expert panel,2,-,N,-,2,3602130,44185169,G,T,-,-,-,-,-,-,SCV005687827,-,-
3734802,single nucleotide variant,NM_000162.5(GCK):c.1180C>A (p.Arg394Ser),2645,GCK,HGNC:4195,Likely pathogenic,1,"Apr 21, 2025",-1,-,RCV005054535|RCV005105396,"MONDO:MONDO:0015967,MedGen:C3888631,Orphanet:183625|MedGen:C3661900",Monogenic diabetes|not provided,germline,germline,GRCh38,NC_000007.14,7,44145570,44145570,na,na,7p13,reviewed by expert panel,2,-,N,-,2,3602130,44145570,G,T,-,-,-,-,-,-,SCV005687827,-,-
3737929,Indel,NM_000352.6(ABCC8):c.4105_4106delinsTT (p.Ala1369Phe),6833,ABCC8,HGNC:59,Uncertain significance,0,"Oct 04, 2024",-1,-,RCV005074528,MedGen:C3661900,not provided,germline,germline,GRCh37,NC_000011.9,11,17418476,17418477,na,na,11p15.1,"criteria provided, single submitter",1,-,N,-,2,3610401,17418476,GC,AA,-,-,-,-,-,-,SCV005698832,-,-
3737929,Indel,NM_000352.6(ABCC8):c.4105_4106delinsTT (p.Ala1369Phe),6833,ABCC8,HGNC:59,Uncertain significance,0,"Oct 04, 2024",-1,-,RCV005074528,MedGen:C3661900,not provided,germline,germline,GRCh38,NC_000011.10,11,17396929,17396930,na,na,11p15.1,"criteria provided, single submitter",1,-,N,-,2,3610401,17396929,GC,AA,-,-,-,-,-,-,SCV005698832,-,-
3738570,single nucleotide variant,NM_000352.6(ABCC8):c.2284G>C (p.Asp762His),6833,ABCC8,HGNC:59,Uncertain significance,0,"Mar 03, 2024",-1,-,RCV005074978,MedGen:C3661900,not provided,germline,germline,GRCh37,NC_000011.9,11,17436858,17436858,na,na,11p15.1,"criteria provided, single submitter",1,-,N,-,2,3612339,17436858,C,G,-,-,-,-,-,-,SCV005701238,-,-
3738570,single nucleotide variant,NM_000352.6(ABCC8):c.2284G>C (p.Asp762His),6833,ABCC8,HGNC:59,Uncertain significance,0,"Mar 03, 2024",-1,-,RCV005074978,MedGen:C3661900,not provided,germline,germline,GRCh38,NC_000011.10,11,17415311,17415311,na,na,11p15.1,"criteria provided, single submitter",1,-,N,-,2,3612339,17415311,C,G,-,-,-,-,-,-,SCV005701238,-,-
3740384,single nucleotide variant,NM_000352.6(ABCC8):c.262G>A (p.Glu88Lys),6833,ABCC8,HGNC:59,Uncertain significance,0,"Nov 15, 2024",-1,-,RCV005071737,MedGen:C3661900,not provided,germline,germline,GRCh37,NC_000011.9,11,17496461,17496461,na,na,11p15.1,"criteria provided, single submitter",1,-,N,-,2,3608106,17496461,C,T,-,-,-,-,-,-,SCV005696626,-,-
3740384,single nucleotide variant,NM_000352.6(ABCC8):c.262G>A (p.Glu88Lys),6833,ABCC8,HGNC:59,Uncertain significance,0,"Nov 15, 2024",-1,-,RCV005071737,MedGen:C3661900,not provided,germline,germline,GRCh38,NC_000011.10,11,17474914,17474914,na,na,11p15.1,"criteria provided, single submitter",1,-,N,-,2,3608106,17474914,C,T,-,-,-,-,-,-,SCV005696626,-,-
3740900,single nucleotide variant,NM_000352.6(ABCC8):c.1338T>A (p.Ile446=),6833,ABCC8,HGNC:59,Likely benign,0,"Feb 25, 2024",-1,-,RCV005072063,MedGen:C3661900,not provided,germline,germline,GRCh37,NC_000011.9,11,17464854,17464854,na,na,11p15.1,"criteria provided, single submitter",1,-,N,-,2,3609920,17464854,A,T,-,-,-,-,-,-,SCV005698936,-,-
3740900,single nucleotide variant,NM_000352.6(ABCC8):c.1338T>A (p.Ile446=),6833,ABCC8,HGNC:59,Likely benign,0,"Feb 25, 2024",-1,-,RCV005072063,MedGen:C3661900,not provided,germline,germline,GRCh38,NC_000011.10,11,17443307,17443307,na,na,11p15.1,"criteria provided, single submitter",1,-,N,-,2,3609920,17443307,A,T,-,-,-,-,-,-,SCV005698936,-,-
3743799,single nucleotide variant,NM_000162.5(GCK):c.1212C>T (p.Ile404=),2645,GCK,HGNC:4195,Likely benign,0,"Oct 09, 2024",-1,-,RCV005069205,MedGen:C3661900,not provided,germline,germline,GRCh37,NC_000007.13,7,44185137,44185137,na,na,7p13,"criteria provided, single submitter",1,-,N,-,2,3607638,44185137,G,A,-,-,-,-,-,-,SCV005722918,-,-
3743799,single nucleotide variant,NM_000162.5(GCK):c.1212C>T (p.Ile404=),2645,GCK,HGNC:4195,Likely benign,0,"Oct 09, 2024",-1,-,RCV005069205,MedGen:C3661900,not provided,germline,germline,GRCh38,NC_000007.14,7,44145538,44145538,na,na,7p13,"criteria provided, single submitter",1,-,N,-,2,3607638,44145538,G,A,-,-,-,-,-,-,SCV005722918,-,-
3745357,single nucleotide variant,NM_000352.6(ABCC8):c.3792G>A (p.Val1264=),6833,ABCC8,HGNC:59,Likely benign,0,"Oct 11, 2024",-1,-,RCV005067713,MedGen:C3661900,not provided,germline,germline,GRCh37,NC_000011.9,11,17419306,17419306,na,na,11p15.1,"criteria provided, single submitter",1,-,N,-,2,3613090,17419306,C,T,-,-,-,-,-,-,SCV005702531,-,-
3745357,single nucleotide variant,NM_000352.6(ABCC8):c.3792G>A (p.Val1264=),6833,ABCC8,HGNC:59,Likely benign,0,"Oct 11, 2024",-1,-,RCV005067713,MedGen:C3661900,not provided,germline,germline,GRCh38,NC_000011.10,11,17397759,17397759,na,na,11p15.1,"criteria provided, single submitter",1,-,N,-,2,3613090,17397759,C,T,-,-,-,-,-,-,SCV005702531,-,-
3745611,single nucleotide variant,NM_000352.6(ABCC8):c.290+13C>G,6833,ABCC8,HGNC:59,Likely benign,0,"Feb 03, 2024",-1,-,RCV005073612,MedGen:C3661900,not provided,germline,germline,GRCh37,NC_000011.9,11,17496420,17496420,na,na,11p15.1,"criteria provided, single submitter",1,-,N,-,2,3615933,17496420,G,C,-,-,-,-,-,-,SCV005706033,-,-
3745611,single nucleotide variant,NM_000352.6(ABCC8):c.290+13C>G,6833,ABCC8,HGNC:59,Likely benign,0,"Feb 03, 2024",-1,-,RCV005073612,MedGen:C3661900,not provided,germline,germline,GRCh38,NC_000011.10,11,17474873,17474873,na,na,11p15.1,"criteria provided, single submitter",1,-,N,-,2,3615933,17474873,G,C,-,-,-,-,-,-,SCV005706033,-,-
3745941,single nucleotide variant,NM_000162.5(GCK):c.17C>T (p.Ala6Val),2645,GCK,HGNC:4195,Uncertain significance,0,"Feb 28, 2025",-1,-,RCV005230833|RCV005075927,"MONDO:MONDO:0015967,MedGen:C3888631,Orphanet:183625|MedGen:C3661900",Monogenic diabetes|not provided,germline,germline,GRCh37,NC_000007.13,7,44228536,44228536,na,na,7p13,reviewed by expert panel,2,-,N,-,2,3616264,44228536,G,A,-,-,-,-,-,-,SCV005880133,-,-
3745941,single nucleotide variant,NM_000162.5(GCK):c.17C>T (p.Ala6Val),2645,GCK,HGNC:4195,Uncertain significance,0,"Feb 28, 2025",-1,-,RCV005230833|RCV005075927,"MONDO:MONDO:0015967,MedGen:C3888631,Orphanet:183625|MedGen:C3661900",Monogenic diabetes|not provided,germline,germline,GRCh38,NC_000007.14,7,44188937,44188937,na,na,7p13,reviewed by expert panel,2,-,N,-,2,3616264,44188937,G,A,-,-,-,-,-,-,SCV005880133,-,-
3747099,single nucleotide variant,NM_000352.6(ABCC8):c.2041-20G>A,6833,ABCC8,HGNC:59,Likely benign,0,"Feb 17, 2024",-1,-,RCV005068783,MedGen:C3661900,not provided,germline,germline,GRCh37,NC_000011.9,11,17449509,17449509,na,na,11p15.1,"criteria provided, single submitter",1,-,N,-,2,3607216,17449509,C,T,-,-,-,-,-,-,SCV005722413,-,-
3747099,single nucleotide variant,NM_000352.6(ABCC8):c.2041-20G>A,6833,ABCC8,HGNC:59,Likely benign,0,"Feb 17, 2024",-1,-,RCV005068783,MedGen:C3661900,not provided,germline,germline,GRCh38,NC_000011.10,11,17427962,17427962,na,na,11p15.1,"criteria provided, single submitter",1,-,N,-,2,3607216,17427962,C,T,-,-,-,-,-,-,SCV005722413,-,-
3747757,single nucleotide variant,NM_000162.5(GCK):c.1253G>C (p.Ser418Thr),2645,GCK,HGNC:4195,Uncertain significance,0,"Oct 30, 2024",-1,-,RCV005069248,MedGen:C3661900,not provided,germline,germline,GRCh37,NC_000007.13,7,44185096,44185096,na,na,7p13,"criteria provided, single submitter",1,-,N,-,2,3609169,44185096,C,G,-,-,-,-,-,-,SCV005697707,-,-
3747757,single nucleotide variant,NM_000162.5(GCK):c.1253G>C (p.Ser418Thr),2645,GCK,HGNC:4195,Uncertain significance,0,"Oct 30, 2024",-1,-,RCV005069248,MedGen:C3661900,not provided,germline,germline,GRCh38,NC_000007.14,7,44145497,44145497,na,na,7p13,"criteria provided, single submitter",1,-,N,-,2,3609169,44145497,C,G,-,-,-,-,-,-,SCV005697707,-,-
3748451,single nucleotide variant,NM_000162.5(GCK):c.1019+8G>C,2645,GCK,HGNC:4195,Likely benign,0,"Mar 12, 2024",-1,-,RCV005075098,MedGen:C3661900,not provided,germline,germline,GRCh37,NC_000007.13,7,44186054,44186054,na,na,7p13,"criteria provided, single submitter",1,-,N,-,2,3612459,44186054,C,G,-,-,-,-,-,-,SCV005702091,-,-
3748451,single nucleotide variant,NM_000162.5(GCK):c.1019+8G>C,2645,GCK,HGNC:4195,Likely benign,0,"Mar 12, 2024",-1,-,RCV005075098,MedGen:C3661900,not provided,germline,germline,GRCh38,NC_000007.14,7,44146455,44146455,na,na,7p13,"criteria provided, single submitter",1,-,N,-,2,3612459,44146455,C,G,-,-,-,-,-,-,SCV005702091,-,-
3748528,single nucleotide variant,NM_000162.5(GCK):c.45+4T>A,2645,GCK,HGNC:4195,Uncertain significance,0,"Aug 31, 2024",-1,-,RCV005075176,MedGen:C3661900,not provided,germline,germline,GRCh37,NC_000007.13,7,44228504,44228504,na,na,7p13,"criteria provided, single submitter",1,-,N,-,2,3612537,44228504,A,T,-,-,-,-,-,-,SCV005701521,-,-
3748528,single nucleotide variant,NM_000162.5(GCK):c.45+4T>A,2645,GCK,HGNC:4195,Uncertain significance,0,"Aug 31, 2024",-1,-,RCV005075176,MedGen:C3661900,not provided,germline,germline,GRCh38,NC_000007.14,7,44188905,44188905,na,na,7p13,"criteria provided, single submitter",1,-,N,-,2,3612537,44188905,A,T,-,-,-,-,-,-,SCV005701521,-,-
3756085,single nucleotide variant,NM_000352.6(ABCC8):c.4307+15C>T,6833,ABCC8,HGNC:59,Likely benign,0,"Feb 09, 2024",-1,-,RCV005086357,MedGen:C3661900,not provided,germline,germline,GRCh37,NC_000011.9,11,17417142,17417142,na,na,11p15.1,"criteria provided, single submitter",1,-,N,-,2,3628754,17417142,G,A,-,-,-,-,-,-,SCV005721486,-,-
3756085,single nucleotide variant,NM_000352.6(ABCC8):c.4307+15C>T,6833,ABCC8,HGNC:59,Likely benign,0,"Feb 09, 2024",-1,-,RCV005086357,MedGen:C3661900,not provided,germline,germline,GRCh38,NC_000011.10,11,17395595,17395595,na,na,11p15.1,"criteria provided, single submitter",1,-,N,-,2,3628754,17395595,G,A,-,-,-,-,-,-,SCV005721486,-,-
3756620,single nucleotide variant,NM_000162.5(GCK):c.927C>G (p.Leu309=),2645,GCK,HGNC:4195,Likely benign,0,"Aug 20, 2024",-1,-,RCV005079678,MedGen:C3661900,not provided,germline,germline,GRCh37,NC_000007.13,7,44186154,44186154,na,na,7p13,"criteria provided, single submitter",1,-,N,-,2,3619598,44186154,G,C,-,-,-,-,-,-,SCV005725209,-,-
3756620,single nucleotide variant,NM_000162.5(GCK):c.927C>G (p.Leu309=),2645,GCK,HGNC:4195,Likely benign,0,"Aug 20, 2024",-1,-,RCV005079678,MedGen:C3661900,not provided,germline,germline,GRCh38,NC_000007.14,7,44146555,44146555,na,na,7p13,"criteria provided, single submitter",1,-,N,-,2,3619598,44146555,G,C,-,-,-,-,-,-,SCV005725209,-,-
3757473,single nucleotide variant,NM_000525.4(KCNJ11):c.287C>T (p.Ala96Val),3767,KCNJ11,HGNC:6257,Uncertain significance,0,"Jun 12, 2024",-1,-,RCV005077659|RCV005618441,"MedGen:C3661900|MONDO:MONDO:0100164,MedGen:C1833104,OMIM:PS606176,Orphanet:99885",not provided|Permanent neonatal diabetes mellitus,germline,germline,GRCh37,NC_000011.9,11,17409352,17409352,na,na,11p15.1,"criteria provided, single submitter",2,-,N,-,2,3623034,17409352,G,A,-,-,-,-,-,-,SCV005714653,-,-
3757473,single nucleotide variant,NM_000525.4(KCNJ11):c.287C>T (p.Ala96Val),3767,KCNJ11,HGNC:6257,Uncertain significance,0,"Jun 12, 2024",-1,-,RCV005077659|RCV005618441,"MedGen:C3661900|MONDO:MONDO:0100164,MedGen:C1833104,OMIM:PS606176,Orphanet:99885",not provided|Permanent neonatal diabetes mellitus,germline,germline,GRCh38,NC_000011.10,11,17387805,17387805,na,na,11p15.1,"criteria provided, single submitter",2,-,N,-,2,3623034,17387805,G,A,-,-,-,-,-,-,SCV005714653,-,-
3760026,single nucleotide variant,NM_000352.6(ABCC8):c.1251C>T (p.Ile417=),6833,ABCC8,HGNC:59,Likely benign,0,"Jan 31, 2024",-1,-,RCV005076950,MedGen:C3661900,not provided,germline,germline,GRCh37,NC_000011.9,11,17470144,17470144,na,na,11p15.1,"criteria provided, single submitter",1,-,N,-,2,3620837,17470144,G,A,-,-,-,-,-,-,SCV005710576,-,-
3760026,single nucleotide variant,NM_000352.6(ABCC8):c.1251C>T (p.Ile417=),6833,ABCC8,HGNC:59,Likely benign,0,"Jan 31, 2024",-1,-,RCV005076950,MedGen:C3661900,not provided,germline,germline,GRCh38,NC_000011.10,11,17448597,17448597,na,na,11p15.1,"criteria provided, single submitter",1,-,N,-,2,3620837,17448597,G,A,-,-,-,-,-,-,SCV005710576,-,-
3760934,single nucleotide variant,NM_000352.6(ABCC8):c.4545G>T (p.Thr1515=),6833,ABCC8,HGNC:59,Uncertain significance,0,"Feb 02, 2026",-1,-,RCV005085485,MedGen:C3661900,not provided,germline,germline,GRCh37,NC_000011.9,11,17415813,17415813,na,na,11p15.1,"criteria provided, single submitter",1,-,N,-,2,3624332,17415813,C,A,-,-,-,-,-,-,SCV005715428,-,-
3760934,single nucleotide variant,NM_000352.6(ABCC8):c.4545G>T (p.Thr1515=),6833,ABCC8,HGNC:59,Uncertain significance,0,"Feb 02, 2026",-1,-,RCV005085485,MedGen:C3661900,not provided,germline,germline,GRCh38,NC_000011.10,11,17394266,17394266,na,na,11p15.1,"criteria provided, single submitter",1,-,N,-,2,3624332,17394266,C,A,-,-,-,-,-,-,SCV005715428,-,-
3762343,Deletion,NM_000162.5(GCK):c.739del (p.Asp247fs),2645,GCK,HGNC:4195,Pathogenic,1,"Nov 13, 2024",-1,-,RCV005088259,"MONDO:MONDO:0015967,MedGen:C3888631,Orphanet:183625",Monogenic diabetes,germline,germline,GRCh37,NC_000007.13,7,44187373,44187373,na,na,7p13,"criteria provided, single submitter",1,-,N,-,2,3629664,44187372,TC,T,-,-,-,-,-,-,SCV005726414,-,-
3762343,Deletion,NM_000162.5(GCK):c.739del (p.Asp247fs),2645,GCK,HGNC:4195,Pathogenic,1,"Nov 13, 2024",-1,-,RCV005088259,"MONDO:MONDO:0015967,MedGen:C3888631,Orphanet:183625",Monogenic diabetes,germline,germline,GRCh38,NC_000007.14,7,44147774,44147774,na,na,7p13,"criteria provided, single submitter",1,-,N,-,2,3629664,44147773,TC,T,-,-,-,-,-,-,SCV005726414,-,-
3762485,single nucleotide variant,NM_000352.6(ABCC8):c.2462A>G (p.Gln821Arg),6833,ABCC8,HGNC:59,Uncertain significance,0,"Nov 06, 2024",-1,-,RCV005088401,MedGen:CN169374,not specified,germline,germline,GRCh37,NC_000011.9,11,17434954,17434954,na,na,11p15.1,"criteria provided, single submitter",1,-,N,-,2,3629806,17434954,T,C,-,-,-,-,-,-,SCV005727064,-,-
3762485,single nucleotide variant,NM_000352.6(ABCC8):c.2462A>G (p.Gln821Arg),6833,ABCC8,HGNC:59,Uncertain significance,0,"Nov 06, 2024",-1,-,RCV005088401,MedGen:CN169374,not specified,germline,germline,GRCh38,NC_000011.10,11,17413407,17413407,na,na,11p15.1,"criteria provided, single submitter",1,-,N,-,2,3629806,17413407,T,C,-,-,-,-,-,-,SCV005727064,-,-
3762558,single nucleotide variant,NM_000352.6(ABCC8):c.718G>A (p.Ala240Thr),6833,ABCC8,HGNC:59,Uncertain significance,0,"Nov 01, 2024",-1,-,RCV005088476,MedGen:CN169374,not specified,germline,germline,GRCh37,NC_000011.9,11,17483234,17483234,na,na,11p15.1,"criteria provided, single submitter",1,-,N,-,2,3629881,17483234,C,T,-,-,-,-,-,-,SCV005725912,-,-
3762558,single nucleotide variant,NM_000352.6(ABCC8):c.718G>A (p.Ala240Thr),6833,ABCC8,HGNC:59,Uncertain significance,0,"Nov 01, 2024",-1,-,RCV005088476,MedGen:CN169374,not specified,germline,germline,GRCh38,NC_000011.10,11,17461687,17461687,na,na,11p15.1,"criteria provided, single submitter",1,-,N,-,2,3629881,17461687,C,T,-,-,-,-,-,-,SCV005725912,-,-
3762560,single nucleotide variant,NM_000352.6(ABCC8):c.2731G>C (p.Gly911Arg),6833,ABCC8,HGNC:59,Likely pathogenic,1,"Nov 01, 2024",-1,-,RCV005088478,"MONDO:MONDO:0017182,MedGen:C3888018,Orphanet:276525",Familial hyperinsulinism,germline,germline,GRCh37,NC_000011.9,11,17430028,17430028,na,na,11p15.1,"criteria provided, single submitter",1,-,N,-,2,3629883,17430028,C,G,-,-,-,-,-,-,SCV005725918,-,-
3762560,single nucleotide variant,NM_000352.6(ABCC8):c.2731G>C (p.Gly911Arg),6833,ABCC8,HGNC:59,Likely pathogenic,1,"Nov 01, 2024",-1,-,RCV005088478,"MONDO:MONDO:0017182,MedGen:C3888018,Orphanet:276525",Familial hyperinsulinism,germline,germline,GRCh38,NC_000011.10,11,17408481,17408481,na,na,11p15.1,"criteria provided, single submitter",1,-,N,-,2,3629883,17408481,C,G,-,-,-,-,-,-,SCV005725918,-,-
3763273,single nucleotide variant,NM_000525.4(KCNJ11):c.398T>A (p.Phe133Tyr),3767,KCNJ11,HGNC:6257,Uncertain significance,0,"May 21, 2024",-1,-,RCV005108868,MedGen:C3661900,not provided,germline,germline,GRCh37,NC_000011.9,11,17409241,17409241,na,na,11p15.1,"criteria provided, single submitter",1,-,N,-,2,3632760,17409241,A,T,-,-,-,-,-,-,SCV005729827,-,-
3763273,single nucleotide variant,NM_000525.4(KCNJ11):c.398T>A (p.Phe133Tyr),3767,KCNJ11,HGNC:6257,Uncertain significance,0,"May 21, 2024",-1,-,RCV005108868,MedGen:C3661900,not provided,germline,germline,GRCh38,NC_000011.10,11,17387694,17387694,na,na,11p15.1,"criteria provided, single submitter",1,-,N,-,2,3632760,17387694,A,T,-,-,-,-,-,-,SCV005729827,-,-
3764867,Deletion,NM_000162.5(GCK):c.1000_1009del (p.Phe334fs),2645,GCK,HGNC:4195,Pathogenic,1,"Feb 02, 2024",-1,-,RCV005117566,MedGen:C3661900,not provided,germline,germline,GRCh37,NC_000007.13,7,44186072,44186081,na,na,7p13,"criteria provided, single submitter",1,-,N,-,2,3638238,44186071,TGCGACACGAA,T,-,-,-,-,-,-,SCV005736307,-,-
3764867,Deletion,NM_000162.5(GCK):c.1000_1009del (p.Phe334fs),2645,GCK,HGNC:4195,Pathogenic,1,"Feb 02, 2024",-1,-,RCV005117566,MedGen:C3661900,not provided,germline,germline,GRCh38,NC_000007.14,7,44146473,44146482,na,na,7p13,"criteria provided, single submitter",1,-,N,-,2,3638238,44146472,TGCGACACGAA,T,-,-,-,-,-,-,SCV005736307,-,-
3764946,Deletion,NM_000162.5(GCK):c.1105del (p.Arg369fs),2645,GCK,HGNC:4195,Pathogenic,1,"Feb 07, 2024",-1,-,RCV005114961,MedGen:C3661900,not provided,germline,germline,GRCh37,NC_000007.13,7,44185244,44185244,na,na,7p13,"criteria provided, single submitter",1,-,N,-,2,3639601,44185243,CG,C,-,-,-,-,-,-,SCV005736413,-,-
3764946,Deletion,NM_000162.5(GCK):c.1105del (p.Arg369fs),2645,GCK,HGNC:4195,Pathogenic,1,"Feb 07, 2024",-1,-,RCV005114961,MedGen:C3661900,not provided,germline,germline,GRCh38,NC_000007.14,7,44145645,44145645,na,na,7p13,"criteria provided, single submitter",1,-,N,-,2,3639601,44145644,CG,C,-,-,-,-,-,-,SCV005736413,-,-
3765010,Deletion,NM_000352.6(ABCC8):c.290+20_290+26del,6833,ABCC8,HGNC:59,Likely benign,0,"Feb 08, 2024",-1,-,RCV005115025,MedGen:C3661900,not provided,germline,germline,GRCh37,NC_000011.9,11,17496407,17496413,na,na,11p15.1,"criteria provided, single submitter",1,-,N,-,2,3639665,17496406,TTCCTGAG,T,-,-,-,-,-,-,SCV005738516,-,-
3765010,Deletion,NM_000352.6(ABCC8):c.290+20_290+26del,6833,ABCC8,HGNC:59,Likely benign,0,"Feb 08, 2024",-1,-,RCV005115025,MedGen:C3661900,not provided,germline,germline,GRCh38,NC_000011.10,11,17474860,17474866,na,na,11p15.1,"criteria provided, single submitter",1,-,N,-,2,3639665,17474859,TTCCTGAG,T,-,-,-,-,-,-,SCV005738516,-,-
3766384,single nucleotide variant,NM_000352.6(ABCC8):c.413-19T>C,6833,ABCC8,HGNC:59,Likely benign,0,"Feb 24, 2024",-1,-,RCV005106109,MedGen:C3661900,not provided,germline,germline,GRCh37,NC_000011.9,11,17485170,17485170,na,na,11p15.1,"criteria provided, single submitter",1,-,N,-,2,3632216,17485170,A,G,-,-,-,-,-,-,SCV005730481,-,-
3766384,single nucleotide variant,NM_000352.6(ABCC8):c.413-19T>C,6833,ABCC8,HGNC:59,Likely benign,0,"Feb 24, 2024",-1,-,RCV005106109,MedGen:C3661900,not provided,germline,germline,GRCh38,NC_000011.10,11,17463623,17463623,na,na,11p15.1,"criteria provided, single submitter",1,-,N,-,2,3632216,17463623,A,G,-,-,-,-,-,-,SCV005730481,-,-
3767044,single nucleotide variant,NM_000525.4(KCNJ11):c.896A>T (p.Gln299Leu),3767,KCNJ11,HGNC:6257,Uncertain significance,0,"Oct 10, 2024",-1,-,RCV005106566,MedGen:C3661900,not provided,germline,germline,GRCh37,NC_000011.9,11,17408743,17408743,na,na,11p15.1,"criteria provided, single submitter",1,-,N,-,2,3634161,17408743,T,A,-,-,-,-,-,-,SCV005733427,-,-
3767044,single nucleotide variant,NM_000525.4(KCNJ11):c.896A>T (p.Gln299Leu),3767,KCNJ11,HGNC:6257,Uncertain significance,0,"Oct 10, 2024",-1,-,RCV005106566,MedGen:C3661900,not provided,germline,germline,GRCh38,NC_000011.10,11,17387196,17387196,na,na,11p15.1,"criteria provided, single submitter",1,-,N,-,2,3634161,17387196,T,A,-,-,-,-,-,-,SCV005733427,-,-
3767045,single nucleotide variant,NM_000525.4(KCNJ11):c.713T>A (p.Ile238Asn),3767,KCNJ11,HGNC:6257,Uncertain significance,0,"Jan 23, 2025",-1,-,RCV005106567,MedGen:C3661900,not provided,germline,germline,GRCh37,NC_000011.9,11,17408926,17408926,na,na,11p15.1,"criteria provided, single submitter",1,-,N,-,2,3634162,17408926,A,T,-,-,-,-,-,-,SCV005732829,-,-
3767045,single nucleotide variant,NM_000525.4(KCNJ11):c.713T>A (p.Ile238Asn),3767,KCNJ11,HGNC:6257,Uncertain significance,0,"Jan 23, 2025",-1,-,RCV005106567,MedGen:C3661900,not provided,germline,germline,GRCh38,NC_000011.10,11,17387379,17387379,na,na,11p15.1,"criteria provided, single submitter",1,-,N,-,2,3634162,17387379,A,T,-,-,-,-,-,-,SCV005732829,-,-
3767046,single nucleotide variant,NM_000352.6(ABCC8):c.973G>T (p.Asp325Tyr),6833,ABCC8,HGNC:59,Uncertain significance,0,"Apr 22, 2024",-1,-,RCV005106568,MedGen:C3661900,not provided,germline,germline,GRCh37,NC_000011.9,11,17482073,17482073,na,na,11p15.1,"criteria provided, single submitter",1,-,N,-,2,3634163,17482073,C,A,-,-,-,-,-,-,SCV005733593,-,-
3767046,single nucleotide variant,NM_000352.6(ABCC8):c.973G>T (p.Asp325Tyr),6833,ABCC8,HGNC:59,Uncertain significance,0,"Apr 22, 2024",-1,-,RCV005106568,MedGen:C3661900,not provided,germline,germline,GRCh38,NC_000011.10,11,17460526,17460526,na,na,11p15.1,"criteria provided, single submitter",1,-,N,-,2,3634163,17460526,C,A,-,-,-,-,-,-,SCV005733593,-,-
3767457,single nucleotide variant,NM_000352.6(ABCC8):c.365T>C (p.Val122Ala),6833,ABCC8,HGNC:59,Uncertain significance,0,"Dec 17, 2024",-1,-,RCV005106793,MedGen:C3661900,not provided,germline,germline,GRCh37,NC_000011.9,11,17491695,17491695,na,na,11p15.1,"criteria provided, single submitter",1,-,N,-,2,3635876,17491695,A,G,-,-,-,-,-,-,SCV005735501,-,-
3767457,single nucleotide variant,NM_000352.6(ABCC8):c.365T>C (p.Val122Ala),6833,ABCC8,HGNC:59,Uncertain significance,0,"Dec 17, 2024",-1,-,RCV005106793,MedGen:C3661900,not provided,germline,germline,GRCh38,NC_000011.10,11,17470148,17470148,na,na,11p15.1,"criteria provided, single submitter",1,-,N,-,2,3635876,17470148,A,G,-,-,-,-,-,-,SCV005735501,-,-
3768111,Duplication,NM_000162.5(GCK):c.91_111dup (p.Met37_Gln38insLysLysValMetArgArgMet),2645,GCK,HGNC:4195,Uncertain significance,0,"Feb 06, 2024",-1,-,RCV005122490,MedGen:C3661900,not provided,germline,germline,GRCh37,NC_000007.13,7,44192996,44192997,na,na,7p13,"criteria provided, single submitter",1,-,N,-,2,3639114,44192996,G,GCATCCGTCTCATCACCTTCTT,-,-,-,-,-,-,SCV005739395,-,-
3768111,Duplication,NM_000162.5(GCK):c.91_111dup (p.Met37_Gln38insLysLysValMetArgArgMet),2645,GCK,HGNC:4195,Uncertain significance,0,"Feb 06, 2024",-1,-,RCV005122490,MedGen:C3661900,not provided,germline,germline,GRCh38,NC_000007.14,7,44153397,44153398,na,na,7p13,"criteria provided, single submitter",1,-,N,-,2,3639114,44153397,G,GCATCCGTCTCATCACCTTCTT,-,-,-,-,-,-,SCV005739395,-,-
3768448,Microsatellite,NM_000525.4(KCNJ11):c.554_557dup (p.His186fs),3767,KCNJ11,HGNC:6257,Pathogenic,1,"Feb 07, 2024",-1,-,RCV005122827,MedGen:C3661900,not provided,germline,germline,GRCh37,NC_000011.9,11,17409081,17409082,na,na,11p15.1,"criteria provided, single submitter",1,-,N,-,2,3639451,17409081,A,ATGCT,-,-,-,-,-,-,SCV005737405,-,-
3768448,Microsatellite,NM_000525.4(KCNJ11):c.554_557dup (p.His186fs),3767,KCNJ11,HGNC:6257,Pathogenic,1,"Feb 07, 2024",-1,-,RCV005122827,MedGen:C3661900,not provided,germline,germline,GRCh38,NC_000011.10,11,17387534,17387535,na,na,11p15.1,"criteria provided, single submitter",1,-,N,-,2,3639451,17387534,A,ATGCT,-,-,-,-,-,-,SCV005737405,-,-
3768875,single nucleotide variant,NM_000352.6(ABCC8):c.149-6C>G,6833,ABCC8,HGNC:59,Likely benign,0,"Feb 16, 2024",-1,-,RCV005123045,MedGen:C3661900,not provided,germline,germline,GRCh37,NC_000011.9,11,17496580,17496580,na,na,11p15.1,"criteria provided, single submitter",1,-,N,-,2,3641157,17496580,G,C,-,-,-,-,-,-,SCV005739677,-,-
3768875,single nucleotide variant,NM_000352.6(ABCC8):c.149-6C>G,6833,ABCC8,HGNC:59,Likely benign,0,"Feb 16, 2024",-1,-,RCV005123045,MedGen:C3661900,not provided,germline,germline,GRCh38,NC_000011.10,11,17475033,17475033,na,na,11p15.1,"criteria provided, single submitter",1,-,N,-,2,3641157,17475033,G,C,-,-,-,-,-,-,SCV005739677,-,-
3768933,single nucleotide variant,NM_000352.6(ABCC8):c.1512C>A (p.Arg504=),6833,ABCC8,HGNC:59,Likely benign,0,"Feb 18, 2024",-1,-,RCV005123103,MedGen:C3661900,not provided,germline,germline,GRCh37,NC_000011.9,11,17464385,17464385,na,na,11p15.1,"criteria provided, single submitter",1,-,N,-,2,3641215,17464385,G,T,-,-,-,-,-,-,SCV005743077,-,-
3768933,single nucleotide variant,NM_000352.6(ABCC8):c.1512C>A (p.Arg504=),6833,ABCC8,HGNC:59,Likely benign,0,"Feb 18, 2024",-1,-,RCV005123103,MedGen:C3661900,not provided,germline,germline,GRCh38,NC_000011.10,11,17442838,17442838,na,na,11p15.1,"criteria provided, single submitter",1,-,N,-,2,3641215,17442838,G,T,-,-,-,-,-,-,SCV005743077,-,-
3769031,Duplication,NM_000162.5(GCK):c.1010dup (p.Val338fs),2645,GCK,HGNC:4195,Pathogenic,1,"Feb 20, 2024",-1,-,RCV005118526,MedGen:C3661900,not provided,germline,germline,GRCh37,NC_000007.13,7,44186070,44186071,na,na,7p13,"criteria provided, single submitter",1,-,N,-,2,3642174,44186070,C,CT,-,-,-,-,-,-,SCV005743866,-,-
3769031,Duplication,NM_000162.5(GCK):c.1010dup (p.Val338fs),2645,GCK,HGNC:4195,Pathogenic,1,"Feb 20, 2024",-1,-,RCV005118526,MedGen:C3661900,not provided,germline,germline,GRCh38,NC_000007.14,7,44146471,44146472,na,na,7p13,"criteria provided, single submitter",1,-,N,-,2,3642174,44146471,C,CT,-,-,-,-,-,-,SCV005743866,-,-
3770033,single nucleotide variant,NM_000352.6(ABCC8):c.2291+4C>T,6833,ABCC8,HGNC:59,Uncertain significance,0,"Jul 19, 2024",-1,-,RCV005105885,MedGen:C3661900,not provided,germline,germline,GRCh37,NC_000011.9,11,17436847,17436847,na,na,11p15.1,"criteria provided, single submitter",1,-,N,-,2,3631992,17436847,G,A,-,-,-,-,-,-,SCV005728720,-,-
3770033,single nucleotide variant,NM_000352.6(ABCC8):c.2291+4C>T,6833,ABCC8,HGNC:59,Uncertain significance,0,"Jul 19, 2024",-1,-,RCV005105885,MedGen:C3661900,not provided,germline,germline,GRCh38,NC_000011.10,11,17415300,17415300,na,na,11p15.1,"criteria provided, single submitter",1,-,N,-,2,3631992,17415300,G,A,-,-,-,-,-,-,SCV005728720,-,-
3775201,single nucleotide variant,NM_000352.6(ABCC8):c.963T>C (p.Phe321=),6833,ABCC8,HGNC:59,Likely benign,0,"Feb 11, 2024",-1,-,RCV005118027,MedGen:C3661900,not provided,germline,germline,GRCh37,NC_000011.9,11,17482083,17482083,na,na,11p15.1,"criteria provided, single submitter",1,-,N,-,2,3640187,17482083,A,G,-,-,-,-,-,-,SCV005739456,-,-
3775201,single nucleotide variant,NM_000352.6(ABCC8):c.963T>C (p.Phe321=),6833,ABCC8,HGNC:59,Likely benign,0,"Feb 11, 2024",-1,-,RCV005118027,MedGen:C3661900,not provided,germline,germline,GRCh38,NC_000011.10,11,17460536,17460536,na,na,11p15.1,"criteria provided, single submitter",1,-,N,-,2,3640187,17460536,A,G,-,-,-,-,-,-,SCV005739456,-,-
3776280,single nucleotide variant,NM_000352.6(ABCC8):c.2694+16G>A,6833,ABCC8,HGNC:59,Likely benign,0,"Mar 04, 2024",-1,-,RCV005121408,MedGen:C3661900,not provided,germline,germline,GRCh37,NC_000011.9,11,17432047,17432047,na,na,11p15.1,"criteria provided, single submitter",1,-,N,-,2,3644481,17432047,C,T,-,-,-,-,-,-,SCV005745013,-,-
3776280,single nucleotide variant,NM_000352.6(ABCC8):c.2694+16G>A,6833,ABCC8,HGNC:59,Likely benign,0,"Mar 04, 2024",-1,-,RCV005121408,MedGen:C3661900,not provided,germline,germline,GRCh38,NC_000011.10,11,17410500,17410500,na,na,11p15.1,"criteria provided, single submitter",1,-,N,-,2,3644481,17410500,C,T,-,-,-,-,-,-,SCV005745013,-,-
3776653,single nucleotide variant,NM_000352.6(ABCC8):c.290+18G>A,6833,ABCC8,HGNC:59,Likely benign,0,"Mar 16, 2024",-1,-,RCV005119509,MedGen:C3661900,not provided,germline,germline,GRCh37,NC_000011.9,11,17496415,17496415,na,na,11p15.1,"criteria provided, single submitter",1,-,N,-,2,3646134,17496415,C,T,-,-,-,-,-,-,SCV005746751,-,-
3776653,single nucleotide variant,NM_000352.6(ABCC8):c.290+18G>A,6833,ABCC8,HGNC:59,Likely benign,0,"Mar 16, 2024",-1,-,RCV005119509,MedGen:C3661900,not provided,germline,germline,GRCh38,NC_000011.10,11,17474868,17474868,na,na,11p15.1,"criteria provided, single submitter",1,-,N,-,2,3646134,17474868,C,T,-,-,-,-,-,-,SCV005746751,-,-
3779677,single nucleotide variant,NM_000162.5(GCK):c.679+17C>G,2645,GCK,HGNC:4195,Likely benign,0,"Mar 01, 2024",-1,-,RCV005116206,MedGen:C3661900,not provided,germline,germline,GRCh37,NC_000007.13,7,44189342,44189342,na,na,7p13,"criteria provided, single submitter",1,-,N,-,2,3643823,44189342,G,C,-,-,-,-,-,-,SCV005741763,-,-
3779677,single nucleotide variant,NM_000162.5(GCK):c.679+17C>G,2645,GCK,HGNC:4195,Likely benign,0,"Mar 01, 2024",-1,-,RCV005116206,MedGen:C3661900,not provided,germline,germline,GRCh38,NC_000007.14,7,44149743,44149743,na,na,7p13,"criteria provided, single submitter",1,-,N,-,2,3643823,44149743,G,C,-,-,-,-,-,-,SCV005741763,-,-
3779770,single nucleotide variant,NM_000352.6(ABCC8):c.3672G>A (p.Gln1224=),6833,ABCC8,HGNC:59,Likely benign,0,"Mar 07, 2024",-1,-,RCV005116299,MedGen:C3661900,not provided,germline,germline,GRCh37,NC_000011.9,11,17419967,17419967,na,na,11p15.1,"criteria provided, single submitter",1,-,N,-,2,3643916,17419967,C,T,-,-,-,-,-,-,SCV005740001,-,-
3779770,single nucleotide variant,NM_000352.6(ABCC8):c.3672G>A (p.Gln1224=),6833,ABCC8,HGNC:59,Likely benign,0,"Mar 07, 2024",-1,-,RCV005116299,MedGen:C3661900,not provided,germline,germline,GRCh38,NC_000011.10,11,17398420,17398420,na,na,11p15.1,"criteria provided, single submitter",1,-,N,-,2,3643916,17398420,C,T,-,-,-,-,-,-,SCV005740001,-,-
3779963,single nucleotide variant,NM_000352.6(ABCC8):c.1599C>T (p.Leu533=),6833,ABCC8,HGNC:59,Likely benign,0,"Mar 09, 2024",-1,-,RCV005118972,MedGen:C3661900,not provided,germline,germline,GRCh37,NC_000011.9,11,17464298,17464298,na,na,11p15.1,"criteria provided, single submitter",1,-,N,-,2,3644109,17464298,G,A,-,-,-,-,-,-,SCV005741834,-,-
3779963,single nucleotide variant,NM_000352.6(ABCC8):c.1599C>T (p.Leu533=),6833,ABCC8,HGNC:59,Likely benign,0,"Mar 09, 2024",-1,-,RCV005118972,MedGen:C3661900,not provided,germline,germline,GRCh38,NC_000011.10,11,17442751,17442751,na,na,11p15.1,"criteria provided, single submitter",1,-,N,-,2,3644109,17442751,G,A,-,-,-,-,-,-,SCV005741834,-,-
3779979,single nucleotide variant,NM_000352.6(ABCC8):c.3549G>C (p.Val1183=),6833,ABCC8,HGNC:59,Likely benign,0,"Mar 02, 2024",-1,-,RCV005118988,MedGen:C3661900,not provided,germline,germline,GRCh37,NC_000011.9,11,17426067,17426067,na,na,11p15.1,"criteria provided, single submitter",1,-,N,-,2,3644125,17426067,C,G,-,-,-,-,-,-,SCV005740061,-,-
3779979,single nucleotide variant,NM_000352.6(ABCC8):c.3549G>C (p.Val1183=),6833,ABCC8,HGNC:59,Likely benign,0,"Mar 02, 2024",-1,-,RCV005118988,MedGen:C3661900,not provided,germline,germline,GRCh38,NC_000011.10,11,17404520,17404520,na,na,11p15.1,"criteria provided, single submitter",1,-,N,-,2,3644125,17404520,C,G,-,-,-,-,-,-,SCV005740061,-,-
3781685,single nucleotide variant,NM_000162.5(GCK):c.1366G>C (p.Ala456Pro),2645,GCK,HGNC:4195,Uncertain significance,0,"Apr 25, 2024",-1,-,RCV005128373,MedGen:C3661900,not provided,germline,germline,GRCh37,NC_000007.13,7,44184767,44184767,na,na,7p13,"criteria provided, single submitter",1,-,N,-,2,3650955,44184767,C,G,-,-,-,-,-,-,SCV005750167,-,-
3781685,single nucleotide variant,NM_000162.5(GCK):c.1366G>C (p.Ala456Pro),2645,GCK,HGNC:4195,Uncertain significance,0,"Apr 25, 2024",-1,-,RCV005128373,MedGen:C3661900,not provided,germline,germline,GRCh38,NC_000007.14,7,44145168,44145168,na,na,7p13,"criteria provided, single submitter",1,-,N,-,2,3650955,44145168,C,G,-,-,-,-,-,-,SCV005750167,-,-
3782473,single nucleotide variant,NM_000352.6(ABCC8):c.2291+4C>G,6833,ABCC8,HGNC:59,Uncertain significance,0,"May 23, 2024",-1,-,RCV005126698,MedGen:C3661900,not provided,germline,germline,GRCh37,NC_000011.9,11,17436847,17436847,na,na,11p15.1,"criteria provided, single submitter",1,-,N,-,2,3654322,17436847,G,C,-,-,-,-,-,-,SCV005754045,-,-
3782473,single nucleotide variant,NM_000352.6(ABCC8):c.2291+4C>G,6833,ABCC8,HGNC:59,Uncertain significance,0,"May 23, 2024",-1,-,RCV005126698,MedGen:C3661900,not provided,germline,germline,GRCh38,NC_000011.10,11,17415300,17415300,na,na,11p15.1,"criteria provided, single submitter",1,-,N,-,2,3654322,17415300,G,C,-,-,-,-,-,-,SCV005754045,-,-
3783200,single nucleotide variant,NM_000162.5(GCK):c.483+1G>T,2645,GCK,HGNC:4195,Pathogenic,1,"Jun 17, 2024",-1,-,RCV005115886,MedGen:C3661900,not provided,germline,germline,GRCh37,NC_000007.13,7,44190554,44190554,na,na,7p13,"criteria provided, single submitter",1,-,N,-,2,3643503,44190554,C,A,-,-,-,-,-,-,SCV005743458,-,-
3783200,single nucleotide variant,NM_000162.5(GCK):c.483+1G>T,2645,GCK,HGNC:4195,Pathogenic,1,"Jun 17, 2024",-1,-,RCV005115886,MedGen:C3661900,not provided,germline,germline,GRCh38,NC_000007.14,7,44150955,44150955,na,na,7p13,"criteria provided, single submitter",1,-,N,-,2,3643503,44150955,C,A,-,-,-,-,-,-,SCV005743458,-,-
3783419,single nucleotide variant,NM_000352.6(ABCC8):c.3363G>C (p.Leu1121=),6833,ABCC8,HGNC:59,Likely benign,0,"Feb 29, 2024",-1,-,RCV005116106,MedGen:C3661900,not provided,germline,germline,GRCh37,NC_000011.9,11,17427077,17427077,na,na,11p15.1,"criteria provided, single submitter",1,-,N,-,2,3643723,17427077,C,G,-,-,-,-,-,-,SCV005741735,-,-
3783419,single nucleotide variant,NM_000352.6(ABCC8):c.3363G>C (p.Leu1121=),6833,ABCC8,HGNC:59,Likely benign,0,"Feb 29, 2024",-1,-,RCV005116106,MedGen:C3661900,not provided,germline,germline,GRCh38,NC_000011.10,11,17405530,17405530,na,na,11p15.1,"criteria provided, single submitter",1,-,N,-,2,3643723,17405530,C,G,-,-,-,-,-,-,SCV005741735,-,-
3784183,single nucleotide variant,NM_000162.5(GCK):c.358G>A (p.Glu120Lys),2645,GCK,HGNC:4195,Uncertain significance,0,"Jul 30, 2024",-1,-,RCV005124471,MedGen:C3661900,not provided,germline,germline,GRCh37,NC_000007.13,7,44191875,44191875,na,na,7p13,"criteria provided, single submitter",1,-,N,-,2,3647049,44191875,C,T,-,-,-,-,-,-,SCV005746873,-,-
3784183,single nucleotide variant,NM_000162.5(GCK):c.358G>A (p.Glu120Lys),2645,GCK,HGNC:4195,Uncertain significance,0,"Jul 30, 2024",-1,-,RCV005124471,MedGen:C3661900,not provided,germline,germline,GRCh38,NC_000007.14,7,44152276,44152276,na,na,7p13,"criteria provided, single submitter",1,-,N,-,2,3647049,44152276,C,T,-,-,-,-,-,-,SCV005746873,-,-
3784436,single nucleotide variant,NM_000162.5(GCK):c.436C>G (p.Leu146Val),2645,GCK,HGNC:4195,Uncertain significance,0,"Nov 03, 2024",-1,-,RCV005127488,MedGen:C3661900,not provided,germline,germline,GRCh37,NC_000007.13,7,44190602,44190602,na,na,7p13,"criteria provided, single submitter",1,-,N,-,2,3648579,44190602,G,C,-,-,-,-,-,-,SCV005749454,-,-
3784436,single nucleotide variant,NM_000162.5(GCK):c.436C>G (p.Leu146Val),2645,GCK,HGNC:4195,Uncertain significance,0,"Nov 03, 2024",-1,-,RCV005127488,MedGen:C3661900,not provided,germline,germline,GRCh38,NC_000007.14,7,44151003,44151003,na,na,7p13,"criteria provided, single submitter",1,-,N,-,2,3648579,44151003,G,C,-,-,-,-,-,-,SCV005749454,-,-
3784760,single nucleotide variant,NM_000162.5(GCK):c.377T>A (p.Ile126Asn),2645,GCK,HGNC:4195,Uncertain significance,0,"Apr 05, 2024",-1,-,RCV005127811,MedGen:C3661900,not provided,germline,germline,GRCh37,NC_000007.13,7,44190661,44190661,na,na,7p13,"criteria provided, single submitter",1,-,N,-,2,3648903,44190661,A,T,-,-,-,-,-,-,SCV005750630,-,-
3784760,single nucleotide variant,NM_000162.5(GCK):c.377T>A (p.Ile126Asn),2645,GCK,HGNC:4195,Uncertain significance,0,"Apr 05, 2024",-1,-,RCV005127811,MedGen:C3661900,not provided,germline,germline,GRCh38,NC_000007.14,7,44151062,44151062,na,na,7p13,"criteria provided, single submitter",1,-,N,-,2,3648903,44151062,A,T,-,-,-,-,-,-,SCV005750630,-,-
3787749,single nucleotide variant,NM_000162.5(GCK):c.1229G>C (p.Gly410Ala),2645,GCK,HGNC:4195,Uncertain significance,0,"Apr 25, 2024",-1,-,RCV005125316,MedGen:C3661900,not provided,germline,germline,GRCh37,NC_000007.13,7,44185120,44185120,na,na,7p13,"criteria provided, single submitter",1,-,N,-,2,3648471,44185120,C,G,-,-,-,-,-,-,SCV005749408,-,-
3787749,single nucleotide variant,NM_000162.5(GCK):c.1229G>C (p.Gly410Ala),2645,GCK,HGNC:4195,Uncertain significance,0,"Apr 25, 2024",-1,-,RCV005125316,MedGen:C3661900,not provided,germline,germline,GRCh38,NC_000007.14,7,44145521,44145521,na,na,7p13,"criteria provided, single submitter",1,-,N,-,2,3648471,44145521,C,G,-,-,-,-,-,-,SCV005749408,-,-
3788359,single nucleotide variant,NM_000525.4(KCNJ11):c.1113C>T (p.Arg371=),3767,KCNJ11,HGNC:6257,Uncertain significance,0,"May 24, 2024",-1,-,RCV005133034,MedGen:C3661900,not provided,germline,germline,GRCh37,NC_000011.9,11,17408526,17408526,na,na,11p15.1,"criteria provided, single submitter",1,-,N,-,2,3651648,17408526,G,A,-,-,-,-,-,-,SCV005748921,-,-
3788359,single nucleotide variant,NM_000525.4(KCNJ11):c.1113C>T (p.Arg371=),3767,KCNJ11,HGNC:6257,Uncertain significance,0,"May 24, 2024",-1,-,RCV005133034,MedGen:C3661900,not provided,germline,germline,GRCh38,NC_000011.10,11,17386979,17386979,na,na,11p15.1,"criteria provided, single submitter",1,-,N,-,2,3651648,17386979,G,A,-,-,-,-,-,-,SCV005748921,-,-
3789221,Deletion,NM_000352.6(ABCC8):c.3754-17_3820del,6833,ABCC8,HGNC:59,Pathogenic,1,"Jul 07, 2024",-1,-,RCV005131502,MedGen:C3661900,not provided,germline,germline,GRCh37,NC_000011.9,11,17419278,17419361,na,na,11p15.1,"criteria provided, single submitter",1,-,N,-,2,3655078,17419277,TCCCTGTGCAGGGAGTTGGAGATGGAGGTCACCGCTGCGATGAGCACCACACATGCACCGATGTACTCCTGGGGAGGGAGAGGAG,T,-,-,-,-,-,-,SCV005752587,-,-
3789221,Deletion,NM_000352.6(ABCC8):c.3754-17_3820del,6833,ABCC8,HGNC:59,Pathogenic,1,"Jul 07, 2024",-1,-,RCV005131502,MedGen:C3661900,not provided,germline,germline,GRCh38,NC_000011.10,11,17397731,17397814,na,na,11p15.1,"criteria provided, single submitter",1,-,N,-,2,3655078,17397730,TCCCTGTGCAGGGAGTTGGAGATGGAGGTCACCGCTGCGATGAGCACCACACATGCACCGATGTACTCCTGGGGAGGGAGAGGAG,T,-,-,-,-,-,-,SCV005752587,-,-
3792612,single nucleotide variant,NM_000352.6(ABCC8):c.484A>G (p.Ile162Val),6833,ABCC8,HGNC:59,Uncertain significance,0,"Aug 14, 2024",-1,-,RCV005147419,MedGen:C3661900,not provided,germline,germline,GRCh37,NC_000011.9,11,17485080,17485080,na,na,11p15.1,"criteria provided, single submitter",1,-,N,-,2,3668107,17485080,T,C,-,-,-,-,-,-,SCV005770774,-,-
3792612,single nucleotide variant,NM_000352.6(ABCC8):c.484A>G (p.Ile162Val),6833,ABCC8,HGNC:59,Uncertain significance,0,"Aug 14, 2024",-1,-,RCV005147419,MedGen:C3661900,not provided,germline,germline,GRCh38,NC_000011.10,11,17463533,17463533,na,na,11p15.1,"criteria provided, single submitter",1,-,N,-,2,3668107,17463533,T,C,-,-,-,-,-,-,SCV005770774,-,-
3795607,single nucleotide variant,NM_000162.5(GCK):c.157G>A (p.Ala53Thr),2645,GCK,HGNC:4195,Uncertain significance,0,"Jan 22, 2025",-1,-,RCV005136617,MedGen:C3661900,not provided,germline,germline,GRCh37,NC_000007.13,7,44192951,44192951,na,na,7p13,"criteria provided, single submitter",1,-,N,-,2,3665734,44192951,C,T,-,-,-,-,-,-,SCV005767793,-,-
3795607,single nucleotide variant,NM_000162.5(GCK):c.157G>A (p.Ala53Thr),2645,GCK,HGNC:4195,Uncertain significance,0,"Jan 22, 2025",-1,-,RCV005136617,MedGen:C3661900,not provided,germline,germline,GRCh38,NC_000007.14,7,44153352,44153352,na,na,7p13,"criteria provided, single submitter",1,-,N,-,2,3665734,44153352,C,T,-,-,-,-,-,-,SCV005767793,-,-
3795623,single nucleotide variant,NM_000162.5(GCK):c.452C>T (p.Ser151Phe),2645,GCK,HGNC:4195,Uncertain significance,0,"Jan 21, 2025",-1,-,RCV005136633,MedGen:C3661900,not provided,germline,germline,GRCh37,NC_000007.13,7,44190586,44190586,na,na,7p13,"criteria provided, single submitter",1,-,N,-,2,3665750,44190586,G,A,-,-,-,-,-,-,SCV005767796,-,-
3795623,single nucleotide variant,NM_000162.5(GCK):c.452C>T (p.Ser151Phe),2645,GCK,HGNC:4195,Uncertain significance,0,"Jan 21, 2025",-1,-,RCV005136633,MedGen:C3661900,not provided,germline,germline,GRCh38,NC_000007.14,7,44150987,44150987,na,na,7p13,"criteria provided, single submitter",1,-,N,-,2,3665750,44150987,G,A,-,-,-,-,-,-,SCV005767796,-,-
3797163,single nucleotide variant,NM_000162.5(GCK):c.660C>G (p.Cys220Trp),2645,GCK,HGNC:4195,Uncertain significance,0,"Jul 17, 2025",-1,-,RCV005140122,MedGen:C3661900,not provided,germline,germline,GRCh37,NC_000007.13,7,44189378,44189378,na,na,7p13,"criteria provided, multiple submitters, no conflicts",2,-,N,-,2,3658742,44189378,G,C,-,-,-,-,-,-,SCV005758222|SCV007334555,-,-
3797163,single nucleotide variant,NM_000162.5(GCK):c.660C>G (p.Cys220Trp),2645,GCK,HGNC:4195,Uncertain significance,0,"Jul 17, 2025",-1,-,RCV005140122,MedGen:C3661900,not provided,germline,germline,GRCh38,NC_000007.14,7,44149779,44149779,na,na,7p13,"criteria provided, multiple submitters, no conflicts",2,-,N,-,2,3658742,44149779,G,C,-,-,-,-,-,-,SCV005758222|SCV007334555,-,-
3798845,single nucleotide variant,NM_000162.5(GCK):c.574A>G (p.Arg192Gly),2645,GCK,HGNC:4195,Uncertain significance,0,"Oct 24, 2024",-1,-,RCV005136419,MedGen:C3661900,not provided,germline,germline,GRCh37,NC_000007.13,7,44189573,44189573,na,na,7p13,"criteria provided, single submitter",1,-,N,-,2,3665536,44189573,T,C,-,-,-,-,-,-,SCV005767196,-,-
3798845,single nucleotide variant,NM_000162.5(GCK):c.574A>G (p.Arg192Gly),2645,GCK,HGNC:4195,Uncertain significance,0,"Oct 24, 2024",-1,-,RCV005136419,MedGen:C3661900,not provided,germline,germline,GRCh38,NC_000007.14,7,44149974,44149974,na,na,7p13,"criteria provided, single submitter",1,-,N,-,2,3665536,44149974,T,C,-,-,-,-,-,-,SCV005767196,-,-
3799045,single nucleotide variant,NM_000162.5(GCK):c.128G>T (p.Arg43Leu),2645,GCK,HGNC:4195,Uncertain significance,0,"Apr 23, 2025",-1,-,RCV005144441,MedGen:C3661900,not provided,germline,germline,GRCh37,NC_000007.13,7,44192980,44192980,na,na,7p13,"criteria provided, single submitter",1,-,N,-,2,3667033,44192980,C,A,-,-,-,-,-,-,SCV005769317,-,-
3799045,single nucleotide variant,NM_000162.5(GCK):c.128G>T (p.Arg43Leu),2645,GCK,HGNC:4195,Uncertain significance,0,"Apr 23, 2025",-1,-,RCV005144441,MedGen:C3661900,not provided,germline,germline,GRCh38,NC_000007.14,7,44153381,44153381,na,na,7p13,"criteria provided, single submitter",1,-,N,-,2,3667033,44153381,C,A,-,-,-,-,-,-,SCV005769317,-,-
3799741,single nucleotide variant,NM_000352.6(ABCC8):c.2039A>G (p.Gln680Arg),6833,ABCC8,HGNC:59,Uncertain significance,0,"Sep 29, 2024",-1,-,RCV005150408,MedGen:C3661900,not provided,germline,germline,GRCh37,NC_000011.9,11,17449837,17449837,na,na,11p15.1,"criteria provided, single submitter",1,-,N,-,2,3669032,17449837,T,C,-,-,-,-,-,-,SCV005771936,-,-
3799741,single nucleotide variant,NM_000352.6(ABCC8):c.2039A>G (p.Gln680Arg),6833,ABCC8,HGNC:59,Uncertain significance,0,"Sep 29, 2024",-1,-,RCV005150408,MedGen:C3661900,not provided,germline,germline,GRCh38,NC_000011.10,11,17428290,17428290,na,na,11p15.1,"criteria provided, single submitter",1,-,N,-,2,3669032,17428290,T,C,-,-,-,-,-,-,SCV005771936,-,-
3801066,Deletion,NM_000162.5(GCK):c.1116del (p.Ser373fs),2645,GCK,HGNC:4195,Pathogenic,1,"Aug 04, 2024",-1,-,RCV005143261,MedGen:C3661900,not provided,germline,germline,GRCh37,NC_000007.13,7,44185233,44185233,na,na,7p13,"criteria provided, single submitter",1,-,N,-,2,3661387,44185232,TC,T,-,-,-,-,-,-,SCV005761267,-,-
3801066,Deletion,NM_000162.5(GCK):c.1116del (p.Ser373fs),2645,GCK,HGNC:4195,Pathogenic,1,"Aug 04, 2024",-1,-,RCV005143261,MedGen:C3661900,not provided,germline,germline,GRCh38,NC_000007.14,7,44145634,44145634,na,na,7p13,"criteria provided, single submitter",1,-,N,-,2,3661387,44145633,TC,T,-,-,-,-,-,-,SCV005761267,-,-
3801266,single nucleotide variant,NM_000162.5(GCK):c.625A>G (p.Thr209Ala),2645,GCK,HGNC:4195,Likely pathogenic,1,"Jan 28, 2026",-1,-,RCV005135446|RCV006454833,"MedGen:C3661900|MONDO:MONDO:0015967,MedGen:C3888631,Orphanet:183625",not provided|Monogenic diabetes,germline,germline,GRCh37,NC_000007.13,7,44189413,44189413,na,na,7p13,reviewed by expert panel,2,-,N,-,2,3661587,44189413,T,C,-,-,-,-,-,-,SCV007338200,-,-
3801266,single nucleotide variant,NM_000162.5(GCK):c.625A>G (p.Thr209Ala),2645,GCK,HGNC:4195,Likely pathogenic,1,"Jan 28, 2026",-1,-,RCV005135446|RCV006454833,"MedGen:C3661900|MONDO:MONDO:0015967,MedGen:C3888631,Orphanet:183625",not provided|Monogenic diabetes,germline,germline,GRCh38,NC_000007.14,7,44149814,44149814,na,na,7p13,reviewed by expert panel,2,-,N,-,2,3661587,44149814,T,C,-,-,-,-,-,-,SCV007338200,-,-
3807094,single nucleotide variant,NM_000162.5(GCK):c.538A>G (p.Asn180Asp),2645,GCK,HGNC:4195,Uncertain significance,0,"Feb 08, 2024",-1,-,RCV005154464,MedGen:C3661900,not provided,germline,germline,GRCh37,NC_000007.13,7,44189609,44189609,na,na,7p13,"criteria provided, single submitter",1,-,N,-,2,3677061,44189609,T,C,-,-,-,-,-,-,SCV005782043,-,-
3807094,single nucleotide variant,NM_000162.5(GCK):c.538A>G (p.Asn180Asp),2645,GCK,HGNC:4195,Uncertain significance,0,"Feb 08, 2024",-1,-,RCV005154464,MedGen:C3661900,not provided,germline,germline,GRCh38,NC_000007.14,7,44150010,44150010,na,na,7p13,"criteria provided, single submitter",1,-,N,-,2,3677061,44150010,T,C,-,-,-,-,-,-,SCV005782043,-,-
3809071,single nucleotide variant,NM_000352.6(ABCC8):c.202T>C (p.Phe68Leu),6833,ABCC8,HGNC:59,Uncertain significance,0,"Jun 01, 2024",-1,-,RCV005163973|RCV005610795,MedGen:C3661900|,not provided|Hereditary hyperinsulinism,germline,germline,GRCh37,NC_000011.9,11,17496521,17496521,na,na,11p15.1,"criteria provided, single submitter",2,-,N,-,2,3685084,17496521,A,G,-,-,-,-,-,-,SCV005791234,-,-
3809071,single nucleotide variant,NM_000352.6(ABCC8):c.202T>C (p.Phe68Leu),6833,ABCC8,HGNC:59,Uncertain significance,0,"Jun 01, 2024",-1,-,RCV005163973|RCV005610795,MedGen:C3661900|,not provided|Hereditary hyperinsulinism,germline,germline,GRCh38,NC_000011.10,11,17474974,17474974,na,na,11p15.1,"criteria provided, single submitter",2,-,N,-,2,3685084,17474974,A,G,-,-,-,-,-,-,SCV005791234,-,-
3811680,single nucleotide variant,NM_000162.5(GCK):c.1253G>A (p.Ser418Asn),2645,GCK,HGNC:4195,Uncertain significance,0,"Jun 30, 2024",-1,-,RCV005155511,MedGen:C3661900,not provided,germline,germline,GRCh37,NC_000007.13,7,44185096,44185096,na,na,7p13,"criteria provided, single submitter",1,-,N,-,2,3681659,44185096,C,T,-,-,-,-,-,-,SCV005786019,-,-
3811680,single nucleotide variant,NM_000162.5(GCK):c.1253G>A (p.Ser418Asn),2645,GCK,HGNC:4195,Uncertain significance,0,"Jun 30, 2024",-1,-,RCV005155511,MedGen:C3661900,not provided,germline,germline,GRCh38,NC_000007.14,7,44145497,44145497,na,na,7p13,"criteria provided, single submitter",1,-,N,-,2,3681659,44145497,C,T,-,-,-,-,-,-,SCV005786019,-,-
3813436,single nucleotide variant,NM_000162.5(GCK):c.1350C>T (p.Ala450=),2645,GCK,HGNC:4195,Likely benign,0,"Feb 23, 2024",-1,-,RCV005146698,MedGen:C3661900,not provided,germline,germline,GRCh37,NC_000007.13,7,44184783,44184783,na,na,7p13,"criteria provided, single submitter",1,-,N,-,2,3675820,44184783,G,A,-,-,-,-,-,-,SCV005780424,-,-
3813436,single nucleotide variant,NM_000162.5(GCK):c.1350C>T (p.Ala450=),2645,GCK,HGNC:4195,Likely benign,0,"Feb 23, 2024",-1,-,RCV005146698,MedGen:C3661900,not provided,germline,germline,GRCh38,NC_000007.14,7,44145184,44145184,na,na,7p13,"criteria provided, single submitter",1,-,N,-,2,3675820,44145184,G,A,-,-,-,-,-,-,SCV005780424,-,-
3813721,single nucleotide variant,NM_000352.6(ABCC8):c.2835G>C (p.Glu945Asp),6833,ABCC8,HGNC:59,Uncertain significance,0,"Nov 03, 2024",-1,-,RCV005149463,MedGen:C3661900,not provided,germline,germline,GRCh37,NC_000011.9,11,17428986,17428986,na,na,11p15.1,"criteria provided, single submitter",1,-,N,-,2,3676105,17428986,C,G,-,-,-,-,-,-,SCV005780516,-,-
3813721,single nucleotide variant,NM_000352.6(ABCC8):c.2835G>C (p.Glu945Asp),6833,ABCC8,HGNC:59,Uncertain significance,0,"Nov 03, 2024",-1,-,RCV005149463,MedGen:C3661900,not provided,germline,germline,GRCh38,NC_000011.10,11,17407439,17407439,na,na,11p15.1,"criteria provided, single submitter",1,-,N,-,2,3676105,17407439,C,G,-,-,-,-,-,-,SCV005780516,-,-
3813824,single nucleotide variant,NM_000352.6(ABCC8):c.2548G>T (p.Val850Phe),6833,ABCC8,HGNC:59,Uncertain significance,0,"Aug 23, 2024",-1,-,RCV005149567,MedGen:C3661900,not provided,germline,germline,GRCh37,NC_000011.9,11,17434221,17434221,na,na,11p15.1,"criteria provided, single submitter",1,-,N,-,2,3676209,17434221,C,A,-,-,-,-,-,-,SCV005780554,-,-
3813824,single nucleotide variant,NM_000352.6(ABCC8):c.2548G>T (p.Val850Phe),6833,ABCC8,HGNC:59,Uncertain significance,0,"Aug 23, 2024",-1,-,RCV005149567,MedGen:C3661900,not provided,germline,germline,GRCh38,NC_000011.10,11,17412674,17412674,na,na,11p15.1,"criteria provided, single submitter",1,-,N,-,2,3676209,17412674,C,A,-,-,-,-,-,-,SCV005780554,-,-
3814753,single nucleotide variant,NM_000352.6(ABCC8):c.2395A>G (p.Lys799Glu),6833,ABCC8,HGNC:59,Uncertain significance,0,"Nov 28, 2024",-1,-,RCV005160894,MedGen:C3661900,not provided,germline,germline,GRCh37,NC_000011.9,11,17435021,17435021,na,na,11p15.1,"criteria provided, single submitter",1,-,N,-,2,3681011,17435021,T,C,-,-,-,-,-,-,SCV005786478,-,-
3814753,single nucleotide variant,NM_000352.6(ABCC8):c.2395A>G (p.Lys799Glu),6833,ABCC8,HGNC:59,Uncertain significance,0,"Nov 28, 2024",-1,-,RCV005160894,MedGen:C3661900,not provided,germline,germline,GRCh38,NC_000011.10,11,17413474,17413474,na,na,11p15.1,"criteria provided, single submitter",1,-,N,-,2,3681011,17413474,T,C,-,-,-,-,-,-,SCV005786478,-,-
3815214,single nucleotide variant,NM_000352.6(ABCC8):c.499C>T (p.Leu167=),6833,ABCC8,HGNC:59,Likely benign,0,"Feb 24, 2024",-1,-,RCV005161164,MedGen:C3661900,not provided,germline,germline,GRCh37,NC_000011.9,11,17485065,17485065,na,na,11p15.1,"criteria provided, single submitter",1,-,N,-,2,3682768,17485065,G,A,-,-,-,-,-,-,SCV005787377,-,-
3815214,single nucleotide variant,NM_000352.6(ABCC8):c.499C>T (p.Leu167=),6833,ABCC8,HGNC:59,Likely benign,0,"Feb 24, 2024",-1,-,RCV005161164,MedGen:C3661900,not provided,germline,germline,GRCh38,NC_000011.10,11,17463518,17463518,na,na,11p15.1,"criteria provided, single submitter",1,-,N,-,2,3682768,17463518,G,A,-,-,-,-,-,-,SCV005787377,-,-
3815708,single nucleotide variant,NM_000352.6(ABCC8):c.2605C>G (p.Gln869Glu),6833,ABCC8,HGNC:59,Uncertain significance,0,"Sep 01, 2024",-1,-,RCV005161461,MedGen:C3661900,not provided,germline,germline,GRCh37,NC_000011.9,11,17432152,17432152,na,na,11p15.1,"criteria provided, single submitter",1,-,N,-,2,3684555,17432152,G,C,-,-,-,-,-,-,SCV005789935,-,-
3815708,single nucleotide variant,NM_000352.6(ABCC8):c.2605C>G (p.Gln869Glu),6833,ABCC8,HGNC:59,Uncertain significance,0,"Sep 01, 2024",-1,-,RCV005161461,MedGen:C3661900,not provided,germline,germline,GRCh38,NC_000011.10,11,17410605,17410605,na,na,11p15.1,"criteria provided, single submitter",1,-,N,-,2,3684555,17410605,G,C,-,-,-,-,-,-,SCV005789935,-,-
3817001,single nucleotide variant,NM_000162.5(GCK):c.815A>C (p.Glu272Ala),2645,GCK,HGNC:4195,Uncertain significance,0,"Jun 09, 2025",-1,-,RCV005146382|RCV005433586,MedGen:C3661900|MedGen:CN169374,not provided|not specified,germline,germline,GRCh37,NC_000007.13,7,44187297,44187297,na,na,7p13,"criteria provided, multiple submitters, no conflicts",2,-,N,-,2,3675503,44187297,T,G,-,-,-,-,-,-,SCV005779525|SCV006101362,-,-
3817001,single nucleotide variant,NM_000162.5(GCK):c.815A>C (p.Glu272Ala),2645,GCK,HGNC:4195,Uncertain significance,0,"Jun 09, 2025",-1,-,RCV005146382|RCV005433586,MedGen:C3661900|MedGen:CN169374,not provided|not specified,germline,germline,GRCh38,NC_000007.14,7,44147698,44147698,na,na,7p13,"criteria provided, multiple submitters, no conflicts",2,-,N,-,2,3675503,44147698,T,G,-,-,-,-,-,-,SCV005779525|SCV006101362,-,-
3817305,single nucleotide variant,NM_000525.4(KCNJ11):c.289C>T (p.His97Tyr),3767,KCNJ11,HGNC:6257,Uncertain significance,0,"Aug 13, 2024",-1,-,RCV005154507,MedGen:C3661900,not provided,germline,germline,GRCh37,NC_000011.9,11,17409350,17409350,na,na,11p15.1,"criteria provided, single submitter",1,-,N,-,2,3677104,17409350,G,A,-,-,-,-,-,-,SCV005782081,-,-
3817305,single nucleotide variant,NM_000525.4(KCNJ11):c.289C>T (p.His97Tyr),3767,KCNJ11,HGNC:6257,Uncertain significance,0,"Aug 13, 2024",-1,-,RCV005154507,MedGen:C3661900,not provided,germline,germline,GRCh38,NC_000011.10,11,17387803,17387803,na,na,11p15.1,"criteria provided, single submitter",1,-,N,-,2,3677104,17387803,G,A,-,-,-,-,-,-,SCV005782081,-,-
3818824,single nucleotide variant,NM_000162.5(GCK):c.580-2A>G,2645,GCK,HGNC:4195,Pathogenic,1,"May 26, 2024",-1,-,RCV005158830,MedGen:C3661900,not provided,germline,germline,GRCh37,NC_000007.13,7,44189460,44189460,na,na,7p13,"criteria provided, single submitter",1,-,N,-,2,3682498,44189460,T,C,-,-,-,-,-,-,SCV005787538,-,-
3818824,single nucleotide variant,NM_000162.5(GCK):c.580-2A>G,2645,GCK,HGNC:4195,Pathogenic,1,"May 26, 2024",-1,-,RCV005158830,MedGen:C3661900,not provided,germline,germline,GRCh38,NC_000007.14,7,44149861,44149861,na,na,7p13,"criteria provided, single submitter",1,-,N,-,2,3682498,44149861,T,C,-,-,-,-,-,-,SCV005787538,-,-
3821529,single nucleotide variant,NM_000352.6(ABCC8):c.717T>A (p.Thr239=),6833,ABCC8,HGNC:59,Likely benign,0,"Feb 22, 2024",-1,-,RCV005166171,MedGen:C3661900,not provided,germline,germline,GRCh37,NC_000011.9,11,17483235,17483235,na,na,11p15.1,"criteria provided, single submitter",1,-,N,-,2,3693813,17483235,A,T,-,-,-,-,-,-,SCV005800299,-,-
3821529,single nucleotide variant,NM_000352.6(ABCC8):c.717T>A (p.Thr239=),6833,ABCC8,HGNC:59,Likely benign,0,"Feb 22, 2024",-1,-,RCV005166171,MedGen:C3661900,not provided,germline,germline,GRCh38,NC_000011.10,11,17461688,17461688,na,na,11p15.1,"criteria provided, single submitter",1,-,N,-,2,3693813,17461688,A,T,-,-,-,-,-,-,SCV005800299,-,-
3823901,single nucleotide variant,NM_000162.5(GCK):c.363+9C>A,2645,GCK,HGNC:4195,Likely benign,0,"Aug 18, 2024",-1,-,RCV005165321,MedGen:C3661900,not provided,germline,germline,GRCh37,NC_000007.13,7,44191861,44191861,na,na,7p13,"criteria provided, single submitter",1,-,N,-,2,3689986,44191861,G,T,-,-,-,-,-,-,SCV005796949,-,-
3823901,single nucleotide variant,NM_000162.5(GCK):c.363+9C>A,2645,GCK,HGNC:4195,Likely benign,0,"Aug 18, 2024",-1,-,RCV005165321,MedGen:C3661900,not provided,germline,germline,GRCh38,NC_000007.14,7,44152262,44152262,na,na,7p13,"criteria provided, single submitter",1,-,N,-,2,3689986,44152262,G,T,-,-,-,-,-,-,SCV005796949,-,-
3824044,single nucleotide variant,NM_000352.6(ABCC8):c.1734C>T (p.Ala578=),6833,ABCC8,HGNC:59,Likely benign,0,"Feb 18, 2024",-1,-,RCV005173283,MedGen:C3661900,not provided,germline,germline,GRCh37,NC_000011.9,11,17452444,17452444,na,na,11p15.1,"criteria provided, single submitter",1,-,N,-,2,3691421,17452444,G,A,-,-,-,-,-,-,SCV005797962,-,-
3824044,single nucleotide variant,NM_000352.6(ABCC8):c.1734C>T (p.Ala578=),6833,ABCC8,HGNC:59,Likely benign,0,"Feb 18, 2024",-1,-,RCV005173283,MedGen:C3661900,not provided,germline,germline,GRCh38,NC_000011.10,11,17430897,17430897,na,na,11p15.1,"criteria provided, single submitter",1,-,N,-,2,3691421,17430897,G,A,-,-,-,-,-,-,SCV005797962,-,-
3825115,single nucleotide variant,NM_000352.6(ABCC8):c.1333-19C>T,6833,ABCC8,HGNC:59,Likely benign,0,"Jan 12, 2026",-1,-,RCV005173963,MedGen:C3661900,not provided,germline,germline,GRCh37,NC_000011.9,11,17464878,17464878,na,na,11p15.1,"criteria provided, single submitter",1,-,N,-,2,3695077,17464878,G,A,-,-,-,-,-,-,SCV005801673,-,-
3825115,single nucleotide variant,NM_000352.6(ABCC8):c.1333-19C>T,6833,ABCC8,HGNC:59,Likely benign,0,"Jan 12, 2026",-1,-,RCV005173963,MedGen:C3661900,not provided,germline,germline,GRCh38,NC_000011.10,11,17443331,17443331,na,na,11p15.1,"criteria provided, single submitter",1,-,N,-,2,3695077,17443331,G,A,-,-,-,-,-,-,SCV005801673,-,-
3825759,single nucleotide variant,NM_000352.6(ABCC8):c.149-17A>G,6833,ABCC8,HGNC:59,Likely benign,0,"Feb 16, 2024",-1,-,RCV005177633,MedGen:C3661900,not provided,germline,germline,GRCh37,NC_000011.9,11,17496591,17496591,na,na,11p15.1,"criteria provided, single submitter",1,-,N,-,2,3698331,17496591,T,C,-,-,-,-,-,-,SCV005805670,-,-
3825759,single nucleotide variant,NM_000352.6(ABCC8):c.149-17A>G,6833,ABCC8,HGNC:59,Likely benign,0,"Feb 16, 2024",-1,-,RCV005177633,MedGen:C3661900,not provided,germline,germline,GRCh38,NC_000011.10,11,17475044,17475044,na,na,11p15.1,"criteria provided, single submitter",1,-,N,-,2,3698331,17475044,T,C,-,-,-,-,-,-,SCV005805670,-,-
3826631,single nucleotide variant,NM_000162.5(GCK):c.580-12G>A,2645,GCK,HGNC:4195,Likely benign,0,"May 22, 2024",-1,-,RCV005180764,MedGen:C3661900,not provided,germline,germline,GRCh37,NC_000007.13,7,44189470,44189470,na,na,7p13,"criteria provided, single submitter",1,-,N,-,2,3701383,44189470,C,T,-,-,-,-,-,-,SCV005808826,-,-
3826631,single nucleotide variant,NM_000162.5(GCK):c.580-12G>A,2645,GCK,HGNC:4195,Likely benign,0,"May 22, 2024",-1,-,RCV005180764,MedGen:C3661900,not provided,germline,germline,GRCh38,NC_000007.14,7,44149871,44149871,na,na,7p13,"criteria provided, single submitter",1,-,N,-,2,3701383,44149871,C,T,-,-,-,-,-,-,SCV005808826,-,-
3831426,single nucleotide variant,NM_000352.6(ABCC8):c.4170C>T (p.Ala1390=),6833,ABCC8,HGNC:59,Likely benign,0,"Feb 02, 2024",-1,-,RCV005170629,MedGen:C3661900,not provided,germline,germline,GRCh37,NC_000011.9,11,17417427,17417427,na,na,11p15.1,"criteria provided, single submitter",1,-,N,-,2,3690750,17417427,G,A,-,-,-,-,-,-,SCV005797844,-,-
3831426,single nucleotide variant,NM_000352.6(ABCC8):c.4170C>T (p.Ala1390=),6833,ABCC8,HGNC:59,Likely benign,0,"Feb 02, 2024",-1,-,RCV005170629,MedGen:C3661900,not provided,germline,germline,GRCh38,NC_000011.10,11,17395880,17395880,na,na,11p15.1,"criteria provided, single submitter",1,-,N,-,2,3690750,17395880,G,A,-,-,-,-,-,-,SCV005797844,-,-
3832528,single nucleotide variant,NM_000162.5(GCK):c.863+10C>G,2645,GCK,HGNC:4195,Likely benign,0,"Nov 29, 2024",-1,-,RCV005166607,MedGen:C3661900,not provided,germline,germline,GRCh37,NC_000007.13,7,44187239,44187239,na,na,7p13,"criteria provided, single submitter",1,-,N,-,2,3695737,44187239,G,C,-,-,-,-,-,-,SCV005801684,-,-
3832528,single nucleotide variant,NM_000162.5(GCK):c.863+10C>G,2645,GCK,HGNC:4195,Likely benign,0,"Nov 29, 2024",-1,-,RCV005166607,MedGen:C3661900,not provided,germline,germline,GRCh38,NC_000007.14,7,44147640,44147640,na,na,7p13,"criteria provided, single submitter",1,-,N,-,2,3695737,44147640,G,C,-,-,-,-,-,-,SCV005801684,-,-
3833417,single nucleotide variant,NM_000352.6(ABCC8):c.412+19G>A,6833,ABCC8,HGNC:59,Likely benign,0,"Apr 02, 2024",-1,-,RCV005180109,MedGen:C3661900,not provided,germline,germline,GRCh37,NC_000011.9,11,17491629,17491629,na,na,11p15.1,"criteria provided, single submitter",1,-,N,-,2,3699239,17491629,C,T,-,-,-,-,-,-,SCV005807076,-,-
3833417,single nucleotide variant,NM_000352.6(ABCC8):c.412+19G>A,6833,ABCC8,HGNC:59,Likely benign,0,"Apr 02, 2024",-1,-,RCV005180109,MedGen:C3661900,not provided,germline,germline,GRCh38,NC_000011.10,11,17470082,17470082,na,na,11p15.1,"criteria provided, single submitter",1,-,N,-,2,3699239,17470082,C,T,-,-,-,-,-,-,SCV005807076,-,-
3833896,Deletion,NM_000162.5(GCK):c.43_45+1del,2645,GCK,HGNC:4195,Pathogenic,1,"Dec 18, 2024",-1,-,RCV005183255,MedGen:C3661900,not provided,germline,germline,GRCh37,NC_000007.13,7,44228507,44228510,na,na,7p13,"criteria provided, single submitter",1,-,N,-,2,3701891,44228506,ACCTT,A,-,-,-,-,-,-,SCV005809665,-,-
3833896,Deletion,NM_000162.5(GCK):c.43_45+1del,2645,GCK,HGNC:4195,Pathogenic,1,"Dec 18, 2024",-1,-,RCV005183255,MedGen:C3661900,not provided,germline,germline,GRCh38,NC_000007.14,7,44188908,44188911,na,na,7p13,"criteria provided, single submitter",1,-,N,-,2,3701891,44188907,ACCTT,A,-,-,-,-,-,-,SCV005809665,-,-
3835296,single nucleotide variant,NM_000352.6(ABCC8):c.1467+16T>C,6833,ABCC8,HGNC:59,Likely benign,0,"Feb 23, 2024",-1,-,RCV005181016,MedGen:C3661900,not provided,germline,germline,GRCh37,NC_000011.9,11,17464709,17464709,na,na,11p15.1,"criteria provided, single submitter",1,-,N,-,2,3703125,17464709,A,G,-,-,-,-,-,-,SCV005811022,-,-
3835296,single nucleotide variant,NM_000352.6(ABCC8):c.1467+16T>C,6833,ABCC8,HGNC:59,Likely benign,0,"Feb 23, 2024",-1,-,RCV005181016,MedGen:C3661900,not provided,germline,germline,GRCh38,NC_000011.10,11,17443162,17443162,na,na,11p15.1,"criteria provided, single submitter",1,-,N,-,2,3703125,17443162,A,G,-,-,-,-,-,-,SCV005811022,-,-
3835367,single nucleotide variant,NM_000352.6(ABCC8):c.4609-6G>T,6833,ABCC8,HGNC:59,Likely benign,0,"Feb 25, 2024",-1,-,RCV005181090,MedGen:C3661900,not provided,germline,germline,GRCh37,NC_000011.9,11,17414681,17414681,na,na,11p15.1,"criteria provided, single submitter",1,-,N,-,2,3703199,17414681,C,A,-,-,-,-,-,-,SCV005811264,-,-
3835367,single nucleotide variant,NM_000352.6(ABCC8):c.4609-6G>T,6833,ABCC8,HGNC:59,Likely benign,0,"Feb 25, 2024",-1,-,RCV005181090,MedGen:C3661900,not provided,germline,germline,GRCh38,NC_000011.10,11,17393134,17393134,na,na,11p15.1,"criteria provided, single submitter",1,-,N,-,2,3703199,17393134,C,A,-,-,-,-,-,-,SCV005811264,-,-
3835666,single nucleotide variant,NM_000352.6(ABCC8):c.2040+6T>A,6833,ABCC8,HGNC:59,Uncertain significance,0,"Jun 09, 2024",-1,-,RCV005176657,MedGen:C3661900,not provided,germline,germline,GRCh37,NC_000011.9,11,17449830,17449830,na,na,11p15.1,"criteria provided, single submitter",1,-,N,-,2,3704800,17449830,A,T,-,-,-,-,-,-,SCV005813339,-,-
3835666,single nucleotide variant,NM_000352.6(ABCC8):c.2040+6T>A,6833,ABCC8,HGNC:59,Uncertain significance,0,"Jun 09, 2024",-1,-,RCV005176657,MedGen:C3661900,not provided,germline,germline,GRCh38,NC_000011.10,11,17428283,17428283,na,na,11p15.1,"criteria provided, single submitter",1,-,N,-,2,3704800,17428283,A,T,-,-,-,-,-,-,SCV005813339,-,-
3836255,single nucleotide variant,NM_000352.6(ABCC8):c.3105G>A (p.Lys1035=),6833,ABCC8,HGNC:59,Likely benign,0,"Feb 01, 2026",-1,-,RCV005177052|RCV005618460,MedGen:C3661900|,not provided|Hereditary hyperinsulinism,germline,germline,GRCh37,NC_000011.9,11,17428492,17428492,na,na,11p15.1,"criteria provided, single submitter",2,-,N,-,2,3706683,17428492,C,T,-,-,-,-,-,-,SCV005815467,-,-
3836255,single nucleotide variant,NM_000352.6(ABCC8):c.3105G>A (p.Lys1035=),6833,ABCC8,HGNC:59,Likely benign,0,"Feb 01, 2026",-1,-,RCV005177052|RCV005618460,MedGen:C3661900|,not provided|Hereditary hyperinsulinism,germline,germline,GRCh38,NC_000011.10,11,17406945,17406945,na,na,11p15.1,"criteria provided, single submitter",2,-,N,-,2,3706683,17406945,C,T,-,-,-,-,-,-,SCV005815467,-,-
3836443,single nucleotide variant,NM_000352.6(ABCC8):c.3118G>A (p.Ala1040Thr),6833,ABCC8,HGNC:59,Uncertain significance,0,"Aug 31, 2024",-1,-,RCV005187464,MedGen:C3661900,not provided,germline,germline,GRCh37,NC_000011.9,11,17428479,17428479,na,na,11p15.1,"criteria provided, single submitter",1,-,N,-,2,3708166,17428479,C,T,-,-,-,-,-,-,SCV005818064,-,-
3836443,single nucleotide variant,NM_000352.6(ABCC8):c.3118G>A (p.Ala1040Thr),6833,ABCC8,HGNC:59,Uncertain significance,0,"Aug 31, 2024",-1,-,RCV005187464,MedGen:C3661900,not provided,germline,germline,GRCh38,NC_000011.10,11,17406932,17406932,na,na,11p15.1,"criteria provided, single submitter",1,-,N,-,2,3708166,17406932,C,T,-,-,-,-,-,-,SCV005818064,-,-
3838691,single nucleotide variant,NM_000352.6(ABCC8):c.4523C>T (p.Thr1508Met),6833,ABCC8,HGNC:59,Uncertain significance,0,"Jun 25, 2024",-1,-,RCV005175987,MedGen:C3661900,not provided,germline,germline,GRCh37,NC_000011.9,11,17415835,17415835,na,na,11p15.1,"criteria provided, single submitter",1,-,N,-,2,3702640,17415835,G,A,-,-,-,-,-,-,SCV005810430,-,-
3838691,single nucleotide variant,NM_000352.6(ABCC8):c.4523C>T (p.Thr1508Met),6833,ABCC8,HGNC:59,Uncertain significance,0,"Jun 25, 2024",-1,-,RCV005175987,MedGen:C3661900,not provided,germline,germline,GRCh38,NC_000011.10,11,17394288,17394288,na,na,11p15.1,"criteria provided, single submitter",1,-,N,-,2,3702640,17394288,G,A,-,-,-,-,-,-,SCV005810430,-,-
3839142,Deletion,NM_000162.5(GCK):c.1121_1132del (p.Val374_Arg377del),2645,GCK,HGNC:4195,Pathogenic,1,"Aug 24, 2024",-1,-,RCV005179227,MedGen:C3661900,not provided,germline,germline,GRCh37,NC_000007.13,7,44185217,44185228,na,na,7p13,"criteria provided, single submitter",1,-,N,-,2,3704392,44185216,GCGCGCGTAGACA,G,-,-,-,-,-,-,SCV005812806,-,-
3839142,Deletion,NM_000162.5(GCK):c.1121_1132del (p.Val374_Arg377del),2645,GCK,HGNC:4195,Pathogenic,1,"Aug 24, 2024",-1,-,RCV005179227,MedGen:C3661900,not provided,germline,germline,GRCh38,NC_000007.14,7,44145618,44145629,na,na,7p13,"criteria provided, single submitter",1,-,N,-,2,3704392,44145617,GCGCGCGTAGACA,G,-,-,-,-,-,-,SCV005812806,-,-
3840735,single nucleotide variant,NM_000352.6(ABCC8):c.1988T>A (p.Leu663Gln),6833,ABCC8,HGNC:59,Uncertain significance,0,"Mar 17, 2025",-1,-,RCV005193028|RCV005407405,MedGen:C3661900|MedGen:CN169374,not provided|not specified,germline,germline,GRCh37,NC_000011.9,11,17449888,17449888,na,na,11p15.1,"criteria provided, multiple submitters, no conflicts",2,-,N,-,2,3711173,17449888,A,T,-,-,-,-,-,-,SCV005821729|SCV006071207,-,-
3840735,single nucleotide variant,NM_000352.6(ABCC8):c.1988T>A (p.Leu663Gln),6833,ABCC8,HGNC:59,Uncertain significance,0,"Mar 17, 2025",-1,-,RCV005193028|RCV005407405,MedGen:C3661900|MedGen:CN169374,not provided|not specified,germline,germline,GRCh38,NC_000011.10,11,17428341,17428341,na,na,11p15.1,"criteria provided, multiple submitters, no conflicts",2,-,N,-,2,3711173,17428341,A,T,-,-,-,-,-,-,SCV005821729|SCV006071207,-,-
3841781,single nucleotide variant,NM_000352.6(ABCC8):c.4122C>G (p.Ile1374Met),6833,ABCC8,HGNC:59,Uncertain significance,0,"Mar 20, 2025",-1,-,RCV005189215,MedGen:C3661900,not provided,germline,germline,GRCh37,NC_000011.9,11,17417475,17417475,na,na,11p15.1,"criteria provided, single submitter",1,-,N,-,2,3714384,17417475,G,C,-,-,-,-,-,-,SCV005847888,-,-
3841781,single nucleotide variant,NM_000352.6(ABCC8):c.4122C>G (p.Ile1374Met),6833,ABCC8,HGNC:59,Uncertain significance,0,"Mar 20, 2025",-1,-,RCV005189215,MedGen:C3661900,not provided,germline,germline,GRCh38,NC_000011.10,11,17395928,17395928,na,na,11p15.1,"criteria provided, single submitter",1,-,N,-,2,3714384,17395928,G,C,-,-,-,-,-,-,SCV005847888,-,-
3842226,single nucleotide variant,NM_000352.6(ABCC8):c.2545G>A (p.Val849Ile),6833,ABCC8,HGNC:59,Uncertain significance,0,"Oct 22, 2024",-1,-,RCV005178861,MedGen:C3661900,not provided,germline,germline,GRCh37,NC_000011.9,11,17434224,17434224,na,na,11p15.1,"criteria provided, single submitter",1,-,N,-,2,3704026,17434224,C,T,-,-,-,-,-,-,SCV005812360,-,-
3842226,single nucleotide variant,NM_000352.6(ABCC8):c.2545G>A (p.Val849Ile),6833,ABCC8,HGNC:59,Uncertain significance,0,"Oct 22, 2024",-1,-,RCV005178861,MedGen:C3661900,not provided,germline,germline,GRCh38,NC_000011.10,11,17412677,17412677,na,na,11p15.1,"criteria provided, single submitter",1,-,N,-,2,3704026,17412677,C,T,-,-,-,-,-,-,SCV005812360,-,-
3842965,single nucleotide variant,NM_000352.6(ABCC8):c.3789G>A (p.Ala1263=),6833,ABCC8,HGNC:59,Likely benign,0,"May 09, 2024",-1,-,RCV005182273,MedGen:C3661900,not provided,germline,germline,GRCh37,NC_000011.9,11,17419309,17419309,na,na,11p15.1,"criteria provided, single submitter",1,-,N,-,2,3707359,17419309,C,T,-,-,-,-,-,-,SCV005816823,-,-
3842965,single nucleotide variant,NM_000352.6(ABCC8):c.3789G>A (p.Ala1263=),6833,ABCC8,HGNC:59,Likely benign,0,"May 09, 2024",-1,-,RCV005182273,MedGen:C3661900,not provided,germline,germline,GRCh38,NC_000011.10,11,17397762,17397762,na,na,11p15.1,"criteria provided, single submitter",1,-,N,-,2,3707359,17397762,C,T,-,-,-,-,-,-,SCV005816823,-,-
3843397,Duplication,NM_000162.5(GCK):c.344dup (p.Met115fs),2645,GCK,HGNC:4195,Pathogenic,1,"Aug 10, 2025",-1,-,RCV005192431,MedGen:C3661900,not provided,germline,germline,GRCh37,NC_000007.13,7,44191888,44191889,na,na,7p13,"criteria provided, single submitter",1,-,N,-,2,3709087,44191888,C,CA,-,-,-,-,-,-,SCV005819165,-,-
3843397,Duplication,NM_000162.5(GCK):c.344dup (p.Met115fs),2645,GCK,HGNC:4195,Pathogenic,1,"Aug 10, 2025",-1,-,RCV005192431,MedGen:C3661900,not provided,germline,germline,GRCh38,NC_000007.14,7,44152289,44152290,na,na,7p13,"criteria provided, single submitter",1,-,N,-,2,3709087,44152289,C,CA,-,-,-,-,-,-,SCV005819165,-,-
3845337,single nucleotide variant,NM_000162.5(GCK):c.1088A>C (p.Asp363Ala),2645,GCK,HGNC:4195,Uncertain significance,0,"Dec 03, 2024",-1,-,RCV005186650,MedGen:C3661900,not provided,germline,germline,GRCh37,NC_000007.13,7,44185261,44185261,na,na,7p13,"criteria provided, single submitter",1,-,N,-,2,3715787,44185261,T,G,-,-,-,-,-,-,SCV005828310,-,-
3845337,single nucleotide variant,NM_000162.5(GCK):c.1088A>C (p.Asp363Ala),2645,GCK,HGNC:4195,Uncertain significance,0,"Dec 03, 2024",-1,-,RCV005186650,MedGen:C3661900,not provided,germline,germline,GRCh38,NC_000007.14,7,44145662,44145662,na,na,7p13,"criteria provided, single submitter",1,-,N,-,2,3715787,44145662,T,G,-,-,-,-,-,-,SCV005828310,-,-
3846555,single nucleotide variant,NM_000352.6(ABCC8):c.1676T>C (p.Phe559Ser),6833,ABCC8,HGNC:59,Uncertain significance,0,"Jan 23, 2025",-1,-,RCV005181982,MedGen:C3661900,not provided,germline,germline,GRCh37,NC_000011.9,11,17452502,17452502,na,na,11p15.1,"criteria provided, single submitter",1,-,N,-,2,3707069,17452502,A,G,-,-,-,-,-,-,SCV005816395,-,-
3846555,single nucleotide variant,NM_000352.6(ABCC8):c.1676T>C (p.Phe559Ser),6833,ABCC8,HGNC:59,Uncertain significance,0,"Jan 23, 2025",-1,-,RCV005181982,MedGen:C3661900,not provided,germline,germline,GRCh38,NC_000011.10,11,17430955,17430955,na,na,11p15.1,"criteria provided, single submitter",1,-,N,-,2,3707069,17430955,A,G,-,-,-,-,-,-,SCV005816395,-,-
3846832,Inversion,NM_000352.6(ABCC8):c.207_208inv (p.Gly70Arg),6833,ABCC8,HGNC:59,Uncertain significance,0,"Nov 19, 2024",-1,-,RCV005190003,MedGen:C3661900,not provided,germline,germline,GRCh37,NC_000011.9,11,17496515,17496516,na,na,11p15.1,"criteria provided, single submitter",1,-,N,-,2,3708643,17496515,CA,TG,-,-,-,-,-,-,SCV005819001,-,-
3846832,Inversion,NM_000352.6(ABCC8):c.207_208inv (p.Gly70Arg),6833,ABCC8,HGNC:59,Uncertain significance,0,"Nov 19, 2024",-1,-,RCV005190003,MedGen:C3661900,not provided,germline,germline,GRCh38,NC_000011.10,11,17474968,17474969,na,na,11p15.1,"criteria provided, single submitter",1,-,N,-,2,3708643,17474968,CA,TG,-,-,-,-,-,-,SCV005819001,-,-
3847407,single nucleotide variant,NM_000352.6(ABCC8):c.2447A>G (p.His816Arg),6833,ABCC8,HGNC:59,Uncertain significance,0,"Jul 19, 2024",-1,-,RCV005188326,MedGen:C3661900,not provided,germline,germline,GRCh37,NC_000011.9,11,17434969,17434969,na,na,11p15.1,"criteria provided, single submitter",1,-,N,-,2,3710518,17434969,T,C,-,-,-,-,-,-,SCV005821229,-,-
3847407,single nucleotide variant,NM_000352.6(ABCC8):c.2447A>G (p.His816Arg),6833,ABCC8,HGNC:59,Uncertain significance,0,"Jul 19, 2024",-1,-,RCV005188326,MedGen:C3661900,not provided,germline,germline,GRCh38,NC_000011.10,11,17413422,17413422,na,na,11p15.1,"criteria provided, single submitter",1,-,N,-,2,3710518,17413422,T,C,-,-,-,-,-,-,SCV005821229,-,-
3848492,single nucleotide variant,NM_000352.6(ABCC8):c.3054A>G (p.Ser1018=),6833,ABCC8,HGNC:59,Likely benign,0,"Feb 16, 2024",-1,-,RCV005192193,MedGen:C3661900,not provided,germline,germline,GRCh37,NC_000011.9,11,17428543,17428543,na,na,11p15.1,"criteria provided, single submitter",1,-,N,-,2,3716787,17428543,T,C,-,-,-,-,-,-,SCV005829740,-,-
3848492,single nucleotide variant,NM_000352.6(ABCC8):c.3054A>G (p.Ser1018=),6833,ABCC8,HGNC:59,Likely benign,0,"Feb 16, 2024",-1,-,RCV005192193,MedGen:C3661900,not provided,germline,germline,GRCh38,NC_000011.10,11,17406996,17406996,na,na,11p15.1,"criteria provided, single submitter",1,-,N,-,2,3716787,17406996,T,C,-,-,-,-,-,-,SCV005829740,-,-
3848643,single nucleotide variant,NM_000352.6(ABCC8):c.2660C>A (p.Thr887Asn),6833,ABCC8,HGNC:59,Likely pathogenic,1,"Feb 06, 2024",-1,-,RCV005192344,MedGen:C3661900,not provided,germline,germline,GRCh37,NC_000011.9,11,17432097,17432097,na,na,11p15.1,"criteria provided, single submitter",1,-,N,-,2,3716938,17432097,G,T,-,-,-,-,-,-,SCV005829954,-,-
3848643,single nucleotide variant,NM_000352.6(ABCC8):c.2660C>A (p.Thr887Asn),6833,ABCC8,HGNC:59,Likely pathogenic,1,"Feb 06, 2024",-1,-,RCV005192344,MedGen:C3661900,not provided,germline,germline,GRCh38,NC_000011.10,11,17410550,17410550,na,na,11p15.1,"criteria provided, single submitter",1,-,N,-,2,3716938,17410550,G,T,-,-,-,-,-,-,SCV005829954,-,-
3849966,single nucleotide variant,NM_000162.5(GCK):c.1087G>T (p.Asp363Tyr),2645,GCK,HGNC:4195,Uncertain significance,0,"Nov 25, 2024",-1,-,RCV005197955,MedGen:C3661900,not provided,germline,germline,GRCh37,NC_000007.13,7,44185262,44185262,na,na,7p13,"criteria provided, single submitter",1,-,N,-,2,3720148,44185262,C,A,-,-,-,-,-,-,SCV005833136,-,-
3849966,single nucleotide variant,NM_000162.5(GCK):c.1087G>T (p.Asp363Tyr),2645,GCK,HGNC:4195,Uncertain significance,0,"Nov 25, 2024",-1,-,RCV005197955,MedGen:C3661900,not provided,germline,germline,GRCh38,NC_000007.14,7,44145663,44145663,na,na,7p13,"criteria provided, single submitter",1,-,N,-,2,3720148,44145663,C,A,-,-,-,-,-,-,SCV005833136,-,-
3849967,single nucleotide variant,NM_000162.5(GCK):c.856C>G (p.Gln286Glu),2645,GCK,HGNC:4195,Uncertain significance,0,"Sep 05, 2025",-1,-,RCV005197956,MedGen:C3661900,not provided,germline,germline,GRCh37,NC_000007.13,7,44187256,44187256,na,na,7p13,"criteria provided, single submitter",1,-,N,-,2,3720149,44187256,G,C,-,-,-,-,-,-,SCV005833817,-,-
3849967,single nucleotide variant,NM_000162.5(GCK):c.856C>G (p.Gln286Glu),2645,GCK,HGNC:4195,Uncertain significance,0,"Sep 05, 2025",-1,-,RCV005197956,MedGen:C3661900,not provided,germline,germline,GRCh38,NC_000007.14,7,44147657,44147657,na,na,7p13,"criteria provided, single submitter",1,-,N,-,2,3720149,44147657,G,C,-,-,-,-,-,-,SCV005833817,-,-
3852314,single nucleotide variant,NM_000525.4(KCNJ11):c.745A>G (p.Ile249Val),3767,KCNJ11,HGNC:6257,Uncertain significance,0,"Jul 16, 2024",-1,-,RCV005189391,MedGen:C3661900,not provided,germline,germline,GRCh37,NC_000011.9,11,17408894,17408894,na,na,11p15.1,"criteria provided, single submitter",1,-,N,-,2,3716048,17408894,T,C,-,-,-,-,-,-,SCV005828540,-,-
3852314,single nucleotide variant,NM_000525.4(KCNJ11):c.745A>G (p.Ile249Val),3767,KCNJ11,HGNC:6257,Uncertain significance,0,"Jul 16, 2024",-1,-,RCV005189391,MedGen:C3661900,not provided,germline,germline,GRCh38,NC_000011.10,11,17387347,17387347,na,na,11p15.1,"criteria provided, single submitter",1,-,N,-,2,3716048,17387347,T,C,-,-,-,-,-,-,SCV005828540,-,-
3853549,single nucleotide variant,NM_000352.6(ABCC8):c.274G>A (p.Gly92Ser),6833,ABCC8,HGNC:59,Uncertain significance,0,"Apr 24, 2025",-1,-,RCV005203028|RCV005412731,"MedGen:C3661900|MONDO:MONDO:0009734,MedGen:C2931832,OMIM:256450,Orphanet:276575,Orphanet:276598","not provided|Hyperinsulinemic hypoglycemia, familial, 1",germline,germline,GRCh37,NC_000011.9,11,17496449,17496449,na,na,11p15.1,"criteria provided, multiple submitters, no conflicts",2,-,N,-,2,3721179,17496449,C,T,-,-,-,-,-,-,SCV005836164|SCV006079755,-,-
3853549,single nucleotide variant,NM_000352.6(ABCC8):c.274G>A (p.Gly92Ser),6833,ABCC8,HGNC:59,Uncertain significance,0,"Apr 24, 2025",-1,-,RCV005203028|RCV005412731,"MedGen:C3661900|MONDO:MONDO:0009734,MedGen:C2931832,OMIM:256450,Orphanet:276575,Orphanet:276598","not provided|Hyperinsulinemic hypoglycemia, familial, 1",germline,germline,GRCh38,NC_000011.10,11,17474902,17474902,na,na,11p15.1,"criteria provided, multiple submitters, no conflicts",2,-,N,-,2,3721179,17474902,C,T,-,-,-,-,-,-,SCV005836164|SCV006079755,-,-
3855959,single nucleotide variant,NM_000352.6(ABCC8):c.2475+20G>A,6833,ABCC8,HGNC:59,Likely benign,0,"Jan 07, 2025",-1,-,RCV005186925,MedGen:C3661900,not provided,germline,germline,GRCh37,NC_000011.9,11,17434921,17434921,na,na,11p15.1,"criteria provided, single submitter",1,-,N,-,2,3717550,17434921,C,T,-,-,-,-,-,-,SCV005830483,-,-
3855959,single nucleotide variant,NM_000352.6(ABCC8):c.2475+20G>A,6833,ABCC8,HGNC:59,Likely benign,0,"Jan 07, 2025",-1,-,RCV005186925,MedGen:C3661900,not provided,germline,germline,GRCh38,NC_000011.10,11,17413374,17413374,na,na,11p15.1,"criteria provided, single submitter",1,-,N,-,2,3717550,17413374,C,T,-,-,-,-,-,-,SCV005830483,-,-
3856539,single nucleotide variant,NM_000162.5(GCK):c.1302C>G (p.Cys434Trp),2645,GCK,HGNC:4195,Uncertain significance,0,"Mar 26, 2025",-1,-,RCV005200604,MedGen:C3661900,not provided,germline,germline,GRCh37,NC_000007.13,7,44184831,44184831,na,na,7p13,"criteria provided, single submitter",1,-,N,-,2,3720734,44184831,G,C,-,-,-,-,-,-,SCV005835114,-,-
3856539,single nucleotide variant,NM_000162.5(GCK):c.1302C>G (p.Cys434Trp),2645,GCK,HGNC:4195,Uncertain significance,0,"Mar 26, 2025",-1,-,RCV005200604,MedGen:C3661900,not provided,germline,germline,GRCh38,NC_000007.14,7,44145232,44145232,na,na,7p13,"criteria provided, single submitter",1,-,N,-,2,3720734,44145232,G,C,-,-,-,-,-,-,SCV005835114,-,-
3856540,single nucleotide variant,NM_000162.5(GCK):c.1301G>T (p.Cys434Phe),2645,GCK,HGNC:4195,Likely pathogenic,1,"May 12, 2025",-1,-,RCV005200605,MedGen:C3661900,not provided,germline,germline,GRCh37,NC_000007.13,7,44184832,44184832,na,na,7p13,"criteria provided, single submitter",1,-,N,-,2,3720735,44184832,C,A,-,-,-,-,-,-,SCV005835115,-,-
3856540,single nucleotide variant,NM_000162.5(GCK):c.1301G>T (p.Cys434Phe),2645,GCK,HGNC:4195,Likely pathogenic,1,"May 12, 2025",-1,-,RCV005200605,MedGen:C3661900,not provided,germline,germline,GRCh38,NC_000007.14,7,44145233,44145233,na,na,7p13,"criteria provided, single submitter",1,-,N,-,2,3720735,44145233,C,A,-,-,-,-,-,-,SCV005835115,-,-
3856544,single nucleotide variant,NM_000162.5(GCK):c.764C>T (p.Thr255Ile),2645,GCK,HGNC:4195,Pathogenic,1,"Nov 24, 2025",-1,-,RCV005200609|RCV006256432,"MedGen:C3661900|MONDO:MONDO:0015967,MedGen:C3888631,Orphanet:183625",not provided|Monogenic diabetes,germline,germline,GRCh37,NC_000007.13,7,44187348,44187348,na,na,7p13,reviewed by expert panel,2,-,N,-,2,3720739,44187348,G,A,-,-,-,-,-,-,SCV007107115,-,-
3856544,single nucleotide variant,NM_000162.5(GCK):c.764C>T (p.Thr255Ile),2645,GCK,HGNC:4195,Pathogenic,1,"Nov 24, 2025",-1,-,RCV005200609|RCV006256432,"MedGen:C3661900|MONDO:MONDO:0015967,MedGen:C3888631,Orphanet:183625",not provided|Monogenic diabetes,germline,germline,GRCh38,NC_000007.14,7,44147749,44147749,na,na,7p13,reviewed by expert panel,2,-,N,-,2,3720739,44147749,G,A,-,-,-,-,-,-,SCV007107115,-,-
3856546,single nucleotide variant,NM_000162.5(GCK):c.616A>G (p.Thr206Ala),2645,GCK,HGNC:4195,Likely pathogenic,1,"Jul 01, 2022",-1,-,RCV005200611,MedGen:C3661900,not provided,germline,germline,GRCh37,NC_000007.13,7,44189422,44189422,na,na,7p13,"criteria provided, single submitter",1,-,N,-,2,3720741,44189422,T,C,-,-,-,-,-,-,SCV005835121,-,-
3856546,single nucleotide variant,NM_000162.5(GCK):c.616A>G (p.Thr206Ala),2645,GCK,HGNC:4195,Likely pathogenic,1,"Jul 01, 2022",-1,-,RCV005200611,MedGen:C3661900,not provided,germline,germline,GRCh38,NC_000007.14,7,44149823,44149823,na,na,7p13,"criteria provided, single submitter",1,-,N,-,2,3720741,44149823,T,C,-,-,-,-,-,-,SCV005835121,-,-
3856548,single nucleotide variant,NM_000162.5(GCK):c.363+1G>T,2645,GCK,HGNC:4195,Pathogenic,1,"Mar 07, 2024",-1,-,RCV005200613,MedGen:C3661900,not provided,germline,germline,GRCh37,NC_000007.13,7,44191869,44191869,na,na,7p13,"criteria provided, single submitter",1,-,N,-,2,3720743,44191869,C,A,-,-,-,-,-,-,SCV005835123,-,-
3856548,single nucleotide variant,NM_000162.5(GCK):c.363+1G>T,2645,GCK,HGNC:4195,Pathogenic,1,"Mar 07, 2024",-1,-,RCV005200613,MedGen:C3661900,not provided,germline,germline,GRCh38,NC_000007.14,7,44152270,44152270,na,na,7p13,"criteria provided, single submitter",1,-,N,-,2,3720743,44152270,C,A,-,-,-,-,-,-,SCV005835123,-,-
3856549,single nucleotide variant,NM_000162.5(GCK):c.349G>A (p.Gly117Ser),2645,GCK,HGNC:4195,Uncertain significance,0,"Dec 26, 2024",-1,-,RCV005200614,MedGen:C3661900,not provided,germline,germline,GRCh37,NC_000007.13,7,44191884,44191884,na,na,7p13,"criteria provided, single submitter",1,-,N,-,2,3720744,44191884,C,T,-,-,-,-,-,-,SCV005835029,-,-
3856549,single nucleotide variant,NM_000162.5(GCK):c.349G>A (p.Gly117Ser),2645,GCK,HGNC:4195,Uncertain significance,0,"Dec 26, 2024",-1,-,RCV005200614,MedGen:C3661900,not provided,germline,germline,GRCh38,NC_000007.14,7,44152285,44152285,na,na,7p13,"criteria provided, single submitter",1,-,N,-,2,3720744,44152285,C,T,-,-,-,-,-,-,SCV005835029,-,-
3856550,single nucleotide variant,NM_000162.5(GCK):c.208+1G>T,2645,GCK,HGNC:4195,Likely pathogenic,1,"Apr 01, 2024",-1,-,RCV005200615,MedGen:C3661900,not provided,germline,germline,GRCh37,NC_000007.13,7,44192899,44192899,na,na,7p13,"criteria provided, single submitter",1,-,N,-,2,3720745,44192899,C,A,-,-,-,-,-,-,SCV005835030,-,-
3856550,single nucleotide variant,NM_000162.5(GCK):c.208+1G>T,2645,GCK,HGNC:4195,Likely pathogenic,1,"Apr 01, 2024",-1,-,RCV005200615,MedGen:C3661900,not provided,germline,germline,GRCh38,NC_000007.14,7,44153300,44153300,na,na,7p13,"criteria provided, single submitter",1,-,N,-,2,3720745,44153300,C,A,-,-,-,-,-,-,SCV005835030,-,-
3856551,single nucleotide variant,NM_000162.5(GCK):c.170T>C (p.Met57Thr),2645,GCK,HGNC:4195,Likely pathogenic,1,"Oct 28, 2025",-1,-,RCV005200616|RCV005938023,"MedGen:C3661900|MONDO:MONDO:0015967,MedGen:C3888631,Orphanet:183625",not provided|Monogenic diabetes,germline,germline,GRCh37,NC_000007.13,7,44192938,44192938,na,na,7p13,reviewed by expert panel,2,-,N,-,2,3720746,44192938,A,G,-,-,-,-,-,-,SCV007095700,-,-
3856551,single nucleotide variant,NM_000162.5(GCK):c.170T>C (p.Met57Thr),2645,GCK,HGNC:4195,Likely pathogenic,1,"Oct 28, 2025",-1,-,RCV005200616|RCV005938023,"MedGen:C3661900|MONDO:MONDO:0015967,MedGen:C3888631,Orphanet:183625",not provided|Monogenic diabetes,germline,germline,GRCh38,NC_000007.14,7,44153339,44153339,na,na,7p13,reviewed by expert panel,2,-,N,-,2,3720746,44153339,A,G,-,-,-,-,-,-,SCV007095700,-,-
3856802,single nucleotide variant,NM_000525.4(KCNJ11):c.136C>T (p.His46Tyr),3767,KCNJ11,HGNC:6257,Pathogenic,1,"Mar 18, 2024",-1,-,RCV005200871,MedGen:C3661900,not provided,germline,germline,GRCh37,NC_000011.9,11,17409503,17409503,na,na,11p15.1,"criteria provided, single submitter",1,-,N,-,2,3721001,17409503,G,A,-,-,-,-,-,-,SCV005835829,-,-
3856802,single nucleotide variant,NM_000525.4(KCNJ11):c.136C>T (p.His46Tyr),3767,KCNJ11,HGNC:6257,Pathogenic,1,"Mar 18, 2024",-1,-,RCV005200871,MedGen:C3661900,not provided,germline,germline,GRCh38,NC_000011.10,11,17387956,17387956,na,na,11p15.1,"criteria provided, single submitter",1,-,N,-,2,3721001,17387956,G,A,-,-,-,-,-,-,SCV005835829,-,-
3856803,single nucleotide variant,NM_000352.6(ABCC8):c.4474G>A (p.Ala1492Thr),6833,ABCC8,HGNC:59,Pathogenic/Likely pathogenic,1,"Jul 15, 2025",-1,-,RCV005200872|RCV005938028,"MedGen:C3661900|MONDO:MONDO:0017182,MedGen:C3888018,Orphanet:276525",not provided|Familial hyperinsulinism,germline,germline,GRCh37,NC_000011.9,11,17415884,17415884,na,na,11p15.1,"criteria provided, multiple submitters, no conflicts",2,-,N,-,2,3721002,17415884,C,T,-,-,-,-,-,-,SCV005836070|SCV007094723,-,-
3856803,single nucleotide variant,NM_000352.6(ABCC8):c.4474G>A (p.Ala1492Thr),6833,ABCC8,HGNC:59,Pathogenic/Likely pathogenic,1,"Jul 15, 2025",-1,-,RCV005200872|RCV005938028,"MedGen:C3661900|MONDO:MONDO:0017182,MedGen:C3888018,Orphanet:276525",not provided|Familial hyperinsulinism,germline,germline,GRCh38,NC_000011.10,11,17394337,17394337,na,na,11p15.1,"criteria provided, multiple submitters, no conflicts",2,-,N,-,2,3721002,17394337,C,T,-,-,-,-,-,-,SCV005836070|SCV007094723,-,-
3856805,single nucleotide variant,NM_000352.6(ABCC8):c.3730A>G (p.Asn1244Asp),6833,ABCC8,HGNC:59,Uncertain significance,0,"Aug 31, 2024",-1,-,RCV005200874,MedGen:C3661900,not provided,germline,germline,GRCh37,NC_000011.9,11,17419909,17419909,na,na,11p15.1,"criteria provided, single submitter",1,-,N,-,2,3721004,17419909,T,C,-,-,-,-,-,-,SCV005835252,-,-
3856805,single nucleotide variant,NM_000352.6(ABCC8):c.3730A>G (p.Asn1244Asp),6833,ABCC8,HGNC:59,Uncertain significance,0,"Aug 31, 2024",-1,-,RCV005200874,MedGen:C3661900,not provided,germline,germline,GRCh38,NC_000011.10,11,17398362,17398362,na,na,11p15.1,"criteria provided, single submitter",1,-,N,-,2,3721004,17398362,T,C,-,-,-,-,-,-,SCV005835252,-,-
3856806,single nucleotide variant,NM_000352.6(ABCC8):c.275G>A (p.Gly92Asp),6833,ABCC8,HGNC:59,Likely pathogenic,1,"Oct 17, 2024",-1,-,RCV005200875,MedGen:C3661900,not provided,germline,germline,GRCh37,NC_000011.9,11,17496448,17496448,na,na,11p15.1,"criteria provided, single submitter",1,-,N,-,2,3721005,17496448,C,T,-,-,-,-,-,-,SCV005835807,-,-
3856806,single nucleotide variant,NM_000352.6(ABCC8):c.275G>A (p.Gly92Asp),6833,ABCC8,HGNC:59,Likely pathogenic,1,"Oct 17, 2024",-1,-,RCV005200875,MedGen:C3661900,not provided,germline,germline,GRCh38,NC_000011.10,11,17474901,17474901,na,na,11p15.1,"criteria provided, single submitter",1,-,N,-,2,3721005,17474901,C,T,-,-,-,-,-,-,SCV005835807,-,-
3858648,Microsatellite,NM_000162.5(GCK):c.706GAG[1] (p.Glu237del),2645,GCK,HGNC:4195,Uncertain significance,0,"Nov 19, 2025",-1,-,RCV005207118,MedGen:C3661900,not provided,germline,germline,GRCh37,NC_000007.13,7,44187401,44187403,na,na,7p13,"criteria provided, single submitter",1,-,N,-,2,3729319,44187400,TCTC,T,-,-,-,-,-,-,SCV005844325,-,-
3858648,Microsatellite,NM_000162.5(GCK):c.706GAG[1] (p.Glu237del),2645,GCK,HGNC:4195,Uncertain significance,0,"Nov 19, 2025",-1,-,RCV005207118,MedGen:C3661900,not provided,germline,germline,GRCh38,NC_000007.14,7,44147802,44147804,na,na,7p13,"criteria provided, single submitter",1,-,N,-,2,3729319,44147801,TCTC,T,-,-,-,-,-,-,SCV005844325,-,-
3859217,single nucleotide variant,NM_000352.6(ABCC8):c.3868-17T>C,6833,ABCC8,HGNC:59,Likely benign,0,"Feb 22, 2024",-1,-,RCV005197806,MedGen:C3661900,not provided,germline,germline,GRCh37,NC_000011.9,11,17418877,17418877,na,na,11p15.1,"criteria provided, single submitter",1,-,N,-,2,3718511,17418877,A,G,-,-,-,-,-,-,SCV005832015,-,-
3859217,single nucleotide variant,NM_000352.6(ABCC8):c.3868-17T>C,6833,ABCC8,HGNC:59,Likely benign,0,"Feb 22, 2024",-1,-,RCV005197806,MedGen:C3661900,not provided,germline,germline,GRCh38,NC_000011.10,11,17397330,17397330,na,na,11p15.1,"criteria provided, single submitter",1,-,N,-,2,3718511,17397330,A,G,-,-,-,-,-,-,SCV005832015,-,-
3860235,single nucleotide variant,NM_000352.6(ABCC8):c.4198+7T>G,6833,ABCC8,HGNC:59,Likely benign,0,"Oct 03, 2024",-1,-,RCV005198444,MedGen:C3661900,not provided,germline,germline,GRCh37,NC_000011.9,11,17417392,17417392,na,na,11p15.1,"criteria provided, single submitter",1,-,N,-,2,3722131,17417392,A,C,-,-,-,-,-,-,SCV005838935,-,-
3860235,single nucleotide variant,NM_000352.6(ABCC8):c.4198+7T>G,6833,ABCC8,HGNC:59,Likely benign,0,"Oct 03, 2024",-1,-,RCV005198444,MedGen:C3661900,not provided,germline,germline,GRCh38,NC_000011.10,11,17395845,17395845,na,na,11p15.1,"criteria provided, single submitter",1,-,N,-,2,3722131,17395845,A,C,-,-,-,-,-,-,SCV005838935,-,-
3861118,Deletion,NM_000352.6(ABCC8):c.3184_3187del (p.Val1062fs),6833,ABCC8,HGNC:59,Pathogenic,1,"Nov 19, 2024",-1,-,RCV005196466,MedGen:C3661900,not provided,germline,germline,GRCh37,NC_000011.9,11,17428311,17428314,na,na,11p15.1,"criteria provided, single submitter",1,-,N,-,2,3725610,17428310,TAGAC,T,-,-,-,-,-,-,SCV005840836,-,-
3861118,Deletion,NM_000352.6(ABCC8):c.3184_3187del (p.Val1062fs),6833,ABCC8,HGNC:59,Pathogenic,1,"Nov 19, 2024",-1,-,RCV005196466,MedGen:C3661900,not provided,germline,germline,GRCh38,NC_000011.10,11,17406764,17406767,na,na,11p15.1,"criteria provided, single submitter",1,-,N,-,2,3725610,17406763,TAGAC,T,-,-,-,-,-,-,SCV005840836,-,-
3862220,single nucleotide variant,NM_000352.6(ABCC8):c.3022G>A (p.Gly1008Ser),6833,ABCC8,HGNC:59,Uncertain significance,0,"Mar 31, 2024",-1,-,RCV005206461,MedGen:C3661900,not provided,germline,germline,GRCh37,NC_000011.9,11,17428575,17428575,na,na,11p15.1,"criteria provided, single submitter",1,-,N,-,2,3730150,17428575,C,T,-,-,-,-,-,-,SCV005846340,-,-
3862220,single nucleotide variant,NM_000352.6(ABCC8):c.3022G>A (p.Gly1008Ser),6833,ABCC8,HGNC:59,Uncertain significance,0,"Mar 31, 2024",-1,-,RCV005206461,MedGen:C3661900,not provided,germline,germline,GRCh38,NC_000011.10,11,17407028,17407028,na,na,11p15.1,"criteria provided, single submitter",1,-,N,-,2,3730150,17407028,C,T,-,-,-,-,-,-,SCV005846340,-,-
3882217,single nucleotide variant,NM_000162.5(GCK):c.863+1G>C,2645,GCK,HGNC:4195,Pathogenic,1,"Feb 19, 2026",-1,-,RCV005233768|RCV006605432,"MedGen:C3661900|MONDO:MONDO:0015967,MedGen:C3888631,Orphanet:183625",not provided|Monogenic diabetes,germline,germline,GRCh37,NC_000007.13,7,44187248,44187248,na,na,7p13,reviewed by expert panel,2,-,N,-,2,3766052,44187248,C,G,-,-,-,-,-,-,SCV007496325,-,-
3882217,single nucleotide variant,NM_000162.5(GCK):c.863+1G>C,2645,GCK,HGNC:4195,Pathogenic,1,"Feb 19, 2026",-1,-,RCV005233768|RCV006605432,"MedGen:C3661900|MONDO:MONDO:0015967,MedGen:C3888631,Orphanet:183625",not provided|Monogenic diabetes,germline,germline,GRCh38,NC_000007.14,7,44147649,44147649,na,na,7p13,reviewed by expert panel,2,-,N,-,2,3766052,44147649,C,G,-,-,-,-,-,-,SCV007496325,-,-
3882645,single nucleotide variant,NM_000525.4(KCNJ11):c.1044G>T (p.Gln348His),3767,KCNJ11,HGNC:6257,Uncertain significance,0,"Dec 08, 2023",-1,-,RCV005234175,MedGen:C3661900,not provided,germline,germline,GRCh37,NC_000011.9,11,17408595,17408595,na,na,11p15.1,"criteria provided, single submitter",1,-,N,-,2,3766480,17408595,C,A,-,-,-,-,-,-,SCV005876579,-,-
3882645,single nucleotide variant,NM_000525.4(KCNJ11):c.1044G>T (p.Gln348His),3767,KCNJ11,HGNC:6257,Uncertain significance,0,"Dec 08, 2023",-1,-,RCV005234175,MedGen:C3661900,not provided,germline,germline,GRCh38,NC_000011.10,11,17387048,17387048,na,na,11p15.1,"criteria provided, single submitter",1,-,N,-,2,3766480,17387048,C,A,-,-,-,-,-,-,SCV005876579,-,-
3882764,single nucleotide variant,NM_000162.5(GCK):c.490C>T (p.Leu164Phe),2645,GCK,HGNC:4195,Likely pathogenic,1,"May 06, 2024",-1,-,RCV005234295,MedGen:C3661900,not provided,germline,germline,GRCh37,NC_000007.13,7,44189657,44189657,na,na,7p13,"criteria provided, single submitter",1,-,N,-,2,3766600,44189657,G,A,-,-,-,-,-,-,SCV005879171,-,-
3882764,single nucleotide variant,NM_000162.5(GCK):c.490C>T (p.Leu164Phe),2645,GCK,HGNC:4195,Likely pathogenic,1,"May 06, 2024",-1,-,RCV005234295,MedGen:C3661900,not provided,germline,germline,GRCh38,NC_000007.14,7,44150058,44150058,na,na,7p13,"criteria provided, single submitter",1,-,N,-,2,3766600,44150058,G,A,-,-,-,-,-,-,SCV005879171,-,-
3882831,single nucleotide variant,NM_000162.5(GCK):c.517G>A (p.Ala173Thr),2645,GCK,HGNC:4195,Uncertain significance,0,"Jun 13, 2025",-1,-,RCV005234362,MedGen:C3661900,not provided,germline,germline,GRCh37,NC_000007.13,7,44189630,44189630,na,na,7p13,"criteria provided, multiple submitters, no conflicts",2,-,N,-,2,3766667,44189630,C,T,-,-,-,-,-,-,SCV005876763|SCV007413854,-,-
3882831,single nucleotide variant,NM_000162.5(GCK):c.517G>A (p.Ala173Thr),2645,GCK,HGNC:4195,Uncertain significance,0,"Jun 13, 2025",-1,-,RCV005234362,MedGen:C3661900,not provided,germline,germline,GRCh38,NC_000007.14,7,44150031,44150031,na,na,7p13,"criteria provided, multiple submitters, no conflicts",2,-,N,-,2,3766667,44150031,C,T,-,-,-,-,-,-,SCV005876763|SCV007413854,-,-
3883037,single nucleotide variant,NM_000162.5(GCK):c.242G>T (p.Gly81Val),2645,GCK,HGNC:4195,Likely pathogenic,1,"Jan 02, 2024",-1,-,RCV005234570,MedGen:C3661900,not provided,germline,germline,GRCh37,NC_000007.13,7,44191991,44191991,na,na,7p13,"criteria provided, single submitter",1,-,N,-,2,3766875,44191991,C,A,-,-,-,-,-,-,SCV005877213,-,-
3883037,single nucleotide variant,NM_000162.5(GCK):c.242G>T (p.Gly81Val),2645,GCK,HGNC:4195,Likely pathogenic,1,"Jan 02, 2024",-1,-,RCV005234570,MedGen:C3661900,not provided,germline,germline,GRCh38,NC_000007.14,7,44152392,44152392,na,na,7p13,"criteria provided, single submitter",1,-,N,-,2,3766875,44152392,C,A,-,-,-,-,-,-,SCV005877213,-,-
3883173,single nucleotide variant,NM_000525.4(KCNJ11):c.92G>A (p.Arg31Gln),3767,KCNJ11,HGNC:6257,Uncertain significance,0,"Jan 19, 2024",-1,-,RCV005234706,MedGen:C3661900,not provided,germline,germline,GRCh37,NC_000011.9,11,17409547,17409547,na,na,11p15.1,"criteria provided, single submitter",1,-,N,-,2,3767011,17409547,C,T,-,-,-,-,-,-,SCV005876123,-,-
3883173,single nucleotide variant,NM_000525.4(KCNJ11):c.92G>A (p.Arg31Gln),3767,KCNJ11,HGNC:6257,Uncertain significance,0,"Jan 19, 2024",-1,-,RCV005234706,MedGen:C3661900,not provided,germline,germline,GRCh38,NC_000011.10,11,17388000,17388000,na,na,11p15.1,"criteria provided, single submitter",1,-,N,-,2,3767011,17388000,C,T,-,-,-,-,-,-,SCV005876123,-,-
3883305,single nucleotide variant,NM_000162.5(GCK):c.170T>G (p.Met57Arg),2645,GCK,HGNC:4195,Likely pathogenic,1,"Oct 31, 2024",-1,-,RCV005233179,"MONDO:MONDO:0015967,MedGen:C3888631,Orphanet:183625",Monogenic diabetes,germline,germline,GRCh37,NC_000007.13,7,44192938,44192938,na,na,7p13,reviewed by expert panel,1,-,N,-,2,3767143,44192938,A,C,-,-,-,-,-,-,SCV005880134,-,-
3883305,single nucleotide variant,NM_000162.5(GCK):c.170T>G (p.Met57Arg),2645,GCK,HGNC:4195,Likely pathogenic,1,"Oct 31, 2024",-1,-,RCV005233179,"MONDO:MONDO:0015967,MedGen:C3888631,Orphanet:183625",Monogenic diabetes,germline,germline,GRCh38,NC_000007.14,7,44153339,44153339,na,na,7p13,reviewed by expert panel,1,-,N,-,2,3767143,44153339,A,C,-,-,-,-,-,-,SCV005880134,-,-
3883731,single nucleotide variant,NM_000352.6(ABCC8):c.3496G>A (p.Ala1166Thr),6833,ABCC8,HGNC:59,Uncertain significance,0,"Sep 10, 2024",-1,-,RCV005236086,MedGen:C3661900,not provided,germline,germline,GRCh37,NC_000011.9,11,17426120,17426120,na,na,11p15.1,"criteria provided, single submitter",1,-,N,-,2,3767565,17426120,C,T,-,-,-,-,-,-,SCV005882059,-,-
3883731,single nucleotide variant,NM_000352.6(ABCC8):c.3496G>A (p.Ala1166Thr),6833,ABCC8,HGNC:59,Uncertain significance,0,"Sep 10, 2024",-1,-,RCV005236086,MedGen:C3661900,not provided,germline,germline,GRCh38,NC_000011.10,11,17404573,17404573,na,na,11p15.1,"criteria provided, single submitter",1,-,N,-,2,3767565,17404573,C,T,-,-,-,-,-,-,SCV005882059,-,-
3883741,single nucleotide variant,NM_000162.5(GCK):c.895G>A (p.Gly299Ser),2645,GCK,HGNC:4195,Likely pathogenic,1,"Sep 09, 2024",-1,-,RCV005236096,MedGen:C3661900,not provided,germline,germline,GRCh37,NC_000007.13,7,44186186,44186186,na,na,7p13,"criteria provided, single submitter",1,-,N,-,2,3767575,44186186,C,T,-,-,-,-,-,-,SCV005882102,-,-
3883741,single nucleotide variant,NM_000162.5(GCK):c.895G>A (p.Gly299Ser),2645,GCK,HGNC:4195,Likely pathogenic,1,"Sep 09, 2024",-1,-,RCV005236096,MedGen:C3661900,not provided,germline,germline,GRCh38,NC_000007.14,7,44146587,44146587,na,na,7p13,"criteria provided, single submitter",1,-,N,-,2,3767575,44146587,C,T,-,-,-,-,-,-,SCV005882102,-,-
3884408,single nucleotide variant,NM_000162.5(GCK):c.423C>T (p.His141=),2645,GCK,HGNC:4195,Likely benign,0,"Dec 05, 2024",-1,-,RCV005237100,MedGen:CN169374,not specified,germline,germline,GRCh37,NC_000007.13,7,44190615,44190615,na,na,7p13,"criteria provided, single submitter",1,-,N,-,2,3768248,44190615,G,A,-,-,-,-,-,-,SCV005883217,-,-
3884408,single nucleotide variant,NM_000162.5(GCK):c.423C>T (p.His141=),2645,GCK,HGNC:4195,Likely benign,0,"Dec 05, 2024",-1,-,RCV005237100,MedGen:CN169374,not specified,germline,germline,GRCh38,NC_000007.14,7,44151016,44151016,na,na,7p13,"criteria provided, single submitter",1,-,N,-,2,3768248,44151016,G,A,-,-,-,-,-,-,SCV005883217,-,-
3884414,single nucleotide variant,NM_000162.5(GCK):c.597G>C (p.Val199=),2645,GCK,HGNC:4195,Likely benign,0,"Dec 04, 2024",-1,-,RCV005237106,MedGen:CN169374,not specified,germline,germline,GRCh37,NC_000007.13,7,44189441,44189441,na,na,7p13,"criteria provided, single submitter",1,-,N,-,2,3768254,44189441,C,G,-,-,-,-,-,-,SCV005883228,-,-
3884414,single nucleotide variant,NM_000162.5(GCK):c.597G>C (p.Val199=),2645,GCK,HGNC:4195,Likely benign,0,"Dec 04, 2024",-1,-,RCV005237106,MedGen:CN169374,not specified,germline,germline,GRCh38,NC_000007.14,7,44149842,44149842,na,na,7p13,"criteria provided, single submitter",1,-,N,-,2,3768254,44149842,C,G,-,-,-,-,-,-,SCV005883228,-,-
3884432,single nucleotide variant,NM_000352.6(ABCC8):c.2087T>C (p.Leu696Pro),6833,ABCC8,HGNC:59,Uncertain significance,0,"Dec 04, 2024",-1,-,RCV005237124,MedGen:CN169374,not specified,germline,germline,GRCh37,NC_000011.9,11,17449443,17449443,na,na,11p15.1,"criteria provided, single submitter",1,-,N,-,2,3768272,17449443,A,G,-,-,-,-,-,-,SCV005883693,-,-
3884432,single nucleotide variant,NM_000352.6(ABCC8):c.2087T>C (p.Leu696Pro),6833,ABCC8,HGNC:59,Uncertain significance,0,"Dec 04, 2024",-1,-,RCV005237124,MedGen:CN169374,not specified,germline,germline,GRCh38,NC_000011.10,11,17427896,17427896,na,na,11p15.1,"criteria provided, single submitter",1,-,N,-,2,3768272,17427896,A,G,-,-,-,-,-,-,SCV005883693,-,-
3884495,single nucleotide variant,NM_000352.6(ABCC8):c.3617C>T (p.Thr1206Ile),6833,ABCC8,HGNC:59,Uncertain significance,0,"Dec 03, 2024",-1,-,RCV005237187,MedGen:CN169374,not specified,germline,germline,GRCh37,NC_000011.9,11,17424241,17424241,na,na,11p15.1,"criteria provided, single submitter",1,-,N,-,2,3768335,17424241,G,A,-,-,-,-,-,-,SCV005883851,-,-
3884495,single nucleotide variant,NM_000352.6(ABCC8):c.3617C>T (p.Thr1206Ile),6833,ABCC8,HGNC:59,Uncertain significance,0,"Dec 03, 2024",-1,-,RCV005237187,MedGen:CN169374,not specified,germline,germline,GRCh38,NC_000011.10,11,17402694,17402694,na,na,11p15.1,"criteria provided, single submitter",1,-,N,-,2,3768335,17402694,G,A,-,-,-,-,-,-,SCV005883851,-,-
3884579,single nucleotide variant,NM_000352.6(ABCC8):c.1672-13C>T,6833,ABCC8,HGNC:59,Likely benign,0,"Dec 31, 2024",-1,-,RCV005237271,MedGen:CN169374,not specified,germline,germline,GRCh37,NC_000011.9,11,17452519,17452519,na,na,11p15.1,"criteria provided, single submitter",1,-,N,-,2,3768419,17452519,G,A,-,-,-,-,-,-,SCV005884424,-,-
3884579,single nucleotide variant,NM_000352.6(ABCC8):c.1672-13C>T,6833,ABCC8,HGNC:59,Likely benign,0,"Dec 31, 2024",-1,-,RCV005237271,MedGen:CN169374,not specified,germline,germline,GRCh38,NC_000011.10,11,17430972,17430972,na,na,11p15.1,"criteria provided, single submitter",1,-,N,-,2,3768419,17430972,G,A,-,-,-,-,-,-,SCV005884424,-,-
3884790,single nucleotide variant,NM_000352.6(ABCC8):c.709A>G (p.Ile237Val),6833,ABCC8,HGNC:59,Uncertain significance,0,"Feb 10, 2025",-1,-,RCV005238397,MedGen:CN169374,not specified,germline,germline,GRCh37,NC_000011.9,11,17483243,17483243,na,na,11p15.1,"criteria provided, single submitter",1,-,N,-,2,3768631,17483243,T,C,-,-,-,-,-,-,SCV005885643,-,-
3884790,single nucleotide variant,NM_000352.6(ABCC8):c.709A>G (p.Ile237Val),6833,ABCC8,HGNC:59,Uncertain significance,0,"Feb 10, 2025",-1,-,RCV005238397,MedGen:CN169374,not specified,germline,germline,GRCh38,NC_000011.10,11,17461696,17461696,na,na,11p15.1,"criteria provided, single submitter",1,-,N,-,2,3768631,17461696,T,C,-,-,-,-,-,-,SCV005885643,-,-
3884930,single nucleotide variant,NM_000162.5(GCK):c.679+2T>C,2645,GCK,HGNC:4195,Pathogenic,1,"Sep 17, 2025",-1,-,RCV005238539,"MONDO:MONDO:0015967,MedGen:C3888631,Orphanet:183625",Monogenic diabetes,germline,germline,GRCh37,NC_000007.13,7,44189357,44189357,na,na,7p13,reviewed by expert panel,2,-,N,-,2,3768773,44189357,A,G,-,-,-,-,-,-,SCV006336865,-,-
3884930,single nucleotide variant,NM_000162.5(GCK):c.679+2T>C,2645,GCK,HGNC:4195,Pathogenic,1,"Sep 17, 2025",-1,-,RCV005238539,"MONDO:MONDO:0015967,MedGen:C3888631,Orphanet:183625",Monogenic diabetes,germline,germline,GRCh38,NC_000007.14,7,44149758,44149758,na,na,7p13,reviewed by expert panel,2,-,N,-,2,3768773,44149758,A,G,-,-,-,-,-,-,SCV006336865,-,-
3885002,single nucleotide variant,NM_000352.6(ABCC8):c.3296G>A (p.Ser1099Asn),6833,ABCC8,HGNC:59,Uncertain significance,0,"Feb 24, 2025",-1,-,RCV005238611,MedGen:CN169374,not specified,germline,germline,GRCh37,NC_000011.9,11,17428202,17428202,na,na,11p15.1,"criteria provided, single submitter",1,-,N,-,2,3768845,17428202,C,T,-,-,-,-,-,-,SCV005885233,-,-
3885002,single nucleotide variant,NM_000352.6(ABCC8):c.3296G>A (p.Ser1099Asn),6833,ABCC8,HGNC:59,Uncertain significance,0,"Feb 24, 2025",-1,-,RCV005238611,MedGen:CN169374,not specified,germline,germline,GRCh38,NC_000011.10,11,17406655,17406655,na,na,11p15.1,"criteria provided, single submitter",1,-,N,-,2,3768845,17406655,C,T,-,-,-,-,-,-,SCV005885233,-,-
3885141,single nucleotide variant,NM_000352.6(ABCC8):c.541A>G (p.Met181Val),6833,ABCC8,HGNC:59,Uncertain significance,0,"Feb 18, 2025",-1,-,RCV005239718|RCV005610828,MedGen:CN169374|,not specified|Hereditary hyperinsulinism,germline,germline,GRCh37,NC_000011.9,11,17485023,17485023,na,na,11p15.1,"criteria provided, single submitter",2,-,N,-,2,3768987,17485023,T,C,-,-,-,-,-,-,SCV005885960,-,-
3885141,single nucleotide variant,NM_000352.6(ABCC8):c.541A>G (p.Met181Val),6833,ABCC8,HGNC:59,Uncertain significance,0,"Feb 18, 2025",-1,-,RCV005239718|RCV005610828,MedGen:CN169374|,not specified|Hereditary hyperinsulinism,germline,germline,GRCh38,NC_000011.10,11,17463476,17463476,na,na,11p15.1,"criteria provided, single submitter",2,-,N,-,2,3768987,17463476,T,C,-,-,-,-,-,-,SCV005885960,-,-
3885248,single nucleotide variant,NM_000352.6(ABCC8):c.3638T>C (p.Ile1213Thr),6833,ABCC8,HGNC:59,Uncertain significance,0,"Jan 15, 2025",-1,-,RCV005239825,MedGen:CN169374,not specified,germline,germline,GRCh37,NC_000011.9,11,17424220,17424220,na,na,11p15.1,"criteria provided, single submitter",1,-,N,-,2,3769094,17424220,A,G,-,-,-,-,-,-,SCV005887227,-,-
3885248,single nucleotide variant,NM_000352.6(ABCC8):c.3638T>C (p.Ile1213Thr),6833,ABCC8,HGNC:59,Uncertain significance,0,"Jan 15, 2025",-1,-,RCV005239825,MedGen:CN169374,not specified,germline,germline,GRCh38,NC_000011.10,11,17402673,17402673,na,na,11p15.1,"criteria provided, single submitter",1,-,N,-,2,3769094,17402673,A,G,-,-,-,-,-,-,SCV005887227,-,-
3885365,single nucleotide variant,NM_000352.6(ABCC8):c.761C>T (p.Pro254Leu),6833,ABCC8,HGNC:59,Uncertain significance,0,"Jan 07, 2025",-1,-,RCV005239942,MedGen:CN169374,not specified,germline,germline,GRCh37,NC_000011.9,11,17483191,17483191,na,na,11p15.1,"criteria provided, single submitter",1,-,N,-,2,3769211,17483191,G,A,-,-,-,-,-,-,SCV005887967,-,-
3885365,single nucleotide variant,NM_000352.6(ABCC8):c.761C>T (p.Pro254Leu),6833,ABCC8,HGNC:59,Uncertain significance,0,"Jan 07, 2025",-1,-,RCV005239942,MedGen:CN169374,not specified,germline,germline,GRCh38,NC_000011.10,11,17461644,17461644,na,na,11p15.1,"criteria provided, single submitter",1,-,N,-,2,3769211,17461644,G,A,-,-,-,-,-,-,SCV005887967,-,-
3885451,single nucleotide variant,NM_000525.4(KCNJ11):c.775C>A (p.His259Asn),3767,KCNJ11,HGNC:6257,Uncertain significance,0,"Jan 29, 2025",-1,-,RCV005240029,MedGen:CN169374,not specified,germline,germline,GRCh37,NC_000011.9,11,17408864,17408864,na,na,11p15.1,"criteria provided, single submitter",1,-,N,-,2,3769298,17408864,G,T,-,-,-,-,-,-,SCV005888435,-,-
3885451,single nucleotide variant,NM_000525.4(KCNJ11):c.775C>A (p.His259Asn),3767,KCNJ11,HGNC:6257,Uncertain significance,0,"Jan 29, 2025",-1,-,RCV005240029,MedGen:CN169374,not specified,germline,germline,GRCh38,NC_000011.10,11,17387317,17387317,na,na,11p15.1,"criteria provided, single submitter",1,-,N,-,2,3769298,17387317,G,T,-,-,-,-,-,-,SCV005888435,-,-
3885506,single nucleotide variant,NM_000352.6(ABCC8):c.4545G>A (p.Thr1515=),6833,ABCC8,HGNC:59,Uncertain significance,0,"Jan 28, 2025",-1,-,RCV005240084,MedGen:CN169374,not specified,germline,germline,GRCh37,NC_000011.9,11,17415813,17415813,na,na,11p15.1,"criteria provided, single submitter",1,-,N,-,2,3769353,17415813,C,T,-,-,-,-,-,-,SCV005886905,-,-
3885506,single nucleotide variant,NM_000352.6(ABCC8):c.4545G>A (p.Thr1515=),6833,ABCC8,HGNC:59,Uncertain significance,0,"Jan 28, 2025",-1,-,RCV005240084,MedGen:CN169374,not specified,germline,germline,GRCh38,NC_000011.10,11,17394266,17394266,na,na,11p15.1,"criteria provided, single submitter",1,-,N,-,2,3769353,17394266,C,T,-,-,-,-,-,-,SCV005886905,-,-
3885641,Deletion,NC_000007.13:g.(44193063_44228507)_(44229039_?)del,2645,GCK,HGNC:4195,Pathogenic,1,"Jan 21, 2025",-1,-,RCV005241154,"MONDO:MONDO:0015967,MedGen:C3888631,Orphanet:183625",Monogenic diabetes,germline,germline,GRCh37,NC_000007.13,7,44193063,44229039,na,na,7p13,"criteria provided, single submitter",1,-,N,-,2,3769488,-1,na,na,-,-,-,-,-,-,SCV005887702,-,-
3885845,single nucleotide variant,NM_000352.6(ABCC8):c.4087C>T (p.His1363Tyr),6833,ABCC8,HGNC:59,Uncertain significance,0,"Sep 12, 2024",-1,-,RCV005241648,MedGen:C3661900,not provided,germline,germline,GRCh37,NC_000011.9,11,17418495,17418495,na,na,11p15.1,"criteria provided, single submitter",1,-,N,-,2,3769687,17418495,G,A,-,-,-,-,-,-,SCV005888681,-,-
3885845,single nucleotide variant,NM_000352.6(ABCC8):c.4087C>T (p.His1363Tyr),6833,ABCC8,HGNC:59,Uncertain significance,0,"Sep 12, 2024",-1,-,RCV005241648,MedGen:C3661900,not provided,germline,germline,GRCh38,NC_000011.10,11,17396948,17396948,na,na,11p15.1,"criteria provided, single submitter",1,-,N,-,2,3769687,17396948,G,A,-,-,-,-,-,-,SCV005888681,-,-
3887287,single nucleotide variant,NM_000352.6(ABCC8):c.1836G>T (p.Glu612Asp),6833,ABCC8,HGNC:59,Uncertain significance,0,"Feb 01, 2025",-1,-,RCV005245347,MedGen:C3661900,not provided,germline,germline,GRCh37,NC_000011.9,11,17450199,17450199,na,na,11p15.1,"criteria provided, single submitter",1,-,N,-,2,3771136,17450199,C,A,-,-,-,-,-,-,SCV005892962,-,-
3887287,single nucleotide variant,NM_000352.6(ABCC8):c.1836G>T (p.Glu612Asp),6833,ABCC8,HGNC:59,Uncertain significance,0,"Feb 01, 2025",-1,-,RCV005245347,MedGen:C3661900,not provided,germline,germline,GRCh38,NC_000011.10,11,17428652,17428652,na,na,11p15.1,"criteria provided, single submitter",1,-,N,-,2,3771136,17428652,C,A,-,-,-,-,-,-,SCV005892962,-,-
3888058,Deletion,NM_000525.4(KCNJ11):c.868_894del (p.Val290_Thr298del),3767,KCNJ11,HGNC:6257,Likely pathogenic,1,"Feb 01, 2024",-1,-,RCV005242744,MedGen:C3661900,not provided,germline,germline,GRCh37,NC_000011.9,11,17408745,17408771,na,na,11p15.1,"criteria provided, single submitter",1,-,N,-,2,3771909,17408744,GGGTGGTGATGCCCGTGGTTTCCACCAC,G,-,-,-,-,-,-,SCV005894505,-,-
3888058,Deletion,NM_000525.4(KCNJ11):c.868_894del (p.Val290_Thr298del),3767,KCNJ11,HGNC:6257,Likely pathogenic,1,"Feb 01, 2024",-1,-,RCV005242744,MedGen:C3661900,not provided,germline,germline,GRCh38,NC_000011.10,11,17387198,17387224,na,na,11p15.1,"criteria provided, single submitter",1,-,N,-,2,3771909,17387197,GGGTGGTGATGCCCGTGGTTTCCACCAC,G,-,-,-,-,-,-,SCV005894505,-,-
3890893,single nucleotide variant,NM_000352.6(ABCC8):c.1013C>T (p.Thr338Ile),6833,ABCC8,HGNC:59,Uncertain significance,0,"Sep 25, 2024",-1,-,RCV005251746,MedGen:C3661900,not provided,germline,germline,GRCh37,NC_000011.9,11,17474829,17474829,na,na,11p15.1,"criteria provided, single submitter",1,-,N,-,2,3774743,17474829,G,A,-,-,-,-,-,-,SCV005902582,-,-
3890893,single nucleotide variant,NM_000352.6(ABCC8):c.1013C>T (p.Thr338Ile),6833,ABCC8,HGNC:59,Uncertain significance,0,"Sep 25, 2024",-1,-,RCV005251746,MedGen:C3661900,not provided,germline,germline,GRCh38,NC_000011.10,11,17453282,17453282,na,na,11p15.1,"criteria provided, single submitter",1,-,N,-,2,3774743,17453282,G,A,-,-,-,-,-,-,SCV005902582,-,-
3890991,single nucleotide variant,NM_000352.6(ABCC8):c.817C>G (p.Gln273Glu),6833,ABCC8,HGNC:59,Uncertain significance,0,"Sep 30, 2024",-1,-,RCV005251844,MedGen:C3661900,not provided,germline,germline,GRCh37,NC_000011.9,11,17483135,17483135,na,na,11p15.1,"criteria provided, single submitter",1,-,N,-,2,3774841,17483135,G,C,-,-,-,-,-,-,SCV005902712,-,-
3890991,single nucleotide variant,NM_000352.6(ABCC8):c.817C>G (p.Gln273Glu),6833,ABCC8,HGNC:59,Uncertain significance,0,"Sep 30, 2024",-1,-,RCV005251844,MedGen:C3661900,not provided,germline,germline,GRCh38,NC_000011.10,11,17461588,17461588,na,na,11p15.1,"criteria provided, single submitter",1,-,N,-,2,3774841,17461588,G,C,-,-,-,-,-,-,SCV005902712,-,-
3891394,Microsatellite,NM_000352.6(ABCC8):c.670CTG[1] (p.Leu225del),6833,ABCC8,HGNC:59,Uncertain significance,0,"Aug 21, 2023",-1,-,RCV005252236,"MONDO:MONDO:0009734,MedGen:C2931832,OMIM:256450,Orphanet:276575,Orphanet:276598","Hyperinsulinemic hypoglycemia, familial, 1",germline,germline,GRCh37,NC_000011.9,11,17483277,17483279,na,na,11p15.1,"criteria provided, single submitter",1,-,N,-,2,3775245,17483276,ACAG,A,-,-,-,-,-,-,SCV005904225,-,-
3891394,Microsatellite,NM_000352.6(ABCC8):c.670CTG[1] (p.Leu225del),6833,ABCC8,HGNC:59,Uncertain significance,0,"Aug 21, 2023",-1,-,RCV005252236,"MONDO:MONDO:0009734,MedGen:C2931832,OMIM:256450,Orphanet:276575,Orphanet:276598","Hyperinsulinemic hypoglycemia, familial, 1",germline,germline,GRCh38,NC_000011.10,11,17461730,17461732,na,na,11p15.1,"criteria provided, single submitter",1,-,N,-,2,3775245,17461729,ACAG,A,-,-,-,-,-,-,SCV005904225,-,-
3892034,Insertion,NM_000162.5(GCK):c.1285_1286insAATGCCAGCGTGCGCA (p.Arg429fs),2645,GCK,HGNC:4195,Likely pathogenic,1,"Dec 28, 2023",-1,-,RCV005253373,"MONDO:MONDO:0007453,MedGen:C0342277,OMIM:125851,Orphanet:552",Maturity-onset diabetes of the young type 2,germline,germline,GRCh37,NC_000007.13,7,44184847,44184848,na,na,7p13,"criteria provided, single submitter",1,-,N,-,2,3775887,44184847,C,CTGCGCACGCTGGCATT,-,-,-,-,-,-,SCV005904609,-,-
3892034,Insertion,NM_000162.5(GCK):c.1285_1286insAATGCCAGCGTGCGCA (p.Arg429fs),2645,GCK,HGNC:4195,Likely pathogenic,1,"Dec 28, 2023",-1,-,RCV005253373,"MONDO:MONDO:0007453,MedGen:C0342277,OMIM:125851,Orphanet:552",Maturity-onset diabetes of the young type 2,germline,germline,GRCh38,NC_000007.14,7,44145248,44145249,na,na,7p13,"criteria provided, single submitter",1,-,N,-,2,3775887,44145248,C,CTGCGCACGCTGGCATT,-,-,-,-,-,-,SCV005904609,-,-
3893337,single nucleotide variant,NM_000352.6(ABCC8):c.3505C>A (p.Pro1169Thr),6833,ABCC8,HGNC:59,Uncertain significance,0,"Oct 09, 2024",-1,-,RCV005256070,MedGen:C3661900,not provided,germline,germline,GRCh37,NC_000011.9,11,17426111,17426111,na,na,11p15.1,"criteria provided, single submitter",1,-,N,-,2,3777331,17426111,G,T,-,-,-,-,-,-,SCV005908558,-,-
3893337,single nucleotide variant,NM_000352.6(ABCC8):c.3505C>A (p.Pro1169Thr),6833,ABCC8,HGNC:59,Uncertain significance,0,"Oct 09, 2024",-1,-,RCV005256070,MedGen:C3661900,not provided,germline,germline,GRCh38,NC_000011.10,11,17404564,17404564,na,na,11p15.1,"criteria provided, single submitter",1,-,N,-,2,3777331,17404564,G,T,-,-,-,-,-,-,SCV005908558,-,-
3895754,single nucleotide variant,NM_000525.4(KCNJ11):c.808C>A (p.Leu270Met),3767,KCNJ11,HGNC:6257,Uncertain significance,0,"Feb 26, 2023",-1,-,RCV005362060,"MONDO:MONDO:0012522,MedGen:C1864623,OMIM:610582,Orphanet:99886;MONDO:MONDO:0014589,MedGen:C4225365,OMIM:616329,Orphanet:552;MONDO:MONDO:0030087,MedGen:C5394296,OMIM:618856","Diabetes mellitus, transient neonatal, 3;Maturity-onset diabetes of the young type 13;Diabetes mellitus, permanent neonatal 2",germline,germline,GRCh37,NC_000011.9,11,17408831,17408831,na,na,11p15.1,"criteria provided, single submitter",1,-,N,-,2,3779780,17408831,G,T,-,-,-,-,-,-,SCV005918622,-,-
3895754,single nucleotide variant,NM_000525.4(KCNJ11):c.808C>A (p.Leu270Met),3767,KCNJ11,HGNC:6257,Uncertain significance,0,"Feb 26, 2023",-1,-,RCV005362060,"MONDO:MONDO:0012522,MedGen:C1864623,OMIM:610582,Orphanet:99886;MONDO:MONDO:0014589,MedGen:C4225365,OMIM:616329,Orphanet:552;MONDO:MONDO:0030087,MedGen:C5394296,OMIM:618856","Diabetes mellitus, transient neonatal, 3;Maturity-onset diabetes of the young type 13;Diabetes mellitus, permanent neonatal 2",germline,germline,GRCh38,NC_000011.10,11,17387284,17387284,na,na,11p15.1,"criteria provided, single submitter",1,-,N,-,2,3779780,17387284,G,T,-,-,-,-,-,-,SCV005918622,-,-
3896916,single nucleotide variant,NM_000352.6(ABCC8):c.971T>C (p.Val324Ala),6833,ABCC8,HGNC:59,Uncertain significance,0,"Feb 05, 2023",-1,-,RCV005367898,"Human Phenotype Ontology:HP:0002092,Human Phenotype Ontology:HP:0006546,MONDO:MONDO:0015924,MeSH:D000081029,MedGen:C2973725,Orphanet:182090",Pulmonary arterial hypertension,germline,germline,GRCh37,NC_000011.9,11,17482075,17482075,na,na,11p15.1,"criteria provided, single submitter",1,-,N,-,2,3780957,17482075,A,G,-,-,-,-,-,-,SCV005917535,-,-
3896916,single nucleotide variant,NM_000352.6(ABCC8):c.971T>C (p.Val324Ala),6833,ABCC8,HGNC:59,Uncertain significance,0,"Feb 05, 2023",-1,-,RCV005367898,"Human Phenotype Ontology:HP:0002092,Human Phenotype Ontology:HP:0006546,MONDO:MONDO:0015924,MeSH:D000081029,MedGen:C2973725,Orphanet:182090",Pulmonary arterial hypertension,germline,germline,GRCh38,NC_000011.10,11,17460528,17460528,na,na,11p15.1,"criteria provided, single submitter",1,-,N,-,2,3780957,17460528,A,G,-,-,-,-,-,-,SCV005917535,-,-
3976130,single nucleotide variant,NM_000525.4(KCNJ11):c.64G>A (p.Ala22Thr),3767,KCNJ11,HGNC:6257,Uncertain significance,0,"Jan 06, 2025",-1,-,RCV005363619,"MeSH:D030342,MedGen:C0950123",Inborn genetic diseases,germline,germline,GRCh37,NC_000011.9,11,17409575,17409575,na,na,11p15.1,"criteria provided, single submitter",1,-,N,-,2,3862844,17409575,C,T,-,-,-,-,-,-,SCV006020459,-,-
3976130,single nucleotide variant,NM_000525.4(KCNJ11):c.64G>A (p.Ala22Thr),3767,KCNJ11,HGNC:6257,Uncertain significance,0,"Jan 06, 2025",-1,-,RCV005363619,"MeSH:D030342,MedGen:C0950123",Inborn genetic diseases,germline,germline,GRCh38,NC_000011.10,11,17388028,17388028,na,na,11p15.1,"criteria provided, single submitter",1,-,N,-,2,3862844,17388028,C,T,-,-,-,-,-,-,SCV006020459,-,-
3983373,single nucleotide variant,NM_000352.6(ABCC8):c.1984C>G (p.Pro662Ala),6833,ABCC8,HGNC:59,Uncertain significance,0,"Jan 03, 2025",-1,-,RCV005378753,"MeSH:D030342,MedGen:C0950123",Inborn genetic diseases,germline,germline,GRCh37,NC_000011.9,11,17449892,17449892,na,na,11p15.1,"criteria provided, single submitter",1,-,N,-,2,3877700,17449892,G,C,-,-,-,-,-,-,SCV006035032,-,-
3983373,single nucleotide variant,NM_000352.6(ABCC8):c.1984C>G (p.Pro662Ala),6833,ABCC8,HGNC:59,Uncertain significance,0,"Jan 03, 2025",-1,-,RCV005378753,"MeSH:D030342,MedGen:C0950123",Inborn genetic diseases,germline,germline,GRCh38,NC_000011.10,11,17428345,17428345,na,na,11p15.1,"criteria provided, single submitter",1,-,N,-,2,3877700,17428345,G,C,-,-,-,-,-,-,SCV006035032,-,-
3983457,single nucleotide variant,NM_000352.6(ABCC8):c.2710G>T (p.Asp904Tyr),6833,ABCC8,HGNC:59,Uncertain significance,0,"Dec 16, 2024",-1,-,RCV005378815,"MeSH:D030342,MedGen:C0950123",Inborn genetic diseases,germline,germline,GRCh37,NC_000011.9,11,17430049,17430049,na,na,11p15.1,"criteria provided, single submitter",1,-,N,-,2,3877784,17430049,C,A,-,-,-,-,-,-,SCV006038883,-,-
3983457,single nucleotide variant,NM_000352.6(ABCC8):c.2710G>T (p.Asp904Tyr),6833,ABCC8,HGNC:59,Uncertain significance,0,"Dec 16, 2024",-1,-,RCV005378815,"MeSH:D030342,MedGen:C0950123",Inborn genetic diseases,germline,germline,GRCh38,NC_000011.10,11,17408502,17408502,na,na,11p15.1,"criteria provided, single submitter",1,-,N,-,2,3877784,17408502,C,A,-,-,-,-,-,-,SCV006038883,-,-
3983533,single nucleotide variant,NM_000352.6(ABCC8):c.594C>G (p.Phe198Leu),6833,ABCC8,HGNC:59,Uncertain significance,0,"Feb 24, 2025",-1,-,RCV005378868,"MeSH:D030342,MedGen:C0950123",Inborn genetic diseases,germline,germline,GRCh37,NC_000011.9,11,17483358,17483358,na,na,11p15.1,"criteria provided, single submitter",1,-,N,-,2,3877860,17483358,G,C,-,-,-,-,-,-,SCV006040687,-,-
3983533,single nucleotide variant,NM_000352.6(ABCC8):c.594C>G (p.Phe198Leu),6833,ABCC8,HGNC:59,Uncertain significance,0,"Feb 24, 2025",-1,-,RCV005378868,"MeSH:D030342,MedGen:C0950123",Inborn genetic diseases,germline,germline,GRCh38,NC_000011.10,11,17461811,17461811,na,na,11p15.1,"criteria provided, single submitter",1,-,N,-,2,3877860,17461811,G,C,-,-,-,-,-,-,SCV006040687,-,-
4009154,single nucleotide variant,NM_000162.5(GCK):c.409C>G (p.His137Asp),2645,GCK,HGNC:4195,Likely pathogenic,1,"Apr 17, 2025",-1,-,RCV005402327,"MONDO:MONDO:0015967,MedGen:C3888631,Orphanet:183625",Monogenic diabetes,germline,germline,GRCh37,NC_000007.13,7,44190629,44190629,na,na,7p13,reviewed by expert panel,1,-,N,-,2,3893273,44190629,G,C,-,-,-,-,-,-,SCV006059951,-,-
4009154,single nucleotide variant,NM_000162.5(GCK):c.409C>G (p.His137Asp),2645,GCK,HGNC:4195,Likely pathogenic,1,"Apr 17, 2025",-1,-,RCV005402327,"MONDO:MONDO:0015967,MedGen:C3888631,Orphanet:183625",Monogenic diabetes,germline,germline,GRCh38,NC_000007.14,7,44151030,44151030,na,na,7p13,reviewed by expert panel,1,-,N,-,2,3893273,44151030,G,C,-,-,-,-,-,-,SCV006059951,-,-
4009155,Indel,NM_000162.5(GCK):c.797delinsAA (p.Leu266fs),2645,GCK,HGNC:4195,Likely pathogenic,1,"Apr 17, 2025",-1,-,RCV005402328,"MONDO:MONDO:0015967,MedGen:C3888631,Orphanet:183625",Monogenic diabetes,germline,germline,GRCh37,NC_000007.13,7,44187315,44187315,na,na,7p13,reviewed by expert panel,1,-,N,-,2,3893274,44187315,A,TT,-,-,-,-,-,-,SCV006059953,-,-
4009155,Indel,NM_000162.5(GCK):c.797delinsAA (p.Leu266fs),2645,GCK,HGNC:4195,Likely pathogenic,1,"Apr 17, 2025",-1,-,RCV005402328,"MONDO:MONDO:0015967,MedGen:C3888631,Orphanet:183625",Monogenic diabetes,germline,germline,GRCh38,NC_000007.14,7,44147716,44147716,na,na,7p13,reviewed by expert panel,1,-,N,-,2,3893274,44147716,A,TT,-,-,-,-,-,-,SCV006059953,-,-
4009187,single nucleotide variant,NM_000162.5(GCK):c.1055T>C (p.Leu352Pro),2645,GCK,HGNC:4195,Likely pathogenic,1,"Jul 18, 2025",-1,-,RCV005402359|RCV005622351,"MedGen:C3661900|MONDO:MONDO:0015967,MedGen:C3888631,Orphanet:183625",not provided|Monogenic diabetes,germline,germline,GRCh37,NC_000007.13,7,44185294,44185294,na,na,7p13,reviewed by expert panel,2,-,N,-,2,3893306,44185294,A,G,-,-,-,-,-,-,SCV006301697,-,-
4009187,single nucleotide variant,NM_000162.5(GCK):c.1055T>C (p.Leu352Pro),2645,GCK,HGNC:4195,Likely pathogenic,1,"Jul 18, 2025",-1,-,RCV005402359|RCV005622351,"MedGen:C3661900|MONDO:MONDO:0015967,MedGen:C3888631,Orphanet:183625",not provided|Monogenic diabetes,germline,germline,GRCh38,NC_000007.14,7,44145695,44145695,na,na,7p13,reviewed by expert panel,2,-,N,-,2,3893306,44145695,A,G,-,-,-,-,-,-,SCV006301697,-,-
4011708,single nucleotide variant,NM_000352.6(ABCC8):c.189C>A (p.Ser63Arg),6833,ABCC8,HGNC:59,Uncertain significance,0,"Mar 05, 2025",-1,-,RCV005408257,MedGen:CN169374,not specified,germline,germline,GRCh37,NC_000011.9,11,17496534,17496534,na,na,11p15.1,"criteria provided, single submitter",1,-,N,-,2,3895835,17496534,G,T,-,-,-,-,-,-,SCV006070662,-,-
4011708,single nucleotide variant,NM_000352.6(ABCC8):c.189C>A (p.Ser63Arg),6833,ABCC8,HGNC:59,Uncertain significance,0,"Mar 05, 2025",-1,-,RCV005408257,MedGen:CN169374,not specified,germline,germline,GRCh38,NC_000011.10,11,17474987,17474987,na,na,11p15.1,"criteria provided, single submitter",1,-,N,-,2,3895835,17474987,G,T,-,-,-,-,-,-,SCV006070662,-,-
4011815,single nucleotide variant,NM_000352.6(ABCC8):c.47G>C (p.Arg16Pro),6833,ABCC8,HGNC:59,Uncertain significance,0,"Mar 25, 2025",-1,-,RCV005408364,MedGen:CN169374,not specified,germline,germline,GRCh37,NC_000011.9,11,17498277,17498277,na,na,11p15.1,"criteria provided, single submitter",1,-,N,-,2,3895942,17498277,C,G,-,-,-,-,-,-,SCV006071338,-,-
4011815,single nucleotide variant,NM_000352.6(ABCC8):c.47G>C (p.Arg16Pro),6833,ABCC8,HGNC:59,Uncertain significance,0,"Mar 25, 2025",-1,-,RCV005408364,MedGen:CN169374,not specified,germline,germline,GRCh38,NC_000011.10,11,17476730,17476730,na,na,11p15.1,"criteria provided, single submitter",1,-,N,-,2,3895942,17476730,C,G,-,-,-,-,-,-,SCV006071338,-,-
4011996,single nucleotide variant,NM_000352.6(ABCC8):c.2347G>A (p.Val783Met),6833,ABCC8,HGNC:59,Uncertain significance,0,"Apr 22, 2025",-1,-,RCV005408546,MedGen:CN169374,not specified,germline,germline,GRCh37,NC_000011.9,11,17436102,17436102,na,na,11p15.1,"criteria provided, single submitter",1,-,N,-,2,3896124,17436102,C,T,-,-,-,-,-,-,SCV006072820,-,-
4011996,single nucleotide variant,NM_000352.6(ABCC8):c.2347G>A (p.Val783Met),6833,ABCC8,HGNC:59,Uncertain significance,0,"Apr 22, 2025",-1,-,RCV005408546,MedGen:CN169374,not specified,germline,germline,GRCh38,NC_000011.10,11,17414555,17414555,na,na,11p15.1,"criteria provided, single submitter",1,-,N,-,2,3896124,17414555,C,T,-,-,-,-,-,-,SCV006072820,-,-
4012428,single nucleotide variant,NM_000352.6(ABCC8):c.3788C>G (p.Ala1263Gly),6833,ABCC8,HGNC:59,Uncertain significance,0,"Apr 02, 2025",-1,-,RCV005409465,MedGen:CN169374,not specified,germline,germline,GRCh37,NC_000011.9,11,17419310,17419310,na,na,11p15.1,"criteria provided, single submitter",1,-,N,-,2,3896560,17419310,G,C,-,-,-,-,-,-,SCV006073365,-,-
4012428,single nucleotide variant,NM_000352.6(ABCC8):c.3788C>G (p.Ala1263Gly),6833,ABCC8,HGNC:59,Uncertain significance,0,"Apr 02, 2025",-1,-,RCV005409465,MedGen:CN169374,not specified,germline,germline,GRCh38,NC_000011.10,11,17397763,17397763,na,na,11p15.1,"criteria provided, single submitter",1,-,N,-,2,3896560,17397763,G,C,-,-,-,-,-,-,SCV006073365,-,-
4013089,single nucleotide variant,NM_000162.5(GCK):c.238G>T (p.Gly80Cys),2645,GCK,HGNC:4195,Likely pathogenic,1,"Oct 30, 2024",-1,-,RCV005410556,MedGen:C3661900,not provided,germline,germline,GRCh37,NC_000007.13,7,44191995,44191995,na,na,7p13,"criteria provided, single submitter",1,-,N,-,2,3897233,44191995,C,A,-,-,-,-,-,-,SCV006075778,-,-
4013089,single nucleotide variant,NM_000162.5(GCK):c.238G>T (p.Gly80Cys),2645,GCK,HGNC:4195,Likely pathogenic,1,"Oct 30, 2024",-1,-,RCV005410556,MedGen:C3661900,not provided,germline,germline,GRCh38,NC_000007.14,7,44152396,44152396,na,na,7p13,"criteria provided, single submitter",1,-,N,-,2,3897233,44152396,C,A,-,-,-,-,-,-,SCV006075778,-,-
4013665,single nucleotide variant,NM_000352.6(ABCC8):c.4174T>A (p.Phe1392Ile),6833,ABCC8,HGNC:59,Likely pathogenic,1,"Jan 01, 2025",-1,-,RCV005411161,"MONDO:MONDO:0009734,MedGen:C2931832,OMIM:256450,Orphanet:276575,Orphanet:276598","Hyperinsulinemic hypoglycemia, familial, 1",inherited,germline,GRCh37,NC_000011.9,11,17417423,17417423,na,na,11p15.1,"criteria provided, single submitter",1,-,N,-,2,3897812,17417423,A,T,-,-,-,-,-,-,SCV006076683,-,-
4013665,single nucleotide variant,NM_000352.6(ABCC8):c.4174T>A (p.Phe1392Ile),6833,ABCC8,HGNC:59,Likely pathogenic,1,"Jan 01, 2025",-1,-,RCV005411161,"MONDO:MONDO:0009734,MedGen:C2931832,OMIM:256450,Orphanet:276575,Orphanet:276598","Hyperinsulinemic hypoglycemia, familial, 1",inherited,germline,GRCh38,NC_000011.10,11,17395876,17395876,na,na,11p15.1,"criteria provided, single submitter",1,-,N,-,2,3897812,17395876,A,T,-,-,-,-,-,-,SCV006076683,-,-
4013744,single nucleotide variant,"ABCC8, ARG1380HIS",6833,ABCC8,HGNC:59,Pathogenic,1,"Jan 01, 2012",-1,-,RCV005411250|RCV005411249,"MONDO:MONDO:0978299,MedGen:C6012723,OMIM:621196|MONDO:MONDO:0012480,MedGen:C1835887,OMIM:610374,Orphanet:99886","Maturity-onset diabetes of the young, type 12|Diabetes mellitus, transient neonatal, 2",germline,germline,na,na,na,-1,-1,na,na,-,no assertion criteria provided,1,-,N,OMIM:600509.0030,1,3897913,-1,na,na,-,-,-,-,-,-,SCV006076850|SCV006076851,-,-
4015139,single nucleotide variant,NM_000352.6(ABCC8):c.2116+3A>G,6833,ABCC8,HGNC:59,Likely pathogenic,1,"Apr 28, 2025",-1,-,RCV005412156,"MONDO:MONDO:0009734,MedGen:C2931832,OMIM:256450,Orphanet:276575,Orphanet:276598","Hyperinsulinemic hypoglycemia, familial, 1",germline,germline,GRCh37,NC_000011.9,11,17449411,17449411,na,na,11p15.1,"criteria provided, single submitter",1,-,N,-,2,3899300,17449411,T,C,-,-,-,-,-,-,SCV006079758,-,-
4015139,single nucleotide variant,NM_000352.6(ABCC8):c.2116+3A>G,6833,ABCC8,HGNC:59,Likely pathogenic,1,"Apr 28, 2025",-1,-,RCV005412156,"MONDO:MONDO:0009734,MedGen:C2931832,OMIM:256450,Orphanet:276575,Orphanet:276598","Hyperinsulinemic hypoglycemia, familial, 1",germline,germline,GRCh38,NC_000011.10,11,17427864,17427864,na,na,11p15.1,"criteria provided, single submitter",1,-,N,-,2,3899300,17427864,T,C,-,-,-,-,-,-,SCV006079758,-,-
4015615,single nucleotide variant,NM_000352.6(ABCC8):c.3403A>G (p.Ile1135Val),6833,ABCC8,HGNC:59,Uncertain significance,0,"Nov 18, 2024",-1,-,RCV005413127,MedGen:C3661900,not provided,germline,germline,GRCh37,NC_000011.9,11,17426213,17426213,na,na,11p15.1,"criteria provided, single submitter",1,-,N,-,2,3899779,17426213,T,C,-,-,-,-,-,-,SCV006080770,-,-
4015615,single nucleotide variant,NM_000352.6(ABCC8):c.3403A>G (p.Ile1135Val),6833,ABCC8,HGNC:59,Uncertain significance,0,"Nov 18, 2024",-1,-,RCV005413127,MedGen:C3661900,not provided,germline,germline,GRCh38,NC_000011.10,11,17404666,17404666,na,na,11p15.1,"criteria provided, single submitter",1,-,N,-,2,3899779,17404666,T,C,-,-,-,-,-,-,SCV006080770,-,-
4015663,single nucleotide variant,NM_000352.6(ABCC8):c.4608+5G>C,6833,ABCC8,HGNC:59,Uncertain significance,0,"Nov 15, 2024",-1,-,RCV005413175,MedGen:C3661900,not provided,germline,germline,GRCh37,NC_000011.9,11,17415239,17415239,na,na,11p15.1,"criteria provided, single submitter",1,-,N,-,2,3899827,17415239,C,G,-,-,-,-,-,-,SCV006080839,-,-
4015663,single nucleotide variant,NM_000352.6(ABCC8):c.4608+5G>C,6833,ABCC8,HGNC:59,Uncertain significance,0,"Nov 15, 2024",-1,-,RCV005413175,MedGen:C3661900,not provided,germline,germline,GRCh38,NC_000011.10,11,17393692,17393692,na,na,11p15.1,"criteria provided, single submitter",1,-,N,-,2,3899827,17393692,C,G,-,-,-,-,-,-,SCV006080839,-,-
4015702,single nucleotide variant,NM_000162.5(GCK):c.864-2A>G,2645,GCK,HGNC:4195,Pathogenic/Likely pathogenic,1,"Nov 24, 2025",-1,-,RCV005413214|RCV006479699,"MONDO:MONDO:0007453,MedGen:C0342277,OMIM:125851,Orphanet:552|MedGen:C3661900",Maturity-onset diabetes of the young type 2|not provided,germline,germline,GRCh37,NC_000007.13,7,44186219,44186219,na,na,7p13,"criteria provided, multiple submitters, no conflicts",2,-,N,-,2,3899866,44186219,T,C,-,-,-,-,-,-,SCV006080893|SCV007419082,-,-
4015702,single nucleotide variant,NM_000162.5(GCK):c.864-2A>G,2645,GCK,HGNC:4195,Pathogenic/Likely pathogenic,1,"Nov 24, 2025",-1,-,RCV005413214|RCV006479699,"MONDO:MONDO:0007453,MedGen:C0342277,OMIM:125851,Orphanet:552|MedGen:C3661900",Maturity-onset diabetes of the young type 2|not provided,germline,germline,GRCh38,NC_000007.14,7,44146620,44146620,na,na,7p13,"criteria provided, multiple submitters, no conflicts",2,-,N,-,2,3899866,44146620,T,C,-,-,-,-,-,-,SCV006080893|SCV007419082,-,-
4016276,single nucleotide variant,NM_000352.6(ABCC8):c.4636G>A (p.Asp1546Asn),6833,ABCC8,HGNC:59,Uncertain significance,0,"Nov 26, 2024",-1,-,RCV005415142,MedGen:C3661900,not provided,germline,germline,GRCh37,NC_000011.9,11,17414648,17414648,na,na,11p15.1,"criteria provided, single submitter",1,-,N,-,2,3900435,17414648,C,T,-,-,-,-,-,-,SCV006081952,-,-
4016276,single nucleotide variant,NM_000352.6(ABCC8):c.4636G>A (p.Asp1546Asn),6833,ABCC8,HGNC:59,Uncertain significance,0,"Nov 26, 2024",-1,-,RCV005415142,MedGen:C3661900,not provided,germline,germline,GRCh38,NC_000011.10,11,17393101,17393101,na,na,11p15.1,"criteria provided, single submitter",1,-,N,-,2,3900435,17393101,C,T,-,-,-,-,-,-,SCV006081952,-,-
4017021,single nucleotide variant,NM_000352.6(ABCC8):c.328G>A (p.Ala110Thr),6833,ABCC8,HGNC:59,Uncertain significance,0,"May 05, 2025",-1,-,RCV005416168,"Human Phenotype Ontology:HP:0005965,Human Phenotype Ontology:HP:0005978,Human Phenotype Ontology:HP:0100652,MONDO:MONDO:0005148,MeSH:D003924,MedGen:C0011860,OMIM:125853",Type 2 diabetes mellitus,unknown,unknown,GRCh37,NC_000011.9,11,17491732,17491732,na,na,11p15.1,"criteria provided, single submitter",1,-,N,-,2,3901177,17491732,C,T,-,-,-,-,-,-,SCV006083424,-,-
4017021,single nucleotide variant,NM_000352.6(ABCC8):c.328G>A (p.Ala110Thr),6833,ABCC8,HGNC:59,Uncertain significance,0,"May 05, 2025",-1,-,RCV005416168,"Human Phenotype Ontology:HP:0005965,Human Phenotype Ontology:HP:0005978,Human Phenotype Ontology:HP:0100652,MONDO:MONDO:0005148,MeSH:D003924,MedGen:C0011860,OMIM:125853",Type 2 diabetes mellitus,unknown,unknown,GRCh38,NC_000011.10,11,17470185,17470185,na,na,11p15.1,"criteria provided, single submitter",1,-,N,-,2,3901177,17470185,C,T,-,-,-,-,-,-,SCV006083424,-,-
4017570,Indel,NM_000525.4(KCNJ11):c.1117_1123delinsT (p.Val373_Met375delinsLeu),3767,KCNJ11,HGNC:6257,Uncertain significance,0,"Dec 01, 2024",-1,-,RCV005417228,MedGen:C3661900,not provided,germline,germline,GRCh37,NC_000011.9,11,17408516,17408522,na,na,11p15.1,"criteria provided, single submitter",1,-,N,-,2,3901709,17408516,TGGGCAC,A,-,-,-,-,-,-,SCV006084515,-,-
4017570,Indel,NM_000525.4(KCNJ11):c.1117_1123delinsT (p.Val373_Met375delinsLeu),3767,KCNJ11,HGNC:6257,Uncertain significance,0,"Dec 01, 2024",-1,-,RCV005417228,MedGen:C3661900,not provided,germline,germline,GRCh38,NC_000011.10,11,17386969,17386975,na,na,11p15.1,"criteria provided, single submitter",1,-,N,-,2,3901709,17386969,TGGGCAC,A,-,-,-,-,-,-,SCV006084515,-,-
4017734,single nucleotide variant,NM_000162.5(GCK):c.875T>C (p.Leu292Pro),2645,GCK,HGNC:4195,Uncertain significance,0,"Jun 02, 2025",-1,-,RCV005417401,"MONDO:MONDO:0015967,MedGen:C3888631,Orphanet:183625",Monogenic diabetes,germline,germline,GRCh37,NC_000007.13,7,44186206,44186206,na,na,7p13,reviewed by expert panel,1,-,N,-,2,3901860,44186206,A,G,-,-,-,-,-,-,SCV006084761,-,-
4017734,single nucleotide variant,NM_000162.5(GCK):c.875T>C (p.Leu292Pro),2645,GCK,HGNC:4195,Uncertain significance,0,"Jun 02, 2025",-1,-,RCV005417401,"MONDO:MONDO:0015967,MedGen:C3888631,Orphanet:183625",Monogenic diabetes,germline,germline,GRCh38,NC_000007.14,7,44146607,44146607,na,na,7p13,reviewed by expert panel,1,-,N,-,2,3901860,44146607,A,G,-,-,-,-,-,-,SCV006084761,-,-
4017735,single nucleotide variant,NM_000162.5(GCK):c.1153G>T (p.Gly385Trp),2645,GCK,HGNC:4195,Likely pathogenic,1,"Jun 02, 2025",-1,-,RCV005417402,"MONDO:MONDO:0015967,MedGen:C3888631,Orphanet:183625",Monogenic diabetes,germline,germline,GRCh37,NC_000007.13,7,44185196,44185196,na,na,7p13,reviewed by expert panel,1,-,N,-,2,3901861,44185196,C,A,-,-,-,-,-,-,SCV006084762,-,-
4017735,single nucleotide variant,NM_000162.5(GCK):c.1153G>T (p.Gly385Trp),2645,GCK,HGNC:4195,Likely pathogenic,1,"Jun 02, 2025",-1,-,RCV005417402,"MONDO:MONDO:0015967,MedGen:C3888631,Orphanet:183625",Monogenic diabetes,germline,germline,GRCh38,NC_000007.14,7,44145597,44145597,na,na,7p13,reviewed by expert panel,1,-,N,-,2,3901861,44145597,C,A,-,-,-,-,-,-,SCV006084762,-,-
4017736,single nucleotide variant,NM_000162.5(GCK):c.1154G>T (p.Gly385Val),2645,GCK,HGNC:4195,Likely pathogenic,1,"Jun 02, 2025",-1,-,RCV005417403,"MONDO:MONDO:0015967,MedGen:C3888631,Orphanet:183625",Monogenic diabetes,germline,germline,GRCh37,NC_000007.13,7,44185195,44185195,na,na,7p13,reviewed by expert panel,1,-,N,-,2,3901862,44185195,C,A,-,-,-,-,-,-,SCV006084763,-,-
4017736,single nucleotide variant,NM_000162.5(GCK):c.1154G>T (p.Gly385Val),2645,GCK,HGNC:4195,Likely pathogenic,1,"Jun 02, 2025",-1,-,RCV005417403,"MONDO:MONDO:0015967,MedGen:C3888631,Orphanet:183625",Monogenic diabetes,germline,germline,GRCh38,NC_000007.14,7,44145596,44145596,na,na,7p13,reviewed by expert panel,1,-,N,-,2,3901862,44145596,C,A,-,-,-,-,-,-,SCV006084763,-,-
4017737,single nucleotide variant,NM_000162.5(GCK):c.1151C>G (p.Ala384Gly),2645,GCK,HGNC:4195,Uncertain significance,0,"Jun 06, 2025",-1,-,RCV005417404,"MONDO:MONDO:0015967,MedGen:C3888631,Orphanet:183625",Monogenic diabetes,germline,germline,GRCh37,NC_000007.13,7,44185198,44185198,na,na,7p13,reviewed by expert panel,1,-,N,-,2,3901863,44185198,G,C,-,-,-,-,-,-,SCV006084766,-,-
4017737,single nucleotide variant,NM_000162.5(GCK):c.1151C>G (p.Ala384Gly),2645,GCK,HGNC:4195,Uncertain significance,0,"Jun 06, 2025",-1,-,RCV005417404,"MONDO:MONDO:0015967,MedGen:C3888631,Orphanet:183625",Monogenic diabetes,germline,germline,GRCh38,NC_000007.14,7,44145599,44145599,na,na,7p13,reviewed by expert panel,1,-,N,-,2,3901863,44145599,G,C,-,-,-,-,-,-,SCV006084766,-,-
4017738,single nucleotide variant,NM_000162.5(GCK):c.864-7T>A,2645,GCK,HGNC:4195,Uncertain significance,0,"Jun 02, 2025",-1,-,RCV005417405,"MONDO:MONDO:0015967,MedGen:C3888631,Orphanet:183625",Monogenic diabetes,germline,germline,GRCh37,NC_000007.13,7,44186224,44186224,na,na,7p13,reviewed by expert panel,1,-,N,-,2,3901864,44186224,A,T,-,-,-,-,-,-,SCV006084773,-,-
4017738,single nucleotide variant,NM_000162.5(GCK):c.864-7T>A,2645,GCK,HGNC:4195,Uncertain significance,0,"Jun 02, 2025",-1,-,RCV005417405,"MONDO:MONDO:0015967,MedGen:C3888631,Orphanet:183625",Monogenic diabetes,germline,germline,GRCh38,NC_000007.14,7,44146625,44146625,na,na,7p13,reviewed by expert panel,1,-,N,-,2,3901864,44146625,A,T,-,-,-,-,-,-,SCV006084773,-,-
4017739,single nucleotide variant,NM_000162.5(GCK):c.864-7T>G,2645,GCK,HGNC:4195,Uncertain significance,0,"Jun 02, 2025",-1,-,RCV005417406,"MONDO:MONDO:0015967,MedGen:C3888631,Orphanet:183625",Monogenic diabetes,germline,germline,GRCh37,NC_000007.13,7,44186224,44186224,na,na,7p13,reviewed by expert panel,1,-,N,-,2,3901865,44186224,A,C,-,-,-,-,-,-,SCV006084774,-,-
4017739,single nucleotide variant,NM_000162.5(GCK):c.864-7T>G,2645,GCK,HGNC:4195,Uncertain significance,0,"Jun 02, 2025",-1,-,RCV005417406,"MONDO:MONDO:0015967,MedGen:C3888631,Orphanet:183625",Monogenic diabetes,germline,germline,GRCh38,NC_000007.14,7,44146625,44146625,na,na,7p13,reviewed by expert panel,1,-,N,-,2,3901865,44146625,A,C,-,-,-,-,-,-,SCV006084774,-,-
4018103,single nucleotide variant,NM_000162.5(GCK):c.1200C>G (p.Asp400Glu),2645,GCK,HGNC:4195,Uncertain significance,0,"May 29, 2025",-1,-,RCV005417893,MedGen:CN169374,not specified,germline,germline,GRCh37,NC_000007.13,7,44185149,44185149,na,na,7p13,"criteria provided, single submitter",1,-,N,-,2,3902233,44185149,G,C,-,-,-,-,-,-,SCV006086511,-,-
4018103,single nucleotide variant,NM_000162.5(GCK):c.1200C>G (p.Asp400Glu),2645,GCK,HGNC:4195,Uncertain significance,0,"May 29, 2025",-1,-,RCV005417893,MedGen:CN169374,not specified,germline,germline,GRCh38,NC_000007.14,7,44145550,44145550,na,na,7p13,"criteria provided, single submitter",1,-,N,-,2,3902233,44145550,G,C,-,-,-,-,-,-,SCV006086511,-,-
4018339,single nucleotide variant,NM_000525.4(KCNJ11):c.*13C>T,3767,KCNJ11,HGNC:6257,Uncertain significance,0,"May 06, 2025",-1,-,RCV005418599,MedGen:CN169374,not specified,germline,germline,GRCh37,NC_000011.9,11,17408453,17408453,na,na,11p15.1,"criteria provided, single submitter",1,-,N,-,2,3902469,17408453,G,A,-,-,-,-,-,-,SCV006086028,-,-
4018339,single nucleotide variant,NM_000525.4(KCNJ11):c.*13C>T,3767,KCNJ11,HGNC:6257,Uncertain significance,0,"May 06, 2025",-1,-,RCV005418599,MedGen:CN169374,not specified,germline,germline,GRCh38,NC_000011.10,11,17386906,17386906,na,na,11p15.1,"criteria provided, single submitter",1,-,N,-,2,3902469,17386906,G,A,-,-,-,-,-,-,SCV006086028,-,-
4018341,single nucleotide variant,NM_000162.5(GCK):c.627G>A (p.Thr209=),2645,GCK,HGNC:4195,Likely benign,0,"May 06, 2025",-1,-,RCV005418601,MedGen:CN169374,not specified,germline,germline,GRCh37,NC_000007.13,7,44189411,44189411,na,na,7p13,"criteria provided, single submitter",1,-,N,-,2,3902471,44189411,C,T,-,-,-,-,-,-,SCV006086031,-,-
4018341,single nucleotide variant,NM_000162.5(GCK):c.627G>A (p.Thr209=),2645,GCK,HGNC:4195,Likely benign,0,"May 06, 2025",-1,-,RCV005418601,MedGen:CN169374,not specified,germline,germline,GRCh38,NC_000007.14,7,44149812,44149812,na,na,7p13,"criteria provided, single submitter",1,-,N,-,2,3902471,44149812,C,T,-,-,-,-,-,-,SCV006086031,-,-
4019011,Deletion,NM_000525.4(KCNJ11):c.196_198del (p.Leu66del),3767,KCNJ11,HGNC:6257,Uncertain significance,0,"Dec 14, 2024",-1,-,RCV005423419,MedGen:C3661900,not provided,germline,germline,GRCh37,NC_000011.9,11,17409441,17409443,na,na,11p15.1,"criteria provided, single submitter",1,-,N,-,2,3903137,17409440,TGAG,T,-,-,-,-,-,-,SCV006088037,-,-
4019011,Deletion,NM_000525.4(KCNJ11):c.196_198del (p.Leu66del),3767,KCNJ11,HGNC:6257,Uncertain significance,0,"Dec 14, 2024",-1,-,RCV005423419,MedGen:C3661900,not provided,germline,germline,GRCh38,NC_000011.10,11,17387894,17387896,na,na,11p15.1,"criteria provided, single submitter",1,-,N,-,2,3903137,17387893,TGAG,T,-,-,-,-,-,-,SCV006088037,-,-
4021638,single nucleotide variant,NM_000352.6(ABCC8):c.1032C>G (p.Tyr344Ter),6833,ABCC8,HGNC:59,Pathogenic,1,"May 01, 2025",-1,-,RCV005425607,MedGen:C3661900,not provided,germline,germline,GRCh37,NC_000011.9,11,17474810,17474810,na,na,11p15.1,"criteria provided, single submitter",1,-,N,-,2,3905766,17474810,G,C,-,-,-,-,-,-,SCV006099158,-,-
4021638,single nucleotide variant,NM_000352.6(ABCC8):c.1032C>G (p.Tyr344Ter),6833,ABCC8,HGNC:59,Pathogenic,1,"May 01, 2025",-1,-,RCV005425607,MedGen:C3661900,not provided,germline,germline,GRCh38,NC_000011.10,11,17453263,17453263,na,na,11p15.1,"criteria provided, single submitter",1,-,N,-,2,3905766,17453263,G,C,-,-,-,-,-,-,SCV006099158,-,-
4022024,single nucleotide variant,NM_000352.6(ABCC8):c.3330-2A>G,6833,ABCC8,HGNC:59,Likely pathogenic,1,"Jun 20, 2025",-1,-,RCV005426979,"MONDO:MONDO:0009734,MedGen:C2931832,OMIM:256450,Orphanet:276575,Orphanet:276598","Hyperinsulinemic hypoglycemia, familial, 1",germline,germline,GRCh37,NC_000011.9,11,17427112,17427112,na,na,11p15.1,"criteria provided, single submitter",1,-,N,-,2,3906152,17427112,T,C,-,-,-,-,-,-,SCV006099304,-,-
4022024,single nucleotide variant,NM_000352.6(ABCC8):c.3330-2A>G,6833,ABCC8,HGNC:59,Likely pathogenic,1,"Jun 20, 2025",-1,-,RCV005426979,"MONDO:MONDO:0009734,MedGen:C2931832,OMIM:256450,Orphanet:276575,Orphanet:276598","Hyperinsulinemic hypoglycemia, familial, 1",germline,germline,GRCh38,NC_000011.10,11,17405565,17405565,na,na,11p15.1,"criteria provided, single submitter",1,-,N,-,2,3906152,17405565,T,C,-,-,-,-,-,-,SCV006099304,-,-
4022829,Duplication,NM_000162.5(GCK):c.663_673dup (p.Ile225delinsArgSerAlaTer),2645,GCK,HGNC:4195,Likely pathogenic,1,"Jun 27, 2025",-1,-,RCV005430904,"MONDO:MONDO:0015967,MedGen:C3888631,Orphanet:183625",Monogenic diabetes,germline,germline,GRCh37,NC_000007.13,7,44189364,44189365,na,na,7p13,reviewed by expert panel,1,-,N,-,2,3906938,44189364,A,ATCATGCCGACC,-,-,-,-,-,-,SCV006101113,-,-
4022829,Duplication,NM_000162.5(GCK):c.663_673dup (p.Ile225delinsArgSerAlaTer),2645,GCK,HGNC:4195,Likely pathogenic,1,"Jun 27, 2025",-1,-,RCV005430904,"MONDO:MONDO:0015967,MedGen:C3888631,Orphanet:183625",Monogenic diabetes,germline,germline,GRCh38,NC_000007.14,7,44149765,44149766,na,na,7p13,reviewed by expert panel,1,-,N,-,2,3906938,44149765,A,ATCATGCCGACC,-,-,-,-,-,-,SCV006101113,-,-
4022830,single nucleotide variant,NM_000162.5(GCK):c.679+1G>T,2645,GCK,HGNC:4195,Pathogenic,1,"Jun 27, 2025",-1,-,RCV005430905,"MONDO:MONDO:0015967,MedGen:C3888631,Orphanet:183625",Monogenic diabetes,germline,germline,GRCh37,NC_000007.13,7,44189358,44189358,na,na,7p13,reviewed by expert panel,1,-,N,-,2,3906939,44189358,C,A,-,-,-,-,-,-,SCV006101114,-,-
4022830,single nucleotide variant,NM_000162.5(GCK):c.679+1G>T,2645,GCK,HGNC:4195,Pathogenic,1,"Jun 27, 2025",-1,-,RCV005430905,"MONDO:MONDO:0015967,MedGen:C3888631,Orphanet:183625",Monogenic diabetes,germline,germline,GRCh38,NC_000007.14,7,44149759,44149759,na,na,7p13,reviewed by expert panel,1,-,N,-,2,3906939,44149759,C,A,-,-,-,-,-,-,SCV006101114,-,-
4023101,single nucleotide variant,NM_000525.4(KCNJ11):c.896A>G (p.Gln299Arg),3767,KCNJ11,HGNC:6257,Uncertain significance,0,"Jun 11, 2025",-1,-,RCV005431279,MedGen:CN169374,not specified,germline,germline,GRCh37,NC_000011.9,11,17408743,17408743,na,na,11p15.1,"criteria provided, single submitter",1,-,N,-,2,3907191,17408743,T,C,-,-,-,-,-,-,SCV006102895,-,-
4023101,single nucleotide variant,NM_000525.4(KCNJ11):c.896A>G (p.Gln299Arg),3767,KCNJ11,HGNC:6257,Uncertain significance,0,"Jun 11, 2025",-1,-,RCV005431279,MedGen:CN169374,not specified,germline,germline,GRCh38,NC_000011.10,11,17387196,17387196,na,na,11p15.1,"criteria provided, single submitter",1,-,N,-,2,3907191,17387196,T,C,-,-,-,-,-,-,SCV006102895,-,-
4023120,single nucleotide variant,NM_000352.6(ABCC8):c.4537A>G (p.Met1513Val),6833,ABCC8,HGNC:59,Uncertain significance,0,"Jun 11, 2025",-1,-,RCV005431298,MedGen:CN169374,not specified,germline,germline,GRCh37,NC_000011.9,11,17415821,17415821,na,na,11p15.1,"criteria provided, single submitter",1,-,N,-,2,3907210,17415821,T,C,-,-,-,-,-,-,SCV006102934,-,-
4023120,single nucleotide variant,NM_000352.6(ABCC8):c.4537A>G (p.Met1513Val),6833,ABCC8,HGNC:59,Uncertain significance,0,"Jun 11, 2025",-1,-,RCV005431298,MedGen:CN169374,not specified,germline,germline,GRCh38,NC_000011.10,11,17394274,17394274,na,na,11p15.1,"criteria provided, single submitter",1,-,N,-,2,3907210,17394274,T,C,-,-,-,-,-,-,SCV006102934,-,-
4023274,single nucleotide variant,NM_000162.5(GCK):c.1237T>A (p.Tyr413Asn),2645,GCK,HGNC:4195,Uncertain significance,0,"Jun 05, 2025",-1,-,RCV005431453,MedGen:CN169374,not specified,germline,germline,GRCh37,NC_000007.13,7,44185112,44185112,na,na,7p13,"criteria provided, single submitter",1,-,N,-,2,3907365,44185112,A,T,-,-,-,-,-,-,SCV006101940,-,-
4023274,single nucleotide variant,NM_000162.5(GCK):c.1237T>A (p.Tyr413Asn),2645,GCK,HGNC:4195,Uncertain significance,0,"Jun 05, 2025",-1,-,RCV005431453,MedGen:CN169374,not specified,germline,germline,GRCh38,NC_000007.14,7,44145513,44145513,na,na,7p13,"criteria provided, single submitter",1,-,N,-,2,3907365,44145513,A,T,-,-,-,-,-,-,SCV006101940,-,-
4023467,single nucleotide variant,NM_000352.6(ABCC8):c.4568T>C (p.Val1523Ala),6833,ABCC8,HGNC:59,Uncertain significance,0,"Jun 24, 2025",-1,-,RCV005432107,MedGen:CN169374,not specified,germline,germline,GRCh37,NC_000011.9,11,17415284,17415284,na,na,11p15.1,"criteria provided, single submitter",1,-,N,-,2,3907559,17415284,A,G,-,-,-,-,-,-,SCV006103152,-,-
4023467,single nucleotide variant,NM_000352.6(ABCC8):c.4568T>C (p.Val1523Ala),6833,ABCC8,HGNC:59,Uncertain significance,0,"Jun 24, 2025",-1,-,RCV005432107,MedGen:CN169374,not specified,germline,germline,GRCh38,NC_000011.10,11,17393737,17393737,na,na,11p15.1,"criteria provided, single submitter",1,-,N,-,2,3907559,17393737,A,G,-,-,-,-,-,-,SCV006103152,-,-
4023583,single nucleotide variant,NM_000525.4(KCNJ11):c.100C>G (p.Arg34Gly),3767,KCNJ11,HGNC:6257,Likely pathogenic,1,"May 20, 2025",-1,-,RCV005432223|RCV005618495,"MONDO:MONDO:0011153,MedGen:C2931833,OMIM:601820,Orphanet:276580,Orphanet:276603|MONDO:MONDO:0100164,MedGen:C1833104,OMIM:PS606176,Orphanet:99885","Hyperinsulinemic hypoglycemia, familial, 2|Permanent neonatal diabetes mellitus",germline,germline,GRCh37,NC_000011.9,11,17409539,17409539,na,na,11p15.1,"criteria provided, single submitter",2,-,N,-,2,3907675,17409539,G,C,-,-,-,-,-,-,SCV006103441,-,-
4023583,single nucleotide variant,NM_000525.4(KCNJ11):c.100C>G (p.Arg34Gly),3767,KCNJ11,HGNC:6257,Likely pathogenic,1,"May 20, 2025",-1,-,RCV005432223|RCV005618495,"MONDO:MONDO:0011153,MedGen:C2931833,OMIM:601820,Orphanet:276580,Orphanet:276603|MONDO:MONDO:0100164,MedGen:C1833104,OMIM:PS606176,Orphanet:99885","Hyperinsulinemic hypoglycemia, familial, 2|Permanent neonatal diabetes mellitus",germline,germline,GRCh38,NC_000011.10,11,17387992,17387992,na,na,11p15.1,"criteria provided, single submitter",2,-,N,-,2,3907675,17387992,G,C,-,-,-,-,-,-,SCV006103441,-,-
4101152,single nucleotide variant,NM_000352.6(ABCC8):c.847G>A (p.Gly283Ser),6833,ABCC8,HGNC:59,Uncertain significance,0,"Mar 23, 2025",-1,-,RCV005522435,"MeSH:D030342,MedGen:C0950123",Inborn genetic diseases,germline,germline,GRCh37,NC_000011.9,11,17482199,17482199,na,na,11p15.1,"criteria provided, single submitter",1,-,N,-,2,3991497,17482199,C,T,-,-,-,-,-,-,SCV006197963,-,-
4101152,single nucleotide variant,NM_000352.6(ABCC8):c.847G>A (p.Gly283Ser),6833,ABCC8,HGNC:59,Uncertain significance,0,"Mar 23, 2025",-1,-,RCV005522435,"MeSH:D030342,MedGen:C0950123",Inborn genetic diseases,germline,germline,GRCh38,NC_000011.10,11,17460652,17460652,na,na,11p15.1,"criteria provided, single submitter",1,-,N,-,2,3991497,17460652,C,T,-,-,-,-,-,-,SCV006197963,-,-
4101187,single nucleotide variant,NM_000352.6(ABCC8):c.3070A>G (p.Met1024Val),6833,ABCC8,HGNC:59,Uncertain significance,0,"Apr 01, 2025",-1,-,RCV005522470,"MeSH:D030342,MedGen:C0950123",Inborn genetic diseases,germline,germline,GRCh37,NC_000011.9,11,17428527,17428527,na,na,11p15.1,"criteria provided, single submitter",1,-,N,-,2,3991532,17428527,T,C,-,-,-,-,-,-,SCV006195514,-,-
4101187,single nucleotide variant,NM_000352.6(ABCC8):c.3070A>G (p.Met1024Val),6833,ABCC8,HGNC:59,Uncertain significance,0,"Apr 01, 2025",-1,-,RCV005522470,"MeSH:D030342,MedGen:C0950123",Inborn genetic diseases,germline,germline,GRCh38,NC_000011.10,11,17406980,17406980,na,na,11p15.1,"criteria provided, single submitter",1,-,N,-,2,3991532,17406980,T,C,-,-,-,-,-,-,SCV006195514,-,-
4101206,single nucleotide variant,NM_000352.6(ABCC8):c.2051G>C (p.Gly684Ala),6833,ABCC8,HGNC:59,Uncertain significance,0,"Apr 19, 2025",-1,-,RCV005522489,"MeSH:D030342,MedGen:C0950123",Inborn genetic diseases,germline,germline,GRCh37,NC_000011.9,11,17449479,17449479,na,na,11p15.1,"criteria provided, single submitter",1,-,N,-,2,3991551,17449479,C,G,-,-,-,-,-,-,SCV006195534,-,-
4101206,single nucleotide variant,NM_000352.6(ABCC8):c.2051G>C (p.Gly684Ala),6833,ABCC8,HGNC:59,Uncertain significance,0,"Apr 19, 2025",-1,-,RCV005522489,"MeSH:D030342,MedGen:C0950123",Inborn genetic diseases,germline,germline,GRCh38,NC_000011.10,11,17427932,17427932,na,na,11p15.1,"criteria provided, single submitter",1,-,N,-,2,3991551,17427932,C,G,-,-,-,-,-,-,SCV006195534,-,-
4101217,single nucleotide variant,NM_000352.6(ABCC8):c.2606A>G (p.Gln869Arg),6833,ABCC8,HGNC:59,Uncertain significance,0,"Apr 25, 2025",-1,-,RCV005522500,"MeSH:D030342,MedGen:C0950123",Inborn genetic diseases,germline,germline,GRCh37,NC_000011.9,11,17432151,17432151,na,na,11p15.1,"criteria provided, single submitter",1,-,N,-,2,3991562,17432151,T,C,-,-,-,-,-,-,SCV006195545,-,-
4101217,single nucleotide variant,NM_000352.6(ABCC8):c.2606A>G (p.Gln869Arg),6833,ABCC8,HGNC:59,Uncertain significance,0,"Apr 25, 2025",-1,-,RCV005522500,"MeSH:D030342,MedGen:C0950123",Inborn genetic diseases,germline,germline,GRCh38,NC_000011.10,11,17410604,17410604,na,na,11p15.1,"criteria provided, single submitter",1,-,N,-,2,3991562,17410604,T,C,-,-,-,-,-,-,SCV006195545,-,-
4101239,single nucleotide variant,NM_000352.6(ABCC8):c.1673C>G (p.Thr558Ser),6833,ABCC8,HGNC:59,Uncertain significance,0,"Jun 10, 2025",-1,-,RCV005522522,"MeSH:D030342,MedGen:C0950123",Inborn genetic diseases,germline,germline,GRCh37,NC_000011.9,11,17452505,17452505,na,na,11p15.1,"criteria provided, single submitter",1,-,N,-,2,3991584,17452505,G,C,-,-,-,-,-,-,SCV006195568,-,-
4101239,single nucleotide variant,NM_000352.6(ABCC8):c.1673C>G (p.Thr558Ser),6833,ABCC8,HGNC:59,Uncertain significance,0,"Jun 10, 2025",-1,-,RCV005522522,"MeSH:D030342,MedGen:C0950123",Inborn genetic diseases,germline,germline,GRCh38,NC_000011.10,11,17430958,17430958,na,na,11p15.1,"criteria provided, single submitter",1,-,N,-,2,3991584,17430958,G,C,-,-,-,-,-,-,SCV006195568,-,-
4158773,single nucleotide variant,NM_000525.4(KCNJ11):c.1125G>C (p.Met375Ile),3767,KCNJ11,HGNC:6257,Uncertain significance,0,"May 14, 2025",-1,-,RCV005586683,"MeSH:D030342,MedGen:C0950123",Inborn genetic diseases,germline,germline,GRCh37,NC_000011.9,11,17408514,17408514,na,na,11p15.1,"criteria provided, single submitter",1,-,N,-,2,4041648,17408514,C,G,-,-,-,-,-,-,SCV006256311,-,-
4158773,single nucleotide variant,NM_000525.4(KCNJ11):c.1125G>C (p.Met375Ile),3767,KCNJ11,HGNC:6257,Uncertain significance,0,"May 14, 2025",-1,-,RCV005586683,"MeSH:D030342,MedGen:C0950123",Inborn genetic diseases,germline,germline,GRCh38,NC_000011.10,11,17386967,17386967,na,na,11p15.1,"criteria provided, single submitter",1,-,N,-,2,4041648,17386967,C,G,-,-,-,-,-,-,SCV006256311,-,-
4158774,single nucleotide variant,NM_000525.4(KCNJ11):c.743G>A (p.Ser248Asn),3767,KCNJ11,HGNC:6257,Uncertain significance,0,"Mar 17, 2025",-1,-,RCV005586684,"MeSH:D030342,MedGen:C0950123",Inborn genetic diseases,germline,germline,GRCh37,NC_000011.9,11,17408896,17408896,na,na,11p15.1,"criteria provided, single submitter",1,-,N,-,2,4041649,17408896,C,T,-,-,-,-,-,-,SCV006256312,-,-
4158774,single nucleotide variant,NM_000525.4(KCNJ11):c.743G>A (p.Ser248Asn),3767,KCNJ11,HGNC:6257,Uncertain significance,0,"Mar 17, 2025",-1,-,RCV005586684,"MeSH:D030342,MedGen:C0950123",Inborn genetic diseases,germline,germline,GRCh38,NC_000011.10,11,17387349,17387349,na,na,11p15.1,"criteria provided, single submitter",1,-,N,-,2,4041649,17387349,C,T,-,-,-,-,-,-,SCV006256312,-,-
4169694,single nucleotide variant,NM_000162.5(GCK):c.544G>T (p.Val182Leu),2645,GCK,HGNC:4195,Likely pathogenic,1,"Jan 02, 2025",-1,-,RCV005603350,MedGen:C3661900,not provided,germline,germline,GRCh37,NC_000007.13,7,44189603,44189603,na,na,7p13,"criteria provided, single submitter",1,-,N,-,2,4055754,44189603,C,A,-,-,-,-,-,-,SCV006275253,-,-
4169694,single nucleotide variant,NM_000162.5(GCK):c.544G>T (p.Val182Leu),2645,GCK,HGNC:4195,Likely pathogenic,1,"Jan 02, 2025",-1,-,RCV005603350,MedGen:C3661900,not provided,germline,germline,GRCh38,NC_000007.14,7,44150004,44150004,na,na,7p13,"criteria provided, single submitter",1,-,N,-,2,4055754,44150004,C,A,-,-,-,-,-,-,SCV006275253,-,-
4169764,single nucleotide variant,NM_000162.5(GCK):c.518C>A (p.Ala173Asp),2645,GCK,HGNC:4195,Uncertain significance,0,"Oct 29, 2025",-1,-,RCV005603420|RCV006451977,MedGen:C3661900|MedGen:CN169374,not provided|not specified,germline,germline,GRCh37,NC_000007.13,7,44189629,44189629,na,na,7p13,"criteria provided, multiple submitters, no conflicts",2,-,N,-,2,4055824,44189629,G,T,-,-,-,-,-,-,SCV006275432|SCV007337498,-,-
4169764,single nucleotide variant,NM_000162.5(GCK):c.518C>A (p.Ala173Asp),2645,GCK,HGNC:4195,Uncertain significance,0,"Oct 29, 2025",-1,-,RCV005603420|RCV006451977,MedGen:C3661900|MedGen:CN169374,not provided|not specified,germline,germline,GRCh38,NC_000007.14,7,44150030,44150030,na,na,7p13,"criteria provided, multiple submitters, no conflicts",2,-,N,-,2,4055824,44150030,G,T,-,-,-,-,-,-,SCV006275432|SCV007337498,-,-
4169941,single nucleotide variant,NM_000352.6(ABCC8):c.1723G>T (p.Val575Leu),6833,ABCC8,HGNC:59,Uncertain significance,0,"Jan 04, 2025",-1,-,RCV005600273,MedGen:C3661900,not provided,germline,germline,GRCh37,NC_000011.9,11,17452455,17452455,na,na,11p15.1,"criteria provided, single submitter",1,-,N,-,2,4056001,17452455,C,A,-,-,-,-,-,-,SCV006275699,-,-
4169941,single nucleotide variant,NM_000352.6(ABCC8):c.1723G>T (p.Val575Leu),6833,ABCC8,HGNC:59,Uncertain significance,0,"Jan 04, 2025",-1,-,RCV005600273,MedGen:C3661900,not provided,germline,germline,GRCh38,NC_000011.10,11,17430908,17430908,na,na,11p15.1,"criteria provided, single submitter",1,-,N,-,2,4056001,17430908,C,A,-,-,-,-,-,-,SCV006275699,-,-
4170770,single nucleotide variant,NM_000525.4(KCNJ11):c.314G>T (p.Gly105Val),3767,KCNJ11,HGNC:6257,Uncertain significance,0,"Dec 31, 2024",-1,-,RCV005604407,MedGen:C3661900,not provided,germline,germline,GRCh37,NC_000011.9,11,17409325,17409325,na,na,11p15.1,"criteria provided, single submitter",1,-,N,-,2,4056839,17409325,C,A,-,-,-,-,-,-,SCV006278923,-,-
4170770,single nucleotide variant,NM_000525.4(KCNJ11):c.314G>T (p.Gly105Val),3767,KCNJ11,HGNC:6257,Uncertain significance,0,"Dec 31, 2024",-1,-,RCV005604407,MedGen:C3661900,not provided,germline,germline,GRCh38,NC_000011.10,11,17387778,17387778,na,na,11p15.1,"criteria provided, single submitter",1,-,N,-,2,4056839,17387778,C,A,-,-,-,-,-,-,SCV006278923,-,-
4171447,single nucleotide variant,NM_000352.6(ABCC8):c.2668C>G (p.Leu890Val),6833,ABCC8,HGNC:59,Uncertain significance,0,"Apr 22, 2025",-1,-,RCV005607407,-,Hereditary hyperinsulinism,germline,germline,GRCh37,NC_000011.9,11,17432089,17432089,na,na,11p15.1,no assertion criteria provided,1,-,N,-,2,4058464,17432089,G,C,-,-,-,-,-,-,SCV006281138,-,-
4171447,single nucleotide variant,NM_000352.6(ABCC8):c.2668C>G (p.Leu890Val),6833,ABCC8,HGNC:59,Uncertain significance,0,"Apr 22, 2025",-1,-,RCV005607407,-,Hereditary hyperinsulinism,germline,germline,GRCh38,NC_000011.10,11,17410542,17410542,na,na,11p15.1,no assertion criteria provided,1,-,N,-,2,4058464,17410542,G,C,-,-,-,-,-,-,SCV006281138,-,-
4171530,single nucleotide variant,NM_000352.6(ABCC8):c.3557G>A (p.Arg1186Lys),6833,ABCC8,HGNC:59,Uncertain significance,0,"Apr 21, 2025",-1,-,RCV005607490,-,Hereditary hyperinsulinism,germline,germline,GRCh37,NC_000011.9,11,17426059,17426059,na,na,11p15.1,no assertion criteria provided,1,-,N,-,2,4058547,17426059,C,T,-,-,-,-,-,-,SCV006283645,-,-
4171530,single nucleotide variant,NM_000352.6(ABCC8):c.3557G>A (p.Arg1186Lys),6833,ABCC8,HGNC:59,Uncertain significance,0,"Apr 21, 2025",-1,-,RCV005607490,-,Hereditary hyperinsulinism,germline,germline,GRCh38,NC_000011.10,11,17404512,17404512,na,na,11p15.1,no assertion criteria provided,1,-,N,-,2,4058547,17404512,C,T,-,-,-,-,-,-,SCV006283645,-,-
4171732,single nucleotide variant,NM_000352.6(ABCC8):c.3329+4C>G,6833,ABCC8,HGNC:59,Uncertain significance,0,"Apr 11, 2025",-1,-,RCV005605575,-,Hereditary hyperinsulinism,germline,germline,GRCh37,NC_000011.9,11,17428165,17428165,na,na,11p15.1,no assertion criteria provided,1,-,N,-,2,4060065,17428165,G,C,-,-,-,-,-,-,SCV006283226,-,-
4171732,single nucleotide variant,NM_000352.6(ABCC8):c.3329+4C>G,6833,ABCC8,HGNC:59,Uncertain significance,0,"Apr 11, 2025",-1,-,RCV005605575,-,Hereditary hyperinsulinism,germline,germline,GRCh38,NC_000011.10,11,17406618,17406618,na,na,11p15.1,no assertion criteria provided,1,-,N,-,2,4060065,17406618,G,C,-,-,-,-,-,-,SCV006283226,-,-
4171827,single nucleotide variant,NM_000352.6(ABCC8):c.323T>C (p.Met108Thr),6833,ABCC8,HGNC:59,Uncertain significance,0,"Apr 10, 2025",-1,-,RCV005605670,-,Hereditary hyperinsulinism,germline,germline,GRCh37,NC_000011.9,11,17491737,17491737,na,na,11p15.1,no assertion criteria provided,1,-,N,-,2,4060160,17491737,A,G,-,-,-,-,-,-,SCV006286452,-,-
4171827,single nucleotide variant,NM_000352.6(ABCC8):c.323T>C (p.Met108Thr),6833,ABCC8,HGNC:59,Uncertain significance,0,"Apr 10, 2025",-1,-,RCV005605670,-,Hereditary hyperinsulinism,germline,germline,GRCh38,NC_000011.10,11,17470190,17470190,na,na,11p15.1,no assertion criteria provided,1,-,N,-,2,4060160,17470190,A,G,-,-,-,-,-,-,SCV006286452,-,-
4171926,single nucleotide variant,NM_000352.6(ABCC8):c.3106T>C (p.Trp1036Arg),6833,ABCC8,HGNC:59,Uncertain significance,0,"Apr 10, 2025",-1,-,RCV005605757,-,Hereditary hyperinsulinism,germline,germline,GRCh37,NC_000011.9,11,17428491,17428491,na,na,11p15.1,no assertion criteria provided,1,-,N,-,2,4060259,17428491,A,G,-,-,-,-,-,-,SCV006288880,-,-
4171926,single nucleotide variant,NM_000352.6(ABCC8):c.3106T>C (p.Trp1036Arg),6833,ABCC8,HGNC:59,Uncertain significance,0,"Apr 10, 2025",-1,-,RCV005605757,-,Hereditary hyperinsulinism,germline,germline,GRCh38,NC_000011.10,11,17406944,17406944,na,na,11p15.1,no assertion criteria provided,1,-,N,-,2,4060259,17406944,A,G,-,-,-,-,-,-,SCV006288880,-,-
4172027,single nucleotide variant,NM_000352.6(ABCC8):c.2885G>A (p.Arg962Lys),6833,ABCC8,HGNC:59,Uncertain significance,0,"Apr 10, 2025",-1,-,RCV005612701,-,Hereditary hyperinsulinism,germline,germline,GRCh37,NC_000011.9,11,17428936,17428936,na,na,11p15.1,no assertion criteria provided,1,-,N,-,2,4060360,17428936,C,T,-,-,-,-,-,-,SCV006288991,-,-
4172027,single nucleotide variant,NM_000352.6(ABCC8):c.2885G>A (p.Arg962Lys),6833,ABCC8,HGNC:59,Uncertain significance,0,"Apr 10, 2025",-1,-,RCV005612701,-,Hereditary hyperinsulinism,germline,germline,GRCh38,NC_000011.10,11,17407389,17407389,na,na,11p15.1,no assertion criteria provided,1,-,N,-,2,4060360,17407389,C,T,-,-,-,-,-,-,SCV006288991,-,-
4172196,single nucleotide variant,NM_000352.6(ABCC8):c.1333-1014G>T,6833,ABCC8,HGNC:59,Uncertain significance,0,"Mar 14, 2025",-1,-,RCV005611808,-,Hereditary hyperinsulinism,germline,germline,GRCh37,NC_000011.9,11,17465873,17465873,na,na,11p15.1,no assertion criteria provided,1,-,N,-,2,4061849,17465873,C,A,-,-,-,-,-,-,SCV006280681,-,-
4172196,single nucleotide variant,NM_000352.6(ABCC8):c.1333-1014G>T,6833,ABCC8,HGNC:59,Uncertain significance,0,"Mar 14, 2025",-1,-,RCV005611808,-,Hereditary hyperinsulinism,germline,germline,GRCh38,NC_000011.10,11,17444326,17444326,na,na,11p15.1,no assertion criteria provided,1,-,N,-,2,4061849,17444326,C,A,-,-,-,-,-,-,SCV006280681,-,-
4172275,single nucleotide variant,NM_000352.6(ABCC8):c.2438T>A (p.Ile813Asn),6833,ABCC8,HGNC:59,Uncertain significance,0,"Mar 12, 2025",-1,-,RCV005611887,-,Hereditary hyperinsulinism,germline,germline,GRCh37,NC_000011.9,11,17434978,17434978,na,na,11p15.1,no assertion criteria provided,1,-,N,-,2,4061928,17434978,A,T,-,-,-,-,-,-,SCV006283902,-,-
4172275,single nucleotide variant,NM_000352.6(ABCC8):c.2438T>A (p.Ile813Asn),6833,ABCC8,HGNC:59,Uncertain significance,0,"Mar 12, 2025",-1,-,RCV005611887,-,Hereditary hyperinsulinism,germline,germline,GRCh38,NC_000011.10,11,17413431,17413431,na,na,11p15.1,no assertion criteria provided,1,-,N,-,2,4061928,17413431,A,T,-,-,-,-,-,-,SCV006283902,-,-
4172360,single nucleotide variant,NM_000352.6(ABCC8):c.1447C>T (p.Gln483Ter),6833,ABCC8,HGNC:59,Likely pathogenic,1,"Mar 11, 2025",-1,-,RCV005611972,-,Hereditary hyperinsulinism,germline,germline,GRCh37,NC_000011.9,11,17464745,17464745,na,na,11p15.1,no assertion criteria provided,1,-,N,-,2,4062013,17464745,G,A,-,-,-,-,-,-,SCV006284013,-,-
4172360,single nucleotide variant,NM_000352.6(ABCC8):c.1447C>T (p.Gln483Ter),6833,ABCC8,HGNC:59,Likely pathogenic,1,"Mar 11, 2025",-1,-,RCV005611972,-,Hereditary hyperinsulinism,germline,germline,GRCh38,NC_000011.10,11,17443198,17443198,na,na,11p15.1,no assertion criteria provided,1,-,N,-,2,4062013,17443198,G,A,-,-,-,-,-,-,SCV006284013,-,-
4172574,single nucleotide variant,NM_000352.6(ABCC8):c.2556+19G>A,6833,ABCC8,HGNC:59,Uncertain significance,0,"Jan 15, 2025",-1,-,RCV005610272,-,Hereditary hyperinsulinism,germline,germline,GRCh37,NC_000011.9,11,17434194,17434194,na,na,11p15.1,no assertion criteria provided,1,-,N,-,2,4063550,17434194,C,T,-,-,-,-,-,-,SCV006289098,-,-
4172574,single nucleotide variant,NM_000352.6(ABCC8):c.2556+19G>A,6833,ABCC8,HGNC:59,Uncertain significance,0,"Jan 15, 2025",-1,-,RCV005610272,-,Hereditary hyperinsulinism,germline,germline,GRCh38,NC_000011.10,11,17412647,17412647,na,na,11p15.1,no assertion criteria provided,1,-,N,-,2,4063550,17412647,C,T,-,-,-,-,-,-,SCV006289098,-,-
4172580,single nucleotide variant,NM_000352.6(ABCC8):c.239T>C (p.Met80Thr),6833,ABCC8,HGNC:59,Uncertain significance,0,"Jan 15, 2025",-1,-,RCV005610275,-,Hereditary hyperinsulinism,germline,germline,GRCh37,NC_000011.9,11,17496484,17496484,na,na,11p15.1,no assertion criteria provided,1,-,N,-,2,4063556,17496484,A,G,-,-,-,-,-,-,SCV006289109,-,-
4172580,single nucleotide variant,NM_000352.6(ABCC8):c.239T>C (p.Met80Thr),6833,ABCC8,HGNC:59,Uncertain significance,0,"Jan 15, 2025",-1,-,RCV005610275,-,Hereditary hyperinsulinism,germline,germline,GRCh38,NC_000011.10,11,17474937,17474937,na,na,11p15.1,no assertion criteria provided,1,-,N,-,2,4063556,17474937,A,G,-,-,-,-,-,-,SCV006289109,-,-
4172588,single nucleotide variant,NM_000352.6(ABCC8):c.458A>G (p.Lys153Arg),6833,ABCC8,HGNC:59,Uncertain significance,0,"Jan 14, 2025",-1,-,RCV005614939,-,Hereditary hyperinsulinism,germline,germline,GRCh37,NC_000011.9,11,17485106,17485106,na,na,11p15.1,no assertion criteria provided,1,-,N,-,2,4063564,17485106,T,C,-,-,-,-,-,-,SCV006289120,-,-
4172588,single nucleotide variant,NM_000352.6(ABCC8):c.458A>G (p.Lys153Arg),6833,ABCC8,HGNC:59,Uncertain significance,0,"Jan 14, 2025",-1,-,RCV005614939,-,Hereditary hyperinsulinism,germline,germline,GRCh38,NC_000011.10,11,17463559,17463559,na,na,11p15.1,no assertion criteria provided,1,-,N,-,2,4063564,17463559,T,C,-,-,-,-,-,-,SCV006289120,-,-
4172596,single nucleotide variant,NM_000352.6(ABCC8):c.140T>G (p.Leu47Arg),6833,ABCC8,HGNC:59,Uncertain significance,0,"Jan 12, 2025",-1,-,RCV005610286,-,Hereditary hyperinsulinism,germline,germline,GRCh37,NC_000011.9,11,17498184,17498184,na,na,11p15.1,no assertion criteria provided,1,-,N,-,2,4063572,17498184,A,C,-,-,-,-,-,-,SCV006289131,-,-
4172596,single nucleotide variant,NM_000352.6(ABCC8):c.140T>G (p.Leu47Arg),6833,ABCC8,HGNC:59,Uncertain significance,0,"Jan 12, 2025",-1,-,RCV005610286,-,Hereditary hyperinsulinism,germline,germline,GRCh38,NC_000011.10,11,17476637,17476637,na,na,11p15.1,no assertion criteria provided,1,-,N,-,2,4063572,17476637,A,C,-,-,-,-,-,-,SCV006289131,-,-
4172602,single nucleotide variant,NM_000352.6(ABCC8):c.580-3C>T,6833,ABCC8,HGNC:59,Uncertain significance,0,"Jan 08, 2025",-1,-,RCV005614944,-,Hereditary hyperinsulinism,germline,germline,GRCh37,NC_000011.9,11,17483375,17483375,na,na,11p15.1,no assertion criteria provided,1,-,N,-,2,4063578,17483375,G,A,-,-,-,-,-,-,SCV006289142,-,-
4172602,single nucleotide variant,NM_000352.6(ABCC8):c.580-3C>T,6833,ABCC8,HGNC:59,Uncertain significance,0,"Jan 08, 2025",-1,-,RCV005614944,-,Hereditary hyperinsulinism,germline,germline,GRCh38,NC_000011.10,11,17461828,17461828,na,na,11p15.1,no assertion criteria provided,1,-,N,-,2,4063578,17461828,G,A,-,-,-,-,-,-,SCV006289142,-,-
4172622,single nucleotide variant,NM_000352.6(ABCC8):c.3547G>A (p.Val1183Met),6833,ABCC8,HGNC:59,Uncertain significance,0,"Jan 03, 2025",-1,-,RCV005610301,-,Hereditary hyperinsulinism,germline,germline,GRCh37,NC_000011.9,11,17426069,17426069,na,na,11p15.1,no assertion criteria provided,1,-,N,-,2,4063598,17426069,C,T,-,-,-,-,-,-,SCV006289175,-,-
4172622,single nucleotide variant,NM_000352.6(ABCC8):c.3547G>A (p.Val1183Met),6833,ABCC8,HGNC:59,Uncertain significance,0,"Jan 03, 2025",-1,-,RCV005610301,-,Hereditary hyperinsulinism,germline,germline,GRCh38,NC_000011.10,11,17404522,17404522,na,na,11p15.1,no assertion criteria provided,1,-,N,-,2,4063598,17404522,C,T,-,-,-,-,-,-,SCV006289175,-,-
4172634,single nucleotide variant,NM_000352.6(ABCC8):c.2444C>T (p.Pro815Leu),6833,ABCC8,HGNC:59,Uncertain significance,0,"Jan 03, 2025",-1,-,RCV005610307,-,Hereditary hyperinsulinism,germline,germline,GRCh37,NC_000011.9,11,17434972,17434972,na,na,11p15.1,no assertion criteria provided,1,-,N,-,2,4063610,17434972,G,A,-,-,-,-,-,-,SCV006289198,-,-
4172634,single nucleotide variant,NM_000352.6(ABCC8):c.2444C>T (p.Pro815Leu),6833,ABCC8,HGNC:59,Uncertain significance,0,"Jan 03, 2025",-1,-,RCV005610307,-,Hereditary hyperinsulinism,germline,germline,GRCh38,NC_000011.10,11,17413425,17413425,na,na,11p15.1,no assertion criteria provided,1,-,N,-,2,4063610,17413425,G,A,-,-,-,-,-,-,SCV006289198,-,-
4172641,single nucleotide variant,NM_000352.6(ABCC8):c.882C>G (p.Ala294=),6833,ABCC8,HGNC:59,Uncertain significance,0,"Jan 01, 2025",-1,-,RCV005614962,-,Hereditary hyperinsulinism,germline,germline,GRCh37,NC_000011.9,11,17482164,17482164,na,na,11p15.1,no assertion criteria provided,1,-,N,-,2,4063617,17482164,G,C,-,-,-,-,-,-,SCV006289209,-,-
4172641,single nucleotide variant,NM_000352.6(ABCC8):c.882C>G (p.Ala294=),6833,ABCC8,HGNC:59,Uncertain significance,0,"Jan 01, 2025",-1,-,RCV005614962,-,Hereditary hyperinsulinism,germline,germline,GRCh38,NC_000011.10,11,17460617,17460617,na,na,11p15.1,no assertion criteria provided,1,-,N,-,2,4063617,17460617,G,C,-,-,-,-,-,-,SCV006289209,-,-
4172647,single nucleotide variant,NM_000352.6(ABCC8):c.149-3C>T,6833,ABCC8,HGNC:59,Uncertain significance,0,"Jan 01, 2025",-1,-,RCV005610314,-,Hereditary hyperinsulinism,germline,germline,GRCh37,NC_000011.9,11,17496577,17496577,na,na,11p15.1,no assertion criteria provided,1,-,N,-,2,4063623,17496577,G,A,-,-,-,-,-,-,SCV006289220,-,-
4172647,single nucleotide variant,NM_000352.6(ABCC8):c.149-3C>T,6833,ABCC8,HGNC:59,Uncertain significance,0,"Jan 01, 2025",-1,-,RCV005610314,-,Hereditary hyperinsulinism,germline,germline,GRCh38,NC_000011.10,11,17475030,17475030,na,na,11p15.1,no assertion criteria provided,1,-,N,-,2,4063623,17475030,G,A,-,-,-,-,-,-,SCV006289220,-,-
4173900,single nucleotide variant,NM_000352.6(ABCC8):c.3139G>C (p.Ala1047Pro),6833,ABCC8,HGNC:59,Uncertain significance,0,"May 29, 2025",-1,-,RCV005616223,-,Hereditary hyperinsulinism,germline,germline,GRCh37,NC_000011.9,11,17428458,17428458,na,na,11p15.1,no assertion criteria provided,1,-,N,-,2,4068854,17428458,C,G,-,-,-,-,-,-,SCV006292466,-,-
4173900,single nucleotide variant,NM_000352.6(ABCC8):c.3139G>C (p.Ala1047Pro),6833,ABCC8,HGNC:59,Uncertain significance,0,"May 29, 2025",-1,-,RCV005616223,-,Hereditary hyperinsulinism,germline,germline,GRCh38,NC_000011.10,11,17406911,17406911,na,na,11p15.1,no assertion criteria provided,1,-,N,-,2,4068854,17406911,C,G,-,-,-,-,-,-,SCV006292466,-,-
4174059,single nucleotide variant,NM_000352.6(ABCC8):c.610G>T (p.Val204Leu),6833,ABCC8,HGNC:59,Uncertain significance,0,"May 26, 2025",-1,-,RCV005617868,-,Hereditary hyperinsulinism,germline,germline,GRCh37,NC_000011.9,11,17483342,17483342,na,na,11p15.1,no assertion criteria provided,1,-,N,-,2,4069013,17483342,C,A,-,-,-,-,-,-,SCV006291106,-,-
4174059,single nucleotide variant,NM_000352.6(ABCC8):c.610G>T (p.Val204Leu),6833,ABCC8,HGNC:59,Uncertain significance,0,"May 26, 2025",-1,-,RCV005617868,-,Hereditary hyperinsulinism,germline,germline,GRCh38,NC_000011.10,11,17461795,17461795,na,na,11p15.1,no assertion criteria provided,1,-,N,-,2,4069013,17461795,C,A,-,-,-,-,-,-,SCV006291106,-,-
4174237,single nucleotide variant,NM_000352.6(ABCC8):c.1540T>C (p.Trp514Arg),6833,ABCC8,HGNC:59,Uncertain significance,0,"May 26, 2025",-1,-,RCV005618046,-,Hereditary hyperinsulinism,germline,germline,GRCh37,NC_000011.9,11,17464357,17464357,na,na,11p15.1,no assertion criteria provided,1,-,N,-,2,4069191,17464357,A,G,-,-,-,-,-,-,SCV006296779,-,-
4174237,single nucleotide variant,NM_000352.6(ABCC8):c.1540T>C (p.Trp514Arg),6833,ABCC8,HGNC:59,Uncertain significance,0,"May 26, 2025",-1,-,RCV005618046,-,Hereditary hyperinsulinism,germline,germline,GRCh38,NC_000011.10,11,17442810,17442810,na,na,11p15.1,no assertion criteria provided,1,-,N,-,2,4069191,17442810,A,G,-,-,-,-,-,-,SCV006296779,-,-
4174317,single nucleotide variant,NM_000352.6(ABCC8):c.1672-17T>C,6833,ABCC8,HGNC:59,Uncertain significance,0,"May 22, 2025",-1,-,RCV005618126,-,Hereditary hyperinsulinism,germline,germline,GRCh37,NC_000011.9,11,17452523,17452523,na,na,11p15.1,no assertion criteria provided,1,-,N,-,2,4069271,17452523,A,G,-,-,-,-,-,-,SCV006296890,-,-
4174317,single nucleotide variant,NM_000352.6(ABCC8):c.1672-17T>C,6833,ABCC8,HGNC:59,Uncertain significance,0,"May 22, 2025",-1,-,RCV005618126,-,Hereditary hyperinsulinism,germline,germline,GRCh38,NC_000011.10,11,17430976,17430976,na,na,11p15.1,no assertion criteria provided,1,-,N,-,2,4069271,17430976,A,G,-,-,-,-,-,-,SCV006296890,-,-
4174502,single nucleotide variant,NM_000352.6(ABCC8):c.1027G>A (p.Val343Ile),6833,ABCC8,HGNC:59,Uncertain significance,0,"May 01, 2025",-1,-,RCV005618567,-,Hereditary hyperinsulinism,germline,germline,GRCh37,NC_000011.9,11,17474815,17474815,na,na,11p15.1,no assertion criteria provided,1,-,N,-,2,4057995,17474815,C,T,-,-,-,-,-,-,SCV006286819,-,-
4174502,single nucleotide variant,NM_000352.6(ABCC8):c.1027G>A (p.Val343Ile),6833,ABCC8,HGNC:59,Uncertain significance,0,"May 01, 2025",-1,-,RCV005618567,-,Hereditary hyperinsulinism,germline,germline,GRCh38,NC_000011.10,11,17453268,17453268,na,na,11p15.1,no assertion criteria provided,1,-,N,-,2,4057995,17453268,C,T,-,-,-,-,-,-,SCV006286819,-,-
4174667,single nucleotide variant,NM_000352.6(ABCC8):c.3400-3C>T,6833,ABCC8,HGNC:59,Uncertain significance,0,"Apr 29, 2025",-1,-,RCV005607179,-,Hereditary hyperinsulinism,germline,germline,GRCh37,NC_000011.9,11,17426219,17426219,na,na,11p15.1,no assertion criteria provided,1,-,N,-,2,4058160,17426219,G,A,-,-,-,-,-,-,SCV006282494,-,-
4174667,single nucleotide variant,NM_000352.6(ABCC8):c.3400-3C>T,6833,ABCC8,HGNC:59,Uncertain significance,0,"Apr 29, 2025",-1,-,RCV005607179,-,Hereditary hyperinsulinism,germline,germline,GRCh38,NC_000011.10,11,17404672,17404672,na,na,11p15.1,no assertion criteria provided,1,-,N,-,2,4058160,17404672,G,A,-,-,-,-,-,-,SCV006282494,-,-
4174748,single nucleotide variant,NM_000352.6(ABCC8):c.1965T>C (p.Asp655=),6833,ABCC8,HGNC:59,Uncertain significance,0,"Apr 28, 2025",-1,-,RCV005607260,-,Hereditary hyperinsulinism,germline,germline,GRCh37,NC_000011.9,11,17449911,17449911,na,na,11p15.1,no assertion criteria provided,1,-,N,-,2,4058241,17449911,A,G,-,-,-,-,-,-,SCV006285660,-,-
4174748,single nucleotide variant,NM_000352.6(ABCC8):c.1965T>C (p.Asp655=),6833,ABCC8,HGNC:59,Uncertain significance,0,"Apr 28, 2025",-1,-,RCV005607260,-,Hereditary hyperinsulinism,germline,germline,GRCh38,NC_000011.10,11,17428364,17428364,na,na,11p15.1,no assertion criteria provided,1,-,N,-,2,4058241,17428364,A,G,-,-,-,-,-,-,SCV006285660,-,-
4174807,single nucleotide variant,NM_000352.6(ABCC8):c.1246C>G (p.Gln416Glu),6833,ABCC8,HGNC:59,Uncertain significance,0,"Apr 13, 2025",-1,-,RCV005611369,-,Hereditary hyperinsulinism,germline,germline,GRCh37,NC_000011.9,11,17470149,17470149,na,na,11p15.1,no assertion criteria provided,1,-,N,-,2,4059618,17470149,G,C,-,-,-,-,-,-,SCV006289583,-,-
4174807,single nucleotide variant,NM_000352.6(ABCC8):c.1246C>G (p.Gln416Glu),6833,ABCC8,HGNC:59,Uncertain significance,0,"Apr 13, 2025",-1,-,RCV005611369,-,Hereditary hyperinsulinism,germline,germline,GRCh38,NC_000011.10,11,17448602,17448602,na,na,11p15.1,no assertion criteria provided,1,-,N,-,2,4059618,17448602,G,C,-,-,-,-,-,-,SCV006289583,-,-
4175065,single nucleotide variant,NM_000352.6(ABCC8):c.1492C>G (p.Gln498Glu),6833,ABCC8,HGNC:59,Uncertain significance,0,"Apr 11, 2025",-1,-,RCV005611563,-,Hereditary hyperinsulinism,germline,germline,GRCh37,NC_000011.9,11,17464405,17464405,na,na,11p15.1,no assertion criteria provided,1,-,N,-,2,4059876,17464405,G,C,-,-,-,-,-,-,SCV006279875,-,-
4175065,single nucleotide variant,NM_000352.6(ABCC8):c.1492C>G (p.Gln498Glu),6833,ABCC8,HGNC:59,Uncertain significance,0,"Apr 11, 2025",-1,-,RCV005611563,-,Hereditary hyperinsulinism,germline,germline,GRCh38,NC_000011.10,11,17442858,17442858,na,na,11p15.1,no assertion criteria provided,1,-,N,-,2,4059876,17442858,G,C,-,-,-,-,-,-,SCV006279875,-,-
4175161,single nucleotide variant,NM_000352.6(ABCC8):c.1923+3G>T,6833,ABCC8,HGNC:59,Uncertain significance,0,"Apr 11, 2025",-1,-,RCV005605482,-,Hereditary hyperinsulinism,germline,germline,GRCh37,NC_000011.9,11,17450109,17450109,na,na,11p15.1,no assertion criteria provided,1,-,N,-,2,4059972,17450109,C,A,-,-,-,-,-,-,SCV006283115,-,-
4175161,single nucleotide variant,NM_000352.6(ABCC8):c.1923+3G>T,6833,ABCC8,HGNC:59,Uncertain significance,0,"Apr 11, 2025",-1,-,RCV005605482,-,Hereditary hyperinsulinism,germline,germline,GRCh38,NC_000011.10,11,17428562,17428562,na,na,11p15.1,no assertion criteria provided,1,-,N,-,2,4059972,17428562,C,A,-,-,-,-,-,-,SCV006283115,-,-
4175303,single nucleotide variant,NM_000352.6(ABCC8):c.1195A>C (p.Ile399Leu),6833,ABCC8,HGNC:59,Uncertain significance,0,"Mar 21, 2025",-1,-,RCV005609984,-,Hereditary hyperinsulinism,germline,germline,GRCh37,NC_000011.9,11,17470200,17470200,na,na,11p15.1,no assertion criteria provided,1,-,N,-,2,4061433,17470200,T,G,-,-,-,-,-,-,SCV006287200,-,-
4175303,single nucleotide variant,NM_000352.6(ABCC8):c.1195A>C (p.Ile399Leu),6833,ABCC8,HGNC:59,Uncertain significance,0,"Mar 21, 2025",-1,-,RCV005609984,-,Hereditary hyperinsulinism,germline,germline,GRCh38,NC_000011.10,11,17448653,17448653,na,na,11p15.1,no assertion criteria provided,1,-,N,-,2,4061433,17448653,T,G,-,-,-,-,-,-,SCV006287200,-,-
4175384,single nucleotide variant,NM_000352.6(ABCC8):c.23G>T (p.Ser8Ile),6833,ABCC8,HGNC:59,Uncertain significance,0,"Mar 18, 2025",-1,-,RCV005610056,-,Hereditary hyperinsulinism,germline,germline,GRCh37,NC_000011.9,11,17498301,17498301,na,na,11p15.1,no assertion criteria provided,1,-,N,-,2,4061514,17498301,C,A,-,-,-,-,-,-,SCV006282742,-,-
4175384,single nucleotide variant,NM_000352.6(ABCC8):c.23G>T (p.Ser8Ile),6833,ABCC8,HGNC:59,Uncertain significance,0,"Mar 18, 2025",-1,-,RCV005610056,-,Hereditary hyperinsulinism,germline,germline,GRCh38,NC_000011.10,11,17476754,17476754,na,na,11p15.1,no assertion criteria provided,1,-,N,-,2,4061514,17476754,C,A,-,-,-,-,-,-,SCV006282742,-,-
4175464,single nucleotide variant,NM_000352.6(ABCC8):c.2779T>A (p.Trp927Arg),6833,ABCC8,HGNC:59,Uncertain significance,0,"Mar 18, 2025",-1,-,RCV005611620,-,Hereditary hyperinsulinism,germline,germline,GRCh37,NC_000011.9,11,17429980,17429980,na,na,11p15.1,no assertion criteria provided,1,-,N,-,2,4061594,17429980,A,T,-,-,-,-,-,-,SCV006285222,-,-
4175464,single nucleotide variant,NM_000352.6(ABCC8):c.2779T>A (p.Trp927Arg),6833,ABCC8,HGNC:59,Uncertain significance,0,"Mar 18, 2025",-1,-,RCV005611620,-,Hereditary hyperinsulinism,germline,germline,GRCh38,NC_000011.10,11,17408433,17408433,na,na,11p15.1,no assertion criteria provided,1,-,N,-,2,4061594,17408433,A,T,-,-,-,-,-,-,SCV006285222,-,-
4175551,single nucleotide variant,NM_000352.6(ABCC8):c.2162C>T (p.Ser721Leu),6833,ABCC8,HGNC:59,Uncertain significance,0,"Nov 12, 2025",-1,-,RCV005612814|RCV006270035,|MedGen:CN169374,Hereditary hyperinsulinism|not specified,germline,germline,GRCh37,NC_000011.9,11,17448656,17448656,na,na,11p15.1,"criteria provided, single submitter",2,-,N,-,2,4061681,17448656,G,A,-,-,-,-,-,-,SCV007123551,-,-
4175551,single nucleotide variant,NM_000352.6(ABCC8):c.2162C>T (p.Ser721Leu),6833,ABCC8,HGNC:59,Uncertain significance,0,"Nov 12, 2025",-1,-,RCV005612814|RCV006270035,|MedGen:CN169374,Hereditary hyperinsulinism|not specified,germline,germline,GRCh38,NC_000011.10,11,17427109,17427109,na,na,11p15.1,"criteria provided, single submitter",2,-,N,-,2,4061681,17427109,G,A,-,-,-,-,-,-,SCV007123551,-,-
4175628,Deletion,NM_000352.6(ABCC8):c.2409del (p.Ala804fs),6833,ABCC8,HGNC:59,Likely pathogenic,1,"Mar 17, 2025",-1,-,RCV005611745,-,Hereditary hyperinsulinism,germline,germline,GRCh37,NC_000011.9,11,17435007,17435007,na,na,11p15.1,no assertion criteria provided,1,-,N,-,2,4061758,17435006,CT,C,-,-,-,-,-,-,SCV006288477,-,-
4175628,Deletion,NM_000352.6(ABCC8):c.2409del (p.Ala804fs),6833,ABCC8,HGNC:59,Likely pathogenic,1,"Mar 17, 2025",-1,-,RCV005611745,-,Hereditary hyperinsulinism,germline,germline,GRCh38,NC_000011.10,11,17413460,17413460,na,na,11p15.1,no assertion criteria provided,1,-,N,-,2,4061758,17413459,CT,C,-,-,-,-,-,-,SCV006288477,-,-
4175672,single nucleotide variant,NM_000352.6(ABCC8):c.4668C>T (p.Ile1556=),6833,ABCC8,HGNC:59,Uncertain significance,0,"Feb 20, 2025",-1,-,RCV005608398,-,Hereditary hyperinsulinism,germline,germline,GRCh37,NC_000011.9,11,17414616,17414616,na,na,11p15.1,no assertion criteria provided,1,-,N,-,2,4063120,17414616,G,A,-,-,-,-,-,-,SCV006282116,-,-
4175672,single nucleotide variant,NM_000352.6(ABCC8):c.4668C>T (p.Ile1556=),6833,ABCC8,HGNC:59,Uncertain significance,0,"Feb 20, 2025",-1,-,RCV005608398,-,Hereditary hyperinsulinism,germline,germline,GRCh38,NC_000011.10,11,17393069,17393069,na,na,11p15.1,no assertion criteria provided,1,-,N,-,2,4063120,17393069,G,A,-,-,-,-,-,-,SCV006282116,-,-
4175746,single nucleotide variant,NM_000352.6(ABCC8):c.457A>G (p.Lys153Glu),6833,ABCC8,HGNC:59,Uncertain significance,0,"Feb 20, 2025",-1,-,RCV005608465,-,Hereditary hyperinsulinism,germline,germline,GRCh37,NC_000011.9,11,17485107,17485107,na,na,11p15.1,no assertion criteria provided,1,-,N,-,2,4063194,17485107,T,C,-,-,-,-,-,-,SCV006287945,-,-
4175746,single nucleotide variant,NM_000352.6(ABCC8):c.457A>G (p.Lys153Glu),6833,ABCC8,HGNC:59,Uncertain significance,0,"Feb 20, 2025",-1,-,RCV005608465,-,Hereditary hyperinsulinism,germline,germline,GRCh38,NC_000011.10,11,17463560,17463560,na,na,11p15.1,no assertion criteria provided,1,-,N,-,2,4063194,17463560,T,C,-,-,-,-,-,-,SCV006287945,-,-
4175897,single nucleotide variant,NM_000352.6(ABCC8):c.1718C>T (p.Pro573Leu),6833,ABCC8,HGNC:59,Uncertain significance,0,"Feb 18, 2025",-1,-,RCV005608585,-,Hereditary hyperinsulinism,germline,germline,GRCh37,NC_000011.9,11,17452460,17452460,na,na,11p15.1,no assertion criteria provided,1,-,N,-,2,4063346,17452460,G,A,-,-,-,-,-,-,SCV006280244,-,-
4175897,single nucleotide variant,NM_000352.6(ABCC8):c.1718C>T (p.Pro573Leu),6833,ABCC8,HGNC:59,Uncertain significance,0,"Feb 18, 2025",-1,-,RCV005608585,-,Hereditary hyperinsulinism,germline,germline,GRCh38,NC_000011.10,11,17430913,17430913,na,na,11p15.1,no assertion criteria provided,1,-,N,-,2,4063346,17430913,G,A,-,-,-,-,-,-,SCV006280244,-,-
4175927,single nucleotide variant,NM_000352.6(ABCC8):c.2117G>C (p.Gly706Ala),6833,ABCC8,HGNC:59,Uncertain significance,0,"Feb 18, 2025",-1,-,RCV005610102,-,Hereditary hyperinsulinism,germline,germline,GRCh37,NC_000011.9,11,17448701,17448701,na,na,11p15.1,no assertion criteria provided,1,-,N,-,2,4063376,17448701,C,G,-,-,-,-,-,-,SCV006280292,-,-
4175927,single nucleotide variant,NM_000352.6(ABCC8):c.2117G>C (p.Gly706Ala),6833,ABCC8,HGNC:59,Uncertain significance,0,"Feb 18, 2025",-1,-,RCV005610102,-,Hereditary hyperinsulinism,germline,germline,GRCh38,NC_000011.10,11,17427154,17427154,na,na,11p15.1,no assertion criteria provided,1,-,N,-,2,4063376,17427154,C,G,-,-,-,-,-,-,SCV006280292,-,-
4175931,single nucleotide variant,NM_000352.6(ABCC8):c.4244A>C (p.His1415Pro),6833,ABCC8,HGNC:59,Uncertain significance,0,"Feb 17, 2025",-1,-,RCV005610106,-,Hereditary hyperinsulinism,germline,germline,GRCh37,NC_000011.9,11,17417220,17417220,na,na,11p15.1,no assertion criteria provided,1,-,N,-,2,4063380,17417220,T,G,-,-,-,-,-,-,SCV006280303,-,-
4175931,single nucleotide variant,NM_000352.6(ABCC8):c.4244A>C (p.His1415Pro),6833,ABCC8,HGNC:59,Uncertain significance,0,"Feb 17, 2025",-1,-,RCV005610106,-,Hereditary hyperinsulinism,germline,germline,GRCh38,NC_000011.10,11,17395673,17395673,na,na,11p15.1,no assertion criteria provided,1,-,N,-,2,4063380,17395673,T,G,-,-,-,-,-,-,SCV006280303,-,-
4175935,single nucleotide variant,NM_000352.6(ABCC8):c.3506C>T (p.Pro1169Leu),6833,ABCC8,HGNC:59,Uncertain significance,0,"Feb 17, 2025",-1,-,RCV005610110,-,Hereditary hyperinsulinism,germline,germline,GRCh37,NC_000011.9,11,17426110,17426110,na,na,11p15.1,no assertion criteria provided,1,-,N,-,2,4063384,17426110,G,A,-,-,-,-,-,-,SCV006283426,-,-
4175935,single nucleotide variant,NM_000352.6(ABCC8):c.3506C>T (p.Pro1169Leu),6833,ABCC8,HGNC:59,Uncertain significance,0,"Feb 17, 2025",-1,-,RCV005610110,-,Hereditary hyperinsulinism,germline,germline,GRCh38,NC_000011.10,11,17404563,17404563,na,na,11p15.1,no assertion criteria provided,1,-,N,-,2,4063384,17404563,G,A,-,-,-,-,-,-,SCV006283426,-,-
4175940,single nucleotide variant,NM_000352.6(ABCC8):c.1101A>G (p.Leu367=),6833,ABCC8,HGNC:59,Uncertain significance,0,"Feb 17, 2025",-1,-,RCV005610115,-,Hereditary hyperinsulinism,germline,germline,GRCh37,NC_000011.9,11,17474741,17474741,na,na,11p15.1,no assertion criteria provided,1,-,N,-,2,4063389,17474741,T,C,-,-,-,-,-,-,SCV006283448,-,-
4175940,single nucleotide variant,NM_000352.6(ABCC8):c.1101A>G (p.Leu367=),6833,ABCC8,HGNC:59,Uncertain significance,0,"Feb 17, 2025",-1,-,RCV005610115,-,Hereditary hyperinsulinism,germline,germline,GRCh38,NC_000011.10,11,17453194,17453194,na,na,11p15.1,no assertion criteria provided,1,-,N,-,2,4063389,17453194,T,C,-,-,-,-,-,-,SCV006283448,-,-
4175943,single nucleotide variant,NM_000352.6(ABCC8):c.3516C>G (p.Ile1172Met),6833,ABCC8,HGNC:59,Uncertain significance,0,"Feb 16, 2025",-1,-,RCV005610118,-,Hereditary hyperinsulinism,germline,germline,GRCh37,NC_000011.9,11,17426100,17426100,na,na,11p15.1,no assertion criteria provided,1,-,N,-,2,4063392,17426100,G,C,-,-,-,-,-,-,SCV006283459,-,-
4175943,single nucleotide variant,NM_000352.6(ABCC8):c.3516C>G (p.Ile1172Met),6833,ABCC8,HGNC:59,Uncertain significance,0,"Feb 16, 2025",-1,-,RCV005610118,-,Hereditary hyperinsulinism,germline,germline,GRCh38,NC_000011.10,11,17404553,17404553,na,na,11p15.1,no assertion criteria provided,1,-,N,-,2,4063392,17404553,G,C,-,-,-,-,-,-,SCV006283459,-,-
4175946,single nucleotide variant,NM_000352.6(ABCC8):c.2188A>C (p.Met730Leu),6833,ABCC8,HGNC:59,Uncertain significance,0,"Feb 13, 2025",-1,-,RCV005610121,-,Hereditary hyperinsulinism,germline,germline,GRCh37,NC_000011.9,11,17448630,17448630,na,na,11p15.1,no assertion criteria provided,1,-,N,-,2,4063395,17448630,T,G,-,-,-,-,-,-,SCV006283470,-,-
4175946,single nucleotide variant,NM_000352.6(ABCC8):c.2188A>C (p.Met730Leu),6833,ABCC8,HGNC:59,Uncertain significance,0,"Feb 13, 2025",-1,-,RCV005610121,-,Hereditary hyperinsulinism,germline,germline,GRCh38,NC_000011.10,11,17427083,17427083,na,na,11p15.1,no assertion criteria provided,1,-,N,-,2,4063395,17427083,T,G,-,-,-,-,-,-,SCV006283470,-,-
4175953,single nucleotide variant,NM_000352.6(ABCC8):c.188G>A (p.Ser63Asn),6833,ABCC8,HGNC:59,Uncertain significance,0,"Feb 13, 2025",-1,-,RCV005610128,-,Hereditary hyperinsulinism,germline,germline,GRCh37,NC_000011.9,11,17496535,17496535,na,na,11p15.1,no assertion criteria provided,1,-,N,-,2,4063402,17496535,C,T,-,-,-,-,-,-,SCV006283482,-,-
4175953,single nucleotide variant,NM_000352.6(ABCC8):c.188G>A (p.Ser63Asn),6833,ABCC8,HGNC:59,Uncertain significance,0,"Feb 13, 2025",-1,-,RCV005610128,-,Hereditary hyperinsulinism,germline,germline,GRCh38,NC_000011.10,11,17474988,17474988,na,na,11p15.1,no assertion criteria provided,1,-,N,-,2,4063402,17474988,C,T,-,-,-,-,-,-,SCV006283482,-,-
4175957,single nucleotide variant,NM_000352.6(ABCC8):c.1009A>G (p.Lys337Glu),6833,ABCC8,HGNC:59,Uncertain significance,0,"Feb 12, 2025",-1,-,RCV005610132,-,Hereditary hyperinsulinism,germline,germline,GRCh37,NC_000011.9,11,17482037,17482037,na,na,11p15.1,no assertion criteria provided,1,-,N,-,2,4063406,17482037,T,C,-,-,-,-,-,-,SCV006283493,-,-
4175957,single nucleotide variant,NM_000352.6(ABCC8):c.1009A>G (p.Lys337Glu),6833,ABCC8,HGNC:59,Uncertain significance,0,"Feb 12, 2025",-1,-,RCV005610132,-,Hereditary hyperinsulinism,germline,germline,GRCh38,NC_000011.10,11,17460490,17460490,na,na,11p15.1,no assertion criteria provided,1,-,N,-,2,4063406,17460490,T,C,-,-,-,-,-,-,SCV006283493,-,-
4175964,single nucleotide variant,NM_000352.6(ABCC8):c.591C>T (p.Phe197=),6833,ABCC8,HGNC:59,Uncertain significance,0,"Feb 10, 2025",-1,-,RCV005610139,-,Hereditary hyperinsulinism,germline,germline,GRCh37,NC_000011.9,11,17483361,17483361,na,na,11p15.1,no assertion criteria provided,1,-,N,-,2,4063413,17483361,G,A,-,-,-,-,-,-,SCV006283515,-,-
4175964,single nucleotide variant,NM_000352.6(ABCC8):c.591C>T (p.Phe197=),6833,ABCC8,HGNC:59,Uncertain significance,0,"Feb 10, 2025",-1,-,RCV005610139,-,Hereditary hyperinsulinism,germline,germline,GRCh38,NC_000011.10,11,17461814,17461814,na,na,11p15.1,no assertion criteria provided,1,-,N,-,2,4063413,17461814,G,A,-,-,-,-,-,-,SCV006283515,-,-
4175971,single nucleotide variant,NM_000352.6(ABCC8):c.3512C>T (p.Ala1171Val),6833,ABCC8,HGNC:59,Uncertain significance,0,"Feb 09, 2025",-1,-,RCV005610146,-,Hereditary hyperinsulinism,germline,germline,GRCh37,NC_000011.9,11,17426104,17426104,na,na,11p15.1,no assertion criteria provided,1,-,N,-,2,4063420,17426104,G,A,-,-,-,-,-,-,SCV006283526,-,-
4175971,single nucleotide variant,NM_000352.6(ABCC8):c.3512C>T (p.Ala1171Val),6833,ABCC8,HGNC:59,Uncertain significance,0,"Feb 09, 2025",-1,-,RCV005610146,-,Hereditary hyperinsulinism,germline,germline,GRCh38,NC_000011.10,11,17404557,17404557,na,na,11p15.1,no assertion criteria provided,1,-,N,-,2,4063420,17404557,G,A,-,-,-,-,-,-,SCV006283526,-,-
4175988,single nucleotide variant,NM_000352.6(ABCC8):c.1571C>A (p.Thr524Lys),6833,ABCC8,HGNC:59,Uncertain significance,0,"Feb 06, 2025",-1,-,RCV005610163,-,Hereditary hyperinsulinism,germline,germline,GRCh37,NC_000011.9,11,17464326,17464326,na,na,11p15.1,no assertion criteria provided,1,-,N,-,2,4063437,17464326,G,T,-,-,-,-,-,-,SCV006283548,-,-
4175988,single nucleotide variant,NM_000352.6(ABCC8):c.1571C>A (p.Thr524Lys),6833,ABCC8,HGNC:59,Uncertain significance,0,"Feb 06, 2025",-1,-,RCV005610163,-,Hereditary hyperinsulinism,germline,germline,GRCh38,NC_000011.10,11,17442779,17442779,na,na,11p15.1,no assertion criteria provided,1,-,N,-,2,4063437,17442779,G,T,-,-,-,-,-,-,SCV006283548,-,-
4175997,single nucleotide variant,NM_000352.6(ABCC8):c.1867C>A (p.Gln623Lys),6833,ABCC8,HGNC:59,Uncertain significance,0,"Feb 04, 2025",-1,-,RCV005610172,-,Hereditary hyperinsulinism,germline,germline,GRCh37,NC_000011.9,11,17450168,17450168,na,na,11p15.1,no assertion criteria provided,1,-,N,-,2,4063446,17450168,G,T,-,-,-,-,-,-,SCV006283559,-,-
4175997,single nucleotide variant,NM_000352.6(ABCC8):c.1867C>A (p.Gln623Lys),6833,ABCC8,HGNC:59,Uncertain significance,0,"Feb 04, 2025",-1,-,RCV005610172,-,Hereditary hyperinsulinism,germline,germline,GRCh38,NC_000011.10,11,17428621,17428621,na,na,11p15.1,no assertion criteria provided,1,-,N,-,2,4063446,17428621,G,T,-,-,-,-,-,-,SCV006283559,-,-
4176005,single nucleotide variant,NM_000352.6(ABCC8):c.3206T>C (p.Val1069Ala),6833,ABCC8,HGNC:59,Uncertain significance,0,"Feb 04, 2025",-1,-,RCV005610180,-,Hereditary hyperinsulinism,germline,germline,GRCh37,NC_000011.9,11,17428292,17428292,na,na,11p15.1,no assertion criteria provided,1,-,N,-,2,4063454,17428292,A,G,-,-,-,-,-,-,SCV006283570,-,-
4176005,single nucleotide variant,NM_000352.6(ABCC8):c.3206T>C (p.Val1069Ala),6833,ABCC8,HGNC:59,Uncertain significance,0,"Feb 04, 2025",-1,-,RCV005610180,-,Hereditary hyperinsulinism,germline,germline,GRCh38,NC_000011.10,11,17406745,17406745,na,na,11p15.1,no assertion criteria provided,1,-,N,-,2,4063454,17406745,A,G,-,-,-,-,-,-,SCV006283570,-,-
4176013,single nucleotide variant,NM_000352.6(ABCC8):c.1340T>A (p.Val447Glu),6833,ABCC8,HGNC:59,Uncertain significance,0,"Feb 02, 2025",-1,-,RCV005610188,-,Hereditary hyperinsulinism,germline,germline,GRCh37,NC_000011.9,11,17464852,17464852,na,na,11p15.1,no assertion criteria provided,1,-,N,-,2,4063462,17464852,A,T,-,-,-,-,-,-,SCV006283581,-,-
4176013,single nucleotide variant,NM_000352.6(ABCC8):c.1340T>A (p.Val447Glu),6833,ABCC8,HGNC:59,Uncertain significance,0,"Feb 02, 2025",-1,-,RCV005610188,-,Hereditary hyperinsulinism,germline,germline,GRCh38,NC_000011.10,11,17443305,17443305,na,na,11p15.1,no assertion criteria provided,1,-,N,-,2,4063462,17443305,A,T,-,-,-,-,-,-,SCV006283581,-,-
4176020,single nucleotide variant,NM_000352.6(ABCC8):c.1538C>T (p.Ala513Val),6833,ABCC8,HGNC:59,Uncertain significance,0,"Jan 31, 2025",-1,-,RCV005610195,-,Hereditary hyperinsulinism,germline,germline,GRCh37,NC_000011.9,11,17464359,17464359,na,na,11p15.1,no assertion criteria provided,1,-,N,-,2,4063469,17464359,G,A,-,-,-,-,-,-,SCV006285973,-,-
4176020,single nucleotide variant,NM_000352.6(ABCC8):c.1538C>T (p.Ala513Val),6833,ABCC8,HGNC:59,Uncertain significance,0,"Jan 31, 2025",-1,-,RCV005610195,-,Hereditary hyperinsulinism,germline,germline,GRCh38,NC_000011.10,11,17442812,17442812,na,na,11p15.1,no assertion criteria provided,1,-,N,-,2,4063469,17442812,G,A,-,-,-,-,-,-,SCV006285973,-,-
4176036,single nucleotide variant,NM_000352.6(ABCC8):c.322A>G (p.Met108Val),6833,ABCC8,HGNC:59,Uncertain significance,0,"Jan 29, 2025",-1,-,RCV005610211,-,Hereditary hyperinsulinism,germline,germline,GRCh37,NC_000011.9,11,17491738,17491738,na,na,11p15.1,no assertion criteria provided,1,-,N,-,2,4063485,17491738,T,C,-,-,-,-,-,-,SCV006285995,-,-
4176036,single nucleotide variant,NM_000352.6(ABCC8):c.322A>G (p.Met108Val),6833,ABCC8,HGNC:59,Uncertain significance,0,"Jan 29, 2025",-1,-,RCV005610211,-,Hereditary hyperinsulinism,germline,germline,GRCh38,NC_000011.10,11,17470191,17470191,na,na,11p15.1,no assertion criteria provided,1,-,N,-,2,4063485,17470191,T,C,-,-,-,-,-,-,SCV006285995,-,-
4176049,single nucleotide variant,NM_000352.6(ABCC8):c.2964G>A (p.Met988Ile),6833,ABCC8,HGNC:59,Uncertain significance,0,"Jan 27, 2025",-1,-,RCV005610224,-,Hereditary hyperinsulinism,germline,germline,GRCh37,NC_000011.9,11,17428633,17428633,na,na,11p15.1,no assertion criteria provided,1,-,N,-,2,4063498,17428633,C,T,-,-,-,-,-,-,SCV006286017,-,-
4176049,single nucleotide variant,NM_000352.6(ABCC8):c.2964G>A (p.Met988Ile),6833,ABCC8,HGNC:59,Uncertain significance,0,"Jan 27, 2025",-1,-,RCV005610224,-,Hereditary hyperinsulinism,germline,germline,GRCh38,NC_000011.10,11,17407086,17407086,na,na,11p15.1,no assertion criteria provided,1,-,N,-,2,4063498,17407086,C,T,-,-,-,-,-,-,SCV006286017,-,-
4176057,single nucleotide variant,NM_000352.6(ABCC8):c.805G>A (p.Ala269Thr),6833,ABCC8,HGNC:59,Uncertain significance,0,"Jan 26, 2025",-1,-,RCV005610232,-,Hereditary hyperinsulinism,germline,germline,GRCh37,NC_000011.9,11,17483147,17483147,na,na,11p15.1,no assertion criteria provided,1,-,N,-,2,4063506,17483147,C,T,-,-,-,-,-,-,SCV006286028,-,-
4176057,single nucleotide variant,NM_000352.6(ABCC8):c.805G>A (p.Ala269Thr),6833,ABCC8,HGNC:59,Uncertain significance,0,"Jan 26, 2025",-1,-,RCV005610232,-,Hereditary hyperinsulinism,germline,germline,GRCh38,NC_000011.10,11,17461600,17461600,na,na,11p15.1,no assertion criteria provided,1,-,N,-,2,4063506,17461600,C,T,-,-,-,-,-,-,SCV006286028,-,-
4176065,single nucleotide variant,NM_000352.6(ABCC8):c.1430T>G (p.Val477Gly),6833,ABCC8,HGNC:59,Uncertain significance,0,"Jan 21, 2025",-1,-,RCV005610240,-,Hereditary hyperinsulinism,germline,germline,GRCh37,NC_000011.9,11,17464762,17464762,na,na,11p15.1,no assertion criteria provided,1,-,N,-,2,4063514,17464762,A,C,-,-,-,-,-,-,SCV006286039,-,-
4176065,single nucleotide variant,NM_000352.6(ABCC8):c.1430T>G (p.Val477Gly),6833,ABCC8,HGNC:59,Uncertain significance,0,"Jan 21, 2025",-1,-,RCV005610240,-,Hereditary hyperinsulinism,germline,germline,GRCh38,NC_000011.10,11,17443215,17443215,na,na,11p15.1,no assertion criteria provided,1,-,N,-,2,4063514,17443215,A,C,-,-,-,-,-,-,SCV006286039,-,-
4176080,single nucleotide variant,NM_000352.6(ABCC8):c.4495A>G (p.Thr1499Ala),6833,ABCC8,HGNC:59,Uncertain significance,0,"Jan 17, 2025",-1,-,RCV005610255,-,Hereditary hyperinsulinism,germline,germline,GRCh37,NC_000011.9,11,17415863,17415863,na,na,11p15.1,no assertion criteria provided,1,-,N,-,2,4063529,17415863,T,C,-,-,-,-,-,-,SCV006286061,-,-
4176080,single nucleotide variant,NM_000352.6(ABCC8):c.4495A>G (p.Thr1499Ala),6833,ABCC8,HGNC:59,Uncertain significance,0,"Jan 17, 2025",-1,-,RCV005610255,-,Hereditary hyperinsulinism,germline,germline,GRCh38,NC_000011.10,11,17394316,17394316,na,na,11p15.1,no assertion criteria provided,1,-,N,-,2,4063529,17394316,T,C,-,-,-,-,-,-,SCV006286061,-,-
4176085,single nucleotide variant,NM_000352.6(ABCC8):c.2548G>A (p.Val850Ile),6833,ABCC8,HGNC:59,Uncertain significance,0,"Jan 17, 2025",-1,-,RCV005610260,-,Hereditary hyperinsulinism,germline,germline,GRCh37,NC_000011.9,11,17434221,17434221,na,na,11p15.1,no assertion criteria provided,1,-,N,-,2,4063534,17434221,C,T,-,-,-,-,-,-,SCV006286072,-,-
4176085,single nucleotide variant,NM_000352.6(ABCC8):c.2548G>A (p.Val850Ile),6833,ABCC8,HGNC:59,Uncertain significance,0,"Jan 17, 2025",-1,-,RCV005610260,-,Hereditary hyperinsulinism,germline,germline,GRCh38,NC_000011.10,11,17412674,17412674,na,na,11p15.1,no assertion criteria provided,1,-,N,-,2,4063534,17412674,C,T,-,-,-,-,-,-,SCV006286072,-,-
4176093,single nucleotide variant,NM_000352.6(ABCC8):c.1994G>T (p.Ser665Ile),6833,ABCC8,HGNC:59,Uncertain significance,0,"Jan 16, 2025",-1,-,RCV005610268,-,Hereditary hyperinsulinism,germline,germline,GRCh37,NC_000011.9,11,17449882,17449882,na,na,11p15.1,no assertion criteria provided,1,-,N,-,2,4063542,17449882,C,A,-,-,-,-,-,-,SCV006289087,-,-
4176093,single nucleotide variant,NM_000352.6(ABCC8):c.1994G>T (p.Ser665Ile),6833,ABCC8,HGNC:59,Uncertain significance,0,"Jan 16, 2025",-1,-,RCV005610268,-,Hereditary hyperinsulinism,germline,germline,GRCh38,NC_000011.10,11,17428335,17428335,na,na,11p15.1,no assertion criteria provided,1,-,N,-,2,4063542,17428335,C,A,-,-,-,-,-,-,SCV006289087,-,-
4177244,single nucleotide variant,NM_000352.6(ABCC8):c.776C>T (p.Ala259Val),6833,ABCC8,HGNC:59,Uncertain significance,0,"May 30, 2025",-1,-,RCV005616048,-,Hereditary hyperinsulinism,germline,germline,GRCh37,NC_000011.9,11,17483176,17483176,na,na,11p15.1,no assertion criteria provided,1,-,N,-,2,4068679,17483176,G,A,-,-,-,-,-,-,SCV006293669,-,-
4177244,single nucleotide variant,NM_000352.6(ABCC8):c.776C>T (p.Ala259Val),6833,ABCC8,HGNC:59,Uncertain significance,0,"May 30, 2025",-1,-,RCV005616048,-,Hereditary hyperinsulinism,germline,germline,GRCh38,NC_000011.10,11,17461629,17461629,na,na,11p15.1,no assertion criteria provided,1,-,N,-,2,4068679,17461629,G,A,-,-,-,-,-,-,SCV006293669,-,-
4177334,single nucleotide variant,NM_000352.6(ABCC8):c.3330-4T>A,6833,ABCC8,HGNC:59,Uncertain significance,0,"May 30, 2025",-1,-,RCV005616138,-,Hereditary hyperinsulinism,germline,germline,GRCh37,NC_000011.9,11,17427114,17427114,na,na,11p15.1,no assertion criteria provided,1,-,N,-,2,4068769,17427114,A,T,-,-,-,-,-,-,SCV006292355,-,-
4177334,single nucleotide variant,NM_000352.6(ABCC8):c.3330-4T>A,6833,ABCC8,HGNC:59,Uncertain significance,0,"May 30, 2025",-1,-,RCV005616138,-,Hereditary hyperinsulinism,germline,germline,GRCh38,NC_000011.10,11,17405567,17405567,na,na,11p15.1,no assertion criteria provided,1,-,N,-,2,4068769,17405567,A,T,-,-,-,-,-,-,SCV006292355,-,-
4177445,single nucleotide variant,NM_000352.6(ABCC8):c.2504A>G (p.Gln835Arg),6833,ABCC8,HGNC:59,Uncertain significance,0,"May 12, 2025",-1,-,RCV005614285,-,Hereditary hyperinsulinism,germline,germline,GRCh37,NC_000011.9,11,17434265,17434265,na,na,11p15.1,no assertion criteria provided,1,-,N,-,2,4070200,17434265,T,C,-,-,-,-,-,-,SCV006293331,-,-
4177445,single nucleotide variant,NM_000352.6(ABCC8):c.2504A>G (p.Gln835Arg),6833,ABCC8,HGNC:59,Uncertain significance,0,"May 12, 2025",-1,-,RCV005614285,-,Hereditary hyperinsulinism,germline,germline,GRCh38,NC_000011.10,11,17412718,17412718,na,na,11p15.1,no assertion criteria provided,1,-,N,-,2,4070200,17412718,T,C,-,-,-,-,-,-,SCV006293331,-,-
4177591,single nucleotide variant,NM_000352.6(ABCC8):c.3631A>C (p.Thr1211Pro),6833,ABCC8,HGNC:59,Uncertain significance,0,"Apr 14, 2025",-1,-,RCV005609521,-,Hereditary hyperinsulinism,germline,germline,GRCh37,NC_000011.9,11,17424227,17424227,na,na,11p15.1,no assertion criteria provided,1,-,N,-,2,4059214,17424227,T,G,-,-,-,-,-,-,SCV006280574,-,-
4177591,single nucleotide variant,NM_000352.6(ABCC8):c.3631A>C (p.Thr1211Pro),6833,ABCC8,HGNC:59,Uncertain significance,0,"Apr 14, 2025",-1,-,RCV005609521,-,Hereditary hyperinsulinism,germline,germline,GRCh38,NC_000011.10,11,17402680,17402680,na,na,11p15.1,no assertion criteria provided,1,-,N,-,2,4059214,17402680,T,G,-,-,-,-,-,-,SCV006280574,-,-
4177660,single nucleotide variant,NM_000352.6(ABCC8):c.1936G>C (p.Val646Leu),6833,ABCC8,HGNC:59,Uncertain significance,0,"Apr 14, 2025",-1,-,RCV005609590,-,Hereditary hyperinsulinism,germline,germline,GRCh37,NC_000011.9,11,17449940,17449940,na,na,11p15.1,no assertion criteria provided,1,-,N,-,2,4059283,17449940,C,G,-,-,-,-,-,-,SCV006283781,-,-
4177660,single nucleotide variant,NM_000352.6(ABCC8):c.1936G>C (p.Val646Leu),6833,ABCC8,HGNC:59,Uncertain significance,0,"Apr 14, 2025",-1,-,RCV005609590,-,Hereditary hyperinsulinism,germline,germline,GRCh38,NC_000011.10,11,17428393,17428393,na,na,11p15.1,no assertion criteria provided,1,-,N,-,2,4059283,17428393,C,G,-,-,-,-,-,-,SCV006283781,-,-
4177741,single nucleotide variant,NM_000352.6(ABCC8):c.2865A>G (p.Leu955=),6833,ABCC8,HGNC:59,Uncertain significance,0,"Apr 14, 2025",-1,-,RCV005611157,-,Hereditary hyperinsulinism,germline,germline,GRCh37,NC_000011.9,11,17428956,17428956,na,na,11p15.1,no assertion criteria provided,1,-,N,-,2,4059364,17428956,T,C,-,-,-,-,-,-,SCV006286277,-,-
4177741,single nucleotide variant,NM_000352.6(ABCC8):c.2865A>G (p.Leu955=),6833,ABCC8,HGNC:59,Uncertain significance,0,"Apr 14, 2025",-1,-,RCV005611157,-,Hereditary hyperinsulinism,germline,germline,GRCh38,NC_000011.10,11,17407409,17407409,na,na,11p15.1,no assertion criteria provided,1,-,N,-,2,4059364,17407409,T,C,-,-,-,-,-,-,SCV006286277,-,-
4177827,single nucleotide variant,NM_000352.6(ABCC8):c.148+9G>T,6833,ABCC8,HGNC:59,Uncertain significance,0,"Apr 14, 2025",-1,-,RCV005611243,-,Hereditary hyperinsulinism,germline,germline,GRCh37,NC_000011.9,11,17498167,17498167,na,na,11p15.1,no assertion criteria provided,1,-,N,-,2,4059450,17498167,C,A,-,-,-,-,-,-,SCV006286388,-,-
4177827,single nucleotide variant,NM_000352.6(ABCC8):c.148+9G>T,6833,ABCC8,HGNC:59,Uncertain significance,0,"Apr 14, 2025",-1,-,RCV005611243,-,Hereditary hyperinsulinism,germline,germline,GRCh38,NC_000011.10,11,17476620,17476620,na,na,11p15.1,no assertion criteria provided,1,-,N,-,2,4059450,17476620,C,A,-,-,-,-,-,-,SCV006286388,-,-
4177910,single nucleotide variant,NM_000352.6(ABCC8):c.2475+5G>A,6833,ABCC8,HGNC:59,Uncertain significance,0,"Apr 13, 2025",-1,-,RCV005618791,-,Hereditary hyperinsulinism,germline,germline,GRCh37,NC_000011.9,11,17434936,17434936,na,na,11p15.1,no assertion criteria provided,1,-,N,-,2,4059533,17434936,C,T,-,-,-,-,-,-,SCV006289472,-,-
4177910,single nucleotide variant,NM_000352.6(ABCC8):c.2475+5G>A,6833,ABCC8,HGNC:59,Uncertain significance,0,"Apr 13, 2025",-1,-,RCV005618791,-,Hereditary hyperinsulinism,germline,germline,GRCh38,NC_000011.10,11,17413389,17413389,na,na,11p15.1,no assertion criteria provided,1,-,N,-,2,4059533,17413389,C,T,-,-,-,-,-,-,SCV006289472,-,-
4177991,single nucleotide variant,NM_000352.6(ABCC8):c.4221T>C (p.Ile1407=),6833,ABCC8,HGNC:59,Likely benign,0,"Dec 06, 2025",-1,-,RCV005608078|RCV006484812,|MedGen:C3661900,Hereditary hyperinsulinism|not provided,germline,germline,GRCh37,NC_000011.9,11,17417243,17417243,na,na,11p15.1,"criteria provided, single submitter",2,-,N,-,2,4060929,17417243,A,G,-,-,-,-,-,-,SCV007396670,-,-
4177991,single nucleotide variant,NM_000352.6(ABCC8):c.4221T>C (p.Ile1407=),6833,ABCC8,HGNC:59,Likely benign,0,"Dec 06, 2025",-1,-,RCV005608078|RCV006484812,|MedGen:C3661900,Hereditary hyperinsulinism|not provided,germline,germline,GRCh38,NC_000011.10,11,17395696,17395696,na,na,11p15.1,"criteria provided, single submitter",2,-,N,-,2,4060929,17395696,A,G,-,-,-,-,-,-,SCV007396670,-,-
4178067,single nucleotide variant,NM_000352.6(ABCC8):c.571A>T (p.Arg191Trp),6833,ABCC8,HGNC:59,Uncertain significance,0,"Mar 31, 2025",-1,-,RCV005612723,-,Hereditary hyperinsulinism,germline,germline,GRCh37,NC_000011.9,11,17484993,17484993,na,na,11p15.1,no assertion criteria provided,1,-,N,-,2,4061005,17484993,T,A,-,-,-,-,-,-,SCV006288340,-,-
4178067,single nucleotide variant,NM_000352.6(ABCC8):c.571A>T (p.Arg191Trp),6833,ABCC8,HGNC:59,Uncertain significance,0,"Mar 31, 2025",-1,-,RCV005612723,-,Hereditary hyperinsulinism,germline,germline,GRCh38,NC_000011.10,11,17463446,17463446,na,na,11p15.1,no assertion criteria provided,1,-,N,-,2,4061005,17463446,T,A,-,-,-,-,-,-,SCV006288340,-,-
4178149,single nucleotide variant,NM_000352.6(ABCC8):c.2088G>C (p.Leu696=),6833,ABCC8,HGNC:59,Uncertain significance,0,"Mar 30, 2025",-1,-,RCV005609688,-,Hereditary hyperinsulinism,germline,germline,GRCh37,NC_000011.9,11,17449442,17449442,na,na,11p15.1,no assertion criteria provided,1,-,N,-,2,4061087,17449442,C,G,-,-,-,-,-,-,SCV006281239,-,-
4178149,single nucleotide variant,NM_000352.6(ABCC8):c.2088G>C (p.Leu696=),6833,ABCC8,HGNC:59,Uncertain significance,0,"Mar 30, 2025",-1,-,RCV005609688,-,Hereditary hyperinsulinism,germline,germline,GRCh38,NC_000011.10,11,17427895,17427895,na,na,11p15.1,no assertion criteria provided,1,-,N,-,2,4061087,17427895,C,G,-,-,-,-,-,-,SCV006281239,-,-
4178229,single nucleotide variant,NM_000352.6(ABCC8):c.3816C>G (p.His1272Gln),6833,ABCC8,HGNC:59,Uncertain significance,0,"Mar 30, 2025",-1,-,RCV005609768,-,Hereditary hyperinsulinism,germline,germline,GRCh37,NC_000011.9,11,17419282,17419282,na,na,11p15.1,no assertion criteria provided,1,-,N,-,2,4061167,17419282,G,C,-,-,-,-,-,-,SCV006281350,-,-
4178229,single nucleotide variant,NM_000352.6(ABCC8):c.3816C>G (p.His1272Gln),6833,ABCC8,HGNC:59,Uncertain significance,0,"Mar 30, 2025",-1,-,RCV005609768,-,Hereditary hyperinsulinism,germline,germline,GRCh38,NC_000011.10,11,17397735,17397735,na,na,11p15.1,no assertion criteria provided,1,-,N,-,2,4061167,17397735,G,C,-,-,-,-,-,-,SCV006281350,-,-
4178320,single nucleotide variant,NM_000352.6(ABCC8):c.4713C>A (p.Ser1571Arg),6833,ABCC8,HGNC:59,Uncertain significance,0,"Mar 28, 2025",-1,-,RCV005609860,-,Hereditary hyperinsulinism,germline,germline,GRCh37,NC_000011.9,11,17414571,17414571,na,na,11p15.1,no assertion criteria provided,1,-,N,-,2,4061259,17414571,G,T,-,-,-,-,-,-,SCV006284556,-,-
4178320,single nucleotide variant,NM_000352.6(ABCC8):c.4713C>A (p.Ser1571Arg),6833,ABCC8,HGNC:59,Uncertain significance,0,"Mar 28, 2025",-1,-,RCV005609860,-,Hereditary hyperinsulinism,germline,germline,GRCh38,NC_000011.10,11,17393024,17393024,na,na,11p15.1,no assertion criteria provided,1,-,N,-,2,4061259,17393024,G,T,-,-,-,-,-,-,SCV006284556,-,-
4178452,single nucleotide variant,NM_000352.6(ABCC8):c.4094A>G (p.Asn1365Ser),6833,ABCC8,HGNC:59,Uncertain significance,0,"Mar 03, 2025",-1,-,RCV005606359,-,Hereditary hyperinsulinism,germline,germline,GRCh37,NC_000011.9,11,17418488,17418488,na,na,11p15.1,no assertion criteria provided,1,-,N,-,2,4062709,17418488,T,C,-,-,-,-,-,-,SCV006283385,-,-
4178452,single nucleotide variant,NM_000352.6(ABCC8):c.4094A>G (p.Asn1365Ser),6833,ABCC8,HGNC:59,Uncertain significance,0,"Mar 03, 2025",-1,-,RCV005606359,-,Hereditary hyperinsulinism,germline,germline,GRCh38,NC_000011.10,11,17396941,17396941,na,na,11p15.1,no assertion criteria provided,1,-,N,-,2,4062709,17396941,T,C,-,-,-,-,-,-,SCV006283385,-,-
4178609,single nucleotide variant,NM_000352.6(ABCC8):c.3686A>G (p.Tyr1229Cys),6833,ABCC8,HGNC:59,Uncertain significance,0,"Mar 02, 2025",-1,-,RCV005613033,-,Hereditary hyperinsulinism,germline,germline,GRCh37,NC_000011.9,11,17419953,17419953,na,na,11p15.1,no assertion criteria provided,1,-,N,-,2,4062866,17419953,T,C,-,-,-,-,-,-,SCV006286700,-,-
4178609,single nucleotide variant,NM_000352.6(ABCC8):c.3686A>G (p.Tyr1229Cys),6833,ABCC8,HGNC:59,Uncertain significance,0,"Mar 02, 2025",-1,-,RCV005613033,-,Hereditary hyperinsulinism,germline,germline,GRCh38,NC_000011.10,11,17398406,17398406,na,na,11p15.1,no assertion criteria provided,1,-,N,-,2,4062866,17398406,T,C,-,-,-,-,-,-,SCV006286700,-,-
4178784,single nucleotide variant,NM_000352.6(ABCC8):c.257T>A (p.Val86Glu),6833,ABCC8,HGNC:59,Uncertain significance,0,"Feb 23, 2025",-1,-,RCV005608320,-,Hereditary hyperinsulinism,germline,germline,GRCh37,NC_000011.9,11,17496466,17496466,na,na,11p15.1,no assertion criteria provided,1,-,N,-,2,4063042,17496466,A,T,-,-,-,-,-,-,SCV006282005,-,-
4178784,single nucleotide variant,NM_000352.6(ABCC8):c.257T>A (p.Val86Glu),6833,ABCC8,HGNC:59,Uncertain significance,0,"Feb 23, 2025",-1,-,RCV005608320,-,Hereditary hyperinsulinism,germline,germline,GRCh38,NC_000011.10,11,17474919,17474919,na,na,11p15.1,no assertion criteria provided,1,-,N,-,2,4063042,17474919,A,T,-,-,-,-,-,-,SCV006282005,-,-
4180359,single nucleotide variant,NM_000352.6(ABCC8):c.315C>A (p.His105Gln),6833,ABCC8,HGNC:59,Uncertain significance,0,"May 12, 2025",-1,-,RCV005620264,-,Hereditary hyperinsulinism,germline,germline,GRCh37,NC_000011.9,11,17491745,17491745,na,na,11p15.1,no assertion criteria provided,1,-,N,-,2,4069924,17491745,G,T,-,-,-,-,-,-,SCV006294786,-,-
4180359,single nucleotide variant,NM_000352.6(ABCC8):c.315C>A (p.His105Gln),6833,ABCC8,HGNC:59,Uncertain significance,0,"May 12, 2025",-1,-,RCV005620264,-,Hereditary hyperinsulinism,germline,germline,GRCh38,NC_000011.10,11,17470198,17470198,na,na,11p15.1,no assertion criteria provided,1,-,N,-,2,4069924,17470198,G,T,-,-,-,-,-,-,SCV006294786,-,-
4180607,single nucleotide variant,NM_000352.6(ABCC8):c.-2C>T,6833,ABCC8,HGNC:59,Uncertain significance,0,"May 12, 2025",-1,-,RCV005610935,-,Hereditary hyperinsulinism,germline,germline,GRCh37,NC_000011.9,11,17498325,17498325,na,na,11p15.1,no assertion criteria provided,1,-,N,-,2,4057392,17498325,G,A,-,-,-,-,-,-,SCV006282272,-,-
4180607,single nucleotide variant,NM_000352.6(ABCC8):c.-2C>T,6833,ABCC8,HGNC:59,Uncertain significance,0,"May 12, 2025",-1,-,RCV005610935,-,Hereditary hyperinsulinism,germline,germline,GRCh38,NC_000011.10,11,17476778,17476778,na,na,11p15.1,no assertion criteria provided,1,-,N,-,2,4057392,17476778,G,A,-,-,-,-,-,-,SCV006282272,-,-
4180688,single nucleotide variant,NM_000352.6(ABCC8):c.4585G>A (p.Asp1529Asn),6833,ABCC8,HGNC:59,Uncertain significance,0,"May 12, 2025",-1,-,RCV005611016,-,Hereditary hyperinsulinism,germline,germline,GRCh37,NC_000011.9,11,17415267,17415267,na,na,11p15.1,no assertion criteria provided,1,-,N,-,2,4057473,17415267,C,T,-,-,-,-,-,-,SCV006285449,-,-
4180688,single nucleotide variant,NM_000352.6(ABCC8):c.4585G>A (p.Asp1529Asn),6833,ABCC8,HGNC:59,Uncertain significance,0,"May 12, 2025",-1,-,RCV005611016,-,Hereditary hyperinsulinism,germline,germline,GRCh38,NC_000011.10,11,17393720,17393720,na,na,11p15.1,no assertion criteria provided,1,-,N,-,2,4057473,17393720,C,T,-,-,-,-,-,-,SCV006285449,-,-
4180773,single nucleotide variant,NM_000352.6(ABCC8):c.2108T>C (p.Ile703Thr),6833,ABCC8,HGNC:59,Uncertain significance,0,"May 08, 2025",-1,-,RCV005604922,-,Hereditary hyperinsulinism,germline,germline,GRCh37,NC_000011.9,11,17449422,17449422,na,na,11p15.1,no assertion criteria provided,1,-,N,-,2,4057558,17449422,A,G,-,-,-,-,-,-,SCV006285560,-,-
4180773,single nucleotide variant,NM_000352.6(ABCC8):c.2108T>C (p.Ile703Thr),6833,ABCC8,HGNC:59,Uncertain significance,0,"May 08, 2025",-1,-,RCV005604922,-,Hereditary hyperinsulinism,germline,germline,GRCh38,NC_000011.10,11,17427875,17427875,na,na,11p15.1,no assertion criteria provided,1,-,N,-,2,4057558,17427875,A,G,-,-,-,-,-,-,SCV006285560,-,-
4180868,single nucleotide variant,NM_000352.6(ABCC8):c.4381C>G (p.Leu1461Val),6833,ABCC8,HGNC:59,Uncertain significance,0,"May 08, 2025",-1,-,RCV005605010,-,Hereditary hyperinsulinism,germline,germline,GRCh37,NC_000011.9,11,17416749,17416749,na,na,11p15.1,no assertion criteria provided,1,-,N,-,2,4057653,17416749,G,C,-,-,-,-,-,-,SCV006288739,-,-
4180868,single nucleotide variant,NM_000352.6(ABCC8):c.4381C>G (p.Leu1461Val),6833,ABCC8,HGNC:59,Uncertain significance,0,"May 08, 2025",-1,-,RCV005605010,-,Hereditary hyperinsulinism,germline,germline,GRCh38,NC_000011.10,11,17395202,17395202,na,na,11p15.1,no assertion criteria provided,1,-,N,-,2,4057653,17395202,G,C,-,-,-,-,-,-,SCV006288739,-,-
4181053,single nucleotide variant,NM_000352.6(ABCC8):c.167C>G (p.Ser56Cys),6833,ABCC8,HGNC:59,Uncertain significance,0,"Apr 18, 2025",-1,-,RCV005618684,-,Hereditary hyperinsulinism,germline,germline,GRCh37,NC_000011.9,11,17496556,17496556,na,na,11p15.1,no assertion criteria provided,1,-,N,-,2,4058717,17496556,G,C,-,-,-,-,-,-,SCV006286957,-,-
4181053,single nucleotide variant,NM_000352.6(ABCC8):c.167C>G (p.Ser56Cys),6833,ABCC8,HGNC:59,Uncertain significance,0,"Apr 18, 2025",-1,-,RCV005618684,-,Hereditary hyperinsulinism,germline,germline,GRCh38,NC_000011.10,11,17475009,17475009,na,na,11p15.1,no assertion criteria provided,1,-,N,-,2,4058717,17475009,G,C,-,-,-,-,-,-,SCV006286957,-,-
4181145,single nucleotide variant,NM_000352.6(ABCC8):c.2754G>T (p.Arg918Ser),6833,ABCC8,HGNC:59,Uncertain significance,0,"Apr 18, 2025",-1,-,RCV005609165,-,Hereditary hyperinsulinism,germline,germline,GRCh37,NC_000011.9,11,17430005,17430005,na,na,11p15.1,no assertion criteria provided,1,-,N,-,2,4058809,17430005,C,A,-,-,-,-,-,-,SCV006289348,-,-
4181145,single nucleotide variant,NM_000352.6(ABCC8):c.2754G>T (p.Arg918Ser),6833,ABCC8,HGNC:59,Uncertain significance,0,"Apr 18, 2025",-1,-,RCV005609165,-,Hereditary hyperinsulinism,germline,germline,GRCh38,NC_000011.10,11,17408458,17408458,na,na,11p15.1,no assertion criteria provided,1,-,N,-,2,4058809,17408458,C,A,-,-,-,-,-,-,SCV006289348,-,-
4181231,single nucleotide variant,NM_000352.4(ABCC8):c.-191G>C,6833,ABCC8,HGNC:59,Uncertain significance,0,"Apr 18, 2025",-1,-,RCV005609225,-,Hereditary hyperinsulinism,germline,germline,GRCh37,NC_000011.9,11,17498514,17498514,na,na,11p15.1,no assertion criteria provided,1,-,N,-,2,4058895,17498514,C,G,-,-,-,-,-,-,SCV006284999,-,-
4181231,single nucleotide variant,NM_000352.4(ABCC8):c.-191G>C,6833,ABCC8,HGNC:59,Uncertain significance,0,"Apr 18, 2025",-1,-,RCV005609225,-,Hereditary hyperinsulinism,germline,germline,GRCh38,NC_000011.10,11,17476967,17476967,na,na,11p15.1,no assertion criteria provided,1,-,N,-,2,4058895,17476967,C,G,-,-,-,-,-,-,SCV006284999,-,-
4181314,single nucleotide variant,NM_000352.6(ABCC8):c.1830A>C (p.Leu610=),6833,ABCC8,HGNC:59,Uncertain significance,0,"Apr 17, 2025",-1,-,RCV005609308,-,Hereditary hyperinsulinism,germline,germline,GRCh37,NC_000011.9,11,17450205,17450205,na,na,11p15.1,no assertion criteria provided,1,-,N,-,2,4058978,17450205,T,G,-,-,-,-,-,-,SCV006285110,-,-
4181314,single nucleotide variant,NM_000352.6(ABCC8):c.1830A>C (p.Leu610=),6833,ABCC8,HGNC:59,Uncertain significance,0,"Apr 17, 2025",-1,-,RCV005609308,-,Hereditary hyperinsulinism,germline,germline,GRCh38,NC_000011.10,11,17428658,17428658,na,na,11p15.1,no assertion criteria provided,1,-,N,-,2,4058978,17428658,T,G,-,-,-,-,-,-,SCV006285110,-,-
4181555,single nucleotide variant,NM_000352.6(ABCC8):c.3866T>C (p.Met1289Thr),6833,ABCC8,HGNC:59,Uncertain significance,0,"Apr 10, 2025",-1,-,RCV005607684,-,Hereditary hyperinsulinism,germline,germline,GRCh37,NC_000011.9,11,17419232,17419232,na,na,11p15.1,no assertion criteria provided,1,-,N,-,2,4060535,17419232,A,G,-,-,-,-,-,-,SCV006284421,-,-
4181555,single nucleotide variant,NM_000352.6(ABCC8):c.3866T>C (p.Met1289Thr),6833,ABCC8,HGNC:59,Uncertain significance,0,"Apr 10, 2025",-1,-,RCV005607684,-,Hereditary hyperinsulinism,germline,germline,GRCh38,NC_000011.10,11,17397685,17397685,na,na,11p15.1,no assertion criteria provided,1,-,N,-,2,4060535,17397685,A,G,-,-,-,-,-,-,SCV006284421,-,-
4181732,single nucleotide variant,NM_000352.6(ABCC8):c.3611C>G (p.Ala1204Gly),6833,ABCC8,HGNC:59,Uncertain significance,0,"Apr 10, 2025",-1,-,RCV005607861,-,Hereditary hyperinsulinism,germline,germline,GRCh37,NC_000011.9,11,17424247,17424247,na,na,11p15.1,no assertion criteria provided,1,-,N,-,2,4060712,17424247,G,C,-,-,-,-,-,-,SCV006280091,-,-
4181732,single nucleotide variant,NM_000352.6(ABCC8):c.3611C>G (p.Ala1204Gly),6833,ABCC8,HGNC:59,Uncertain significance,0,"Apr 10, 2025",-1,-,RCV005607861,-,Hereditary hyperinsulinism,germline,germline,GRCh38,NC_000011.10,11,17402700,17402700,na,na,11p15.1,no assertion criteria provided,1,-,N,-,2,4060712,17402700,G,C,-,-,-,-,-,-,SCV006280091,-,-
4181807,single nucleotide variant,NM_000352.6(ABCC8):c.3267G>A (p.Gly1089=),6833,ABCC8,HGNC:59,Uncertain significance,0,"Apr 09, 2025",-1,-,RCV005607936,-,Hereditary hyperinsulinism,germline,germline,GRCh37,NC_000011.9,11,17428231,17428231,na,na,11p15.1,no assertion criteria provided,1,-,N,-,2,4060787,17428231,C,T,-,-,-,-,-,-,SCV006282601,-,-
4181807,single nucleotide variant,NM_000352.6(ABCC8):c.3267G>A (p.Gly1089=),6833,ABCC8,HGNC:59,Uncertain significance,0,"Apr 09, 2025",-1,-,RCV005607936,-,Hereditary hyperinsulinism,germline,germline,GRCh38,NC_000011.10,11,17406684,17406684,na,na,11p15.1,no assertion criteria provided,1,-,N,-,2,4060787,17406684,C,T,-,-,-,-,-,-,SCV006282601,-,-
4181882,Duplication,NM_000352.6(ABCC8):c.4307+9dup,6833,ABCC8,HGNC:59,Uncertain significance,0,"Apr 02, 2025",-1,-,RCV005608011,-,Hereditary hyperinsulinism,germline,germline,GRCh37,NC_000011.9,11,17417147,17417148,na,na,11p15.1,no assertion criteria provided,1,-,N,-,2,4060862,17417147,T,TG,-,-,-,-,-,-,SCV006285768,-,-
4181882,Duplication,NM_000352.6(ABCC8):c.4307+9dup,6833,ABCC8,HGNC:59,Uncertain significance,0,"Apr 02, 2025",-1,-,RCV005608011,-,Hereditary hyperinsulinism,germline,germline,GRCh38,NC_000011.10,11,17395600,17395601,na,na,11p15.1,no assertion criteria provided,1,-,N,-,2,4060862,17395600,T,TG,-,-,-,-,-,-,SCV006285768,-,-
4181975,Microsatellite,NM_000352.6(ABCC8):c.4120-12CT[4],6833,ABCC8,HGNC:59,Uncertain significance,0,"Mar 10, 2025",-1,-,RCV005605979,-,Hereditary hyperinsulinism,germline,germline,GRCh37,NC_000011.9,11,17417483,17417484,na,na,11p15.1,no assertion criteria provided,1,-,N,-,2,4062274,17417483,A,AAG,-,-,-,-,-,-,SCV006289750,-,-
4181975,Microsatellite,NM_000352.6(ABCC8):c.4120-12CT[4],6833,ABCC8,HGNC:59,Uncertain significance,0,"Mar 10, 2025",-1,-,RCV005605979,-,Hereditary hyperinsulinism,germline,germline,GRCh38,NC_000011.10,11,17395936,17395937,na,na,11p15.1,no assertion criteria provided,1,-,N,-,2,4062274,17395936,A,AAG,-,-,-,-,-,-,SCV006289750,-,-
4182057,single nucleotide variant,NM_000352.4(ABCC8):c.-187C>T,6833,ABCC8,HGNC:59,Uncertain significance,0,"Mar 09, 2025",-1,-,RCV005606049,-,Hereditary hyperinsulinism,germline,germline,GRCh37,NC_000011.9,11,17498510,17498510,na,na,11p15.1,no assertion criteria provided,1,-,N,-,2,4062356,17498510,G,A,-,-,-,-,-,-,SCV006285403,-,-
4182057,single nucleotide variant,NM_000352.4(ABCC8):c.-187C>T,6833,ABCC8,HGNC:59,Uncertain significance,0,"Mar 09, 2025",-1,-,RCV005606049,-,Hereditary hyperinsulinism,germline,germline,GRCh38,NC_000011.10,11,17476963,17476963,na,na,11p15.1,no assertion criteria provided,1,-,N,-,2,4062356,17476963,G,A,-,-,-,-,-,-,SCV006285403,-,-
4182149,single nucleotide variant,NM_000352.6(ABCC8):c.1012-4A>G,6833,ABCC8,HGNC:59,Uncertain significance,0,"Mar 09, 2025",-1,-,RCV005606116,-,Hereditary hyperinsulinism,germline,germline,GRCh37,NC_000011.9,11,17474834,17474834,na,na,11p15.1,no assertion criteria provided,1,-,N,-,2,4062448,17474834,T,C,-,-,-,-,-,-,SCV006287873,-,-
4182149,single nucleotide variant,NM_000352.6(ABCC8):c.1012-4A>G,6833,ABCC8,HGNC:59,Uncertain significance,0,"Mar 09, 2025",-1,-,RCV005606116,-,Hereditary hyperinsulinism,germline,germline,GRCh38,NC_000011.10,11,17453287,17453287,na,na,11p15.1,no assertion criteria provided,1,-,N,-,2,4062448,17453287,T,C,-,-,-,-,-,-,SCV006287873,-,-
4182318,single nucleotide variant,NM_000352.6(ABCC8):c.3346C>A (p.Pro1116Thr),6833,ABCC8,HGNC:59,Uncertain significance,0,"Mar 03, 2025",-1,-,RCV005606267,-,Hereditary hyperinsulinism,germline,germline,GRCh37,NC_000011.9,11,17427094,17427094,na,na,11p15.1,no assertion criteria provided,1,-,N,-,2,4062617,17427094,G,T,-,-,-,-,-,-,SCV006280888,-,-
4182318,single nucleotide variant,NM_000352.6(ABCC8):c.3346C>A (p.Pro1116Thr),6833,ABCC8,HGNC:59,Uncertain significance,0,"Mar 03, 2025",-1,-,RCV005606267,-,Hereditary hyperinsulinism,germline,germline,GRCh38,NC_000011.10,11,17405547,17405547,na,na,11p15.1,no assertion criteria provided,1,-,N,-,2,4062617,17405547,G,T,-,-,-,-,-,-,SCV006280888,-,-
4183741,single nucleotide variant,NM_000352.6(ABCC8):c.138C>A (p.Ile46=),6833,ABCC8,HGNC:59,Uncertain significance,0,"May 22, 2025",-1,-,RCV005618201,-,Hereditary hyperinsulinism,germline,germline,GRCh37,NC_000011.9,11,17498186,17498186,na,na,11p15.1,no assertion criteria provided,1,-,N,-,2,4069346,17498186,G,T,-,-,-,-,-,-,SCV006297001,-,-
4183741,single nucleotide variant,NM_000352.6(ABCC8):c.138C>A (p.Ile46=),6833,ABCC8,HGNC:59,Uncertain significance,0,"May 22, 2025",-1,-,RCV005618201,-,Hereditary hyperinsulinism,germline,germline,GRCh38,NC_000011.10,11,17476639,17476639,na,na,11p15.1,no assertion criteria provided,1,-,N,-,2,4069346,17476639,G,T,-,-,-,-,-,-,SCV006297001,-,-
4183828,single nucleotide variant,NM_000352.6(ABCC8):c.2044A>G (p.Met682Val),6833,ABCC8,HGNC:59,Uncertain significance,0,"May 22, 2025",-1,-,RCV005618288,-,Hereditary hyperinsulinism,germline,germline,GRCh37,NC_000011.9,11,17449486,17449486,na,na,11p15.1,no assertion criteria provided,1,-,N,-,2,4069433,17449486,T,C,-,-,-,-,-,-,SCV006293809,-,-
4183828,single nucleotide variant,NM_000352.6(ABCC8):c.2044A>G (p.Met682Val),6833,ABCC8,HGNC:59,Uncertain significance,0,"May 22, 2025",-1,-,RCV005618288,-,Hereditary hyperinsulinism,germline,germline,GRCh38,NC_000011.10,11,17427939,17427939,na,na,11p15.1,no assertion criteria provided,1,-,N,-,2,4069433,17427939,T,C,-,-,-,-,-,-,SCV006293809,-,-
4183917,single nucleotide variant,NM_000352.6(ABCC8):c.468G>T (p.Lys156Asn),6833,ABCC8,HGNC:59,Uncertain significance,0,"May 19, 2025",-1,-,RCV005619862,-,Hereditary hyperinsulinism,germline,germline,GRCh37,NC_000011.9,11,17485096,17485096,na,na,11p15.1,no assertion criteria provided,1,-,N,-,2,4069522,17485096,C,A,-,-,-,-,-,-,SCV006295450,-,-
4183917,single nucleotide variant,NM_000352.6(ABCC8):c.468G>T (p.Lys156Asn),6833,ABCC8,HGNC:59,Uncertain significance,0,"May 19, 2025",-1,-,RCV005619862,-,Hereditary hyperinsulinism,germline,germline,GRCh38,NC_000011.10,11,17463549,17463549,na,na,11p15.1,no assertion criteria provided,1,-,N,-,2,4069522,17463549,C,A,-,-,-,-,-,-,SCV006295450,-,-
4184006,single nucleotide variant,NM_000352.6(ABCC8):c.3473A>G (p.Tyr1158Cys),6833,ABCC8,HGNC:59,Uncertain significance,0,"May 14, 2025",-1,-,RCV005619951,-,Hereditary hyperinsulinism,germline,germline,GRCh37,NC_000011.9,11,17426143,17426143,na,na,11p15.1,no assertion criteria provided,1,-,N,-,2,4069611,17426143,T,C,-,-,-,-,-,-,SCV006294229,-,-
4184006,single nucleotide variant,NM_000352.6(ABCC8):c.3473A>G (p.Tyr1158Cys),6833,ABCC8,HGNC:59,Uncertain significance,0,"May 14, 2025",-1,-,RCV005619951,-,Hereditary hyperinsulinism,germline,germline,GRCh38,NC_000011.10,11,17404596,17404596,na,na,11p15.1,no assertion criteria provided,1,-,N,-,2,4069611,17404596,T,C,-,-,-,-,-,-,SCV006294229,-,-
4184101,single nucleotide variant,NM_000525.4(KCNJ11):c.369C>G (p.Phe123Leu),3767,KCNJ11,HGNC:6257,Uncertain significance,0,"May 20, 2025",-1,-,RCV005620046,"MONDO:MONDO:0100164,MedGen:C1833104,OMIM:PS606176,Orphanet:99885",Permanent neonatal diabetes mellitus,germline,germline,GRCh37,NC_000011.9,11,17409270,17409270,na,na,11p15.1,no assertion criteria provided,1,-,N,-,2,4069706,17409270,G,C,-,-,-,-,-,-,SCV006294359,-,-
4184101,single nucleotide variant,NM_000525.4(KCNJ11):c.369C>G (p.Phe123Leu),3767,KCNJ11,HGNC:6257,Uncertain significance,0,"May 20, 2025",-1,-,RCV005620046,"MONDO:MONDO:0100164,MedGen:C1833104,OMIM:PS606176,Orphanet:99885",Permanent neonatal diabetes mellitus,germline,germline,GRCh38,NC_000011.10,11,17387723,17387723,na,na,11p15.1,no assertion criteria provided,1,-,N,-,2,4069706,17387723,G,C,-,-,-,-,-,-,SCV006294359,-,-
4184102,single nucleotide variant,NM_000525.4(KCNJ11):c.759C>G (p.Ala253=),3767,KCNJ11,HGNC:6257,Uncertain significance,0,"Apr 30, 2025",-1,-,RCV005620047,"MONDO:MONDO:0100164,MedGen:C1833104,OMIM:PS606176,Orphanet:99885",Permanent neonatal diabetes mellitus,germline,germline,GRCh37,NC_000011.9,11,17408880,17408880,na,na,11p15.1,no assertion criteria provided,1,-,N,-,2,4069707,17408880,G,C,-,-,-,-,-,-,SCV006294361,-,-
4184102,single nucleotide variant,NM_000525.4(KCNJ11):c.759C>G (p.Ala253=),3767,KCNJ11,HGNC:6257,Uncertain significance,0,"Apr 30, 2025",-1,-,RCV005620047,"MONDO:MONDO:0100164,MedGen:C1833104,OMIM:PS606176,Orphanet:99885",Permanent neonatal diabetes mellitus,germline,germline,GRCh38,NC_000011.10,11,17387333,17387333,na,na,11p15.1,no assertion criteria provided,1,-,N,-,2,4069707,17387333,G,C,-,-,-,-,-,-,SCV006294361,-,-
4184104,single nucleotide variant,NM_000525.4(KCNJ11):c.373A>C (p.Ile125Leu),3767,KCNJ11,HGNC:6257,Uncertain significance,0,"Apr 17, 2025",-1,-,RCV005620049,"MONDO:MONDO:0100164,MedGen:C1833104,OMIM:PS606176,Orphanet:99885",Permanent neonatal diabetes mellitus,germline,germline,GRCh37,NC_000011.9,11,17409266,17409266,na,na,11p15.1,no assertion criteria provided,1,-,N,-,2,4069709,17409266,T,G,-,-,-,-,-,-,SCV006294364,-,-
4184104,single nucleotide variant,NM_000525.4(KCNJ11):c.373A>C (p.Ile125Leu),3767,KCNJ11,HGNC:6257,Uncertain significance,0,"Apr 17, 2025",-1,-,RCV005620049,"MONDO:MONDO:0100164,MedGen:C1833104,OMIM:PS606176,Orphanet:99885",Permanent neonatal diabetes mellitus,germline,germline,GRCh38,NC_000011.10,11,17387719,17387719,na,na,11p15.1,no assertion criteria provided,1,-,N,-,2,4069709,17387719,T,G,-,-,-,-,-,-,SCV006294364,-,-
4184105,single nucleotide variant,NM_000525.4(KCNJ11):c.326C>G (p.Pro109Arg),3767,KCNJ11,HGNC:6257,Uncertain significance,0,"Apr 14, 2025",-1,-,RCV005620050,"MONDO:MONDO:0100164,MedGen:C1833104,OMIM:PS606176,Orphanet:99885",Permanent neonatal diabetes mellitus,germline,germline,GRCh37,NC_000011.9,11,17409313,17409313,na,na,11p15.1,no assertion criteria provided,1,-,N,-,2,4069710,17409313,G,C,-,-,-,-,-,-,SCV006294365,-,-
4184105,single nucleotide variant,NM_000525.4(KCNJ11):c.326C>G (p.Pro109Arg),3767,KCNJ11,HGNC:6257,Uncertain significance,0,"Apr 14, 2025",-1,-,RCV005620050,"MONDO:MONDO:0100164,MedGen:C1833104,OMIM:PS606176,Orphanet:99885",Permanent neonatal diabetes mellitus,germline,germline,GRCh38,NC_000011.10,11,17387766,17387766,na,na,11p15.1,no assertion criteria provided,1,-,N,-,2,4069710,17387766,G,C,-,-,-,-,-,-,SCV006294365,-,-
4184106,single nucleotide variant,NM_000525.4(KCNJ11):c.426C>G (p.Cys142Trp),3767,KCNJ11,HGNC:6257,Uncertain significance,0,"Mar 28, 2025",-1,-,RCV005620051,"MONDO:MONDO:0100164,MedGen:C1833104,OMIM:PS606176,Orphanet:99885",Permanent neonatal diabetes mellitus,germline,germline,GRCh37,NC_000011.9,11,17409213,17409213,na,na,11p15.1,no assertion criteria provided,1,-,N,-,2,4069711,17409213,G,C,-,-,-,-,-,-,SCV006294367,-,-
4184106,single nucleotide variant,NM_000525.4(KCNJ11):c.426C>G (p.Cys142Trp),3767,KCNJ11,HGNC:6257,Uncertain significance,0,"Mar 28, 2025",-1,-,RCV005620051,"MONDO:MONDO:0100164,MedGen:C1833104,OMIM:PS606176,Orphanet:99885",Permanent neonatal diabetes mellitus,germline,germline,GRCh38,NC_000011.10,11,17387666,17387666,na,na,11p15.1,no assertion criteria provided,1,-,N,-,2,4069711,17387666,G,C,-,-,-,-,-,-,SCV006294367,-,-
4184107,Deletion,NM_000525.4(KCNJ11):c.-55_-53del,3767,KCNJ11,HGNC:6257,Uncertain significance,0,"Mar 18, 2025",-1,-,RCV005620052,"MONDO:MONDO:0100164,MedGen:C1833104,OMIM:PS606176,Orphanet:99885",Permanent neonatal diabetes mellitus,germline,germline,GRCh37,NC_000011.9,11,17409691,17409693,na,na,11p15.1,no assertion criteria provided,1,-,N,-,2,4069712,17409690,ACGT,A,-,-,-,-,-,-,SCV006294371,-,-
4184107,Deletion,NM_000525.4(KCNJ11):c.-55_-53del,3767,KCNJ11,HGNC:6257,Uncertain significance,0,"Mar 18, 2025",-1,-,RCV005620052,"MONDO:MONDO:0100164,MedGen:C1833104,OMIM:PS606176,Orphanet:99885",Permanent neonatal diabetes mellitus,germline,germline,GRCh38,NC_000011.10,11,17388144,17388146,na,na,11p15.1,no assertion criteria provided,1,-,N,-,2,4069712,17388143,ACGT,A,-,-,-,-,-,-,SCV006294371,-,-
4184108,single nucleotide variant,NM_000525.4(KCNJ11):c.1022C>T (p.Thr341Ile),3767,KCNJ11,HGNC:6257,Uncertain significance,0,"Mar 11, 2025",-1,-,RCV005620053,"MONDO:MONDO:0100164,MedGen:C1833104,OMIM:PS606176,Orphanet:99885",Permanent neonatal diabetes mellitus,germline,germline,GRCh37,NC_000011.9,11,17408617,17408617,na,na,11p15.1,no assertion criteria provided,1,-,N,-,2,4069713,17408617,G,A,-,-,-,-,-,-,SCV006294372,-,-
4184108,single nucleotide variant,NM_000525.4(KCNJ11):c.1022C>T (p.Thr341Ile),3767,KCNJ11,HGNC:6257,Uncertain significance,0,"Mar 11, 2025",-1,-,RCV005620053,"MONDO:MONDO:0100164,MedGen:C1833104,OMIM:PS606176,Orphanet:99885",Permanent neonatal diabetes mellitus,germline,germline,GRCh38,NC_000011.10,11,17387070,17387070,na,na,11p15.1,no assertion criteria provided,1,-,N,-,2,4069713,17387070,G,A,-,-,-,-,-,-,SCV006294372,-,-
4184110,single nucleotide variant,NM_000525.4(KCNJ11):c.460A>G (p.Ile154Val),3767,KCNJ11,HGNC:6257,Uncertain significance,0,"Feb 26, 2025",-1,-,RCV005620055,"MONDO:MONDO:0100164,MedGen:C1833104,OMIM:PS606176,Orphanet:99885",Permanent neonatal diabetes mellitus,germline,germline,GRCh37,NC_000011.9,11,17409179,17409179,na,na,11p15.1,no assertion criteria provided,1,-,N,-,2,4069715,17409179,T,C,-,-,-,-,-,-,SCV006294377,-,-
4184110,single nucleotide variant,NM_000525.4(KCNJ11):c.460A>G (p.Ile154Val),3767,KCNJ11,HGNC:6257,Uncertain significance,0,"Feb 26, 2025",-1,-,RCV005620055,"MONDO:MONDO:0100164,MedGen:C1833104,OMIM:PS606176,Orphanet:99885",Permanent neonatal diabetes mellitus,germline,germline,GRCh38,NC_000011.10,11,17387632,17387632,na,na,11p15.1,no assertion criteria provided,1,-,N,-,2,4069715,17387632,T,C,-,-,-,-,-,-,SCV006294377,-,-
4184111,single nucleotide variant,NM_000525.4(KCNJ11):c.572T>C (p.Leu191Pro),3767,KCNJ11,HGNC:6257,Uncertain significance,0,"Feb 18, 2025",-1,-,RCV005620056,"MONDO:MONDO:0100164,MedGen:C1833104,OMIM:PS606176,Orphanet:99885",Permanent neonatal diabetes mellitus,germline,germline,GRCh37,NC_000011.9,11,17409067,17409067,na,na,11p15.1,no assertion criteria provided,1,-,N,-,2,4069716,17409067,A,G,-,-,-,-,-,-,SCV006294378,-,-
4184111,single nucleotide variant,NM_000525.4(KCNJ11):c.572T>C (p.Leu191Pro),3767,KCNJ11,HGNC:6257,Uncertain significance,0,"Feb 18, 2025",-1,-,RCV005620056,"MONDO:MONDO:0100164,MedGen:C1833104,OMIM:PS606176,Orphanet:99885",Permanent neonatal diabetes mellitus,germline,germline,GRCh38,NC_000011.10,11,17387520,17387520,na,na,11p15.1,no assertion criteria provided,1,-,N,-,2,4069716,17387520,A,G,-,-,-,-,-,-,SCV006294378,-,-
4184112,single nucleotide variant,NM_000525.4(KCNJ11):c.70C>A (p.Pro24Thr),3767,KCNJ11,HGNC:6257,Uncertain significance,0,"Feb 18, 2025",-1,-,RCV005620057,"MONDO:MONDO:0100164,MedGen:C1833104,OMIM:PS606176,Orphanet:99885",Permanent neonatal diabetes mellitus,germline,germline,GRCh37,NC_000011.9,11,17409569,17409569,na,na,11p15.1,no assertion criteria provided,1,-,N,-,2,4069717,17409569,G,T,-,-,-,-,-,-,SCV006294379,-,-
4184112,single nucleotide variant,NM_000525.4(KCNJ11):c.70C>A (p.Pro24Thr),3767,KCNJ11,HGNC:6257,Uncertain significance,0,"Feb 18, 2025",-1,-,RCV005620057,"MONDO:MONDO:0100164,MedGen:C1833104,OMIM:PS606176,Orphanet:99885",Permanent neonatal diabetes mellitus,germline,germline,GRCh38,NC_000011.10,11,17388022,17388022,na,na,11p15.1,no assertion criteria provided,1,-,N,-,2,4069717,17388022,G,T,-,-,-,-,-,-,SCV006294379,-,-
4184113,Deletion,NM_000525.4(KCNJ11):c.123del (p.Cys42fs),3767,KCNJ11,HGNC:6257,Likely pathogenic,1,"Feb 04, 2025",-1,-,RCV005620058,"MONDO:MONDO:0100164,MedGen:C1833104,OMIM:PS606176,Orphanet:99885",Permanent neonatal diabetes mellitus,germline,germline,GRCh37,NC_000011.9,11,17409516,17409516,na,na,11p15.1,no assertion criteria provided,1,-,N,-,2,4069718,17409515,AG,A,-,-,-,-,-,-,SCV006294380,-,-
4184113,Deletion,NM_000525.4(KCNJ11):c.123del (p.Cys42fs),3767,KCNJ11,HGNC:6257,Likely pathogenic,1,"Feb 04, 2025",-1,-,RCV005620058,"MONDO:MONDO:0100164,MedGen:C1833104,OMIM:PS606176,Orphanet:99885",Permanent neonatal diabetes mellitus,germline,germline,GRCh38,NC_000011.10,11,17387969,17387969,na,na,11p15.1,no assertion criteria provided,1,-,N,-,2,4069718,17387968,AG,A,-,-,-,-,-,-,SCV006294380,-,-
4184114,single nucleotide variant,NM_000525.4(KCNJ11):c.669C>T (p.Thr223=),3767,KCNJ11,HGNC:6257,Uncertain significance,0,"Feb 03, 2025",-1,-,RCV005620059,"MONDO:MONDO:0100164,MedGen:C1833104,OMIM:PS606176,Orphanet:99885",Permanent neonatal diabetes mellitus,germline,germline,GRCh37,NC_000011.9,11,17408970,17408970,na,na,11p15.1,no assertion criteria provided,1,-,N,-,2,4069719,17408970,G,A,-,-,-,-,-,-,SCV006294382,-,-
4184114,single nucleotide variant,NM_000525.4(KCNJ11):c.669C>T (p.Thr223=),3767,KCNJ11,HGNC:6257,Uncertain significance,0,"Feb 03, 2025",-1,-,RCV005620059,"MONDO:MONDO:0100164,MedGen:C1833104,OMIM:PS606176,Orphanet:99885",Permanent neonatal diabetes mellitus,germline,germline,GRCh38,NC_000011.10,11,17387423,17387423,na,na,11p15.1,no assertion criteria provided,1,-,N,-,2,4069719,17387423,G,A,-,-,-,-,-,-,SCV006294382,-,-
4184115,single nucleotide variant,NM_000525.4(KCNJ11):c.252G>C (p.Leu84=),3767,KCNJ11,HGNC:6257,Uncertain significance,0,"Feb 02, 2025",-1,-,RCV005620060,"MONDO:MONDO:0100164,MedGen:C1833104,OMIM:PS606176,Orphanet:99885",Permanent neonatal diabetes mellitus,germline,germline,GRCh37,NC_000011.9,11,17409387,17409387,na,na,11p15.1,no assertion criteria provided,1,-,N,-,2,4069720,17409387,C,G,-,-,-,-,-,-,SCV006294383,-,-
4184115,single nucleotide variant,NM_000525.4(KCNJ11):c.252G>C (p.Leu84=),3767,KCNJ11,HGNC:6257,Uncertain significance,0,"Feb 02, 2025",-1,-,RCV005620060,"MONDO:MONDO:0100164,MedGen:C1833104,OMIM:PS606176,Orphanet:99885",Permanent neonatal diabetes mellitus,germline,germline,GRCh38,NC_000011.10,11,17387840,17387840,na,na,11p15.1,no assertion criteria provided,1,-,N,-,2,4069720,17387840,C,G,-,-,-,-,-,-,SCV006294383,-,-
4184116,single nucleotide variant,NM_000525.4(KCNJ11):c.1034C>A (p.Thr345Lys),3767,KCNJ11,HGNC:6257,Uncertain significance,0,"Jan 30, 2025",-1,-,RCV005620061,"MONDO:MONDO:0100164,MedGen:C1833104,OMIM:PS606176,Orphanet:99885",Permanent neonatal diabetes mellitus,germline,germline,GRCh37,NC_000011.9,11,17408605,17408605,na,na,11p15.1,no assertion criteria provided,1,-,N,-,2,4069721,17408605,G,T,-,-,-,-,-,-,SCV006294384,-,-
4184116,single nucleotide variant,NM_000525.4(KCNJ11):c.1034C>A (p.Thr345Lys),3767,KCNJ11,HGNC:6257,Uncertain significance,0,"Jan 30, 2025",-1,-,RCV005620061,"MONDO:MONDO:0100164,MedGen:C1833104,OMIM:PS606176,Orphanet:99885",Permanent neonatal diabetes mellitus,germline,germline,GRCh38,NC_000011.10,11,17387058,17387058,na,na,11p15.1,no assertion criteria provided,1,-,N,-,2,4069721,17387058,G,T,-,-,-,-,-,-,SCV006294384,-,-
4184118,single nucleotide variant,NM_000525.4(KCNJ11):c.295G>A (p.Asp99Asn),3767,KCNJ11,HGNC:6257,Uncertain significance,0,"Jan 15, 2025",-1,-,RCV005620063,"MONDO:MONDO:0100164,MedGen:C1833104,OMIM:PS606176,Orphanet:99885",Permanent neonatal diabetes mellitus,germline,germline,GRCh37,NC_000011.9,11,17409344,17409344,na,na,11p15.1,no assertion criteria provided,1,-,N,-,2,4069723,17409344,C,T,-,-,-,-,-,-,SCV006294386,-,-
4184118,single nucleotide variant,NM_000525.4(KCNJ11):c.295G>A (p.Asp99Asn),3767,KCNJ11,HGNC:6257,Uncertain significance,0,"Jan 15, 2025",-1,-,RCV005620063,"MONDO:MONDO:0100164,MedGen:C1833104,OMIM:PS606176,Orphanet:99885",Permanent neonatal diabetes mellitus,germline,germline,GRCh38,NC_000011.10,11,17387797,17387797,na,na,11p15.1,no assertion criteria provided,1,-,N,-,2,4069723,17387797,C,T,-,-,-,-,-,-,SCV006294386,-,-
4184119,single nucleotide variant,NM_000525.4(KCNJ11):c.26C>A (p.Pro9His),3767,KCNJ11,HGNC:6257,Uncertain significance,0,"Jan 10, 2025",-1,-,RCV005620064,"MONDO:MONDO:0100164,MedGen:C1833104,OMIM:PS606176,Orphanet:99885",Permanent neonatal diabetes mellitus,germline,germline,GRCh37,NC_000011.9,11,17409613,17409613,na,na,11p15.1,no assertion criteria provided,1,-,N,-,2,4069724,17409613,G,T,-,-,-,-,-,-,SCV006294387,-,-
4184119,single nucleotide variant,NM_000525.4(KCNJ11):c.26C>A (p.Pro9His),3767,KCNJ11,HGNC:6257,Uncertain significance,0,"Jan 10, 2025",-1,-,RCV005620064,"MONDO:MONDO:0100164,MedGen:C1833104,OMIM:PS606176,Orphanet:99885",Permanent neonatal diabetes mellitus,germline,germline,GRCh38,NC_000011.10,11,17388066,17388066,na,na,11p15.1,no assertion criteria provided,1,-,N,-,2,4069724,17388066,G,T,-,-,-,-,-,-,SCV006294387,-,-
4184120,single nucleotide variant,NM_000525.4(KCNJ11):c.315C>T (p.Gly105=),3767,KCNJ11,HGNC:6257,Uncertain significance,0,"Jan 06, 2025",-1,-,RCV005620065,"MONDO:MONDO:0100164,MedGen:C1833104,OMIM:PS606176,Orphanet:99885",Permanent neonatal diabetes mellitus,germline,germline,GRCh37,NC_000011.9,11,17409324,17409324,na,na,11p15.1,no assertion criteria provided,1,-,N,-,2,4069725,17409324,G,A,-,-,-,-,-,-,SCV006294389,-,-
4184120,single nucleotide variant,NM_000525.4(KCNJ11):c.315C>T (p.Gly105=),3767,KCNJ11,HGNC:6257,Uncertain significance,0,"Jan 06, 2025",-1,-,RCV005620065,"MONDO:MONDO:0100164,MedGen:C1833104,OMIM:PS606176,Orphanet:99885",Permanent neonatal diabetes mellitus,germline,germline,GRCh38,NC_000011.10,11,17387777,17387777,na,na,11p15.1,no assertion criteria provided,1,-,N,-,2,4069725,17387777,G,A,-,-,-,-,-,-,SCV006294389,-,-
4184425,single nucleotide variant,NM_000162.5(GCK):c.466C>A (p.His156Asn),2645,GCK,HGNC:4195,Likely pathogenic,1,"Jan 17, 2025",-1,-,RCV005620528,MedGen:C3661900,not provided,germline,germline,GRCh37,NC_000007.13,7,44190572,44190572,na,na,7p13,"criteria provided, single submitter",1,-,N,-,2,4070585,44190572,G,T,-,-,-,-,-,-,SCV006297424,-,-
4184425,single nucleotide variant,NM_000162.5(GCK):c.466C>A (p.His156Asn),2645,GCK,HGNC:4195,Likely pathogenic,1,"Jan 17, 2025",-1,-,RCV005620528,MedGen:C3661900,not provided,germline,germline,GRCh38,NC_000007.14,7,44150973,44150973,na,na,7p13,"criteria provided, single submitter",1,-,N,-,2,4070585,44150973,G,T,-,-,-,-,-,-,SCV006297424,-,-
4184677,single nucleotide variant,NM_000352.6(ABCC8):c.2297G>C (p.Arg766Thr),6833,ABCC8,HGNC:59,Uncertain significance,0,"Jan 21, 2025",-1,-,RCV005620780,MedGen:C3661900,not provided,germline,germline,GRCh37,NC_000011.9,11,17436152,17436152,na,na,11p15.1,"criteria provided, single submitter",1,-,N,-,2,4070837,17436152,C,G,-,-,-,-,-,-,SCV006297854,-,-
4184677,single nucleotide variant,NM_000352.6(ABCC8):c.2297G>C (p.Arg766Thr),6833,ABCC8,HGNC:59,Uncertain significance,0,"Jan 21, 2025",-1,-,RCV005620780,MedGen:C3661900,not provided,germline,germline,GRCh38,NC_000011.10,11,17414605,17414605,na,na,11p15.1,"criteria provided, single submitter",1,-,N,-,2,4070837,17414605,C,G,-,-,-,-,-,-,SCV006297854,-,-
4185372,single nucleotide variant,NM_000162.5(GCK):c.40G>C (p.Glu14Gln),2645,GCK,HGNC:4195,Uncertain significance,0,"Jul 16, 2025",-1,-,RCV005622373,"MONDO:MONDO:0015967,MedGen:C3888631,Orphanet:183625",Monogenic diabetes,germline,germline,GRCh37,NC_000007.13,7,44228513,44228513,na,na,7p13,reviewed by expert panel,1,-,N,-,2,4071498,44228513,C,G,-,-,-,-,-,-,SCV006301696,-,-
4185372,single nucleotide variant,NM_000162.5(GCK):c.40G>C (p.Glu14Gln),2645,GCK,HGNC:4195,Uncertain significance,0,"Jul 16, 2025",-1,-,RCV005622373,"MONDO:MONDO:0015967,MedGen:C3888631,Orphanet:183625",Monogenic diabetes,germline,germline,GRCh38,NC_000007.14,7,44188914,44188914,na,na,7p13,reviewed by expert panel,1,-,N,-,2,4071498,44188914,C,G,-,-,-,-,-,-,SCV006301696,-,-
4185373,single nucleotide variant,NM_000162.5(GCK):c.1055T>G (p.Leu352Arg),2645,GCK,HGNC:4195,Likely pathogenic,1,"Jul 18, 2025",-1,-,RCV005622374,"MONDO:MONDO:0015967,MedGen:C3888631,Orphanet:183625",Monogenic diabetes,germline,germline,GRCh37,NC_000007.13,7,44185294,44185294,na,na,7p13,reviewed by expert panel,1,-,N,-,2,4071499,44185294,A,C,-,-,-,-,-,-,SCV006301698,-,-
4185373,single nucleotide variant,NM_000162.5(GCK):c.1055T>G (p.Leu352Arg),2645,GCK,HGNC:4195,Likely pathogenic,1,"Jul 18, 2025",-1,-,RCV005622374,"MONDO:MONDO:0015967,MedGen:C3888631,Orphanet:183625",Monogenic diabetes,germline,germline,GRCh38,NC_000007.14,7,44145695,44145695,na,na,7p13,reviewed by expert panel,1,-,N,-,2,4071499,44145695,A,C,-,-,-,-,-,-,SCV006301698,-,-
4185749,single nucleotide variant,NM_000352.6(ABCC8):c.4505T>G (p.Phe1502Cys),6833,ABCC8,HGNC:59,Uncertain significance,0,"Jan 28, 2025",-1,-,RCV005622744,MedGen:C3661900,not provided,germline,germline,GRCh37,NC_000011.9,11,17415853,17415853,na,na,11p15.1,"criteria provided, single submitter",1,-,N,-,2,4071876,17415853,A,C,-,-,-,-,-,-,SCV006302411,-,-
4185749,single nucleotide variant,NM_000352.6(ABCC8):c.4505T>G (p.Phe1502Cys),6833,ABCC8,HGNC:59,Uncertain significance,0,"Jan 28, 2025",-1,-,RCV005622744,MedGen:C3661900,not provided,germline,germline,GRCh38,NC_000011.10,11,17394306,17394306,na,na,11p15.1,"criteria provided, single submitter",1,-,N,-,2,4071876,17394306,A,C,-,-,-,-,-,-,SCV006302411,-,-
4186175,single nucleotide variant,NM_000352.6(ABCC8):c.4411+26G>C,6833,ABCC8,HGNC:59,Uncertain significance,0,"Jul 04, 2024",-1,-,RCV005623224,"MONDO:MONDO:0009734,MedGen:C2931832,OMIM:256450,Orphanet:276575,Orphanet:276598","Hyperinsulinemic hypoglycemia, familial, 1",germline,germline,GRCh37,NC_000011.9,11,17416693,17416693,na,na,11p15.1,"criteria provided, single submitter",1,-,N,-,2,4072303,17416693,C,G,-,-,-,-,-,-,SCV006303431,-,-
4186175,single nucleotide variant,NM_000352.6(ABCC8):c.4411+26G>C,6833,ABCC8,HGNC:59,Uncertain significance,0,"Jul 04, 2024",-1,-,RCV005623224,"MONDO:MONDO:0009734,MedGen:C2931832,OMIM:256450,Orphanet:276575,Orphanet:276598","Hyperinsulinemic hypoglycemia, familial, 1",germline,germline,GRCh38,NC_000011.10,11,17395146,17395146,na,na,11p15.1,"criteria provided, single submitter",1,-,N,-,2,4072303,17395146,C,G,-,-,-,-,-,-,SCV006303431,-,-
4186544,single nucleotide variant,NM_000352.6(ABCC8):c.2662C>G (p.His888Asp),6833,ABCC8,HGNC:59,Uncertain significance,0,"Feb 03, 2025",-1,-,RCV005623906,MedGen:C3661900,not provided,germline,germline,GRCh37,NC_000011.9,11,17432095,17432095,na,na,11p15.1,"criteria provided, single submitter",1,-,N,-,2,4072673,17432095,G,C,-,-,-,-,-,-,SCV006304216,-,-
4186544,single nucleotide variant,NM_000352.6(ABCC8):c.2662C>G (p.His888Asp),6833,ABCC8,HGNC:59,Uncertain significance,0,"Feb 03, 2025",-1,-,RCV005623906,MedGen:C3661900,not provided,germline,germline,GRCh38,NC_000011.10,11,17410548,17410548,na,na,11p15.1,"criteria provided, single submitter",1,-,N,-,2,4072673,17410548,G,C,-,-,-,-,-,-,SCV006304216,-,-
4189740,single nucleotide variant,NM_000162.5(GCK):c.1190G>C (p.Arg397Pro),2645,GCK,HGNC:4195,Likely pathogenic,1,"Jul 28, 2025",-1,-,RCV005629807,"MONDO:MONDO:0007453,MedGen:C0342277,OMIM:125851,Orphanet:552",Maturity-onset diabetes of the young type 2,germline,germline,GRCh37,NC_000007.13,7,44185159,44185159,na,na,7p13,"criteria provided, single submitter",1,-,N,-,2,4077058,44185159,C,G,-,-,-,-,-,-,SCV006311576,-,-
4189740,single nucleotide variant,NM_000162.5(GCK):c.1190G>C (p.Arg397Pro),2645,GCK,HGNC:4195,Likely pathogenic,1,"Jul 28, 2025",-1,-,RCV005629807,"MONDO:MONDO:0007453,MedGen:C0342277,OMIM:125851,Orphanet:552",Maturity-onset diabetes of the young type 2,germline,germline,GRCh38,NC_000007.14,7,44145560,44145560,na,na,7p13,"criteria provided, single submitter",1,-,N,-,2,4077058,44145560,C,G,-,-,-,-,-,-,SCV006311576,-,-
4192513,single nucleotide variant,NM_000352.6(ABCC8):c.1332+1005C>G,6833,ABCC8,HGNC:59,Uncertain significance,0,"Dec 20, 2023",-1,-,RCV005631746,MedGen:C3661900,not provided,germline,germline,GRCh37,NC_000011.9,11,17469058,17469058,na,na,11p15.1,"criteria provided, single submitter",1,-,N,-,2,4077772,17469058,G,C,-,-,-,-,-,-,SCV006312289,-,-
4192513,single nucleotide variant,NM_000352.6(ABCC8):c.1332+1005C>G,6833,ABCC8,HGNC:59,Uncertain significance,0,"Dec 20, 2023",-1,-,RCV005631746,MedGen:C3661900,not provided,germline,germline,GRCh38,NC_000011.10,11,17447511,17447511,na,na,11p15.1,"criteria provided, single submitter",1,-,N,-,2,4077772,17447511,G,C,-,-,-,-,-,-,SCV006312289,-,-
4193197,Deletion,NM_000352.6(ABCC8):c.860_866del (p.Ile287fs),6833,ABCC8,HGNC:59,Likely pathogenic,1,"Jul 09, 2024",-1,-,RCV005635099,MedGen:C3661900,not provided,germline,germline,GRCh37,NC_000011.9,11,17482180,17482186,na,na,11p15.1,"criteria provided, single submitter",1,-,N,-,2,4081075,17482179,CTGCCAGA,C,-,-,-,-,-,-,SCV006322207,-,-
4193197,Deletion,NM_000352.6(ABCC8):c.860_866del (p.Ile287fs),6833,ABCC8,HGNC:59,Likely pathogenic,1,"Jul 09, 2024",-1,-,RCV005635099,MedGen:C3661900,not provided,germline,germline,GRCh38,NC_000011.10,11,17460633,17460639,na,na,11p15.1,"criteria provided, single submitter",1,-,N,-,2,4081075,17460632,CTGCCAGA,C,-,-,-,-,-,-,SCV006322207,-,-
4193778,single nucleotide variant,NM_000525.4(KCNJ11):c.853G>T (p.Val285Phe),3767,KCNJ11,HGNC:6257,Uncertain significance,0,"Oct 24, 2024",-1,-,RCV005634565,MedGen:C3661900,not provided,germline,germline,GRCh37,NC_000011.9,11,17408786,17408786,na,na,11p15.1,"criteria provided, single submitter",1,-,N,-,2,4079053,17408786,C,A,-,-,-,-,-,-,SCV006316642,-,-
4193778,single nucleotide variant,NM_000525.4(KCNJ11):c.853G>T (p.Val285Phe),3767,KCNJ11,HGNC:6257,Uncertain significance,0,"Oct 24, 2024",-1,-,RCV005634565,MedGen:C3661900,not provided,germline,germline,GRCh38,NC_000011.10,11,17387239,17387239,na,na,11p15.1,"criteria provided, single submitter",1,-,N,-,2,4079053,17387239,C,A,-,-,-,-,-,-,SCV006316642,-,-
4195113,single nucleotide variant,NM_000352.6(ABCC8):c.2062T>C (p.Trp688Arg),6833,ABCC8,HGNC:59,Uncertain significance,0,"Aug 16, 2024",-1,-,RCV005638891,MedGen:C3661900,not provided,germline,germline,GRCh37,NC_000011.9,11,17449468,17449468,na,na,11p15.1,"criteria provided, single submitter",1,-,N,-,2,4082427,17449468,A,G,-,-,-,-,-,-,SCV006325151,-,-
4195113,single nucleotide variant,NM_000352.6(ABCC8):c.2062T>C (p.Trp688Arg),6833,ABCC8,HGNC:59,Uncertain significance,0,"Aug 16, 2024",-1,-,RCV005638891,MedGen:C3661900,not provided,germline,germline,GRCh38,NC_000011.10,11,17427921,17427921,na,na,11p15.1,"criteria provided, single submitter",1,-,N,-,2,4082427,17427921,A,G,-,-,-,-,-,-,SCV006325151,-,-
4195129,Duplication,NM_000162.5(GCK):c.679+1_679+2dup,2645,GCK,HGNC:4195,Likely pathogenic,1,"Jun 08, 2023",-1,-,RCV005638907,MedGen:C3661900,not provided,germline,germline,GRCh37,NC_000007.13,7,44189356,44189357,na,na,7p13,"criteria provided, single submitter",1,-,N,-,2,4082443,44189356,T,TAC,-,-,-,-,-,-,SCV006325213,-,-
4195129,Duplication,NM_000162.5(GCK):c.679+1_679+2dup,2645,GCK,HGNC:4195,Likely pathogenic,1,"Jun 08, 2023",-1,-,RCV005638907,MedGen:C3661900,not provided,germline,germline,GRCh38,NC_000007.14,7,44149757,44149758,na,na,7p13,"criteria provided, single submitter",1,-,N,-,2,4082443,44149757,T,TAC,-,-,-,-,-,-,SCV006325213,-,-
4195141,single nucleotide variant,NM_000352.6(ABCC8):c.3430C>T (p.Arg1144Cys),6833,ABCC8,HGNC:59,Uncertain significance,0,"Jan 18, 2023",-1,-,RCV005638919,MedGen:C3661900,not provided,germline,germline,GRCh37,NC_000011.9,11,17426186,17426186,na,na,11p15.1,"criteria provided, single submitter",1,-,N,-,2,4082455,17426186,G,A,-,-,-,-,-,-,SCV006325262,-,-
4195141,single nucleotide variant,NM_000352.6(ABCC8):c.3430C>T (p.Arg1144Cys),6833,ABCC8,HGNC:59,Uncertain significance,0,"Jan 18, 2023",-1,-,RCV005638919,MedGen:C3661900,not provided,germline,germline,GRCh38,NC_000011.10,11,17404639,17404639,na,na,11p15.1,"criteria provided, single submitter",1,-,N,-,2,4082455,17404639,G,A,-,-,-,-,-,-,SCV006325262,-,-
4195158,single nucleotide variant,NM_000352.6(ABCC8):c.4054C>T (p.Arg1352Cys),6833,ABCC8,HGNC:59,Uncertain significance,0,"Dec 07, 2023",-1,-,RCV005638936,MedGen:C3661900,not provided,germline,germline,GRCh37,NC_000011.9,11,17418528,17418528,na,na,11p15.1,"criteria provided, single submitter",1,-,N,-,2,4082472,17418528,G,A,-,-,-,-,-,-,SCV006325373,-,-
4195158,single nucleotide variant,NM_000352.6(ABCC8):c.4054C>T (p.Arg1352Cys),6833,ABCC8,HGNC:59,Uncertain significance,0,"Dec 07, 2023",-1,-,RCV005638936,MedGen:C3661900,not provided,germline,germline,GRCh38,NC_000011.10,11,17396981,17396981,na,na,11p15.1,"criteria provided, single submitter",1,-,N,-,2,4082472,17396981,G,A,-,-,-,-,-,-,SCV006325373,-,-
4197874,single nucleotide variant,NM_000162.5(GCK):c.46-4630C>T,2645,GCK,HGNC:4195,Uncertain significance,0,"Jun 01, 2025",-1,-,RCV005643217,MedGen:C3661900,not provided,germline,germline,GRCh37,NC_000007.13,7,44197692,44197692,na,na,7p13,"criteria provided, single submitter",1,-,N,-,2,4085189,44197692,G,A,-,-,-,-,-,-,SCV006331920,-,-
4197874,single nucleotide variant,NM_000162.5(GCK):c.46-4630C>T,2645,GCK,HGNC:4195,Uncertain significance,0,"Jun 01, 2025",-1,-,RCV005643217,MedGen:C3661900,not provided,germline,germline,GRCh38,NC_000007.14,7,44158093,44158093,na,na,7p13,"criteria provided, single submitter",1,-,N,-,2,4085189,44158093,G,A,-,-,-,-,-,-,SCV006331920,-,-
4198968,single nucleotide variant,NM_000352.6(ABCC8):c.3115A>G (p.Ser1039Gly),6833,ABCC8,HGNC:59,Uncertain significance,0,"Mar 21, 2025",-1,-,RCV005646092,MedGen:C3661900,not provided,germline,germline,GRCh37,NC_000011.9,11,17428482,17428482,na,na,11p15.1,"criteria provided, single submitter",1,-,N,-,2,4086275,17428482,T,C,-,-,-,-,-,-,SCV006333828,-,-
4198968,single nucleotide variant,NM_000352.6(ABCC8):c.3115A>G (p.Ser1039Gly),6833,ABCC8,HGNC:59,Uncertain significance,0,"Mar 21, 2025",-1,-,RCV005646092,MedGen:C3661900,not provided,germline,germline,GRCh38,NC_000011.10,11,17406935,17406935,na,na,11p15.1,"criteria provided, single submitter",1,-,N,-,2,4086275,17406935,T,C,-,-,-,-,-,-,SCV006333828,-,-
4199114,single nucleotide variant,NM_000525.4(KCNJ11):c.1071A>T (p.Glu357Asp),3767,KCNJ11,HGNC:6257,Uncertain significance,0,"Mar 21, 2025",-1,-,RCV005646238,MedGen:C3661900,not provided,germline,germline,GRCh37,NC_000011.9,11,17408568,17408568,na,na,11p15.1,"criteria provided, single submitter",1,-,N,-,2,4086421,17408568,T,A,-,-,-,-,-,-,SCV006334055,-,-
4199114,single nucleotide variant,NM_000525.4(KCNJ11):c.1071A>T (p.Glu357Asp),3767,KCNJ11,HGNC:6257,Uncertain significance,0,"Mar 21, 2025",-1,-,RCV005646238,MedGen:C3661900,not provided,germline,germline,GRCh38,NC_000011.10,11,17387021,17387021,na,na,11p15.1,"criteria provided, single submitter",1,-,N,-,2,4086421,17387021,T,A,-,-,-,-,-,-,SCV006334055,-,-
4200351,single nucleotide variant,NM_000162.5(GCK):c.679+5G>C,2645,GCK,HGNC:4195,Pathogenic,1,"Sep 17, 2025",-1,-,RCV005647442,"MONDO:MONDO:0015967,MedGen:C3888631,Orphanet:183625",Monogenic diabetes,germline,germline,GRCh37,NC_000007.13,7,44189354,44189354,na,na,7p13,reviewed by expert panel,1,-,N,-,2,4087765,44189354,C,G,-,-,-,-,-,-,SCV006336864,-,-
4200351,single nucleotide variant,NM_000162.5(GCK):c.679+5G>C,2645,GCK,HGNC:4195,Pathogenic,1,"Sep 17, 2025",-1,-,RCV005647442,"MONDO:MONDO:0015967,MedGen:C3888631,Orphanet:183625",Monogenic diabetes,germline,germline,GRCh38,NC_000007.14,7,44149755,44149755,na,na,7p13,reviewed by expert panel,1,-,N,-,2,4087765,44149755,C,G,-,-,-,-,-,-,SCV006336864,-,-
4200790,single nucleotide variant,NM_000352.6(ABCC8):c.2975G>A (p.Arg992His),6833,ABCC8,HGNC:59,Uncertain significance,0,"Mar 26, 2025",-1,-,RCV005649210,MedGen:C3661900,not provided,germline,germline,GRCh37,NC_000011.9,11,17428622,17428622,na,na,11p15.1,"criteria provided, single submitter",1,-,N,-,2,4088167,17428622,C,T,-,-,-,-,-,-,SCV006338440,-,-
4200790,single nucleotide variant,NM_000352.6(ABCC8):c.2975G>A (p.Arg992His),6833,ABCC8,HGNC:59,Uncertain significance,0,"Mar 26, 2025",-1,-,RCV005649210,MedGen:C3661900,not provided,germline,germline,GRCh38,NC_000011.10,11,17407075,17407075,na,na,11p15.1,"criteria provided, single submitter",1,-,N,-,2,4088167,17407075,C,T,-,-,-,-,-,-,SCV006338440,-,-
4200818,Duplication,NM_000162.5(GCK):c.1141_1144dup (p.Cys382fs),2645,GCK,HGNC:4195,Pathogenic,1,"Jan 28, 2025",-1,-,RCV005649238,MedGen:C3661900,not provided,germline,germline,GRCh37,NC_000007.13,7,44185204,44185205,na,na,7p13,"criteria provided, single submitter",1,-,N,-,2,4088195,44185204,C,CACAT,-,-,-,-,-,-,SCV006338500,-,-
4200818,Duplication,NM_000162.5(GCK):c.1141_1144dup (p.Cys382fs),2645,GCK,HGNC:4195,Pathogenic,1,"Jan 28, 2025",-1,-,RCV005649238,MedGen:C3661900,not provided,germline,germline,GRCh38,NC_000007.14,7,44145605,44145606,na,na,7p13,"criteria provided, single submitter",1,-,N,-,2,4088195,44145605,C,CACAT,-,-,-,-,-,-,SCV006338500,-,-
4211293,single nucleotide variant,NM_000525.4(KCNJ11):c.513T>C (p.Thr171=),3767,KCNJ11,HGNC:6257,Likely benign,0,"Jul 24, 2025",-1,-,RCV005647815,"MeSH:D030342,MedGen:C0950123",Inborn genetic diseases,germline,germline,GRCh37,NC_000011.9,11,17409126,17409126,na,na,11p15.1,"criteria provided, single submitter",1,-,N,-,2,4090446,17409126,A,G,-,-,-,-,-,-,SCV006339180,-,-
4211293,single nucleotide variant,NM_000525.4(KCNJ11):c.513T>C (p.Thr171=),3767,KCNJ11,HGNC:6257,Likely benign,0,"Jul 24, 2025",-1,-,RCV005647815,"MeSH:D030342,MedGen:C0950123",Inborn genetic diseases,germline,germline,GRCh38,NC_000011.10,11,17387579,17387579,na,na,11p15.1,"criteria provided, single submitter",1,-,N,-,2,4090446,17387579,A,G,-,-,-,-,-,-,SCV006339180,-,-
4211294,single nucleotide variant,NM_000525.4(KCNJ11):c.1123A>T (p.Met375Leu),3767,KCNJ11,HGNC:6257,Uncertain significance,0,"Aug 03, 2025",-1,-,RCV005647816,"MeSH:D030342,MedGen:C0950123",Inborn genetic diseases,germline,germline,GRCh37,NC_000011.9,11,17408516,17408516,na,na,11p15.1,"criteria provided, single submitter",1,-,N,-,2,4090447,17408516,T,A,-,-,-,-,-,-,SCV006339182,-,-
4211294,single nucleotide variant,NM_000525.4(KCNJ11):c.1123A>T (p.Met375Leu),3767,KCNJ11,HGNC:6257,Uncertain significance,0,"Aug 03, 2025",-1,-,RCV005647816,"MeSH:D030342,MedGen:C0950123",Inborn genetic diseases,germline,germline,GRCh38,NC_000011.10,11,17386969,17386969,na,na,11p15.1,"criteria provided, single submitter",1,-,N,-,2,4090447,17386969,T,A,-,-,-,-,-,-,SCV006339182,-,-
4211295,single nucleotide variant,NM_000525.4(KCNJ11):c.641C>T (p.Thr214Ile),3767,KCNJ11,HGNC:6257,Uncertain significance,0,"Aug 15, 2025",-1,-,RCV005647817,"MeSH:D030342,MedGen:C0950123",Inborn genetic diseases,germline,germline,GRCh37,NC_000011.9,11,17408998,17408998,na,na,11p15.1,"criteria provided, single submitter",1,-,N,-,2,4090448,17408998,G,A,-,-,-,-,-,-,SCV006339183,-,-
4211295,single nucleotide variant,NM_000525.4(KCNJ11):c.641C>T (p.Thr214Ile),3767,KCNJ11,HGNC:6257,Uncertain significance,0,"Aug 15, 2025",-1,-,RCV005647817,"MeSH:D030342,MedGen:C0950123",Inborn genetic diseases,germline,germline,GRCh38,NC_000011.10,11,17387451,17387451,na,na,11p15.1,"criteria provided, single submitter",1,-,N,-,2,4090448,17387451,G,A,-,-,-,-,-,-,SCV006339183,-,-
4242508,single nucleotide variant,NM_000352.6(ABCC8):c.1054C>G (p.Leu352Val),6833,ABCC8,HGNC:59,Uncertain significance,0,"Jul 15, 2025",-1,-,RCV005699067,"MeSH:D030342,MedGen:C0950123",Inborn genetic diseases,germline,germline,GRCh37,NC_000011.9,11,17474788,17474788,na,na,11p15.1,"criteria provided, single submitter",1,-,N,-,2,4131660,17474788,G,C,-,-,-,-,-,-,SCV006387860,-,-
4242508,single nucleotide variant,NM_000352.6(ABCC8):c.1054C>G (p.Leu352Val),6833,ABCC8,HGNC:59,Uncertain significance,0,"Jul 15, 2025",-1,-,RCV005699067,"MeSH:D030342,MedGen:C0950123",Inborn genetic diseases,germline,germline,GRCh38,NC_000011.10,11,17453241,17453241,na,na,11p15.1,"criteria provided, single submitter",1,-,N,-,2,4131660,17453241,G,C,-,-,-,-,-,-,SCV006387860,-,-
4242582,single nucleotide variant,NM_000352.6(ABCC8):c.321C>T (p.Tyr107=),6833,ABCC8,HGNC:59,Likely benign,0,"Jul 21, 2025",-1,-,RCV005699141,"MeSH:D030342,MedGen:C0950123",Inborn genetic diseases,germline,germline,GRCh37,NC_000011.9,11,17491739,17491739,na,na,11p15.1,"criteria provided, single submitter",1,-,N,-,2,4131734,17491739,G,A,-,-,-,-,-,-,SCV006382442,-,-
4242582,single nucleotide variant,NM_000352.6(ABCC8):c.321C>T (p.Tyr107=),6833,ABCC8,HGNC:59,Likely benign,0,"Jul 21, 2025",-1,-,RCV005699141,"MeSH:D030342,MedGen:C0950123",Inborn genetic diseases,germline,germline,GRCh38,NC_000011.10,11,17470192,17470192,na,na,11p15.1,"criteria provided, single submitter",1,-,N,-,2,4131734,17470192,G,A,-,-,-,-,-,-,SCV006382442,-,-
4246145,single nucleotide variant,NM_000352.6(ABCC8):c.2118C>T (p.Gly706=),6833,ABCC8,HGNC:59,Likely benign,0,"Jul 06, 2025",-1,-,RCV005698813,"MeSH:D030342,MedGen:C0950123",Inborn genetic diseases,germline,germline,GRCh37,NC_000011.9,11,17448700,17448700,na,na,11p15.1,"criteria provided, single submitter",1,-,N,-,2,4131406,17448700,G,A,-,-,-,-,-,-,SCV006383213,-,-
4246145,single nucleotide variant,NM_000352.6(ABCC8):c.2118C>T (p.Gly706=),6833,ABCC8,HGNC:59,Likely benign,0,"Jul 06, 2025",-1,-,RCV005698813,"MeSH:D030342,MedGen:C0950123",Inborn genetic diseases,germline,germline,GRCh38,NC_000011.10,11,17427153,17427153,na,na,11p15.1,"criteria provided, single submitter",1,-,N,-,2,4131406,17427153,G,A,-,-,-,-,-,-,SCV006383213,-,-
4246334,single nucleotide variant,NM_000352.6(ABCC8):c.1918G>A (p.Ala640Thr),6833,ABCC8,HGNC:59,Uncertain significance,0,"Aug 06, 2025",-1,-,RCV005696828,"MeSH:D030342,MedGen:C0950123",Inborn genetic diseases,germline,germline,GRCh37,NC_000011.9,11,17450117,17450117,na,na,11p15.1,"criteria provided, single submitter",1,-,N,-,2,4132891,17450117,C,T,-,-,-,-,-,-,SCV006386837,-,-
4246334,single nucleotide variant,NM_000352.6(ABCC8):c.1918G>A (p.Ala640Thr),6833,ABCC8,HGNC:59,Uncertain significance,0,"Aug 06, 2025",-1,-,RCV005696828,"MeSH:D030342,MedGen:C0950123",Inborn genetic diseases,germline,germline,GRCh38,NC_000011.10,11,17428570,17428570,na,na,11p15.1,"criteria provided, single submitter",1,-,N,-,2,4132891,17428570,C,T,-,-,-,-,-,-,SCV006386837,-,-
4246432,single nucleotide variant,NM_000352.6(ABCC8):c.2588T>G (p.Leu863Arg),6833,ABCC8,HGNC:59,Uncertain significance,0,"Aug 14, 2025",-1,-,RCV005696926,"MeSH:D030342,MedGen:C0950123",Inborn genetic diseases,germline,germline,GRCh37,NC_000011.9,11,17432169,17432169,na,na,11p15.1,"criteria provided, single submitter",1,-,N,-,2,4132989,17432169,A,C,-,-,-,-,-,-,SCV006384750,-,-
4246432,single nucleotide variant,NM_000352.6(ABCC8):c.2588T>G (p.Leu863Arg),6833,ABCC8,HGNC:59,Uncertain significance,0,"Aug 14, 2025",-1,-,RCV005696926,"MeSH:D030342,MedGen:C0950123",Inborn genetic diseases,germline,germline,GRCh38,NC_000011.10,11,17410622,17410622,na,na,11p15.1,"criteria provided, single submitter",1,-,N,-,2,4132989,17410622,A,C,-,-,-,-,-,-,SCV006384750,-,-
4246527,single nucleotide variant,NM_000352.6(ABCC8):c.2952C>A (p.Asn984Lys),6833,ABCC8,HGNC:59,Uncertain significance,0,"Sep 01, 2025",-1,-,RCV005707445,"MeSH:D030342,MedGen:C0950123",Inborn genetic diseases,germline,germline,GRCh37,NC_000011.9,11,17428645,17428645,na,na,11p15.1,"criteria provided, single submitter",1,-,N,-,2,4133084,17428645,G,T,-,-,-,-,-,-,SCV006397033,-,-
4246527,single nucleotide variant,NM_000352.6(ABCC8):c.2952C>A (p.Asn984Lys),6833,ABCC8,HGNC:59,Uncertain significance,0,"Sep 01, 2025",-1,-,RCV005707445,"MeSH:D030342,MedGen:C0950123",Inborn genetic diseases,germline,germline,GRCh38,NC_000011.10,11,17407098,17407098,na,na,11p15.1,"criteria provided, single submitter",1,-,N,-,2,4133084,17407098,G,T,-,-,-,-,-,-,SCV006397033,-,-
4246600,single nucleotide variant,NM_000352.6(ABCC8):c.2111C>T (p.Pro704Leu),6833,ABCC8,HGNC:59,Uncertain significance,0,"Sep 10, 2025",-1,-,RCV005707502,"MeSH:D030342,MedGen:C0950123",Inborn genetic diseases,germline,germline,GRCh37,NC_000011.9,11,17449419,17449419,na,na,11p15.1,"criteria provided, single submitter",1,-,N,-,2,4133157,17449419,G,A,-,-,-,-,-,-,SCV006390292,-,-
4246600,single nucleotide variant,NM_000352.6(ABCC8):c.2111C>T (p.Pro704Leu),6833,ABCC8,HGNC:59,Uncertain significance,0,"Sep 10, 2025",-1,-,RCV005707502,"MeSH:D030342,MedGen:C0950123",Inborn genetic diseases,germline,germline,GRCh38,NC_000011.10,11,17427872,17427872,na,na,11p15.1,"criteria provided, single submitter",1,-,N,-,2,4133157,17427872,G,A,-,-,-,-,-,-,SCV006390292,-,-
4249413,single nucleotide variant,NM_000352.6(ABCC8):c.4526C>T (p.Ala1509Val),6833,ABCC8,HGNC:59,Uncertain significance,0,"Aug 12, 2025",-1,-,RCV005694393,"MeSH:D030342,MedGen:C0950123",Inborn genetic diseases,germline,germline,GRCh37,NC_000011.9,11,17415832,17415832,na,na,11p15.1,"criteria provided, single submitter",1,-,N,-,2,4132508,17415832,G,A,-,-,-,-,-,-,SCV006385239,-,-
4249413,single nucleotide variant,NM_000352.6(ABCC8):c.4526C>T (p.Ala1509Val),6833,ABCC8,HGNC:59,Uncertain significance,0,"Aug 12, 2025",-1,-,RCV005694393,"MeSH:D030342,MedGen:C0950123",Inborn genetic diseases,germline,germline,GRCh38,NC_000011.10,11,17394285,17394285,na,na,11p15.1,"criteria provided, single submitter",1,-,N,-,2,4132508,17394285,G,A,-,-,-,-,-,-,SCV006385239,-,-
4249509,single nucleotide variant,NM_000352.6(ABCC8):c.2019T>A (p.Asp673Glu),6833,ABCC8,HGNC:59,Uncertain significance,0,"Aug 21, 2025",-1,-,RCV005694489,"MeSH:D030342,MedGen:C0950123",Inborn genetic diseases,germline,germline,GRCh37,NC_000011.9,11,17449857,17449857,na,na,11p15.1,"criteria provided, single submitter",1,-,N,-,2,4132604,17449857,A,T,-,-,-,-,-,-,SCV006385336,-,-
4249509,single nucleotide variant,NM_000352.6(ABCC8):c.2019T>A (p.Asp673Glu),6833,ABCC8,HGNC:59,Uncertain significance,0,"Aug 21, 2025",-1,-,RCV005694489,"MeSH:D030342,MedGen:C0950123",Inborn genetic diseases,germline,germline,GRCh38,NC_000011.10,11,17428310,17428310,na,na,11p15.1,"criteria provided, single submitter",1,-,N,-,2,4132604,17428310,A,T,-,-,-,-,-,-,SCV006385336,-,-
4249599,single nucleotide variant,NM_000352.6(ABCC8):c.2238G>C (p.Glu746Asp),6833,ABCC8,HGNC:59,Uncertain significance,0,"Aug 22, 2025",-1,-,RCV005694579,"MeSH:D030342,MedGen:C0950123",Inborn genetic diseases,germline,germline,GRCh37,NC_000011.9,11,17438494,17438494,na,na,11p15.1,"criteria provided, single submitter",1,-,N,-,2,4132694,17438494,C,G,-,-,-,-,-,-,SCV006386640,-,-
4249599,single nucleotide variant,NM_000352.6(ABCC8):c.2238G>C (p.Glu746Asp),6833,ABCC8,HGNC:59,Uncertain significance,0,"Aug 22, 2025",-1,-,RCV005694579,"MeSH:D030342,MedGen:C0950123",Inborn genetic diseases,germline,germline,GRCh38,NC_000011.10,11,17416947,17416947,na,na,11p15.1,"criteria provided, single submitter",1,-,N,-,2,4132694,17416947,C,G,-,-,-,-,-,-,SCV006386640,-,-
4249696,single nucleotide variant,NM_000352.6(ABCC8):c.2728G>A (p.Glu910Lys),6833,ABCC8,HGNC:59,Uncertain significance,0,"Jul 01, 2025",-1,-,RCV005696728,"MeSH:D030342,MedGen:C0950123",Inborn genetic diseases,germline,germline,GRCh37,NC_000011.9,11,17430031,17430031,na,na,11p15.1,"criteria provided, single submitter",1,-,N,-,2,4132791,17430031,C,T,-,-,-,-,-,-,SCV006386737,-,-
4249696,single nucleotide variant,NM_000352.6(ABCC8):c.2728G>A (p.Glu910Lys),6833,ABCC8,HGNC:59,Uncertain significance,0,"Jul 01, 2025",-1,-,RCV005696728,"MeSH:D030342,MedGen:C0950123",Inborn genetic diseases,germline,germline,GRCh38,NC_000011.10,11,17408484,17408484,na,na,11p15.1,"criteria provided, single submitter",1,-,N,-,2,4132791,17408484,C,T,-,-,-,-,-,-,SCV006386737,-,-
4252816,single nucleotide variant,NM_000352.6(ABCC8):c.1307C>A (p.Pro436Gln),6833,ABCC8,HGNC:59,Uncertain significance,0,"Aug 25, 2025",-1,-,RCV005691430,"MeSH:D030342,MedGen:C0950123",Inborn genetic diseases,germline,germline,GRCh37,NC_000011.9,11,17470088,17470088,na,na,11p15.1,"criteria provided, single submitter",1,-,N,-,2,4132019,17470088,G,T,-,-,-,-,-,-,SCV006388625,-,-
4252816,single nucleotide variant,NM_000352.6(ABCC8):c.1307C>A (p.Pro436Gln),6833,ABCC8,HGNC:59,Uncertain significance,0,"Aug 25, 2025",-1,-,RCV005691430,"MeSH:D030342,MedGen:C0950123",Inborn genetic diseases,germline,germline,GRCh38,NC_000011.10,11,17448541,17448541,na,na,11p15.1,"criteria provided, single submitter",1,-,N,-,2,4132019,17448541,G,T,-,-,-,-,-,-,SCV006388625,-,-
4252914,single nucleotide variant,NM_000352.6(ABCC8):c.2382C>G (p.Asn794Lys),6833,ABCC8,HGNC:59,Uncertain significance,0,"Aug 06, 2025",-1,-,RCV005691528,"MeSH:D030342,MedGen:C0950123",Inborn genetic diseases,germline,germline,GRCh37,NC_000011.9,11,17436067,17436067,na,na,11p15.1,"criteria provided, single submitter",1,-,N,-,2,4132117,17436067,G,C,-,-,-,-,-,-,SCV006388723,-,-
4252914,single nucleotide variant,NM_000352.6(ABCC8):c.2382C>G (p.Asn794Lys),6833,ABCC8,HGNC:59,Uncertain significance,0,"Aug 06, 2025",-1,-,RCV005691528,"MeSH:D030342,MedGen:C0950123",Inborn genetic diseases,germline,germline,GRCh38,NC_000011.10,11,17414520,17414520,na,na,11p15.1,"criteria provided, single submitter",1,-,N,-,2,4132117,17414520,G,C,-,-,-,-,-,-,SCV006388723,-,-
4253204,single nucleotide variant,NM_000352.6(ABCC8):c.2926G>T (p.Ala976Ser),6833,ABCC8,HGNC:59,Uncertain significance,0,"Aug 10, 2025",-1,-,RCV005694292,"MeSH:D030342,MedGen:C0950123",Inborn genetic diseases,germline,germline,GRCh37,NC_000011.9,11,17428671,17428671,na,na,11p15.1,"criteria provided, single submitter",1,-,N,-,2,4132407,17428671,C,A,-,-,-,-,-,-,SCV006383309,-,-
4253204,single nucleotide variant,NM_000352.6(ABCC8):c.2926G>T (p.Ala976Ser),6833,ABCC8,HGNC:59,Uncertain significance,0,"Aug 10, 2025",-1,-,RCV005694292,"MeSH:D030342,MedGen:C0950123",Inborn genetic diseases,germline,germline,GRCh38,NC_000011.10,11,17407124,17407124,na,na,11p15.1,"criteria provided, single submitter",1,-,N,-,2,4132407,17407124,C,A,-,-,-,-,-,-,SCV006383309,-,-
4372408,single nucleotide variant,NM_000162.5(GCK):c.74T>C (p.Leu25Pro),2645,GCK,HGNC:4195,Likely pathogenic,1,"Jun 25, 2025",-1,-,RCV005845126,"Human Phenotype Ontology:HP:0004904,MONDO:MONDO:0018911,MedGen:C0342276,OMIM:PS125850,Orphanet:552",Maturity-onset diabetes of the young,germline,germline,GRCh37,NC_000007.13,7,44193034,44193034,na,na,7p13,"criteria provided, single submitter",1,-,N,-,2,4262524,44193034,A,G,-,-,-,-,-,-,SCV006530102,-,-
4372408,single nucleotide variant,NM_000162.5(GCK):c.74T>C (p.Leu25Pro),2645,GCK,HGNC:4195,Likely pathogenic,1,"Jun 25, 2025",-1,-,RCV005845126,"Human Phenotype Ontology:HP:0004904,MONDO:MONDO:0018911,MedGen:C0342276,OMIM:PS125850,Orphanet:552",Maturity-onset diabetes of the young,germline,germline,GRCh38,NC_000007.14,7,44153435,44153435,na,na,7p13,"criteria provided, single submitter",1,-,N,-,2,4262524,44153435,A,G,-,-,-,-,-,-,SCV006530102,-,-
4389769,Duplication,NM_000162.5(GCK):c.190dup (p.Ser64fs),2645,GCK,HGNC:4195,Likely pathogenic,1,"Aug 25, 2025",-1,-,RCV005859411,"MONDO:MONDO:0007453,MedGen:C0342277,OMIM:125851,Orphanet:552",Maturity-onset diabetes of the young type 2,germline,germline,GRCh37,NC_000007.13,7,44192917,44192918,na,na,7p13,"criteria provided, single submitter",1,-,N,-,2,4277269,44192917,G,GA,-,-,-,-,-,-,SCV006550666,-,-
4389769,Duplication,NM_000162.5(GCK):c.190dup (p.Ser64fs),2645,GCK,HGNC:4195,Likely pathogenic,1,"Aug 25, 2025",-1,-,RCV005859411,"MONDO:MONDO:0007453,MedGen:C0342277,OMIM:125851,Orphanet:552",Maturity-onset diabetes of the young type 2,germline,germline,GRCh38,NC_000007.14,7,44153318,44153319,na,na,7p13,"criteria provided, single submitter",1,-,N,-,2,4277269,44153318,G,GA,-,-,-,-,-,-,SCV006550666,-,-
4390090,single nucleotide variant,NM_000352.6(ABCC8):c.1433C>A (p.Ala478Asp),6833,ABCC8,HGNC:59,Likely pathogenic,1,"Sep 10, 2025",-1,-,RCV005860650,"MONDO:MONDO:0009734,MedGen:C2931832,OMIM:256450,Orphanet:276575,Orphanet:276598","Hyperinsulinemic hypoglycemia, familial, 1",germline,germline,GRCh37,NC_000011.9,11,17464759,17464759,na,na,11p15.1,"criteria provided, single submitter",1,-,N,-,2,4277582,17464759,G,T,-,-,-,-,-,-,SCV006551845,-,-
4390090,single nucleotide variant,NM_000352.6(ABCC8):c.1433C>A (p.Ala478Asp),6833,ABCC8,HGNC:59,Likely pathogenic,1,"Sep 10, 2025",-1,-,RCV005860650,"MONDO:MONDO:0009734,MedGen:C2931832,OMIM:256450,Orphanet:276575,Orphanet:276598","Hyperinsulinemic hypoglycemia, familial, 1",germline,germline,GRCh38,NC_000011.10,11,17443212,17443212,na,na,11p15.1,"criteria provided, single submitter",1,-,N,-,2,4277582,17443212,G,T,-,-,-,-,-,-,SCV006551845,-,-
4390388,single nucleotide variant,NM_000352.6(ABCC8):c.4151A>C (p.Lys1384Thr),6833,ABCC8,HGNC:59,Pathogenic,1,"Sep 10, 2025",-1,-,RCV005860948,"MONDO:MONDO:0009734,MedGen:C2931832,OMIM:256450,Orphanet:276575,Orphanet:276598","Hyperinsulinemic hypoglycemia, familial, 1",germline,germline,GRCh37,NC_000011.9,11,17417446,17417446,na,na,11p15.1,"criteria provided, single submitter",1,-,N,-,2,4277880,17417446,T,G,-,-,-,-,-,-,SCV006553166,-,-
4390388,single nucleotide variant,NM_000352.6(ABCC8):c.4151A>C (p.Lys1384Thr),6833,ABCC8,HGNC:59,Pathogenic,1,"Sep 10, 2025",-1,-,RCV005860948,"MONDO:MONDO:0009734,MedGen:C2931832,OMIM:256450,Orphanet:276575,Orphanet:276598","Hyperinsulinemic hypoglycemia, familial, 1",germline,germline,GRCh38,NC_000011.10,11,17395899,17395899,na,na,11p15.1,"criteria provided, single submitter",1,-,N,-,2,4277880,17395899,T,G,-,-,-,-,-,-,SCV006553166,-,-
4390415,single nucleotide variant,NM_000352.6(ABCC8):c.1304G>A (p.Cys435Tyr),6833,ABCC8,HGNC:59,Likely pathogenic,1,"Sep 10, 2025",-1,-,RCV005860975,"MONDO:MONDO:0009734,MedGen:C2931832,OMIM:256450,Orphanet:276575,Orphanet:276598","Hyperinsulinemic hypoglycemia, familial, 1",germline,germline,GRCh37,NC_000011.9,11,17470091,17470091,na,na,11p15.1,"criteria provided, single submitter",1,-,N,-,2,4277907,17470091,C,T,-,-,-,-,-,-,SCV006553215,-,-
4390415,single nucleotide variant,NM_000352.6(ABCC8):c.1304G>A (p.Cys435Tyr),6833,ABCC8,HGNC:59,Likely pathogenic,1,"Sep 10, 2025",-1,-,RCV005860975,"MONDO:MONDO:0009734,MedGen:C2931832,OMIM:256450,Orphanet:276575,Orphanet:276598","Hyperinsulinemic hypoglycemia, familial, 1",germline,germline,GRCh38,NC_000011.10,11,17448544,17448544,na,na,11p15.1,"criteria provided, single submitter",1,-,N,-,2,4277907,17448544,C,T,-,-,-,-,-,-,SCV006553215,-,-
4394886,single nucleotide variant,NM_000352.6(ABCC8):c.2921-10C>A,6833,ABCC8,HGNC:59,Likely pathogenic,1,"Apr 13, 2025",-1,-,RCV005869036,MedGen:C3661900,not provided,germline,germline,GRCh37,NC_000011.9,11,17428686,17428686,na,na,11p15.1,"criteria provided, single submitter",1,-,N,-,2,4282350,17428686,G,T,-,-,-,-,-,-,SCV006562317,-,-
4394886,single nucleotide variant,NM_000352.6(ABCC8):c.2921-10C>A,6833,ABCC8,HGNC:59,Likely pathogenic,1,"Apr 13, 2025",-1,-,RCV005869036,MedGen:C3661900,not provided,germline,germline,GRCh38,NC_000011.10,11,17407139,17407139,na,na,11p15.1,"criteria provided, single submitter",1,-,N,-,2,4282350,17407139,G,T,-,-,-,-,-,-,SCV006562317,-,-
4405199,single nucleotide variant,NM_000162.5(GCK):c.742G>T (p.Glu248Ter),2645,GCK,HGNC:4195,Pathogenic,1,"Jul 05, 2024",-1,-,RCV005884468,"MONDO:MONDO:0007453,MedGen:C0342277,OMIM:125851,Orphanet:552",Maturity-onset diabetes of the young type 2,germline,germline,GRCh37,NC_000007.13,7,44187370,44187370,na,na,7p13,"criteria provided, single submitter",1,-,N,-,2,4292671,44187370,C,A,-,-,-,-,-,-,SCV006585259,-,-
4405199,single nucleotide variant,NM_000162.5(GCK):c.742G>T (p.Glu248Ter),2645,GCK,HGNC:4195,Pathogenic,1,"Jul 05, 2024",-1,-,RCV005884468,"MONDO:MONDO:0007453,MedGen:C0342277,OMIM:125851,Orphanet:552",Maturity-onset diabetes of the young type 2,germline,germline,GRCh38,NC_000007.14,7,44147771,44147771,na,na,7p13,"criteria provided, single submitter",1,-,N,-,2,4292671,44147771,C,A,-,-,-,-,-,-,SCV006585259,-,-
4405396,single nucleotide variant,NM_000162.5(GCK):c.742G>A (p.Glu248Lys),2645,GCK,HGNC:4195,Uncertain significance,0,"Apr 22, 2025",-1,-,RCV005885659|RCV006490049,"MONDO:MONDO:0007453,MedGen:C0342277,OMIM:125851,Orphanet:552|MedGen:C3661900",Maturity-onset diabetes of the young type 2|not provided,germline,germline,GRCh37,NC_000007.13,7,44187370,44187370,na,na,7p13,"criteria provided, multiple submitters, no conflicts",2,-,N,-,2,4292870,44187370,C,T,-,-,-,-,-,-,SCV006581581|SCV007419083,-,-
4405396,single nucleotide variant,NM_000162.5(GCK):c.742G>A (p.Glu248Lys),2645,GCK,HGNC:4195,Uncertain significance,0,"Apr 22, 2025",-1,-,RCV005885659|RCV006490049,"MONDO:MONDO:0007453,MedGen:C0342277,OMIM:125851,Orphanet:552|MedGen:C3661900",Maturity-onset diabetes of the young type 2|not provided,germline,germline,GRCh38,NC_000007.14,7,44147771,44147771,na,na,7p13,"criteria provided, multiple submitters, no conflicts",2,-,N,-,2,4292870,44147771,C,T,-,-,-,-,-,-,SCV006581581|SCV007419083,-,-
4405523,Deletion,NM_000352.6(ABCC8):c.950del (p.Pro317fs),6833,ABCC8,HGNC:59,Pathogenic,1,"Feb 27, 2025",-1,-,RCV005885786,"MONDO:MONDO:0009734,MedGen:C2931832,OMIM:256450,Orphanet:276575,Orphanet:276598","Hyperinsulinemic hypoglycemia, familial, 1",germline,germline,GRCh37,NC_000011.9,11,17482096,17482096,na,na,11p15.1,"criteria provided, single submitter",1,-,N,-,2,4292997,17482095,TG,T,-,-,-,-,-,-,SCV006582972,-,-
4405523,Deletion,NM_000352.6(ABCC8):c.950del (p.Pro317fs),6833,ABCC8,HGNC:59,Pathogenic,1,"Feb 27, 2025",-1,-,RCV005885786,"MONDO:MONDO:0009734,MedGen:C2931832,OMIM:256450,Orphanet:276575,Orphanet:276598","Hyperinsulinemic hypoglycemia, familial, 1",germline,germline,GRCh38,NC_000011.10,11,17460549,17460549,na,na,11p15.1,"criteria provided, single submitter",1,-,N,-,2,4292997,17460548,TG,T,-,-,-,-,-,-,SCV006582972,-,-
4406164,single nucleotide variant,NM_000525.4(KCNJ11):c.176T>C (p.Val59Ala),3767,KCNJ11,HGNC:6257,Likely pathogenic,1,"Aug 14, 2024",-1,-,RCV005880972,"MONDO:MONDO:0030087,MedGen:C5394296,OMIM:618856","Diabetes mellitus, permanent neonatal 2",germline,germline,GRCh37,NC_000011.9,11,17409463,17409463,na,na,11p15.1,"criteria provided, single submitter",1,-,N,-,2,4293637,17409463,A,G,-,-,-,-,-,-,SCV006583346,-,-
4406164,single nucleotide variant,NM_000525.4(KCNJ11):c.176T>C (p.Val59Ala),3767,KCNJ11,HGNC:6257,Likely pathogenic,1,"Aug 14, 2024",-1,-,RCV005880972,"MONDO:MONDO:0030087,MedGen:C5394296,OMIM:618856","Diabetes mellitus, permanent neonatal 2",germline,germline,GRCh38,NC_000011.10,11,17387916,17387916,na,na,11p15.1,"criteria provided, single submitter",1,-,N,-,2,4293637,17387916,A,G,-,-,-,-,-,-,SCV006583346,-,-
4406583,Duplication,NM_000162.5(GCK):c.755_779dup (p.Phe260fs),2645,GCK,HGNC:4195,Likely pathogenic,1,"Feb 13, 2025",-1,-,RCV005882880,"MONDO:MONDO:0007453,MedGen:C0342277,OMIM:125851,Orphanet:552",Maturity-onset diabetes of the young type 2,germline,germline,GRCh37,NC_000007.13,7,44187332,44187333,na,na,7p13,"criteria provided, single submitter",1,-,N,-,2,4294058,44187332,G,GAAGGCGCCCCACTCGGTATTGACGC,-,-,-,-,-,-,SCV006582171,-,-
4406583,Duplication,NM_000162.5(GCK):c.755_779dup (p.Phe260fs),2645,GCK,HGNC:4195,Likely pathogenic,1,"Feb 13, 2025",-1,-,RCV005882880,"MONDO:MONDO:0007453,MedGen:C0342277,OMIM:125851,Orphanet:552",Maturity-onset diabetes of the young type 2,germline,germline,GRCh38,NC_000007.14,7,44147733,44147734,na,na,7p13,"criteria provided, single submitter",1,-,N,-,2,4294058,44147733,G,GAAGGCGCCCCACTCGGTATTGACGC,-,-,-,-,-,-,SCV006582171,-,-
4452394,single nucleotide variant,NM_000162.5(GCK):c.46-10C>G,2645,GCK,HGNC:4195,-,-1,-,-1,-,RCV006003269,"MONDO:MONDO:0006046,MedGen:C0279663",Ovarian serous cystadenocarcinoma,not applicable,not applicable,GRCh37,NC_000007.13,7,44193072,44193072,na,na,7p13,-,1,-,N,-,2,4337735,44193072,G,C,-,-,-,-,-,-,-,-,-
4452394,single nucleotide variant,NM_000162.5(GCK):c.46-10C>G,2645,GCK,HGNC:4195,-,-1,-,-1,-,RCV006003269,"MONDO:MONDO:0006046,MedGen:C0279663",Ovarian serous cystadenocarcinoma,not applicable,not applicable,GRCh38,NC_000007.14,7,44153473,44153473,na,na,7p13,-,1,-,N,-,2,4337735,44153473,G,C,-,-,-,-,-,-,-,-,-
4483804,single nucleotide variant,NM_000525.4(KCNJ11):c.-334G>T,3767,KCNJ11,HGNC:6257,-,-1,-,-1,-,RCV006045375,"MONDO:MONDO:0006046,MedGen:C0279663",Ovarian serous cystadenocarcinoma,not applicable,not applicable,GRCh37,NC_000011.9,11,17409972,17409972,na,na,11p15.1,-,1,-,N,-,2,4370020,17409972,C,A,-,-,-,-,-,-,-,-,-
4483804,single nucleotide variant,NM_000525.4(KCNJ11):c.-334G>T,3767,KCNJ11,HGNC:6257,-,-1,-,-1,-,RCV006045375,"MONDO:MONDO:0006046,MedGen:C0279663",Ovarian serous cystadenocarcinoma,not applicable,not applicable,GRCh38,NC_000011.10,11,17388425,17388425,na,na,11p15.1,-,1,-,N,-,2,4370020,17388425,C,A,-,-,-,-,-,-,-,-,-
4483805,single nucleotide variant,NM_001166290.2(KCNJ11):c.-64C>T,3767,KCNJ11,HGNC:6257,-,-1,-,-1,-,RCV006045376,"MONDO:MONDO:0006046,MedGen:C0279663",Ovarian serous cystadenocarcinoma,not applicable,not applicable,GRCh37,NC_000011.9,11,17410768,17410768,na,na,11p15.1,-,1,-,N,-,2,4370021,17410768,G,A,-,-,-,-,-,-,-,-,-
4483805,single nucleotide variant,NM_001166290.2(KCNJ11):c.-64C>T,3767,KCNJ11,HGNC:6257,-,-1,-,-1,-,RCV006045376,"MONDO:MONDO:0006046,MedGen:C0279663",Ovarian serous cystadenocarcinoma,not applicable,not applicable,GRCh38,NC_000011.10,11,17389221,17389221,na,na,11p15.1,-,1,-,N,-,2,4370021,17389221,G,A,-,-,-,-,-,-,-,-,-
4483806,single nucleotide variant,NM_000352.6(ABCC8):c.4119+154G>A,6833,ABCC8,HGNC:59,-,-1,-,-1,-,RCV006045377,"Human Phenotype Ontology:HP:0100522,MONDO:MONDO:0006456,MeSH:D013945,MedGen:C0040100,Orphanet:99867",Thymoma,not applicable,not applicable,GRCh37,NC_000011.9,11,17418309,17418309,na,na,11p15.1,-,1,-,N,-,2,4370022,17418309,C,T,-,-,-,-,-,-,-,-,-
4483806,single nucleotide variant,NM_000352.6(ABCC8):c.4119+154G>A,6833,ABCC8,HGNC:59,-,-1,-,-1,-,RCV006045377,"Human Phenotype Ontology:HP:0100522,MONDO:MONDO:0006456,MeSH:D013945,MedGen:C0040100,Orphanet:99867",Thymoma,not applicable,not applicable,GRCh38,NC_000011.10,11,17396762,17396762,na,na,11p15.1,-,1,-,N,-,2,4370022,17396762,C,T,-,-,-,-,-,-,-,-,-
4483807,single nucleotide variant,NM_000352.6(ABCC8):c.3337G>T (p.Glu1113Ter),6833,ABCC8,HGNC:59,-,-1,-,-1,-,RCV006045378,"Human Phenotype Ontology:HP:0002861,Human Phenotype Ontology:HP:0002887,Human Phenotype Ontology:HP:0006777,Human Phenotype Ontology:HP:0007474,MONDO:MONDO:0005105,MeSH:D008545,MedGen:C0025202",Melanoma,not applicable,not applicable,GRCh37,NC_000011.9,11,17427103,17427103,na,na,11p15.1,-,1,-,N,-,2,4370023,17427103,C,A,-,-,-,-,-,-,-,-,-
4483807,single nucleotide variant,NM_000352.6(ABCC8):c.3337G>T (p.Glu1113Ter),6833,ABCC8,HGNC:59,-,-1,-,-1,-,RCV006045378,"Human Phenotype Ontology:HP:0002861,Human Phenotype Ontology:HP:0002887,Human Phenotype Ontology:HP:0006777,Human Phenotype Ontology:HP:0007474,MONDO:MONDO:0005105,MeSH:D008545,MedGen:C0025202",Melanoma,not applicable,not applicable,GRCh38,NC_000011.10,11,17405556,17405556,na,na,11p15.1,-,1,-,N,-,2,4370023,17405556,C,A,-,-,-,-,-,-,-,-,-
4483809,single nucleotide variant,NM_000352.6(ABCC8):c.2707A>C (p.Lys903Gln),6833,ABCC8,HGNC:59,-,-1,-,-1,-,RCV006045380,"Human Phenotype Ontology:HP:0006770,MONDO:MONDO:0005005,MedGen:C0279702,Orphanet:319276",Clear cell carcinoma of kidney,not applicable,not applicable,GRCh37,NC_000011.9,11,17430052,17430052,na,na,11p15.1,-,1,-,N,-,2,4370025,17430052,T,G,-,-,-,-,-,-,-,-,-
4483809,single nucleotide variant,NM_000352.6(ABCC8):c.2707A>C (p.Lys903Gln),6833,ABCC8,HGNC:59,-,-1,-,-1,-,RCV006045380,"Human Phenotype Ontology:HP:0006770,MONDO:MONDO:0005005,MedGen:C0279702,Orphanet:319276",Clear cell carcinoma of kidney,not applicable,not applicable,GRCh38,NC_000011.10,11,17408505,17408505,na,na,11p15.1,-,1,-,N,-,2,4370025,17408505,T,G,-,-,-,-,-,-,-,-,-
4638174,single nucleotide variant,NM_000162.5(GCK):c.363+18C>T,2645,GCK,HGNC:4195,Benign,0,"Jul 18, 2025",-1,-,RCV006248577,MedGen:CN169374,not specified,germline,germline,GRCh37,NC_000007.13,7,44191852,44191852,na,na,7p13,"criteria provided, single submitter",1,-,N,-,2,4525774,44191852,G,A,-,-,-,-,-,-,SCV007094404,-,-
4638174,single nucleotide variant,NM_000162.5(GCK):c.363+18C>T,2645,GCK,HGNC:4195,Benign,0,"Jul 18, 2025",-1,-,RCV006248577,MedGen:CN169374,not specified,germline,germline,GRCh38,NC_000007.14,7,44152253,44152253,na,na,7p13,"criteria provided, single submitter",1,-,N,-,2,4525774,44152253,G,A,-,-,-,-,-,-,SCV007094404,-,-
4638276,single nucleotide variant,NM_000352.6(ABCC8):c.*17T>C,6833,ABCC8,HGNC:59,Uncertain significance,0,"Jul 15, 2025",-1,-,RCV006248680,MedGen:CN169374,not specified,germline,germline,GRCh37,NC_000011.9,11,17414521,17414521,na,na,11p15.1,"criteria provided, single submitter",1,-,N,-,2,4525877,17414521,A,G,-,-,-,-,-,-,SCV007094751,-,-
4638276,single nucleotide variant,NM_000352.6(ABCC8):c.*17T>C,6833,ABCC8,HGNC:59,Uncertain significance,0,"Jul 15, 2025",-1,-,RCV006248680,MedGen:CN169374,not specified,germline,germline,GRCh38,NC_000011.10,11,17392974,17392974,na,na,11p15.1,"criteria provided, single submitter",1,-,N,-,2,4525877,17392974,A,G,-,-,-,-,-,-,SCV007094751,-,-
4638663,single nucleotide variant,NM_000352.6(ABCC8):c.3394G>A (p.Asp1132Asn),6833,ABCC8,HGNC:59,Likely pathogenic,1,"Jul 23, 2025",-1,-,RCV006249068,"MONDO:MONDO:0017182,MedGen:C3888018,Orphanet:276525",Familial hyperinsulinism,germline,germline,GRCh37,NC_000011.9,11,17427046,17427046,na,na,11p15.1,"criteria provided, single submitter",1,-,N,-,2,4526265,17427046,C,T,-,-,-,-,-,-,SCV007095102,-,-
4638663,single nucleotide variant,NM_000352.6(ABCC8):c.3394G>A (p.Asp1132Asn),6833,ABCC8,HGNC:59,Likely pathogenic,1,"Jul 23, 2025",-1,-,RCV006249068,"MONDO:MONDO:0017182,MedGen:C3888018,Orphanet:276525",Familial hyperinsulinism,germline,germline,GRCh38,NC_000011.10,11,17405499,17405499,na,na,11p15.1,"criteria provided, single submitter",1,-,N,-,2,4526265,17405499,C,T,-,-,-,-,-,-,SCV007095102,-,-
4639993,single nucleotide variant,NM_000525.4(KCNJ11):c.622A>C (p.Ser208Arg),3767,KCNJ11,HGNC:6257,Uncertain significance,0,"Apr 23, 2025",-1,-,RCV006252229,MedGen:C3661900,not provided,germline,germline,GRCh37,NC_000011.9,11,17409017,17409017,na,na,11p15.1,"criteria provided, single submitter",1,-,N,-,2,4527605,17409017,T,G,-,-,-,-,-,-,SCV007097577,-,-
4639993,single nucleotide variant,NM_000525.4(KCNJ11):c.622A>C (p.Ser208Arg),3767,KCNJ11,HGNC:6257,Uncertain significance,0,"Apr 23, 2025",-1,-,RCV006252229,MedGen:C3661900,not provided,germline,germline,GRCh38,NC_000011.10,11,17387470,17387470,na,na,11p15.1,"criteria provided, single submitter",1,-,N,-,2,4527605,17387470,T,G,-,-,-,-,-,-,SCV007097577,-,-
4642658,single nucleotide variant,NM_000162.5(GCK):c.590T>A (p.Met197Lys),2645,GCK,HGNC:4195,Likely pathogenic,1,"Nov 26, 2025",-1,-,RCV006257242|RCV006475359,"MONDO:MONDO:0015967,MedGen:C3888631,Orphanet:183625|MedGen:C3661900",Monogenic diabetes|not provided,germline,germline,GRCh37,NC_000007.13,7,44189448,44189448,na,na,7p13,reviewed by expert panel,2,-,N,-,2,4531182,44189448,A,T,-,-,-,-,-,-,SCV007107110,-,-
4642658,single nucleotide variant,NM_000162.5(GCK):c.590T>A (p.Met197Lys),2645,GCK,HGNC:4195,Likely pathogenic,1,"Nov 26, 2025",-1,-,RCV006257242|RCV006475359,"MONDO:MONDO:0015967,MedGen:C3888631,Orphanet:183625|MedGen:C3661900",Monogenic diabetes|not provided,germline,germline,GRCh38,NC_000007.14,7,44149849,44149849,na,na,7p13,reviewed by expert panel,2,-,N,-,2,4531182,44149849,A,T,-,-,-,-,-,-,SCV007107110,-,-
4642659,single nucleotide variant,NM_000162.5(GCK):c.533G>C (p.Gly178Ala),2645,GCK,HGNC:4195,Likely pathogenic,1,"Nov 26, 2025",-1,-,RCV006257243,"MONDO:MONDO:0015967,MedGen:C3888631,Orphanet:183625",Monogenic diabetes,germline,germline,GRCh37,NC_000007.13,7,44189614,44189614,na,na,7p13,reviewed by expert panel,1,-,N,-,2,4531183,44189614,C,G,-,-,-,-,-,-,SCV007107112,-,-
4642659,single nucleotide variant,NM_000162.5(GCK):c.533G>C (p.Gly178Ala),2645,GCK,HGNC:4195,Likely pathogenic,1,"Nov 26, 2025",-1,-,RCV006257243,"MONDO:MONDO:0015967,MedGen:C3888631,Orphanet:183625",Monogenic diabetes,germline,germline,GRCh38,NC_000007.14,7,44150015,44150015,na,na,7p13,reviewed by expert panel,1,-,N,-,2,4531183,44150015,C,G,-,-,-,-,-,-,SCV007107112,-,-
4642660,single nucleotide variant,NM_000162.5(GCK):c.764C>G (p.Thr255Ser),2645,GCK,HGNC:4195,Pathogenic,1,"Nov 24, 2025",-1,-,RCV006257244,"MONDO:MONDO:0015967,MedGen:C3888631,Orphanet:183625",Monogenic diabetes,germline,germline,GRCh37,NC_000007.13,7,44187348,44187348,na,na,7p13,reviewed by expert panel,1,-,N,-,2,4531184,44187348,G,C,-,-,-,-,-,-,SCV007107113,-,-
4642660,single nucleotide variant,NM_000162.5(GCK):c.764C>G (p.Thr255Ser),2645,GCK,HGNC:4195,Pathogenic,1,"Nov 24, 2025",-1,-,RCV006257244,"MONDO:MONDO:0015967,MedGen:C3888631,Orphanet:183625",Monogenic diabetes,germline,germline,GRCh38,NC_000007.14,7,44147749,44147749,na,na,7p13,reviewed by expert panel,1,-,N,-,2,4531184,44147749,G,C,-,-,-,-,-,-,SCV007107113,-,-
4643545,Duplication,NM_000162.5(GCK):c.1303dup (p.Glu435fs),2645,GCK,HGNC:4195,Pathogenic,1,"Mar 25, 2025",-1,-,RCV006258289,"MONDO:MONDO:0007453,MedGen:C0342277,OMIM:125851,Orphanet:552",Maturity-onset diabetes of the young type 2,germline,germline,GRCh37,NC_000007.13,7,44184829,44184830,na,na,7p13,"criteria provided, single submitter",1,-,N,-,2,4532072,44184829,T,TC,-,-,-,-,-,-,SCV007108478,-,-
4643545,Duplication,NM_000162.5(GCK):c.1303dup (p.Glu435fs),2645,GCK,HGNC:4195,Pathogenic,1,"Mar 25, 2025",-1,-,RCV006258289,"MONDO:MONDO:0007453,MedGen:C0342277,OMIM:125851,Orphanet:552",Maturity-onset diabetes of the young type 2,germline,germline,GRCh38,NC_000007.14,7,44145230,44145231,na,na,7p13,"criteria provided, single submitter",1,-,N,-,2,4532072,44145230,T,TC,-,-,-,-,-,-,SCV007108478,-,-
4643803,single nucleotide variant,NM_000352.6(ABCC8):c.4211T>C (p.Ile1404Thr),6833,ABCC8,HGNC:59,Uncertain significance,0,"May 27, 2025",-1,-,RCV006259851,MedGen:C3661900,not provided,germline,germline,GRCh37,NC_000011.9,11,17417253,17417253,na,na,11p15.1,"criteria provided, single submitter",1,-,N,-,2,4532318,17417253,A,G,-,-,-,-,-,-,SCV007108689,-,-
4643803,single nucleotide variant,NM_000352.6(ABCC8):c.4211T>C (p.Ile1404Thr),6833,ABCC8,HGNC:59,Uncertain significance,0,"May 27, 2025",-1,-,RCV006259851,MedGen:C3661900,not provided,germline,germline,GRCh38,NC_000011.10,11,17395706,17395706,na,na,11p15.1,"criteria provided, single submitter",1,-,N,-,2,4532318,17395706,A,G,-,-,-,-,-,-,SCV007108689,-,-
4646241,single nucleotide variant,NM_000352.6(ABCC8):c.3432C>T (p.Arg1144=),6833,ABCC8,HGNC:59,Likely benign,0,"Nov 01, 2025",-1,-,RCV006263214,MedGen:C3661900,not provided,germline,germline,GRCh37,NC_000011.9,11,17426184,17426184,na,na,11p15.1,"criteria provided, single submitter",1,-,N,-,2,4534747,17426184,G,A,-,-,-,-,-,-,SCV007119031,-,-
4646241,single nucleotide variant,NM_000352.6(ABCC8):c.3432C>T (p.Arg1144=),6833,ABCC8,HGNC:59,Likely benign,0,"Nov 01, 2025",-1,-,RCV006263214,MedGen:C3661900,not provided,germline,germline,GRCh38,NC_000011.10,11,17404637,17404637,na,na,11p15.1,"criteria provided, single submitter",1,-,N,-,2,4534747,17404637,G,A,-,-,-,-,-,-,SCV007119031,-,-
4647260,single nucleotide variant,NM_000352.6(ABCC8):c.673C>A (p.Leu225Met),6833,ABCC8,HGNC:59,Uncertain significance,0,"Sep 04, 2025",-1,-,RCV006266466,MedGen:CN169374,not specified,germline,germline,GRCh37,NC_000011.9,11,17483279,17483279,na,na,11p15.1,"criteria provided, single submitter",1,-,N,-,2,4535767,17483279,G,T,-,-,-,-,-,-,SCV007119132,-,-
4647260,single nucleotide variant,NM_000352.6(ABCC8):c.673C>A (p.Leu225Met),6833,ABCC8,HGNC:59,Uncertain significance,0,"Sep 04, 2025",-1,-,RCV006266466,MedGen:CN169374,not specified,germline,germline,GRCh38,NC_000011.10,11,17461732,17461732,na,na,11p15.1,"criteria provided, single submitter",1,-,N,-,2,4535767,17461732,G,T,-,-,-,-,-,-,SCV007119132,-,-
4647542,single nucleotide variant,NM_000162.5(GCK):c.1207C>A (p.Arg403Ser),2645,GCK,HGNC:4195,Uncertain significance,0,"Sep 30, 2025",-1,-,RCV006267741,MedGen:CN169374,not specified,germline,germline,GRCh37,NC_000007.13,7,44185142,44185142,na,na,7p13,"criteria provided, single submitter",1,-,N,-,2,4536050,44185142,G,T,-,-,-,-,-,-,SCV007120955,-,-
4647542,single nucleotide variant,NM_000162.5(GCK):c.1207C>A (p.Arg403Ser),2645,GCK,HGNC:4195,Uncertain significance,0,"Sep 30, 2025",-1,-,RCV006267741,MedGen:CN169374,not specified,germline,germline,GRCh38,NC_000007.14,7,44145543,44145543,na,na,7p13,"criteria provided, single submitter",1,-,N,-,2,4536050,44145543,G,T,-,-,-,-,-,-,SCV007120955,-,-
4648076,single nucleotide variant,NM_000162.5(GCK):c.1301G>A (p.Cys434Tyr),2645,GCK,HGNC:4195,Uncertain significance,0,"Jun 05, 2025",-1,-,RCV006263566,MedGen:C3661900,not provided,germline,germline,GRCh37,NC_000007.13,7,44184832,44184832,na,na,7p13,"criteria provided, single submitter",1,-,N,-,2,4536588,44184832,C,T,-,-,-,-,-,-,SCV007122051,-,-
4648076,single nucleotide variant,NM_000162.5(GCK):c.1301G>A (p.Cys434Tyr),2645,GCK,HGNC:4195,Uncertain significance,0,"Jun 05, 2025",-1,-,RCV006263566,MedGen:C3661900,not provided,germline,germline,GRCh38,NC_000007.14,7,44145233,44145233,na,na,7p13,"criteria provided, single submitter",1,-,N,-,2,4536588,44145233,C,T,-,-,-,-,-,-,SCV007122051,-,-
4648267,single nucleotide variant,NM_000352.6(ABCC8):c.3778C>A (p.Leu1260Ile),6833,ABCC8,HGNC:59,Uncertain significance,0,"Nov 27, 2025",-1,-,RCV006270201,MedGen:CN169374,not specified,germline,germline,GRCh37,NC_000011.9,11,17419320,17419320,na,na,11p15.1,"criteria provided, single submitter",1,-,N,-,2,4536779,17419320,G,T,-,-,-,-,-,-,SCV007123533,-,-
4648267,single nucleotide variant,NM_000352.6(ABCC8):c.3778C>A (p.Leu1260Ile),6833,ABCC8,HGNC:59,Uncertain significance,0,"Nov 27, 2025",-1,-,RCV006270201,MedGen:CN169374,not specified,germline,germline,GRCh38,NC_000011.10,11,17397773,17397773,na,na,11p15.1,"criteria provided, single submitter",1,-,N,-,2,4536779,17397773,G,T,-,-,-,-,-,-,SCV007123533,-,-
4648717,Microsatellite,NM_000162.5(GCK):c.838_839del (p.Ser280fs),2645,GCK,HGNC:4195,Pathogenic,1,"Nov 24, 2025",-1,-,RCV006268554,"MONDO:MONDO:0015967,MedGen:C3888631,Orphanet:183625",Monogenic diabetes,germline,germline,GRCh37,NC_000007.13,7,44187273,44187274,na,na,7p13,"criteria provided, single submitter",1,-,N,-,2,4537229,44187272,GCT,G,-,-,-,-,-,-,SCV007124397,-,-
4648717,Microsatellite,NM_000162.5(GCK):c.838_839del (p.Ser280fs),2645,GCK,HGNC:4195,Pathogenic,1,"Nov 24, 2025",-1,-,RCV006268554,"MONDO:MONDO:0015967,MedGen:C3888631,Orphanet:183625",Monogenic diabetes,germline,germline,GRCh38,NC_000007.14,7,44147674,44147675,na,na,7p13,"criteria provided, single submitter",1,-,N,-,2,4537229,44147673,GCT,G,-,-,-,-,-,-,SCV007124397,-,-
4649350,Duplication,NM_000162.5(GCK):c.739dup (p.Asp247fs),2645,GCK,HGNC:4195,Likely pathogenic,1,"Jun 12, 2025",-1,-,RCV006271038,MedGen:C3661900,not provided,germline,germline,GRCh37,NC_000007.13,7,44187372,44187373,na,na,7p13,"criteria provided, single submitter",1,-,N,-,2,4537848,44187372,T,TC,-,-,-,-,-,-,SCV007125468,-,-
4649350,Duplication,NM_000162.5(GCK):c.739dup (p.Asp247fs),2645,GCK,HGNC:4195,Likely pathogenic,1,"Jun 12, 2025",-1,-,RCV006271038,MedGen:C3661900,not provided,germline,germline,GRCh38,NC_000007.14,7,44147773,44147774,na,na,7p13,"criteria provided, single submitter",1,-,N,-,2,4537848,44147773,T,TC,-,-,-,-,-,-,SCV007125468,-,-
4649399,single nucleotide variant,NM_000352.6(ABCC8):c.4516G>C (p.Glu1506Gln),6833,ABCC8,HGNC:59,Likely pathogenic,1,"Jun 06, 2025",-1,-,RCV006271087,MedGen:C3661900,not provided,germline,germline,GRCh37,NC_000011.9,11,17415842,17415842,na,na,11p15.1,"criteria provided, single submitter",1,-,N,-,2,4537897,17415842,C,G,-,-,-,-,-,-,SCV007125601,-,-
4649399,single nucleotide variant,NM_000352.6(ABCC8):c.4516G>C (p.Glu1506Gln),6833,ABCC8,HGNC:59,Likely pathogenic,1,"Jun 06, 2025",-1,-,RCV006271087,MedGen:C3661900,not provided,germline,germline,GRCh38,NC_000011.10,11,17394295,17394295,na,na,11p15.1,"criteria provided, single submitter",1,-,N,-,2,4537897,17394295,C,G,-,-,-,-,-,-,SCV007125601,-,-
4649501,Duplication,NM_000162.5(GCK):c.881dup (p.Gly295fs),2645,GCK,HGNC:4195,Likely pathogenic,1,"Jun 09, 2025",-1,-,RCV006271189,MedGen:C3661900,not provided,germline,germline,GRCh37,NC_000007.13,7,44186199,44186200,na,na,7p13,"criteria provided, single submitter",1,-,N,-,2,4537999,44186199,A,AC,-,-,-,-,-,-,SCV007125789,-,-
4649501,Duplication,NM_000162.5(GCK):c.881dup (p.Gly295fs),2645,GCK,HGNC:4195,Likely pathogenic,1,"Jun 09, 2025",-1,-,RCV006271189,MedGen:C3661900,not provided,germline,germline,GRCh38,NC_000007.14,7,44146600,44146601,na,na,7p13,"criteria provided, single submitter",1,-,N,-,2,4537999,44146600,A,AC,-,-,-,-,-,-,SCV007125789,-,-
4676217,single nucleotide variant,NM_000352.6(ABCC8):c.4426G>C (p.Glu1476Gln),6833,ABCC8,HGNC:59,Uncertain significance,0,"Oct 22, 2025",-1,-,RCV006296693,"MeSH:D030342,MedGen:C0950123",Inborn genetic diseases,germline,germline,GRCh37,NC_000011.9,11,17415932,17415932,na,na,11p15.1,"criteria provided, single submitter",1,-,N,-,2,4564306,17415932,C,G,-,-,-,-,-,-,SCV007157074,-,-
4676217,single nucleotide variant,NM_000352.6(ABCC8):c.4426G>C (p.Glu1476Gln),6833,ABCC8,HGNC:59,Uncertain significance,0,"Oct 22, 2025",-1,-,RCV006296693,"MeSH:D030342,MedGen:C0950123",Inborn genetic diseases,germline,germline,GRCh38,NC_000011.10,11,17394385,17394385,na,na,11p15.1,"criteria provided, single submitter",1,-,N,-,2,4564306,17394385,C,G,-,-,-,-,-,-,SCV007157074,-,-
4676226,single nucleotide variant,NM_000352.6(ABCC8):c.3817A>G (p.Arg1273Gly),6833,ABCC8,HGNC:59,Uncertain significance,0,"Nov 03, 2025",-1,-,RCV006296701,"MeSH:D030342,MedGen:C0950123",Inborn genetic diseases,germline,germline,GRCh37,NC_000011.9,11,17419281,17419281,na,na,11p15.1,"criteria provided, single submitter",1,-,N,-,2,4564315,17419281,T,C,-,-,-,-,-,-,SCV007157083,-,-
4676226,single nucleotide variant,NM_000352.6(ABCC8):c.3817A>G (p.Arg1273Gly),6833,ABCC8,HGNC:59,Uncertain significance,0,"Nov 03, 2025",-1,-,RCV006296701,"MeSH:D030342,MedGen:C0950123",Inborn genetic diseases,germline,germline,GRCh38,NC_000011.10,11,17397734,17397734,na,na,11p15.1,"criteria provided, single submitter",1,-,N,-,2,4564315,17397734,T,C,-,-,-,-,-,-,SCV007157083,-,-
4676236,single nucleotide variant,NM_000352.6(ABCC8):c.2024A>T (p.Asp675Val),6833,ABCC8,HGNC:59,Uncertain significance,0,"Nov 02, 2025",-1,-,RCV006296711,"MeSH:D030342,MedGen:C0950123",Inborn genetic diseases,germline,germline,GRCh37,NC_000011.9,11,17449852,17449852,na,na,11p15.1,"criteria provided, single submitter",1,-,N,-,2,4564325,17449852,T,A,-,-,-,-,-,-,SCV007157093,-,-
4676236,single nucleotide variant,NM_000352.6(ABCC8):c.2024A>T (p.Asp675Val),6833,ABCC8,HGNC:59,Uncertain significance,0,"Nov 02, 2025",-1,-,RCV006296711,"MeSH:D030342,MedGen:C0950123",Inborn genetic diseases,germline,germline,GRCh38,NC_000011.10,11,17428305,17428305,na,na,11p15.1,"criteria provided, single submitter",1,-,N,-,2,4564325,17428305,T,A,-,-,-,-,-,-,SCV007157093,-,-
4676244,single nucleotide variant,NM_000352.6(ABCC8):c.1447C>G (p.Gln483Glu),6833,ABCC8,HGNC:59,Uncertain significance,0,"Nov 19, 2025",-1,-,RCV006313162,"MeSH:D030342,MedGen:C0950123",Inborn genetic diseases,germline,germline,GRCh37,NC_000011.9,11,17464745,17464745,na,na,11p15.1,"criteria provided, single submitter",1,-,N,-,2,4564333,17464745,G,C,-,-,-,-,-,-,SCV007157101,-,-
4676244,single nucleotide variant,NM_000352.6(ABCC8):c.1447C>G (p.Gln483Glu),6833,ABCC8,HGNC:59,Uncertain significance,0,"Nov 19, 2025",-1,-,RCV006313162,"MeSH:D030342,MedGen:C0950123",Inborn genetic diseases,germline,germline,GRCh38,NC_000011.10,11,17443198,17443198,na,na,11p15.1,"criteria provided, single submitter",1,-,N,-,2,4564333,17443198,G,C,-,-,-,-,-,-,SCV007157101,-,-
4676254,single nucleotide variant,NM_000352.6(ABCC8):c.1865A>G (p.Glu622Gly),6833,ABCC8,HGNC:59,Uncertain significance,0,"Dec 10, 2025",-1,-,RCV006296728,"MeSH:D030342,MedGen:C0950123",Inborn genetic diseases,germline,germline,GRCh37,NC_000011.9,11,17450170,17450170,na,na,11p15.1,"criteria provided, single submitter",1,-,N,-,2,4564343,17450170,T,C,-,-,-,-,-,-,SCV007157111,-,-
4676254,single nucleotide variant,NM_000352.6(ABCC8):c.1865A>G (p.Glu622Gly),6833,ABCC8,HGNC:59,Uncertain significance,0,"Dec 10, 2025",-1,-,RCV006296728,"MeSH:D030342,MedGen:C0950123",Inborn genetic diseases,germline,germline,GRCh38,NC_000011.10,11,17428623,17428623,na,na,11p15.1,"criteria provided, single submitter",1,-,N,-,2,4564343,17428623,T,C,-,-,-,-,-,-,SCV007157111,-,-
4735796,single nucleotide variant,NM_000525.4(KCNJ11):c.562G>T (p.Val188Leu),3767,KCNJ11,HGNC:6257,Uncertain significance,0,"Oct 15, 2025",-1,-,RCV006364887,"MeSH:D030342,MedGen:C0950123",Inborn genetic diseases,germline,germline,GRCh37,NC_000011.9,11,17409077,17409077,na,na,11p15.1,"criteria provided, single submitter",1,-,N,-,2,4622529,17409077,C,A,-,-,-,-,-,-,SCV007230937,-,-
4735796,single nucleotide variant,NM_000525.4(KCNJ11):c.562G>T (p.Val188Leu),3767,KCNJ11,HGNC:6257,Uncertain significance,0,"Oct 15, 2025",-1,-,RCV006364887,"MeSH:D030342,MedGen:C0950123",Inborn genetic diseases,germline,germline,GRCh38,NC_000011.10,11,17387530,17387530,na,na,11p15.1,"criteria provided, single submitter",1,-,N,-,2,4622529,17387530,C,A,-,-,-,-,-,-,SCV007230937,-,-
4735797,single nucleotide variant,NM_000525.4(KCNJ11):c.702C>A (p.His234Gln),3767,KCNJ11,HGNC:6257,Uncertain significance,0,"Oct 29, 2025",-1,-,RCV006364888,"MeSH:D030342,MedGen:C0950123",Inborn genetic diseases,germline,germline,GRCh37,NC_000011.9,11,17408937,17408937,na,na,11p15.1,"criteria provided, single submitter",1,-,N,-,2,4622530,17408937,G,T,-,-,-,-,-,-,SCV007230938,-,-
4735797,single nucleotide variant,NM_000525.4(KCNJ11):c.702C>A (p.His234Gln),3767,KCNJ11,HGNC:6257,Uncertain significance,0,"Oct 29, 2025",-1,-,RCV006364888,"MeSH:D030342,MedGen:C0950123",Inborn genetic diseases,germline,germline,GRCh38,NC_000011.10,11,17387390,17387390,na,na,11p15.1,"criteria provided, single submitter",1,-,N,-,2,4622530,17387390,G,T,-,-,-,-,-,-,SCV007230938,-,-
4793564,Duplication,NM_000352.6(ABCC8):c.4384dup (p.Val1462fs),6833,ABCC8,HGNC:59,Pathogenic,1,"Jan 02, 2026",-1,-,RCV006437316,"MONDO:MONDO:0009734,MedGen:C2931832,OMIM:256450,Orphanet:276575,Orphanet:276598","Hyperinsulinemic hypoglycemia, familial, 1",unknown,unknown,GRCh37,NC_000011.9,11,17416745,17416746,na,na,11p15.1,"criteria provided, single submitter",1,-,N,-,2,4682121,17416745,A,AC,-,-,-,-,-,-,SCV007131294,-,-
4793564,Duplication,NM_000352.6(ABCC8):c.4384dup (p.Val1462fs),6833,ABCC8,HGNC:59,Pathogenic,1,"Jan 02, 2026",-1,-,RCV006437316,"MONDO:MONDO:0009734,MedGen:C2931832,OMIM:256450,Orphanet:276575,Orphanet:276598","Hyperinsulinemic hypoglycemia, familial, 1",unknown,unknown,GRCh38,NC_000011.10,11,17395198,17395199,na,na,11p15.1,"criteria provided, single submitter",1,-,N,-,2,4682121,17395198,A,AC,-,-,-,-,-,-,SCV007131294,-,-
4793646,single nucleotide variant,NM_000162.5(GCK):c.1242G>C (p.Lys414Asn),2645,GCK,HGNC:4195,Uncertain significance,0,"Jul 09, 2025",-1,-,RCV006437398,MedGen:C3661900,not provided,unknown,unknown,GRCh37,NC_000007.13,7,44185107,44185107,na,na,7p13,"criteria provided, single submitter",1,-,N,-,2,4682203,44185107,C,G,-,-,-,-,-,-,SCV007297308,-,-
4793646,single nucleotide variant,NM_000162.5(GCK):c.1242G>C (p.Lys414Asn),2645,GCK,HGNC:4195,Uncertain significance,0,"Jul 09, 2025",-1,-,RCV006437398,MedGen:C3661900,not provided,unknown,unknown,GRCh38,NC_000007.14,7,44145508,44145508,na,na,7p13,"criteria provided, single submitter",1,-,N,-,2,4682203,44145508,C,G,-,-,-,-,-,-,SCV007297308,-,-
4793806,single nucleotide variant,NM_000162.5(GCK):c.699C>T (p.Cys233=),2645,GCK,HGNC:4195,Uncertain significance,0,"Aug 29, 2025",-1,-,RCV006437561,MedGen:C3661900,not provided,unknown,unknown,GRCh37,NC_000007.13,7,44187413,44187413,na,na,7p13,"criteria provided, single submitter",1,-,N,-,2,4682366,44187413,G,A,-,-,-,-,-,-,SCV007297943,-,-
4793806,single nucleotide variant,NM_000162.5(GCK):c.699C>T (p.Cys233=),2645,GCK,HGNC:4195,Uncertain significance,0,"Aug 29, 2025",-1,-,RCV006437561,MedGen:C3661900,not provided,unknown,unknown,GRCh38,NC_000007.14,7,44147814,44147814,na,na,7p13,"criteria provided, single submitter",1,-,N,-,2,4682366,44147814,G,A,-,-,-,-,-,-,SCV007297943,-,-
4793887,single nucleotide variant,NM_000525.4(KCNJ11):c.1000G>A (p.Gly334Ser),3767,KCNJ11,HGNC:6257,Likely pathogenic,1,"Jan 09, 2025",-1,-,RCV006437642,MedGen:C3661900,not provided,unknown,unknown,GRCh37,NC_000011.9,11,17408639,17408639,na,na,11p15.1,"criteria provided, single submitter",1,-,N,-,2,4682447,17408639,C,T,-,-,-,-,-,-,SCV007297132,-,-
4793887,single nucleotide variant,NM_000525.4(KCNJ11):c.1000G>A (p.Gly334Ser),3767,KCNJ11,HGNC:6257,Likely pathogenic,1,"Jan 09, 2025",-1,-,RCV006437642,MedGen:C3661900,not provided,unknown,unknown,GRCh38,NC_000011.10,11,17387092,17387092,na,na,11p15.1,"criteria provided, single submitter",1,-,N,-,2,4682447,17387092,C,T,-,-,-,-,-,-,SCV007297132,-,-
4793915,single nucleotide variant,NM_000162.5(GCK):c.967C>T (p.Gln323Ter),2645,GCK,HGNC:4195,Pathogenic,1,"Jan 09, 2025",-1,-,RCV006437670,MedGen:C3661900,not provided,unknown,unknown,GRCh37,NC_000007.13,7,44186114,44186114,na,na,7p13,"criteria provided, single submitter",1,-,N,-,2,4682475,44186114,G,A,-,-,-,-,-,-,SCV007297562,-,-
4793915,single nucleotide variant,NM_000162.5(GCK):c.967C>T (p.Gln323Ter),2645,GCK,HGNC:4195,Pathogenic,1,"Jan 09, 2025",-1,-,RCV006437670,MedGen:C3661900,not provided,unknown,unknown,GRCh38,NC_000007.14,7,44146515,44146515,na,na,7p13,"criteria provided, single submitter",1,-,N,-,2,4682475,44146515,G,A,-,-,-,-,-,-,SCV007297562,-,-
4796501,single nucleotide variant,NM_000162.5(GCK):c.1105C>T (p.Arg369Cys),2645,GCK,HGNC:4195,Likely pathogenic,1,"Jul 07, 2025",-1,-,RCV006446885,MedGen:C3661900,not provided,germline,germline,GRCh37,NC_000007.13,7,44185244,44185244,na,na,7p13,"criteria provided, single submitter",1,-,N,-,2,4685066,44185244,G,A,-,-,-,-,-,-,SCV007329054,-,-
4796501,single nucleotide variant,NM_000162.5(GCK):c.1105C>T (p.Arg369Cys),2645,GCK,HGNC:4195,Likely pathogenic,1,"Jul 07, 2025",-1,-,RCV006446885,MedGen:C3661900,not provided,germline,germline,GRCh38,NC_000007.14,7,44145645,44145645,na,na,7p13,"criteria provided, single submitter",1,-,N,-,2,4685066,44145645,G,A,-,-,-,-,-,-,SCV007329054,-,-
4797125,single nucleotide variant,NM_000162.5(GCK):c.928G>A (p.Val310Met),2645,GCK,HGNC:4195,Uncertain significance,0,"Dec 03, 2024",-1,-,RCV006451708,MedGen:C3661900,not provided,germline,germline,GRCh37,NC_000007.13,7,44186153,44186153,na,na,7p13,"criteria provided, single submitter",1,-,N,-,2,4685664,44186153,C,T,-,-,-,-,-,-,SCV007332162,-,-
4797125,single nucleotide variant,NM_000162.5(GCK):c.928G>A (p.Val310Met),2645,GCK,HGNC:4195,Uncertain significance,0,"Dec 03, 2024",-1,-,RCV006451708,MedGen:C3661900,not provided,germline,germline,GRCh38,NC_000007.14,7,44146554,44146554,na,na,7p13,"criteria provided, single submitter",1,-,N,-,2,4685664,44146554,C,T,-,-,-,-,-,-,SCV007332162,-,-
4797352,single nucleotide variant,NM_000162.5(GCK):c.483+12G>A,2645,GCK,HGNC:4195,Likely benign,0,"Jun 17, 2025",-1,-,RCV006449600,MedGen:C3661900,not provided,germline,germline,GRCh37,NC_000007.13,7,44190543,44190543,na,na,7p13,"criteria provided, single submitter",1,-,N,-,2,4685891,44190543,C,T,-,-,-,-,-,-,SCV007330626,-,-
4797352,single nucleotide variant,NM_000162.5(GCK):c.483+12G>A,2645,GCK,HGNC:4195,Likely benign,0,"Jun 17, 2025",-1,-,RCV006449600,MedGen:C3661900,not provided,germline,germline,GRCh38,NC_000007.14,7,44150944,44150944,na,na,7p13,"criteria provided, single submitter",1,-,N,-,2,4685891,44150944,C,T,-,-,-,-,-,-,SCV007330626,-,-
4797372,single nucleotide variant,NM_000162.5(GCK):c.1231T>C (p.Ser411Pro),2645,GCK,HGNC:4195,Likely pathogenic,1,"Dec 02, 2024",-1,-,RCV006449620,MedGen:C3661900,not provided,germline,germline,GRCh37,NC_000007.13,7,44185118,44185118,na,na,7p13,"criteria provided, single submitter",1,-,N,-,2,4685911,44185118,A,G,-,-,-,-,-,-,SCV007330719,-,-
4797372,single nucleotide variant,NM_000162.5(GCK):c.1231T>C (p.Ser411Pro),2645,GCK,HGNC:4195,Likely pathogenic,1,"Dec 02, 2024",-1,-,RCV006449620,MedGen:C3661900,not provided,germline,germline,GRCh38,NC_000007.14,7,44145519,44145519,na,na,7p13,"criteria provided, single submitter",1,-,N,-,2,4685911,44145519,A,G,-,-,-,-,-,-,SCV007330719,-,-
4797375,single nucleotide variant,NM_000162.5(GCK):c.680-12C>T,2645,GCK,HGNC:4195,Likely benign,0,"Jan 02, 2025",-1,-,RCV006449623,MedGen:C3661900,not provided,germline,germline,GRCh37,NC_000007.13,7,44187444,44187444,na,na,7p13,"criteria provided, single submitter",1,-,N,-,2,4685914,44187444,G,A,-,-,-,-,-,-,SCV007330762,-,-
4797375,single nucleotide variant,NM_000162.5(GCK):c.680-12C>T,2645,GCK,HGNC:4195,Likely benign,0,"Jan 02, 2025",-1,-,RCV006449623,MedGen:C3661900,not provided,germline,germline,GRCh38,NC_000007.14,7,44147845,44147845,na,na,7p13,"criteria provided, single submitter",1,-,N,-,2,4685914,44147845,G,A,-,-,-,-,-,-,SCV007330762,-,-
4797964,single nucleotide variant,NM_000162.5(GCK):c.427A>G (p.Lys143Glu),2645,GCK,HGNC:4195,Uncertain significance,0,"Jul 18, 2025",-1,-,RCV006450696,MedGen:C3661900,not provided,germline,germline,GRCh37,NC_000007.13,7,44190611,44190611,na,na,7p13,"criteria provided, single submitter",1,-,N,-,2,4686507,44190611,T,C,-,-,-,-,-,-,SCV007334558,-,-
4797964,single nucleotide variant,NM_000162.5(GCK):c.427A>G (p.Lys143Glu),2645,GCK,HGNC:4195,Uncertain significance,0,"Jul 18, 2025",-1,-,RCV006450696,MedGen:C3661900,not provided,germline,germline,GRCh38,NC_000007.14,7,44151012,44151012,na,na,7p13,"criteria provided, single submitter",1,-,N,-,2,4686507,44151012,T,C,-,-,-,-,-,-,SCV007334558,-,-
4798205,single nucleotide variant,NM_000162.5(GCK):c.308C>A (p.Thr103Asn),2645,GCK,HGNC:4195,Uncertain significance,0,"Jul 25, 2025",-1,-,RCV006452067,MedGen:C3661900,not provided,germline,germline,GRCh37,NC_000007.13,7,44191925,44191925,na,na,7p13,"criteria provided, single submitter",1,-,N,-,2,4686733,44191925,G,T,-,-,-,-,-,-,SCV007335020,-,-
4798205,single nucleotide variant,NM_000162.5(GCK):c.308C>A (p.Thr103Asn),2645,GCK,HGNC:4195,Uncertain significance,0,"Jul 25, 2025",-1,-,RCV006452067,MedGen:C3661900,not provided,germline,germline,GRCh38,NC_000007.14,7,44152326,44152326,na,na,7p13,"criteria provided, single submitter",1,-,N,-,2,4686733,44152326,G,T,-,-,-,-,-,-,SCV007335020,-,-
4798587,single nucleotide variant,NM_000162.5(GCK):c.474C>A (p.Asp158Glu),2645,GCK,HGNC:4195,Uncertain significance,0,"Oct 22, 2025",-1,-,RCV006452933,MedGen:CN169374,not specified,germline,germline,GRCh37,NC_000007.13,7,44190564,44190564,na,na,7p13,"criteria provided, single submitter",1,-,N,-,2,4687117,44190564,G,T,-,-,-,-,-,-,SCV007336330,-,-
4798587,single nucleotide variant,NM_000162.5(GCK):c.474C>A (p.Asp158Glu),2645,GCK,HGNC:4195,Uncertain significance,0,"Oct 22, 2025",-1,-,RCV006452933,MedGen:CN169374,not specified,germline,germline,GRCh38,NC_000007.14,7,44150965,44150965,na,na,7p13,"criteria provided, single submitter",1,-,N,-,2,4687117,44150965,G,T,-,-,-,-,-,-,SCV007336330,-,-
4798722,single nucleotide variant,NM_000162.5(GCK):c.864-13G>A,2645,GCK,HGNC:4195,Likely benign,0,"Oct 16, 2025",-1,-,RCV006453068,MedGen:CN169374,not specified,germline,germline,GRCh37,NC_000007.13,7,44186230,44186230,na,na,7p13,"criteria provided, single submitter",1,-,N,-,2,4687252,44186230,C,T,-,-,-,-,-,-,SCV007337033,-,-
4798722,single nucleotide variant,NM_000162.5(GCK):c.864-13G>A,2645,GCK,HGNC:4195,Likely benign,0,"Oct 16, 2025",-1,-,RCV006453068,MedGen:CN169374,not specified,germline,germline,GRCh38,NC_000007.14,7,44146631,44146631,na,na,7p13,"criteria provided, single submitter",1,-,N,-,2,4687252,44146631,C,T,-,-,-,-,-,-,SCV007337033,-,-
4798822,single nucleotide variant,NM_000352.6(ABCC8):c.2820+4G>A,6833,ABCC8,HGNC:59,Uncertain significance,0,"Oct 13, 2025",-1,-,RCV006453168,MedGen:CN169374,not specified,germline,germline,GRCh37,NC_000011.9,11,17429935,17429935,na,na,11p15.1,"criteria provided, single submitter",1,-,N,-,2,4687352,17429935,C,T,-,-,-,-,-,-,SCV007337703,-,-
4798822,single nucleotide variant,NM_000352.6(ABCC8):c.2820+4G>A,6833,ABCC8,HGNC:59,Uncertain significance,0,"Oct 13, 2025",-1,-,RCV006453168,MedGen:CN169374,not specified,germline,germline,GRCh38,NC_000011.10,11,17408388,17408388,na,na,11p15.1,"criteria provided, single submitter",1,-,N,-,2,4687352,17408388,C,T,-,-,-,-,-,-,SCV007337703,-,-
4799067,single nucleotide variant,NM_000352.6(ABCC8):c.817C>T (p.Gln273Ter),6833,ABCC8,HGNC:59,Pathogenic,1,"Oct 03, 2025",-1,-,RCV006453411,"MONDO:MONDO:0017182,MedGen:C3888018,Orphanet:276525",Familial hyperinsulinism,germline,germline,GRCh37,NC_000011.9,11,17483135,17483135,na,na,11p15.1,"criteria provided, single submitter",1,-,N,-,2,4687597,17483135,G,A,-,-,-,-,-,-,SCV007337347,-,-
4799067,single nucleotide variant,NM_000352.6(ABCC8):c.817C>T (p.Gln273Ter),6833,ABCC8,HGNC:59,Pathogenic,1,"Oct 03, 2025",-1,-,RCV006453411,"MONDO:MONDO:0017182,MedGen:C3888018,Orphanet:276525",Familial hyperinsulinism,germline,germline,GRCh38,NC_000011.10,11,17461588,17461588,na,na,11p15.1,"criteria provided, single submitter",1,-,N,-,2,4687597,17461588,G,A,-,-,-,-,-,-,SCV007337347,-,-
4799068,Duplication,NM_000352.6(ABCC8):c.3650+5_3650+8dup,6833,ABCC8,HGNC:59,Uncertain significance,0,"Oct 03, 2025",-1,-,RCV006453412,MedGen:CN169374,not specified,germline,germline,GRCh37,NC_000011.9,11,17424199,17424200,na,na,11p15.1,"criteria provided, single submitter",1,-,N,-,2,4687598,17424199,G,GACTC,-,-,-,-,-,-,SCV007337348,-,-
4799068,Duplication,NM_000352.6(ABCC8):c.3650+5_3650+8dup,6833,ABCC8,HGNC:59,Uncertain significance,0,"Oct 03, 2025",-1,-,RCV006453412,MedGen:CN169374,not specified,germline,germline,GRCh38,NC_000011.10,11,17402652,17402653,na,na,11p15.1,"criteria provided, single submitter",1,-,N,-,2,4687598,17402652,G,GACTC,-,-,-,-,-,-,SCV007337348,-,-
4799124,single nucleotide variant,NM_000525.4(KCNJ11):c.139A>G (p.Lys47Glu),3767,KCNJ11,HGNC:6257,Uncertain significance,0,"Oct 31, 2025",-1,-,RCV006453957,MedGen:CN169374,not specified,germline,germline,GRCh37,NC_000011.9,11,17409500,17409500,na,na,11p15.1,"criteria provided, single submitter",1,-,N,-,2,4687654,17409500,T,C,-,-,-,-,-,-,SCV007337833,-,-
4799124,single nucleotide variant,NM_000525.4(KCNJ11):c.139A>G (p.Lys47Glu),3767,KCNJ11,HGNC:6257,Uncertain significance,0,"Oct 31, 2025",-1,-,RCV006453957,MedGen:CN169374,not specified,germline,germline,GRCh38,NC_000011.10,11,17387953,17387953,na,na,11p15.1,"criteria provided, single submitter",1,-,N,-,2,4687654,17387953,T,C,-,-,-,-,-,-,SCV007337833,-,-
4799147,single nucleotide variant,NM_000352.6(ABCC8):c.4373A>T (p.Gln1458Leu),6833,ABCC8,HGNC:59,Uncertain significance,0,"Oct 28, 2025",-1,-,RCV006453980,MedGen:CN169374,not specified,germline,germline,GRCh37,NC_000011.9,11,17416757,17416757,na,na,11p15.1,"criteria provided, single submitter",1,-,N,-,2,4687677,17416757,T,A,-,-,-,-,-,-,SCV007337925,-,-
4799147,single nucleotide variant,NM_000352.6(ABCC8):c.4373A>T (p.Gln1458Leu),6833,ABCC8,HGNC:59,Uncertain significance,0,"Oct 28, 2025",-1,-,RCV006453980,MedGen:CN169374,not specified,germline,germline,GRCh38,NC_000011.10,11,17395210,17395210,na,na,11p15.1,"criteria provided, single submitter",1,-,N,-,2,4687677,17395210,T,A,-,-,-,-,-,-,SCV007337925,-,-
4799148,single nucleotide variant,NM_000162.5(GCK):c.1180C>G (p.Arg394Gly),2645,GCK,HGNC:4195,Uncertain significance,0,"Oct 28, 2025",-1,-,RCV006453981,MedGen:CN169374,not specified,germline,germline,GRCh37,NC_000007.13,7,44185169,44185169,na,na,7p13,"criteria provided, single submitter",1,-,N,-,2,4687678,44185169,G,C,-,-,-,-,-,-,SCV007337926,-,-
4799148,single nucleotide variant,NM_000162.5(GCK):c.1180C>G (p.Arg394Gly),2645,GCK,HGNC:4195,Uncertain significance,0,"Oct 28, 2025",-1,-,RCV006453981,MedGen:CN169374,not specified,germline,germline,GRCh38,NC_000007.14,7,44145570,44145570,na,na,7p13,"criteria provided, single submitter",1,-,N,-,2,4687678,44145570,G,C,-,-,-,-,-,-,SCV007337926,-,-
4799151,single nucleotide variant,NM_000352.6(ABCC8):c.3626G>A (p.Gly1209Glu),6833,ABCC8,HGNC:59,Uncertain significance,0,"Oct 28, 2025",-1,-,RCV006453984,MedGen:CN169374,not specified,germline,germline,GRCh37,NC_000011.9,11,17424232,17424232,na,na,11p15.1,"criteria provided, single submitter",1,-,N,-,2,4687681,17424232,C,T,-,-,-,-,-,-,SCV007337931,-,-
4799151,single nucleotide variant,NM_000352.6(ABCC8):c.3626G>A (p.Gly1209Glu),6833,ABCC8,HGNC:59,Uncertain significance,0,"Oct 28, 2025",-1,-,RCV006453984,MedGen:CN169374,not specified,germline,germline,GRCh38,NC_000011.10,11,17402685,17402685,na,na,11p15.1,"criteria provided, single submitter",1,-,N,-,2,4687681,17402685,C,T,-,-,-,-,-,-,SCV007337931,-,-
4799180,single nucleotide variant,NM_000162.5(GCK):c.493C>T (p.Leu165Phe),2645,GCK,HGNC:4195,Likely pathogenic,1,"Oct 27, 2025",-1,-,RCV006454013,"MONDO:MONDO:0007453,MedGen:C0342277,OMIM:125851,Orphanet:552",Maturity-onset diabetes of the young type 2,germline,germline,GRCh37,NC_000007.13,7,44189654,44189654,na,na,7p13,"criteria provided, single submitter",1,-,N,-,2,4687710,44189654,G,A,-,-,-,-,-,-,SCV007338056,-,-
4799180,single nucleotide variant,NM_000162.5(GCK):c.493C>T (p.Leu165Phe),2645,GCK,HGNC:4195,Likely pathogenic,1,"Oct 27, 2025",-1,-,RCV006454013,"MONDO:MONDO:0007453,MedGen:C0342277,OMIM:125851,Orphanet:552",Maturity-onset diabetes of the young type 2,germline,germline,GRCh38,NC_000007.14,7,44150055,44150055,na,na,7p13,"criteria provided, single submitter",1,-,N,-,2,4687710,44150055,G,A,-,-,-,-,-,-,SCV007338056,-,-
4799271,single nucleotide variant,NM_000352.6(ABCC8):c.1924-6C>T,6833,ABCC8,HGNC:59,Uncertain significance,0,"Oct 23, 2025",-1,-,RCV006454104,MedGen:CN169374,not specified,germline,germline,GRCh37,NC_000011.9,11,17449958,17449958,na,na,11p15.1,"criteria provided, single submitter",1,-,N,-,2,4687801,17449958,G,A,-,-,-,-,-,-,SCV007336195,-,-
4799271,single nucleotide variant,NM_000352.6(ABCC8):c.1924-6C>T,6833,ABCC8,HGNC:59,Uncertain significance,0,"Oct 23, 2025",-1,-,RCV006454104,MedGen:CN169374,not specified,germline,germline,GRCh38,NC_000011.10,11,17428411,17428411,na,na,11p15.1,"criteria provided, single submitter",1,-,N,-,2,4687801,17428411,G,A,-,-,-,-,-,-,SCV007336195,-,-
4799343,single nucleotide variant,NM_000162.5(GCK):c.480T>A (p.Asp160Glu),2645,GCK,HGNC:4195,Likely pathogenic,1,"Jan 22, 2026",-1,-,RCV006454864,"MONDO:MONDO:0015967,MedGen:C3888631,Orphanet:183625",Monogenic diabetes,germline,germline,GRCh37,NC_000007.13,7,44190558,44190558,na,na,7p13,reviewed by expert panel,1,-,N,-,2,4687870,44190558,A,T,-,-,-,-,-,-,SCV007338189,-,-
4799343,single nucleotide variant,NM_000162.5(GCK):c.480T>A (p.Asp160Glu),2645,GCK,HGNC:4195,Likely pathogenic,1,"Jan 22, 2026",-1,-,RCV006454864,"MONDO:MONDO:0015967,MedGen:C3888631,Orphanet:183625",Monogenic diabetes,germline,germline,GRCh38,NC_000007.14,7,44150959,44150959,na,na,7p13,reviewed by expert panel,1,-,N,-,2,4687870,44150959,A,T,-,-,-,-,-,-,SCV007338189,-,-
4799344,single nucleotide variant,NM_000162.5(GCK):c.480T>G (p.Asp160Glu),2645,GCK,HGNC:4195,Likely pathogenic,1,"Jan 22, 2026",-1,-,RCV006454865,"MONDO:MONDO:0015967,MedGen:C3888631,Orphanet:183625",Monogenic diabetes,germline,germline,GRCh37,NC_000007.13,7,44190558,44190558,na,na,7p13,reviewed by expert panel,1,-,N,-,2,4687871,44190558,A,C,-,-,-,-,-,-,SCV007338190,-,-
4799344,single nucleotide variant,NM_000162.5(GCK):c.480T>G (p.Asp160Glu),2645,GCK,HGNC:4195,Likely pathogenic,1,"Jan 22, 2026",-1,-,RCV006454865,"MONDO:MONDO:0015967,MedGen:C3888631,Orphanet:183625",Monogenic diabetes,germline,germline,GRCh38,NC_000007.14,7,44150959,44150959,na,na,7p13,reviewed by expert panel,1,-,N,-,2,4687871,44150959,A,C,-,-,-,-,-,-,SCV007338190,-,-
4799345,single nucleotide variant,NM_000162.5(GCK):c.671T>G (p.Met224Arg),2645,GCK,HGNC:4195,Uncertain significance,0,"Jan 22, 2026",-1,-,RCV006454866,"MONDO:MONDO:0015967,MedGen:C3888631,Orphanet:183625",Monogenic diabetes,germline,germline,GRCh37,NC_000007.13,7,44189367,44189367,na,na,7p13,reviewed by expert panel,1,-,N,-,2,4687872,44189367,A,C,-,-,-,-,-,-,SCV007338194,-,-
4799345,single nucleotide variant,NM_000162.5(GCK):c.671T>G (p.Met224Arg),2645,GCK,HGNC:4195,Uncertain significance,0,"Jan 22, 2026",-1,-,RCV006454866,"MONDO:MONDO:0015967,MedGen:C3888631,Orphanet:183625",Monogenic diabetes,germline,germline,GRCh38,NC_000007.14,7,44149768,44149768,na,na,7p13,reviewed by expert panel,1,-,N,-,2,4687872,44149768,A,C,-,-,-,-,-,-,SCV007338194,-,-
4799346,single nucleotide variant,NM_000162.5(GCK):c.672G>T (p.Met224Ile),2645,GCK,HGNC:4195,Uncertain significance,0,"Jan 22, 2026",-1,-,RCV006454867,"MONDO:MONDO:0015967,MedGen:C3888631,Orphanet:183625",Monogenic diabetes,germline,germline,GRCh37,NC_000007.13,7,44189366,44189366,na,na,7p13,reviewed by expert panel,1,-,N,-,2,4687873,44189366,C,A,-,-,-,-,-,-,SCV007338195,-,-
4799346,single nucleotide variant,NM_000162.5(GCK):c.672G>T (p.Met224Ile),2645,GCK,HGNC:4195,Uncertain significance,0,"Jan 22, 2026",-1,-,RCV006454867,"MONDO:MONDO:0015967,MedGen:C3888631,Orphanet:183625",Monogenic diabetes,germline,germline,GRCh38,NC_000007.14,7,44149767,44149767,na,na,7p13,reviewed by expert panel,1,-,N,-,2,4687873,44149767,C,A,-,-,-,-,-,-,SCV007338195,-,-
4799347,single nucleotide variant,NM_000162.5(GCK):c.626C>G (p.Thr209Arg),2645,GCK,HGNC:4195,Likely pathogenic,1,"Jan 28, 2026",-1,-,RCV006454868,"MONDO:MONDO:0015967,MedGen:C3888631,Orphanet:183625",Monogenic diabetes,germline,germline,GRCh37,NC_000007.13,7,44189412,44189412,na,na,7p13,reviewed by expert panel,1,-,N,-,2,4687874,44189412,G,C,-,-,-,-,-,-,SCV007338199,-,-
4799347,single nucleotide variant,NM_000162.5(GCK):c.626C>G (p.Thr209Arg),2645,GCK,HGNC:4195,Likely pathogenic,1,"Jan 28, 2026",-1,-,RCV006454868,"MONDO:MONDO:0015967,MedGen:C3888631,Orphanet:183625",Monogenic diabetes,germline,germline,GRCh38,NC_000007.14,7,44149813,44149813,na,na,7p13,reviewed by expert panel,1,-,N,-,2,4687874,44149813,G,C,-,-,-,-,-,-,SCV007338199,-,-
4799348,single nucleotide variant,NM_000162.5(GCK):c.1248C>G (p.His416Gln),2645,GCK,HGNC:4195,Likely pathogenic,1,"Jan 28, 2026",-1,-,RCV006454869,"MONDO:MONDO:0015967,MedGen:C3888631,Orphanet:183625",Monogenic diabetes,germline,germline,GRCh37,NC_000007.13,7,44185101,44185101,na,na,7p13,reviewed by expert panel,1,-,N,-,2,4687875,44185101,G,C,-,-,-,-,-,-,SCV007338202,-,-
4799348,single nucleotide variant,NM_000162.5(GCK):c.1248C>G (p.His416Gln),2645,GCK,HGNC:4195,Likely pathogenic,1,"Jan 28, 2026",-1,-,RCV006454869,"MONDO:MONDO:0015967,MedGen:C3888631,Orphanet:183625",Monogenic diabetes,germline,germline,GRCh38,NC_000007.14,7,44145502,44145502,na,na,7p13,reviewed by expert panel,1,-,N,-,2,4687875,44145502,G,C,-,-,-,-,-,-,SCV007338202,-,-
4799349,single nucleotide variant,NM_000162.5(GCK):c.1248C>A (p.His416Gln),2645,GCK,HGNC:4195,Likely pathogenic,1,"Jan 07, 2026",-1,-,RCV006454870,"MONDO:MONDO:0015967,MedGen:C3888631,Orphanet:183625",Monogenic diabetes,germline,germline,GRCh37,NC_000007.13,7,44185101,44185101,na,na,7p13,reviewed by expert panel,1,-,N,-,2,4687876,44185101,G,T,-,-,-,-,-,-,SCV007338203,-,-
4799349,single nucleotide variant,NM_000162.5(GCK):c.1248C>A (p.His416Gln),2645,GCK,HGNC:4195,Likely pathogenic,1,"Jan 07, 2026",-1,-,RCV006454870,"MONDO:MONDO:0015967,MedGen:C3888631,Orphanet:183625",Monogenic diabetes,germline,germline,GRCh38,NC_000007.14,7,44145502,44145502,na,na,7p13,reviewed by expert panel,1,-,N,-,2,4687876,44145502,G,T,-,-,-,-,-,-,SCV007338203,-,-
4799350,single nucleotide variant,NM_000162.5(GCK):c.1246C>T (p.His416Tyr),2645,GCK,HGNC:4195,Likely pathogenic,1,"Jan 07, 2026",-1,-,RCV006454871,"MONDO:MONDO:0015967,MedGen:C3888631,Orphanet:183625",Monogenic diabetes,germline,germline,GRCh37,NC_000007.13,7,44185103,44185103,na,na,7p13,reviewed by expert panel,1,-,N,-,2,4687877,44185103,G,A,-,-,-,-,-,-,SCV007338204,-,-
4799350,single nucleotide variant,NM_000162.5(GCK):c.1246C>T (p.His416Tyr),2645,GCK,HGNC:4195,Likely pathogenic,1,"Jan 07, 2026",-1,-,RCV006454871,"MONDO:MONDO:0015967,MedGen:C3888631,Orphanet:183625",Monogenic diabetes,germline,germline,GRCh38,NC_000007.14,7,44145504,44145504,na,na,7p13,reviewed by expert panel,1,-,N,-,2,4687877,44145504,G,A,-,-,-,-,-,-,SCV007338204,-,-
4799351,single nucleotide variant,NM_000162.5(GCK):c.1246C>G (p.His416Asp),2645,GCK,HGNC:4195,Likely pathogenic,1,"Jan 07, 2026",-1,-,RCV006454872,"MONDO:MONDO:0015967,MedGen:C3888631,Orphanet:183625",Monogenic diabetes,germline,germline,GRCh37,NC_000007.13,7,44185103,44185103,na,na,7p13,reviewed by expert panel,1,-,N,-,2,4687878,44185103,G,C,-,-,-,-,-,-,SCV007338206,-,-
4799351,single nucleotide variant,NM_000162.5(GCK):c.1246C>G (p.His416Asp),2645,GCK,HGNC:4195,Likely pathogenic,1,"Jan 07, 2026",-1,-,RCV006454872,"MONDO:MONDO:0015967,MedGen:C3888631,Orphanet:183625",Monogenic diabetes,germline,germline,GRCh38,NC_000007.14,7,44145504,44145504,na,na,7p13,reviewed by expert panel,1,-,N,-,2,4687878,44145504,G,C,-,-,-,-,-,-,SCV007338206,-,-
4799352,single nucleotide variant,NM_000162.5(GCK):c.704T>G (p.Met235Arg),2645,GCK,HGNC:4195,Likely pathogenic,1,"Jan 22, 2026",-1,-,RCV006454873,"MONDO:MONDO:0015967,MedGen:C3888631,Orphanet:183625",Monogenic diabetes,germline,germline,GRCh37,NC_000007.13,7,44187408,44187408,na,na,7p13,reviewed by expert panel,1,-,N,-,2,4687879,44187408,A,C,-,-,-,-,-,-,SCV007338207,-,-
4799352,single nucleotide variant,NM_000162.5(GCK):c.704T>G (p.Met235Arg),2645,GCK,HGNC:4195,Likely pathogenic,1,"Jan 22, 2026",-1,-,RCV006454873,"MONDO:MONDO:0015967,MedGen:C3888631,Orphanet:183625",Monogenic diabetes,germline,germline,GRCh38,NC_000007.14,7,44147809,44147809,na,na,7p13,reviewed by expert panel,1,-,N,-,2,4687879,44147809,A,C,-,-,-,-,-,-,SCV007338207,-,-
4799878,Deletion,NM_000162.5(GCK):c.492_494del (p.Leu165del),2645,GCK,HGNC:4195,Uncertain significance,0,"Dec 10, 2025",-1,-,RCV006457813,MedGen:CN169374,not specified,germline,germline,GRCh37,NC_000007.13,7,44189653,44189655,na,na,7p13,"criteria provided, single submitter",1,-,N,-,2,4688418,44189652,GAGA,G,-,-,-,-,-,-,SCV007340767,-,-
4799878,Deletion,NM_000162.5(GCK):c.492_494del (p.Leu165del),2645,GCK,HGNC:4195,Uncertain significance,0,"Dec 10, 2025",-1,-,RCV006457813,MedGen:CN169374,not specified,germline,germline,GRCh38,NC_000007.14,7,44150054,44150056,na,na,7p13,"criteria provided, single submitter",1,-,N,-,2,4688418,44150053,GAGA,G,-,-,-,-,-,-,SCV007340767,-,-
4800501,single nucleotide variant,NM_000352.6(ABCC8):c.2820+5G>C,6833,ABCC8,HGNC:59,Uncertain significance,0,"Jan 22, 2026",-1,-,RCV006459583,MedGen:CN169374,not specified,germline,germline,GRCh37,NC_000011.9,11,17429934,17429934,na,na,11p15.1,"criteria provided, single submitter",1,-,N,-,2,4689042,17429934,C,G,-,-,-,-,-,-,SCV007344608,-,-
4800501,single nucleotide variant,NM_000352.6(ABCC8):c.2820+5G>C,6833,ABCC8,HGNC:59,Uncertain significance,0,"Jan 22, 2026",-1,-,RCV006459583,MedGen:CN169374,not specified,germline,germline,GRCh38,NC_000011.10,11,17408387,17408387,na,na,11p15.1,"criteria provided, single submitter",1,-,N,-,2,4689042,17408387,C,G,-,-,-,-,-,-,SCV007344608,-,-
4800613,single nucleotide variant,NM_000352.6(ABCC8):c.3640C>G (p.Arg1214Gly),6833,ABCC8,HGNC:59,Uncertain significance,0,"Jan 28, 2026",-1,-,RCV006460651,MedGen:CN169374,not specified,germline,germline,GRCh37,NC_000011.9,11,17424218,17424218,na,na,11p15.1,"criteria provided, single submitter",1,-,N,-,2,4689154,17424218,G,C,-,-,-,-,-,-,SCV007343799,-,-
4800613,single nucleotide variant,NM_000352.6(ABCC8):c.3640C>G (p.Arg1214Gly),6833,ABCC8,HGNC:59,Uncertain significance,0,"Jan 28, 2026",-1,-,RCV006460651,MedGen:CN169374,not specified,germline,germline,GRCh38,NC_000011.10,11,17402671,17402671,na,na,11p15.1,"criteria provided, single submitter",1,-,N,-,2,4689154,17402671,G,C,-,-,-,-,-,-,SCV007343799,-,-
4800912,single nucleotide variant,NM_000352.6(ABCC8):c.2920+4C>T,6833,ABCC8,HGNC:59,Uncertain significance,0,"Jan 12, 2026",-1,-,RCV006460952,MedGen:CN169374,not specified,germline,germline,GRCh37,NC_000011.9,11,17428897,17428897,na,na,11p15.1,"criteria provided, single submitter",1,-,N,-,2,4689455,17428897,G,A,-,-,-,-,-,-,SCV007345173,-,-
4800912,single nucleotide variant,NM_000352.6(ABCC8):c.2920+4C>T,6833,ABCC8,HGNC:59,Uncertain significance,0,"Jan 12, 2026",-1,-,RCV006460952,MedGen:CN169374,not specified,germline,germline,GRCh38,NC_000011.10,11,17407350,17407350,na,na,11p15.1,"criteria provided, single submitter",1,-,N,-,2,4689455,17407350,G,A,-,-,-,-,-,-,SCV007345173,-,-
4802378,single nucleotide variant,NM_000352.6(ABCC8):c.1590G>A (p.Met530Ile),6833,ABCC8,HGNC:59,Uncertain significance,0,"May 22, 2025",-1,-,RCV006490673,MedGen:C3661900,not provided,germline,germline,GRCh37,NC_000011.9,11,17464307,17464307,na,na,11p15.1,"criteria provided, single submitter",1,-,N,-,2,4693081,17464307,C,T,-,-,-,-,-,-,SCV007350320,-,-
4802378,single nucleotide variant,NM_000352.6(ABCC8):c.1590G>A (p.Met530Ile),6833,ABCC8,HGNC:59,Uncertain significance,0,"May 22, 2025",-1,-,RCV006490673,MedGen:C3661900,not provided,germline,germline,GRCh38,NC_000011.10,11,17442760,17442760,na,na,11p15.1,"criteria provided, single submitter",1,-,N,-,2,4693081,17442760,C,T,-,-,-,-,-,-,SCV007350320,-,-
4803686,single nucleotide variant,NM_000352.6(ABCC8):c.840C>T (p.Gly280=),6833,ABCC8,HGNC:59,Likely benign,0,"Dec 14, 2025",-1,-,RCV006482477,MedGen:C3661900,not provided,germline,germline,GRCh37,NC_000011.9,11,17482206,17482206,na,na,11p15.1,"criteria provided, single submitter",1,-,N,-,2,4698278,17482206,G,A,-,-,-,-,-,-,SCV007356962,-,-
4803686,single nucleotide variant,NM_000352.6(ABCC8):c.840C>T (p.Gly280=),6833,ABCC8,HGNC:59,Likely benign,0,"Dec 14, 2025",-1,-,RCV006482477,MedGen:C3661900,not provided,germline,germline,GRCh38,NC_000011.10,11,17460659,17460659,na,na,11p15.1,"criteria provided, single submitter",1,-,N,-,2,4698278,17460659,G,A,-,-,-,-,-,-,SCV007356962,-,-
4804664,single nucleotide variant,NM_000162.5(GCK):c.45+6T>G,2645,GCK,HGNC:4195,Uncertain significance,0,"Jun 12, 2025",-1,-,RCV006498248,MedGen:C3661900,not provided,germline,germline,GRCh37,NC_000007.13,7,44228502,44228502,na,na,7p13,"criteria provided, single submitter",1,-,N,-,2,4703141,44228502,A,C,-,-,-,-,-,-,SCV007373551,-,-
4804664,single nucleotide variant,NM_000162.5(GCK):c.45+6T>G,2645,GCK,HGNC:4195,Uncertain significance,0,"Jun 12, 2025",-1,-,RCV006498248,MedGen:C3661900,not provided,germline,germline,GRCh38,NC_000007.14,7,44188903,44188903,na,na,7p13,"criteria provided, single submitter",1,-,N,-,2,4703141,44188903,A,C,-,-,-,-,-,-,SCV007373551,-,-
4805147,single nucleotide variant,NM_000352.6(ABCC8):c.290+15G>A,6833,ABCC8,HGNC:59,Likely benign,0,"Dec 29, 2025",-1,-,RCV006485397,MedGen:C3661900,not provided,germline,germline,GRCh37,NC_000011.9,11,17496418,17496418,na,na,11p15.1,"criteria provided, single submitter",1,-,N,-,2,4690779,17496418,C,T,-,-,-,-,-,-,SCV007347300,-,-
4805147,single nucleotide variant,NM_000352.6(ABCC8):c.290+15G>A,6833,ABCC8,HGNC:59,Likely benign,0,"Dec 29, 2025",-1,-,RCV006485397,MedGen:C3661900,not provided,germline,germline,GRCh38,NC_000011.10,11,17474871,17474871,na,na,11p15.1,"criteria provided, single submitter",1,-,N,-,2,4690779,17474871,C,T,-,-,-,-,-,-,SCV007347300,-,-
4805481,single nucleotide variant,NM_000352.6(ABCC8):c.3399+11C>A,6833,ABCC8,HGNC:59,Likely benign,0,"Feb 07, 2025",-1,-,RCV006490195,MedGen:C3661900,not provided,germline,germline,GRCh37,NC_000011.9,11,17427030,17427030,na,na,11p15.1,"criteria provided, single submitter",1,-,N,-,2,4691113,17427030,G,T,-,-,-,-,-,-,SCV007347630,-,-
4805481,single nucleotide variant,NM_000352.6(ABCC8):c.3399+11C>A,6833,ABCC8,HGNC:59,Likely benign,0,"Feb 07, 2025",-1,-,RCV006490195,MedGen:C3661900,not provided,germline,germline,GRCh38,NC_000011.10,11,17405483,17405483,na,na,11p15.1,"criteria provided, single submitter",1,-,N,-,2,4691113,17405483,G,T,-,-,-,-,-,-,SCV007347630,-,-
4806048,single nucleotide variant,NM_000352.6(ABCC8):c.3970A>G (p.Ser1324Gly),6833,ABCC8,HGNC:59,Uncertain significance,0,"Mar 26, 2025",-1,-,RCV006481450,MedGen:C3661900,not provided,germline,germline,GRCh37,NC_000011.9,11,17418758,17418758,na,na,11p15.1,"criteria provided, single submitter",1,-,N,-,2,4694275,17418758,T,C,-,-,-,-,-,-,SCV007351722,-,-
4806048,single nucleotide variant,NM_000352.6(ABCC8):c.3970A>G (p.Ser1324Gly),6833,ABCC8,HGNC:59,Uncertain significance,0,"Mar 26, 2025",-1,-,RCV006481450,MedGen:C3661900,not provided,germline,germline,GRCh38,NC_000011.10,11,17397211,17397211,na,na,11p15.1,"criteria provided, single submitter",1,-,N,-,2,4694275,17397211,T,C,-,-,-,-,-,-,SCV007351722,-,-
4807160,single nucleotide variant,NM_000352.6(ABCC8):c.688T>C (p.Tyr230His),6833,ABCC8,HGNC:59,Uncertain significance,0,"Jan 27, 2026",-1,-,RCV006482180,MedGen:C3661900,not provided,germline,germline,GRCh37,NC_000011.9,11,17483264,17483264,na,na,11p15.1,"criteria provided, single submitter",1,-,N,-,2,4697981,17483264,A,G,-,-,-,-,-,-,SCV007356351,-,-
4807160,single nucleotide variant,NM_000352.6(ABCC8):c.688T>C (p.Tyr230His),6833,ABCC8,HGNC:59,Uncertain significance,0,"Jan 27, 2026",-1,-,RCV006482180,MedGen:C3661900,not provided,germline,germline,GRCh38,NC_000011.10,11,17461717,17461717,na,na,11p15.1,"criteria provided, single submitter",1,-,N,-,2,4697981,17461717,A,G,-,-,-,-,-,-,SCV007356351,-,-
4809635,single nucleotide variant,NM_000352.6(ABCC8):c.751G>A (p.Gly251Arg),6833,ABCC8,HGNC:59,Uncertain significance,0,"Jan 02, 2026",-1,-,RCV006481157,MedGen:C3661900,not provided,germline,germline,GRCh37,NC_000011.9,11,17483201,17483201,na,na,11p15.1,"criteria provided, single submitter",1,-,N,-,2,4693982,17483201,C,T,-,-,-,-,-,-,SCV007371664,-,-
4809635,single nucleotide variant,NM_000352.6(ABCC8):c.751G>A (p.Gly251Arg),6833,ABCC8,HGNC:59,Uncertain significance,0,"Jan 02, 2026",-1,-,RCV006481157,MedGen:C3661900,not provided,germline,germline,GRCh38,NC_000011.10,11,17461654,17461654,na,na,11p15.1,"criteria provided, single submitter",1,-,N,-,2,4693982,17461654,C,T,-,-,-,-,-,-,SCV007371664,-,-
4810188,single nucleotide variant,NM_000352.6(ABCC8):c.1080G>C (p.Val360=),6833,ABCC8,HGNC:59,Likely benign,0,"Jan 27, 2026",-1,-,RCV006477053,MedGen:C3661900,not provided,germline,germline,GRCh37,NC_000011.9,11,17474762,17474762,na,na,11p15.1,"criteria provided, single submitter",1,-,N,-,2,4695830,17474762,C,G,-,-,-,-,-,-,SCV007353605,-,-
4810188,single nucleotide variant,NM_000352.6(ABCC8):c.1080G>C (p.Val360=),6833,ABCC8,HGNC:59,Likely benign,0,"Jan 27, 2026",-1,-,RCV006477053,MedGen:C3661900,not provided,germline,germline,GRCh38,NC_000011.10,11,17453215,17453215,na,na,11p15.1,"criteria provided, single submitter",1,-,N,-,2,4695830,17453215,C,G,-,-,-,-,-,-,SCV007353605,-,-
4812359,single nucleotide variant,NM_000352.6(ABCC8):c.4256C>T (p.Ser1419Leu),6833,ABCC8,HGNC:59,Uncertain significance,0,"Oct 26, 2025",-1,-,RCV006476160,MedGen:C3661900,not provided,germline,germline,GRCh37,NC_000011.9,11,17417208,17417208,na,na,11p15.1,"criteria provided, single submitter",1,-,N,-,2,4691959,17417208,G,A,-,-,-,-,-,-,SCV007348791,-,-
4812359,single nucleotide variant,NM_000352.6(ABCC8):c.4256C>T (p.Ser1419Leu),6833,ABCC8,HGNC:59,Uncertain significance,0,"Oct 26, 2025",-1,-,RCV006476160,MedGen:C3661900,not provided,germline,germline,GRCh38,NC_000011.10,11,17395661,17395661,na,na,11p15.1,"criteria provided, single submitter",1,-,N,-,2,4691959,17395661,G,A,-,-,-,-,-,-,SCV007348791,-,-
4812898,single nucleotide variant,NM_000352.6(ABCC8):c.4154C>T (p.Ser1385Phe),6833,ABCC8,HGNC:59,Uncertain significance,0,"Nov 19, 2025",-1,-,RCV006491191,MedGen:C3661900,not provided,germline,germline,GRCh37,NC_000011.9,11,17417443,17417443,na,na,11p15.1,"criteria provided, single submitter",1,-,N,-,2,4695088,17417443,G,A,-,-,-,-,-,-,SCV007352965,-,-
4812898,single nucleotide variant,NM_000352.6(ABCC8):c.4154C>T (p.Ser1385Phe),6833,ABCC8,HGNC:59,Uncertain significance,0,"Nov 19, 2025",-1,-,RCV006491191,MedGen:C3661900,not provided,germline,germline,GRCh38,NC_000011.10,11,17395896,17395896,na,na,11p15.1,"criteria provided, single submitter",1,-,N,-,2,4695088,17395896,G,A,-,-,-,-,-,-,SCV007352965,-,-
4813565,single nucleotide variant,NM_000525.4(KCNJ11):c.747C>T (p.Ile249=),3767,KCNJ11,HGNC:6257,Uncertain significance,0,"Dec 30, 2025",-1,-,RCV006491668,MedGen:C3661900,not provided,germline,germline,GRCh37,NC_000011.9,11,17408892,17408892,na,na,11p15.1,"criteria provided, single submitter",1,-,N,-,2,4697053,17408892,G,A,-,-,-,-,-,-,SCV007355046,-,-
4813565,single nucleotide variant,NM_000525.4(KCNJ11):c.747C>T (p.Ile249=),3767,KCNJ11,HGNC:6257,Uncertain significance,0,"Dec 30, 2025",-1,-,RCV006491668,MedGen:C3661900,not provided,germline,germline,GRCh38,NC_000011.10,11,17387345,17387345,na,na,11p15.1,"criteria provided, single submitter",1,-,N,-,2,4697053,17387345,G,A,-,-,-,-,-,-,SCV007355046,-,-
4814269,single nucleotide variant,NM_000352.6(ABCC8):c.1020T>C (p.Phe340=),6833,ABCC8,HGNC:59,Likely benign,0,"Jan 11, 2026",-1,-,RCV006483056,MedGen:C3661900,not provided,germline,germline,GRCh37,NC_000011.9,11,17474822,17474822,na,na,11p15.1,"criteria provided, single submitter",1,-,N,-,2,4700346,17474822,A,G,-,-,-,-,-,-,SCV007359110,-,-
4814269,single nucleotide variant,NM_000352.6(ABCC8):c.1020T>C (p.Phe340=),6833,ABCC8,HGNC:59,Likely benign,0,"Jan 11, 2026",-1,-,RCV006483056,MedGen:C3661900,not provided,germline,germline,GRCh38,NC_000011.10,11,17453275,17453275,na,na,11p15.1,"criteria provided, single submitter",1,-,N,-,2,4700346,17453275,A,G,-,-,-,-,-,-,SCV007359110,-,-
4818151,single nucleotide variant,NM_000162.5(GCK):c.680-20C>A,2645,GCK,HGNC:4195,Likely benign,0,"Aug 05, 2025",-1,-,RCV006499790,MedGen:C3661900,not provided,germline,germline,GRCh37,NC_000007.13,7,44187452,44187452,na,na,7p13,"criteria provided, single submitter",1,-,N,-,2,4709150,44187452,G,T,-,-,-,-,-,-,SCV007370152,-,-
4818151,single nucleotide variant,NM_000162.5(GCK):c.680-20C>A,2645,GCK,HGNC:4195,Likely benign,0,"Aug 05, 2025",-1,-,RCV006499790,MedGen:C3661900,not provided,germline,germline,GRCh38,NC_000007.14,7,44147853,44147853,na,na,7p13,"criteria provided, single submitter",1,-,N,-,2,4709150,44147853,G,T,-,-,-,-,-,-,SCV007370152,-,-
4819888,Deletion,NM_000352.6(ABCC8):c.2920+20del,6833,ABCC8,HGNC:59,Likely benign,0,"Jan 19, 2026",-1,-,RCV006493452,MedGen:C3661900,not provided,germline,germline,GRCh37,NC_000011.9,11,17428881,17428881,na,na,11p15.1,"criteria provided, single submitter",1,-,N,-,2,4704793,17428880,TC,T,-,-,-,-,-,-,SCV007364491,-,-
4819888,Deletion,NM_000352.6(ABCC8):c.2920+20del,6833,ABCC8,HGNC:59,Likely benign,0,"Jan 19, 2026",-1,-,RCV006493452,MedGen:C3661900,not provided,germline,germline,GRCh38,NC_000011.10,11,17407334,17407334,na,na,11p15.1,"criteria provided, single submitter",1,-,N,-,2,4704793,17407333,TC,T,-,-,-,-,-,-,SCV007364491,-,-
4820390,single nucleotide variant,NM_000162.5(GCK):c.594T>C (p.Asp198=),2645,GCK,HGNC:4195,Likely benign,0,"Aug 06, 2025",-1,-,RCV006493778,MedGen:C3661900,not provided,germline,germline,GRCh37,NC_000007.13,7,44189444,44189444,na,na,7p13,"criteria provided, single submitter",1,-,N,-,2,4706608,44189444,A,G,-,-,-,-,-,-,SCV007366975,-,-
4820390,single nucleotide variant,NM_000162.5(GCK):c.594T>C (p.Asp198=),2645,GCK,HGNC:4195,Likely benign,0,"Aug 06, 2025",-1,-,RCV006493778,MedGen:C3661900,not provided,germline,germline,GRCh38,NC_000007.14,7,44149845,44149845,na,na,7p13,"criteria provided, single submitter",1,-,N,-,2,4706608,44149845,A,G,-,-,-,-,-,-,SCV007366975,-,-
4821302,single nucleotide variant,NM_000352.6(ABCC8):c.3976G>T (p.Glu1326Ter),6833,ABCC8,HGNC:59,Pathogenic,1,"Dec 19, 2025",-1,-,RCV006494950,MedGen:C3661900,not provided,germline,germline,GRCh37,NC_000011.9,11,17418752,17418752,na,na,11p15.1,"criteria provided, single submitter",1,-,N,-,2,4710760,17418752,C,A,-,-,-,-,-,-,SCV007375049,-,-
4821302,single nucleotide variant,NM_000352.6(ABCC8):c.3976G>T (p.Glu1326Ter),6833,ABCC8,HGNC:59,Pathogenic,1,"Dec 19, 2025",-1,-,RCV006494950,MedGen:C3661900,not provided,germline,germline,GRCh38,NC_000011.10,11,17397205,17397205,na,na,11p15.1,"criteria provided, single submitter",1,-,N,-,2,4710760,17397205,C,A,-,-,-,-,-,-,SCV007375049,-,-
4822381,Deletion,NM_000162.5(GCK):c.522_543del (p.Gly175fs),2645,GCK,HGNC:4195,Pathogenic,1,"May 04, 2025",-1,-,RCV006506454,MedGen:C3661900,not provided,germline,germline,GRCh37,NC_000007.13,7,44189604,44189625,na,na,7p13,"criteria provided, single submitter",1,-,N,-,2,4715659,44189603,CGACATTGTTCCCTTCTGCTCCT,C,-,-,-,-,-,-,SCV007381233,-,-
4822381,Deletion,NM_000162.5(GCK):c.522_543del (p.Gly175fs),2645,GCK,HGNC:4195,Pathogenic,1,"May 04, 2025",-1,-,RCV006506454,MedGen:C3661900,not provided,germline,germline,GRCh38,NC_000007.14,7,44150005,44150026,na,na,7p13,"criteria provided, single submitter",1,-,N,-,2,4715659,44150004,CGACATTGTTCCCTTCTGCTCCT,C,-,-,-,-,-,-,SCV007381233,-,-
4822769,single nucleotide variant,NM_000352.6(ABCC8):c.1708G>A (p.Asp570Asn),6833,ABCC8,HGNC:59,Uncertain significance,0,"Sep 29, 2025",-1,-,RCV006502007,MedGen:C3661900,not provided,germline,germline,GRCh37,NC_000011.9,11,17452470,17452470,na,na,11p15.1,"criteria provided, single submitter",1,-,N,-,2,4717324,17452470,C,T,-,-,-,-,-,-,SCV007385492,-,-
4822769,single nucleotide variant,NM_000352.6(ABCC8):c.1708G>A (p.Asp570Asn),6833,ABCC8,HGNC:59,Uncertain significance,0,"Sep 29, 2025",-1,-,RCV006502007,MedGen:C3661900,not provided,germline,germline,GRCh38,NC_000011.10,11,17430923,17430923,na,na,11p15.1,"criteria provided, single submitter",1,-,N,-,2,4717324,17430923,C,T,-,-,-,-,-,-,SCV007385492,-,-
4822792,single nucleotide variant,NM_000162.5(GCK):c.1047C>A (p.Tyr349Ter),2645,GCK,HGNC:4195,Pathogenic,1,"Apr 25, 2025",-1,-,RCV006502030,MedGen:C3661900,not provided,germline,germline,GRCh37,NC_000007.13,7,44185302,44185302,na,na,7p13,"criteria provided, single submitter",1,-,N,-,2,4717347,44185302,G,T,-,-,-,-,-,-,SCV007385520,-,-
4822792,single nucleotide variant,NM_000162.5(GCK):c.1047C>A (p.Tyr349Ter),2645,GCK,HGNC:4195,Pathogenic,1,"Apr 25, 2025",-1,-,RCV006502030,MedGen:C3661900,not provided,germline,germline,GRCh38,NC_000007.14,7,44145703,44145703,na,na,7p13,"criteria provided, single submitter",1,-,N,-,2,4717347,44145703,G,T,-,-,-,-,-,-,SCV007385520,-,-
4825806,single nucleotide variant,NM_000352.6(ABCC8):c.1631-19C>T,6833,ABCC8,HGNC:59,Likely benign,0,"Jan 03, 2026",-1,-,RCV006506284,MedGen:C3661900,not provided,germline,germline,GRCh37,NC_000011.9,11,17453810,17453810,na,na,11p15.1,"criteria provided, single submitter",1,-,N,-,2,4715489,17453810,G,A,-,-,-,-,-,-,SCV007381175,-,-
4825806,single nucleotide variant,NM_000352.6(ABCC8):c.1631-19C>T,6833,ABCC8,HGNC:59,Likely benign,0,"Jan 03, 2026",-1,-,RCV006506284,MedGen:C3661900,not provided,germline,germline,GRCh38,NC_000011.10,11,17432263,17432263,na,na,11p15.1,"criteria provided, single submitter",1,-,N,-,2,4715489,17432263,G,A,-,-,-,-,-,-,SCV007381175,-,-
4827804,single nucleotide variant,NM_000525.4(KCNJ11):c.998T>C (p.Phe333Ser),3767,KCNJ11,HGNC:6257,Pathogenic,1,"Oct 09, 2025",-1,-,RCV006505070,MedGen:C3661900,not provided,germline,germline,GRCh37,NC_000011.9,11,17408641,17408641,na,na,11p15.1,"criteria provided, single submitter",1,-,N,-,2,4709807,17408641,A,G,-,-,-,-,-,-,SCV007374453,-,-
4827804,single nucleotide variant,NM_000525.4(KCNJ11):c.998T>C (p.Phe333Ser),3767,KCNJ11,HGNC:6257,Pathogenic,1,"Oct 09, 2025",-1,-,RCV006505070,MedGen:C3661900,not provided,germline,germline,GRCh38,NC_000011.10,11,17387094,17387094,na,na,11p15.1,"criteria provided, single submitter",1,-,N,-,2,4709807,17387094,A,G,-,-,-,-,-,-,SCV007374453,-,-
4827805,single nucleotide variant,NM_000352.6(ABCC8):c.4515C>A (p.Asp1505Glu),6833,ABCC8,HGNC:59,Pathogenic,1,"Jun 23, 2025",-1,-,RCV006505071,MedGen:C3661900,not provided,germline,germline,GRCh37,NC_000011.9,11,17415843,17415843,na,na,11p15.1,"criteria provided, single submitter",1,-,N,-,2,4709808,17415843,G,T,-,-,-,-,-,-,SCV007374304,-,-
4827805,single nucleotide variant,NM_000352.6(ABCC8):c.4515C>A (p.Asp1505Glu),6833,ABCC8,HGNC:59,Pathogenic,1,"Jun 23, 2025",-1,-,RCV006505071,MedGen:C3661900,not provided,germline,germline,GRCh38,NC_000011.10,11,17394296,17394296,na,na,11p15.1,"criteria provided, single submitter",1,-,N,-,2,4709808,17394296,G,T,-,-,-,-,-,-,SCV007374304,-,-
4827806,single nucleotide variant,NM_000352.6(ABCC8):c.3888G>A (p.Trp1296Ter),6833,ABCC8,HGNC:59,Pathogenic,1,"Nov 10, 2025",-1,-,RCV006505072,MedGen:C3661900,not provided,germline,germline,GRCh37,NC_000011.9,11,17418840,17418840,na,na,11p15.1,"criteria provided, single submitter",1,-,N,-,2,4709809,17418840,C,T,-,-,-,-,-,-,SCV007374394,-,-
4827806,single nucleotide variant,NM_000352.6(ABCC8):c.3888G>A (p.Trp1296Ter),6833,ABCC8,HGNC:59,Pathogenic,1,"Nov 10, 2025",-1,-,RCV006505072,MedGen:C3661900,not provided,germline,germline,GRCh38,NC_000011.10,11,17397293,17397293,na,na,11p15.1,"criteria provided, single submitter",1,-,N,-,2,4709809,17397293,C,T,-,-,-,-,-,-,SCV007374394,-,-
4830102,Deletion,NM_000162.5(GCK):c.1340_1350del (p.Arg447fs),2645,GCK,HGNC:4195,Pathogenic,1,"Jul 06, 2025",-1,-,RCV006507596,MedGen:C3661900,not provided,germline,germline,GRCh37,NC_000007.13,7,44184783,44184793,na,na,7p13,"criteria provided, single submitter",1,-,N,-,2,4719777,44184782,GGGCCGCGCCCC,G,-,-,-,-,-,-,SCV007387666,-,-
4830102,Deletion,NM_000162.5(GCK):c.1340_1350del (p.Arg447fs),2645,GCK,HGNC:4195,Pathogenic,1,"Jul 06, 2025",-1,-,RCV006507596,MedGen:C3661900,not provided,germline,germline,GRCh38,NC_000007.14,7,44145184,44145194,na,na,7p13,"criteria provided, single submitter",1,-,N,-,2,4719777,44145183,GGGCCGCGCCCC,G,-,-,-,-,-,-,SCV007387666,-,-
4830863,single nucleotide variant,NM_000162.5(GCK):c.863+2T>C,2645,GCK,HGNC:4195,Pathogenic,1,"Jun 14, 2025",-1,-,RCV006503097,MedGen:C3661900,not provided,germline,germline,GRCh37,NC_000007.13,7,44187247,44187247,na,na,7p13,"criteria provided, single submitter",1,-,N,-,2,4721390,44187247,A,G,-,-,-,-,-,-,SCV007389358,-,-
4830863,single nucleotide variant,NM_000162.5(GCK):c.863+2T>C,2645,GCK,HGNC:4195,Pathogenic,1,"Jun 14, 2025",-1,-,RCV006503097,MedGen:C3661900,not provided,germline,germline,GRCh38,NC_000007.14,7,44147648,44147648,na,na,7p13,"criteria provided, single submitter",1,-,N,-,2,4721390,44147648,A,G,-,-,-,-,-,-,SCV007389358,-,-
4835795,single nucleotide variant,NM_000162.5(GCK):c.1254-2A>C,2645,GCK,HGNC:4195,Uncertain significance,0,"Oct 28, 2025",-1,-,RCV006515087,MedGen:C3661900,not provided,germline,germline,GRCh37,NC_000007.13,7,44184881,44184881,na,na,7p13,"criteria provided, single submitter",1,-,N,-,2,4729911,44184881,T,G,-,-,-,-,-,-,SCV007399316,-,-
4835795,single nucleotide variant,NM_000162.5(GCK):c.1254-2A>C,2645,GCK,HGNC:4195,Uncertain significance,0,"Oct 28, 2025",-1,-,RCV006515087,MedGen:C3661900,not provided,germline,germline,GRCh38,NC_000007.14,7,44145282,44145282,na,na,7p13,"criteria provided, single submitter",1,-,N,-,2,4729911,44145282,T,G,-,-,-,-,-,-,SCV007399316,-,-
4836293,single nucleotide variant,NM_000352.6(ABCC8):c.1887C>T (p.Pro629=),6833,ABCC8,HGNC:59,Likely benign,0,"Nov 22, 2025",-1,-,RCV006515371,MedGen:C3661900,not provided,germline,germline,GRCh37,NC_000011.9,11,17450148,17450148,na,na,11p15.1,"criteria provided, single submitter",1,-,N,-,2,4731683,17450148,G,A,-,-,-,-,-,-,SCV007401023,-,-
4836293,single nucleotide variant,NM_000352.6(ABCC8):c.1887C>T (p.Pro629=),6833,ABCC8,HGNC:59,Likely benign,0,"Nov 22, 2025",-1,-,RCV006515371,MedGen:C3661900,not provided,germline,germline,GRCh38,NC_000011.10,11,17428601,17428601,na,na,11p15.1,"criteria provided, single submitter",1,-,N,-,2,4731683,17428601,G,A,-,-,-,-,-,-,SCV007401023,-,-
4836418,Duplication,NM_000162.5(GCK):c.1276dup (p.Ser426fs),2645,GCK,HGNC:4195,Pathogenic,1,"Nov 23, 2025",-1,-,RCV006515496,MedGen:C3661900,not provided,germline,germline,GRCh37,NC_000007.13,7,44184856,44184857,na,na,7p13,"criteria provided, single submitter",1,-,N,-,2,4731808,44184856,C,CT,-,-,-,-,-,-,SCV007400869,-,-
4836418,Duplication,NM_000162.5(GCK):c.1276dup (p.Ser426fs),2645,GCK,HGNC:4195,Pathogenic,1,"Nov 23, 2025",-1,-,RCV006515496,MedGen:C3661900,not provided,germline,germline,GRCh38,NC_000007.14,7,44145257,44145258,na,na,7p13,"criteria provided, single submitter",1,-,N,-,2,4731808,44145257,C,CT,-,-,-,-,-,-,SCV007400869,-,-
4837395,single nucleotide variant,NM_000352.6(ABCC8):c.3753+15C>G,6833,ABCC8,HGNC:59,Likely benign,0,"Jan 13, 2026",-1,-,RCV006521488,MedGen:C3661900,not provided,germline,germline,GRCh37,NC_000011.9,11,17419871,17419871,na,na,11p15.1,"criteria provided, single submitter",1,-,N,-,2,4735322,17419871,G,C,-,-,-,-,-,-,SCV007403722,-,-
4837395,single nucleotide variant,NM_000352.6(ABCC8):c.3753+15C>G,6833,ABCC8,HGNC:59,Likely benign,0,"Jan 13, 2026",-1,-,RCV006521488,MedGen:C3661900,not provided,germline,germline,GRCh38,NC_000011.10,11,17398324,17398324,na,na,11p15.1,"criteria provided, single submitter",1,-,N,-,2,4735322,17398324,G,C,-,-,-,-,-,-,SCV007403722,-,-
4839653,Microsatellite,NM_000162.5(GCK):c.1236_1237dup (p.Tyr413fs),2645,GCK,HGNC:4195,Pathogenic,1,"Oct 23, 2025",-1,-,RCV006514923,MedGen:C3661900,not provided,germline,germline,GRCh37,NC_000007.13,7,44185111,44185112,na,na,7p13,"criteria provided, single submitter",1,-,N,-,2,4729747,44185111,T,TAC,-,-,-,-,-,-,SCV007399279,-,-
4839653,Microsatellite,NM_000162.5(GCK):c.1236_1237dup (p.Tyr413fs),2645,GCK,HGNC:4195,Pathogenic,1,"Oct 23, 2025",-1,-,RCV006514923,MedGen:C3661900,not provided,germline,germline,GRCh38,NC_000007.14,7,44145512,44145513,na,na,7p13,"criteria provided, single submitter",1,-,N,-,2,4729747,44145512,T,TAC,-,-,-,-,-,-,SCV007399279,-,-
4840889,single nucleotide variant,NM_000352.6(ABCC8):c.3989-4C>G,6833,ABCC8,HGNC:59,Likely benign,0,"Jan 06, 2026",-1,-,RCV006531025,MedGen:C3661900,not provided,germline,germline,GRCh37,NC_000011.9,11,17418597,17418597,na,na,11p15.1,"criteria provided, single submitter",1,-,N,-,2,4734779,17418597,G,C,-,-,-,-,-,-,SCV007402435,-,-
4840889,single nucleotide variant,NM_000352.6(ABCC8):c.3989-4C>G,6833,ABCC8,HGNC:59,Likely benign,0,"Jan 06, 2026",-1,-,RCV006531025,MedGen:C3661900,not provided,germline,germline,GRCh38,NC_000011.10,11,17397050,17397050,na,na,11p15.1,"criteria provided, single submitter",1,-,N,-,2,4734779,17397050,G,C,-,-,-,-,-,-,SCV007402435,-,-
4841225,single nucleotide variant,NM_000352.6(ABCC8):c.3329+5C>G,6833,ABCC8,HGNC:59,Uncertain significance,0,"Sep 03, 2025",-1,-,RCV006523343,MedGen:C3661900,not provided,germline,germline,GRCh37,NC_000011.9,11,17428164,17428164,na,na,11p15.1,"criteria provided, single submitter",1,-,N,-,2,4724116,17428164,G,C,-,-,-,-,-,-,SCV007391330,-,-
4841225,single nucleotide variant,NM_000352.6(ABCC8):c.3329+5C>G,6833,ABCC8,HGNC:59,Uncertain significance,0,"Sep 03, 2025",-1,-,RCV006523343,MedGen:C3661900,not provided,germline,germline,GRCh38,NC_000011.10,11,17406617,17406617,na,na,11p15.1,"criteria provided, single submitter",1,-,N,-,2,4724116,17406617,G,C,-,-,-,-,-,-,SCV007391330,-,-
4842980,single nucleotide variant,NM_000162.5(GCK):c.483+17G>A,2645,GCK,HGNC:4195,Likely benign,0,"Nov 11, 2025",-1,-,RCV006530170,MedGen:C3661900,not provided,germline,germline,GRCh37,NC_000007.13,7,44190538,44190538,na,na,7p13,"criteria provided, single submitter",1,-,N,-,2,4730946,44190538,C,T,-,-,-,-,-,-,SCV007397025,-,-
4842980,single nucleotide variant,NM_000162.5(GCK):c.483+17G>A,2645,GCK,HGNC:4195,Likely benign,0,"Nov 11, 2025",-1,-,RCV006530170,MedGen:C3661900,not provided,germline,germline,GRCh38,NC_000007.14,7,44150939,44150939,na,na,7p13,"criteria provided, single submitter",1,-,N,-,2,4730946,44150939,C,T,-,-,-,-,-,-,SCV007397025,-,-
4842991,single nucleotide variant,NM_000162.5(GCK):c.208+5C>T,2645,GCK,HGNC:4195,Uncertain significance,0,"Nov 11, 2025",-1,-,RCV006530181,MedGen:C3661900,not provided,germline,germline,GRCh37,NC_000007.13,7,44192895,44192895,na,na,7p13,"criteria provided, single submitter",1,-,N,-,2,4730957,44192895,G,A,-,-,-,-,-,-,SCV007396980,-,-
4842991,single nucleotide variant,NM_000162.5(GCK):c.208+5C>T,2645,GCK,HGNC:4195,Uncertain significance,0,"Nov 11, 2025",-1,-,RCV006530181,MedGen:C3661900,not provided,germline,germline,GRCh38,NC_000007.14,7,44153296,44153296,na,na,7p13,"criteria provided, single submitter",1,-,N,-,2,4730957,44153296,G,A,-,-,-,-,-,-,SCV007396980,-,-
4843217,single nucleotide variant,NM_000352.6(ABCC8):c.12C>T (p.Ala4=),6833,ABCC8,HGNC:59,Likely benign,0,"Dec 08, 2025",-1,-,RCV006525734,MedGen:C3661900,not provided,germline,germline,GRCh37,NC_000011.9,11,17498312,17498312,na,na,11p15.1,"criteria provided, single submitter",1,-,N,-,2,4732462,17498312,G,A,-,-,-,-,-,-,SCV007401354,-,-
4843217,single nucleotide variant,NM_000352.6(ABCC8):c.12C>T (p.Ala4=),6833,ABCC8,HGNC:59,Likely benign,0,"Dec 08, 2025",-1,-,RCV006525734,MedGen:C3661900,not provided,germline,germline,GRCh38,NC_000011.10,11,17476765,17476765,na,na,11p15.1,"criteria provided, single submitter",1,-,N,-,2,4732462,17476765,G,A,-,-,-,-,-,-,SCV007401354,-,-
4844534,Duplication,NM_000162.5(GCK):c.1202dup (p.Met402fs),2645,GCK,HGNC:4195,Pathogenic,1,"Jul 21, 2025",-1,-,RCV006513303,MedGen:C3661900,not provided,germline,germline,GRCh37,NC_000007.13,7,44185146,44185147,na,na,7p13,"criteria provided, single submitter",1,-,N,-,2,4723660,44185146,T,TA,-,-,-,-,-,-,SCV007389812,-,-
4844534,Duplication,NM_000162.5(GCK):c.1202dup (p.Met402fs),2645,GCK,HGNC:4195,Pathogenic,1,"Jul 21, 2025",-1,-,RCV006513303,MedGen:C3661900,not provided,germline,germline,GRCh38,NC_000007.14,7,44145547,44145548,na,na,7p13,"criteria provided, single submitter",1,-,N,-,2,4723660,44145547,T,TA,-,-,-,-,-,-,SCV007389812,-,-
4845054,single nucleotide variant,NM_000352.6(ABCC8):c.4623C>G (p.Thr1541=),6833,ABCC8,HGNC:59,Likely benign,0,"Dec 08, 2025",-1,-,RCV006519061,MedGen:C3661900,not provided,germline,germline,GRCh37,NC_000011.9,11,17414661,17414661,na,na,11p15.1,"criteria provided, single submitter",1,-,N,-,2,4725451,17414661,G,C,-,-,-,-,-,-,SCV007391597,-,-
4845054,single nucleotide variant,NM_000352.6(ABCC8):c.4623C>G (p.Thr1541=),6833,ABCC8,HGNC:59,Likely benign,0,"Dec 08, 2025",-1,-,RCV006519061,MedGen:C3661900,not provided,germline,germline,GRCh38,NC_000011.10,11,17393114,17393114,na,na,11p15.1,"criteria provided, single submitter",1,-,N,-,2,4725451,17393114,G,C,-,-,-,-,-,-,SCV007391597,-,-
4845562,Deletion,NM_000352.6(ABCC8):c.3918_3923del (p.Gln1307_Leu1308del),6833,ABCC8,HGNC:59,Uncertain significance,0,"Jan 27, 2026",-1,-,RCV006519352,MedGen:C3661900,not provided,germline,germline,GRCh37,NC_000011.9,11,17418805,17418810,na,na,11p15.1,"criteria provided, single submitter",1,-,N,-,2,4727230,17418804,CAGCTGG,C,-,-,-,-,-,-,SCV007394495,-,-
4845562,Deletion,NM_000352.6(ABCC8):c.3918_3923del (p.Gln1307_Leu1308del),6833,ABCC8,HGNC:59,Uncertain significance,0,"Jan 27, 2026",-1,-,RCV006519352,MedGen:C3661900,not provided,germline,germline,GRCh38,NC_000011.10,11,17397258,17397263,na,na,11p15.1,"criteria provided, single submitter",1,-,N,-,2,4727230,17397257,CAGCTGG,C,-,-,-,-,-,-,SCV007394495,-,-
4847222,single nucleotide variant,NM_000352.6(ABCC8):c.2475+14T>C,6833,ABCC8,HGNC:59,Likely benign,0,"Dec 23, 2025",-1,-,RCV006525764,MedGen:C3661900,not provided,germline,germline,GRCh37,NC_000011.9,11,17434927,17434927,na,na,11p15.1,"criteria provided, single submitter",1,-,N,-,2,4733981,17434927,A,G,-,-,-,-,-,-,SCV007403095,-,-
4847222,single nucleotide variant,NM_000352.6(ABCC8):c.2475+14T>C,6833,ABCC8,HGNC:59,Likely benign,0,"Dec 23, 2025",-1,-,RCV006525764,MedGen:C3661900,not provided,germline,germline,GRCh38,NC_000011.10,11,17413380,17413380,na,na,11p15.1,"criteria provided, single submitter",1,-,N,-,2,4733981,17413380,A,G,-,-,-,-,-,-,SCV007403095,-,-
4847738,single nucleotide variant,NM_000352.6(ABCC8):c.4411+10C>A,6833,ABCC8,HGNC:59,Likely benign,0,"Jan 19, 2026",-1,-,RCV006516480,MedGen:C3661900,not provided,germline,germline,GRCh37,NC_000011.9,11,17416709,17416709,na,na,11p15.1,"criteria provided, single submitter",1,-,N,-,2,4735770,17416709,G,T,-,-,-,-,-,-,SCV007404661,-,-
4847738,single nucleotide variant,NM_000352.6(ABCC8):c.4411+10C>A,6833,ABCC8,HGNC:59,Likely benign,0,"Jan 19, 2026",-1,-,RCV006516480,MedGen:C3661900,not provided,germline,germline,GRCh38,NC_000011.10,11,17395162,17395162,na,na,11p15.1,"criteria provided, single submitter",1,-,N,-,2,4735770,17395162,G,T,-,-,-,-,-,-,SCV007404661,-,-
4848914,single nucleotide variant,NM_000162.5(GCK):c.160A>G (p.Ser54Gly),2645,GCK,HGNC:4195,Uncertain significance,0,"Dec 01, 2025",-1,-,RCV006527758,MedGen:C3661900,not provided,germline,germline,GRCh37,NC_000007.13,7,44192948,44192948,na,na,7p13,"criteria provided, single submitter",1,-,N,-,2,4741933,44192948,T,C,-,-,-,-,-,-,SCV007411981,-,-
4848914,single nucleotide variant,NM_000162.5(GCK):c.160A>G (p.Ser54Gly),2645,GCK,HGNC:4195,Uncertain significance,0,"Dec 01, 2025",-1,-,RCV006527758,MedGen:C3661900,not provided,germline,germline,GRCh38,NC_000007.14,7,44153349,44153349,na,na,7p13,"criteria provided, single submitter",1,-,N,-,2,4741933,44153349,T,C,-,-,-,-,-,-,SCV007411981,-,-
4849814,single nucleotide variant,NM_000162.5(GCK):c.350G>A (p.Gly117Asp),2645,GCK,HGNC:4195,Uncertain significance,0,"Feb 20, 2025",-1,-,RCV006537070,MedGen:C3661900,not provided,germline,germline,GRCh37,NC_000007.13,7,44191883,44191883,na,na,7p13,"criteria provided, single submitter",1,-,N,-,2,4745458,44191883,C,T,-,-,-,-,-,-,SCV007420206,-,-
4849814,single nucleotide variant,NM_000162.5(GCK):c.350G>A (p.Gly117Asp),2645,GCK,HGNC:4195,Uncertain significance,0,"Feb 20, 2025",-1,-,RCV006537070,MedGen:C3661900,not provided,germline,germline,GRCh38,NC_000007.14,7,44152284,44152284,na,na,7p13,"criteria provided, single submitter",1,-,N,-,2,4745458,44152284,C,T,-,-,-,-,-,-,SCV007420206,-,-
4850594,single nucleotide variant,NM_000162.5(GCK):c.1214C>T (p.Thr405Ile),2645,GCK,HGNC:4195,Uncertain significance,0,"Jan 12, 2026",-1,-,RCV006540599,MedGen:C3661900,not provided,germline,germline,GRCh37,NC_000007.13,7,44185135,44185135,na,na,7p13,"criteria provided, single submitter",1,-,N,-,2,4747559,44185135,G,A,-,-,-,-,-,-,SCV007419081,-,-
4850594,single nucleotide variant,NM_000162.5(GCK):c.1214C>T (p.Thr405Ile),2645,GCK,HGNC:4195,Uncertain significance,0,"Jan 12, 2026",-1,-,RCV006540599,MedGen:C3661900,not provided,germline,germline,GRCh38,NC_000007.14,7,44145536,44145536,na,na,7p13,"criteria provided, single submitter",1,-,N,-,2,4747559,44145536,G,A,-,-,-,-,-,-,SCV007419081,-,-
4850595,single nucleotide variant,NM_000162.5(GCK):c.904G>A (p.Val302Met),2645,GCK,HGNC:4195,Uncertain significance,0,"Oct 22, 2025",-1,-,RCV006540600,MedGen:C3661900,not provided,germline,germline,GRCh37,NC_000007.13,7,44186177,44186177,na,na,7p13,"criteria provided, single submitter",1,-,N,-,2,4747560,44186177,C,T,-,-,-,-,-,-,SCV007419001,-,-
4850595,single nucleotide variant,NM_000162.5(GCK):c.904G>A (p.Val302Met),2645,GCK,HGNC:4195,Uncertain significance,0,"Oct 22, 2025",-1,-,RCV006540600,MedGen:C3661900,not provided,germline,germline,GRCh38,NC_000007.14,7,44146578,44146578,na,na,7p13,"criteria provided, single submitter",1,-,N,-,2,4747560,44146578,C,T,-,-,-,-,-,-,SCV007419001,-,-
4850599,single nucleotide variant,NM_000162.5(GCK):c.722T>C (p.Val241Ala),2645,GCK,HGNC:4195,Uncertain significance,0,"Dec 08, 2025",-1,-,RCV006540604,MedGen:C3661900,not provided,germline,germline,GRCh37,NC_000007.13,7,44187390,44187390,na,na,7p13,"criteria provided, single submitter",1,-,N,-,2,4747564,44187390,A,G,-,-,-,-,-,-,SCV007419464,-,-
4850599,single nucleotide variant,NM_000162.5(GCK):c.722T>C (p.Val241Ala),2645,GCK,HGNC:4195,Uncertain significance,0,"Dec 08, 2025",-1,-,RCV006540604,MedGen:C3661900,not provided,germline,germline,GRCh38,NC_000007.14,7,44147791,44147791,na,na,7p13,"criteria provided, single submitter",1,-,N,-,2,4747564,44147791,A,G,-,-,-,-,-,-,SCV007419464,-,-
4850602,single nucleotide variant,NM_000162.5(GCK):c.680-2A>T,2645,GCK,HGNC:4195,Pathogenic,1,"Feb 19, 2025",-1,-,RCV006540607,MedGen:C3661900,not provided,germline,germline,GRCh37,NC_000007.13,7,44187434,44187434,na,na,7p13,"criteria provided, single submitter",1,-,N,-,2,4747567,44187434,T,A,-,-,-,-,-,-,SCV007419006,-,-
4850602,single nucleotide variant,NM_000162.5(GCK):c.680-2A>T,2645,GCK,HGNC:4195,Pathogenic,1,"Feb 19, 2025",-1,-,RCV006540607,MedGen:C3661900,not provided,germline,germline,GRCh38,NC_000007.14,7,44147835,44147835,na,na,7p13,"criteria provided, single submitter",1,-,N,-,2,4747567,44147835,T,A,-,-,-,-,-,-,SCV007419006,-,-
4850603,single nucleotide variant,NM_000162.5(GCK):c.679+2T>A,2645,GCK,HGNC:4195,Pathogenic,1,"Aug 10, 2025",-1,-,RCV006540608,MedGen:C3661900,not provided,germline,germline,GRCh37,NC_000007.13,7,44189357,44189357,na,na,7p13,"criteria provided, single submitter",1,-,N,-,2,4747568,44189357,A,T,-,-,-,-,-,-,SCV007419007,-,-
4850603,single nucleotide variant,NM_000162.5(GCK):c.679+2T>A,2645,GCK,HGNC:4195,Pathogenic,1,"Aug 10, 2025",-1,-,RCV006540608,MedGen:C3661900,not provided,germline,germline,GRCh38,NC_000007.14,7,44149758,44149758,na,na,7p13,"criteria provided, single submitter",1,-,N,-,2,4747568,44149758,A,T,-,-,-,-,-,-,SCV007419007,-,-
4850605,single nucleotide variant,NM_000162.5(GCK):c.572G>T (p.Arg191Leu),2645,GCK,HGNC:4195,Uncertain significance,0,"Jan 19, 2026",-1,-,RCV006540610,MedGen:C3661900,not provided,germline,germline,GRCh37,NC_000007.13,7,44189575,44189575,na,na,7p13,"criteria provided, single submitter",1,-,N,-,2,4747570,44189575,C,A,-,-,-,-,-,-,SCV007419086,-,-
4850605,single nucleotide variant,NM_000162.5(GCK):c.572G>T (p.Arg191Leu),2645,GCK,HGNC:4195,Uncertain significance,0,"Jan 19, 2026",-1,-,RCV006540610,MedGen:C3661900,not provided,germline,germline,GRCh38,NC_000007.14,7,44149976,44149976,na,na,7p13,"criteria provided, single submitter",1,-,N,-,2,4747570,44149976,C,A,-,-,-,-,-,-,SCV007419086,-,-
4850606,Deletion,NM_000162.5(GCK):c.549del (p.Leu184fs),2645,GCK,HGNC:4195,Pathogenic,1,"Jul 06, 2025",-1,-,RCV006540611,MedGen:C3661900,not provided,germline,germline,GRCh37,NC_000007.13,7,44189598,44189598,na,na,7p13,"criteria provided, single submitter",1,-,N,-,2,4747571,44189597,GC,G,-,-,-,-,-,-,SCV007419468,-,-
4850606,Deletion,NM_000162.5(GCK):c.549del (p.Leu184fs),2645,GCK,HGNC:4195,Pathogenic,1,"Jul 06, 2025",-1,-,RCV006540611,MedGen:C3661900,not provided,germline,germline,GRCh38,NC_000007.14,7,44149999,44149999,na,na,7p13,"criteria provided, single submitter",1,-,N,-,2,4747571,44149998,GC,G,-,-,-,-,-,-,SCV007419468,-,-
4850607,single nucleotide variant,NM_000162.5(GCK):c.512T>G (p.Phe171Cys),2645,GCK,HGNC:4195,Pathogenic,1,"Aug 29, 2025",-1,-,RCV006540612,MedGen:C3661900,not provided,germline,germline,GRCh37,NC_000007.13,7,44189635,44189635,na,na,7p13,"criteria provided, single submitter",1,-,N,-,2,4747572,44189635,A,C,-,-,-,-,-,-,SCV007419087,-,-
4850607,single nucleotide variant,NM_000162.5(GCK):c.512T>G (p.Phe171Cys),2645,GCK,HGNC:4195,Pathogenic,1,"Aug 29, 2025",-1,-,RCV006540612,MedGen:C3661900,not provided,germline,germline,GRCh38,NC_000007.14,7,44150036,44150036,na,na,7p13,"criteria provided, single submitter",1,-,N,-,2,4747572,44150036,A,C,-,-,-,-,-,-,SCV007419087,-,-
4850608,single nucleotide variant,NM_000162.5(GCK):c.353C>T (p.Thr118Ile),2645,GCK,HGNC:4195,Uncertain significance,0,"Jun 11, 2025",-1,-,RCV006540613,MedGen:C3661900,not provided,germline,germline,GRCh37,NC_000007.13,7,44191880,44191880,na,na,7p13,"criteria provided, single submitter",1,-,N,-,2,4747573,44191880,G,A,-,-,-,-,-,-,SCV007419088,-,-
4850608,single nucleotide variant,NM_000162.5(GCK):c.353C>T (p.Thr118Ile),2645,GCK,HGNC:4195,Uncertain significance,0,"Jun 11, 2025",-1,-,RCV006540613,MedGen:C3661900,not provided,germline,germline,GRCh38,NC_000007.14,7,44152281,44152281,na,na,7p13,"criteria provided, single submitter",1,-,N,-,2,4747573,44152281,G,A,-,-,-,-,-,-,SCV007419088,-,-
4850609,single nucleotide variant,NM_000162.5(GCK):c.329T>A (p.Ile110Asn),2645,GCK,HGNC:4195,Likely pathogenic,1,"Jun 22, 2025",-1,-,RCV006540614,MedGen:C3661900,not provided,germline,germline,GRCh37,NC_000007.13,7,44191904,44191904,na,na,7p13,"criteria provided, single submitter",1,-,N,-,2,4747574,44191904,A,T,-,-,-,-,-,-,SCV007419471,-,-
4850609,single nucleotide variant,NM_000162.5(GCK):c.329T>A (p.Ile110Asn),2645,GCK,HGNC:4195,Likely pathogenic,1,"Jun 22, 2025",-1,-,RCV006540614,MedGen:C3661900,not provided,germline,germline,GRCh38,NC_000007.14,7,44152305,44152305,na,na,7p13,"criteria provided, single submitter",1,-,N,-,2,4747574,44152305,A,T,-,-,-,-,-,-,SCV007419471,-,-
4850610,single nucleotide variant,NM_000162.5(GCK):c.271G>T (p.Val91Leu),2645,GCK,HGNC:4195,Pathogenic,1,"Sep 03, 2025",-1,-,RCV006540615,MedGen:C3661900,not provided,germline,germline,GRCh37,NC_000007.13,7,44191962,44191962,na,na,7p13,"criteria provided, single submitter",1,-,N,-,2,4747575,44191962,C,A,-,-,-,-,-,-,SCV007419011,-,-
4850610,single nucleotide variant,NM_000162.5(GCK):c.271G>T (p.Val91Leu),2645,GCK,HGNC:4195,Pathogenic,1,"Sep 03, 2025",-1,-,RCV006540615,MedGen:C3661900,not provided,germline,germline,GRCh38,NC_000007.14,7,44152363,44152363,na,na,7p13,"criteria provided, single submitter",1,-,N,-,2,4747575,44152363,C,A,-,-,-,-,-,-,SCV007419011,-,-
4850613,single nucleotide variant,NM_000162.5(GCK):c.45+1G>A,2645,GCK,HGNC:4195,Pathogenic,1,"Sep 27, 2025",-1,-,RCV006540618,MedGen:C3661900,not provided,germline,germline,GRCh37,NC_000007.13,7,44228507,44228507,na,na,7p13,"criteria provided, single submitter",1,-,N,-,2,4747578,44228507,C,T,-,-,-,-,-,-,SCV007419472,-,-
4850613,single nucleotide variant,NM_000162.5(GCK):c.45+1G>A,2645,GCK,HGNC:4195,Pathogenic,1,"Sep 27, 2025",-1,-,RCV006540618,MedGen:C3661900,not provided,germline,germline,GRCh38,NC_000007.14,7,44188908,44188908,na,na,7p13,"criteria provided, single submitter",1,-,N,-,2,4747578,44188908,C,T,-,-,-,-,-,-,SCV007419472,-,-
4851115,single nucleotide variant,NM_000352.6(ABCC8):c.4119+13G>C,6833,ABCC8,HGNC:59,Likely benign,0,"Oct 30, 2025",-1,-,RCV006526875,MedGen:C3661900,not provided,germline,germline,GRCh37,NC_000011.9,11,17418450,17418450,na,na,11p15.1,"criteria provided, single submitter",1,-,N,-,2,4738071,17418450,C,G,-,-,-,-,-,-,SCV007406812,-,-
4851115,single nucleotide variant,NM_000352.6(ABCC8):c.4119+13G>C,6833,ABCC8,HGNC:59,Likely benign,0,"Oct 30, 2025",-1,-,RCV006526875,MedGen:C3661900,not provided,germline,germline,GRCh38,NC_000011.10,11,17396903,17396903,na,na,11p15.1,"criteria provided, single submitter",1,-,N,-,2,4738071,17396903,C,G,-,-,-,-,-,-,SCV007406812,-,-
4853677,single nucleotide variant,NM_000352.6(ABCC8):c.3111C>G (p.Thr1037=),6833,ABCC8,HGNC:59,Likely benign,0,"Jan 26, 2026",-1,-,RCV006526531,MedGen:C3661900,not provided,germline,germline,GRCh37,NC_000011.9,11,17428486,17428486,na,na,11p15.1,"criteria provided, single submitter",1,-,N,-,2,4736237,17428486,G,C,-,-,-,-,-,-,SCV007401899,-,-
4853677,single nucleotide variant,NM_000352.6(ABCC8):c.3111C>G (p.Thr1037=),6833,ABCC8,HGNC:59,Likely benign,0,"Jan 26, 2026",-1,-,RCV006526531,MedGen:C3661900,not provided,germline,germline,GRCh38,NC_000011.10,11,17406939,17406939,na,na,11p15.1,"criteria provided, single submitter",1,-,N,-,2,4736237,17406939,G,C,-,-,-,-,-,-,SCV007401899,-,-
4854169,single nucleotide variant,NM_000352.6(ABCC8):c.3344C>T (p.Thr1115Met),6833,ABCC8,HGNC:59,Uncertain significance,0,"Nov 25, 2025",-1,-,RCV006522512,MedGen:C3661900,not provided,germline,germline,GRCh37,NC_000011.9,11,17427096,17427096,na,na,11p15.1,"criteria provided, single submitter",1,-,N,-,2,4739325,17427096,G,A,-,-,-,-,-,-,SCV007408424,-,-
4854169,single nucleotide variant,NM_000352.6(ABCC8):c.3344C>T (p.Thr1115Met),6833,ABCC8,HGNC:59,Uncertain significance,0,"Nov 25, 2025",-1,-,RCV006522512,MedGen:C3661900,not provided,germline,germline,GRCh38,NC_000011.10,11,17405549,17405549,na,na,11p15.1,"criteria provided, single submitter",1,-,N,-,2,4739325,17405549,G,A,-,-,-,-,-,-,SCV007408424,-,-
4854414,single nucleotide variant,NM_000352.6(ABCC8):c.1817+11G>C,6833,ABCC8,HGNC:59,Likely benign,0,"Mar 01, 2025",-1,-,RCV006517304,MedGen:C3661900,not provided,germline,germline,GRCh37,NC_000011.9,11,17452350,17452350,na,na,11p15.1,"criteria provided, single submitter",1,-,N,-,2,4739573,17452350,C,G,-,-,-,-,-,-,SCV007409157,-,-
4854414,single nucleotide variant,NM_000352.6(ABCC8):c.1817+11G>C,6833,ABCC8,HGNC:59,Likely benign,0,"Mar 01, 2025",-1,-,RCV006517304,MedGen:C3661900,not provided,germline,germline,GRCh38,NC_000011.10,11,17430803,17430803,na,na,11p15.1,"criteria provided, single submitter",1,-,N,-,2,4739573,17430803,C,G,-,-,-,-,-,-,SCV007409157,-,-
4855263,single nucleotide variant,NM_000162.5(GCK):c.1129C>G (p.Arg377Gly),2645,GCK,HGNC:4195,Uncertain significance,0,"Jan 06, 2026",-1,-,RCV006523252,MedGen:C3661900,not provided,germline,germline,GRCh37,NC_000007.13,7,44185220,44185220,na,na,7p13,"criteria provided, single submitter",1,-,N,-,2,4743045,44185220,G,C,-,-,-,-,-,-,SCV007413537,-,-
4855263,single nucleotide variant,NM_000162.5(GCK):c.1129C>G (p.Arg377Gly),2645,GCK,HGNC:4195,Uncertain significance,0,"Jan 06, 2026",-1,-,RCV006523252,MedGen:C3661900,not provided,germline,germline,GRCh38,NC_000007.14,7,44145621,44145621,na,na,7p13,"criteria provided, single submitter",1,-,N,-,2,4743045,44145621,G,C,-,-,-,-,-,-,SCV007413537,-,-
4855326,single nucleotide variant,NM_000162.5(GCK):c.658T>A (p.Cys220Ser),2645,GCK,HGNC:4195,Uncertain significance,0,"Aug 23, 2025",-1,-,RCV006536211,MedGen:C3661900,not provided,germline,germline,GRCh37,NC_000007.13,7,44189380,44189380,na,na,7p13,"criteria provided, single submitter",1,-,N,-,2,4743109,44189380,A,T,-,-,-,-,-,-,SCV007413560,-,-
4855326,single nucleotide variant,NM_000162.5(GCK):c.658T>A (p.Cys220Ser),2645,GCK,HGNC:4195,Uncertain significance,0,"Aug 23, 2025",-1,-,RCV006536211,MedGen:C3661900,not provided,germline,germline,GRCh38,NC_000007.14,7,44149781,44149781,na,na,7p13,"criteria provided, single submitter",1,-,N,-,2,4743109,44149781,A,T,-,-,-,-,-,-,SCV007413560,-,-
4855335,single nucleotide variant,NM_000162.5(GCK):c.854G>A (p.Gly285Asp),2645,GCK,HGNC:4195,Uncertain significance,0,"Jun 12, 2025",-1,-,RCV006536220,MedGen:C3661900,not provided,germline,germline,GRCh37,NC_000007.13,7,44187258,44187258,na,na,7p13,"criteria provided, single submitter",1,-,N,-,2,4743118,44187258,C,T,-,-,-,-,-,-,SCV007413839,-,-
4855335,single nucleotide variant,NM_000162.5(GCK):c.854G>A (p.Gly285Asp),2645,GCK,HGNC:4195,Uncertain significance,0,"Jun 12, 2025",-1,-,RCV006536220,MedGen:C3661900,not provided,germline,germline,GRCh38,NC_000007.14,7,44147659,44147659,na,na,7p13,"criteria provided, single submitter",1,-,N,-,2,4743118,44147659,C,T,-,-,-,-,-,-,SCV007413839,-,-
4856821,single nucleotide variant,NM_000162.5(GCK):c.864-10C>T,2645,GCK,HGNC:4195,Likely benign,0,"Jun 19, 2025",-1,-,RCV006522122,MedGen:C3661900,not provided,germline,germline,GRCh37,NC_000007.13,7,44186227,44186227,na,na,7p13,"criteria provided, single submitter",1,-,N,-,2,4738934,44186227,G,A,-,-,-,-,-,-,SCV007408028,-,-
4856821,single nucleotide variant,NM_000162.5(GCK):c.864-10C>T,2645,GCK,HGNC:4195,Likely benign,0,"Jun 19, 2025",-1,-,RCV006522122,MedGen:C3661900,not provided,germline,germline,GRCh38,NC_000007.14,7,44146628,44146628,na,na,7p13,"criteria provided, single submitter",1,-,N,-,2,4738934,44146628,G,A,-,-,-,-,-,-,SCV007408028,-,-
4857446,single nucleotide variant,NM_000162.5(GCK):c.123G>T (p.Met41Ile),2645,GCK,HGNC:4195,Uncertain significance,0,"Dec 31, 2025",-1,-,RCV006532641,MedGen:C3661900,not provided,germline,germline,GRCh37,NC_000007.13,7,44192985,44192985,na,na,7p13,"criteria provided, single submitter",1,-,N,-,2,4740862,44192985,C,A,-,-,-,-,-,-,SCV007410975,-,-
4857446,single nucleotide variant,NM_000162.5(GCK):c.123G>T (p.Met41Ile),2645,GCK,HGNC:4195,Uncertain significance,0,"Dec 31, 2025",-1,-,RCV006532641,MedGen:C3661900,not provided,germline,germline,GRCh38,NC_000007.14,7,44153386,44153386,na,na,7p13,"criteria provided, single submitter",1,-,N,-,2,4740862,44153386,C,A,-,-,-,-,-,-,SCV007410975,-,-
4857459,single nucleotide variant,NM_000162.5(GCK):c.686G>C (p.Gly229Ala),2645,GCK,HGNC:4195,Uncertain significance,0,"Dec 22, 2025",-1,-,RCV006532654,MedGen:C3661900,not provided,germline,germline,GRCh37,NC_000007.13,7,44187426,44187426,na,na,7p13,"criteria provided, single submitter",1,-,N,-,2,4740875,44187426,C,G,-,-,-,-,-,-,SCV007410871,-,-
4857459,single nucleotide variant,NM_000162.5(GCK):c.686G>C (p.Gly229Ala),2645,GCK,HGNC:4195,Uncertain significance,0,"Dec 22, 2025",-1,-,RCV006532654,MedGen:C3661900,not provided,germline,germline,GRCh38,NC_000007.14,7,44147827,44147827,na,na,7p13,"criteria provided, single submitter",1,-,N,-,2,4740875,44147827,C,G,-,-,-,-,-,-,SCV007410871,-,-
4858221,single nucleotide variant,NM_000162.5(GCK):c.1342G>C (p.Gly448Arg),2645,GCK,HGNC:4195,Uncertain significance,0,"Dec 01, 2025",-1,-,RCV006542758,MedGen:C3661900,not provided,germline,germline,GRCh37,NC_000007.13,7,44184791,44184791,na,na,7p13,"criteria provided, single submitter",1,-,N,-,2,4744261,44184791,C,G,-,-,-,-,-,-,SCV007415291,-,-
4858221,single nucleotide variant,NM_000162.5(GCK):c.1342G>C (p.Gly448Arg),2645,GCK,HGNC:4195,Uncertain significance,0,"Dec 01, 2025",-1,-,RCV006542758,MedGen:C3661900,not provided,germline,germline,GRCh38,NC_000007.14,7,44145192,44145192,na,na,7p13,"criteria provided, single submitter",1,-,N,-,2,4744261,44145192,C,G,-,-,-,-,-,-,SCV007415291,-,-
4858224,single nucleotide variant,NM_000162.5(GCK):c.970C>G (p.Leu324Val),2645,GCK,HGNC:4195,Uncertain significance,0,"Dec 05, 2025",-1,-,RCV006542761,MedGen:C3661900,not provided,germline,germline,GRCh37,NC_000007.13,7,44186111,44186111,na,na,7p13,"criteria provided, single submitter",1,-,N,-,2,4744264,44186111,G,C,-,-,-,-,-,-,SCV007415294,-,-
4858224,single nucleotide variant,NM_000162.5(GCK):c.970C>G (p.Leu324Val),2645,GCK,HGNC:4195,Uncertain significance,0,"Dec 05, 2025",-1,-,RCV006542761,MedGen:C3661900,not provided,germline,germline,GRCh38,NC_000007.14,7,44146512,44146512,na,na,7p13,"criteria provided, single submitter",1,-,N,-,2,4744264,44146512,G,C,-,-,-,-,-,-,SCV007415294,-,-
4859598,single nucleotide variant,NM_000162.5(GCK):c.45+8G>A,2645,GCK,HGNC:4195,Likely benign,0,"Jul 29, 2025",-1,-,RCV006541531,MedGen:C3661900,not provided,germline,germline,GRCh37,NC_000007.13,7,44228500,44228500,na,na,7p13,"criteria provided, single submitter",1,-,N,-,2,4749980,44228500,C,T,-,-,-,-,-,-,SCV007423951,-,-
4859598,single nucleotide variant,NM_000162.5(GCK):c.45+8G>A,2645,GCK,HGNC:4195,Likely benign,0,"Jul 29, 2025",-1,-,RCV006541531,MedGen:C3661900,not provided,germline,germline,GRCh38,NC_000007.14,7,44188901,44188901,na,na,7p13,"criteria provided, single submitter",1,-,N,-,2,4749980,44188901,C,T,-,-,-,-,-,-,SCV007423951,-,-
4859688,single nucleotide variant,NM_000352.6(ABCC8):c.3084C>T (p.Ala1028=),6833,ABCC8,HGNC:59,Likely benign,0,"Sep 24, 2025",-1,-,RCV006544101,MedGen:C3661900,not provided,germline,germline,GRCh37,NC_000011.9,11,17428513,17428513,na,na,11p15.1,"criteria provided, single submitter",1,-,N,-,2,4750070,17428513,G,A,-,-,-,-,-,-,SCV007424386,-,-
4859688,single nucleotide variant,NM_000352.6(ABCC8):c.3084C>T (p.Ala1028=),6833,ABCC8,HGNC:59,Likely benign,0,"Sep 24, 2025",-1,-,RCV006544101,MedGen:C3661900,not provided,germline,germline,GRCh38,NC_000011.10,11,17406966,17406966,na,na,11p15.1,"criteria provided, single submitter",1,-,N,-,2,4750070,17406966,G,A,-,-,-,-,-,-,SCV007424386,-,-
4859899,single nucleotide variant,NM_000352.6(ABCC8):c.4308-20G>A,6833,ABCC8,HGNC:59,Likely benign,0,"Jan 09, 2026",-1,-,RCV006541646,MedGen:C3661900,not provided,germline,germline,GRCh37,NC_000011.9,11,17416842,17416842,na,na,11p15.1,"criteria provided, single submitter",1,-,N,-,2,4751585,17416842,C,T,-,-,-,-,-,-,SCV007426333,-,-
4859899,single nucleotide variant,NM_000352.6(ABCC8):c.4308-20G>A,6833,ABCC8,HGNC:59,Likely benign,0,"Jan 09, 2026",-1,-,RCV006541646,MedGen:C3661900,not provided,germline,germline,GRCh38,NC_000011.10,11,17395295,17395295,na,na,11p15.1,"criteria provided, single submitter",1,-,N,-,2,4751585,17395295,C,T,-,-,-,-,-,-,SCV007426333,-,-
4860576,single nucleotide variant,NM_000352.6(ABCC8):c.823-19C>A,6833,ABCC8,HGNC:59,Likely benign,0,"Sep 10, 2025",-1,-,RCV006542145,MedGen:C3661900,not provided,germline,germline,GRCh37,NC_000011.9,11,17482242,17482242,na,na,11p15.1,"criteria provided, single submitter",1,-,N,-,2,4753573,17482242,G,T,-,-,-,-,-,-,SCV007429232,-,-
4860576,single nucleotide variant,NM_000352.6(ABCC8):c.823-19C>A,6833,ABCC8,HGNC:59,Likely benign,0,"Sep 10, 2025",-1,-,RCV006542145,MedGen:C3661900,not provided,germline,germline,GRCh38,NC_000011.10,11,17460695,17460695,na,na,11p15.1,"criteria provided, single submitter",1,-,N,-,2,4753573,17460695,G,T,-,-,-,-,-,-,SCV007429232,-,-
4862683,single nucleotide variant,NM_000352.6(ABCC8):c.2041-3A>G,6833,ABCC8,HGNC:59,Uncertain significance,0,"May 21, 2025",-1,-,RCV006538733,MedGen:C3661900,not provided,germline,germline,GRCh37,NC_000011.9,11,17449492,17449492,na,na,11p15.1,"criteria provided, single submitter",1,-,N,-,2,4753077,17449492,T,C,-,-,-,-,-,-,SCV007428513,-,-
4862683,single nucleotide variant,NM_000352.6(ABCC8):c.2041-3A>G,6833,ABCC8,HGNC:59,Uncertain significance,0,"May 21, 2025",-1,-,RCV006538733,MedGen:C3661900,not provided,germline,germline,GRCh38,NC_000011.10,11,17427945,17427945,na,na,11p15.1,"criteria provided, single submitter",1,-,N,-,2,4753077,17427945,T,C,-,-,-,-,-,-,SCV007428513,-,-
4863633,single nucleotide variant,NM_000352.6(ABCC8):c.2040+20G>A,6833,ABCC8,HGNC:59,Likely benign,0,"Feb 16, 2025",-1,-,RCV006535149,MedGen:C3661900,not provided,germline,germline,GRCh37,NC_000011.9,11,17449816,17449816,na,na,11p15.1,"criteria provided, single submitter",1,-,N,-,2,4750980,17449816,C,T,-,-,-,-,-,-,SCV007432398,-,-
4863633,single nucleotide variant,NM_000352.6(ABCC8):c.2040+20G>A,6833,ABCC8,HGNC:59,Likely benign,0,"Feb 16, 2025",-1,-,RCV006535149,MedGen:C3661900,not provided,germline,germline,GRCh38,NC_000011.10,11,17428269,17428269,na,na,11p15.1,"criteria provided, single submitter",1,-,N,-,2,4750980,17428269,C,T,-,-,-,-,-,-,SCV007432398,-,-
4863693,single nucleotide variant,NM_000162.5(GCK):c.1025C>G (p.Thr342Arg),2645,GCK,HGNC:4195,Uncertain significance,0,"Sep 01, 2025",-1,-,RCV006538184,MedGen:C3661900,not provided,germline,germline,GRCh37,NC_000007.13,7,44185324,44185324,na,na,7p13,"criteria provided, single submitter",1,-,N,-,2,4751040,44185324,G,C,-,-,-,-,-,-,SCV007425513,-,-
4863693,single nucleotide variant,NM_000162.5(GCK):c.1025C>G (p.Thr342Arg),2645,GCK,HGNC:4195,Uncertain significance,0,"Sep 01, 2025",-1,-,RCV006538184,MedGen:C3661900,not provided,germline,germline,GRCh38,NC_000007.14,7,44145725,44145725,na,na,7p13,"criteria provided, single submitter",1,-,N,-,2,4751040,44145725,G,C,-,-,-,-,-,-,SCV007425513,-,-
4865392,single nucleotide variant,NM_000352.6(ABCC8):c.31C>T (p.His11Tyr),6833,ABCC8,HGNC:59,Uncertain significance,0,"May 18, 2025",-1,-,RCV006534738,MedGen:C3661900,not provided,germline,germline,GRCh37,NC_000011.9,11,17498293,17498293,na,na,11p15.1,"criteria provided, single submitter",1,-,N,-,2,4750568,17498293,G,A,-,-,-,-,-,-,SCV007431806,-,-
4865392,single nucleotide variant,NM_000352.6(ABCC8):c.31C>T (p.His11Tyr),6833,ABCC8,HGNC:59,Uncertain significance,0,"May 18, 2025",-1,-,RCV006534738,MedGen:C3661900,not provided,germline,germline,GRCh38,NC_000011.10,11,17476746,17476746,na,na,11p15.1,"criteria provided, single submitter",1,-,N,-,2,4750568,17476746,G,A,-,-,-,-,-,-,SCV007431806,-,-
4867029,single nucleotide variant,NM_000352.6(ABCC8):c.4118A>G (p.Lys1373Arg),6833,ABCC8,HGNC:59,Uncertain significance,0,"Aug 05, 2025",-1,-,RCV006546657,MedGen:C3661900,not provided,germline,germline,GRCh37,NC_000011.9,11,17418464,17418464,na,na,11p15.1,"criteria provided, single submitter",1,-,N,-,2,4755691,17418464,T,C,-,-,-,-,-,-,SCV007433214,-,-
4867029,single nucleotide variant,NM_000352.6(ABCC8):c.4118A>G (p.Lys1373Arg),6833,ABCC8,HGNC:59,Uncertain significance,0,"Aug 05, 2025",-1,-,RCV006546657,MedGen:C3661900,not provided,germline,germline,GRCh38,NC_000011.10,11,17396917,17396917,na,na,11p15.1,"criteria provided, single submitter",1,-,N,-,2,4755691,17396917,T,C,-,-,-,-,-,-,SCV007433214,-,-
4867399,single nucleotide variant,NM_000525.4(KCNJ11):c.621G>C (p.Lys207Asn),3767,KCNJ11,HGNC:6257,Uncertain significance,0,"Aug 05, 2025",-1,-,RCV006549010,MedGen:C3661900,not provided,germline,germline,GRCh37,NC_000011.9,11,17409018,17409018,na,na,11p15.1,"criteria provided, single submitter",1,-,N,-,2,4756061,17409018,C,G,-,-,-,-,-,-,SCV007433854,-,-
4867399,single nucleotide variant,NM_000525.4(KCNJ11):c.621G>C (p.Lys207Asn),3767,KCNJ11,HGNC:6257,Uncertain significance,0,"Aug 05, 2025",-1,-,RCV006549010,MedGen:C3661900,not provided,germline,germline,GRCh38,NC_000011.10,11,17387471,17387471,na,na,11p15.1,"criteria provided, single submitter",1,-,N,-,2,4756061,17387471,C,G,-,-,-,-,-,-,SCV007433854,-,-
4871089,single nucleotide variant,NM_000352.6(ABCC8):c.2907G>A (p.Glu969=),6833,ABCC8,HGNC:59,Likely benign,0,"Oct 09, 2025",-1,-,RCV006567587,MedGen:C3661900,not provided,germline,germline,GRCh37,NC_000011.9,11,17428914,17428914,na,na,11p15.1,"criteria provided, single submitter",1,-,N,-,2,4759795,17428914,C,T,-,-,-,-,-,-,SCV007450296,-,-
4871089,single nucleotide variant,NM_000352.6(ABCC8):c.2907G>A (p.Glu969=),6833,ABCC8,HGNC:59,Likely benign,0,"Oct 09, 2025",-1,-,RCV006567587,MedGen:C3661900,not provided,germline,germline,GRCh38,NC_000011.10,11,17407367,17407367,na,na,11p15.1,"criteria provided, single submitter",1,-,N,-,2,4759795,17407367,C,T,-,-,-,-,-,-,SCV007450296,-,-
4873791,single nucleotide variant,NM_000162.5(GCK):c.161G>A (p.Ser54Asn),2645,GCK,HGNC:4195,Uncertain significance,0,"Oct 15, 2025",-1,-,RCV006587651,MedGen:C3661900,not provided,germline,germline,GRCh37,NC_000007.13,7,44192947,44192947,na,na,7p13,"criteria provided, single submitter",1,-,N,-,2,4770277,44192947,C,T,-,-,-,-,-,-,SCV007462366,-,-
4873791,single nucleotide variant,NM_000162.5(GCK):c.161G>A (p.Ser54Asn),2645,GCK,HGNC:4195,Uncertain significance,0,"Oct 15, 2025",-1,-,RCV006587651,MedGen:C3661900,not provided,germline,germline,GRCh38,NC_000007.14,7,44153348,44153348,na,na,7p13,"criteria provided, single submitter",1,-,N,-,2,4770277,44153348,C,T,-,-,-,-,-,-,SCV007462366,-,-
4874126,single nucleotide variant,NM_000352.6(ABCC8):c.3245C>G (p.Ser1082Cys),6833,ABCC8,HGNC:59,Uncertain significance,0,"Nov 21, 2025",-1,-,RCV006582896,MedGen:C3661900,not provided,germline,germline,GRCh37,NC_000011.9,11,17428253,17428253,na,na,11p15.1,"criteria provided, single submitter",1,-,N,-,2,4771474,17428253,G,C,-,-,-,-,-,-,SCV007463388,-,-
4874126,single nucleotide variant,NM_000352.6(ABCC8):c.3245C>G (p.Ser1082Cys),6833,ABCC8,HGNC:59,Uncertain significance,0,"Nov 21, 2025",-1,-,RCV006582896,MedGen:C3661900,not provided,germline,germline,GRCh38,NC_000011.10,11,17406706,17406706,na,na,11p15.1,"criteria provided, single submitter",1,-,N,-,2,4771474,17406706,G,C,-,-,-,-,-,-,SCV007463388,-,-
4874957,single nucleotide variant,NM_000352.6(ABCC8):c.3650+15T>C,6833,ABCC8,HGNC:59,Likely benign,0,"Jan 03, 2026",-1,-,RCV006570596,MedGen:C3661900,not provided,germline,germline,GRCh37,NC_000011.9,11,17424193,17424193,na,na,11p15.1,"criteria provided, single submitter",1,-,N,-,2,4762805,17424193,A,G,-,-,-,-,-,-,SCV007453510,-,-
4874957,single nucleotide variant,NM_000352.6(ABCC8):c.3650+15T>C,6833,ABCC8,HGNC:59,Likely benign,0,"Jan 03, 2026",-1,-,RCV006570596,MedGen:C3661900,not provided,germline,germline,GRCh38,NC_000011.10,11,17402646,17402646,na,na,11p15.1,"criteria provided, single submitter",1,-,N,-,2,4762805,17402646,A,G,-,-,-,-,-,-,SCV007453510,-,-
4874963,single nucleotide variant,NM_000352.6(ABCC8):c.4609-19C>T,6833,ABCC8,HGNC:59,Likely benign,0,"Feb 11, 2025",-1,-,RCV006570602,MedGen:C3661900,not provided,germline,germline,GRCh37,NC_000011.9,11,17414694,17414694,na,na,11p15.1,"criteria provided, single submitter",1,-,N,-,2,4762811,17414694,G,A,-,-,-,-,-,-,SCV007453873,-,-
4874963,single nucleotide variant,NM_000352.6(ABCC8):c.4609-19C>T,6833,ABCC8,HGNC:59,Likely benign,0,"Feb 11, 2025",-1,-,RCV006570602,MedGen:C3661900,not provided,germline,germline,GRCh38,NC_000011.10,11,17393147,17393147,na,na,11p15.1,"criteria provided, single submitter",1,-,N,-,2,4762811,17393147,G,A,-,-,-,-,-,-,SCV007453873,-,-
4875444,single nucleotide variant,NM_000352.6(ABCC8):c.3894G>A (p.Val1298=),6833,ABCC8,HGNC:59,Likely benign,0,"Jan 14, 2026",-1,-,RCV006570891,MedGen:C3661900,not provided,germline,germline,GRCh37,NC_000011.9,11,17418834,17418834,na,na,11p15.1,"criteria provided, single submitter",1,-,N,-,2,4764588,17418834,C,T,-,-,-,-,-,-,SCV007455995,-,-
4875444,single nucleotide variant,NM_000352.6(ABCC8):c.3894G>A (p.Val1298=),6833,ABCC8,HGNC:59,Likely benign,0,"Jan 14, 2026",-1,-,RCV006570891,MedGen:C3661900,not provided,germline,germline,GRCh38,NC_000011.10,11,17397287,17397287,na,na,11p15.1,"criteria provided, single submitter",1,-,N,-,2,4764588,17397287,C,T,-,-,-,-,-,-,SCV007455995,-,-
4876067,Deletion,NM_000352.6(ABCC8):c.3163-13del,6833,ABCC8,HGNC:59,Likely benign,0,"Nov 25, 2025",-1,-,RCV006582203,MedGen:C3661900,not provided,germline,germline,GRCh37,NC_000011.9,11,17428348,17428348,na,na,11p15.1,"criteria provided, single submitter",1,-,N,-,2,4767805,17428347,GA,G,-,-,-,-,-,-,SCV007459752,-,-
4876067,Deletion,NM_000352.6(ABCC8):c.3163-13del,6833,ABCC8,HGNC:59,Likely benign,0,"Nov 25, 2025",-1,-,RCV006582203,MedGen:C3661900,not provided,germline,germline,GRCh38,NC_000011.10,11,17406801,17406801,na,na,11p15.1,"criteria provided, single submitter",1,-,N,-,2,4767805,17406800,GA,G,-,-,-,-,-,-,SCV007459752,-,-
4877696,single nucleotide variant,NM_000352.6(ABCC8):c.2920+7G>A,6833,ABCC8,HGNC:59,Likely benign,0,"Sep 30, 2025",-1,-,RCV006573229,MedGen:C3661900,not provided,germline,germline,GRCh37,NC_000011.9,11,17428894,17428894,na,na,11p15.1,"criteria provided, single submitter",1,-,N,-,2,4772878,17428894,C,T,-,-,-,-,-,-,SCV007465658,-,-
4877696,single nucleotide variant,NM_000352.6(ABCC8):c.2920+7G>A,6833,ABCC8,HGNC:59,Likely benign,0,"Sep 30, 2025",-1,-,RCV006573229,MedGen:C3661900,not provided,germline,germline,GRCh38,NC_000011.10,11,17407347,17407347,na,na,11p15.1,"criteria provided, single submitter",1,-,N,-,2,4772878,17407347,C,T,-,-,-,-,-,-,SCV007465658,-,-
4878448,single nucleotide variant,NM_000162.5(GCK):c.209-7C>T,2645,GCK,HGNC:4195,Likely benign,0,"Oct 06, 2025",-1,-,RCV006585736,MedGen:C3661900,not provided,germline,germline,GRCh37,NC_000007.13,7,44192031,44192031,na,na,7p13,"criteria provided, single submitter",1,-,N,-,2,4762410,44192031,G,A,-,-,-,-,-,-,SCV007453190,-,-
4878448,single nucleotide variant,NM_000162.5(GCK):c.209-7C>T,2645,GCK,HGNC:4195,Likely benign,0,"Oct 06, 2025",-1,-,RCV006585736,MedGen:C3661900,not provided,germline,germline,GRCh38,NC_000007.14,7,44152432,44152432,na,na,7p13,"criteria provided, single submitter",1,-,N,-,2,4762410,44152432,G,A,-,-,-,-,-,-,SCV007453190,-,-
4880463,single nucleotide variant,NM_000352.6(ABCC8):c.2487G>C (p.Leu829=),6833,ABCC8,HGNC:59,Likely benign,0,"Nov 12, 2025",-1,-,RCV006588083,MedGen:C3661900,not provided,germline,germline,GRCh37,NC_000011.9,11,17434282,17434282,na,na,11p15.1,"criteria provided, single submitter",1,-,N,-,2,4772197,17434282,C,G,-,-,-,-,-,-,SCV007464601,-,-
4880463,single nucleotide variant,NM_000352.6(ABCC8):c.2487G>C (p.Leu829=),6833,ABCC8,HGNC:59,Likely benign,0,"Nov 12, 2025",-1,-,RCV006588083,MedGen:C3661900,not provided,germline,germline,GRCh38,NC_000011.10,11,17412735,17412735,na,na,11p15.1,"criteria provided, single submitter",1,-,N,-,2,4772197,17412735,C,G,-,-,-,-,-,-,SCV007464601,-,-
4881351,single nucleotide variant,NM_000352.6(ABCC8):c.1479T>C (p.Asn493=),6833,ABCC8,HGNC:59,Likely benign,0,"Jun 24, 2025",-1,-,RCV006568581,MedGen:C3661900,not provided,germline,germline,GRCh37,NC_000011.9,11,17464418,17464418,na,na,11p15.1,"criteria provided, single submitter",1,-,N,-,2,4760293,17464418,A,G,-,-,-,-,-,-,SCV007450613,-,-
4881351,single nucleotide variant,NM_000352.6(ABCC8):c.1479T>C (p.Asn493=),6833,ABCC8,HGNC:59,Likely benign,0,"Jun 24, 2025",-1,-,RCV006568581,MedGen:C3661900,not provided,germline,germline,GRCh38,NC_000011.10,11,17442871,17442871,na,na,11p15.1,"criteria provided, single submitter",1,-,N,-,2,4760293,17442871,A,G,-,-,-,-,-,-,SCV007450613,-,-
4881688,single nucleotide variant,NM_000162.5(GCK):c.571C>A (p.Arg191=),2645,GCK,HGNC:4195,Likely benign,0,"Aug 01, 2025",-1,-,RCV006580791,MedGen:C3661900,not provided,germline,germline,GRCh37,NC_000007.13,7,44189576,44189576,na,na,7p13,"criteria provided, single submitter",1,-,N,-,2,4761929,44189576,G,T,-,-,-,-,-,-,SCV007452740,-,-
4881688,single nucleotide variant,NM_000162.5(GCK):c.571C>A (p.Arg191=),2645,GCK,HGNC:4195,Likely benign,0,"Aug 01, 2025",-1,-,RCV006580791,MedGen:C3661900,not provided,germline,germline,GRCh38,NC_000007.14,7,44149977,44149977,na,na,7p13,"criteria provided, single submitter",1,-,N,-,2,4761929,44149977,G,T,-,-,-,-,-,-,SCV007452740,-,-
4882607,single nucleotide variant,NM_000352.6(ABCC8):c.2845A>T (p.Thr949Ser),6833,ABCC8,HGNC:59,Uncertain significance,0,"Mar 07, 2025",-1,-,RCV006576706,MedGen:C3661900,not provided,germline,germline,GRCh37,NC_000011.9,11,17428976,17428976,na,na,11p15.1,"criteria provided, single submitter",1,-,N,-,2,4765443,17428976,T,A,-,-,-,-,-,-,SCV007456625,-,-
4882607,single nucleotide variant,NM_000352.6(ABCC8):c.2845A>T (p.Thr949Ser),6833,ABCC8,HGNC:59,Uncertain significance,0,"Mar 07, 2025",-1,-,RCV006576706,MedGen:C3661900,not provided,germline,germline,GRCh38,NC_000011.10,11,17407429,17407429,na,na,11p15.1,"criteria provided, single submitter",1,-,N,-,2,4765443,17407429,T,A,-,-,-,-,-,-,SCV007456625,-,-
4884460,single nucleotide variant,NM_000352.6(ABCC8):c.1881T>C (p.His627=),6833,ABCC8,HGNC:59,Likely benign,0,"Dec 23, 2025",-1,-,RCV006588598,MedGen:C3661900,not provided,germline,germline,GRCh37,NC_000011.9,11,17450154,17450154,na,na,11p15.1,"criteria provided, single submitter",1,-,N,-,2,4774199,17450154,A,G,-,-,-,-,-,-,SCV007467699,-,-
4884460,single nucleotide variant,NM_000352.6(ABCC8):c.1881T>C (p.His627=),6833,ABCC8,HGNC:59,Likely benign,0,"Dec 23, 2025",-1,-,RCV006588598,MedGen:C3661900,not provided,germline,germline,GRCh38,NC_000011.10,11,17428607,17428607,na,na,11p15.1,"criteria provided, single submitter",1,-,N,-,2,4774199,17428607,A,G,-,-,-,-,-,-,SCV007467699,-,-
4884700,single nucleotide variant,NM_000352.6(ABCC8):c.1727C>A (p.Ala576Asp),6833,ABCC8,HGNC:59,Uncertain significance,0,"Dec 01, 2025",-1,-,RCV006588839,MedGen:C3661900,not provided,germline,germline,GRCh37,NC_000011.9,11,17452451,17452451,na,na,11p15.1,"criteria provided, single submitter",1,-,N,-,2,4774440,17452451,G,T,-,-,-,-,-,-,SCV007467777,-,-
4884700,single nucleotide variant,NM_000352.6(ABCC8):c.1727C>A (p.Ala576Asp),6833,ABCC8,HGNC:59,Uncertain significance,0,"Dec 01, 2025",-1,-,RCV006588839,MedGen:C3661900,not provided,germline,germline,GRCh38,NC_000011.10,11,17430904,17430904,na,na,11p15.1,"criteria provided, single submitter",1,-,N,-,2,4774440,17430904,G,T,-,-,-,-,-,-,SCV007467777,-,-
4885772,single nucleotide variant,NM_000352.6(ABCC8):c.1817+16G>C,6833,ABCC8,HGNC:59,Likely benign,0,"Jan 14, 2026",-1,-,RCV006584914,MedGen:C3661900,not provided,germline,germline,GRCh37,NC_000011.9,11,17452345,17452345,na,na,11p15.1,"criteria provided, single submitter",1,-,N,-,2,4779443,17452345,C,G,-,-,-,-,-,-,SCV007472954,-,-
4885772,single nucleotide variant,NM_000352.6(ABCC8):c.1817+16G>C,6833,ABCC8,HGNC:59,Likely benign,0,"Jan 14, 2026",-1,-,RCV006584914,MedGen:C3661900,not provided,germline,germline,GRCh38,NC_000011.10,11,17430798,17430798,na,na,11p15.1,"criteria provided, single submitter",1,-,N,-,2,4779443,17430798,C,G,-,-,-,-,-,-,SCV007472954,-,-
4887651,single nucleotide variant,NM_000352.6(ABCC8):c.3753+13C>T,6833,ABCC8,HGNC:59,Likely benign,0,"Jan 12, 2026",-1,-,RCV006579739,MedGen:C3661900,not provided,germline,germline,GRCh37,NC_000011.9,11,17419873,17419873,na,na,11p15.1,"criteria provided, single submitter",1,-,N,-,2,4777403,17419873,G,A,-,-,-,-,-,-,SCV007471143,-,-
4887651,single nucleotide variant,NM_000352.6(ABCC8):c.3753+13C>T,6833,ABCC8,HGNC:59,Likely benign,0,"Jan 12, 2026",-1,-,RCV006579739,MedGen:C3661900,not provided,germline,germline,GRCh38,NC_000011.10,11,17398326,17398326,na,na,11p15.1,"criteria provided, single submitter",1,-,N,-,2,4777403,17398326,G,A,-,-,-,-,-,-,SCV007471143,-,-
4887684,single nucleotide variant,NM_000525.4(KCNJ11):c.966G>A (p.Glu322=),3767,KCNJ11,HGNC:6257,Uncertain significance,0,"Sep 02, 2025",-1,-,RCV006584395,MedGen:C3661900,not provided,germline,germline,GRCh37,NC_000011.9,11,17408673,17408673,na,na,11p15.1,"criteria provided, single submitter",1,-,N,-,2,4777436,17408673,C,T,-,-,-,-,-,-,SCV007471154,-,-
4887684,single nucleotide variant,NM_000525.4(KCNJ11):c.966G>A (p.Glu322=),3767,KCNJ11,HGNC:6257,Uncertain significance,0,"Sep 02, 2025",-1,-,RCV006584395,MedGen:C3661900,not provided,germline,germline,GRCh38,NC_000011.10,11,17387126,17387126,na,na,11p15.1,"criteria provided, single submitter",1,-,N,-,2,4777436,17387126,C,T,-,-,-,-,-,-,SCV007471154,-,-
4887814,single nucleotide variant,NM_000162.5(GCK):c.1330G>A (p.Gly444Ser),2645,GCK,HGNC:4195,Uncertain significance,0,"Nov 04, 2025",-1,-,RCV006584525,MedGen:C3661900,not provided,germline,germline,GRCh37,NC_000007.13,7,44184803,44184803,na,na,7p13,"criteria provided, single submitter",1,-,N,-,2,4777566,44184803,C,T,-,-,-,-,-,-,SCV007470204,-,-
4887814,single nucleotide variant,NM_000162.5(GCK):c.1330G>A (p.Gly444Ser),2645,GCK,HGNC:4195,Uncertain significance,0,"Nov 04, 2025",-1,-,RCV006584525,MedGen:C3661900,not provided,germline,germline,GRCh38,NC_000007.14,7,44145204,44145204,na,na,7p13,"criteria provided, single submitter",1,-,N,-,2,4777566,44145204,C,T,-,-,-,-,-,-,SCV007470204,-,-
4890439,single nucleotide variant,NM_000352.6(ABCC8):c.4412-11G>A,6833,ABCC8,HGNC:59,Likely benign,0,"Dec 22, 2025",-1,-,RCV006574871,MedGen:C3661900,not provided,germline,germline,GRCh37,NC_000011.9,11,17415957,17415957,na,na,11p15.1,"criteria provided, single submitter",1,-,N,-,2,4780471,17415957,C,T,-,-,-,-,-,-,SCV007474368,-,-
4890439,single nucleotide variant,NM_000352.6(ABCC8):c.4412-11G>A,6833,ABCC8,HGNC:59,Likely benign,0,"Dec 22, 2025",-1,-,RCV006574871,MedGen:C3661900,not provided,germline,germline,GRCh38,NC_000011.10,11,17394410,17394410,na,na,11p15.1,"criteria provided, single submitter",1,-,N,-,2,4780471,17394410,C,T,-,-,-,-,-,-,SCV007474368,-,-
4907947,single nucleotide variant,NM_000352.6(ABCC8):c.2498A>G (p.Gln833Arg),6833,ABCC8,HGNC:59,Likely pathogenic,1,"Jan 27, 2026",-1,-,RCV006613877,"MONDO:MONDO:0012480,MedGen:C1835887,OMIM:610374,Orphanet:99886","Diabetes mellitus, transient neonatal, 2",germline,germline,GRCh37,NC_000011.9,11,17434271,17434271,na,na,11p15.1,"criteria provided, single submitter",1,-,N,-,2,4796765,17434271,T,C,-,-,-,-,-,-,SCV007496444,-,-
4907947,single nucleotide variant,NM_000352.6(ABCC8):c.2498A>G (p.Gln833Arg),6833,ABCC8,HGNC:59,Likely pathogenic,1,"Jan 27, 2026",-1,-,RCV006613877,"MONDO:MONDO:0012480,MedGen:C1835887,OMIM:610374,Orphanet:99886","Diabetes mellitus, transient neonatal, 2",germline,germline,GRCh38,NC_000011.10,11,17412724,17412724,na,na,11p15.1,"criteria provided, single submitter",1,-,N,-,2,4796765,17412724,T,C,-,-,-,-,-,-,SCV007496444,-,-
4908969,single nucleotide variant,NM_000525.4(KCNJ11):c.992C>A (p.Ser331Tyr),3767,KCNJ11,HGNC:6257,Uncertain significance,0,"Sep 03, 2025",-1,-,RCV006614511,MedGen:C3661900,not provided,germline,germline,GRCh37,NC_000011.9,11,17408647,17408647,na,na,11p15.1,"criteria provided, single submitter",1,-,N,-,2,4800387,17408647,G,T,-,-,-,-,-,-,SCV007501789,-,-
4908969,single nucleotide variant,NM_000525.4(KCNJ11):c.992C>A (p.Ser331Tyr),3767,KCNJ11,HGNC:6257,Uncertain significance,0,"Sep 03, 2025",-1,-,RCV006614511,MedGen:C3661900,not provided,germline,germline,GRCh38,NC_000011.10,11,17387100,17387100,na,na,11p15.1,"criteria provided, single submitter",1,-,N,-,2,4800387,17387100,G,T,-,-,-,-,-,-,SCV007501789,-,-
4908970,single nucleotide variant,NM_000525.4(KCNJ11):c.872T>A (p.Val291Glu),3767,KCNJ11,HGNC:6257,Uncertain significance,0,"Feb 19, 2025",-1,-,RCV006614512,MedGen:C3661900,not provided,germline,germline,GRCh37,NC_000011.9,11,17408767,17408767,na,na,11p15.1,"criteria provided, single submitter",1,-,N,-,2,4800388,17408767,A,T,-,-,-,-,-,-,SCV007501790,-,-
4908970,single nucleotide variant,NM_000525.4(KCNJ11):c.872T>A (p.Val291Glu),3767,KCNJ11,HGNC:6257,Uncertain significance,0,"Feb 19, 2025",-1,-,RCV006614512,MedGen:C3661900,not provided,germline,germline,GRCh38,NC_000011.10,11,17387220,17387220,na,na,11p15.1,"criteria provided, single submitter",1,-,N,-,2,4800388,17387220,A,T,-,-,-,-,-,-,SCV007501790,-,-
4908971,single nucleotide variant,NM_000525.4(KCNJ11):c.536A>T (p.Glu179Val),3767,KCNJ11,HGNC:6257,Uncertain significance,0,"Nov 08, 2025",-1,-,RCV006614513,MedGen:C3661900,not provided,germline,germline,GRCh37,NC_000011.9,11,17409103,17409103,na,na,11p15.1,"criteria provided, single submitter",1,-,N,-,2,4800389,17409103,T,A,-,-,-,-,-,-,SCV007501791,-,-
4908971,single nucleotide variant,NM_000525.4(KCNJ11):c.536A>T (p.Glu179Val),3767,KCNJ11,HGNC:6257,Uncertain significance,0,"Nov 08, 2025",-1,-,RCV006614513,MedGen:C3661900,not provided,germline,germline,GRCh38,NC_000011.10,11,17387556,17387556,na,na,11p15.1,"criteria provided, single submitter",1,-,N,-,2,4800389,17387556,T,A,-,-,-,-,-,-,SCV007501791,-,-
4908972,single nucleotide variant,NM_000525.4(KCNJ11):c.94A>G (p.Arg32Gly),3767,KCNJ11,HGNC:6257,Uncertain significance,0,"Sep 10, 2025",-1,-,RCV006614514,MedGen:C3661900,not provided,germline,germline,GRCh37,NC_000011.9,11,17409545,17409545,na,na,11p15.1,"criteria provided, single submitter",1,-,N,-,2,4800390,17409545,T,C,-,-,-,-,-,-,SCV007501792,-,-
4908972,single nucleotide variant,NM_000525.4(KCNJ11):c.94A>G (p.Arg32Gly),3767,KCNJ11,HGNC:6257,Uncertain significance,0,"Sep 10, 2025",-1,-,RCV006614514,MedGen:C3661900,not provided,germline,germline,GRCh38,NC_000011.10,11,17387998,17387998,na,na,11p15.1,"criteria provided, single submitter",1,-,N,-,2,4800390,17387998,T,C,-,-,-,-,-,-,SCV007501792,-,-
4908976,single nucleotide variant,NM_000352.6(ABCC8):c.1995C>G (p.Ser665Arg),6833,ABCC8,HGNC:59,Uncertain significance,0,"Jan 06, 2026",-1,-,RCV006614518,MedGen:C3661900,not provided,germline,germline,GRCh37,NC_000011.9,11,17449881,17449881,na,na,11p15.1,"criteria provided, single submitter",1,-,N,-,2,4800394,17449881,G,C,-,-,-,-,-,-,SCV007501796,-,-
4908976,single nucleotide variant,NM_000352.6(ABCC8):c.1995C>G (p.Ser665Arg),6833,ABCC8,HGNC:59,Uncertain significance,0,"Jan 06, 2026",-1,-,RCV006614518,MedGen:C3661900,not provided,germline,germline,GRCh38,NC_000011.10,11,17428334,17428334,na,na,11p15.1,"criteria provided, single submitter",1,-,N,-,2,4800394,17428334,G,C,-,-,-,-,-,-,SCV007501796,-,-
4908977,single nucleotide variant,NM_000352.6(ABCC8):c.1455G>T (p.Gln485His),6833,ABCC8,HGNC:59,Pathogenic,1,"Apr 01, 2025",-1,-,RCV006614519,MedGen:C3661900,not provided,germline,germline,GRCh37,NC_000011.9,11,17464737,17464737,na,na,11p15.1,"criteria provided, single submitter",1,-,N,-,2,4800395,17464737,C,A,-,-,-,-,-,-,SCV007501797,-,-
4908977,single nucleotide variant,NM_000352.6(ABCC8):c.1455G>T (p.Gln485His),6833,ABCC8,HGNC:59,Pathogenic,1,"Apr 01, 2025",-1,-,RCV006614519,MedGen:C3661900,not provided,germline,germline,GRCh38,NC_000011.10,11,17443190,17443190,na,na,11p15.1,"criteria provided, single submitter",1,-,N,-,2,4800395,17443190,C,A,-,-,-,-,-,-,SCV007501797,-,-
4908978,single nucleotide variant,NM_000352.6(ABCC8):c.653T>G (p.Leu218Arg),6833,ABCC8,HGNC:59,Uncertain significance,0,"Jul 06, 2025",-1,-,RCV006614520,MedGen:C3661900,not provided,germline,germline,GRCh37,NC_000011.9,11,17483299,17483299,na,na,11p15.1,"criteria provided, single submitter",1,-,N,-,2,4800396,17483299,A,C,-,-,-,-,-,-,SCV007501798,-,-
4908978,single nucleotide variant,NM_000352.6(ABCC8):c.653T>G (p.Leu218Arg),6833,ABCC8,HGNC:59,Uncertain significance,0,"Jul 06, 2025",-1,-,RCV006614520,MedGen:C3661900,not provided,germline,germline,GRCh38,NC_000011.10,11,17461752,17461752,na,na,11p15.1,"criteria provided, single submitter",1,-,N,-,2,4800396,17461752,A,C,-,-,-,-,-,-,SCV007501798,-,-
4910668,single nucleotide variant,NM_000352.6(ABCC8):c.1817+10G>A,6833,ABCC8,HGNC:59,Likely benign,0,"Jan 20, 2026",-1,-,RCV006623859,MedGen:C3661900,not provided,germline,germline,GRCh37,NC_000011.9,11,17452351,17452351,na,na,11p15.1,"criteria provided, single submitter",1,-,N,-,2,4807291,17452351,C,T,-,-,-,-,-,-,SCV007509921,-,-
4910668,single nucleotide variant,NM_000352.6(ABCC8):c.1817+10G>A,6833,ABCC8,HGNC:59,Likely benign,0,"Jan 20, 2026",-1,-,RCV006623859,MedGen:C3661900,not provided,germline,germline,GRCh38,NC_000011.10,11,17430804,17430804,na,na,11p15.1,"criteria provided, single submitter",1,-,N,-,2,4807291,17430804,C,T,-,-,-,-,-,-,SCV007509921,-,-
4910786,single nucleotide variant,NM_000352.6(ABCC8):c.149-14G>T,6833,ABCC8,HGNC:59,Likely benign,0,"Apr 04, 2025",-1,-,RCV006623977,MedGen:C3661900,not provided,germline,germline,GRCh37,NC_000011.9,11,17496588,17496588,na,na,11p15.1,"criteria provided, single submitter",1,-,N,-,2,4807409,17496588,C,A,-,-,-,-,-,-,SCV007510072,-,-
4910786,single nucleotide variant,NM_000352.6(ABCC8):c.149-14G>T,6833,ABCC8,HGNC:59,Likely benign,0,"Apr 04, 2025",-1,-,RCV006623977,MedGen:C3661900,not provided,germline,germline,GRCh38,NC_000011.10,11,17475041,17475041,na,na,11p15.1,"criteria provided, single submitter",1,-,N,-,2,4807409,17475041,C,A,-,-,-,-,-,-,SCV007510072,-,-
4910872,single nucleotide variant,NM_000352.6(ABCC8):c.148+20C>T,6833,ABCC8,HGNC:59,Likely benign,0,"Nov 23, 2025",-1,-,RCV006624063,MedGen:C3661900,not provided,germline,germline,GRCh37,NC_000011.9,11,17498156,17498156,na,na,11p15.1,"criteria provided, single submitter",1,-,N,-,2,4807495,17498156,G,A,-,-,-,-,-,-,SCV007510183,-,-
4910872,single nucleotide variant,NM_000352.6(ABCC8):c.148+20C>T,6833,ABCC8,HGNC:59,Likely benign,0,"Nov 23, 2025",-1,-,RCV006624063,MedGen:C3661900,not provided,germline,germline,GRCh38,NC_000011.10,11,17476609,17476609,na,na,11p15.1,"criteria provided, single submitter",1,-,N,-,2,4807495,17476609,G,A,-,-,-,-,-,-,SCV007510183,-,-
4917166,single nucleotide variant,NM_000352.6(ABCC8):c.1175A>T (p.Gln392Leu),6833,ABCC8,HGNC:59,Uncertain significance,0,"Aug 03, 2025",-1,-,RCV006616189,MedGen:C3661900,not provided,germline,germline,GRCh37,NC_000011.9,11,17474667,17474667,na,na,11p15.1,"criteria provided, single submitter",1,-,N,-,2,4806523,17474667,T,A,-,-,-,-,-,-,SCV007509308,-,-
4917166,single nucleotide variant,NM_000352.6(ABCC8):c.1175A>T (p.Gln392Leu),6833,ABCC8,HGNC:59,Uncertain significance,0,"Aug 03, 2025",-1,-,RCV006616189,MedGen:C3661900,not provided,germline,germline,GRCh38,NC_000011.10,11,17453120,17453120,na,na,11p15.1,"criteria provided, single submitter",1,-,N,-,2,4806523,17453120,T,A,-,-,-,-,-,-,SCV007509308,-,-
4920178,single nucleotide variant,NM_000352.6(ABCC8):c.3321C>G (p.Ala1107=),6833,ABCC8,HGNC:59,Likely benign,0,"May 20, 2025",-1,-,RCV006615479,MedGen:C3661900,not provided,germline,germline,GRCh37,NC_000011.9,11,17428177,17428177,na,na,11p15.1,"criteria provided, single submitter",1,-,N,-,2,4804325,17428177,G,C,-,-,-,-,-,-,SCV007506161,-,-
4920178,single nucleotide variant,NM_000352.6(ABCC8):c.3321C>G (p.Ala1107=),6833,ABCC8,HGNC:59,Likely benign,0,"May 20, 2025",-1,-,RCV006615479,MedGen:C3661900,not provided,germline,germline,GRCh38,NC_000011.10,11,17406630,17406630,na,na,11p15.1,"criteria provided, single submitter",1,-,N,-,2,4804325,17406630,G,C,-,-,-,-,-,-,SCV007506161,-,-
4920867,single nucleotide variant,NM_000162.5(GCK):c.1021G>A (p.Asp341Asn),2645,GCK,HGNC:4195,Uncertain significance,0,"Nov 06, 2025",-1,-,RCV006615980,MedGen:C3661900,not provided,germline,germline,GRCh37,NC_000007.13,7,44185328,44185328,na,na,7p13,"criteria provided, single submitter",1,-,N,-,2,4806314,44185328,C,T,-,-,-,-,-,-,SCV007508353,-,-
4920867,single nucleotide variant,NM_000162.5(GCK):c.1021G>A (p.Asp341Asn),2645,GCK,HGNC:4195,Uncertain significance,0,"Nov 06, 2025",-1,-,RCV006615980,MedGen:C3661900,not provided,germline,germline,GRCh38,NC_000007.14,7,44145729,44145729,na,na,7p13,"criteria provided, single submitter",1,-,N,-,2,4806314,44145729,C,T,-,-,-,-,-,-,SCV007508353,-,-
4921271,single nucleotide variant,NM_000352.6(ABCC8):c.4226T>A (p.Ile1409Asn),6833,ABCC8,HGNC:59,Uncertain significance,0,"May 27, 2025",-1,-,RCV006632879,MedGen:C3661900,not provided,germline,germline,GRCh37,NC_000011.9,11,17417238,17417238,na,na,11p15.1,"criteria provided, single submitter",1,-,N,-,2,4808033,17417238,A,T,-,-,-,-,-,-,SCV007510854,-,-
4921271,single nucleotide variant,NM_000352.6(ABCC8):c.4226T>A (p.Ile1409Asn),6833,ABCC8,HGNC:59,Uncertain significance,0,"May 27, 2025",-1,-,RCV006632879,MedGen:C3661900,not provided,germline,germline,GRCh38,NC_000011.10,11,17395691,17395691,na,na,11p15.1,"criteria provided, single submitter",1,-,N,-,2,4808033,17395691,A,T,-,-,-,-,-,-,SCV007510854,-,-
4923962,single nucleotide variant,NM_000525.4(KCNJ11):c.1000G>C (p.Gly334Arg),3767,KCNJ11,HGNC:6257,Likely pathogenic,1,-,-1,-,RCV006624286,"MONDO:MONDO:0012522,MedGen:C1864623,OMIM:610582,Orphanet:99886","Diabetes mellitus, transient neonatal, 3",de novo,germline,GRCh37,NC_000011.9,11,17408639,17408639,na,na,11p15.1,"criteria provided, single submitter",1,-,N,-,2,4812811,17408639,C,G,-,-,-,-,-,-,SCV007495239,-,-
4923962,single nucleotide variant,NM_000525.4(KCNJ11):c.1000G>C (p.Gly334Arg),3767,KCNJ11,HGNC:6257,Likely pathogenic,1,-,-1,-,RCV006624286,"MONDO:MONDO:0012522,MedGen:C1864623,OMIM:610582,Orphanet:99886","Diabetes mellitus, transient neonatal, 3",de novo,germline,GRCh38,NC_000011.10,11,17387092,17387092,na,na,11p15.1,"criteria provided, single submitter",1,-,N,-,2,4812811,17387092,C,G,-,-,-,-,-,-,SCV007495239,-,-
4924517,single nucleotide variant,NM_000162.5(GCK):c.459T>G (p.Pro153=),2645,GCK,HGNC:4195,Likely pathogenic,1,"Jun 01, 2023",-1,-,RCV006634890,"MONDO:MONDO:0007453,MedGen:C0342277,OMIM:125851,Orphanet:552",Maturity-onset diabetes of the young type 2,germline,germline,GRCh37,NC_000007.13,7,44190579,44190579,na,na,7p13,"criteria provided, single submitter",1,-,N,-,2,4813357,44190579,A,C,-,-,-,-,-,-,SCV007518928,-,-
4924517,single nucleotide variant,NM_000162.5(GCK):c.459T>G (p.Pro153=),2645,GCK,HGNC:4195,Likely pathogenic,1,"Jun 01, 2023",-1,-,RCV006634890,"MONDO:MONDO:0007453,MedGen:C0342277,OMIM:125851,Orphanet:552",Maturity-onset diabetes of the young type 2,germline,germline,GRCh38,NC_000007.14,7,44150980,44150980,na,na,7p13,"criteria provided, single submitter",1,-,N,-,2,4813357,44150980,A,C,-,-,-,-,-,-,SCV007518928,-,-
4925222,single nucleotide variant,NM_000162.5(GCK):c.532G>C (p.Gly178Arg),2645,GCK,HGNC:4195,Likely pathogenic,1,"Mar 22, 2026",-1,-,RCV006636168,"MONDO:MONDO:0015967,MedGen:C3888631,Orphanet:183625",Monogenic diabetes,germline,germline,GRCh37,NC_000007.13,7,44189615,44189615,na,na,7p13,reviewed by expert panel,1,-,N,-,2,4814053,44189615,C,G,-,-,-,-,-,-,SCV007520543,-,-
4925222,single nucleotide variant,NM_000162.5(GCK):c.532G>C (p.Gly178Arg),2645,GCK,HGNC:4195,Likely pathogenic,1,"Mar 22, 2026",-1,-,RCV006636168,"MONDO:MONDO:0015967,MedGen:C3888631,Orphanet:183625",Monogenic diabetes,germline,germline,GRCh38,NC_000007.14,7,44150016,44150016,na,na,7p13,reviewed by expert panel,1,-,N,-,2,4814053,44150016,C,G,-,-,-,-,-,-,SCV007520543,-,-
4925223,single nucleotide variant,NM_000162.5(GCK):c.533G>T (p.Gly178Val),2645,GCK,HGNC:4195,Likely pathogenic,1,"Mar 22, 2026",-1,-,RCV006636169,"MONDO:MONDO:0015967,MedGen:C3888631,Orphanet:183625",Monogenic diabetes,germline,germline,GRCh37,NC_000007.13,7,44189614,44189614,na,na,7p13,reviewed by expert panel,1,-,N,-,2,4814054,44189614,C,A,-,-,-,-,-,-,SCV007520544,-,-
4925223,single nucleotide variant,NM_000162.5(GCK):c.533G>T (p.Gly178Val),2645,GCK,HGNC:4195,Likely pathogenic,1,"Mar 22, 2026",-1,-,RCV006636169,"MONDO:MONDO:0015967,MedGen:C3888631,Orphanet:183625",Monogenic diabetes,germline,germline,GRCh38,NC_000007.14,7,44150015,44150015,na,na,7p13,reviewed by expert panel,1,-,N,-,2,4814054,44150015,C,A,-,-,-,-,-,-,SCV007520544,-,-
4925224,single nucleotide variant,NM_000162.5(GCK):c.340G>A (p.Ala114Thr),2645,GCK,HGNC:4195,Uncertain significance,0,"Mar 23, 2026",-1,-,RCV006636170,"MONDO:MONDO:0015967,MedGen:C3888631,Orphanet:183625",Monogenic diabetes,germline,germline,GRCh37,NC_000007.13,7,44191893,44191893,na,na,7p13,reviewed by expert panel,1,-,N,-,2,4814055,44191893,C,T,-,-,-,-,-,-,SCV007520546,-,-
4925224,single nucleotide variant,NM_000162.5(GCK):c.340G>A (p.Ala114Thr),2645,GCK,HGNC:4195,Uncertain significance,0,"Mar 23, 2026",-1,-,RCV006636170,"MONDO:MONDO:0015967,MedGen:C3888631,Orphanet:183625",Monogenic diabetes,germline,germline,GRCh38,NC_000007.14,7,44152294,44152294,na,na,7p13,reviewed by expert panel,1,-,N,-,2,4814055,44152294,C,T,-,-,-,-,-,-,SCV007520546,-,-
4925300,single nucleotide variant,NM_000162.5(GCK):c.1007C>T (p.Ser336Leu),2645,GCK,HGNC:4195,Uncertain significance,0,"Nov 24, 2025",-1,-,RCV006636442,"MONDO:MONDO:0007453,MedGen:C0342277,OMIM:125851,Orphanet:552",Maturity-onset diabetes of the young type 2,germline,germline,GRCh37,NC_000007.13,7,44186074,44186074,na,na,-,"criteria provided, single submitter",1,-,N,-,2,4814132,44186074,G,A,-,-,-,-,-,-,SCV007520790,-,-
4925300,single nucleotide variant,NM_000162.5(GCK):c.1007C>T (p.Ser336Leu),2645,GCK,HGNC:4195,Uncertain significance,0,"Nov 24, 2025",-1,-,RCV006636442,"MONDO:MONDO:0007453,MedGen:C0342277,OMIM:125851,Orphanet:552",Maturity-onset diabetes of the young type 2,germline,germline,GRCh38,NC_000007.14,7,44146475,44146475,na,na,-,"criteria provided, single submitter",1,-,N,-,2,4814132,44146475,G,A,-,-,-,-,-,-,SCV007520790,-,-
